I,II,III,aVR,aVL,aVF,V1,V2,V3,V4,V5,V6
33.879,69.333,37.388,-52.911,-3.6223,51.656,88.148,207.86,129.39,132.79,92.429,69.258
37.756,69.858,34.058,-54.281,0.78315,50.828,62.053,187.43,109.15,112.22,76.054,50.251
46.103,77.534,33.409,-61.618,5.9433,54.795,38.997,168.65,90.113,93.34,61.045,33.23
60.552,95.723,37.17,-77.518,11.702,66.046,21.659,153.44,73.749,77.742,48.694,19.969
79.404,123.34,45.958,-100.62,16.848,84.355,11.4,143.37,61.422,66.487,39.844,11.517
98.718,155.69,59.01,-126.57,19.806,107.04,7.2156,138.65,53.298,59.197,33.99,7.2868
114.2,186.35,74.212,-149.96,19.572,129.9,6.041,137.73,47.909,53.91,29.172,5.0168
122.59,208.67,88.159,-165.7,16.356,147.95,4.6673,138.35,43.133,48.353,23.247,2.1496
122.2,216.71,96.617,-169.87,11.576,156.14,1.747,139.01,37.808,41.64,15.54,-2.4047
113.0,206.81,95.928,-160.56,7.1889,150.83,-1.7081,139.64,32.516,34.924,7.4267,-7.6112
96.88,179.55,84.812,-138.96,4.8357,131.69,-3.4069,140.75,29.072,30.583,1.4883,-11.116
54.101,86.327,45.113,-72.6,10.262,64.141,7.9091,107.45,29.645,45.148,20.978,10.594
50.661,79.426,39.668,-66.203,10.903,57.725,6.0937,95.946,27.555,43.411,18.982,10.262
47.799,73.14,34.491,-60.518,11.75,51.959,5.4565,84.823,26.108,42.43,17.779,10.612
45.802,68.751,30.717,-56.849,12.399,47.968,5.7332,74.603,25.388,42.214,17.417,11.567
44.527,67.086,29.217,-55.701,12.367,46.489,6.5473,65.409,25.361,42.672,17.821,12.906
43.544,68.183,30.387,-56.525,11.222,47.688,7.4358,56.965,25.857,43.607,18.81,14.323
42.352,71.285,34.041,-58.116,8.7028,51.128,7.9149,48.8,26.623,44.772,20.179,15.532
40.524,75.195,39.468,-59.317,4.8024,55.897,7.6293,40.502,27.403,45.945,21.769,16.376
37.779,78.722,45.652,-59.498,-0.20516,60.885,6.4849,31.864,28.012,46.986,23.515,16.864
34.014,81.005,51.595,-58.505,-5.834,65.108,4.657,22.919,28.366,47.832,25.42,17.138
29.343,81.648,56.576,-56.419,-11.537,67.966,2.4669,13.877,28.453,48.452,27.502,17.387
24.095,80.731,60.288,-53.475,-16.873,69.359,0.20873,5.0272,28.27,48.794,29.721,17.742
18.702,78.732,62.847,-50.064,-21.612,69.625,-1.9785,-3.3449,27.768,48.754,31.953,18.216
13.554,76.335,64.652,-46.654,-25.713,69.33,-4.1361,-11.015,26.847,48.208,34.023,18.711
8.9258,74.176,66.11,-43.648,-29.228,69.001,-6.4144,-17.855,25.406,47.071,35.772,19.079
4.9908,72.64,67.412,-41.262,-32.174,68.946,-8.9559,-23.844,23.41,45.351,37.13,19.209
1.8593,71.779,68.493,-39.491,-34.471,69.187,-11.805,-29.033,20.952,43.178,38.158,19.103
-0.39632,71.345,69.127,-38.157,-35.969,69.498,-14.881,-33.502,18.229,40.777,39.031,18.88
-1.7609,70.917,69.073,-37.008,-36.532,69.532,-18.021,-37.343,15.463,38.384,39.953,18.715
-2.3209,70.096,68.188,-35.824,-36.125,68.985,-21.031,-40.654,12.819,36.157,41.062,18.75
-2.2843,68.667,66.502,-34.469,-34.871,67.744,-23.747,-43.546,10.366,34.135,42.365,19.036
-1.9535,66.658,64.252,-32.89,-33.076,65.934,-26.078,-46.159,8.0782,32.252,43.725,19.524
-1.662,64.256,61.847,-31.089,-31.182,63.85,-28.021,-48.667,5.8504,30.369,44.905,20.087
-1.6966,61.677,59.736,-29.097,-29.634,61.81,-29.642,-51.263,3.5203,28.321,45.64,20.583
-2.2336,59.035,58.233,-26.94,-28.731,59.996,-31.035,-54.128,0.91116,25.971,45.731,20.9
-3.3163,56.282,57.38,-24.608,-28.522,58.363,-32.28,-57.373,-2.1168,23.245,45.098,20.992
-4.879,53.211,56.932,-22.046,-28.823,56.653,-33.41,-60.996,-5.6265,20.154,43.775,20.873
-6.7893,49.55,56.455,-19.189,-29.31,54.5,-34.414,-64.89,-9.5991,16.777,41.87,20.586
-8.8825,45.093,55.467,-16.005,-29.651,51.575,-35.261,-68.887,-13.961,13.212,39.514,20.161
-10.986,39.778,53.583,-12.524,-29.602,47.693,-35.938,-72.831,-18.617,9.529,36.809,19.584
-12.932,33.687,50.598,-8.8228,-29.037,42.842,-36.488,-76.614,-23.467,5.7507,33.802,18.802
-14.566,26.993,46.514,-5.0033,-27.918,37.149,-36.998,-80.18,-28.398,1.8701,30.52,17.761
-15.731,19.888,41.47,-1.1751,-26.241,30.803,-37.535,-83.504,-33.271,-2.1073,27.024,16.469
-16.279,12.534,35.623,2.5557,-23.987,23.96,-38.101,-86.571,-37.918,-6.1342,23.441,15.011
-16.109,5.0801,29.069,6.08,-21.131,16.717,-38.622,-89.382,-42.187,-10.135,19.912,13.496
-15.24,-2.2895,21.875,9.2816,-17.693,9.168,-38.994,-91.961,-46.011,-14.057,16.512,11.993
-13.848,-9.3425,14.144,12.073,-13.792,1.4741,-39.143,-94.361,-49.437,-17.919,13.211,10.478
-12.261,-15.911,6.0382,14.482,-9.6554,-6.1536,-39.07,-96.65,-52.616,-21.822,9.8859,8.8511
-10.892,-22.021,-2.2298,16.716,-5.5881,-13.535,-38.848,-98.889,-55.736,-25.916,6.3901,6.9838
-10.153,-27.896,-10.382,19.117,-1.9129,-20.57,-38.574,-101.11,-58.945,-30.327,2.6307,4.7861
-10.365,-33.796,-18.061,22.028,1.0983,-27.201,-38.303,-103.29,-62.289,-35.087,-1.3852,2.2502
-11.677,-39.843,-24.857,25.63,3.2827,-33.34,-38.012,-105.37,-65.692,-40.084,-5.5547,-0.53884
-14.0,-45.927,-30.39,29.855,4.617,-38.835,-37.604,-107.27,-68.989,-45.084,-9.7178,-3.421
-17.006,-51.742,-34.446,34.385,5.2171,-43.499,-36.962,-108.93,-71.989,-49.803,-13.709,-6.2044
-20.188,-56.902,-37.062,38.757,5.3172,-47.186,-36.018,-110.32,-74.55,-54.018,-17.415,-8.7361
-22.994,-61.092,-38.541,42.524,5.2384,-49.868,-34.801,-111.46,-76.633,-57.642,-20.823,-10.975
-24.961,-64.188,-39.398,45.394,5.3573,-51.688,-33.447,-112.41,-78.298,-60.734,-24.029,-13.014
-25.825,-66.329,-40.259,47.292,6.0526,-52.962,-32.159,-113.24,-79.668,-63.449,-27.199,-15.031
-25.54,-67.878,-41.717,48.332,7.6151,-54.103,-31.132,-114.01,-80.872,-65.965,-30.496,-17.205
-24.252,-69.301,-44.181,48.767,10.152,-55.511,-30.483,-114.73,-82.023,-68.431,-34.017,-19.644
-22.282,-71.008,-47.777,48.954,13.528,-57.443,-30.209,-115.41,-83.202,-70.941,-37.769,-22.347
-20.104,-73.194,-52.328,49.311,17.364,-59.934,-30.205,-115.99,-84.451,-73.504,-41.656,-25.186
-18.271,-75.774,-57.389,50.181,21.094,-62.809,-30.307,-116.45,-85.769,-76.052,-45.515,-27.941
-17.299,-78.498,-62.328,51.735,24.074,-65.78,-30.378,-116.72,-87.128,-78.478,-49.189,-30.385
-17.586,-81.185,-66.441,54.008,25.729,-68.572,-30.368,-116.8,-88.507,-80.7,-52.594,-32.402
-19.359,-83.821,-69.112,57.025,25.699,-70.955,-30.343,-116.71,-89.918,-82.703,-55.751,-34.034
-22.652,-86.441,-69.961,60.798,23.906,-72.705,-30.452,-116.48,-91.391,-84.541,-58.766,-35.461
-27.313,-88.967,-68.888,65.241,20.56,-73.616,-30.86,-116.17,-92.942,-86.293,-61.761,-36.897
-33.052,-91.201,-66.002,70.115,16.055,-73.515,-31.665,-115.8,-94.537,-88.007,-64.795,-38.491
-39.463,-92.908,-61.554,75.065,10.831,-72.307,-32.844,-115.35,-96.08,-89.665,-67.813,-40.253
-46.056,-93.971,-55.955,79.743,5.3012,-70.056,-34.24,-114.73,-97.441,-91.178,-70.649,-42.041
-52.33,-94.5,-49.807,84.0,-0.16534,-67.064,-35.613,-113.89,-98.502,-92.42,-73.096,-43.622
-57.912,-94.85,-43.833,87.969,-5.2489,-63.858,-36.716,-112.75,-99.201,-93.288,-74.989,-44.768
-62.657,-95.477,-38.746,91.935,-9.6716,-61.071,-37.379,-111.34,-99.557,-93.748,-76.281,-45.361
-66.626,-96.716,-35.146,96.073,-13.183,-59.265,-37.551,-109.73,-99.676,-93.865,-77.067,-45.448
-69.954,-98.663,-33.455,100.33,-15.561,-58.783,-37.281,-108.01,-99.72,-93.796,-77.564,-45.219
-72.695,-101.25,-33.852,104.51,-16.629,-59.723,-36.655,-106.24,-99.83,-93.731,-78.034,-44.934
-74.735,-104.44,-36.204,108.47,-16.293,-62.0,-35.709,-104.4,-100.03,-93.808,-78.693,-44.813
-75.858,-108.25,-40.044,112.12,-14.587,-65.399,-34.391,-102.33,-100.17,-94.027,-79.608,-44.938
-75.89,-112.75,-44.668,115.39,-11.709,-69.621,-32.574,-99.797,-99.951,-94.235,-80.669,-45.216
-74.788,-118.0,-49.302,118.17,-7.9933,-74.404,-30.118,-96.574,-98.96,-94.159,-81.627,-45.433
-72.652,-123.95,-53.297,120.28,-3.8553,-79.703,-26.933,-92.525,-96.752,-93.468,-82.209,-45.362
-69.695,-130.27,-56.309,121.53,0.28584,-85.652,-23.024,-87.647,-92.855,-91.787,-82.197,-44.864
-66.194,-136.17,-58.381,121.96,4.1033,-92.008,-18.466,-82.052,-86.91,-88.644,-81.433,-43.92
-62.429,-140.55,-59.848,121.83,7.4608,-97.392,-13.316,-75.909,-79.386,-83.477,-79.743,-42.579
-58.635,-142.32,-61.2,121.27,10.443,-99.8,-7.5377,-69.34,-73.658,-76.826,-76.926,-40.799
-54.969,-141.05,-63.174,119.74,13.273,-98.61,-1.0416,-62.241,-77.853,-78.914,-73.472,-38.402
-51.51,-138.01,-66.823,116.4,16.192,-96.113,6.0974,-54.169,-93.479,-104.75,-75.719,-36.765
-48.241,-137.45,-72.923,112.18,19.344,-96.992,13.34,-44.671,-97.07,-111.47,-97.762,-49.071
-45.02,-148.87,-81.562,112.67,22.675,-107.22,19.476,-34.316,-78.844,-105.8,-110.01,-64.759
-41.6,-186.75,-95.612,128.11,25.855,-139.01,22.805,-25.477,-47.71,-91.648,-114.81,-71.096
-37.673,-223.12,-126.4,145.09,28.503,-180.24,23.05,-17.995,-7.7739,-66.449,-113.44,-72.5
-32.831,-229.9,-145.46,145.19,32.763,-191.66,32.247,19.627,39.045,-27.902,-101.71,-65.662
-26.651,-214.47,-144.41,134.24,49.911,-182.71,71.169,119.25,92.811,27.176,-75.712,-47.8
-19.034,-179.7,-128.52,111.55,56.068,-155.57,87.129,153.71,157.1,102.57,-31.694,-17.158
-10.672,-127.68,-99.62,76.605,51.353,-113.41,89.999,169.29,234.43,202.15,33.976,28.398
-2.2233,-60.811,-60.442,33.38,42.758,-59.983,85.298,170.22,319.67,327.89,122.74,89.863
9.4488,17.513,-11.131,-18.215,29.737,3.8465,70.734,150.99,405.62,479.54,233.79,167.73
37.516,108.54,51.073,-79.374,10.971,80.148,42.752,103.62,486.52,654.4,365.3,260.73
82.875,215.69,130.37,-147.67,-16.395,172.58,-2.2539,19.686,555.92,844.87,512.48,365.71
111.75,338.09,231.07,-219.86,-56.694,285.05,-66.209,-107.62,606.13,1036.3,665.55,476.78
123.8,470.46,356.21,-293.12,-114.58,418.09,-148.07,-281.25,627.66,1204.6,808.57,583.87
119.29,608.49,503.27,-361.57,-193.0,564.73,-244.03,-497.63,608.8,1316.6,919.66,672.71
94.125,742.43,661.58,-416.69,-289.66,712.09,-348.11,-744.64,535.93,1335.9,974.29,727.02
46.772,854.19,821.03,-449.15,-395.37,843.86,-452.61,-1001.9,395.53,1233.2,951.63,732.48
-18.449,924.19,955.32,-452.48,-495.95,941.86,-550.6,-1244.5,180.35,998.32,842.25,681.6
-92.341,939.11,1040.4,-425.11,-576.24,989.7,-638.99,-1448.7,-103.99,647.55,653.5,577.05
-163.99,894.01,1063.4,-369.12,-623.52,977.2,-716.87,-1597.1,-436.57,223.43,409.17,431.73
-223.16,792.33,1020.3,-289.69,-630.47,903.96,-781.7,-1680.7,-782.87,-214.56,143.77,265.35
-262.89,647.17,918.28,-196.16,-597.09,780.11,-828.07,-1697.0,-1100.4,-604.84,-106.15,99.641
-280.83,479.03,772.28,-100.98,-530.19,623.22,-848.35,-1647.6,-1347.2,-898.96,-310.62,-46.207
-278.63,309.73,601.35,-16.0,-440.86,453.24,-835.42,-1538.3,-1491.9,-1071.7,-452.02,-158.86
-260.62,157.76,425.5,50.355,-341.71,288.97,-786.97,-1379.0,-1521.6,-1123.7,-527.09,-232.54
-232.37,36.887,264.02,94.45,-245.31,147.13,-707.81,-1185.4,-1445.3,-1076.8,-544.62,-268.94
-199.06,-45.465,133.94,117.8,-162.19,41.092,-608.52,-977.21,-1290.1,-964.33,-519.55,-275.46
-164.71,-90.741,50.622,124.5,-97.809,-23.972,-501.77,-774.66,-1091.9,-820.76,-467.91,-261.57
-132.27,-107.5,8.6361,119.34,-57.385,-54.775,-399.14,-594.36,-885.37,-673.97,-404.94,-235.24
-105.63,-106.35,-7.4236,106.81,-37.332,-64.246,-309.08,-445.41,-696.39,-542.11,-342.6,-203.15
-87.436,-96.065,-10.238,86.442,-28.603,-62.482,-235.42,-328.44,-539.81,-433.7,-287.71,-171.22
-75.542,-81.939,-6.8748,66.434,-25.255,-54.502,-178.0,-238.93,-420.25,-350.33,-242.7,-142.17
-67.12,-66.154,-1.4587,59.276,-23.849,-43.831,-134.31,-170.82,-334.57,-289.87,-206.51,-117.63
-60.62,-62.482,1.543,56.815,-21.603,-37.607,-100.91,-118.36,-274.32,-247.31,-177.72,-99.569
-54.739,-65.074,-12.02,56.042,-15.604,-45.55,-74.508,-77.0,-228.79,-215.04,-155.85,-87.806
-47.841,-69.323,-31.654,56.345,-7.1131,-50.112,-52.61,-43.392,-191.05,-187.37,-138.12,-78.818
-40.574,-74.062,-41.304,57.125,-1.0548,-55.046,-33.886,-15.172,-158.03,-162.74,-122.31,-70.44
-34.565,-78.203,-49.853,57.58,5.5398,-60.691,-18.35,7.4772,-128.99,-141.03,-107.93,-61.902
-29.393,-80.977,-57.849,57.078,11.989,-65.959,-7.0071,11.392,-104.35,-122.17,-95.604,-53.664
-24.484,-81.866,-64.104,55.381,17.645,-69.628,-1.8063,13.547,-85.29,-106.24,-85.787,-46.775
-19.864,-80.682,-67.557,52.603,22.012,-70.886,2.4899,28.988,-73.217,-94.52,-77.924,-41.405
-15.913,-77.677,-67.638,49.14,24.642,-69.554,9.3325,48.153,-60.684,-86.768,-71.199,-37.062
-13.093,-73.473,-64.28,45.557,25.182,-65.988,17.78,66.513,-45.991,-80.191,-65.179,-33.283
-11.741,-68.88,-57.983,42.422,23.559,-60.932,27.102,82.739,-32.559,-73.143,-59.672,-29.778
-11.874,-64.693,-49.941,40.168,20.197,-55.392,36.56,96.655,-21.627,-65.302,-54.592,-26.425
-13.067,-61.528,-41.977,38.974,16.08,-50.446,45.301,108.43,-12.991,-56.965,-49.951,-23.245
-14.515,-59.699,-36.111,38.681,12.522,-47.028,52.687,118.3,-6.1216,-48.711,-45.825,-20.328
-15.301,-59.207,-33.926,38.797,10.742,-45.795,58.546,126.52,-0.55566,-41.114,-42.292,-17.763
-14.696,-59.798,-36.066,38.66,11.528,-47.017,63.094,133.33,4.041,-34.52,-39.379,-15.58
-12.348,-61.0,-41.979,37.711,15.002,-50.356,66.723,139.01,7.9132,-28.993,-37.035,-13.75
-8.3749,-62.152,-50.014,35.713,20.509,-54.766,69.816,143.82,11.266,-24.39,-35.14,-12.198
-3.3311,-62.591,-58.077,32.798,26.85,-58.878,72.655,148.02,14.289,-20.475,-33.536,-10.834
1.9623,-61.904,-64.356,29.315,32.664,-61.586,75.378,151.8,17.151,-17.014,-32.069,-9.5825
6.6516,-59.924,-67.481,25.588,36.688,-62.214,77.989,155.29,19.988,-13.827,-30.627,-8.4056
10.079,-56.582,-66.554,21.789,38.008,-60.388,80.412,158.56,22.893,-10.811,-29.159,-7.3109
12.044,-51.929,-61.473,17.964,36.409,-56.138,82.541,161.63,25.918,-7.9323,-27.669,-6.3384
12.946,-46.3,-53.233,14.111,32.538,-50.109,84.301,164.52,29.091,-5.1948,-26.183,-5.5331
13.576,-40.373,-43.849,10.251,27.783,-43.518,85.67,167.24,32.447,-2.6031,-24.713,-4.9134
14.717,-35.024,-35.835,6.4572,23.961,-37.844,86.671,169.85,36.039,-0.14126,-23.239,-4.4581
16.933,-31.048,-31.429,2.8362,22.594,-34.393,87.356,172.41,39.937,2.2222,-21.715,-4.1173
20.5,-28.892,-31.88,-0.50839,24.323,-33.905,87.779,174.98,44.212,4.5176,-20.1,-3.8383
25.319,-28.508,-37.085,-3.4922,29.038,-36.321,87.989,177.56,48.906,6.7641,-18.38,-3.5847
30.871,-29.395,-45.66,-6.0415,36.079,-40.805,88.026,180.12,54.037,8.9743,-16.562,-3.3387
36.315,-30.816,-55.379,-8.0889,44.053,-46.03,87.912,182.67,59.611,11.168,-14.658,-3.0856
40.736,-32.038,-63.851,-9.5969,51.04,-50.581,87.647,185.21,65.656,13.388,-12.659,-2.7908
43.471,-32.503,-69.203,-10.593,55.482,-53.34,87.244,187.82,72.249,15.704,-10.522,-2.3838
44.33,-31.942,-70.589,-11.187,56.703,-53.779,86.766,190.59,79.51,18.206,-8.1766,-1.7656
43.612,-30.409,-68.326,-11.538,54.943,-52.077,86.337,193.63,87.549,20.984,-5.5609,-0.84017
41.948,-28.256,-63.598,-11.79,51.18,-49.015,86.105,197.02,96.388,24.104,-2.6482,0.4469
40.046,-26.021,-57.955,-12.004,46.692,-45.671,86.178,200.75,105.9,27.586,0.53622,2.087
38.466,-24.262,-52.854,-12.131,42.635,-43.052,86.59,204.76,115.82,31.416,3.9285,4.0194
37.511,-23.326,-49.353,-12.076,39.757,-41.759,87.29,208.97,125.81,35.553,7.4579,6.1617
37.194,-23.121,-47.922,-11.827,38.243,-41.814,88.172,213.34,135.57,39.96,11.076,8.4406
37.261,-23.054,-48.322,-11.553,37.816,-42.677,89.101,217.85,144.88,44.609,14.769,10.807
37.398,-22.242,-49.668,-11.604,37.951,-43.442,89.958,222.48,153.64,49.5,18.55,13.242
37.57,-19.893,-50.831,-12.389,38.129,-43.137,90.662,227.26,161.81,54.67,22.46,15.761
38.097,-15.689,-50.947,-14.221,38.12,-41.13,91.188,232.2,169.4,60.191,26.561,18.422
39.412,-9.9798,-49.712,-17.195,38.009,-37.475,91.558,237.33,176.42,66.137,30.924,21.312
41.77,-3.6081,-47.398,-21.134,38.043,-32.912,91.821,242.62,182.84,72.518,35.59,24.521
45.116,2.496,-44.618,-25.621,38.468,-28.425,92.031,248.0,188.66,79.205,40.533,28.097
49.091,7.6562,-42.006,-30.115,39.39,-24.73,92.228,253.34,193.84,85.93,45.635,31.99
53.14,11.593,-40.026,-34.095,40.706,-22.087,92.425,258.43,198.38,92.354,50.717,36.043
56.669,14.383,-38.965,-37.174,42.138,-20.461,92.61,263.11,202.28,98.189,55.581,40.023
59.21,16.301,-38.972,-39.161,43.351,-19.711,92.754,267.23,205.53,103.26,60.078,43.723
60.562,17.649,-40.049,-40.045,44.114,-19.629,92.827,270.68,208.16,107.52,64.14,47.049
60.829,18.61,-42.041,-39.948,44.396,-19.909,92.822,273.44,210.16,111.01,67.788,50.041
60.343,19.155,-44.64,-39.067,44.36,-20.212,92.763,275.51,211.58,113.82,71.099,52.821
59.527,19.128,-47.441,-37.648,44.248,-20.351,92.689,276.94,212.45,116.04,74.173,55.51
58.791,18.564,-50.019,-36.001,44.236,-20.388,92.63,277.81,212.82,117.79,77.1,58.18
58.437,17.874,-51.961,-34.528,44.319,-20.399,92.572,278.24,212.74,119.17,79.933,60.823
58.567,17.743,-52.785,-33.717,44.297,-20.114,92.445,278.31,212.25,120.22,82.677,63.359
59.051,18.914,-51.923,-34.042,43.856,-18.818,92.133,278.07,211.37,120.98,85.289,65.66
59.653,21.939,-48.942,-35.789,42.729,-15.682,91.517,277.48,210.09,121.41,87.687,67.6
60.195,26.941,-43.864,-38.917,40.874,-10.277,90.523,276.47,208.35,121.47,89.786,69.114
60.607,33.492,-37.277,-43.023,38.553,-2.932,89.161,274.96,206.11,121.12,91.535,70.226
60.881,40.653,-30.184,-47.444,36.258,5.2828,87.528,272.89,203.27,120.33,92.938,71.049
61.005,47.217,-23.701,-51.408,34.485,12.948,85.772,270.24,199.77,119.1,94.039,71.732
60.85,52.097,-18.707,-54.211,33.484,18.867,84.032,267.02,195.53,117.42,94.881,72.397
60.131,54.675,-15.524,-55.38,33.12,22.513,82.381,263.21,190.5,115.24,95.467,73.081
58.492,54.981,-13.751,-54.779,32.894,24.155,80.79,258.78,184.53,112.48,95.736,73.719
55.679,53.588,-12.407,-52.624,32.114,24.621,79.154,253.63,177.44,109.04,95.597,74.177
51.688,51.326,-10.386,-49.411,30.204,24.85,77.354,247.73,169.03,104.86,95.002,74.342
46.8,48.983,-6.9926,-45.77,26.949,25.506,75.342,241.19,159.22,100.03,94.012,74.203
41.485,47.094,-2.2797,-42.268,22.589,26.802,73.18,234.26,148.21,94.86,92.814,73.866
36.261,45.831,3.0011,-39.237,17.73,28.53,71.015,227.31,136.55,89.778,91.644,73.512
31.57,45.0,7.7845,-36.723,13.116,30.193,68.976,220.6,124.89,85.137,90.679,73.301
27.673,44.19,11.207,-34.556,9.3448,31.245,67.057,214.19,113.64,81.039,89.956,73.282
24.572,43.026,12.999,-32.509,6.7144,31.366,65.049,207.89,102.87,77.306,89.358,73.377
22.068,41.378,13.55,-30.466,5.2532,30.631,62.574,201.39,92.329,73.595,88.685,73.43
20.026,39.42,13.626,-28.517,4.832,29.447,59.181,194.37,81.739,69.574,87.739,73.284
18.585,37.579,13.891,-26.95,5.2696,28.296,54.518,186.62,71.029,65.063,86.396,72.83
18.085,36.392,14.456,-26.156,6.3983,27.527,48.561,178.08,60.421,60.106,84.653,72.042
18.825,36.341,14.945,-26.509,8.0605,27.36,41.728,168.87,50.361,54.963,82.631,70.981
20.846,37.736,15.223,-28.231,9.9996,28.007,34.702,159.17,41.328,50.007,80.54,69.767
23.834,40.662,15.705,-31.284,11.782,29.683,28.063,149.18,33.636,45.579,78.611,68.526
27.196,44.966,17.032,-35.307,12.96,32.56,22.02,139.03,27.34,41.875,77.019,67.338
30.183,50.241,19.855,-39.658,13.025,36.691,16.403,128.78,22.283,38.914,75.822,66.2
31.945,55.882,24.64,-43.564,11.366,41.931,10.869,118.43,18.203,36.571,74.946,65.029
31.757,61.181,31.434,-46.321,7.5851,47.878,5.174,107.9,14.826,34.666,74.238,63.715
29.347,65.465,39.69,-47.482,1.8038,53.879,-0.6329,97.157,11.948,33.055,73.554,62.203
25.099,68.198,48.249,-46.965,-5.1851,59.115,-6.2133,86.293,9.4705,31.695,72.845,60.556
19.977,69.087,55.557,-45.065,-12.052,62.75,-11.125,75.551,7.3845,30.635,72.157,58.94
15.2,68.141,60.098,-42.356,-17.326,64.14,-15.062,65.227,5.7045,29.933,71.566,57.526
11.82,65.659,60.901,-39.488,-19.885,63.035,-17.971,55.481,4.3912,29.563,71.081,56.379
10.351,62.114,57.891,-36.942,-19.361,59.666,-20.014,46.236,3.3195,29.376,70.6,55.403
10.599,58.018,51.92,-34.877,-16.292,54.701,-21.451,37.29,2.3149,29.155,69.95,54.382
11.799,53.823,44.47,-33.159,-11.9,49.071,-22.517,28.548,1.2369,28.722,68.976,53.092
12.987,49.885,37.214,-31.513,-7.5896,43.751,-23.349,20.186,0.050934,28.029,67.633,51.406
13.407,46.452,31.581,-29.718,-4.4569,39.529,-23.972,12.596,-1.1581,27.169,66.016,49.368
12.726,43.659,28.42,-27.717,-3.0574,36.841,-24.337,6.1757,-2.2346,26.319,64.309,47.15
11.038,41.525,27.852,-25.606,-3.4279,35.708,-24.404,1.1325,-3.0317,25.64,62.689,44.943
8.7542,39.961,29.361,-23.539,-5.1996,35.786,-24.21,-2.5773,-3.4811,25.201,61.22,42.828
6.4343,38.8,32.035,-21.657,-7.7186,36.513,-23.882,-5.2085,-3.6239,24.951,59.824,40.742
4.5715,37.837,34.84,-20.033,-10.244,37.308,-23.582,-7.1434,-3.5949,24.734,58.301,38.526
3.3939,36.865,36.931,-18.63,-12.191,37.743,-23.437,-8.7893,-3.5737,24.347,56.417,36.011
2.7541,35.681,37.912,-17.28,-13.314,37.624,-23.486,-10.477,-3.733,23.603,53.972,33.097
2.1803,34.068,37.866,-15.703,-13.782,36.933,-23.687,-12.386,-4.1997,22.389,50.854,29.785
1.0763,31.82,37.148,-13.583,-14.093,35.731,-23.95,-14.527,-5.0322,20.692,47.065,26.17
-1.0614,28.811,36.235,-10.675,-14.849,34.135,-24.195,-16.784,-6.2114,18.597,42.722,22.412
-4.4954,25.104,35.699,-6.9138,-16.525,32.382,-24.388,-18.997,-7.6554,16.249,38.029,18.67
-9.1737,20.993,36.139,-2.4592,-19.378,30.843,-24.567,-21.052,-9.249,13.795,33.22,15.06
-14.764,16.903,37.982,2.3563,-23.408,29.911,-24.808,-22.912,-10.871,11.356,28.507,11.65
-20.8,13.166,41.265,7.1706,-28.335,29.789,-25.174,-24.599,-12.407,9.0231,24.06,8.4787
-26.815,9.8273,45.558,11.741,-33.631,30.345,-25.655,-26.147,-13.765,6.8702,19.997,5.5895
-32.406,6.6232,50.077,15.97,-38.612,31.102,-26.156,-27.565,-14.878,4.9607,16.386,3.0358
-37.241,3.1761,53.91,19.794,-42.597,31.403,-26.537,-28.825,-15.722,3.3415,13.246,0.87088
-41.053,-0.7411,56.28,23.073,-45.093,30.644,-26.677,-29.876,-16.314,2.0316,10.554,-0.87576
-43.643,-5.0763,56.753,25.656,-45.953,28.49,-26.536,-30.68,-16.711,1.0119,8.2465,-2.2151
-44.995,-9.6225,55.331,27.592,-45.399,24.956,-26.167,-31.248,-17.006,0.22399,6.2346,-3.2006
-45.468,-14.251,52.389,29.226,-43.929,20.32,-25.691,-31.658,-17.301,-0.41726,4.4234,-3.9117
-45.755,-18.992,48.497,31.046,-42.157,14.964,-25.236,-32.034,-17.673,-0.99475,2.7406,-4.4234
-46.493,-23.894,44.239,33.427,-40.643,9.3016,-24.88,-32.5,-18.139,-1.5548,1.1644,-4.7768
-47.904,-28.856,40.098,36.434,-39.696,3.7752,-24.635,-33.126,-18.648,-2.0894,-0.27503,-4.9725
-49.743,-33.579,36.388,39.782,-39.271,-1.1833,-24.462,-33.905,-19.108,-2.5474,-1.526,-4.9961
-51.448,-37.651,33.194,42.939,-39.045,-5.2658,-24.324,-34.759,-19.433,-2.8686,-2.5585,-4.8581
-52.336,-40.687,30.333,45.299,-38.544,-8.3666,-24.235,-35.578,-19.589,-3.0155,-3.3914,-4.6198
-51.804,-42.432,27.451,46.364,-37.209,-10.556,-24.293,-36.264,-19.598,-2.9831,-4.0838,-4.3822
-49.523,-42.779,24.286,45.89,-34.605,-11.949,-24.643,-36.753,-19.504,-2.7851,-4.6987,-4.2419
-45.596,-41.735,20.973,43.943,-30.79,-12.543,-25.401,-37.018,-19.343,-2.438,-5.2656,-4.2467
-40.563,-39.399,18.09,40.867,-26.453,-12.183,-26.582,-37.066,-19.119,-1.9591,-5.7701,-4.3823
-35.241,-35.916,16.486,37.144,-22.64,-10.64,-28.095,-36.934,-18.816,-1.3752,-6.173,-4.5936
-30.486,-31.355,17.09,33.225,-20.368,-7.5716,-29.786,-36.678,-18.416,-0.72778,-6.4446,-4.8223
-26.97,-25.71,20.566,29.413,-20.301,-2.6307,-31.495,-36.365,-17.924,-0.069282,-6.5893,-5.0381
-25.023,-19.081,26.894,25.86,-22.554,4.1993,-33.109,-36.057,-17.373,0.5521,-6.6434,-5.244
-24.595,-11.892,35.221,22.652,-26.666,12.338,-34.579,-35.806,-16.816,1.1073,-6.6525,-5.4603
-25.372,-4.9291,44.094,19.9,-31.757,20.677,-35.914,-35.658,-16.311,1.588,-6.6488,-5.705
-26.952,0.84798,51.936,17.802,-36.784,27.907,-37.157,-35.662,-15.907,1.9984,-6.6417,-5.9791
-28.959,4.6374,57.534,16.584,-40.843,32.971,-38.345,-35.857,-15.647,2.3498,-6.6181,-6.2588
-31.078,6.0891,60.357,16.384,-43.416,35.397,-39.474,-36.274,-15.536,2.6561,-6.5547,-6.5006
-33.116,5.3949,60.63,17.176,-44.501,35.414,-40.497,-36.955,-15.568,2.9237,-6.4388,-6.6644
-35.053,3.1714,59.144,18.787,-44.517,33.799,-41.358,-37.956,-15.75,3.1364,-6.2883,-6.7406
-36.98,0.20985,56.82,20.948,-44.03,31.505,-42.013,-39.34,-16.115,3.2508,-6.1489,-6.7582
-38.956,-2.808,54.289,23.346,-43.482,29.231,-42.441,-41.144,-16.701,3.2233,-6.0657,-6.7621
-40.912,-5.5165,51.794,25.688,-43.077,27.206,-42.655,-43.37,-17.531,3.0339,-6.0544,-6.7815
-42.672,-7.8902,49.361,27.763,-42.772,25.305,-42.709,-45.986,-18.604,2.6918,-6.0979,-6.8176
-44.037,-10.069,46.966,29.471,-42.368,23.324,-42.704,-48.945,-19.906,2.2201,-6.1622,-6.8541
-44.878,-12.108,44.608,30.781,-41.697,21.218,-42.768,-52.193,-21.418,1.6358,-6.2184,-6.8739
-45.195,-13.833,42.38,31.679,-40.791,19.2,-43.024,-55.686,-23.124,0.93507,-6.2606,-6.8796
-45.109,-14.849,40.52,32.117,-39.916,17.714,-43.579,-59.391,-25.018,0.086026,-6.3186,-6.9103
-44.773,-14.642,39.427,31.981,-39.42,17.291,-44.524,-63.293,-27.105,-0.95988,-6.4514,-7.037
-44.237,-12.693,39.526,31.025,-39.548,18.361,-45.902,-67.363,-29.396,-2.2344,-6.7103,-7.3214
-43.383,-8.7299,41.053,28.973,-40.318,21.051,-47.677,-71.539,-31.87,-3.7115,-7.0899,-7.7583
-41.956,-3.0358,43.937,25.828,-41.524,25.15,-49.707,-75.713,-34.467,-5.2942,-7.5075,-8.2478
-39.697,3.7125,47.869,21.918,-42.822,30.277,-51.782,-79.758,-37.111,-6.8557,-7.8364,-8.6336
-36.492,10.95,52.458,17.563,-43.882,36.084,-53.703,-83.569,-39.762,-8.3114,-7.976,-8.7853
-32.487,18.322,57.341,12.944,-44.532,42.28,-55.351,-87.088,-42.449,-9.664,-7.9033,-8.6613
-28.095,25.514,62.204,8.1937,-44.803,48.536,-56.707,-90.291,-45.234,-10.983,-7.6698,-8.3066
-23.927,32.172,66.761,3.5276,-44.876,54.435,-57.815,-93.154,-48.154,-12.344,-7.3548,-7.802
-20.653,37.785,70.673,-0.60262,-44.966,59.414,-58.717,-95.648,-51.157,-13.777,-7.0171,-7.2123
-18.812,41.607,73.488,-3.522,-45.199,62.748,-59.413,-97.728,-54.137,-15.255,-6.6757,-6.5627
-18.681,42.807,74.682,-4.5881,-45.561,63.658,-59.852,-99.331,-56.96,-16.72,-6.3219,-5.8448
-20.23,40.816,73.781,-3.5051,-45.894,61.607,-59.949,-100.41,-59.506,-18.108,-5.9454,-5.0411
-23.079,35.647,70.532,-0.49223,-45.917,56.565,-59.638,-100.95,-61.71,-19.383,-5.5568,-4.1537
-26.459,27.979,65.033,3.7731,-45.259,49.082,-58.903,-101.0,-63.58,-20.572,-5.202,-3.2262
-29.378,18.977,57.756,8.4008,-43.545,40.127,-57.803,-100.68,-65.195,-21.767,-4.9633,-2.3472
-30.973,9.9712,49.401,12.548,-40.528,30.834,-56.458,-100.11,-66.662,-23.096,-4.9423,-1.6341
-30.725,2.148,40.714,15.56,-36.165,22.218,-55.003,-99.395,-68.077,-24.666,-5.2282,-1.2023
-28.489,-3.7513,32.309,17.053,-30.62,14.934,-53.541,-98.583,-69.478,-26.513,-5.868,-1.135
-24.49,-7.5906,24.509,16.979,-24.191,9.1366,-52.101,-97.697,-70.853,-28.59,-6.8519,-1.4596
-19.304,-9.7703,17.288,15.599,-17.276,4.5072,-50.631,-96.752,-72.152,-30.788,-8.1231,-2.143
-13.765,-11.12,10.468,13.528,-10.416,0.42801,-49.039,-95.783,-73.329,-32.981,-9.6065,-3.1103
-8.8042,-12.628,3.9842,11.706,-4.299,-3.6898,-47.263,-94.847,-74.368,-35.082,-11.246,-4.2847
-5.2502,-14.81,-2.0351,10.901,0.39873,-7.992,-45.322,-94.022,-75.307,-37.077,-13.037,-5.6293
-3.582,-17.377,-7.2232,11.18,3.2212,-12.098,-43.312,-93.383,-76.234,-39.039,-15.02,-7.1591
-3.7322,-19.557,-10.788,11.971,3.9955,-15.274,-41.343,-92.984,-77.257,-41.085,-17.252,-8.9091
-5.109,-20.358,-11.654,12.457,2.7917,-16.524,-39.473,-92.838,-78.444,-43.311,-19.75,-10.885
-6.8336,-18.81,-9.1934,11.85,-0.044704,-15.005,-37.673,-92.901,-79.782,-45.735,-22.468,-13.032
-8.0184,-14.496,-3.8474,9.6486,-3.7827,-10.646,-35.861,-93.086,-81.169,-48.301,-25.303,-15.238
-7.9977,-7.9364,2.8785,5.8891,-7.3577,-4.3401,-33.951,-93.288,-82.462,-50.878,-28.135,-17.375
-6.5122,-0.45519,8.9773,1.1511,-9.675,2.3414,-31.911,-93.424,-83.544,-53.341,-30.873,-19.342
-3.7782,6.3221,12.68,-3.66,-10.004,7.7149,-29.776,-93.459,-84.357,-55.602,-33.468,-21.102
-0.38336,11.02,13.023,-7.6019,-8.2357,10.56,-27.636,-93.393,-84.894,-57.605,-35.903,-22.66
2.9289,12.948,10.057,-10.003,-4.8728,10.492,-25.597,-93.242,-85.174,-59.279,-38.131,-24.027
5.5079,12.355,4.7194,-10.745,-0.77629,8.0376,-23.77,-93.02,-85.237,-60.569,-40.08,-25.197
7.0854,10.34,-1.4991,-10.357,3.1812,4.4055,-22.249,-92.739,-85.126,-61.471,-41.683,-26.153
7.9905,8.4155,-7.0182,-9.7916,6.4287,1.0767,-21.07,-92.421,-84.892,-62.022,-42.916,-26.895
8.9996,7.9724,-10.669,-10.02,8.84,-0.67035,-20.193,-92.113,-84.625,-62.319,-43.809,-27.437
10.884,9.7855,-12.096,-11.712,10.665,-0.2037,-19.504,-91.873,-84.409,-62.485,-44.454,-27.814
14.063,13.721,-11.86,-15.03,12.358,2.2016,-18.846,-91.76,-84.282,-62.607,-44.953,-28.061
18.502,18.86,-11.138,-19.582,14.397,5.4826,-18.076,-91.77,-84.219,-62.68,-45.38,-28.187
23.752,23.921,-11.187,-24.582,17.08,8.2795,-17.124,-91.836,-84.104,-62.629,-45.733,-28.162
29.068,27.739,-12.748,-29.11,20.345,9.5086,-16.022,-91.861,-83.798,-62.343,-45.957,-27.964
33.623,29.628,-15.661,-32.419,23.754,8.7861,-14.897,-91.773,-83.213,-61.76,-45.986,-27.611
36.756,29.587,-18.983,-34.174,26.655,6.5915,-13.915,-91.56,-82.349,-60.917,-45.806,-27.174
38.17,28.277,-21.613,-34.497,28.417,4.0,-13.221,-91.267,-81.286,-59.939,-45.45,-26.735
37.976,26.621,-22.87,-33.815,28.66,2.0131,-12.851,-90.925,-80.098,-58.969,-44.978,-26.344
36.572,25.226,-22.705,-32.579,27.42,0.98219,-12.697,-90.48,-78.817,-58.099,-44.442,-25.983
34.436,24.053,-21.64,-31.034,25.122,0.52625,-12.515,-89.801,-77.379,-57.343,-43.89,-25.608
31.972,22.575,-20.512,-29.195,22.4,-0.15539,-11.99,-88.694,-75.628,-56.628,-43.382,-25.191
29.469,20.196,-20.112,-26.978,19.905,-1.8053,-10.826,-86.962,-73.331,-55.842,-42.986,-24.755
27.135,16.601,-20.948,-24.336,18.194,-4.7585,-8.8129,-84.463,-70.198,-54.806,-42.75,-24.358
25.113,11.889,-23.22,-21.359,17.643,-8.8815,-5.8739,-81.145,-65.908,-53.25,-42.652,-24.045
23.551,6.54,-26.851,-18.302,18.389,-13.712,-2.0921,-77.065,-60.203,-50.786,-42.55,-23.805
22.677,1.296,-31.485,-15.564,20.337,-18.622,2.286,-72.368,-53.1,-46.946,-42.201,-23.548
22.76,-2.9884,-36.525,-13.596,23.213,-22.936,6.9418,-67.171,-45.229,-41.289,-41.273,-23.102
23.97,-5.5071,-41.248,-12.799,26.6,-26.006,11.664,-61.347,-38.278,-33.947,-39.385,-22.188
26.255,-5.666,-44.952,-13.406,29.997,-27.258,16.435,-54.402,-35.282,-27.602,-36.207,-20.377
29.335,-3.2186,-47.027,-15.388,32.878,-26.193,21.286,-45.714,-40.318,-36.374,-32.041,-17.274
32.785,1.576,-46.909,-18.407,34.776,-22.374,26.018,-35.167,-52.984,-84.992,-32.991,-14.492
36.147,7.3601,-43.935,-21.53,35.367,-15.785,29.896,-23.871,-58.189,-98.96,-67.695,-31.408
39.034,7.6633,-37.735,-20.191,34.533,-9.8826,31.7,-14.436,-44.316,-90.853,-86.059,-57.54
41.219,-30.792,-36.076,1.581,32.374,-30.397,30.709,-8.2759,-14.636,-72.913,-90.04,-63.393
42.89,-66.326,-71.21,12.772,29.462,-76.163,31.273,8.2234,25.477,-43.342,-86.299,-62.628
44.903,-54.482,-80.847,2.8914,33.11,-70.942,53.23,89.03,72.325,-0.36466,-70.873,-52.873
48.359,-31.615,-71.795,-13.453,47.712,-54.358,83.641,146.97,126.81,60.069,-39.915,-31.85
53.552,0.92727,-55.791,-35.819,46.141,-30.436,89.823,167.25,193.51,142.61,9.9863,2.0871
59.608,44.985,-33.213,-65.965,43.409,3.1264,87.481,174.19,272.45,251.9,81.51,50.583
72.913,103.52,-0.13529,-105.84,38.898,49.815,77.412,163.77,356.54,389.18,176.28,116.57
105.25,179.23,48.981,-156.37,29.708,112.91,56.478,128.96,438.16,551.46,294.47,201.81
134.6,273.58,119.15,-216.38,11.302,194.66,20.884,61.612,511.63,733.52,434.36,305.15
154.12,386.04,212.62,-282.51,-22.249,296.18,-31.846,-45.614,571.58,925.88,589.04,421.47
161.4,513.2,327.86,-349.6,-75.742,417.13,-101.18,-197.23,610.73,1110.7,744.75,540.75
152.28,647.7,462.2,-410.85,-151.2,554.05,-184.43,-392.31,618.86,1260.9,881.76,648.88
122.99,777.8,613.54,-458.44,-247.15,698.7,-278.63,-622.56,582.57,1341.9,976.61,729.77
72.542,888.5,787.13,-485.08,-356.78,837.39,-379.39,-872.28,486.35,1317.5,1005.8,767.95
4.3449,964.67,943.53,-485.55,-468.09,952.87,-480.02,-1120.7,316.5,1162.9,952.27,751.81
-73.847,993.78,1062.2,-457.65,-565.62,1027.6,-574.48,-1345.6,69.832,877.92,812.13,677.55
-151.19,968.12,1126.1,-403.03,-634.16,1047.5,-659.97,-1527.2,-240.45,491.2,598.98,551.92
-216.52,888.25,1123.3,-327.75,-663.51,1006.5,-734.85,-1651.8,-585.42,54.568,341.42,391.47
-261.63,764.34,1053.7,-241.5,-650.92,909.64,-796.26,-1712.1,-924.91,-369.14,76.271,218.37
-283.14,613.51,928.95,-155.15,-600.81,771.18,-839.26,-1706.5,-1214.8,-721.52,-160.3,54.947
-282.3,455.31,769.08,-78.093,-523.24,611.43,-857.27,-1639.0,-1416.7,-963.06,-341.71,-81.193
-263.55,307.09,597.37,-16.216,-430.65,451.1,-844.67,-1517.9,-1507.5,-1081.5,-456.84,-180.44
-232.83,180.66,434.18,28.954,-334.98,306.31,-799.78,-1356.2,-1485.6,-1089.4,-509.36,-241.44
-196.08,81.842,293.42,58.717,-246.38,186.67,-726.03,-1170.3,-1370.0,-1014.6,-511.49,-268.46
-157.84,11.724,182.03,74.818,-171.94,96.448,-631.5,-977.42,-1192.9,-889.4,-477.86,-268.58
-120.93,-32.359,101.75,78.778,-114.19,34.932,-527.38,-793.37,-990.27,-744.24,-422.69,-249.96
-89.79,-55.199,50.024,71.032,-72.403,-2.8031,-425.54,-630.55,-793.16,-603.69,-359.55,-220.09
-68.913,-62.674,20.31,40.207,-45.099,-22.797,-335.47,-495.71,-621.97,-483.6,-299.6,-186.27
-55.361,-61.087,5.9789,19.592,-29.012,-30.739,-261.98,-388.71,-484.89,-389.53,-248.95,-154.46
-45.548,-52.851,1.1066,22.406,-20.061,-31.442,-204.91,-305.39,-381.23,-318.43,-208.35,-125.54
-37.801,-29.628,0.89014,27.266,-14.819,-28.171,-161.06,-241.17,-306.97,-265.23,-175.54,-103.95
-31.437,-28.778,0.75077,31.402,-11.193,-20.273,-126.64,-192.59,-254.15,-227.26,-151.61,-90.845
-27.476,-39.66,-2.8579,34.992,-7.6598,-20.281,-98.712,-156.71,-213.22,-198.05,-133.87,-82.239
-26.523,-48.221,-11.681,38.228,-6.4168,-31.855,-75.574,-130.07,-178.82,-172.83,-118.74,-74.744
-27.094,-54.127,-23.341,41.148,-6.7713,-40.412,-56.576,-108.94,-148.9,-150.42,-104.96,-67.051
-28.177,-58.449,-31.385,43.747,-4.9218,-45.488,-41.56,-91.053,-123.0,-130.56,-92.975,-59.26
-29.44,-61.843,-36.12,46.059,-2.8651,-48.81,-30.359,-82.791,-101.3,-113.21,-83.318,-52.53
-30.876,-64.696,-39.004,48.196,-1.4286,-51.293,-25.03,-83.495,-87.002,-99.728,-75.572,-47.375
-32.543,-67.276,-40.875,50.308,-0.76841,-53.338,-22.899,-79.623,-80.392,-91.489,-69.174,-43.482
-34.394,-69.748,-42.163,52.465,-0.73533,-55.136,-19.675,-73.753,-71.955,-85.823,-63.906,-40.477
-36.213,-72.123,-43.148,54.564,-0.98721,-56.756,-16.333,-68.081,-61.42,-80.494,-59.581,-38.091
-37.643,-74.243,-44.022,56.339,-1.0963,-58.162,-13.484,-63.078,-51.153,-74.999,-55.974,-36.127
-38.253,-75.81,-44.853,57.439,-0.68162,-59.209,-11.043,-58.724,-42.139,-69.344,-52.894,-34.453
-37.678,-76.468,-45.56,57.519,0.46376,-59.676,-8.7906,-54.884,-34.523,-63.613,-50.217,-32.992
-35.76,-75.905,-45.947,56.336,2.3014,-59.333,-6.6126,-51.424,-28.156,-57.91,-47.87,-31.719
-32.642,-74.01,-45.84,53.871,4.5763,-58.073,-4.5453,-48.232,-22.811,-52.358,-45.816,-30.641
-28.738,-71.002,-45.234,50.425,6.9425,-56.029,-2.7167,-45.218,-18.284,-47.076,-44.03,-29.774
-24.622,-67.451,-44.351,46.591,9.1169,-53.605,-1.1962,-42.308,-14.389,-42.144,-42.474,-29.113
-20.877,-64.149,-43.596,43.077,10.98,-51.386,0.10566,-39.427,-10.951,-37.573,-41.088,-28.609
-17.946,-61.867,-43.415,40.496,12.586,-49.961,1.426,-36.486,-7.7926,-33.292,-39.773,-28.171
-16.018,-61.08,-44.131,39.184,14.084,-49.72,3.0439,-33.384,-4.7424,-29.181,-38.413,-27.681
-15.023,-61.785,-45.807,39.113,15.593,-50.716,5.1532,-30.024,-1.6588,-25.144,-36.906,-27.05
-14.732,-63.516,-48.191,39.942,17.1,-52.64,7.783,-26.328,1.5455,-21.156,-35.201,-26.249
-14.896,-65.563,-50.781,41.174,18.431,-54.934,10.799,-22.249,4.8981,-17.269,-33.308,-25.317
-15.35,-67.259,-52.971,42.357,19.313,-56.996,13.97,-17.761,8.3901,-13.564,-31.272,-24.332
-16.041,-68.206,-54.244,43.232,19.479,-58.372,17.064,-12.853,11.989,-10.102,-29.141,-23.378
-17.002,-68.361,-54.338,43.758,18.784,-58.886,19.911,-7.5404,15.649,-6.8986,-26.945,-22.521
-18.28,-67.95,-53.293,44.057,17.256,-58.624,22.443,-1.8808,19.304,-3.9415,-24.696,-21.807
-19.839,-67.294,-51.38,44.283,15.102,-57.83,24.709,4.0059,22.896,-1.2072,-22.401,-21.274
-21.497,-66.599,-48.954,44.471,12.659,-56.731,26.895,9.978,26.417,1.3398,-20.065,-20.93
-22.912,-65.787,-46.324,44.426,10.34,-55.387,29.257,15.947,29.972,3.7602,-17.668,-20.737
-23.631,-64.458,-43.67,43.731,8.5346,-53.649,32.043,21.95,33.812,6.1479,-15.162,-20.614
-23.215,-62.007,-41.018,41.87,7.4903,-51.221,35.371,28.173,38.291,8.6166,-12.471,-20.449
-21.373,-57.871,-38.244,38.412,7.221,-47.813,39.162,34.901,43.814,11.271,-9.5214,-20.138
-18.078,-51.82,-35.139,33.226,7.5099,-43.318,43.176,42.386,50.742,14.177,-6.2692,-19.62
-13.593,-44.19,-31.552,26.633,8.0492,-37.95,47.12,50.762,59.295,17.37,-2.7007,-18.866
-8.3489,-35.855,-27.565,19.369,8.6485,-32.241,50.735,59.949,69.41,20.868,1.1815,-17.869
-2.7375,-27.915,-23.622,12.29,9.3729,-26.901,53.938,69.663,80.72,24.686,5.3702,-16.623
3.0338,-21.283,-20.515,6.0015,10.538,-22.64,56.848,79.515,92.629,28.831,9.8574,-15.113
8.9113,-16.461,-19.181,0.69963,12.595,-20.043,59.736,89.163,104.54,33.299,14.626,-13.31
14.908,-13.534,-20.385,-3.7488,15.967,-19.487,62.882,98.417,116.06,38.081,19.656,-11.183
21.022,-12.298,-24.466,-7.5908,20.892,-21.088,66.453,107.25,126.99,43.169,24.927,-8.6959
27.171,-12.394,-31.231,-10.955,27.3,-24.686,70.453,115.71,137.27,48.559,30.407,-5.8225
33.146,-13.445,-40.008,-13.746,34.766,-29.85,74.739,123.86,146.87,54.224,36.014,-2.5793
38.611,-15.139,-49.795,-15.733,42.569,-35.926,79.058,131.71,155.72,60.09,41.612,0.9454
43.17,-17.255,-59.439,-16.757,49.826,-42.135,83.116,139.24,163.8,66.055,47.039,4.6044
46.481,-19.555,-67.792,-16.873,55.666,-47.71,86.673,146.46,171.15,72.028,52.175,8.2444
48.389,-21.627,-73.879,-16.383,59.437,-51.965,89.606,153.43,177.86,77.964,56.981,11.765
49.051,-22.85,-77.054,-15.772,60.883,-54.334,91.901,160.27,184.04,83.859,61.496,15.149
48.921,-22.556,-77.099,-15.582,60.199,-54.432,93.577,167.12,189.73,89.684,65.772,18.443
48.569,-20.306,-74.207,-16.237,57.898,-52.162,94.633,174.01,194.9,95.316,69.809,21.715
48.435,-16.115,-68.929,-17.901,54.575,-47.792,95.066,180.88,199.39,100.53,73.537,25.004
48.657,-10.464,-62.075,-20.427,50.731,-41.918,94.918,187.54,203.04,105.03,76.846,28.281
49.042,-4.0887,-54.563,-23.435,46.725,-35.28,94.303,193.73,205.72,108.61,79.644,31.428
49.187,2.3221,-47.201,-26.479,42.802,-28.54,93.387,199.19,207.41,111.16,81.901,34.289
48.751,8.3158,-40.508,-29.199,39.08,-22.151,92.341,203.72,208.16,112.73,83.672,36.761
47.676,13.704,-34.687,-31.406,35.57,-16.348,91.305,207.23,208.13,113.52,85.088,38.868
46.179,18.452,-29.762,-33.067,32.291,-11.224,90.371,209.77,207.51,113.76,86.312,40.743
44.569,22.522,-25.731,-34.227,29.36,-6.8234,89.587,211.49,206.46,113.68,87.497,42.555
43.062,25.747,-22.673,-34.903,26.965,-3.2546,88.965,212.51,205.1,113.42,88.743,44.429
41.701,27.836,-20.752,-35.036,25.265,-0.72738,88.478,212.92,203.45,113.01,90.068,46.399
40.379,28.494,-20.125,-34.522,24.329,0.52049,88.066,212.7,201.43,112.4,91.416,48.412
38.932,27.556,-20.842,-33.28,24.144,0.34786,87.648,211.76,198.89,111.44,92.689,50.375
37.269,25.068,-22.799,-31.317,24.659,-1.2159,87.149,210.04,195.64,109.99,93.81,52.222
35.468,21.282,-25.765,-28.751,25.816,-3.9819,86.537,207.57,191.53,108.02,94.776,53.973
33.739,16.579,-29.428,-25.79,27.512,-7.6556,85.84,204.53,186.52,105.63,95.675,55.733
32.239,11.402,-33.403,-22.67,29.525,-11.864,85.122,201.18,180.74,103.02,96.638,57.636
30.919,6.2088,-37.187,-19.598,31.474,-16.133,84.427,197.72,174.34,100.43,97.754,59.729
29.506,1.4482,-40.145,-16.696,32.856,-19.879,83.709,194.2,167.4,97.939,98.982,61.895
27.609,-2.4876,-41.577,-13.982,33.131,-22.494,82.81,190.44,159.79,95.396,100.15,63.875
24.865,-5.3283,-40.928,-11.401,31.875,-23.517,81.499,186.16,151.18,92.508,101.0,65.388
21.116,-6.9595,-37.976,-8.9078,28.954,-22.757,79.532,181.07,141.16,88.949,101.31,66.241
16.523,-7.4222,-32.906,-6.5311,24.599,-20.332,76.718,174.97,129.47,84.501,100.94,66.379
11.539,-6.8823,-26.278,-4.384,19.356,-16.621,72.957,167.84,116.25,79.15,99.882,65.863
6.7559,-5.5374,-18.923,-2.637,13.933,-12.147,68.284,159.77,102.1,73.129,98.228,64.832
2.7173,-3.5051,-11.739,-1.4904,8.9937,-7.4169,62.888,150.99,87.967,66.86,96.139,63.481
-0.20381,-0.82888,-5.3937,-1.1362,4.9354,-2.8001,57.076,141.81,74.749,60.803,93.812,62.04
-1.8482,2.5063,0.041643,-1.7084,1.7717,1.6484,51.165,132.57,62.983,55.291,91.452,60.708
-2.2618,6.6683,5.1282,-3.2671,-0.7841,6.3049,45.332,123.55,52.81,50.457,89.221,59.561
-1.6574,11.898,10.659,-5.7933,-3.1133,11.712,39.545,114.88,44.109,46.262,87.176,58.507
-0.33977,18.241,17.142,-9.1503,-5.4628,18.151,33.63,106.46,36.67,42.582,85.258,57.367
1.3934,25.357,24.409,-13.061,-7.7754,25.357,27.45,98.068,30.293,39.303,83.368,56.008
3.3297,32.508,31.485,-17.133,-9.6581,32.484,21.073,89.409,24.828,36.381,81.447,54.446
5.3688,38.737,36.905,-20.93,-10.538,38.355,14.805,80.276,20.16,33.849,79.533,52.86
7.4953,43.179,39.414,-24.057,-9.9526,41.934,9.0434,70.611,16.187,31.766,77.72,51.504
9.7103,45.372,38.593,-26.261,-7.8086,42.764,4.0778,60.515,12.803,30.146,76.086,50.565
11.962,45.458,35.019,-27.511,-4.4514,41.165,-0.027951,50.178,9.8734,28.907,74.614,50.067
14.144,44.171,30.011,-28.049,-0.55681,38.139,-3.3971,39.797,7.2408,27.873,73.176,49.854
16.171,42.606,25.17,-28.345,3.0901,35.013,-6.2312,29.584,4.766,26.848,71.584,49.65
18.066,41.899,21.872,-28.995,5.8573,33.033,-8.7214,19.83,2.3796,25.7,69.681,49.16
19.981,42.906,20.907,-30.542,7.4529,33.023,-11.012,10.92,0.1093,24.423,67.431,48.189
22.086,45.917,22.353,-33.227,7.9366,35.175,-13.189,3.2305,-1.926,23.128,64.961,46.743
24.406,50.527,25.649,-36.823,7.5903,39.021,-15.277,-2.9894,-3.5466,22.006,62.544,45.025
26.707,55.773,29.859,-40.687,6.7552,43.646,-17.248,-7.6659,-4.5714,21.268,60.493,43.322
28.529,60.503,34.022,-43.98,5.675,48.057,-19.048,-10.877,-4.898,21.06,59.032,41.854
29.337,63.796,37.453,-45.989,4.3831,51.504,-20.628,-12.824,-4.5624,21.403,58.193,40.7
28.738,65.221,39.923,-46.368,2.7325,53.641,-21.958,-13.823,-3.7411,22.159,57.788,39.776
26.668,64.88,41.659,-45.209,0.55923,54.538,-23.032,-14.293,-2.7049,23.055,57.462,38.873
23.426,63.241,43.105,-42.92,-2.1333,54.549,-23.87,-14.712,-1.7579,23.74,56.789,37.722
19.583,60.873,44.512,-40.041,-5.0623,54.034,-24.505,-15.49,-1.1696,23.889,55.395,36.083
15.822,58.192,45.636,-37.072,-7.6902,53.094,-24.955,-16.827,-1.1013,23.318,53.056,33.839
12.786,55.356,45.776,-34.36,-9.3664,51.533,-25.216,-18.636,-1.5565,22.069,49.762,31.045
10.946,52.326,44.153,-32.061,-9.5213,49.052,-25.267,-20.61,-2.3941,20.364,45.716,27.928
10.492,48.995,40.354,-30.156,-7.8692,45.487,-25.099,-22.37,-3.3956,18.5,41.278,24.807
11.27,45.325,34.577,-28.5,-4.5709,40.948,-24.743,-23.62,-4.3502,16.724,36.83,21.955
12.81,41.439,27.643,-26.922,-0.26856,35.868,-24.274,-24.23,-5.1251,15.162,32.627,19.484
14.457,37.645,20.819,-25.321,4.0627,30.942,-23.801,-24.242,-5.6985,13.812,28.723,17.336
15.552,34.373,15.496,-23.691,7.3764,26.977,-23.438,-23.82,-6.14,12.585,25.022,15.358
15.607,32.042,12.807,-22.085,8.8057,24.668,-23.285,-23.174,-6.5535,11.373,21.399,13.385
14.419,30.92,13.309,-20.568,7.8571,24.391,-23.389,-22.477,-7.0144,10.116,17.796,11.32
12.07,31.02,16.849,-19.198,4.5425,26.082,-23.722,-21.812,-7.5358,8.8358,14.254,9.1631
8.8248,32.065,22.646,-17.985,-0.61526,29.254,-24.171,-21.172,-8.0779,7.6238,10.876,7.0031
4.9629,33.561,29.567,-16.855,-6.7977,33.145,-24.585,-20.515,-8.5909,6.581,7.7568,4.9591
0.69079,34.957,36.486,-15.66,-13.202,36.968,-24.824,-19.82,-9.0602,5.7536,4.9166,3.1178
-3.7941,35.844,42.564,-14.268,-19.212,40.147,-24.802,-19.117,-9.5191,5.1058,2.2955,1.5002
-8.2044,36.071,47.422,-12.65,-24.432,42.436,-24.488,-18.461,-10.021,4.5514,-0.20033,0.081608
-12.171,35.722,51.087,-10.913,-28.669,43.872,-23.875,-17.88,-10.591,4.0181,-2.6272,-1.1596
-15.311,35.001,53.694,-9.2529,-31.777,44.598,-22.951,-17.344,-11.193,3.4976,-4.96,-2.2039
-17.278,34.112,55.165,-7.895,-33.531,44.709,-21.684,-16.769,-11.737,3.0537,-7.0975,-2.9837
-17.808,33.218,55.211,-7.0366,-33.668,44.225,-20.042,-16.059,-12.11,2.7944,-8.9058,-3.4051
-16.797,32.423,53.569,-6.7988,-32.044,43.159,-18.021,-15.151,-12.214,2.8244,-10.274,-3.3847
-14.376,31.765,50.267,-7.1828,-28.76,41.57,-15.674,-14.039,-12.004,3.2034,-11.156,-2.8875
-10.944,31.191,45.685,-8.0449,-24.216,39.563,-13.115,-12.767,-11.49,3.9256,-11.582,-1.9476
-7.1178,30.565,40.438,-9.1074,-19.067,37.252,-10.515,-11.408,-10.732,4.9248,-11.644,-0.66305
-3.6002,29.709,35.232,-10.023,-14.108,34.766,-8.0729,-10.044,-9.8215,6.0974,-11.467,0.82838
-1.0174,28.503,30.749,-10.475,-10.139,32.277,-5.9928,-8.7536,-8.8538,7.3335,-11.177,2.382
0.20116,26.964,27.564,-10.275,-7.7713,30.032,-4.4433,-7.6068,-7.9065,8.5513,-10.868,3.8791
-0.10968,25.302,26.069,-9.434,-7.292,28.345,-3.5117,-6.6444,-7.0114,9.725,-10.579,5.2552
-1.8134,23.897,26.448,-8.1857,-8.6338,27.55,-3.1547,-5.8604,-6.1474,10.891,-10.285,6.5093
-4.4887,23.196,28.644,-6.9163,-11.448,27.911,-3.2043,-5.2142,-5.2637,12.118,-9.928,7.6806
-7.5396,23.527,32.329,-6.0142,-15.209,29.5,-3.4577,-4.6771,-4.3273,13.454,-9.477,8.7962
-10.366,24.953,36.908,-5.7154,-19.307,32.121,-3.8042,-4.2823,-3.3651,14.871,-8.9734,9.8262
-12.503,27.257,41.626,-6.0519,-23.104,35.349,-4.2973,-4.1361,-2.4697,16.258,-8.5279,10.68
-13.693,30.067,45.764,-6.9156,-26.054,38.673,-5.1141,-4.3787,-1.7664,17.456,-8.2717,11.247
-13.897,33.007,48.833,-8.1478,-27.85,41.658,-6.4236,-5.1252,-1.3637,18.321,-8.2937,11.454
-13.284,35.774,50.692,-9.5853,-28.51,44.044,-8.2605,-6.4227,-1.314,18.778,-8.603,11.313
-12.158,38.183,51.546,-11.072,-28.33,45.792,-10.479,-8.2449,-1.6055,18.848,-9.1344,10.917
-10.877,40.198,51.863,-12.481,-27.767,47.064,-12.808,-10.517,-2.1834,18.613,-9.7882,10.394
-9.776,41.924,52.203,-13.749,-27.303,48.154,-14.963,-13.145,-2.984,18.178,-10.473,9.8559
-9.0801,43.529,52.981,-14.873,-27.291,49.346,-16.759,-16.03,-3.9601,17.629,-11.129,9.3655
-8.823,45.113,54.28,-15.881,-27.803,50.748,-18.161,-19.077,-5.092,17.015,-11.731,8.9361
-8.8344,46.623,55.789,-16.784,-28.601,52.212,-19.289,-22.206,-6.3865,16.341,-12.274,8.5547
-8.813,47.852,56.942,-17.571,-29.235,53.382,-20.356,-25.365,-7.8735,15.587,-12.769,8.2053
-8.4508,48.553,57.16,-18.214,-29.222,53.859,-21.595,-28.539,-9.6016,14.709,-13.237,7.8771
-7.566,48.58,56.081,-18.708,-28.248,53.394,-23.194,-31.753,-11.635,13.655,-13.716,7.5564
-6.1929,47.992,53.714,-19.083,-26.316,52.024,-25.246,-35.041,-14.03,12.382,-14.253,7.2231
-4.5912,47.035,50.478,-19.376,-23.789,50.068,-27.725,-38.412,-16.802,10.886,-14.877,6.8645
-3.166,46.024,47.078,-19.596,-21.284,47.994,-30.506,-41.825,-19.898,9.2223,-15.579,6.4913
-2.3273,45.186,44.236,-19.699,-19.435,46.216,-33.422,-45.216,-23.22,7.4744,-16.32,6.1271
-2.3436,44.606,42.471,-19.621,-18.677,44.99,-36.358,-48.544,-26.693,5.7032,-17.072,5.7761
-3.2473,44.29,42.021,-19.346,-19.142,44.429,-39.282,-51.811,-30.315,3.9033,-17.855,5.4048
-4.8174,44.276,42.863,-18.971,-20.667,44.574,-42.234,-55.053,-34.148,2.013,-18.714,4.9624
-6.6408,44.694,44.793,-18.709,-22.885,45.437,-45.254,-58.293,-38.242,-0.037618,-19.68,4.4208
-8.2298,45.74,47.55,-18.83,-25.357,47.038,-48.313,-61.516,-42.582,-2.2844,-20.731,3.7988
-9.1598,47.63,50.927,-19.584,-27.712,49.43,-51.282,-64.665,-47.066,-4.7152,-21.807,3.1541
-9.1836,50.516,54.8,-21.132,-29.736,52.677,-53.957,-67.65,-51.541,-7.2785,-22.832,2.5569
-8.2996,54.338,59.07,-23.447,-31.374,56.726,-56.122,-70.37,-55.844,-9.9,-23.746,2.0633
-6.7505,58.71,63.526,-26.244,-32.652,61.254,-57.618,-72.728,-59.843,-12.499,-24.516,1.7021
-4.9425,62.904,67.694,-29.004,-33.555,65.598,-58.378,-74.649,-63.453,-15.002,-25.133,1.478
-3.3158,65.944,70.817,-31.074,-33.961,68.836,-58.43,-76.097,-66.647,-17.363,-25.607,1.3799
-2.2189,66.862,72.037,-31.849,-33.661,70.021,-57.867,-77.09,-69.439,-19.579,-25.975,1.3846
-1.8238,65.023,70.656,-30.981,-32.438,68.475,-56.814,-77.692,-71.873,-21.694,-26.287,1.4564
-2.1047,60.362,66.373,-28.49,-30.166,64.016,-55.396,-77.985,-73.992,-23.776,-26.607,1.5493
-2.8755,53.376,59.426,-24.739,-26.896,57.024,-53.705,-78.032,-75.821,-25.881,-26.984,1.6221
-3.8614,44.906,50.54,-20.281,-22.859,48.304,-51.782,-77.852,-77.338,-27.996,-27.432,1.6619
-4.7802,35.825,40.653,-15.661,-18.385,38.778,-49.63,-77.418,-78.49,-30.029,-27.913,1.6959
-5.4177,26.764,30.565,-11.254,-13.784,29.157,-47.251,-76.699,-79.234,-31.845,-28.371,1.7671
-5.6764,17.977,20.71,-7.1861,-9.277,19.765,-44.687,-75.707,-79.591,-33.365,-28.779,1.8808
-5.5887,9.3893,11.164,-3.3701,-4.9811,10.569,-42.044,-74.532,-79.69,-34.64,-29.196,1.9635
-5.2988,0.81662,1.8486,0.3696,-0.95553,1.4029,-39.488,-73.335,-79.739,-35.861,-29.762,1.8723
-5.0141,-7.7391,-7.2041,4.1296,2.7476,-7.7244,-37.201,-72.308,-79.965,-37.289,-30.644,1.4486
-4.9412,-16.014,-15.747,7.8627,6.0429,-16.513,-35.341,-71.624,-80.541,-39.164,-31.977,0.57576
-5.2276,-23.63,-23.329,11.461,8.8026,-24.434,-33.989,-71.399,-81.543,-41.64,-33.825,-0.78869
-5.9209,-30.165,-29.457,14.792,10.891,-30.922,-33.144,-71.669,-82.945,-44.731,-36.172,-2.6141
-6.9506,-35.298,-33.91,17.675,12.237,-35.729,-32.737,-72.376,-84.626,-48.298,-38.927,-4.8171
-8.1463,-38.934,-36.79,19.924,12.893,-38.969,-32.668,-73.394,-86.421,-52.087,-41.937,-7.2887
-9.2931,-41.157,-38.33,21.428,13.021,-40.868,-32.848,-74.584,-88.179,-55.802,-45.036,-9.9272
-10.19,-42.143,-38.775,22.183,12.815,-41.634,-33.241,-75.86,-89.816,-59.238,-48.11,-12.677
-10.684,-42.035,-38.311,22.21,12.406,-41.408,-33.882,-77.234,-91.332,-62.353,-51.147,-15.551
-10.686,-40.793,-36.935,21.462,11.794,-40.163,-34.837,-78.796,-92.791,-65.254,-54.239,-18.614
-10.188,-38.186,-34.43,19.836,10.851,-37.679,-36.139,-80.663,-94.274,-68.1,-57.482,-21.915
-9.2707,-34.004,-30.581,17.294,9.4245,-33.745,-37.722,-82.889,-95.822,-71.004,-60.897,-25.417
-8.0861,-28.39,-25.462,13.999,7.4827,-28.456,-39.393,-85.395,-97.394,-73.938,-64.353,-28.914
-6.8071,-21.99,-19.606,10.351,5.22,-22.387,-40.848,-87.951,-98.815,-76.684,-67.534,-32.042
-5.5723,-15.828,-13.95,6.8715,3.0399,-16.514,-41.77,-90.24,-99.874,-78.942,-70.07,-34.403
-4.4554,-10.93,-9.5546,4.0264,1.4084,-11.889,-41.957,-92.0,-100.39,-80.469,-71.689,-35.746
-3.4727,-7.9526,-7.1553,2.0837,0.64789,-9.2254,-41.404,-93.121,-100.3,-81.19,-72.362,-36.074
-2.6194,-7.0164,-6.8379,1.0843,0.80104,-8.6308,-40.318,-93.704,-99.667,-81.212,-72.289,-35.637
-1.9028,-7.7418,-8.0955,0.89608,1.6525,-9.652,-39.018,-93.996,-98.642,-80.788,-71.811,-34.788
-1.3498,-9.4773,-10.202,1.3079,2.874,-11.577,-37.774,-94.268,-97.43,-80.207,-71.274,-33.842
-1.0019,-11.63,-12.605,2.1255,4.1871,-13.816,-36.68,-94.698,-96.223,-79.709,-70.93,-33.013
-0.91742,-13.964,-15.121,3.2706,5.4666,-16.157,-35.64,-95.325,-95.199,-79.426,-70.872,-32.365
-1.1685,-16.671,-17.938,4.8184,6.76,-18.801,-34.459,-96.043,-94.463,-79.357,-71.015,-31.763
-1.8202,-20.212,-21.472,6.9484,8.2202,-22.192,-32.985,-96.657,-93.979,-79.395,-71.161,-30.945
-2.9125,-25.019,-26.098,9.8546,9.9842,-26.735,-31.202,-96.938,-93.571,-79.404,-71.144,-29.737
-4.4538,-31.241,-31.85,13.633,12.058,-32.52,-29.234,-96.684,-93.022,-79.297,-70.953,-28.191
-6.4029,-38.574,-38.222,18.176,14.259,-39.151,-27.278,-95.767,-92.136,-79.041,-70.738,-26.596
-8.6358,-46.242,-44.268,23.115,16.245,-45.793,-25.523,-94.147,-90.741,-78.633,-70.723,-25.354
-10.924,-53.177,-48.967,27.858,17.638,-51.442,-24.107,-91.852,-88.62,-78.018,-71.068,-24.784
-12.966,-58.38,-51.63,31.759,18.202,-55.283,-23.068,-88.933,-85.439,-76.986,-71.76,-24.973
-14.449,-61.268,-52.118,34.332,17.989,-56.96,-22.304,-85.455,-80.744,-75.1,-72.561,-25.706
-15.109,-61.843,-50.886,35.376,17.344,-56.669,-21.581,-81.523,-74.2,-71.68,-73.056,-26.51
-14.783,-60.615,-48.861,34.972,16.789,-55.074,-20.559,-77.24,-66.373,-65.948,-72.695,-26.767
-13.449,-58.368,-47.158,33.395,16.839,-53.071,-18.867,-72.515,-60.369,-58.445,-70.921,-25.906
-11.239,-55.865,-46.715,31.018,17.81,-51.513,-16.249,-66.826,-63.448,-58.248,-67.819,-23.69
-8.4269,-53.634,-47.927,28.224,19.681,-50.966,-12.799,-59.354,-80.644,-89.262,-67.779,-21.295
-5.3685,-52.014,-50.403,25.488,22.051,-51.586,-9.0801,-49.63,-92.717,-107.96,-88.524,-28.376
-2.4413,-52.775,-53.131,24.497,24.22,-53.879,-6.0109,-38.392,-79.841,-104.08,-106.96,-55.923
0.021486,-67.984,-57.655,32.97,25.342,-65.699,-4.3038,-27.745,-49.991,-91.503,-112.91,-63.872
1.8794,-99.587,-80.464,51.381,24.796,-95.544,-2.8547,-16.512,-10.562,-67.941,-112.9,-64.648
3.4863,-102.8,-97.55,51.597,24.898,-101.69,7.4301,25.703,34.768,-31.263,-102.55,-58.732
5.8086,-88.633,-94.698,40.118,43.159,-92.294,50.7,117.29,84.992,21.104,-77.742,-43.378
9.6907,-61.08,-81.363,21.623,48.62,-72.451,74.382,152.2,143.47,92.35,-35.271,-16.438
14.885,-21.339,-59.048,-3.5993,41.587,-41.352,78.757,169.05,215.29,187.47,27.858,25.798
21.022,29.513,-26.735,-36.0,32.338,1.5065,75.008,171.33,299.56,310.73,115.2,85.264
31.928,94.268,18.122,-77.468,20.327,57.317,60.929,153.28,388.56,460.74,225.95,160.35
63.334,176.98,79.346,-130.06,3.0964,129.52,32.967,107.02,474.63,634.57,356.47,249.33
104.79,279.58,160.85,-193.52,-22.937,221.13,-12.349,24.509,550.46,825.97,502.55,350.12
128.03,401.24,265.72,-264.57,-62.285,334.01,-76.517,-100.33,608.21,1021.4,656.3,457.75
138.08,538.99,394.85,-337.58,-119.39,468.32,-157.74,-269.52,639.03,1198.1,803.42,562.63
133.68,684.56,544.49,-404.76,-197.03,618.87,-251.82,-479.31,632.16,1323.9,922.79,650.68
111.81,823.04,710.83,-457.24,-293.94,773.04,-353.46,-719.21,573.85,1362.2,989.13,705.47
70.67,936.03,882.36,-487.16,-402.31,912.44,-456.72,-972.07,449.08,1281.5,979.96,712.38
11.402,1006.0,1021.4,-489.04,-508.31,1016.8,-556.07,-1216.6,248.33,1068.0,884.05,663.48
-60.594,1019.6,1111.9,-460.4,-596.12,1068.3,-647.7,-1431.4,-24.996,734.34,706.78,561.03
-135.94,971.12,1138.3,-402.53,-651.75,1056.2,-729.03,-1598.2,-352.08,319.67,469.98,417.48
-203.65,864.95,1094.9,-321.18,-666.47,980.02,-797.16,-1704.3,-700.2,-118.48,206.82,252.23
-254.64,715.04,989.18,-226.18,-639.69,850.69,-847.82,-1742.9,-1027.6,-518.09,-46.261,86.613
-284.24,541.54,838.74,-129.16,-578.76,687.46,-874.96,-1713.5,-1291.7,-828.28,-258.21,-60.88
-292.33,366.18,666.11,-41.141,-495.63,512.89,-872.27,-1621.4,-1458.8,-1020.7,-409.9,-177.57
-281.92,208.34,492.84,29.118,-402.76,347.58,-836.3,-1477.4,-1512.8,-1092.9,-496.3,-257.61
-257.64,82.359,336.52,77.374,-310.59,206.97,-769.07,-1297.6,-1458.2,-1063.3,-524.47,-301.89
-224.49,-4.5567,209.87,104.15,-227.67,100.9,-678.26,-1102.3,-1318.7,-962.81,-508.4,-316.65
-187.04,-53.818,119.25,112.02,-159.98,31.773,-575.1,-911.21,-1129.0,-825.3,-463.02,-309.41
-149.17,-73.356,62.124,104.55,-108.51,-6.3986,-471.32,-738.91,-925.06,-680.34,-402.12,-287.0
-114.98,-73.412,29.413,87.282,-70.575,-23.311,-376.35,-591.29,-734.74,-548.45,-338.38,-256.63
-88.239,-63.956,13.394,62.668,-44.292,-27.415,-295.86,-468.47,-574.06,-439.55,-280.92,-224.39
-69.094,-52.797,7.8432,35.913,-27.678,-25.632,-231.35,-368.82,-448.31,-354.72,-233.91,-193.04
-55.616,-33.743,6.2479,30.623,-17.829,-23.297,-180.98,-289.39,-355.75,-290.57,-196.68,-165.18
-46.643,-24.698,3.4333,30.859,-12.027,-17.575,-141.35,-226.89,-290.16,-243.85,-166.96,-141.99
-41.415,-35.187,-2.28,32.658,-8.2141,-13.812,-109.47,-179.04,-241.84,-210.22,-145.11,-124.05
-38.231,-42.962,-6.4246,34.654,-4.677,-25.946,-83.542,-143.35,-203.05,-182.92,-128.06,-111.0
-33.447,-47.103,-14.812,35.729,-4.2136,-34.016,-62.468,-116.15,-169.99,-158.79,-113.19,-101.11
-28.657,-48.196,-20.963,35.309,-5.7373,-37.048,-45.788,-93.797,-141.29,-137.11,-99.737,-93.358
-26.801,-47.02,-22.869,33.452,-5.7038,-37.019,-33.114,-74.36,-116.72,-117.74,-88.028,-86.843
-25.515,-44.725,-22.573,30.781,-5.0407,-35.676,-24.879,-62.104,-96.662,-100.94,-77.959,-80.433
-23.472,-42.507,-22.239,28.108,-3.6739,-34.366,-23.407,-58.872,-85.288,-88.618,-68.948,-73.497
-20.478,-41.148,-23.262,25.943,-1.1107,-33.953,-21.619,-54.163,-79.124,-79.942,-61.053,-66.837
-16.659,-40.88,-26.232,24.361,2.8968,-34.791,-18.059,-47.338,-70.092,-71.788,-54.524,-61.659
-12.291,-41.542,-31.035,23.197,8.1354,-36.807,-14.37,-40.339,-59.731,-63.515,-49.303,-58.1
-7.8402,-42.801,-37.028,22.282,13.984,-39.646,-10.942,-33.89,-50.13,-55.568,-45.162,-55.72
-3.9215,-44.324,-43.28,21.586,19.602,-42.817,-7.8353,-28.13,-41.92,-48.294,-41.85,-54.119
-1.1373,-45.904,-48.845,21.261,24.15,-45.854,-5.0818,-23.031,-35.072,-41.808,-39.166,-53.041
0.090375,-47.524,-53.026,21.58,27.008,-48.451,-2.7138,-18.559,-29.382,-36.103,-36.963,-52.32
-0.39295,-49.348,-55.535,22.787,27.919,-50.543,-0.73665,-14.723,-24.653,-31.13,-35.146,-51.846
-2.4906,-51.608,-56.482,24.985,27.025,-52.275,0.91393,-11.568,-20.707,-26.827,-33.639,-51.528
-5.9209,-54.445,-56.203,28.092,24.784,-53.851,2.356,-9.1203,-17.38,-23.113,-32.379,-51.288
-10.253,-57.742,-55.013,31.817,21.748,-55.323,3.7404,-7.333,-14.515,-19.898,-31.3,-51.063
-14.928,-61.033,-53.038,35.652,18.328,-56.467,5.2085,-6.056,-11.957,-17.074,-30.328,-50.806
-19.328,-63.61,-50.271,38.958,14.779,-56.867,6.8569,-5.053,-9.5592,-14.52,-29.374,-50.485
-22.894,-64.787,-46.759,41.148,11.319,-56.145,8.7086,-4.0643,-7.1962,-12.122,-28.355,-50.091
-25.234,-64.19,-42.762,41.875,8.1959,-54.178,10.686,-2.893,-4.7948,-9.8051,-27.23,-49.634
-26.161,-61.907,-38.779,41.118,5.6799,-51.213,12.602,-1.4591,-2.3459,-7.5587,-26.02,-49.152
-25.673,-58.446,-35.465,39.128,4.0593,-47.814,14.207,0.2113,0.11133,-5.4283,-24.79,-48.684
-23.889,-54.552,-33.456,36.323,3.6067,-44.698,15.313,2.0611,2.5252,-3.4694,-23.607,-48.252
-21.032,-50.962,-33.142,33.188,4.4991,-42.502,15.92,4.0926,4.8885,-1.6844,-22.472,-47.835
-17.438,-48.179,-34.493,30.147,6.7033,-41.544,16.256,6.4118,7.2839,0.011406,-21.283,-47.346
-13.534,-46.333,-37.066,27.438,9.9032,-41.707,16.702,9.1868,9.8648,1.76,-19.871,-46.672
-9.7798,-45.17,-40.158,25.067,13.518,-42.509,17.645,12.565,12.797,3.6889,-18.087,-45.75
-6.5911,-44.219,-42.922,22.891,16.798,-43.313,19.341,16.625,16.221,5.8578,-15.864,-44.604
-4.2482,-42.995,-44.419,20.741,19.004,-43.484,21.877,21.395,20.247,8.2642,-13.221,-43.322
-2.7931,-41.114,-43.814,18.49,19.647,-42.486,25.144,26.914,24.99,10.882,-10.208,-41.996
-2.003,-38.36,-40.762,16.049,18.696,-40.049,28.839,33.245,30.578,13.691,-6.8699,-40.663
-1.4779,-34.802,-35.74,13.386,16.626,-36.381,32.563,40.415,37.104,16.675,-3.2324,-39.28
-0.79259,-30.906,-30.07,10.591,14.287,-32.257,36.042,48.38,44.557,19.814,0.68571,-37.754
0.35762,-27.523,-25.562,7.9516,12.693,-28.858,39.336,57.012,52.829,23.096,4.8798,-35.965
2.0748,-25.654,-23.914,5.9048,12.733,-27.404,42.79,66.138,61.781,26.537,9.3638,-33.802
4.2666,-26.082,-26.12,4.8813,14.891,-28.711,46.82,75.554,71.331,30.179,14.18,-31.183
6.7213,-29.031,-32.155,5.0915,19.112,-32.88,51.622,85.012,81.451,34.072,19.361,-28.092
9.1957,-34.036,-41.014,6.4065,24.841,-39.252,57.034,94.236,92.084,38.24,24.883,-24.589
11.477,-40.087,-51.044,8.3998,31.179,-46.63,62.617,102.98,103.05,42.646,30.64,-20.809
13.41,-45.923,-60.385,10.5,37.091,-53.602,67.887,111.11,114.05,47.216,36.475,-16.917
14.901,-50.377,-67.423,12.181,41.653,-58.866,72.521,118.63,124.77,51.863,42.248,-13.056
15.917,-52.71,-71.18,13.115,44.283,-61.594,76.434,125.65,134.96,56.515,47.874,-9.3238
16.473,-52.818,-71.546,13.236,44.876,-61.675,79.734,132.26,144.52,61.127,53.324,-5.761
16.621,-51.187,-69.199,12.677,43.771,-59.692,82.625,138.49,153.38,65.659,58.58,-2.3731
16.419,-48.655,-65.281,11.703,41.565,-56.65,85.28,144.29,161.48,70.051,63.588,0.84685
15.876,-46.141,-61.038,10.656,38.899,-53.641,87.748,149.52,168.69,74.209,68.261,3.9106
14.96,-44.377,-57.506,9.9031,36.321,-51.521,89.939,154.07,174.87,78.032,72.523,6.8473
13.66,-43.64,-55.258,9.6887,34.162,-50.633,91.715,157.91,179.97,81.476,76.363,9.7141
12.069,-43.472,-54.235,9.903,32.442,-50.597,92.982,161.12,184.06,84.575,79.845,12.582
10.405,-42.595,-53.708,9.9126,30.899,-50.352,93.702,163.81,187.31,87.42,83.065,15.507
8.9783,-39.452,-52.518,8.8181,29.158,-48.539,93.876,166.08,189.89,90.083,86.095,18.516
8.1416,-33.217,-49.547,6.1549,26.956,-44.054,93.546,167.97,191.93,92.579,88.969,21.609
8.2046,-24.122,-44.157,2.0433,24.258,-36.488,92.801,169.44,193.51,94.86,91.697,24.775
9.3615,-13.017,-36.42,-3.2933,21.262,-26.338,91.784,170.44,194.7,96.847,94.288,28.004
11.623,-1.0272,-27.174,-9.5709,18.344,-14.885,90.672,170.87,195.53,98.45,96.757,31.283
14.749,10.659,-17.873,-16.271,15.931,-3.7186,89.635,170.69,195.99,99.586,99.111,34.607
18.265,20.947,-10.031,-22.688,14.318,5.7613,88.805,169.86,196.01,100.2,101.37,37.988
21.548,28.95,-4.5634,-28.085,13.484,12.658,88.251,168.42,195.54,100.29,103.55,41.454
23.939,34.13,-1.528,-31.843,13.074,16.689,87.977,166.45,194.53,99.921,105.71,45.032
24.895,36.427,-0.39714,-33.608,12.629,18.16,87.925,164.06,193.02,99.197,107.84,48.706
24.225,36.28,-0.52555,-33.403,11.885,17.782,87.985,161.31,191.02,98.212,109.92,52.385
22.226,34.464,-1.4619,-31.643,10.922,16.378,88.012,158.22,188.53,96.967,111.85,55.893
19.626,31.811,-3.0193,-29.017,10.139,14.59,87.868,154.72,185.45,95.348,113.47,59.011
17.342,28.929,-5.2426,-26.263,10.125,12.676,87.441,150.7,181.57,93.165,114.62,61.558
16.174,26.083,-8.3843,-23.932,11.453,10.484,86.652,146.08,176.61,90.239,115.21,63.467
16.547,23.302,-12.756,-22.273,14.416,7.6864,85.441,140.8,170.34,86.502,115.23,64.802
18.39,20.59,-18.285,-21.291,18.811,4.2284,83.771,134.88,162.65,82.075,114.81,65.72
21.196,18.148,-24.148,-20.897,23.909,0.60037,81.656,128.38,153.68,77.241,114.12,66.402
24.232,16.436,-29.132,-21.067,28.674,-2.3764,79.182,121.39,143.77,72.32,113.35,66.991
26.824,16.033,-32.156,-21.903,32.035,-3.9293,76.444,113.91,133.24,67.501,112.56,67.531
28.558,17.513,-32.117,-23.549,33.121,-3.2833,73.437,105.84,122.23,62.781,111.7,67.931
29.33,21.342,-28.043,-26.097,31.501,0.32517,70.013,96.93,110.69,58.032,110.61,68.016
29.302,27.629,-19.8,-29.519,27.379,7.1698,65.96,86.98,98.611,53.151,109.17,67.633
28.79,35.828,-8.4352,-33.576,21.551,16.609,61.132,75.963,86.218,48.179,107.38,66.765
28.099,44.692,4.1095,-37.752,15.177,27.093,55.563,64.167,74.065,43.331,105.4,65.571
27.405,52.612,15.668,-41.346,9.4798,36.643,49.498,52.146,62.841,38.913,103.49,64.352
26.719,58.216,24.558,-43.711,5.3777,43.614,43.32,40.504,53.074,35.198,101.9,63.448
25.921,60.868,30.028,-44.509,3.1424,47.308,37.37,29.648,44.94,32.33,100.8,63.105
24.835,60.805,32.369,-43.83,2.3305,48.077,31.789,19.702,38.299,30.287,100.23,63.386
23.319,58.961,32.638,-42.144,2.0633,46.983,26.492,10.589,32.837,28.907,100.1,64.158
21.313,56.599,32.281,-40.084,1.4113,45.386,21.304,2.1742,28.23,27.96,100.23,65.169
18.843,54.888,32.787,-38.215,-0.32743,44.576,16.154,-5.6118,24.255,27.244,100.44,66.167
15.985,54.533,35.183,-36.845,-3.4499,45.386,11.196,-12.738,20.829,26.669,100.63,67.013
12.863,55.557,39.557,-35.953,-7.7573,47.893,6.7463,-19.108,17.979,26.277,100.82,67.726
9.6474,57.31,45.05,-35.23,-12.618,51.398,3.0941,-24.639,15.764,26.199,101.11,68.438
6.5736,58.777,50.311,-34.263,-17.178,54.746,0.37194,-29.318,14.208,26.555,101.62,69.292
3.9137,59.085,54.013,-32.779,-20.63,56.824,-1.4667,-33.234,13.26,27.374,102.37,70.341
1.9046,57.903,55.245,-30.787,-22.431,56.968,-2.6188,-36.559,12.786,28.55,103.26,71.511
0.6527,55.448,53.831,-28.526,-22.457,55.17,-3.386,-39.5,12.596,29.868,104.13,72.633
0.073631,52.275,50.417,-26.299,-21.057,52.016,-4.0953,-42.233,12.499,31.078,104.77,73.519
-0.093213,49.005,46.144,-24.322,-18.947,48.373,-4.9881,-44.844,12.34,31.969,105.03,74.022
-0.19825,46.122,42.184,-22.662,-16.948,45.046,-6.1325,-47.326,12.026,32.417,104.81,74.063
-0.55416,43.909,39.438,-21.282,-15.714,42.613,-7.4227,-49.6,11.526,32.4,104.1,73.62
-1.3217,42.452,38.385,-20.11,-15.558,41.367,-8.6646,-51.564,10.858,31.973,102.96,72.705
-2.4594,41.668,39.003,-19.097,-16.42,41.282,-9.6898,-53.13,10.068,31.233,101.43,71.346
-3.7515,41.371,40.839,-18.249,-17.952,42.046,-10.431,-54.26,9.2057,30.265,99.54,69.551
-4.8957,41.374,43.197,-17.632,-19.67,43.206,-10.932,-54.974,8.2994,29.108,97.271,67.293
-5.614,41.562,45.349,-17.332,-21.096,44.338,-11.312,-55.345,7.3436,27.75,94.561,64.509
-5.752,41.857,46.71,-17.376,-21.858,45.142,-11.695,-55.465,6.308,26.15,91.345,61.139
-5.336,42.114,46.931,-17.656,-21.759,45.409,-12.164,-55.41,5.165,24.29,87.593,57.187
-4.5695,42.046,45.907,-17.917,-20.822,44.963,-12.721,-55.209,3.9198,22.211,83.359,52.772
-3.7663,41.317,43.797,-17.83,-19.298,43.696,-13.296,-54.842,2.6224,20.02,78.788,48.124
-3.245,39.73,41.056,-17.137,-17.599,41.706,-13.786,-54.263,1.3483,17.856,74.084,43.512
-3.2283,37.356,38.368,-15.766,-16.196,39.343,-14.116,-53.44,0.15834,15.837,69.434,39.133
-3.7833,34.532,36.476,-13.883,-15.512,37.125,-14.278,-52.382,-0.93488,14.014,64.936,35.064
-4.8213,31.764,35.942,-11.856,-15.818,35.549,-14.332,-51.147,-1.9659,12.366,60.581,31.292
-6.1525,29.592,36.914,-10.124,-17.112,34.908,-14.359,-49.807,-2.9841,10.842,56.296,27.786
-7.5744,28.333,39.014,-8.953,-19.08,35.134,-14.401,-48.423,-4.0172,9.3976,52.025,24.556
-8.9477,27.72,41.34,-8.2269,-21.149,35.671,-14.446,-47.024,-5.0602,8.0173,47.779,21.652
-10.221,26.885,42.623,-7.4772,-22.62,35.557,-14.453,-45.629,-6.089,6.7024,43.631,19.142
-11.395,24.793,41.66,-6.1512,-22.886,33.788,-14.395,-44.248,-7.0778,5.4592,39.681,17.074
-12.469,20.868,37.887,-3.9338,-21.665,29.853,-14.281,-42.892,-8.0034,4.2997,36.026,15.459
-13.402,15.41,31.751,-0.94764,-19.139,24.128,-14.153,-41.563,-8.8386,3.2487,32.748,14.254
-14.098,9.5019,24.6,2.2696,-15.903,17.788,-14.068,-40.261,-9.5473,2.3475,29.899,13.376
-14.424,4.5442,18.166,4.9862,-12.737,12.344,-14.073,-38.983,-10.085,1.6488,27.503,12.721
-14.237,1.7584,13.964,6.5326,-10.346,9.1174,-14.185,-37.729,-10.406,1.2046,25.548,12.197
-13.437,1.8281,12.887,6.4939,-9.1757,8.8496,-14.385,-36.499,-10.483,1.046,23.994,11.75
-12.032,4.7235,15.043,4.8319,-9.3487,11.542,-14.644,-35.295,-10.321,1.1691,22.764,11.369
-10.198,9.7291,19.787,1.9151,-10.692,16.497,-14.936,-34.123,-9.9574,1.5379,21.761,11.075
-8.2729,15.681,25.958,-1.5849,-12.836,22.553,-15.262,-32.992,-9.4494,2.1004,20.879,10.903
-6.6812,21.372,32.287,-4.9206,-15.378,28.464,-15.642,-31.927,-8.868,2.7949,20.019,10.873
-5.8209,25.976,37.795,-7.5107,-18.024,33.337,-16.116,-30.986,-8.3014,3.5428,19.089,10.975
-5.9427,29.262,42.101,-9.0952,-20.641,36.926,-16.717,-30.254,-7.8566,4.2451,17.995,11.163
-7.0682,31.533,45.425,-9.7748,-23.19,39.561,-17.437,-29.815,-7.6411,4.7978,16.646,11.366
-8.9717,33.291,48.137,-9.9036,-25.607,41.697,-18.198,-29.693,-7.7264,5.124,14.98,11.521
-11.224,34.797,50.189,-9.8603,-27.702,43.389,-18.875,-29.8,-8.1075,5.2084,12.998,11.605
-13.282,35.919,51.151,-9.8767,-29.174,44.266,-19.357,-29.926,-8.6851,5.1151,10.79,11.65
-14.622,36.471,50.775,-10.057,-29.728,44.097,-19.599,-29.795,-9.2896,4.9724,8.5054,11.726
-14.87,36.593,49.308,-10.495,-29.219,43.191,-19.636,-29.149,-9.7418,4.9286,6.3049,11.905
-13.889,36.753,47.34,-11.339,-27.739,42.197,-19.573,-27.845,-9.923,5.0994,4.3084,12.228
-11.778,37.476,45.544,-12.75,-25.601,41.757,-19.544,-25.88,-9.8156,5.5325,2.5771,12.702
-8.8184,39.095,44.497,-14.787,-23.243,42.306,-19.658,-23.363,-9.4942,6.2028,1.1196,13.308
-5.4081,41.635,44.514,-17.336,-21.079,43.955,-19.95,-20.449,-9.0804,7.0364,-0.08916,14.021
-1.9932,44.795,45.523,-20.126,-19.37,46.436,-20.363,-17.305,-8.6929,7.9433,-1.0906,14.813
0.99503,47.991,47.067,-22.791,-18.182,49.133,-20.78,-14.109,-8.4258,8.832,-1.9417,15.648
3.2066,50.512,48.48,-24.933,-17.434,51.261,-21.083,-11.088,-8.3622,9.5994,-2.7301,16.447
4.3895,51.741,49.15,-26.187,-17.003,52.161,-21.23,-8.535,-8.5976,10.121,-3.5798,17.082
4.3779,51.373,48.764,-26.307,-16.824,51.55,-21.281,-6.7631,-9.2402,10.27,-4.6179,17.4
3.1634,49.531,47.429,-25.271,-16.927,49.616,-21.392,-5.9933,-10.383,9.9601,-5.9146,17.299
0.99812,46.729,45.595,-23.357,-17.391,46.901,-21.769,-6.2632,-12.073,9.1855,-7.4408,16.776
-1.6065,43.699,43.768,-21.1,-18.205,44.07,-22.614,-7.4123,-14.294,8.0194,-9.0788,15.928
-3.9887,41.188,42.273,-19.143,-19.17,41.717,-24.071,-9.1423,-16.966,6.5895,-10.676,14.893
-5.4829,39.818,41.247,-18.068,-19.926,40.299,-26.17,-11.106,-19.957,5.0417,-12.104,13.789
-5.587,39.996,40.779,-18.272,-20.129,40.099,-28.793,-12.984,-23.084,3.5143,-13.291,12.688
-4.1432,41.829,40.957,-19.877,-19.655,41.192,-31.724,-14.555,-26.14,2.1204,-14.216,11.621
-1.4296,45.084,41.866,-22.661,-18.673,43.46,-34.741,-15.739,-28.931,0.93137,-14.894,10.597
1.9147,49.256,43.604,-26.103,-17.604,46.671,-37.677,-16.632,-31.344,-0.043823,-15.363,9.6159
5.0779,53.696,46.281,-29.52,-17.003,50.535,-40.426,-17.503,-33.402,-0.87331,-15.69,8.6738
7.295,57.735,49.924,-32.257,-17.356,54.679,-42.947,-18.723,-35.275,-1.6947,-15.97,7.7537
8.0529,60.786,54.31,-33.839,-18.874,58.61,-45.243,-20.635,-37.238,-2.6797,-16.314,6.8281
7.2264,62.423,58.839,-34.051,-21.363,61.74,-47.297,-23.395,-39.579,-3.9866,-16.824,5.8677
5.089,62.383,62.552,-32.932,-24.253,63.469,-49.02,-26.905,-42.511,-5.7226,-17.561,4.8638
2.193,60.525,64.355,-30.679,-26.751,63.253,-50.233,-30.869,-46.087,-7.9182,-18.525,3.8531
-0.82593,56.807,63.351,-27.557,-28.062,60.717,-50.729,-34.908,-50.168,-10.517,-19.645,2.9125
-3.45,51.35,59.188,-23.837,-27.635,55.808,-50.383,-38.682,-54.449,-13.386,-20.814,2.1143
-5.4161,44.502,52.247,-19.765,-25.385,48.915,-49.251,-41.953,-58.57,-16.355,-21.934,1.4822
-6.7305,36.847,43.585,-15.56,-21.775,40.856,-47.585,-44.609,-62.252,-19.271,-22.961,0.97665
-7.5753,29.112,34.647,-11.431,-17.662,32.68,-45.745,-46.655,-65.373,-22.043,-23.911,0.49943
-8.1758,21.995,26.843,-7.598,-13.965,25.382,-44.095,-48.194,-67.967,-24.667,-24.851,-0.088169
-8.6915,15.989,21.128,-4.2691,-11.337,19.618,-42.901,-49.383,-70.165,-27.21,-25.873,-0.92703
-9.1609,11.256,17.73,-1.5973,-9.9779,15.524,-42.273,-50.372,-72.118,-29.761,-27.055,-2.1047
-9.5063,7.6355,16.156,0.37603,-9.6516,12.704,-42.143,-51.252,-73.926,-32.366,-28.421,-3.6045
-9.5731,4.7354,15.411,1.7423,-9.8132,10.421,-42.306,-52.033,-75.598,-34.991,-29.92,-5.297
-9.1953,2.0726,14.292,2.6994,-9.7721,7.9122,-42.505,-52.675,-77.082,-37.541,-31.452,-6.9973
-8.2874,-0.80217,11.786,3.4958,-8.8986,4.6411,-42.536,-53.157,-78.347,-39.95,-32.934,-8.5694
-6.934,-4.1955,7.4724,4.3742,-6.8736,0.42758,-42.328,-53.533,-79.457,-42.275,-34.38,-10.021
-5.4145,-8.2004,1.6656,5.5284,-3.8501,-4.5676,-41.976,-53.957,-80.602,-44.733,-35.931,-11.532
-4.1386,-12.688,-4.8153,7.0782,-0.39742,-9.9506,-41.683,-54.63,-82.028,-47.624,-37.812,-13.386
-3.522,-17.377,-11.026,9.0609,2.7362,-15.234,-41.651,-55.71,-83.919,-51.183,-40.222,-15.831
-3.8566,-21.956,-16.192,11.439,4.907,-19.981,-41.95,-57.219,-86.264,-55.408,-43.216,-18.933
-5.2207,-26.204,-19.899,14.12,5.791,-23.932,-42.457,-59.013,-88.828,-59.983,-46.623,-22.471
-7.4551,-30.047,-22.167,16.972,5.471,-27.062,-42.886,-60.82,-91.237,-64.399,-50.059,-25.963
-10.206,-33.536,-23.394,19.842,4.3783,-29.557,-42.934,-62.34,-93.142,-68.148,-53.07,-28.87
-13.015,-36.78,-24.163,22.576,3.1116,-31.702,-42.425,-63.363,-94.347,-70.959,-55.333,-30.872
-15.439,-39.877,-25.004,25.06,2.2158,-33.756,-41.38,-63.856,-94.862,-72.866,-56.814,-32.014
-17.138,-42.882,-26.292,27.235,2.0498,-35.888,-40.023,-63.981,-94.873,-74.129,-57.739,-32.648
-17.939,-45.783,-28.273,29.082,2.7871,-38.18,-38.706,-64.024,-94.672,-75.15,-58.493,-33.244
-17.832,-48.505,-31.091,30.582,4.4504,-40.648,-37.779,-64.272,-94.561,-76.329,-59.45,-34.184
-16.912,-50.927,-34.721,31.689,6.9211,-43.239,-37.426,-64.889,-94.745,-77.905,-60.828,-35.632
-15.326,-52.933,-38.911,32.353,9.9588,-45.825,-37.582,-65.855,-95.262,-79.882,-62.633,-37.467
-13.254,-54.455,-43.216,32.556,13.25,-48.232,-37.944,-66.982,-95.977,-82.032,-64.632,-39.301
-10.947,-55.482,-47.138,32.333,16.456,-50.272,-38.123,-68.004,-96.648,-84.006,-66.453,-40.653
-8.7321,-56.02,-50.238,31.773,19.236,-51.772,-37.82,-68.704,-97.047,-85.515,-67.745,-41.189
-6.9649,-56.083,-52.135,31.034,21.247,-52.558,-36.959,-69.002,-97.067,-86.446,-68.367,-40.903
-5.9982,-55.71,-52.464,30.349,22.129,-52.485,-35.724,-68.999,-96.772,-86.906,-68.455,-40.116
-6.149,-55.029,-50.998,29.997,21.548,-51.523,-34.497,-68.917,-96.35,-87.13,-68.321,-39.298
-7.5921,-54.278,-47.854,30.217,19.372,-49.852,-33.682,-68.978,-96.015,-87.353,-68.297,-38.848
-10.217,-53.755,-43.605,31.123,15.865,-47.865,-33.497,-69.28,-95.872,-87.694,-68.56,-38.928
-13.583,-53.72,-39.161,32.639,11.716,-46.063,-33.851,-69.755,-95.883,-88.128,-69.074,-39.414
-17.013,-54.277,-35.508,34.492,7.8472,-44.901,-34.399,-70.197,-95.917,-88.541,-69.642,-39.963
-19.776,-55.327,-33.419,36.269,5.1385,-44.646,-34.712,-70.371,-95.833,-88.823,-70.051,-40.187
-21.285,-56.593,-33.26,37.546,4.1635,-45.309,-34.457,-70.088,-95.535,-88.931,-70.203,-39.879
-21.256,-57.727,-34.919,38.016,5.0325,-46.66,-33.519,-69.242,-94.98,-88.9,-70.192,-39.134
-19.779,-58.416,-37.867,37.585,7.376,-48.308,-32.023,-67.818,-94.179,-88.845,-70.277,-38.31
-17.273,-58.462,-41.323,36.372,10.48,-49.814,-30.261,-65.861,-93.141,-88.883,-70.756,-37.838
-14.336,-57.821,-44.478,34.646,13.536,-50.814,-28.557,-63.415,-91.779,-89.022,-71.785,-38.006
-11.555,-56.604,-46.718,32.726,15.916,-51.116,-27.102,-60.473,-89.829,-89.075,-73.271,-38.835
-9.3396,-55.024,-47.777,30.884,17.354,-50.734,-25.85,-56.945,-86.809,-88.605,-74.847,-40.093
-7.8325,-53.317,-47.75,29.262,17.943,-49.841,-24.534,-52.664,-82.111,-86.934,-75.976,-41.409
-6.9095,-51.613,-46.955,27.817,17.978,-48.654,-22.795,-47.375,-75.476,-83.236,-76.096,-42.376
-6.2779,-49.802,-45.694,26.298,17.76,-47.266,-20.358,-40.703,-68.374,-77.286,-74.687,-42.628
-5.6034,-47.42,-43.997,24.264,17.414,-45.472,-17.138,-32.163,-66.138,-75.745,-71.811,-41.894
-4.6054,-43.605,-41.529,21.208,16.806,-42.671,-13.278,-21.414,-75.782,-99.548,-72.387,-40.724
-3.1258,-37.272,-37.609,16.913,15.681,-37.799,-9.2926,-8.8661,-89.595,-111.9,-94.353,-49.116
-1.1781,-28.273,-31.114,12.368,13.851,-29.539,-6.1156,3.5554,-86.296,-107.97,-109.63,-67.858
1.124,-23.546,-21.372,12.209,11.228,-20.361,-4.6733,12.332,-64.822,-95.859,-115.92,-77.136
3.7974,-52.944,-27.055,25.492,8.0654,-42.568,-4.742,15.245,-31.731,-73.028,-116.06,-81.78
7.0493,-78.364,-69.232,36.11,10.422,-75.664,-2.3851,26.761,11.583,-37.147,-105.63,-77.661
10.904,-67.774,-68.299,28.752,37.777,-67.884,21.49,99.734,67.562,14.812,-80.891,-61.099
15.121,-46.776,-58.717,12.387,42.525,-51.911,63.734,152.68,140.11,89.463,-37.997,-30.823
20.157,-16.126,-44.438,-11.651,42.693,-28.97,74.147,173.85,223.76,193.16,28.113,16.206
29.42,26.743,-21.903,-45.087,40.217,3.8905,74.479,182.04,307.54,323.21,119.07,81.797
54.28,85.993,14.602,-88.696,32.25,51.13,67.164,173.89,387.93,477.16,232.63,163.61
96.346,165.52,72.174,-140.5,14.223,117.28,48.992,142.68,461.25,652.67,366.95,259.92
122.42,266.02,156.78,-197.92,-18.577,206.48,15.733,79.136,522.66,842.12,515.96,368.48
128.46,385.59,267.01,-259.25,-69.741,320.25,-36.385,-26.502,564.45,1030.4,667.17,482.15
117.66,518.8,397.32,-320.57,-140.99,454.35,-108.68,-180.21,576.34,1192.8,801.74,588.04
89.07,655.82,543.23,-375.72,-230.94,599.76,-198.2,-379.5,546.77,1296.5,897.05,669.61
42.649,783.07,703.62,-417.52,-334.3,744.25,-297.84,-612.22,465.25,1307.1,931.01,710.64
-18.618,884.37,866.18,-439.15,-441.34,872.09,-398.45,-858.75,322.12,1197.9,886.79,699.11
-88.205,944.11,992.01,-435.94,-537.96,965.33,-492.11,-1095.8,110.55,959.81,758.65,630.37
-157.0,951.45,1069.4,-406.21,-609.69,1008.6,-575.62,-1301.4,-165.93,608.36,556.28,509.15
-215.54,902.78,1085.3,-351.41,-645.96,993.0,-649.44,-1458.8,-488.85,184.37,304.2,349.61
-257.03,802.75,1036.7,-276.29,-642.36,919.42,-713.67,-1558.4,-826.03,-254.07,36.3,173.06
-278.86,664.49,932.66,-189.32,-601.69,799.05,-765.78,-1596.7,-1137.0,-645.94,-211.88,3.2008
-281.81,506.97,790.49,-101.79,-532.76,650.07,-800.46,-1574.8,-1381.2,-942.68,-411.11,-139.5
-268.96,349.89,630.5,-24.769,-447.22,492.21,-811.04,-1497.4,-1527.5,-1118.8,-544.56,-242.44
-244.73,209.14,471.3,33.685,-356.56,342.7,-792.31,-1372.8,-1562.5,-1174.9,-610.22,-303.3
-213.86,95.209,327.21,70.351,-270.3,213.74,-743.54,-1212.9,-1493.1,-1133.1,-618.4,-328.9
-180.52,13.134,207.24,87.671,-195.24,112.12,-669.52,-1032.8,-1344.0,-1025.4,-584.55,-329.38
-148.01,-37.643,115.34,91.342,-134.72,40.041,-579.11,-848.61,-1149.4,-882.56,-524.12,-311.6
-119.26,-62.947,53.765,85.687,-88.4,-4.2046,-482.66,-674.45,-943.96,-731.29,-451.98,-281.09
-96.393,-71.052,19.811,66.184,-55.412,-26.161,-389.72,-521.76,-754.61,-592.08,-380.56,-245.1
-78.814,-68.871,4.8286,37.457,-35.14,-33.571,-307.29,-398.38,-596.62,-476.23,-317.36,-209.6
-64.664,-59.066,0.20782,29.176,-24.315,-32.712,-239.13,-305.6,-473.82,-386.48,-265.11,-177.27
-52.604,-31.418,0.97961,28.235,-18.852,-26.921,-185.67,-238.24,-382.28,-320.66,-223.71,-149.6
-41.763,-20.877,3.9386,27.116,-15.783,-14.691,-144.53,-189.56,-314.49,-273.93,-192.94,-128.13
-31.439,-25.89,6.0356,25.28,-12.96,-6.0242,-112.28,-153.98,-262.37,-238.78,-170.79,-112.64
-22.254,-28.961,4.6463,23.369,-8.736,-13.01,-86.374,-127.21,-219.94,-209.13,-153.22,-100.61
-16.581,-30.608,-3.2288,22.213,-6.774,-19.095,-65.587,-105.88,-184.15,-181.95,-137.17,-90.95
-14.213,-33.075,-11.549,22.509,-4.8173,-23.779,-49.633,-87.596,-153.61,-157.8,-121.77,-82.992
-13.751,-37.477,-19.624,24.577,-1.3749,-29.38,-37.904,-75.738,-127.63,-136.94,-107.42,-75.449
-14.545,-43.865,-28.147,28.293,2.4446,-36.404,-30.24,-76.541,-105.87,-118.94,-95.215,-67.289
-16.298,-51.466,-36.718,33.133,5.9228,-44.149,-29.059,-74.0,-90.46,-104.12,-86.064,-59.605
-18.727,-58.995,-44.204,38.284,8.4418,-51.387,-28.18,-68.425,-84.343,-94.58,-79.514,-54.046
-21.49,-64.97,-49.173,42.805,9.4158,-56.718,-25.169,-63.059,-77.828,-88.951,-74.362,-50.433
-24.219,-68.157,-50.514,45.873,8.4964,-59.008,-22.132,-58.732,-68.3,-84.134,-70.058,-47.988
-26.573,-68.108,-48.068,47.059,5.7984,-57.943,-19.649,-55.519,-58.619,-79.315,-66.509,-46.232
-28.285,-65.371,-42.797,46.477,1.9704,-54.212,-17.655,-53.27,-50.363,-74.637,-63.627,-44.915
-29.196,-61.234,-36.456,44.683,-1.9403,-49.237,-15.941,-51.725,-43.726,-70.227,-61.221,-43.866
-29.277,-57.223,-30.983,42.431,-4.8093,-44.643,-14.253,-50.581,-38.323,-66.017,-59.056,-42.941
-28.633,-54.552,-27.786,40.428,-5.8428,-41.653,-12.354,-49.545,-33.673,-61.825,-56.926,-42.046
-27.468,-53.723,-27.213,39.134,-4.9192,-40.698,-10.091,-48.394,-29.41,-57.472,-54.717,-41.158
-26.047,-54.412,-28.535,38.599,-2.674,-41.391,-7.4471,-47.007,-25.349,-52.88,-52.401,-40.312
-24.616,-55.683,-30.534,38.442,-0.1387,-42.824,-4.5178,-45.365,-21.45,-48.096,-50.003,-39.539
-23.24,-56.419,-32.157,38.022,1.8746,-43.985,-1.4547,-43.51,-17.737,-43.239,-47.547,-38.821
-21.668,-55.797,-32.852,36.726,3.1682,-44.163,1.5952,-41.504,-14.241,-38.431,-45.04,-38.076
-19.486,-53.579,-32.727,34.245,4.1706,-43.211,4.5415,-39.386,-10.968,-33.76,-42.477,-37.195
-16.355,-50.158,-32.568,30.679,5.6853,-41.602,7.3982,-37.153,-7.8861,-29.254,-39.852,-36.083
-12.11,-46.415,-33.572,26.451,8.5124,-40.262,10.309,-34.75,-4.9296,-24.871,-37.148,-34.674
-6.8395,-43.398,-36.791,22.141,13.09,-40.195,13.499,-32.088,-2.004,-20.521,-34.343,-32.936
-0.96026,-41.89,-42.412,18.321,19.242,-41.941,17.142,-29.066,0.99912,-16.121,-31.429,-30.896
4.8138,-42.039,-49.446,15.41,26.108,-45.2,21.209,-25.602,4.17,-11.646,-28.45,-28.64
9.6371,-43.297,-56.245,13.525,32.415,-48.981,25.44,-21.64,7.575,-7.1184,-25.475,-26.308
12.802,-44.69,-61.132,12.446,36.842,-52.044,29.485,-17.14,11.29,-2.553,-22.553,-24.03
14.005,-45.209,-62.686,11.76,38.354,-53.247,33.14,-12.052,15.416,2.0967,-19.673,-21.858
13.448,-44.167,-60.19,11.061,36.629,-51.913,36.403,-6.312,20.091,6.9407,-16.758,-19.734
11.749,-41.483,-54.04,10.096,32.278,-48.164,39.398,0.1275,25.456,12.114,-13.694,-17.544
9.7243,-37.706,-45.708,8.7995,26.597,-42.909,42.238,7.2286,31.583,17.714,-10.405,-15.194
8.1605,-33.712,-37.286,7.2362,21.129,-37.496,44.95,14.811,38.427,23.755,-6.904,-12.708
7.6101,-30.353,-30.891,5.5391,17.28,-33.282,47.468,22.547,45.821,30.167,-3.2891,-10.216
8.2717,-28.236,-28.091,3.898,15.972,-31.265,49.657,30.07,53.572,36.838,0.30672,-7.8799
9.9689,-27.624,-29.495,2.5486,17.364,-31.846,51.391,37.111,61.555,43.674,3.7573,-5.8034
12.244,-28.333,-34.592,1.6833,20.88,-34.713,52.612,43.594,69.767,50.618,6.9816,-4.0317
14.566,-29.682,-41.884,1.2939,25.481,-38.855,53.392,49.626,78.296,57.662,9.9509,-2.5706
16.579,-30.596,-49.331,1.0669,30.014,-42.779,53.878,55.404,87.251,64.815,12.698,-1.4049
18.241,-29.902,-55.003,0.44365,33.566,-44.931,54.239,61.133,96.695,72.075,15.312,-0.48868
19.781,-26.768,-57.64,-1.1567,35.655,-44.238,54.654,67.005,106.63,79.407,17.936,0.27185
21.545,-21.075,-56.883,-4.0798,36.251,-40.517,55.295,73.189,116.98,86.752,20.737,1.0142
23.782,-13.406,-53.179,-8.3072,35.602,-34.447,56.274,79.778,127.54,93.991,23.857,1.8732
26.512,-4.6217,-47.415,-13.527,34.038,-27.031,57.575,86.698,137.96,100.92,27.325,2.9193
29.537,4.5673,-40.486,-19.303,31.864,-19.049,59.079,93.689,147.78,107.31,31.033,4.1393
32.567,13.721,-33.099,-25.202,29.369,-10.928,60.674,100.4,156.65,112.95,34.792,5.4826
35.355,22.558,-25.864,-30.86,26.854,-2.9166,62.334,106.53,164.38,117.79,38.444,6.9257
37.785,30.779,-19.375,-35.992,24.592,4.6833,64.107,111.95,171.0,121.9,41.944,8.4964
39.855,37.964,-14.121,-40.351,22.777,11.445,66.033,116.63,176.65,125.39,45.343,10.245
41.604,43.634,-10.433,-43.71,21.508,16.892,68.087,120.64,181.49,128.37,48.715,12.201
43.062,47.454,-8.4697,-45.921,20.808,20.647,70.174,124.03,185.64,130.91,52.102,14.358
44.268,49.402,-8.1676,-47.019,20.65,22.562,72.178,126.92,189.22,133.07,55.507,16.694
45.328,49.772,-9.2429,-47.254,20.997,22.762,74.03,129.49,192.32,134.9,58.939,19.221
46.46,49.037,-11.323,-47.024,21.856,21.554,75.757,131.99,195.03,136.5,62.436,22.021
47.95,47.664,-14.129,-46.716,23.298,19.265,77.459,134.68,197.41,137.98,66.06,25.226
50.026,45.971,-17.537,-46.585,25.434,16.146,79.222,137.68,199.48,139.41,69.832,28.944
52.736,44.077,-21.536,-46.687,28.346,12.369,81.027,140.91,201.19,140.8,73.678,33.148
55.911,41.923,-26.194,-46.901,32.01,8.0314,82.751,144.07,202.43,142.04,77.435,37.615
59.22,39.33,-31.633,-46.984,36.276,3.1391,84.253,146.76,203.06,143.0,80.914,41.993
62.274,36.11,-37.923,-46.676,40.915,-2.3489,85.441,148.61,202.97,143.52,83.977,45.96
64.753,32.247,-44.881,-45.849,45.664,-8.3279,86.293,149.44,202.04,143.51,86.56,49.339
66.527,28.073,-51.883,-44.635,50.201,-14.329,86.819,149.19,200.2,142.94,88.665,52.112
67.72,24.28,-57.957,-43.412,54.106,-19.511,87.048,147.98,197.41,141.85,90.34,54.365
68.628,21.722,-62.119,-42.635,56.917,-22.933,87.018,146.01,193.7,140.34,91.66,56.235
69.521,21.073,-63.691,-42.636,58.236,-23.911,86.788,143.51,189.15,138.55,92.715,57.865
70.464,22.536,-62.423,-43.5,57.805,-22.242,86.427,140.72,183.84,136.58,93.582,59.339
71.257,25.793,-58.478,-45.033,55.582,-18.187,85.972,137.75,177.86,134.5,94.294,60.644
71.531,30.212,-52.365,-46.851,51.763,-12.288,85.406,134.61,171.22,132.26,94.826,61.676
70.917,35.126,-44.825,-48.54,46.748,-5.1228,84.651,131.18,163.89,129.81,95.108,62.296
69.236,40.041,-36.647,-49.833,41.111,2.8462,83.614,127.26,155.77,127.04,95.066,62.419
66.696,44.716,-28.425,-50.737,35.564,11.217,82.236,122.61,146.78,123.89,94.663,62.074
63.964,49.12,-20.346,-51.522,30.858,19.46,80.533,117.09,136.99,120.34,93.943,61.421
61.926,53.353,-12.324,-52.604,27.631,26.926,78.607,110.66,126.68,116.52,93.031,60.709
61.252,57.556,-4.4662,-54.405,26.114,33.198,76.608,103.46,116.38,112.61,92.1,60.202
62.077,61.867,2.7399,-57.241,25.95,38.339,74.648,95.712,106.58,108.8,91.3,60.073
63.915,66.508,8.9904,-61.189,26.348,42.87,72.716,87.58,97.526,105.18,90.682,60.317
65.856,71.72,14.858,-65.945,26.379,47.54,70.651,79.101,89.183,101.69,90.193,60.768
66.98,77.501,21.371,-70.849,25.281,52.885,68.234,70.271,81.435,98.24,89.734,61.214
66.756,83.48,29.061,-75.137,22.691,58.924,65.297,61.184,74.277,94.766,89.237,61.522
65.185,89.002,37.547,-78.218,18.77,65.12,61.802,52.089,67.82,91.33,88.692,61.699
62.653,93.326,45.7,-79.807,14.154,70.555,57.85,43.318,62.178,88.063,88.131,61.856
59.68,95.807,52.119,-79.872,9.7538,74.241,53.645,35.167,57.389,85.104,87.601,62.135
56.745,96.028,55.641,-78.503,6.4502,75.429,49.408,27.816,53.421,82.559,87.145,62.64
54.172,93.872,55.735,-75.836,4.7949,73.861,45.292,21.3,50.187,80.47,86.775,63.387
52.041,89.599,52.69,-72.085,4.8333,69.881,41.331,15.536,47.567,78.802,86.461,64.3
50.183,83.9,47.529,-67.648,6.1148,64.383,37.462,10.386,45.42,77.458,86.124,65.239
48.343,77.838,41.7,-63.17,7.8928,58.591,33.611,5.7309,43.619,76.314,85.658,66.039
46.392,72.597,36.66,-59.383,9.4156,53.732,29.777,1.5025,42.058,75.249,84.944,66.553
44.387,69.084,33.46,-56.762,10.167,50.685,26.064,-2.3231,40.65,74.152,83.863,66.67
42.481,67.56,32.429,-55.318,9.9767,49.719,22.645,-5.7458,39.309,72.919,82.318,66.338
40.787,67.555,33.117,-54.661,9.0117,50.434,19.663,-8.7598,37.948,71.453,80.251,65.569
39.324,68.141,34.57,-54.24,7.6701,51.951,17.15,-11.369,36.475,69.668,77.648,64.428
38.044,68.408,35.771,-53.594,6.4491,53.261,14.987,-13.6,34.799,67.5,74.534,62.986
36.897,67.762,35.96,-52.481,5.8219,53.521,12.953,-15.508,32.847,64.912,70.95,61.277
35.862,65.971,34.735,-50.86,6.1346,52.227,10.836,-17.167,30.581,61.908,66.95,59.292
34.945,63.083,32.06,-48.792,7.4872,49.365,8.5576,-18.639,28.022,58.549,62.609,57.015
34.147,59.364,28.195,-46.403,9.6131,45.346,6.2304,-19.951,25.274,54.963,58.015,54.456
33.413,55.271,23.74,-43.879,11.878,40.868,4.0785,-21.091,22.5,51.323,53.248,51.65
32.574,51.43,19.656,-41.443,13.446,36.8,2.2817,-22.034,19.858,47.788,48.361,48.632
31.331,48.497,17.054,-39.26,13.585,34.04,0.88785,-22.772,17.442,44.457,43.394,45.434
29.328,46.908,16.975,-37.342,11.841,33.299,-0.17818,-23.322,15.26,41.356,38.407,42.102
26.243,46.626,20.03,-35.513,7.9813,34.818,-1.0674,-23.718,13.259,38.455,33.487,38.699
21.879,47.077,26.067,-33.461,2.0713,38.175,-1.9537,-24.005,11.352,35.683,28.714,35.273
16.236,47.358,34.145,-30.837,-5.427,42.333,-2.9826,-24.248,9.4344,32.939,24.113,31.841
9.5821,46.568,42.735,-27.349,-13.684,45.953,-4.2286,-24.529,7.4089,30.112,19.655,28.398
2.4366,44.003,50.071,-22.832,-21.601,47.802,-5.673,-24.934,5.2054,27.12,15.291,24.97
-4.5615,39.191,54.568,-17.263,-28.024,47.015,-7.2169,-25.527,2.7929,23.937,10.997,21.627
-10.844,31.981,55.216,-10.758,-32.067,43.2,-8.7321,-26.339,0.17878,20.593,6.7859,18.444
-16.053,22.668,51.856,-3.5777,-33.394,36.551,-10.128,-27.354,-2.5966,17.158,2.6947,15.437
-20.093,12.038,45.246,3.8604,-32.332,27.883,-11.405,-28.52,-5.4647,13.714,-1.2187,12.565
-23.089,1.2061,36.856,11.027,-29.734,18.46,-12.651,-29.755,-8.3356,10.348,-4.8826,9.7757
-25.304,-8.6864,28.442,17.403,-26.648,9.6074,-14.0,-30.96,-11.112,7.1438,-8.2246,7.0495
-27.019,-16.852,21.504,22.645,-24.002,2.2789,-15.559,-32.043,-13.706,4.175,-11.191,4.4049
-28.464,-23.096,16.86,26.678,-22.384,-3.2231,-17.362,-32.936,-16.062,1.4919,-13.764,1.8836
-29.779,-27.742,14.468,29.645,-21.962,-7.242,-19.36,-33.612,-18.163,-0.89277,-15.965,-0.46151
-30.992,-31.303,13.539,31.771,-22.513,-10.472,-21.436,-34.088,-20.035,-3.0095,-17.847,-2.5721
-32.003,-34.147,12.884,33.232,-23.546,-13.497,-23.447,-34.422,-21.74,-4.9241,-19.472,-4.3918
-32.594,-36.37,11.495,34.112,-24.465,-16.423,-25.269,-34.696,-23.36,-6.7213,-20.898,-5.8854
-32.513,-37.877,9.1464,34.395,-24.764,-18.902,-26.846,-35.003,-24.985,-8.4849,-22.167,-7.0636
-31.574,-38.531,6.4621,34.012,-24.163,-20.548,-28.193,-35.415,-26.683,-10.272,-23.297,-7.9882
-29.732,-38.229,4.2674,32.892,-22.663,-21.206,-29.359,-35.95,-28.466,-12.075,-24.268,-8.7403
-27.104,-36.921,3.0511,31.035,-20.446,-20.833,-30.37,-36.559,-30.257,-13.796,-25.009,-9.3703
-23.957,-34.675,2.8509,28.584,-17.772,-19.43,-31.205,-37.136,-31.888,-15.256,-25.417,-9.8585
-20.675,-31.779,3.2918,25.87,-14.984,-17.21,-31.799,-37.557,-33.148,-16.247,-25.379,-10.114
-17.69,-28.78,3.8897,23.351,-12.511,-14.725,-32.091,-37.714,-33.853,-16.607,-24.817,-10.012
-15.382,-26.272,4.5259,21.422,-10.802,-12.547,-32.056,-37.546,-33.909,-16.283,-23.718,-9.4587
-13.983,-24.364,5.6953,20.142,-10.257,-10.644,-31.72,-37.056,-33.349,-15.338,-22.145,-8.4439
-13.532,-22.453,8.2447,19.177,-11.163,-8.2767,-31.142,-36.301,-32.308,-13.924,-20.221,-7.0599
-13.931,-19.674,12.831,18.065,-13.59,-4.5568,-30.39,-35.369,-30.984,-12.231,-18.094,-5.4678
-15.062,-15.583,19.482,16.597,-17.345,0.91122,-29.525,-34.349,-29.574,-10.437,-15.892,-3.8273
-16.869,-10.563,27.404,15.003,-21.978,7.6602,-28.606,-33.307,-28.228,-8.6641,-13.696,-2.2368
-19.357,-5.7263,35.194,13.852,-26.864,14.444,-27.7,-32.276,-27.016,-6.9681,-11.534,-0.72023
-22.507,-2.3698,41.42,13.752,-31.366,19.807,-26.9,-31.261,-25.941,-5.3482,-9.3981,0.74723
-26.177,-1.3149,45.23,15.041,-35.024,22.805,-26.314,-30.261,-24.958,-3.7703,-7.2682,2.2079
-30.076,-2.5169,46.612,17.586,-37.654,23.405,-26.039,-29.287,-24.014,-2.1941,-5.1227,3.6966
-33.784,-5.1063,46.275,20.795,-39.341,22.401,-26.118,-28.368,-23.075,-0.59522,-2.9485,5.224
-36.835,-7.741,45.317,23.791,-40.339,21.031,-26.53,-27.551,-22.153,1.0183,-0.74848,6.7716
-38.826,-9.0878,44.811,25.702,-40.954,20.509,-27.209,-26.902,-21.32,2.6011,1.4503,8.2956
-39.541,-8.2847,45.458,25.971,-41.428,21.613,-28.083,-26.505,-20.693,4.078,3.5913,9.7406
-39.025,-5.2361,47.374,24.549,-41.87,24.455,-29.116,-26.46,-20.41,5.361,5.5921,11.055
-37.552,-0.60138,50.092,21.884,-42.241,28.48,-30.321,-26.866,-20.6,6.363,7.3552,12.199
-35.539,4.5316,52.8,18.719,-42.417,32.724,-31.755,-27.802,-21.359,7.0031,8.7802,13.149
-33.434,9.1,54.665,15.821,-42.286,36.209,-33.491,-29.31,-22.759,7.2063,9.771,13.881
-31.587,12.441,55.106,13.74,-41.8,38.307,-35.584,-31.379,-24.848,6.9075,10.246,14.353
-30.158,14.544,54.033,12.578,-40.994,38.972,-38.039,-33.947,-27.637,6.0708,10.16,14.506
-29.086,16.069,51.948,11.893,-40.023,38.733,-40.791,-36.893,-31.069,4.7204,9.5434,14.29
-28.158,17.94,49.755,10.947,-39.155,38.412,-43.711,-40.049,-34.988,2.9615,8.516,13.712
-27.15,20.761,48.407,9.1888,-38.684,38.766,-46.646,-43.229,-39.152,0.9683,7.2689,12.853
-25.971,24.673,48.633,6.5334,-38.847,40.36,-49.459,-46.268,-43.288,-1.0589,6.0081,11.852
-24.684,29.614,50.821,3.251,-39.766,43.542,-52.066,-49.065,-47.167,-2.9466,4.8978,10.86
-23.473,35.346,54.987,-0.23916,-41.447,48.306,-54.427,-51.579,-50.65,-4.5872,4.0285,9.9994
-22.602,41.35,60.793,-3.497,-43.795,54.229,-56.518,-53.82,-53.712,-5.9556,3.4131,9.3429
-22.335,46.88,67.578,-6.1447,-46.63,60.555,-58.295,-55.819,-56.42,-7.1024,3.0058,8.9113
-22.838,51.183,74.426,-7.9045,-49.68,66.345,-59.673,-57.601,-58.904,-8.1277,2.7337,8.6951
-24.111,53.669,80.285,-8.5988,-52.588,70.647,-60.543,-59.166,-61.311,-9.146,2.5252,8.6734
-25.981,53.987,84.144,-8.1498,-54.948,72.689,-60.815,-60.487,-63.757,-10.263,2.3189,8.8197
-28.14,52.032,85.241,-6.596,-56.356,72.041,-60.467,-61.533,-66.307,-11.568,2.0603,9.0954
-30.205,47.948,83.245,-4.1075,-56.481,68.698,-59.553,-62.286,-68.958,-13.141,1.7019,9.4514
-31.799,42.128,78.335,-0.97521,-55.125,63.064,-58.189,-62.75,-71.625,-15.036,1.2158,9.8416
-32.624,35.171,71.145,2.4364,-52.244,55.866,-56.513,-62.94,-74.166,-17.263,0.60388,10.228
-32.497,27.758,62.624,5.7594,-47.972,47.978,-54.644,-62.871,-76.424,-19.775,-0.11205,10.568
-31.357,20.488,53.823,8.6901,-42.631,40.203,-52.667,-62.564,-78.293,-22.473,-0.91281,10.798
-29.295,13.73,45.655,11.044,-36.744,33.069,-50.644,-62.051,-79.752,-25.245,-1.8022,10.832
-26.569,7.5499,38.688,12.786,-30.985,26.717,-48.642,-61.379,-80.86,-28.004,-2.8125,10.578
-23.588,1.8109,33.048,14.026,-25.994,20.928,-46.749,-60.61,-81.727,-30.722,-3.999,9.9504
-20.834,-3.6366,28.468,14.979,-22.147,15.306,-45.075,-59.815,-82.493,-33.449,-5.4345,8.8762
-18.745,-8.8463,24.456,15.93,-19.494,9.5446,-43.73,-59.079,-83.31,-36.304,-7.1992,7.295
-17.605,-13.805,20.556,17.159,-17.854,3.6657,-42.782,-58.492,-84.308,-39.426,-9.3561,5.1702
-17.489,-18.53,16.576,18.862,-16.934,-2.0318,-42.212,-58.127,-85.559,-42.902,-11.922,2.5093
-18.267,-23.103,12.565,21.076,-16.425,-7.2905,-41.907,-58.029,-87.065,-46.735,-14.857,-0.6303
-19.684,-27.557,8.658,23.667,-16.083,-12.048,-41.701,-58.214,-88.785,-50.868,-18.094,-4.1587
-21.444,-31.774,5.0075,26.371,-15.818,-16.298,-41.443,-58.685,-90.682,-55.229,-21.563,-7.9812
-23.272,-35.484,1.7947,28.87,-15.689,-19.955,-41.049,-59.427,-92.733,-59.773,-25.209,-12.014
-24.963,-38.371,-0.74827,30.882,-15.835,-22.838,-40.521,-60.382,-94.905,-64.4,-28.964,-16.174
-26.4,-40.209,-2.3764,32.246,-16.386,-24.748,-39.918,-61.428,-97.11,-68.939,-32.719,-20.345
-27.542,-40.96,-2.9668,32.955,-17.382,-25.588,-39.3,-62.386,-99.205,-73.151,-36.307,-24.349
-28.39,-40.81,-2.656,33.131,-18.716,-25.472,-38.676,-63.067,-101.03,-76.792,-39.513,-27.959
-28.943,-40.122,-1.8575,32.961,-20.118,-24.75,-37.993,-63.337,-102.45,-79.68,-42.144,-30.955
-29.179,-39.366,-1.1813,32.657,-21.187,-23.949,-37.157,-63.174,-103.43,-81.778,-44.071,-33.212
-29.051,-39.039,-1.3171,32.446,-21.479,-23.676,-36.089,-62.672,-104.02,-83.189,-45.287,-34.725
-28.51,-39.551,-2.8694,32.518,-20.628,-24.463,-34.767,-62.001,-104.35,-84.093,-45.9,-35.596
-27.536,-41.109,-6.1555,32.973,-18.469,-26.598,-33.245,-61.328,-104.56,-84.701,-46.082,-35.985
-26.179,-43.641,-11.05,33.785,-15.127,-30.012,-31.647,-60.747,-104.78,-85.192,-46.015,-36.045
-24.573,-46.803,-16.959,34.82,-11.019,-34.27,-30.127,-60.258,-105.05,-85.669,-45.83,-35.884
-22.93,-50.062,-22.947,35.879,-6.7754,-38.673,-28.841,-59.796,-105.35,-86.131,-45.588,-35.554
-21.502,-52.843,-27.986,36.766,-3.1027,-42.438,-27.894,-59.264,-105.64,-86.521,-45.265,-35.06
-20.549,-54.702,-31.26,37.367,-0.61509,-44.935,-27.316,-58.595,-105.82,-86.76,-44.79,-34.381
-20.292,-55.477,-32.375,37.692,0.30247,-45.878,-27.046,-57.804,-105.88,-86.803,-44.093,-33.508
-20.862,-55.302,-31.372,37.862,-0.44679,-45.366,-26.971,-57.002,-105.82,-86.67,-43.154,-32.486
-22.239,-54.467,-28.592,38.004,-2.6841,-43.723,-26.975,-56.369,-105.72,-86.45,-42.05,-31.417
-24.228,-53.222,-24.523,38.16,-6.0218,-41.289,-26.989,-56.066,-105.66,-86.251,-40.92,-30.443
-26.488,-51.673,-19.717,38.241,-9.9539,-38.346,-26.991,-56.125,-105.68,-86.141,-39.899,-29.68
-28.622,-49.842,-14.762,38.076,-13.929,-35.145,-26.964,-56.415,-105.74,-86.104,-39.056,-29.158
-30.292,-47.773,-10.227,37.522,-17.438,-31.959,-26.856,-56.667,-105.7,-86.048,-38.389,-28.835
-31.325,-45.604,-6.5582,36.582,-20.129,-29.079,-26.56,-56.583,-105.36,-85.867,-37.873,-28.645
-31.736,-43.572,-4.0052,35.412,-21.871,-26.77,-25.919,-55.947,-104.53,-85.462,-37.496,-28.565
-31.666,-41.946,-2.634,34.259,-22.708,-25.217,-24.758,-54.676,-103.0,-84.73,-37.256,-28.611
-31.28,-40.944,-2.3991,33.363,-22.747,-24.511,-22.906,-52.805,-100.52,-83.504,-37.101,-28.793
-30.689,-40.683,-3.2423,32.863,-22.042,-24.677,-20.23,-50.42,-96.819,-81.497,-36.858,-29.041
-29.902,-41.17,-5.1764,32.743,-20.526,-25.719,-16.656,-47.572,-91.646,-78.214,-36.216,-29.151
-28.812,-42.293,-8.2927,32.822,-18.019,-27.626,-12.197,-44.214,-85.213,-73.046,-34.749,-28.803
-27.225,-43.801,-12.672,32.76,-14.329,-30.312,-6.9875,-40.178,-79.15,-66.262,-32.043,-27.6
-24.913,-45.26,-18.242,32.11,-9.4266,-33.532,-1.3259,-35.254,-77.028,-63.437,-28.029,-25.17
-21.67,-46.009,-24.645,30.437,-3.5525,-36.779,4.2591,-29.428,-81.157,-81.977,-24.584,-21.812
-17.397,-45.246,-31.163,27.785,2.8538,-39.182,8.943,-23.29,-86.067,-105.48,-36.405,-23.18
-12.26,-43.471,-36.588,26.687,9.2934,-39.756,11.743,-18.37,-81.429,-106.29,-71.307,-45.573
-6.6983,-53.925,-40.34,37.541,15.176,-43.597,12.38,-16.657,-63.47,-98.107,-79.89,-59.343
-0.85464,-98.147,-64.225,53.083,20.058,-86.474,14.994,-17.642,-33.68,-82.03,-78.343,-62.071
5.9437,-102.12,-99.908,47.413,28.618,-102.46,40.771,-5.8583,8.3377,-54.149,-68.35,-59.021
14.632,-84.69,-100.49,31.981,52.565,-92.513,77.201,88.881,64.753,-7.997,-44.99,-47.156
25.438,-54.153,-89.937,10.14,57.443,-71.748,84.367,147.23,128.03,64.13,-3.1448,-22.193
37.508,-13.014,-71.104,-17.539,57.876,-40.8,82.707,162.47,187.59,159.75,57.828,17.95
50.959,38.284,-42.343,-51.371,55.253,0.43251,72.803,165.08,261.74,274.73,137.79,73.437
72.135,102.59,0.62842,-93.065,47.31,54.516,51.555,150.55,333.5,409.81,237.71,144.5
104.25,184.22,63.093,-144.43,30.183,126.41,15.234,111.07,389.33,558.3,353.82,228.04
130.63,286.13,149.9,-205.84,-0.67697,220.55,-39.121,37.177,432.95,713.82,479.85,318.47
146.51,408.24,264.61,-275.24,-49.52,338.96,-111.85,-79.328,457.76,868.12,607.77,409.33
150.07,547.07,407.38,-347.59,-119.38,480.02,-198.85,-241.2,454.22,1004.6,724.67,492.37
137.69,693.91,572.71,-414.91,-210.5,636.66,-293.29,-443.14,409.93,1096.5,811.55,556.55
105.52,834.24,750.76,-468.23,-318.96,795.8,-389.72,-672.49,316.78,1112.6,847.01,589.11
52.053,950.35,924.74,-499.56,-435.04,939.79,-484.64,-911.49,170.17,1025.4,813.7,579.12
-18.722,1024.5,1068.2,-502.77,-543.52,1048.6,-574.64,-1139.9,-32.739,822.02,704.05,521.5
-97.288,1042.4,1159.8,-474.74,-627.82,1103.5,-656.23,-1338.2,-288.67,510.49,523.94,419.53
-171.68,997.17,1182.8,-417.26,-675.14,1092.4,-726.9,-1490.5,-583.36,122.19,293.1,284.47
-231.47,892.79,1132.1,-337.37,-679.37,1014.2,-784.75,-1586.3,-891.43,-293.21,41.661,132.97
-270.06,743.53,1016.1,-245.86,-641.74,880.16,-826.91,-1621.5,-1179.8,-678.85,-196.78,-16.727
-284.96,570.52,854.16,-154.62,-570.27,711.08,-848.63,-1597.1,-1413.4,-984.5,-393.23,-147.99
-277.21,396.33,670.93,-74.239,-477.17,531.09,-844.68,-1518.3,-1562.5,-1177.9,-528.88,-248.52
-250.57,240.85,489.75,-11.992,-375.17,361.93,-812.11,-1394.0,-1609.7,-1250.2,-597.0,-311.64
-210.75,118.05,329.46,30.281,-275.79,220.09,-752.5,-1237.0,-1554.3,-1214.9,-603.16,-336.39
-165.28,32.309,202.39,55.579,-188.76,114.69,-672.05,-1062.7,-1413.9,-1102.5,-565.01,-329.28
-121.98,-21.727,111.96,68.252,-117.17,45.074,-579.69,-885.65,-1219.5,-950.11,-503.85,-304.13
-86.08,-52.183,54.628,71.777,-61.484,2.9216,-484.56,-717.39,-1007.3,-790.35,-434.74,-271.98
-60.483,-65.451,20.781,66.951,-28.453,-20.509,-394.29,-567.12,-808.66,-644.81,-367.58,-237.8
-43.205,-66.814,2.9871,28.442,-11.469,-30.684,-314.62,-441.41,-642.19,-524.54,-308.65,-204.68
-29.889,-60.899,-3.1382,1.516,-3.0154,-32.086,-248.33,-342.31,-512.25,-430.9,-259.87,-174.44
-19.146,-40.654,-3.4934,1.7663,1.1118,-28.634,-195.18,-267.97,-413.8,-357.88,-219.82,-148.24
-10.53,-5.1774,-1.8918,2.9553,2.702,-21.337,-153.31,-214.2,-339.62,-300.44,-188.03,-126.65
-2.311,-7.2163,-2.0161,2.8576,2.8466,-9.1401,-120.51,-175.77,-282.85,-257.82,-164.29,-110.93
3.9209,-12.731,-13.72,1.8087,7.6399,-14.837,-94.711,-147.73,-237.2,-226.0,-145.49,-99.275
7.3338,-16.136,-25.41,0.58555,15.543,-21.591,-74.325,-126.1,-198.96,-197.85,-128.96,-90.201
9.3812,-18.725,-30.825,-0.12052,18.737,-25.876,-58.335,-107.88,-166.33,-172.18,-113.57,-82.653
10.441,-21.581,-34.754,0.04052,20.75,-29.695,-45.991,-93.227,-138.32,-149.79,-99.343,-75.133
10.723,-24.966,-38.875,1.0216,22.539,-33.804,-37.33,-91.653,-114.54,-130.54,-87.304,-66.628
10.572,-28.583,-43.146,2.4671,24.291,-38.025,-35.582,-91.562,-95.711,-114.31,-77.815,-58.648
10.399,-31.843,-46.91,3.8704,25.891,-41.761,-33.048,-85.986,-86.331,-103.2,-70.236,-52.931
10.584,-34.05,-49.434,4.7122,27.169,-44.314,-28.055,-79.413,-80.58,-97.326,-64.114,-49.127
11.396,-34.606,-50.249,4.584,28.022,-45.15,-23.069,-73.318,-71.428,-93.062,-59.206,-46.493
12.936,-33.336,-49.37,3.3351,28.493,-44.195,-18.433,-67.844,-60.414,-88.76,-55.177,-44.511
15.117,-30.694,-47.329,1.1685,28.776,-41.949,-13.916,-62.807,-49.449,-84.121,-51.661,-42.794
17.688,-27.632,-45.002,-1.4018,29.158,-39.332,-9.2587,-57.997,-39.41,-79.061,-48.374,-41.062
20.313,-25.233,-43.292,-3.7269,29.905,-37.333,-4.2748,-53.281,-30.633,-73.57,-45.194,-39.166
22.656,-24.277,-42.834,-5.2638,31.157,-36.635,1.097,-48.639,-23.188,-67.768,-42.151,-37.117
24.466,-24.975,-43.843,-5.7664,32.861,-37.411,6.7561,-44.131,-16.995,-61.913,-39.357,-35.043
25.624,-26.965,-46.12,-5.3398,34.79,-39.362,12.489,-39.837,-11.864,-56.281,-36.916,-33.096
26.165,-29.53,-49.147,-4.3372,36.654,-41.894,18.064,-35.796,-7.5425,-51.023,-34.848,-31.365
26.266,-31.897,-52.25,-3.1922,38.213,-44.336,23.355,-31.969,-3.7699,-46.12,-33.083,-29.843
26.179,-33.488,-54.821,-2.2668,39.338,-46.143,28.345,-28.268,-0.3176,-41.452,-31.5,-28.468
26.08,-34.053,-56.501,-1.7545,39.985,-47.035,33.035,-24.618,2.9707,-36.92,-29.999,-27.195
25.951,-33.688,-57.226,-1.6458,40.132,-47.052,37.338,-21.022,6.157,-32.525,-28.564,-26.055
25.554,-32.773,-57.139,-1.7318,39.736,-46.482,41.052,-17.574,9.2203,-28.381,-27.269,-25.165
24.507,-31.838,-56.434,-1.6552,38.727,-45.722,43.952,-14.405,12.112,-24.634,-26.228,-24.648
22.46,-31.358,-55.232,-1.0384,37.027,-45.081,45.915,-11.597,14.811,-21.353,-25.518,-24.553
19.308,-31.512,-53.551,0.32096,34.582,-44.604,46.989,-9.1191,17.389,-18.481,-25.131,-24.814
15.314,-31.946,-51.331,2.2494,31.407,-44.012,47.372,-6.8261,19.997,-15.857,-24.968,-25.284
11.045,-31.824,-48.446,4.1216,27.63,-42.808,47.327,-4.511,22.822,-13.297,-24.894,-25.808
7.2282,-30.26,-44.738,5.0956,23.53,-40.491,47.096,-1.9799,26.035,-10.667,-24.793,-26.308
4.6014,-26.741,-40.139,4.548,19.53,-36.736,46.86,0.91947,29.775,-7.9168,-24.602,-26.783
3.7515,-21.271,-34.828,2.276,16.131,-31.575,46.724,4.2998,34.161,-5.0495,-24.297,-27.274
4.9601,-14.327,-29.261,-1.5834,13.799,-25.457,46.734,8.2436,39.289,-2.0875,-23.886,-27.789
8.12,-6.6971,-24.086,-6.6296,12.849,-19.108,46.88,12.796,45.237,0.96513,-23.382,-28.281
12.753,0.72552,-19.994,-12.239,13.37,-13.32,47.108,17.954,52.03,4.1395,-22.786,-28.64
18.133,7.0902,-17.585,-17.673,15.225,-8.8066,47.382,23.676,59.643,7.4967,-22.065,-28.731
23.476,11.689,-17.257,-22.24,18.114,-6.1324,47.756,29.956,68.028,11.108,-21.15,-28.404
28.122,14.06,-19.12,-25.456,21.662,-5.6389,48.401,36.843,77.205,15.045,-19.937,-27.521
31.671,14.083,-22.954,-27.12,25.477,-7.3683,49.53,44.401,87.231,19.376,-18.316,-25.994
34.023,12.011,-28.216,-27.289,29.185,-11.025,51.32,52.619,98.088,24.146,-16.229,-23.828
35.262,8.3709,-34.139,-26.192,32.446,-16.026,53.805,61.364,109.58,29.35,-13.694,-21.131
35.543,3.7786,-39.916,-24.154,35.003,-21.655,56.828,70.403,121.33,34.943,-10.796,-18.079
35.087,-1.2574,-44.917,-21.546,36.772,-27.26,60.095,79.509,132.93,40.859,-7.633,-14.84
34.227,-6.4359,-48.831,-18.732,37.889,-32.418,63.301,88.552,144.05,47.052,-4.2603,-11.506
33.356,-11.616,-51.684,-16.014,38.663,-36.941,66.259,97.507,154.53,53.512,-0.65899,-8.0811
32.801,-16.671,-53.713,-13.583,39.445,-40.762,68.936,106.37,164.32,60.226,3.2352,-4.5292
32.729,-21.357,-55.21,-11.545,40.472,-43.814,71.39,115.06,173.38,67.086,7.4526,-0.88199
33.137,-25.297,-56.448,-9.9807,41.801,-46.047,73.685,123.34,181.58,73.825,11.917,2.7099
33.897,-28.151,-57.671,-8.9567,43.336,-47.527,75.833,130.91,188.78,80.048,16.438,6.0336
34.812,-29.811,-59.046,-8.4727,44.899,-48.455,77.79,137.47,194.86,85.361,20.762,8.9129
35.648,-30.425,-60.567,-8.4131,46.27,-49.056,79.493,142.85,199.79,89.517,24.673,11.268
36.175,-30.236,-62.013,-8.5846,47.207,-49.43,80.885,147.03,203.61,92.485,28.077,13.126
36.232,-29.396,-62.997,-8.8185,47.482,-49.479,81.947,150.12,206.49,94.438,31.031,14.606
35.784,-27.891,-63.1,-9.0714,46.935,-48.946,82.688,152.41,208.62,95.654,33.703,15.866
34.943,-25.607,-62.004,-9.463,45.511,-47.571,83.129,154.19,210.19,96.402,36.287,17.053
33.955,-22.488,-59.548,-10.223,43.276,-45.238,83.295,155.74,211.36,96.843,38.906,18.259
33.16,-18.504,-55.697,-11.6,40.423,-41.892,83.226,157.15,212.18,96.992,41.555,19.492
32.9,-13.495,-50.573,-13.808,37.25,-37.439,83.003,158.38,212.61,96.743,44.11,20.676
33.391,-7.3146,-44.559,-16.943,34.115,-31.887,82.743,159.27,212.59,95.941,46.39,21.702
34.625,-0.15279,-38.337,-20.845,31.377,-25.546,82.558,159.65,212.06,94.472,48.256,22.497
36.371,7.3565,-32.774,-25.083,29.351,-19.065,82.525,159.41,210.98,92.309,49.678,23.082
38.285,14.309,-28.705,-29.08,28.279,-13.267,82.665,158.54,209.36,89.517,50.737,23.564
40.046,19.84,-26.697,-32.297,28.278,-8.884,82.931,157.09,207.24,86.214,51.576,24.085
41.434,23.412,-26.884,-34.373,29.27,-6.3102,83.221,155.16,204.63,82.533,52.332,24.741
42.313,24.99,-28.897,-35.214,30.954,-5.4449,83.383,152.8,201.48,78.568,53.068,25.536
42.613,25.051,-31.912,-34.996,32.852,-5.6828,83.25,150.03,197.72,74.354,53.743,26.359
42.324,24.4,-34.823,-34.106,34.424,-6.0868,82.667,146.84,193.18,69.881,54.237,27.035
41.515,23.872,-36.516,-33.024,35.226,-5.7495,81.542,143.23,187.72,65.168,54.444,27.422
40.345,24.045,-36.235,-32.177,35.039,-4.1907,79.877,139.26,181.24,60.317,54.351,27.501
39.036,25.115,-33.862,-31.833,33.929,-1.5057,77.764,135.05,173.77,55.527,54.07,27.4
37.815,26.932,-29.923,-32.039,32.162,1.8249,75.346,130.74,165.47,51.024,53.79,27.338
36.826,29.126,-25.266,-32.62,30.066,5.2501,72.752,126.4,156.57,46.978,53.677,27.52
36.031,31.284,-20.588,-33.262,27.889,8.4042,70.037,122.01,147.25,43.449,53.797,28.046
35.177,33.166,-16.132,-33.684,25.707,11.253,67.134,117.41,137.5,40.387,54.081,28.864
33.901,34.788,-11.748,-33.753,23.415,14.056,63.869,112.38,127.18,37.694,54.374,29.807
31.906,36.259,-7.1741,-33.447,20.818,17.1,60.025,106.69,116.1,35.308,54.535,30.702
29.077,37.528,-2.2771,-32.721,17.779,20.384,55.45,100.27,104.32,33.268,54.526,31.484
25.485,38.297,2.8055,-31.452,14.333,23.53,50.171,93.258,92.271,31.71,54.434,32.231
21.349,38.238,7.6582,-29.556,10.7,25.989,44.459,85.941,80.656,30.805,54.426,33.12
17.049,37.286,11.773,-27.166,7.2281,27.403,38.743,78.667,70.164,30.695,54.672,34.332
13.137,35.788,14.847,-24.698,4.304,27.865,33.392,71.683,61.161,31.439,55.275,35.983
10.251,34.425,16.949,-22.753,2.2523,27.888,28.519,65.064,53.641,33.008,56.239,38.075
8.9172,33.953,18.45,-21.911,1.2427,28.148,23.969,58.73,47.355,35.279,57.477,40.495
9.3383,34.898,19.812,-22.505,1.2332,29.182,19.468,52.547,41.988,38.058,58.834,43.046
11.285,37.342,21.366,-24.49,1.974,31.183,14.839,46.422,37.273,41.113,60.125,45.499
14.149,40.874,23.205,-27.427,3.0729,33.936,10.127,40.346,33.037,44.221,61.167,47.653
17.12,44.727,25.206,-30.612,4.1041,36.923,5.5613,34.372,29.194,47.201,61.817,49.369
19.428,48.057,27.115,-33.299,4.7309,39.54,1.3912,28.584,25.716,49.95,61.987,50.586
20.588,50.245,28.663,-34.961,4.8006,41.324,-2.2458,23.075,22.62,52.455,61.658,51.313
20.558,51.111,29.691,-35.464,4.3662,42.127,-5.3436,17.948,19.939,54.803,60.89,51.623
19.713,50.962,30.243,-35.087,3.6173,42.176,-7.995,13.301,17.697,57.133,59.793,51.611
18.63,50.448,30.594,-34.38,2.7538,41.98,-10.358,9.1886,15.867,59.536,58.474,51.341
17.809,50.288,31.176,-33.918,1.8645,42.135,-12.616,5.5932,14.356,61.948,56.964,50.799
17.472,50.959,32.405,-34.059,0.89632,43.069,-14.919,2.427,13.013,64.101,55.18,49.88
17.543,52.493,34.462,-34.794,-0.25708,44.833,-17.311,-0.44121,11.665,65.59,52.947,48.427
17.746,54.459,37.148,-35.757,-1.6267,47.066,-19.7,-3.1448,10.168,66.014,50.077,46.311
17.759,56.166,39.902,-36.406,-3.1065,49.141,-21.884,-5.7846,8.4438,65.133,46.458,43.496
17.338,56.961,41.971,-36.299,-4.474,50.404,-23.645,-8.4123,6.4947,62.938,42.115,40.068
16.369,56.437,42.645,-35.263,-5.4799,50.36,-24.843,-11.021,4.3883,59.648,37.232,36.235
14.857,54.469,41.562,-33.344,-6.0011,48.793,-25.461,-13.542,2.2385,55.644,32.124,32.293
12.852,51.19,38.967,-30.675,-6.1552,45.87,-25.606,-15.857,0.17233,51.359,27.155,28.522
10.379,46.987,35.672,-27.423,-6.2745,42.164,-25.451,-17.841,-1.7069,47.15,22.608,25.094
7.4253,42.478,32.781,-23.819,-6.8299,38.53,-25.169,-19.409,-3.3507,43.223,18.607,22.029
4.0062,38.404,31.425,-20.182,-8.3248,35.897,-24.871,-20.544,-4.775,39.633,15.119,19.25
0.24817,35.418,32.444,-16.857,-11.093,35.0,-24.58,-21.299,-6.0459,36.336,12.021,16.653
-3.5857,33.858,36.041,-14.131,-15.108,36.08,-24.248,-21.774,-7.2419,33.254,9.1809,14.157
-7.1425,33.642,41.597,-12.148,-19.902,38.742,-23.794,-22.07,-8.4098,30.327,6.5189,11.741
-10.079,34.251,47.754,-10.844,-24.637,42.017,-23.147,-22.252,-9.5383,27.548,4.0397,9.459
-12.165,34.81,52.749,-9.9312,-28.333,44.619,-22.273,-22.342,-10.568,24.951,1.8207,7.4242
-13.346,34.31,54.983,-8.9631,-30.184,45.326,-21.2,-22.353,-11.439,22.566,-0.039306,5.7592
-13.743,32.002,53.593,-7.5025,-29.822,43.427,-20.029,-22.339,-12.14,20.378,-1.4915,4.5247
-13.605,27.78,48.809,-5.3206,-27.45,39.051,-18.908,-22.409,-12.743,18.302,-2.5867,3.6712
-13.202,22.274,41.846,-2.5201,-23.762,33.143,-17.984,-22.695,-13.373,16.225,-3.4616,3.0504
-12.73,16.579,34.36,0.49797,-19.684,27.039,-17.342,-23.27,-14.136,14.08,-4.2633,2.49
-12.281,11.783,27.882,3.2043,-16.079,21.954,-16.981,-24.078,-15.045,11.9,-5.0625,1.8868
-11.884,8.5547,23.547,5.172,-13.571,18.662,-16.836,-24.939,-15.988,9.8239,-5.8129,1.2599
-11.585,6.9586,21.95,6.2666,-12.5,17.374,-16.831,-25.61,-16.761,8.0501,-6.3772,0.73499
-11.494,6.493,23.0,6.6978,-12.927,17.731,-16.921,-25.878,-17.153,6.7609,-6.5905,0.4779
-11.799,6.3332,25.966,6.904,-14.657,18.898,-17.098,-25.632,-17.028,6.0582,-6.328,0.6152
-12.724,5.7288,29.76,7.3384,-17.326,19.881,-17.37,-24.898,-16.393,5.9234,-5.5608,1.1731
-14.445,4.3523,33.337,8.3043,-20.544,20.02,-17.74,-23.847,-15.408,6.2148,-4.387,2.0554
-16.996,2.2926,36.087,9.9342,-23.964,19.313,-18.192,-22.757,-14.336,6.7121,-3.0146,3.0785
-20.207,-0.18216,37.973,12.215,-27.244,18.233,-18.675,-21.92,-13.432,7.2027,-1.6802,4.0541
-23.731,-2.7925,39.179,14.961,-30.018,17.21,-19.101,-21.523,-12.839,7.5745,-0.53426,4.8818
-27.124,-5.2883,39.619,17.813,-31.924,16.343,-19.357,-21.562,-12.53,7.8622,0.43868,5.5983
-29.94,-7.4574,38.925,20.358,-32.704,15.45,-19.347,-21.878,-12.35,8.2124,1.4048,6.3493
-31.811,-9.1525,36.927,22.277,-32.311,14.317,-19.037,-22.266,-12.117,8.7838,2.5716,7.2935
-32.52,-10.235,34.067,23.393,-30.966,13.041,-18.479,-22.6,-11.736,9.6408,4.0573,8.4984
-32.026,-10.419,31.306,23.574,-29.119,12.172,-17.803,-22.886,-11.249,10.711,5.8221,9.8914
-30.47,-9.2319,29.714,22.661,-27.334,12.489,-17.157,-23.226,-10.795,11.822,7.6928,11.294
-28.155,-6.2231,30.07,20.548,-26.145,14.606,-16.65,-23.739,-10.523,12.794,9.453,12.51
-25.504,-1.2803,32.621,17.348,-25.918,18.675,-16.313,-24.471,-10.518,13.523,10.952,13.424
-22.978,5.1994,37.035,13.449,-26.764,24.3,-16.107,-25.369,-10.75,14.03,12.18,14.054
-20.971,12.401,42.538,9.4091,-28.534,30.677,-15.964,-26.307,-11.105,14.429,13.252,14.53
-19.729,19.402,48.186,5.7482,-30.893,36.888,-15.851,-27.176,-11.466,14.838,14.326,14.999
-19.29,25.528,53.156,2.7569,-33.442,42.216,-15.806,-27.962,-11.788,15.299,15.485,15.532
-19.481,30.545,56.94,0.40013,-35.806,46.326,-15.936,-28.774,-12.127,15.745,16.7,16.082
-19.976,34.618,59.428,-1.6273,-37.711,49.263,-16.372,-29.784,-12.591,16.048,17.862,16.526
-20.397,38.089,60.846,-3.7062,-39.02,51.328,-17.206,-31.141,-13.277,16.087,18.856,16.735
-20.426,41.254,61.61,-6.0765,-39.743,52.905,-18.452,-32.895,-14.214,15.812,19.63,16.639
-19.891,44.297,62.162,-8.7489,-40.0,54.357,-20.043,-34.975,-15.355,15.262,20.221,16.26
-18.781,47.318,62.84,-11.575,-39.952,55.951,-21.871,-37.224,-16.602,14.546,20.747,15.704
-17.219,50.341,63.802,-14.369,-39.731,57.807,-23.825,-39.488,-17.865,13.786,21.354,15.124
-15.382,53.274,64.997,-16.975,-39.402,59.86,-25.818,-41.675,-19.126,13.058,22.153,14.665
-13.439,55.936,66.195,-19.29,-38.952,61.884,-27.812,-43.793,-20.475,12.347,23.145,14.396
-11.51,58.139,67.058,-21.281,-38.308,63.567,-29.821,-45.923,-22.097,11.547,24.204,14.29
-9.6633,59.745,67.214,-22.961,-37.359,64.596,-31.898,-48.16,-24.184,10.518,25.121,14.235
-7.939,60.658,66.353,-24.35,-36.0,64.717,-34.108,-50.547,-26.834,9.1614,25.711,14.105
-6.3758,60.785,64.341,-25.423,-34.177,63.79,-36.482,-53.036,-29.966,7.488,25.914,13.837
-5.0407,60.053,61.322,-26.092,-31.967,61.834,-39.001,-55.499,-33.324,5.6214,25.828,13.465
-4.0403,58.48,57.73,-26.251,-29.604,59.085,-41.61,-57.787,-36.577,3.7477,25.652,13.099
-3.4951,56.273,54.208,-25.865,-27.456,56.005,-44.242,-59.797,-39.468,2.0319,25.584,12.862
-3.48,53.871,51.471,-25.038,-25.933,53.216,-46.832,-61.517,-41.934,0.54218,25.731,12.832
-3.9597,51.863,50.141,-24.026,-25.356,51.368,-49.308,-63.016,-44.116,-0.78032,26.069,13.014
-4.7586,50.782,50.556,-23.15,-25.822,50.934,-51.585,-64.4,-46.276,-2.0884,26.461,13.356
-5.5854,50.869,52.617,-22.66,-27.149,52.017,-53.568,-65.756,-48.667,-3.5548,26.724,13.784
-6.124,51.939,55.745,-22.618,-28.908,54.249,-55.165,-67.114,-51.434,-5.3074,26.696,14.232
-6.1716,53.419,59.001,-22.859,-30.526,56.863,-56.307,-68.446,-54.589,-7.4092,26.276,14.648
-5.7583,54.524,61.34,-23.041,-31.458,58.91,-56.971,-69.707,-58.052,-9.8823,25.42,14.979
-5.1643,54.467,61.924,-22.746,-31.38,59.53,-57.182,-70.865,-61.711,-12.737,24.133,15.171
-4.8272,52.652,60.403,-21.571,-30.33,58.199,-57.002,-71.916,-65.449,-15.973,22.467,15.187
-5.1954,48.845,57.052,-19.242,-28.702,54.886,-56.508,-72.856,-69.14,-19.549,20.533,15.027
-6.5766,43.266,52.676,-15.721,-27.095,50.056,-55.765,-73.664,-72.637,-23.351,18.491,14.735
-9.0275,36.544,48.32,-11.263,-26.105,44.522,-54.814,-74.284,-75.783,-27.185,16.513,14.369
-12.324,29.512,44.915,-6.3502,-26.109,39.169,-53.685,-74.646,-78.442,-30.836,14.725,13.968
-16.021,22.912,42.939,-1.5246,-27.126,34.646,-52.429,-74.7,-80.55,-34.151,13.17,13.515
-19.565,17.122,42.269,2.8094,-28.805,31.119,-51.14,-74.46,-82.145,-37.117,11.795,12.926
-22.441,12.017,42.226,6.5103,-30.539,28.193,-49.95,-74.011,-83.363,-39.868,10.475,12.078
-24.293,7.0626,41.795,9.6993,-31.651,25.052,-48.967,-73.484,-84.402,-42.629,9.0709,10.864
-25.014,1.6246,39.927,12.636,-31.584,20.796,-48.209,-73.002,-85.44,-45.596,7.4982,9.2548
-24.766,-4.6623,35.894,15.536,-30.075,14.856,-47.586,-72.642,-86.571,-48.831,5.7752,7.3289
-23.942,-11.706,29.622,18.478,-27.275,7.3065,-46.935,-72.406,-87.771,-52.237,4.0076,5.2361
-23.067,-19.058,21.806,21.471,-23.72,-1.1225,-46.117,-72.252,-88.939,-55.623,2.3212,3.126
-22.657,-26.19,13.616,24.553,-20.145,-9.4403,-45.088,-72.136,-89.977,-58.819,0.78604,1.0809
-23.087,-32.725,6.163,27.791,-17.233,-16.873,-43.92,-72.044,-90.846,-61.759,-0.62037,-0.91158
-24.508,-38.472,0.12089,31.204,-15.429,-23.041,-42.766,-72.009,-91.572,-64.495,-1.9915,-2.9336
-26.833,-43.378,-4.3678,34.712,-14.857,-27.897,-41.778,-72.078,-92.223,-67.104,-3.4325,-5.0767
-29.772,-47.497,-7.5749,38.147,-15.335,-31.629,-41.034,-72.291,-92.862,-69.643,-5.0014,-7.3778
-32.931,-50.96,-9.9783,41.326,-16.458,-34.548,-40.512,-72.656,-93.519,-72.101,-6.6769,-9.7839
-35.888,-53.903,-12.034,44.082,-17.737,-36.946,-40.11,-73.14,-94.176,-74.41,-8.3639,-12.155
-38.262,-56.365,-13.997,46.25,-18.739,-38.973,-39.706,-73.682,-94.78,-76.456,-9.9285,-14.301
-39.743,-58.224,-15.881,47.634,-19.164,-40.589,-39.214,-74.21,-95.266,-78.155,-11.236,-16.036
-40.085,-59.23,-17.575,48.029,-18.848,-41.639,-38.622,-74.671,-95.605,-79.478,-12.205,-17.248
-39.105,-59.124,-18.995,47.288,-17.724,-41.968,-37.992,-75.049,-95.801,-80.455,-12.839,-17.947
-36.72,-57.763,-20.133,45.379,-15.797,-41.499,-37.448,-75.379,-95.915,-81.176,-13.237,-18.259
-33.039,-55.224,-21.033,42.42,-13.156,-40.288,-37.122,-75.73,-96.023,-81.768,-13.549,-18.386
-28.402,-51.839,-21.777,38.713,-9.9956,-38.546,-37.105,-76.171,-96.196,-82.339,-13.909,-18.508
-23.348,-48.145,-22.495,34.711,-6.5813,-36.629,-37.376,-76.729,-96.431,-82.907,-14.356,-18.696
-18.502,-44.771,-23.36,30.934,-3.1993,-34.968,-37.793,-77.36,-96.64,-83.398,-14.795,-18.855
-14.417,-42.287,-24.557,27.878,-0.086846,-33.98,-38.136,-77.977,-96.703,-83.672,-15.027,-18.771
-11.462,-41.084,-26.213,25.903,2.5909,-33.958,-38.209,-78.516,-96.52,-83.605,-14.86,-18.233
-9.796,-41.298,-28.331,25.184,4.7313,-34.991,-37.923,-78.987,-96.096,-83.177,-14.239,-17.184
-9.3853,-42.783,-30.761,25.677,6.2711,-36.93,-37.33,-79.476,-95.568,-82.514,-13.323,-15.791
-10.033,-45.154,-33.219,27.119,7.1767,-39.427,-36.57,-80.082,-95.151,-81.853,-12.437,-14.374
-11.449,-47.892,-35.358,29.102,7.451,-42.027,-35.78,-80.821,-95.006,-81.437,-11.948,-13.257
-13.329,-50.472,-36.845,31.202,7.1226,-44.27,-35.024,-81.572,-95.146,-81.384,-12.133,-12.65
-15.434,-52.504,-37.432,33.107,6.2288,-45.809,-34.261,-82.086,-95.372,-81.615,-13.093,-12.601
-17.606,-53.837,-37.019,34.694,4.8133,-46.487,-33.373,-82.05,-95.322,-81.884,-14.734,-13.009
-19.747,-54.55,-35.706,36.005,2.964,-46.362,-32.207,-81.179,-94.536,-81.829,-16.811,-13.664
-21.757,-54.856,-33.794,37.125,0.87365,-45.662,-30.634,-79.288,-92.508,-81.034,-18.989,-14.305
-23.481,-54.967,-31.733,38.058,-1.1311,-44.702,-28.613,-76.341,-88.709,-79.027,-20.91,-14.682
-24.701,-55.015,-30.015,38.707,-2.6286,-43.798,-26.19,-72.469,-82.736,-75.27,-22.234,-14.6
-25.184,-55.032,-29.044,38.925,-3.2184,-43.197,-23.441,-67.939,-75.005,-69.247,-22.69,-13.92
-24.757,-54.967,-29.038,38.589,-2.6757,-43.036,-20.364,-62.986,-68.391,-61.64,-22.084,-12.53
-23.38,-54.716,-30.015,37.613,-1.0581,-43.34,-16.834,-57.517,-69.565,-59.86,-20.351,-10.375
-21.192,-54.127,-31.847,35.942,1.3254,-44.02,-12.682,-50.941,-82.734,-83.834,-18.143,-8.0035
-18.521,-52.962,-34.315,33.633,4.0837,-44.848,-7.8822,-42.568,-93.709,-106.58,-22.931,-11.04
-15.742,-51.028,-37.034,31.511,6.9336,-45.352,-2.8196,-32.554,-85.113,-105.62,-63.929,-40.813
-12.797,-50.619,-39.195,33.791,9.7585,-45.359,1.5434,-22.724,-60.224,-95.761,-84.047,-58.42
-8.8422,-70.136,-42.883,47.237,12.578,-56.186,4.6377,-15.112,-24.976,-76.167,-87.011,-60.641
-2.8336,-102.73,-79.609,55.429,16.83,-95.827,11.724,0.52505,18.368,-44.561,-81.838,-55.851
5.5686,-101.13,-96.545,48.866,38.575,-99.934,45.699,78.507,68.72,0.44734,-65.603,-42.025
15.606,-84.503,-94.177,34.07,52.6,-89.327,76.686,142.3,127.67,63.49,-35.235,-17.782
26.694,-55.337,-83.695,12.312,57.701,-68.615,84.933,165.23,198.72,150.33,13.92,19.993
42.242,-14.056,-65.039,-17.219,60.268,-36.925,84.627,174.42,280.13,263.86,86.911,74.239
71.01,39.702,-34.658,-55.301,57.413,7.0298,74.517,166.14,364.95,402.87,183.96,145.29
106.55,108.58,13.13,-102.02,44.886,66.05,51.572,133.42,447.18,564.87,301.13,231.46
130.3,194.98,83.821,-156.64,18.317,143.85,12.11,67.921,521.22,746.17,433.99,329.8
140.62,299.17,180.88,-217.57,-26.733,242.31,-47.134,-38.253,580.19,936.91,576.3,435.54
135.98,420.14,305.27,-282.39,-93.482,361.88,-126.89,-190.28,614.97,1116.9,716.41,540.77
113.55,555.16,455.4,-346.98,-181.92,501.31,-223.54,-387.53,614.14,1257.5,836.11,633.64
72.668,696.13,624.93,-404.81,-288.21,654.15,-329.83,-620.99,565.36,1326.3,912.75,699.17
15.747,828.67,802.61,-447.84,-404.49,807.36,-437.84,-873.57,456.94,1292.0,924.03,722.35
-51.677,934.95,967.74,-468.74,-518.88,942.91,-541.49,-1123.6,279.49,1133.3,855.29,693.14
-121.52,997.71,1097.5,-462.85,-616.04,1040.7,-637.21,-1349.4,30.956,850.0,706.03,610.83
-185.14,1004.2,1170.2,-429.02,-680.46,1083.0,-722.64,-1531.8,-277.48,468.22,491.6,484.68
-235.8,949.53,1171.6,-369.9,-702.17,1059.4,-794.34,-1657.1,-619.26,36.36,239.78,330.7
-269.56,839.27,1100.3,-291.84,-679.59,970.98,-847.38,-1717.5,-955.29,-385.61,-15.592,167.88
-284.85,688.89,968.26,-204.08,-618.92,831.08,-875.46,-1711.1,-1241.4,-740.25,-241.63,15.172
-282.37,519.5,797.46,-116.8,-532.08,661.38,-871.92,-1641.4,-1438.9,-986.05,-412.75,-111.48
-265.37,352.25,613.98,-38.979,-433.57,485.94,-832.93,-1516.9,-1524.7,-1106.9,-515.92,-202.04
-238.84,204.65,441.34,22.43,-336.61,325.29,-760.79,-1351.0,-1497.7,-1114.0,-553.54,-254.1
-207.51,88.609,295.91,63.711,-251.32,193.09,-664.52,-1161.2,-1378.1,-1037.3,-540.57,-272.79
-175.07,8.1485,183.77,85.738,-183.49,95.615,-557.34,-966.51,-1199.3,-911.02,-495.98,-267.46
-144.74,-40.433,103.84,92.957,-132.81,31.805,-452.41,-783.42,-997.19,-764.69,-435.75,-246.52
-119.16,-64.609,53.379,90.124,-94.449,-5.341,-359.23,-623.47,-801.66,-621.48,-372.05,-216.99
-98.583,-71.665,24.774,78.065,-65.076,-23.826,-282.04,-491.64,-632.01,-497.64,-313.67,-185.42
-81.074,-67.822,10.651,48.179,-44.163,-29.95,-220.64,-386.8,-496.46,-400.57,-265.06,-155.94
-65.298,-57.505,5.8488,28.3,-31.297,-28.668,-172.36,-304.63,-394.39,-328.78,-225.96,-129.52
-51.089,-30.276,6.0223,24.028,-23.848,-22.829,-134.02,-240.85,-320.27,-276.41,-193.86,-109.38
-38.491,-12.503,8.0872,21.326,-19.016,-9.0888,-103.41,-192.52,-265.65,-238.45,-169.23,-96.594
-27.377,-17.362,9.4664,18.804,-14.614,0.58785,-79.035,-156.93,-222.39,-208.22,-150.54,-87.995
-18.168,-21.915,7.3106,17.341,-8.9164,-8.5195,-59.548,-130.47,-185.84,-181.22,-134.63,-80.794
-12.469,-26.23,-3.471,17.735,-4.6809,-17.084,-44.029,-109.29,-153.93,-156.85,-120.04,-73.677
-10.72,-31.903,-14.493,20.263,-1.5251,-24.332,-31.891,-91.142,-126.03,-135.18,-106.91,-66.304
-11.557,-39.216,-24.228,24.547,2.2176,-32.031,-24.32,-82.983,-102.35,-116.16,-96.267,-59.453
-13.573,-47.557,-33.66,29.738,6.0832,-40.439,-22.26,-83.315,-85.659,-100.54,-88.803,-53.95
-15.787,-55.845,-42.884,34.836,9.7912,-48.892,-18.745,-78.065,-76.988,-90.391,-83.736,-49.779
-17.579,-62.985,-51.26,39.033,13.215,-56.435,-14.07,-70.639,-66.756,-83.623,-79.904,-46.598
-18.633,-68.257,-57.99,41.955,16.211,-62.265,-9.5081,-63.223,-55.379,-77.519,-76.756,-44.103
-18.895,-71.492,-62.488,43.661,18.586,-65.977,-5.1588,-56.112,-45.033,-71.326,-73.999,-42.044
-18.501,-72.832,-64.413,44.351,20.104,-67.484,-0.82685,-49.11,-36.032,-64.851,-71.422,-40.237
-17.669,-72.333,-63.559,44.06,20.533,-66.728,3.651,-41.945,-28.167,-58.028,-68.91,-38.578
-16.598,-69.95,-59.926,42.687,19.772,-63.687,8.3159,-34.391,-21.303,-50.973,-66.461,-37.038
-15.411,-65.898,-53.983,40.283,17.98,-58.707,13.098,-26.275,-15.396,-44.009,-64.16,-35.644
-14.161,-60.813,-46.849,37.17,15.592,-52.654,17.816,-17.503,-10.417,-37.578,-62.136,-34.464
-12.872,-55.576,-40.088,33.856,13.215,-46.71,22.239,-8.1182,-6.3081,-32.064,-60.518,-33.576
-11.58,-51.095,-35.202,30.878,11.458,-42.057,26.178,1.6944,-2.9816,-27.652,-59.371,-33.013
-10.365,-48.153,-33.161,28.675,10.764,-39.615,29.597,11.713,-0.29449,-24.27,-58.642,-32.708
-9.3373,-47.241,-34.14,27.492,11.284,-39.764,32.655,21.83,1.9602,-21.639,-58.159,-32.512
-8.5933,-48.276,-37.484,27.281,12.821,-42.126,35.604,32.117,4.0155,-19.41,-57.702,-32.26
-8.172,-50.505,-41.952,27.688,14.885,-45.655,38.62,42.735,6.0589,-17.297,-57.113,-31.897
-8.0248,-52.768,-46.125,28.151,16.823,-49.031,41.697,53.774,8.1804,-15.159,-56.364,-31.518
-8.0109,-53.895,-48.747,28.07,18.015,-51.072,44.699,65.173,10.386,-12.979,-55.534,-31.293
-7.9126,-53.048,-48.945,26.974,18.083,-50.984,47.514,76.759,12.666,-10.771,-54.699,-31.359
-7.4781,-49.955,-46.441,24.67,17.014,-48.537,50.17,88.348,15.067,-8.5003,-53.853,-31.717
-6.4925,-45.003,-41.687,21.308,15.164,-44.135,52.829,99.716,17.707,-6.0783,-52.893,-32.228
-4.85,-39.108,-35.813,17.331,13.136,-38.72,55.63,110.59,20.735,-3.4229,-51.684,-32.691
-2.5878,-33.398,-30.313,13.311,11.616,-33.505,58.566,120.7,24.278,-0.51696,-50.132,-32.945
0.13979,-28.838,-26.619,9.754,11.216,-29.609,61.46,129.81,28.393,2.5829,-48.255,-32.945
3.1273,-25.953,-25.697,6.947,12.303,-27.74,64.066,137.81,33.053,5.7768,-46.165,-32.773
6.1732,-24.71,-27.798,4.8825,14.889,-28.021,66.206,144.72,38.154,8.9685,-44.024,-32.589
9.1001,-24.557,-32.373,3.3032,18.614,-29.959,67.827,150.68,43.579,12.101,-41.96,-32.542
11.747,-24.615,-38.146,1.8817,22.848,-32.532,68.98,155.88,49.278,15.174,-40.039,-32.71
13.961,-24.038,-43.432,0.43222,26.837,-34.469,69.789,160.62,55.311,18.251,-38.255,-33.082
15.616,-22.44,-46.762,-1.0198,29.876,-34.829,70.408,165.16,61.845,21.447,-36.533,-33.564
16.628,-20.065,-47.468,-2.3491,31.428,-33.53,71.022,169.73,69.11,24.917,-34.762,-34.009
16.953,-17.444,-45.81,-3.4708,31.223,-31.181,71.784,174.49,77.316,28.822,-32.814,-34.254
16.563,-14.938,-42.444,-4.3719,29.346,-28.37,72.765,179.5,86.599,33.301,-30.587,-34.169
15.434,-12.66,-37.762,-5.0565,26.049,-25.29,73.939,184.76,96.926,38.435,-28.042,-33.696
13.547,-10.627,-31.854,-5.489,21.538,-21.916,75.222,190.17,108.04,44.211,-25.223,-32.861
10.935,-8.8629,-24.851,-5.5807,16.068,-18.251,76.534,195.62,119.47,50.522,-22.241,-31.754
7.7488,-7.4552,-17.371,-5.2278,10.196,-14.549,77.847,200.98,130.68,57.179,-19.224,-30.482
4.302,-6.6119,-10.709,-4.3728,4.7916,-11.422,79.177,206.17,141.22,63.968,-16.258,-29.112
1.0656,-6.6483,-6.4028,-3.0446,0.78509,-9.6733,80.564,211.18,150.88,70.726,-13.362,-27.627
-1.4185,-7.8562,-5.5915,-1.3613,-1.0518,-9.9713,82.036,216.06,159.63,77.365,-10.487,-25.94
-2.6841,-10.324,-8.6455,0.48798,-0.24608,-12.563,83.608,220.84,167.54,83.83,-7.5552,-23.939
-2.4805,-13.829,-15.082,2.2718,3.1912,-17.151,85.28,225.5,174.65,90.048,-4.4971,-21.538
-0.84902,-17.867,-23.753,3.7513,8.6806,-23.001,87.048,229.98,180.99,95.901,-1.2865,-18.73
1.8777,-21.77,-33.196,4.7143,15.199,-29.162,88.895,234.17,186.55,101.25,2.041,-15.601
5.1575,-24.871,-41.834,5.0063,21.516,-34.641,90.784,237.92,191.32,105.95,5.3865,-12.317
8.4057,-26.636,-48.139,4.5493,26.496,-38.52,92.665,241.11,195.26,109.91,8.6226,-9.0722
11.2,-26.717,-51.027,3.3265,29.403,-40.123,94.49,243.7,198.38,113.1,11.654,-6.0011
13.423,-25.009,-50.294,1.3487,30.107,-39.241,96.209,245.71,200.69,115.54,14.466,-3.1299
15.273,-21.677,-46.679,-1.3465,29.078,-36.236,97.765,247.22,202.24,117.32,17.127,-0.38775
17.118,-17.183,-41.527,-4.6452,27.169,-31.946,99.088,248.31,203.09,118.59,19.754,2.3322
19.267,-12.255,-36.336,-8.2923,25.277,-27.469,100.1,249.04,203.33,119.45,22.461,5.1101
21.771,-7.7375,-32.398,-11.883,24.089,-23.869,100.74,249.45,203.02,120.03,25.32,7.9634
24.39,-4.2655,-30.543,-14.97,23.969,-21.826,100.93,249.54,202.21,120.36,28.329,10.845
26.742,-1.956,-30.959,-17.251,24.88,-21.371,100.64,249.24,200.92,120.41,31.399,13.662
28.509,-0.33226,-33.121,-18.719,26.417,-21.852,99.897,248.45,199.09,120.1,34.38,16.314
29.6,1.4201,-35.948,-19.653,28.041,-22.135,98.786,247.07,196.61,119.3,37.103,18.722
30.212,3.9765,-38.16,-20.492,29.34,-21.063,97.464,245.0,193.36,117.95,39.45,20.865
30.745,7.5159,-38.783,-21.655,30.158,-18.097,96.109,242.22,189.22,115.98,41.395,22.805
31.602,11.801,-37.55,-23.413,30.553,-13.631,94.871,238.74,184.07,113.42,42.979,24.644
32.998,16.52,-34.878,-25.84,30.652,-8.5114,93.823,234.62,177.79,110.27,44.252,26.462
34.86,21.46,-31.392,-28.813,30.493,-3.3496,92.931,229.89,170.26,106.54,45.227,28.251
36.849,26.454,-27.468,-32.042,29.975,1.6491,92.071,224.59,161.39,102.21,45.892,29.916
38.483,31.329,-23.149,-35.16,28.907,6.5192,91.068,218.82,151.16,97.332,46.252,31.332
39.343,35.933,-18.31,-37.844,27.125,11.389,89.762,212.74,139.72,92.037,46.378,32.413
39.243,40.193,-12.856,-39.921,24.61,16.401,88.061,206.58,127.46,86.551,46.409,33.17
38.279,44.088,-6.8335,-41.383,21.538,21.609,85.958,200.55,114.97,81.153,46.528,33.718
36.752,47.541,-0.47895,-42.318,18.262,26.847,83.526,194.8,102.89,76.097,46.904,34.243
35.028,50.343,5.7368,-42.813,15.223,31.646,80.879,189.36,91.727,71.536,47.648,34.936
33.414,52.196,11.104,-42.899,12.831,35.349,78.132,184.19,81.665,67.505,48.78,35.938
32.073,52.889,14.871,-42.569,11.334,37.453,75.358,179.15,72.651,63.953,50.248,37.306
31.007,52.472,16.668,-41.849,10.727,37.926,72.564,174.1,64.5,60.777,51.937,39.003
30.107,51.311,16.816,-40.865,10.736,37.257,69.675,168.81,56.999,57.846,53.693,40.899
29.248,50.008,16.235,-39.864,10.906,36.238,66.525,163.06,49.975,55.021,55.351,42.811
28.382,49.184,16.024,-39.125,10.792,35.665,62.884,156.59,43.349,52.201,56.78,44.575
27.547,49.228,16.947,-38.828,10.146,36.035,58.511,149.2,37.148,49.355,57.924,46.111
26.811,50.132,19.115,-38.961,9.0093,37.361,53.229,140.73,31.456,46.523,58.797,47.431
26.212,51.517,22.017,-39.322,7.663,39.212,47.029,131.09,26.348,43.795,59.46,48.611
25.744,52.805,24.817,-39.625,6.4889,40.918,40.154,120.3,21.859,41.274,59.992,49.746
25.362,53.439,26.681,-39.612,5.8176,41.824,33.099,108.59,18.001,39.074,60.48,50.926
24.991,53.059,27.05,-39.129,5.801,41.508,26.442,96.432,14.783,37.304,61.023,52.231
24.528,51.606,25.873,-38.146,6.3438,39.951,20.596,84.422,12.207,36.037,61.702,53.698
23.855,49.382,23.682,-36.762,7.1198,37.601,15.667,73.041,10.238,35.259,62.524,55.27
22.878,47.012,21.459,-35.208,7.6212,35.265,11.481,62.426,8.7692,34.839,63.367,56.776
21.57,45.295,20.406,-33.825,7.2704,33.887,7.6973,52.376,7.6189,34.544,64.002,57.976
20.012,44.955,21.556,-32.987,5.6545,34.254,3.9799,42.537,6.5675,34.107,64.16,58.65
18.418,46.397,25.295,-32.998,2.761,36.701,0.13719,32.639,5.4194,33.312,63.627,58.681
17.127,49.537,31.11,-33.998,-0.94,40.924,-3.7989,22.659,4.0567,32.065,62.299,58.08
16.522,53.81,37.69,-35.913,-4.6105,46.048,-7.6047,12.824,2.4591,30.415,60.191,56.954
16.9,58.346,43.39,-38.458,-7.2987,50.916,-10.995,3.4691,0.68213,28.495,57.404,55.455
18.347,62.263,46.847,-41.206,-8.271,54.504,-13.777,-5.137,-1.191,26.444,54.069,53.716
20.655,64.949,47.477,-43.708,-7.3284,56.256,-15.926,-12.879,-3.0928,24.34,50.3,51.8
23.33,66.211,45.635,-45.606,-4.9373,56.22,-17.575,-19.755,-4.9826,22.2,46.19,49.688
25.688,66.234,42.407,-46.68,-2.0673,54.952,-18.928,-25.801,-6.8295,20.02,41.842,47.328
27.04,65.414,39.192,-46.824,0.16744,53.254,-20.182,-31.049,-8.5925,17.815,37.388,44.709
26.864,64.159,37.276,-46.016,0.83942,51.878,-21.467,-35.525,-10.216,15.636,32.982,41.897
24.888,62.737,37.46,-44.292,-0.56076,51.289,-22.824,-39.258,-11.639,13.566,28.766,39.029
21.178,61.198,39.784,-41.74,-3.9578,51.523,-24.214,-42.288,-12.808,11.7,24.855,36.276
16.165,59.363,43.505,-38.494,-8.696,52.166,-25.553,-44.672,-13.698,10.112,21.318,33.784
10.537,56.91,47.357,-34.719,-13.757,52.498,-26.75,-46.52,-14.343,8.8067,18.142,31.621
5.0512,53.53,49.945,-30.604,-18.069,51.75,-27.761,-48.021,-14.864,7.6844,15.212,29.731
0.3823,49.107,50.172,-26.356,-20.784,49.399,-28.6,-49.434,-15.46,6.5488,12.338,27.944
-2.9742,43.802,47.628,-22.198,-21.467,45.359,-29.328,-51.028,-16.342,5.1801,9.3407,26.058
-4.7943,37.996,42.711,-18.347,-20.155,40.008,-30.004,-52.975,-17.637,3.4405,6.1574,23.957
-5.1819,32.117,36.284,-14.967,-17.258,33.972,-30.643,-55.274,-19.306,1.3561,2.8905,21.684
-4.5078,26.468,29.173,-12.117,-13.396,27.797,-31.208,-57.748,-21.121,-0.86537,-0.22716,19.418
-3.2612,21.113,21.96,-9.7262,-9.2139,21.753,-31.627,-60.117,-22.718,-2.8915,-2.921,17.393
-1.9253,15.919,15.014,-7.6298,-5.268,15.851,-31.837,-62.121,-23.729,-4.3884,-4.971,15.806
-0.91314,10.721,8.5578,-5.6499,-1.9845,10.011,-31.839,-63.633,-23.946,-5.1703,-6.2907,14.751
-0.50502,5.5446,2.7945,-3.6918,0.35411,4.2927,-31.727,-64.704,-23.416,-5.2871,-6.9561,14.18
-0.76371,0.71118,-1.9369,-1.7975,1.6635,-0.94267,-31.643,-65.522,-22.4,-4.9832,-7.1629,13.917
-1.4995,-3.3176,-5.3303,-0.1168,2.1241,-5.1933,-31.676,-66.324,-21.235,-4.5615,-7.1386,13.747
-2.3448,-6.2636,-7.5543,1.1876,2.1867,-8.2328,-31.791,-67.302,-20.205,-4.2628,-7.0701,13.5
-2.9065,-8.2051,-9.2898,2.0397,2.4455,-10.298,-31.844,-68.567,-19.481,-4.2186,-7.0755,13.099
-2.9099,-9.4827,-11.236,2.4967,3.434,-11.859,-31.663,-70.156,-19.123,-4.4556,-7.2013,12.571
-2.2838,-10.486,-13.634,2.7242,5.3929,-13.281,-31.124,-72.033,-19.087,-4.9114,-7.4239,12.023
-1.1749,-11.442,-16.177,2.9087,8.0762,-14.625,-30.211,-74.111,-19.229,-5.4474,-7.6577,11.598
0.10297,-12.275,-18.169,3.1408,10.768,-15.61,-29.035,-76.266,-19.347,-5.8822,-7.7859,11.408
1.1613,-12.579,-18.839,3.3289,12.544,-15.732,-27.788,-78.388,-19.251,-6.0539,-7.7141,11.482
1.6372,-11.664,-17.51,3.1976,12.604,-14.321,-26.688,-80.41,-18.83,-5.8825,-7.4092,11.761
1.2698,-8.7363,-13.312,2.4103,10.39,-10.564,-25.925,-82.307,-18.072,-5.3803,-6.8932,12.134
-0.057257,-3.3657,-5.5834,0.78187,5.6879,-3.9642,-25.576,-84.065,-17.023,-4.5973,-6.1949,12.503
-2.2922,4.0863,5.3165,-1.5527,-1.1511,5.0978,-25.564,-85.651,-15.724,-3.5564,-5.3053,12.839
-5.1991,12.498,17.884,-4.167,-9.2168,15.346,-25.676,-87.009,-14.19,-2.2378,-4.1727,13.197
-8.3655,20.486,30.053,-6.5701,-17.294,25.136,-25.635,-88.09,-12.424,-0.61689,-2.7368,13.686
-11.258,26.982,39.979,-8.4537,-24.176,33.098,-25.204,-88.878,-10.46,1.2885,-0.97088,14.422
-13.331,31.551,46.628,-9.8054,-28.96,38.565,-24.286,-89.418,-8.3835,3.3961,1.0851,15.472
-14.162,34.446,50.041,-10.875,-31.274,41.692,-22.979,-89.823,-6.3437,5.5622,3.3085,16.795
-13.557,36.386,51.087,-12.042,-31.291,43.261,-21.537,-90.245,-4.5351,7.6087,5.5122,18.239
-11.596,38.129,50.72,-13.618,-29.5,44.139,-20.247,-90.814,-3.1344,9.3764,7.5103,19.599
-8.6006,40.056,49.33,-15.682,-26.466,44.741,-19.296,-91.584,-2.2275,10.786,9.2002,20.728
-5.044,42.067,46.9,-18.036,-22.693,44.996,-18.73,-92.507,-1.7715,11.868,10.602,21.6
-1.4474,43.791,43.662,-20.292,-18.656,44.753,-18.484,-93.477,-1.6186,12.738,11.828,22.294
1.695,44.838,40.217,-22.037,-14.837,44.003,-18.465,-94.386,-1.5841,13.54,13.018,22.933
3.9792,44.98,37.177,-22.994,-11.721,42.85,-18.617,-95.188,-1.5257,14.377,14.268,23.612
5.1446,44.269,34.981,-23.109,-9.7648,41.5,-18.953,-95.915,-1.4017,15.274,15.592,24.354
5.0717,43.064,33.95,-22.536,-9.2883,40.292,-19.558,-96.681,-1.2938,16.147,16.908,25.1
3.7511,41.872,34.321,-21.525,-10.383,39.629,-20.554,-97.648,-1.3833,16.829,18.047,25.71
1.3067,41.084,36.136,-20.282,-12.936,39.779,-22.062,-98.979,-1.8882,17.118,18.806,26.012
-1.9693,40.773,39.091,-18.912,-16.635,40.696,-24.149,-100.77,-2.9854,16.856,19.023,25.872
-5.6314,40.76,42.573,-17.471,-20.923,42.059,-26.786,-103.02,-4.7533,15.982,18.629,25.239
-9.1393,40.856,45.942,-16.054,-25.092,43.521,-29.856,-105.66,-7.1629,14.534,17.65,24.144
-11.963,41.06,48.796,-14.857,-28.536,44.919,-33.23,-108.57,-10.115,12.607,16.165,22.66
-13.733,41.614,51.104,-14.16,-30.975,46.359,-36.831,-111.69,-13.499,10.302,14.264,20.869
-14.359,42.865,53.168,-14.236,-32.505,48.136,-40.642,-115.02,-17.226,7.6974,12.047,18.862
-14.039,45.027,55.427,-15.194,-33.48,50.509,-44.643,-118.55,-21.233,4.8583,9.6349,16.753
-13.177,47.932,58.154,-16.82,-34.3,53.449,-48.735,-122.28,-25.45,1.863,7.1727,14.683
-12.243,50.934,61.219,-18.573,-35.202,56.52,-52.713,-126.14,-29.763,-1.1749,4.8234,12.81
-11.616,53.084,64.074,-19.783,-36.134,58.954,-56.287,-129.97,-34.0,-4.104,2.7473,11.291
-11.439,53.476,65.875,-19.95,-36.733,59.889,-59.157,-133.52,-37.947,-6.7626,1.0783,10.249
-11.557,51.595,65.674,-18.952,-36.414,58.613,-61.104,-136.56,-41.401,-9.0264,-0.1029,9.7495
-11.581,47.506,62.69,-17.084,-34.607,54.789,-62.074,-138.94,-44.242,-10.856,-0.79476,9.7706
-11.046,41.854,56.627,-14.94,-31.048,48.637,-62.191,-140.63,-46.492,-12.323,-1.0879,10.194
-9.6115,35.656,47.885,-13.151,-25.895,40.962,-61.679,-141.75,-48.31,-13.594,-1.1535,10.817
-7.2106,29.858,37.465,-12.077,-19.579,32.84,-60.736,-142.5,-49.945,-14.888,-1.2017,11.389
-4.082,24.832,26.468,-11.621,-12.603,25.02,-59.439,-143.07,-51.644,-16.404,-1.4116,11.707
-0.68877,20.202,15.462,-11.298,-5.4194,17.526,-57.728,-143.58,-53.557,-18.261,-1.8632,11.704
2.4463,15.19,4.3635,-10.529,1.6174,9.8435,-55.497,-144.05,-55.688,-20.456,-2.5193,11.457
4.9355,9.1958,-7.041,-8.9633,8.2387,1.4971,-52.705,-144.44,-57.91,-22.887,-3.2835,11.084
6.6625,2.2258,-18.449,-6.6591,14.221,-7.4465,-49.464,-144.69,-60.065,-25.425,-4.0928,10.623
7.7898,-5.025,-28.889,-4.0623,19.318,-16.249,-46.03,-144.82,-62.057,-27.995,-4.9785,9.9769
8.6554,-11.358,-37.043,-1.8555,23.196,-23.672,-42.729,-144.89,-63.875,-30.59,-6.047,8.9398
9.589,-15.458,-41.76,-0.72542,25.517,-28.402,-39.85,-144.93,-65.543,-33.215,-7.4035,7.2962
10.707,-16.534,-42.57,-1.0316,26.1,-29.703,-37.541,-144.94,-67.068,-35.828,-9.0808,4.9334
11.812,-14.843,-39.867,-2.5487,24.997,-27.838,-35.782,-144.84,-68.423,-38.34,-11.021,1.8981
12.462,-11.615,-34.739,-4.5246,22.477,-23.959,-34.442,-144.52,-69.581,-40.667,-13.114,-1.6317
12.153,-8.4468,-28.603,-6.0176,18.97,-19.597,-33.362,-143.87,-70.559,-42.797,-15.261,-5.4311
10.54,-6.6741,-22.825,-6.2442,14.982,-16.113,-32.406,-142.84,-71.445,-44.814,-17.422,-9.3078
7.5879,-7.0614,-18.477,-4.7821,11.03,-14.399,-31.486,-141.46,-72.355,-46.847,-19.605,-13.13
3.5967,-9.7475,-16.193,-1.6474,7.5728,-14.799,-30.558,-139.8,-73.374,-48.989,-21.823,-16.803
-0.88161,-14.319,-16.098,2.7502,4.9373,-17.144,-29.621,-137.95,-74.496,-51.243,-24.05,-20.237
-5.1871,-19.989,-17.829,7.7705,3.2785,-20.846,-28.688,-135.97,-75.634,-53.545,-26.223,-23.351
-8.7275,-25.81,-20.689,12.734,2.5608,-25.093,-27.763,-133.91,-76.666,-55.786,-28.267,-26.079
-11.161,-30.919,-23.864,17.078,2.5728,-29.074,-26.828,-131.79,-77.474,-57.854,-30.119,-28.377
-12.518,-34.803,-26.657,20.49,2.9821,-32.226,-25.847,-129.63,-77.968,-59.648,-31.73,-30.207
-13.193,-37.512,-28.686,23.014,3.4147,-34.421,-24.79,-127.44,-78.085,-61.071,-33.05,-31.544
-13.823,-39.609,-29.952,25.038,3.5153,-35.99,-23.649,-125.17,-77.796,-62.025,-34.013,-32.37
-15.098,-41.852,-30.701,27.137,2.9828,-37.48,-22.438,-122.77,-77.137,-62.469,-34.558,-32.669
-17.515,-44.792,-31.168,29.823,1.6082,-39.275,-21.166,-120.14,-76.184,-62.461,-34.679,-32.445
-21.191,-48.503,-31.359,33.331,-0.70169,-41.348,-19.817,-117.17,-75.07,-62.149,-34.474,-31.782
-25.878,-52.56,-30.987,37.471,-3.9158,-43.318,-18.363,-113.81,-73.995,-61.772,-34.131,-30.868
-31.07,-56.249,-29.667,41.679,-7.8512,-44.679,-16.797,-110.09,-73.17,-61.596,-33.886,-29.954
-36.101,-58.844,-27.193,45.236,-12.153,-45.025,-15.144,-106.14,-72.747,-61.83,-33.942,-29.271
-40.259,-59.84,-23.676,47.515,-16.327,-44.158,-13.463,-102.15,-72.783,-62.545,-34.418,-28.963
-42.966,-59.084,-19.495,48.187,-19.841,-42.141,-11.839,-98.255,-73.254,-63.689,-35.315,-29.071
-43.98,-56.809,-15.178,47.303,-22.284,-39.273,-10.357,-94.494,-74.04,-65.098,-36.529,-29.538
-43.451,-53.556,-11.268,45.242,-23.49,-36.022,-9.0716,-90.813,-74.987,-66.567,-37.888,-30.256
-41.783,-50.012,-8.2055,42.567,-23.565,-32.903,-7.9808,-87.083,-75.947,-67.921,-39.215,-31.127
-39.445,-46.789,-6.2126,39.84,-22.809,-30.337,-7.031,-83.138,-76.807,-69.072,-40.41,-32.095
-36.827,-44.237,-5.2515,37.447,-21.606,-28.517,-6.1265,-78.805,-77.486,-70.038,-41.482,-33.162
-34.17,-42.312,-5.0341,35.473,-20.303,-27.328,-5.1502,-73.95,-77.954,-70.92,-42.545,-34.386
-31.544,-40.636,-5.147,33.681,-19.111,-26.413,-3.9516,-68.476,-78.17,-71.835,-43.769,-35.843
-28.873,-38.726,-5.2626,31.655,-18.042,-25.374,-2.3501,-62.294,-78.0,-72.786,-45.282,-37.555
-26.049,-36.32,-5.3413,29.123,-16.907,-24.034,-0.15628,-55.281,-77.153,-73.59,-47.059,-39.426
-23.105,-33.624,-5.7109,26.243,-15.401,-22.61,2.7987,-47.213,-75.171,-73.822,-48.854,-41.198
-20.264,-31.307,-6.9371,23.568,-13.243,-21.698,6.637,-37.704,-71.516,-72.844,-50.209,-42.533
-17.836,-30.244,-9.5204,21.737,-10.314,-22.034,11.403,-26.138,-65.889,-69.881,-50.567,-43.153
-16.086,-31.117,-13.644,21.191,-6.7165,-24.15,17.022,-11.67,-59.062,-64.301,-49.438,-42.945
-15.14,-34.072,-19.171,22.014,-2.724,-28.13,23.277,6.507,-54.57,-57.342,-46.6,-41.914
-14.9,-38.6,-25.783,23.834,1.362,-33.583,29.875,28.49,-60.08,-60.72,-42.741,-40.09
-15.015,-43.621,-33.07,25.852,5.3726,-39.756,36.54,52.812,-78.382,-94.828,-44.388,-38.538
-14.935,-47.761,-40.547,27.332,9.3274,-45.629,43.008,76.378,-85.982,-107.15,-74.107,-48.18
-14.068,-50.696,-47.576,29.471,13.348,-50.229,48.854,95.623,-69.257,-101.65,-90.589,-64.302
-11.931,-61.406,-53.724,40.026,17.491,-56.599,53.182,107.68,-37.85,-87.304,-94.919,-71.317
-7.9951,-101.05,-69.883,58.851,21.699,-88.995,54.564,110.3,2.2999,-61.799,-92.55,-73.7
-1.4297,-113.82,-102.36,59.389,28.525,-110.19,53.202,105.62,47.383,-23.33,-79.214,-67.549
8.1887,-101.31,-106.45,46.76,50.285,-104.37,68.363,145.0,96.593,30.528,-50.739,-50.167
19.89,-74.746,-97.858,26.23,56.755,-86.814,92.874,190.71,153.68,101.24,-4.925,-20.356
32.636,-35.496,-80.612,-1.4215,58.61,-58.098,100.2,214.22,223.87,193.94,57.735,23.205
49.596,14.569,-54.575,-36.194,57.939,-18.451,100.42,223.73,306.85,314.86,141.64,82.691
79.249,76.755,-16.188,-78.797,51.912,32.854,92.28,215.02,395.44,463.92,249.27,159.51
112.82,155.03,40.435,-130.22,36.114,100.42,72.044,181.48,481.66,637.9,378.84,252.61
134.99,253.18,121.49,-190.54,6.0099,189.85,35.583,114.88,557.74,829.91,525.99,359.3
145.22,372.48,231.75,-257.99,-42.898,304.16,-19.671,6.9846,615.45,1025.9,681.7,474.06
141.2,511.03,372.3,-328.49,-113.44,442.78,-93.823,-148.49,645.62,1202.6,830.27,587.24
120.27,660.4,538.11,-394.91,-204.95,599.48,-184.68,-352.45,637.37,1327.4,949.7,684.87
81.628,804.55,717.64,-447.89,-312.92,760.93,-288.12,-595.62,577.21,1363.9,1014.9,750.31
26.833,924.54,895.6,-478.99,-428.52,908.84,-398.05,-857.47,450.5,1281.4,1004.3,768.09
-39.489,1002.9,1045.3,-482.95,-538.59,1023.0,-507.46,-1111.6,247.72,1066.4,907.22,729.33
-109.9,1026.0,1145.0,-457.72,-627.74,1084.7,-610.96,-1333.3,-28.098,731.35,729.23,635.44
-176.07,986.75,1177.2,-404.55,-682.46,1081.0,-705.28,-1504.0,-358.02,315.54,492.46,498.25
-231.09,887.89,1135.5,-328.5,-694.9,1009.9,-787.03,-1613.1,-708.44,-123.12,230.18,336.66
-270.79,742.24,1026.5,-237.93,-664.81,881.45,-851.58,-1656.4,-1036.6,-522.5,-21.749,171.78
-293.58,569.61,867.99,-143.02,-598.94,714.95,-893.48,-1634.4,-1299.4,-832.12,-233.39,22.333
-299.39,391.97,683.76,-54.081,-508.71,533.99,-906.33,-1551.0,-1463.5,-1024.1,-386.29,-98.309
-288.84,229.39,498.57,20.221,-408.01,360.93,-884.91,-1413.9,-1513.3,-1095.9,-475.14,-183.28
-264.32,97.703,333.8,74.292,-310.89,213.56,-828.72,-1235.9,-1454.6,-1065.8,-506.02,-232.39
-231.19,5.4735,202.99,106.76,-228.48,103.65,-743.7,-1034.1,-1311.3,-964.35,-491.7,-250.29
-196.11,-48.979,110.78,119.82,-166.07,33.451,-640.67,-828.87,-1118.6,-825.55,-446.75,-243.37
-164.51,-74.208,57.795,117.63,-122.66,-5.0515,-532.17,-640.31,-912.46,-679.23,-385.43,-219.1
-139.64,-79.522,31.597,105.71,-93.012,-22.347,-429.84,-482.66,-720.75,-546.16,-320.57,-185.71
-121.3,-73.301,20.378,88.795,-72.544,-26.752,-342.35,-359.54,-559.41,-436.25,-261.59,-150.27
-106.95,-62.661,18.242,63.389,-60.138,-24.558,-273.51,-266.06,-434.17,-350.37,-213.13,-107.42
-94.391,-46.381,20.268,50.149,-53.412,-19.845,-221.65,-195.29,-343.73,-285.73,-174.74,-76.149
-82.604,-28.847,22.35,45.835,-47.739,-9.689,-182.32,-141.27,-280.88,-239.95,-146.82,-68.532
-71.478,-33.237,23.508,42.735,-39.892,4.0966,-151.26,-99.379,-234.61,-207.46,-128.86,-64.633
-61.596,-35.639,29.369,39.735,-30.52,-4.5344,-126.49,-66.067,-197.1,-180.74,-114.69,-59.835
-53.416,-36.449,23.476,36.866,-26.345,-12.335,-108.66,-38.748,-164.67,-156.62,-101.74,-53.992
-46.16,-37.241,13.185,34.679,-23.487,-17.748,-97.894,-16.186,-136.14,-134.43,-89.698,-47.725
-39.42,-38.732,2.7502,33.538,-19.156,-22.474,-90.228,-5.3551,-111.49,-114.23,-79.01,-42.042
-34.255,-41.128,-6.9255,33.349,-14.669,-27.333,-81.363,-7.8547,-92.798,-97.461,-69.74,-37.357
-30.979,-44.289,-15.687,33.81,-10.526,-32.423,-76.215,-1.6981,-86.478,-87.597,-61.867,-33.711
-28.782,-47.616,-23.179,34.452,-6.7465,-37.215,-73.465,9.35,-80.582,-80.69,-55.441,-31.121
-26.553,-50.018,-28.834,34.506,-3.1581,-40.78,-69.832,21.292,-71.008,-73.561,-50.281,-29.477
-23.448,-50.499,-32.327,33.221,0.44795,-42.384,-65.898,32.829,-60.803,-66.202,-46.038,-28.539
-19.161,-48.855,-33.931,30.385,4.2319,-42.021,-61.962,43.494,-51.301,-58.901,-42.341,-28.027
-13.941,-45.839,-34.489,26.487,8.2549,-40.471,-58.07,53.003,-42.785,-51.8,-38.903,-27.713
-8.4538,-42.807,-35.149,22.497,12.478,-38.977,-54.194,61.145,-35.285,-45.027,-35.575,-27.469
-3.5838,-41.205,-37.025,19.52,16.803,-38.795,-50.308,67.777,-28.808,-38.764,-32.35,-27.284
-0.13207,-42.09,-40.875,18.458,21.113,-40.794,-46.409,72.866,-23.352,-33.2,-29.325,-27.222
1.5048,-45.783,-46.87,19.687,25.295,-45.192,-42.526,76.528,-18.856,-28.448,-26.617,-27.36
1.507,-51.725,-54.482,22.854,29.247,-51.473,-38.717,79.036,-15.179,-24.485,-24.286,-27.714
0.55048,-58.642,-62.57,26.961,32.842,-58.514,-35.05,80.785,-12.109,-21.146,-22.291,-28.226
-0.5029,-64.933,-69.725,30.707,35.881,-64.913,-31.59,82.204,-9.406,-18.201,-20.514,-28.779
-1.0003,-69.144,-74.667,32.973,38.086,-69.362,-28.389,83.633,-6.877,-15.448,-18.832,-29.285
-0.76728,-70.403,-76.487,33.281,39.112,-70.986,-25.506,85.231,-4.4275,-12.784,-17.192,-29.74
-0.13768,-68.731,-74.832,31.95,38.622,-69.613,-22.993,86.982,-2.056,-10.218,-15.632,-30.217
0.27503,-65.003,-70.029,29.831,36.482,-65.808,-20.862,88.803,0.20001,-7.8111,-14.24,-30.798
-0.051681,-60.526,-63.041,27.785,32.937,-60.628,-19.05,90.653,2.3205,-5.6122,-13.084,-31.516
-1.2637,-56.49,-55.27,26.341,28.608,-55.273,-17.428,92.634,4.3323,-3.6138,-12.171,-32.323
-3.0738,-53.622,-48.244,25.687,24.318,-50.798,-15.83,94.883,6.3089,-1.7564,-11.438,-33.105
-4.9233,-52.113,-43.253,25.657,20.867,-47.908,-14.121,97.507,8.3362,0.038367,-10.789,-33.744
-6.2091,-51.665,-40.996,25.717,18.83,-46.834,-12.246,100.5,10.476,1.8328,-10.136,-34.175
-6.455,-51.611,-41.402,25.165,18.42,-47.285,-10.242,103.75,12.757,3.6586,-9.4179,-34.385
-5.4231,-51.081,-43.704,23.467,19.476,-48.492,-8.2162,107.05,15.175,5.53,-8.5994,-34.408
-3.1594,-49.251,-46.738,20.479,21.539,-49.435,-6.2812,110.28,17.728,7.4642,-7.6542,-34.295
0.046729,-45.647,-49.312,16.438,23.999,-49.2,-4.5084,113.37,20.432,9.4928,-6.556,-34.075
3.7697,-40.35,-50.544,11.767,26.265,-47.318,-2.8855,116.4,23.353,11.67,-5.2706,-33.744
7.5641,-33.99,-50.079,6.9136,27.923,-43.922,-1.2958,119.6,26.628,14.088,-3.7328,-33.24
11.053,-27.499,-48.11,2.2851,28.808,-39.669,0.47782,123.25,30.47,16.893,-1.8348,-32.44
13.983,-21.756,-45.151,-1.7809,28.951,-35.39,2.6976,127.62,35.155,20.257,0.55986,-31.186
16.231,-17.316,-41.703,-5.0605,28.449,-31.688,5.5894,132.83,40.943,24.342,3.5634,-29.346
17.757,-14.314,-38.073,-7.4695,27.384,-28.768,9.2622,138.83,47.995,29.247,7.2111,-26.87
18.541,-12.585,-34.525,-9.0241,25.874,-26.604,13.652,145.43,56.326,34.98,11.442,-23.816
18.572,-11.893,-31.487,-9.7552,24.159,-25.193,18.519,152.35,65.789,41.463,16.121,-20.327
17.904,-12.132,-29.546,-9.6548,22.604,-24.676,23.522,159.41,76.1,48.548,21.085,-16.561
16.708,-13.362,-29.269,-8.7073,21.6,-25.284,28.352,166.49,86.884,56.03,26.184,-12.639
15.278,-15.687,-31.036,-6.9709,21.505,-27.228,32.843,173.58,97.744,63.678,31.301,-8.6442
13.951,-19.074,-34.912,-4.6287,22.561,-30.548,36.995,180.69,108.32,71.252,36.339,-4.6567
12.969,-23.27,-40.545,-1.9599,24.762,-35.01,40.903,187.79,118.34,78.538,41.203,-0.76593
12.359,-27.844,-47.159,0.7547,27.76,-40.101,44.663,194.84,127.59,85.362,45.794,2.9433
11.916,-32.313,-53.68,3.3192,30.91,-45.126,48.298,201.72,135.95,91.598,50.025,6.4172
11.313,-36.215,-58.972,5.6357,33.433,-49.351,51.76,208.31,143.32,97.165,53.845,9.6436
10.265,-39.152,-62.092,7.6475,34.615,-52.146,54.977,214.51,149.69,102.04,57.256,12.647
8.67,-40.825,-62.476,9.2663,34.024,-53.123,57.917,220.31,155.11,106.26,60.313,15.48
6.6803,-41.094,-60.027,10.333,31.66,-52.184,60.594,225.71,159.68,109.89,63.095,18.202
4.7051,-39.949,-55.115,10.641,27.978,-49.489,63.029,230.76,163.47,112.99,65.663,20.87
3.3156,-37.438,-48.528,9.9823,23.773,-45.402,65.195,235.42,166.48,115.57,68.033,23.515
3.0569,-33.676,-41.386,8.2108,19.973,-40.483,67.025,239.59,168.61,117.6,70.183,26.142
4.2596,-28.926,-34.991,5.3273,17.416,-35.449,68.448,243.15,169.72,119.02,72.07,28.727
6.9349,-23.611,-30.555,1.5378,16.634,-31.039,69.452,245.94,169.69,119.81,73.663,31.225
10.788,-18.211,-28.858,-2.7774,17.735,-27.819,70.098,247.84,168.42,119.94,74.961,33.597
15.324,-13.13,-30.042,-7.1633,20.465,-26.017,70.5,248.79,165.89,119.45,76.001,35.834
19.989,-8.5763,-33.567,-11.213,24.316,-25.41,70.786,248.74,162.13,118.36,76.846,37.972
24.307,-4.529,-38.339,-14.675,28.622,-25.354,71.061,247.68,157.2,116.74,77.562,40.063
27.965,-0.80343,-43.04,-17.51,32.675,-25.025,71.378,245.63,151.2,114.64,78.204,42.151
30.855,2.8647,-46.514,-19.882,35.86,-23.761,71.724,242.69,144.25,112.14,78.805,44.246
33.051,6.7739,-47.98,-22.092,37.743,-21.235,72.008,238.99,136.47,109.3,79.382,46.33
34.732,11.23,-47.046,-24.47,38.122,-17.358,72.101,234.71,127.99,106.16,79.937,48.367
36.092,16.505,-43.636,-27.291,37.032,-12.091,71.9,230.02,118.95,102.79,80.468,50.33
37.295,22.755,-37.94,-30.709,34.719,-5.413,71.387,225.03,109.56,99.21,80.966,52.207
38.439,29.897,-30.385,-34.689,31.598,2.5563,70.624,219.78,100.03,95.441,81.411,53.998
39.513,37.542,-21.582,-38.97,28.174,11.41,69.721,214.24,90.579,91.472,81.773,55.698
40.389,45.04,-12.269,-43.134,24.93,20.387,68.785,208.34,81.367,87.298,82.034,57.302
40.885,51.621,-3.2509,-46.718,22.174,28.498,67.889,202.07,72.508,82.956,82.2,58.819
40.842,56.651,4.6922,-49.329,19.956,34.926,67.036,195.42,64.049,78.519,82.303,60.261
40.146,59.867,11.052,-50.737,18.08,39.413,66.11,188.46,56.004,74.076,82.373,61.627
38.737,61.46,15.89,-50.958,16.184,42.291,64.87,181.25,48.417,69.704,82.414,62.89
36.642,62.013,19.917,-50.286,13.867,44.278,63.021,173.89,41.38,65.471,82.404,64.008
34.03,62.32,24.122,-49.222,10.86,46.203,60.345,166.43,34.995,61.439,82.325,64.956
31.236,63.083,29.162,-48.305,7.1901,48.673,56.82,158.87,29.322,57.665,82.177,65.756
28.696,64.638,34.954,-47.92,3.2287,51.812,52.683,151.15,24.36,54.209,82.003,66.482
26.81,66.827,40.693,-48.174,-0.39116,55.211,48.373,143.21,20.062,51.136,81.875,67.24
25.804,69.052,45.216,-48.87,-2.9773,58.087,44.332,134.95,16.356,48.498,81.87,68.124
25.65,70.514,47.475,-49.581,-4.0182,59.593,40.75,126.24,13.141,46.304,82.03,69.171
26.088,70.529,46.915,-49.813,-3.3609,59.143,37.459,116.93,10.291,44.5,82.334,70.329
26.733,68.82,43.671,-49.228,-1.2723,56.655,34.051,106.91,7.6743,42.98,82.705,71.478
27.222,65.654,38.576,-47.804,1.6231,52.633,30.128,96.123,5.1813,41.63,83.038,72.47
27.307,61.786,32.959,-45.845,4.5073,48.05,25.521,84.703,2.7457,40.367,83.239,73.179
26.893,58.216,28.302,-43.829,6.5732,44.071,20.363,72.941,0.33865,39.134,83.231,73.516
26.008,55.858,25.83,-42.216,7.2088,41.7,15.008,61.209,-2.047,37.906,82.96,73.432
24.744,55.213,26.144,-41.261,6.1313,41.458,9.8671,49.865,-4.3985,36.684,82.407,72.917
23.173,56.162,29.034,-40.888,3.45,43.198,5.2658,39.204,-6.6704,35.519,81.604,72.007
21.289,57.984,33.593,-40.682,-0.38246,46.174,1.3574,29.421,-8.7815,34.495,80.626,70.778
19.003,59.664,38.596,-40.065,-4.7505,49.351,-1.8971,20.571,-10.639,33.668,79.545,69.307
16.191,60.342,42.972,-38.585,-9.1124,51.817,-4.6878,12.582,-12.176,33.01,78.368,67.623
12.776,59.64,46.138,-36.111,-13.146,53.093,-7.2497,5.3257,-13.355,32.402,77.029,65.698
8.7836,57.67,48.115,-32.812,-16.765,53.216,-9.7383,-1.2857,-14.153,31.697,75.428,63.485
4.325,54.859,49.396,-29.022,-20.091,52.6,-12.164,-7.2602,-14.536,30.793,73.488,60.977
-0.46248,51.732,50.659,-25.082,-23.358,51.781,-14.425,-12.572,-14.477,29.666,71.182,58.223
-5.4203,48.736,52.453,-21.251,-26.775,51.189,-16.386,-17.237,-13.99,28.336,68.503,55.29
-10.336,46.131,54.932,-17.671,-30.412,51.018,-17.946,-21.348,-13.142,26.824,65.432,52.217
-14.926,43.964,57.72,-14.412,-34.083,51.165,-19.059,-25.048,-12.027,25.132,61.931,48.997
-18.84,42.08,60.025,-11.519,-37.289,51.268,-19.737,-28.476,-10.728,23.26,57.969,45.604
-21.693,40.212,60.952,-9.0468,-39.358,50.819,-20.042,-31.718,-9.293,21.226,53.561,42.042
-23.142,38.134,59.842,-7.0823,-39.695,49.391,-20.072,-34.793,-7.7311,19.078,48.801,38.382
-22.98,35.831,56.551,-5.7549,-38.01,46.871,-19.953,-37.667,-6.026,16.881,43.85,34.743
-21.235,33.582,51.555,-5.2192,-34.485,43.587,-19.819,-40.292,-4.1686,14.697,38.881,31.231
-18.213,31.897,45.881,-5.6034,-29.797,40.252,-19.791,-42.631,-2.1797,12.564,34.026,27.877
-14.454,31.329,40.842,-6.939,-24.952,37.739,-19.944,-44.668,-0.10192,10.51,29.358,24.64
-10.618,32.232,37.631,-9.1051,-20.966,36.766,-20.284,-46.406,2.0322,8.5697,24.93,21.474
-7.2998,34.593,36.923,-11.82,-18.537,37.642,-20.744,-47.863,4.2249,6.798,20.805,18.375
-4.8496,38.008,38.691,-14.705,-17.861,40.163,-21.219,-49.075,6.5074,5.2564,17.054,15.389
-3.2882,41.834,42.267,-17.406,-18.635,43.704,-21.611,-50.111,8.9067,3.9729,13.705,12.57
-2.3645,45.4,46.587,-19.702,-20.203,47.433,-21.874,-51.075,11.409,2.9131,10.726,9.9394
-1.7339,48.178,50.499,-21.521,-21.803,50.54,-22.033,-52.091,13.937,1.986,8.0242,7.4779
-1.1496,49.862,53.05,-22.861,-22.828,52.434,-22.162,-53.276,16.338,1.0739,5.4896,5.1449
-0.57166,50.359,53.776,-23.692,-23.007,52.871,-22.34,-54.719,18.401,0.066129,3.0244,2.8972
-0.16225,49.732,52.827,-23.917,-22.45,51.966,-22.605,-56.472,19.9,-1.1177,0.56486,0.69889
-0.17588,48.114,50.775,-23.418,-21.529,50.049,-22.933,-58.541,20.683,-2.5079,-1.9063,-1.4693
-0.79113,45.639,48.143,-22.136,-20.605,47.419,-23.224,-60.872,20.756,-4.0611,-4.3473,-3.5892
-1.9689,42.42,45.089,-20.138,-19.791,44.208,-23.333,-63.347,20.304,-5.6435,-6.6528,-5.5795
-3.422,38.607,41.548,-17.628,-18.928,40.488,-23.123,-65.807,19.627,-7.0468,-8.6721,-7.2959
-4.7214,34.461,37.582,-14.917,-17.766,36.452,-22.53,-68.096,19.018,-8.0531,-10.258,-8.5848
-5.4867,30.361,33.51,-12.358,-16.184,32.454,-21.598,-70.11,18.662,-8.5249,-11.328,-9.3675
-5.5598,26.703,29.805,-10.241,-14.312,28.924,-20.474,-71.811,18.589,-8.4672,-11.905,-9.6849
-5.0797,23.768,26.961,-8.6957,-12.519,26.223,-19.37,-73.217,18.7,-8.0198,-12.117,-9.6728
-4.4327,21.618,25.388,-7.6344,-11.302,24.535,-18.492,-74.367,18.827,-7.3884,-12.144,-9.4945
-4.1037,20.076,25.291,-6.7911,-11.091,23.799,-17.958,-75.291,18.82,-6.7599,-12.151,-9.2735
-4.4921,18.806,26.56,-5.8389,-12.075,23.722,-17.74,-76.009,18.592,-6.2506,-12.236,-9.0555
-5.7692,17.471,28.748,-4.5326,-14.107,23.891,-17.683,-76.535,18.132,-5.9046,-12.427,-8.8171
-7.8298,15.912,31.219,-2.8166,-16.754,23.969,-17.589,-76.893,17.464,-5.7313,-12.714,-8.5138
-10.348,14.247,33.391,-0.85773,-19.446,23.869,-17.304,-77.117,16.611,-5.742,-13.094,-8.1364
-12.901,12.798,34.892,1.0263,-21.652,23.739,-16.78,-77.236,15.584,-5.9588,-13.583,-7.7317
-15.108,11.862,35.525,2.5261,-23.013,23.724,-16.093,-77.259,14.404,-6.3881,-14.203,-7.3786
-16.715,11.502,35.15,3.4898,-23.412,23.748,-15.404,-77.153,13.124,-6.9833,-14.938,-7.1369
-17.622,11.607,33.791,3.9207,-22.99,23.621,-14.888,-76.846,11.845,-7.6173,-15.707,-6.9984
-17.846,12.216,31.931,3.8141,-22.102,23.462,-14.654,-76.227,10.701,-8.0853,-16.348,-6.8608
-17.444,13.597,30.47,3.0667,-21.213,23.779,-14.692,-75.179,9.8391,-8.1501,-16.647,-6.5479
-16.455,16.032,30.326,1.5291,-20.747,25.141,-14.882,-73.621,9.37,-7.6301,-16.406,-5.88
-14.902,19.862,32.186,-0.99265,-20.998,28.08,-15.048,-71.557,9.3181,-6.4877,-15.531,-4.7658
-12.844,25.427,36.399,-4.6839,-22.11,32.96,-15.039,-69.086,9.5901,-4.8607,-14.08,-3.2589
-10.406,32.745,42.835,-9.5565,-24.066,39.715,-14.79,-66.39,9.9822,-3.0138,-12.236,-1.533
-7.7901,41.357,50.815,-15.328,-26.657,47.738,-14.349,-63.694,10.228,-1.248,-10.246,0.20215
-5.2347,50.336,59.127,-21.407,-29.462,55.959,-13.862,-61.227,10.076,0.18496,-8.3536,1.7793
-2.9508,58.424,66.229,-27.01,-31.876,63.049,-13.499,-59.182,9.377,1.1387,-6.7254,3.1277
-1.0411,64.364,70.628,-31.401,-33.244,67.732,-13.357,-57.679,8.1205,1.5922,-5.3856,4.2974
0.5503,67.342,71.3,-34.154,-33.043,69.175,-13.43,-56.753,6.4125,1.6287,-4.2283,5.424
2.0186,67.275,68.035,-35.282,-31.019,67.289,-13.663,-56.371,4.4041,1.384,-3.0991,6.6476
3.6237,64.836,61.584,-35.22,-27.269,62.806,-14.014,-56.455,2.2224,0.99043,-1.886,8.0366
5.6163,61.272,53.486,-34.705,-22.293,57.09,-14.487,-56.918,-0.064742,0.53598,-0.57187,9.5527
8.146,58.076,45.615,-34.561,-16.934,51.765,-15.129,-57.691,-2.4484,0.052411,0.77217,11.069
11.126,56.526,39.676,-35.369,-12.175,48.255,-15.998,-58.728,-4.9518,-0.46583,2.0404,12.431
14.166,57.242,36.795,-37.218,-8.8917,47.371,-17.126,-59.997,-7.5983,-1.0289,3.1565,13.53
16.665,59.942,37.285,-39.657,-7.6499,49.088,-18.5,-61.473,-10.397,-1.6356,4.1039,14.344
17.996,63.542,40.66,-41.887,-8.5546,52.604,-20.057,-63.126,-13.361,-2.288,4.9076,14.926
17.732,66.651,45.858,-43.097,-11.215,56.69,-21.716,-64.934,-16.534,-3.0197,5.5834,15.368
15.832,68.175,51.557,-42.799,-14.901,60.136,-23.405,-66.887,-20.013,-3.9121,6.0872,15.739
12.676,67.679,56.452,-40.988,-18.775,62.09,-25.078,-68.99,-23.939,-5.0845,6.296,16.047
8.9537,65.365,59.532,-38.085,-22.06,62.22,-26.709,-71.247,-28.452,-6.6609,6.0431,16.233
5.4688,61.869,60.385,-34.756,-24.144,60.712,-28.286,-73.637,-33.626,-8.7257,5.1974,16.207
2.9429,57.981,59.212,-31.696,-24.688,58.086,-29.798,-76.105,-39.407,-11.292,3.7369,15.897
1.8492,54.339,56.449,-29.392,-23.632,54.882,-31.223,-78.563,-45.596,-14.295,1.7642,15.282
2.2982,51.193,52.373,-27.96,-21.099,51.373,-32.533,-80.911,-51.888,-17.612,-0.54305,14.391
4.0186,48.323,47.016,-27.132,-17.32,47.476,-33.701,-83.059,-57.966,-21.097,-3.0057,13.28
6.4576,45.156,40.316,-26.391,-12.587,42.867,-34.72,-84.943,-63.583,-24.604,-5.4915,12.008
8.9695,41.044,32.273,-25.205,-7.2228,37.177,-35.589,-86.514,-68.594,-27.995,-7.9201,10.638
11.02,35.535,23.013,-23.222,-1.5711,30.17,-36.29,-87.721,-72.938,-31.139,-10.243,9.2442
12.325,28.525,12.8,-20.356,4.012,21.847,-36.774,-88.513,-76.604,-33.914,-12.43,7.899
12.886,20.289,2.1093,-16.773,9.1814,12.515,-36.972,-88.857,-79.636,-36.25,-14.48,6.633
12.918,11.505,-8.2618,-12.861,13.613,2.875,-36.842,-88.771,-82.151,-38.191,-16.443,5.3988
12.677,3.2209,-17.173,-9.1524,16.984,-5.9584,-36.399,-88.351,-84.338,-39.918,-18.429,4.0698
12.283,-3.4427,-23.434,-6.114,18.97,-12.752,-35.727,-87.754,-86.41,-41.701,-20.58,2.4862
11.627,-7.8709,-26.383,-3.8856,19.326,-16.785,-34.941,-87.146,-88.527,-43.78,-23.007,0.52898
10.429,-10.355,-26.259,-2.1741,18.041,-18.291,-34.137,-86.642,-90.728,-46.247,-25.724,-1.8164
8.4028,-11.906,-24.046,-0.41978,15.408,-18.29,-33.358,-86.279,-92.926,-48.996,-28.627,-4.4378
5.4214,-13.689,-21.028,1.9078,11.936,-18.031,-32.586,-86.017,-94.965,-51.769,-31.521,-7.1283
1.5954,-16.468,-18.33,5.072,8.1904,-18.433,-31.761,-85.786,-96.7,-54.28,-34.193,-9.6612
-2.7555,-20.297,-16.6,8.9499,4.6359,-19.792,-30.823,-85.519,-98.058,-56.332,-36.497,-11.877
-7.2029,-24.573,-15.827,13.047,1.4998,-21.774,-29.741,-85.195,-99.047,-57.872,-38.406,-13.738
-11.324,-28.334,-15.392,16.679,-1.2662,-23.608,-28.547,-84.853,-99.749,-58.989,-40.008,-15.34
-14.782,-30.669,-14.447,19.243,-3.8666,-24.455,-27.336,-84.576,-100.29,-59.878,-41.47,-16.86
-17.366,-31.101,-12.436,20.457,-6.4505,-23.82,-26.224,-84.468,-100.78,-60.738,-42.964,-18.488
-18.98,-29.836,-9.4325,20.455,-8.9316,-21.833,-25.307,-84.614,-101.33,-61.711,-44.6,-20.337
-19.608,-27.723,-6.1972,19.711,-10.935,-19.272,-24.617,-85.034,-101.96,-62.827,-46.373,-22.387
-19.261,-25.912,-3.9515,18.825,-11.881,-17.286,-24.115,-85.679,-102.6,-63.994,-48.168,-24.466
-17.946,-25.355,-3.9185,18.262,-11.172,-16.92,-23.691,-86.436,-103.19,-65.028,-49.785,-26.309
-15.651,-26.405,-6.79,18.154,-8.4617,-18.648,-23.217,-87.181,-103.64,-65.771,-51.046,-27.677
-12.433,-28.739,-12.39,18.284,-3.8671,-22.212,-22.601,-87.822,-103.94,-66.165,-51.886,-28.481
-8.5663,-31.611,-19.709,18.288,1.9814,-26.79,-21.836,-88.331,-104.11,-66.257,-52.376,-28.835
-4.5795,-34.234,-27.267,17.934,8.0904,-31.37,-21.006,-88.74,-104.23,-66.176,-52.707,-28.988
-1.1335,-36.105,-33.623,17.289,13.375,-35.108,-20.253,-89.109,-104.36,-66.064,-53.089,-29.207
1.1173,-37.168,-37.829,16.7,16.949,-37.567,-19.723,-89.481,-104.49,-66.006,-53.672,-29.66
1.6787,-37.808,-39.671,16.621,18.367,-38.825,-19.499,-89.869,-104.59,-65.993,-54.477,-30.366
0.4101,-38.638,-39.648,17.417,17.739,-39.4,-19.572,-90.25,-104.63,-65.998,-55.443,-31.216
-2.374,-40.185,-38.687,19.193,15.662,-39.966,-19.844,-90.605,-104.66,-66.02,-56.486,-32.063
-5.9721,-42.598,-37.716,21.717,12.988,-40.998,-20.158,-90.935,-104.71,-66.104,-57.545,-32.785
-9.491,-45.556,-37.333,24.448,10.582,-42.566,-20.34,-91.235,-104.85,-66.311,-58.604,-33.326
-12.082,-48.421,-37.722,26.726,9.1463,-44.379,-20.235,-91.455,-105.09,-66.66,-59.661,-33.68
-13.146,-50.533,-38.748,28.051,9.0552,-45.992,-19.747,-91.458,-105.4,-67.103,-60.712,-33.892
-12.47,-51.431,-40.013,28.231,10.215,-46.947,-18.841,-91.057,-105.65,-67.519,-61.756,-34.049
-10.293,-50.857,-40.923,27.331,12.107,-46.83,-17.526,-90.056,-105.69,-67.747,-62.802,-34.289
-7.2522,-48.814,-40.881,25.592,14.013,-45.397,-15.837,-88.312,-105.32,-67.599,-63.857,-34.751
-4.188,-45.697,-39.583,23.364,15.291,-42.769,-13.795,-85.774,-104.3,-66.862,-64.886,-35.502
-1.8881,-42.294,-37.232,21.117,15.603,-39.518,-11.372,-82.473,-102.36,-65.225,-65.75,-36.476
-0.85668,-39.586,-34.534,19.479,15.015,-36.54,-8.4589,-78.487,-99.143,-62.214,-66.179,-37.444
-1.2045,-38.461,-32.455,19.089,13.95,-34.793,-4.8453,-73.894,-94.293,-57.22,-65.762,-38.055
-2.7102,-39.472,-31.886,20.299,12.976,-35.011,-0.22849,-68.683,-87.989,-49.957,-64.053,-37.906
-5.0038,-42.683,-33.325,22.958,12.551,-37.477,5.6524,-62.619,-82.42,-42.345,-60.757,-36.624
-7.6452,-47.576,-36.74,26.363,12.833,-41.906,12.726,-55.164,-83.164,-45.71,-56.459,-33.952
-10.109,-53.026,-41.582,29.515,13.688,-47.44,20.341,-45.704,-93.185,-83.862,-56.502,-30.361
-12.037,-57.653,-46.861,32.24,14.846,-52.727,27.291,-34.133,-99.547,-102.88,-79.455,-33.316
-13.841,-62.771,-51.176,39.413,16.039,-56.597,32.118,-21.61,-88.488,-97.767,-96.873,-56.388
-16.39,-85.15,-53.555,59.749,17.053,-65.394,33.617,-10.81,-63.273,-83.709,-101.57,-64.864
-18.115,-115.36,-68.164,68.487,17.811,-99.369,32.43,-2.6034,-28.649,-58.616,-100.45,-67.444
-14.981,-113.29,-97.095,60.141,19.694,-108.26,36.998,21.448,14.864,-20.78,-89.34,-63.182
-4.722,-96.287,-98.387,42.653,38.162,-99.296,65.198,103.5,69.03,32.256,-64.108,-49.105
12.208,-66.805,-89.312,17.487,50.584,-80.629,87.429,150.05,137.27,103.93,-21.333,-22.801
33.925,-24.398,-71.982,-15.635,53.78,-51.573,91.065,169.89,217.84,198.39,41.446,18.665
61.252,31.91,-44.913,-57.758,54.725,-9.9039,87.446,176.58,301.61,320.0,127.65,78.065
94.824,103.77,-4.8198,-109.1,50.935,46.717,75.977,165.83,384.2,468.88,237.51,155.94
126.49,191.56,52.941,-168.16,38.702,119.83,53.661,130.41,460.74,642.35,368.11,249.63
151.08,294.53,133.26,-232.3,12.927,210.92,17.003,61.385,525.57,833.4,514.98,355.41
165.16,412.72,239.85,-298.44,-31.714,322.32,-36.804,-49.79,571.29,1027.8,669.12,467.62
164.21,544.78,373.21,-362.84,-98.252,454.54,-108.67,-208.07,588.75,1201.8,814.69,576.51
144.14,683.42,528.56,-419.87,-186.84,602.0,-196.65,-410.96,567.08,1322.4,929.55,667.94
102.65,814.1,695.84,-461.63,-292.91,751.8,-295.2,-646.58,494.46,1353.1,988.88,725.47
41.103,918.51,861.67,-480.08,-406.23,885.9,-395.65,-895.38,358.86,1263.9,971.7,734.43
-34.397,979.61,997.43,-470.0,-512.55,985.06,-489.47,-1134.2,152.29,1042.8,868.21,686.88
-113.82,985.54,1084.4,-430.55,-596.5,1032.9,-572.94,-1341.1,-121.5,703.48,684.76,585.05
-185.79,932.23,1108.1,-365.5,-645.59,1019.6,-646.39,-1499.2,-443.86,285.39,443.83,441.22
-240.84,825.45,1065.1,-283.01,-653.82,945.44,-709.84,-1598.2,-782.82,-153.7,178.85,274.54
-273.85,680.26,962.94,-193.81,-622.24,821.54,-760.8,-1634.2,-1098.0,-551.95,-73.935,106.63
-284.44,516.75,817.37,-108.47,-557.2,666.4,-794.22,-1608.4,-1348.4,-858.91,-283.79,-42.685
-275.9,355.08,648.83,-35.334,-469.29,501.08,-803.92,-1525.4,-1502.2,-1046.7,-431.9,-159.2
-253.18,211.8,478.56,20.856,-371.9,344.61,-785.01,-1394.1,-1544.7,-1113.3,-514.14,-236.69
-221.45,97.128,324.09,59.566,-277.45,210.55,-736.59,-1226.9,-1482.3,-1078.3,-539.22,-277.06
-185.57,14.442,196.27,82.444,-195.38,107.02,-663.12,-1040.1,-1339.2,-973.32,-522.17,-288.4
-149.5,-37.49,103.51,91.092,-131.58,36.481,-573.43,-850.8,-1149.8,-832.75,-476.97,-280.83
-116.66,-62.724,48.742,87.554,-88.261,-4.759,-478.19,-674.16,-948.2,-686.14,-416.06,-260.28
-92.204,-68.129,21.998,72.433,-62.807,-23.408,-387.11,-521.4,-761.04,-553.73,-352.18,-230.59
-77.077,-62.208,12.964,42.518,-49.298,-27.413,-306.94,-398.47,-603.54,-445.08,-294.68,-198.12
-67.409,-51.918,13.359,30.764,-43.005,-24.027,-240.98,-304.24,-479.91,-361.35,-247.37,-167.55
-60.656,-32.827,16.203,30.743,-39.783,-18.675,-189.14,-233.37,-386.72,-299.3,-209.57,-141.07
-55.41,-21.093,16.821,32.156,-36.281,-11.055,-148.42,-180.37,-317.4,-253.7,-179.25,-119.56
-49.7,-30.535,13.925,34.006,-30.269,-5.9247,-115.6,-140.53,-264.52,-218.89,-156.11,-103.72
-42.015,-40.059,6.677,35.939,-20.99,-19.389,-88.823,-109.67,-221.9,-189.51,-137.53,-92.037
-34.409,-47.423,-9.76,37.38,-13.394,-31.535,-67.355,-84.359,-186.29,-163.17,-121.11,-82.328
-28.094,-52.824,-24.469,37.799,-6.0352,-40.225,-50.882,-62.333,-156.17,-139.62,-106.17,-73.432
-22.336,-56.233,-35.715,36.967,1.8109,-46.559,-38.49,-45.179,-130.81,-119.01,-93.23,-64.783
-16.621,-57.69,-44.358,35.016,9.3122,-50.932,-29.616,-40.7,-109.82,-101.38,-82.651,-56.63
-10.947,-57.485,-50.794,32.299,15.95,-53.519,-25.43,-37.782,-94.183,-87.335,-73.643,-49.764
-5.6026,-56.06,-55.129,29.204,21.39,-54.536,-23.741,-30.858,-86.953,-76.659,-65.447,-44.304
-1.0035,-53.865,-57.401,26.08,25.378,-54.236,-20.958,-22.545,-82.106,-66.444,-57.945,-39.707
2.434,-51.318,-57.664,23.251,27.722,-52.888,-17.316,-14.054,-73.749,-55.439,-51.251,-35.539
4.4041,-48.79,-56.063,21.01,28.321,-50.794,-13.497,-5.9361,-63.001,-44.667,-45.525,-31.766
4.7965,-46.572,-52.927,19.546,27.213,-48.291,-9.859,1.2751,-52.378,-35.463,-40.928,-28.625
3.7436,-44.831,-48.788,18.879,24.653,-45.711,-6.7508,7.0517,-43.506,-28.462,-37.548,-26.374
1.5961,-43.599,-44.273,18.879,21.119,-43.31,-4.4327,11.112,-36.865,-23.567,-35.33,-25.089
-1.1722,-42.808,-39.933,19.331,17.21,-41.245,-2.9073,13.579,-32.162,-20.309,-34.065,-24.627
-4.0852,-42.34,-36.133,20.027,13.466,-39.565,-1.9275,14.902,-28.795,-18.135,-33.448,-24.712
-6.7633,-42.066,-32.997,20.821,10.219,-38.225,-1.1818,15.635,-26.161,-16.563,-33.176,-25.068
-8.977,-41.868,-30.437,21.638,7.548,-37.1,-0.47051,16.243,-23.81,-15.249,-33.031,-25.521
-10.649,-41.628,-28.269,22.438,5.3689,-36.042,0.22459,16.998,-21.497,-14.014,-32.917,-26.041
-11.824,-41.283,-26.36,23.19,3.5652,-34.969,0.77763,17.991,-19.153,-12.813,-32.835,-26.685
-12.628,-40.889,-24.738,23.876,2.1033,-33.939,1.0305,19.217,-16.804,-11.659,-32.815,-27.522
-13.211,-40.697,-23.633,24.552,1.0745,-33.201,0.92393,20.669,-14.479,-10.542,-32.839,-28.54
-13.716,-41.131,-23.442,25.417,0.66844,-33.171,0.57289,22.413,-12.155,-9.3837,-32.798,-29.606
-14.255,-42.666,-24.605,26.762,1.0828,-34.306,0.23934,24.58,-9.759,-8.0573,-32.533,-30.505
-14.893,-45.616,-27.417,28.83,2.4133,-36.926,0.2229,27.308,-7.2129,-6.4578,-31.902,-31.029
-15.636,-49.967,-31.887,31.663,4.5917,-41.047,0.73632,30.612,-4.4943,-4.5717,-30.867,-31.087
-16.413,-55.34,-37.705,35.037,7.4118,-46.336,1.8246,34.34,-1.6536,-2.4876,-29.521,-30.742
-17.062,-61.068,-44.3,38.514,10.614,-52.185,3.3652,38.225,1.2076,-0.34624,-28.033,-30.17
-17.359,-66.371,-50.984,41.56,13.953,-57.86,5.1243,42.013,3.9961,1.7361,-26.563,-29.561
-17.056,-70.517,-57.077,43.67,17.239,-62.663,6.8848,45.594,6.6857,3.7262,-25.194,-29.023
-15.95,-72.964,-61.997,44.45,20.337,-66.056,8.5666,49.053,9.3541,5.6977,-23.886,-28.522
-13.972,-73.452,-65.308,43.717,23.119,-67.736,10.279,52.719,12.181,7.8139,-22.481,-27.879
-11.257,-72.051,-66.743,41.576,25.431,-67.647,12.27,57.032,15.424,10.283,-20.756,-26.844
-8.164,-69.119,-66.21,38.42,27.049,-65.94,14.792,62.373,19.347,13.279,-18.526,-25.217
-5.2059,-65.177,-63.783,34.811,27.685,-62.903,17.969,68.886,24.156,16.866,-15.737,-22.962
-2.8902,-60.743,-59.664,31.29,27.082,-58.865,21.737,76.398,29.961,20.989,-12.501,-20.234
-1.5137,-56.187,-54.205,28.202,25.205,-54.136,25.855,84.501,36.786,25.535,-9.0139,-17.308
-1.0208,-51.673,-47.956,25.596,22.365,-49.03,30.018,92.763,44.615,30.415,-5.4375,-14.424
-1.0045,-47.217,-41.65,23.226,19.169,-43.909,33.991,100.91,53.455,35.614,-1.8251,-11.692
-0.8753,-42.811,-36.072,20.72,16.336,-39.186,37.686,108.84,63.345,41.197,1.8757,-9.0749
-0.15854,-38.572,-31.896,17.877,14.471,-35.274,41.132,116.55,74.303,47.248,5.7687,-6.4659
1.2522,-34.82,-29.527,14.864,13.869,-32.518,44.428,124.03,86.199,53.784,9.9418,-3.7642
3.0391,-32.006,-29.019,12.159,14.409,-31.134,47.687,131.21,98.662,60.678,14.411,-0.9279
4.5993,-30.541,-30.063,10.31,15.612,-31.147,50.973,137.99,111.1,67.651,19.091,2.0117
5.2987,-30.621,-32.088,9.7105,16.817,-32.372,54.26,144.24,122.91,74.332,23.81,4.9648
4.7324,-32.128,-34.409,10.469,17.433,-34.436,57.439,149.91,133.64,80.4,28.383,7.8227
2.8872,-34.633,-36.423,12.356,17.148,-36.854,60.391,155.01,143.14,85.696,32.697,10.513
0.1581,-37.49,-37.773,14.837,16.026,-39.136,63.072,159.65,151.51,90.258,36.767,13.045
-2.7733,-39.999,-38.421,17.208,14.467,-40.904,65.533,163.95,158.93,94.255,40.709,15.509
-5.142,-41.616,-38.604,18.826,13.046,-41.97,67.888,168.06,165.59,97.876,44.651,18.03
-6.3148,-42.093,-38.697,19.318,12.317,-42.356,70.248,172.04,171.59,101.23,48.649,20.702
-5.9594,-41.512,-39.021,18.653,12.634,-42.233,72.661,175.88,176.88,104.32,52.646,23.542
-4.1224,-40.146,-39.684,17.054,14.029,-41.785,75.091,179.52,181.38,107.02,56.489,26.478
-1.1926,-38.239,-40.513,14.82,16.185,-41.074,77.427,182.84,184.94,109.18,59.985,29.368
2.2405,-35.865,-41.12,12.197,18.533,-39.989,79.536,185.74,187.48,110.67,62.983,32.044
5.5743,-32.955,-41.046,9.3692,20.446,-38.331,81.297,188.09,189.01,111.44,65.41,34.376
8.3468,-29.44,-39.947,6.4709,21.463,-35.956,82.629,189.82,189.57,111.48,67.271,36.311
10.332,-25.382,-37.754,3.5953,21.432,-32.892,83.497,190.86,189.24,110.84,68.616,37.864
11.559,-21.016,-34.727,0.83115,20.524,-29.371,83.911,191.14,188.05,109.54,69.501,39.074
12.234,-16.692,-31.377,-1.7098,19.132,-25.767,83.914,190.59,186.01,107.62,69.977,39.981
12.625,-12.736,-28.267,-3.9248,17.72,-22.45,83.577,189.19,183.11,105.1,70.11,40.624
12.984,-9.2932,-25.792,-5.792,16.68,-19.617,82.979,187.01,179.34,102.08,69.996,41.066
13.503,-6.2533,-24.014,-7.4027,16.222,-17.192,82.172,184.21,174.77,98.685,69.751,41.385
14.247,-3.3216,-22.635,-8.9044,16.302,-14.85,81.157,181.0,169.46,95.04,69.482,41.66
15.1,-0.21833,-21.118,-10.396,16.628,-12.182,79.89,177.57,163.44,91.261,69.25,41.948
15.798,3.1387,-18.953,-11.86,16.769,-8.9358,78.319,174.03,156.71,87.415,69.066,42.275
16.037,6.6079,-15.92,-13.176,16.315,-5.1544,76.434,170.42,149.28,83.53,68.905,42.645
15.59,9.9623,-12.144,-14.202,15.012,-1.1014,74.286,166.66,141.14,79.592,68.735,43.045
14.393,13.065,-7.8837,-14.873,12.797,2.9592,71.964,162.65,132.33,75.562,68.535,43.452
12.577,15.954,-3.3191,-15.266,9.781,6.9203,69.556,158.27,122.9,71.395,68.31,43.854
10.469,18.823,1.4556,-15.623,6.233,10.838,67.107,153.42,112.92,67.094,68.105,44.261
8.5755,21.95,6.3342,-16.291,2.5795,14.85,64.585,148.07,102.57,62.734,67.993,44.72
7.5044,25.598,11.159,-17.627,-0.64058,19.084,61.881,142.2,92.103,58.442,68.042,45.281
7.7998,29.911,15.729,-19.885,-2.8719,23.576,58.823,135.78,81.81,54.355,68.271,45.975
9.7531,34.816,19.788,-23.139,-3.6485,28.196,55.246,128.78,72.005,50.575,68.644,46.791
13.311,39.983,22.976,-27.233,-2.6848,32.573,51.077,121.18,62.939,47.158,69.088,47.685
18.094,44.887,24.812,-31.792,0.01409,36.149,46.413,113.04,54.779,44.126,69.534,48.601
23.471,48.965,24.866,-36.299,4.0641,38.405,41.505,104.45,47.611,41.485,69.944,49.491
28.682,51.831,23.136,-40.233,8.7484,39.165,36.665,95.59,41.46,39.24,70.32,50.33
32.999,53.417,20.295,-43.199,13.187,38.736,32.121,86.654,36.296,37.399,70.696,51.114
35.872,53.991,17.511,-45.019,16.511,37.799,27.927,77.811,32.03,35.957,71.104,51.847
37.012,54.049,16.034,-45.743,18.005,37.168,23.963,69.161,28.509,34.881,71.545,52.512
36.435,54.14,16.761,-45.608,17.289,37.517,20.029,60.733,25.546,34.117,71.98,53.071
34.463,54.676,19.923,-44.957,14.462,39.166,15.974,52.533,22.978,33.603,72.353,53.486
31.658,55.81,25.033,-44.135,10.097,41.981,11.805,44.624,20.707,33.298,72.617,53.739
28.653,57.406,31.085,-43.398,5.0599,45.445,7.6803,37.129,18.715,33.181,72.749,53.832
25.962,59.116,36.904,-42.839,0.26759,48.848,3.8122,30.186,17.019,33.228,72.731,53.753
23.842,60.505,41.491,-42.368,-3.5624,51.513,0.36233,23.873,15.634,33.392,72.543,53.463
22.252,61.174,44.257,-41.758,-6.1028,52.983,-2.6048,18.197,14.559,33.611,72.166,52.917
20.926,60.874,45.13,-40.748,-7.4739,53.132,-5.1074,13.13,13.781,33.852,71.611,52.109
19.505,59.582,44.543,-39.155,-8.1343,52.186,-7.2126,8.6546,13.297,34.138,70.922,51.099
17.673,57.531,43.313,-36.957,-8.6823,50.657,-9.0088,4.766,13.092,34.519,70.156,49.99
15.248,55.138,42.421,-34.289,-9.6677,49.198,-10.583,1.4395,13.122,35.013,69.327,48.861
12.231,52.85,42.693,-31.4,-11.468,48.377,-12.0,-1.3876,13.297,35.543,68.368,47.707
8.7582,50.957,44.449,-28.549,-14.195,48.437,-13.291,-3.8069,13.492,35.94,67.133,46.435
4.9977,49.444,47.347,-25.851,-17.652,49.163,-14.459,-5.9193,13.578,35.992,65.446,44.895
1.0874,47.93,50.539,-23.195,-21.394,49.938,-15.502,-7.8278,13.453,35.515,63.15,42.945
-2.834,45.811,52.955,-20.314,-24.835,49.962,-16.422,-9.6383,13.062,34.415,60.154,40.496
-6.5696,42.557,53.603,-16.984,-27.366,48.545,-17.232,-11.448,12.411,32.72,56.472,37.566
-9.8495,38.019,51.913,-13.196,-28.51,45.401,-17.948,-13.332,11.552,30.562,52.23,34.28
-12.387,32.576,48.02,-9.2185,-28.106,40.84,-18.587,-15.33,10.556,28.113,47.628,30.825
-13.974,27.069,42.782,-5.536,-26.421,35.721,-19.162,-17.445,9.4806,25.529,42.877,27.376
-14.557,22.527,37.497,-2.7047,-24.064,31.17,-19.685,-19.639,8.3702,22.911,38.139,24.044
-14.272,19.818,33.498,-1.1429,-21.782,28.222,-20.163,-21.833,7.2547,20.301,33.507,20.863
-13.421,19.341,31.783,-0.94653,-20.261,27.506,-20.599,-23.941,6.1501,17.699,29.002,17.796
-12.403,20.892,32.752,-1.8326,-19.953,29.078,-20.992,-25.899,5.0605,15.087,24.604,14.777
-11.59,23.75,36.116,-3.2478,-20.959,32.418,-21.337,-27.682,3.9879,12.459,20.3,11.763
-11.199,26.904,41.01,-4.5822,-23.002,36.594,-21.626,-29.307,2.9439,9.8475,16.131,8.7762
-11.237,29.369,46.273,-5.3903,-25.531,40.519,-21.853,-30.816,1.9475,7.3134,12.19,5.8946
-11.557,30.505,50.749,-5.5319,-27.917,43.254,-22.027,-32.267,1.0082,4.9187,8.5795,3.2167
-11.973,30.224,53.592,-5.1675,-29.654,44.299,-22.176,-33.717,0.11141,2.6934,5.3638,0.81819
-12.385,28.922,54.519,-4.5816,-30.502,43.747,-22.328,-35.2,-0.77841,0.62751,2.5535,-1.2671
-12.833,27.104,53.819,-3.9242,-30.51,42.114,-22.496,-36.705,-1.6918,-1.3025,0.12609,-3.042
-13.46,24.961,51.976,-3.0717,-29.914,39.842,-22.667,-38.164,-2.6218,-3.0928,-1.9375,-4.5233
-14.413,22.251,49.239,-1.7128,-28.954,36.953,-22.813,-39.478,-3.5115,-4.6894,-3.6304,-5.7218
-15.725,18.578,45.572,0.42244,-27.744,33.205,-22.909,-40.568,-4.2757,-6.0041,-4.9286,-6.639
-17.244,13.772,40.929,3.3559,-26.248,28.471,-22.951,-41.415,-4.8366,-6.9512,-5.8139,-7.28
-18.635,8.089,35.471,6.7888,-24.345,22.942,-22.957,-42.069,-5.1465,-7.4775,-6.2867,-7.66
-19.499,2.1399,29.575,10.182,-21.936,17.069,-22.952,-42.609,-5.1909,-7.5715,-6.3634,-7.7939
-19.532,-3.3358,23.74,12.945,-19.063,11.414,-22.951,-43.1,-4.9841,-7.2612,-6.0712,-7.684
-18.667,-7.6897,18.499,14.646,-15.97,6.5151,-22.948,-43.567,-4.5649,-6.6055,-5.4492,-7.3202
-17.121,-10.509,14.36,15.155,-13.091,2.8165,-22.924,-44.001,-3.9913,-5.6836,-4.5543,-6.6981
-15.33,-11.652,11.792,14.647,-10.945,0.65587,-22.865,-44.39,-3.34,-4.5936,-3.4744,-5.8477
-13.808,-11.19,11.2,13.484,-9.9742,0.26385,-22.785,-44.758,-2.7083,-3.4595,-2.339,-4.8569
-12.961,-9.3419,12.784,12.06,-10.393,1.7091,-22.727,-45.192,-2.2059,-2.4279,-1.3076,-3.8628
-12.939,-6.4394,16.302,10.694,-12.074,4.789,-22.749,-45.814,-1.9273,-1.6347,-0.52319,-3.0075
-13.564,-2.8953,20.953,9.5032,-14.529,8.9585,-22.884,-46.735,-1.9148,-1.1523,-0.050972,-2.3776
-14.392,0.92369,25.585,8.3419,-17.039,13.445,-23.117,-47.993,-2.133,-0.94792,0.15868,-1.9634
-14.876,4.842,29.218,6.9123,-18.905,17.585,-23.388,-49.523,-2.4711,-0.8787,0.25766,-1.6555
-14.594,8.8134,31.498,5.0161,-19.74,21.085,-23.613,-51.176,-2.7732,-0.72944,0.44636,-1.2828
-13.386,12.833,32.74,2.6315,-19.617,24.051,-23.719,-52.769,-2.8877,-0.28769,0.90083,-0.68252
-11.393,17.093,33.764,-0.21885,-19.017,26.98,-23.675,-54.16,-2.7205,0.56746,1.7051,0.22239
-9.0144,21.946,35.597,-3.4959,-18.628,30.57,-23.528,-55.302,-2.2727,1.8055,2.813,1.3787
-6.7883,27.576,39.023,-7.0589,-19.08,35.299,-23.408,-56.257,-1.6458,3.2492,4.0554,2.6211
-5.2337,33.771,44.165,-10.614,-20.703,41.096,-23.465,-57.156,-1.0079,4.6413,5.1906,3.742
-4.7018,39.886,50.341,-13.733,-23.395,47.278,-23.794,-58.138,-0.53134,5.7378,5.9863,4.5738
-5.2728,44.981,56.263,-15.954,-26.642,52.73,-24.368,-59.289,-0.32496,6.3902,6.3091,5.0546
-6.7334,48.148,60.54,-16.959,-29.688,56.3,-25.038,-60.614,-0.39186,6.5881,6.1831,5.2535
-8.6449,48.896,62.198,-16.733,-31.778,57.256,-25.593,-62.047,-0.63416,6.4457,5.7755,5.3346
-10.477,47.4,60.987,-15.605,-32.41,55.587,-25.856,-63.501,-0.90787,6.1364,5.3078,5.4673
-11.754,44.48,57.461,-14.153,-31.51,52.031,-25.777,-64.921,-1.1022,5.8086,4.9476,5.7383
-12.163,41.33,52.821,-13.022,-29.483,47.831,-25.473,-66.312,-1.1999,5.5274,4.7458,6.1154
-11.611,39.131,48.513,-12.733,-27.047,44.328,-25.196,-67.736,-1.2855,5.2659,4.6475,6.4827
-10.21,38.697,45.67,-13.559,-24.905,42.53,-25.237,-69.272,-1.4982,4.9444,4.5552,6.7182
-8.2055,40.262,44.738,-15.486,-23.458,42.82,-25.808,-70.964,-1.9615,4.487,4.3954,6.7615
-5.8736,43.472,45.447,-18.261,-22.702,44.904,-26.956,-72.805,-2.7298,3.8598,4.1523,6.6358
-3.4147,47.581,47.06,-21.501,-22.302,47.988,-28.565,-74.741,-3.7794,3.0706,3.8552,6.4227
-0.89101,51.796,48.711,-24.828,-21.789,51.146,-30.417,-76.713,-5.0459,2.1368,3.5385,6.2147
1.701,55.597,49.752,-27.986,-20.844,53.717,-32.299,-78.695,-6.4807,1.0472,3.2017,6.0744
4.2554,58.851,50.048,-30.896,-19.533,55.542,-34.087,-80.719,-8.0934,-0.25652,2.7946,6.0135
6.4973,61.696,50.059,-33.58,-18.314,56.923,-35.79,-82.853,-9.9502,-1.8667,2.2356,5.9968
8.06,64.323,50.599,-35.994,-17.826,58.377,-37.535,-85.156,-12.131,-3.8661,1.4567,5.9683
8.4796,66.816,52.451,-37.912,-18.726,60.348,-39.478,-87.627,-14.671,-6.2762,0.44408,5.883
7.307,69.142,56.141,-39.025,-21.52,63.07,-41.713,-90.181,-17.529,-9.0251,-0.75005,5.7282
4.4141,71.219,61.852,-39.144,-26.31,66.571,-44.199,-92.671,-20.586,-11.956,-2.0266,5.5263
0.16411,72.963,69.383,-38.331,-32.837,70.694,-46.772,-94.927,-23.682,-14.872,-3.2709,5.3213
-4.6345,74.273,78.004,-36.903,-40.437,75.032,-49.199,-96.806,-26.656,-17.593,-4.3808,5.1587
-8.9323,75.002,86.259,-35.297,-47.681,78.875,-51.263,-98.22,-29.39,-20.009,-5.2896,5.0675
-11.725,74.927,92.113,-33.872,-52.577,81.285,-52.817,-99.146,-31.843,-22.104,-5.9883,5.0464
-12.329,73.746,93.655,-32.764,-53.528,81.341,-53.798,-99.622,-34.066,-23.97,-6.5392,5.0593
-10.585,71.105,89.771,-31.838,-49.918,78.418,-54.209,-99.723,-36.184,-25.763,-7.0578,5.0477
-6.9182,66.675,80.373,-30.747,-42.021,72.337,-54.084,-99.523,-38.329,-27.635,-7.664,4.9565
-2.1969,60.26,66.46,-29.075,-30.883,63.38,-53.454,-99.049,-40.557,-29.68,-8.4324,4.7498
2.5381,51.896,49.938,-26.488,-18.226,52.216,-52.337,-98.275,-42.823,-31.911,-9.375,4.4056
6.3348,41.894,33.032,-22.854,-6.0438,39.769,-50.744,-97.145,-44.992,-34.278,-10.457,3.906
8.5449,30.829,17.534,-18.312,3.868,27.016,-48.694,-95.607,-46.902,-36.694,-11.619,3.2368
8.9799,19.528,4.3841,-13.294,10.377,14.871,-46.238,-93.659,-48.431,-39.063,-12.807,2.3904
7.9385,9.0326,-5.8042,-8.4422,13.433,4.1437,-43.48,-91.372,-49.568,-41.328,-13.988,1.3589
6.0567,0.35024,-12.493,-4.3896,13.926,-4.5434,-40.59,-88.892,-50.441,-43.507,-15.173,0.12227
4.0708,-5.9713,-16.481,-1.4885,13.255,-10.957,-37.781,-86.411,-51.282,-45.7,-16.41,-1.3529
2.606,-10.14,-19.576,0.31669,12.48,-15.504,-35.252,-84.121,-52.354,-48.039,-17.77,-3.1005
2.076,-13.006,-22.982,1.3632,12.354,-19.114,-33.13,-82.166,-53.862,-50.638,-19.317,-5.1382
2.6916,-15.547,-27.306,1.997,13.695,-22.675,-31.437,-80.613,-55.902,-53.543,-21.084,-7.4644
4.4637,-18.171,-32.609,2.3576,16.933,-26.467,-30.104,-79.444,-58.453,-56.718,-23.071,-10.064
7.1788,-20.432,-38.147,2.3502,21.623,-29.951,-29.051,-78.577,-61.416,-60.067,-25.245,-12.911
10.43,-21.56,-42.785,1.7529,26.641,-32.314,-28.237,-77.918,-64.67,-63.491,-27.547,-15.955
13.71,-20.874,-45.465,0.31289,30.636,-32.888,-27.662,-77.4,-68.115,-66.881,-29.903,-19.118
16.522,-17.734,-44.991,-2.1575,32.429,-30.855,-27.363,-77.0,-71.686,-70.15,-32.243,-22.322
18.468,-11.899,-40.458,-5.6223,31.393,-25.65,-27.41,-76.741,-75.351,-73.239,-34.514,-25.51
19.307,-3.9552,-32.047,-9.7121,27.607,-17.643,-27.857,-76.658,-79.096,-76.113,-36.693,-28.647
18.978,4.7912,-21.168,-13.779,21.784,-8.1522,-28.681,-76.772,-82.904,-78.744,-38.755,-31.684
17.607,12.775,-10.017,-17.094,15.086,1.0222,-29.744,-77.059,-86.736,-81.12,-40.664,-34.542
15.488,18.626,-0.86367,-19.064,8.8493,8.1723,-30.814,-77.453,-90.531,-83.241,-42.379,-37.109
13.019,21.484,4.6547,-19.405,4.2821,12.152,-31.626,-77.863,-94.214,-85.087,-43.854,-39.268
10.636,21.204,5.9335,-18.212,2.1658,12.636,-31.946,-78.196,-97.707,-86.633,-45.035,-40.918
8.734,18.374,3.4011,-15.919,2.6231,10.134,-31.638,-78.379,-100.94,-87.851,-45.88,-42.008
7.589,14.056,-1.7401,-13.159,5.0968,5.7299,-30.701,-78.383,-103.88,-88.729,-46.373,-42.568
7.2818,9.4149,-7.9114,-10.575,8.5852,0.69078,-29.281,-78.236,-106.52,-89.284,-46.556,-42.715
7.6881,5.4194,-13.532,-8.646,12.014,-3.8118,-27.619,-78.0,-108.88,-89.561,-46.503,-42.625
8.5435,2.6614,-17.346,-7.5847,14.578,-6.9299,-25.962,-77.719,-110.96,-89.61,-46.294,-42.456
9.5443,1.2225,-18.909,-7.3179,15.948,-8.436,-24.469,-77.386,-112.78,-89.468,-45.967,-42.287
10.426,0.67945,-18.782,-7.565,16.267,-8.8317,-23.183,-76.96,-114.32,-89.167,-45.494,-42.094
10.998,0.32749,-18.133,-7.9227,15.981,-9.056,-22.074,-76.4,-115.61,-88.748,-44.823,-41.766
11.161,-0.63067,-18.242,-7.9127,15.647,-10.048,-21.089,-75.688,-116.7,-88.261,-43.926,-41.185
10.927,-2.8975,-19.982,-7.1224,15.752,-12.43,-20.162,-74.812,-117.63,-87.745,-42.851,-40.31
10.423,-6.6685,-23.474,-5.4521,16.573,-16.306,-19.202,-73.729,-118.42,-87.211,-41.73,-39.202
9.871,-11.46,-28.238,-3.2163,18.112,-21.252,-18.142,-72.355,-119.02,-86.613,-40.714,-38.001
9.5247,-16.364,-33.42,-0.99253,20.101,-26.457,-16.977,-70.566,-119.36,-85.848,-39.905,-36.865
9.5951,-20.347,-37.937,0.61382,22.082,-30.896,-15.74,-68.222,-119.3,-84.722,-39.31,-35.918
10.187,-22.465,-40.74,1.1393,23.577,-33.547,-14.447,-65.206,-118.68,-82.92,-38.808,-35.194
11.272,-22.156,-41.196,0.38692,24.266,-33.755,-13.044,-61.473,-117.32,-79.988,-38.146,-34.597
12.696,-19.508,-39.385,-1.5119,24.116,-31.552,-11.393,-57.061,-115.07,-75.36,-36.974,-33.882
14.232,-15.234,-36.102,-4.1487,23.388,-27.671,-9.2974,-51.992,-112.06,-68.735,-34.89,-32.657
15.656,-10.335,-32.524,-6.9852,22.534,-23.209,-6.5704,-46.047,-109.43,-62.275,-31.56,-30.419
16.814,-5.6761,-29.656,-9.5306,21.996,-19.086,-3.1001,-38.641,-109.8,-67.993,-27.155,-26.857
17.67,-1.7288,-27.756,-11.488,22.003,-15.562,1.0583,-29.175,-113.67,-96.691,-25.519,-23.801
18.296,1.0799,-26.224,-12.724,22.429,-12.444,5.5225,-17.815,-114.62,-107.58,-50.659,-35.613
18.828,-0.71639,-25.244,-12.28,22.759,-12.354,9.3398,-6.2745,-105.51,-102.81,-78.93,-57.531
19.385,-28.594,-34.849,-2.4524,22.198,-34.902,11.126,2.2249,-85.176,-90.108,-82.842,-62.488
20.026,-76.553,-72.666,24.446,20.294,-80.141,11.057,6.7365,-54.262,-66.801,-79.315,-61.689
20.839,-74.207,-85.78,26.211,21.237,-81.814,19.122,26.333,-9.8327,-29.648,-65.311,-53.173
22.143,-55.161,-78.891,14.071,40.583,-67.914,58.057,106.23,53.626,25.974,-36.459,-33.445
24.407,-24.547,-60.559,-4.352,41.243,-43.823,80.337,152.64,127.08,107.08,11.751,0.12031
27.704,17.841,-32.19,-29.371,32.221,-8.3276,85.41,172.06,199.74,209.25,80.012,47.702
32.163,72.914,8.0154,-62.136,20.718,39.589,83.095,178.65,277.24,328.06,167.07,108.17
42.226,142.24,62.593,-104.41,6.7851,100.84,71.842,168.67,342.7,465.29,272.48,182.38
72.638,227.4,132.51,-157.02,-11.932,176.55,48.337,134.98,394.77,619.55,393.68,269.0
109.81,328.78,217.62,-218.77,-38.989,268.41,8.3611,67.272,429.53,784.06,525.72,363.39
132.65,445.69,318.7,-286.82,-79.261,378.84,-51.738,-45.395,439.35,943.92,657.65,457.65
143.74,576.2,436.25,-356.63,-138.07,509.21,-132.84,-208.05,412.93,1075.8,771.74,540.42
140.18,713.81,572.25,-421.14,-218.56,655.3,-230.55,-415.39,338.89,1150.7,846.84,598.23
116.0,845.11,750.14,-471.44,-318.27,804.85,-335.09,-652.64,212.86,1139.3,863.19,618.3
68.066,952.05,919.47,-499.13,-426.85,939.12,-435.51,-897.84,34.838,1017.6,806.49,591.85
-0.074727,1016.7,1052.4,-498.3,-528.51,1037.5,-525.35,-1126.6,-192.78,776.98,672.28,516.65
-78.719,1026.1,1133.8,-467.16,-607.14,1082.9,-603.78,-1317.7,-462.87,431.63,470.11,398.38
-155.38,975.67,1149.8,-408.74,-650.2,1065.9,-671.74,-1456.5,-759.31,20.091,223.73,250.43
-218.35,870.33,1097.0,-330.31,-651.47,986.28,-728.64,-1535.4,-1056.2,-402.46,-33.798,91.57
-259.35,723.79,982.9,-241.78,-612.41,854.52,-770.88,-1553.0,-1321.2,-777.7,-267.96,-58.327
-275.05,555.44,825.75,-153.65,-541.61,689.97,-792.08,-1512.1,-1521.5,-1058.7,-450.47,-182.52
-267.06,386.16,648.89,-75.278,-451.27,515.27,-785.45,-1418.5,-1631.4,-1220.1,-564.9,-270.15
-240.81,234.5,473.57,-13.031,-353.24,350.68,-747.62,-1280.2,-1639.6,-1261.2,-609.46,-317.33
-203.97,113.22,316.61,31.779,-258.26,211.39,-681.7,-1108.6,-1553.1,-1202.0,-596.71,-327.58
-164.66,26.36,189.64,61.585,-175.49,106.13,-596.71,-918.87,-1395.2,-1076.2,-547.72,-311.29
-128.57,-29.596,99.164,78.48,-109.15,35.799,-503.87,-728.39,-1197.6,-918.96,-482.15,-281.26
-95.337,-60.186,44.384,83.249,-63.32,-5.7512,-412.87,-554.98,-991.06,-758.48,-412.96,-246.7
-69.204,-70.778,16.033,76.519,-37.013,-26.085,-330.16,-412.15,-798.85,-612.53,-347.68,-212.16
-53.052,-67.855,5.5297,49.612,-22.777,-31.69,-259.29,-304.97,-635.82,-489.43,-290.52,-179.46
-41.38,-58.45,5.1474,20.538,-14.891,-29.203,-201.78,-228.18,-508.28,-392.17,-242.99,-150.18
-31.764,-42.778,7.5445,17.75,-10.056,-23.978,-157.07,-172.22,-413.36,-321.1,-204.83,-124.95
-23.471,-17.227,8.0796,18.58,-6.8543,-16.961,-122.46,-129.41,-342.02,-272.17,-176.4,-105.83
-17.376,-20.224,4.5099,19.719,-4.1854,-7.7579,-95.346,-94.882,-286.44,-236.58,-155.18,-91.957
-15.029,-27.958,-3.0976,21.579,-3.923,-17.137,-74.224,-65.843,-241.11,-206.71,-137.45,-81.116
-15.514,-34.327,-13.573,24.242,-3.457,-25.784,-58.115,-40.778,-203.01,-178.85,-121.36,-72.067
-17.34,-39.768,-20.507,27.313,-1.93,-31.608,-45.993,-21.028,-171.13,-153.5,-106.28,-63.486
-19.402,-44.342,-24.994,30.163,-0.78612,-36.013,-37.143,-17.714,-144.6,-131.22,-92.721,-54.715
-20.846,-47.712,-28.365,32.146,0.29848,-39.399,-33.597,-16.147,-122.57,-111.76,-81.535,-46.818
-21.076,-49.528,-31.154,32.782,1.818,-41.734,-32.691,-6.128,-105.33,-95.496,-72.429,-40.556
-19.851,-49.688,-33.506,31.914,3.9777,-42.983,-29.117,6.6075,-98.835,-84.005,-64.932,-35.511
-17.334,-48.46,-35.417,29.786,6.6423,-43.261,-24.523,19.42,-98.937,-74.814,-58.902,-31.415
-14.019,-46.432,-36.854,26.966,9.4531,-42.857,-20.014,31.289,-96.338,-65.527,-54.137,-28.167
-10.566,-44.326,-37.826,24.155,12.021,-42.15,-15.872,41.804,-91.01,-56.257,-50.319,-25.628
-7.5526,-42.745,-38.412,21.927,14.1,-41.493,-12.21,51.006,-84.263,-47.493,-47.103,-23.594
-5.2559,-41.948,-38.725,20.519,15.665,-41.076,-9.0726,59.219,-76.844,-39.412,-44.191,-21.845
-3.5719,-41.738,-38.872,19.75,16.876,-40.864,-6.4212,66.818,-69.176,-32.021,-41.393,-20.213
-2.1151,-41.588,-38.981,19.093,17.985,-40.686,-4.1297,74.032,-61.59,-25.333,-38.661,-18.63
-0.46197,-40.972,-39.236,17.989,19.228,-40.403,-2.0273,80.89,-54.407,-19.418,-36.06,-17.128
1.5817,-39.707,-39.858,16.233,20.751,-40.041,0.073246,87.272,-47.894,-14.336,-33.697,-15.787
3.8577,-38.111,-41.011,14.157,22.547,-39.803,2.3108,93.023,-42.183,-10.067,-31.641,-14.664
5.9073,-36.879,-42.707,12.464,24.432,-39.993,4.6834,98.031,-37.23,-6.4973,-29.877,-13.755
7.1452,-36.777,-44.777,11.888,26.085,-40.891,6.999,102.27,-32.856,-3.474,-28.327,-13.015
7.0924,-38.268,-46.93,12.862,27.136,-42.589,8.9588,105.81,-28.83,-0.83264,-26.9,-12.392
5.5554,-41.252,-48.762,15.361,27.272,-44.865,10.345,108.76,-24.948,1.5859,-25.528,-11.864
2.6684,-45.033,-49.717,18.918,26.28,-47.15,11.163,111.25,-21.072,3.9253,-24.179,-11.431
-1.1865,-48.618,-49.197,22.813,24.063,-48.712,11.641,113.37,-17.149,6.3007,-22.847,-11.108
-5.5204,-51.148,-46.884,26.328,20.692,-49.014,12.112,115.13,-13.19,8.7852,-21.529,-10.904
-9.8613,-52.244,-43.033,28.994,16.492,-47.989,12.887,116.51,-9.2451,11.41,-20.21,-10.798
-13.807,-52.132,-38.521,30.736,12.067,-46.107,14.173,117.43,-5.3616,14.181,-18.858,-10.729
-17.028,-51.525,-34.584,31.84,8.2027,-44.215,16.034,117.79,-1.5716,17.104,-17.434,-10.615
-19.264,-51.318,-32.409,32.748,5.6896,-43.237,18.365,117.57,2.1258,20.182,-15.91,-10.373
-20.314,-52.169,-32.715,33.763,5.1123,-43.793,20.931,116.75,5.7681,23.428,-14.284,-9.9557
-20.051,-54.156,-35.495,34.846,6.6304,-45.903,23.451,115.4,9.4224,26.861,-12.585,-9.3639
-18.472,-56.689,-39.977,35.642,9.8653,-48.949,25.688,113.66,13.176,30.516,-10.864,-8.6386
-15.772,-58.732,-44.813,35.666,13.976,-51.861,27.543,111.75,17.157,34.448,-9.1497,-7.8249
-12.359,-59.256,-48.473,34.549,17.9,-53.49,29.095,109.93,21.549,38.776,-7.4222,-6.935
-8.7984,-57.763,-49.811,32.274,20.701,-53.107,30.599,108.47,26.596,43.676,-5.5978,-5.9236
-5.6737,-54.574,-48.541,29.27,21.918,-50.773,32.374,107.55,32.576,49.319,-3.5509,-4.7009
-3.4233,-50.712,-45.385,26.266,21.711,-47.324,34.702,107.17,39.739,55.788,-1.1703,-3.1804
-2.1907,-47.508,-41.81,24.003,20.754,-44.06,37.667,107.18,48.229,63.015,1.5934,-1.3337
-1.7778,-46.088,-39.464,22.967,19.958,-42.286,41.105,107.34,58.054,70.778,4.7089,0.78746
-1.7316,-46.959,-39.59,23.216,20.15,-42.829,44.681,107.4,69.075,78.762,8.086,3.0759
-1.5288,-49.875,-42.636,24.358,21.8,-45.774,48.066,107.23,81.005,86.666,11.616,5.4166
-0.78198,-53.976,-48.195,25.707,24.879,-50.505,51.081,106.79,93.41,94.242,15.204,7.7223
0.61892,-58.107,-55.143,26.594,28.887,-55.921,53.754,106.2,105.78,101.31,18.781,9.9456
2.4892,-61.179,-61.92,26.659,33.019,-60.733,56.266,105.68,117.65,107.75,22.307,12.075
4.4659,-62.491,-66.993,25.939,36.408,-63.827,58.837,105.51,128.74,113.54,25.767,14.121
6.1945,-61.897,-69.343,24.706,38.396,-64.603,61.608,105.92,138.98,118.67,29.16,16.097
7.473,-59.706,-68.696,23.215,38.748,-63.084,64.559,107.05,148.42,123.21,32.492,17.998
8.2754,-56.446,-65.447,21.596,37.652,-59.779,67.53,108.82,157.14,127.2,35.756,19.797
8.6757,-52.701,-60.398,19.909,35.542,-55.434,70.311,111.01,165.16,130.72,38.923,21.442
8.7492,-49.041,-54.516,18.262,32.899,-50.848,72.752,113.3,172.41,133.81,41.951,22.884
8.5058,-45.967,-48.798,16.848,30.134,-46.756,74.823,115.42,178.82,136.5,44.796,24.099
7.8813,-43.833,-44.166,15.875,27.549,-43.745,76.61,117.17,184.31,138.82,47.433,25.113
6.7999,-42.796,-41.272,15.461,25.335,-42.166,78.255,118.44,188.81,140.79,49.847,25.987
5.2747,-42.782,-40.327,15.566,23.59,-42.077,79.877,119.14,192.32,142.4,52.018,26.796
3.4854,-43.461,-41.098,15.998,22.375,-43.191,81.515,119.26,194.86,143.63,53.936,27.604
1.7895,-44.273,-43.014,16.453,21.754,-44.906,83.115,118.81,196.52,144.48,55.604,28.452
0.64248,-44.589,-45.34,16.565,21.763,-46.478,84.569,117.83,197.44,144.96,57.051,29.357
0.45175,-43.872,-47.361,15.967,22.345,-47.248,85.749,116.42,197.73,145.08,58.315,30.313
1.4289,-41.74,-48.493,14.367,23.307,-46.756,86.544,114.66,197.49,144.89,59.423,31.293
3.5036,-38.009,-48.323,11.657,24.339,-44.749,86.888,112.6,196.78,144.41,60.402,32.275
6.3283,-32.801,-46.649,8.0012,25.078,-41.225,86.791,110.26,195.58,143.68,61.29,33.281
9.3674,-26.615,-43.551,3.8258,25.218,-36.499,86.342,107.69,193.9,142.74,62.139,34.385
12.043,-20.242,-39.403,-0.28696,24.595,-31.178,85.685,104.96,191.71,141.64,62.995,35.685
13.901,-14.524,-34.782,-3.774,23.234,-26.0,84.963,102.11,188.98,140.37,63.875,37.248
14.739,-10.107,-30.329,-6.2632,21.34,-21.635,84.279,99.165,185.67,138.95,64.768,39.085
14.66,-7.2999,-26.613,-7.6721,19.251,-18.53,83.682,96.123,181.76,137.35,65.65,41.145
13.992,-6.0524,-24.021,-8.1781,17.357,-16.841,83.173,92.975,177.23,135.58,66.492,43.334
13.134,-6.0324,-22.717,-8.0861,15.99,-16.444,82.726,89.689,172.12,133.64,67.264,45.534
12.405,-6.7823,-22.664,-7.6817,15.355,-17.021,82.3,86.228,166.46,131.58,67.94,47.645
11.96,-7.9056,-23.697,-7.1328,15.496,-18.208,81.856,82.588,160.31,129.45,68.526,49.63
11.77,-9.2172,-25.589,-6.4523,16.315,-19.737,81.381,78.83,153.75,127.33,69.077,51.526
11.654,-10.778,-28.102,-5.5215,17.612,-21.503,80.896,75.053,146.86,125.32,69.667,53.412
11.36,-12.793,-31.012,-4.1676,19.135,-23.539,80.443,71.337,139.69,123.46,70.347,55.343
10.673,-15.432,-34.112,-2.2678,20.633,-25.918,80.052,67.688,132.26,121.76,71.108,57.312
9.4884,-18.682,-37.153,0.16887,21.876,-28.61,79.698,64.003,124.58,120.2,71.867,59.239
7.8296,-22.242,-39.753,2.9604,22.645,-31.351,79.263,60.05,116.6,118.65,72.488,60.988
5.8076,-25.521,-41.374,5.7584,22.711,-33.61,78.535,55.513,108.26,116.99,72.815,62.4
3.5717,-27.745,-41.405,8.1161,21.856,-34.682,77.247,50.099,99.5,115.08,72.714,63.333
1.2745,-28.185,-39.311,9.6115,19.917,-33.885,75.158,43.701,90.387,112.82,72.128,63.699
-0.93951,-26.38,-34.799,9.9745,16.852,-30.778,72.136,36.502,81.139,110.17,71.088,63.48
-2.9402,-22.281,-27.949,9.1559,12.79,-25.311,68.214,28.93,72.105,107.19,69.705,62.729
-4.6205,-16.247,-19.235,7.316,8.0201,-17.86,63.569,21.485,63.642,104.02,68.132,61.547
-5.8989,-8.9198,-9.4343,4.7399,2.9325,-9.1446,58.45,14.561,56.013,100.82,66.53,60.067
-6.7103,-1.0347,0.53659,1.7267,-2.0438,-0.051816,53.1,8.367,49.363,97.799,65.04,58.429
-6.9947,6.7552,9.8517,-1.4866,-6.5146,8.6126,47.699,2.9252,43.726,95.094,63.74,56.723
-6.6986,14.033,18.014,-4.7516,-10.199,16.373,42.311,-1.9067,39.012,92.72,62.587,54.943
-5.7933,20.726,24.99,-8.0347,-12.993,23.214,36.856,-6.3946,35.012,90.511,61.401,52.97
-4.3051,27.058,31.097,-11.417,-14.959,29.462,31.156,-10.842,31.45,88.166,59.917,50.631
-2.3524,33.281,36.641,-14.985,-16.243,35.45,25.068,-15.466,28.077,85.366,57.888,47.8
-0.17731,39.34,41.553,-18.654,-16.992,41.135,18.648,-20.302,24.763,81.911,55.189,44.477
1.8589,44.721,45.35,-22.058,-17.32,45.982,12.219,-25.21,21.509,77.785,51.848,40.812
3.3382,48.65,47.519,-24.64,-17.342,49.258,6.2758,-29.965,18.408,73.135,48.019,37.053
3.8941,50.485,47.896,-25.88,-17.191,50.489,1.2447,-34.356,15.576,68.205,43.916,33.45
3.3352,50.007,46.729,-25.528,-17.014,49.677,-2.7139,-38.243,13.103,63.239,39.75,30.151
1.7223,47.51,44.55,-23.699,-16.955,47.27,-5.7254,-41.573,11.016,58.419,35.667,27.164
-0.6463,43.699,42.035,-20.828,-17.136,44.005,-8.0656,-44.367,9.2769,53.828,31.729,24.382
-3.3266,39.466,39.866,-17.517,-17.631,40.719,-10.005,-46.686,7.8116,49.475,27.929,21.663
-5.8539,35.589,38.567,-14.335,-18.443,38.093,-11.721,-48.589,6.5541,45.347,24.25,18.912
-7.8675,32.47,38.328,-11.643,-19.478,36.44,-13.281,-50.117,5.4745,41.449,20.696,16.126
-9.2072,30.036,38.929,-9.5213,-20.563,35.587,-14.681,-51.297,4.5704,37.799,17.305,13.383
-9.9522,27.853,39.813,-7.8034,-21.505,34.968,-15.899,-52.172,3.8345,34.399,14.114,10.794
-10.385,25.357,40.282,-6.1694,-22.15,33.861,-16.935,-52.813,3.2242,31.204,11.128,8.4484
-10.892,22.051,39.709,-4.2536,-22.407,31.662,-17.821,-53.319,2.6553,28.121,8.3001,6.3681
-11.817,17.589,37.703,-1.7254,-22.254,28.064,-18.618,-53.809,2.0159,25.023,5.5352,4.4931
-13.346,11.893,34.223,1.6147,-21.724,23.132,-19.385,-54.393,1.1963,21.781,2.7219,2.6964
-15.439,5.3091,29.604,5.6906,-20.897,17.327,-20.156,-55.146,0.12876,18.317,-0.21497,0.83754
-17.86,-1.4047,24.47,10.071,-19.882,11.385,-20.922,-56.07,-1.172,14.65,-3.2623,-1.1655
-20.251,-7.3419,19.539,14.1,-18.805,6.08,-21.633,-57.081,-2.595,10.897,-6.3046,-3.2819
-22.226,-11.811,15.451,17.195,-17.793,1.9805,-22.217,-58.033,-3.9635,7.2392,-9.1585,-5.365
-23.473,-14.547,12.694,19.102,-16.97,-0.62015,-22.627,-58.781,-5.1034,3.8578,-11.637,-7.2096
-23.829,-15.638,11.592,19.892,-16.449,-1.6363,-22.882,-59.244,-5.9189,0.87122,-13.617,-8.648
-23.304,-15.312,12.263,19.768,-16.326,-1.1146,-23.077,-59.426,-6.433,-1.7108,-15.075,-9.6252
-22.063,-13.791,14.573,18.891,-16.666,0.77858,-23.338,-59.394,-6.7662,-3.9823,-16.09,-10.204
-20.412,-11.286,18.153,17.369,-17.489,3.7569,-23.738,-59.24,-7.0711,-6.0857,-16.8,-10.512
-18.759,-8.0495,22.493,15.352,-18.768,7.4376,-24.249,-59.038,-7.4625,-8.145,-17.341,-10.67
-17.524,-4.4345,27.062,13.132,-20.452,11.393,-24.751,-58.831,-7.9818,-10.228,-17.813,-10.757
-17.079,-0.89933,31.445,11.159,-22.511,15.225,-25.095,-58.634,-8.6038,-12.34,-18.263,-10.806
-17.697,2.1048,35.424,9.8902,-24.935,18.647,-25.185,-58.444,-9.2653,-14.442,-18.687,-10.819
-19.476,4.2996,38.947,9.577,-27.683,21.524,-25.011,-58.239,-9.8893,-16.452,-19.038,-10.775
-22.226,5.6674,41.966,10.134,-30.587,23.818,-24.642,-57.972,-10.393,-18.253,-19.239,-10.632
-25.417,6.3867,44.267,11.183,-33.283,25.481,-24.177,-57.571,-10.695,-19.708,-19.204,-10.336
-28.298,6.708,45.485,12.24,-35.262,26.418,-23.699,-56.962,-10.731,-20.709,-18.877,-9.8462
-30.116,6.9322,45.345,12.857,-36.025,26.653,-23.241,-56.11,-10.492,-21.235,-18.265,-9.1668
-30.298,7.4751,43.906,12.655,-35.253,26.476,-22.799,-55.055,-10.041,-21.385,-17.441,-8.3578
-28.595,8.8281,41.584,11.328,-32.952,26.393,-22.337,-53.911,-9.4991,-21.351,-16.52,-7.5149
-25.184,11.349,39.019,8.7641,-29.509,26.884,-21.799,-52.814,-8.996,-21.336,-15.609,-6.7151
-20.673,15.046,36.888,5.1732,-25.64,28.209,-21.12,-51.866,-8.6055,-21.465,-14.748,-5.961
-15.962,19.537,35.766,1.0981,-22.201,30.348,-20.251,-51.091,-8.3241,-21.741,-13.896,-5.1718
-12.017,24.232,36.023,-2.7429,-19.974,33.101,-19.199,-50.454,-8.0987,-22.086,-12.973,-4.2376
-9.6179,28.614,37.779,-5.7415,-19.482,36.231,-18.065,-49.905,-7.886,-22.424,-11.925,-3.099
-9.1136,32.441,40.922,-7.6533,-20.871,39.583,-17.035,-49.424,-7.6989,-22.763,-10.781,-1.7928
-10.297,35.803,45.136,-8.6727,-23.882,43.101,-16.323,-49.028,-7.6063,-23.204,-9.6466,-0.43569
-12.49,39.03,49.943,-9.3275,-27.931,46.772,-16.086,-48.749,-7.689,-23.881,-8.658,0.84054
-14.822,42.476,54.774,-10.257,-32.245,50.543,-16.365,-48.598,-7.9859,-24.883,-7.9048,1.9582
-16.546,46.306,59.109,-11.923,-36.043,54.267,-17.072,-48.553,-8.4644,-26.193,-7.3817,2.9331
-17.283,50.393,62.612,-14.375,-38.782,57.727,-18.041,-48.568,-9.0329,-27.7,-6.9859,3.8661
-17.102,54.375,65.215,-17.244,-40.353,60.708,-19.104,-48.605,-9.5829,-29.245,-6.566,4.8873
-16.418,57.816,67.091,-19.959,-41.071,63.071,-20.152,-48.659,-10.035,-30.704,-5.9909,6.0852
-15.747,60.373,68.567,-22.024,-41.486,64.801,-21.163,-48.768,-10.366,-32.052,-5.2059,7.4609
-15.477,61.947,69.976,-23.215,-42.126,66.028,-22.205,-48.999,-10.62,-33.377,-4.2562,8.923
-15.697,62.751,71.47,-23.669,-43.203,66.972,-23.401,-49.444,-10.908,-34.862,-3.2752,10.313
-16.102,63.233,72.905,-23.842,-44.44,67.825,-24.884,-50.202,-11.389,-36.738,-2.4388,11.454
-16.086,63.88,73.853,-24.356,-45.206,68.628,-26.736,-51.345,-12.228,-39.189,-1.8937,12.22
-14.958,64.986,73.762,-25.747,-44.785,69.219,-28.949,-52.882,-13.533,-42.273,-1.6874,12.591
-12.245,66.517,72.147,-28.207,-42.601,69.274,-31.408,-54.727,-15.303,-45.863,-1.7337,12.674
-7.9333,68.124,68.803,-31.482,-38.472,68.464,-33.93,-56.719,-17.408,-49.682,-1.841,12.662
-2.5307,69.32,63.948,-35.003,-32.809,66.636,-36.342,-58.678,-19.646,-53.43,-1.8044,12.733
3.0629,69.739,58.276,-38.143,-26.579,63.966,-38.565,-60.497,-21.848,-56.951,-1.5218,12.948
7.888,69.382,52.836,-40.469,-20.947,60.997,-40.66,-62.186,-23.977,-60.307,-1.0596,13.201
11.35,68.709,48.745,-41.938,-16.841,58.525,-42.799,-63.861,-26.155,-63.71,-0.61862,13.267
13.47,68.49,46.826,-42.939,-14.664,57.348,-45.186,-65.656,-28.582,-67.359,-0.42095,12.93
14.822,69.515,47.355,-44.145,-14.244,57.992,-47.946,-67.641,-31.42,-71.293,-0.58956,12.103
16.228,72.294,50.005,-46.248,-14.969,60.533,-51.063,-69.775,-34.705,-75.368,-1.0898,10.876
18.369,76.842,53.995,-49.667,-16.042,64.561,-54.376,-71.934,-38.329,-79.341,-1.7563,9.4701
21.489,82.626,58.338,-54.372,-16.756,69.31,-57.641,-73.972,-42.105,-83.01,-2.384,8.1244
25.323,88.683,62.103,-59.819,-16.719,73.882,-60.621,-75.779,-45.872,-86.299,-2.8339,6.9898
29.225,93.905,64.647,-65.034,-15.951,77.498,-63.15,-77.31,-49.561,-89.261,-3.0931,6.0769
32.433,97.402,65.763,-68.941,-14.799,79.679,-65.157,-78.575,-53.204,-92.014,-3.2601,5.2854
34.394,98.777,65.673,-70.877,-13.685,80.34,-66.651,-79.603,-56.875,-94.673,-3.4766,4.484
34.983,98.169,64.865,-70.849,-12.885,79.754,-67.689,-80.412,-60.633,-97.297,-3.8553,3.5834
34.468,96.084,63.867,-69.338,-12.453,78.413,-68.344,-80.995,-64.478,-99.877,-4.4372,2.5707
33.289,93.171,63.064,-66.945,-12.268,76.824,-68.669,-81.314,-68.325,-102.35,-5.18,1.5096
31.837,90.013,62.573,-64.195,-12.123,75.322,-68.677,-81.296,-72.007,-104.63,-5.9677,0.52218
30.363,86.98,62.186,-61.46,-11.808,73.952,-68.323,-80.853,-75.307,-106.61,-6.6423,-0.24816
28.985,84.096,61.394,-58.876,-11.152,72.431,-67.516,-79.913,-78.04,-108.24,-7.0587,-0.69146
27.725,80.992,59.473,-56.278,-10.007,70.231,-66.163,-78.464,-80.136,-109.53,-7.1508,-0.78943
26.555,77.049,55.678,-53.322,-8.2159,66.722,-64.218,-76.598,-81.687,-110.55,-6.9781,-0.64606
25.437,71.654,49.514,-49.715,-5.6272,61.37,-61.727,-74.507,-82.936,-111.44,-6.7192,-0.46488
24.317,64.433,40.957,-45.291,-2.1598,53.923,-58.826,-72.435,-84.19,-112.34,-6.6053,-0.47568
23.09,55.404,30.42,-39.997,2.0989,44.534,-55.697,-70.598,-85.706,-113.31,-6.8246,-0.84561
21.589,44.971,18.589,-33.951,6.8206,33.719,-52.497,-69.112,-87.579,-114.34,-7.4478,-1.6167
19.6,33.742,6.3278,-27.41,11.451,22.196,-49.317,-67.965,-89.718,-115.31,-8.4062,-2.6934
16.877,22.325,-5.3475,-20.622,15.331,10.725,-46.187,-67.038,-91.905,-116.03,-9.5293,-3.8856
13.229,11.257,-15.418,-13.78,17.861,0.025461,-43.133,-66.167,-93.91,-116.33,-10.629,-5.0015
8.684,1.0615,-23.057,-7.1233,18.604,-9.2646,-40.223,-65.218,-95.598,-116.12,-11.595,-5.9551
3.5936,-7.6861,-27.664,-1.0197,17.401,-16.574,-37.586,-64.153,-96.967,-115.45,-12.457,-6.8217
-1.4098,-14.347,-28.937,4.0392,14.473,-21.367,-35.38,-63.034,-98.113,-114.42,-13.355,-7.7922
-5.5715,-18.311,-27.053,7.5293,10.439,-23.26,-33.736,-61.977,-99.152,-113.14,-14.45,-9.0593
-8.2459,-19.254,-22.768,9.0653,6.176,-22.274,-32.704,-61.073,-100.16,-111.64,-15.842,-10.717
-9.1128,-17.435,-17.319,8.6158,2.5839,-19.02,-32.24,-60.351,-101.17,-109.86,-17.53,-12.723
-8.2827,-13.778,-12.095,6.6176,0.34306,-14.643,-32.227,-59.764,-102.14,-107.72,-19.407,-14.918
-6.238,-9.6062,-8.2281,3.8793,-0.27929,-10.475,-32.515,-59.218,-103.03,-105.15,-21.297,-17.079
-3.653,-6.1392,-6.3146,1.2871,0.52861,-7.5415,-32.947,-58.609,-103.78,-102.15,-23.017,-18.982
-1.1942,-4.0375,-6.3336,-0.54589,2.235,-6.2496,-33.395,-57.865,-104.38,-98.72,-24.442,-20.489
0.62992,-3.237,-7.701,-1.4866,4.1531,-6.3303,-33.786,-56.98,-104.84,-94.947,-25.56,-21.608
1.5745,-3.1018,-9.4649,-1.8404,5.646,-7.0323,-34.088,-56.016,-105.24,-90.957,-26.473,-22.475
1.7232,-2.783,-10.65,-2.1256,6.3196,-7.4717,-34.296,-55.055,-105.62,-86.899,-27.321,-23.259
1.4672,-1.6261,-10.664,-2.8112,6.1549,-7.0185,-34.396,-54.146,-105.98,-82.873,-28.203,-24.061
1.3655,0.53213,-9.6036,-4.1384,5.5164,-5.5825,-34.353,-53.283,-106.26,-78.884,-29.103,-24.868
1.9363,3.2849,-8.2661,-6.0589,5.0271,-3.699,-34.118,-52.403,-106.38,-74.813,-29.914,-25.558
3.4789,5.8072,-7.8398,-8.2702,5.3699,-2.3543,-33.651,-51.443,-106.3,-70.453,-30.48,-25.97
5.9962,7.1634,-9.4076,-10.324,7.08,-2.5831,-32.952,-50.38,-106.02,-65.636,-30.69,-25.985
9.2177,6.6562,-13.462,-11.785,10.353,-5.0096,-32.068,-49.236,-105.62,-60.426,-30.533,-25.577
12.692,4.0966,-19.647,-12.385,14.923,-9.5563,-31.085,-48.04,-105.17,-55.209,-30.12,-24.867
15.924,-0.098524,-26.908,-12.109,20.106,-15.444,-30.085,-46.787,-104.72,-50.54,-29.656,-24.075
18.508,-5.0312,-33.922,-11.184,25.024,-21.516,-29.113,-45.403,-104.26,-46.821,-29.344,-23.444
20.216,-9.6936,-39.533,-9.972,28.881,-26.706,-28.155,-43.752,-103.67,-44.046,-29.303,-23.136
20.996,-13.418,-43.052,-8.7766,31.181,-30.406,-27.147,-41.642,-102.75,-41.864,-29.512,-23.187
20.921,-16.14,-44.42,-7.6843,31.836,-32.606,-26.019,-38.861,-101.17,-39.686,-29.823,-23.51
20.133,-18.328,-44.158,-6.5497,31.145,-33.811,-24.729,-35.217,-98.574,-36.849,-29.996,-23.924
18.821,-20.659,-43.133,-5.1274,29.67,-34.764,-23.27,-30.54,-94.556,-32.774,-29.734,-24.2
17.225,-23.641,-42.236,-3.2569,28.077,-36.108,-21.645,-24.662,-88.89,-27.205,-28.733,-24.09
15.649,-27.326,-42.151,-1.0141,26.973,-38.151,-19.84,-17.396,-82.093,-20.528,-26.716,-23.337
14.438,-31.237,-43.284,1.2279,26.757,-40.836,-17.827,-8.5875,-76.373,-14.608,-23.474,-21.68
13.918,-34.493,-45.774,2.8766,27.509,-43.832,-15.603,1.7118,-75.544,-17.35,-19.102,-18.911
14.304,-36.011,-49.452,3.3672,29.006,-46.576,-13.274,12.959,-81.094,-56.333,-16.227,-15.663
15.627,-35.006,-53.758,2.6689,30.877,-48.282,-11.162,23.799,-86.078,-91.49,-36.591,-19.821
17.717,-34.353,-57.878,2.8003,32.769,-49.312,-9.7923,31.819,-79.77,-89.047,-73.392,-48.719
20.311,-58.189,-66.74,14.286,34.423,-66.259,-9.4366,33.868,-59.637,-75.382,-78.559,-60.247
23.291,-99.498,-96.04,39.047,36.635,-100.74,-8.4514,29.515,-27.793,-50.256,-74.997,-61.994
26.81,-96.153,-102.24,37.829,49.176,-100.66,6.2461,41.443,17.002,-9.7689,-61.075,-56.667
30.947,-77.029,-95.89,24.105,56.461,-87.993,55.666,122.92,78.18,49.573,-32.323,-41.143
35.358,-45.645,-81.157,3.6551,56.042,-64.906,70.406,163.47,146.8,131.23,15.074,-11.98
40.286,-3.0221,-58.432,-23.75,53.576,-30.727,71.408,180.18,215.67,231.69,80.432,31.723
51.42,51.085,-25.806,-58.971,48.114,14.452,64.507,183.58,295.07,349.26,163.54,89.002
84.396,118.9,21.207,-103.06,35.992,72.478,46.791,169.24,363.89,485.34,265.28,160.99
118.75,203.27,88.003,-156.41,11.975,147.81,14.074,129.67,419.3,639.53,382.8,245.59
135.74,305.93,179.91,-217.91,-27.975,244.35,-37.665,55.125,457.88,806.18,511.07,337.5
139.47,426.78,300.53,-284.95,-87.601,363.82,-109.67,-63.798,472.72,971.04,640.82,429.62
127.92,563.09,448.86,-352.87,-169.91,504.83,-198.0,-230.7,452.94,1109.8,756.56,512.47
98.038,706.61,618.41,-414.22,-273.37,660.69,-295.23,-439.41,385.34,1191.4,837.4,574.02
48.955,842.54,799.7,-460.32,-390.02,817.8,-394.78,-675.17,263.27,1184.3,861.54,601.47
-15.959,952.64,968.93,-483.85,-506.21,957.29,-491.84,-917.63,85.189,1064.7,812.78,584.55
-89.137,1019.7,1102.6,-480.28,-605.96,1059.1,-582.58,-1144.5,-146.09,825.19,686.05,519.19
-160.6,1030.3,1180.7,-448.03,-674.89,1105.5,-664.23,-1335.9,-421.71,480.87,490.8,409.66
-220.63,978.59,1188.5,-388.98,-703.13,1085.4,-734.77,-1477.0,-724.0,70.858,250.42,268.53
-262.3,869.19,1123.1,-309.4,-687.12,999.46,-792.11,-1559.9,-1025.9,-349.59,-2.8282,113.83
-282.68,716.97,995.17,-219.22,-630.78,860.33,-832.98,-1582.3,-1294.3,-722.52,-235.29,-35.185
-282.6,542.19,824.96,-129.43,-544.44,688.15,-852.26,-1546.1,-1495.8,-1001.3,-419.09,-162.09
-265.88,366.38,635.46,-49.86,-441.75,504.65,-844.36,-1456.3,-1604.7,-1159.9,-537.37,-255.94
-237.85,209.53,449.15,12.717,-336.88,331.49,-806.44,-1321.0,-1610.1,-1196.0,-586.64,-312.08
-203.85,85.919,286.37,56.385,-242.42,185.68,-740.7,-1152.2,-1519.5,-1130.4,-577.35,-331.69
-168.11,0.25569,153.89,82.496,-167.16,80.916,-654.16,-966.06,-1356.8,-1001.0,-530.66,-322.33
-133.67,-50.253,72.757,92.596,-113.41,18.254,-556.8,-780.72,-1154.7,-846.16,-467.47,-296.16
-104.24,-70.559,34.606,88.67,-78.635,-13.149,-459.2,-611.67,-945.3,-692.73,-401.18,-263.42
-83.381,-68.388,20.824,73.845,-58.33,-21.479,-369.76,-468.86,-753.32,-555.91,-339.41,-229.54
-69.924,-54.356,22.461,43.991,-48.12,-15.973,-293.2,-356.58,-593.67,-443.5,-286.44,-197.29
-60.989,-38.413,30.929,21.165,-44.869,-6.2021,-230.64,-273.03,-471.09,-357.95,-243.07,-168.38
-54.822,-18.273,36.977,19.412,-44.273,0.59577,-180.6,-212.42,-381.44,-296.66,-207.39,-143.39
-49.747,-4.6031,34.78,21.571,-41.281,6.2665,-140.63,-168.34,-315.27,-253.49,-179.07,-122.58
-43.028,-17.412,25.738,25.153,-32.849,6.3139,-108.21,-135.36,-263.47,-219.85,-157.25,-107.02
-34.708,-30.61,11.154,29.328,-20.712,-12.287,-81.184,-109.41,-220.47,-189.48,-138.96,-94.831
-28.414,-41.788,-10.193,33.121,-11.611,-27.93,-58.548,-87.562,-183.73,-160.66,-122.43,-84.574
-23.695,-50.735,-27.607,35.744,-1.9414,-39.885,-40.487,-68.352,-152.2,-133.98,-107.28,-75.467
-19.222,-57.06,-40.879,36.896,7.497,-48.917,-26.991,-56.707,-125.5,-110.51,-94.178,-66.7
-14.668,-60.757,-50.666,36.785,15.782,-55.127,-17.864,-55.654,-103.47,-91.072,-83.726,-58.18
-10.3,-62.4,-57.373,35.929,22.506,-58.815,-15.12,-51.674,-87.68,-75.836,-75.331,-51.104
-6.6021,-62.871,-61.523,34.875,27.519,-60.642,-15.526,-45.156,-80.189,-62.16,-68.227,-46.124
-4.0466,-63.041,-63.77,34.071,30.855,-61.406,-14.356,-38.58,-72.185,-48.186,-62.097,-42.65
-2.9425,-63.615,-64.578,33.928,32.64,-61.728,-12.199,-32.655,-61.147,-35.55,-56.809,-39.968
-3.369,-64.984,-64.14,34.786,32.946,-61.974,-9.7009,-27.543,-50.069,-25.439,-52.307,-37.705
-5.1672,-67.115,-62.883,36.714,31.871,-62.423,-7.1687,-23.323,-40.728,-17.884,-48.604,-35.786
-7.9597,-69.67,-61.492,39.414,29.769,-63.223,-4.9298,-20.05,-33.503,-12.462,-45.736,-34.295
-11.206,-72.242,-60.484,42.327,27.203,-64.353,-3.224,-17.683,-28.144,-8.6743,-43.695,-33.318
-14.303,-74.423,-59.953,44.818,24.725,-65.6,-2.0475,-16.044,-24.179,-6.0561,-42.374,-32.848
-16.717,-75.771,-59.634,46.353,22.698,-66.556,-1.1537,-14.862,-21.1,-4.1939,-41.581,-32.789
-18.095,-75.885,-59.096,46.634,21.231,-66.739,-0.21024,-13.88,-18.469,-2.74,-41.089,-32.998
-18.326,-74.513,-57.899,45.628,20.191,-65.742,1.0582,-12.934,-15.958,-1.4243,-40.677,-33.323
-17.528,-71.595,-55.709,43.504,19.305,-63.329,2.8162,-11.958,-13.366,-0.070917,-40.159,-33.606
-15.975,-67.298,-52.401,40.56,18.291,-59.512,5.1301,-10.943,-10.596,1.4225,-39.389,-33.697
-13.999,-62.041,-48.133,37.164,16.987,-54.593,7.9988,-9.8827,-7.6271,3.1004,-38.289,-33.485
-11.927,-56.465,-43.333,33.683,15.405,-49.141,11.384,-8.7329,-4.4823,4.9682,-36.851,-32.915
-10.049,-51.283,-38.617,30.406,13.724,-43.873,15.24,-7.4025,-1.1959,7.0164,-35.134,-32.01
-8.6083,-47.101,-34.643,27.564,12.205,-39.48,19.549,-5.7551,2.2157,9.242,-33.234,-30.842
-7.7934,-44.303,-31.959,25.461,11.062,-36.49,24.318,-3.6632,5.7646,11.656,-31.237,-29.497
-7.7291,-43.082,-30.865,24.51,10.364,-35.204,29.54,-1.0501,9.4776,14.273,-29.212,-28.044
-8.5281,-43.538,-31.343,25.067,9.985,-35.703,35.112,2.064,13.369,17.095,-27.214,-26.535
-10.353,-45.723,-33.085,27.26,9.6617,-37.858,40.821,5.5462,17.428,20.09,-25.29,-25.01
-13.339,-49.558,-35.601,30.95,9.1106,-41.343,46.371,9.1889,21.617,23.206,-23.487,-23.51
-17.392,-54.699,-38.382,35.761,8.1663,-45.661,51.516,12.802,25.936,26.4,-21.827,-22.054
-22.078,-60.531,-41.012,41.135,6.8737,-50.245,56.14,16.302,30.469,29.688,-20.292,-20.629
-26.701,-66.308,-43.2,46.418,5.4912,-54.536,60.266,19.799,35.402,33.145,-18.817,-19.192
-30.455,-71.212,-44.768,50.907,4.4143,-57.98,63.976,23.534,40.974,36.878,-17.337,-17.718
-32.568,-74.375,-45.689,53.82,4.0669,-60.076,67.318,27.774,47.378,40.968,-15.827,-16.243
-32.472,-75.131,-46.141,54.441,4.7983,-60.562,70.251,32.69,54.715,45.405,-14.333,-14.876
-29.962,-73.381,-46.499,52.508,6.7989,-59.588,72.701,38.301,62.964,50.097,-12.952,-13.766
-25.321,-69.72,-47.227,48.447,10.029,-57.72,74.629,44.514,72.03,54.923,-11.764,-13.021
-19.295,-65.248,-48.663,43.24,14.18,-55.761,76.087,51.213,81.825,59.824,-10.77,-12.634
-12.939,-61.213,-50.84,38.102,18.714,-54.454,77.211,58.332,92.282,64.822,-9.8778,-12.472
-7.4028,-58.583,-53.449,34.132,22.965,-54.188,78.169,65.832,103.29,69.989,-8.9466,-12.338
-3.6438,-57.689,-55.915,31.932,26.23,-54.851,79.087,73.652,114.61,75.357,-7.8552,-12.06
-2.0623,-58.116,-57.492,31.363,27.908,-55.876,80.014,81.678,125.86,80.861,-6.5402,-11.555
-2.3228,-58.882,-57.453,31.63,27.708,-56.427,80.949,89.757,136.64,86.346,-4.9959,-10.83
-3.5841,-58.809,-55.36,31.658,25.793,-55.694,81.87,97.722,146.63,91.634,-3.2473,-9.9392
-4.8938,-56.987,-51.297,30.569,22.751,-53.223,82.768,105.4,155.66,96.574,-1.3228,-8.9413
-5.454,-53.162,-45.903,28.039,19.418,-49.141,83.656,112.6,163.73,101.08,0.75981,-7.8681
-4.8319,-47.849,-40.211,24.362,16.625,-44.139,84.562,119.2,170.94,105.12,2.9993,-6.7129
-3.1111,-42.141,-35.357,20.216,14.961,-39.255,85.531,125.1,177.45,108.74,5.4154,-5.4293
-0.8289,-37.313,-32.251,16.394,14.596,-35.544,86.609,130.31,183.41,112.01,8.0494,-3.9429
1.2793,-34.384,-31.31,13.635,15.263,-33.743,87.81,134.92,188.91,115.0,10.95,-2.1778
2.5659,-33.793,-32.369,12.455,16.406,-34.039,89.092,139.04,193.93,117.74,14.144,-0.09172
2.6725,-35.263,-34.773,12.913,17.434,-36.036,90.346,142.74,198.38,120.19,17.604,2.298
1.6723,-37.895,-37.631,14.429,17.97,-38.909,91.436,146.07,202.13,122.29,21.251,4.9181
0.14673,-40.493,-40.116,16.0,17.986,-41.692,92.249,149.04,205.15,124.01,24.981,7.6694
-0.98627,-41.983,-41.716,16.69,17.789,-43.573,92.73,151.65,207.44,125.33,28.7,10.462
-0.85995,-41.735,-42.354,15.959,17.878,-44.125,92.893,153.9,209.07,126.27,32.352,13.241
1.029,-39.705,-42.338,13.712,18.723,-43.38,92.808,155.78,210.12,126.85,35.912,15.992
4.6742,-36.346,-42.153,10.257,20.575,-41.715,92.575,157.24,210.65,127.06,39.353,18.724
9.5329,-32.367,-42.228,6.1859,23.351,-39.654,92.288,158.16,210.66,126.86,42.614,21.442
14.658,-28.519,-42.806,2.226,26.645,-37.711,92.015,158.42,210.13,126.19,45.582,24.111
18.996,-25.452,-43.91,-0.92183,29.856,-36.286,91.781,157.86,208.97,124.96,48.111,26.642
21.728,-23.568,-45.32,-2.7694,32.371,-35.577,91.571,156.4,207.06,123.08,50.067,28.909
22.513,-22.884,-46.584,-3.2125,33.728,-35.488,91.34,154.0,204.3,120.49,51.371,30.803
21.544,-22.995,-47.11,-2.5679,33.686,-35.621,91.034,150.73,200.59,117.19,52.025,32.276
19.368,-23.162,-46.345,-1.4352,32.206,-35.357,90.604,146.73,195.87,113.21,52.114,33.359
16.564,-22.557,-43.938,-0.44197,29.425,-34.051,90.02,142.15,190.17,108.65,51.773,34.13
13.493,-20.578,-39.784,0.0096393,25.584,-31.237,89.273,137.17,183.52,103.63,51.157,34.684
10.267,-17.103,-33.954,-0.14532,20.915,-26.783,88.368,131.91,176.0,98.304,50.418,35.109
6.909,-12.491,-26.676,-0.7267,15.62,-20.913,87.314,126.46,167.7,92.806,49.705,35.493
3.5382,-7.3175,-18.361,-1.5067,9.9466,-14.114,86.107,120.93,158.76,87.306,49.157,35.924
0.41112,-2.0483,-9.5653,-2.3665,4.2399,-6.9372,84.719,115.4,149.31,81.962,48.891,36.475
-2.1244,3.1119,-0.86977,-3.3542,-1.0598,0.1772,83.098,109.94,139.48,76.898,48.974,37.193
-3.691,8.2043,7.2292,-4.6542,-5.4558,6.974,81.174,104.52,129.39,72.171,49.408,38.087
-3.9728,13.391,14.353,-6.5032,-8.4881,13.34,78.88,99.067,119.1,67.768,50.119,39.131
-2.8336,18.774,20.193,-9.0728,-9.8729,19.187,76.169,93.367,108.64,63.614,50.978,40.273
-0.40064,24.249,24.485,-12.347,-9.6326,24.353,73.018,87.154,98.027,59.615,51.835,41.45
2.9235,29.511,27.148,-16.072,-8.1407,28.638,69.425,80.143,87.307,55.695,52.562,42.598
6.5256,34.229,28.489,-19.835,-6.0516,31.981,65.379,72.105,76.605,51.825,53.084,43.667
9.7339,38.239,29.201,-23.243,-4.129,34.58,60.842,62.965,66.174,48.036,53.398,44.619
12.033,41.616,30.056,-26.062,-3.0155,36.821,55.739,52.917,56.394,44.429,53.581,45.457
13.25,44.596,31.543,-28.286,-3.0228,39.068,50.018,42.466,47.688,41.165,53.788,46.238
13.618,47.433,33.721,-30.098,-4.0503,41.509,43.727,32.305,40.379,38.42,54.209,47.071
13.642,50.283,36.343,-31.754,-5.6977,44.131,37.062,23.036,34.565,36.31,54.989,48.051
13.795,53.165,39.092,-33.451,-7.5039,46.802,30.306,14.934,30.096,34.835,56.127,49.186
14.231,55.979,41.756,-35.209,-9.1571,49.383,23.712,7.8964,26.643,33.848,57.439,50.339
14.683,58.547,44.324,-36.844,-10.651,51.803,17.425,1.5992,23.818,33.105,58.619,51.27
14.603,60.663,46.998,-38.035,-12.303,54.068,11.528,-4.2938,21.296,32.366,59.379,51.747
13.508,62.144,50.061,-38.463,-14.521,56.213,6.1173,-9.9728,18.903,31.502,59.581,51.669
11.249,62.894,53.654,-37.978,-17.5,58.233,1.2918,-15.461,16.611,30.523,59.275,51.093
8.1208,62.961,57.586,-36.708,-21.03,60.045,-2.926,-20.708,14.451,29.499,58.587,50.142
4.8104,62.539,61.279,-35.046,-24.496,61.485,-6.6307,-25.695,12.412,28.443,57.577,48.874
2.1766,61.878,63.875,-33.496,-27.058,62.312,-9.9861,-30.458,10.41,27.27,56.166,47.213
0.94532,61.109,64.458,-32.448,-27.905,62.212,-13.121,-35.031,8.3415,25.857,54.196,45.027
1.4354,60.104,62.368,-31.989,-26.513,60.835,-16.047,-39.378,6.1624,24.146,51.572,42.254
3.4272,58.501,57.513,-31.851,-22.875,57.939,-18.665,-43.389,3.9217,22.189,48.353,38.994
6.2253,55.945,50.516,-31.548,-17.622,53.597,-20.828,-46.927,1.7372,20.119,44.741,35.463
8.8876,52.375,42.602,-30.629,-11.896,48.311,-22.433,-49.897,-0.26312,18.075,40.982,31.887
10.544,48.129,35.291,-28.893,-6.9994,42.931,-23.462,-52.277,-1.9869,16.157,37.28,28.419
10.683,43.826,29.987,-26.45,-3.9832,38.407,-23.992,-54.107,-3.3913,14.414,33.763,25.14
9.2934,40.103,27.555,-23.643,-3.3487,35.466,-24.156,-55.454,-4.4828,12.858,30.489,22.085
6.7944,37.38,28.067,-20.9,-4.9387,34.343,-24.089,-56.394,-5.3235,11.46,27.445,19.248
3.798,35.711,30.828,-18.554,-8.0543,34.717,-23.901,-57.017,-6.0386,10.134,24.541,16.585
0.83323,34.77,34.639,-16.69,-11.752,35.848,-23.659,-57.428,-6.7942,8.7502,21.635,14.022
-1.818,33.971,38.154,-15.121,-15.182,36.852,-23.371,-57.724,-7.7349,7.1889,18.61,11.495
-4.1154,32.695,40.296,-13.506,-17.775,36.998,-22.993,-57.959,-8.9109,5.406,15.46,9.0038
-6.1364,30.539,40.606,-11.561,-19.306,35.925,-22.452,-58.126,-10.242,3.4708,12.315,6.6238
-7.9413,27.501,39.328,-9.22,-19.874,33.747,-21.708,-58.179,-11.549,1.5389,9.3804,4.473
-9.5172,24.027,37.176,-6.691,-19.807,31.005,-20.803,-58.09,-12.642,-0.22663,6.834,2.6472
-10.797,20.883,35.034,-4.3743,-19.503,28.49,-19.864,-57.888,-13.416,-1.7388,4.7389,1.1647
-11.714,18.861,33.685,-2.7027,-19.319,26.97,-19.068,-57.646,-13.892,-3.0177,3.0399,-0.040974
-12.253,18.431,33.554,-1.9433,-19.476,26.882,-18.573,-57.421,-14.177,-4.153,1.6241,-1.0743
-12.451,19.51,34.581,-2.0526,-20.013,28.157,-18.467,-57.193,-14.4,-5.2362,0.39315,-2.0141
-12.367,21.543,36.33,-2.7021,-20.793,30.312,-18.735,-56.869,-14.66,-6.3211,-0.70473,-2.886
-12.049,23.837,38.247,-3.4786,-21.594,32.724,-19.285,-56.335,-15.019,-7.4362,-1.6962,-3.6895
-11.563,25.925,39.919,-4.1239,-22.258,34.935,-19.997,-55.531,-15.527,-8.6235,-2.6192,-4.443
-11.032,27.738,41.239,-4.6542,-22.804,36.812,-20.755,-54.475,-16.216,-9.9426,-3.5228,-5.1906
-10.649,29.53,42.448,-5.2896,-23.408,38.542,-21.463,-53.222,-17.059,-11.415,-4.4194,-5.959
-10.651,31.633,44.024,-6.2306,-24.357,40.46,-22.048,-51.794,-17.936,-12.963,-5.2429,-6.7091
-11.335,34.168,46.496,-7.4403,-26.06,42.849,-22.471,-50.153,-18.66,-14.407,-5.8655,-7.338
-12.973,36.961,50.254,-8.6286,-28.887,45.812,-22.732,-48.225,-19.068,-15.553,-6.1703,-7.7424
-15.619,39.683,55.365,-9.464,-33.049,49.241,-22.885,-45.958,-19.107,-16.294,-6.126,-7.8925
-18.977,42.059,61.423,-9.8292,-38.432,52.833,-23.023,-43.358,-18.854,-16.663,-5.8027,-7.8509
-22.357,43.987,67.482,-9.9298,-44.223,56.142,-23.237,-40.478,-18.449,-16.768,-5.3181,-7.7183
-24.711,45.522,72.221,-10.212,-48.852,58.667,-23.554,-37.381,-17.988,-16.692,-4.7534,-7.548
-24.946,46.783,74.314,-11.177,-50.645,59.95,-23.896,-34.119,-17.465,-16.423,-4.0949,-7.2952
-22.359,47.853,72.851,-13.177,-48.528,59.683,-24.092,-30.719,-16.79,-15.861,-3.2324,-6.8221
-16.884,48.735,67.634,-16.279,-42.286,57.797,-23.939,-27.183,-15.854,-14.89,-2.0115,-5.9527
-9.1105,49.378,59.288,-20.225,-32.6,54.529,-23.287,-23.497,-14.6,-13.45,-0.30982,-4.5511
-0.16881,49.741,49.156,-24.509,-20.985,50.41,-22.104,-19.655,-13.063,-11.592,1.8993,-2.5869
8.5391,49.862,38.972,-28.545,-9.43,46.175,-20.51,-15.7,-11.38,-9.4693,4.5152,-0.16015
15.663,49.888,30.444,-31.852,0.15532,42.607,-18.751,-11.76,-9.7541,-7.2933,7.3218,2.5213
20.258,50.031,24.847,-34.187,6.3699,40.325,-17.119,-8.0452,-8.3814,-5.2627,10.051,5.2075
22.09,50.434,22.751,-35.542,8.6495,39.581,-15.848,-4.7784,-7.3745,-3.4845,12.49,7.6995
21.608,51.022,23.888,-36.016,7.3855,40.142,-15.029,-2.1094,-6.7111,-1.9305,14.578,9.934
19.564,51.492,27.218,-35.697,3.7592,41.376,-14.607,-0.065218,-6.2503,-0.45564,16.429,12.006
16.671,51.506,31.347,-34.659,-0.79359,42.608,-14.449,1.4099,-5.8122,1.1145,18.237,14.102
13.431,50.971,35.19,-33.068,-5.3047,43.501,-14.434,2.3535,-5.2862,2.8674,20.141,16.37
10.09,50.172,38.389,-31.253,-9.5084,44.184,-14.528,2.6903,-4.7091,4.7277,22.102,18.811
6.8018,49.737,41.299,-29.682,-13.473,45.159,-14.808,2.2191,-4.2666,6.471,23.886,21.231
3.8043,50.427,44.685,-28.84,-17.376,47.09,-15.442,0.71272,-4.2204,7.8167,25.155,23.299
1.3706,52.815,49.196,-29.078,-21.436,50.48,-16.615,-1.9202,-4.7985,8.5467,25.643,24.681
-0.33745,57.006,54.891,-30.496,-25.672,55.365,-18.425,-5.529,-6.1019,8.5929,25.301,25.2
-1.2962,62.531,61.132,-32.896,-29.79,61.205,-20.838,-9.755,-8.0705,8.0563,24.326,24.929
-1.5742,68.459,66.903,-35.819,-33.332,67.048,-23.712,-14.174,-10.519,7.1518,23.056,24.132
-1.2925,73.699,71.27,-38.695,-35.875,71.86,-26.863,-18.447,-13.225,6.1046,21.8,23.121
-0.58059,77.384,73.669,-41.051,-37.138,74.885,-30.14,-22.402,-16.021,5.05,20.713,22.103
0.47909,79.191,73.983,-42.686,-37.041,75.891,-33.463,-26.037,-18.848,3.9917,19.764,21.12
1.8816,79.443,72.561,-43.736,-35.734,75.249,-36.816,-29.453,-21.742,2.8397,18.81,20.085
3.6762,78.916,70.146,-44.588,-33.554,73.775,-40.205,-32.776,-24.762,1.4974,17.731,18.891
5.9105,78.492,67.629,-45.697,-30.91,72.39,-43.605,-36.075,-27.925,-0.062621,16.527,17.502
8.5687,78.812,65.722,-47.368,-28.163,71.77,-46.933,-39.341,-31.172,-1.778,15.333,15.996
11.52,80.045,64.736,-49.589,-25.538,72.118,-50.055,-42.493,-34.399,-3.5335,14.35,14.524
14.505,81.829,64.535,-51.99,-23.116,73.118,-52.816,-45.423,-37.504,-5.2226,13.748,13.248
17.17,83.368,64.65,-53.946,-20.89,74.078,-55.089,-48.045,-40.449,-6.8049,13.576,12.271
19.153,83.73,64.481,-54.837,-18.832,74.236,-56.802,-50.334,-43.293,-8.334,13.742,11.592
20.187,82.315,63.458,-54.316,-16.896,73.056,-57.947,-52.327,-46.174,-9.9439,14.039,11.119
20.199,79.07,61.138,-52.404,-15.001,70.323,-58.565,-54.093,-49.24,-11.793,14.236,10.711
19.353,74.34,57.29,-49.401,-13.033,66.098,-58.718,-55.684,-52.564,-13.992,14.173,10.243
18.001,68.628,52.004,-45.729,-10.864,60.676,-58.472,-57.104,-56.095,-16.548,13.815,9.6484
16.565,62.463,45.661,-41.839,-8.3839,54.514,-57.898,-58.314,-59.67,-19.36,13.234,8.9195
15.382,56.353,38.845,-38.12,-5.5844,48.16,-57.08,-59.273,-63.103,-22.268,12.541,8.0838
14.583,50.762,32.281,-34.832,-2.6502,42.217,-56.122,-59.964,-66.266,-25.135,11.797,7.1661
14.069,46.065,26.74,-32.082,0.039577,37.265,-55.143,-60.416,-69.129,-27.905,10.983,6.1661
13.588,42.506,22.869,-29.857,2.0028,33.751,-54.23,-60.669,-71.725,-30.589,10.014,5.0614
12.859,40.134,21.013,-28.06,2.8122,31.859,-53.399,-60.749,-74.088,-33.21,8.8052,3.8306
11.699,38.738,21.121,-26.529,2.2577,31.427,-52.579,-60.664,-76.233,-35.773,7.32,2.4735
10.095,37.842,22.727,-25.06,0.44557,31.936,-51.657,-60.422,-78.163,-38.269,5.5886,1.0182
8.1898,36.817,25.037,-23.455,-2.2035,32.581,-50.534,-60.052,-79.895,-40.698,3.6938,-0.48505
6.1817,35.068,27.058,-21.555,-5.0566,32.481,-49.178,-59.608,-81.471,-43.074,1.7374,-1.9797
4.215,32.142,27.767,-19.231,-7.4327,30.894,-47.629,-59.151,-82.951,-45.431,-0.19901,-3.4243
2.317,27.728,26.319,-16.358,-8.7772,27.362,-45.966,-58.735,-84.405,-47.812,-2.0806,-4.8055
0.40667,21.698,22.294,-12.836,-8.8048,21.78,-44.253,-58.379,-85.886,-50.25,-3.9161,-6.131
-1.653,14.162,15.853,-8.6189,-7.5702,14.416,-42.507,-58.067,-87.398,-52.732,-5.7319,-7.4117
-3.9838,5.4421,7.6839,-3.7386,-5.43,5.7888,-40.701,-57.755,-88.9,-55.198,-7.5482,-8.6514
-6.6234,-4.0415,-1.2452,1.6957,-2.898,-3.4949,-38.805,-57.399,-90.328,-57.569,-9.3708,-9.8504
-9.4844,-13.833,-10.022,7.4944,-0.43379,-12.853,-36.824,-56.982,-91.625,-59.772,-11.19,-11.009
-12.336,-23.439,-18.047,13.373,1.7476,-21.77,-34.814,-56.51,-92.752,-61.76,-12.979,-12.123
-14.8,-32.306,-25.098,18.944,3.7317,-29.804,-32.884,-56.012,-93.698,-63.513,-14.704,-13.186
-16.413,-39.866,-31.249,23.735,5.8079,-36.62,-31.17,-55.526,-94.467,-65.055,-16.328,-14.191
-16.759,-45.679,-36.735,27.295,8.3051,-42.048,-29.805,-55.092,-95.087,-66.417,-17.832,-15.14
-15.663,-49.618,-41.753,29.376,11.408,-46.129,-28.891,-54.746,-95.598,-67.65,-19.211,-16.043
-13.345,-51.925,-46.302,30.061,15.003,-49.062,-28.462,-54.51,-96.043,-68.807,-20.463,-16.896
-10.393,-53.064,-50.145,29.72,18.674,-51.059,-28.474,-54.374,-96.446,-69.911,-21.579,-17.672
-7.5767,-53.488,-52.887,28.875,21.829,-52.224,-28.821,-54.301,-96.814,-70.944,-22.545,-18.329
-5.6172,-53.491,-54.099,28.051,23.848,-52.537,-29.376,-54.248,-97.149,-71.899,-23.368,-18.849
-5.0192,-53.19,-53.424,27.619,24.185,-51.927,-30.049,-54.196,-97.463,-72.804,-24.085,-19.255
-5.9852,-52.591,-50.71,27.71,22.532,-50.374,-30.804,-54.166,-97.79,-73.692,-24.751,-19.6
-8.3678,-51.695,-46.204,28.239,19.023,-48.015,-31.64,-54.204,-98.145,-74.59,-25.403,-19.93
-11.665,-50.593,-40.655,28.992,14.315,-45.201,-32.549,-54.351,-98.504,-75.485,-26.038,-20.244
-15.112,-49.461,-35.173,29.712,9.4399,-42.446,-33.463,-54.63,-98.842,-76.326,-26.614,-20.497
-17.894,-48.483,-30.912,30.159,5.4975,-40.276,-34.272,-55.033,-99.14,-77.047,-27.087,-20.631
-19.37,-47.75,-28.714,30.169,3.3442,-39.058,-34.863,-55.53,-99.404,-77.618,-27.434,-20.614
-19.25,-47.267,-28.856,29.718,3.3491,-38.895,-35.162,-56.069,-99.668,-78.054,-27.676,-20.468
-17.654,-47.002,-30.985,28.93,5.2677,-39.622,-35.149,-56.563,-99.945,-78.392,-27.874,-20.264
-15.082,-46.93,-34.275,28.026,8.325,-40.893,-34.842,-56.876,-100.19,-78.666,-28.11,-20.098
-12.283,-47.023,-37.727,27.223,11.522,-42.294,-34.267,-56.825,-100.3,-78.867,-28.455,-20.066
-10.035,-47.217,-40.467,26.673,13.984,-43.434,-33.441,-56.201,-100.08,-78.933,-28.944,-20.231
-8.9305,-47.422,-41.88,26.488,15.175,-44.002,-32.373,-54.815,-99.305,-78.733,-29.565,-20.611
-9.2244,-47.604,-41.675,26.79,14.935,-43.862,-31.056,-52.532,-97.675,-78.057,-30.232,-21.161
-10.851,-47.879,-39.959,27.716,13.446,-43.138,-29.467,-49.289,-94.836,-76.571,-30.77,-21.776
-13.557,-48.519,-37.248,29.366,11.135,-42.234,-27.557,-45.087,-90.379,-73.813,-30.909,-22.292
-16.985,-49.846,-34.375,31.733,8.5362,-41.721,-25.24,-39.929,-84.054,-69.175,-30.302,-22.501
-20.651,-52.082,-32.331,34.656,6.1933,-42.157,-22.396,-33.705,-76.554,-62.23,-28.591,-22.155
-23.952,-55.216,-32.052,37.793,4.6562,-43.909,-18.89,-26.079,-71.149,-54.738,-25.545,-20.977
-26.282,-58.932,-34.171,40.614,4.4057,-47.042,-14.662,-16.58,-74.181,-58.707,-21.649,-18.81
-27.157,-62.621,-38.799,42.477,5.6963,-51.283,-9.8851,-5.0573,-87.115,-92.208,-23.384,-16.736
-26.253,-65.57,-45.325,42.872,8.4744,-56.059,-5.1445,7.6587,-93.779,-106.19,-60.999,-25.687
-23.424,-68.475,-52.556,42.413,12.348,-61.427,-1.4268,19.229,-80.995,-101.28,-81.648,-54.709
-18.741,-82.146,-63.885,46.551,16.696,-76.011,0.71866,26.036,-53.741,-87.876,-84.699,-63.068
-12.567,-112.72,-93.13,61.377,21.934,-105.69,5.016,27.209,-16.841,-63.524,-80.29,-64.544
-5.5294,-116.23,-106.07,63.493,35.317,-110.8,33.084,48.451,28.324,-26.271,-65.566,-58.702
1.7203,-102.5,-105.08,51.622,55.908,-102.11,71.668,126.59,82.54,26.287,-37.738,-42.972
8.6135,-75.753,-93.914,32.338,59.582,-83.317,81.204,164.11,150.04,99.193,7.6403,-15.055
14.315,-35.786,-71.85,6.5307,55.592,-53.183,81.616,182.72,231.87,197.51,72.262,28.317
18.383,16.382,-37.292,-26.796,45.328,-9.8851,72.885,187.02,319.3,322.76,156.75,88.366
23.854,82.166,11.089,-69.446,28.491,47.622,51.962,172.18,404.97,474.0,263.92,164.24
46.043,164.72,75.389,-122.72,4.5428,120.63,15.144,130.77,483.47,648.85,392.9,254.65
92.541,265.73,158.8,-185.49,-28.346,211.22,-40.126,54.303,548.93,839.65,538.97,357.18
115.92,385.34,264.33,-254.36,-73.39,321.87,-113.3,-64.762,593.36,1031.1,692.33,466.44
121.54,521.25,393.31,-324.73,-133.84,453.32,-200.85,-230.31,605.96,1198.3,836.04,572.55
112.92,664.88,542.8,-389.79,-211.64,600.4,-298.63,-439.57,575.23,1308.4,947.14,661.23
87.834,801.12,705.67,-440.96,-305.29,750.9,-402.74,-681.38,491.4,1327.1,1001.1,716.18
45.006,911.99,868.92,-470.34,-408.13,887.16,-508.03,-936.95,345.17,1226.5,977.87,723.14
-13.434,980.63,1003.7,-472.57,-508.43,989.41,-608.91,-1183.2,129.34,995.79,868.61,674.43
-81.19,994.54,1091.2,-445.54,-591.42,1040.3,-701.21,-1397.5,-153.39,649.06,680.49,572.18
-149.89,948.22,1116.0,-390.6,-643.87,1029.4,-781.69,-1561.4,-484.76,226.51,437.11,428.66
-211.72,845.67,1073.3,-312.84,-657.96,956.12,-846.64,-1663.5,-831.38,-213.92,172.91,263.29
-260.63,700.91,970.75,-220.81,-633.32,831.97,-890.73,-1698.9,-1150.1,-610.49,-76.032,97.746
-292.38,534.36,826.43,-125.36,-576.49,676.48,-906.89,-1668.1,-1397.5,-912.76,-280.47,-48.577
-304.81,367.13,662.62,-37.805,-497.42,511.28,-889.23,-1576.0,-1541.0,-1092.9,-422.88,-161.64
-298.33,216.67,499.22,32.725,-407.33,355.04,-836.59,-1431.9,-1567.8,-1149.7,-499.04,-234.26
-276.28,94.764,351.12,81.841,-317.69,220.96,-754.24,-1250.3,-1487.6,-1104.5,-516.85,-267.44
-244.19,6.6701,227.87,110.25,-237.35,116.15,-652.5,-1050.3,-1328.5,-991.14,-491.54,-269.47
-208.2,-48.814,133.3,121.37,-170.75,41.985,-543.41,-852.51,-1127.3,-844.38,-439.2,-250.8
-173.86,-77.306,68.301,119.51,-119.43,-4.4949,-437.92,-674.51,-918.61,-692.86,-374.07,-220.39
-146.6,-86.267,29.388,110.02,-83.905,-28.925,-344.33,-525.92,-728.45,-555.97,-308.1,-185.66
-128.37,-83.823,9.8458,95.1,-62.414,-38.072,-267.14,-407.75,-570.91,-443.42,-249.61,-152.38
-115.71,-76.584,2.6208,73.397,-50.972,-38.408,-206.83,-316.18,-449.8,-357.09,-202.79,-123.02
-104.94,-64.415,1.7263,65.625,-45.123,-34.741,-160.59,-246.22,-361.73,-294.85,-167.57,-100.7
-94.143,-57.936,2.9623,62.439,-40.749,-29.285,-124.42,-193.5,-298.15,-251.62,-142.97,-86.992
-82.861,-61.42,2.5412,58.907,-34.843,-29.943,-95.39,-154.31,-249.36,-219.23,-125.45,-78.823
-71.14,-62.278,-5.0646,54.614,-25.771,-40.092,-71.791,-124.98,-208.87,-190.78,-110.48,-72.179
-58.778,-61.851,-21.07,50.019,-12.984,-45.3,-52.245,-101.86,-173.63,-164.02,-96.158,-65.05
-45.489,-61.196,-33.848,45.653,-1.5501,-48.138,-36.302,-82.01,-142.72,-139.27,-82.623,-56.979
-32.759,-60.709,-42.576,41.878,7.1148,-50.477,-24.558,-69.443,-116.22,-117.21,-69.915,-50.189
-22.752,-60.468,-49.138,38.844,14.401,-52.668,-20.883,-69.963,-95.223,-98.874,-58.844,-45.778
-15.777,-60.357,-54.096,36.497,20.035,-54.557,-19.915,-65.731,-85.912,-87.689,-50.943,-43.095
-11.214,-60.18,-57.445,34.655,23.89,-55.901,-16.498,-59.144,-80.655,-81.084,-45.718,-41.606
-8.4419,-59.803,-59.168,33.162,26.154,-56.55,-12.914,-52.959,-71.861,-74.996,-42.143,-40.864
-6.9889,-59.241,-59.376,32.001,27.144,-56.511,-9.5044,-47.448,-61.658,-68.613,-39.347,-40.415
-6.5525,-58.635,-58.225,31.274,27.12,-55.889,-6.0016,-42.333,-51.397,-61.733,-36.747,-39.867
-7.0144,-58.141,-55.828,31.112,26.146,-54.797,-2.1727,-37.382,-41.608,-54.347,-34.115,-38.981
-8.3771,-57.842,-52.336,31.593,24.183,-53.332,1.9757,-32.557,-32.728,-46.839,-31.548,-37.708
-10.634,-57.767,-48.117,32.707,21.318,-51.661,6.1046,-28.033,-25.134,-39.9,-29.334,-36.182
-13.639,-57.97,-43.845,34.369,17.879,-50.079,9.6514,-24.111,-19.014,-34.178,-27.763,-34.64
-17.05,-58.574,-40.372,36.455,14.397,-48.991,12.229,-21.042,-14.314,-29.942,-26.968,-33.271
-20.39,-59.775,-38.509,38.814,11.502,-48.846,13.916,-18.849,-10.75,-27.01,-26.853,-32.079
-23.173,-61.739,-38.825,41.264,9.7982,-50.005,15.196,-17.279,-7.8808,-24.884,-27.126,-30.869
-25.034,-64.463,-41.457,43.599,9.6711,-52.557,16.634,-15.951,-5.2526,-23.001,-27.442,-29.402
-25.811,-67.651,-45.991,45.578,11.103,-56.176,18.546,-14.554,-2.5644,-20.956,-27.571,-27.58
-25.547,-70.715,-51.49,46.946,13.632,-60.147,20.897,-12.956,0.26435,-18.624,-27.488,-25.525
-24.44,-72.918,-56.693,47.471,16.493,-63.539,23.419,-11.177,3.1561,-16.094,-27.321,-23.492
-22.751,-73.61,-60.354,47.0,18.895,-65.467,25.828,-9.2711,6.0037,-13.513,-27.224,-21.712
-20.73,-72.424,-61.622,45.476,20.3,-65.356,28.015,-7.2276,8.7725,-10.956,-27.265,-20.259
-18.585,-69.357,-60.246,42.965,20.544,-63.091,30.109,-4.9336,11.537,-8.3885,-27.379,-19.036
-16.494,-64.752,-56.54,39.676,19.765,-58.996,32.407,-2.2371,14.458,-5.7153,-27.419,-17.847
-14.622,-59.229,-51.163,35.961,18.233,-53.708,35.166,0.98213,17.735,-2.8566,-27.232,-16.514
-13.132,-53.569,-44.925,32.259,16.206,-48.017,38.441,4.733,21.538,0.19638,-26.737,-14.975
-12.134,-48.543,-38.663,28.994,13.922,-42.714,42.025,8.8788,25.96,3.3779,-25.967,-13.304
-11.598,-44.707,-33.174,26.453,11.684,-38.444,45.58,13.189,30.981,6.5877,-25.04,-11.638
-11.323,-42.263,-29.13,24.681,9.9118,-35.597,48.836,17.475,36.523,9.7529,-24.089,-10.084
-10.971,-41.046,-26.978,23.461,9.0413,-34.271,51.704,21.729,42.565,12.884,-23.175,-8.6531
-10.158,-40.67,-26.888,22.422,9.3863,-34.328,54.266,26.224,49.242,16.113,-22.252,-7.2515
-8.5948,-40.735,-28.775,21.23,11.054,-35.505,56.713,31.431,56.83,19.679,-21.186,-5.7112
-6.2128,-40.993,-32.36,19.761,13.933,-37.531,59.27,37.845,65.615,23.865,-19.808,-3.8549
-3.2144,-41.409,-37.241,18.139,17.733,-40.189,62.148,45.773,75.772,28.909,-17.985,-1.5702
-0.017049,-42.096,-42.963,16.653,22.05,-43.309,65.434,55.156,87.234,34.911,-15.681,1.1379
2.8827,-43.176,-49.051,15.603,26.42,-46.708,69.022,65.52,99.634,41.772,-12.993,4.1426
5.0855,-44.608,-54.95,15.132,30.373,-50.108,72.65,76.106,112.36,49.187,-10.125,7.246
6.4373,-46.094,-59.993,15.13,33.511,-53.094,76.034,86.188,124.71,56.753,-7.3114,10.261
7.0742,-47.094,-63.472,15.225,35.565,-55.148,78.987,95.356,136.19,64.121,-4.7169,13.08
7.3301,-46.94,-64.805,14.886,36.403,-55.734,81.441,103.6,146.55,71.103,-2.3919,15.7
7.5521,-45.014,-63.684,13.621,36.015,-54.425,83.406,111.2,155.82,77.675,-0.29071,18.19
7.9202,-40.951,-60.119,11.198,34.447,-51.011,84.925,118.46,164.14,83.898,1.6732,20.636
8.3709,-34.8,-54.373,7.7533,31.708,-45.561,86.064,125.63,171.63,89.824,3.5773,23.097
8.6746,-27.059,-46.882,3.7192,27.826,-38.442,86.9,132.79,178.37,95.44,5.4661,25.59
8.6146,-18.557,-38.264,-0.39543,23.02,-30.288,87.504,139.85,184.38,100.67,7.3517,28.1
8.1734,-10.207,-29.33,-4.2006,17.786,-21.935,87.924,146.68,189.64,105.43,9.2357,30.597
7.6274,-2.7426,-20.984,-7.524,12.838,-14.253,88.186,153.17,194.14,109.66,11.141,33.078
7.48,3.4717,-14.061,-10.439,8.951,-7.9139,88.309,159.28,197.93,113.38,13.137,35.588
8.2548,8.477,-9.1944,-13.208,6.7683,-3.2244,88.335,165.09,201.08,116.68,15.332,38.216
10.251,12.564,-6.7375,-16.095,6.6145,-0.13025,88.344,170.67,203.71,119.64,17.833,41.057
13.378,15.977,-6.7262,-19.135,8.3932,1.6048,88.451,176.1,205.92,122.34,20.696,44.159
17.138,18.642,-8.8823,-22.012,11.628,2.1745,88.786,181.37,207.78,124.77,23.899,47.488
20.774,20.144,-12.695,-24.169,15.627,1.6032,89.464,186.39,209.34,126.91,27.351,50.953
23.54,19.993,-17.573,-25.09,19.708,-0.20373,90.55,191.04,210.64,128.72,30.929,54.444
24.987,18.0,-22.999,-24.568,23.37,-3.2597,92.042,195.2,211.67,130.17,34.507,57.865
25.131,14.499,-28.582,-22.814,26.379,-7.3018,93.862,198.75,212.43,131.24,37.974,61.15
24.436,10.296,-33.973,-20.403,28.715,-11.762,95.876,201.63,212.89,131.92,41.258,64.272
23.597,6.4013,-38.749,-18.074,30.452,-15.913,97.919,203.83,213.0,132.25,44.34,67.228
23.241,3.7053,-42.432,-16.489,31.649,-19.09,99.827,205.39,212.71,132.26,47.252,70.023
23.692,2.7318,-44.609,-16.037,32.266,-20.871,101.46,206.35,211.95,131.98,50.034,72.662
24.915,3.5755,-44.96,-16.794,32.15,-21.117,102.7,206.73,210.65,131.39,52.668,75.112
26.598,6.0168,-43.265,-18.617,31.182,-19.842,103.45,206.42,208.7,130.46,55.04,77.287
28.338,9.7192,-39.568,-21.247,29.448,-17.078,103.65,205.26,205.95,129.06,56.941,79.055
29.888,14.372,-34.387,-24.411,27.284,-12.923,103.23,203.06,202.27,127.07,58.141,80.291
31.301,19.712,-28.685,-27.874,25.182,-7.6747,102.2,199.69,197.51,124.35,58.488,80.925
32.834,25.463,-23.534,-31.455,23.712,-1.8261,100.61,195.17,191.58,120.85,57.95,80.96
34.723,31.269,-19.668,-35.019,23.392,4.1139,98.536,189.57,184.44,116.54,56.599,80.455
37.017,36.689,-17.179,-38.425,24.471,9.7736,96.082,183.01,176.12,111.48,54.573,79.498
39.524,41.259,-15.503,-41.457,26.718,14.873,93.316,175.6,166.66,105.72,52.044,78.181
41.839,44.618,-13.765,-43.848,29.424,19.099,90.271,167.41,156.14,99.387,49.207,76.584
43.445,46.692,-11.297,-45.379,31.601,22.245,86.944,158.51,144.63,92.597,46.261,74.763
43.851,47.82,-7.8455,-46.001,32.274,24.582,83.303,148.95,132.24,85.506,43.393,72.748
42.786,48.689,-3.2519,-45.884,30.775,26.891,79.317,138.79,119.12,78.31,40.771,70.548
40.353,50.094,2.8732,-45.424,26.958,30.07,74.988,128.09,105.58,71.261,38.561,68.186
37.045,52.663,10.809,-45.152,21.215,34.711,70.392,116.94,92.108,64.681,36.951,65.722
33.593,56.642,20.24,-45.566,14.355,40.862,65.69,105.47,79.355,58.91,36.134,63.265
30.716,61.806,30.256,-46.922,7.3893,48.023,61.074,93.798,67.948,54.21,36.258,60.935
28.887,67.51,39.695,-49.121,1.2828,55.303,56.65,82.056,58.272,50.678,37.351,58.814
28.188,72.877,47.521,-51.738,-3.2437,61.675,52.342,70.343,50.353,48.226,39.291,56.897
28.339,77.047,53.027,-54.167,-5.8154,66.227,47.913,58.749,43.928,46.63,41.844,55.105
28.893,79.378,55.77,-55.838,-6.4149,68.356,43.11,47.382,38.633,45.621,44.735,53.329
29.496,79.594,55.476,-56.41,-5.3409,67.881,37.832,36.408,34.152,44.958,47.726,51.485
29.983,77.841,52.232,-55.865,-3.1165,65.103,32.247,26.035,30.288,44.478,50.661,49.543
30.287,74.67,46.815,-54.466,-0.35053,60.767,26.75,16.452,26.954,44.106,53.453,47.522
30.345,70.928,40.659,-52.637,2.3363,55.947,21.748,7.752,24.108,43.811,56.049,45.443
30.091,67.552,35.408,-50.829,4.325,51.789,17.427,-0.10371,21.695,43.561,58.376,43.282
29.457,65.308,32.367,-49.381,5.054,49.215,13.703,-7.2367,19.629,43.297,60.331,40.964
28.366,64.569,32.187,-48.438,4.1581,48.692,10.325,-13.77,17.804,42.954,61.807,38.401
26.73,65.234,34.787,-47.934,1.6109,50.145,7.0219,-19.785,16.125,42.48,62.716,35.549
24.474,66.796,39.482,-47.62,-2.2838,53.021,3.602,-25.327,14.508,41.839,62.982,32.413
21.575,68.538,45.239,-47.142,-7.0345,56.492,0.0053219,-30.435,12.885,40.995,62.531,29.041
18.12,69.788,50.951,-46.182,-12.088,59.718,-3.6853,-35.149,11.21,39.913,61.305,25.509
14.362,70.169,55.709,-44.638,-16.894,62.103,-7.2876,-39.511,9.4654,38.566,59.284,21.904
10.729,69.72,59.001,-42.727,-20.967,63.443,-10.602,-43.56,7.6588,36.943,56.509,18.312
7.7476,68.835,60.778,-40.887,-23.95,63.917,-13.493,-47.332,5.8068,35.047,53.074,14.795
5.8527,68.04,61.334,-39.552,-25.662,63.928,-15.922,-50.862,3.9216,32.89,49.1,11.386
5.1858,67.723,61.094,-38.946,-26.151,63.867,-17.942,-54.171,2.0114,30.501,44.712,8.0961
5.5131,67.935,60.462,-38.965,-25.687,63.931,-19.648,-57.247,0.093622,27.946,40.043,4.9473
6.3144,68.361,59.755,-39.192,-24.689,64.091,-21.125,-60.04,-1.7953,25.33,35.242,1.9838
6.9737,68.458,59.15,-39.064,-23.604,64.143,-22.424,-62.483,-3.6132,22.765,30.464,-0.73891
6.9761,67.698,58.668,-38.136,-22.82,63.812,-23.557,-64.519,-5.3379,20.327,25.833,-3.1852
6.051,65.813,58.205,-36.267,-22.575,62.859,-24.498,-66.129,-6.9769,18.037,21.418,-5.3573
4.2254,62.863,57.571,-33.614,-22.879,61.158,-25.18,-67.323,-8.5476,15.888,17.255,-7.2834
1.781,59.109,56.494,-30.489,-23.476,58.684,-25.504,-68.108,-10.044,13.884,13.392,-8.9858
-0.84823,54.818,54.644,-27.188,-23.91,55.447,-25.385,-68.478,-11.418,12.061,9.9046,-10.458
-3.1813,50.171,51.723,-23.93,-23.674,51.478,-24.81,-68.414,-12.584,10.481,6.8694,-11.666
-4.7812,45.351,47.629,-20.916,-22.388,46.915,-23.868,-67.913,-13.457,9.2053,4.326,-12.576
-5.3356,40.682,42.571,-18.39,-19.954,42.096,-22.749,-67.02,-13.995,8.2536,2.2435,-13.19
-4.7197,36.649,37.095,-16.628,-16.613,37.559,-21.702,-65.835,-14.242,7.5758,0.50488,-13.579
-3.0113,33.791,32.014,-15.862,-12.871,33.942,-20.97,-64.497,-14.329,7.0496,-1.0755,-13.875
-0.44989,32.531,28.21,-16.206,-9.3179,31.814,-20.712,-63.132,-14.432,6.5227,-2.6957,-14.221
2.6263,33.049,26.308,-17.617,-6.4107,31.482,-20.935,-61.818,-14.693,5.8775,-4.4921,-14.71
5.8266,35.168,26.343,-19.879,-4.3417,32.801,-21.491,-60.573,-15.165,5.0775,-6.4864,-15.342
8.7373,38.223,27.66,-22.535,-3.0513,35.085,-22.138,-59.37,-15.8,4.1691,-8.5839,-16.028
10.95,41.115,29.213,-24.888,-2.3537,37.276,-22.643,-58.179,-16.483,3.2403,-10.627,-16.642
12.099,42.693,30.065,-26.184,-2.0741,38.379,-22.888,-57.004,-17.101,2.3625,-12.472,-17.089
11.932,42.254,29.765,-25.92,-2.156,37.892,-22.936,-55.892,-17.595,1.5488,-14.056,-17.36
10.408,39.85,28.536,-24.076,-2.7269,35.999,-23.001,-54.923,-17.99,0.75114,-15.41,-17.529
7.7651,36.287,27.269,-21.152,-4.05,33.527,-23.359,-54.167,-18.37,-0.10339,-16.619,-17.705
4.48,32.864,27.179,-18.012,-6.3383,31.688,-24.215,-53.644,-18.813,-1.053,-17.757,-17.961
1.1325,30.855,29.124,-15.548,-9.5389,31.529,-25.59,-53.292,-19.327,-2.0451,-18.808,-18.266
-1.7968,30.858,32.998,-14.271,-13.241,33.308,-27.3,-52.984,-19.811,-2.9189,-19.64,-18.475
-4.077,32.379,37.654,-14.033,-16.786,36.227,-29.021,-52.569,-20.082,-3.451,-20.043,-18.367
-5.7448,34.109,41.485,-14.153,-19.516,38.853,-30.42,-51.936,-19.962,-3.4503,-19.811,-17.735
-7.01,34.675,43.243,-13.84,-21.024,39.903,-31.283,-51.07,-19.365,-2.8516,-18.841,-16.484
-8.1187,33.36,42.534,-12.623,-21.287,38.844,-31.601,-50.079,-18.358,-1.7555,-17.196,-14.681
-9.2054,30.445,39.882,-10.572,-20.635,36.09,-31.56,-49.172,-17.142,-0.39333,-15.09,-12.539
-10.183,27.057,36.518,-8.2704,-19.595,32.814,-31.45,-48.585,-15.981,0.95734,-12.818,-10.334
-10.759,24.714,33.876,-6.6034,-18.663,30.475,-31.52,-48.484,-15.112,2.0649,-10.665,-8.319
-10.572,24.702,32.994,-6.4161,-18.134,30.205,-31.862,-48.89,-14.648,2.823,-8.8143,-6.6401
-9.3748,27.506,34.19,-8.1281,-18.069,32.377,-32.37,-49.655,-14.525,3.2991,-7.2663,-5.2797
-7.2071,32.633,37.152,-11.493,-18.377,36.573,-32.803,-50.509,-14.498,3.7239,-5.8336,-4.052
-4.4571,38.91,41.193,-15.695,-18.93,41.862,-32.914,-51.161,-14.239,4.4002,-4.2257,-2.6845
-1.7867,44.965,45.536,-19.694,-19.679,47.17,-32.574,-51.41,-13.484,5.5588,-2.2011,-0.96323
0.059622,49.686,49.566,-22.6,-20.732,51.633,-31.838,-51.23,-12.179,7.2427,0.30308,1.1389
0.49003,52.542,52.982,-23.924,-22.309,54.821,-30.949,-50.778,-10.5,9.2934,3.141,3.4458
-0.73058,53.627,55.796,-23.656,-24.583,56.776,-30.249,-50.324,-8.7617,11.435,6.0279,5.6753
-3.3994,53.451,58.112,-22.186,-27.498,57.806,-30.041,-50.141,-7.2896,13.385,8.6431,7.5616
-6.9634,52.589,59.859,-20.117,-30.715,58.167,-30.452,-50.418,-6.3247,14.925,10.717,8.9291
-10.734,51.388,60.823,-18.005,-33.722,57.897,-31.397,-51.238,-5.9897,15.935,12.09,9.7189
-14.118,49.926,60.899,-16.162,-36.03,56.957,-32.635,-52.593,-6.2996,16.388,12.734,9.9922
-16.771,48.195,60.226,-14.617,-37.362,55.451,-33.896,-54.431,-7.2064,16.315,12.726,9.8997
-18.615,46.284,59.136,-13.257,-37.772,53.675,-35.02,-56.705,-8.6579,15.759,12.181,9.6025
-19.757,44.432,58.096,-12.009,-37.65,52.057,-36.05,-59.387,-10.64,14.731,11.194,9.1835
-20.369,43.005,57.62,-10.96,-37.533,51.064,-37.244,-62.466,-13.178,13.208,9.8151,8.6031
-20.551,42.399,58.058,-10.346,-37.761,51.053,-38.952,-65.915,-16.286,11.174,8.0782,7.7295
-20.247,42.872,59.35,-10.433,-38.25,52.082,-41.444,-69.657,-19.904,8.6664,6.0416,6.4303
-19.273,44.359,60.935,-11.367,-38.54,53.797,-44.812,-73.554,-23.859,5.8133,3.8237,4.6735
-17.43,46.385,61.933,-13.057,-37.992,55.478,-48.989,-77.432,-27.867,2.8313,1.6068,2.5795
-14.631,48.192,61.51,-15.167,-36.036,56.302,-53.778,-81.113,-31.602,-0.01848,-0.39552,0.40052
-10.996,49.053,59.196,-17.248,-32.439,55.673,-58.871,-84.455,-34.796,-2.5088,-1.9963,-1.561
-6.8867,48.574,55.054,-18.91,-27.494,53.457,-63.902,-87.4,-37.347,-4.5356,-3.1027,-3.0623
-2.8426,46.803,49.707,-19.942,-21.984,50.014,-68.528,-89.991,-39.376,-6.1721,-3.7619,-4.0103
0.54424,44.127,44.149,-20.308,-16.885,46.009,-72.481,-92.369,-41.197,-7.6516,-4.1544,-4.4795
2.7903,41.032,39.318,-20.066,-12.984,42.11,-75.594,-94.711,-43.207,-9.2791,-4.5201,-4.647
3.6779,37.848,35.664,-19.279,-10.617,38.681,-77.769,-97.149,-45.736,-11.323,-5.0496,-4.6997
3.3327,34.567,32.941,-17.963,-9.6001,35.572,-78.966,-99.698,-48.92,-13.94,-5.8002,-4.766
2.1644,30.778,30.26,-16.062,-9.3155,32.098,-79.226,-102.26,-52.653,-17.145,-6.682,-4.8799
0.69604,25.813,26.399,-13.459,-8.9004,27.307,-78.686,-104.65,-56.603,-20.801,-7.5142,-4.9808
-0.6313,19.065,20.268,-10.03,-7.5269,20.42,-77.561,-106.69,-60.328,-24.638,-8.1141,-4.9588
-1.602,10.347,11.436,-5.7292,-4.7594,11.254,-76.091,-108.26,-63.45,-28.345,-8.3823,-4.7312
-2.2735,0.14034,0.65854,-0.67959,-0.82757,0.52745,-74.5,-109.39,-65.812,-31.711,-8.3529,-4.3227
-2.9112,-10.427,-10.266,4.7719,3.4343,-10.276,-72.968,-110.21,-67.513,-34.724,-8.1856,-3.8972
-3.8432,-19.962,-19.395,10.099,6.9701,-19.549,-71.64,-110.92,-68.82,-37.548,-8.1048,-3.7075
-5.3262,-27.394,-25.395,14.798,8.9197,-26.212,-70.615,-111.69,-70.043,-40.416,-8.3129,-3.9937
-7.4872,-32.391,-27.823,18.636,8.8625,-29.992,-69.929,-112.58,-71.405,-43.499,-8.9144,-4.8938
-10.325,-35.383,-27.124,21.735,6.8631,-31.389,-69.532,-113.5,-72.972,-46.823,-9.8885,-6.41
-13.725,-37.234,-24.426,24.424,3.3856,-31.386,-69.3,-114.29,-74.671,-50.264,-11.125,-8.4343
-17.466,-38.781,-21.084,26.997,-0.89036,-30.989,-69.078,-114.71,-76.369,-53.644,-12.503,-10.808
-21.222,-40.441,-18.058,29.524,-5.3147,-30.749,-68.751,-114.63,-77.986,-56.842,-13.963,-13.394
-24.601,-42.013,-15.504,31.788,-9.4254,-30.524,-68.282,-114.02,-79.539,-59.86,-15.54,-16.137
-27.204,-42.874,-13.02,33.363,-12.953,-29.778,-67.715,-112.96,-81.123,-62.793,-17.33,-19.061
-28.715,-42.479,-10.302,33.834,-15.737,-28.178,-67.112,-111.6,-82.829,-65.747,-19.414,-22.202
-28.986,-40.781,-7.5497,33.07,-17.625,-25.921,-66.477,-109.97,-84.66,-68.74,-21.784,-25.529
-28.1,-38.314,-5.3751,31.364,-18.415,-23.628,-65.714,-108.02,-86.489,-71.661,-24.31,-28.885
-26.369,-36.033,-4.5397,29.373,-17.893,-22.128,-64.652,-105.55,-88.095,-74.302,-26.766,-32.008
-24.271,-35.03,-5.7562,27.909,-15.954,-22.252,-63.132,-102.38,-89.265,-76.457,-28.92,-34.611
-22.336,-36.186,-9.4857,27.682,-12.714,-24.6,-61.092,-98.47,-89.896,-78.028,-30.635,-36.491
-21.012,-39.822,-15.684,29.061,-8.5546,-29.273,-58.612,-93.936,-90.033,-79.068,-31.922,-37.6
-20.523,-45.498,-23.612,31.913,-4.065,-35.696,-55.886,-89.056,-89.844,-79.72,-32.927,-38.052
-20.789,-52.095,-31.923,35.609,0.10289,-42.714,-53.144,-84.149,-89.544,-80.155,-33.848,-38.065
-21.484,-58.161,-39.101,39.223,3.4063,-48.95,-50.567,-79.46,-89.309,-80.497,-34.843,-37.876
-22.204,-62.413,-44.0,41.878,5.5385,-53.262,-48.228,-75.109,-89.215,-80.798,-35.984,-37.668
-22.644,-64.206,-46.194,43.093,6.474,-55.108,-46.099,-71.11,-89.231,-81.031,-37.233,-37.529
-22.717,-63.741,-46.014,42.946,6.4235,-54.701,-44.096,-67.427,-89.278,-81.161,-38.481,-37.449
-22.573,-61.909,-44.293,41.963,5.7152,-52.837,-42.151,-64.016,-89.252,-81.176,-39.602,-37.366
-22.537,-59.849,-41.971,40.84,4.6428,-50.516,-40.257,-60.859,-89.084,-81.084,-40.52,-37.225
-22.989,-58.515,-39.766,40.202,3.3571,-48.567,-38.494,-58.013,-88.82,-80.948,-41.257,-37.054
-24.22,-58.42,-38.088,40.478,1.8532,-47.488,-37.003,-55.665,-88.61,-80.888,-41.952,-36.978
-26.322,-59.546,-37.062,41.798,0.044495,-47.419,-35.906,-54.098,-88.67,-81.057,-42.792,-37.151
-29.152,-61.447,-36.507,43.928,-2.1246,-48.175,-35.25,-53.542,-89.19,-81.561,-43.936,-37.667
-32.38,-63.515,-35.997,46.379,-4.5991,-49.326,-34.959,-54.044,-90.247,-82.429,-45.44,-38.522
-35.605,-65.245,-35.082,48.663,-7.228,-50.352,-34.869,-55.41,-91.751,-83.594,-47.271,-39.628
-38.505,-66.336,-33.545,50.476,-9.8434,-50.814,-34.786,-57.269,-93.501,-84.937,-49.341,-40.867
-40.899,-66.684,-31.514,51.695,-12.307,-50.529,-34.559,-59.183,-95.261,-86.337,-51.575,-42.151
-42.679,-66.387,-29.346,52.308,-14.48,-49.611,-34.112,-60.735,-96.802,-87.694,-53.918,-43.429
-43.725,-65.635,-27.372,52.357,-16.167,-48.283,-33.426,-61.569,-97.909,-88.913,-56.313,-44.662
-43.86,-64.493,-25.706,51.807,-17.085,-46.651,-32.501,-61.416,-98.369,-89.865,-58.663,-45.808
-42.87,-62.852,-24.256,50.499,-16.915,-44.694,-31.325,-60.117,-97.936,-90.368,-60.808,-46.789
-40.592,-60.628,-22.992,48.298,-15.44,-42.486,-29.859,-57.658,-96.302,-90.163,-62.537,-47.491
-37.028,-57.959,-22.236,45.272,-12.664,-40.355,-28.053,-54.185,-93.119,-88.917,-63.616,-47.784
-32.405,-55.25,-22.667,41.748,-8.7599,-38.855,-25.834,-49.899,-88.189,-86.173,-63.792,-47.525
-27.106,-53.104,-25.025,38.235,-3.8717,-38.615,-23.079,-44.761,-82.232,-81.429,-62.773,-46.548
-21.541,-52.192,-29.813,35.229,1.9585,-40.224,-19.564,-38.198,-78.696,-75.545,-60.322,-44.636
-16.021,-53.005,-37.186,32.998,8.6891,-44.065,-14.992,-29.229,-84.228,-78.742,-57.053,-41.624
-10.68,-55.559,-46.89,31.536,16.155,-50.066,-9.1675,-17.125,-97.535,-103.99,-59.238,-39.088
-5.4596,-59.492,-58.104,31.093,23.994,-57.585,-2.2859,-2.2423,-98.846,-111.6,-84.845,-49.141
-0.21936,-66.366,-69.46,34.547,31.623,-66.396,4.7775,13.285,-80.578,-106.22,-99.83,-62.296
5.1748,-87.432,-81.249,47.447,38.295,-82.93,10.534,25.541,-50.09,-92.445,-104.2,-65.876
11.028,-113.55,-103.68,55.69,43.489,-110.3,14.348,32.999,-11.057,-67.675,-102.31,-64.819
17.958,-113.53,-120.47,49.228,49.444,-116.08,21.95,58.728,34.846,-29.952,-89.851,-56.177
26.496,-98.675,-119.69,34.239,64.383,-107.77,51.794,127.09,87.555,23.616,-62.759,-37.788
36.316,-71.055,-107.55,12.155,66.294,-89.052,80.04,164.67,150.85,97.11,-18.056,-7.8043
46.142,-30.186,-84.908,-17.595,60.951,-59.283,88.204,185.14,228.12,195.3,45.857,34.546
56.253,24.89,-51.396,-56.381,52.703,-16.633,88.364,191.68,314.34,320.64,132.04,92.147
75.039,97.113,-4.8434,-105.44,40.633,41.523,80.213,179.68,401.52,472.05,241.44,167.75
106.8,187.4,57.73,-163.63,22.852,116.91,60.804,141.87,483.42,646.96,371.8,260.35
132.64,292.99,138.1,-227.48,-4.1765,209.61,26.29,69.605,553.4,838.17,518.66,366.8
148.18,411.73,238.43,-293.21,-44.753,320.02,-26.556,-45.004,603.72,1031.3,672.96,481.17
151.31,541.22,362.24,-356.9,-102.72,448.37,-98.776,-206.52,624.83,1202.2,818.93,593.11
137.4,675.34,509.57,-413.43,-180.91,591.06,-188.42,-413.09,605.18,1318.1,934.29,687.95
103.32,801.52,671.27,-455.74,-278.13,736.81,-290.11,-654.04,532.22,1342.6,993.93,749.06
50.088,902.52,835.25,-475.99,-385.95,867.21,-394.92,-910.04,393.89,1246.6,976.71,762.09
-17.441,961.77,968.45,-468.54,-489.57,962.48,-493.53,-1157.1,182.97,1019.1,873.03,719.44
-91.592,967.61,1051.1,-432.19,-572.75,1007.1,-581.86,-1372.2,-96.533,674.43,689.52,623.03
-162.72,916.24,1072.0,-370.61,-623.12,992.82,-660.16,-1537.2,-425.81,253.01,448.78,484.3
-221.48,813.82,1029.4,-291.36,-634.72,920.95,-727.8,-1641.0,-771.89,-186.82,184.41,321.45
-261.38,675.48,932.41,-204.26,-608.51,803.57,-780.7,-1679.0,-1092.6,-582.96,-67.208,155.29
-279.98,520.69,798.66,-119.45,-551.46,659.22,-811.43,-1651.6,-1345.4,-885.32,-275.71,4.8118
-278.61,367.9,647.37,-45.478,-473.82,506.93,-811.73,-1563.5,-1497.5,-1066.9,-422.9,-116.29
-261.2,231.29,495.15,12.186,-386.37,362.45,-776.55,-1423.5,-1534.6,-1126.8,-504.69,-201.2
-232.85,119.84,355.16,51.803,-298.99,236.94,-707.21,-1245.5,-1464.6,-1085.7,-529.16,-249.86
-198.83,37.009,235.95,75.128,-219.46,136.15,-612.22,-1047.6,-1313.7,-976.33,-510.75,-267.1
-163.67,-18.715,140.12,85.465,-152.34,60.894,-504.75,-849.69,-1118.0,-833.3,-463.87,-260.28
-130.41,-51.718,69.883,85.833,-99.319,9.6284,-398.17,-668.96,-912.57,-685.48,-401.89,-237.22
-103.14,-67.311,26.945,72.501,-62.242,-20.47,-302.85,-516.62,-723.67,-552.19,-337.65,-205.06
-85.129,-70.71,5.2593,38.97,-40.759,-34.153,-224.88,-395.79,-566.25,-442.74,-280.05,-170.95
-72.943,-65.355,-3.0995,30.928,-29.867,-36.765,-165.23,-303.02,-444.8,-358.72,-232.97,-139.25
-62.904,-43.783,-3.3344,31.301,-24.781,-32.685,-120.37,-232.6,-356.19,-297.65,-196.0,-111.71
-53.483,-25.343,0.39168,30.556,-22.323,-23.84,-86.15,-179.39,-292.49,-254.11,-166.88,-91.805
-43.559,-26.881,3.8354,28.538,-19.955,-12.292,-59.684,-139.23,-244.16,-220.95,-145.08,-78.756
-32.526,-30.561,2.2906,26.106,-14.911,-15.33,-39.104,-108.36,-204.61,-192.74,-127.73,-68.887
-22.58,-33.049,-8.0244,23.984,-6.5848,-23.22,-23.123,-83.25,-170.62,-167.51,-112.31,-59.735
-15.514,-35.549,-19.831,22.606,0.36704,-29.227,-10.943,-61.323,-141.01,-145.04,-98.055,-50.571
-10.66,-38.853,-29.365,22.09,6.9439,-34.658,-3.1937,-46.421,-115.62,-125.15,-85.367,-41.533
-7.1214,-42.898,-37.973,22.27,13.464,-40.372,-3.028,-45.257,-94.992,-107.91,-74.122,-33.317
-4.4406,-47.106,-45.992,22.8,19.378,-46.102,-0.99202,-40.264,-83.214,-95.627,-63.879,-26.445
-2.3919,-50.747,-52.813,23.295,24.228,-51.113,3.7276,-32.182,-75.837,-88.796,-55.233,-21.023
-0.82036,-53.26,-57.683,23.483,27.741,-54.721,8.4636,-24.247,-65.458,-83.471,-48.398,-16.945
0.40876,-54.447,-60.163,23.282,29.851,-56.575,12.494,-17.07,-54.153,-77.913,-42.957,-13.955
1.3982,-54.45,-60.262,22.789,30.674,-56.706,15.851,-10.464,-43.845,-71.929,-38.415,-11.749
2.1896,-53.578,-58.377,22.165,30.46,-55.435,18.703,-4.1448,-35.047,-65.607,-34.467,-10.105
2.7509,-52.189,-55.189,21.557,29.53,-53.272,21.032,2.0035,-27.806,-59.183,-31.046,-8.9423
3.0035,-50.696,-51.604,21.08,28.265,-50.854,22.639,7.8628,-22.058,-53.042,-28.242,-8.2915
2.8812,-49.553,-48.662,20.876,27.062,-48.859,23.345,13.164,-17.673,-47.581,-26.174,-8.2086
2.3869,-49.175,-47.251,21.099,26.272,-47.876,23.207,17.669,-14.424,-43.008,-24.86,-8.6853
1.6026,-49.799,-47.755,21.831,26.102,-48.235,22.572,21.337,-11.992,-39.238,-24.169,-9.6077
0.64408,-51.397,-49.911,23.034,26.549,-49.875,21.952,24.378,-10.009,-35.954,-23.843,-10.768
-0.40417,-53.647,-52.948,24.537,27.374,-52.325,21.818,27.156,-8.1483,-32.776,-23.597,-11.931
-1.5251,-55.99,-55.865,26.065,28.136,-54.852,22.43,30.041,-6.1844,-29.421,-23.214,-12.915
-2.7556,-57.725,-57.653,27.286,28.294,-56.634,23.788,33.278,-4.0181,-25.786,-22.616,-13.645
-4.139,-58.192,-57.501,27.885,27.364,-56.964,25.688,36.961,-1.6524,-21.938,-21.842,-14.153
-5.6733,-57.01,-55.05,27.678,25.117,-55.474,27.868,41.115,0.86545,-18.032,-20.993,-14.527
-7.2761,-54.268,-50.576,26.695,21.726,-52.303,30.141,45.744,3.5126,-14.196,-20.139,-14.832
-8.7677,-50.547,-44.968,25.183,17.769,-48.109,32.515,50.92,6.3299,-10.463,-19.268,-15.062
-9.8753,-46.718,-39.464,23.483,14.09,-43.861,35.184,56.757,9.4205,-6.7638,-18.282,-15.127
-10.277,-43.616,-35.256,21.884,11.551,-40.51,38.374,63.298,12.909,-2.9967,-17.06,-14.909
-9.6892,-41.711,-33.087,20.502,10.735,-38.628,42.164,70.404,16.883,0.89479,-15.524,-14.331
-7.9652,-40.919,-33.0,19.229,11.748,-38.204,46.373,77.746,21.343,4.8772,-13.692,-13.411
-5.1626,-40.661,-34.392,17.776,14.189,-38.698,50.613,84.873,26.207,8.8471,-11.669,-12.259
-1.5576,-40.163,-36.356,15.84,17.331,-39.344,54.457,91.467,31.364,12.695,-9.5886,-11.027
2.407,-38.883,-38.094,13.309,20.408,-39.537,57.659,97.417,36.758,16.375,-7.554,-9.8347
6.2248,-36.814,-39.214,10.397,22.899,-39.102,60.216,102.84,42.415,19.936,-5.594,-8.7386
9.4569,-34.501,-39.887,7.5814,24.691,-38.372,62.314,107.97,48.442,23.497,-3.68,-7.7322
11.856,-32.798,-40.81,5.4048,26.063,-38.061,64.193,113.02,54.956,27.18,-1.7718,-6.7895
13.434,-32.465,-42.949,4.2356,27.523,-38.982,66.011,118.08,62.02,31.049,0.14016,-5.9061
14.43,-33.805,-47.068,4.1124,29.574,-41.636,67.774,123.09,69.646,35.09,2.027,-5.1085
15.208,-36.491,-53.165,4.7163,32.45,-45.878,69.369,127.91,77.816,39.256,3.849,-4.4302
16.109,-39.595,-60.223,5.4797,35.952,-50.83,70.655,132.43,86.479,43.512,5.5911,-3.8804
17.321,-41.849,-66.613,5.788,39.515,-55.115,71.546,136.66,95.539,47.866,7.2825,-3.426
18.795,-42.136,-70.827,5.1928,42.401,-57.415,72.048,140.7,104.85,52.362,8.9902,-2.9988
20.258,-39.954,-71.888,3.5417,43.789,-57.005,72.252,144.73,114.23,57.059,10.797,-2.5176
21.334,-35.45,-69.237,0.96144,42.951,-53.727,72.302,148.9,123.49,61.991,12.77,-1.9157
21.732,-29.122,-62.776,-2.2666,39.64,-47.776,72.357,153.25,132.36,67.124,14.936,-1.1584
21.391,-21.618,-53.116,-5.8275,34.255,-39.76,72.558,157.72,140.63,72.339,17.271,-0.24193
20.528,-13.665,-41.652,-9.4257,27.738,-30.714,72.995,162.18,148.12,77.471,19.72,0.83278
19.54,-6.049,-30.363,-12.79,21.335,-21.945,73.693,166.49,154.78,82.385,22.251,2.0961
18.853,0.43172,-21.31,-15.685,16.291,-14.76,74.642,170.61,160.7,87.044,24.915,3.6367
18.79,5.1395,-16.04,-17.939,13.529,-10.121,75.834,174.59,166.03,91.508,27.856,5.5974
19.486,7.8204,-15.171,-19.469,13.457,-8.356,77.288,178.58,170.92,95.865,31.255,8.1327
20.865,8.6954,-18.267,-20.306,15.883,-9.0661,79.024,182.68,175.46,100.14,35.213,11.339
22.646,8.3442,-23.954,-20.578,20.028,-11.29,81.032,186.91,179.63,104.27,39.667,15.195
24.413,7.4674,-30.361,-20.465,24.736,-13.852,83.251,191.17,183.35,108.07,44.387,19.549
25.712,6.6585,-35.733,-20.133,28.816,-15.743,85.593,195.28,186.53,111.38,49.067,24.164
26.188,6.2794,-38.906,-19.693,31.373,-16.397,87.962,199.04,189.09,114.06,53.463,28.806
25.693,6.4439,-39.495,-19.199,32.011,-15.757,90.277,202.36,190.99,116.08,57.481,33.339
24.329,7.0633,-37.825,-18.665,30.853,-14.147,92.456,205.19,192.21,117.49,61.172,37.77
22.395,7.9258,-34.679,-18.097,28.377,-12.07,94.408,207.6,192.71,118.37,64.655,42.201
20.267,8.8125,-30.966,-17.524,25.227,-9.9977,96.032,209.66,192.45,118.8,68.025,46.729
18.311,9.6245,-27.388,-17.033,22.036,-8.2115,97.233,211.41,191.39,118.83,71.305,51.34
16.829,10.479,-24.274,-16.792,19.292,-6.6938,97.928,212.83,189.53,118.46,74.427,55.873
16.034,11.727,-21.61,-17.031,17.254,-5.1196,98.071,213.78,186.82,117.63,77.257,60.058
16.03,13.849,-19.139,-17.985,15.908,-2.9648,97.671,214.08,183.17,116.22,79.632,63.632
16.786,17.214,-16.49,-19.783,15.063,0.26608,96.809,213.47,178.44,114.07,81.423,66.448
18.147,21.809,-13.351,-22.353,14.508,4.7644,95.629,211.83,172.44,111.09,82.597,68.519
19.862,27.124,-9.6339,-25.403,14.125,10.212,94.311,209.16,165.11,107.29,83.242,69.994
21.665,32.34,-5.6041,-28.506,13.921,15.799,93.017,205.6,156.5,102.79,83.541,71.093
23.364,36.704,-1.8602,-31.258,14.006,20.573,91.844,201.35,146.81,97.81,83.698,72.026
24.888,39.84,0.96346,-33.422,14.501,23.941,90.787,196.57,136.27,92.524,83.852,72.916
26.271,41.837,2.6288,-35.01,15.425,25.921,89.737,191.32,125.04,87.044,84.024,73.763
27.597,43.172,3.4953,-36.263,16.621,27.059,88.503,185.6,113.19,81.393,84.136,74.457
28.934,44.512,4.3716,-37.535,17.762,28.158,86.856,179.37,100.79,75.57,84.075,74.848
30.264,46.451,6.162,-39.108,18.425,29.955,84.588,172.66,88.094,69.635,83.763,74.82
31.426,49.26,9.466,-41.052,18.202,32.822,81.576,165.53,75.595,63.758,83.21,74.348
32.132,52.767,14.296,-43.171,16.822,36.612,77.834,158.13,63.912,58.194,82.526,73.516
32.052,56.427,20.086,-45.073,14.249,40.768,73.546,150.6,53.596,53.226,81.902,72.505
30.951,59.556,26.007,-46.307,10.711,44.621,69.036,143.09,44.954,49.088,81.555,71.545
28.811,61.623,31.351,-46.547,6.6409,47.689,64.649,135.69,38.006,45.906,81.657,70.834
25.89,62.49,35.756,-45.773,2.5195,49.835,60.583,128.41,32.55,43.668,82.269,70.466
22.684,62.504,39.269,-44.352,-1.288,51.297,56.784,121.13,28.256,42.236,83.311,70.401
19.787,62.376,42.286,-42.937,-4.6074,52.585,52.973,113.63,24.767,41.379,84.59,70.501
17.714,62.876,45.345,-42.214,-7.4058,54.262,48.775,105.63,21.781,40.85,85.881,70.618
16.78,64.482,48.759,-42.637,-9.6571,56.636,43.89,96.9,19.113,40.469,87.019,70.682
17.052,67.151,52.279,-44.254,-11.225,59.544,38.254,87.4,16.699,40.164,87.955,70.74
18.385,70.307,55.074,-46.664,-11.84,62.364,32.132,77.316,14.556,39.958,88.746,70.912
20.483,73.034,56.119,-49.139,-11.189,64.255,26.034,67.021,12.709,39.898,89.483,71.307
22.957,74.434,54.722,-50.917,-9.1121,64.489,20.464,56.911,11.139,39.987,90.215,71.949
25.344,73.988,50.843,-51.527,-5.7887,62.733,15.668,47.263,9.7715,40.158,90.897,72.737
27.162,71.75,45.128,-50.916,-1.803,59.197,11.595,38.206,8.4951,40.298,91.406,73.47
28.076,68.265,38.742,-49.35,1.9924,54.586,8.0315,29.81,7.2171,40.31,91.598,73.91
27.946,64.281,33.063,-47.191,4.7126,49.854,4.7607,22.177,5.9105,40.165,91.368,73.855
26.617,60.45,29.29,-44.697,5.6438,45.889,1.6508,15.451,4.6288,39.919,90.691,73.19
23.917,57.163,28.127,-41.96,4.4239,43.281,-1.3344,9.7442,3.4771,39.665,89.608,71.909
19.905,54.583,29.633,-39.007,1.1635,42.247,-4.1618,5.0607,2.5571,39.477,88.191,70.082
15.027,52.771,33.262,-35.975,-3.5777,42.671,-6.7679,1.2695,1.9137,39.358,86.493,67.81
10.075,51.811,38.084,-33.242,-8.9244,44.223,-9.0928,-1.8701,1.5096,39.226,84.524,65.178
5.9912,51.849,43.071,-31.381,-13.876,46.522,-11.112,-4.6462,1.2346,38.927,82.248,62.235
3.648,53.043,47.383,-30.902,-17.546,49.269,-12.861,-7.3237,0.9359,38.28,79.599,58.997
3.5557,55.418,50.578,-31.973,-19.407,52.258,-14.421,-10.082,0.46032,37.133,76.509,55.461
5.593,58.764,52.625,-34.342,-19.438,55.317,-15.867,-12.978,-0.30115,35.424,72.926,51.626
8.9794,62.581,53.681,-37.414,-18.087,58.197,-17.205,-15.942,-1.3797,33.215,68.835,47.515
12.546,66.099,53.851,-40.372,-16.073,60.497,-18.363,-18.819,-2.7255,30.68,64.263,43.193
15.128,68.418,53.191,-42.343,-14.141,61.733,-19.245,-21.441,-4.2363,28.045,59.294,38.789
15.9,68.808,51.869,-42.655,-12.892,61.558,-19.8,-23.689,-5.797,25.508,54.082,34.507
14.569,66.999,50.217,-41.052,-12.689,59.943,-20.058,-25.518,-7.3015,23.197,48.839,30.558
11.39,63.285,48.635,-37.768,-13.616,57.22,-20.107,-26.939,-8.6501,21.173,43.798,27.083
7.0132,58.417,47.478,-33.42,-15.491,53.983,-20.049,-27.995,-9.7419,19.455,39.16,24.123
2.2381,53.353,46.979,-28.81,-17.941,50.907,-19.968,-28.74,-10.486,18.04,35.055,21.651
-2.2023,48.956,47.191,-24.674,-20.528,48.542,-19.912,-29.245,-10.828,16.91,31.526,19.605
-5.7649,45.722,47.96,-21.463,-22.842,47.125,-19.892,-29.579,-10.761,16.036,28.548,17.919
-8.1478,43.635,48.912,-19.224,-24.545,46.504,-19.9,-29.808,-10.338,15.383,26.046,16.53
-9.307,42.215,49.524,-17.644,-25.393,46.192,-19.921,-29.996,-9.6657,14.894,23.903,15.361
-9.4534,40.785,49.258,-16.262,-25.273,45.567,-19.962,-30.236,-8.9013,14.473,21.95,14.303
-8.9602,38.775,47.741,-14.743,-24.21,44.106,-20.062,-30.656,-8.229,13.981,19.984,13.216
-8.2065,35.916,44.912,-12.94,-22.372,41.591,-20.272,-31.396,-7.8173,13.271,17.824,11.97
-7.4916,32.307,41.056,-10.859,-20.051,38.187,-20.628,-32.554,-7.775,12.232,15.377,10.503
-7.037,28.353,36.719,-8.6378,-17.625,34.352,-21.105,-34.142,-8.1204,10.843,12.691,8.8565
-6.9914,24.534,32.556,-6.4707,-15.506,30.607,-21.622,-36.068,-8.7719,9.1865,9.944,7.159
-7.4234,21.131,29.152,-4.4768,-14.052,27.327,-22.081,-38.159,-9.5631,7.4402,7.3868,5.5778
-8.3287,18.124,26.888,-2.6283,-13.488,24.666,-22.42,-40.208,-10.282,5.8331,5.2505,4.2605
-9.6349,15.3,25.859,-0.80822,-13.858,22.575,-22.616,-42.035,-10.73,4.5809,3.6792,3.2928
-11.203,12.453,25.883,1.0578,-15.045,20.884,-22.684,-43.538,-10.787,3.8112,2.6955,2.6699
-12.847,9.5891,26.631,2.9061,-16.827,19.421,-22.712,-44.721,-10.448,3.5145,2.2067,2.3006
-14.383,7.0138,27.847,4.5498,-18.927,18.205,-22.845,-45.67,-9.8027,3.5644,2.0552,2.0584
-15.678,5.1101,29.382,5.8173,-21.012,17.421,-23.198,-46.499,-8.9734,3.7969,2.0904,1.8563
-16.685,3.8938,30.909,6.7324,-22.67,17.06,-23.754,-47.294,-8.0593,4.0871,2.2232,1.6927
-17.444,2.8584,31.717,7.5638,-23.458,16.654,-24.347,-48.097,-7.1262,4.3757,2.4369,1.6481
-18.052,1.295,30.942,8.674,-23.068,15.492,-24.721,-48.915,-6.2211,4.6581,2.7715,1.8538
-18.61,-1.2065,28.111,10.279,-21.52,13.107,-24.636,-49.733,-5.38,4.9676,3.29,2.4381
-19.182,-4.4378,23.538,12.285,-19.183,9.6435,-23.966,-50.518,-4.629,5.3521,4.0324,3.4586
-19.786,-7.6133,18.302,14.272,-16.678,5.8588,-22.757,-51.24,-3.9916,5.8376,4.9713,4.8554
-20.372,-9.6866,13.937,15.619,-14.714,2.8881,-21.218,-51.886,-3.4943,6.4002,5.9983,6.456
-20.767,-9.7062,11.922,15.699,-13.859,1.8909,-19.641,-52.461,-3.155,6.9754,6.9656,8.0404
-20.655,-7.0659,13.116,14.088,-14.301,3.6537,-18.283,-52.961,-2.9593,7.5052,7.7652,9.4371
-19.658,-1.6582,17.427,10.683,-15.772,8.2852,-17.27,-53.358,-2.8452,7.9903,8.3965,10.598
-17.489,6.0531,23.846,5.6795,-17.627,15.142,-16.565,-53.605,-2.7153,8.5047,8.9727,11.607
-14.054,15.122,30.806,-0.47227,-19.063,23.031,-16.041,-53.672,-2.4823,9.1519,9.654,12.609
-9.52,24.404,36.732,-7.1435,-19.39,30.633,-15.588,-53.603,-2.1292,9.9807,10.535,13.703
-4.3209,32.906,40.575,-13.679,-18.286,36.941,-15.186,-53.535,-1.7463,10.917,11.551,14.858
0.91876,40.015,42.118,-19.565,-15.954,41.509,-14.894,-53.691,-1.5137,11.767,12.462,15.902
5.5291,45.567,41.905,-24.524,-13.083,44.442,-14.831,-54.307,-1.6375,12.289,12.947,16.593
8.9551,49.727,40.886,-28.486,-10.596,46.19,-15.132,-55.552,-2.2784,12.291,12.745,16.734
10.881,52.774,40.036,-31.478,-9.3149,47.287,-15.871,-57.465,-3.5049,11.693,11.776,16.257
11.293,54.993,40.177,-33.558,-9.6991,48.258,-17.029,-59.953,-5.2782,10.546,10.17,15.249
10.463,56.753,41.867,-34.857,-11.744,49.627,-18.508,-62.832,-7.4716,9.0005,8.1937,13.905
8.8565,58.515,45.221,-35.622,-15.042,51.799,-20.204,-65.905,-9.9163,7.2501,6.1434,12.449
7.0101,60.657,49.899,-36.208,-18.964,54.877,-22.051,-69.019,-12.449,5.4637,4.2402,11.05
5.4388,63.339,55.284,-37.006,-22.846,58.674,-24.035,-72.101,-14.94,3.7541,2.5865,9.7858
4.5963,66.459,60.64,-38.247,-26.083,62.833,-26.157,-75.139,-17.297,2.1773,1.1833,8.6685
4.7883,69.65,65.21,-39.805,-28.187,66.867,-28.404,-78.148,-19.46,0.75062,-0.020875,7.6863
5.9859,72.34,68.315,-41.261,-28.861,70.161,-30.719,-81.139,-21.409,-0.53162,-1.08,6.8477
7.7479,73.868,69.434,-42.115,-28.068,72.034,-33.001,-84.102,-23.171,-1.6938,-2.0245,6.1904
9.398,73.627,68.257,-41.955,-26.06,71.889,-35.13,-87.015,-24.818,-2.7825,-2.8623,5.7614
10.274,71.17,64.762,-40.482,-23.31,69.381,-36.999,-89.852,-26.461,-3.8649,-3.5939,5.5895
9.8505,66.309,59.291,-37.5,-20.409,64.524,-38.542,-92.588,-28.209,-5.0119,-4.2214,5.6738
7.8242,59.195,52.512,-32.963,-17.915,57.707,-39.734,-95.192,-30.136,-6.2725,-4.7471,5.9918
4.2418,50.349,45.253,-27.075,-16.203,49.615,-40.591,-97.616,-32.242,-7.6542,-5.1689,6.512
-0.44413,40.601,38.3,-20.353,-15.362,41.099,-41.142,-99.792,-34.448,-9.117,-5.48,7.2008
-5.4564,30.937,32.236,-13.537,-15.198,33.01,-41.417,-101.64,-36.621,-10.584,-5.6754,8.021
-9.8885,22.284,27.369,-7.3917,-15.332,26.036,-41.439,-103.1,-38.627,-11.966,-5.7632,8.9239
-12.946,15.321,23.762,-2.5193,-15.335,20.594,-41.253,-104.11,-40.396,-13.209,-5.7843,9.8341
-14.184,10.363,21.298,0.7752,-14.874,16.789,-40.953,-104.7,-41.973,-14.343,-5.8294,10.634
-13.665,7.3574,19.743,2.5164,-13.834,14.447,-40.681,-104.97,-43.513,-15.507,-6.0402,11.17
-11.949,5.9206,18.816,2.9879,-12.383,13.184,-40.573,-105.04,-45.236,-16.922,-6.5798,11.281
-9.8941,5.3564,18.251,2.7004,-10.925,12.501,-40.698,-105.04,-47.34,-18.824,-7.5851,10.855
-8.3557,4.843,17.848,2.3975,-9.9357,11.915,-41.033,-105.1,-49.94,-21.391,-9.1272,9.8532
-7.9214,3.7932,17.513,2.7767,-9.7849,11.098,-41.486,-105.27,-53.029,-24.691,-11.2,8.3149
-8.797,2.0904,17.266,4.0606,-10.62,9.9561,-41.953,-105.54,-56.489,-28.646,-13.728,6.3232
-10.798,0.035253,17.189,5.8927,-12.314,8.6183,-42.357,-105.88,-60.127,-33.041,-16.583,3.9725
-13.384,-1.8732,17.319,7.6234,-14.491,7.3508,-42.666,-106.21,-63.725,-37.569,-19.608,1.3485
-15.788,-3.1696,17.556,8.6808,-16.623,6.4005,-42.907,-106.43,-67.118,-41.952,-22.658,-1.4898
-17.283,-3.6323,17.657,8.7867,-18.139,5.8417,-43.153,-106.51,-70.228,-46.04,-25.657,-4.5258
-17.414,-3.418,17.246,8.0136,-18.54,5.4778,-43.499,-106.43,-73.065,-49.839,-28.604,-7.7739
-16.078,-3.0488,15.801,6.7193,-17.47,4.8225,-44.0,-106.25,-75.682,-53.44,-31.544,-11.238
-13.506,-3.2453,12.719,5.4018,-14.753,3.2145,-44.6,-106.02,-78.139,-56.952,-34.515,-14.881
-10.174,-4.6798,7.5446,4.5497,-10.435,0.067849,-45.115,-105.81,-80.494,-60.448,-37.533,-18.625
-6.6865,-7.7559,0.23783,4.5426,-4.8474,-4.8665,-45.3,-105.65,-82.807,-63.957,-40.59,-22.362
-3.6414,-12.464,-8.6924,5.5844,1.3901,-11.357,-44.963,-105.56,-85.117,-67.439,-43.645,-25.945
-1.5048,-18.355,-18.281,7.6379,7.4889,-18.735,-44.066,-105.5,-87.395,-70.765,-46.599,-29.179
-0.5079,-24.673,-27.387,10.404,12.689,-26.113,-42.754,-105.4,-89.526,-73.753,-49.288,-31.858
-0.61428,-30.615,-35.018,13.408,16.432,-32.679,-41.285,-105.13,-91.338,-76.19,-51.524,-33.847
-1.5872,-35.59,-40.515,16.181,18.469,-37.89,-39.918,-104.54,-92.679,-77.92,-53.164,-35.191
-3.1111,-39.29,-43.505,18.42,18.856,-41.426,-38.835,-103.58,-93.467,-78.888,-54.185,-36.106
-4.8861,-41.587,-43.805,20.028,17.807,-43.048,-38.128,-102.27,-93.714,-79.156,-54.703,-36.859
-6.6686,-42.433,-41.503,21.045,15.575,-42.642,-37.813,-100.72,-93.513,-78.866,-54.887,-37.615
-8.2704,-41.952,-37.188,21.565,12.561,-40.492,-37.839,-99.059,-92.998,-78.212,-54.89,-38.379
-9.5436,-40.612,-32.106,21.722,9.4505,-37.434,-38.059,-97.397,-92.308,-77.382,-54.797,-39.026
-10.378,-39.199,-27.876,21.726,7.0509,-34.645,-38.232,-95.755,-91.526,-76.472,-54.615,-39.383
-10.722,-38.544,-25.859,21.862,5.9994,-33.213,-38.104,-94.12,-90.668,-75.485,-54.287,-39.289
-10.611,-39.211,-26.681,22.386,6.5555,-33.764,-37.542,-92.491,-89.743,-74.386,-53.777,-38.682
-10.179,-41.309,-30.135,23.411,8.533,-36.301,-36.605,-90.93,-88.807,-73.196,-53.15,-37.65
-9.6383,-44.472,-35.315,24.853,11.366,-40.242,-35.512,-89.54,-87.99,-72.024,-52.571,-36.43
-9.2276,-47.993,-40.912,26.466,14.281,-44.621,-34.53,-88.42,-87.465,-71.062,-52.267,-35.318
-9.1439,-51.047,-45.575,27.928,16.511,-48.366,-33.871,-87.608,-87.337,-70.472,-52.421,-34.59
-9.4831,-52.945,-48.262,28.969,17.502,-50.613,-33.611,-87.044,-87.592,-70.319,-53.128,-34.404
-10.202,-53.363,-48.487,29.466,17.05,-50.949,-33.695,-86.569,-88.095,-70.56,-54.353,-34.764
-11.121,-52.404,-46.422,29.452,15.337,-49.5,-33.982,-85.957,-88.63,-71.075,-55.965,-35.527
-11.971,-50.504,-42.791,29.04,12.863,-46.827,-34.304,-84.961,-88.934,-71.713,-57.799,-36.469
-12.501,-48.214,-38.601,28.353,10.286,-43.674,-34.488,-83.37,-88.753,-72.318,-59.733,-37.396
-12.603,-46.034,-34.786,27.512,8.2017,-40.717,-34.389,-81.037,-87.839,-72.729,-61.717,-38.243
-12.387,-44.338,-31.896,26.682,6.9247,-38.395,-33.915,-77.895,-85.946,-72.744,-63.722,-39.055
-12.149,-43.349,-30.004,26.099,6.3685,-36.878,-33.044,-73.961,-82.792,-72.102,-65.669,-39.907
-12.269,-43.134,-28.843,26.024,6.1034,-36.129,-31.814,-69.352,-78.056,-70.394,-67.387,-40.832
-13.057,-43.627,-28.086,26.655,5.6077,-36.015,-30.273,-64.309,-71.593,-67.0,-68.608,-41.814
-14.618,-44.702,-27.591,28.021,4.5856,-36.415,-28.424,-59.091,-64.425,-61.398,-68.971,-42.802
-16.764,-46.24,-27.506,29.932,3.1542,-37.32,-26.186,-53.51,-61.05,-55.744,-68.144,-43.648
-19.042,-48.124,-28.218,31.964,1.8155,-38.84,-23.435,-46.386,-69.87,-65.534,-66.769,-44.134
-20.815,-50.143,-30.158,33.539,1.2627,-41.085,-20.084,-36.091,-88.409,-100.35,-71.841,-45.241
-21.436,-52.168,-33.433,34.397,2.0899,-43.984,-16.222,-22.095,-92.347,-108.2,-96.268,-56.069
-20.497,-56.935,-37.578,37.33,4.4954,-48.313,-12.28,-6.1155,-74.955,-102.4,-109.51,-71.298
-18.198,-80.511,-44.05,53.265,8.0815,-63.867,-8.9871,8.0756,-44.453,-88.195,-114.55,-78.877
-15.42,-111.52,-66.886,67.158,11.896,-97.356,-6.0111,22.548,-4.6524,-62.813,-113.32,-82.116
-11.938,-113.25,-96.671,62.501,15.395,-107.64,3.9536,70.939,43.209,-24.198,-101.46,-76.821
-5.398,-100.27,-102.95,48.331,27.217,-101.89,44.156,135.65,99.693,30.34,-74.934,-59.422
5.5893,-74.324,-95.675,26.614,54.558,-85.486,72.382,166.77,168.01,105.4,-30.624,-29.065
19.974,-34.06,-76.161,-2.6918,54.785,-56.873,78.891,184.09,247.79,205.26,34.463,16.702
38.029,19.027,-45.048,-39.898,49.404,-14.897,77.268,186.43,331.67,331.3,123.23,80.611
66.792,84.249,-1.9493,-85.13,39.697,39.797,65.938,168.18,413.62,482.85,234.78,162.16
100.56,163.57,55.08,-138.21,24.258,108.06,41.496,121.49,488.74,657.03,366.54,258.0
127.46,259.48,129.24,-198.4,0.17898,193.16,0.2494,38.092,551.61,846.34,513.95,364.92
145.93,373.01,224.32,-264.11,-37.556,297.7,-60.125,-88.725,594.72,1036.3,667.76,477.69
152.31,503.14,344.08,-331.95,-94.657,423.27,-139.02,-261.57,607.71,1202.9,812.61,586.28
141.91,644.45,489.22,-395.86,-174.28,568.33,-232.69,-476.28,578.07,1312.6,926.97,675.8
110.93,784.04,653.88,-447.5,-274.9,723.27,-335.28,-720.56,493.42,1329.2,985.52,729.21
58.716,903.71,835.81,-478.53,-388.92,870.54,-439.96,-975.27,343.2,1223.8,965.85,731.96
-10.396,985.17,994.44,-482.87,-502.7,989.29,-540.56,-1217.8,122.4,987.23,857.69,676.96
-87.619,1013.7,1108.3,-457.81,-599.32,1059.8,-633.17,-1426.4,-162.98,636.14,668.75,567.67
-162.1,981.69,1159.0,-404.83,-663.15,1068.2,-715.71,-1583.5,-493.05,212.6,423.89,417.67
-223.74,891.38,1136.2,-329.96,-683.9,1010.6,-785.35,-1678.0,-834.56,-224.76,158.49,247.36
-265.52,755.35,1043.9,-242.59,-659.66,895.27,-837.38,-1705.1,-1145.5,-614.6,-90.655,79.142
-284.86,592.63,898.71,-153.03,-596.98,740.3,-865.26,-1665.6,-1383.9,-907.77,-293.33,-67.071
-283.57,423.84,722.68,-70.402,-507.89,567.66,-862.43,-1565.0,-1518.9,-1078.2,-430.79,-177.47
-266.23,266.42,538.4,-1.1706,-406.32,397.72,-825.54,-1413.7,-1539.1,-1126.7,-498.53,-246.85
-237.89,132.51,366.34,51.293,-305.54,246.47,-756.83,-1226.9,-1455.7,-1076.6,-507.22,-278.98
-203.5,30.013,222.38,86.079,-216.23,125.59,-664.18,-1023.8,-1296.9,-962.4,-475.63,-283.36
-167.83,-37.349,118.17,103.89,-145.79,41.749,-559.15,-824.28,-1098.5,-818.15,-420.88,-269.89
-135.24,-72.202,55.918,106.96,-97.481,-6.7273,-454.01,-645.78,-893.96,-671.02,-356.51,-244.58
-110.51,-82.497,24.47,99.441,-67.925,-28.485,-358.9,-497.93,-708.2,-538.89,-293.43,-212.61
-94.435,-78.028,11.883,84.039,-49.97,-33.47,-279.74,-381.22,-555.07,-430.43,-238.73,-180.78
-82.755,-67.879,9.6066,55.602,-39.249,-30.281,-217.71,-291.07,-437.89,-347.5,-194.98,-151.99
-72.343,-56.568,10.066,42.937,-32.342,-26.026,-170.44,-222.07,-352.45,-287.83,-160.67,-128.24
-62.156,-36.961,7.4588,40.384,-25.952,-23.878,-134.08,-169.49,-290.5,-245.99,-137.77,-110.76
-51.568,-40.322,-0.2939,38.692,-18.313,-18.949,-105.15,-129.38,-243.08,-214.21,-121.64,-99.216
-39.786,-45.473,-8.0993,36.82,-8.8527,-29.224,-81.469,-97.941,-204.3,-186.95,-107.7,-90.946
-28.244,-47.744,-20.692,34.469,-2.9359,-36.895,-62.272,-71.63,-171.24,-162.65,-94.652,-84.026
-19.642,-47.851,-29.71,31.581,1.8797,-40.289,-47.619,-48.085,-142.63,-141.02,-82.59,-76.994
-14.017,-46.233,-33.481,28.364,5.6788,-40.651,-37.166,-32.421,-118.11,-121.84,-71.271,-69.168
-10.498,-43.314,-33.274,25.136,7.6535,-38.817,-33.566,-30.692,-98.229,-105.43,-60.633,-61.899
-8.4452,-39.737,-30.705,22.21,8.0088,-35.708,-33.156,-23.521,-87.848,-93.996,-51.44,-56.671
-7.3705,-36.409,-27.567,19.898,7.5465,-32.512,-29.562,-11.038,-81.903,-86.41,-43.917,-53.203
-6.8769,-34.35,-25.598,18.523,7.2384,-30.508,-25.516,3.3489,-71.864,-79.257,-37.809,-50.714
-6.6962,-34.372,-26.042,18.327,7.8632,-30.693,-21.745,18.26,-59.529,-71.608,-32.772,-48.669
-6.7273,-36.753,-29.257,19.356,9.7243,-33.402,-18.137,32.874,-47.546,-63.718,-28.521,-46.78
-7.0135,-41.097,-34.674,21.398,12.543,-38.193,-14.605,46.559,-37.152,-56.057,-24.895,-44.945
-7.6509,-46.46,-41.076,24.02,15.59,-44.031,-11.215,58.886,-28.672,-49.045,-21.828,-43.198
-8.6812,-51.656,-46.994,26.678,18.013,-49.626,-8.1107,69.692,-21.966,-42.932,-19.299,-41.64
-10.011,-55.64,-51.138,28.89,19.216,-53.807,-5.3994,79.086,-16.686,-37.744,-17.279,-40.36
-11.353,-57.813,-52.791,30.35,19.099,-55.853,-3.0842,87.355,-12.423,-33.318,-15.704,-39.391
-12.245,-58.043,-52.0,30.91,18.076,-55.642,-1.0656,94.827,-8.8124,-29.414,-14.475,-38.724
-12.149,-56.49,-49.471,30.407,16.892,-53.563,0.82907,101.78,-5.5699,-25.802,-13.47,-38.306
-10.656,-53.5,-46.247,28.689,16.321,-50.322,2.7989,108.39,-2.4984,-22.31,-12.557,-38.059
-7.7284,-49.635,-43.309,25.819,16.858,-46.725,5.0044,114.74,0.51809,-18.862,-11.626,-37.907
-3.8095,-45.652,-41.318,22.242,18.521,-43.526,7.4963,120.79,3.5084,-15.5,-10.653,-37.805
0.26198,-42.334,-40.577,18.735,20.848,-41.305,10.149,126.36,6.4036,-12.377,-9.7364,-37.771
3.4812,-40.285,-41.062,16.142,23.099,-40.376,12.651,131.22,9.0506,-9.6916,-9.0656,-37.876
5.0314,-39.753,-42.44,15.024,24.556,-40.729,14.633,135.15,11.27,-7.5956,-8.8488,-38.219
4.6276,-40.56,-44.143,15.425,24.806,-42.033,15.872,138.06,12.94,-6.137,-9.2165,-38.842
2.6371,-42.142,-45.55,16.872,23.9,-43.705,16.424,140.04,14.078,-5.2194,-10.148,-39.66
-0.094548,-43.743,-46.239,18.6,22.288,-45.103,16.614,141.36,14.866,-4.6177,-11.452,-40.465
-2.6046,-44.683,-46.146,19.832,20.585,-45.8,16.88,142.43,15.582,-4.0401,-12.851,-41.029
-4.1723,-44.487,-45.422,19.992,19.273,-45.626,17.56,143.66,16.501,-3.2294,-14.084,-41.226
-4.5256,-42.85,-44.054,18.818,18.445,-44.43,18.766,145.29,17.81,-2.0445,-15.0,-41.113
-3.8551,-39.67,-41.746,16.439,17.75,-42.008,20.407,147.47,19.604,-0.46836,-15.555,-40.86
-2.6807,-35.251,-38.261,13.368,16.684,-38.362,22.343,150.24,21.94,1.463,-15.762,-40.619
-1.6421,-30.403,-33.786,10.377,14.96,-33.946,24.5,153.65,24.894,3.735,-15.615,-40.411
-1.2239,-26.209,-28.986,8.205,12.691,-29.604,26.948,157.7,28.596,6.3685,-15.079,-40.104
-1.4895,-23.542,-24.797,7.2691,10.369,-26.235,29.872,162.39,33.21,9.3964,-14.11,-39.469
-2.0264,-22.668,-22.105,7.4824,8.7074,-24.411,33.466,167.65,38.896,12.847,-12.685,-38.271
-2.1427,-23.181,-21.468,8.2503,8.3895,-24.203,37.804,173.39,45.784,16.745,-10.801,-36.351
-1.213,-24.307,-22.966,8.7523,9.7874,-25.295,42.755,179.52,53.933,21.116,-8.479,-33.678
0.95175,-25.37,-26.205,8.4473,12.776,-27.211,48.008,185.96,63.277,25.953,-5.773,-30.366
3.9462,-26.097,-30.443,7.4121,16.722,-29.496,53.162,192.6,73.552,31.181,-2.7891,-26.644
6.8959,-26.661,-34.812,6.2423,20.659,-31.819,57.855,199.31,84.312,36.642,0.32014,-22.79
8.7865,-27.519,-38.584,5.6994,23.622,-34.036,61.877,205.98,95.089,42.145,3.4093,-19.023
8.9004,-29.17,-41.4,6.3775,25.013,-36.212,65.24,212.64,105.61,47.562,6.4169,-15.426
7.1191,-31.928,-43.348,8.4868,24.815,-38.555,68.16,219.43,115.86,52.889,9.4063,-11.94
3.9429,-35.747,-44.809,11.765,23.516,-41.241,70.945,226.51,126.01,58.23,12.535,-8.4238
0.26843,-40.15,-46.15,15.537,21.837,-44.206,73.846,233.98,136.17,63.702,15.966,-4.7667
-2.9357,-44.314,-47.454,18.925,20.426,-47.056,76.91,241.73,146.22,69.333,19.78,-0.97997
-4.9198,-47.296,-48.48,21.138,19.66,-49.176,79.952,249.46,155.79,74.983,23.908,2.7894
-5.3359,-48.331,-48.838,21.723,19.587,-49.951,82.663,256.78,164.39,80.346,28.147,6.3443
-4.287,-47.09,-48.192,20.682,19.971,-49.006,84.788,263.35,171.63,85.081,32.232,9.5465
-2.2486,-43.838,-46.386,18.425,20.41,-46.367,86.217,269.01,177.41,88.972,35.969,12.375
0.12065,-39.339,-43.529,15.568,20.522,-42.487,86.972,273.8,181.84,92.005,39.314,14.923
2.2126,-34.532,-39.989,12.69,20.094,-38.083,87.17,277.88,185.16,94.302,42.352,17.345
3.6375,-30.162,-36.281,10.217,19.129,-33.866,86.968,281.39,187.58,95.998,45.191,19.783
4.2606,-26.606,-32.878,8.3634,17.782,-30.32,86.531,284.41,189.23,97.158,47.87,22.303
4.1458,-23.879,-30.076,7.0861,16.253,-27.616,86.004,286.93,190.13,97.762,50.335,24.879
3.48,-21.744,-27.948,6.1464,14.703,-25.649,85.49,288.88,190.22,97.742,52.48,27.412
2.5075,-19.869,-26.381,5.2996,13.237,-24.147,85.038,290.19,189.42,97.02,54.2,29.793
1.4796,-18.02,-25.15,4.445,11.926,-22.82,84.642,290.82,187.62,95.543,55.441,31.949
0.64795,-16.124,-23.999,3.583,10.838,-21.451,84.245,290.77,184.7,93.305,56.208,33.871
0.30907,-14.125,-22.732,2.6233,10.068,-19.877,83.763,290.12,180.59,90.372,56.579,35.61
0.77601,-11.848,-21.29,1.3283,9.735,-17.979,83.127,289.02,175.26,86.897,56.694,37.27
2.2176,-9.0964,-19.774,-0.53016,9.9388,-15.721,82.321,287.64,168.78,83.111,56.73,38.973
4.5128,-5.8336,-18.374,-2.9954,10.678,-13.201,81.4,286.16,161.3,79.258,56.846,40.81
7.2455,-2.2604,-17.233,-5.8409,11.781,-10.623,80.443,284.59,153.01,75.502,57.117,42.778
9.808,1.2192,-16.37,-8.5868,12.916,-8.2119,79.481,282.7,144.04,71.868,57.496,44.76
11.568,4.1025,-15.691,-10.648,13.715,-6.1586,78.457,280.01,134.38,68.246,57.839,46.564
12.093,5.9777,-15.071,-11.602,13.928,-4.5902,77.246,275.85,123.97,64.481,57.976,48.016
11.365,6.7713,-14.43,-11.432,13.544,-3.5265,75.727,269.52,112.84,60.486,57.81,49.056
9.8462,6.8764,-13.743,-10.587,12.791,-2.8142,73.854,260.52,101.21,56.309,57.369,49.778
8.3283,7.0376,-12.974,-9.8109,12.029,-2.0914,71.677,248.97,89.483,52.118,56.79,50.377
7.6353,8.0972,-11.985,-9.8797,11.582,-0.84232,69.332,235.74,78.131,48.12,56.254,51.065
8.3155,10.701,-10.532,-11.338,11.597,1.4258,66.971,221.88,67.513,44.47,55.896,51.972
10.444,15.025,-8.3926,-14.288,11.984,4.9358,64.684,207.93,57.833,41.244,55.766,53.113
13.612,20.675,-5.5232,-18.357,12.47,9.4931,62.446,193.73,49.193,38.466,55.831,54.399
17.09,26.845,-2.1214,-22.848,12.726,14.538,60.134,178.88,41.644,36.135,56.02,55.7
20.104,32.609,1.441,-26.983,12.52,19.36,57.602,163.08,35.183,34.236,56.261,56.909
22.105,37.219,4.7723,-30.149,11.812,23.365,54.733,146.26,29.72,32.735,56.501,57.984
22.943,40.331,7.6231,-32.078,10.773,26.303,51.446,128.37,25.08,31.563,56.691,58.93
22.865,42.073,9.9561,-32.893,9.725,28.319,47.666,109.34,21.071,30.629,56.774,59.777
22.378,42.901,11.873,-33.005,9.046,29.759,43.337,89.145,17.545,29.858,56.709,60.56
22.046,43.287,13.423,-32.897,9.049,30.839,38.482,68.1,14.432,29.222,56.479,61.308
22.251,43.47,14.427,-32.909,9.8373,31.472,33.25,46.906,11.706,28.727,56.096,62.022
23.023,43.485,14.649,-33.134,11.181,31.493,27.864,26.395,9.3362,28.377,55.561,62.648
24.003,43.354,14.239,-33.462,12.555,31.034,22.486,7.216,7.2536,28.129,54.832,63.063
24.618,43.208,13.836,-33.691,13.328,30.582,17.173,-10.142,5.3655,27.905,53.833,63.109
24.337,43.286,14.318,-33.658,12.91,30.748,11.96,-25.219,3.6049,27.646,52.5,62.659
22.893,43.876,16.501,-33.346,10.864,32.049,6.9306,-37.748,1.9697,27.353,50.837,61.687
20.393,45.24,20.824,-32.926,7.0952,34.775,2.1962,-47.797,0.52066,27.079,48.9,60.276
17.269,47.533,27.171,-32.684,1.9313,38.909,-2.1777,-55.622,-0.66445,26.879,46.741,58.554
14.129,50.687,34.857,-32.864,-3.9309,44.076,-6.1908,-61.532,-1.5475,26.757,44.346,56.619
11.568,54.345,42.707,-33.533,-9.5638,49.558,-9.8752,-65.91,-2.1627,26.648,41.632,54.503
10.005,57.863,49.287,-34.523,-14.008,54.394,-13.242,-69.202,-2.6075,26.446,38.503,52.188
9.57,60.481,53.31,-35.478,-16.525,57.639,-16.245,-71.843,-3.0023,26.055,34.925,49.661
10.029,61.569,54.125,-35.977,-16.877,58.69,-18.785,-74.166,-3.4392,25.433,30.966,46.953
10.832,60.856,52.009,-35.677,-15.485,57.512,-20.762,-76.347,-3.9431,24.614,26.783,44.138
11.262,58.51,48.054,-34.391,-13.321,54.646,-22.144,-78.413,-4.4633,23.689,22.563,41.296
10.653,55.048,43.773,-32.11,-11.551,51.02,-22.99,-80.294,-4.9007,22.769,18.476,38.492
8.5911,51.15,40.606,-28.991,-11.149,47.635,-23.425,-81.88,-5.1489,21.947,14.645,35.774
5.063,47.415,39.458,-25.304,-12.602,45.23,-23.585,-83.069,-5.1249,21.287,11.164,33.184
0.45915,44.169,40.464,-21.365,-15.786,44.062,-23.57,-83.786,-4.7835,20.834,8.1224,30.772
-4.5987,41.393,43.064,-17.446,-20.064,43.871,-23.423,-84.013,-4.1293,20.616,5.5905,28.598
-9.4944,38.811,46.294,-13.718,-24.547,44.055,-23.147,-83.812,-3.2311,20.616,3.5852,26.694
-13.776,36.104,49.12,-10.264,-28.397,43.958,-22.724,-83.319,-2.2184,20.758,2.0345,25.038
-17.202,33.136,50.752,-7.1407,-31.083,43.162,-22.134,-82.696,-1.2454,20.919,0.78996,23.544
-19.711,30.049,50.946,-4.4186,-32.52,41.655,-21.365,-82.089,-0.44265,20.965,-0.31849,22.095
-21.376,27.198,50.105,-2.182,-33.014,39.822,-20.437,-81.598,0.11285,20.797,-1.4277,20.576
-22.314,24.987,48.944,-0.51365,-32.979,38.202,-19.426,-81.285,0.39614,20.364,-2.6167,18.9
-22.585,23.7,47.951,0.49213,-32.641,37.17,-18.47,-81.192,0.41305,19.66,-3.9085,17.018
-22.118,23.423,47.158,0.72285,-31.949,36.788,-17.732,-81.354,0.18288,18.716,-5.276,14.931
-20.759,24.052,46.309,0.086428,-30.669,36.861,-17.337,-81.783,-0.25948,17.609,-6.642,12.696
-18.373,25.336,45.114,-1.429,-28.536,37.081,-17.296,-82.445,-0.84731,16.456,-7.881,10.438
-14.968,26.945,43.385,-3.7108,-25.432,37.148,-17.483,-83.248,-1.4775,15.398,-8.8449,8.3176
-10.774,28.565,41.07,-6.519,-21.536,36.86,-17.682,-84.079,-2.0386,14.555,-9.4187,6.4862
-6.2504,29.974,38.267,-9.5289,-17.327,36.154,-17.673,-84.853,-2.4607,13.971,-9.5815,5.0128
-2.0071,31.079,35.235,-12.392,-13.393,35.116,-17.318,-85.544,-2.7514,13.596,-9.4248,3.853
1.3866,31.867,32.337,-14.8,-10.2,33.934,-16.613,-86.169,-2.9899,13.308,-9.1098,2.8801
3.6172,32.319,29.868,-16.547,-7.9472,32.761,-15.685,-86.744,-3.2841,12.984,-8.793,1.9598
4.7562,32.333,27.748,-17.569,-6.4626,31.532,-14.733,-87.247,-3.7202,12.551,-8.5668,1.0185
5.226,31.713,25.387,-17.936,-5.2159,29.895,-13.938,-87.611,-4.3332,12.009,-8.4465,0.067871
5.6089,30.268,21.979,-17.804,-3.5262,27.399,-13.402,-87.749,-5.1042,11.409,-8.3984,-0.817
6.3956,27.954,17.023,-17.356,-0.86105,23.806,-13.115,-87.583,-5.9776,10.821,-8.3792,-1.5409
7.8045,25.013,10.72,-16.78,2.8983,19.348,-12.973,-87.068,-6.8817,10.31,-8.3582,-2.0293
9.7321,21.978,4.045,-16.264,7.3217,14.745,-12.834,-86.188,-7.7465,9.9262,-8.3161,-2.2526
11.812,19.534,-1.5646,-15.969,11.541,10.994,-12.592,-84.957,-8.52,9.7012,-8.2369,-2.2347
13.55,18.277,-4.7923,-15.987,14.587,8.9784,-12.229,-83.417,-9.1774,9.6413,-8.1061,-2.045
14.506,18.5,-4.9277,-16.327,15.725,9.1385,-11.833,-81.63,-9.7129,9.7302,-7.9084,-1.7684
14.448,20.139,-2.0092,-16.92,14.651,11.379,-11.583,-79.665,-10.12,9.9426,-7.6205,-1.4687
13.394,22.875,3.3343,-17.66,11.521,15.224,-11.678,-77.583,-10.385,10.254,-7.2113,-1.1673
11.535,26.295,10.179,-18.429,6.8604,20.064,-12.221,-75.427,-10.486,10.646,-6.65,-0.84446
9.1145,29.997,17.633,-19.12,1.33,25.339,-13.146,-73.207,-10.405,11.112,-5.911,-0.4502
6.3531,33.672,25.071,-19.662,-4.5058,30.645,-14.23,-70.906,-10.132,11.661,-4.9796,0.077521
3.4664,37.175,32.197,-20.064,-10.249,35.789,-15.207,-68.5,-9.6867,12.299,-3.8671,0.78186
0.70819,40.558,38.985,-20.451,-15.612,40.769,-15.891,-65.984,-9.134,13.001,-2.6259,1.6582
-1.6245,43.96,45.451,-21.014,-20.337,45.617,-16.25,-63.394,-8.5738,13.713,-1.3377,2.6556
-3.2531,47.383,51.301,-21.897,-24.113,50.153,-16.384,-60.796,-8.0923,14.376,-0.073445,3.7118
-4.0082,50.53,55.794,-23.067,-26.587,53.85,-16.441,-58.266,-7.7171,14.963,1.1473,4.7949
-3.8877,52.889,58.091,-24.297,-27.504,56.047,-16.544,-55.882,-7.4092,15.492,2.3647,5.9199
-3.0536,54.031,57.815,-25.292,-26.845,56.349,-16.75,-53.723,-7.0955,16.011,3.6507,7.1311
-1.7575,53.866,55.27,-25.869,-24.865,54.883,-17.061,-51.872,-6.7156,16.57,5.0688,8.4704
-0.21756,52.747,51.277,-26.091,-22.016,52.255,-17.449,-50.398,-6.2507,17.202,6.6515,9.9581
1.4812,51.373,46.873,-26.271,-18.825,49.339,-17.88,-49.334,-5.723,17.928,8.4005,11.596
3.3962,50.552,43.048,-26.859,-15.763,47.019,-18.342,-48.669,-5.1839,18.743,10.292,13.373
5.6392,50.913,40.523,-28.235,-13.169,45.946,-18.869,-48.37,-4.7066,19.603,12.267,15.25
8.2486,52.707,39.631,-30.542,-11.224,46.383,-19.553,-48.42,-4.3798,20.407,14.212,17.143
11.1,55.755,40.3,-33.62,-9.98,48.189,-20.526,-48.828,-4.2925,21.012,15.972,18.92
13.911,59.564,42.159,-37.085,-9.4084,50.936,-21.913,-49.623,-4.5164,21.276,17.373,20.431
16.334,63.542,44.724,-40.475,-9.4602,54.1,-23.779,-50.828,-5.0971,21.095,18.27,21.545
18.109,67.223,47.562,-43.418,-10.087,57.257,-26.094,-52.434,-6.0529,20.428,18.59,22.199
19.157,70.391,50.386,-45.749,-11.222,60.166,-28.747,-54.392,-7.3755,19.305,18.355,22.42
19.583,73.051,53.055,-47.504,-12.752,62.752,-31.592,-56.621,-9.0389,17.8,17.664,22.309
19.567,75.307,55.51,-48.825,-14.533,65.024,-34.497,-59.047,-11.023,15.984,16.632,21.981
19.257,77.238,57.706,-49.835,-16.43,66.988,-37.395,-61.638,-13.334,13.879,15.33,21.496
18.699,78.794,59.593,-50.543,-18.337,68.59,-40.266,-64.398,-15.994,11.472,13.774,20.854
17.831,79.765,61.122,-50.815,-20.17,69.71,-43.096,-67.32,-18.996,8.7539,11.975,20.039
16.546,79.861,62.282,-50.434,-21.859,70.221,-45.83,-70.345,-22.274,5.7591,9.9848,19.067
14.804,78.891,63.136,-49.25,-23.334,70.078,-48.359,-73.353,-25.698,2.5749,7.8993,17.998
12.739,76.984,63.796,-47.358,-24.508,69.414,-50.552,-76.191,-29.129,-0.69512,5.8267,16.915
10.7,74.622,64.348,-45.142,-25.248,68.522,-52.298,-78.719,-32.483,-3.9775,3.8458,15.883
9.1634,72.374,64.708,-43.091,-25.347,67.665,-53.531,-80.843,-35.755,-7.2592,1.9874,14.927
8.5308,70.528,64.495,-41.549,-24.55,66.825,-54.235,-82.533,-39.005,-10.587,0.24336,14.045
8.9486,68.903,63.063,-40.543,-22.639,65.609,-54.434,-83.814,-42.317,-14.049,-1.4166,13.211
10.233,66.889,59.708,-39.732,-19.537,63.361,-54.185,-84.756,-45.769,-17.747,-3.0365,12.384
11.938,63.688,53.929,-38.542,-15.33,59.404,-53.572,-85.444,-49.406,-21.767,-4.6646,11.514
13.555,58.673,45.599,-36.458,-10.197,53.307,-52.682,-85.953,-53.206,-26.129,-6.3338,10.556
14.73,51.696,35.004,-33.288,-4.3664,45.067,-51.588,-86.323,-57.06,-30.742,-8.0404,9.4806
15.388,43.151,22.817,-29.23,1.87,35.163,-50.347,-86.544,-60.776,-35.395,-9.7393,8.2854
15.687,33.818,10.0,-24.744,8.1381,24.451,-49.0,-86.58,-64.134,-39.821,-11.361,6.9887
15.861,24.594,-2.3789,-20.36,13.986,13.897,-47.586,-86.395,-66.959,-43.792,-12.843,5.6192
16.012,16.187,-13.342,-16.463,18.921,4.2949,-46.156,-85.994,-69.192,-47.209,-14.168,4.184
15.994,8.9197,-22.103,-13.154,22.455,-3.8782,-44.782,-85.44,-70.918,-50.139,-15.386,2.6373
15.43,2.6988,-28.096,-10.229,24.151,-10.45,-43.55,-84.847,-72.332,-52.767,-16.596,0.88647
13.913,-2.8621,-31.005,-7.2831,23.727,-15.446,-42.536,-84.324,-73.66,-55.295,-17.887,-1.1546
11.247,-8.1726,-30.943,-3.8892,21.255,-18.969,-41.776,-83.939,-75.062,-57.843,-19.284,-3.5056
7.5837,-13.363,-28.623,0.18758,17.28,-21.173,-41.244,-83.692,-76.597,-60.425,-20.733,-6.1041
3.3694,-18.237,-25.257,4.8257,12.687,-22.366,-40.876,-83.55,-78.235,-62.997,-22.155,-8.8471
-0.88478,-22.597,-22.196,9.5938,8.4027,-23.121,-40.618,-83.491,-79.927,-65.542,-23.522,-11.66
-4.8404,-26.57,-20.509,14.088,5.0886,-24.185,-40.458,-83.546,-81.665,-68.104,-24.883,-14.532
-8.451,-30.574,-20.675,18.269,2.941,-26.185,-40.423,-83.78,-83.473,-70.766,-26.329,-17.49
-11.95,-35.049,-22.473,22.441,1.6845,-29.354,-40.536,-84.245,-85.368,-73.533,-27.915,-20.525
-15.723,-40.234,-25.145,26.988,0.75833,-33.482,-40.779,-84.923,-87.297,-76.29,-29.593,-23.526
-20.097,-46.063,-27.81,32.119,-0.4274,-38.054,-41.081,-85.705,-89.129,-78.828,-31.204,-26.301
-25.137,-52.13,-29.826,37.7,-2.3088,-42.454,-41.343,-86.419,-90.696,-80.938,-32.551,-28.666
-30.578,-57.712,-30.693,43.221,-5.1108,-46.024,-41.496,-86.909,-91.873,-82.493,-33.481,-30.543
-35.921,-61.872,-29.84,47.915,-8.8285,-48.035,-41.544,-87.099,-92.652,-83.531,-33.974,-31.982
-40.582,-63.755,-26.837,51.025,-13.199,-47.871,-41.564,-87.02,-93.12,-84.233,-34.145,-33.11
-44.009,-62.99,-21.812,52.1,-17.725,-45.394,-41.63,-86.774,-93.425,-84.837,-34.189,-34.077
-45.818,-59.904,-15.562,51.181,-21.776,-41.11,-41.736,-86.481,-93.729,-85.554,-34.279,-34.996
-45.921,-55.423,-9.3292,48.761,-24.734,-36.027,-41.766,-86.231,-94.134,-86.486,-34.514,-35.895
-44.56,-50.727,-4.379,45.576,-26.165,-31.291,-41.543,-86.075,-94.651,-87.586,-34.866,-36.7
-42.173,-46.793,-1.5726,42.364,-25.965,-27.785,-40.928,-86.004,-95.207,-88.692,-35.223,-37.277
-39.2,-44.063,-1.0875,39.617,-24.387,-25.862,-39.875,-85.969,-95.701,-89.626,-35.428,-37.522
-35.956,-42.384,-2.351,37.431,-21.938,-25.269,-38.458,-85.907,-96.021,-90.258,-35.37,-37.427
-32.576,-41.08,-4.2243,35.486,-19.194,-25.2,-36.843,-85.765,-96.094,-90.55,-35.035,-37.088
-29.025,-39.177,-5.4445,33.177,-16.639,-24.611,-35.229,-85.509,-95.903,-90.56,-34.53,-36.669
-25.211,-35.931,-5.1873,29.976,-14.542,-22.739,-33.778,-85.111,-95.467,-90.4,-34.034,-36.319
-21.163,-31.341,-3.5183,25.876,-12.889,-19.56,-32.531,-84.502,-94.795,-90.172,-33.72,-36.12
-17.153,-26.319,-1.4872,21.505,-11.4,-15.958,-31.37,-83.552,-93.805,-89.897,-33.667,-36.055
-13.576,-22.378,-0.73485,17.833,-9.6421,-13.45,-30.049,-82.063,-92.303,-89.47,-33.818,-36.0
-10.816,-20.943,-2.6911,15.739,-7.2636,-13.45,-28.31,-79.832,-89.974,-88.664,-33.999,-35.775
-9.1894,-22.673,-7.7478,15.714,-4.1987,-16.465,-25.988,-76.732,-86.43,-87.183,-33.989,-35.231
-8.9027,-27.235,-14.936,17.765,-0.7657,-21.861,-23.039,-72.78,-81.303,-84.685,-33.594,-34.32
-10.006,-33.574,-22.498,21.476,2.4157,-28.374,-19.492,-68.113,-74.422,-80.758,-32.665,-33.095
-12.345,-40.385,-28.947,26.12,4.6953,-34.782,-15.406,-62.869,-66.201,-74.964,-31.026,-31.604
-15.548,-46.501,-33.582,30.794,5.7278,-40.211,-10.861,-57.031,-58.407,-67.617,-28.429,-29.757
-19.068,-51.136,-36.434,34.615,5.666,-44.215,-5.9183,-50.346,-55.06,-64.361,-24.619,-27.213
-22.327,-54.041,-38.091,37.143,5.087,-46.809,-0.62845,-42.478,-61.59,-85.14,-20.425,-23.58
-25.119,-55.936,-39.402,39.882,4.7275,-48.398,4.8105,-33.449,-75.351,-107.64,-29.786,-21.395
-28.16,-61.143,-40.884,50.19,5.2122,-49.981,9.8295,-24.279,-77.019,-105.98,-72.61,-42.369
-31.927,-83.12,-42.378,69.033,6.8751,-56.559,13.464,-17.242,-59.034,-94.944,-82.245,-59.955
-33.264,-112.54,-46.934,73.881,9.6583,-83.163,15.076,-13.504,-27.817,-73.366,-82.898,-64.737
-28.535,-116.62,-75.69,65.731,13.143,-105.74,17.203,-0.52403,12.59,-39.557,-74.338,-62.821
-16.933,-105.39,-96.725,48.973,18.911,-103.62,34.039,83.198,60.029,8.5162,-52.559,-51.3
1.2129,-82.226,-95.296,24.302,42.965,-90.228,72.063,146.01,116.02,74.332,-13.538,-28.094
24.86,-44.584,-83.024,-8.3887,54.498,-66.703,85.076,165.51,185.73,161.48,42.814,7.4534
52.883,7.7343,-61.651,-48.689,57.319,-31.63,85.433,171.49,268.81,275.21,118.66,56.459
84.734,72.979,-29.221,-95.934,56.347,16.822,78.187,159.8,356.29,417.32,218.31,122.85
117.18,151.51,17.467,-149.61,49.255,80.0,60.622,123.39,440.51,584.41,343.8,209.78
144.94,243.91,81.802,-208.5,32.523,158.83,28.995,54.401,515.93,770.81,492.25,316.23
164.52,349.86,166.67,-270.7,1.8534,253.77,-19.467,-54.215,576.41,965.76,654.39,436.11
171.91,468.02,273.56,-333.34,-46.282,365.4,-85.284,-206.72,614.03,1149.2,813.72,558.09
163.03,594.74,402.06,-391.91,-114.36,493.54,-167.44,-402.36,618.4,1291.5,948.25,666.99
134.58,723.05,548.75,-440.77,-202.52,634.0,-263.64,-634.21,576.51,1357.6,1033.7,746.22
85.261,840.97,710.33,-472.81,-306.43,775.89,-368.15,-888.29,473.99,1313.5,1047.9,780.63
18.113,931.33,873.51,-480.06,-416.67,901.45,-471.86,-1143.1,298.9,1139.2,976.88,759.75
-58.91,976.95,1002.2,-457.62,-518.98,990.59,-567.68,-1373.0,49.084,838.27,820.98,681.13
-135.2,967.52,1080.8,-407.54,-597.68,1027.2,-653.65,-1555.1,-262.43,442.26,597.1,552.29
-200.69,903.06,1096.7,-337.78,-641.19,1004.0,-729.06,-1674.8,-607.06,4.7282,335.78,389.87
-248.33,793.06,1047.6,-258.15,-645.03,924.02,-791.11,-1726.4,-944.64,-411.58,73.611,215.8
-275.26,652.82,942.51,-177.18,-610.96,799.76,-834.09,-1710.2,-1231.1,-750.92,-155.94,52.072
-282.46,499.93,798.57,-101.5,-545.49,649.6,-850.31,-1630.7,-1428.6,-978.18,-330.37,-84.237
-272.99,351.0,636.36,-35.922,-459.24,492.83,-833.34,-1496.0,-1514.9,-1084.6,-441.81,-183.84
-250.4,218.63,474.91,16.603,-364.76,345.55,-781.36,-1318.2,-1489.2,-1084.0,-494.62,-245.36
-219.08,110.3,328.86,54.886,-273.34,218.83,-698.8,-1114.2,-1370.5,-1003.5,-498.72,-272.94
-184.62,28.966,207.99,79.123,-193.82,118.9,-595.98,-903.23,-1191.3,-874.82,-465.79,-273.68
-151.82,-25.681,118.61,90.574,-132.41,47.447,-486.51,-704.12,-987.91,-728.08,-409.26,-256.12
-124.98,-56.771,61.065,91.771,-91.953,2.0591,-383.41,-530.4,-791.59,-587.74,-343.46,-227.06
-106.82,-70.012,28.367,82.646,-69.054,-22.653,-295.58,-388.0,-622.47,-469.67,-280.56,-192.77
-95.319,-72.278,12.16,58.269,-56.728,-33.23,-226.0,-276.31,-488.21,-378.77,-227.35,-160.24
-86.49,-68.675,5.6981,49.971,-49.794,-35.427,-172.93,-189.88,-387.33,-310.54,-185.61,-132.27
-77.692,-56.372,3.643,50.971,-44.073,-33.811,-132.47,-122.09,-314.31,-259.28,-154.2,-109.88
-67.849,-48.608,0.78466,51.384,-36.185,-30.781,-100.69,-68.931,-260.86,-221.94,-133.16,-94.067
-56.359,-55.461,-6.7958,50.364,-24.671,-32.167,-74.747,-28.005,-218.75,-192.35,-117.13,-83.601
-43.649,-61.081,-22.259,48.307,-9.4006,-44.476,-53.014,3.1088,-183.42,-166.15,-102.72,-75.201
-31.923,-64.179,-40.546,45.647,4.9249,-53.382,-35.141,26.803,-152.93,-142.27,-89.203,-67.074
-22.428,-65.524,-52.901,42.748,14.232,-58.377,-21.368,39.857,-126.65,-120.73,-76.732,-58.508
-15.281,-65.478,-59.79,39.886,20.817,-60.693,-12.604,33.029,-104.6,-101.82,-64.624,-50.516
-10.442,-64.214,-62.408,37.257,24.723,-60.829,-10.933,42.839,-90.3,-87.462,-53.853,-44.457
-7.793,-61.97,-61.544,34.983,25.816,-59.169,-9.5617,62.986,-86.055,-77.974,-45.703,-40.104
-7.0376,-59.142,-58.108,33.12,24.488,-56.276,-6.5627,81.862,-80.02,-69.393,-39.823,-36.866
-7.6832,-56.229,-53.246,31.658,21.564,-52.873,-3.0977,97.032,-70.827,-60.567,-35.534,-34.383
-9.0953,-53.683,-48.127,30.527,18.036,-49.659,0.46588,108.79,-61.046,-51.987,-32.33,-32.439
-10.63,-51.73,-43.68,29.597,14.812,-47.093,3.9388,117.86,-52.06,-44.186,-29.908,-30.908
-11.784,-50.254,-40.374,28.666,12.486,-45.249,7.081,124.76,-44.394,-37.515,-28.129,-29.743
-12.271,-48.807,-38.126,27.462,11.162,-43.813,9.6486,129.84,-38.182,-32.137,-26.948,-28.946
-12.028,-46.797,-36.392,25.713,10.496,-42.251,11.505,133.35,-33.342,-28.038,-26.354,-28.534
-11.175,-43.803,-34.482,23.315,9.9592,-40.075,12.672,135.6,-29.658,-25.063,-26.319,-28.519
-9.9447,-39.861,-31.938,20.434,9.1656,-37.113,13.313,136.93,-26.82,-22.938,-26.77,-28.872
-8.5865,-35.511,-28.764,17.458,8.067,-33.643,13.698,137.77,-24.456,-21.308,-27.557,-29.507
-7.2467,-31.585,-25.459,14.815,6.964,-30.308,14.156,138.56,-22.187,-19.785,-28.467,-30.29
-5.8979,-28.819,-22.871,12.807,6.3695,-27.842,14.996,139.62,-19.716,-18.043,-29.274,-31.071
-4.3613,-27.565,-21.882,11.493,6.7944,-26.794,16.421,141.11,-16.903,-15.914,-29.82,-31.736
-2.411,-27.739,-23.114,10.7,8.5864,-27.404,18.474,143.0,-13.775,-13.422,-30.067,-32.236
0.1012,-28.996,-26.785,10.147,11.855,-29.631,21.044,145.14,-10.46,-10.718,-30.078,-32.576
3.1539,-30.955,-32.655,9.615,16.438,-33.222,23.952,147.41,-7.0935,-7.9803,-29.955,-32.782
6.5266,-33.342,-40.055,9.0778,21.9,-37.76,27.027,149.74,-3.7512,-5.3166,-29.769,-32.864
9.8448,-36.035,-48.017,8.7073,27.614,-42.746,30.198,152.14,-0.42549,-2.7339,-29.521,-32.798
12.682,-39.033,-55.504,8.7508,32.898,-47.687,33.498,154.69,2.9539,-0.16539,-29.146,-32.527
14.675,-42.318,-61.584,9.3687,37.115,-52.139,37.005,157.46,6.485,2.4704,-28.563,-32.0
15.619,-45.645,-65.477,10.523,39.726,-55.608,40.756,160.51,10.252,5.2233,-27.723,-31.189
15.519,-48.464,-66.641,11.965,40.397,-57.546,44.704,163.8,14.311,8.0977,-26.625,-30.098
14.591,-50.139,-64.942,13.314,39.148,-57.589,48.71,167.21,18.695,11.065,-25.305,-28.754
13.209,-50.304,-60.843,14.197,36.446,-55.834,52.564,170.69,23.412,14.09,-23.81,-27.193
11.805,-49.092,-55.467,14.413,33.116,-52.896,56.092,174.23,28.458,17.15,-22.178,-25.451
10.746,-47.114,-50.368,14.039,30.087,-49.739,59.195,177.85,33.821,20.244,-20.432,-23.562
10.226,-45.229,-47.016,13.413,28.13,-47.375,61.862,181.64,39.514,23.399,-18.582,-21.557
10.228,-44.215,-46.296,12.969,27.702,-46.537,64.145,185.66,45.601,26.669,-16.625,-19.469
10.55,-44.453,-48.221,13.02,28.823,-47.418,66.126,189.94,52.202,30.127,-14.552,-17.33
10.9,-45.76,-51.954,13.605,30.995,-49.581,67.901,194.44,59.468,33.846,-12.362,-15.175
11.0,-47.428,-56.081,14.455,33.291,-52.103,69.549,199.08,67.511,37.878,-10.072,-13.044
10.658,-48.491,-59.039,15.119,34.681,-53.863,71.098,203.78,76.336,42.242,-7.7218,-10.975
9.7908,-48.111,-59.596,15.193,34.42,-53.907,72.512,208.49,85.816,46.925,-5.3536,-8.9867
8.4086,-45.971,-57.235,14.546,32.277,-51.816,73.729,213.22,95.724,51.897,-2.9932,-7.0682
6.594,-42.45,-52.258,13.378,28.526,-47.888,74.705,218.03,105.77,57.118,-0.64303,-5.1878
4.4999,-38.434,-45.594,12.096,23.792,-42.984,75.468,222.93,115.61,62.507,1.7029,-3.3161
2.3588,-34.852,-38.48,11.068,18.866,-38.128,76.134,227.91,124.92,67.93,4.043,-1.4367
0.47711,-32.263,-32.157,10.453,14.552,-34.146,76.871,232.88,133.45,73.224,6.3621,0.46249
-0.81405,-30.77,-27.646,10.159,11.531,-31.518,77.848,237.73,141.07,78.247,8.6401,2.4018
-1.2398,-30.148,-25.594,9.935,10.231,-30.405,79.17,242.31,147.75,82.919,10.871,4.4193
-0.65589,-30.041,-26.153,9.5078,10.734,-30.699,80.847,246.55,153.54,87.233,13.083,6.5719
0.91456,-30.09,-28.973,8.7024,12.812,-32.083,82.8,250.45,158.54,91.233,15.333,8.9189
3.2867,-30.021,-33.324,7.4936,16.023,-34.093,84.878,254.05,162.83,94.967,17.684,11.495
6.1517,-29.677,-38.311,5.9855,19.821,-36.233,86.902,257.42,166.48,98.442,20.157,14.287
9.1405,-29.017,-43.113,4.339,23.651,-38.084,88.707,260.59,169.52,101.61,22.712,17.232
11.907,-28.016,-47.102,2.6773,27.028,-39.337,90.172,263.55,171.93,104.38,25.262,20.224
14.214,-26.538,-49.812,1.0109,29.573,-39.717,91.231,266.2,173.66,106.65,27.699,23.145
15.985,-24.283,-50.877,-0.77499,31.043,-38.913,91.861,268.38,174.61,108.31,29.949,25.892
17.299,-20.902,-50.065,-2.8584,31.366,-36.635,92.061,269.97,174.65,109.3,32.017,28.427
18.336,-16.206,-47.356,-5.3819,30.644,-32.755,91.852,270.85,173.69,109.61,33.995,30.797
19.285,-10.303,-43.008,-8.3705,29.12,-27.427,91.301,271.02,171.72,109.3,36.04,33.105
20.26,-3.6002,-37.547,-11.707,27.097,-21.113,90.514,270.52,168.79,108.44,38.301,35.46
21.252,3.3397,-31.62,-15.179,24.828,-14.45,89.59,269.42,164.95,107.08,40.847,37.906
22.154,10.049,-25.702,-18.574,22.419,-7.9406,88.562,267.75,160.21,105.25,43.624,40.392
22.825,16.373,-19.861,-21.771,19.831,-1.684,87.399,265.46,154.51,102.92,46.472,42.785
23.179,22.461,-13.82,-24.768,16.984,4.6056,86.069,262.49,147.73,100.02,49.205,44.941
23.237,28.529,-7.2641,-27.613,13.902,11.283,84.603,258.78,139.78,96.573,51.714,46.793
23.112,34.557,-0.15371,-30.304,10.786,18.38,83.137,254.36,130.76,92.668,54.037,48.411
22.939,40.119,7.0805,-32.699,7.9985,25.355,81.885,249.35,120.97,88.53,56.349,49.99
22.793,44.49,13.486,-34.514,5.9589,31.182,81.065,243.96,110.92,84.454,58.876,51.77
22.642,46.959,17.884,-35.415,4.974,34.831,80.823,238.37,101.09,80.692,61.774,53.923
22.359,47.172,19.536,-35.177,5.073,35.818,81.152,232.64,91.773,77.331,65.015,56.455
21.763,45.289,18.618,-33.792,5.9425,34.414,81.859,226.66,82.925,74.236,68.364,59.185
20.685,41.939,16.144,-31.491,7.002,31.491,82.602,220.22,74.329,71.125,71.471,61.834
19.024,38.007,13.506,-28.664,7.5891,28.181,82.997,213.11,65.788,67.717,74.023,64.151
16.791,34.378,11.96,-25.747,7.1846,25.524,82.739,205.26,57.313,63.896,75.863,66.005
14.125,31.708,12.213,-23.116,5.593,24.171,81.682,196.79,49.162,59.788,77.039,67.422
11.247,30.252,14.242,-20.995,3.0043,24.229,79.854,187.97,41.71,55.722,77.765,68.559
8.3927,29.814,17.392,-19.397,-0.094288,25.295,77.406,179.03,35.256,52.077,78.311,69.625
5.7503,29.866,20.7,-18.154,-3.1154,26.673,74.5,170.11,29.88,49.098,78.872,70.758
3.4615,29.821,23.29,-17.035,-5.5788,27.695,71.187,161.15,25.444,46.795,79.461,71.93
1.6345,29.377,24.687,-15.915,-7.236,28.026,67.342,151.91,21.681,44.969,79.918,72.958
0.39149,28.738,24.98,-14.941,-8.0838,27.816,62.688,142.1,18.307,43.332,80.001,73.613
-0.058687,28.52,24.78,-14.553,-8.2929,27.631,56.905,131.4,15.108,41.634,79.51,73.729
0.57827,29.503,24.976,-15.296,-8.0904,28.248,49.75,119.64,11.99,39.745,78.364,73.268
2.5711,32.368,26.324,-17.63,-7.6344,30.352,41.209,106.78,8.9752,37.686,76.624,72.32
6.0306,37.398,29.042,-21.777,-6.9312,34.181,31.679,93.065,6.1743,35.605,74.47,71.079
10.823,44.235,32.642,-27.572,-5.8445,39.322,22.016,78.985,3.7369,33.713,72.147,69.781
16.548,51.946,36.199,-34.417,-4.2074,44.854,13.214,65.172,1.7949,32.19,69.881,68.633
22.589,59.325,38.819,-41.404,-1.9613,49.748,5.8942,52.16,0.4205,31.126,67.82,67.746
28.243,65.264,39.98,-47.552,0.75861,53.254,0.1152,40.227,-0.38741,30.506,65.997,67.109
32.882,69.1,39.632,-52.092,3.6115,55.107,-4.423,29.436,-0.68952,30.241,64.346,66.602
36.103,70.827,38.209,-54.728,6.1108,55.565,-8.0957,19.771,-0.58066,30.22,62.737,66.043
37.813,71.083,36.596,-55.736,7.7757,55.296,-11.197,11.215,-0.17185,30.337,61.015,65.263
38.273,70.843,35.869,-55.779,8.3312,55.126,-13.911,3.7137,0.41237,30.479,59.033,64.164
38.006,70.969,36.744,-55.58,7.8315,55.641,-16.328,-2.8674,1.0317,30.503,56.656,62.724
37.58,71.81,38.948,-55.622,6.648,56.809,-18.439,-8.6935,1.5478,30.273,53.769,60.95
37.329,73.029,41.11,-55.967,5.366,57.914,-20.155,-13.887,1.8832,29.732,50.31,58.841
37.16,73.753,41.69,-56.205,4.533,57.991,-21.377,-18.51,2.0777,28.93,46.308,56.4
36.578,72.944,40.249,-55.59,4.1522,56.434,-22.095,-22.605,2.2602,27.974,41.9,53.677
34.915,69.957,37.539,-53.407,3.602,53.315,-22.429,-26.213,2.5594,26.959,37.271,50.759
31.668,65.13,34.613,-49.54,2.4303,49.384,-22.55,-29.371,3.0426,25.938,32.569,47.678
26.731,59.827,32.74,-44.664,0.17387,45.933,-22.636,-32.11,3.7085,24.934,27.881,44.388
20.466,55.728,33.541,-39.76,-3.8858,44.462,-22.885,-34.466,4.5099,23.947,23.285,40.84
13.563,53.976,38.267,-35.604,-10.057,46.058,-23.452,-36.48,5.3887,22.971,18.905,37.066
6.8128,54.745,47.021,-32.614,-17.947,50.794,-24.357,-38.179,6.3055,22.009,14.941,33.207
0.87692,57.218,58.342,-30.761,-26.524,57.495,-25.448,-39.582,7.2416,21.087,11.616,29.467
-3.8546,59.78,69.406,-29.485,-34.296,63.97,-26.437,-40.719,8.1763,20.231,9.1086,26.043
-7.2852,60.471,76.884,-27.877,-39.689,67.69,-26.997,-41.66,9.0611,19.446,7.4911,23.068
-9.5445,57.655,78.148,-25.106,-41.551,66.699,-26.875,-42.526,9.8135,18.702,6.7164,20.587
-10.87,50.596,72.244,-20.761,-39.516,60.251,-25.987,-43.459,10.334,17.935,6.644,18.56
-11.479,39.809,60.154,-14.953,-34.022,49.162,-24.453,-44.59,10.541,17.074,7.0861,16.89
-11.496,27.001,44.36,-8.3147,-26.143,35.591,-22.569,-45.981,10.402,16.057,7.879,15.458
-10.99,14.447,27.875,-1.8839,-17.355,22.1,-20.704,-47.596,9.9689,14.877,8.9516,14.166
-10.066,4.1074,13.315,3.2818,-9.1414,10.714,-19.167,-49.301,9.3687,13.597,10.342,12.975
-8.917,-3.035,2.5223,6.5956,-2.6707,2.5199,-18.097,-50.905,8.7771,12.35,12.155,11.912
-7.826,-7.0925,-3.5876,8.1592,1.1894,-2.2924,-17.454,-52.234,8.3646,11.312,14.493,11.053
-7.1187,-8.9158,-5.1573,8.5612,2.0833,-4.2696,-17.119,-53.208,8.2413,10.63,17.385,10.456
-7.0761,-9.4682,-3.3089,8.4725,0.53063,-4.3775,-16.983,-53.89,8.4123,10.346,20.729,10.099
-7.8214,-9.3467,0.34567,8.3519,-2.4712,-3.5027,-16.948,-54.466,8.7737,10.352,24.284,9.8538
-9.254,-8.7672,4.6251,8.3881,-6.1797,-1.9819,-16.935,-55.179,9.1579,10.442,27.746,9.5465
-11.067,-7.5547,9.4145,8.5155,-10.227,0.54727,-16.942,-56.245,9.4019,10.412,30.852,9.0452
-12.837,-5.3164,15.014,8.4491,-14.256,4.4834,-17.064,-57.769,9.4106,10.151,33.47,8.3215
-14.147,-1.7697,21.231,7.8195,-17.763,9.7538,-17.403,-59.703,9.1967,9.6804,35.631,7.4554
-14.729,3.0994,27.233,6.3811,-20.291,15.863,-17.956,-61.87,8.8725,9.1336,37.463,6.5868
-14.567,8.9273,32.161,4.184,-21.801,22.039,-18.612,-64.054,8.583,8.6689,39.053,5.843
-13.922,15.012,35.824,1.5674,-22.757,27.568,-19.234,-66.1,8.4207,8.3795,40.343,5.282
-13.253,20.696,38.747,-1.0302,-23.756,32.261,-19.733,-67.958,8.3848,8.2569,41.132,4.8842
-13.06,25.739,41.979,-3.2836,-25.38,36.575,-20.083,-69.661,8.4011,8.2259,41.199,4.5923
-13.691,30.285,46.567,-5.0839,-28.117,41.16,-20.287,-71.265,8.377,8.2067,40.443,4.3627
-15.227,34.57,53.003,-6.5148,-32.21,46.346,-20.342,-72.795,8.2565,8.1598,38.972,4.1984
-17.462,38.681,60.912,-7.7404,-37.542,51.921,-20.22,-74.233,8.0515,8.1066,37.073,4.1646
-19.933,42.413,68.995,-8.8641,-43.387,57.155,-19.888,-75.529,7.8325,8.1177,35.104,4.378
-21.985,45.236,75.392,-9.8453,-48.388,61.008,-19.351,-76.64,7.6781,8.2653,33.351,4.9396
-22.954,46.491,78.279,-10.538,-50.996,62.45,-18.686,-77.55,7.6198,8.5668,31.934,5.8537
-22.375,45.725,76.446,-10.824,-50.064,60.833,-18.042,-78.296,7.6208,8.9623,30.795,7.0008
-20.095,42.979,69.694,-10.74,-45.259,56.183,-17.621,-78.961,7.5976,9.3347,29.767,8.1754
-16.264,38.85,58.997,-10.512,-37.125,49.267,-17.618,-79.66,7.4622,9.5566,28.668,9.1571
-11.293,34.314,46.264,-10.479,-26.941,41.381,-18.158,-80.504,7.1627,9.5421,27.381,9.7838
-5.7904,30.388,33.776,-10.944,-16.426,33.964,-19.239,-81.563,6.7053,9.2769,25.891,9.9979
-0.47481,27.82,23.568,-12.03,-7.2739,28.219,-20.745,-82.844,6.1456,8.8151,24.268,9.8518
3.963,26.912,17.001,-13.632,-0.7921,24.857,-22.5,-84.305,5.5541,8.244,22.619,9.4784
7.0302,27.541,14.562,-15.481,2.3416,24.009,-24.351,-85.892,4.967,7.6334,21.029,9.0356
8.5621,29.312,15.882,-17.289,2.2598,25.286,-26.242,-87.586,4.3405,6.9845,19.504,8.6375
8.7352,31.75,19.916,-18.857,-0.17189,27.968,-28.24,-89.443,3.5369,6.2054,17.949,8.3004
7.9522,34.418,25.228,-20.11,-3.7735,31.251,-30.513,-91.578,2.3703,5.1439,16.213,7.9423
6.6721,37.001,30.477,-21.067,-7.589,34.507,-33.223,-94.096,0.70471,3.6743,14.188,7.4481
5.2742,39.382,34.931,-21.829,-11.128,37.465,-36.422,-97.017,-1.4536,1.7919,11.906,6.7673
4.0075,41.656,38.548,-22.566,-14.212,40.173,-39.991,-100.23,-3.9334,-0.34781,9.5639,5.9774
3.0228,44.063,41.723,-23.492,-16.834,42.888,-43.68,-103.53,-6.4599,-2.4746,7.4418,5.2654
2.4106,46.879,45.029,-24.794,-19.172,45.944,-47.215,-106.69,-8.7693,-4.3175,5.7801,4.8374
2.1948,50.268,48.926,-26.548,-21.442,49.568,-50.412,-109.59,-10.722,-5.7324,4.6669,4.8113
2.3304,54.132,53.445,-28.662,-23.693,53.685,-53.233,-112.22,-12.36,-6.7738,4.0005,5.1599
2.7468,58.082,58.092,-30.892,-25.737,57.88,-55.762,-114.67,-13.883,-7.6675,3.5379,5.7338
3.4016,61.546,61.99,-32.922,-27.189,61.493,-58.107,-117.1,-15.553,-8.7037,3.0068,6.3528
4.294,63.91,64.176,-34.451,-27.597,63.792,-60.299,-119.59,-17.588,-10.114,2.2264,6.9052
5.4274,64.662,63.901,-35.236,-26.602,64.17,-62.254,-122.14,-20.087,-11.994,1.1718,7.3821
6.7414,63.497,60.877,-35.109,-24.103,62.32,-63.821,-124.65,-23.01,-14.286,-0.047272,7.8401
8.0529,60.396,55.407,-33.981,-20.368,58.35,-64.89,-126.96,-26.201,-16.816,-1.2688,8.3372
9.0549,55.645,48.357,-31.859,-16.028,52.787,-65.459,-128.89,-29.454,-19.368,-2.3702,8.8825
9.3925,49.755,40.937,-28.861,-11.928,46.435,-65.655,-130.29,-32.597,-21.772,-3.3264,9.4161
8.7892,43.313,34.348,-25.212,-8.8676,40.12,-65.682,-131.14,-35.562,-23.972,-4.2179,9.8182
7.1488,36.825,29.39,-21.189,-7.3434,34.435,-65.757,-131.51,-38.397,-26.041,-5.1955,9.9418
4.5712,30.61,26.223,-17.046,-7.4076,29.583,-66.037,-131.54,-41.234,-28.147,-6.4226,9.6558
1.2966,24.734,24.393,-12.928,-8.698,25.361,-66.559,-131.38,-44.214,-30.481,-8.0177,8.8875
-2.3577,19.044,23.101,-8.854,-10.605,21.321,-67.229,-131.15,-47.431,-33.198,-10.017,7.6518
-6.0384,13.316,21.532,-4.7977,-12.473,17.011,-67.86,-130.9,-50.916,-36.372,-12.372,6.0451
-9.3889,7.3887,19.047,-0.77424,-13.727,12.146,-68.251,-130.66,-54.659,-39.997,-14.997,4.1893
-12.083,1.284,15.377,3.107,-13.958,6.7375,-68.268,-130.42,-58.64,-44.003,-17.821,2.1515
-13.864,-4.6697,10.759,6.6287,-13.01,1.1611,-67.903,-130.22,-62.828,-48.289,-20.828,-0.10325
-14.594,-9.9339,5.7682,9.5038,-11.039,-4.0221,-67.281,-130.08,-67.166,-52.735,-24.044,-2.6829
-14.27,-14.016,1.0148,11.466,-8.4557,-8.3337,-66.605,-130.03,-71.532,-57.189,-27.494,-5.6793
-13.02,-16.627,-2.993,12.35,-5.7627,-11.474,-66.065,-130.05,-75.74,-61.46,-31.145,-9.0841
-11.086,-17.658,-5.8085,12.115,-3.4313,-13.258,-65.76,-130.12,-79.589,-65.353,-34.897,-12.771
-8.7954,-17.127,-7.0733,10.86,-1.8331,-13.576,-65.677,-130.2,-82.939,-68.735,-38.622,-16.55
-6.5156,-15.24,-6.6895,8.8419,-1.1716,-12.501,-65.721,-130.28,-85.756,-71.582,-42.211,-20.246
-4.5863,-12.506,-4.9881,6.4901,-1.4058,-10.427,-65.771,-130.39,-88.1,-73.957,-45.609,-23.737
-3.2456,-9.7479,-2.7494,4.3491,-2.2313,-8.103,-65.717,-130.56,-90.077,-75.966,-48.815,-26.961
-2.5777,-7.8996,-1.0111,2.942,-3.1557,-6.4601,-65.483,-130.77,-91.794,-77.703,-51.856,-29.888
-2.5,-7.6743,-0.71606,2.6005,-3.6438,-6.2796,-65.036,-131.02,-93.338,-79.248,-54.761,-32.502
-2.8011,-9.2992,-2.3786,3.3564,-3.2851,-7.9032,-64.386,-131.26,-94.769,-80.635,-57.536,-34.786
-3.2321,-12.47,-5.929,4.9629,-1.9338,-11.142,-63.577,-131.45,-96.121,-81.879,-60.161,-36.74
-3.6202,-16.519,-10.759,7.0376,0.22194,-15.385,-62.66,-131.55,-97.403,-82.973,-62.621,-38.394
-3.9454,-20.692,-15.916,9.246,2.7034,-19.825,-61.671,-131.48,-98.601,-83.888,-64.886,-39.817
-4.3293,-24.42,-20.414,11.415,4.9069,-23.727,-60.616,-131.16,-99.67,-84.589,-66.924,-41.081
-4.9464,-27.476,-23.577,13.525,6.3336,-26.672,-59.469,-130.5,-100.55,-85.036,-68.686,-42.215
-5.9229,-29.964,-25.27,15.617,6.7586,-28.674,-58.17,-129.38,-101.16,-85.171,-70.104,-43.176
-7.2915,-32.157,-25.826,17.73,6.2443,-30.07,-56.646,-127.72,-101.46,-84.94,-71.093,-43.852
-9.013,-34.307,-25.758,19.874,5.0265,-31.246,-54.83,-125.53,-101.39,-84.312,-71.604,-44.136
-11.016,-36.489,-25.428,22.029,3.362,-32.37,-52.702,-122.87,-100.98,-83.305,-71.638,-43.982
-13.208,-38.542,-24.831,24.113,1.4152,-33.28,-50.284,-119.93,-100.29,-81.993,-71.274,-43.431
-15.447,-40.112,-23.659,25.953,-0.75346,-33.607,-47.659,-116.89,-99.447,-80.505,-70.653,-42.605
-17.541,-40.845,-21.677,27.33,-3.092,-33.083,-44.953,-113.95,-98.642,-79.028,-69.962,-41.68
-19.263,-40.621,-19.067,28.072,-5.4359,-31.785,-42.309,-111.28,-98.079,-77.766,-69.399,-40.843
-20.404,-39.665,-16.431,28.166,-7.452,-30.14,-39.841,-108.97,-97.905,-76.882,-69.107,-40.249
-20.815,-38.487,-14.554,27.776,-8.6805,-28.764,-37.609,-107.03,-98.147,-76.435,-69.137,-39.955
-20.442,-37.702,-14.178,27.179,-8.6803,-28.281,-35.615,-105.33,-98.684,-76.356,-69.425,-39.91
-19.342,-37.807,-15.782,26.657,-7.2285,-29.109,-33.818,-103.66,-99.294,-76.486,-69.835,-39.982
-17.676,-38.971,-19.352,26.382,-4.4607,-31.296,-32.159,-101.76,-99.737,-76.654,-70.242,-40.06
-15.685,-40.976,-24.257,26.371,-0.86289,-34.446,-30.576,-99.453,-99.811,-76.736,-70.607,-40.127
-13.623,-43.281,-29.392,26.498,2.8855,-37.811,-29.033,-96.635,-99.368,-76.631,-70.975,-40.267
-11.688,-45.194,-33.601,26.544,6.1535,-40.538,-27.53,-93.3,-98.245,-76.225,-71.409,-40.607
-9.9623,-46.127,-36.139,26.266,8.5798,-42.001,-26.075,-89.489,-96.198,-75.28,-71.899,-41.234
-8.3993,-45.855,-36.939,25.491,10.173,-42.065,-24.622,-85.256,-92.853,-73.361,-72.284,-42.125
-6.8726,-44.638,-36.598,24.215,11.268,-41.155,-23.022,-80.67,-87.806,-69.814,-72.247,-43.122
-5.2562,-43.135,-36.12,22.633,12.366,-40.101,-21.024,-75.821,-81.19,-63.964,-71.333,-43.948
-3.4981,-42.141,-36.523,21.052,13.917,-39.821,-18.34,-70.735,-75.361,-56.804,-69.101,-44.238
-1.6387,-42.237,-38.447,19.736,16.112,-40.963,-14.742,-65.102,-76.918,-59.201,-65.973,-43.637
0.20865,-43.484,-41.957,18.805,18.788,-43.626,-10.2,-57.978,-90.278,-92.599,-68.092,-42.884
1.7843,-45.331,-46.579,18.52,21.521,-47.255,-5.0374,-48.12,-99.184,-107.53,-91.732,-51.25
2.4105,-47.692,-51.352,21.454,23.831,-50.781,-0.045299,-35.069,-87.388,-102.92,-106.12,-67.636
1.2966,-59.198,-54.904,37.522,25.359,-55.227,3.6687,-20.256,-60.528,-89.849,-111.02,-74.47
-0.45375,-97.386,-60.937,55.308,26.016,-81.224,5.8868,-6.1132,-24.016,-65.833,-109.86,-77.1
0.39869,-108.11,-93.131,52.29,26.471,-105.44,11.304,19.181,20.846,-28.833,-98.146,-72.167
6.326,-96.33,-100.01,39.09,36.721,-100.98,38.241,95.237,74.4,23.478,-71.482,-56.207
17.978,-71.993,-93.176,18.399,50.479,-85.828,73.169,145.59,139.25,94.625,-27.076,-27.738
34.131,-35.285,-78.519,-10.329,53.063,-60.664,83.118,169.88,216.36,188.85,36.025,14.782
55.541,14.775,-55.442,-48.566,54.542,-23.894,83.928,180.56,299.75,310.09,120.77,72.519
87.091,81.351,-20.36,-97.469,52.853,27.527,76.935,174.06,383.64,457.45,228.14,146.25
120.79,166.77,32.011,-156.0,44.364,96.837,59.435,143.56,463.4,628.18,356.92,236.38
147.8,269.82,106.84,-220.97,23.56,186.0,27.55,79.795,533.18,816.77,503.67,341.57
164.52,389.1,208.07,-288.81,-15.906,296.58,-22.352,-26.84,585.77,1011.0,660.22,456.69
166.2,523.02,337.51,-355.33,-77.704,428.63,-91.498,-182.27,612.37,1188.7,811.66,571.86
149.28,664.46,492.16,-414.39,-162.2,577.13,-177.46,-384.37,601.84,1318.1,936.58,672.83
112.06,798.9,661.87,-457.8,-266.14,729.88,-274.91,-621.33,541.02,1362.4,1010.1,743.21
55.303,907.75,832.51,-477.66,-380.59,868.48,-376.57,-873.67,416.81,1289.9,1010.1,768.08
-16.399,973.68,976.43,-469.21,-491.37,972.97,-474.26,-1117.9,220.53,1086.3,924.44,738.17
-94.456,984.6,1072.2,-431.89,-582.77,1026.5,-562.6,-1331.0,-45.601,762.08,756.45,652.96
-168.28,936.01,1105.5,-368.85,-641.7,1019.0,-641.07,-1494.8,-364.91,353.88,526.03,521.6
-228.47,832.67,1071.5,-286.72,-660.7,950.22,-709.84,-1598.3,-706.82,-82.2,265.24,361.01
-269.25,688.43,976.84,-195.17,-638.88,830.53,-766.2,-1637.3,-1031.1,-484.81,10.078,192.03
-289.14,522.89,835.98,-104.93,-581.28,677.44,-803.98,-1612.5,-1295.7,-802.97,-208.46,34.583
-290.18,356.63,668.5,-25.341,-497.69,511.26,-815.28,-1528.4,-1466.3,-1007.0,-370.62,-96.09
-275.86,207.3,496.57,37.23,-401.41,351.57,-794.25,-1393.3,-1524.8,-1091.6,-469.92,-191.56
-249.81,87.092,339.55,80.435,-305.81,213.69,-740.26,-1220.1,-1475.1,-1072.7,-511.07,-250.23
-216.35,1.116,209.71,105.32,-221.17,106.54,-658.93,-1026.0,-1340.6,-979.35,-505.28,-275.78
-180.59,-52.055,112.65,114.25,-153.39,32.432,-560.51,-830.14,-1156.0,-845.21,-466.35,-275.43
-147.37,-77.773,51.012,110.6,-103.31,-11.752,-456.8,-649.2,-956.59,-700.26,-408.34,-257.02
-120.8,-83.529,18.827,98.707,-69.321,-32.197,-358.37,-494.27,-769.36,-566.43,-344.54,-227.14
-101.71,-77.801,6.9337,77.496,-48.987,-36.833,-272.9,-369.92,-609.89,-455.68,-285.24,-193.13
-87.435,-67.341,6.5484,57.25,-38.273,-33.215,-204.44,-274.37,-483.0,-370.48,-235.71,-161.26
-75.728,-51.63,10.514,49.929,-32.507,-26.72,-152.78,-202.06,-386.37,-305.85,-196.4,-133.82
-65.869,-40.123,13.76,46.05,-28.237,-18.645,-114.66,-147.07,-315.0,-256.54,-165.49,-112.41
-57.91,-42.816,13.618,43.436,-23.544,-12.845,-86.182,-104.56,-262.07,-220.3,-143.35,-97.576
-51.896,-45.03,14.25,41.839,-19.198,-21.252,-64.026,-70.905,-220.49,-191.63,-126.74,-88.066
-46.642,-46.793,6.1246,41.022,-22.289,-27.195,-46.078,-43.575,-186.04,-166.52,-112.39,-80.974
-41.529,-48.6,-3.3705,40.705,-21.836,-30.967,-31.496,-20.983,-156.69,-143.79,-99.125,-74.213
-37.525,-50.312,-10.573,40.607,-19.164,-33.982,-20.34,-9.2466,-131.54,-123.21,-87.324,-66.336
-34.643,-51.629,-15.859,40.408,-15.974,-36.509,-15.988,-12.086,-110.31,-104.97,-77.502,-58.467
-32.249,-52.3,-19.891,39.808,-12.749,-38.458,-15.182,-5.2873,-97.028,-91.282,-69.516,-52.797
-29.803,-52.238,-23.12,38.651,-9.5433,-39.786,-11.026,6.4352,-95.264,-82.455,-63.17,-49.126
-26.969,-51.527,-25.905,36.94,-6.2351,-40.583,-6.001,18.542,-92.727,-74.703,-58.33,-46.765
-23.591,-50.352,-28.543,34.758,-2.6776,-41.021,-1.0521,29.725,-86.864,-66.799,-54.725,-45.322
-19.681,-48.925,-31.22,32.229,1.2017,-41.281,3.6026,39.642,-79.452,-58.935,-52.0,-44.486
-15.427,-47.457,-33.962,29.517,5.3389,-41.498,8.0378,48.36,-71.541,-51.317,-49.783,-43.924
-11.161,-46.142,-36.62,26.841,9.5101,-41.747,12.497,56.07,-63.613,-44.012,-47.756,-43.304
-7.301,-45.156,-38.941,24.466,13.36,-42.057,17.237,62.922,-55.927,-37.068,-45.708,-42.371
-4.2474,-44.639,-40.693,22.645,16.498,-42.443,22.349,68.955,-48.669,-30.567,-43.574,-41.015
-2.2687,-44.686,-41.783,21.548,18.645,-42.939,27.667,74.131,-41.976,-24.624,-41.412,-39.283
-1.3956,-45.327,-42.313,21.201,19.764,-43.61,32.848,78.418,-35.929,-19.334,-39.343,-37.344
-1.3918,-46.531,-42.573,21.484,20.111,-44.543,37.561,81.846,-30.54,-14.718,-37.487,-35.399
-1.8263,-48.213,-42.982,22.176,20.164,-45.83,41.63,84.516,-25.769,-10.74,-35.918,-33.611
-2.2186,-50.227,-43.988,23.04,20.476,-47.524,45.054,86.557,-21.547,-7.328,-34.656,-32.067
-2.1713,-52.362,-45.94,23.866,21.504,-49.602,47.952,88.112,-17.8,-4.3913,-33.665,-30.772
-1.4308,-54.363,-48.978,24.491,23.488,-51.949,50.503,89.363,-14.439,-1.8251,-32.854,-29.637
0.089823,-55.999,-52.948,24.798,26.402,-54.37,52.878,90.571,-11.355,0.50067,-32.075,-28.503
2.2676,-57.111,-57.4,24.718,29.946,-56.63,55.176,92.07,-8.4232,2.7333,-31.162,-27.202
4.7489,-57.636,-61.673,24.244,33.588,-58.484,57.376,94.134,-5.5222,5.0095,-29.975,-25.641
7.0309,-57.607,-65.05,23.482,36.679,-59.718,59.386,96.899,-2.5548,7.4239,-28.451,-23.845
8.6002,-57.137,-66.917,22.657,38.582,-60.179,61.097,100.3,0.5353,10.012,-26.624,-21.953
9.0386,-56.375,-66.88,22.05,38.806,-59.793,62.455,104.11,3.7617,12.757,-24.595,-20.143
8.1245,-55.433,-64.839,21.853,37.124,-58.57,63.457,107.99,7.1111,15.61,-22.477,-18.559
5.9403,-54.322,-61.018,22.038,33.681,-56.596,64.125,111.67,10.564,18.524,-20.358,-17.261
2.9108,-52.919,-55.931,22.315,29.003,-54.001,64.506,114.95,14.11,21.472,-18.275,-16.202
-0.26759,-50.985,-50.288,22.228,23.905,-50.935,64.675,117.85,17.75,24.452,-16.223,-15.261
-2.7999,-48.256,-44.834,21.347,19.29,-47.536,64.734,120.49,21.516,27.482,-14.168,-14.304
-4.008,-44.58,-40.177,19.441,15.916,-43.929,64.828,123.11,25.483,30.609,-12.062,-13.215
-3.5228,-40.044,-36.662,16.566,14.208,-40.246,65.109,125.92,29.778,33.915,-9.8515,-11.918
-1.3973,-34.995,-34.327,13.028,14.173,-36.636,65.708,129.12,34.589,37.503,-7.484,-10.386
1.9113,-29.916,-32.943,9.2778,15.43,-33.246,66.692,132.83,40.154,41.488,-4.9136,-8.6359
5.6918,-25.246,-32.126,5.7666,17.334,-30.175,68.029,137.05,46.714,45.96,-2.1163,-6.7214
9.178,-21.262,-31.471,2.8241,19.177,-27.461,69.587,141.68,54.432,50.924,0.90011,-4.7165
11.721,-18.129,-30.699,0.62775,20.406,-25.16,71.184,146.56,63.306,56.299,4.1025,-2.6913
12.923,-16.03,-29.774,-0.7058,20.761,-23.43,72.659,151.53,73.132,61.927,7.4526,-0.68737
12.699,-15.195,-28.916,-1.0489,20.287,-22.542,73.937,156.51,83.585,67.646,10.924,1.2871
11.203,-15.784,-28.492,-0.33537,19.223,-22.763,75.042,161.48,94.352,73.34,14.507,3.2516
8.7184,-17.723,-28.804,1.3137,17.864,-24.187,76.062,166.47,105.22,78.958,18.212,5.2509
5.6082,-20.641,-29.939,3.5752,16.465,-26.637,77.091,171.5,116.03,84.463,22.046,7.337
2.2976,-23.945,-31.745,6.0364,15.221,-29.676,78.162,176.54,126.54,89.759,25.975,9.524
-0.73369,-26.964,-33.909,8.2995,14.296,-32.711,79.231,181.49,136.38,94.67,29.897,11.75
-2.9754,-29.083,-36.056,9.9789,13.853,-35.133,80.203,186.22,145.21,98.99,33.675,13.895
-3.9402,-29.795,-37.834,10.663,14.03,-36.44,80.985,190.6,152.81,102.57,37.2,15.848
-3.2399,-28.745,-38.978,9.9629,14.925,-36.325,81.521,194.58,159.21,105.38,40.46,17.577
-0.68686,-25.777,-39.348,7.6321,16.555,-34.704,81.81,198.19,164.58,107.51,43.55,19.16
3.6045,-20.967,-38.926,3.6654,18.81,-31.703,81.896,201.52,169.15,109.13,46.64,20.756
9.1865,-14.647,-37.781,-1.6566,21.434,-27.621,81.848,204.64,173.09,110.41,49.892,22.543
15.357,-7.3939,-36.029,-7.7876,24.039,-22.887,81.747,207.54,176.48,111.47,53.384,24.658
21.327,0.069349,-33.789,-14.033,26.192,-17.983,81.674,210.15,179.24,112.33,57.087,27.157
26.407,7.0524,-31.152,-19.735,27.518,-13.326,81.7,212.31,181.27,112.96,60.883,30.015
30.155,13.093,-28.199,-24.446,27.811,-9.1531,81.862,213.83,182.44,113.28,64.617,33.129
32.429,18.066,-25.065,-27.99,27.111,-5.4839,82.143,214.53,182.67,113.22,68.142,36.344
33.375,22.126,-22.015,-30.42,25.708,-2.1817,82.472,214.25,181.94,112.7,71.355,39.5
33.35,25.472,-19.416,-31.873,24.073,0.90001,82.751,212.97,180.31,111.69,74.215,42.47
32.785,28.092,-17.578,-32.465,22.722,3.7705,82.882,210.72,177.86,110.18,76.737,45.192
32.011,29.716,-16.581,-32.269,22.065,6.2213,82.794,207.67,174.65,108.22,78.977,47.669
31.171,30.062,-16.24,-31.356,22.242,7.8822,82.45,204.02,170.69,105.83,80.999,49.948
30.219,29.132,-16.217,-29.841,23.018,8.4877,81.846,199.92,165.92,103.03,82.842,52.074
28.954,27.304,-16.102,-27.892,23.826,8.2024,80.977,195.48,160.19,99.807,84.492,54.039
27.108,25.22,-15.451,-25.723,23.948,7.6493,79.817,190.65,153.31,96.069,85.874,55.752
24.498,23.63,-13.687,-23.604,22.732,7.6843,78.311,185.35,145.12,91.737,86.885,57.079
21.168,23.233,-10.023,-21.856,19.777,9.1434,76.412,179.49,135.61,86.792,87.447,57.905
17.426,24.515,-3.9118,-20.805,15.079,12.555,74.118,173.09,124.99,81.337,87.549,58.191
13.74,27.594,4.4532,-20.685,9.0836,17.901,71.504,166.26,113.71,75.608,87.256,57.985
10.598,32.129,14.047,-21.539,2.6246,24.559,68.717,159.16,102.34,69.909,86.694,57.409
8.3971,37.363,23.311,-23.18,-3.2643,31.458,65.942,151.98,91.445,64.526,86.018,56.625
7.3634,42.338,30.678,-25.241,-7.6414,37.412,63.32,144.87,81.375,59.649,85.368,55.796
7.5064,46.219,35.13,-27.305,-9.947,41.521,60.88,137.92,72.267,55.344,84.831,55.047
8.6444,48.599,36.577,-29.07,-10.148,43.496,58.503,131.08,64.079,51.562,84.412,54.432
10.491,49.635,35.846,-30.456,-8.6621,43.76,55.963,124.17,56.669,48.175,84.042,53.933
12.756,49.916,34.178,-31.605,-6.1308,43.182,52.977,116.89,49.879,45.029,83.625,53.492
15.21,50.097,32.48,-32.768,-3.1567,42.523,49.265,108.94,43.604,42.01,83.088,53.061
17.688,50.512,30.847,-34.11,-0.13788,41.992,44.616,100.14,37.838,39.095,82.424,52.643
20.05,51.046,28.883,-35.574,2.727,41.342,39.072,90.512,32.653,36.371,81.71,52.306
22.141,51.33,26.467,-36.884,5.3079,40.319,33.068,80.344,28.15,34.005,81.088,52.177
23.753,51.039,23.947,-37.702,7.4436,38.924,27.241,70.104,24.394,32.179,80.72,52.39
24.644,50.122,21.814,-37.805,8.9129,37.404,21.996,60.274,21.376,31.011,80.721,53.024
24.625,48.898,20.54,-37.228,9.4278,36.203,17.33,51.165,19.001,30.501,81.094,54.036
23.676,47.979,20.662,-36.29,8.6705,35.892,12.958,42.83,17.107,30.53,81.729,55.26
22.01,48.01,22.713,-35.465,6.4589,36.999,8.5432,35.137,15.529,30.909,82.451,56.473
20.045,49.377,26.881,-35.16,2.9657,39.751,3.9181,27.915,14.151,31.452,83.102,57.491
18.285,52.018,32.655,-35.537,-1.2203,43.874,-0.82644,21.057,12.93,32.028,83.591,58.233
17.1,55.388,38.845,-36.465,-5.25,48.574,-5.4092,14.55,11.876,32.578,83.896,58.72
16.554,58.607,44.022,-37.567,-8.315,52.755,-9.5045,8.4577,11.029,33.106,84.04,59.042
16.369,60.713,47.092,-38.325,-9.9709,55.384,-12.876,2.8623,10.421,33.642,84.049,59.289
16.016,60.954,47.672,-38.198,-10.329,55.843,-15.448,-2.192,10.042,34.191,83.912,59.487
14.893,59.021,46.167,-36.777,-10.003,54.113,-17.3,-6.7338,9.8249,34.691,83.55,59.569
12.57,55.15,43.53,-33.941,-9.8034,50.741,-18.59,-10.845,9.6666,35.022,82.842,59.384
9.0321,50.067,40.817,-29.975,-10.324,46.613,-19.458,-14.605,9.4764,35.059,81.666,58.757
4.7908,44.751,38.739,-25.528,-11.652,42.634,-19.957,-18.036,9.221,34.741,79.964,57.561
0.73479,40.125,37.464,-21.41,-13.353,39.449,-20.047,-21.108,8.9281,34.104,77.765,55.781
-2.2087,36.781,36.733,-18.314,-14.724,37.311,-19.638,-23.776,8.6516,33.25,75.181,53.53
-3.4402,34.827,36.088,-16.568,-15.134,36.072,-18.669,-26.033,8.4261,32.288,72.348,50.993
-2.9268,33.9,35.091,-16.021,-14.296,35.306,-17.183,-27.935,8.2439,31.288,69.369,48.344
-1.2115,33.359,33.482,-16.142,-12.396,34.507,-15.341,-29.581,8.0597,30.256,66.267,45.673
0.7918,32.549,31.331,-16.254,-10.062,33.297,-13.36,-31.088,7.812,29.143,63.002,42.975
2.1366,31.032,29.1,-15.771,-8.136,31.598,-11.452,-32.544,7.4486,27.879,59.511,40.196
2.1933,28.747,27.452,-14.377,-7.313,29.664,-9.7828,-33.99,6.9498,26.407,55.758,37.283
0.85192,26.043,26.896,-12.141,-7.8734,27.951,-8.4499,-35.404,6.3387,24.727,51.767,34.221
-1.5178,23.545,27.55,-9.5184,-9.6387,26.891,-7.4872,-36.726,5.6657,22.884,47.613,31.041
-4.2968,21.861,29.158,-7.1482,-12.127,26.708,-6.8889,-37.886,4.9854,20.956,43.405,27.817
-6.894,21.28,31.259,-5.5281,-14.783,27.335,-6.628,-38.821,4.3472,19.031,39.276,24.653
-8.9477,21.655,33.383,-4.7718,-17.174,28.477,-6.6513,-39.488,3.8036,17.203,35.38,21.682
-10.388,22.54,35.21,-4.6186,-19.093,29.778,-6.8728,-39.87,3.406,15.569,31.881,19.049
-11.371,23.449,36.657,-4.6417,-20.574,30.974,-7.1944,-40.002,3.1761,14.194,28.898,16.869
-12.141,24.046,37.845,-4.4799,-21.806,31.961,-7.5522,-39.978,3.0716,13.083,26.458,15.178
-12.882,24.209,39.022,-3.982,-23.006,32.769,-7.9514,-39.939,2.9794,12.156,24.469,13.917
-13.639,24.023,40.449,-3.246,-24.309,33.512,-8.4607,-40.026,2.7519,11.278,22.759,12.957
-14.323,23.727,42.275,-2.5562,-25.725,34.3,-9.1599,-40.326,2.2691,10.313,21.15,12.155
-14.803,23.603,44.402,-2.2369,-27.151,35.15,-10.076,-40.842,1.49,9.1756,19.523,11.402
-14.979,23.799,46.42,-2.46,-28.368,35.928,-11.161,-41.506,0.46339,7.8587,17.837,10.645
-14.799,24.173,47.7,-3.1116,-29.037,36.346,-12.32,-42.226,-0.69995,6.4179,16.113,9.872
-14.248,24.263,47.588,-3.8325,-28.781,35.977,-13.47,-42.923,-1.8654,4.9467,14.399,9.0887
-13.334,23.472,45.522,-4.2106,-27.271,34.338,-14.563,-43.546,-2.9004,3.5597,12.758,8.3182
-12.05,21.365,41.109,-3.995,-24.269,31.079,-15.583,-44.066,-3.6911,2.3812,11.272,7.6037
-10.339,17.938,34.292,-3.2233,-19.692,26.192,-16.541,-44.463,-4.1641,1.5226,10.016,6.9926
-8.1468,13.696,25.561,-2.212,-13.773,20.15,-17.47,-44.728,-4.3118,1.0414,9.0224,6.5012
-5.5084,9.5185,16.035,-1.4273,-7.1636,13.852,-18.436,-44.871,-4.204,0.9089,8.253,6.0886
-2.6195,6.3604,7.2665,-1.2854,-0.82523,8.4148,-19.519,-44.934,-3.9688,1.0141,7.6101,5.6671
0.15022,4.9307,0.85771,-1.9701,4.181,4.869,-20.765,-44.98,-3.7454,1.211,6.9802,5.1489
2.3254,5.4961,-1.9744,-3.3749,6.9668,3.8769,-22.141,-45.084,-3.6307,1.381,6.2899,4.4965
3.4889,7.8982,-0.75062,-5.2159,7.0709,5.572,-23.521,-45.302,-3.651,1.472,5.5363,3.7443
3.4791,11.725,4.1302,-7.213,4.5862,9.5708,-24.72,-45.657,-3.7687,1.4954,4.779,2.9817
2.5053,16.485,11.55,-9.2037,0.12952,15.149,-25.567,-46.125,-3.9131,1.4991,4.108,2.3186
1.0862,21.712,20.062,-11.155,-5.3378,21.484,-25.969,-46.633,-4.011,1.5374,3.6096,1.852
-0.17899,27.007,28.326,-13.106,-10.793,27.852,-25.945,-47.073,-4.0081,1.6527,3.3472,1.6453
-0.88553,32.07,35.436,-15.092,-15.436,33.742,-25.603,-47.32,-3.8788,1.8727,3.3623,1.7258
-0.99313,36.705,41.1,-17.069,-18.888,38.917,-25.087,-47.265,-3.6299,2.212,3.6827,2.0961
-0.81345,40.801,45.559,-18.887,-21.266,43.385,-24.529,-46.868,-3.3065,2.6649,4.3148,2.733
-0.84718,44.259,49.22,-20.314,-23.033,47.222,-24.033,-46.189,-2.998,3.1862,5.218,3.568
-1.5604,46.908,52.239,-21.101,-24.669,50.335,-23.676,-45.395,-2.8301,3.6834,6.2883,4.4768
-3.1937,48.509,54.423,-21.062,-26.423,52.402,-23.511,-44.71,-2.9266,4.0438,7.3857,5.3106
-5.682,48.862,55.514,-20.154,-28.295,53.117,-23.543,-44.329,-3.3521,4.1925,8.3964,5.9667
-8.6973,47.978,55.493,-18.526,-30.113,52.476,-23.727,-44.338,-4.0761,4.1369,9.2863,6.4483
-11.748,46.167,54.618,-16.516,-31.622,50.844,-23.989,-44.704,-4.9922,3.9561,10.094,6.8618
-14.281,44.017,53.296,-14.603,-32.579,48.817,-24.274,-45.324,-5.9856,3.7381,10.871,7.3429
-15.805,42.259,51.983,-13.293,-32.851,47.07,-24.588,-46.112,-7.004,3.5113,11.611,7.9598
-16.011,41.604,51.151,-13.009,-32.478,46.238,-25.013,-47.064,-8.0894,3.2131,12.222,8.6593
-14.859,42.544,51.215,-13.975,-31.686,46.794,-25.669,-48.258,-9.3534,2.7143,12.563,9.2891
-12.592,45.178,52.421,-16.137,-30.799,48.905,-26.633,-49.802,-10.911,1.8831,12.507,9.6762
-9.6753,49.156,54.702,-19.156,-30.107,52.323,-27.877,-51.753,-12.816,0.64835,12.002,9.7073
-6.6739,53.755,57.621,-22.49,-29.754,56.394,-29.263,-54.073,-15.042,-0.97304,11.088,9.3722
-4.1191,58.048,60.448,-25.506,-29.693,60.211,-30.586,-56.638,-17.498,-2.8829,9.8906,8.7685
-2.3904,61.095,62.392,-27.607,-29.73,62.855,-31.645,-59.28,-20.066,-4.9258,8.5842,8.0814
-1.6395,62.182,62.876,-28.381,-29.622,63.675,-32.304,-61.848,-22.64,-6.9287,7.3453,7.533
-1.7913,61.075,61.746,-27.74,-29.202,62.505,-32.54,-64.256,-25.177,-8.7663,6.2815,7.2943
-2.6235,58.145,59.322,-25.97,-28.482,59.73,-32.455,-66.517,-27.743,-10.442,5.3672,7.3899
-3.877,54.261,56.315,-23.648,-27.684,56.168,-32.256,-68.736,-30.526,-12.13,4.4284,7.6558
-5.3346,50.475,53.595,-21.406,-27.147,52.791,-32.189,-71.056,-33.785,-14.139,3.2056,7.7898
-6.8469,47.6,51.846,-19.669,-27.149,50.348,-32.441,-73.573,-37.721,-16.779,1.4791,7.4825
-8.3147,45.882,51.269,-18.504,-27.738,49.069,-33.06,-76.253,-42.324,-20.203,-0.80817,6.5677
-9.6568,44.952,51.523,-17.668,-28.663,48.611,-33.938,-78.911,-47.291,-24.293,-3.5041,5.1068
-10.776,44.078,51.906,-16.799,-29.447,48.269,-34.868,-81.273,-52.085,-28.651,-6.3067,3.3614
-11.532,42.565,51.657,-15.622,-29.554,47.33,-35.642,-83.085,-56.17,-32.76,-8.8923,1.6721
-11.752,40.065,50.215,-14.075,-28.596,45.356,-36.14,-84.211,-59.249,-36.242,-11.05,0.29344
-11.282,36.655,47.39,-12.313,-26.495,42.313,-36.379,-84.677,-61.365,-39.029,-12.766,-0.73699
-10.072,32.721,43.463,-10.647,-23.527,38.528,-36.489,-84.63,-62.828,-41.357,-14.215,-1.6134
-8.2381,28.861,39.13,-9.4386,-20.231,34.573,-36.634,-84.264,-64.043,-43.619,-15.672,-2.6519
-6.07,25.753,35.233,-8.9448,-17.179,31.12,-36.907,-83.736,-65.352,-46.18,-17.388,-4.1334
-3.9606,23.778,32.324,-9.1243,-14.738,28.613,-37.266,-83.127,-66.928,-49.239,-19.496,-6.1899
-2.2969,22.589,30.223,-9.5603,-12.918,26.822,-37.545,-82.452,-68.772,-52.79,-21.99,-8.7759
-1.3523,21.157,27.963,-9.6036,-11.394,24.789,-37.529,-81.707,-70.787,-56.673,-24.756,-11.709
-1.2175,18.306,24.288,-8.6527,-9.6618,21.341,-37.039,-80.912,-72.86,-60.669,-27.633,-14.743
-1.7948,13.328,18.323,-6.4172,-7.2819,15.736,-36.001,-80.129,-74.913,-64.579,-30.48,-17.644
-2.8494,6.3868,10.041,-3.0647,-4.1105,8.0791,-34.48,-79.438,-76.919,-68.286,-33.232,-20.281
-4.0906,-1.4816,0.40896,0.80393,-0.43375,-0.62249,-32.677,-78.925,-78.905,-71.778,-35.928,-22.676
-5.2468,-8.7939,-8.8436,4.3729,3.081,-8.8325,-30.876,-78.654,-80.925,-75.116,-38.691,-24.993
-6.1082,-14.212,-15.843,6.939,5.6524,-15.047,-29.353,-78.65,-83.01,-78.365,-41.655,-27.431
-6.5261,-16.935,-19.302,8.1245,6.7526,-18.252,-28.285,-78.891,-85.127,-81.538,-44.888,-30.107
-6.3904,-16.873,-19.029,7.895,6.3583,-18.256,-27.727,-79.305,-87.173,-84.588,-48.336,-32.99
-5.6353,-14.628,-15.966,6.4879,4.952,-15.781,-27.628,-79.804,-89.029,-87.423,-51.836,-35.92
-4.2898,-11.227,-11.777,4.3114,3.3058,-12.147,-27.877,-80.311,-90.613,-89.965,-55.181,-38.689
-2.5271,-7.8235,-8.2054,1.9134,2.1739,-8.7778,-28.328,-80.783,-91.915,-92.175,-58.213,-41.127
-0.66801,-5.5258,-6.4918,-0.035965,2.0199,-6.8105,-28.831,-81.212,-93.001,-94.047,-60.86,-43.157
0.87565,-5.1337,-7.0523,-0.9398,2.8689,-6.8692,-29.282,-81.621,-93.991,-95.64,-63.14,-44.789
1.716,-6.8574,-9.5002,-0.51512,4.3376,-8.9183,-29.643,-82.049,-95.016,-97.061,-65.14,-46.107
1.6297,-10.252,-12.916,1.1259,5.8254,-12.312,-29.924,-82.527,-96.162,-98.403,-66.958,-47.221
0.65216,-14.409,-16.24,3.552,6.784,-16.084,-30.131,-83.067,-97.43,-99.722,-68.677,-48.237
-0.94028,-18.333,-18.662,6.1894,6.9422,-19.342,-30.249,-83.65,-98.741,-101.01,-70.331,-49.229
-2.7598,-21.363,-19.891,8.5544,6.3897,-21.601,-30.227,-84.232,-99.971,-102.24,-71.917,-50.209
-4.476,-23.438,-20.24,10.449,5.4924,-22.952,-30.004,-84.772,-101.01,-103.33,-73.406,-51.134
-5.9374,-25.066,-20.458,12.014,4.7034,-23.983,-29.541,-85.223,-101.81,-104.23,-74.767,-51.913
-7.2023,-27.027,-21.387,13.637,4.3785,-25.49,-28.82,-85.552,-102.36,-104.94,-75.946,-52.431
-8.4763,-30.027,-23.6,15.783,4.6681,-28.117,-27.862,-85.743,-102.69,-105.44,-76.855,-52.583
-9.9885,-34.408,-27.162,18.779,5.4901,-32.067,-26.726,-85.798,-102.84,-105.73,-77.396,-52.308
-11.859,-39.968,-31.587,22.635,6.5656,-36.991,-25.514,-85.732,-102.88,-105.85,-77.517,-51.641
-14.02,-45.951,-36.039,26.966,7.5152,-42.102,-24.369,-85.56,-102.84,-105.83,-77.254,-50.73
-16.221,-51.302,-39.619,31.082,8.0007,-46.475,-23.44,-85.253,-102.75,-105.72,-76.728,-49.803
-18.113,-55.054,-41.625,34.241,7.8651,-49.317,-22.84,-84.735,-102.57,-105.56,-76.082,-49.063
-19.366,-56.624,-41.742,35.921,7.1906,-50.176,-22.611,-83.854,-102.2,-105.35,-75.418,-48.594
-19.775,-55.991,-40.112,36.004,6.2418,-49.071,-22.701,-82.429,-101.42,-105.05,-74.776,-48.334
-19.341,-53.687,-37.243,34.788,5.3292,-46.471,-22.985,-80.316,-99.971,-104.55,-74.147,-48.132
-18.266,-50.595,-33.83,32.844,4.6856,-43.137,-23.293,-77.477,-97.548,-103.74,-73.503,-47.827
-16.874,-47.656,-30.624,30.794,4.4355,-39.927,-23.452,-73.996,-93.849,-102.45,-72.76,-47.302
-15.477,-45.619,-28.395,29.157,4.6562,-37.627,-23.324,-70.019,-88.643,-100.44,-71.747,-46.468
-14.254,-44.893,-27.843,28.241,5.4438,-36.818,-22.817,-65.618,-81.976,-97.358,-70.154,-45.228
-13.197,-45.51,-29.405,28.046,6.915,-37.779,-21.88,-60.669,-74.649,-92.768,-67.568,-43.468
-12.128,-47.172,-33.108,28.225,9.1518,-40.438,-20.506,-54.853,-68.804,-87.158,-63.631,-41.057
-10.766,-49.264,-38.518,28.184,12.125,-44.316,-18.761,-47.841,-67.542,-87.463,-58.606,-37.82
-8.8339,-50.871,-44.738,27.432,15.636,-48.46,-16.826,-39.633,-71.622,-105.42,-56.653,-34.102
-6.163,-51.598,-50.419,26.625,19.302,-51.712,-15.045,-30.992,-74.716,-113.53,-76.405,-38.018
-2.7333,-56.352,-54.537,29.862,22.592,-55.698,-13.775,-23.723,-67.225,-109.52,-94.942,-57.217
1.4534,-83.117,-65.443,43.107,25.011,-77.795,-12.698,-19.566,-45.722,-98.27,-99.744,-64.953
6.4905,-106.9,-97.078,52.533,28.299,-104.95,-8.0187,-13.245,-10.024,-77.552,-98.498,-67.328
12.36,-100.52,-103.52,45.867,47.732,-102.41,21.288,39.088,41.429,-44.408,-87.909,-62.749
18.635,-79.799,-95.088,29.881,55.8,-87.238,62.813,131.16,100.9,7.6268,-63.23,-47.681
24.732,-46.005,-76.427,7.0179,53.511,-61.059,72.416,156.8,151.86,87.703,-16.914,-18.036
31.051,-0.52917,-48.63,-22.734,48.551,-23.621,72.682,166.9,214.75,188.39,54.595,27.451
42.14,56.383,-10.366,-60.086,39.976,25.206,64.758,162.76,297.81,305.53,146.77,87.258
71.366,127.32,42.045,-106.02,24.949,87.435,45.418,138.27,358.16,440.8,256.98,161.93
109.57,214.85,113.17,-160.47,-0.76929,166.54,10.142,84.058,404.6,592.32,381.42,248.66
128.83,319.21,206.71,-221.55,-41.997,264.53,-45.171,-10.167,433.85,753.3,515.47,342.27
131.86,439.18,324.78,-286.34,-102.84,382.1,-121.05,-150.74,437.49,909.72,648.55,435.6
118.47,572.12,467.28,-350.89,-185.12,518.55,-211.67,-335.76,403.31,1039.8,763.39,518.41
85.975,710.59,629.5,-409.25,-286.68,668.41,-307.63,-554.99,322.76,1115.5,839.62,578.17
34.713,840.7,806.34,-453.61,-399.62,818.8,-402.36,-792.09,193.29,1106.7,857.63,602.32
-30.473,944.34,968.61,-476.26,-510.75,950.75,-492.78,-1026.9,14.027,988.18,802.31,581.04
-101.22,1003.8,1093.6,-471.85,-604.54,1043.5,-576.39,-1238.6,-214.21,750.09,668.49,510.51
-167.84,1007.0,1161.1,-439.04,-666.78,1080.1,-651.09,-1409.1,-484.77,406.01,465.48,395.43
-222.11,950.28,1158.7,-380.98,-688.19,1052.1,-715.48,-1525.8,-781.08,-5.7765,217.22,249.13
-259.19,840.26,1086.2,-304.52,-666.77,962.23,-767.98,-1583.0,-1076.6,-429.74,-42.741,90.685
-277.25,691.57,955.02,-218.62,-607.82,823.2,-805.32,-1580.6,-1338.5,-806.81,-279.28,-59.749
-276.72,523.9,785.78,-132.63,-522.33,655.24,-822.23,-1522.4,-1534.1,-1089.2,-464.05,-185.4
-260.5,357.67,603.51,-54.938,-424.21,481.25,-813.33,-1415.9,-1638.1,-1250.9,-581.05,-275.48
-233.82,210.27,431.37,7.7781,-326.79,321.36,-776.31,-1271.2,-1639.7,-1291.3,-628.6,-326.01
-202.28,93.872,285.89,51.644,-240.54,189.64,-713.79,-1101.0,-1546.6,-1230.9,-618.39,-340.06
-170.0,13.142,174.49,76.989,-172.05,93.306,-632.64,-919.66,-1383.3,-1103.0,-570.41,-327.05
-139.67,-35.572,98.0,87.472,-122.63,31.221,-541.6,-742.04,-1182.8,-943.33,-504.01,-298.97
-114.45,-60.384,51.431,87.531,-88.767,-4.3393,-449.19,-581.04,-976.11,-780.96,-432.52,-264.97
-96.805,-68.965,25.856,78.086,-66.165,-21.804,-362.58,-445.37,-785.24,-634.23,-364.07,-229.92
-84.096,-67.29,14.01,43.696,-51.788,-27.519,-286.81,-339.22,-623.45,-510.94,-303.58,-196.23
-72.401,-59.171,10.126,25.276,-42.676,-26.644,-224.45,-261.05,-496.83,-412.65,-253.35,-165.8
-59.883,-29.778,9.3953,24.373,-35.407,-22.472,-175.6,-204.87,-403.23,-339.29,-214.07,-139.86
-45.948,-12.731,8.3354,24.145,-27.537,-9.8638,-138.25,-164.01,-333.79,-286.45,-185.32,-120.0
-31.245,-19.916,5.8145,22.57,-17.67,-3.4791,-109.68,-133.23,-279.73,-246.7,-163.83,-105.17
-18.488,-25.637,-1.116,19.992,-5.6699,-14.39,-87.781,-108.82,-235.42,-215.77,-145.81,-93.469
-9.3967,-28.333,-14.047,17.332,2.7787,-22.714,-71.269,-88.08,-198.02,-187.87,-129.23,-84.187
-3.6289,-30.276,-23.964,15.628,8.6473,-27.74,-59.223,-70.428,-166.57,-162.47,-113.62,-76.366
-0.74772,-33.13,-30.893,15.627,13.322,-32.084,-50.432,-65.251,-140.24,-140.43,-99.177,-68.422
-0.3964,-37.669,-36.795,17.54,16.762,-37.129,-47.351,-64.355,-118.37,-121.48,-86.874,-59.936
-1.912,-43.857,-42.787,20.978,19.182,-43.226,-47.593,-57.918,-102.14,-105.81,-76.82,-52.795
-4.3437,-50.965,-49.188,25.08,21.02,-50.033,-43.201,-50.493,-97.259,-95.848,-68.281,-47.779
-6.6831,-57.801,-55.711,28.778,22.724,-56.753,-37.794,-43.819,-96.481,-90.004,-60.991,-44.101
-8.06,-63.076,-61.655,31.133,24.602,-62.386,-32.997,-38.111,-92.709,-84.809,-54.994,-41.249
-7.8906,-65.817,-66.184,31.612,26.742,-66.028,-29.037,-33.173,-86.678,-79.382,-50.173,-39.018
-6.0,-65.684,-68.629,30.185,28.99,-67.158,-25.799,-28.71,-79.627,-73.765,-46.241,-37.228
-2.6573,-62.941,-68.623,27.206,31.003,-65.722,-23.073,-24.428,-72.202,-68.017,-42.854,-35.67
1.5313,-58.097,-66.073,23.154,32.348,-61.955,-20.626,-20.101,-64.734,-62.137,-39.715,-34.154
5.8261,-51.713,-61.166,18.493,32.655,-56.276,-18.236,-15.596,-57.447,-56.142,-36.645,-32.575
9.5571,-44.502,-54.477,13.698,31.77,-49.389,-15.688,-10.871,-50.538,-50.142,-33.598,-30.927
12.27,-37.348,-46.992,9.27,29.831,-42.272,-12.811,-5.9701,-44.176,-44.337,-30.638,-29.286
13.809,-31.137,-39.943,5.6014,27.243,-35.982,-9.5548,-1.011,-38.457,-38.943,-27.865,-27.757
14.316,-26.527,-34.503,2.8521,24.579,-31.407,-6.0289,3.8491,-33.383,-34.076,-25.344,-26.407
14.123,-23.812,-31.493,0.98966,22.428,-29.074,-2.4372,8.4845,-28.869,-29.728,-23.063,-25.224
13.591,-22.884,-31.194,-0.079899,21.252,-29.011,1.039,12.869,-24.793,-25.789,-20.936,-24.127
13.019,-23.302,-33.286,-0.46111,21.253,-30.745,4.328,17.098,-21.02,-22.12,-18.848,-23.0
12.618,-24.447,-36.934,-0.31423,22.312,-33.474,7.48,21.362,-17.441,-18.61,-16.715,-21.767
12.491,-25.703,-41.033,0.094301,24.01,-36.316,10.633,25.883,-13.978,-15.195,-14.508,-20.415
12.619,-26.549,-44.51,0.44971,25.769,-38.504,13.976,30.879,-10.556,-11.824,-12.232,-18.977
12.877,-26.674,-46.577,0.52365,27.04,-39.543,17.708,36.524,-7.0835,-8.4242,-9.8834,-17.471
13.083,-26.089,-46.877,0.28382,27.454,-39.326,21.962,42.908,-3.4518,-4.8918,-7.4222,-15.881
13.036,-25.132,-45.522,-0.086527,26.895,-38.133,26.693,49.97,0.4481,-1.1278,-4.7845,-14.155
12.566,-24.325,-43.021,-0.27111,25.501,-36.489,31.604,57.45,4.7041,2.9241,-1.9157,-12.247
11.604,-24.157,-40.116,0.034217,23.616,-34.981,36.249,64.949,9.3763,7.2637,1.1837,-10.163
10.256,-24.899,-37.572,0.97194,21.709,-34.08,40.268,72.077,14.51,11.846,4.4518,-7.9555
8.8201,-26.493,-35.983,2.4213,20.264,-34.022,43.554,78.604,20.152,16.608,7.7902,-5.6908
7.6988,-28.571,-35.655,4.009,19.642,-34.784,46.257,84.55,26.394,21.501,11.124,-3.3904
7.224,-30.638,-36.566,5.2846,19.974,-36.145,48.665,90.126,33.396,26.544,14.44,-1.0179
7.5005,-32.314,-38.423,5.984,21.14,-37.792,51.043,95.604,41.401,31.846,17.79,1.4756
8.3488,-33.489,-40.782,6.1815,22.825,-39.435,53.509,101.15,50.669,37.542,21.243,4.0884
9.3818,-34.322,-43.198,6.2111,24.624,-40.887,55.966,106.72,61.35,43.717,24.812,6.7344
10.177,-35.099,-45.334,6.4456,26.171,-42.097,58.151,112.06,73.346,50.337,28.439,9.2672
10.454,-36.065,-47.028,7.1102,27.242,-43.118,59.797,116.89,86.3,57.257,32.029,11.549
10.164,-37.318,-48.283,8.2138,27.8,-44.057,60.772,121.06,99.718,64.294,35.517,13.521
9.462,-38.783,-49.2,9.5805,27.959,-44.99,61.138,124.61,113.13,71.298,38.902,15.228
8.5902,-40.258,-49.873,10.939,27.866,-45.908,61.115,127.68,126.15,78.161,42.216,16.784
7.7418,-41.494,-50.322,12.039,27.614,-46.714,60.994,130.45,138.48,84.785,45.477,18.308
6.9758,-42.305,-50.485,12.765,27.203,-47.269,61.017,133.05,149.88,91.059,48.659,19.874
6.2281,-42.645,-50.255,13.174,26.578,-47.454,61.3,135.55,160.21,96.873,51.715,21.49
5.3996,-42.614,-49.539,13.431,25.68,-47.222,61.808,137.95,169.42,102.14,54.598,23.108
4.4555,-42.369,-48.303,13.681,24.5,-46.599,62.393,140.22,177.49,106.8,57.28,24.657
3.4714,-42.024,-46.563,13.952,23.085,-45.646,62.87,142.32,184.46,110.82,59.744,26.077
2.6089,-41.576,-44.345,14.154,21.543,-44.399,63.102,144.19,190.39,114.24,61.997,27.351
2.0526,-40.932,-41.706,14.136,20.018,-42.869,63.062,145.81,195.41,117.1,64.074,28.525
1.9479,-39.987,-38.839,13.767,18.691,-41.113,62.83,147.17,199.66,119.52,66.022,29.686
2.3663,-38.729,-36.173,12.988,17.777,-39.324,62.552,148.3,203.27,121.59,67.877,30.924
3.3001,-37.319,-34.324,11.849,17.503,-37.851,62.354,149.2,206.33,123.4,69.636,32.308
4.6824,-36.084,-33.939,10.512,18.065,-37.141,62.281,149.85,208.91,125.0,71.263,33.87
6.4259,-35.419,-35.496,9.2015,19.608,-37.608,62.276,150.22,211.04,126.42,72.705,35.612
8.454,-35.614,-39.141,8.1122,22.193,-39.476,62.232,150.26,212.73,127.63,73.92,37.503
10.704,-36.689,-44.566,7.3152,25.722,-42.616,62.082,149.92,213.99,128.6,74.893,39.496
13.098,-38.327,-51.008,6.7311,29.869,-46.517,61.859,149.24,214.83,129.33,75.641,41.55
15.507,-39.961,-57.378,6.1757,34.084,-50.383,61.674,148.28,215.29,129.83,76.201,43.636
17.75,-40.948,-62.488,5.4369,37.682,-53.341,61.648,147.17,215.4,130.12,76.611,45.733
19.64,-40.709,-65.299,4.325,40.003,-54.622,61.837,146.01,215.17,130.22,76.878,47.811
21.058,-38.811,-65.163,2.6896,40.602,-53.698,62.189,144.86,214.6,130.12,76.983,49.821
21.984,-35.081,-61.996,0.46715,39.394,-50.425,62.589,143.67,213.65,129.82,76.886,51.713
22.476,-29.787,-56.359,-2.2365,36.704,-45.183,62.925,142.33,212.27,129.28,76.566,53.469
22.618,-23.673,-49.343,-5.1161,33.16,-38.851,63.156,140.73,210.42,128.52,76.043,55.122
22.492,-17.741,-42.267,-7.7508,29.501,-32.559,63.308,138.74,208.11,127.56,75.386,56.75
22.14,-12.861,-36.3,-9.7643,26.36,-27.303,63.427,136.29,205.35,126.44,74.678,58.424
21.549,-9.4424,-32.134,-10.971,24.078,-23.608,63.52,133.3,202.17,125.17,73.967,60.156
20.661,-7.3164,-29.807,-11.426,22.598,-21.387,63.524,129.65,198.56,123.71,73.238,61.881
19.415,-5.8622,-28.73,-11.372,21.541,-20.023,63.305,125.21,194.42,122.0,72.422,63.483
17.821,-4.3057,-27.955,-11.129,20.436,-18.615,62.709,119.86,189.59,119.95,71.44,64.864
16.001,-2.0632,-26.562,-10.987,18.957,-16.353,61.625,113.56,183.85,117.5,70.256,65.988
14.164,1.0096,-24.015,-11.131,17.02,-12.89,60.048,106.39,176.98,114.66,68.917,66.894
12.549,4.6074,-20.377,-11.61,14.794,-8.5363,58.1,98.571,168.85,111.49,67.557,67.679
11.37,8.2093,-16.284,-12.374,12.628,-4.06,55.995,90.496,159.55,108.14,66.359,68.45
10.784,11.354,-12.613,-13.331,10.922,-0.24629,53.938,82.58,149.4,104.85,65.487,69.279
10.877,13.782,-10.016,-14.404,9.9812,2.4432,51.991,75.111,138.86,101.83,65.005,70.164
11.652,15.476,-8.6454,-15.549,9.9199,3.9827,50.014,68.134,128.35,99.167,64.833,71.022
13.026,16.637,-8.1609,-16.756,10.651,4.7364,47.711,61.463,118.12,96.868,64.783,71.722
14.832,17.617,-7.9697,-18.022,11.922,5.2898,44.762,54.793,108.24,94.832,64.641,72.145
16.833,18.78,-7.4977,-19.326,13.384,6.1896,40.947,47.84,98.644,92.942,64.253,72.229
18.705,20.28,-6.3992,-20.593,14.66,7.6843,36.218,40.463,89.296,91.102,63.558,71.995
20.021,21.887,-4.6861,-21.611,15.417,9.5815,30.735,32.719,80.213,89.247,62.577,71.527
20.34,23.007,-2.7028,-22.003,15.399,11.323,24.845,24.853,71.496,87.327,61.365,70.939
19.306,22.977,-0.85308,-21.338,14.441,12.31,18.971,17.182,63.272,85.276,59.958,70.319
16.701,21.461,0.76843,-19.354,12.432,12.301,13.464,9.9578,55.628,83.0,58.323,69.685
12.53,18.673,2.5183,-16.125,9.2746,11.591,8.5062,3.2944,48.593,80.407,56.371,68.971
7.1024,15.298,5.0004,-12.061,4.9432,10.855,4.1334,-2.7986,42.188,77.474,54.021,68.072
1.0014,12.208,8.688,-7.7865,-0.39754,10.819,0.29981,-8.3296,36.46,74.307,51.284,66.908
-5.0194,10.168,13.63,-3.9576,-6.3153,11.956,-3.0773,-13.278,31.471,71.1,48.267,65.46
-10.196,9.6308,19.411,-1.113,-12.16,14.363,-6.0998,-17.612,27.238,68.038,45.105,63.739
-13.962,10.665,25.352,0.44376,-17.263,17.789,-8.8767,-21.34,23.695,65.199,41.873,61.747
-16.116,12.972,30.802,0.70759,-21.174,21.764,-11.494,-24.52,20.708,62.544,38.561,59.461
-16.844,16.018,35.361,-0.055629,-23.803,25.773,-13.971,-27.24,18.127,59.965,35.118,56.859
-16.578,19.246,38.983,-1.4168,-25.398,29.433,-16.246,-29.588,15.835,57.347,31.503,53.941
-15.819,22.276,41.933,-2.9294,-26.419,32.602,-18.212,-31.651,13.741,54.582,27.697,50.73
-15.006,24.991,44.625,-4.2875,-27.317,35.381,-19.779,-33.529,11.752,51.553,23.697,47.261
-14.386,27.486,47.318,-5.4283,-28.286,37.96,-20.914,-35.322,9.7688,48.169,19.517,43.576
-13.917,29.899,49.849,-6.5099,-29.139,40.394,-21.643,-37.081,7.7249,44.43,15.223,39.744
-13.271,32.241,51.612,-7.7806,-29.387,42.455,-22.026,-38.775,5.6273,40.467,10.943,35.875
-11.99,34.324,51.88,-9.4126,-28.478,43.71,-22.143,-40.3,3.5475,36.495,6.8275,32.096
-9.7495,35.843,50.195,-11.377,-26.054,43.76,-22.078,-41.533,1.5776,32.722,2.9927,28.506
-6.5874,36.511,46.559,-13.426,-22.151,42.447,-21.908,-42.382,-0.2077,29.277,-0.50688,25.141
-2.9241,36.171,41.431,-15.196,-17.257,39.915,-21.678,-42.801,-1.7612,26.21,-3.664,21.998
0.58433,34.851,35.606,-16.349,-12.199,36.553,-21.388,-42.792,-3.0514,23.525,-6.4826,19.075
3.2751,32.731,30.001,-16.685,-7.8467,32.86,-20.988,-42.392,-4.049,21.216,-8.9475,16.402
4.7131,30.073,25.35,-16.184,-4.8104,29.276,-20.403,-41.662,-4.728,19.288,-11.018,14.046
4.8376,27.132,21.95,-14.997,-3.2509,26.039,-19.572,-40.689,-5.0948,17.733,-12.659,12.067
3.953,24.109,19.6,-13.387,-2.8827,23.15,-18.502,-39.6,-5.2295,16.492,-13.896,10.472
2.5717,21.125,17.769,-11.639,-3.1326,20.448,-17.288,-38.559,-5.3001,15.426,-14.845,9.1753
1.1932,18.204,15.86,-9.9496,-3.376,17.725,-16.108,-37.731,-5.5177,14.357,-15.686,8.0256
0.13254,15.283,13.48,-8.3657,-3.1641,14.839,-15.156,-37.218,-6.0469,13.145,-16.578,6.869
-0.53612,12.298,10.622,-6.8175,-2.3621,11.801,-14.551,-37.001,-6.9264,11.76,-17.583,5.6198
-0.92519,9.3166,7.693,-5.2292,-1.1698,8.849,-14.279,-36.954,-8.0504,10.292,-18.64,4.2894
-1.2274,6.6235,5.3759,-3.6187,-0.034135,6.4368,-14.212,-36.913,-9.2246,8.9002,-19.61,2.9586
-1.6212,4.6664,4.3696,-2.1253,0.51881,5.1076,-14.173,-36.761,-10.264,7.7248,-20.358,1.7145
-2.222,3.8885,5.1495,-0.95817,0.068964,5.2913,-14.019,-36.474,-11.067,6.8313,-20.827,0.59665
-3.0807,4.5443,7.8579,-0.30159,-1.5788,7.1522,-13.688,-36.103,-11.633,6.2097,-21.034,-0.41177
-4.2094,6.6145,12.341,-0.23091,-4.3836,10.571,-13.207,-35.721,-12.02,5.8137,-21.044,-1.3533
-5.6083,9.849,18.237,-0.682,-8.1394,15.228,-12.671,-35.388,-12.309,5.5931,-20.924,-2.2675
-7.2696,13.883,25.044,-1.4882,-12.561,20.707,-12.202,-35.132,-12.579,5.5026,-20.731,-3.181
-9.1585,18.35,32.193,-2.4599,-17.328,26.569,-11.892,-34.96,-12.891,5.5044,-20.5,-4.1024
-11.194,22.948,39.116,-3.4577,-22.103,32.397,-11.769,-34.863,-13.274,5.5736,-20.24,-5.0164
-13.249,27.451,45.321,-4.4192,-26.558,37.827,-11.791,-34.837,-13.738,5.6949,-19.948,-5.8924
-15.184,31.692,50.453,-5.3435,-30.431,42.574,-11.89,-34.892,-14.286,5.8509,-19.63,-6.7093
-16.867,35.563,54.347,-6.2645,-33.584,46.477,-12.002,-35.063,-14.936,6.0154,-19.316,-7.4727
-18.194,39.031,57.054,-7.241,-36.0,49.537,-12.09,-35.387,-15.711,6.16,-19.045,-8.2078
-19.084,42.164,58.835,-8.3519,-37.761,51.935,-12.132,-35.871,-16.611,6.2737,-18.841,-8.93
-19.481,45.119,60.092,-9.6786,-39.019,53.984,-12.13,-36.47,-17.59,6.3834,-18.68,-9.6138
-19.373,48.088,61.267,-11.279,-39.963,56.022,-12.118,-37.087,-18.538,6.566,-18.485,-10.177
-18.816,51.227,62.738,-13.166,-40.763,58.307,-12.161,-37.585,-19.297,6.9395,-18.131,-10.492
-17.95,54.583,64.754,-15.297,-41.542,60.96,-12.32,-37.827,-19.702,7.6316,-17.482,-10.422
-16.983,58.054,67.389,-17.559,-42.378,63.941,-12.625,-37.72,-19.65,8.7326,-16.44,-9.8708
-16.151,61.392,70.525,-19.771,-43.34,67.051,-13.065,-37.249,-19.136,10.256,-14.982,-8.8211
-15.659,64.248,73.84,-21.689,-44.479,69.955,-13.612,-36.486,-18.27,12.128,-13.164,-7.34
-15.614,66.234,76.843,-23.053,-45.758,72.226,-14.227,-35.577,-17.236,14.213,-11.102,-5.5554
-15.959,67.024,78.934,-23.663,-46.945,73.443,-14.877,-34.699,-16.241,16.35,-8.9381,-3.6111
-16.462,66.477,79.513,-23.488,-47.612,73.304,-15.539,-34.035,-15.476,18.378,-6.8063,-1.6316
-16.766,64.728,78.135,-22.719,-47.265,71.718,-16.212,-33.752,-15.089,20.159,-4.823,0.29392
-16.467,62.16,74.648,-21.731,-45.514,68.836,-16.896,-33.967,-15.176,21.593,-3.0653,2.1272
-15.24,59.271,69.296,-20.951,-42.208,65.007,-17.584,-34.727,-15.772,22.646,-1.5527,3.8994
-12.992,56.527,62.722,-20.702,-37.545,60.706,-18.281,-36.0,-16.864,23.345,-0.25546,5.6866
-9.958,54.263,55.873,-21.086,-32.129,56.472,-19.035,-37.702,-18.424,23.739,0.86038,7.5359
-6.6683,52.657,49.811,-21.956,-26.887,52.846,-19.94,-39.728,-20.43,23.852,1.7937,9.4032
-3.8112,51.756,45.472,-23.015,-22.815,50.285,-21.09,-41.968,-22.849,23.689,2.5114,11.159
-2.0042,51.539,43.454,-23.973,-20.651,49.085,-22.531,-44.315,-25.598,23.264,2.9834,12.648
-1.5217,52.004,43.886,-24.718,-20.623,49.331,-24.241,-46.68,-28.538,22.622,3.2119,13.764
-2.1211,53.23,46.417,-25.406,-22.423,50.911,-26.16,-49.02,-31.505,21.829,3.2289,14.474
-3.1039,55.365,50.348,-26.416,-25.337,53.584,-28.231,-51.347,-34.396,20.931,3.0678,14.809
-3.585,58.544,54.862,-28.199,-28.443,57.057,-30.422,-53.726,-37.232,19.917,2.7377,14.835
-2.8162,62.79,59.263,-31.096,-30.864,61.031,-32.717,-56.244,-40.147,18.723,2.222,14.626
-0.44975,67.943,63.112,-35.203,-32.043,65.209,-35.087,-58.972,-43.332,17.253,1.4957,14.255
3.3317,73.661,66.266,-40.291,-31.921,69.331,-37.471,-61.93,-46.948,15.412,0.5426,13.775
7.8722,79.454,68.876,-45.818,-30.911,73.24,-39.779,-65.074,-51.073,13.137,-0.63536,13.205
12.276,84.752,71.257,-51.047,-29.665,76.867,-41.913,-68.304,-55.68,10.408,-2.0205,12.533
15.725,89.01,73.616,-55.252,-28.747,80.094,-43.8,-71.498,-60.655,7.2284,-3.5952,11.723
17.742,91.817,75.767,-57.94,-28.379,82.64,-45.416,-74.546,-65.839,3.6016,-5.3562,10.725
18.317,92.925,77.116,-58.945,-28.375,84.068,-46.769,-77.357,-71.047,-0.47123,-7.3074,9.5054
17.865,92.228,76.921,-58.389,-28.251,83.909,-47.868,-79.846,-76.073,-4.9641,-9.426,8.0784
17.019,89.734,74.607,-56.577,-27.425,81.822,-48.684,-81.915,-80.691,-9.7786,-11.627,6.5366
16.353,85.583,69.995,-53.884,-25.441,77.74,-49.153,-83.455,-84.699,-14.724,-13.764,5.038
16.133,80.106,63.414,-50.67,-22.196,71.978,-49.205,-84.38,-87.979,-19.562,-15.678,3.7447
16.214,73.842,55.728,-47.192,-18.094,65.245,-48.81,-84.663,-90.524,-24.116,-17.271,2.7429
16.13,67.449,48.185,-43.56,-13.967,58.497,-48.006,-84.356,-92.42,-28.344,-18.554,1.9952
15.341,61.487,42.067,-39.752,-10.763,52.645,-46.889,-83.578,-93.806,-32.351,-19.639,1.3573
13.488,56.194,38.253,-35.696,-9.1631,48.249,-45.58,-82.487,-94.837,-36.318,-20.679,0.64765
10.541,51.396,36.9,-31.338,-9.3445,45.309,-44.169,-81.232,-95.661,-40.405,-21.805,-0.27471
6.7742,46.595,37.346,-26.66,-10.96,43.222,-42.698,-79.918,-96.399,-44.69,-23.076,-1.4641
2.5813,41.172,38.266,-21.668,-13.306,40.933,-41.161,-78.605,-97.141,-49.15,-24.473,-2.8892
-1.7024,34.616,38.073,-16.378,-15.593,37.304,-39.543,-77.323,-97.938,-53.684,-25.929,-4.4627
-5.8514,26.689,35.509,-10.809,-17.181,31.556,-37.841,-76.094,-98.803,-58.154,-27.356,-6.0783
-9.6998,17.512,30.199,-4.9949,-17.693,23.639,-36.087,-74.948,-99.716,-62.425,-28.686,-7.6482
-13.08,7.5486,22.746,0.96604,-17.007,14.286,-34.351,-73.923,-100.64,-66.418,-29.891,-9.1378
-15.807,-2.558,14.131,6.8661,-15.172,4.5056,-32.731,-73.053,-101.55,-70.093,-30.999,-10.582
-17.7,-12.21,5.0899,12.41,-12.329,-4.9768,-31.317,-72.347,-102.4,-73.441,-32.063,-12.062
-18.621,-20.965,-3.957,17.279,-8.6845,-13.789,-30.162,-71.778,-103.16,-76.457,-33.128,-13.655
-18.512,-28.518,-12.698,21.193,-4.5197,-21.722,-29.257,-71.291,-103.8,-79.119,-34.196,-15.38
-17.435,-34.63,-20.752,23.945,-0.19763,-28.562,-28.539,-70.829,-104.27,-81.381,-35.203,-17.179
-15.599,-39.067,-27.571,25.426,3.844,-33.997,-27.917,-70.35,-104.57,-83.233,-36.049,-18.942
-13.347,-41.63,-32.524,25.675,7.1475,-37.645,-27.308,-69.85,-104.7,-84.714,-36.639,-20.559
-11.095,-42.303,-35.164,24.912,9.3526,-39.256,-26.654,-69.36,-104.71,-85.901,-36.934,-21.956
-9.2306,-41.401,-35.478,23.517,10.316,-38.945,-25.933,-68.933,-104.67,-86.9,-36.96,-23.121
-7.9999,-39.547,-33.995,21.941,10.17,-37.272,-25.141,-68.628,-104.66,-87.822,-36.806,-24.103
-7.4426,-37.493,-31.651,20.573,9.3135,-35.088,-24.274,-68.487,-104.76,-88.747,-36.58,-24.973
-7.4011,-35.865,-29.471,19.624,8.2916,-33.224,-23.338,-68.528,-104.99,-89.695,-36.376,-25.797
-7.6042,-34.971,-28.198,19.077,7.6055,-32.2,-22.359,-68.731,-105.33,-90.664,-36.257,-26.639
-7.7878,-34.725,-28.07,18.741,7.5158,-32.08,-21.417,-69.073,-105.76,-91.651,-36.287,-27.573
-7.7913,-34.71,-28.779,18.366,7.9574,-32.491,-20.642,-69.551,-106.26,-92.674,-36.532,-28.684
-7.5873,-34.377,-29.622,17.771,8.5949,-32.79,-20.177,-70.181,-106.84,-93.765,-37.057,-30.037
-7.2357,-33.295,-29.789,16.902,8.997,-32.349,-20.101,-70.96,-107.48,-94.937,-37.86,-31.592
-6.8043,-31.32,-28.699,15.801,8.8359,-30.808,-20.388,-71.829,-108.16,-96.158,-38.835,-33.22
-6.3255,-28.587,-26.208,14.531,8.0053,-28.185,-20.91,-72.657,-108.83,-97.362,-39.805,-34.751
-5.8287,-25.389,-22.577,13.158,6.6016,-24.783,-21.497,-73.289,-109.43,-98.488,-40.608,-36.074
-5.4052,-22.127,-18.32,11.814,4.813,-21.073,-22.005,-73.571,-109.88,-99.487,-41.172,-37.19
-5.2347,-19.314,-14.044,10.754,2.8215,-17.622,-22.354,-73.387,-110.14,-100.35,-41.529,-38.189
-5.5388,-17.52,-10.342,10.325,0.76215,-15.014,-22.529,-72.666,-110.13,-101.07,-41.775,-39.2
-6.4915,-17.194,-7.6843,10.818,-1.2733,-13.708,-22.559,-71.378,-109.74,-101.63,-42.004,-40.326
-8.1382,-18.442,-6.3309,12.305,-3.2163,-13.872,-22.462,-69.526,-108.83,-101.94,-42.226,-41.597
-10.378,-20.93,-6.2495,14.565,-4.9983,-15.285,-22.209,-67.131,-107.22,-101.87,-42.333,-42.926
-13.0,-23.994,-7.103,17.172,-6.5397,-17.404,-21.696,-64.207,-104.65,-101.15,-42.064,-44.1
-15.741,-26.934,-8.3662,19.66,-7.7584,-19.607,-20.756,-60.724,-100.89,-99.403,-41.026,-44.81
-18.33,-29.279,-9.586,21.658,-8.5901,-21.476,-19.222,-56.554,-95.944,-96.177,-38.805,-44.734
-20.533,-30.831,-10.632,22.933,-8.9812,-22.899,-17.008,-51.449,-90.769,-91.581,-35.187,-43.61
-22.236,-31.511,-11.715,23.436,-8.8376,-23.941,-14.225,-45.11,-87.701,-89.959,-30.752,-41.317
-23.524,-31.266,-13.132,23.682,-7.9761,-24.555,-11.261,-37.411,-88.662,-103.12,-30.903,-38.603
-24.34,-31.104,-14.848,26.511,-6.1299,-24.485,-8.7502,-28.807,-90.838,-114.4,-57.449,-42.341
-23.763,-40.264,-16.671,40.015,-3.0196,-26.509,-7.2642,-20.82,-86.71,-112.48,-79.161,-58.201
-20.164,-83.055,-28.857,58.257,1.5771,-57.044,-6.4088,-15.737,-71.022,-103.93,-81.299,-64.52
-12.44,-105.26,-79.998,58.364,9.0914,-98.051,-1.9129,-12.746,-42.857,-87.587,-76.426,-65.367
-0.56266,-97.395,-98.283,46.373,31.586,-99.019,27.589,11.298,-0.4251,-59.479,-61.085,-60.556
14.635,-76.647,-99.457,26.55,53.906,-87.634,66.955,109.75,58.058,-11.871,-30.601,-46.56
31.715,-42.712,-89.856,-0.50063,63.132,-65.332,74.266,151.74,117.89,64.982,18.16,-18.622
49.23,4.042,-68.102,-33.82,66.718,-30.357,72.178,167.13,176.49,164.49,84.039,25.018
67.109,62.225,-32.002,-72.124,62.512,18.261,60.949,169.04,266.58,281.72,167.31,84.519
88.787,131.64,20.588,-115.41,48.289,80.323,37.173,152.36,338.36,413.88,268.95,158.91
115.22,213.43,91.604,-164.59,21.733,156.27,-2.7576,109.2,389.88,561.11,386.57,243.85
136.33,310.53,182.97,-220.08,-19.564,248.91,-60.686,30.316,423.27,717.67,515.41,335.01
144.82,425.37,297.49,-281.38,-77.447,362.26,-135.25,-92.666,431.98,870.68,645.41,426.12
138.89,555.85,435.66,-345.82,-153.01,495.9,-222.78,-263.45,404.82,999.49,759.9,507.5
116.57,695.19,593.91,-407.58,-245.97,644.49,-319.2,-476.77,331.43,1076.1,837.89,566.9
77.005,830.71,766.28,-457.44,-352.37,797.16,-420.0,-717.64,207.77,1069.5,858.42,591.49
22.575,944.26,932.42,-486.14,-462.39,936.59,-519.85,-964.51,30.73,953.37,805.52,570.9
-40.934,1018.1,1068.6,-489.34,-561.55,1042.8,-613.84,-1193.7,-199.15,717.45,673.82,500.82
-106.41,1040.0,1154.2,-467.27,-635.03,1098.1,-698.54,-1384.5,-473.54,375.03,473.26,385.86
-167.27,1003.4,1173.9,-421.0,-671.57,1091.1,-771.35,-1522.4,-773.97,-35.751,228.54,239.58
-217.75,909.25,1122.7,-353.4,-666.61,1019.2,-829.67,-1600.1,-1072.5,-459.27,-26.882,81.26
-253.5,767.45,1008.3,-270.99,-622.8,890.85,-869.4,-1615.8,-1335.5,-835.79,-258.78,-68.747
-272.18,595.94,847.81,-182.22,-548.51,723.58,-884.53,-1572.1,-1529.7,-1116.4,-438.83,-193.16
-273.47,417.21,664.31,-95.477,-456.33,540.38,-869.32,-1474.0,-1629.6,-1274.4,-549.19,-280.43
-259.53,252.76,482.03,-18.031,-359.92,364.95,-822.26,-1330.1,-1625.2,-1309.1,-585.96,-325.71
-234.93,116.25,320.0,44.544,-269.85,214.85,-747.71,-1153.0,-1525.4,-1242.4,-563.23,-331.44
-205.21,13.045,188.65,88.769,-192.46,99.202,-654.27,-959.53,-1356.4,-1109.4,-507.5,-310.38
-174.62,-54.305,96.142,113.42,-131.71,21.339,-552.49,-768.78,-1151.7,-946.77,-440.31,-277.79
-145.25,-86.934,42.313,119.62,-89.02,-21.366,-453.06,-597.74,-942.82,-783.24,-373.12,-242.9
-118.82,-92.226,16.923,111.28,-62.203,-37.132,-364.31,-457.51,-752.39,-636.76,-312.14,-209.54
-97.708,-80.971,9.8501,94.573,-46.64,-35.843,-290.49,-350.41,-593.62,-514.83,-260.64,-178.35
-82.348,-64.605,12.141,71.835,-37.875,-27.454,-231.83,-271.16,-471.05,-418.35,-218.63,-150.46
-71.051,-51.937,14.35,46.795,-31.548,-21.462,-185.67,-212.68,-381.31,-346.5,-184.13,-126.93
-62.074,-38.361,9.9668,40.179,-24.948,-22.44,-148.29,-169.38,-315.55,-294.0,-157.98,-109.9
-54.119,-42.094,-1.7394,39.585,-16.912,-22.412,-116.82,-136.93,-264.31,-252.75,-137.96,-97.532
-45.779,-49.412,-13.02,40.206,-7.7663,-34.449,-90.246,-111.6,-221.59,-220.9,-120.75,-87.632
-36.154,-53.821,-27.16,40.152,-2.5645,-42.8,-68.814,-90.258,-184.98,-192.84,-104.7,-79.003
-26.853,-54.683,-35.536,38.015,2.0804,-46.255,-52.785,-71.923,-153.74,-167.78,-89.854,-70.41
-19.623,-51.438,-37.593,33.409,5.5079,-45.261,-41.056,-65.279,-127.41,-146.8,-76.901,-61.617
-14.064,-44.645,-34.915,27.051,7.1462,-40.58,-33.119,-64.034,-105.67,-129.4,-64.944,-54.04
-9.4089,-36.14,-29.715,20.215,7.5218,-33.899,-29.564,-57.685,-90.476,-114.99,-54.004,-48.157
-5.3805,-28.339,-24.504,14.163,7.6169,-27.486,-26.598,-49.768,-83.271,-104.48,-44.767,-43.099
-2.0125,-23.279,-21.403,9.8467,8.3348,-23.397,-22.311,-42.101,-74.871,-97.713,-37.231,-38.261
0.57779,-22.014,-21.479,7.7988,10.164,-22.731,-17.374,-35.175,-63.103,-92.455,-31.151,-33.602
2.3095,-24.507,-24.666,8.0438,13.078,-25.443,-12.215,-29.139,-51.091,-87.324,-26.283,-29.312
3.1908,-29.82,-30.186,10.094,16.646,-30.672,-7.1843,-24.001,-40.813,-82.132,-22.415,-25.575
3.3486,-36.497,-36.917,13.112,20.269,-37.169,-2.6581,-19.642,-32.67,-77.088,-19.358,-22.462
3.0379,-43.024,-43.622,16.204,23.442,-43.63,1.1099,-15.82,-26.333,-72.364,-16.939,-19.952
2.6116,-48.254,-49.306,18.72,25.956,-48.999,4.0777,-12.232,-21.283,-67.965,-14.989,-17.957
2.4421,-51.744,-53.606,20.447,27.968,-52.783,6.3571,-8.6128,-17.039,-63.767,-13.358,-16.371
2.81,-53.817,-56.872,21.572,29.894,-55.182,8.1067,-4.824,-13.263,-59.627,-11.955,-15.12
3.7894,-55.228,-59.829,22.46,32.158,-56.901,9.4282,-0.90538,-9.7854,-55.5,-10.777,-14.208
5.1908,-56.682,-63.074,23.389,34.925,-58.681,10.329,2.956,-6.5675,-51.489,-9.8782,-13.695
6.6222,-58.544,-66.684,24.439,37.987,-60.872,10.78,6.5388,-3.6114,-47.76,-9.2949,-13.62
7.6304,-60.82,-70.185,25.634,40.836,-63.325,10.808,9.7276,-0.89166,-44.41,-8.9884,-13.93
7.818,-63.218,-72.835,27.011,42.809,-65.584,10.527,12.576,1.6561,-41.399,-8.8597,-14.503
6.9079,-65.266,-73.9,28.529,43.21,-67.082,10.065,15.253,4.1066,-38.605,-8.8142,-15.197
4.8127,-66.478,-72.799,30.021,41.542,-67.301,9.4953,17.941,6.5233,-35.913,-8.8124,-15.935
1.7107,-66.553,-69.298,31.264,37.813,-65.958,8.8457,20.781,8.9702,-33.248,-8.8611,-16.703
-1.9404,-65.493,-63.684,32.102,32.606,-63.138,8.1843,23.916,11.547,-30.549,-8.957,-17.499
-5.49,-63.597,-56.708,32.505,26.88,-59.288,7.6812,27.5,14.419,-27.729,-9.0385,-18.287
-8.2535,-61.269,-49.353,32.506,21.687,-55.03,7.6023,31.726,17.822,-24.668,-8.978,-18.963
-9.6933,-58.804,-42.628,32.069,17.918,-50.955,8.2092,36.766,22.027,-21.249,-8.6156,-19.383
-9.5752,-56.343,-37.436,31.089,16.1,-47.534,9.6759,42.689,27.299,-17.395,-7.8168,-19.416
-8.0506,-54.016,-34.472,29.551,16.277,-45.118,12.03,49.392,33.819,-13.107,-6.5297,-18.997
-5.6089,-52.075,-34.13,27.699,18.068,-43.911,15.143,56.591,41.59,-8.4821,-4.8205,-18.172
-2.9123,-50.917,-36.49,26.037,20.915,-44.031,18.768,63.862,50.372,-3.6933,-2.8664,-17.092
-0.59695,-51.056,-41.44,25.161,24.329,-45.723,22.621,70.815,59.717,1.0713,-0.89814,-15.967
0.88105,-52.969,-48.672,25.535,27.975,-49.334,26.486,77.198,69.184,5.6586,0.88388,-14.988
1.3267,-56.809,-57.5,27.296,31.616,-54.874,30.272,82.987,78.555,10.004,2.3866,-14.262
0.8064,-62.125,-66.726,30.159,34.992,-61.658,34.071,88.408,87.955,14.165,3.6619,-13.775
-0.43161,-67.847,-74.819,33.474,37.695,-68.367,38.096,93.876,97.807,18.321,4.901,-13.395
-2.079,-72.627,-80.322,36.454,39.242,-73.509,42.565,99.834,108.6,22.735,6.3702,-12.926
-3.869,-75.383,-82.333,38.447,39.261,-76.032,47.523,106.55,120.5,27.684,8.3044,-12.201
-5.6255,-75.484,-80.474,39.069,37.463,-75.418,52.702,113.94,133.11,33.357,10.799,-11.184
-7.2535,-72.522,-74.52,38.144,33.635,-71.329,57.603,121.6,145.51,39.762,13.753,-10.016
-8.692,-66.436,-64.663,35.671,27.903,-63.808,61.78,129.02,156.76,46.656,16.899,-8.9405
-9.8715,-57.87,-52.048,31.894,20.919,-53.742,65.074,135.77,166.39,53.594,19.9,-8.1784
-10.709,-48.18,-38.766,27.351,13.741,-42.796,67.631,141.65,174.4,60.117,22.49,-7.8116
-11.127,-39.087,-27.225,22.839,7.5538,-32.947,69.765,146.67,181.07,65.985,24.616,-7.7324
-11.086,-32.203,-19.421,19.192,3.3772,-25.943,71.821,151.03,186.73,71.266,26.488,-7.6692
-10.592,-28.49,-16.403,16.884,1.7984,-22.793,74.069,155.03,191.69,76.238,28.487,-7.2985
-9.6802,-27.839,-17.937,15.781,2.7691,-23.401,76.625,158.92,196.14,81.199,30.982,-6.3873
-8.3942,-29.254,-22.602,15.393,5.6133,-26.61,79.417,162.86,200.18,86.294,34.171,-4.8827
-6.7502,-31.394,-28.38,15.191,9.2922,-30.716,82.223,166.85,203.83,91.461,38.019,-2.9067
-4.7007,-32.729,-33.321,14.519,12.798,-33.977,84.797,170.82,207.12,96.492,42.318,-0.66606
-2.1649,-31.934,-36.01,12.74,15.484,-35.061,86.983,174.68,210.06,101.17,46.81,1.6557
0.84851,-28.646,-35.962,9.6335,17.176,-33.565,88.768,178.41,212.69,105.38,51.306,3.9596
4.1388,-23.732,-33.848,5.5771,18.054,-30.25,90.257,182.01,215.04,109.08,55.721,6.2295
7.289,-18.854,-31.148,1.4616,18.454,-26.714,91.627,185.49,217.14,112.27,60.035,8.5025
9.752,-15.753,-29.502,-1.5773,18.771,-24.698,93.042,188.8,218.92,114.92,64.216,10.825
11.078,-15.69,-30.182,-2.6001,19.401,-25.39,94.553,191.73,220.28,116.9,68.159,13.195
11.165,-18.985,-33.662,-1.3512,20.656,-29.015,96.065,193.97,221.04,118.03,71.686,15.513
10.342,-24.748,-39.496,1.5628,22.68,-34.81,97.364,195.22,221.02,118.13,74.597,17.586
9.2916,-31.178,-46.526,4.9624,25.386,-41.316,98.19,195.26,220.09,117.12,76.75,19.193
8.8811,-36.208,-53.199,7.4877,28.466,-46.832,98.325,194.14,218.23,115.0,78.135,20.199
9.813,-38.058,-57.991,7.972,31.463,-49.836,97.669,192.12,215.56,111.95,78.893,20.64
12.229,-35.877,-59.856,5.9542,33.881,-49.436,96.268,189.63,212.24,108.25,79.29,20.717
15.605,-30.241,-58.497,1.9473,35.256,-45.743,94.279,187.1,208.46,104.23,79.617,20.71
18.942,-22.872,-54.355,-2.8459,35.219,-39.825,91.917,184.78,204.28,100.14,80.084,20.844
21.113,-15.74,-48.354,-7.0865,33.572,-33.193,89.4,182.62,199.69,96.064,80.739,21.212
21.287,-10.273,-41.574,-9.7398,30.381,-27.157,86.916,180.38,194.53,91.887,81.476,21.765
19.282,-7.052,-35.001,-10.363,26.03,-22.462,84.591,177.65,188.66,87.388,82.11,22.364
15.68,-5.7639,-29.392,-9.3159,21.192,-19.241,82.468,174.08,181.88,82.368,82.49,22.874
11.597,-5.3424,-25.136,-7.6478,16.661,-17.107,80.487,169.47,174.04,76.759,82.553,23.234
8.229,-4.3978,-22.173,-6.5868,13.133,-15.289,78.477,163.84,164.93,70.658,82.327,23.474
6.4414,-1.8318,-20.069,-6.9367,11.014,-12.888,76.173,157.29,154.3,64.314,81.882,23.664
6.5437,2.634,-18.201,-8.8134,10.33,-9.2542,73.3,150.03,142.02,58.055,81.295,23.868
8.286,8.4346,-15.954,-11.824,10.761,-4.3013,69.691,142.23,128.29,52.197,80.626,24.131
11.01,14.685,-12.9,-15.395,11.772,1.5067,65.405,134.05,113.76,46.966,79.907,24.478
13.925,20.668,-8.9602,-18.982,12.806,7.4773,60.714,125.6,99.374,42.467,79.133,24.914
16.41,25.937,-4.4597,-22.193,13.478,12.999,55.965,116.93,86.048,38.722,78.266,25.438
18.163,30.28,0.030666,-24.828,13.657,17.687,51.407,108.06,74.347,35.709,77.273,26.063
19.195,33.743,4.0379,-26.896,13.398,21.461,47.097,98.98,64.436,33.396,76.149,26.824
19.743,36.644,7.4641,-28.598,12.796,24.557,42.909,89.711,56.177,31.729,74.919,27.755
20.126,39.441,10.612,-30.238,11.873,27.43,38.615,80.266,49.257,30.613,73.604,28.853
20.583,42.567,14.033,-32.093,10.56,30.594,34.006,70.649,43.315,29.904,72.178,30.048
21.224,46.377,18.276,-34.378,8.7669,34.49,28.983,60.86,38.023,29.426,70.557,31.206
22.08,51.062,23.611,-37.228,6.498,39.319,23.607,50.941,33.158,29.016,68.627,32.18
23.145,56.514,29.851,-40.605,3.9192,44.916,18.072,41.017,28.632,28.572,66.289,32.867
24.373,62.299,36.363,-44.266,1.3407,50.752,12.645,31.314,24.472,28.067,63.495,33.24
25.671,67.746,42.249,-47.819,-0.87204,56.066,7.5947,22.125,20.75,27.535,60.257,33.344
26.889,72.122,46.622,-50.812,-2.415,60.079,3.1382,13.728,17.517,27.036,56.657,33.266
27.825,74.821,48.923,-52.835,-3.155,62.235,-0.59894,6.318,14.781,26.628,52.836,33.114
28.251,75.544,49.122,-53.605,-3.193,62.399,-3.5934,-0.034079,12.524,26.354,48.971,32.986
27.99,74.408,47.723,-53.064,-2.8406,60.908,-5.892,-5.3424,10.715,26.242,45.226,32.955
27.002,71.964,45.576,-51.455,-2.5016,58.478,-7.5607,-9.6524,9.3364,26.321,41.728,33.061
25.446,69.081,43.614,-49.305,-2.5241,56.003,-8.6571,-13.012,8.384,26.619,38.551,33.32
23.64,66.689,42.584,-47.267,-3.1018,54.302,-9.2397,-15.491,7.8413,27.144,35.697,33.699
21.938,65.447,42.834,-45.849,-4.2432,53.863,-9.3923,-17.219,7.6459,27.841,33.089,34.1
20.6,65.472,44.22,-45.178,-5.7804,54.667,-9.2348,-18.401,7.6708,28.578,30.584,34.356
19.71,66.279,46.168,-44.944,-7.4019,56.2,-8.9109,-19.293,7.7387,29.155,28.031,34.282
19.125,66.979,47.874,-44.554,-8.7439,57.641,-8.5647,-20.153,7.6598,29.358,25.324,33.728
18.477,66.68,48.594,-43.434,-9.5619,58.164,-8.3213,-21.193,7.2718,29.012,22.411,32.619
17.299,64.852,47.928,-41.264,-9.8888,57.234,-8.2692,-22.55,6.4688,28.028,19.283,30.96
15.209,61.445,46.005,-38.03,-10.051,54.786,-8.4407,-24.257,5.2182,26.42,15.96,28.829
12.0,56.809,43.44,-33.934,-10.544,51.238,-8.8065,-26.247,3.5625,24.298,12.484,26.353
7.6676,51.539,41.065,-29.28,-11.839,47.296,-9.3082,-28.381,1.6013,21.827,8.9099,23.65
2.4406,46.304,39.606,-24.423,-14.195,43.689,-9.9134,-30.509,-0.54268,19.164,5.2854,20.78
-3.2269,41.719,39.47,-19.768,-17.557,40.986,-10.645,-32.524,-2.7554,16.419,1.6369,17.726
-8.7116,38.272,40.684,-15.752,-21.548,39.524,-11.558,-34.374,-4.9423,13.654,-2.0111,14.454
-13.315,36.273,42.927,-12.778,-25.562,39.373,-12.692,-36.049,-7.0144,10.924,-5.5987,10.984
-16.401,35.833,45.668,-11.147,-28.924,40.369,-14.034,-37.547,-8.8748,8.3086,-9.0116,7.4353
-17.55,36.876,48.354,-11.022,-31.076,42.202,-15.518,-38.864,-10.433,5.9146,-12.107,4.0026
-16.668,39.182,50.586,-12.379,-31.746,44.552,-17.054,-40.003,-11.651,3.8294,-14.771,0.87896
-14.021,42.44,52.23,-14.983,-31.022,47.19,-18.568,-40.989,-12.574,2.0699,-16.974,-1.8147
-10.171,46.291,53.41,-18.407,-29.3,49.976,-20.013,-41.871,-13.325,0.57358,-18.766,-4.0539
-5.8385,50.332,54.363,-22.115,-27.101,52.787,-21.345,-42.691,-14.045,-0.76036,-20.236,-5.8806
-1.7219,54.098,55.194,-25.569,-24.86,55.41,-22.49,-43.467,-14.824,-2.0117,-21.458,-7.3482
1.6501,57.077,55.735,-28.328,-22.801,57.483,-23.332,-44.177,-15.663,-3.1974,-22.448,-8.4789
4.0179,58.792,55.608,-30.116,-20.928,58.542,-23.74,-44.77,-16.472,-4.2564,-23.155,-9.2407
5.3975,58.909,54.408,-30.835,-19.118,58.169,-23.619,-45.171,-17.088,-5.0534,-23.472,-9.5454
5.964,57.322,51.882,-30.522,-17.229,56.146,-22.951,-45.295,-17.308,-5.403,-23.261,-9.2695
5.8935,54.167,48.023,-29.281,-15.174,52.547,-21.799,-45.059,-16.954,-5.1205,-22.395,-8.3069
5.2934,49.8,43.104,-27.261,-12.974,47.74,-20.294,-44.416,-15.941,-4.0927,-20.807,-6.6347
4.2358,44.75,37.659,-24.678,-10.786,42.32,-18.624,-43.387,-14.33,-2.3407,-18.53,-4.3607
2.8436,39.657,32.393,-21.838,-8.8621,36.994,-17.01,-42.085,-12.322,-0.038333,-15.72,-1.7179
1.3685,35.165,27.984,-19.126,-7.3927,32.426,-15.646,-40.705,-10.2,2.5275,-12.631,0.99781
0.18859,31.779,24.836,-16.939,-6.3586,29.066,-14.619,-39.462,-8.2438,5.0468,-9.5428,3.5283
-0.29033,29.756,22.932,-15.607,-5.5215,27.053,-13.849,-38.516,-6.6378,7.294,-6.6664,5.7474
0.23244,29.122,21.935,-15.347,-4.5556,26.256,-13.12,-37.91,-5.4048,9.2014,-4.0653,7.6913
1.8447,29.795,21.492,-16.238,-3.2556,26.457,-12.194,-37.572,-4.4162,10.85,-1.6654,9.5007
4.3741,31.713,21.515,-18.231,-1.7199,27.561,-10.932,-37.386,-3.493,12.379,0.65388,11.303
7.4132,34.876,22.266,-21.172,-0.38178,29.666,-9.391,-37.27,-2.5319,13.879,2.9486,13.111
10.409,39.315,24.257,-24.84,0.12628,32.986,-7.8492,-37.233,-1.5754,15.321,5.151,14.787
12.796,45.0,28.009,-28.975,-0.81637,37.687,-6.7242,-37.356,-0.79114,16.572,7.096,16.11
14.133,51.717,33.73,-33.279,-3.5966,43.702,-6.3844,-37.736,-0.3796,17.478,8.6109,16.883
14.208,58.994,41.103,-37.403,-8.2015,50.658,-6.9603,-38.427,-0.47435,17.952,9.6128,17.046
13.055,66.18,49.377,-40.992,-14.194,57.961,-8.2641,-39.419,-1.0877,18.018,10.154,16.71
10.895,72.619,57.662,-43.754,-20.858,64.943,-9.8751,-40.654,-2.1185,17.794,10.396,16.116
8.0593,77.816,65.196,-45.546,-27.441,71.017,-11.337,-42.055,-3.4048,17.437,10.542,15.537
4.9278,81.555,71.483,-46.418,-33.331,75.825,-12.366,-43.561,-4.7945,17.074,10.746,15.175
1.8954,83.94,76.328,-46.601,-38.149,79.333,-12.975,-45.146,-6.2057,16.754,11.069,15.098
-0.65262,85.332,79.783,-46.447,-41.742,81.781,-13.435,-46.825,-7.6489,16.444,11.475,15.254
-2.3869,86.195,82.017,-46.335,-44.095,83.515,-14.124,-48.638,-9.2089,16.054,11.881,15.528
-3.0964,86.908,83.173,-46.554,-45.24,84.81,-15.363,-50.613,-10.995,15.489,12.216,15.825
-2.7298,87.62,83.299,-47.217,-45.214,85.746,-17.299,-52.735,-13.082,14.698,12.458,16.122
-1.3915,88.222,82.375,-48.22,-44.044,86.18,-19.867,-54.923,-15.461,13.703,12.652,16.468
0.68879,88.413,80.404,-49.291,-41.755,85.809,-22.819,-57.044,-18.026,12.611,12.905,16.97
3.1989,87.855,77.505,-50.093,-38.443,84.376,-25.814,-58.951,-20.602,11.572,13.343,17.745
5.7955,86.352,73.94,-50.349,-34.388,81.893,-28.525,-60.542,-23.028,10.722,14.069,18.891
8.1586,83.961,70.069,-49.923,-30.082,78.671,-30.73,-61.813,-25.234,10.117,15.1,20.435
10.035,80.915,66.232,-48.817,-26.051,75.113,-32.393,-62.878,-27.307,9.6849,16.334,22.288
11.264,77.423,62.618,-47.109,-22.621,71.467,-33.664,-63.932,-29.475,9.2476,17.565,24.243
11.782,73.528,59.163,-44.878,-19.824,67.71,-34.799,-65.167,-32.024,8.59,18.561,26.037
11.626,69.093,55.545,-42.159,-17.479,63.589,-36.048,-66.681,-35.186,7.5508,19.155,27.457
10.928,63.903,51.302,-38.949,-15.301,58.773,-37.551,-68.434,-39.031,6.0759,19.3,28.414
9.8894,57.837,46.038,-35.277,-12.99,53.041,-39.303,-70.281,-43.454,4.2063,19.04,28.922
8.7446,51.028,39.601,-31.268,-10.3,46.431,-41.192,-72.055,-48.229,2.0207,18.431,29.032
7.7166,43.895,32.192,-27.162,-7.1527,39.279,-43.088,-73.642,-53.118,-0.42677,17.486,28.762
6.9714,37.038,24.445,-23.278,-3.6937,32.169,-44.911,-75.014,-57.961,-3.1436,16.156,28.064
6.5835,31.051,17.284,-19.928,-0.25889,25.795,-46.662,-76.227,-62.707,-6.1943,14.368,26.862
6.5204,26.36,11.565,-17.325,2.7289,20.755,-48.39,-77.375,-67.374,-9.6572,12.089,25.114
6.6522,23.162,7.832,-15.541,4.8661,17.391,-50.157,-78.533,-71.982,-13.565,9.3627,22.857
6.7835,21.44,6.2535,-14.503,5.8388,15.766,-52.006,-79.724,-76.519,-17.869,6.2935,20.177
6.707,20.985,6.7047,-14.018,5.454,15.716,-53.954,-80.918,-80.937,-22.459,2.989,17.155
6.2608,21.45,8.9843,-13.835,3.6431,16.982,-55.985,-82.05,-85.169,-27.193,-0.47098,13.841
5.3597,22.408,12.892,-13.709,0.47526,19.237,-58.033,-83.044,-89.132,-31.935,-4.0244,10.291
3.9853,23.433,18.072,-13.459,-3.795,22.03,-59.985,-83.828,-92.73,-36.565,-7.6027,6.5999
2.1569,24.175,23.838,-12.963,-8.6953,24.781,-61.695,-84.361,-95.887,-40.985,-11.122,2.9015
-0.093991,24.236,29.149,-12.064,-13.569,26.796,-62.999,-84.644,-98.569,-45.135,-14.491,-0.66002
-2.7401,23.011,32.768,-10.482,-17.692,27.248,-63.732,-84.719,-100.8,-48.993,-17.63,-3.9525
-5.757,19.777,33.551,-7.8462,-20.446,25.326,-63.76,-84.651,-102.64,-52.554,-20.465,-6.8632
-9.0941,13.991,30.751,-3.8469,-21.464,20.497,-63.021,-84.492,-104.16,-55.788,-22.934,-9.2964
-12.63,5.5445,24.254,1.5943,-20.705,12.727,-61.55,-84.259,-105.38,-58.631,-24.984,-11.177
-16.151,-5.1232,14.709,8.2413,-18.426,2.5661,-59.484,-83.935,-106.31,-61.012,-26.604,-12.475
-19.379,-17.055,3.419,15.559,-15.078,-8.9265,-57.027,-83.495,-106.95,-62.906,-27.842,-13.233
-22.012,-28.965,-8.0798,22.821,-11.155,-20.436,-54.403,-82.929,-107.32,-64.378,-28.81,-13.576
-23.78,-39.544,-18.521,29.262,-7.07,-30.724,-51.799,-82.25,-107.44,-65.517,-29.642,-13.664
-24.504,-47.846,-27.181,34.265,-3.0892,-38.932,-49.333,-81.481,-107.37,-66.407,-30.432,-13.633
-24.179,-53.584,-33.935,37.575,0.64824,-44.824,-47.057,-80.65,-107.14,-67.091,-31.198,-13.538
-23.007,-57.162,-39.219,39.373,4.1025,-48.827,-44.981,-79.791,-106.79,-67.572,-31.874,-13.338
-21.378,-59.424,-43.758,40.153,7.2876,-51.747,-43.092,-78.932,-106.33,-67.815,-32.346,-12.924
-19.761,-61.253,-47.989,40.512,10.181,-54.233,-41.368,-78.098,-105.76,-67.795,-32.498,-12.19
-18.573,-63.211,-51.758,40.958,12.633,-56.518,-39.819,-77.311,-105.07,-67.531,-32.293,-11.11
-18.068,-65.359,-54.621,41.73,14.364,-58.536,-38.506,-76.601,-104.3,-67.087,-31.812,-9.7913
-18.328,-67.337,-56.17,42.756,15.058,-60.024,-37.543,-76.021,-103.52,-66.591,-31.242,-8.4526
-19.333,-68.612,-56.073,43.763,14.456,-60.591,-37.034,-75.632,-102.83,-66.208,-30.799,-7.3346
-21.021,-68.78,-54.08,44.487,12.436,-59.882,-37.01,-75.489,-102.3,-66.084,-30.667,-6.6154
-23.291,-67.766,-50.189,44.825,9.0971,-57.787,-37.391,-75.624,-101.99,-66.277,-30.917,-6.3511
-25.967,-65.824,-44.784,44.838,4.7828,-54.54,-38.004,-76.009,-101.92,-66.745,-31.505,-6.4571
-28.78,-63.41,-38.587,44.661,0.028784,-50.657,-38.651,-76.568,-102.01,-67.356,-32.27,-6.7525
-31.394,-61.014,-32.507,44.423,-4.5478,-46.78,-39.182,-77.202,-102.19,-67.941,-33.015,-7.0248
-33.46,-59.016,-27.435,44.187,-8.3502,-43.499,-39.539,-77.818,-102.38,-68.372,-33.589,-7.1204
-34.654,-57.594,-24.068,43.902,-10.877,-41.228,-39.757,-78.35,-102.54,-68.625,-33.949,-7.0192
-34.712,-56.73,-22.778,43.42,-11.774,-40.151,-39.933,-78.753,-102.68,-68.791,-34.19,-6.8305
-33.491,-56.264,-23.546,42.574,-10.896,-40.216,-40.154,-78.968,-102.81,-69.012,-34.488,-6.7424
-31.04,-55.994,-26.005,41.269,-8.3671,-41.181,-40.428,-78.906,-102.92,-69.382,-35.012,-6.9375
-27.653,-55.769,-29.541,39.566,-4.5972,-42.692,-40.644,-78.429,-102.9,-69.854,-35.85,-7.5173
-23.844,-55.544,-33.418,37.698,-0.22891,-44.379,-40.593,-77.373,-102.56,-70.237,-36.975,-8.4845
-20.229,-55.381,-36.913,35.993,3.9999,-45.937,-40.05,-75.591,-101.64,-70.21,-38.242,-9.735
-17.347,-55.373,-39.527,34.732,7.4773,-47.197,-38.854,-72.993,-99.812,-69.35,-39.409,-11.072
-15.466,-55.591,-41.177,34.008,9.9439,-48.165,-36.963,-69.569,-96.692,-67.141,-40.175,-12.238
-14.447,-56.029,-42.23,33.675,11.575,-49.008,-34.455,-65.376,-91.889,-62.981,-40.198,-12.958
-13.751,-56.598,-43.335,33.361,12.884,-49.988,-31.489,-60.47,-85.395,-56.368,-39.155,-12.976
-12.653,-57.124,-45.172,32.563,14.498,-51.346,-28.251,-54.782,-78.864,-48.223,-36.788,-12.069
-10.537,-57.319,-48.157,30.825,16.914,-53.157,-24.916,-48.017,-77.685,-46.988,-33.142,-10.077
-7.0956,-56.749,-52.235,27.98,20.305,-55.19,-21.663,-39.77,-87.652,-78.767,-30.181,-7.3815
-2.3966,-54.929,-56.768,24.417,24.45,-56.837,-18.754,-30.01,-98.567,-104.18,-45.388,-10.692
3.2067,-52.103,-60.583,21.423,28.772,-57.35,-16.592,-19.862,-91.779,-101.29,-80.74,-45.614
9.3176,-52.723,-62.652,21.89,32.468,-58.055,-15.483,-11.934,-68.676,-89.162,-88.948,-59.549
15.709,-71.652,-69.668,29.355,34.809,-73.394,-14.25,-6.9144,-35.434,-66.194,-89.683,-62.306
22.261,-93.532,-96.806,35.7,37.71,-98.535,0.060425,16.735,6.5191,-30.525,-81.19,-57.801
28.671,-85.775,-99.919,27.846,54.1,-94.562,52.445,110.33,58.122,20.032,-60.236,-43.683
34.377,-64.417,-89.157,9.9685,56.795,-78.23,65.364,153.25,123.2,89.368,-23.074,-17.713
39.506,-32.214,-69.466,-13.949,52.836,-52.386,64.709,171.14,204.22,182.63,35.281,23.334
48.795,10.824,-41.816,-43.801,47.089,-16.393,55.019,174.72,293.0,304.81,118.7,81.606
79.214,65.565,-4.615,-80.982,38.811,30.649,33.896,158.99,381.81,454.89,226.6,157.53
116.46,135.21,45.964,-126.67,24.445,91.01,-1.6132,116.57,464.66,629.7,355.37,249.17
132.04,223.06,114.98,-180.38,-1.149,168.47,-54.202,39.33,534.32,822.88,500.56,353.2
133.09,330.49,207.33,-240.66,-42.805,266.36,-124.36,-79.752,582.45,1019.7,653.49,464.02
119.85,457.06,326.17,-303.74,-104.72,387.12,-210.42,-244.34,599.09,1195.6,798.59,571.93
91.577,597.36,470.89,-362.98,-189.01,529.82,-310.87,-452.49,573.49,1318.4,914.18,663.08
47.736,738.15,635.54,-410.72,-293.49,685.41,-421.82,-694.53,495.71,1353.6,976.01,721.33
-10.517,861.27,818.43,-440.34,-409.78,836.3,-535.31,-952.43,355.99,1271.7,962.9,732.14
-78.286,948.86,982.03,-446.87,-524.16,961.19,-642.8,-1202.6,146.14,1058.3,863.85,687.29
-147.59,986.68,1103.3,-426.98,-620.68,1040.5,-738.98,-1421.2,-132.41,723.87,683.87,588.51
-210.23,967.07,1164.0,-380.52,-684.66,1060.5,-821.52,-1589.3,-461.82,306.26,444.98,447.72
-260.06,890.94,1153.1,-311.55,-706.32,1016.9,-887.93,-1694.7,-808.9,-136.81,181.0,283.84
-293.5,767.35,1071.8,-227.59,-683.61,914.88,-933.09,-1732.3,-1130.8,-542.48,-71.366,118.13
-308.69,611.04,932.43,-137.88,-622.12,767.64,-949.49,-1702.0,-1384.2,-858.43,-281.37,-30.082
-305.23,440.66,755.94,-52.062,-533.0,594.91,-930.56,-1608.7,-1535.3,-1054.5,-430.12,-146.7
-285.23,275.87,567.93,20.811,-430.36,419.3,-874.44,-1461.8,-1569.7,-1126.7,-512.47,-224.7
-253.78,133.93,392.42,73.578,-328.47,261.14,-785.98,-1276.8,-1495.7,-1094.0,-535.74,-264.65
-217.37,27.075,246.56,103.8,-239.32,135.28,-676.17,-1073.3,-1340.6,-988.51,-515.0,-273.72
-181.8,-39.982,139.86,114.69,-170.43,49.103,-559.2,-872.85,-1141.5,-845.09,-466.47,-261.92
-151.81,-72.116,73.727,111.78,-122.59,-0.29291,-448.45,-693.35,-933.69,-694.14,-404.44,-237.66
-130.01,-80.03,37.877,100.64,-90.748,-22.749,-353.29,-544.06,-743.52,-557.48,-341.03,-207.24
-114.87,-74.861,21.036,82.544,-69.338,-28.823,-277.57,-425.1,-585.24,-445.93,-284.29,-176.28
-102.85,-65.512,14.987,58.711,-55.155,-27.33,-220.16,-332.2,-462.29,-360.43,-237.67,-147.6
-91.471,-54.514,12.961,51.321,-45.836,-24.772,-176.84,-260.5,-371.7,-297.57,-200.69,-122.69
-80.157,-39.451,10.167,49.705,-38.151,-23.031,-142.55,-205.51,-306.12,-253.27,-171.53,-105.73
-69.07,-46.92,4.2952,48.619,-29.596,-17.421,-113.77,-163.95,-256.08,-220.48,-150.4,-95.937
-57.95,-52.701,-0.0096432,46.976,-19.156,-29.412,-89.584,-132.96,-214.85,-192.3,-133.96,-88.924
-46.048,-54.438,-11.214,44.233,-11.029,-38.063,-70.269,-109.13,-179.22,-166.17,-119.34,-82.612
-34.435,-53.464,-21.669,40.514,-6.8567,-41.171,-56.155,-89.148,-148.23,-142.2,-105.85,-75.961
-25.623,-51.039,-27.253,36.492,-2.924,-41.339,-46.695,-76.884,-121.8,-120.85,-94.543,-69.23
-19.668,-48.465,-29.79,32.973,0.49475,-40.401,-44.712,-78.209,-100.46,-102.83,-86.692,-63.659
-15.811,-46.865,-31.234,30.575,3.4229,-39.618,-44.52,-74.101,-90.044,-91.181,-81.398,-59.576
-13.511,-46.887,-32.742,29.6,6.1908,-39.78,-40.242,-67.277,-85.975,-83.812,-77.078,-56.483
-12.366,-48.63,-34.86,30.053,9.0242,-41.236,-35.347,-60.703,-78.217,-76.751,-73.216,-53.914
-12.048,-51.776,-37.823,31.71,11.909,-43.986,-30.827,-54.873,-68.176,-69.363,-69.746,-51.643
-12.293,-55.801,-41.699,34.208,14.71,-47.766,-26.808,-49.759,-57.976,-61.94,-66.692,-49.618
-12.907,-60.197,-46.381,37.134,17.299,-52.172,-23.323,-45.299,-48.656,-54.842,-64.106,-47.881
-13.747,-64.61,-51.633,40.13,19.609,-56.849,-20.388,-41.466,-40.648,-48.381,-62.038,-46.481
-14.689,-68.855,-57.164,42.946,21.633,-61.575,-17.961,-38.223,-34.028,-42.717,-60.479,-45.402
-15.609,-72.788,-62.59,45.433,23.416,-66.124,-15.905,-35.456,-28.595,-37.777,-59.313,-44.533
-16.363,-76.192,-67.372,47.488,25.007,-70.128,-13.994,-32.94,-23.984,-33.284,-58.31,-43.692
-16.792,-78.799,-70.91,49.011,26.401,-73.136,-11.953,-30.387,-19.789,-28.887,-57.202,-42.713
-16.738,-80.358,-72.691,49.838,27.482,-74.754,-9.5331,-27.55,-15.697,-24.339,-55.795,-41.536
-16.096,-80.426,-72.229,49.672,27.994,-74.529,-6.5866,-24.332,-11.581,-19.635,-54.065,-40.239
-14.87,-78.316,-69.001,48.116,27.583,-71.866,-3.167,-20.841,-7.493,-15.011,-52.17,-39.011
-13.215,-73.666,-62.846,44.953,25.988,-66.548,0.4192,-17.35,-3.5913,-10.782,-50.375,-38.075
-11.416,-66.906,-54.482,40.448,23.251,-59.18,3.6879,-14.186,-0.046687,-7.1925,-48.943,-37.612
-9.836,-59.171,-45.54,35.424,19.779,-51.055,6.2224,-11.583,3.007,-4.3593,-48.051,-37.713
-8.8141,-52.027,-38.052,31.014,16.242,-43.851,7.9063,-9.5782,5.5132,-2.2572,-47.73,-38.298
-8.5856,-47.191,-33.808,28.28,13.378,-39.382,8.9512,-7.9891,7.5463,-0.71287,-47.84,-39.1
-9.246,-46.055,-33.716,27.901,11.723,-39.009,9.7533,-6.4816,9.3286,0.56777,-48.084,-39.757
-10.763,-48.973,-37.304,29.904,11.364,-42.769,10.688,-4.6882,11.161,1.8937,-48.149,-39.992
-12.988,-54.662,-42.844,33.506,11.89,-49.016,11.956,-2.3365,13.31,3.4909,-47.838,-39.779
-15.647,-60.667,-48.221,37.346,12.481,-55.249,13.574,0.6973,15.94,5.4452,-47.137,-39.357
-18.346,-64.751,-51.499,40.104,12.141,-59.325,15.429,4.4211,19.144,7.7235,-46.165,-39.103
-20.633,-65.451,-51.027,40.945,10.116,-59.744,17.351,8.8246,23.006,10.257,-45.074,-39.319
-22.075,-62.023,-46.014,39.523,6.2544,-55.799,19.226,13.964,27.685,13.036,-43.927,-40.065
-22.358,-54.795,-37.027,35.982,1.1209,-47.99,21.064,19.97,33.423,16.148,-42.657,-41.131
-21.373,-45.245,-25.99,30.941,-4.1807,-37.97,23.002,26.971,40.494,19.746,-41.1,-42.121
-19.271,-35.469,-15.567,25.307,-8.3914,-27.998,25.254,35.041,49.098,23.979,-39.107,-42.628
-16.441,-27.552,-8.1596,20.133,-10.536,-20.268,28.025,44.114,59.259,28.927,-36.622,-42.379
-13.437,-23.053,-5.1307,16.499,-10.235,-16.278,31.405,53.957,70.799,34.586,-33.718,-41.326
-10.847,-22.657,-6.6058,15.124,-7.7707,-16.483,35.308,64.184,83.337,40.878,-30.559,-39.632
-9.1133,-25.972,-11.758,16.015,-3.9107,-20.308,39.496,74.342,96.323,47.657,-27.343,-37.585
-8.3546,-31.714,-19.182,18.512,0.42072,-26.481,43.66,84.022,109.15,54.742,-24.255,-35.502
-8.3229,-38.205,-27.239,21.599,4.5015,-33.462,47.537,92.988,121.31,61.956,-21.422,-33.638
-8.5077,-43.91,-34.529,24.276,8.0555,-39.85,51.019,101.26,132.63,69.171,-18.856,-32.11
-8.361,-47.897,-40.357,25.912,11.22,-44.761,54.214,109.09,143.25,76.37,-16.433,-30.855
-7.5445,-50.163,-44.916,26.442,14.277,-48.117,57.399,116.87,153.46,83.648,-13.91,-29.62
-6.0775,-51.502,-48.949,26.292,17.43,-50.582,60.855,124.84,163.45,91.108,-11.028,-28.051
-4.3318,-52.91,-53.09,26.108,20.685,-53.031,64.676,133.02,173.12,98.695,-7.6726,-25.902
-2.8829,-55.015,-57.335,26.447,23.754,-55.902,68.657,141.12,182.11,106.09,-3.9544,-23.228
-2.2632,-57.871,-61.072,27.559,26.128,-58.993,72.38,148.73,189.97,112.79,-0.14431,-20.372
-2.7233,-61.006,-63.614,29.321,27.333,-61.757,75.446,155.49,196.4,118.39,3.4552,-17.763
-4.1147,-63.602,-64.489,31.225,27.121,-63.573,77.653,161.18,201.35,122.71,6.6134,-15.706
-5.9367,-64.78,-63.419,32.511,25.552,-63.865,79.001,165.82,204.99,125.83,9.2357,-14.285
-7.5166,-63.826,-60.355,32.443,22.966,-62.214,79.62,169.53,207.58,127.96,11.38,-13.403
-8.2415,-60.36,-55.538,30.547,19.864,-58.509,79.695,172.53,209.36,129.34,13.214,-12.856
-7.7632,-54.475,-49.498,26.787,16.757,-53.018,79.426,175.03,210.55,130.17,14.946,-12.41
-6.107,-46.769,-42.939,21.6,14.017,-46.356,79.001,177.2,211.28,130.59,16.76,-11.859
-3.6531,-38.221,-36.578,15.773,11.805,-39.319,78.582,179.13,211.62,130.71,18.768,-11.065
-0.99336,-29.902,-30.97,10.184,10.076,-32.681,78.291,180.83,211.58,130.54,21.005,-9.9731
1.2899,-22.632,-26.378,5.5052,8.6603,-26.972,78.203,182.22,211.18,130.09,23.439,-8.6062
2.8351,-16.728,-22.721,1.9902,7.3611,-22.35,78.34,183.2,210.41,129.35,26.01,-7.0197
3.6092,-11.981,-19.639,-0.53411,6.0429,-18.58,78.685,183.7,209.3,128.34,28.686,-5.2532
3.875,-7.8368,-16.658,-2.5095,4.6725,-15.159,79.208,183.75,207.94,127.11,31.491,-3.2974
4.044,-3.6833,-13.405,-4.4286,3.3108,-11.562,79.884,183.5,206.38,125.72,34.502,-1.0957
4.4733,0.84847,-9.7879,-6.628,2.0608,-7.5129,80.703,183.11,204.67,124.25,37.8,1.4121
5.3026,5.7013,-6.0218,-9.1612,1.0011,-3.1305,81.66,182.7,202.8,122.71,41.401,4.2463
6.3996,10.482,-2.4824,-11.822,0.13843,1.1761,82.724,182.26,200.7,121.08,45.203,7.3519
7.4341,14.744,0.5316,-14.275,-0.60607,4.9867,83.827,181.7,198.23,119.26,48.986,10.601
8.0402,18.199,2.9357,-16.202,-1.3687,8.0885,84.863,180.84,195.23,117.09,52.485,13.826
7.9916,20.761,4.8205,-17.395,-2.262,10.504,85.722,179.51,191.51,114.43,55.497,16.872
7.285,22.482,6.3022,-17.814,-3.2736,12.379,86.31,177.64,186.92,111.2,57.955,19.651
6.1254,23.518,7.3968,-17.607,-4.2048,13.863,86.553,175.2,181.34,107.37,59.92,22.164
4.9351,24.175,8.0109,-17.143,-4.7048,15.061,86.401,172.21,174.72,103.02,61.514,24.477
4.4191,24.972,8.0472,-17.069,-4.3966,16.107,85.82,168.64,167.05,98.252,62.849,26.66
5.4884,26.521,7.5595,-18.2,-3.0186,17.251,84.786,164.47,158.38,93.189,63.982,28.748
8.8779,29.303,6.8554,-21.026,-0.52177,18.861,83.271,159.65,148.76,87.924,64.907,30.718
14.728,33.624,6.4548,-25.616,2.9088,21.333,81.235,154.15,138.24,82.543,65.587,32.518
22.508,39.605,6.9002,-31.945,6.8981,24.945,78.634,147.97,126.99,77.138,65.99,34.103
31.298,47.029,8.5184,-39.754,10.963,29.693,75.45,141.15,115.32,71.826,66.13,35.479
40.051,55.303,11.274,-48.341,14.603,35.252,71.708,133.79,103.65,66.733,66.08,36.713
47.605,63.572,14.798,-56.679,17.37,41.04,67.483,125.99,92.386,61.962,65.948,37.913
52.972,70.888,18.558,-63.721,18.923,46.382,62.884,117.84,81.813,57.568,65.843,39.19
55.871,76.386,22.067,-68.604,19.112,50.687,58.035,109.33,72.023,53.561,65.844,40.638
56.392,79.458,25.023,-70.759,17.963,53.603,53.052,100.43,63.022,49.933,65.983,42.313
54.547,79.938,27.387,-70.024,15.552,55.102,48.026,91.115,54.812,46.682,66.25,44.229
50.622,78.226,29.393,-66.8,11.978,55.479,43.002,81.397,47.418,43.801,66.588,46.339
45.374,75.229,31.508,-62.074,7.4405,55.266,37.962,71.375,40.849,41.253,66.899,48.534
39.757,72.024,34.261,-57.112,2.3593,55.03,32.839,61.197,35.054,38.95,67.061,50.665
34.605,69.411,37.819,-52.959,-2.6337,55.078,27.598,51.046,29.943,36.785,66.97,52.599
30.493,67.633,41.488,-50.113,-6.7939,55.219,22.346,41.141,25.429,34.684,66.587,54.257
27.669,66.357,43.752,-48.435,-9.3908,54.816,17.366,31.722,21.468,32.644,65.953,55.654
26.049,64.903,43.252,-47.285,-9.9431,53.203,13.006,23.008,18.042,30.719,65.156,56.861
25.325,62.65,39.864,-45.944,-8.5144,50.173,9.4793,15.134,15.115,28.962,64.264,57.927
25.142,59.561,34.695,-44.181,-5.8053,46.184,6.746,8.114,12.592,27.357,63.257,58.811
25.181,56.372,29.438,-42.376,-2.9265,42.264,4.5473,1.867,10.324,25.799,62.008,59.36
25.154,54.223,25.914,-41.12,-1.0461,39.708,2.5451,-3.7134,8.1406,24.134,60.34,59.36
24.878,54.115,25.593,-40.892,-1.0064,39.628,0.49323,-8.6944,5.9184,22.241,58.126,58.637
24.394,56.522,29.033,-41.939,-2.9997,42.5,-1.6556,-13.086,3.6222,20.092,55.374,57.144
23.959,61.205,35.634,-44.232,-6.5019,47.946,-3.7693,-16.882,1.3014,17.754,52.224,54.97
23.896,67.261,43.866,-47.439,-10.506,54.844,-5.6475,-20.122,-0.96077,15.336,48.869,52.293
24.411,73.361,51.744,-50.958,-13.904,61.68,-7.1275,-22.919,-3.1034,12.925,45.459,49.289
25.481,78.121,57.342,-54.03,-15.83,66.976,-8.1272,-25.427,-5.1117,10.565,42.069,46.101
26.886,80.521,59.344,-55.956,-15.851,69.66,-8.6424,-27.771,-7.0019,8.2712,38.732,42.847
28.316,80.193,57.496,-56.343,-14.004,69.329,-8.733,-29.992,-8.792,6.0572,35.482,39.645
29.518,77.452,52.594,-55.214,-10.697,66.312,-8.5086,-32.041,-10.48,3.9516,32.384,36.617
30.37,73.054,45.926,-52.919,-6.5613,61.461,-8.1009,-33.823,-12.037,1.9959,29.524,33.875
30.804,67.834,38.652,-49.946,-2.2771,55.724,-7.6181,-35.233,-13.407,0.23783,26.985,31.5
30.692,62.381,31.504,-46.693,1.592,49.768,-7.0973,-36.199,-14.516,-1.2727,24.842,29.544
29.844,56.827,24.833,-43.24,4.6605,43.871,-6.4978,-36.703,-15.301,-2.4924,23.135,28.013
28.027,50.912,18.806,-39.331,6.6664,38.039,-5.7528,-36.809,-15.755,-3.4084,21.845,26.849
24.982,44.359,13.591,-34.649,7.4305,32.231,-4.8466,-36.67,-15.958,-4.0664,20.873,25.944
20.62,37.292,9.468,-29.175,6.8927,26.62,-3.8637,-36.507,-16.068,-4.5787,20.053,25.145
15.199,30.284,6.8127,-23.298,5.1202,21.643,-2.9713,-36.531,-16.263,-5.089,19.217,24.328
9.3505,24.115,5.9698,-17.66,2.3345,17.845,-2.3375,-36.853,-16.637,-5.6956,18.278,23.464
3.9576,19.559,7.0035,-12.965,-1.0141,15.72,-2.0255,-37.415,-17.134,-6.3778,17.288,22.639
-0.086662,17.239,9.5495,-9.8431,-4.31,15.524,-1.9474,-38.02,-17.557,-6.9859,16.406,21.998
-2.1713,17.522,13.05,-8.7363,-7.0008,17.251,-1.9311,-38.438,-17.673,-7.3246,15.796,21.646
-2.1596,20.381,16.984,-9.8206,-8.8448,20.623,-1.8563,-38.543,-17.352,-7.2861,15.506,21.562
-0.38555,25.438,21.277,-12.955,-10.07,25.337,-1.758,-38.387,-16.643,-6.9296,15.422,21.589
2.5088,32.271,26.46,-17.713,-11.259,31.383,-1.8132,-38.158,-15.732,-6.4412,15.332,21.505
5.8076,40.491,33.101,-23.505,-12.975,38.797,-2.2154,-38.063,-14.826,-6.0182,15.04,21.132
8.9315,49.551,41.229,-29.701,-15.407,47.275,-3.0324,-38.223,-14.065,-5.7771,14.457,20.423
11.555,58.629,50.048,-35.704,-18.224,56.009,-4.1548,-38.644,-13.494,-5.7331,13.621,19.468
13.631,66.682,58.044,-40.985,-20.701,63.776,-5.3543,-39.259,-13.092,-5.8271,12.66,18.449
15.347,72.661,63.484,-45.115,-22.01,69.262,-6.3942,-39.979,-12.797,-5.9619,11.736,17.571
16.982,75.807,65.088,-47.798,-21.528,71.486,-7.1166,-40.732,-12.527,-6.0358,10.989,16.994
18.721,75.875,62.514,-48.915,-19.071,70.146,-7.4743,-41.477,-12.217,-5.9733,10.503,16.783
20.535,73.221,56.475,-48.588,-14.989,65.761,-7.5182,-42.206,-11.834,-5.7448,10.295,16.893
22.242,68.767,48.506,-47.195,-10.082,59.559,-7.3586,-42.927,-11.382,-5.3647,10.33,17.215
23.641,63.815,40.5,-45.292,-5.3465,53.14,-7.1074,-43.625,-10.873,-4.8586,10.572,17.641
24.645,59.747,34.184,-43.561,-1.6388,48.032,-6.8151,-44.225,-10.285,-4.218,11.021,18.131
25.359,57.651,30.69,-42.691,0.59257,45.304,-6.4312,-44.587,-9.5396,-3.3754,11.743,18.74
26.044,58.007,30.334,-43.127,1.3742,45.321,-5.8201,-44.548,-8.5245,-2.2262,12.85,19.59
26.966,60.535,32.631,-44.855,1.0933,47.7,-4.8323,-43.995,-7.1623,-0.69435,14.444,20.824
28.209,64.319,36.551,-47.373,0.29875,51.528,-3.4046,-42.929,-5.4801,1.1931,16.536,22.528
29.59,68.209,40.905,-49.916,-0.54397,55.736,-1.6487,-41.501,-3.643,3.2719,18.977,24.651
30.713,71.309,44.713,-51.806,-1.2731,59.447,0.12762,-39.998,-1.9237,5.2762,21.455,26.971
31.13,73.205,47.538,-52.711,-2.0495,62.143,1.5251,-38.766,-0.61667,6.9282,23.6,29.156
30.532,73.896,49.557,-52.635,-3.1602,63.703,2.2589,-38.087,0.063883,8.0349,25.142,30.912
28.849,73.559,51.135,-51.728,-4.7926,64.248,2.3058,-38.068,0.057854,8.5507,26.031,32.122
26.23,72.327,52.294,-50.114,-6.9166,63.863,1.8636,-38.629,-0.52699,8.5858,26.437,32.873
22.971,70.247,52.714,-47.85,-9.2903,62.542,1.1921,-39.559,-1.4572,8.3663,26.68,33.408
19.463,67.42,52.157,-45.057,-11.544,60.405,0.48386,-40.608,-2.4503,8.1632,27.116,34.034
16.18,64.187,50.768,-42.061,-13.299,57.829,-0.19598,-41.574,-3.2727,8.1952,28.017,35.019
13.633,61.181,49.025,-39.438,-14.302,55.388,-0.94301,-42.385,-3.8399,8.5298,29.46,36.472
12.257,59.206,47.547,-37.837,-14.524,53.731,-1.9894,-43.13,-4.267,9.0394,31.273,38.28
12.243,58.95,46.937,-37.685,-14.171,53.43,-3.5877,-44.017,-4.8231,9.4549,33.078,40.121
13.429,60.678,47.648,-39.016,-13.612,54.801,-5.8571,-45.262,-5.8097,9.4859,34.443,41.605
15.353,64.093,49.845,-41.479,-13.244,57.745,-8.6918,-46.992,-7.435,8.9408,35.063,42.449
17.41,68.418,53.308,-44.459,-13.347,61.716,-11.796,-49.199,-9.7437,7.7914,34.878,42.591
19.024,72.626,57.44,-47.241,-13.965,65.852,-14.826,-51.761,-12.619,6.1639,34.075,42.19
19.814,75.735,61.391,-49.192,-14.871,69.212,-17.538,-54.503,-15.847,4.2676,32.989,41.542
19.726,77.073,64.269,-49.932,-15.632,71.039,-19.865,-57.274,-19.214,2.2968,31.926,40.923
19.073,76.473,65.366,-49.458,-15.749,70.974,-21.9,-59.994,-22.623,0.34832,31.034,40.458
18.447,74.292,64.353,-48.133,-14.819,69.136,-23.813,-62.663,-26.129,-1.6039,30.262,40.079
18.521,71.266,61.352,-46.583,-12.619,66.045,-25.755,-65.308,-29.88,-3.6607,29.449,39.603
19.811,68.236,56.844,-45.482,-9.133,62.404,-27.779,-67.912,-33.991,-5.9078,28.447,38.861
22.495,65.874,51.475,-45.34,-4.5462,58.866,-29.813,-70.385,-38.429,-8.3425,27.217,37.805
26.324,64.487,45.875,-46.309,0.76716,55.865,-31.687,-72.57,-42.99,-10.861,25.84,36.526
30.674,63.958,40.533,-48.059,6.3008,53.55,-33.199,-74.302,-47.379,-13.309,24.459,35.201
34.759,63.8,35.714,-49.838,11.523,51.799,-34.192,-75.469,-51.352,-15.574,23.19,33.993
37.916,63.361,31.424,-50.844,15.99,50.281,-34.617,-76.063,-54.833,-17.671,22.037,32.956
39.763,62.08,27.472,-50.624,19.408,48.547,-34.559,-76.2,-57.961,-19.782,20.852,31.977
40.196,59.619,23.649,-49.121,21.658,46.151,-34.211,-76.077,-61.022,-22.207,19.384,30.804
39.314,55.86,19.878,-46.482,22.78,42.787,-33.786,-75.885,-64.293,-25.24,17.401,29.174
37.324,50.837,16.154,-42.887,22.952,38.376,-33.425,-75.709,-67.866,-29.003,14.833,26.966
34.378,44.568,12.336,-38.43,22.452,32.942,-33.136,-75.485,-71.574,-33.337,11.842,24.287
30.504,36.975,8.1037,-33.09,21.601,26.441,-32.817,-75.046,-75.058,-37.831,8.7467,21.405
25.684,28.022,3.1962,-26.859,20.668,18.842,-32.35,-74.22,-77.958,-41.994,5.8757,18.613
20.026,17.959,-2.322,-19.891,19.786,10.36,-31.681,-72.922,-80.075,-45.483,3.4465,16.106
13.873,7.3927,-8.0142,-12.557,18.943,1.5408,-30.844,-71.189,-81.422,-48.226,1.5108,13.937
7.748,-2.8845,-13.221,-5.3651,18.023,-6.8792,-29.928,-69.163,-82.185,-50.398,-0.036426,12.024
2.1663,-12.165,-17.3,1.2368,16.905,-14.224,-29.018,-67.036,-82.631,-52.303,-1.3943,10.207
-2.5147,-20.048,-19.865,7.0139,15.555,-20.084,-28.161,-64.98,-82.995,-54.235,-2.7572,8.3316
-6.0885,-26.449,-20.923,11.951,14.096,-24.37,-27.35,-63.074,-83.391,-56.317,-4.2242,6.3367
-8.4364,-31.4,-20.862,16.098,12.797,-27.215,-26.531,-61.279,-83.782,-58.494,-5.7696,4.2763
-9.5282,-34.875,-20.308,19.403,11.999,-28.866,-25.642,-59.487,-84.044,-60.603,-7.2868,2.2748
-9.4948,-36.94,-19.936,21.704,11.988,-29.702,-24.663,-57.59,-84.067,-62.494,-8.6652,0.45035
-8.7077,-38.048,-20.305,22.974,12.865,-30.281,-23.644,-55.546,-83.818,-64.087,-9.8519,-1.1411
-7.7607,-38.99,-21.718,23.595,14.47,-31.232,-22.698,-53.393,-83.359,-65.422,-10.873,-2.5244
-7.307,-40.551,-24.147,24.32,16.403,-33.036,-21.966,-51.237,-82.808,-66.599,-11.814,-3.7849
-7.8747,-43.234,-27.256,25.937,18.129,-35.865,-21.559,-49.213,-82.295,-67.733,-12.77,-5.0226
-9.8073,-47.177,-30.537,28.928,19.128,-39.556,-21.509,-47.429,-81.907,-68.866,-13.796,-6.2963
-13.245,-52.179,-33.467,33.333,19.006,-43.697,-21.757,-45.937,-81.667,-69.974,-14.878,-7.596
-18.045,-57.765,-35.58,38.797,17.578,-47.761,-22.181,-44.724,-81.556,-70.999,-15.952,-8.8509
-23.732,-63.254,-36.503,44.68,14.935,-51.198,-22.653,-43.744,-81.558,-71.893,-16.954,-9.9859
-29.557,-67.859,-36.04,50.172,11.464,-53.512,-23.104,-42.966,-81.723,-72.697,-17.881,-10.988
-34.65,-70.865,-34.306,54.424,7.7987,-54.392,-23.543,-42.377,-82.111,-73.51,-18.813,-11.931
-38.223,-71.884,-31.786,56.776,4.696,-53.869,-24.031,-41.972,-82.745,-74.426,-19.87,-12.927
-39.773,-71.044,-29.236,57.022,2.8554,-52.357,-24.617,-41.723,-83.589,-75.465,-21.149,-14.056
-39.244,-68.96,-27.417,55.491,2.7126,-50.528,-25.283,-41.568,-84.536,-76.558,-22.677,-15.312
-37.027,-66.507,-26.829,52.881,4.2716,-49.058,-25.938,-41.443,-85.456,-77.581,-24.407,-16.616
-33.802,-64.477,-27.537,49.979,7.0807,-48.368,-26.44,-41.301,-86.271,-78.408,-26.244,-17.852
-30.326,-63.292,-29.155,47.447,10.383,-48.475,-26.631,-41.119,-86.94,-78.957,-28.086,-18.909
-27.263,-62.87,-30.955,45.663,13.361,-49.004,-26.388,-40.874,-87.478,-79.192,-29.861,-19.725
-25.04,-62.707,-32.069,44.582,15.364,-49.337,-25.657,-40.523,-87.93,-79.161,-31.569,-20.311
-23.73,-62.117,-31.771,43.763,16.065,-48.84,-24.476,-39.986,-88.342,-78.982,-33.302,-20.762
-23.071,-60.56,-29.76,42.632,15.52,-47.132,-22.971,-39.123,-88.7,-78.803,-35.222,-21.246
-22.719,-57.926,-26.343,40.882,14.132,-44.28,-21.313,-37.753,-88.913,-78.736,-37.5,-21.949
-22.453,-54.635,-22.404,38.709,12.512,-40.845,-19.662,-35.651,-88.766,-78.772,-40.223,-22.988
-22.212,-51.529,-19.13,36.688,11.286,-37.729,-18.119,-32.565,-87.911,-78.69,-43.306,-24.323
-22.101,-49.6,-17.575,35.468,10.887,-35.873,-16.721,-28.218,-85.893,-78.071,-46.447,-25.732
-22.371,-49.626,-18.257,35.562,11.427,-35.915,-15.476,-22.32,-82.195,-76.321,-49.172,-26.88
-23.306,-51.873,-21.01,37.243,12.672,-37.97,-14.401,-14.571,-76.408,-72.723,-50.94,-27.478
-25.072,-56.006,-25.139,40.446,14.162,-41.645,-13.526,-4.7221,-68.833,-66.584,-51.278,-27.374
-27.592,-61.216,-29.748,44.721,15.419,-46.229,-12.88,7.2718,-61.902,-58.688,-49.885,-26.491
-30.524,-66.496,-34.033,49.285,16.164,-50.924,-12.496,21.013,-61.484,-59.273,-47.037,-24.672
-33.339,-70.948,-37.457,53.239,16.41,-55.08,-12.453,35.427,-72.791,-92.08,-46.744,-22.161
-35.472,-74.089,-39.771,55.925,16.41,-58.382,-12.954,48.548,-85.234,-106.93,-71.125,-26.229
-36.518,-76.102,-40.751,57.214,16.475,-60.984,-14.299,57.365,-79.593,-101.99,-94.691,-53.11
-36.368,-79.838,-41.718,57.947,16.77,-65.532,-16.732,58.173,-56.676,-88.287,-102.09,-64.699
-35.207,-101.58,-66.032,63.082,17.799,-90.302,-20.132,51.533,-22.529,-63.617,-102.85,-69.168
-33.408,-126.07,-94.456,76.097,29.107,-111.43,-20.73,80.649,20.888,-25.881,-92.805,-66.121
-31.411,-126.61,-96.063,80.852,50.103,-110.01,18.418,154.95,74.301,27.859,-68.083,-52.648
-29.563,-116.72,-87.178,78.123,51.728,-99.281,37.375,182.0,142.13,100.96,-25.403,-26.27
-28.957,-99.103,-69.789,73.677,50.962,-79.739,36.372,194.47,225.32,198.36,38.485,16.694
-34.432,-74.092,-41.712,67.161,46.938,-49.254,29.505,190.78,313.96,323.35,126.21,78.842
-27.952,-38.141,1.3328,37.25,35.085,-3.4192,13.715,164.81,400.37,475.12,236.96,158.49
-12.584,30.152,64.471,-11.358,11.299,63.56,-15.435,108.94,478.98,650.57,368.45,252.3
6.8529,140.29,151.32,-72.943,-25.69,157.19,-62.487,16.151,544.14,842.0,516.18,357.47
21.661,274.88,263.17,-145.73,-78.425,277.35,-129.18,-117.78,588.16,1034.8,670.44,468.73
20.318,417.33,399.94,-216.57,-149.83,416.32,-213.89,-293.38,600.88,1205.0,815.03,576.1
-8.3592,552.02,558.27,-269.36,-241.84,562.61,-314.43,-507.26,571.07,1319.9,927.69,665.01
-70.566,662.37,729.32,-292.56,-353.44,702.14,-425.89,-749.9,487.82,1342.8,983.54,718.7
-163.91,732.51,896.52,-280.39,-476.86,819.23,-540.11,-1004.1,339.98,1243.6,961.51,722.68
-276.6,751.61,1032.4,-234.0,-596.38,897.83,-649.01,-1247.5,120.36,1011.4,852.29,669.6
-390.22,717.89,1117.0,-161.56,-692.89,924.92,-747.23,-1458.1,-165.94,661.93,663.5,562.38
-485.79,638.55,1135.9,-75.254,-750.58,895.64,-832.53,-1618.3,-498.16,237.83,419.05,413.99
-550.06,525.11,1085.6,12.878,-762.13,814.07,-903.26,-1716.6,-841.83,-201.15,153.18,244.51
-578.83,389.29,974.64,94.601,-728.88,689.95,-955.0,-1747.0,-1154.3,-592.91,-97.789,76.427
-576.49,240.91,820.1,166.77,-657.69,535.93,-979.69,-1709.1,-1394.0,-888.28,-303.47,-70.85
-552.52,88.323,643.59,229.72,-560.1,366.54,-969.31,-1608.2,-1530.2,-1061.7,-445.69,-184.57
-516.86,-58.855,466.29,284.29,-450.8,198.01,-921.46,-1455.4,-1551.8,-1114.1,-521.37,-260.13
-477.37,-187.98,306.33,329.69,-344.47,48.487,-841.87,-1267.7,-1469.5,-1067.6,-540.43,-300.98
-439.91,-286.23,174.53,363.16,-254.04,-63.884,-743.07,-1066.4,-1311.1,-955.29,-518.4,-315.37
-409.47,-346.63,83.915,381.82,-189.51,-129.48,-640.42,-872.53,-1112.4,-811.53,-469.75,-310.07
-390.73,-371.36,36.291,386.15,-155.35,-154.86,-547.2,-701.7,-907.15,-664.53,-408.38,-289.56
-385.17,-369.5,16.913,380.81,-147.75,-154.65,-471.39,-559.8,-720.3,-532.45,-346.94,-260.74
-386.58,-352.47,14.813,370.99,-157.22,-140.74,-414.8,-444.75,-565.8,-423.55,-292.95,-230.45
-388.42,-330.29,21.13,358.89,-173.3,-121.75,-373.37,-352.65,-447.37,-339.5,-248.88,-201.19
-386.23,-308.02,27.897,344.21,-185.5,-104.87,-339.36,-279.95,-361.27,-278.38,-213.59,-175.17
-375.46,-287.76,29.689,327.78,-184.49,-88.925,-305.53,-223.4,-298.85,-235.99,-185.61,-152.99
-354.25,-278.24,28.88,312.08,-166.9,-80.362,-268.55,-181.0,-250.64,-204.52,-164.44,-135.87
-326.44,-277.7,28.653,298.58,-137.92,-83.354,-231.47,-150.48,-210.77,-177.52,-147.35,-123.18
-299.09,-278.73,17.739,287.43,-110.37,-90.352,-199.11,-128.08,-176.94,-153.2,-132.07,-113.19
-277.79,-279.41,6.6613,278.25,-96.944,-99.017,-171.16,-110.09,-148.43,-131.5,-118.19,-105.04
-264.37,-279.84,-1.7341,270.99,-90.253,-108.79,-145.68,-98.694,-124.85,-112.56,-106.4,-98.389
-258.27,-280.35,-7.5152,266.32,-87.327,-120.61,-121.92,-101.23,-106.05,-96.985,-97.344,-92.773
-258.76,-281.59,-11.259,265.37,-87.9,-135.16,-100.32,-100.52,-95.934,-86.089,-90.86,-87.619
-265.73,-284.84,-13.486,269.27,-91.54,-149.77,-82.529,-95.726,-94.627,-78.017,-86.221,-82.562
-279.84,-291.62,-14.581,279.12,-97.193,-160.41,-70.116,-90.682,-92.898,-70.374,-82.806,-77.726
-302.01,-302.99,-15.051,295.48,-104.45,-167.82,-63.385,-86.526,-88.928,-62.99,-80.344,-73.774
-331.16,-319.83,-15.795,317.56,-114.95,-176.02,-61.159,-83.519,-84.161,-56.555,-78.773,-71.356
-361.98,-342.85,-17.861,343.32,-129.39,-188.48,-59.961,-81.608,-79.689,-51.518,-78.004,-70.56
-388.51,-372.18,-21.884,370.68,-141.57,-206.9,-57.975,-80.526,-75.878,-47.755,-77.801,-70.962
-409.4,-407.0,-27.763,398.55,-146.21,-230.94,-55.981,-79.872,-72.548,-44.728,-77.84,-71.88
-426.65,-445.74,-34.755,427.11,-144.61,-258.62,-54.616,-79.242,-69.29,-41.797,-77.836,-72.667
-442.64,-486.29,-41.732,456.95,-138.71,-286.92,-53.972,-78.353,-65.715,-38.488,-77.631,-73.046
-459.86,-525.62,-47.347,487.68,-132.29,-312.22,-53.904,-77.099,-61.607,-34.637,-77.189,-73.242
-481.1,-559.39,-50.305,517.01,-133.41,-331.13,-54.21,-75.525,-56.96,-30.359,-76.53,-73.694
-506.93,-582.37,-49.849,541.2,-147.31,-341.3,-54.684,-73.726,-51.915,-25.917,-75.653,-74.595
-534.18,-590.47,-46.187,556.87,-171.57,-341.66,-55.157,-71.739,-46.626,-21.509,-74.493,-75.685
-557.12,-583.29,-40.538,562.43,-198.57,-332.34,-55.499,-69.482,-41.136,-17.141,-72.935,-76.419
-569.39,-564.94,-34.788,557.99,-218.88,-315.31,-55.593,-66.769,-35.381,-12.676,-70.872,-76.224
-565.8,-541.13,-30.876,543.97,-225.39,-295.52,-55.279,-63.403,-29.293,-7.9703,-68.239,-74.745
-543.46,-515.02,-30.109,520.01,-214.6,-279.35,-54.333,-59.261,-22.89,-2.911,-64.994,-71.964
-502.32,-486.12,-32.697,485.45,-187.06,-269.13,-52.517,-54.308,-16.238,2.635,-61.1,-68.172
-445.55,-452.43,-37.704,440.66,-146.6,-261.68,-49.666,-48.546,-9.3386,8.8844,-56.544,-63.784
-378.99,-412.78,-43.438,387.98,-95.977,-252.34,-45.732,-41.924,-2.0187,16.19,-51.359,-59.08
-309.55,-367.34,-48.199,331.01,-46.89,-237.35,-40.733,-34.251,6.158,25.08,-45.583,-54.064
-243.56,-316.72,-50.68,273.06,-13.92,-213.58,-34.708,-25.167,15.979,36.165,-39.165,-48.598
-186.02,-261.0,-49.941,216.19,10.175,-179.25,-27.88,-14.195,28.518,49.71,-31.882,-42.576
-140.09,-199.52,-45.715,161.97,25.798,-136.86,-21.045,-0.9047,44.702,65.029,-23.424,-35.962
-106.58,-132.08,-38.727,111.97,28.796,-94.812,-15.34,14.875,64.535,80.575,-13.584,-28.497
-83.587,-63.687,-30.552,67.592,22.518,-61.335,-10.89,32.945,86.691,95.022,-2.4449,-19.23
-66.662,-4.7338,-23.16,29.878,13.481,-38.826,-5.5129,52.615,109.12,108.17,9.5993,-7.7531
-49.791,37.435,-18.424,-1.5992,9.8368,-25.856,4.3715,72.675,130.08,120.73,22.044,4.7492
-26.68,62.923,-17.644,-28.306,19.41,-19.429,20.369,91.769,148.65,133.61,34.43,17.293
7.5864,76.947,-21.219,-53.439,46.301,-16.18,40.723,109.0,164.62,147.78,46.34,29.791
54.899,84.422,-28.554,-82.431,88.107,-13.328,62.209,124.21,178.19,164.74,57.467,42.189
113.3,88.96,-38.228,-120.19,137.26,-8.7496,82.314,137.73,189.77,186.51,67.686,54.305
177.72,96.783,-48.402,-165.59,186.0,-1.1087,100.46,150.11,199.86,214.56,77.006,66.001
239.87,113.0,-57.37,-213.18,228.19,8.8528,117.77,161.87,208.98,246.98,85.492,77.122
288.09,143.14,-63.985,-255.46,258.23,18.284,134.96,173.43,217.64,277.73,93.204,87.351
312.22,183.34,-67.773,-279.44,272.47,25.296,149.44,185.12,226.37,301.3,100.22,96.303
310.18,205.09,-68.815,-279.92,271.74,30.263,156.46,197.11,235.81,317.28,106.73,103.92
289.16,205.46,-67.51,-263.71,260.61,34.356,155.6,209.43,246.84,329.24,113.04,110.8
262.2,200.99,-64.315,-243.79,244.85,38.565,153.42,221.87,260.4,341.12,119.62,118.18
243.28,204.38,-59.625,-233.77,230.59,43.672,158.89,233.99,276.82,354.33,126.84,127.65
242.97,223.33,-53.918,-243.12,225.0,50.316,173.42,245.27,294.96,367.53,134.73,139.96
265.79,259.9,-47.831,-274.67,231.68,58.82,188.15,255.35,312.52,378.98,142.84,153.52
308.19,310.36,-42.033,-323.85,242.21,69.079,199.89,264.1,327.52,388.2,150.41,165.63
356.53,365.63,-37.107,-378.51,251.36,80.696,210.26,271.64,339.24,395.63,156.9,175.24
396.64,414.4,-33.494,-425.19,260.48,93.252,219.48,278.2,347.98,401.89,162.21,183.01
425.65,449.79,-31.416,-458.43,270.0,106.39,226.71,284.0,354.43,407.47,166.5,189.98
444.98,470.86,-30.74,-478.57,279.79,119.48,231.33,289.19,359.2,412.61,170.07,196.85
454.94,479.41,-30.913,-486.86,289.65,131.26,233.39,293.77,362.65,417.24,173.16,203.83
458.36,478.95,-31.137,-486.79,299.11,140.18,233.49,297.63,364.84,420.81,175.86,210.62
460.69,474.56,-30.76,-484.33,307.73,145.74,232.04,300.61,365.57,422.52,178.11,216.52
465.65,471.47,-29.537,-484.84,315.07,149.24,229.08,302.57,364.59,421.73,179.76,220.84
473.56,473.06,-27.433,-491.17,319.99,152.94,224.75,303.45,361.73,418.38,180.66,223.2
480.5,478.29,-24.334,-500.07,320.58,158.27,219.43,303.29,357.05,413.0,180.78,223.68
481.08,484.5,-20.169,-504.89,314.62,164.76,213.41,302.2,350.81,406.37,180.18,222.66
473.11,490.37,-15.187,-505.53,300.47,170.48,206.73,300.38,343.39,399.17,179.09,220.59
456.17,494.57,-10.032,-502.79,278.99,173.56,199.34,298.02,335.14,391.81,177.74,217.75
431.78,495.42,-5.6415,-494.41,255.25,173.26,191.48,295.28,326.16,384.48,176.31,214.36
405.43,490.93,-3.0748,-479.36,235.5,169.92,183.75,292.2,316.32,377.25,174.78,210.74
382.06,479.56,-3.2612,-460.13,222.82,164.23,176.92,288.66,305.3,370.07,173.02,207.48
362.23,461.66,-6.648,-439.16,218.46,156.55,171.68,284.46,292.95,362.83,170.88,205.28
345.84,439.8,-12.939,-417.34,222.85,146.92,168.42,279.35,279.67,355.43,168.25,204.66
335.9,417.87,-21.092,-396.9,233.92,135.66,166.87,273.13,266.48,347.84,165.08,205.91
337.53,400.81,-29.63,-383.96,250.18,124.19,165.92,265.7,254.57,340.1,161.39,209.02
354.39,393.31,-37.131,-385.16,271.98,115.01,164.23,257.08,244.66,332.26,157.38,213.52
386.13,397.27,-42.513,-401.95,297.3,110.23,161.02,247.5,236.77,324.28,153.4,218.54
426.33,410.67,-44.946,-429.55,320.8,110.21,156.41,237.3,230.46,316.03,149.8,223.08
462.14,428.8,-43.808,-458.57,336.68,113.64,150.93,226.77,225.14,307.36,146.7,226.43
481.14,446.33,-38.894,-479.53,340.84,118.47,145.05,216.1,220.29,298.22,143.94,228.13
477.87,459.0,-30.552,-487.54,330.13,122.92,139.0,205.29,215.48,288.71,141.21,227.98
451.05,464.32,-19.629,-480.4,301.98,126.1,132.86,194.26,210.42,279.05,138.26,225.87
405.03,461.47,-7.3553,-457.34,260.6,127.88,126.61,182.88,204.91,269.52,134.94,221.69
353.14,451.25,4.9194,-424.67,218.25,128.5,120.2,171.04,198.92,260.37,131.31,215.47
310.4,436.63,16.046,-394.26,185.8,128.39,113.67,158.63,192.48,251.63,127.48,207.57
284.75,421.65,25.309,-373.7,167.59,128.06,107.03,145.53,185.69,243.1,123.61,198.89
275.38,408.33,32.546,-363.59,161.36,127.86,100.21,131.53,178.61,234.37,119.74,190.5
274.95,395.69,38.089,-359.44,160.97,127.54,93.082,116.4,171.18,224.94,115.86,182.98
272.44,381.75,42.563,-353.48,159.02,126.29,85.606,99.821,163.23,214.57,111.93,175.87
257.28,364.93,46.663,-338.54,148.69,123.18,77.808,81.61,154.51,203.51,107.94,167.83
223.64,343.35,50.878,-311.38,125.97,117.69,69.536,61.924,144.75,192.62,103.92,157.04
171.72,313.93,55.164,-271.05,92.638,110.13,60.503,41.651,133.93,182.92,99.886,142.8
107.88,274.57,58.873,-217.57,59.412,101.5,50.712,22.321,122.44,175.06,95.865,127.67
52.68,231.12,61.076,-159.05,35.908,92.845,40.8,5.3059,110.91,169.02,91.855,115.23
24.333,196.4,60.963,-117.96,23.15,84.76,31.774,-8.8739,99.991,164.39,87.823,106.23
15.495,176.03,58.099,-101.94,19.92,77.419,24.399,-20.456,90.052,160.69,83.697,99.521
22.734,166.41,52.531,-104.7,23.589,70.743,18.958,-29.95,81.138,157.53,79.367,93.984
45.136,160.92,44.79,-120.19,31.227,64.514,15.433,-37.811,73.085,154.63,74.698,88.953
70.077,152.25,35.832,-139.93,39.418,58.459,13.684,-44.361,65.692,151.83,69.539,84.045
71.88,136.27,26.885,-150.23,45.733,52.359,13.548,-49.801,58.865,149.04,63.762,79.014
54.082,116.9,19.204,-138.28,49.294,46.184,14.975,-54.271,52.638,146.26,57.319,73.646
40.83,100.06,13.791,-109.17,49.706,40.152,18.077,-57.892,47.091,143.47,50.293,67.727
30.341,86.94,11.151,-83.708,46.932,34.679,22.994,-60.785,42.258,140.67,42.886,61.136
19.72,76.834,11.171,-67.714,41.66,30.212,29.691,-63.075,38.077,137.81,35.356,53.929
9.5708,69.637,13.231,-57.316,34.972,27.016,37.864,-64.873,34.392,134.88,27.927,46.345
0.65892,65.402,16.508,-50.403,28.014,25.032,46.979,-66.265,31.0,131.79,20.742,38.708
-7.5141,63.619,20.318,-46.263,21.818,23.897,56.349,-67.301,27.702,128.5,13.857,31.309
-14.441,63.055,24.292,-44.627,16.962,23.135,65.273,-68.003,24.377,124.92,7.2533,24.312
-14.622,62.125,28.278,-44.327,13.221,22.354,73.25,-68.363,21.019,121.02,0.87383,17.714
-10.862,59.548,32.042,-41.949,9.6296,21.18,80.075,-68.349,17.738,116.84,-5.3252,11.405
-13.374,54.541,35.051,-34.826,5.0971,19.056,85.693,-67.925,14.709,112.48,-11.338,5.268
-26.202,46.463,36.665,-23.859,-0.80075,15.202,90.052,-67.119,12.04,108.03,-17.152,-0.79507
-47.059,34.769,36.648,-10.61,-7.6692,8.8432,93.094,-66.115,9.6508,103.35,-22.865,-6.9509
-73.534,18.915,35.427,5.2133,-15.066,-0.53849,94.756,-65.27,7.2355,98.02,-28.768,-13.495
-112.37,-1.6387,33.873,25.244,-22.727,-12.68,94.896,-65.013,4.388,91.42,-35.29,-20.729
-157.5,-27.215,32.867,74.303,-30.43,-25.34,93.171,-65.672,0.78908,83.107,-42.783,-28.652
-190.53,-83.832,32.888,113.98,-39.666,-35.653,89.105,-67.32,-3.6778,73.265,-51.192,-36.957
-211.62,-106.13,33.834,133.17,-59.695,-45.271,82.931,-69.758,-8.8975,62.79,-59.827,-45.889
-218.17,-93.742,35.051,130.51,-81.593,-44.604,76.607,-72.65,-14.517,52.747,-67.592,-55.222
-207.12,-59.11,35.44,107.1,-93.067,-24.078,71.478,-75.689,-20.036,43.775,-73.722,-61.902
-182.32,-16.894,33.669,72.939,-95.964,-0.11435,66.063,-78.703,-25.045,35.998,-78.343,-65.198
-162.12,4.1884,28.653,51.643,-92.902,6.6658,57.866,-81.684,-29.4,29.227,-82.318,-68.518
-173.23,-27.392,20.15,72.595,-92.497,-19.009,45.037,-84.707,-33.198,23.174,-86.646,-77.135
-237.13,-128.59,9.1202,155.65,-105.89,-80.987,27.672,-87.829,-36.637,17.586,-91.942,-95.036
-356.18,-289.71,-2.5046,297.15,-136.87,-170.31,8.1968,-91.049,-39.885,12.33,-98.207,-122.08
-505.51,-473.24,-12.559,465.5,-181.43,-267.2,-9.7445,-94.289,-42.991,7.4311,-104.85,-153.84
-640.19,-626.88,-19.421,611.05,-228.84,-346.5,-23.459,-97.377,-45.839,3.0614,-110.78,-183.25
-715.58,-705.86,-22.45,688.05,-259.65,-386.87,-32.257,-100.05,-48.14,-0.51104,-114.72,-202.64
-708.69,-692.59,-21.952,676.98,-260.48,-380.56,-36.703,-101.99,-49.522,-3.0242,-115.67,-206.59
-629.7,-603.62,-18.826,592.43,-233.41,-337.15,-37.796,-102.97,-49.705,-4.3629,-113.46,-194.51
-513.8,-479.35,-14.207,472.34,-188.91,-277.05,-36.762,-102.92,-48.686,-4.6783,-108.83,-170.98
-399.63,-360.92,-9.0197,355.45,-141.36,-219.51,-34.913,-101.97,-46.757,-4.3811,-102.99,-146.87
-313.24,-271.55,-3.4176,266.24,-104.58,-174.7,-33.328,-100.34,-44.303,-3.9573,-97.073,-130.83
-264.8,-215.5,3.2011,213.58,-85.845,-144.71,-32.461,-98.065,-41.505,-3.6999,-91.831,-118.11
-252.11,-186.3,11.482,192.07,-86.647,-123.66,-32.044,-95.001,-38.206,-3.5207,-87.781,-106.22
-266.33,-169.27,21.47,190.98,-104.47,-99.41,-31.409,-90.867,-34.055,-2.9448,-84.874,-96.665
-292.62,-155.3,32.371,198.12,-129.63,-72.44,-30.159,-85.512,-28.79,-1.3581,-81.906,-89.578
-314.47,-143.4,42.717,202.85,-148.6,-48.589,-28.592,-79.016,-22.529,1.4963,-77.68,-83.614
-323.29,-129.87,50.947,200.16,-152.85,-35.84,-26.964,-71.556,-15.894,5.2341,-71.94,-77.262
-313.16,-110.11,56.116,186.24,-143.43,-35.432,-25.27,-63.352,-9.7026,9.1251,-65.216,-69.825
-281.95,-84.533,58.178,160.47,-130.12,-35.034,-23.755,-54.773,-4.5211,12.495,-58.488,-62.8
-249.37,-72.381,57.799,136.32,-117.92,-34.038,-22.888,-46.322,-0.56844,14.855,-52.655,-57.764
-237.1,-67.013,55.999,128.11,-109.09,-33.502,-23.073,-38.54,2.1602,15.924,-48.181,-54.614
-232.13,-64.333,53.751,124.64,-104.29,-33.52,-24.468,-31.901,3.8063,15.658,-45.122,-52.843
-230.13,-63.045,51.67,123.04,-102.07,-33.809,-26.947,-26.696,4.6183,14.245,-43.241,-52.011
-229.86,-62.515,49.933,122.66,-101.02,-34.115,-30.177,-22.933,4.9244,12.054,-42.071,-51.65
-230.1,-62.425,48.422,123.21,-101.15,-34.397,-33.73,-20.312,5.0663,9.5382,-41.038,-51.264
-230.06,-62.743,46.92,124.33,-102.37,-34.814,-37.221,-18.312,5.292,7.0996,-39.662,-50.48
-229.7,-63.648,45.251,124.88,-103.25,-35.568,-40.413,-16.413,5.6483,4.945,-37.772,-49.216
-230.26,-65.312,43.404,123.63,-102.21,-36.698,-43.334,-14.426,5.9299,2.9809,-35.59,-47.715
-234.11,-67.637,41.651,120.91,-98.729,-37.967,-46.3,-12.684,5.7285,0.83092,-33.612,-46.382
-241.8,-70.144,40.524,118.2,-94.651,-38.905,-49.712,-11.902,4.5926,-2.0016,-32.367,-45.594
-252.34,-72.115,40.582,116.63,-92.918,-38.955,-53.8,-12.727,2.233,-5.9104,-32.181,-45.571
-264.11,-72.783,42.095,116.4,-94.571,-37.605,-58.398,-15.324,-1.3569,-11.023,-33.045,-46.273
-273.24,-71.339,44.892,115.74,-98.259,-34.496,-62.91,-19.295,-5.9341,-17.134,-34.565,-47.316
-275.39,-67.147,48.462,111.46,-101.18,-29.608,-66.561,-23.951,-11.119,-23.716,-36.106,-48.106
-267.96,-60.242,52.167,101.69,-100.73,-23.416,-68.755,-28.648,-16.495,-30.071,-37.067,-48.146
-248.21,-51.542,55.424,87.411,-95.953,-16.861,-69.289,-32.963,-21.706,-35.626,-37.139,-47.293
-213.97,-42.588,57.807,72.101,-87.637,-11.071,-68.378,-36.711,-26.549,-40.163,-36.385,-45.826
-176.04,-35.023,59.075,59.603,-78.362,-6.9892,-66.533,-39.885,-31.028,-43.845,-35.154,-44.285
-151.76,-30.075,59.108,51.816,-71.852,-5.0953,-64.391,-42.593,-35.323,-47.063,-33.882,-43.173
-142.46,-28.225,57.798,48.72,-69.404,-5.3521,-62.482,-44.978,-39.678,-50.228,-32.895,-42.742
-143.26,-29.105,55.012,49.084,-69.349,-7.3321,-60.961,-47.13,-44.243,-53.573,-32.316,-42.931
-152.52,-31.627,50.556,50.773,-68.61,-10.433,-59.501,-49.03,-48.972,-57.073,-32.093,-43.439
-167.02,-34.368,44.142,51.422,-64.269,-14.099,-57.535,-50.592,-53.636,-60.495,-32.008,-43.814
-173.27,-36.15,35.54,49.732,-55.392,-17.986,-54.665,-51.741,-57.954,-63.551,-31.735,-43.584
-157.96,-36.531,24.855,46.163,-43.177,-22.02,-50.835,-52.468,-61.743,-66.062,-31.054,-42.501
-123.31,-35.967,12.693,41.924,-29.496,-26.322,-46.28,-52.856,-65.001,-68.055,-30.014,-40.689
-88.573,-35.533,0.22406,38.062,-16.43,-31.001,-41.494,-53.05,-67.858,-69.73,-28.892,-38.583
-67.895,-36.253,-10.922,35.51,-6.0684,-35.88,-37.118,-53.209,-70.455,-71.335,-28.049,-36.74
-59.919,-38.497,-19.162,35.01,0.14635,-40.389,-33.653,-53.428,-72.818,-73.018,-27.745,-35.64
-63.096,-41.751,-23.586,36.695,1.7074,-43.753,-31.253,-53.694,-74.803,-74.737,-28.023,-35.523
-74.441,-44.905,-24.169,39.865,-0.98894,-45.352,-29.724,-53.886,-76.147,-76.291,-28.669,-36.273
-87.022,-46.792,-21.558,43.172,-6.6643,-44.877,-28.724,-53.823,-76.599,-77.438,-29.29,-37.42
-95.639,-46.581,-16.771,45.173,-13.568,-42.254,-27.955,-53.337,-76.034,-78.017,-29.511,-38.343
-96.362,-43.908,-10.899,44.899,-20.189,-37.651,-27.225,-52.349,-74.504,-77.985,-29.173,-38.592
-91.067,-38.995,-4.9084,42.192,-25.463,-31.601,-26.494,-50.914,-72.246,-77.407,-28.377,-38.06
-85.374,-32.676,0.37493,37.67,-28.62,-25.025,-25.904,-49.234,-69.694,-76.466,-27.387,-36.954
-80.348,-26.213,4.1954,32.381,-29.447,-19.096,-25.707,-47.626,-67.439,-75.465,-26.515,-35.655
-75.276,-21.019,5.8923,27.45,-28.333,-14.975,-26.144,-46.419,-66.102,-74.725,-26.04,-34.538
-70.1,-18.289,5.0019,23.923,-25.814,-13.504,-27.304,-45.814,-66.128,-74.449,-26.121,-33.836
-65.349,-18.621,1.4021,22.548,-22.277,-14.987,-29.041,-45.769,-67.611,-74.6,-26.734,-33.574
-61.152,-21.768,-4.5971,23.306,-17.878,-19.099,-31.011,-46.048,-70.231,-74.905,-27.668,-33.587
-57.129,-26.72,-12.309,25.314,-12.684,-24.975,-32.806,-46.374,-73.41,-75.042,-28.617,-33.608
-53.094,-32.15,-20.828,27.393,-6.9696,-31.482,-34.114,-46.59,-76.611,-74.826,-29.312,-33.393
-48.578,-36.914,-29.211,28.691,-1.1996,-37.538,-34.814,-46.716,-79.574,-74.257,-29.652,-32.842
-43.478,-40.302,-36.619,28.847,4.2225,-42.329,-34.987,-46.901,-82.331,-73.496,-29.759,-32.043
-38.12,-41.998,-42.418,27.837,9.0021,-45.382,-34.84,-47.35,-85.084,-72.785,-29.894,-31.222
-32.79,-42.005,-46.236,25.842,12.842,-46.579,-34.611,-48.253,-88.051,-72.381,-30.367,-30.651
-27.983,-40.673,-47.953,23.279,15.393,-46.129,-34.507,-49.746,-91.374,-72.486,-31.451,-30.548
-24.512,-38.763,-47.622,20.847,16.288,-44.519,-34.674,-51.898,-95.072,-73.231,-33.318,-31.04
-23.231,-37.235,-45.416,19.398,15.183,-42.372,-35.173,-54.694,-99.033,-74.601,-35.966,-32.135
-24.803,-36.873,-41.625,19.623,11.84,-40.265,-36.029,-58.02,-103.04,-76.411,-39.203,-33.706
-29.642,-37.976,-36.627,21.775,6.2868,-38.559,-37.317,-61.67,-106.83,-78.348,-42.683,-35.558
-37.753,-40.31,-30.82,25.569,-1.0113,-37.315,-39.118,-65.416,-110.25,-80.105,-46.022,-37.51
-48.343,-43.265,-24.597,30.295,-9.1589,-36.361,-41.401,-69.103,-113.22,-81.498,-48.991,-39.482
-59.856,-46.158,-18.382,35.092,-17.165,-35.447,-44.233,-72.688,-115.82,-82.537,-51.602,-41.487
-70.685,-48.5,-12.621,39.28,-24.349,-34.433,-47.819,-76.215,-118.13,-83.402,-54.042,-43.58
-79.833,-50.122,-7.6717,42.572,-30.431,-33.345,-52.251,-79.709,-120.24,-84.356,-56.56,-45.787
-87.012,-51.073,-3.7434,44.993,-35.362,-32.26,-57.394,-83.063,-122.15,-85.596,-59.319,-48.054
-92.333,-51.472,-0.93613,46.65,-39.202,-31.203,-62.821,-86.003,-123.78,-87.154,-62.302,-50.232
-95.883,-51.508,0.68904,47.622,-42.07,-30.218,-67.857,-88.135,-125.0,-88.844,-65.285,-52.082
-97.653,-51.568,1.0048,48.067,-43.994,-29.534,-71.756,-89.08,-125.71,-90.342,-67.917,-53.357
-97.671,-52.208,-0.27871,48.294,-44.694,-29.618,-73.974,-88.627,-125.85,-91.323,-69.868,-53.924
-95.946,-53.947,-3.5784,48.641,-43.519,-31.038,-74.349,-86.804,-125.38,-91.516,-70.954,-53.854
-92.383,-57.059,-9.2412,49.301,-39.8,-34.262,-73.124,-83.828,-124.3,-90.672,-71.133,-53.401
-86.904,-61.503,-17.322,50.296,-33.369,-39.469,-70.806,-79.947,-122.61,-88.473,-70.388,-52.858
-80.005,-66.986,-27.495,51.512,-24.751,-46.462,-67.917,-75.265,-120.24,-84.472,-68.601,-52.367
-72.712,-73.039,-39.105,52.709,-14.933,-54.672,-64.724,-69.675,-117.36,-78.73,-65.623,-51.816
-65.655,-79.042,-51.239,53.522,-4.9223,-63.232,-61.081,-62.923,-115.57,-76.834,-62.022,-50.9
-58.979,-84.243,-62.753,53.696,4.4858,-71.12,-56.528,-54.711,-119.57,-97.569,-64.076,-49.712
-52.535,-88.096,-72.397,54.23,12.697,-77.389,-50.861,-44.869,-127.58,-111.9,-88.273,-54.513
-45.566,-92.448,-79.083,59.975,19.311,-82.044,-44.725,-33.854,-122.57,-108.61,-101.08,-69.262
-36.636,-108.44,-82.757,69.661,24.067,-91.08,-39.101,-23.65,-101.56,-96.704,-104.6,-77.381
-25.455,-128.28,-91.017,66.57,26.733,-114.67,-34.552,-17.042,-70.782,-73.912,-101.76,-81.156
-14.339,-124.58,-112.83,52.092,27.399,-119.72,-30.62,-5.1539,-32.019,-38.28,-87.556,-75.858
-4.3885,-106.94,-112.83,30.136,31.62,-108.98,-19.291,79.693,15.419,12.817,-57.331,-58.596
6.1664,-75.115,-100.11,2.4737,53.336,-88.235,33.913,144.82,75.503,83.139,-10.933,-28.894
20.134,-29.433,-78.432,-29.544,52.071,-56.806,57.896,166.39,155.6,178.11,50.972,14.071
39.533,26.704,-48.793,-66.651,46.107,-13.892,63.034,173.35,250.86,301.51,133.67,71.566
65.087,94.35,-10.07,-110.81,38.468,40.839,59.867,161.8,346.27,450.55,239.73,145.36
95.012,177.2,41.461,-162.88,27.076,109.55,45.607,124.68,435.94,621.31,368.74,236.64
123.97,277.2,112.38,-222.43,7.8023,196.33,16.367,53.343,514.25,808.38,517.25,343.75
148.47,394.6,209.39,-288.73,-24.777,304.77,-31.692,-60.305,574.06,1001.1,677.53,461.62
165.75,527.57,335.58,-359.17,-76.528,435.47,-101.37,-221.09,607.93,1180.7,835.6,581.14
171.52,668.66,485.97,-427.35,-151.45,583.12,-192.32,-427.35,606.54,1316.9,969.82,688.15
158.43,803.59,647.11,-483.92,-247.64,735.0,-298.48,-668.42,555.89,1369.3,1053.1,764.85
118.78,914.15,816.01,-518.45,-355.94,872.52,-409.47,-925.32,438.07,1301.8,1060.3,794.1
51.387,982.84,958.28,-521.99,-462.83,975.8,-516.14,-1175.0,241.7,1099.9,978.28,765.29
-33.823,996.94,1047.6,-491.14,-552.83,1028.1,-613.68,-1395.2,-28.579,776.84,812.02,678.77
-119.6,951.37,1075.3,-430.17,-611.28,1019.4,-700.4,-1567.8,-352.98,371.98,583.57,546.33
-189.37,850.66,1037.6,-349.33,-628.58,949.63,-774.31,-1680.5,-698.97,-57.809,325.97,387.31
-232.79,708.66,941.39,-260.78,-603.06,829.6,-831.38,-1727.1,-1025.2,-451.92,74.782,223.17
-247.13,544.78,801.48,-175.26,-540.38,677.19,-865.18,-1706.6,-1289.4,-760.82,-140.13,72.739
-236.38,379.22,635.98,-100.76,-451.3,512.06,-868.11,-1623.1,-1457.8,-956.68,-300.38,-50.569
-207.95,229.6,464.86,-42.281,-349.72,352.85,-834.93,-1485.7,-1514.1,-1036.1,-400.79,-140.27
-166.91,109.04,307.2,-1.8501,-250.43,214.84,-766.78,-1309.3,-1463.0,-1016.0,-446.4,-196.3
-117.18,23.482,175.01,21.035,-165.8,107.8,-672.37,-1113.7,-1327.7,-925.44,-446.17,-222.07
-75.496,-29.927,81.458,29.051,-102.25,35.108,-564.83,-920.35,-1142.4,-797.41,-411.18,-221.34
-54.6,-58.883,30.529,27.279,-63.156,-6.8953,-457.34,-745.7,-942.43,-660.89,-356.39,-200.06
-47.215,-70.881,9.179,18.368,-44.65,-25.916,-360.31,-597.09,-755.32,-535.64,-296.39,-167.45
-42.635,-71.484,4.6691,-8.6142,-37.694,-29.865,-279.57,-474.74,-596.88,-431.2,-239.93,-131.53
-36.875,-64.133,8.185,-20.932,-35.881,-25.261,-216.18,-376.31,-471.85,-348.03,-185.98,-76.63
-25.896,-33.107,13.468,-24.257,-34.736,-17.001,-167.8,-298.15,-377.44,-279.21,-140.7,-48.826
-8.5848,-0.56553,15.911,-29.116,-30.832,-0.67163,-130.58,-237.08,-308.1,-226.07,-114.21,-46.193
7.8202,-0.35727,14.905,-35.673,-22.55,17.257,-100.97,-191.25,-256.67,-193.4,-102.5,-44.098
20.702,-3.213,8.7858,-43.043,-13.369,11.589,-76.563,-158.12,-216.23,-168.73,-91.901,-39.773
31.422,-4.8271,-3.7211,-50.133,-5.9334,3.563,-56.161,-133.8,-182.85,-146.7,-80.662,-33.173
40.354,-5.8634,-13.708,-55.904,2.4843,-2.4485,-39.752,-114.45,-154.75,-126.33,-68.43,-25.32
47.311,-7.4341,-21.618,-59.626,10.004,-7.3555,-27.552,-98.358,-131.07,-107.77,-54.793,-17.418
51.907,-10.321,-28.487,-60.957,15.598,-12.218,-21.543,-92.32,-111.34,-92.052,-42.085,-10.384
53.86,-14.833,-34.588,-59.878,19.016,-17.494,-20.116,-93.356,-97.726,-80.723,-32.165,-4.6691
53.308,-20.775,-40.007,-56.681,20.512,-23.242,-17.074,-89.311,-93.448,-71.385,-24.758,-0.34034
50.933,-27.56,-44.851,-52.011,20.674,-29.272,-13.48,-82.947,-91.024,-61.988,-19.19,2.7666
47.928,-34.456,-49.159,-46.809,20.214,-35.221,-10.079,-76.458,-85.761,-52.825,-14.917,4.9095
45.586,-40.821,-52.802,-42.178,19.721,-40.621,-6.8839,-70.356,-78.333,-44.486,-11.529,6.3497
44.714,-46.155,-55.487,-39.109,19.56,-44.961,-3.8625,-64.644,-69.978,-37.241,-8.7419,7.3202
45.364,-49.973,-56.876,-38.092,19.873,-47.746,-1.1137,-59.183,-61.581,-31.115,-6.3816,7.9894
46.993,-51.74,-56.732,-38.991,20.532,-48.57,1.1733,-53.817,-53.674,-26.002,-4.3609,8.4493
48.972,-51.112,-55.017,-41.286,21.176,-47.282,2.8555,-48.405,-46.484,-21.731,-2.665,8.7319
50.928,-48.349,-51.927,-44.385,21.372,-44.186,3.9493,-42.833,-40.013,-18.109,-1.3022,8.8277
52.683,-44.426,-47.889,-47.743,20.794,-40.066,4.6595,-37.015,-34.144,-14.949,-0.26225,8.7104
53.981,-40.667,-43.503,-50.76,19.315,-35.949,5.289,-30.89,-28.737,-12.102,0.50444,8.3724
54.437,-38.247,-39.43,-52.773,17.006,-32.764,6.1503,-24.421,-23.697,-9.467,1.0969,7.8326
53.809,-37.775,-36.232,-53.308,14.127,-31.068,7.5031,-17.57,-18.978,-6.9815,1.6196,7.1686
52.223,-39.087,-34.243,-52.361,11.102,-30.894,9.5151,-10.273,-14.551,-4.5935,2.202,6.517
50.277,-41.33,-33.495,-50.479,8.4684,-31.803,12.219,-2.3983,-10.358,-2.2394,2.9657,6.0293
48.988,-43.372,-33.756,-48.582,6.7593,-33.107,15.483,6.2568,-6.2891,0.15477,4.0117,5.8333
49.407,-44.303,-34.647,-47.708,6.3406,-34.167,19.04,15.925,-2.1965,2.6474,5.3609,5.9861
52.052,-43.748,-35.768,-48.677,7.2778,-34.619,22.63,26.791,2.0747,5.2501,6.9594,6.4281
56.63,-41.922,-36.781,-51.695,9.3114,-34.398,26.1,38.734,6.6487,7.9272,8.7048,7.0364
62.246,-39.339,-37.468,-56.171,11.961,-33.612,29.498,51.309,11.638,10.623,10.505,7.6945
67.896,-36.496,-37.795,-61.025,14.706,-32.46,33.071,63.86,17.165,13.306,12.314,8.331
72.896,-33.837,-37.952,-65.336,17.146,-31.261,37.151,75.865,23.404,16.006,14.197,8.9688
77.021,-31.853,-38.318,-68.629,19.083,-30.493,41.946,87.037,30.55,18.789,16.292,9.6919
80.374,-31.01,-39.322,-70.728,20.523,-30.66,47.362,97.316,38.802,21.747,18.728,10.591
83.161,-31.516,-41.234,-71.599,21.614,-32.042,52.975,106.75,48.231,24.956,21.593,11.779
85.574,-33.091,-43.997,-71.35,22.526,-34.473,58.225,115.45,58.772,28.458,24.895,13.316
87.931,-34.87,-47.169,-70.298,23.339,-37.294,62.754,123.49,70.166,32.24,28.598,15.197
90.68,-35.625,-50.03,-69.129,23.996,-39.55,66.578,130.9,82.016,36.217,32.551,17.352
93.858,-34.338,-51.757,-69.034,24.373,-40.312,69.952,137.73,93.902,40.265,36.573,19.666
97.326,-30.626,-51.621,-71.359,24.371,-38.892,73.139,144.06,105.52,44.273,40.513,22.027
101.5,-24.558,-49.199,-76.848,23.972,-34.94,76.24,150.05,116.74,48.205,44.301,24.378
106.78,-16.452,-44.533,-85.31,23.254,-28.578,79.213,155.93,127.55,52.116,47.959,26.727
112.98,-6.9122,-38.148,-95.897,22.369,-20.456,81.962,161.92,137.98,56.135,51.557,29.151
119.68,3.2094,-30.937,-107.47,21.498,-11.61,84.389,168.15,148.02,60.395,55.198,31.75
126.49,12.969,-23.921,-118.83,20.77,-3.1549,86.399,174.63,157.53,64.978,58.926,34.601
133.05,21.531,-17.931,-128.96,20.189,4.0453,87.912,181.32,166.28,69.863,62.718,37.75
138.8,28.374,-13.325,-137.07,19.582,9.597,88.932,188.11,174.07,74.928,66.48,41.172
142.89,33.39,-9.9099,-142.62,18.636,13.631,89.597,194.9,180.8,79.993,70.136,44.776
144.29,36.813,-7.1709,-145.3,17.061,16.623,90.131,201.64,186.48,84.908,73.658,48.471
142.43,38.996,-4.6312,-145.26,14.809,19.057,90.712,208.38,191.28,89.616,77.092,52.19
137.74,40.233,-2.1604,-143.31,12.172,21.113,91.341,215.23,195.42,94.148,80.529,55.895
131.68,40.715,-0.076321,-140.52,9.7068,22.583,91.855,222.27,199.09,98.522,84.044,59.579
126.21,40.592,1.0031,-137.77,8.0485,23.085,92.096,229.43,202.38,102.67,87.623,63.22
123.14,40.008,0.49121,-135.63,7.7268,22.307,92.057,236.5,205.33,106.45,91.18,66.798
123.71,39.075,-1.8614,-134.53,9.0377,20.173,91.897,243.25,207.92,109.74,94.626,70.317
127.79,37.885,-5.8381,-134.81,11.961,16.896,91.84,249.49,210.14,112.43,97.904,73.766
134.17,36.586,-10.846,-136.66,16.135,12.987,92.085,255.09,211.97,114.51,101.0,77.143
141.59,35.412,-16.154,-139.86,20.928,9.1012,92.746,259.97,213.36,116.01,103.93,80.435
149.11,34.549,-21.131,-143.7,25.621,5.7583,93.802,264.1,214.24,116.97,106.69,83.605
155.6,33.931,-25.381,-147.21,29.563,3.1055,95.091,267.38,214.49,117.4,109.28,86.574
159.49,33.233,-28.735,-149.29,32.261,0.94756,96.327,269.71,213.96,117.3,111.7,89.239
159.4,32.124,-31.128,-148.84,33.41,-0.98178,97.184,270.97,212.42,116.63,113.89,91.504
155.05,30.567,-32.471,-145.49,32.937,-2.7513,97.413,271.05,209.72,115.33,115.81,93.304
147.49,28.915,-32.631,-139.96,31.047,-4.1362,96.938,269.86,205.77,113.36,117.4,94.626
138.74,27.805,-31.509,-133.9,28.239,-4.6829,95.874,267.4,200.57,110.66,118.62,95.504
131.2,27.938,-29.151,-129.35,25.218,-3.8713,94.457,263.69,194.18,107.2,119.4,96.004
127.11,29.816,-25.781,-127.94,22.704,-1.3301,92.929,258.83,186.64,102.94,119.71,96.198
127.64,33.516,-21.722,-130.36,21.23,2.9615,91.446,252.93,178.0,97.843,119.47,96.127
132.23,38.623,-17.267,-136.11,20.995,8.5911,90.042,246.12,168.23,91.906,118.67,95.781
139.14,44.35,-12.609,-143.75,21.824,14.787,88.643,238.58,157.33,85.193,117.32,95.117
146.51,49.782,-7.9219,-151.31,23.212,20.631,87.113,230.43,145.24,77.854,115.5,94.095
152.51,54.148,-3.4672,-156.72,24.472,25.377,85.329,221.79,131.93,70.118,113.31,92.727
155.33,57.042,0.45627,-158.52,24.946,28.737,83.241,212.79,117.42,62.291,110.88,91.099
153.68,58.525,3.7552,-156.45,24.202,30.915,80.876,203.59,101.98,54.723,108.4,89.35
147.78,59.119,6.8041,-151.4,22.103,32.508,78.321,194.36,86.262,47.747,106.01,87.63
139.22,59.645,10.327,-145.01,18.785,34.315,75.713,185.26,71.297,41.583,103.86,86.055
130.13,60.814,14.906,-139.48,14.611,36.97,73.201,176.38,58.084,36.295,102.04,84.69
122.54,62.883,20.604,-136.87,10.118,40.61,70.896,167.73,47.209,31.828,100.57,83.562
117.54,65.521,26.841,-137.98,5.95,44.758,68.826,159.28,38.743,28.086,99.464,82.676
114.83,67.863,32.519,-141.84,2.7191,48.416,66.916,151.0,32.429,24.996,98.686,82.03
113.07,68.809,36.338,-145.74,0.85036,50.37,64.982,142.88,27.887,22.516,98.204,81.623
110.59,67.478,37.237,-146.25,0.43532,49.64,62.759,134.9,24.743,20.623,97.981,81.458
106.06,63.587,34.898,-141.09,1.178,45.991,59.961,126.98,22.667,19.288,97.98,81.537
99.119,57.648,30.062,-130.24,2.4893,40.192,56.368,118.97,21.378,18.46,98.163,81.854
90.716,50.961,24.345,-115.99,3.6753,33.792,51.907,110.69,20.635,18.068,98.489,82.39
82.55,45.28,19.689,-102.04,4.1025,28.583,46.698,101.91,20.229,18.013,98.896,83.096
75.935,42.263,17.838,-91.812,3.3033,26.125,41.01,92.536,19.977,18.185,99.302,83.884
71.308,42.906,19.831,-87.034,1.0639,27.352,35.141,82.662,19.749,18.484,99.618,84.643
68.462,47.132,25.645,-87.569,-2.5055,32.238,29.312,72.645,19.5,18.856,99.779,85.266
66.813,53.755,34.227,-91.553,-6.9916,39.713,23.621,62.981,19.272,19.3,99.748,85.673
65.542,60.952,43.855,-96.051,-11.825,47.987,18.064,54.056,19.158,19.834,99.506,85.818
63.751,66.956,52.62,-98.415,-16.465,55.174,12.577,45.952,19.236,20.456,99.021,85.668
60.76,70.484,58.94,-97.526,-20.509,59.864,7.0797,38.449,19.523,21.102,98.235,85.194
56.421,70.956,61.937,-93.688,-23.689,61.397,1.5629,31.2,19.959,21.657,97.063,84.368
51.151,68.559,61.461,-87.597,-25.795,59.861,-3.8502,23.967,20.438,22.001,95.439,83.177
45.684,64.054,57.992,-79.96,-26.655,55.916,-8.9267,16.761,20.857,22.062,93.34,81.637
40.816,58.56,52.665,-71.839,-26.289,50.655,-13.445,9.8136,21.138,21.839,90.792,79.79
37.22,53.493,47.103,-64.891,-25.026,45.5,-17.299,3.4298,21.244,21.383,87.849,77.68
35.261,50.404,42.966,-60.872,-23.383,41.976,-20.508,-2.1519,21.189,20.77,84.57,75.353
34.866,50.419,41.508,-60.594,-21.912,41.278,-23.144,-6.8135,21.045,20.08,81.022,72.858
35.577,53.63,43.297,-63.332,-21.136,43.79,-25.259,-10.55,20.934,19.404,77.306,70.278
36.752,59.012,48.088,-67.295,-21.409,48.919,-26.839,-13.437,20.997,18.836,73.567,67.735
37.764,65.02,54.849,-70.768,-22.692,55.297,-27.801,-15.603,21.335,18.454,69.967,65.376
38.148,70.195,61.861,-72.891,-24.47,61.199,-28.031,-17.187,21.98,18.29,66.638,63.329
37.754,73.401,67.04,-73.428,-25.833,65.009,-27.44,-18.285,22.89,18.323,63.641,61.67
36.854,73.959,68.538,-72.342,-25.737,65.622,-26.007,-18.912,23.987,18.505,60.966,60.414
36.088,71.805,65.337,-69.794,-23.361,62.719,-23.805,-19.019,25.177,18.782,58.553,59.517
36.273,67.527,57.565,-66.286,-18.379,56.825,-21.001,-18.572,26.338,19.092,56.294,58.886
38.223,62.223,46.481,-62.703,-11.044,49.15,-17.838,-17.668,27.299,19.352,54.035,58.378
42.543,57.335,34.106,-60.275,-2.1061,41.304,-14.611,-16.571,27.855,19.455,51.58,57.806
49.304,54.379,22.634,-60.36,7.3621,34.958,-11.615,-15.644,27.864,19.31,48.768,56.989
57.745,54.532,13.883,-63.784,16.236,31.458,-9.0472,-15.182,27.335,18.906,45.563,55.826
66.629,58.201,8.8983,-70.149,23.64,31.44,-6.9424,-15.279,26.429,18.317,42.119,54.36
74.984,64.759,7.6946,-78.028,29.062,34.632,-5.2714,-15.83,25.354,17.66,38.709,52.748
82.244,72.739,9.283,-85.615,32.304,39.976,-4.0174,-16.629,24.257,17.02,35.551,51.13
87.913,80.442,12.079,-91.411,33.467,46.015,-3.0824,-17.505,23.175,16.399,32.673,49.5
91.348,86.546,14.586,-94.684,32.838,51.34,-2.4655,-18.377,22.063,15.72,29.904,47.672
91.943,90.354,16.116,-95.331,30.784,54.982,-2.4461,-19.256,20.849,14.868,26.994,45.388
89.586,91.706,16.861,-93.523,27.962,56.664,-3.3355,-20.211,19.478,13.756,23.747,42.465
84.919,90.804,17.188,-89.566,25.321,56.605,-5.2047,-21.346,17.926,12.362,20.108,38.896
79.239,88.071,17.198,-83.974,23.661,55.047,-7.8284,-22.778,16.179,10.727,16.165,34.86
74.043,84.143,16.747,-77.614,23.398,52.149,-10.775,-24.616,14.217,8.9257,12.096,30.655
70.301,79.888,15.56,-71.709,24.575,48.319,-13.558,-26.902,12.029,7.0508,8.1,26.604
68.234,76.303,13.558,-67.483,26.867,44.395,-15.797,-29.569,9.6519,5.2115,4.368,22.97
67.561,74.259,11.255,-65.539,29.612,41.388,-17.329,-32.43,7.2005,3.5359,1.0582,19.91
67.554,74.212,9.69,-65.489,31.966,40.093,-18.232,-35.244,4.833,2.1482,-1.7209,17.472
67.111,76.025,9.8741,-66.173,33.101,40.848,-18.74,-37.801,2.6922,1.1327,-3.9214,15.637
65.206,79.051,12.271,-66.293,32.452,43.48,-19.097,-39.97,0.86447,0.52122,-5.5393,14.371
61.502,82.477,16.65,-65.191,29.962,47.422,-19.408,-41.685,-0.61228,0.32282,-6.5693,13.673
56.584,85.731,22.236,-63.199,26.18,51.928,-19.564,-42.899,-1.7088,0.56801,-6.9643,13.6
51.6,88.65,27.997,-61.166,22.111,56.284,-19.299,-43.563,-2.3846,1.3054,-6.6463,14.257
47.67,91.331,32.948,-59.744,18.897,59.932,-18.362,-43.651,-2.6183,2.5375,-5.5813,15.718
45.465,93.879,36.383,-59.161,17.45,62.502,-16.702,-43.207,-2.4586,4.1603,-3.8626,17.931
44.968,96.224,37.959,-59.277,18.159,63.808,-14.523,-42.345,-2.0337,5.975,-1.7277,20.693
45.487,98.111,37.713,-59.659,20.742,63.877,-12.233,-41.221,-1.5049,7.7645,0.50879,23.689
46.025,99.26,36.078,-59.739,24.314,63.003,-10.321,-39.974,-1.0018,9.3773,2.567,26.592
45.777,99.6,33.867,-59.057,27.696,61.709,-9.159,-38.705,-0.5851,10.772,4.2968,29.185
44.32,99.382,32.125,-57.435,29.818,60.615,-8.8344,-37.47,-0.24341,12.012,5.7101,31.426
41.451,99.069,31.822,-54.954,30.032,60.262,-9.1645,-36.3,0.086789,13.226,6.9478,33.431
37.154,99.119,33.506,-51.856,28.221,60.951,-9.8276,-35.204,0.49457,14.549,8.208,35.401
31.714,99.838,37.112,-48.464,24.718,62.649,-10.483,-34.191,1.0617,16.08,9.6708,37.53
25.703,101.37,42.032,-45.137,20.153,65.018,-10.928,-33.284,1.8248,17.842,11.436,39.927
19.819,103.75,47.322,-42.15,15.291,67.534,-11.204,-32.545,2.7421,19.768,13.482,42.545
14.661,106.83,51.935,-39.54,10.918,69.651,-11.525,-32.087,3.6816,21.694,15.659,45.164
10.562,110.19,54.999,-37.118,7.75,70.969,-12.128,-32.063,4.4335,23.38,17.695,47.458
7.622,113.01,56.072,-34.759,6.2971,71.361,-13.163,-32.647,4.7487,24.548,19.242,49.14
5.9754,114.41,55.275,-32.727,6.722,71.05,-14.597,-33.991,4.4013,24.957,19.978,50.063
5.9655,114.57,53.226,-31.746,8.8509,70.626,-16.189,-36.165,3.265,24.505,19.737,50.247
7.9432,115.39,50.808,-32.656,12.323,70.937,-17.564,-39.115,1.363,23.286,18.596,49.842
11.997,119.35,48.869,-35.87,16.708,72.792,-18.396,-42.677,-1.1485,21.551,16.832,49.069
17.814,127.77,47.965,-41.14,21.533,76.578,-18.599,-46.629,-4.0451,19.6,14.802,48.147
24.43,140.22,48.25,-47.618,26.282,82.024,-18.383,-50.752,-7.0929,17.689,12.813,47.246
30.21,154.83,49.503,-53.988,30.412,88.23,-18.125,-54.854,-10.08,15.997,11.077,46.483
33.91,168.83,51.278,-58.822,33.412,93.954,-18.162,-58.784,-12.846,14.628,9.7208,45.939
35.134,179.34,53.087,-61.027,34.887,98.047,-18.669,-62.436,-15.317,13.619,8.7955,45.674
33.525,184.21,54.571,-60.089,34.59,99.865,-19.672,-65.774,-17.548,12.915,8.2615,45.684
28.982,182.82,55.612,-56.132,32.481,99.486,-21.109,-68.837,-19.728,12.36,7.956,45.846
22.085,176.25,56.342,-49.886,28.865,97.642,-22.879,-71.731,-22.158,11.705,7.5853,45.898
13.968,166.83,57.01,-42.558,24.477,95.389,-24.867,-74.586,-25.179,10.665,6.7834,45.49
5.943,157.69,57.766,-35.522,20.323,93.639,-26.954,-77.492,-29.091,9.0133,5.2544,44.283
-0.79095,151.87,58.501,-29.842,17.36,92.785,-29.044,-80.453,-34.039,6.6584,2.9288,42.09
-5.2906,150.88,58.88,-25.86,16.247,92.574,-31.092,-83.36,-39.905,3.6784,-0.006315,39.04
-7.1431,153.38,58.506,-23.089,17.227,92.307,-33.084,-86.024,-46.271,0.29114,-3.2334,35.566
-6.6948,156.04,57.088,-20.506,20.064,91.348,-35.033,-88.267,-52.547,-3.2075,-6.4618,32.076
-5.1318,155.69,54.549,-17.219,24.073,89.553,-36.968,-90.01,-58.239,-6.545,-9.5283,28.679
-4.128,150.84,51.097,-12.736,28.288,87.145,-38.945,-91.317,-63.144,-9.5871,-12.44,25.225
-4.8891,143.04,47.187,-6.9584,31.759,84.289,-41.045,-92.334,-67.334,-12.376,-15.334,21.49
-7.8047,135.08,43.305,-0.28244,33.848,80.933,-43.35,-93.195,-70.995,-15.045,-18.371,17.308
-12.733,127.89,39.654,7.1144,34.416,76.935,-45.874,-93.942,-74.28,-17.708,-21.618,12.651
-19.238,120.76,36.035,15.318,33.794,72.214,-48.508,-94.53,-77.26,-20.405,-25.004,7.649
-26.724,112.92,32.039,24.151,32.573,66.865,-51.008,-94.876,-79.939,-23.095,-28.335,2.562
-34.504,104.35,27.316,33.117,31.369,61.235,-53.046,-94.938,-82.299,-25.688,-31.383,-2.2976
-41.891,95.896,21.766,41.617,30.672,55.918,-54.319,-94.768,-84.373,-28.117,-34.002,-6.6872
-48.35,88.908,15.658,49.029,30.766,51.609,-54.654,-94.525,-86.278,-30.414,-36.229,-10.562
-53.619,84.432,9.6442,54.704,31.684,48.871,-54.085,-94.428,-88.194,-32.737,-38.292,-14.121
-57.641,82.743,4.5292,58.201,33.234,47.917,-52.857,-94.672,-90.276,-35.302,-40.505,-17.707
-60.449,83.354,0.80721,59.711,35.137,48.485,-51.335,-95.332,-92.553,-38.226,-43.102,-21.609
-62.189,85.235,-1.7147,60.316,37.194,49.846,-49.824,-96.305,-94.875,-41.384,-46.094,-25.854
-63.178,87.127,-3.8635,61.701,39.378,50.997,-48.378,-97.323,-96.957,-44.36,-49.214,-30.141
-63.876,87.948,-6.6517,65.255,41.808,50.968,-46.751,-98.053,-98.515,-46.595,-52.002,-33.979
-64.882,87.1,-10.765,71.098,44.653,49.172,-44.565,-98.236,-99.379,-47.629,-54.001,-36.921
-66.766,84.583,-16.264,78.007,48.015,45.635,-41.566,-97.794,-99.53,-47.304,-54.985,-38.739
-69.567,80.888,-22.607,84.368,51.857,40.979,-37.774,-96.852,-99.086,-45.83,-55.054,-39.514
-72.632,76.781,-28.91,89.19,55.999,36.155,-33.448,-95.669,-98.277,-43.711,-54.579,-39.601
-75.261,73.125,-34.291,92.36,60.217,32.079,-28.996,-94.506,-97.393,-41.549,-54.011,-39.467
-77.203,70.742,-38.154,94.276,64.41,29.381,-24.845,-93.494,-96.647,-39.77,-53.663,-39.477
-78.425,70.209,-40.353,95.437,68.731,28.332,-21.308,-92.57,-96.047,-38.45,-53.578,-39.749
-78.821,71.696,-41.139,96.246,73.521,28.87,-18.494,-91.539,-95.403,-37.339,-53.556,-40.154
-78.263,74.966,-40.919,97.003,78.938,30.672,-16.328,-90.223,-94.481,-36.066,-53.298,-40.424
-76.77,79.536,-40.014,98.015,84.529,33.289,-14.642,-88.584,-93.181,-34.385,-52.599,-40.313
-74.58,84.833,-38.665,99.706,89.462,36.312,-13.266,-86.766,-91.631,-32.337,-51.471,-39.745
-72.068,90.265,-37.228,102.57,93.291,39.466,-12.096,-85.041,-90.168,-30.247,-50.162,-38.883
-69.419,95.273,-36.201,106.43,96.251,42.575,-11.156,-83.704,-89.212,-28.572,-49.047,-38.067
-66.233,99.401,-36.002,109.6,98.926,45.428,-10.593,-82.951,-89.069,-27.673,-48.441,-37.606
-63.378,102.38,-36.72,111.04,101.53,47.667,-10.558,-82.791,-89.75,-27.625,-48.415,-37.58
-63.921,104.16,-38.03,112.34,103.31,48.84,-11.077,-83.015,-90.957,-28.181,-48.759,-37.809
-68.184,104.87,-39.33,115.46,103.63,48.668,-12.035,-83.267,-92.246,-28.888,-49.108,-38.026
-75.744,104.69,-40.053,120.73,103.01,47.328,-13.21,-83.181,-93.241,-29.319,-49.163,-38.101
-86.447,103.71,-39.937,126.88,102.71,45.472,-14.377,-82.51,-93.737,-29.288,-48.871,-38.126
-99.699,101.53,-38.832,133.11,103.01,43.942,-15.451,-81.214,-93.705,-28.912,-48.46,-38.366
-116.65,97.588,-36.327,140.92,100.7,43.469,-16.503,-79.418,-93.219,-28.498,-48.325,-39.137
-143.26,92.629,-31.989,156.98,90.293,44.537,-17.68,-77.308,-92.371,-28.313,-48.848,-40.682
-185.66,89.114,-25.829,201.17,70.993,47.199,-19.106,-75.007,-91.165,-28.379,-50.217,-43.059
-229.83,88.771,-18.553,241.13,49.594,50.693,-20.767,-72.512,-89.437,-28.338,-52.276,-46.046
-260.04,93.903,-11.6,251.38,34.335,53.531,-22.434,-69.687,-86.817,-27.458,-54.471,-49.178
-264.51,112.15,-6.8413,240.4,28.932,54.647,-23.689,-66.323,-82.801,-24.827,-55.979,-51.854
-241.17,143.27,-5.9602,212.14,32.917,53.298,-24.146,-62.238,-77.054,-19.905,-55.952,-53.472
-200.05,168.59,-9.8164,177.2,42.923,47.795,-23.708,-57.371,-70.379,-14.044,-53.806,-53.762
-159.64,170.54,-18.12,151.83,53.566,37.72,-22.561,-51.871,-66.812,-19.88,-50.076,-53.211
-142.15,147.16,-29.377,155.36,60.059,24.931,-21.136,-46.217,-73.777,-81.31,-53.485,-52.858
-165.72,109.83,-41.291,201.99,61.179,10.948,-20.114,-41.409,-88.299,-95.555,-86.482,-56.846
-234.52,49.027,-56.819,292.36,59.444,-10.292,-20.267,-38.875,-88.938,-86.68,-100.37,-74.147
-334.79,-65.642,-95.632,410.29,61.969,-79.925,-22.131,-38.524,-70.733,-67.514,-106.46,-90.157
-441.29,-191.47,-114.86,527.96,57.111,-156.31,-25.663,-25.391,-40.336,-35.863,-104.25,-103.13
-529.51,-278.93,-115.69,618.51,36.379,-195.33,-29.073,87.415,2.7973,11.037,-89.811,-108.89
-583.75,-312.56,-104.0,665.26,16.59,-200.47,-10.021,143.65,67.269,79.364,-59.061,-106.78
-598.95,-289.55,-79.606,664.05,0.87866,-169.91,8.3682,157.17,151.07,177.38,-4.3045,-97.791
-580.77,-217.8,-42.088,621.85,-12.995,-108.66,10.97,156.99,236.56,305.51,80.623,-65.532
-543.11,-111.56,9.9605,552.57,-28.944,-26.954,14.081,137.61,321.34,458.78,190.4,0.95678
-502.09,13.916,79.665,472.1,-50.229,67.218,13.614,91.193,395.7,635.35,322.11,94.863
-471.49,147.95,170.76,392.81,-82.488,173.94,0.8851,9.3336,456.57,828.49,471.56,207.39
-460.91,284.75,286.22,321.02,-133.45,295.48,-33.92,-115.07,496.37,1023.4,626.44,327.06
-474.5,424.57,426.92,260.78,-208.42,432.52,-96.71,-285.2,505.83,1195.7,768.32,439.87
-510.18,565.06,588.82,212.64,-305.77,580.96,-187.53,-496.75,474.49,1312.8,874.89,530.02
-559.47,696.5,761.61,176.52,-415.92,731.47,-299.05,-736.53,394.41,1338.8,923.31,581.76
-613.69,807.69,926.88,153.54,-525.25,869.63,-416.99,-984.94,257.3,1245.0,895.29,582.64
-669.63,884.9,1059.5,147.35,-619.15,975.51,-527.22,-1220.1,55.915,1019.9,782.78,527.34
-724.81,912.47,1138.2,164.16,-684.33,1028.5,-623.18,-1421.7,-207.63,677.04,592.32,420.18
-775.28,878.48,1148.8,209.46,-711.33,1016.7,-706.5,-1573.6,-516.56,255.76,346.1,274.87
-817.75,782.37,1089.1,283.37,-696.69,940.48,-778.49,-1665.3,-841.07,-185.64,78.338,111.36
-850.09,636.49,968.94,378.13,-644.32,811.51,-835.69,-1692.4,-1144.0,-584.37,-173.32,-48.958
-870.86,461.58,807.58,480.58,-564.44,649.01,-871.67,-1655.7,-1387.9,-889.47,-377.76,-187.98
-879.08,281.05,628.83,577.52,-470.58,474.68,-879.6,-1560.3,-1543.3,-1073.5,-517.1,-293.7
-875.64,116.41,455.13,659.69,-376.23,308.37,-854.43,-1415.8,-1595.4,-1135.8,-588.59,-361.08
-864.98,-16.815,303.06,723.04,-291.94,165.9,-795.57,-1236.3,-1546.3,-1097.0,-601.82,-390.72
-852.42,-112.64,182.76,767.86,-223.03,58.053,-709.8,-1040.2,-1414.1,-989.73,-572.0,-389.18
-839.48,-175.24,99.036,797.07,-169.67,-12.834,-609.51,-847.16,-1227.4,-847.86,-514.64,-367.03
-827.48,-213.46,48.37,814.37,-130.39,-53.82,-507.29,-673.65,-1020.2,-699.99,-444.76,-332.96
-818.21,-233.55,21.16,823.14,-102.62,-74.025,-412.67,-528.24,-822.74,-566.01,-375.26,-293.95
-811.51,-237.59,8.8516,826.08,-83.377,-78.704,-331.5,-411.37,-654.82,-456.04,-314.12,-256.16
-806.18,-228.91,4.7041,825.6,-71.451,-73.26,-265.89,-319.3,-522.7,-372.02,-263.7,-223.25
-801.27,-205.26,2.5613,824.23,-63.443,-65.64,-214.39,-247.62,-422.81,-310.87,-222.74,-195.37
-796.3,-151.89,-2.1384,822.78,-54.419,-61.888,-173.28,-192.78,-347.87,-266.2,-190.71,-170.57
-791.09,-138.28,-13.395,818.52,-42.452,-68.24,-139.0,-151.51,-290.49,-231.57,-166.89,-148.28
-785.48,-140.63,-32.518,813.55,-29.84,-72.184,-110.0,-120.16,-244.13,-202.14,-147.72,-128.92
-779.11,-141.5,-45.72,809.35,-21.464,-73.775,-86.445,-95.358,-205.27,-175.72,-130.61,-113.63
-771.42,-138.36,-51.923,805.48,-17.245,-73.572,-68.932,-74.737,-172.76,-152.42,-114.75,-102.13
-762.13,-131.78,-53.757,801.4,-14.55,-71.586,-57.063,-58.985,-145.83,-132.18,-100.31,-93.146
-752.5,-123.0,-52.621,797.0,-13.179,-68.071,-49.28,-55.956,-123.77,-114.78,-88.289,-85.846
-745.46,-113.36,-49.476,792.7,-12.932,-63.57,-47.133,-55.558,-106.21,-101.34,-78.783,-79.017
-742.46,-104.05,-45.224,789.34,-13.378,-58.779,-48.286,-51.68,-96.852,-94.191,-70.92,-71.641
-742.44,-95.977,-40.723,787.76,-14.134,-54.354,-46.429,-47.186,-96.078,-90.418,-64.029,-64.161
-744.73,-89.623,-36.632,788.52,-15.088,-50.723,-42.821,-42.983,-94.304,-86.691,-57.761,-57.864
-750.18,-85.042,-33.158,791.89,-16.469,-47.995,-38.791,-39.209,-89.07,-82.244,-51.956,-53.152
-760.49,-81.952,-29.967,797.88,-18.673,-45.98,-34.815,-35.958,-81.631,-77.193,-46.611,-49.533
-776.57,-79.907,-26.456,806.26,-21.998,-44.317,-31.264,-33.339,-73.364,-71.899,-41.785,-46.378
-797.58,-78.487,-22.248,816.44,-26.437,-42.672,-28.443,-31.415,-65.31,-66.774,-37.506,-43.243
-821.52,-77.411,-17.489,827.46,-31.502,-40.928,-26.391,-30.156,-58.058,-62.149,-33.74,-39.875
-845.75,-76.56,-12.884,838.18,-36.211,-39.263,-24.807,-29.458,-51.815,-58.196,-30.422,-36.173
-866.52,-75.942,-9.4966,847.58,-39.381,-38.089,-23.172,-29.177,-46.568,-54.921,-27.466,-32.155
-879.32,-75.62,-8.3768,855.06,-40.024,-37.872,-20.991,-29.162,-42.186,-52.188,-24.759,-27.868
-881.32,-75.631,-10.089,860.53,-37.675,-38.885,-17.981,-29.272,-38.458,-49.768,-22.166,-23.317
-873.54,-75.93,-14.376,864.3,-32.614,-41.018,-14.124,-29.371,-35.125,-47.391,-19.554,-18.472
-860.18,-76.389,-20.198,867.02,-25.912,-43.77,-9.6434,-29.303,-31.912,-44.798,-16.817,-13.309
-846.58,-76.838,-26.14,869.53,-19.096,-46.449,-4.8198,-28.869,-28.569,-41.769,-13.869,-7.843
-837.52,-77.103,-30.821,872.73,-13.651,-48.381,0.1684,-27.834,-24.923,-38.151,-10.636,-2.1418
-836.41,-77.012,-33.148,877.44,-10.667,-49.032,5.1685,-25.967,-20.899,-33.875,-7.0483,3.6855
-844.58,-76.432,-32.545,883.94,-10.626,-48.097,10.038,-23.094,-16.526,-28.97,-3.0411,9.5634
-860.27,-75.344,-29.173,891.65,-13.281,-45.633,14.783,-19.12,-11.899,-23.568,1.4476,15.591
-879.38,-73.915,-23.913,899.54,-17.775,-42.148,19.753,-14.03,-7.1477,-17.895,6.4785,22.083
-898.16,-72.475,-18.058,907.16,-22.942,-38.496,25.614,-7.8896,-2.4221,-12.228,12.079,29.307
-914.58,-71.423,-12.866,914.94,-27.666,-35.612,32.756,-0.8747,2.1216,-6.8088,18.177,37.105
-928.23,-71.152,-9.16,924.06,-31.196,-34.201,40.633,6.6984,6.3496,-1.7769,24.565,44.965
-940.14,-72.014,-7.1353,936.4,-33.346,-34.485,48.041,14.431,10.178,2.8325,30.962,52.473
-952.74,-74.242,-6.4038,953.81,-34.505,-36.1,54.024,21.997,13.595,7.0507,37.138,59.56
-969.01,-77.688,-6.2529,975.92,-35.392,-38.206,58.219,29.301,16.674,10.955,43.01,66.403
-990.14,-81.589,-5.9481,999.98,-36.682,-39.857,60.654,36.494,19.546,14.652,48.633,73.257
-1014.7,-84.807,-4.8769,1023.6,-38.81,-40.406,61.561,43.842,22.345,18.249,54.118,80.339
-1040.1,-86.334,-2.6418,1045.2,-41.768,-39.541,61.341,51.534,25.16,21.808,59.536,87.688
-1063.0,-85.499,0.72905,1061.7,-44.896,-37.09,60.528,59.6,28.052,25.348,64.88,95.023
-1078.0,-81.974,4.6361,1067.9,-47.069,-33.088,59.685,67.989,31.148,28.91,70.089,101.84
-1079.6,-75.966,8.0309,1061.2,-47.212,-27.952,59.256,76.794,34.775,32.665,75.121,107.95
-1067.9,-68.259,9.7392,1044.7,-44.592,-22.458,59.453,86.432,39.572,37.012,80.012,114.04
-1046.6,-59.924,8.8482,1022.0,-38.907,-17.467,60.343,97.609,46.539,42.598,84.9,121.94
-1014.6,-51.991,5.0391,992.41,-30.468,-13.547,62.042,110.86,57.0,50.231,90.024,134.43
-975.35,-45.621,-1.2621,961.44,-20.225,-10.597,64.613,125.87,72.123,60.51,95.672,151.21
-952.17,-44.309,-8.9598,951.02,-9.3455,-7.9657,67.384,141.37,90.999,72.778,102.13,163.36
-951.27,-59.749,-16.558,963.88,4.8514,-5.7852,68.856,155.6,108.85,84.309,109.44,167.93
-969.23,-71.63,-22.557,991.83,14.161,-3.6285,68.604,165.73,120.37,91.873,116.48,170.74
-1004.0,-56.585,-25.834,1035.8,13.076,-4.5509,66.563,166.13,120.12,91.696,120.08,176.25
-1044.4,-130.77,-25.8,1076.3,4.9402,-22.997,47.265,145.71,94.449,75.055,116.65,182.35
-1078.6,-145.2,-22.379,1105.2,-12.825,-70.676,14.407,138.77,106.65,64.313,120.42,178.49
-1089.5,-132.4,-17.092,1108.8,-20.954,-56.451,21.506,157.57,133.45,78.365,131.29,187.68
-1058.2,-80.746,-17.793,1071.9,-6.3375,-24.35,44.324,202.45,177.04,113.3,149.82,208.09
-970.5,19.119,-35.487,982.57,40.521,27.848,87.136,275.98,234.13,171.04,185.13,243.49
-830.34,162.91,-50.441,844.86,117.97,97.694,147.31,368.81,287.48,242.87,236.0,292.53
-676.56,316.57,-44.575,695.31,204.17,170.51,209.23,450.12,347.43,304.14,290.94,344.7
-595.52,403.06,-32.375,615.67,251.3,212.39,240.83,465.67,354.01,313.93,325.37,378.04
-716.0,304.23,-17.853,729.45,189.6,169.6,196.77,348.44,258.0,223.36,303.85,361.19
-1176.0,-110.01,16.599,1170.7,-53.846,-18.942,30.813,44.223,22.803,-4.8945,189.42,261.7
-2062.0,-924.68,75.298,2025.2,-523.11,-394.97,-283.9,-451.93,-349.16,-369.62,-40.546,59.837
-3345.9,-2118.2,152.18,3268.2,-1200.9,-950.91,-734.49,-1064.6,-794.13,-808.52,-378.16,-237.37
-4865.0,-3541.4,230.0,4743.8,-1999.1,-1619.0,-1262.5,-1639.2,-1189.7,-1200.6,-780.2,-592.0
-6373.8,-4965.0,295.84,6214.7,-2786.8,-2292.6,-1781.7,-1992.3,-1395.9,-1406.4,-1182.0,-947.6
-7624.5,-6155.4,345.48,7440.0,-3433.0,-2861.9,-2206.1,-1992.2,-1318.8,-1331.7,-1518.6,-1247.5
-8404.6,-6909.4,371.94,8211.8,-3826.9,-3229.9,-2463.2,-1620.8,-960.1,-976.96,-1733.9,-1442.1
-8540.4,-7057.0,359.82,8358.3,-3879.6,-3313.7,-2494.5,-988.79,-427.65,-448.46,-1779.8,-1487.9
-7939.4,-6502.7,291.78,7785.3,-3546.3,-3064.1,-2270.5,-296.64,103.18,79.95,-1627.5,-1356.9
-6675.9,-5308.9,202.39,6561.2,-2870.1,-2506.4,-1818.9,252.31,469.29,446.44,-1292.2,-1059.8
-5021.8,-3729.1,127.08,4948.8,-1996.1,-1758.4,-1235.3,545.97,598.96,579.75,-844.13,-657.13
-3352.9,-2121.6,68.141,3315.1,-1121.2,-990.07,-650.49,597.99,530.95,517.85,-385.04,-239.44
-1979.9,-787.26,23.72,1965.9,-405.5,-347.08,-172.78,507.42,368.38,362.58,-1.7255,114.34
-1028.1,148.63,-3.1549,1026.5,88.332,108.04,153.83,392.41,218.71,219.44,269.84,370.42
-439.23,738.18,-12.881,441.68,392.27,398.47,348.99,340.38,154.37,159.41,446.19,542.98
-74.148,1115.3,-12.991,74.929,578.66,588.54,461.6,382.42,196.64,203.31,568.35,669.23
160.67,1373.0,-0.04152,-166.83,694.62,724.41,526.14,485.51,312.96,319.26,664.38,774.86
228.43,1478.4,27.676,-248.72,719.76,791.66,533.57,560.83,424.82,430.22,723.2,849.21
-36.724,1270.2,74.742,-7.1712,568.86,711.86,431.61,490.87,429.72,435.22,693.65,843.63
-831.88,551.57,141.23,754.8,143.25,386.45,157.56,176.52,239.32,246.69,513.15,697.94
-2235.4,-762.83,220.32,2118.8,-592.91,-230.66,-312.23,-409.66,-176.33,-165.84,152.73,382.98
-4115.1,-2552.3,300.43,3958.2,-1567.8,-1085.0,-932.77,-1199.8,-767.94,-754.54,-354.17,-71.76
-6192.1,-4548.9,370.81,5999.6,-2636.8,-2047.9,-1612.5,-2067.7,-1435.7,-1421.1,-928.9,-593.56
-8225.2,-6515.3,427.24,8003.5,-3677.0,-3002.8,-2273.6,-2908.9,-2093.2,-2079.3,-1500.1,-1115.3
-10153.0,-8386.4,474.14,9907.2,-4660.1,-3914.9,-2898.6,-3698.4,-2714.3,-2702.8,-2045.8,-1614.9
