I,II,III,aVR,aVL,aVF,V1,V2,V3,V4,V5,V6
-42.573,-46.954,-3.1441,43.819,-23.76,-22.385,-71.227,-80.849,-146.98,-110.85,-40.036,-84.833
-42.72,-46.161,-2.329,43.445,-24.203,-21.624,-69.905,-79.988,-145.06,-110.36,-41.76,-83.703
-42.785,-45.092,-1.3206,42.902,-24.72,-20.619,-67.766,-77.966,-141.66,-109.07,-42.935,-82.364
-42.682,-43.545,-0.0015325,42.072,-25.357,-19.208,-64.406,-73.927,-135.74,-106.21,-43.006,-80.558
-42.295,-41.477,1.5558,40.901,-26.043,-17.405,-60.013,-67.622,-127.07,-101.33,-41.574,-78.074
-41.495,-38.951,3.1592,39.377,-26.632,-15.348,-55.251,-59.461,-116.19,-94.264,-38.447,-74.685
-40.197,-36.066,4.6235,37.508,-26.97,-13.194,-50.904,-50.334,-104.12,-85.129,-33.664,-70.13
-38.403,-32.954,5.8196,35.335,-26.943,-11.101,-47.482,-41.291,-92.033,-74.32,-27.515,-64.232
-36.202,-29.856,6.5959,32.975,-26.446,-9.2914,-44.976,-33.222,-80.9,-62.649,-20.563,-57.117
-33.695,-27.152,6.6736,30.615,-25.321,-8.1087,-42.887,-26.677,-71.36,-51.344,-13.595,-49.343
-30.91,-25.238,5.683,28.428,-23.372,-7.922,-40.474,-21.821,-63.668,-41.77,-7.4568,-41.777
-19.61,-19.918,-0.49518,20.218,-14.027,-6.8264,-25.524,-18.819,-49.951,-34.307,-9.1244,-32.904
-17.414,-17.715,-1.0978,18.293,-12.593,-6.4747,-22.49,-16.022,-45.543,-30.075,-7.8291,-29.457
-15.356,-15.655,-1.7542,16.315,-11.105,-6.1761,-19.455,-13.296,-40.781,-25.778,-6.6224,-26.136
-13.428,-13.802,-2.4068,14.322,-9.6351,-5.9174,-16.39,-10.672,-35.545,-21.568,-5.531,-22.955
-11.626,-12.185,-3.0055,12.371,-8.2437,-5.6839,-13.315,-8.183,-29.964,-17.636,-4.5773,-19.91
-9.9512,-10.799,-3.5159,10.528,-6.9706,-5.4636,-10.313,-5.8535,-24.389,-14.142,-3.7766,-17.023
-8.4045,-9.6182,-3.9255,8.8596,-5.8277,-5.2505,-7.4851,-3.6856,-19.211,-11.165,-3.1367,-14.374
-6.9925,-8.6164,-4.2466,7.4053,-4.8058,-5.0458,-4.9079,-1.6608,-14.673,-8.6955,-2.6592,-12.069
-5.727,-7.7653,-4.5104,6.1744,-3.889,-4.8548,-2.6161,0.25467,-10.824,-6.6622,-2.3394,-10.171
-4.6198,-7.0378,-4.7523,5.1498,-3.0681,-4.6818,-0.61238,2.1014,-7.5754,-4.9687,-2.1629,-8.6764
-3.6751,-6.4067,-4.9944,4.3007,-2.3444,-4.5259,1.1174,3.9195,-4.7836,-3.514,-2.1034,-7.5244
-2.8859,-5.8473,-5.2388,3.5945,-1.7229,-4.3823,2.5903,5.7429,-2.3017,-2.2063,-2.1244,-6.6273
-2.2345,-5.3424,-5.4752,3.0037,-1.2021,-4.247,3.8171,7.597,-0.00087058,-0.97017,-2.1855,-5.8967
-1.6965,-4.8856,-5.6967,2.5076,-0.77021,-4.1232,4.8,9.5011,2.2251,0.25117,-2.2483,-5.2593
-1.2462,-4.4801,-5.9081,2.0911,-0.40731,-4.0205,5.5347,11.475,4.464,1.4981,-2.2796,-4.6663
-0.8623,-4.1337,-6.1225,1.7438,-0.092322,-3.9504,6.0176,13.542,6.7916,2.8008,-2.2507,-4.0947
-0.53131,-3.8524,-6.3529,1.4583,0.1913,-3.9203,6.2558,15.735,9.2777,4.185,-2.1368,-3.5418
-0.24757,-3.6376,-6.6073,1.229,0.45383,-3.9305,6.2731,18.091,11.99,5.6741,-1.9171,-3.0148
-0.0087494,-3.4847,-6.8899,1.0505,0.7015,-3.9757,6.1092,20.646,14.997,7.2893,-1.5764,-2.5225
0.19171,-3.3825,-7.2039,0.91476,0.94076,-4.047,5.8109,23.428,18.37,9.0472,-1.1091,-2.0681
0.36998,-3.313,-7.5514,0.80862,1.1809,-4.1332,5.4206,26.45,22.183,10.959,-0.52008,-1.6459
0.54957,-3.2516,-7.9299,0.71434,1.4323,-4.2212,4.9686,29.71,26.517,13.028,0.176,-1.2401
0.7529,-3.1712,-8.3275,0.61269,1.7007,-4.2953,4.4712,33.19,31.452,15.254,0.95962,-0.82762
0.99406,-3.0482,-8.7211,0.48744,1.9822,-4.3399,3.9344,36.87,37.051,17.628,1.8134,-0.38382
1.2778,-2.8677,-9.0803,0.32848,2.2633,-4.3419,3.3617,40.736,43.337,20.137,2.7295,0.11157
1.6047,-2.6258,-9.375,0.13183,2.5247,-4.2946,2.7607,44.797,50.252,22.771,3.7135,0.67018
1.9777,-2.3263,-9.5816,-0.10339,2.7482,-4.196,2.1448,49.069,57.637,25.521,4.7828,1.2943
2.4059,-1.9745,-9.6849,-0.37915,2.9219,-4.0462,1.5308,53.559,65.245,28.387,5.9603,1.9785
2.9031,-1.5719,-9.6766,-0.70176,3.0439,-3.8437,0.93686,58.242,72.818,31.37,7.2671,2.7129
3.4811,-1.1139,-9.5556,-1.0829,3.1234,-3.5843,0.3812,63.065,80.177,34.469,8.7183,3.4861
4.1463,-0.59019,-9.3296,-1.5389,3.1799,-3.2632,-0.11712,67.966,87.262,37.688,10.322,4.2899
4.905,0.011857,-9.0173,-2.0889,3.239,-2.8782,-0.53923,72.899,94.111,41.04,12.08,5.1224
5.7753,0.7051,-8.6446,-2.7551,3.3277,-2.4322,-0.86837,77.845,100.82,44.568,13.998,5.9917
6.7972,1.5015,-8.2391,-3.5652,3.4663,-1.9326,-1.0911,82.814,107.49,48.355,16.093,6.9158
8.0319,2.413,-7.825,-4.5573,3.6621,-1.3893,-1.1963,87.827,114.21,52.523,18.393,7.9198
9.5431,3.4528,-7.4197,-5.7841,3.9095,-0.81204,-1.1739,92.914,121.05,57.219,20.926,9.0335
11.358,4.6387,-7.0313,-7.3118,4.1974,-0.20707,-1.0144,98.107,128.08,62.557,23.697,10.289
13.42,5.9984,-6.6548,-9.2048,4.5191,0.42773,-0.71025,103.45,135.35,68.543,26.678,11.719
15.585,7.5769,-6.2758,-11.495,4.876,1.1064,-0.25844,108.98,142.94,75.015,29.803,13.361
17.692,9.4402,-5.8796,-14.141,5.2721,1.8549,0.33728,114.79,150.92,81.701,32.988,15.24
19.659,11.666,-5.4603,-17.025,5.7037,2.7083,1.0664,120.96,159.36,88.364,36.165,17.368
21.507,14.315,-5.0241,-19.992,6.1575,3.7052,1.9147,127.55,168.29,94.91,39.306,19.729
23.318,17.386,-4.5857,-22.928,6.6206,4.8798,2.8701,134.63,177.71,101.38,42.43,22.275
25.18,20.784,-4.1608,-25.794,7.0887,6.2486,3.9296,142.23,187.58,107.87,45.592,24.937
27.143,24.355,-3.7574,-28.612,7.5691,7.7963,5.1079,150.31,197.87,114.51,48.857,27.636
29.222,27.979,-3.3704,-31.423,8.0795,9.475,6.4441,158.75,208.54,121.4,52.296,30.307
31.397,31.622,-2.981,-34.261,8.649,11.234,8.0056,167.36,219.6,128.65,55.973,32.923
33.627,35.317,-2.5612,-37.138,9.3224,13.065,9.8825,175.97,231.11,136.39,59.952,35.499
35.88,39.107,-2.0818,-40.043,10.173,15.017,12.17,184.58,243.17,144.75,64.279,38.092
38.187,43.022,-1.5209,-42.937,11.324,17.152,14.931,193.29,255.9,153.81,68.956,40.802
40.707,47.077,-0.87128,-45.767,12.933,19.506,18.147,202.27,269.4,163.51,73.924,43.765
43.684,51.286,-0.14668,-48.518,15.05,22.078,21.703,211.63,283.73,173.67,79.075,47.115
47.227,55.656,0.6187,-51.29,17.409,24.843,25.444,221.51,298.85,184.06,84.309,50.919
51.166,60.168,1.3782,-54.345,19.575,27.753,29.294,232.05,314.64,194.52,89.581,55.127
55.261,64.761,2.0845,-57.995,21.375,30.752,33.291,243.39,330.92,205.02,94.914,59.609
59.403,69.344,2.7009,-62.352,22.937,33.785,37.54,255.54,347.52,215.65,100.39,64.245
63.557,73.825,3.2079,-67.188,24.442,36.81,42.11,268.34,364.35,226.58,106.1,69.0
67.693,78.154,3.6044,-72.126,25.996,39.816,46.926,281.54,381.43,237.95,112.14,73.918
71.8,82.369,3.9066,-76.908,27.643,42.823,51.759,294.87,398.89,249.87,118.62,79.097
75.889,86.639,4.145,-81.473,29.412,45.868,56.36,308.16,416.9,262.36,125.57,84.659
80.005,91.211,4.3587,-85.914,31.331,48.984,60.6,321.36,435.65,275.38,132.99,90.725
84.241,96.246,4.5895,-90.421,33.415,52.167,64.477,334.6,455.2,288.84,140.8,97.375
88.744,101.75,4.8764,-95.221,35.648,55.386,68.061,348.08,475.45,302.63,148.9,104.6
93.663,107.67,5.2482,-100.49,37.991,58.611,71.447,361.99,496.15,316.62,157.27,112.3
99.062,113.93,5.7149,-106.29,40.396,61.836,74.726,376.34,516.95,330.71,165.97,120.28
104.86,120.41,6.2672,-112.5,42.821,65.08,77.96,391.02,537.57,344.86,175.12,128.34
110.82,126.99,6.8865,-118.91,45.24,68.366,81.167,405.75,557.84,359.08,184.83,136.43
116.7,133.57,7.5587,-125.31,47.638,71.71,84.32,420.23,577.68,373.44,195.21,144.59
122.31,140.08,8.2807,-131.57,50.018,75.113,87.342,434.2,597.15,388.04,206.3,153.01
127.65,146.49,9.0561,-137.63,52.397,78.563,90.103,447.58,616.33,402.89,218.06,161.88
132.87,152.8,9.8848,-143.54,54.781,82.036,92.419,460.44,635.26,417.97,230.38,171.4
138.14,159.03,10.752,-149.38,57.134,85.498,94.081,472.94,653.94,433.24,243.08,181.65
143.54,165.2,11.625,-155.22,59.39,88.908,94.918,485.09,672.23,448.65,255.95,192.55
149.01,171.31,12.457,-161.05,61.515,92.229,94.886,496.71,689.97,464.14,268.81,203.84
154.41,177.34,13.201,-166.81,63.525,95.43,94.107,507.44,706.95,479.65,281.59,215.16
159.6,183.17,13.825,-172.4,65.458,98.493,92.808,516.97,723.0,495.04,294.27,226.15
164.48,188.67,14.314,-177.69,67.332,101.39,91.205,525.08,737.99,510.13,306.88,236.62
168.98,193.68,14.671,-182.58,69.148,104.1,89.419,531.62,751.8,524.72,319.46,246.53
173.09,198.15,14.915,-187.02,70.903,106.57,87.474,536.53,764.28,538.68,332.02,256.05
176.88,202.07,15.07,-191.05,72.605,108.77,85.346,539.87,775.3,551.91,344.54,265.37
180.44,205.5,15.159,-194.74,74.266,110.69,83.007,541.79,784.72,564.32,356.94,274.63
183.88,208.56,15.205,-198.18,75.894,112.33,80.441,542.5,792.42,575.81,369.08,283.83
187.21,211.33,15.221,-201.39,77.481,113.69,77.643,542.17,798.38,586.21,380.79,292.78
190.39,213.82,15.216,-204.35,79.007,114.8,74.623,540.98,802.6,595.39,391.88,301.22
193.29,216.03,15.195,-206.97,80.439,115.68,71.402,539.05,805.09,603.23,402.18,308.91
195.83,217.91,15.162,-209.18,81.729,116.36,68.009,536.46,805.87,609.74,411.58,315.78
197.92,219.45,15.123,-210.96,82.832,116.87,64.468,533.14,804.94,614.97,419.99,321.84
199.55,220.63,15.081,-212.32,83.72,117.23,60.796,528.91,802.33,619.03,427.34,327.17
200.72,221.45,15.037,-213.27,84.392,117.45,56.999,523.5,798.06,621.97,433.57,331.86
201.46,221.9,14.983,-213.84,84.871,117.54,53.084,516.71,792.14,623.79,438.68,335.95
201.8,221.93,14.902,-214.0,85.189,117.46,49.058,508.53,784.59,624.43,442.72,339.44
201.73,221.48,14.771,-213.71,85.367,117.18,44.926,499.25,775.48,623.82,445.78,342.27
201.23,220.5,14.559,-212.94,85.408,116.65,40.677,489.23,764.9,621.91,447.92,344.34
200.27,218.99,14.231,-211.67,85.295,115.83,36.275,478.73,752.93,618.71,449.12,345.55
198.76,216.98,13.753,-209.89,85.009,114.69,31.677,467.64,739.6,614.22,449.34,345.84
196.65,214.51,13.093,-207.6,84.539,113.23,26.864,455.69,724.83,608.44,448.54,345.13
193.95,211.59,12.236,-204.8,83.904,111.43,21.888,442.62,708.45,601.35,446.66,343.4
190.78,208.19,11.182,-201.49,83.147,109.28,16.877,428.34,690.28,592.94,443.63,340.62
187.29,204.26,9.9488,-197.68,82.299,106.76,12.001,412.99,670.17,583.09,439.3,336.76
183.58,199.84,8.5771,-193.43,81.349,103.88,7.3946,396.81,648.14,571.64,433.55,331.88
179.6,195.03,7.1306,-188.8,80.25,100.65,3.0986,379.95,624.39,558.39,426.3,326.08
175.31,189.93,5.6936,-183.86,78.942,97.137,-0.94961,362.45,599.33,543.23,417.56,319.51
170.66,184.57,4.3568,-178.62,77.377,93.419,-4.8687,344.23,573.44,526.23,407.4,312.27
165.68,178.94,3.1973,-173.06,75.521,89.591,-8.7576,325.29,547.18,507.68,396.03,304.4
160.36,172.94,2.2603,-167.13,73.353,85.739,-12.641,305.8,520.85,488.0,383.67,295.83
154.72,166.47,1.5451,-160.79,70.878,81.932,-16.476,286.04,494.53,467.64,370.52,286.48
148.77,159.47,1.0078,-154.05,68.149,78.214,-20.216,266.36,468.14,446.89,356.7,276.3
142.6,151.97,0.58569,-146.98,65.284,74.609,-23.861,247.03,441.49,425.93,342.24,265.32
136.3,144.18,0.22794,-139.76,62.43,71.126,-27.471,228.2,414.48,404.81,327.12,253.66
129.93,136.44,-0.091728,-132.62,59.678,67.768,-31.128,209.88,387.21,383.57,311.43,241.47
123.52,129.1,-0.3786,-125.76,57.012,64.518,-34.906,191.91,359.97,362.28,295.36,228.96
117.04,122.33,-0.62702,-119.26,54.323,61.315,-38.859,174.04,333.16,341.04,279.19,216.31
110.43,116.07,-0.83003,-113.07,51.458,58.064,-43.04,156.01,307.16,320.02,263.25,203.71
103.66,110.1,-0.98559,-107.03,48.274,54.677,-47.512,137.68,282.22,299.43,247.81,191.3
96.726,104.14,-1.0979,-100.96,44.707,51.1,-52.312,119.12,258.4,279.44,233.09,179.17
89.677,98.05,-1.1754,-94.719,40.854,47.321,-57.384,100.56,235.51,260.12,219.21,167.38
82.646,91.866,-1.2275,-88.291,36.935,43.367,-62.529,82.477,213.3,241.49,206.09,155.94
75.83,85.734,-1.2608,-81.809,33.18,39.322,-67.487,65.505,191.56,223.43,193.46,144.86
69.431,79.706,-1.2768,-75.452,29.741,35.311,-72.059,50.188,170.27,205.84,180.95,134.13
63.601,73.686,-1.2708,-69.353,26.684,31.474,-76.166,36.643,149.64,188.6,168.22,123.76
58.381,67.606,-1.2347,-63.536,23.992,27.91,-79.82,24.435,130.01,171.7,155.17,113.76
53.691,61.546,-1.1591,-57.96,21.578,24.672,-83.054,12.838,111.73,155.22,142.0,104.17
49.367,55.668,-1.0346,-52.639,19.326,21.787,-85.902,1.7284,94.964,139.33,129.14,95.049
45.235,50.134,-0.8517,-47.728,17.113,19.284,-88.405,-7.8564,79.697,124.26,117.09,86.479
41.184,45.071,-0.60193,-43.385,14.824,17.182,-90.608,-15.041,65.676,110.21,106.21,78.515
37.164,40.562,-0.28052,-39.572,12.367,15.452,-92.554,-20.246,52.458,97.277,96.555,71.172
33.152,36.631,0.10882,-36.095,9.7583,14.015,-94.272,-24.426,39.603,85.451,87.937,64.423
29.126,33.209,0.55019,-32.782,7.2332,12.77,-95.772,-28.157,27.285,74.538,79.964,58.216
25.05,30.12,1.0153,-29.561,5.0834,11.639,-97.058,-31.627,16.598,64.175,72.2,52.472
20.903,27.128,1.4689,-26.404,3.3878,10.579,-98.141,-34.871,8.3583,54.017,64.309,47.093
16.707,24.035,1.8778,-23.222,2.0523,9.5723,-99.043,-37.867,2.2101,44.129,56.226,42.012
12.525,20.811,2.221,-19.833,0.96577,8.6232,-99.785,-40.547,-2.7118,34.944,48.201,37.198
8.5298,17.633,2.4928,-16.08,0.051805,7.7457,-100.39,-42.82,-7.1471,26.708,40.588,32.551
5.1635,14.764,2.699,-12.168,-0.74026,6.957,-100.89,-44.617,-11.582,19.507,33.544,27.854
2.8488,12.379,2.8473,-8.7375,-1.4427,6.2666,-101.3,-45.911,-16.266,13.478,27.048,22.936
1.4602,10.49,2.9381,-6.2388,-2.0684,5.6692,-101.62,-46.719,-21.223,8.6258,21.122,17.955
0.60042,9.0073,2.9603,-4.5896,-2.6116,5.143,-101.88,-47.093,-26.279,4.7393,15.881,13.391
0.0035806,7.8192,2.894,-3.5017,-3.0542,4.6544,-102.08,-47.103,-31.157,1.517,11.389,9.6372
-0.44514,6.8297,2.7224,-2.748,-3.3791,4.1696,-102.22,-46.815,-35.6,-1.312,7.5848,6.7365
-0.79222,5.9721,2.4473,-2.1955,-3.5824,3.6674,-102.31,-46.288,-39.462,-3.9489,4.3281,4.5076
-1.0645,5.2081,2.0982,-1.7704,-3.6812,3.1472,-102.36,-45.558,-42.72,-6.5291,1.4683,2.7421
-1.2876,4.5213,1.7262,-1.4285,-3.7115,2.6272,-102.36,-44.65,-45.431,-9.137,-1.123,1.2856
-1.488,3.9076,1.3846,-1.1412,-3.7171,2.1328,-102.34,-43.572,-47.678,-11.815,-3.5431,0.038971
-1.6896,3.3657,1.1079,-0.88794,-3.7341,1.6847,-102.31,-42.329,-49.538,-14.563,-5.855,-1.0609
-1.9089,2.8914,0.90192,-0.65417,-3.781,1.2917,-102.25,-40.932,-51.076,-17.347,-8.0881,-2.0586
-2.1522,2.476,0.74548,-0.43,-3.8561,0.95076,-102.17,-39.405,-52.341,-20.107,-10.244,-2.9893
-2.4161,2.1073,0.60253,-0.20981,-3.9437,0.65089,-102.03,-37.792,-53.374,-22.783,-12.308,-3.8833
-2.6908,1.7712,0.43772,0.0092041,-4.0236,0.37778,-101.84,-36.151,-54.207,-25.335,-14.266,-4.767
-2.9665,1.4529,0.23138,0.22941,-4.083,0.11743,-101.6,-34.547,-54.869,-27.743,-16.117,-5.6636
-3.2412,1.1388,-0.011502,0.45474,-4.1249,-0.13984,-101.32,-33.033,-55.382,-30.002,-17.877,-6.5917
-3.5232,0.81981,-0.26118,0.69047,-4.1687,-0.39551,-101.02,-31.644,-55.77,-32.114,-19.574,-7.563
-3.8273,0.49462,-0.4723,0.94088,-4.2442,-0.64147,-100.7,-30.396,-56.053,-34.073,-21.24,-8.5779
-4.1676,0.17018,-0.5997,1.2064,-4.3804,-0.86366,-100.33,-29.291,-56.247,-35.873,-22.903,-9.6241
-4.5488,-0.14205,-0.6156,1.4828,-4.594,-1.0495,-99.821,-28.312,-56.355,-37.506,-24.577,-10.68
-4.9623,-0.43136,-0.52097,1.7624,-4.8814,-1.1949,-98.984,-27.435,-56.365,-38.969,-26.269,-11.724
-5.3883,-0.69177,-0.34589,2.037,-5.2182,-1.3056,-97.416,-26.624,-56.251,-40.27,-27.979,-12.739
-5.8042,-0.9222,-0.13791,2.2996,-5.5681,-1.393,-94.501,-25.843,-55.982,-41.427,-29.711,-13.725
-6.1921,-1.123,0.057466,2.5445,-5.8975,-1.4661,-89.911,-25.062,-55.529,-42.47,-31.481,-14.688
-6.5426,-1.2916,0.21586,2.7662,-6.1887,-1.525,-84.341,-24.256,-54.874,-43.429,-33.315,-15.64
-6.8543,-1.4198,0.34229,2.9578,-6.4442,-1.5599,-78.884,-23.411,-54.018,-44.325,-35.248,-16.589
-7.1301,-1.4958,0.4662,3.1119,-6.682,-1.5537,-73.925,-22.522,-52.969,-45.166,-37.311,-17.534
-7.3752,-1.5085,0.6292,3.2217,-6.9251,-1.4887,-69.215,-21.591,-51.747,-45.944,-39.517,-18.47
-7.5945,-1.4529,0.87159,3.2843,-7.1931,-1.3531,-64.354,-20.629,-50.366,-46.641,-41.851,-19.392
-7.7911,-1.3342,1.2194,3.3021,-7.4968,-1.1475,-59.002,-19.649,-48.84,-47.24,-44.276,-20.293
-7.9657,-1.1683,1.673,3.2836,-7.8349,-0.88687,-52.955,-18.665,-47.181,-47.727,-46.735,-21.167
-8.1164,-0.97818,2.2025,3.2404,-8.1939,-0.59839,-46.19,-17.687,-45.401,-48.097,-49.177,-22.002
-8.2405,-0.78669,2.7583,3.1841,-8.5499,-0.3119,-38.958,-16.719,-43.51,-48.349,-51.556,-22.774
-8.3375,-0.60939,3.2974,3.1234,-8.8782,-0.047832,-31.818,-15.763,-41.517,-48.48,-53.836,-23.458
-8.413,-0.4502,3.8066,3.0634,-9.1665,0.19131,-25.422,-14.819,-39.421,-48.49,-55.977,-24.022
-8.4783,-0.30276,4.3051,3.0067,-9.4244,0.4191,-20.087,-13.882,-37.217,-48.371,-57.934,-24.442
-8.5468,-0.15677,4.8254,2.9543,-9.6772,0.65426,-15.664,-12.95,-34.9,-48.118,-59.658,-24.7
-8.6259,-0.0056896,5.3869,2.9067,-9.9488,0.90749,-11.853,-12.021,-32.477,-47.729,-61.114,-24.795
-8.714,0.14797,5.9772,2.8648,-10.245,1.1735,-8.4858,-11.1,-29.978,-47.212,-62.295,-24.74
-8.8025,0.29267,6.5505,2.8312,-10.552,1.4316,-5.5365,-10.198,-27.465,-46.584,-63.216,-24.563
-8.8839,0.4131,7.0467,2.8096,-10.838,1.655,-3.0176,-9.3345,-25.026,-45.871,-63.903,-24.3
-8.9571,0.49816,7.4241,2.8031,-11.081,1.824,-0.92114,-8.5295,-22.753,-45.091,-64.374,-23.981
-9.0276,0.54743,7.6845,2.8114,-11.278,1.9374,0.79174,-7.7971,-20.72,-44.247,-64.638,-23.621
-9.1028,0.57266,7.871,2.8295,-11.448,2.0142,2.1746,-7.14,-18.966,-43.324,-64.691,-23.222
-9.1856,0.59319,8.0407,2.8478,-11.619,2.0834,3.28,-6.5481,-17.487,-42.298,-64.524,-22.77
-9.2689,0.6277,8.2309,2.8545,-11.804,2.1697,4.153,-6.0049,-16.25,-41.147,-64.142,-22.243
-9.3351,0.68705,8.4381,2.8389,-11.991,2.2806,4.831,-5.4966,-15.201,-39.871,-63.563,-21.623
-9.3604,0.77179,8.6233,2.7936,-12.137,2.4038,5.3436,-5.02,-14.284,-38.495,-62.828,-20.894
-9.3218,0.87506,8.7345,2.7153,-12.184,2.5146,5.7134,-4.5825,-13.448,-37.063,-61.991,-20.051
-9.2055,0.98857,8.7351,2.6045,-12.09,2.5914,5.9593,-4.1945,-12.655,-35.624,-61.1,-19.092
-9.0107,1.1089,8.6233,2.464,-11.855,2.6294,6.0993,-3.86,-11.875,-34.213,-60.174,-18.023
-8.7494,1.24,8.4346,2.2969,-11.519,2.6444,6.1511,-3.5693,-11.081,-32.837,-59.189,-16.85
-8.4397,1.3917,8.2273,2.1054,-11.142,2.6645,6.1304,-3.2996,-10.246,-31.474,-58.077,-15.588
-8.0977,1.5734,8.0537,1.8908,-10.771,2.7146,6.0499,-3.0206,-9.3542,-30.084,-56.749,-14.26
-7.7306,1.7891,7.9338,1.6544,-10.421,2.8053,5.9204,-2.7028,-8.403,-28.626,-55.133,-12.903
-7.3336,2.0344,7.8462,1.3993,-10.075,2.9293,5.7523,-2.3261,-7.4133,-27.073,-53.209,-11.562
-6.8937,2.2983,7.741,1.1303,-9.6903,3.0663,5.5542,-1.8846,-6.4232,-25.424,-51.029,-10.283
-6.4003,2.5669,7.567,0.85449,-9.227,3.1932,5.3308,-1.389,-5.4772,-23.708,-48.699,-9.0963
-5.8583,2.8282,7.2976,0.58082,-8.6739,3.2939,5.0813,-0.86255,-4.6122,-21.977,-46.332,-8.0129
-5.2927,3.0741,6.9431,0.31884,-8.0628,3.3647,4.8005,-0.33469,-3.8475,-20.283,-44.003,-7.0257
-4.7395,3.3012,6.5431,0.076631,-7.4523,3.4125,4.4835,0.16778,-3.1802,-18.669,-41.739,-6.1171
-4.2281,3.5088,6.1436,-0.14139,-6.8944,3.4463,4.1298,0.62798,-2.5871,-17.158,-39.535,-5.2681
-3.7703,3.6968,5.773,-0.33536,-6.4135,3.4695,3.7456,1.0416,-2.0333,-15.749,-37.377,-4.4643
-3.3609,3.8635,5.4327,-0.50901,-6.0031,3.4761,3.3415,1.4138,-1.4845,-14.429,-35.252,-3.6985
-2.9882,4.0055,5.1059,-0.6672,-5.6383,3.4545,2.929,1.7537,-0.91947,-13.183,-33.152,-2.97
-2.6445,4.1191,4.778,-0.81314,-5.2916,3.3958,2.5178,2.0688,-0.33708,-11.998,-31.072,-2.2825
-2.3312,4.2029,4.4508,-0.9468,-4.9469,3.3019,2.1162,2.3636,0.24449,-10.871,-29.011,-1.6426
-2.0562,4.2587,4.1383,-1.0651,-4.604,3.1856,1.7317,2.6397,0.79544,-9.8018,-26.97,-1.0571
-1.825,4.2894,3.8499,-1.1638,-4.2724,3.0632,1.3728,2.8976,1.2855,-8.7868,-24.956,-0.53159
-1.6333,4.2954,3.577,-1.2404,-3.9591,2.9426,1.047,3.1361,1.6937,-7.8203,-22.985,-0.069138
-1.4654,4.2721,3.2927,-1.296,-3.6583,2.8163,0.75898,3.3514,2.0129,-6.8942,-21.082,0.33019
-1.2995,4.2124,2.964,-1.3356,-3.351,2.6656,0.50797,3.5332,2.2477,-6.0024,-19.276,0.66877
-1.1177,4.113,2.5712,-1.3657,-3.017,2.4734,0.28876,3.663,2.4075,-5.1449,-17.607,0.95042
-0.91412,3.9796,2.1242,-1.3923,-2.6506,2.2384,0.094202,3.7142,2.5008,-4.3297,-16.121,1.1801
-0.69643,3.8282,1.6608,-1.4192,-2.2664,1.9779,-0.081962,3.658,2.5328,-3.5717,-14.857,1.3652
-0.48007,3.6791,1.226,-1.4489,-1.8906,1.7179,-0.2432,3.4722,2.5084,-2.8881,-13.841,1.5167
-0.27843,3.5492,0.84699,-1.4836,-1.5441,1.4792,-0.38945,3.1512,2.4354,-2.2929,-13.068,1.6499
-0.094271,3.4472,0.51929,-1.5263,-1.2293,1.2673,-0.51701,2.7114,2.3274,-1.7939,-12.508,1.7837
0.083843,3.3729,0.2075,-1.5815,-0.92684,1.0727,-0.61923,2.189,2.2029,-1.3913,-12.106,1.9378
0.27855,3.3193,-0.13984,-1.6549,-0.60388,0.87641,-0.68852,1.6303,2.0812,-1.0775,-11.807,2.1296
0.51534,3.2766,-0.5671,-1.7519,-0.2299,0.65917,-0.72014,1.0772,1.9766,-0.83899,-11.565,2.3692
0.81198,3.2345,-1.0909,-1.8729,0.20766,0.41053,-0.71713,0.55532,1.8925,-0.65731,-11.359,2.655
1.1685,3.1834,-1.692,-2.0093,0.69604,0.13374,-0.69336,0.067178,1.8194,-0.51211,-11.197,2.9726
1.5591,3.1155,-2.322,-2.1418,1.2018,-0.15482,-0.67109,-0.40542,1.7363,-0.38543,-11.105,3.2971
1.9321,3.0269,-2.9194,-2.2448,1.6827,-0.43155,-0.67205,-0.89234,1.6198,-0.26623,-11.114,3.6015
2.2268,2.9188,-3.4287,-2.2983,2.1015,-0.67435,-0.70646,-1.4235,1.4536,-0.15185,-11.246,3.8666
2.4049,2.7965,-3.8197,-2.2982,2.4379,-0.87128,-0.76688,-2.021,1.2361,-0.045352,-11.504,4.0875
2.4738,2.6657,-4.1011,-2.2576,2.6983,-1.0256,-0.83093,-2.697,0.98078,0.049805,-11.866,4.2728
2.477,2.5294,-4.3177,-2.197,2.9123,-1.1544,-0.87135,-3.4568,0.70884,0.13437,-12.296,4.4375
2.463,2.3872,-4.5274,-2.1324,3.1131,-1.2806,-0.86788,-4.3018,0.43919,0.21485,-12.749,4.596
2.4582,2.2379,-4.7689,-2.07,3.3156,-1.4218,-0.8148,-5.232,0.17979,0.30177,-13.184,4.756
2.4602,2.0824,-5.041,-2.0074,3.5073,-1.5819,-0.72126,-6.2466,-0.075689,0.40527,-13.57,4.9182
2.4461,1.9245,-5.3027,-1.9369,3.6539,-1.7501,-0.6064,-7.3418,-0.34471,0.52983,-13.888,5.0758
2.3862,1.7693,-5.4909,-1.8498,3.7139,-1.9069,-0.49285,-8.5064,-0.64901,0.67024,-14.126,5.2168
2.2555,1.6196,-5.5479,-1.739,3.6562,-2.0327,-0.40131,-9.7177,-1.008,0.81114,-14.281,5.326
2.0445,1.4735,-5.4477,-1.6013,3.475,-2.1167,-0.34587,-10.941,-1.4346,0.9308,-14.354,5.3887
1.7649,1.325,-5.2094,-1.4391,3.1963,-2.1614,-0.32993,-12.132,-1.9335,1.008,-14.345,5.3949
1.4499,1.1671,-4.8938,-1.2611,2.8718,-2.1812,-0.34372,-13.243,-2.4994,1.0303,-14.258,5.3423
1.1438,0.99603,-4.5809,-1.0806,2.5632,-2.1961,-0.36602,-14.226,-3.1166,1.0007,-14.097,5.2358
0.88643,0.81429,-4.3393,-0.91206,2.3213,-2.2228,-0.37129,-15.029,-3.7597,0.9379,-13.868,5.0829
0.70096,0.62983,-4.2018,-0.76639,2.1703,-2.268,-0.33998,-15.607,-4.3974,0.86986,-13.575,4.8894
0.58875,0.45339,-4.1579,-0.64753,2.1024,-2.3262,-0.26689,-15.918,-4.9971,0.82107,-13.225,4.6607
0.5311,0.29523,-4.1647,-0.55212,2.0858,-2.3825,-0.16248,-15.937,-5.529,0.80191,-12.821,4.4051
0.49603,0.16279,-4.1675,-0.47217,2.0797,-2.4192,-0.046407,-15.664,-5.97,0.80524,-12.369,4.1379
0.44998,0.058973,-4.122,-0.39931,2.0489,-2.4231,0.062354,-15.117,-6.3068,0.81177,-11.872,3.8784
0.37075,-0.019422,-4.0105,-0.32766,1.9756,-2.3919,0.15239,-14.335,-6.5415,0.80014,-11.337,3.645
0.25495,-0.082187,-3.8464,-0.25423,1.8652,-2.3362,0.2202,-13.364,-6.6941,0.75623,-10.769,3.4491
0.11551,-0.14349,-3.6644,-0.1774,1.7415,-2.2752,0.26553,-12.25,-6.7984,0.67727,-10.174,3.2917
-0.028346,-0.2166,-3.5016,-0.095826,1.6319,-2.2283,0.28664,-11.035,-6.8915,0.5696,-9.5617,3.1638
-0.16232,-0.30796,-3.378,-0.0086042,1.5517,-2.2059,0.27938,-9.7426,-7.0009,0.44264,-8.9443,3.0486
-0.28406,-0.41462,-3.2877,0.084462,1.4948,-2.2049,0.23983,-8.3823,-7.1361,0.30263,-8.333,2.9264
-0.40391,-0.52663,-3.2005,0.18339,1.4361,-2.2112,0.16733,-6.9512,-7.288,0.14944,-7.7358,2.78
-0.54047,-0.63269,-3.0755,0.28896,1.3407,-2.2064,0.06607,-5.4456,-7.4351,-0.022379,-7.1564,2.6015
-0.71317,-0.72549,-2.8786,0.40303,1.1768,-2.1768,-0.054525,-3.8706,-7.552,-0.21876,-6.5949,2.3972
-0.93408,-0.80393,-2.5959,0.52735,0.92849,-2.1187,-0.17997,-2.2462,-7.6181,-0.43985,-6.0487,2.1874
-1.2015,-0.87154,-2.2395,0.66116,0.6037,-2.0388,-0.29226,-0.6064,-7.6225,-0.67551,-5.5128,2.0002
-1.4979,-0.93268,-1.8424,0.79924,0.23325,-1.9493,-0.37381,1.0058,-7.566,-0.90519,-4.9808,1.8608
-1.7948,-0.98903,-1.4466,0.93219,-0.13871,-1.862,-0.41341,2.5432,-7.4597,-1.1021,-4.4471,1.7806
-2.0618,-1.0383,-1.0883,1.0493,-0.47017,-1.782,-0.41096,3.9546,-7.3239,-1.241,-3.9079,1.7516
-2.2764,-1.0749,-0.78551,1.1421,-0.7353,-1.7059,-0.37974,5.1827,-7.1846,-1.3063,-3.3607,1.7499
-2.4289,-1.0928,-0.53546,1.2061,-0.92986,-1.6247,-0.3405,6.165,-7.0678,-1.2986,-2.8049,1.7455
-2.5218,-1.0879,-0.32197,1.2414,-1.0662,-1.5283,-0.31208,6.8428,-6.9918,-1.2361,-2.2403,1.7154
-2.5651,-1.06,-0.12702,1.2516,-1.1628,-1.4119,-0.30283,7.1782,-6.9628,-1.1488,-1.6652,1.6508
-2.572,-1.0123,0.060412,1.2417,-1.235,-1.2774,-0.30706,7.1712,-6.9738,-1.0694,-1.0738,1.5574
-2.5537,-0.95042,0.24129,1.2166,-1.2897,-1.1334,-0.30796,6.8639,-7.008,-1.0232,-0.45621,1.4488
-2.5162,-0.87963,0.40897,1.1793,-1.327,-0.99035,-0.28534,6.3321,-7.0429,-1.0224,0.19612,1.3386
-2.4597,-0.80249,0.55497,1.1306,-1.3433,-0.85616,-0.22469,5.6653,-7.0523,-1.0658,0.88247,1.2351
-2.3823,-0.71859,0.67493,1.0691,-1.336,-0.73305,-0.12267,4.9456,-7.0067,-1.1431,1.5893,1.1389
-2.2849,-0.62655,0.77139,0.99431,-1.3067,-0.61825,0.013479,4.2297,-6.8762,-1.2416,2.294,1.0443
-2.1749,-0.528,0.85225,0.90983,-1.262,-0.50755,0.17115,3.5397,-6.6372,-1.352,2.9743,0.94159
-2.0688,-0.43134,0.92706,0.82591,-1.2141,-0.39957,0.33822,2.8631,-6.2796,-1.4701,3.6171,0.82126
-1.9882,-0.35202,1.0033,0.75849,-1.1782,-0.29815,0.50696,2.164,-5.8105,-1.5955,4.2221,0.67842
-1.9522,-0.30839,1.084,0.724,-1.1687,-0.21166,0.67494,1.4016,-5.2535,-1.7281,4.7986,0.51582
-1.97,-0.31481,1.1663,0.73302,-1.1932,-0.14995,0.84373,0.55102,-4.6427,-1.864,5.3596,0.34413
-2.0375,-0.37657,1.2416,0.78675,-1.2492,-0.12114,1.0161,-0.38302,-4.0167,-1.9932,5.9165,0.17806
-2.1398,-0.48964,1.2968,0.87786,-1.324,-0.13021,1.193,-1.3666,-3.4103,-2.1006,6.4766,0.029808
-2.2561,-0.64458,1.3175,0.99431,-1.3994,-0.17944,1.3705,-2.3499,-2.8468,-2.1706,7.0412,-0.09668
-2.3664,-0.83141,1.2921,1.1237,-1.4576,-0.26958,1.5386,-3.285,-2.3331,-2.1941,7.6044,-0.20772
-2.4562,-1.0426,1.2144,1.2561,-1.4869,-0.40068,1.6826,-4.14,-1.8596,-2.1741,8.1537,-0.31707
-2.5183,-1.2729,1.0836,1.3848,-1.4829,-0.57122,1.7868,-4.9023,-1.4059,-2.1264,8.6734,-0.43965
-2.5515,-1.5175,0.90127,1.5057,-1.4457,-0.77686,1.8423,-5.5726,-0.95173,-2.0733,9.15,-0.58518
-2.5588,-1.7687,0.66919,1.6159,-1.3769,-1.0089,1.8527,-6.1555,-0.48557,-2.0314,9.577,-0.7546
-2.5436,-2.0153,0.38807,1.7127,-1.2759,-1.2538,1.8354,-6.6533,-0.0097992,-2.0018,9.9575,-0.94081
-2.5073,-2.2423,0.057126,1.7923,-1.1381,-1.4951,1.817,-7.0666,0.46137,-1.9679,10.304,-1.1322
-2.4458,-2.4355,-0.32629,1.8499,-0.95599,-1.7171,1.8232,-7.4002,0.90799,-1.9025,10.632,-1.3164
-2.349,-2.585,-0.76592,1.88,-0.7225,-1.9098,1.8699,-7.6666,1.3114,-1.7814,10.96,-1.4809
-2.2033,-2.6881,-1.262,1.8774,-0.43361,-2.071,1.9598,-7.886,1.6594,-1.5946,11.304,-1.6153
-1.9981,-2.7469,-1.8025,1.8387,-0.091263,-2.2037,2.0845,-8.08,1.948,-1.3488,11.681,-1.7106
-1.7334,-2.7641,-2.3543,1.7627,0.29097,-2.3091,2.2317,-8.2638,2.1811,-1.0636,12.107,-1.7635
-1.4226,-2.7378,-2.8627,1.6503,0.68395,-2.3809,2.3914,-8.4398,2.3677,-0.76195,12.596,-1.7778
-1.0891,-2.6605,-3.26,1.5034,1.0463,-2.4037,2.5593,-8.5955,2.5205,-0.46333,13.156,-1.7637
-0.75869,-2.5206,-3.484,1.3235,1.3363,-2.358,2.7366,-8.7073,2.6531,-0.17877,13.785,-1.7343
-0.45184,-2.3092,-3.5,1.1121,1.5265,-2.2282,2.9274,-8.7499,2.7775,0.089614,14.469,-1.7008
-0.18087,-2.0262,-3.314,0.87315,1.6125,-2.0112,3.1355,-8.7087,2.9025,0.34675,15.187,-1.6697
0.048074,-1.6856,-2.9719,0.616,1.6117,-1.7188,3.3621,-8.5889,3.0346,0.60095,15.908,-1.6447
0.23251,-1.3124,-2.5407,0.35629,1.5541,-1.3749,3.6055,-8.4165,3.1798,0.85965,16.598,-1.6286
0.37382,-0.93602,-2.0839,0.11209,1.4713,-1.007,3.8627,-8.2285,3.3453,1.1257,17.234,-1.6258
0.47823,-0.58046,-1.6433,-0.10233,1.3857,-0.6374,4.133,-8.0584,3.5387,1.3959,17.805,-1.6404
0.55449,-0.25771,-1.2328,-0.28079,1.3035,-0.2769,4.419,-7.9235,3.7651,1.6628,18.323,-1.6735
0.60766,0.032347,-0.84328,-0.4243,1.213,0.07591,4.7271,-7.8183,4.0246,1.9183,18.82,-1.7205
0.63444,0.29638,-0.45064,-0.53656,1.0891,0.42979,5.0624,-7.7199,4.3108,2.1561,19.335,-1.7719
0.62433,0.54042,-0.024874,-0.61994,0.90454,0.79323,5.422,-7.5994,4.6128,2.37,19.903,-1.816
0.56566,0.7646,0.45737,-0.67427,0.64359,1.1664,5.7887,-7.435,4.9186,2.5506,20.546,-1.8438
0.45253,0.96136,0.99639,-0.69792,0.3104,1.5357,6.1303,-7.2189,5.2193,2.6839,21.264,-1.8506
0.28872,1.1171,1.5594,-0.68939,-0.069138,1.8731,6.4072,-6.9551,5.5132,2.7559,22.036,-1.8362
0.08666,1.2164,2.0871,-0.6482,-0.45524,2.1429,6.5875,-6.6514,5.8065,2.7609,22.825,-1.801
-0.13769,1.2476,2.5183,-0.57524,-0.80926,2.3156,6.6604,-6.3117,6.1114,2.7089,23.576,-1.7446
-0.37059,1.2077,2.82,-0.47282,-1.1086,2.3806,6.6402,-5.9346,6.4417,2.6245,24.229,-1.6648
-0.60354,1.1045,3.0008,-0.34486,-1.3527,2.352,6.5558,-5.5162,6.8057,2.5392,24.729,-1.5626
-0.83263,0.9551,3.1,-0.19723,-1.5566,2.2624,6.4348,-5.0582,7.1996,2.4808,25.031,-1.4433
-1.0561,0.7808,3.1641,-0.037543,-1.7398,2.1494,6.2911,-4.5721,7.6049,2.4636,25.112,-1.3181
-1.272,0.60058,3.2254,0.1258,-1.9155,2.0412,6.123,-4.0794,7.9914,2.4845,24.959,-1.2
-1.4774,0.42633,3.29,0.28503,-2.0847,1.9475,5.9204,-3.6056,8.3267,2.5262,24.573,-1.1
-1.6669,0.26231,3.3378,0.43404,-2.236,1.86,5.6754,-3.172,8.5869,2.5645,23.965,-1.0223
-1.8319,0.10869,3.3323,0.56806,-2.3491,1.7614,5.3913,-2.789,8.7645,2.5778,23.165,-0.96342
-1.9593,-0.034056,3.237,0.6824,-2.4012,1.637,5.0781,-2.4548,8.8673,2.5523,22.221,-0.91465
-2.0342,-0.16359,3.0322,0.77156,-2.3753,1.4799,4.7487,-2.1597,8.9115,2.4847,21.183,-0.86739
-2.0458,-0.27742,2.7255,0.8305,-2.2661,1.2916,4.4116,-1.8918,8.9125,2.3811,20.095,-0.82086
-1.9924,-0.37619,2.3505,0.85726,-2.0832,1.0788,4.0665,-1.6473,8.8793,2.2558,18.974,-0.78385
-1.8835,-0.46349,1.9556,0.85476,-1.8473,0.85132,3.7046,-1.4305,8.8141,2.1283,17.809,-0.77279
-1.7355,-0.54395,1.5884,0.8298,-1.5821,0.62168,3.3144,-1.2521,8.7166,2.0187,16.572,-0.80338
-1.5655,-0.61931,1.2802,0.79015,-1.3066,0.40476,2.8891,-1.1228,8.5894,1.943,15.233,-0.88116
-1.3884,-0.68657,1.0378,0.74199,-1.031,0.2136,2.4334,-1.0471,8.4427,1.9098,13.774,-0.99685
-1.2147,-0.73977,0.8429,0.68921,-0.75752,0.055336,1.9633,-1.0206,8.2922,1.921,12.197,-1.1292
-1.049,-0.77381,0.65692,0.63397,-0.4822,-0.071299,1.5031,-1.0329,8.1536,1.9734,10.521,-1.2541
-0.88993,-0.78714,0.43446,0.57743,-0.19898,-0.17416,1.0774,-1.0732,8.0358,2.0621,8.7835,-1.3548
-0.73217,-0.78165,0.14254,0.51983,0.098419,-0.26297,0.70382,-1.1367,7.9303,2.1756,7.0307,-1.4283
-0.57125,-0.76045,-0.22292,0.46046,0.41019,-0.34499,0.38667,-1.2268,7.8159,2.2984,5.3151,-1.4844
-0.40835,-0.72634,-0.63322,0.39838,0.72501,-0.42315,0.11641,-1.3534,7.6676,2.4138,3.6807,-1.5394
-0.25191,-0.68273,-1.036,0.33393,1.0201,-0.49682,-0.12483,-1.5275,7.4682,2.5089,2.1528,-1.6068
-0.11497,-0.6362,-1.3718,0.27027,1.2673,-0.56466,-0.3516,-1.7538,7.2165,2.5801,0.73247,-1.69
-0.0097816,-0.598,-1.592,0.21335,1.4435,-0.62788,-0.56795,-2.0261,6.9293,2.6359,-0.59807,-1.7797
0.057091,-0.58189,-1.6728,0.17019,1.5398,-0.69105,-0.76618,-2.3274,6.6345,2.6948,-1.8634,-1.8559
0.086422,-0.5995,-1.6222,0.14656,1.565,-0.75999,-0.93236,-2.6326,6.3626,2.7777,-3.0829,-1.8954
0.084468,-0.65608,-1.4774,0.14556,1.5416,-0.83885,-1.0548,-2.9143,6.1382,2.8997,-4.2672,-1.8803
0.059778,-0.74954,-1.2996,0.16766,1.499,-0.92906,-1.132,-3.1496,5.9747,3.0644,-5.422,-1.8071
0.020853,-0.87215,-1.1599,0.21157,1.4663,-1.0299,-1.169,-3.3261,5.8728,3.2646,-6.5576,-1.6892
-0.025039,-1.0126,-1.1139,0.27479,1.4668,-1.1383,-1.1744,-3.4477,5.8206,3.4859,-7.6917,-1.5522
-0.07329,-1.1569,-1.1821,0.35365,1.5113,-1.248,-1.1546,-3.5352,5.7966,3.7114,-8.8466,-1.4237
-0.1243,-1.2897,-1.3487,0.44338,1.5919,-1.3489,-1.1089,-3.6174,5.7753,3.9246,-10.042,-1.325
-0.18357,-1.3985,-1.5756,0.53875,1.6837,-1.4302,-1.0305,-3.721,5.7334,4.1121,-11.277,-1.2658
-0.25936,-1.4784,-1.8178,0.63533,1.7545,-1.4862,-0.91007,-3.859,5.655,4.265,-12.533,-1.2452
-0.35725,-1.5359,-2.0338,0.73054,1.7798,-1.5213,-0.7427,-4.0254,5.5338,4.3813,-13.77,-1.2573
-0.47518,-1.5875,-2.1919,0.82351,1.7527,-1.5503,-0.53254,-4.1974,5.3709,4.4653,-14.946,-1.298
-0.60285,-1.6525,-2.2736,0.91391,1.6831,-1.5931,-0.29379,-4.3446,5.1717,4.526,-16.027,-1.3682
-0.72652,-1.7444,-2.2715,1.0008,1.5881,-1.6641,-0.048102,-4.4391,4.9434,4.5735,-17.006,-1.4722
-0.83539,-1.8665,-2.1845,1.0824,1.4819,-1.7649,0.17945,-4.4619,4.6942,4.6138,-17.911,-1.6139
-0.92451,-2.0127,-2.0213,1.1573,1.3719,-1.8849,0.36485,-4.4053,4.4365,4.651,-18.788,-1.7936
-0.99334,-2.173,-1.8141,1.2259,1.2649,-2.0104,0.48996,-4.273,4.1834,4.6843,-19.694,-2.0071
-1.043,-2.3391,-1.618,1.2909,1.174,-2.1334,0.54674,-4.0796,3.9462,4.7088,-20.661,-2.2474
-1.0752,-2.5063,-1.4914,1.3569,1.1199,-2.2531,0.5395,-3.8491,3.7305,4.7162,-21.69,-2.5057
-1.0911,-2.6717,-1.4784,1.4278,1.124,-2.3732,0.48191,-3.6106,3.5364,4.6978,-22.747,-2.7722
-1.0913,-2.8304,-1.6011,1.5043,1.1989,-2.497,0.3941,-3.392,3.3597,4.6488,-23.775,-3.0356
-1.0738,-2.9744,-1.858,1.5817,1.3439,-2.6251,0.29995,-3.2148,3.1958,4.5716,-24.715,-3.2819
-1.0352,-3.0928,-2.226,1.6501,1.5455,-2.7546,0.22347,-3.0914,3.0415,4.4788,-25.516,-3.4952
-0.97238,-3.1764,-2.6642,1.6969,1.7821,-2.88,0.18543,-3.0274,2.8959,4.3907,-26.141,-3.6606
-0.8867,-3.2215,-3.1187,1.7139,2.0279,-2.9943,0.19956,-3.0238,2.7601,4.3282,-26.563,-3.7688
-0.78843,-3.2336,-3.5292,1.7016,2.2541,-3.0913,0.26617,-3.077,2.636,4.3029,-26.768,-3.821
-0.69768,-3.228,-3.8409,1.6723,2.4319,-3.168,0.3692,-3.1769,2.5271,4.3101,-26.751,-3.829
-0.63923,-3.2265,-4.0172,1.6453,2.5381,-3.2267,0.47871,-3.3059,2.4388,4.3281,-26.526,-3.8103
-0.63254,-3.2503,-4.0469,1.6398,2.5627,-3.2738,0.55833,-3.4424,2.3787,4.3247,-26.12,-3.7804
-0.68315,-3.313,-3.9476,1.6678,2.5123,-3.3157,0.575,-3.5683,2.3538,4.2677,-25.568,-3.748
-0.78102,-3.4156,-3.7599,1.731,2.4073,-3.3547,0.50815,-3.6771,2.3673,4.1357,-24.904,-3.7142
-0.90678,-3.5464,-3.5295,1.8221,2.2732,-3.3871,0.35519,-3.7772,2.4151,3.925,-24.155,-3.6769
-1.0411,-3.6856,-3.2868,1.929,2.1319,-3.4043,0.13169,-3.8892,2.4862,3.6473,-23.338,-3.6345
-1.1711,-3.8117,-3.0433,2.0396,1.9952,-3.3975,-0.13294,-4.0381,2.5637,3.3228,-22.463,-3.5881
-1.2917,-3.9076,-2.8024,2.1437,1.8638,-3.3621,-0.40192,-4.2448,2.6282,2.9714,-21.524,-3.5414
-1.4037,-3.9649,-2.5705,2.2347,1.733,-3.3012,-0.63801,-4.5214,2.6621,2.6075,-20.511,-3.4999
-1.5109,-3.9829,-2.3568,2.3085,1.598,-3.2235,-0.81152,-4.8696,2.6542,2.2379,-19.411,-3.469
-1.6173,-3.9654,-2.1668,2.3633,1.4557,-3.1383,-0.9081,-5.2816,2.6033,1.8638,-18.224,-3.453
-1.7232,-3.916,-1.9994,2.3973,1.3062,-3.0502,-0.93273,-5.7411,2.5193,1.4833,-16.963,-3.4549
-1.8218,-3.8347,-1.8493,2.4062,1.155,-2.9575,-0.90564,-6.2244,2.4193,1.094,-15.664,-3.4756
-1.897,-3.7175,-1.7116,2.3824,1.0158,-2.8532,-0.85131,-6.7019,2.3211,0.69473,-14.368,-3.5145
-1.9271,-3.5595,-1.5837,2.3172,0.9088,-2.7292,-0.7866,-7.1455,2.2382,0.28713,-13.12,-3.5682
-1.8912,-3.3578,-1.4644,2.2047,0.85257,-2.5793,-0.71416,-7.5308,2.1772,-0.12379,-11.951,-3.6291
-1.7762,-3.1128,-1.3499,2.0433,0.85707,-2.4,-0.62065,-7.8381,2.1411,-0.52878,-10.876,-3.6835
-1.58,-2.8264,-1.2304,1.836,0.91886,-2.1893,-0.48074,-8.0507,2.1337,-0.91356,-9.9003,-3.7104
-1.3089,-2.4975,-1.0881,1.5861,1.0226,-1.9429,-0.26439,-8.1538,2.1635,-1.2582,-9.0168,-3.6825
-0.9727,-2.1169,-0.89796,1.294,1.1462,-1.6496,0.057107,-8.135,2.2444,-1.5374,-8.2114,-3.571
-0.57909,-1.6624,-0.63009,0.95278,1.2669,-1.2856,0.50751,-7.9878,2.3919,-1.7238,-7.4577,-3.3518
-0.12947,-1.0986,-0.25417,0.54634,1.3664,-0.81565,1.1057,-7.7136,2.6191,-1.7922,-6.7147,-3.0113
0.38126,-0.37945,0.25802,0.048398,1.4336,-0.19192,1.8673,-7.3206,2.9324,-1.7247,-5.9304,-2.5497
0.96203,0.55311,0.9348,-0.58114,1.466,0.64658,2.8051,-6.819,3.332,-1.5134,-5.0503,-1.9797
1.6221,1.7802,1.812,-1.4075,1.4697,1.7766,3.93,-6.213,3.8142,-1.16,-4.0293,-1.3231
2.3694,3.4202,2.9289,-2.5366,1.456,3.2777,5.2533,-5.4958,4.3776,-0.67432,-2.8392,-0.60335
3.2134,5.6126,4.2717,-4.112,1.4348,5.1759,6.7902,-4.6498,5.0228,-0.071464,-1.4688,0.16136
4.1697,8.4383,5.6709,-6.2581,1.407,7.3812,8.5599,-3.6528,5.7556,0.63233,0.082593,0.96465
5.2625,11.838,6.8768,-8.9811,1.3592,9.7877,10.581,-2.4866,6.5867,1.4237,1.8135,1.8127
6.5144,15.675,7.8961,-12.136,1.2647,12.465,12.859,-1.1462,7.5296,2.2942,3.7256,2.7199
7.9272,19.85,9.0768,-15.496,1.0893,15.6,15.361,0.35509,8.5959,3.2398,5.8223,3.7022
9.4609,24.329,10.884,-18.87,0.80142,19.308,17.991,1.9841,9.7898,4.2586,8.1032,4.7723
11.038,29.092,13.737,-22.153,0.38551,23.552,20.59,3.691,11.103,5.347,10.56,5.9358
12.584,34.064,17.749,-25.314,-0.14791,28.139,22.966,5.417,12.512,6.4985,13.177,7.1912
14.067,39.097,22.483,-28.356,-0.76037,32.783,24.937,7.1037,13.974,7.7037,15.932,8.5312
15.519,44.013,27.251,-31.287,-1.3945,37.227,26.379,8.7059,15.429,8.951,18.812,9.9458
17.01,48.688,31.632,-34.125,-1.9895,41.327,27.27,10.193,16.814,10.231,21.808,11.429
18.604,53.095,35.587,-36.892,-2.498,45.073,27.745,11.546,18.074,11.539,24.916,12.986
20.319,57.296,39.265,-39.614,-2.8959,48.551,28.1,12.744,19.189,12.884,28.129,14.642
22.114,61.389,42.869,-42.303,-3.1818,51.911,28.692,13.771,20.169,14.278,31.422,16.437
23.929,65.46,46.64,-44.932,-3.3674,55.323,29.655,14.615,21.047,15.735,34.742,18.406
25.731,69.532,50.802,-47.44,-3.4659,58.933,30.597,15.286,21.857,17.256,38.001,20.557
27.546,73.562,55.288,-49.763,-3.4806,62.823,30.736,15.812,22.612,18.819,41.081,22.847
29.432,77.496,59.341,-51.873,-3.3945,66.961,29.455,16.238,23.298,20.369,43.836,25.177
31.446,81.319,61.838,-53.792,-3.1635,71.054,26.639,16.608,23.873,21.825,46.101,27.419
33.616,84.995,62.192,-55.58,-2.7172,74.185,22.575,16.945,24.272,23.096,47.725,29.457
35.936,88.339,60.544,-57.347,-1.9389,74.998,17.736,17.239,24.418,24.094,48.628,31.215
38.382,91.084,57.372,-59.262,-0.59935,73.178,12.616,17.443,24.243,24.764,48.855,32.664
40.923,93.108,53.207,-61.506,1.5889,69.902,7.6296,17.49,23.705,25.084,48.557,33.824
43.559,94.329,48.496,-64.13,4.5786,66.355,3.0933,17.317,22.809,25.069,47.892,34.748
46.362,94.331,43.489,-66.871,7.9253,62.914,-0.76306,16.904,21.612,24.756,46.922,35.492
49.444,92.37,38.229,-69.164,11.273,59.419,-3.82,16.281,20.202,24.186,45.622,36.07
52.775,87.906,32.64,-70.368,14.47,55.514,-6.149,15.519,18.669,23.393,43.953,36.446
55.882,81.221,26.574,-70.029,17.433,50.831,-8.0482,14.708,17.09,22.409,41.916,36.572
57.951,73.314,19.786,-67.989,20.115,45.144,-9.8911,13.926,15.518,21.265,39.557,36.421
58.488,65.203,12.035,-64.372,22.535,38.529,-11.852,13.222,13.993,19.999,36.946,35.982
57.642,57.519,3.4861,-59.524,24.769,31.427,-13.805,12.613,12.538,18.649,34.148,35.237
55.881,50.549,-5.0954,-53.971,26.911,24.479,-15.504,12.085,11.151,17.231,31.2,34.145
53.645,44.366,-12.61,-48.362,29.01,18.222,-16.789,11.606,9.8088,15.732,28.093,32.643
51.174,38.931,-17.886,-43.295,30.956,12.976,-17.642,11.132,8.4611,14.112,24.782,30.684
48.515,34.164,-19.77,-39.021,32.383,8.8812,-18.116,10.614,7.0514,12.324,21.227,28.29
45.701,29.999,-18.529,-35.393,32.846,5.8865,-18.283,10.007,5.5319,10.35,17.441,25.574
42.839,26.331,-16.692,-32.14,32.12,3.6131,-18.223,9.2765,3.875,8.2161,13.523,22.651
39.97,22.818,-15.8,-29.073,30.284,1.445,-18.019,8.4006,2.0729,5.9842,9.6348,19.569
37.03,18.742,-15.714,-26.035,27.71,-0.80739,-17.77,7.3791,0.12802,3.7219,5.938,16.342
33.951,13.545,-16.162,-22.769,25.031,-2.8468,-17.579,6.2326,-1.9567,1.4745,2.5396,13.057
30.684,7.8404,-16.936,-18.934,22.752,-4.5751,-17.524,5.0033,-4.1793,-0.74318,-0.51688,9.8947
27.185,2.8877,-17.687,-14.34,20.885,-6.1226,-17.632,3.7514,-6.53,-2.9334,-3.2255,7.0558
23.407,-0.91019,-18.185,-9.2684,19.21,-7.6114,-17.871,2.5463,-8.9791,-5.1012,-5.5936,4.6437
19.33,-3.8994,-18.441,-4.4684,17.573,-9.0766,-18.164,1.4504,-11.474,-7.2511,-7.636,2.6311
14.995,-6.4635,-18.539,-0.58622,15.9,-10.489,-18.418,0.50438,-13.955,-9.3956,-9.3805,0.91384
10.553,-8.7988,-18.516,2.2698,14.139,-11.8,-18.554,-0.2827,-16.38,-11.56,-10.869,-0.62468
6.358,-10.956,-18.364,4.3589,12.241,-12.969,-18.526,-0.93252,-18.75,-13.777,-12.149,-2.0793
2.9552,-12.919,-18.06,5.9844,10.24,-13.973,-18.334,-1.4842,-21.099,-16.065,-13.265,-3.5113
0.64061,-14.668,-17.608,7.3551,8.3244,-14.821,-18.024,-1.9751,-23.468,-18.412,-14.246,-4.9475
-0.82505,-16.205,-17.048,8.5874,6.7149,-15.543,-17.676,-2.4241,-25.877,-20.772,-15.108,-6.3884
-1.8428,-17.567,-16.441,9.744,5.4651,-16.192,-17.382,-2.8274,-28.304,-23.078,-15.853,-7.8219
-2.6635,-18.817,-15.84,10.863,4.4971,-16.823,-17.216,-3.1659,-30.694,-25.264,-16.474,-9.2301
-3.3853,-20.017,-15.277,11.957,3.7228,-17.469,-17.214,-3.4205,-32.979,-27.28,-16.96,-10.58
-4.027,-21.163,-14.755,13.0,3.0841,-18.107,-17.372,-3.5828,-35.089,-29.083,-17.296,-11.821
-4.5817,-22.167,-14.254,13.925,2.5445,-18.654,-17.652,-3.658,-36.969,-30.638,-17.468,-12.894
-5.0469,-22.901,-13.727,14.658,2.0779,-19.001,-18.01,-3.6609,-38.592,-31.913,-17.469,-13.765
-5.435,-23.284,-13.132,15.167,1.6654,-19.073,-18.414,-3.6096,-39.956,-32.893,-17.299,-14.441
-5.7686,-23.334,-12.456,15.479,1.296,-18.865,-18.842,-3.5199,-41.081,-33.588,-16.969,-14.966
-6.0699,-23.142,-11.729,15.661,0.96808,-18.434,-19.28,-3.4019,-41.998,-34.035,-16.504,-15.413
-6.35,-22.826,-11.024,15.782,0.68869,-17.865,-19.711,-3.2612,-42.742,-34.29,-15.933,-15.855
-6.6046,-22.477,-10.41,15.888,0.46923,-17.247,-20.107,-3.1038,-43.345,-34.419,-15.295,-16.352
-6.8185,-22.135,-9.927,15.981,0.31569,-16.639,-20.438,-2.9431,-43.833,-34.486,-14.632,-16.936
-6.9777,-21.781,-9.568,16.03,0.22003,-16.06,-20.677,-2.8037,-44.228,-34.544,-13.986,-17.606
-7.0799,-21.375,-9.2942,15.996,0.15855,-15.503,-20.812,-2.7181,-44.553,-34.631,-13.393,-18.334
-7.1381,-20.884,-9.0549,15.855,0.097999,-14.959,-20.856,-2.719,-44.83,-34.763,-12.868,-19.067
-7.1743,-20.31,-8.8064,15.615,0.0062588,-14.433,-20.846,-2.8301,-45.083,-34.934,-12.406,-19.737
-7.2092,-19.695,-8.5239,15.307,-0.13654,-13.95,-20.837,-3.0602,-45.327,-35.114,-11.972,-20.279
-7.2532,-19.099,-8.2046,14.973,-0.33043,-13.54,-20.887,-3.4009,-45.56,-35.257,-11.515,-20.643
-7.3019,-18.572,-7.8628,14.647,-0.55536,-13.227,-21.032,-3.8295,-45.768,-35.321,-10.98,-20.812
-7.339,-18.141,-7.5201,14.348,-0.77876,-13.015,-21.274,-4.3135,-45.925,-35.273,-10.322,-20.805
-7.3434,-17.8,-7.196,14.081,-0.96736,-12.885,-21.581,-4.8175,-46.008,-35.102,-9.5205,-20.682
-7.299,-17.517,-6.9046,13.839,-1.0969,-12.8,-21.898,-5.3099,-46.006,-34.822,-8.5857,-20.525
-7.2011,-17.256,-6.6576,13.613,-1.1555,-12.727,-22.169,-5.7675,-45.922,-34.466,-7.5471,-20.411
-7.0573,-16.991,-6.4694,13.393,-1.1428,-12.642,-22.357,-6.1766,-45.769,-34.083,-6.4438,-20.383
-6.8843,-16.708,-6.3546,13.173,-1.0683,-12.537,-22.454,-6.5339,-45.562,-33.718,-5.3125,-20.435
-6.7031,-16.374,-6.3137,12.941,-0.95188,-12.39,-22.481,-6.8458,-45.31,-33.397,-4.1825,-20.513
-6.5352,-15.912,-6.3099,12.665,-0.82663,-12.132,-22.471,-7.1268,-45.005,-33.11,-3.073,-20.541
-6.3991,-15.173,-6.248,12.277,-0.74401,-11.629,-22.456,-7.3923,-44.615,-32.792,-1.9897,-20.441
-6.3097,-13.98,-5.9817,11.685,-0.77892,-10.72,-22.447,-7.644,-44.067,-32.31,-0.91527,-20.149
-6.2776,-12.284,-5.4087,10.804,-1.0278,-9.4289,-22.412,-7.8497,-43.219,-31.45,0.20582,-19.607
-6.3081,-10.561,-5.4742,9.6236,-1.5363,-8.6725,-22.267,-7.9187,-41.829,-29.898,1.4909,-18.735
-6.4001,-11.507,-8.4106,8.314,-0.98069,-14.402,-21.874,-7.6789,-39.507,-27.258,3.1569,-17.416
-6.5402,-21.045,-9.1802,7.3481,3.1386,-18.636,-21.034,-6.8516,-35.67,-23.234,5.6034,-15.495
-6.6894,-25.119,-10.353,7.8759,4.1388,-19.322,-19.477,-5.0263,-29.839,-18.806,9.6207,-12.955
-6.7691,-25.303,-11.273,11.982,4.3005,-19.772,-16.981,-1.7353,-24.838,-25.133,15.395,-11.039
-6.6515,-24.238,-10.938,16.608,3.711,-19.419,-15.185,-3.4398,-42.453,-40.26,1.1205,-21.896
-6.1486,-21.22,-8.9262,17.127,2.2253,-17.244,-26.102,-13.511,-49.463,-39.172,-6.4795,-29.29
-5.2233,-14.661,-3.8603,14.875,-1.3721,-11.72,-29.936,-14.705,-48.321,-36.773,-5.5825,-28.73
-8.9881,-2.4881,7.2368,10.246,-8.4473,-0.38182,-29.339,-16.102,-45.818,-32.396,-2.7749,-27.62
-11.932,16.874,27.89,3.024,-19.943,19.659,-27.645,-16.078,-40.201,-23.885,2.7336,-25.258
-16.145,42.824,57.668,-7.1823,-36.356,47.977,-24.015,-11.834,-28.741,-7.8425,12.733,-20.398
-21.544,72.456,92.721,-19.867,-56.534,79.669,-17.446,-0.20258,-7.7842,19.492,30.433,-11.045
-26.26,103.4,129.16,-34.009,-77.273,112.04,-5.7738,23.136,27.535,61.45,60.132,6.1529
-27.447,132.31,160.43,-49.12,-94.051,141.73,14.317,63.779,83.808,121.34,105.6,35.153
-22.227,156.02,181.16,-65.157,-102.6,165.04,44.389,126.13,168.48,203.97,170.4,78.56
-8.3948,175.44,187.29,-82.393,-99.635,178.62,83.949,212.21,286.21,314.46,259.93,139.96
15.846,191.38,176.74,-102.08,-82.85,181.34,131.39,319.85,435.48,452.67,377.71,224.2
52.465,202.99,149.64,-126.47,-51.18,173.89,181.45,440.63,606.96,618.01,525.26,334.65
103.67,213.11,107.69,-157.57,-4.6892,158.44,221.69,558.54,785.47,810.96,704.13,473.59
170.41,225.74,53.672,-196.9,55.561,138.57,235.24,651.06,952.02,1026.8,914.48,640.66
251.72,243.17,-9.2416,-245.24,127.48,116.91,207.09,693.96,1082.6,1255.8,1152.5,833.13
344.64,265.28,-78.388,-301.36,208.32,93.783,128.29,668.73,1152.7,1484.8,1409.5,1045.3
444.15,288.61,-153.6,-361.22,295.59,68.017,-0.20476,569.86,1145.4,1697.2,1671.4,1266.6
544.0,304.92,-238.09,-417.98,387.75,33.97,-165.42,408.12,1057.9,1875.4,1918.6,1481.6
637.59,301.72,-337.14,-462.83,484.04,-17.591,-344.43,208.19,902.38,2001.6,2126.7,1669.7
718.45,266.99,-455.18,-486.9,583.36,-94.542,-510.28,1.4575,701.94,2060.7,2269.2,1808.3
780.47,194.92,-591.49,-483.68,682.31,-199.23,-639.55,-183.9,482.49,2041.7,2322.1,1876.6
818.27,88.739,-737.32,-451.14,773.85,-325.58,-718.88,-331.76,263.23,1938.1,2269.3,1860.2
827.69,-40.156,-876.49,-392.24,847.96,-459.74,-747.59,-441.39,50.335,1747.3,2105.7,1754.4
806.31,-176.08,-990.31,-313.6,894.38,-584.78,-735.49,-523.97,-162.48,1470.5,1838.0,1564.1
753.89,-305.08,-1064.8,-222.68,905.97,-686.72,-697.46,-594.41,-386.06,1113.4,1482.0,1302.2
672.82,-418.82,-1095.0,-125.48,881.03,-758.58,-647.82,-663.92,-625.21,688.44,1060.2,986.44
568.46,-514.44,-1084.5,-26.235,823.61,-800.47,-597.23,-736.7,-874.72,217.19,600.5,638.9
449.18,-591.67,-1041.7,70.942,742.19,-816.85,-552.2,-810.75,-1122.0,-268.04,136.29,285.62
325.68,-650.04,-977.15,160.59,647.5,-813.24,-516.51,-880.84,-1349.2,-726.01,-294.71,-44.394
209.31,-687.92,-900.1,236.21,550.2,-793.82,-492.61,-941.02,-1535.9,-1113.1,-655.62,-323.25
109.66,-702.97,-817.19,292.5,458.65,-760.74,-481.62,-986.04,-1665.6,-1394.1,-918.88,-530.57
32.368,-693.53,-731.81,326.89,377.49,-714.57,-480.43,-1012.5,-1730.0,-1552.5,-1074.1,-659.0
-21.864,-660.19,-644.73,339.25,307.46,-655.59,-483.36,-1018.7,-1731.4,-1595.5,-1130.7,-715.75
-56.497,-606.67,-556.04,331.97,246.63,-585.16,-484.79,-1004.3,-1680.1,-1549.5,-1113.0,-719.4
-77.213,-539.47,-466.98,310.07,192.49,-506.48,-479.4,-969.65,-1590.8,-1449.2,-1051.1,-692.27
-89.799,-466.35,-379.85,280.04,143.35,-424.62,-463.39,-915.74,-1477.9,-1326.5,-971.16,-651.52
-98.605,-394.48,-297.55,248.08,98.392,-345.71,-434.5,-844.58,-1353.8,-1202.5,-889.99,-606.84
-105.58,-329.22,-223.32,218.8,57.739,-275.34,-394.04,-759.3,-1226.8,-1086.5,-814.61,-562.3
-111.08,-273.53,-160.71,194.12,22.918,-216.63,-345.86,-664.31,-1099.6,-978.62,-744.69,-518.02
-114.42,-228.12,-112.05,173.14,-3.8183,-170.2,-294.3,-564.83,-972.39,-874.22,-676.18,-471.63
-113.48,-191.49,-76.964,153.59,-20.225,-134.68,-242.87,-465.71,-847.0,-771.66,-604.68,-419.77
-106.65,-160.41,-53.055,133.73,-27.424,-107.26,-193.78,-370.87,-726.22,-675.13,-529.72,-364.17
-93.392,-132.58,-37.114,113.7,-29.242,-85.528,-148.37,-283.59,-611.48,-581.05,-458.1,-311.81
-77.089,-107.0,-26.428,93.173,-27.531,-67.412,-107.68,-206.82,-503.76,-487.7,-391.42,-263.8
-60.904,-83.68,-19.669,72.67,-23.668,-51.89,-72.899,-142.18,-405.93,-398.92,-326.7,-220.72
-46.33,-64.213,-15.475,54.669,-19.48,-39.735,-44.629,-90.85,-321.08,-323.69,-269.79,-182.92
-34.888,-48.819,-12.155,40.984,-16.663,-30.678,-22.535,-50.947,-248.74,-265.6,-224.92,-153.55
-27.585,-36.889,-8.2232,31.655,-16.129,-23.46,-6.059,-20.872,-192.3,-222.66,-191.9,-132.74
-24.492,-27.961,-2.8029,26.034,-17.694,-16.921,5.2021,-0.23095,-153.57,-190.49,-168.17,-118.59
-24.716,-21.334,4.228,23.149,-19.836,-10.498,11.762,11.984,-126.18,-165.76,-150.3,-108.5
-26.784,-16.408,11.705,21.834,-22.309,-4.7033,14.2,17.602,-104.93,-146.36,-135.1,-100.29
-29.007,-12.69,15.577,20.917,-23.988,-0.4507,12.973,19.145,-87.977,-130.88,-120.3,-92.79
-29.4,-9.5494,15.075,19.31,-24.488,2.0462,5.9991,19.219,-74.991,-118.2,-105.0,-85.687
-24.915,-5.4741,14.722,15.066,-23.98,2.9644,-4.3756,19.139,-65.226,-107.25,-90.102,-78.811
-17.079,-1.3392,14.968,8.6449,-22.894,4.1385,-3.055,21.348,-56.632,-97.047,-77.352,-71.905
-12.692,1.007,15.256,4.9445,-21.66,5.7999,-1.4246,28.2,-46.215,-86.814,-67.251,-65.344
-10.624,2.7352,15.398,3.0309,-20.496,7.5294,-0.52432,35.009,-33.124,-76.088,-58.867,-59.606
-9.3157,4.2357,15.409,1.8479,-19.471,9.0838,-0.071162,40.666,-20.6,-64.875,-51.152,-54.442
-8.3159,5.5869,15.347,0.99352,-18.651,10.333,0.18228,44.883,-11.094,-53.859,-43.479,-49.365
-7.4539,6.7989,15.258,0.29437,-18.097,11.245,0.39297,47.651,-4.4345,-43.815,-35.528,-43.956
-6.6052,7.8692,15.162,-0.33804,-17.727,11.854,0.64216,49.041,0.43851,-35.022,-27.484,-38.112
-5.6655,8.7983,15.055,-0.94522,-17.302,12.23,0.9603,49.159,4.3755,-27.365,-20.406,-32.279
-4.6018,9.5925,14.903,-1.5328,-16.569,12.443,1.3492,48.206,7.8766,-20.756,-14.955,-27.103
-3.4935,10.26,14.664,-2.0852,-15.421,12.546,1.7978,46.562,11.218,-15.241,-10.828,-22.717
-2.467,10.803,14.3,-2.5827,-13.952,12.571,2.2921,44.744,14.568,-10.814,-7.6794,-18.842
-1.5916,11.223,13.788,-3.0128,-12.386,12.527,2.8198,43.119,18.055,-7.3252,-5.2848,-15.332
-0.86813,11.518,13.132,-3.3716,-10.939,12.415,3.3729,41.56,21.787,-4.5538,-3.4506,-12.214
-0.27436,11.698,12.368,-3.6628,-9.7245,12.24,3.9477,39.438,25.857,-2.2862,-2.0133,-9.5256
0.20607,11.789,11.549,-3.8962,-8.7593,12.02,4.5443,36.108,30.331,-0.35044,-0.85926,-7.256
0.58106,11.829,10.743,-4.0868,-8.0166,11.784,5.1643,31.636,35.242,1.3811,0.072698,-5.3675
0.85833,11.858,10.003,-4.2511,-7.4657,11.562,5.8091,26.724,40.565,2.996,0.80523,-3.8112
1.0529,11.901,9.3586,-4.4039,-7.0738,11.37,6.4785,21.857,46.202,4.5465,1.3452,-2.5336
1.189,11.955,8.8011,-4.556,-6.7952,11.201,7.169,17.127,52.007,6.0572,1.7035,-1.4815
1.2967,12.001,8.2904,-4.715,-6.5696,11.026,7.8721,12.573,57.845,7.5369,1.9042,-0.60684
1.4044,12.015,7.7773,-4.8854,-6.3379,10.815,8.5767,8.364,63.629,8.9927,1.9819,0.12932
1.5306,11.981,7.2356,-5.0663,-6.0661,10.556,9.274,4.6929,69.308,10.439,1.9717,0.75421
1.677,11.898,6.686,-5.2475,-5.7581,10.26,9.9623,1.6071,74.819,11.899,1.9001,1.2821
1.8259,11.778,6.1874,-5.4084,-5.4456,9.9657,10.647,-1.0176,80.073,13.396,1.7836,1.7158
1.947,11.645,5.798,-5.524,-5.1679,9.717,11.336,-3.3307,84.986,14.955,1.6357,2.0521
2.0155,11.516,5.5405,-5.5749,-4.9544,9.5456,12.041,-5.3804,89.521,16.602,1.4759,2.2888
2.0282,11.394,5.3935,-5.5554,-4.8123,9.4546,12.769,-7.1139,93.712,18.384,1.3345,2.43
2.0055,11.272,5.3048,-5.477,-4.724,9.4197,13.53,-8.4453,97.659,20.363,1.2498,2.4863
1.9793,11.142,5.213,-5.3662,-4.6536,9.4033,14.326,-9.3139,101.49,22.612,1.2625,2.4728
1.978,11.009,5.0705,-5.2587,-4.5626,9.3709,15.153,-9.7083,105.33,25.184,1.4096,2.408
2.0188,10.889,4.8594,-5.1894,-4.4266,9.3007,15.995,-9.6634,109.24,28.088,1.7211,2.3152
2.1063,10.799,4.593,-5.1831,-4.2448,9.184,16.837,-9.2443,113.27,31.283,2.2177,2.2223
2.2378,10.748,4.3045,-5.2502,-4.0374,9.0216,17.667,-8.5285,117.39,34.699,2.9099,2.1577
2.4084,10.729,4.0304,-5.3869,-3.8334,8.8229,18.489,-7.59,121.58,38.264,3.797,2.1432
2.6134,10.736,3.7967,-5.5777,-3.6567,8.6046,19.323,-6.4861,125.78,41.929,4.87,2.1898
2.8438,10.765,3.6087,-5.8013,-3.5151,8.3884,20.194,-5.249,129.97,45.683,6.1175,2.2986
3.0807,10.828,3.4494,-6.0389,-3.3972,8.1964,21.128,-3.8854,134.17,49.547,7.5338,2.4669
3.3017,10.956,3.2871,-6.2825,-3.2791,8.0504,22.148,-2.3815,138.39,53.573,9.1231,2.6949
3.5003,11.195,3.0923,-6.5421,-3.1391,7.9762,23.277,-0.71136,142.7,57.821,10.897,2.9902
3.6985,11.598,2.8563,-6.8468,-2.9684,8.0045,24.529,1.1573,147.16,62.336,12.865,3.3675
3.9363,12.216,2.6017,-7.237,-2.7708,8.161,25.896,3.26,151.84,67.122,15.032,3.8452
4.2486,13.072,2.3756,-7.7516,-2.5594,8.4518,27.341,5.633,156.76,72.136,17.393,4.4411
4.6531,14.151,2.2321,-8.4176,-2.3537,8.8569,28.809,8.311,161.98,77.3,19.944,5.1723
5.1545,15.402,2.2138,-9.2504,-2.176,9.3396,30.249,11.33,167.51,82.531,22.688,6.0599
5.7576,16.768,2.3433,-10.264,-2.0457,9.8672,31.641,14.737,173.36,87.775,25.637,7.1367
6.4795,18.214,2.6245,-11.481,-1.9723,10.424,33.0,18.614,179.54,93.017,28.799,8.4548
7.3564,19.739,3.0474,-12.929,-1.9489,11.012,34.378,23.099,186.08,98.274,32.17,10.088
8.4413,21.359,3.5855,-14.621,-1.9505,11.638,35.844,28.378,193.0,103.58,35.712,12.124
9.7888,23.077,4.1903,-16.533,-1.9392,12.306,37.464,34.591,200.33,108.95,39.369,14.644
11.422,24.871,4.7945,-18.594,-1.8747,13.001,39.281,41.675,208.12,114.44,43.084,17.683
13.3,26.694,5.3278,-20.708,-1.7258,13.695,41.304,49.268,216.37,120.06,46.834,21.17
15.315,28.503,5.7361,-22.807,-1.4775,14.361,43.511,56.893,225.11,125.84,50.642,24.92
17.357,30.292,5.9959,-24.88,-1.1322,14.992,45.867,64.245,234.34,131.84,54.577,28.701
19.37,32.116,6.1197,-26.987,-0.70222,15.609,48.346,71.272,244.06,138.11,58.736,32.351
21.359,34.071,6.1482,-29.227,-0.19829,16.264,50.942,78.1,254.28,144.7,63.209,35.831
23.371,36.265,6.1241,-31.703,0.3854,17.024,53.651,84.964,265.03,151.65,68.035,39.196
25.471,38.769,6.0663,-34.465,1.0858,17.966,56.456,92.209,276.36,158.99,73.173,42.54
27.748,41.603,5.9644,-37.475,1.9763,19.176,59.318,100.26,288.33,166.73,78.519,45.959
30.308,44.748,5.796,-40.603,3.1418,20.729,62.185,109.47,301.03,174.87,83.978,49.535
33.243,48.179,5.5534,-43.673,4.6168,22.645,65.02,119.82,314.52,183.37,89.522,53.324
36.576,51.891,5.2568,-46.583,6.3592,24.849,67.811,131.02,328.83,192.18,95.204,57.341
40.25,55.877,4.948,-49.376,8.3164,27.227,70.582,142.71,343.91,201.27,101.13,61.565
44.178,60.09,4.6773,-52.242,10.486,29.705,73.387,154.55,359.63,210.61,107.39,65.957
48.279,64.446,4.4957,-55.457,12.867,32.286,76.287,166.26,375.88,220.23,114.06,70.489
52.512,68.856,4.4482,-59.279,15.365,35.004,79.337,177.71,392.58,230.2,121.13,75.152
56.884,73.257,4.5615,-63.784,17.784,37.885,82.565,189.02,409.77,240.6,128.56,79.971
61.413,77.618,4.8335,-68.736,19.953,40.915,85.961,200.46,427.55,251.53,136.26,84.986
66.033,81.943,5.2338,-73.73,21.847,44.046,89.47,212.31,446.03,263.07,144.17,90.255
70.581,86.267,5.7158,-78.467,23.585,47.216,93.002,224.73,465.22,275.25,152.29,95.843
74.921,90.641,6.2311,-82.865,25.34,50.372,96.456,237.76,484.99,288.03,160.68,101.81
79.038,95.118,6.738,-87.014,27.227,53.49,99.75,251.32,505.11,301.36,169.49,108.22
83.038,99.767,7.2033,-91.093,29.261,56.571,102.84,265.24,525.33,315.11,178.85,115.07
87.103,104.67,7.6022,-95.318,31.419,59.627,105.71,279.32,545.5,329.18,188.87,122.31
91.448,109.89,7.9226,-99.901,33.689,62.652,108.39,293.33,565.49,343.49,199.6,129.85
96.259,115.48,8.1707,-105.0,36.075,65.609,110.9,307.11,585.28,358.03,211.02,137.61
101.59,121.39,8.3695,-110.61,38.565,68.459,113.24,320.59,604.87,372.9,223.02,145.58
107.29,127.51,8.5487,-116.56,41.103,71.213,115.37,333.89,624.34,388.2,235.45,153.86
113.03,133.7,8.7314,-122.58,43.599,73.96,117.28,347.22,643.77,404.02,248.09,162.6
118.51,139.82,8.9261,-128.47,45.983,76.786,118.95,360.74,663.18,420.38,260.77,171.92
123.66,145.76,9.1282,-134.13,48.248,79.679,120.39,374.55,682.45,437.23,273.38,181.9
128.58,151.48,9.3285,-139.6,50.443,82.549,121.65,388.61,701.29,454.43,285.9,192.46
133.47,157.01,9.5216,-144.99,52.648,85.317,122.75,402.82,719.35,471.8,298.37,203.41
138.51,162.42,9.7144,-150.39,54.934,87.966,123.71,416.91,736.33,489.1,310.86,214.46
143.77,167.79,9.9293,-155.85,57.331,90.528,124.56,430.45,752.07,506.11,323.45,225.31
149.21,173.12,10.196,-161.35,59.797,93.045,125.28,442.9,766.58,522.72,336.16,235.76
154.64,178.38,10.535,-166.78,62.231,95.541,125.87,453.89,779.98,538.87,348.97,245.76
159.85,183.45,10.946,-172.0,64.545,98.012,126.28,463.27,792.39,554.57,361.76,255.41
164.64,188.24,11.414,-176.88,66.692,100.43,126.47,471.1,803.88,569.81,374.36,264.9
169.0,192.66,11.913,-181.37,68.652,102.77,126.36,477.55,814.39,584.5,386.59,274.4
172.96,196.69,12.397,-185.49,70.44,104.98,125.88,482.72,823.78,598.49,398.29,283.96
176.66,200.36,12.807,-189.32,72.112,107.06,124.97,486.55,831.83,611.57,409.37,293.45
180.21,203.71,13.079,-192.92,73.734,108.96,123.63,488.86,838.33,623.5,419.84,302.55
183.71,206.81,13.174,-196.38,75.344,110.67,121.91,489.49,843.21,634.1,429.7,310.95
187.19,209.71,13.085,-199.71,76.935,112.15,119.92,488.51,846.45,643.29,438.92,318.44
190.56,212.41,12.842,-202.87,78.464,113.39,117.76,486.19,848.15,651.08,447.39,324.98
193.61,214.83,12.503,-205.76,79.889,114.37,115.49,482.9,848.37,657.56,455.06,330.63
196.18,216.84,12.131,-208.2,81.18,115.07,113.15,478.88,847.15,662.83,461.93,335.51
198.14,218.36,11.775,-210.1,82.317,115.54,110.73,474.18,844.44,666.95,468.06,339.76
199.52,219.38,11.462,-211.43,83.288,115.82,108.2,468.66,840.17,669.97,473.52,343.52
200.35,219.96,11.192,-212.24,84.074,115.94,105.52,462.05,834.21,671.87,478.32,346.88
200.73,220.16,10.949,-212.59,84.647,115.93,102.65,454.13,826.51,672.62,482.4,349.88
200.7,220.01,10.711,-212.54,84.969,115.8,99.595,444.77,817.08,672.16,485.65,352.46
200.27,219.53,10.461,-212.1,85.004,115.55,96.379,434.06,806.02,670.43,487.98,354.48
199.41,218.71,10.199,-211.26,84.727,115.16,93.045,422.19,793.51,667.35,489.3,355.76
198.05,217.52,9.9459,-209.98,84.136,114.63,89.631,409.41,779.7,662.87,489.56,356.2
196.14,215.91,9.7227,-208.22,83.261,113.92,86.158,395.9,764.65,656.93,488.75,355.73
193.68,213.82,9.5373,-205.95,82.155,112.98,82.626,381.76,748.31,649.54,486.85,354.33
190.76,211.19,9.3719,-203.15,80.892,111.73,79.007,367.0,730.5,640.73,483.84,351.97
187.49,207.98,9.1856,-199.85,79.537,110.16,75.264,351.58,711.01,630.5,479.67,348.62
183.99,204.2,8.9244,-196.07,78.13,108.24,71.367,335.42,689.7,618.83,474.22,344.27
180.27,199.93,8.5397,-191.89,76.668,106.0,67.313,318.52,666.56,605.66,467.29,338.96
176.26,195.28,8.0099,-187.35,75.112,103.44,63.117,300.98,641.78,590.94,458.62,332.76
171.91,190.34,7.3484,-182.5,73.409,100.58,58.804,283.05,615.72,574.65,448.02,325.82
167.16,185.13,6.5981,-177.32,71.502,97.417,54.399,265.08,588.84,556.81,435.5,318.3
162.03,179.61,5.8108,-171.76,69.351,93.995,49.921,247.36,561.61,537.52,421.41,310.24
156.53,173.67,5.0259,-165.73,66.951,90.372,45.368,230.04,534.37,516.97,406.42,301.62
150.66,167.21,4.2621,-159.18,64.359,86.623,40.706,213.14,507.27,495.42,391.11,292.3
144.46,160.14,3.5271,-152.15,61.688,82.824,35.866,196.47,480.29,473.16,375.7,282.16
138.01,152.48,2.8331,-144.77,59.035,79.047,30.769,179.82,453.29,450.45,360.04,271.12
131.46,144.48,2.2006,-137.31,56.408,75.349,25.414,162.99,426.11,427.51,343.73,259.21
124.9,136.49,1.6482,-130.06,53.717,71.762,20.007,145.93,398.68,404.52,326.46,246.55
118.34,128.88,1.1866,-123.18,50.839,68.284,15.002,128.71,371.16,381.61,308.14,233.33
111.72,121.82,0.81776,-116.64,47.676,64.881,10.856,111.52,343.9,358.91,289.07,219.8
104.93,115.2,0.537,-110.29,44.2,61.486,7.7135,94.585,317.36,336.61,269.87,206.2
97.891,108.78,0.33516,-103.9,40.461,58.006,5.3869,78.174,291.92,314.87,251.32,192.75
90.628,102.28,0.20097,-97.292,36.582,54.355,3.584,62.598,267.74,293.84,234.03,179.64
83.265,95.56,0.12085,-90.425,32.729,50.49,2.0646,48.103,244.75,273.57,218.23,166.93
76.03,88.703,0.077006,-83.408,29.072,46.436,0.6692,34.725,222.71,254.02,203.69,154.65
69.187,81.859,0.047449,-76.469,25.75,42.272,-0.70146,22.232,201.37,235.08,189.79,142.78
62.957,75.055,0.010527,-69.82,22.817,38.096,-2.1017,10.255,180.57,216.67,175.84,131.37
57.43,68.248,-0.048535,-63.544,20.215,34.002,-3.5434,-1.2464,160.36,198.72,161.35,120.44
52.529,61.512,-0.13467,-57.589,17.808,30.082,-4.9973,-11.542,140.94,181.3,146.37,110.03
48.069,55.065,-0.24629,-51.921,15.453,26.423,-6.4055,-19.817,122.61,164.52,131.58,100.19
43.889,49.118,-0.37963,-46.711,13.047,23.095,-7.7096,-26.31,105.64,148.55,117.88,90.974
39.912,43.787,-0.5341,-42.196,10.567,20.145,-8.8775,-31.891,90.151,133.54,105.89,82.435
36.069,39.088,-0.71408,-38.326,8.161,17.585,-9.9153,-37.05,76.056,119.6,95.667,74.579
32.254,34.982,-0.9272,-34.806,6.1352,15.369,-10.862,-41.801,63.038,106.74,86.834,67.366
28.419,31.354,-1.18,-31.397,4.6603,13.384,-11.779,-45.958,50.581,94.903,78.786,60.716
24.604,27.988,-1.4728,-28.044,3.6391,11.522,-12.732,-49.381,38.27,83.995,70.902,54.527
20.827,24.609,-1.7947,-24.761,2.893,9.7514,-13.778,-52.082,26.624,73.815,62.744,48.7
17.025,21.04,-2.1236,-21.46,2.2868,8.1078,-14.945,-54.177,17.197,64.085,54.371,43.216
13.166,17.333,-2.4299,-17.952,1.7322,6.6427,-16.217,-55.78,10.588,54.699,46.392,38.179
9.4614,13.755,-2.6867,-14.172,1.1702,5.3793,-17.534,-56.93,5.9838,46.038,39.326,33.564
6.3338,10.597,-2.8769,-10.413,0.5689,4.3025,-18.806,-57.599,2.4889,38.499,33.141,29.088
4.033,7.9999,-2.9952,-7.1868,-0.073738,3.3715,-19.945,-57.736,-0.43204,31.915,27.632,24.57
2.4472,5.9425,-3.0424,-4.7879,-0.73582,2.5439,-20.889,-57.329,-3.0728,25.968,22.723,20.171
1.3136,4.3308,-3.0182,-3.1502,-1.3914,1.7938,-21.603,-56.415,-5.5911,20.616,18.389,16.204
0.42526,3.0629,-2.9199,-2.0422,-2.0262,1.1174,-22.08,-55.073,-8.0615,15.99,14.569,12.86
-0.32828,2.0517,-2.7509,-1.2533,-2.6343,0.52246,-22.328,-53.408,-10.51,12.171,11.187,10.153
-0.9929,1.2274,-2.5299,-0.64731,-3.2074,0.012502,-22.374,-51.537,-12.937,9.1114,8.1698,7.9946
-1.5832,0.53294,-2.2971,-0.14734,-3.7267,-0.42355,-22.266,-49.57,-15.336,6.6719,5.4576,6.2701
-2.1025,-0.081272,-2.1099,0.29123,-4.1668,-0.81254,-22.069,-47.573,-17.695,4.6869,2.9895,4.8742
-2.5526,-0.6592,-2.0328,0.69771,-4.5038,-1.1907,-21.851,-45.565,-19.999,3.0066,0.70382,3.7197
-2.938,-1.2356,-2.124,1.092,-4.721,-1.5935,-21.662,-43.533,-22.231,1.5145,-1.4546,2.7369
-3.2648,-1.8305,-2.4163,1.4849,-4.8111,-2.0462,-21.514,-41.475,-24.367,0.12873,-3.5211,1.8713
-3.5366,-2.4465,-2.9087,1.8781,-4.7766,-2.5588,-21.381,-39.433,-26.37,-1.2028,-5.5031,1.0819
-3.7519,-3.072,-3.5659,2.2633,-4.6334,-3.1276,-21.216,-37.492,-28.198,-2.5084,-7.3815,0.33943
-3.9079,-3.6906,-4.3273,2.6251,-4.4115,-3.7396,-20.965,-35.748,-29.809,-3.7964,-9.1227,-0.37445
-4.0104,-4.2894,-5.1244,2.9496,-4.1479,-4.3785,-20.582,-34.265,-31.175,-5.0592,-10.695,-1.0696
-4.0748,-4.8667,-5.9011,3.2344,-3.8738,-5.0281,-20.03,-33.05,-32.281,-6.2794,-12.082,-1.7491
-4.1187,-5.4302,-6.6287,3.4898,-3.6023,-5.6718,-19.279,-32.061,-33.124,-7.4372,-13.285,-2.4129
-4.1515,-5.9885,-7.3077,3.7308,-3.326,-6.2924,-18.311,-31.217,-33.705,-8.5181,-14.328,-3.0608
-4.1719,-6.5435,-7.9563,3.9686,-3.0297,-6.873,-17.128,-30.428,-34.017,-9.5161,-15.249,-3.698
-4.1742,-7.0887,-8.5913,4.207,-2.7078,-7.4033,-15.762,-29.613,-34.05,-10.433,-16.092,-4.3384
-4.1566,-7.6139,-9.2118,4.446,-2.3738,-7.8761,-14.275,-28.72,-33.798,-11.273,-16.9,-5.0031
-4.1254,-8.1095,-9.7913,4.6834,-2.0549,-8.2883,-12.745,-27.731,-33.268,-12.044,-17.699,-5.7145
-4.0937,-8.5762,-10.288,4.9182,-1.7789,-8.6374,-11.247,-26.662,-32.49,-12.75,-18.499,-6.4892
-4.0762,-9.0159,-10.662,5.1507,-1.5657,-8.9208,-9.8364,-25.539,-31.512,-13.401,-19.292,-7.3329
-4.0844,-9.4268,-10.893,5.3795,-1.4245,-9.135,-8.5391,-24.384,-30.39,-14.004,-20.064,-8.2413
-4.1215,-9.7966,-10.976,5.5966,-1.3542,-9.2699,-7.3538,-23.204,-29.173,-14.566,-20.796,-9.2039
-4.1795,-10.099,-10.923,5.7843,-1.3443,-9.3149,-6.2579,-21.991,-27.89,-15.086,-21.474,-10.207
-4.2424,-10.298,-10.751,5.9172,-1.3774,-9.2579,-5.2163,-20.732,-26.549,-15.556,-22.09,-11.239
-4.2924,-10.365,-10.481,5.9718,-1.4332,-9.0967,-4.1945,-19.427,-25.139,-15.96,-22.641,-12.293
-4.3182,-10.291,-10.139,5.9373,-1.4935,-8.84,-3.1732,-18.092,-23.638,-16.289,-23.131,-13.362
-4.321,-10.097,-9.7471,5.8268,-1.5478,-8.5137,-2.1579,-16.76,-22.029,-16.542,-23.573,-14.442
-4.3148,-9.83,-9.3288,5.6758,-1.5957,-8.155,-1.1767,-15.467,-20.308,-16.725,-23.984,-15.528
-4.3208,-9.5439,-8.898,5.5258,-1.6453,-7.7994,-0.26783,-14.237,-18.49,-16.848,-24.384,-16.611
-4.3573,-9.2807,-8.459,5.41,-1.71,-7.4709,0.53747,-13.075,-16.614,-16.914,-24.796,-17.667
-4.4347,-9.0626,-8.008,5.3452,-1.8024,-7.1793,1.2249,-11.962,-14.741,-16.91,-25.229,-18.66
-4.553,-8.8957,-7.5369,5.3333,-1.9309,-6.9257,1.7984,-10.865,-12.944,-16.817,-25.671,-19.548
-4.7037,-8.7767,-7.0408,5.3674,-2.0958,-6.7099,2.2747,-9.7568,-11.285,-16.621,-26.099,-20.295
-4.8726,-8.7003,-6.5231,5.4366,-2.2907,-6.535,2.6754,-8.6216,-9.803,-16.327,-26.486,-20.883
-5.044,-8.6615,-5.9972,5.5279,-2.5029,-6.4062,3.0211,-7.4642,-8.5026,-15.966,-26.81,-21.312
-5.2047,-8.6539,-5.4843,5.6261,-2.7175,-6.3272,3.3287,-6.3044,-7.362,-15.592,-27.058,-21.596
-5.3474,-8.6663,-5.0078,5.7179,-2.9215,-6.2908,3.6114,-5.1635,-6.3446,-15.264,-27.223,-21.75
-5.4699,-8.6804,-4.5863,5.792,-3.1054,-6.2849,3.8789,-4.051,-5.4123,-15.041,-27.299,-21.789
-5.5751,-8.674,-4.2283,5.8424,-3.265,-6.2889,4.1375,-2.9572,-4.5298,-14.963,-27.282,-21.723
-5.6693,-8.6208,-3.9322,5.8693,-3.401,-6.2788,4.3906,-1.8566,-3.6679,-15.044,-27.167,-21.554
-5.7588,-8.5067,-3.688,5.8795,-3.5171,-6.2341,4.639,-0.72051,-2.8046,-15.268,-26.948,-21.276
-5.8471,-8.3371,-3.4869,5.8836,-3.6153,-6.1517,4.8824,0.46709,-1.9274,-15.589,-26.62,-20.878
-5.9316,-8.138,-3.3291,5.8926,-3.6916,-6.0471,5.1213,1.6994,-1.0338,-15.94,-26.181,-20.338
-6.0039,-7.9472,-3.2186,5.9126,-3.7354,-5.9433,5.3571,2.9493,-0.1298,-16.239,-25.624,-19.635
-6.051,-7.797,-3.1582,5.9416,-3.7344,-5.8626,5.5903,4.1794,0.77568,-16.416,-24.95,-18.754
-6.0592,-7.6998,-3.1349,5.9671,-3.6824,-5.8111,5.8187,5.3578,1.6756,-16.418,-24.163,-17.698
-6.018,-7.6414,-3.1206,5.9701,-3.5853,-5.78,6.0377,6.4686,2.5673,-16.22,-23.273,-16.488
-5.9223,-7.588,-3.0827,5.9286,-3.4596,-5.7484,6.2435,7.5062,3.4508,-15.824,-22.293,-15.156
-5.7753,-7.5027,-2.9992,5.8281,-3.3219,-5.6939,6.4343,8.4677,4.3256,-15.248,-21.232,-13.731
-5.5876,-7.3644,-2.8708,5.6696,-3.1811,-5.6032,6.6104,9.3429,5.1872,-14.529,-20.098,-12.242
-5.3755,-7.1754,-2.723,5.471,-3.0346,-5.4784,6.7724,10.112,6.0268,-13.714,-18.889,-10.728
-5.1552,-6.9573,-2.5974,5.2568,-2.8736,-5.3338,6.9179,10.751,6.8336,-12.861,-17.607,-9.2391
-4.9355,-6.7339,-2.5357,5.0464,-2.6883,-5.1867,7.0407,11.241,7.601,-12.025,-16.26,-7.8292
-4.7131,-6.5163,-2.5633,4.8431,-2.4736,-5.0478,7.131,11.577,8.3322,-11.24,-14.863,-6.5369
-4.474,-6.2961,-2.6809,4.6346,-2.2292,-4.9166,7.1794,11.765,9.0409,-10.518,-13.433,-5.3695
-4.1993,-6.0538,-2.8655,4.4002,-1.9606,-4.7837,7.1798,11.82,9.7451,-9.8361,-11.987,-4.3042
-3.8754,-5.7657,-3.0781,4.1233,-1.6789,-4.6359,7.1311,11.764,10.458,-9.1513,-10.539,-3.2991
-3.5023,-5.4191,-3.2756,3.7996,-1.3996,-4.464,7.0368,11.626,11.177,-8.4101,-9.0987,-2.3087
-3.0965,-5.0187,-3.4211,3.441,-1.1417,-4.2631,6.9026,11.434,11.885,-7.5651,-7.6793,-1.2949
-2.6846,-4.5835,-3.4951,3.0699,-0.9216,-4.0361,6.7346,11.217,12.552,-6.5929,-6.2983,-0.23413
-2.2917,-4.1378,-3.4964,2.7078,-0.74482,-3.7906,6.5364,10.993,13.14,-5.5038,-4.977,0.88075
-1.9309,-3.6998,-3.4412,2.3655,-0.60224,-3.5365,6.308,10.769,13.619,-4.3383,-3.7387,2.038
-1.5988,-3.2749,-3.3517,2.0412,-0.47423,-3.2772,6.0452,10.542,13.967,-3.1544,-2.6008,3.205
-1.2798,-2.8563,-3.2444,1.7246,-0.34021,-3.0099,5.7384,10.305,14.176,-2.012,-1.5759,4.3322
-0.95505,-2.4318,-3.125,1.4045,-0.18716,-2.728,5.3767,10.052,14.252,-0.95988,-0.6699,5.3688
-0.61412,-1.9956,-2.9859,1.076,-0.01272,-2.4267,4.9535,9.7916,14.213,-0.029267,0.12074,6.287
-0.26005,-1.5563,-2.8202,0.7446,0.17651,-2.1121,4.4722,9.5395,14.091,0.76749,0.8105,7.099
0.091939,-1.138,-2.6288,0.42616,0.36931,-1.803,3.9466,9.3191,13.918,1.4352,1.4224,7.8535
0.42137,-0.77122,-2.4217,0.13991,0.55509,-1.5246,3.3948,9.1505,13.719,1.9911,1.9806,8.6131
0.71079,-0.47869,-2.2143,-0.099887,0.72576,-1.2987,2.8335,9.0432,13.508,2.458,2.5001,9.4242
0.95107,-0.26425,-2.0246,-0.28921,0.87826,-1.1345,2.2734,8.9946,13.278,2.8564,2.9803,10.291
1.1438,-0.11432,-1.8724,-0.43577,1.0153,-1.0266,1.7184,8.9921,13.017,3.2003,3.4066,11.166
1.2988,-0.0046179,-1.78,-0.55288,1.1455,-0.96224,1.17,9.0188,12.708,3.4954,3.759,11.959
1.4294,0.084966,-1.7725,-0.65304,1.2813,-0.93035,0.63214,9.0576,12.341,3.7422,4.023,12.574
1.5464,0.15962,-1.8757,-0.74095,1.4366,-0.92963,0.11421,9.0961,11.911,3.9409,4.1957,12.949
1.6552,0.2062,-2.1116,-0.8125,1.6225,-0.97101,-0.36967,9.1293,11.421,4.0955,4.2853,13.076
1.7553,0.19968,-2.49,-0.8569,1.8437,-1.0741,-0.80425,9.1594,10.877,4.2138,4.3064,12.994
1.8399,0.11153,-3.0,-0.86116,2.0944,-1.2579,-1.1771,9.1904,10.29,4.3027,4.2743,12.751
1.897,-0.076262,-3.6057,-0.81521,2.3584,-1.5302,-1.4795,9.2216,9.6784,4.3651,4.2025,12.375
1.9129,-0.36256,-4.2509,-0.71648,2.612,-1.8801,-1.7051,9.2426,9.0668,4.4001,4.1018,11.873
1.8787,-0.72682,-4.8709,-0.5721,2.8315,-2.2805,-1.8501,9.2352,8.4817,4.406,3.9801,11.251
1.7969,-1.1375,-5.4129,-0.39667,3.0013,-2.6985,-1.9158,9.1808,7.9429,4.3833,3.8418,10.536
1.6817,-1.5642,-5.8542,-0.20634,3.1195,-3.1073,-1.912,9.0688,7.4586,4.3351,3.6874,9.7765
1.5519,-1.9862,-6.2102,-0.012797,3.1977,-3.4944,-1.8549,8.9015,7.0249,4.2641,3.5156,9.0269
1.4204,-2.395,-6.5258,0.17974,3.2532,-3.8627,-1.7607,8.6917,6.6314,4.1699,3.328,8.3311
1.2899,-2.7911,-6.8496,0.37355,3.299,-4.2252,-1.6405,8.4558,6.2673,4.0483,3.1308,7.7141
1.1542,-3.177,-7.2071,0.57364,3.3392,-4.5947,-1.5006,8.2054,5.9247,3.8937,2.9338,7.1826
1.0048,-3.5511,-7.5895,0.78289,3.3691,-4.9741,-1.3474,7.9407,5.5983,3.7024,2.7457,6.7279
0.83596,-3.9039,-7.9576,0.99888,3.3787,-5.3518,-1.1921,7.6511,5.2841,3.4752,2.57,6.3322
0.64807,-4.2213,-8.2575,1.2141,3.3579,-5.7051,-1.0496,7.3228,4.9782,3.2172,2.4036,5.9778
0.44801,-4.4908,-8.4433,1.4195,3.302,-6.0096,-0.93374,6.9477,4.6774,2.9361,2.24,5.6568
0.24753,-4.7087,-8.4943,1.6081,3.2154,-6.2503,-0.85329,6.5284,4.3797,2.6394,2.0732,5.3776
0.060044,-4.8813,-8.4208,1.7778,3.113,-6.4262,-0.81173,6.0775,4.0849,2.334,1.8999,5.1605
-0.1035,-5.0212,-8.2589,1.9304,3.0157,-6.5486,-0.8106,5.6106,3.7944,2.0264,1.72,5.027
-0.23846,-5.1419,-8.0566,2.0711,2.9435,-6.6336,-0.85135,5.1406,3.5108,1.7218,1.5346,4.9896
-0.34888,-5.2531,-7.8514,2.2073,2.9073,-6.6943,-0.93401,4.6725,3.2357,1.4228,1.3445,5.0455
-0.44719,-5.3589,-7.6569,2.3478,2.9038,-6.7357,-1.0552,4.2035,2.9684,1.1276,1.1496,5.1765
-0.55106,-5.4568,-7.4571,2.5015,2.916,-6.7514,-1.2067,3.7269,2.7048,0.82963,0.94942,5.3538
-0.67894,-5.5411,-7.2217,2.6757,2.9179,-6.7281,-1.3776,3.2373,2.4379,0.52085,0.74293,5.5471
-0.84552,-5.608,-6.9285,2.8741,2.8832,-6.6551,-1.5581,2.735,2.1598,0.19454,0.52918,5.733
-1.0576,-5.659,-6.5763,3.0946,2.793,-6.5331,-1.7441,2.2262,1.8645,-0.15255,0.30767,5.8976
-1.3106,-5.6999,-6.1796,3.3278,2.6426,-6.3743,-1.9378,1.7217,1.5508,-0.5206,0.078861,6.0338
-1.5896,-5.7355,-5.7548,3.5566,2.4392,-6.1955,-2.1448,1.2334,1.2244,-0.90506,-0.15627,6.1373
-1.8754,-5.7672,-5.3122,3.7612,2.1958,-6.01,-2.3692,0.77007,0.89806,-1.2988,-0.39788,6.2033
-2.1548,-5.7941,-4.8569,3.9267,1.9229,-5.8263,-2.6074,0.33639,0.58873,-1.6941,-0.64879,6.2268
-2.4239,-5.8163,-4.3969,4.048,1.6277,-5.6502,-2.8446,-0.064746,0.31304,-2.0857,-0.91449,6.2058
-2.6827,-5.8369,-3.9484,4.1294,1.3191,-5.4889,-3.0553,-0.42892,0.081996,-2.4726,-1.2018,6.142
-2.9262,-5.8614,-3.5371,4.1786,1.0141,-5.3511,-3.2103,-0.74838,-0.10258,-2.859,-1.5171,6.0404
-3.1402,-5.8935,-3.1926,4.2019,0.73936,-5.2451,-3.2879,-1.0123,-0.24861,-3.2531,-1.8644,5.9057
-3.3054,-5.9331,-2.9419,4.2019,0.52416,-5.1748,-3.2834,-1.2058,-0.37111,-3.6644,-2.2433,5.7383
-3.4035,-5.9745,-2.8017,4.1779,0.39334,-5.1373,-3.2139,-1.3192,-0.48725,-4.1014,-2.648,5.5328
-3.4229,-6.0076,-2.7754,4.1283,0.36231,-5.1229,-3.1113,-1.3483,-0.61061,-4.5694,-3.0669,5.2804
-3.3593,-6.0198,-2.8549,4.0508,0.43611,-5.1191,-3.0103,-1.2965,-0.74669,-5.0681,-3.4845,4.974
-3.2148,-6.0009,-3.026,3.9442,0.61067,-5.1157,-2.9333,-1.1732,-0.89144,-5.5906,-3.8841,4.6133
-2.9962,-5.9475,-3.2743,3.8084,0.8751,-5.1096,-2.8826,-0.99124,-1.0339,-6.1242,-4.2521,4.2071
-2.7126,-5.8639,-3.5897,3.6457,1.2153,-5.1057,-2.8406,-0.76148,-1.1615,-6.6539,-4.5811,3.771
-2.375,-5.7602,-3.9677,3.4598,1.616,-5.1147,-2.7771,-0.48786,-1.2644,-7.168,-4.8711,3.3214
-1.9961,-5.6473,-4.3999,3.2556,2.0592,-5.147,-2.6616,-0.16646,-1.3384,-7.6629,-5.1276,2.8689
-1.5914,-5.5312,-4.8661,3.0364,2.5212,-5.2063,-2.4776,0.20952,-1.3838,-8.1463,-5.3569,2.4152
-1.1793,-5.4105,-5.3344,2.8049,2.9715,-5.287,-2.2311,0.64153,-1.4049,-8.6347,-5.5616,1.9529
-0.77928,-5.279,-5.7676,2.5638,3.3795,-5.3767,-1.9514,1.1203,-1.4084,-9.1477,-5.7374,1.4715
-0.40934,-5.1314,-6.1355,2.3189,3.7224,-5.4623,-1.6809,1.6268,-1.4033,-9.6998,-5.8736,0.96573
-0.083909,-4.9694,-6.4238,2.0812,3.9918,-5.535,-1.4603,2.1385,-1.3991,-10.292,-5.9574,0.44117
0.18777,-4.8031,-6.635,1.8653,4.1935,-5.5933,-1.3144,2.6379,-1.4049,-10.91,-5.9778,-0.084594
0.40131,-4.6473,-6.7832,1.6854,4.3414,-5.6397,-1.2437,3.1176,-1.4272,-11.525,-5.9283,-0.58775
0.55583,-4.5137,-6.8849,1.5507,4.4504,-5.6753,-1.2269,3.5786,-1.4686,-12.093,-5.8068,-1.0482
0.6522,-4.4047,-6.9486,1.4632,4.5314,-5.6947,-1.2317,4.0235,-1.528,-12.568,-5.6145,-1.46
0.69332,-4.3126,-6.9685,1.418,4.5921,-5.6844,-1.23,4.4492,-1.6012,-12.912,-5.3533,-1.8362
0.68514,-4.2226,-6.9256,1.4051,4.6382,-5.6272,-1.2079,4.8478,-1.6832,-13.103,-5.027,-2.2032
0.637,-4.1183,-6.8006,1.4115,4.6694,-5.5106,-1.1657,5.2128,-1.7679,-13.141,-4.6455,-2.5908
0.56039,-3.9861,-6.5863,1.4226,4.6759,-5.3315,-1.1093,5.5441,-1.8487,-13.052,-4.2309,-3.0194
0.46759,-3.8169,-6.2917,1.4237,4.6411,-5.0965,-1.0397,5.8554,-1.917,-12.877,-3.8167,-3.4905
0.37076,-3.6078,-5.9322,1.4023,4.5501,-4.8186,-0.94992,6.1654,-1.9621,-12.655,-3.4391,-3.9841
0.2805,-3.3631,-5.5192,1.3522,4.396,-4.5127,-0.82929,6.4869,-1.9736,-12.414,-3.1231,-4.4635
0.20307,-3.0949,-5.0572,1.2756,4.18,-4.1944,-0.67182,6.8188,-1.9442,-12.169,-2.8725,-4.8866
0.13914,-2.8206,-4.5483,1.1816,3.9093,-3.8781,-0.48064,7.1471,-1.8742,-11.925,-2.6698,-5.2203
0.085297,-2.5584,-3.9993,1.0818,3.5949,-3.5762,-0.26845,7.4533,-1.7708,-11.686,-2.4846,-5.4523
0.039227,-2.323,-3.4278,0.98478,3.2541,-3.2982,-0.055588,7.7224,-1.646,-11.459,-2.2866,-5.5942
0.0041084,-2.1223,-2.8647,0.89427,2.9144,-3.051,0.13391,7.9477,-1.512,-11.25,-2.0568,-5.6737
-0.010538,-1.9567,-2.3529,0.80955,2.6122,-2.8406,0.27941,8.1302,-1.3784,-11.059,-1.7939,-5.7229
0.0078654,-1.8214,-1.9428,0.72819,2.3873,-2.6724,0.3727,8.2781,-1.2518,-10.878,-1.5135,-5.765
0.069169,-1.7081,-1.6824,0.6485,2.272,-2.5497,0.42488,8.4081,-1.1366,-10.693,-1.2405,-5.8098
0.17522,-1.6085,-1.6035,0.57088,2.2812,-2.4727,0.46675,8.5452,-1.0367,-10.485,-0.99934,-5.8585
0.31781,-1.515,-1.7092,0.4972,2.4081,-2.4376,0.54027,8.7178,-0.95591,-10.24,-0.80603,-5.9109
0.48005,-1.424,-1.9724,0.42941,2.6269,-2.4382,0.68255,8.9492,-0.89674,-9.9519,-0.66323,-5.9702
0.64041,-1.3361,-2.3471,0.36868,2.9021,-2.4668,0.90835,9.2503,-0.85931,-9.6265,-0.56194,-6.0431
0.77747,-1.2562,-2.7811,0.31531,3.1977,-2.5159,1.2006,9.6154,-0.84166,-9.2768,-0.4886,-6.1358
0.87454,-1.1905,-3.2212,0.27003,3.4837,-2.5774,1.5152,10.027,-0.84188,-8.9185,-0.43279,-6.2499
0.92317,-1.1423,-3.6146,0.23385,3.7358,-2.6436,1.799,10.461,-0.86063,-8.5624,-0.39189,-6.3801
0.92454,-1.1098,-3.9129,0.20753,3.9349,-2.7062,2.0115,10.896,-0.90181,-8.2087,-0.36735,-6.5194
0.88735,-1.086,-4.0763,0.19066,4.0667,-2.7559,2.1387,11.308,-0.97089,-7.8453,-0.35385,-6.6641
0.8225,-1.0613,-4.0798,0.18179,4.1225,-2.7817,2.1941,11.675,-1.0717,-7.4498,-0.33199,-6.8192
0.73702,-1.0268,-3.918,0.17966,4.0985,-2.772,2.2063,11.973,-1.2035,-6.9954,-0.27027,-6.9991
0.63049,-0.97717,-3.603,0.18438,3.9951,-2.7147,2.2054,12.187,-1.3593,-6.4599,-0.13665,-7.2204
0.4961,-0.90914,-3.1566,0.19715,3.8155,-2.5985,2.2137,12.315,-1.5267,-5.8338,0.086657,-7.4918
0.32631,-0.82037,-2.6029,0.2187,3.5659,-2.4156,2.2448,12.377,-1.6911,-5.1236,0.39398,-7.8066
0.12012,-0.70814,-1.9681,0.24725,3.2558,-2.1648,2.3035,12.406,-1.8395,-4.3494,0.75745,-8.1421
-0.1135,-0.56902,-1.2841,0.2795,2.8982,-1.8535,2.3865,12.437,-1.9671,-3.5388,1.1369,-8.4646
-0.35907,-0.40158,-0.58835,0.31065,2.5079,-1.4969,2.4832,12.491,-2.079,-2.7218,1.4928,-8.739
-0.60108,-0.20742,0.087152,0.33636,2.0977,-1.1132,2.579,12.568,-2.1882,-1.9268,1.7983,-8.936
-0.82877,0.010008,0.73136,0.35308,1.6742,-0.71744,2.6601,12.656,-2.3104,-1.1773,2.0425,-9.0375
-1.0371,0.24751,1.361,0.35733,1.2377,-0.31643,2.7187,12.736,-2.4573,-0.48879,2.2318,-9.0425
-1.2249,0.50354,2.0101,0.34541,0.78473,0.092512,2.753,12.79,-2.6322,0.13435,2.3816,-8.9704
-1.3936,0.77809,2.7115,0.31479,0.31138,0.51938,2.7653,12.801,-2.8301,0.6969,2.5067,-8.8582
-1.5469,1.0708,3.4844,0.26658,-0.18444,0.9772,2.7579,12.752,-3.0395,1.2085,2.6156,-8.749
-1.6923,1.3796,4.333,0.20698,-0.7031,1.4783,2.7347,12.628,-3.2472,1.6795,2.7102,-8.6759
-1.8402,1.7011,5.2522,0.14502,-1.2433,2.032,2.7052,12.419,-3.4434,2.1192,2.7898,-8.6501
-1.9992,2.0336,6.2285,0.08982,-1.8007,2.6437,2.6893,12.118,-3.6234,2.5348,2.855,-8.6576
-2.1702,2.3758,7.2322,0.045008,-2.3652,3.3097,2.713,11.723,-3.7865,2.9307,2.909,-8.6667
-2.3435,2.7268,8.2125,0.0067526,-2.9203,4.0173,2.8015,11.244,-3.9322,3.306,2.9565,-8.6417
-2.5016,3.0845,9.1149,-0.034574,-3.4464,4.74,2.9692,10.703,-4.0583,3.6534,3.0015,-8.553
-2.6266,3.4429,9.9169,-0.089305,-3.9265,5.4399,3.2136,10.136,-4.1597,3.9601,3.0447,-8.3823
-2.7087,3.7923,10.639,-0.16315,-4.3526,6.0792,3.5158,9.5829,-4.2309,4.2122,3.0815,-8.1235
-2.7499,4.1216,11.314,-0.25484,-4.7309,6.634,3.8466,9.0762,-4.2682,4.3999,3.1067,-7.7825
-2.7608,4.4239,11.963,-0.35795,-5.0791,7.1024,4.1715,8.6311,-4.2713,4.5214,3.1185,-7.3786
-2.7518,4.7,12.593,-0.4656,-5.413,7.5024,4.454,8.2423,-4.242,4.5842,3.1203,-6.9431
-2.7268,4.9594,13.194,-0.57466,-5.7292,7.8585,4.6598,7.8865,-4.1831,4.6044,3.1196,-6.514
-2.6816,5.2143,13.733,-0.68625,-5.9973,8.186,4.7637,7.5301,-4.099,4.6019,3.124,-6.1285
-2.6086,5.4689,14.157,-0.80404,-6.1712,8.4839,4.7598,7.1382,-3.9948,4.5966,3.1394,-5.8176
-2.5015,5.7146,14.414,-0.92934,-6.2111,8.7377,4.6634,6.686,-3.8762,4.5999,3.1704,-5.6017
-2.3589,5.9325,14.464,-1.0588,-6.0994,8.9296,4.5041,6.1649,-3.7479,4.6139,3.2206,-5.4894
-2.1845,6.1026,14.302,-1.1852,-5.8446,9.0498,4.3124,5.582,-3.6112,4.6339,3.2931,-5.4748
-1.9861,6.2132,13.951,-1.2999,-5.4765,9.1032,4.1088,4.9518,-3.4639,4.6537,3.3854,-5.5372
-1.7755,6.2646,13.468,-1.3965,-5.0398,9.1073,3.8986,4.2874,-3.3023,4.6689,3.4885,-5.6436
-1.5673,6.2642,12.926,-1.4722,-4.5844,9.0823,3.6765,3.597,-3.1231,4.6775,3.5871,-5.7551
-1.3775,6.2212,12.399,-1.5274,-4.1542,9.0407,3.4334,2.8883,-2.9261,4.678,3.6639,-5.8365
-1.2184,6.1428,11.944,-1.5654,-3.7755,8.9806,3.1648,2.1772,-2.7152,4.6667,3.7051,-5.8655
-1.0948,6.0356,11.588,-1.5905,-3.4515,8.8865,2.8754,1.4925,-2.4971,4.6366,3.7047,-5.8374
-1.0045,5.9044,11.326,-1.6077,-3.1653,8.7391,2.5786,0.87277,-2.28,4.5782,3.6668,-5.7629
-0.94295,5.7556,11.126,-1.6197,-2.8942,8.5315,2.2939,0.35371,-2.0719,4.4826,3.6013,-5.6612
-0.90893,5.5958,10.946,-1.6257,-2.6285,8.2756,2.0369,-0.048074,-1.8788,4.3448,3.5171,-5.5522
-0.90662,5.4322,10.757,-1.6218,-2.3808,8.0036,1.8113,-0.34637,-1.7043,4.1647,3.4154,-5.4514
-0.94154,5.2729,10.566,-1.6032,-2.179,7.7581,1.605,-0.58346,-1.5502,3.9463,3.2879,-5.3679
-1.0152,5.1268,10.409,-1.5668,-2.0488,7.5775,1.3965,-0.81401,-1.417,3.6965,3.1238,-5.3039
-1.1227,5.0009,10.328,-1.5136,-1.9999,7.4834,1.1655,-1.0825,-1.3054,3.4226,2.9162,-5.2563
-1.253,4.8973,10.339,-1.4482,-2.0238,7.4738,0.90193,-1.4067,-1.2174,3.1312,2.6663,-5.2195
-1.3926,4.811,10.424,-1.3771,-2.0973,7.524,0.61074,-1.7749,-1.1568,2.8266,2.3829,-5.1877
-1.5277,4.7313,10.541,-1.3063,-2.1915,7.5949,0.31044,-2.1531,-1.1273,2.5097,2.078,-5.1556
-1.6469,4.6492,10.648,-1.2409,-2.28,7.6487,0.028713,-2.4963,-1.129,2.1797,1.762,-5.1174
-1.7402,4.5667,10.718,-1.1871,-2.3464,7.6662,-0.20679,-2.759,-1.1552,1.8374,1.4401,-5.066
-1.7987,4.5019,10.75,-1.1536,-2.3849,7.6569,-0.37611,-2.9044,-1.1922,1.4903,1.1115,-4.9925
-1.8156,4.4828,10.758,-1.15,-2.3979,7.653,-0.47278,-2.9134,-1.2235,1.1513,0.7716,-4.8905
-1.789,4.5344,10.763,-1.1835,-2.3912,7.6916,-0.50471,-2.79,-1.2352,0.83426,0.41811,-4.7586
-1.7254,4.6685,10.786,-1.2553,-2.372,7.7989,-0.49025,-2.5597,-1.2212,0.5481,0.055863,-4.6032
-1.6383,4.8805,10.839,-1.359,-2.348,7.9839,-0.45253,-2.2608,-1.1845,0.29405,-0.30225,-4.4359
-1.5422,5.1526,10.925,-1.4833,-2.3248,8.2383,-0.41433,-1.9347,-1.136,0.066019,-0.63968,-4.2712
-1.4457,5.4576,11.036,-1.6152,-2.3041,8.5392,-0.39626,-1.619,-1.0919,-0.146,-0.9438,-4.1233
-1.3494,5.7637,11.159,-1.7432,-2.2822,8.8535,-0.41715,-1.3462,-1.0699,-0.35196,-1.2133,-4.0049
-1.2497,6.0392,11.283,-1.8592,-2.2541,9.1463,-0.4935,-1.1437,-1.0856,-0.55818,-1.4612,-3.9256
-1.1462,6.2598,11.412,-1.958,-2.2199,9.3925,-0.63547,-1.0296,-1.148,-0.76466,-1.7107,-3.8895
-1.0477,6.4151,11.558,-2.0355,-2.1906,9.5854,-0.84013,-1.0047,-1.2554,-0.9635,-1.985,-3.8929
-0.972,6.5102,11.742,-2.0877,-2.1887,9.7383,-1.0864,-1.0469,-1.3944,-1.139,-2.2954,-3.9223
-0.94146,6.5594,11.981,-2.1107,-2.2405,9.8748,-1.3367,-1.1142,-1.543,-1.2702,-2.6368,-3.9567
-0.97424,6.5775,12.276,-2.102,-2.365,10.015,-1.5455,-1.1589,-1.6777,-1.3365,-2.9907,-3.9744
-1.0769,6.5736,12.609,-2.0617,-2.5639,10.163,-1.6726,-1.1461,-1.7814,-1.3247,-3.3353,-3.9599
-1.2414,6.5508,12.941,-1.9932,-2.8186,10.307,-1.6948,-1.0688,-1.8475,-1.2346,-3.6549,-3.9088
-1.4477,6.5084,13.231,-1.9029,-3.0964,10.426,-1.6107,-0.95083,-1.8806,-1.0796,-3.9429,-3.825
-1.6725,6.4447,13.45,-1.7973,-3.3628,10.499,-1.4391,-0.83798,-1.8939,-0.88323,-4.1989,-3.7154
-1.8986,6.3582,13.59,-1.6815,-3.595,10.513,-1.2144,-0.78258,-1.9052,-0.67289,-4.4208,-3.5827
-2.1197,6.2473,13.663,-1.5575,-3.7898,10.472,-0.97845,-0.82786,-1.934,-0.4749,-4.5978,-3.4235
-2.3386,6.1097,13.694,-1.4247,-3.9605,10.387,-0.77494,-0.99791,-1.9982,-0.30993,-4.7104,-3.2295
-2.5597,5.9424,13.708,-1.2824,-4.125,10.27,-0.64001,-1.2946,-2.1101,-0.18929,-4.7356,-2.9928
-2.7801,5.7447,13.723,-1.1338,-4.2918,10.13,-0.59184,-1.7002,-2.272,-0.11245,-4.6572,-2.7121
-2.9849,5.5232,13.735,-0.9892,-4.451,9.9675,-0.62318,-2.1834,-2.4732,-0.067543,-4.4737,-2.3942
-3.1472,5.2958,13.722,-0.8652,-4.5739,9.7805,-0.70118,-2.7069,-2.6895,-0.0356,-4.1991,-2.0519
-3.2354,5.0908,13.653,-0.78029,-4.6228,9.5715,-0.77422,-3.2363,-2.8867,0.0031848,-3.857,-1.6977
-3.2249,4.9434,13.501,-0.74956,-4.567,9.3583,-0.78399,-3.7469,-3.0263,0.064786,-3.471,-1.3383
-3.1082,4.8923,13.266,-0.78254,-4.4016,9.183,-0.67863,-4.2284,-3.072,0.1606,-3.0573,-0.97244
-2.8984,4.9815,12.981,-0.88501,-4.1539,9.1135,-0.42412,-4.6838,-2.9973,0.30013,-2.6216,-0.59155
-2.6216,5.2633,12.713,-1.0627,-3.8766,9.2322,-0.011256,-5.1247,-2.7905,0.49409,-2.1598,-0.18471
-2.306,5.8001,12.523,-1.325,-3.6264,9.6134,0.5442,-5.5661,-2.4577,0.75466,-1.6607,0.25631
-1.9715,6.6652,12.43,-1.688,-3.4445,10.298,1.2089,-6.0232,-2.0206,1.0927,-1.1102,0.73417
-1.6254,7.9378,12.378,-2.1772,-3.3461,11.279,1.9436,-6.511,-1.5096,1.514,-0.49389,1.2469
-1.264,9.6882,12.255,-2.8306,-3.3248,12.521,2.7142,-7.0408,-0.95574,2.0174,0.20245,1.7914
-0.88,11.947,11.967,-3.7023,-3.3678,14.014,3.5002,-7.6143,-0.38178,2.5972,0.99084,2.3674
-0.47027,14.681,11.717,-4.8659,-3.4737,15.832,4.2993,-8.2166,0.20546,3.2488,1.8783,2.9801
-0.040503,17.805,12.285,-6.4137,-3.6603,18.114,5.1287,-8.8108,0.81218,3.9765,2.8629,3.6407
0.39728,21.243,14.413,-8.439,-3.9595,20.975,6.0193,-9.3483,1.4592,4.7976,3.9305,4.3627
0.83033,24.977,18.019,-10.979,-4.4028,24.434,7.007,-9.776,2.1773,5.7424,5.0539,5.1557
1.2501,29.04,22.547,-13.939,-5.008,28.391,8.1254,-10.048,3.0012,6.8482,6.1941,6.0193
1.6536,33.435,27.408,-17.094,-5.7732,32.642,9.3973,-10.135,3.9617,8.1493,7.3082,6.9424
2.0431,38.056,32.097,-20.215,-6.6779,36.952,10.823,-10.035,5.0787,9.6662,8.362,7.9092
2.4254,42.725,36.314,-23.176,-7.688,41.134,12.363,-9.7737,6.3545,11.393,9.3465,8.9121
2.813,47.291,40.024,-25.953,-8.7609,45.105,13.92,-9.3991,7.7696,13.294,10.283,9.9544
3.2248,51.697,43.375,-28.573,-9.8508,48.885,15.345,-8.9732,9.2836,15.297,11.221,11.054
3.6868,55.974,46.593,-31.079,-10.914,52.552,16.473,-8.5579,10.841,17.315,12.217,12.24
4.2308,60.196,49.92,-33.523,-11.915,56.195,17.19,-8.2038,12.379,19.274,13.325,13.539
4.8957,64.421,53.551,-35.956,-12.831,59.86,17.478,-7.943,13.839,21.139,14.578,14.965
5.7311,68.645,57.544,-38.414,-13.656,63.524,17.416,-7.7869,15.177,22.919,15.991,16.51
6.8046,72.771,61.705,-40.902,-14.392,67.093,17.131,-7.7256,16.368,24.647,17.564,18.147
8.2006,76.649,65.559,-43.383,-15.039,70.459,16.717,-7.7309,17.409,26.353,19.284,19.842
9.9869,80.156,68.623,-45.785,-15.573,73.561,16.188,-7.7635,18.319,28.045,21.126,21.569
12.133,83.274,70.822,-48.038,-15.94,76.384,15.489,-7.7853,19.123,29.698,23.049,23.319
14.453,86.089,72.452,-50.114,-16.082,78.926,14.517,-7.7719,19.844,31.265,24.988,25.093
16.694,88.741,73.852,-52.037,-15.974,81.191,13.153,-7.7196,20.49,32.681,26.858,26.892
18.709,91.323,75.25,-53.87,-15.645,83.192,11.291,-7.6456,21.049,33.879,28.558,28.698
20.505,93.719,76.665,-55.712,-15.16,84.818,8.9056,-7.5812,21.486,34.787,29.998,30.477
22.172,95.614,77.788,-57.702,-14.579,85.454,6.0963,-7.5655,21.753,35.35,31.116,32.172
23.805,96.918,78.094,-59.986,-13.918,84.479,3.0727,-7.6286,21.794,35.528,31.893,33.721
25.485,97.896,77.138,-62.582,-13.12,82.404,0.092092,-7.7866,21.556,35.316,32.357,35.073
27.272,98.732,74.697,-65.279,-12.048,79.959,-2.6169,-8.0377,21.014,34.733,32.562,36.201
29.208,99.229,70.766,-67.678,-10.474,77.401,-4.926,-8.3644,20.181,33.816,32.565,37.116
31.31,98.849,65.576,-69.33,-8.2027,74.674,-6.8608,-8.7393,19.112,32.608,32.406,37.864
33.585,96.941,59.599,-69.846,-5.271,71.626,-8.5886,-9.1332,17.883,31.158,32.089,38.485
36.021,93.019,53.362,-68.958,-1.9796,68.075,-10.299,-9.5202,16.572,29.521,31.586,38.985
38.552,87.091,47.133,-66.558,1.2832,63.851,-12.054,-9.8868,15.246,27.758,30.845,39.312
40.969,79.797,40.83,-62.708,4.1755,58.848,-13.755,-10.224,13.942,25.919,29.82,39.374
42.85,72.079,34.193,-57.66,6.4636,53.081,-15.252,-10.532,12.667,24.027,28.481,39.063
43.622,64.599,27.03,-51.94,8.0838,46.667,-16.452,-10.818,11.4,22.066,26.822,38.27
42.833,57.55,19.541,-46.347,9.1357,39.802,-17.346,-11.098,10.107,19.996,24.862,36.893
40.578,50.895,12.374,-41.55,9.7786,32.775,-17.979,-11.395,8.7534,17.776,22.633,34.873
37.589,44.645,6.144,-37.636,10.146,26.043,-18.404,-11.744,7.3137,15.395,20.183,32.265
34.573,38.969,1.1689,-34.297,10.336,20.207,-18.665,-12.187,5.7769,12.885,17.573,29.276
31.71,34.087,-2.1991,-31.235,10.408,15.795,-18.793,-12.763,4.1424,10.315,14.869,26.176
28.86,30.05,-2.8012,-28.273,10.368,12.938,-18.807,-13.491,2.4214,7.7682,12.14,23.115
25.863,26.528,-0.9287,-25.251,10.187,11.024,-18.727,-14.358,0.63152,5.313,9.447,20.048
22.638,22.77,-0.26449,-21.951,9.8321,8.6863,-18.568,-15.318,-1.2049,2.9895,6.8418,16.84
19.186,18.074,-0.76024,-18.134,9.3127,5.5935,-18.342,-16.311,-3.0649,0.80573,4.3578,13.427
15.578,12.701,-1.4686,-13.766,8.6754,2.8207,-18.06,-17.275,-4.9293,-1.256,2.0112,9.9056
11.937,7.6935,-2.1992,-9.2412,7.9706,0.70496,-17.735,-18.167,-6.7861,-3.2263,-0.19827,6.5154
8.4357,3.617,-2.9519,-5.1828,7.2297,-0.98104,-17.382,-18.97,-8.6315,-5.1408,-2.2838,3.5019
5.292,0.36208,-3.7276,-1.9433,6.4761,-2.4569,-17.018,-19.689,-10.467,-7.0353,-4.2682,0.96848
2.7301,-2.3551,-4.5113,0.51865,5.7479,-3.841,-16.659,-20.348,-12.294,-8.942,-6.1797,-1.142
0.85871,-4.7325,-5.2857,2.4112,5.1033,-5.1815,-16.314,-20.979,-14.117,-10.889,-8.0449,-2.9623
-0.42033,-6.854,-6.0454,3.9273,4.594,-6.4874,-15.986,-21.605,-15.938,-12.896,-9.8838,-4.6233
-1.3265,-8.7389,-6.8002,5.2009,4.2344,-7.7534,-15.675,-22.239,-17.763,-14.975,-11.707,-6.2223
-2.0506,-10.409,-7.5645,6.3284,4.0013,-8.9793,-15.385,-22.871,-19.595,-17.12,-13.517,-7.8192
-2.6979,-11.927,-8.3395,7.3901,3.856,-10.179,-15.117,-23.479,-21.424,-19.296,-15.312,-9.4352
-3.3106,-13.387,-9.1032,8.4485,3.7576,-11.375,-14.874,-24.029,-23.222,-21.436,-17.087,-11.047
-3.9014,-14.859,-9.8126,9.5333,3.6677,-12.577,-14.649,-24.486,-24.933,-23.448,-18.831,-12.591
-4.4721,-16.352,-10.418,10.637,3.5545,-13.767,-14.432,-24.818,-26.493,-25.236,-20.527,-13.983
-5.0172,-17.823,-10.883,11.727,3.4011,-14.902,-14.203,-25.006,-27.845,-26.719,-22.148,-15.153
-5.522,-19.207,-11.198,12.762,3.211,-15.934,-13.94,-25.039,-28.959,-27.858,-23.668,-16.071
-5.9656,-20.454,-11.384,13.704,3.0077,-16.833,-13.615,-24.924,-29.834,-28.659,-25.062,-16.746
-6.3281,-21.544,-11.491,14.524,2.8248,-17.6,-13.207,-24.68,-30.492,-29.169,-26.318,-17.215
-6.5995,-22.487,-11.577,15.208,2.6925,-18.261,-12.713,-24.345,-30.97,-29.466,-27.434,-17.526
-6.7848,-23.302,-11.692,15.752,2.6261,-18.848,-12.157,-23.97,-31.313,-29.642,-28.424,-17.726
-6.9028,-23.999,-11.858,16.163,2.6203,-19.381,-11.586,-23.609,-31.566,-29.777,-29.312,-17.861
-6.981,-24.574,-12.063,16.459,2.6525,-19.853,-11.058,-23.306,-31.773,-29.934,-30.131,-17.973
-7.0461,-25.012,-12.272,16.659,2.693,-20.247,-10.628,-23.085,-31.983,-30.151,-30.917,-18.1
-7.1147,-25.305,-12.445,16.785,2.7183,-20.548,-10.329,-22.947,-32.234,-30.444,-31.7,-18.267
-7.1868,-25.458,-12.568,16.854,2.721,-20.763,-10.173,-22.875,-32.553,-30.811,-32.5,-18.483
-7.2467,-25.496,-12.657,16.875,2.7126,-20.914,-10.146,-22.84,-32.943,-31.236,-33.323,-18.74
-7.2711,-25.461,-12.748,16.861,2.7183,-21.036,-10.224,-22.815,-33.384,-31.69,-34.16,-19.011
-7.2422,-25.401,-12.88,16.83,2.7652,-21.159,-10.378,-22.775,-33.838,-32.136,-34.995,-19.266
-7.1584,-25.364,-13.076,16.805,2.8698,-21.31,-10.586,-22.702,-34.258,-32.533,-35.802,-19.479
-7.0346,-25.381,-13.335,16.808,3.0313,-21.497,-10.837,-22.587,-34.604,-32.847,-36.55,-19.637
-6.8928,-25.451,-13.63,16.843,3.2307,-21.718,-11.125,-22.427,-34.853,-33.055,-37.199,-19.745
-6.7497,-25.546,-13.926,16.89,3.4387,-21.958,-11.457,-22.23,-34.997,-33.15,-37.701,-19.814
-6.6077,-25.615,-14.195,16.907,3.6265,-22.199,-11.841,-22.006,-35.041,-33.144,-38.014,-19.845
-6.4528,-25.603,-14.43,16.842,3.7773,-22.427,-12.291,-21.767,-34.994,-33.059,-38.112,-19.821
-6.2603,-25.455,-14.641,16.642,3.8906,-22.624,-12.816,-21.524,-34.861,-32.916,-38.001,-19.714
-6.0071,-25.11,-14.825,16.267,3.9767,-22.747,-13.41,-21.286,-34.642,-32.727,-37.718,-19.499
-5.6878,-24.481,-14.924,15.686,4.0397,-22.689,-14.046,-21.059,-34.324,-32.477,-37.316,-19.172
-5.3258,-23.428,-14.793,14.88,4.0565,-22.239,-14.664,-20.837,-33.865,-32.109,-36.834,-18.761
-4.9682,-21.766,-14.219,13.84,3.9883,-21.081,-15.168,-20.598,-33.168,-31.494,-36.264,-18.301
-4.6653,-19.413,-13.152,12.575,3.8444,-18.984,-15.425,-20.274,-32.037,-30.4,-35.524,-17.804
-4.4475,-16.98,-13.74,11.158,3.6648,-17.204,-15.286,-19.733,-30.143,-28.477,-34.432,-17.2
-4.3108,-17.708,-18.089,9.8379,3.5055,-21.572,-14.589,-18.756,-27.013,-25.328,-32.717,-16.31
-4.2115,-24.591,-18.675,9.2826,5.1126,-24.356,-13.198,-17.016,-22.268,-21.045,-30.062,-14.845
-4.0629,-27.029,-19.631,11.165,6.9346,-24.771,-11.202,-14.148,-17.118,-20.096,-26.375,-12.619
-3.7367,-27.057,-20.953,16.199,8.0592,-25.048,-10.29,-11.221,-27.429,-38.172,-26.567,-11.223
-3.0833,-26.019,-21.875,18.261,9.2266,-24.615,-19.889,-20.743,-48.413,-40.476,-31.364,-26.345
-2.0039,-23.153,-20.806,16.803,10.111,-22.365,-27.227,-21.808,-48.02,-39.52,-31.413,-29.696
-1.8525,-17.119,-15.272,13.166,8.038,-16.566,-26.747,-22.418,-46.385,-36.842,-31.436,-29.288
-6.6461,-6.2424,-2.435,7.3686,1.124,-5.0067,-24.862,-22.469,-42.09,-30.11,-30.606,-28.126
-9.3695,10.902,18.915,-0.73871,-11.093,14.775,-20.865,-20.699,-32.558,-16.666,-27.62,-25.123
-13.146,34.385,48.167,-11.101,-27.865,43.817,-13.984,-14.733,-14.284,6.5746,-20.277,-18.614
-16.31,62.217,81.666,-23.426,-46.838,77.079,-1.2141,-0.069648,17.158,43.113,-4.0942,-6.3123
-17.026,92.176,114.81,-37.256,-64.517,109.5,19.113,29.569,67.245,96.508,30.734,15.219
-13.418,121.68,141.92,-52.285,-76.802,136.84,46.104,79.858,142.28,169.8,96.036,50.236
-3.0991,148.46,157.4,-68.743,-79.745,155.5,79.718,154.41,247.73,266.99,181.34,101.31
16.458,171.84,157.31,-87.904,-70.317,164.42,119.92,253.02,385.47,395.11,285.31,172.09
47.203,187.43,139.97,-110.9,-46.77,162.61,163.34,368.9,551.05,556.36,418.15,268.56
90.177,197.94,106.31,-138.12,-8.887,150.45,202.08,487.75,731.83,748.76,582.9,393.48
145.58,207.57,59.549,-171.69,41.869,131.5,225.03,589.09,907.38,968.22,781.53,547.93
212.66,219.26,4.2961,-213.09,102.71,109.63,218.45,650.38,1052.7,1206.8,1013.6,731.22
289.6,236.45,-54.94,-262.07,170.28,88.275,170.48,652.96,1144.0,1452.8,1274.7,939.82
373.35,259.34,-115.49,-316.34,241.87,70.026,76.423,587.63,1164.8,1691.5,1554.5,1166.3
459.32,281.92,-178.41,-370.74,316.21,50.581,-57.874,458.97,1109.9,1906.8,1836.2,1398.0
541.71,292.86,-249.14,-417.22,393.37,20.982,-215.86,285.87,986.98,2082.5,2096.3,1616.8
614.45,278.89,-335.01,-446.38,473.66,-29.054,-373.84,96.439,814.28,2203.6,2307.1,1800.4
671.9,230.01,-440.39,-450.43,556.03,-106.55,-507.4,-81.238,615.05,2257.0,2440.4,1925.3
709.2,144.43,-562.29,-425.95,636.36,-210.72,-598.61,-227.86,408.44,2231.3,2473.5,1972.0
722.47,30.112,-689.01,-375.05,706.83,-331.56,-640.93,-337.45,202.4,2116.0,2392.5,1928.6
709.28,-98.166,-803.57,-303.98,757.77,-453.22,-639.58,-416.84,-6.9235,1902.8,2194.6,1792.7
669.08,-225.15,-890.37,-220.19,781.13,-560.33,-607.64,-480.61,-228.79,1588.3,1887.9,1571.0
603.6,-340.51,-940.66,-129.78,773.41,-643.36,-560.26,-541.69,-468.36,1178.0,1489.6,1278.0
516.99,-440.11,-954.16,-36.916,736.54,-700.05,-510.15,-604.83,-721.06,690.56,1025.5,934.32
415.81,-523.48,-936.83,54.978,676.75,-733.09,-465.57,-669.15,-973.86,159.0,529.82,566.59
308.59,-590.35,-897.05,141.72,602.57,-746.48,-430.73,-731.64,-1208.7,-370.33,43.928,206.16
204.81,-638.81,-842.54,217.98,522.72,-743.09,-407.72,-788.54,-1406.0,-844.66,-387.95,-114.45
113.1,-665.58,-778.77,277.96,444.34,-724.07,-398.05,-836.14,-1549.2,-1216.4,-727.83,-368.44
39.27,-667.75,-708.47,316.61,371.78,-689.44,-398.91,-870.74,-1630.0,-1456.3,-953.97,-541.67
-14.942,-644.64,-632.35,332.12,306.36,-639.3,-403.37,-889.29,-1650.1,-1561.8,-1066.6,-636.07
-51.481,-598.92,-550.83,327.06,247.27,-575.21,-406.07,-889.94,-1618.9,-1555.3,-1085.7,-666.93
-74.348,-536.51,-465.66,307.05,192.96,-500.98,-403.3,-871.36,-1549.4,-1474.3,-1042.4,-655.85
-88.305,-465.33,-380.25,278.7,142.79,-422.34,-391.05,-832.75,-1454.5,-1357.1,-967.32,-623.15
-97.738,-393.53,-299.04,247.88,97.218,-345.63,-367.08,-774.67,-1344.2,-1232.2,-883.68,-582.61
-105.1,-327.86,-226.51,218.72,57.256,-276.58,-332.24,-699.9,-1224.9,-1114.7,-804.2,-539.8
-110.8,-272.7,-165.82,193.61,24.708,-219.12,-289.59,-613.31,-1100.4,-1008.2,-731.74,-497.32
-114.07,-229.37,-118.37,173.06,0.018806,-174.4,-242.9,-520.67,-974.11,-910.02,-663.77,-455.24
-113.53,-195.4,-83.766,155.1,-16.96,-140.77,-195.62,-427.43,-848.46,-812.83,-595.83,-411.24
-107.54,-165.95,-60.343,136.23,-25.769,-114.73,-150.47,-338.44,-724.99,-713.61,-527.33,-363.89
-95.45,-138.35,-45.488,116.05,-27.785,-93.566,-109.35,-257.59,-606.91,-616.08,-459.16,-314.31
-79.788,-113.07,-36.364,95.507,-25.013,-76.382,-73.36,-186.76,-498.25,-520.4,-391.15,-265.78
-63.635,-90.207,-31.012,75.164,-19.617,-62.229,-43.287,-126.55,-401.64,-429.95,-326.37,-220.92
-48.602,-70.525,-27.762,57.043,-13.839,-50.345,-20.236,-80.072,-318.69,-351.25,-270.18,-182.69
-36.112,-55.742,-24.681,43.495,-9.4752,-40.551,-4.0081,-46.316,-248.7,-288.33,-225.69,-153.38
-27.474,-45.318,-20.155,34.531,-7.4368,-32.774,7.0345,-22.52,-193.3,-241.26,-192.72,-132.39
-23.296,-37.443,-13.86,29.034,-8.2731,-26.453,14.009,-7.104,-154.18,-206.68,-168.9,-117.8
-22.958,-30.909,-6.8579,25.96,-9.549,-20.581,17.412,1.2051,-126.21,-180.21,-151.11,-107.44
-24.895,-25.404,-0.42341,24.378,-10.791,-14.981,17.574,3.8344,-104.52,-158.77,-136.54,-99.348
-27.26,-20.927,1.7115,23.377,-11.686,-10.423,14.134,2.4967,-87.244,-141.03,-123.35,-92.258
-28.07,-17.368,0.86341,22.111,-11.863,-7.3504,3.7741,-0.84122,-74.105,-126.42,-110.74,-85.544
-24.022,-14.567,1.1001,19.695,-11.391,-5.7237,1.972,-3.1547,-64.434,-114.38,-98.759,-78.84
-15.788,-11.737,1.6091,15.294,-10.677,-4.7852,3.3664,1.9237,-56.255,-104.07,-87.775,-71.703
-11.466,-8.3928,2.0099,10.903,-10.041,-3.7139,4.2099,6.334,-46.531,-94.577,-77.971,-64.207
-9.6168,-5.982,2.3475,8.0519,-9.5782,-2.7078,4.4782,9.4945,-33.269,-85.17,-69.127,-57.119
-8.5399,-4.4372,2.736,6.3112,-9.2876,-1.8793,4.373,11.772,-19.491,-75.377,-61.104,-50.521
-7.8219,-3.3794,3.2159,5.188,-9.1649,-1.2025,4.0922,13.502,-9.6691,-65.03,-53.715,-44.188
-7.3116,-2.6072,3.7397,4.3948,-9.1968,-0.64682,3.7794,14.967,-3.4444,-54.546,-46.653,-38.064
-6.8941,-2.0209,4.2046,3.7762,-9.3038,-0.20164,3.5103,16.366,0.86658,-44.831,-39.866,-32.255
-6.463,-1.5688,4.4921,3.2516,-9.3222,0.12781,3.3127,17.811,4.3075,-36.564,-33.632,-26.895
-5.9431,-1.2219,4.5083,2.7877,-9.0769,0.33195,3.1961,19.33,7.4031,-29.672,-28.244,-21.985
-5.3283,-0.96392,4.2129,2.3809,-8.5051,0.40786,3.1665,20.902,10.413,-23.824,-23.729,-17.427
-4.6792,-0.78689,3.6318,2.0405,-7.7075,0.36523,3.2239,22.483,13.476,-18.881,-19.927,-13.261
-4.0714,-0.68849,2.8483,1.7758,-6.8591,0.2246,3.3574,24.033,16.696,-14.801,-16.671,-9.6641
-3.5532,-0.66814,1.9698,1.5888,-6.0885,0.010873,3.5466,25.521,20.17,-11.489,-13.844,-6.7448
-3.1397,-0.72232,1.092,1.4727,-5.448,-0.25273,3.767,26.932,23.989,-8.7973,-11.369,-4.4578
-2.8239,-0.84204,0.2783,1.4134,-4.9412,-0.54811,3.9929,28.271,28.221,-6.5702,-9.1821,-2.6779
-2.5843,-1.0131,-0.44659,1.3927,-4.5431,-0.86342,4.2018,29.56,32.882,-4.68,-7.2345,-1.2756
-2.3899,-1.2177,-1.0839,1.3925,-4.209,-1.1919,4.3783,30.842,37.909,-3.0312,-5.4898,-0.14685
-2.2064,-1.4364,-1.6412,1.3963,-3.8858,-1.5279,4.5164,32.16,43.143,-1.5536,-3.9229,0.78574
-2.0062,-1.6492,-2.1495,1.3913,-3.5319,-1.8632,4.62,33.553,48.362,-0.19021,-2.5153,1.5793
-1.7761,-1.8381,-2.6699,1.3679,-3.1321,-2.1866,4.7035,35.037,53.39,1.1129,-1.2517,2.2763
-1.5172,-1.9887,-3.2469,1.3203,-2.6965,-2.4865,4.7896,36.608,58.179,2.4113,-0.11811,2.9049
-1.2396,-2.0934,-3.88,1.2467,-2.2461,-2.7538,4.9004,38.263,62.801,3.7603,0.89576,3.4769
-0.95655,-2.1538,-4.5383,1.1501,-1.8,-2.9834,5.0464,40.009,67.354,5.2068,1.7951,3.9858
-0.67999,-2.1809,-5.1831,1.0374,-1.3717,-3.1765,5.2187,41.87,71.884,6.7815,2.5806,4.412
-0.41763,-2.1896,-5.7823,0.91669,-0.9698,-3.3388,5.3919,43.877,76.364,8.4974,3.2539,4.7347
-0.17136,-2.1927,-6.3171,0.79437,-0.59901,-3.477,5.5358,46.048,80.727,10.357,3.8243,4.9483
0.063236,-2.1961,-6.7844,0.673,-0.25771,-3.5958,5.6307,48.379,84.925,12.366,4.3132,5.0733
0.29558,-2.1986,-7.1961,0.55115,0.063343,-3.6976,5.6754,50.839,88.947,14.544,4.7521,5.1549
0.53682,-2.1939,-7.5771,0.42488,0.37872,-3.7841,5.6856,53.382,92.81,16.927,5.1783,5.2511
0.79577,-2.1726,-7.9578,0.28946,0.7016,-3.856,5.6859,55.968,96.536,19.556,5.6281,5.4184
1.076,-2.1234,-8.3609,0.14079,1.0367,-3.9123,5.7021,58.569,100.14,22.462,6.1314,5.7019
1.3757,-2.0347,-8.7869,-0.023947,1.3782,-3.9478,5.7561,61.168,103.62,25.654,6.7071,6.1322
1.69,-1.8967,-9.2089,-0.20603,1.7125,-3.9537,5.8638,63.755,106.98,29.114,7.3631,6.7252
2.014,-1.7044,-9.5856,-0.40516,2.0236,-3.9204,6.0335,66.327,110.23,32.801,8.099,7.4812
2.3463,-1.4583,-9.8815,-0.62019,2.2961,-3.8408,6.266,68.896,113.41,36.66,8.9106,8.3817
2.6908,-1.1619,-10.078,-0.85118,2.5177,-3.7126,6.5577,71.484,116.55,40.641,9.7944,9.3879
3.0567,-0.81804,-10.169,-1.1015,2.6815,-3.5361,6.9048,74.108,119.73,44.716,10.751,10.448
3.4572,-0.42662,-10.152,-1.3782,2.7874,-3.3132,7.3069,76.767,123.02,48.892,11.784,11.513
3.9068,0.014985,-10.026,-1.6908,2.8414,-3.0457,7.7685,79.441,126.48,53.202,12.895,12.556
4.4182,0.50966,-9.7913,-2.0486,2.8539,-2.7358,8.297,82.105,130.14,57.686,14.082,13.574
5.0014,1.0587,-9.4557,-2.4591,2.837,-2.3864,8.8975,84.751,134.03,62.379,15.331,14.58
5.6632,1.662,-9.0361,-2.9281,2.8036,-2.0007,9.568,87.403,138.17,67.293,16.632,15.6
6.4099,2.3206,-8.5565,-3.4639,2.7659,-1.5812,10.298,90.109,142.54,72.425,17.987,16.666
7.2532,3.0429,-8.0422,-4.0836,2.735,-1.1279,11.072,92.917,147.15,77.755,19.421,17.825
8.2143,3.848,-7.5138,-4.8209,2.72,-0.63698,11.879,95.866,151.99,83.251,20.986,19.135
9.3236,4.7664,-6.9862,-5.7295,2.7282,-0.10323,12.72,98.976,157.05,88.866,22.743,20.651
10.615,5.8329,-6.4724,-6.8806,2.7661,0.47658,13.606,102.25,162.37,94.549,24.75,22.401
12.11,7.0783,-5.9878,-8.3484,2.8411,1.1009,14.553,105.71,167.94,100.26,27.042,24.372
13.805,8.5202,-5.5493,-10.182,2.9618,1.7639,15.583,109.34,173.81,105.97,29.611,26.506
15.649,10.16,-5.1702,-12.369,3.1382,2.4579,16.72,113.18,180.0,111.68,32.416,28.719
17.554,11.99,-4.8553,-14.821,3.38,3.178,17.999,117.25,186.54,117.37,35.386,30.937
19.436,14.007,-4.6001,-17.414,3.6968,3.9273,19.461,121.6,193.46,123.06,38.456,33.114
21.261,16.232,-4.3929,-20.048,4.0989,4.721,21.134,126.26,200.78,128.77,41.58,35.241
23.059,18.706,-4.2199,-22.692,4.5991,5.5865,23.019,131.25,208.53,134.54,44.754,37.338
24.895,21.46,-4.0709,-25.372,5.2159,6.5554,25.076,136.61,216.75,140.47,48.013,39.45
26.833,24.467,-3.9425,-28.135,5.9831,7.6489,27.23,142.36,225.5,146.67,51.428,41.638
28.92,27.641,-3.8386,-31.016,6.9582,8.8616,29.397,148.59,234.83,153.26,55.083,43.968
31.19,30.898,-3.765,-34.012,8.2184,10.162,31.519,155.33,244.78,160.34,59.058,46.493
33.676,34.205,-3.72,-37.07,9.8279,11.512,33.58,162.59,255.41,167.97,63.398,49.251
36.399,37.569,-3.6871,-40.1,11.773,12.902,35.618,170.29,266.77,176.12,68.094,52.258
39.344,41.005,-3.6352,-43.018,13.908,14.355,37.705,178.36,278.89,184.7,73.075,55.512
42.445,44.532,-3.5264,-45.78,15.996,15.924,39.935,186.8,291.78,193.6,78.234,59.002
45.605,48.184,-3.329,-48.396,17.846,17.675,42.394,195.61,305.38,202.74,83.471,62.721
48.743,51.998,-3.0278,-50.917,19.401,19.687,45.128,204.81,319.59,212.14,88.748,66.675
51.837,56.004,-2.6307,-53.424,20.711,22.026,48.118,214.38,334.27,221.84,94.106,70.881
54.92,60.19,-2.1674,-56.041,21.871,24.705,51.279,224.4,349.35,231.97,99.658,75.369
58.069,64.489,-1.6809,-58.958,22.967,27.644,54.5,234.93,364.81,242.65,105.55,80.177
61.375,68.784,-1.2123,-62.395,24.054,30.694,57.696,246.04,380.67,254.0,111.95,85.362
64.889,72.954,-0.78508,-66.438,25.178,33.722,60.835,257.7,397.07,266.1,118.95,90.984
68.59,76.914,-0.39191,-70.873,26.404,36.673,63.934,269.75,414.1,278.95,126.57,97.077
72.367,80.658,0.0047301,-75.319,27.781,39.568,67.028,281.98,431.89,292.46,134.73,103.64
76.077,84.278,0.456,-79.528,29.269,42.478,70.143,294.21,450.46,306.45,143.28,110.6
79.649,87.984,1.0021,-83.504,30.78,45.477,73.292,306.36,469.69,320.74,152.14,117.89
83.136,92.047,1.6531,-87.406,32.268,48.597,76.477,318.46,489.36,335.21,161.35,125.39
86.681,96.628,2.3837,-91.437,33.751,51.801,79.7,330.64,509.18,349.87,171.09,133.05
90.46,101.67,3.1426,-95.761,35.289,55.019,82.975,343.07,528.92,364.83,181.53,140.87
94.621,107.03,3.8722,-100.46,36.948,58.192,86.319,355.92,548.42,380.26,192.82,148.97
99.225,112.59,4.5332,-105.51,38.78,61.304,89.748,369.25,567.64,396.28,204.98,157.51
104.21,118.28,5.1219,-110.83,40.796,64.383,93.251,383.02,586.59,412.93,217.95,166.68
109.42,124.06,5.6716,-116.3,42.953,67.472,96.78,396.99,605.3,430.15,231.53,176.63
114.64,129.93,6.2376,-121.87,45.161,70.61,100.25,410.83,623.76,447.81,245.48,187.36
119.72,135.87,6.8715,-127.46,47.324,73.817,103.56,424.15,641.95,465.68,259.58,198.69
124.62,141.85,7.5946,-133.04,49.4,77.095,106.6,436.64,659.81,483.51,273.7,210.25
129.44,147.82,8.3841,-138.6,51.414,80.421,109.29,448.11,677.28,501.02,287.8,221.63
134.31,153.76,9.179,-144.15,53.443,83.743,111.56,458.47,694.25,518.04,301.91,232.51
139.4,159.61,9.905,-149.73,55.576,86.978,113.41,467.68,710.6,534.48,316.06,242.76
144.74,165.37,10.507,-155.33,57.863,90.04,114.89,475.77,726.17,550.33,330.25,252.47
150.24,171.0,10.971,-160.9,60.251,92.882,116.03,482.8,740.75,565.59,344.41,261.83
155.63,176.47,11.327,-166.35,62.587,95.516,116.86,488.76,754.1,580.21,358.41,271.05
160.59,181.73,11.624,-171.51,64.719,97.995,117.38,493.58,765.96,594.07,372.07,280.22
164.97,186.7,11.897,-176.28,66.593,100.37,117.55,497.18,776.1,607.04,385.2,289.28
168.8,191.31,12.157,-180.61,68.248,102.64,117.36,499.55,784.37,618.94,397.58,298.04
172.23,195.48,12.395,-184.51,69.753,104.78,116.8,500.8,790.74,629.65,409.03,306.26
175.41,199.19,12.598,-188.01,71.177,106.7,115.89,501.1,795.27,639.09,419.47,313.73
178.44,202.45,12.757,-191.15,72.571,108.35,114.67,500.56,798.02,647.25,428.92,320.37
181.37,205.29,12.868,-193.99,73.96,109.68,113.15,499.25,798.99,654.12,437.45,326.18
184.19,207.73,12.926,-196.55,75.357,110.7,111.35,497.19,798.12,659.71,445.09,331.19
186.83,209.77,12.931,-198.83,76.75,111.44,109.25,494.36,795.35,664.0,451.78,335.47
189.14,211.4,12.88,-200.78,78.093,111.94,106.85,490.75,790.67,667.0,457.45,339.11
190.98,212.59,12.771,-202.33,79.303,112.24,104.15,486.39,784.14,668.74,462.06,342.22
192.2,213.29,12.604,-203.41,80.286,112.35,101.19,481.28,775.93,669.23,465.65,344.84
192.76,213.43,12.379,-203.91,80.973,112.27,98.069,475.44,766.2,668.48,468.31,346.97
192.62,212.96,12.11,-203.76,81.326,111.99,94.871,468.77,755.06,666.46,470.12,348.52
191.74,211.84,11.817,-202.92,81.308,111.49,91.677,461.11,742.55,663.14,471.11,349.41
190.13,210.07,11.528,-201.36,80.87,110.78,88.522,452.31,728.64,658.45,471.27,349.54
187.79,207.66,11.265,-199.08,79.968,109.83,85.398,442.35,713.2,652.35,470.54,348.82
184.78,204.64,11.043,-196.11,78.603,108.63,82.266,431.35,696.11,644.83,468.78,347.2
181.2,201.03,10.87,-192.53,76.833,107.14,79.072,419.51,677.28,635.91,465.85,344.67
177.15,196.92,10.739,-188.44,74.739,105.34,75.761,406.98,656.71,625.59,461.62,341.21
172.72,192.43,10.639,-183.96,72.391,103.24,72.291,393.84,634.52,613.8,456.02,336.87
167.94,187.65,10.56,-179.12,69.844,100.86,68.648,380.1,611.0,600.46,448.97,331.68
162.82,182.65,10.501,-173.92,67.156,98.241,64.848,365.73,586.48,585.5,440.43,325.72
157.4,177.42,10.472,-168.36,64.401,95.456,60.925,350.69,561.37,568.89,430.42,319.05
151.71,171.93,10.491,-162.43,61.645,92.578,56.91,334.98,536.01,550.66,419.05,311.69
145.82,166.13,10.568,-156.16,58.92,89.667,52.818,318.71,510.62,530.94,406.59,303.62
139.75,159.99,10.695,-149.59,56.193,86.764,48.64,302.05,485.22,509.94,393.37,294.74
133.53,153.51,10.845,-142.83,53.364,83.882,44.354,285.32,459.68,487.96,379.68,284.93
127.19,146.75,10.987,-136.01,50.291,81.019,39.94,268.79,433.85,465.29,365.62,274.1
120.79,139.84,11.099,-129.29,46.865,78.161,35.422,252.63,407.69,442.2,351.09,262.29
114.34,132.96,11.175,-122.84,43.106,75.294,30.909,236.81,381.33,418.92,335.95,249.66
107.84,126.33,11.218,-116.7,39.163,72.407,26.584,221.26,355.09,395.62,320.06,236.46
101.22,120.03,11.225,-110.79,35.249,69.497,22.613,205.93,329.32,372.42,303.48,222.98
94.471,114.0,11.182,-104.91,31.551,66.573,19.065,190.81,304.38,349.49,286.46,209.48
87.617,108.04,11.061,-98.873,28.175,63.641,15.916,175.95,280.49,326.98,269.43,196.18
80.784,101.95,10.831,-92.553,25.137,60.665,13.096,161.37,257.7,305.07,252.88,183.24
74.137,95.669,10.47,-85.986,22.38,57.534,10.539,147.11,235.89,283.87,237.25,170.75
67.854,89.319,9.9781,-79.34,19.811,54.091,8.1971,133.16,214.84,263.41,222.75,158.74
62.088,83.059,9.3739,-72.838,17.373,50.233,6.0479,119.57,194.38,243.63,209.28,147.15
56.922,76.833,8.6823,-66.639,15.067,45.992,4.0831,106.4,174.46,224.41,196.52,135.9
52.329,70.453,7.9205,-60.77,12.887,41.537,2.3013,93.766,155.15,205.65,183.97,124.92
48.217,63.919,7.0953,-55.231,10.78,37.082,0.69527,81.812,136.63,187.31,171.19,114.15
44.505,57.444,6.2155,-50.129,8.7637,32.793,-0.76095,70.641,119.1,169.48,157.96,103.61
41.104,51.307,5.3031,-45.595,7.0197,28.773,-2.1165,60.298,102.75,152.35,144.44,93.391
37.868,45.735,4.3998,-41.621,5.6989,25.1,-3.4363,50.756,87.655,136.11,131.13,83.673
34.648,40.865,3.5651,-38.07,4.7392,21.849,-4.7852,41.906,73.725,120.97,118.66,74.663
31.33,36.725,2.863,-34.761,3.9782,19.076,-6.2119,33.566,60.698,107.02,107.48,66.499
27.853,33.209,2.3376,-31.539,3.2903,16.771,-7.7362,25.782,48.165,94.263,97.677,59.181
24.217,30.038,1.9912,-28.304,2.6179,14.83,-9.3409,19.142,35.908,82.59,89.034,52.584
20.462,26.761,1.7846,-24.988,1.9549,13.111,-10.974,14.075,24.515,71.757,81.142,46.526
16.65,22.985,1.6572,-21.495,1.3225,11.52,-12.563,10.257,15.163,61.393,73.534,40.891
12.951,18.928,1.5521,-17.753,0.74722,10.042,-14.039,7.1767,8.2417,51.247,65.801,35.636
9.7092,15.328,1.4311,-14.031,0.24558,8.6974,-15.35,4.5249,3.1375,41.584,57.822,30.621
7.1947,12.555,1.2774,-10.862,-0.18117,7.5031,-16.47,2.152,-0.94482,32.872,49.975,25.589
5.3827,10.486,1.089,-8.4727,-0.54401,6.4587,-17.389,-0.018137,-4.594,25.205,42.843,20.459
4.0874,8.8836,0.87052,-6.7262,-0.86021,5.5488,-18.107,-2.0251,-8.1818,18.581,36.612,15.516
3.1357,7.5712,0.62842,-5.413,-1.1477,4.7491,-18.632,-3.885,-11.903,13.083,31.08,11.161
2.4124,6.4353,0.36696,-4.3832,-1.4207,4.0312,-18.982,-5.5996,-15.796,8.6786,26.067,7.5768
1.8415,5.4063,0.08635,-3.5471,-1.687,3.3651,-19.19,-7.1641,-19.768,5.1736,21.521,4.7051
1.366,4.4464,-0.21778,-2.8492,-1.9475,2.7221,-19.306,-8.5734,-23.647,2.3198,17.435,2.3889
0.94024,3.5406,-0.55213,-2.2496,-2.1967,2.0809,-19.383,-9.8233,-27.249,-0.097543,13.795,0.47243
0.52959,2.6867,-0.91966,-1.7167,-2.4278,1.4331,-19.472,-10.909,-30.434,-2.2314,10.57,-1.1693
0.11323,1.8862,-1.3123,-1.2258,-2.6374,0.78328,-19.595,-11.819,-33.134,-4.1779,7.7182,-2.6318
-0.31627,1.1382,-1.7075,-0.75962,-2.8295,0.14427,-19.742,-12.54,-35.344,-5.9907,5.1911,-3.9855
-0.75688,0.44109,-2.0719,-0.30933,-3.0165,-0.46798,-19.872,-13.061,-37.099,-7.6969,2.9371,-5.2761
-1.2022,-0.20527,-2.3707,0.12649,-3.2153,-1.0369,-19.923,-13.382,-38.452,-9.311,0.90087,-6.5256
-1.6448,-0.7991,-2.5808,0.54354,-3.4396,-1.549,-19.832,-13.527,-39.462,-10.841,-0.97409,-7.7358
-2.0779,-1.3395,-2.6997,0.93591,-3.6901,-1.9967,-19.55,-13.54,-40.184,-12.292,-2.741,-8.8998
-2.4963,-1.8298,-2.7482,1.3014,-3.9521,-2.3815,-19.059,-13.479,-40.668,-13.67,-4.4465,-10.014
-2.8976,-2.2802,-2.7654,1.6451,-4.2011,-2.713,-18.373,-13.397,-40.96,-14.975,-6.1303,-11.088
-3.2821,-2.7064,-2.7964,1.9794,-4.4143,-3.0062,-17.535,-13.323,-41.1,-16.216,-7.8237,-12.141
-3.6522,-3.1246,-2.8791,2.3196,-4.5785,-3.2759,-16.606,-13.255,-41.114,-17.405,-9.547,-13.193
-4.0086,-3.5453,-3.0336,2.6777,-4.6898,-3.5319,-15.642,-13.157,-41.005,-18.558,-11.305,-14.255
-4.3464,-3.9694,-3.2596,3.0576,-4.7495,-3.7772,-14.674,-12.981,-40.756,-19.676,-13.084,-15.323
-4.6545,-4.3878,-3.536,3.4523,-4.7645,-4.0078,-13.706,-12.685,-40.329,-20.743,-14.854,-16.385
-4.9225,-4.7846,-3.8241,3.8462,-4.7527,-4.2149,-12.728,-12.246,-39.682,-21.723,-16.571,-17.425
-5.1508,-5.1434,-4.0752,4.2212,-4.7453,-4.3873,-11.724,-11.665,-38.788,-22.568,-18.191,-18.425
-5.3549,-5.4536,-4.2439,4.5648,-4.7792,-4.5152,-10.693,-10.961,-37.646,-23.241,-19.672,-19.373
-5.5586,-5.7146,-4.3044,4.8746,-4.8799,-4.5934,-9.6446,-10.158,-36.282,-23.724,-20.984,-20.258
-5.7795,-5.9342,-4.2613,5.1557,-5.0453,-4.6248,-8.5989,-9.2767,-34.745,-24.026,-22.115,-21.078
-6.0186,-6.1248,-4.1504,5.4148,-5.2433,-4.6205,-7.575,-8.3298,-33.097,-24.18,-23.072,-21.838
-6.2608,-6.2972,-4.0226,5.6547,-5.4277,-4.5962,-6.5853,-7.3267,-31.394,-24.232,-23.883,-22.55
-6.485,-6.457,-3.9197,5.8741,-5.5629,-4.5652,-5.6326,-6.279,-29.676,-24.233,-24.593,-23.222
-6.6774,-6.6039,-3.8549,6.0694,-5.6413,-4.5327,-4.7114,-5.2046,-27.957,-24.228,-25.249,-23.855
-6.8394,-6.7316,-3.8098,6.2387,-5.6827,-4.4947,-3.8125,-4.1274,-26.225,-24.244,-25.886,-24.438
-6.986,-6.8311,-3.7453,6.3831,-5.7216,-4.4404,-2.9301,-3.0701,-24.455,-24.289,-26.514,-24.95
-7.138,-6.8929,-3.6186,6.5061,-5.7925,-4.3575,-2.0665,-2.0453,-22.617,-24.345,-27.112,-25.368
-7.3113,-6.9082,-3.4002,6.6099,-5.9184,-4.2365,-1.2339,-1.0491,-20.695,-24.369,-27.649,-25.679
-7.5099,-6.8685,-3.0842,6.6923,-6.1051,-4.0736,-0.45117,-0.061909,-18.699,-24.302,-28.09,-25.876
-7.7226,-6.7669,-2.6895,6.745,-6.3403,-3.8712,0.26167,0.93991,-16.669,-24.081,-28.409,-25.96
-7.9258,-6.5984,-2.2521,6.7543,-6.5961,-3.6377,0.88855,1.9712,-14.669,-23.66,-28.594,-25.928
-8.0898,-6.3632,-1.8129,6.7044,-6.8339,-3.3854,1.4213,3.0272,-12.762,-23.013,-28.645,-25.767
-8.1889,-6.0706,-1.405,6.5847,-7.0157,-3.1292,1.8617,4.0851,-10.998,-22.142,-28.566,-25.456
-8.212,-5.74,-1.0444,6.3976,-7.1238,-2.8831,2.2232,5.1131,-9.4036,-21.072,-28.368,-24.972
-8.1701,-5.3979,-0.72544,6.1627,-7.1748,-2.6574,2.5288,6.085,-7.9875,-19.846,-28.059,-24.29
-8.0928,-5.0701,-0.42293,5.9104,-7.2125,-2.4554,2.8062,6.9903,-6.7399,-18.511,-27.647,-23.392
-8.0159,-4.7747,-0.10127,5.6713,-7.284,-2.2728,3.0791,7.833,-5.6406,-17.113,-27.13,-22.28
-7.9655,-4.5189,0.2698,5.4658,-7.4183,-2.1021,3.3578,8.6215,-4.661,-15.696,-26.507,-20.97
-7.9488,-4.303,0.69723,5.3035,-7.6139,-1.9391,3.6395,9.3567,-3.7693,-14.297,-25.776,-19.506
-7.9554,-4.1257,1.1539,5.1865,-7.8349,-1.7885,3.9093,10.028,-2.9376,-12.942,-24.94,-17.947
-7.9646,-3.9878,1.5831,5.1131,-8.0218,-1.6632,4.1476,10.619,-2.1452,-11.652,-24.007,-16.353
-7.9562,-3.8918,1.9182,5.0789,-8.1161,-1.5791,4.3334,11.121,-1.3806,-10.432,-22.99,-14.775
-7.9202,-3.839,2.1064,5.0762,-8.0873,-1.5474,4.4534,11.536,-0.64025,-9.2786,-21.9,-13.239
-7.8587,-3.8266,2.1258,5.0941,-7.9444,-1.5692,4.5049,11.88,0.074753,-8.1765,-20.747,-11.755
-7.7802,-3.8457,1.9896,5.1182,-7.7223,-1.6356,4.4967,12.175,0.76147,-7.1068,-19.533,-10.328
-7.6918,-3.8813,1.7379,5.1319,-7.4611,-1.7305,4.4468,12.437,1.4169,-6.051,-18.256,-8.9612
-7.5935,-3.9156,1.423,5.1193,-7.1915,-1.8354,4.3757,12.672,2.0384,-4.996,-16.916,-7.6615
-7.4781,-3.9318,1.095,5.0691,-6.9305,-1.9336,4.2999,12.872,2.6233,-3.9367,-15.518,-6.4361
-7.3354,-3.9191,0.79049,4.9768,-6.6802,-2.0131,4.2279,13.016,3.1696,-2.8777,-14.08,-5.2881
-7.1552,-3.8741,0.52632,4.8453,-6.4292,-2.0678,4.161,13.079,3.6777,-1.8308,-12.631,-4.2154
-6.9299,-3.799,0.3022,4.6811,-6.1585,-2.0969,4.0977,13.043,4.1536,-0.81154,-11.203,-3.2136
-6.6555,-3.6992,0.10787,4.4911,-5.8511,-2.1026,4.0375,12.908,4.6077,0.16544,-9.8211,-2.2781
-6.3324,-3.5803,-0.069346,4.2799,-5.5017,-2.0879,3.9831,12.69,5.0526,1.0905,-8.4955,-1.4059
-5.9654,-3.4459,-0.23823,4.0504,-5.1197,-2.0548,3.938,12.416,5.4984,1.9626,-7.2192,-0.59361
-5.562,-3.2973,-0.39908,3.8045,-4.7238,-2.0041,3.9032,12.109,5.9509,2.7908,-5.9721,0.16564
-5.1301,-3.1327,-0.54441,3.543,-4.333,-1.9358,3.872,11.788,6.4119,3.595,-4.7283,0.8861
-4.6753,-2.9486,-0.66463,3.2659,-3.9591,-1.8498,3.831,11.462,6.8819,4.4026,-3.4646,1.592
-4.199,-2.7414,-0.75598,2.9722,-3.6044,-1.747,3.7647,11.135,7.3619,5.243,-2.167,2.3139
-3.6999,-2.5105,-0.82647,2.6604,-3.2621,-1.6321,3.6628,10.805,7.8526,6.1408,-0.83333,3.0806
-3.1776,-2.2611,-0.89695,2.3317,-2.9187,-1.5141,3.5231,10.469,8.3516,7.1082,0.52935,3.9112
-2.6381,-2.0039,-0.99649,1.9924,-2.5594,-1.4057,3.3535,10.12,8.8493,8.139,1.9097,4.8062
-2.0966,-1.7529,-1.1537,1.6545,-2.1738,-1.3198,3.168,9.7449,9.3268,9.2067,3.296,5.7444
-1.5744,-1.521,-1.3882,1.3327,-1.759,-1.2657,2.9828,9.3316,9.7591,10.267,4.6757,6.6844
-1.0916,-1.3164,-1.706,1.0396,-1.3192,-1.2463,2.807,8.8686,10.123,11.269,6.032,7.5772
-0.65944,-1.1404,-2.0992,0.78071,-0.86265,-1.258,2.6378,8.353,10.407,12.164,7.3383,8.3848
-0.27509,-0.98789,-2.5488,0.55219,-0.39616,-1.2923,2.4596,7.7955,10.618,12.926,8.5572,9.0944
0.076291,-0.84945,-3.0308,0.34294,0.078002,-1.3386,2.2486,7.2175,10.774,13.551,9.6465,9.7196
0.41245,-0.71519,-3.5174,0.13989,0.5583,-1.3864,1.9805,6.644,10.898,14.054,10.575,10.288
0.74283,-0.57813,-3.9774,-0.065499,1.0363,-1.4268,1.639,6.0942,10.998,14.467,11.338,10.825
1.0619,-0.43713,-4.3761,-0.27282,1.4918,-1.4534,1.2213,5.5769,11.067,14.822,11.962,11.338
1.3502,-0.29756,-4.6803,-0.47255,1.8961,-1.4636,0.7381,5.0921,11.082,15.146,12.499,11.812
1.5816,-0.16861,-4.8656,-0.64956,2.2203,-1.4568,0.21025,4.634,11.02,15.457,13.002,12.214
1.7351,-0.057453,-4.9222,-0.79041,2.4454,-1.4319,-0.33591,4.1957,10.864,15.753,13.505,12.497
1.8058,0.036735,-4.8553,-0.89066,2.5674,-1.3836,-0.87402,3.7725,10.612,16.015,14.006,12.617
1.8084,0.12461,-4.6818,-0.95835,2.5977,-1.3034,-1.383,3.3633,10.278,16.216,14.465,12.542
1.7705,0.22188,-4.4258,-1.0098,2.5579,-1.1842,-1.853,2.9703,9.8808,16.325,14.814,12.274
1.719,0.33942,-4.1146,-1.0604,2.4722,-1.0276,-2.2855,2.5955,9.4411,16.316,14.98,11.845
1.6697,0.47526,-3.776,-1.1161,2.3593,-0.84726,-2.6913,2.2385,8.9749,16.169,14.908,11.301
1.6226,0.61356,-3.4342,-1.1706,2.227,-0.66639,-3.0824,1.8949,8.4925,15.88,14.573,10.685
1.5649,0.73186,-3.1036,-1.2088,2.0709,-0.50792,-3.4652,1.5587,7.9986,15.46,13.987,10.026
1.4795,0.81233,-2.7863,-1.2151,1.8791,-0.38435,-3.8384,1.2246,7.4942,14.944,13.194,9.3479
1.3561,0.8498,-2.4766,-1.1816,1.6431,-0.29438,-4.1961,0.89025,6.9793,14.383,12.26,8.6862
1.1981,0.85211,-2.1717,-1.1125,1.3672,-0.22842,-4.5305,0.55612,6.4553,13.831,11.257,8.0764
1.0216,0.83334,-1.8802,-1.0214,1.0718,-0.17789,-4.8326,0.2235,5.9261,13.327,10.247,7.5422
0.84697,0.80473,-1.6218,-0.92338,0.78741,-0.14212,-5.0891,-0.10883,5.3971,12.88,9.2777,7.0888
0.68872,0.768,-1.4208,-0.82662,0.54343,-0.12984,-5.2814,-0.44802,4.8746,12.468,8.3761,6.7073
0.5502,0.71379,-1.2969,-0.72929,0.3594,-0.15617,-5.3873,-0.80826,4.3642,12.048,7.5539,6.3817
0.42588,0.62517,-1.2601,-0.62206,0.24202,-0.23744,-5.3884,-1.2067,3.872,11.583,6.8118,6.0939
0.30864,0.48474,-1.3112,-0.49433,0.18935,-0.38612,-5.2771,-1.6543,3.4069,11.055,6.1439,5.8259
0.19636,0.2818,-1.4441,-0.34024,0.19778,-0.60716,-5.0634,-2.1476,2.9828,10.473,5.539,5.5608
0.093067,0.017023,-1.6477,-0.16113,0.26528,-0.89566,-4.7719,-2.6663,2.6165,9.8592,4.9789,5.2849
0.0051071,-0.29729,-1.9045,0.03578,0.38835,-1.2368,-4.4385,-3.1798,2.3224,9.2425,4.4384,4.9896
-0.064528,-0.64122,-2.1927,0.24085,0.55674,-1.6094,-4.1035,-3.6585,2.1045,8.6475,3.8888,4.6737
-0.12027,-0.9938,-2.492,0.44578,0.7528,-1.9925,-3.8068,-4.0841,1.9524,8.0934,3.3058,4.3405
-0.17383,-1.3396,-2.7913,0.64671,0.95776,-2.3714,-3.5837,-4.4554,1.842,7.5913,2.6765,3.9954
-0.23921,-1.6723,-3.0955,0.84536,1.1578,-2.7407,-3.456,-4.7884,1.7439,7.1407,2.0028,3.6436
-0.32537,-1.994,-3.4257,1.0473,1.3488,-3.1025,-3.4261,-5.1128,1.6322,6.7289,1.2995,3.2889
-0.43139,-2.3097,-3.8077,1.2574,1.536,-3.46,-3.4763,-5.4602,1.4903,6.3366,0.58919,2.9324
-0.54716,-2.6204,-4.2514,1.4752,1.73,-3.81,-3.5754,-5.858,1.3123,5.9457,-0.10472,2.5684
-0.65862,-2.9177,-4.7397,1.692,1.9365,-4.1398,-3.6883,-6.3233,1.1001,5.5441,-0.76337,2.1834
-0.75375,-3.1845,-5.2284,1.892,2.1485,-4.4274,-3.7867,-6.8587,0.86057,5.1249,-1.3759,1.7589
-0.82748,-3.4,-5.6548,2.057,2.3449,-4.6466,-3.8554,-7.4524,0.60458,4.6808,-1.9412,1.2787
-0.88436,-3.5455,-5.949,2.1727,2.4951,-4.7728,-3.8944,-8.0819,0.34572,4.2022,-2.4679,0.73506
-0.93749,-3.6106,-6.0498,2.2339,2.5662,-4.7897,-3.9157,-8.7206,0.099026,3.6805,-2.9699,0.13283
-1.0026,-3.5959,-5.9242,2.245,2.5344,-4.6939,-3.9376,-9.344,-0.12185,3.1152,-3.4591,-0.51149
-1.089,-3.5115,-5.581,2.2151,2.3959,-4.4959,-3.9773,-9.9345,-0.30823,2.5191,-3.9373,-1.1718
-1.1933,-3.3703,-5.0682,2.1519,2.1715,-4.2163,-4.0468,-10.483,-0.45916,1.9162,-4.3929,-1.8164
-1.2982,-3.1834,-4.4581,2.0581,1.901,-3.8787,-4.147,-10.984,-0.58202,1.3326,-4.8052,-2.4149
-1.38,-2.9561,-3.8226,1.9318,1.6298,-3.5036,-4.2697,-11.44,-0.69069,0.78541,-5.1552,-2.9475
-1.4182,-2.6894,-3.2102,1.7714,1.3924,-3.1048,-4.4008,-11.851,-0.80184,0.27584,-5.4358,-3.4132
-1.4043,-2.3818,-2.6367,1.578,1.2021,-2.6882,-4.524,-12.227,-0.93041,-0.21098,-5.6549,-3.8295
-1.3435,-2.0321,-2.0934,1.357,1.0491,-2.2541,-4.6277,-12.581,-1.085,-0.69798,-5.8295,-4.2239
-1.2503,-1.6432,-1.5657,1.1168,0.91114,-1.8023,-4.7079,-12.929,-1.265,-1.205,-5.9756,-4.6199
-1.1406,-1.2249,-1.0423,0.86701,0.76866,-1.3375,-4.7682,-13.29,-1.459,-1.7397,-6.0995,-5.0267
-1.0243,-0.79537,-0.52245,0.61751,0.617,-0.87363,-4.8134,-13.675,-1.6473,-2.2947,-6.1939,-5.4354
-0.90221,-0.37729,-0.026546,0.37652,0.47026,-0.43351,-4.8388,-14.086,-1.8064,-2.8505,-6.2407,-5.82
-0.76723,0.0084306,0.40563,0.14931,0.35652,-0.043308,-4.8276,-14.514,-1.9158,-3.3821,-6.217,-6.1457
-0.61013,0.34893,0.73242,-0.062412,0.30444,0.27622,-4.7552,-14.937,-1.964,-3.8654,-6.1011,-6.3804
-0.42572,0.6423,0.93121,-0.25989,0.33003,0.51756,-4.6015,-15.33,-1.9523,-4.2828,-5.8775,-6.5076
-0.21542,0.89588,1.008,-0.44596,0.42996,0.68834,-4.3653,-15.671,-1.8933,-4.6249,-5.541,-6.5342
0.01411,1.1211,0.99104,-0.62345,0.58633,0.80606,-4.0724,-15.942,-1.8067,-4.89,-5.1005,-6.4885
0.25376,1.3274,0.91576,-0.7936,0.77703,0.88955,-3.771,-16.132,-1.7135,-5.0807,-4.5825,-6.4108
0.49264,1.5192,0.81273,-0.95444,0.98229,0.9523,-3.5133,-16.237,-1.6316,-5.1989,-4.0302,-6.3391
0.71791,1.6942,0.70174,-1.1003,1.1874,1.0001,-3.3347,-16.258,-1.5726,-5.2449,-3.4961,-6.2978
0.91557,1.8467,0.5923,-1.2236,1.3823,1.0333,-3.2394,-16.2,-1.5406,-5.2204,-3.0297,-6.2938
1.0728,1.9713,0.4879,-1.3179,1.5601,1.0518,-3.2016,-16.075,-1.5337,-5.1342,-2.6649,-6.3216
1.1807,2.0656,0.39171,-1.3806,1.715,1.0593,-3.1792,-15.902,-1.546,-5.0052,-2.4101,-6.3741
1.2369,2.1311,0.30981,-1.4137,1.8409,1.0629,-3.1339,-15.7,-1.5715,-4.8579,-2.2482,-6.4489
1.2441,2.1709,0.25309,-1.421,1.9305,1.0703,-3.0501,-15.491,-1.6067,-4.7137,-2.1457,-6.5477
1.2084,2.1874,0.23636,-1.4065,1.9747,1.0861,-2.9382,-15.289,-1.6505,-4.583,-2.0675,-6.6676
1.135,2.1813,0.27474,-1.372,1.9628,1.1101,-2.8254,-15.104,-1.7041,-4.4631,-1.987,-6.7924
1.0277,2.1512,0.37752,-1.3178,1.8854,1.1378,-2.739,-14.935,-1.7682,-4.3438,-1.8902,-6.8911
0.88963,2.0947,0.54223,-1.2434,1.7404,1.1617,-2.6909,-14.774,-1.8413,-4.2158,-1.7727,-6.9265
0.72566,2.0102,0.75361,-1.15,1.5349,1.1735,-2.67,-14.612,-1.9182,-4.0787,-1.6339,-6.8709
0.54379,1.9002,0.98964,-1.0415,1.2845,1.1677,-2.6454,-14.44,-1.9901,-3.9439,-1.471,-6.718
0.3546,1.7715,1.2301,-0.92502,1.0065,1.1435,-2.5797,-14.254,-2.0452,-3.8312,-1.2773,-6.4835
0.16928,1.6342,1.4599,-0.80905,0.71685,1.105,-2.4502,-14.059,-2.0702,-3.7606,-1.0451,-6.1977
-0.0019141,1.4989,1.6646,-0.7016,0.43012,1.0574,-2.2644,-13.873,-2.0537,-3.7452,-0.7734,-5.8941
-0.14954,1.3749,1.8259,-0.60865,0.16391,1.0059,-2.0589,-13.722,-1.9902,-3.788,-0.47381,-5.601
-0.2643,1.2699,1.9213,-0.53387,-0.059693,0.95406,-1.8844,-13.635,-1.8833,-3.884,-0.1704,-5.3356
-0.33705,1.19,1.9296,-0.4789,-0.21668,0.90457,-1.7826,-13.633,-1.7461,-4.0241,0.10784,-5.102
-0.35963,1.1387,1.8373,-0.44407,-0.28735,0.8599,-1.769,-13.72,-1.5968,-4.1987,0.33924,-4.8912
-0.32656,1.1169,1.6449,-0.42955,-0.26259,0.82284,-1.8257,-13.891,-1.4533,-4.4004,0.52012,-4.6839
-0.23718,1.1226,1.3696,-0.43638,-0.14658,0.79667,-1.909,-14.132,-1.326,-4.6242,0.66839,-4.4582
-0.0981,1.1497,1.0438,-0.46589,0.044444,0.78411,-1.966,-14.432,-1.2149,-4.866,0.81782,-4.1985
0.075339,1.189,0.71017,-0.51735,0.2851,0.78552,-1.9559,-14.781,-1.1097,-5.1203,1.004,-3.9025
0.26058,1.2287,0.41401,-0.58563,0.54423,0.79745,-1.8644,-15.17,-0.99566,-5.3774,1.2476,-3.5814
0.4328,1.2581,0.19617,-0.66106,0.78974,0.81308,-1.7055,-15.591,-0.86114,-5.6232,1.5428,-3.2524
0.57165,1.2715,0.085812,-0.7324,0.99533,0.82501,-1.5117,-16.04,-0.70359,-5.843,1.8594,-2.9313
0.6665,1.2698,0.092793,-0.79058,1.1464,0.8284,-1.3172,-16.514,-0.53068,-6.0282,2.1564,-2.6296
0.71722,1.2591,0.20246,-0.83132,1.2414,0.82261,-1.1457,-17.013,-0.35664,-6.1823,2.3986,-2.3556
0.73064,1.2464,0.37855,-0.85505,1.2885,0.81094,-1.0059,-17.536,-0.19663,-6.3222,2.5682,-2.1184
0.71529,1.2373,0.57559,-0.86509,1.2984,0.79949,-0.89144,-18.074,-0.062293,-6.4726,2.6661,-1.9289
0.67766,1.2344,0.75411,-0.86528,1.2803,0.79522,-0.79077,-18.614,0.040068,-6.6571,2.706,-1.7984
0.62134,1.2367,0.88997,-0.85769,1.2407,0.80303,-0.69127,-19.136,0.10924,-6.8886,2.7038,-1.735
0.54827,1.2397,0.97389,-0.84109,1.1846,0.82224,-0.58472,-19.613,0.14779,-7.1643,2.6679,-1.7393
0.46016,1.234,1.0059,-0.81071,1.1154,0.84469,-0.46919,-20.018,0.16086,-7.463,2.596,-1.8037
0.35882,1.2075,0.99141,-0.7599,1.0347,0.85614,-0.34687,-20.322,0.15559,-7.7531,2.4779,-1.9144
0.24632,1.1487,0.94047,-0.68335,0.94293,0.84094,-0.21998,-20.499,0.14077,-8.0013,2.3054,-2.0574
0.12599,1.0504,0.86556,-0.58052,0.84097,0.78717,-0.087244,-20.525,0.12584,-8.1821,2.0811,-2.2233
0.0044391,0.91294,0.77736,-0.45799,0.73201,0.69007,0.056809,-20.384,0.1192,-8.2837,1.8223,-2.4091
-0.10848,0.74399,0.68161,-0.32792,0.62266,0.55391,0.2193,-20.077,0.1267,-8.3087,1.5568,-2.6168
-0.20294,0.55571,0.58036,-0.20293,0.52068,0.39074,0.40472,-19.617,0.15098,-8.2715,1.3124,-2.8504
-0.27581,0.35977,0.47615,-0.089655,0.42936,0.21654,0.61096,-19.036,0.19185,-8.1942,1.1059,-3.1119
-0.33587,0.1638,0.37472,0.014832,0.34262,0.046545,0.82764,-18.369,0.24687,-8.1028,0.93797,-3.3998
-0.40285,-0.028871,0.28405,0.12142,0.24548,-0.10812,1.0377,-17.645,0.31101,-8.0255,0.79371,-3.7046
-0.49923,-0.21681,0.21148,0.2428,0.12079,-0.24162,1.223,-16.883,0.37701,-7.9843,0.6511,-4.0081
-0.63941,-0.39687,0.16126,0.38606,-0.042046,-0.35253,1.3716,-16.088,0.43732,-7.9938,0.4917,-4.2857
-0.8224,-0.56211,0.13415,0.54796,-0.24173,-0.44175,1.4855,-15.255,0.48745,-8.0553,0.30921,-4.5133
-1.032,-0.7024,0.12918,0.71498,-0.46589,-0.51018,1.5825,-14.373,0.52853,-8.1569,0.11078,-4.6752
-1.2439,-0.80679,0.14744,0.86769,-0.69751,-0.55648,1.6924,-13.426,0.56691,-8.2768,-0.088529,-4.7688
-1.4367,-0.86692,0.19569,0.98833,-0.9237,-0.57633,1.8486,-12.406,0.61055,-8.3897,-0.27538,-4.8051
-1.6005,-0.88103,0.28681,1.0686,-1.1422,-0.56426,2.0755,-11.322,0.66484,-8.4743,-0.44512,-4.8047
-1.7407,-0.85707,0.43523,1.1139,-1.3618,-0.51805,2.3782,-10.2,0.73082,-8.5177,-0.60477,-4.7905
-1.8733,-0.81289,0.64914,1.1411,-1.594,-0.44305,2.7417,-9.0792,0.80663,-8.5186,-0.77119,-4.7813
-2.0164,-0.77166,0.92473,1.171,-1.8441,-0.35233,3.1327,-8.0005,0.89069,-8.4851,-0.96518,-4.7854
-2.1821,-0.75395,1.2461,1.2187,-2.1067,-0.26133,3.5081,-6.9906,0.98182,-8.4326,-1.2041,-4.7978
-2.3685,-0.76677,1.5899,1.2863,-2.3655,-0.17971,3.8277,-6.0579,1.0783,-8.3809,-1.4961,-4.8031
-2.5574,-0.79821,1.9319,1.3606,-2.5971,-0.106,4.0668,-5.1927,1.1757,-8.3471,-1.8369,-4.7828
-2.7181,-0.82205,2.2497,1.4171,-2.7766,-0.029386,4.2224,-4.3751,1.2664,-8.3439,-2.2122,-4.7244
-2.8191,-0.81123,2.5246,1.4318,-2.8835,0.062458,4.3088,-3.5848,1.3427,-8.3768,-2.6014,-4.6261
-2.8422,-0.75162,2.7416,1.3927,-2.9094,0.17559,4.3467,-2.8085,1.4008,-8.4448,-2.9838,-4.4958
-2.7902,-0.64759,2.8914,1.3058,-2.8616,0.30606,4.3525,-2.0423,1.4432,-8.5414,-3.3416,-4.346
-2.6853,-0.5179,2.972,1.1898,-2.7605,0.44127,4.3353,-1.2869,1.478,-8.6575,-3.6615,-4.1889
-2.5577,-0.38657,2.9879,1.0665,-2.6301,0.56398,4.2991,-0.54364,1.5151,-8.7821,-3.935,-4.0342
-2.4319,-0.27462,2.9462,0.95145,-2.4873,0.65676,4.2481,0.18742,1.5621,-8.9033,-4.1601,-3.8887
-2.319,-0.19572,2.853,0.85021,-2.3332,0.70588,4.1911,0.90534,1.6216,-9.0075,-4.3421,-3.7587
-2.216,-0.15533,2.7128,0.76079,-2.1533,0.70462,4.1411,1.6057,1.691,-9.0827,-4.4908,-3.651
-2.1136,-0.15279,2.5306,0.67944,-1.9277,0.65524,4.1119,2.2803,1.7646,-9.1184,-4.615,-3.571
-2.0055,-0.18366,2.3153,0.6056,-1.6474,0.56865,4.1118,2.9171,1.8353,-9.108,-4.717,-3.5185
-1.8947,-0.24288,2.0784,0.54385,-1.3257,0.46071,4.1393,3.5022,1.897,-9.0505,-4.7899,-3.4849
-1.794,-0.32759,1.8301,0.50303,-0.9941,0.34633,4.1847,4.0228,1.9463,-8.9485,-4.8187,-3.4532
-1.7209,-0.43745,1.5769,0.49362,-0.68752,0.23462,4.233,4.4714,1.983,-8.8062,-4.7861,-3.4023
-1.6925,-0.57148,1.3234,0.52348,-0.43221,0.1281,4.2722,4.8516,2.0099,-8.6277,-4.6784,-3.3122
-1.7187,-0.72324,1.0761,0.5934,-0.24052,0.025955,4.298,5.1784,2.0311,-8.4167,-4.4903,-3.1676
-1.7972,-0.8784,0.84743,0.69436,-0.11395,-0.071399,4.316,5.4734,2.0493,-8.1753,-4.2247,-2.9613
-1.912,-1.0179,0.65641,0.80866,-0.047541,-0.16029,4.34,5.7559,2.0638,-7.9047,-3.8907,-2.6961
-2.0409,-1.1257,0.52557,0.91639,-0.035685,-0.23574,4.3884,6.0362,2.0708,-7.6062,-3.5007,-2.3851
-2.1694,-1.1979,0.47498,1.0056,-0.076927,-0.29541,4.4775,6.3133,2.0657,-7.2824,-3.0706,-2.0494
-2.2997,-1.2452,0.51688,1.0789,-0.17415,-0.34198,4.6153,6.5786,2.0451,-6.9404,-2.6194,-1.7109
-2.4444,-1.2879,0.65196,1.1495,-0.32819,-0.38201,4.7985,6.8224,2.0087,-6.5916,-2.1694,-1.3846
-2.6121,-1.3449,0.86688,1.2307,-0.52943,-0.42184,5.0136,7.0385,1.9589,-6.2513,-1.7457,-1.0754
-2.7974,-1.4246,1.1333,1.3273,-0.75445,-0.4642,5.2435,7.2275,1.8997,-5.937,-1.3756,-0.78134
-2.9807,-1.5237,1.4103,1.4342,-0.97043,-0.50848,5.4706,7.3946,1.8352,-5.6657,-1.0887,-0.49834
-3.1372,-1.6326,1.6508,1.5405,-1.1436,-0.55419,5.6788,7.5455,1.7684,-5.4503,-0.91424,-0.22543
-3.2451,-1.742,1.8101,1.6353,-1.2465,-0.6043,5.8509,7.6802,1.701,-5.2964,-0.87377,0.032715
-3.2904,-1.8464,1.8533,1.7106,-1.2621,-0.66587,5.9676,7.79,1.6332,-5.2007,-0.97293,0.26594
-3.2687,-1.9438,1.7615,1.7623,-1.1848,-0.74769,6.0087,7.8592,1.5644,-5.1527,-1.1966,0.46126
-3.1851,-2.0341,1.5372,1.7886,-1.0224,-0.85624,5.9594,7.8727,1.4929,-5.1386,-1.5129,0.60724
-3.0526,-2.118,1.2057,1.7907,-0.79597,-0.99232,5.8177,7.826,1.4168,-5.1448,-1.8852,0.69785
-2.8903,-2.1962,0.80848,1.7721,-0.53447,-1.1504,5.5991,7.7317,1.3345,-5.1603,-2.2863,0.73331
-2.7183,-2.27,0.38945,1.7385,-0.26431,-1.3209,5.3331,7.6201,1.2455,-5.177,-2.7063,0.71744
-2.5503,-2.3399,-0.018608,1.6957,-9.1829e-05,-1.4934,5.054,7.5335,1.1515,-5.1894,-3.152,0.65387
-2.3899,-2.4045,-0.40058,1.6475,0.25669,-1.6586,4.7932,7.5172,1.0578,-5.1927,-3.6378,0.54444
-2.2331,-2.461,-0.75694,1.5955,0.51204,-1.8094,4.5747,7.6099,0.97308,-5.1804,-4.1747,0.39043
-2.0765,-2.5057,-1.0953,1.5404,0.77063,-1.94,4.4175,7.8365,0.90884,-5.143,-4.7612,0.19517
-1.9224,-2.5359,-1.4177,1.4845,1.0279,-2.0447,4.3376,8.2031,0.87692,-5.0684,-5.3816,-0.033981
-1.7802,-2.5493,-1.7094,1.431,1.2672,-2.1167,4.3495,8.6953,0.88671,-4.9461,-6.0074,-0.28448
-1.6624,-2.5415,-1.9368,1.3829,1.4619,-2.147,4.4644,9.282,0.94339,-4.7694,-6.6024,-0.53795
-1.5792,-2.5011,-2.055,1.3385,1.5821,-2.1225,4.6873,9.9222,1.0482,-4.5353,-7.1283,-0.77006
-1.5332,-2.4078,-2.0188,1.2893,1.6026,-2.0251,5.0159,10.575,1.2,-4.2412,-7.5498,-0.95201
-1.5164,-2.234,-1.7919,1.2188,1.5103,-1.8333,5.4432,11.207,1.3966,-3.8816,-7.8401,-1.0545
-1.5104,-1.9498,-1.3524,1.1058,1.308,-1.5233,5.9622,11.801,1.6371,-3.4442,-7.9811,-1.0536
-1.489,-1.5271,-0.69346,0.92837,1.0149,-1.0692,6.57,12.355,1.9247,-2.9085,-7.9609,-0.93505
-1.4236,-0.93766,0.18276,0.66598,0.6619,-0.43909,7.2707,12.881,2.2679,-2.2485,-7.7685,-0.69574
-1.2873,-0.14397,1.2779,0.2975,0.28258,0.41394,8.0728,13.402,2.6805,-1.4392,-7.3927,-0.33923
-1.0587,0.91897,2.6069,-0.2089,-0.095598,1.5609,8.9933,13.949,3.1785,-0.46295,-6.8265,0.13118
-0.72274,2.366,4.1756,-0.91667,-0.45942,3.0885,10.056,14.557,3.7765,0.68831,-6.074,0.71884
-0.26899,4.3666,5.8916,-1.9531,-0.81182,5.043,11.29,15.262,4.4851,2.0151,-5.1526,1.4361
0.30895,7.0823,7.5091,-3.5284,-1.1679,7.3666,12.721,16.086,5.3101,3.513,-4.0898,2.3029
1.0112,10.548,8.9137,-5.8537,-1.5468,10.024,14.358,17.036,6.253,5.1728,-2.9146,3.3438
1.8285,14.685,10.516,-8.9252,-1.9649,13.193,16.173,18.093,7.3108,6.9798,-1.6505,4.5856
2.7407,19.414,12.969,-12.451,-2.4312,17.045,18.086,19.213,8.4738,8.9147,-0.31253,6.0551
3.7199,24.644,16.521,-16.092,-2.9471,21.525,19.957,20.325,9.7196,10.955,1.0893,7.7726
4.7371,30.212,20.887,-19.659,-3.5081,26.408,21.612,21.342,11.01,13.079,2.5459,9.7411
5.7752,35.904,25.574,-23.091,-4.1053,31.404,22.877,22.174,12.291,15.265,4.0475,11.94
6.8475,41.497,30.153,-26.377,-4.7257,36.251,23.64,22.756,13.507,17.496,5.5879,14.336
8.0202,46.83,34.387,-29.534,-5.3509,40.787,23.897,23.063,14.621,19.767,7.1714,16.901
9.4243,51.848,38.246,-32.607,-5.9569,44.972,23.772,23.119,15.621,22.077,8.8171,19.627
11.238,56.6,41.816,-35.664,-6.516,48.862,23.488,22.979,16.519,24.429,10.555,22.508
13.585,61.206,45.237,-38.759,-7.0063,52.578,23.266,22.716,17.332,26.811,12.416,25.508
16.328,65.76,48.721,-41.874,-7.4206,56.246,23.175,22.395,18.066,29.181,14.413,28.546
19.031,70.257,52.528,-44.899,-7.7667,59.949,23.034,22.065,18.709,31.47,16.534,31.503
21.362,74.586,56.769,-47.706,-8.052,63.7,22.456,21.752,19.234,33.579,18.729,34.273
23.36,78.655,61.118,-50.237,-8.2629,67.477,21.049,21.461,19.607,35.403,20.912,36.786
25.234,82.506,64.846,-52.519,-8.36,71.272,18.62,21.183,19.793,36.858,22.972,39.003
27.136,86.244,67.242,-54.608,-8.2893,74.931,15.267,20.895,19.766,37.893,24.796,40.9
29.144,89.731,67.853,-56.609,-7.9984,77.652,11.304,20.567,19.513,38.502,26.294,42.469
31.322,92.541,66.528,-58.729,-7.4242,78.225,7.1306,20.158,19.032,38.713,27.424,43.739
33.77,94.531,63.543,-61.209,-6.4449,76.618,3.128,19.626,18.332,38.577,28.194,44.794
36.614,95.965,59.573,-64.067,-4.8486,73.922,-0.41314,18.934,17.434,38.153,28.646,45.737
39.911,96.893,55.237,-66.976,-2.4575,70.959,-3.3424,18.065,16.369,37.493,28.832,46.613
43.533,96.896,50.746,-69.413,0.6176,67.89,-5.693,17.022,15.177,36.64,28.798,47.365
47.141,95.326,45.95,-70.885,3.9494,64.542,-7.6757,15.827,13.904,35.632,28.577,47.872
50.265,91.644,40.586,-71.043,7.0684,60.669,-9.5816,14.518,12.594,34.499,28.194,48.022
52.455,85.788,34.539,-69.716,9.6778,56.104,-11.613,13.14,11.287,33.266,27.671,47.76
53.415,78.368,27.94,-66.886,11.694,50.831,-13.76,11.737,10.006,31.942,27.015,47.067
53.092,70.355,21.023,-62.647,13.206,44.972,-15.835,10.35,8.7531,30.505,26.215,45.925
51.677,62.527,14.03,-57.215,14.391,38.713,-17.64,9.0054,7.5051,28.898,25.228,44.305
49.499,55.228,7.2959,-51.152,15.42,32.261,-19.069,7.7197,6.2235,27.045,23.998,42.192
46.853,48.49,1.3237,-45.476,16.375,25.878,-20.116,6.4905,4.8682,24.876,22.483,39.641
43.951,42.296,-3.1478,-40.881,17.208,20.013,-20.825,5.2975,3.4069,22.377,20.679,36.786
41.036,36.792,-5.2909,-37.168,17.769,15.279,-21.265,4.1072,1.8193,19.614,18.629,33.759
38.249,32.253,-4.9746,-33.899,17.889,12.106,-21.512,2.8852,0.092976,16.718,16.41,30.591
35.498,28.727,-3.6837,-30.831,17.482,10.263,-21.64,1.6095,-1.7822,13.847,14.11,27.223
32.626,25.696,-3.239,-27.798,16.6,8.6224,-21.718,0.27943,-3.8162,11.128,11.811,23.585
29.534,22.118,-3.7961,-24.569,15.435,5.9711,-21.794,-1.0848,-6.0143,8.6228,9.5674,19.714
26.201,17.086,-4.8027,-20.859,14.218,2.8963,-21.889,-2.447,-8.3701,6.3329,7.4073,15.817
22.676,11.157,-5.9255,-16.501,13.098,0.46005,-22.001,-3.7643,-10.859,4.2195,5.3353,12.199
19.045,6.087,-7.0289,-11.78,12.086,-1.2907,-22.108,-4.9924,-13.441,2.2277,3.3422,9.0691
15.412,2.5807,-8.0423,-7.4935,11.109,-2.6251,-22.185,-6.0909,-16.06,0.30214,1.4135,6.4555
11.891,0.21446,-8.9176,-4.2332,10.1,-3.725,-22.208,-7.0272,-18.66,-1.6036,-0.46619,4.2742
8.6207,-1.5201,-9.6231,-1.9738,9.0503,-4.6819,-22.157,-7.7832,-21.195,-3.5233,-2.3137,2.4218
5.7973,-2.9124,-10.144,-0.42731,8.0189,-5.5432,-22.022,-8.3613,-23.637,-5.478,-4.1474,0.81888
3.616,-4.1027,-10.488,0.65877,7.0844,-6.3392,-21.805,-8.7855,-25.975,-7.4787,-5.9861,-0.58983
2.1146,-5.1762,-10.69,1.466,6.2933,-7.0977,-21.52,-9.0951,-28.209,-9.5313,-7.8441,-1.8496
1.1308,-6.2126,-10.804,2.1402,5.652,-7.8572,-21.191,-9.3329,-30.338,-11.641,-9.7259,-3.0059
0.44869,-7.2937,-10.899,2.7989,5.1481,-8.6692,-20.844,-9.5356,-32.347,-13.806,-11.613,-4.1
-0.086994,-8.466,-11.04,3.5168,4.7643,-9.5701,-20.506,-9.7316,-34.202,-16.005,-13.462,-5.1554
-0.5599,-9.6934,-11.247,4.3064,4.4783,-10.532,-20.203,-9.9434,-35.859,-18.19,-15.205,-6.1673
-1.0041,-10.856,-11.491,5.1155,4.2606,-11.449,-19.96,-10.189,-37.278,-20.279,-16.768,-7.1062
-1.4275,-11.814,-11.718,5.8603,4.0776,-12.197,-19.801,-10.48,-38.439,-22.174,-18.089,-7.9384
-1.8336,-12.497,-11.888,6.4804,3.8975,-12.715,-19.735,-10.813,-39.35,-23.794,-19.133,-8.6477
-2.2311,-12.938,-11.979,6.9717,3.696,-13.028,-19.752,-11.17,-40.042,-25.096,-19.897,-9.2452
-2.6309,-13.242,-11.992,7.3762,3.4625,-13.217,-19.82,-11.523,-40.56,-26.09,-20.399,-9.7621
-3.0363,-13.524,-11.945,7.7492,3.2026,-13.363,-19.889,-11.838,-40.959,-26.819,-20.674,-10.233
-3.4383,-13.86,-11.859,8.1296,2.9367,-13.521,-19.912,-12.089,-41.293,-27.342,-20.763,-10.683
-3.818,-14.27,-11.758,8.5305,2.6918,-13.713,-19.858,-12.263,-41.612,-27.71,-20.707,-11.118
-4.157,-14.737,-11.662,8.9466,2.4906,-13.94,-19.716,-12.359,-41.964,-27.959,-20.543,-11.528
-4.4463,-15.241,-11.586,9.3716,2.3433,-14.207,-19.504,-12.394,-42.38,-28.109,-20.304,-11.9
-4.692,-15.773,-11.533,9.8109,2.2434,-14.517,-19.258,-12.391,-42.873,-28.171,-20.01,-12.226
-4.9133,-16.325,-11.491,10.278,2.1713,-14.86,-19.021,-12.38,-43.436,-28.154,-19.675,-12.507
-5.1339,-16.874,-11.433,10.777,2.1023,-15.205,-18.831,-12.384,-44.04,-28.07,-19.304,-12.756
-5.3674,-17.372,-11.333,11.29,2.0174,-15.499,-18.711,-12.414,-44.648,-27.931,-18.894,-12.976
-5.6064,-17.755,-11.179,11.768,1.9111,-15.69,-18.667,-12.464,-45.214,-27.75,-18.434,-13.158
-5.8219,-17.961,-10.984,12.14,1.7952,-15.751,-18.691,-12.513,-45.701,-27.534,-17.914,-13.272
-5.9753,-17.956,-10.786,12.348,1.6929,-15.689,-18.762,-12.529,-46.085,-27.283,-17.322,-13.286
-6.0374,-17.761,-10.632,12.366,1.629,-15.554,-18.857,-12.478,-46.357,-26.99,-16.652,-13.18
-6.0043,-17.445,-10.569,12.221,1.6181,-15.417,-18.949,-12.335,-46.52,-26.649,-15.908,-12.959
-5.9011,-17.113,-10.623,11.983,1.6588,-15.356,-19.021,-12.087,-46.587,-26.26,-15.109,-12.65
-5.7707,-16.854,-10.793,11.736,1.7351,-15.413,-19.059,-11.741,-46.569,-25.831,-14.292,-12.295
-5.653,-16.688,-11.037,11.536,1.8237,-15.565,-19.067,-11.316,-46.474,-25.379,-13.513,-11.937
-5.5685,-16.53,-11.261,11.375,1.8993,-15.683,-19.057,-10.843,-46.298,-24.921,-12.833,-11.621
-5.5161,-16.176,-11.317,11.173,1.9347,-15.526,-19.051,-10.35,-46.017,-24.458,-12.309,-11.383
-5.4841,-15.361,-11.019,10.806,1.898,-14.788,-19.063,-9.8506,-45.582,-23.947,-11.961,-11.245
-5.4653,-13.931,-10.255,10.165,1.745,-13.32,-19.077,-9.3243,-44.891,-23.267,-11.742,-11.193
-5.4646,-12.254,-9.9839,9.2401,1.4053,-11.927,-19.021,-8.695,-43.751,-22.176,-11.503,-11.143
-5.4924,-12.825,-15.083,8.229,1.02,-15.855,-18.747,-7.8024,-41.802,-20.309,-10.972,-10.911
-5.5465,-21.553,-16.207,7.7436,3.2917,-20.824,-18.016,-6.3676,-38.42,-17.286,-9.7602,-10.213
-5.5871,-25.749,-17.423,9.445,5.3069,-21.685,-16.514,-3.9589,-32.884,-13.303,-7.4515,-8.7463
-5.52,-26.036,-18.687,14.926,6.0201,-22.349,-14.067,-0.17039,-27.687,-14.667,-4.2808,-6.553
-5.1934,-25.126,-19.081,18.039,6.1514,-22.234,-12.969,-5.6989,-44.848,-38.622,-14.244,-8.2767
-4.4318,-22.305,-17.201,17.201,5.3069,-20.267,-26.013,-13.324,-49.859,-38.402,-21.645,-26.168
-3.3118,-16.146,-11.214,14.221,2.0121,-15.026,-29.013,-14.521,-48.555,-35.969,-22.777,-26.269
-7.6309,-4.8288,0.62565,9.2865,-5.0887,-4.5135,-28.42,-15.758,-45.643,-31.205,-22.743,-25.665
-10.741,13.212,19.859,2.0998,-16.249,13.614,-26.586,-15.396,-39.16,-22.068,-21.086,-24.221
-14.06,37.944,47.213,-7.9044,-31.294,40.045,-22.557,-10.466,-26.264,-5.5376,-16.541,-20.883
-17.585,66.948,80.115,-20.469,-48.861,71.001,-15.426,2.4926,-3.2719,22.079,-6.197,-13.48
-20.213,97.875,114.05,-34.512,-66.767,103.03,-3.5826,27.124,34.467,65.099,16.512,1.4461
-19.924,127.55,144.37,-49.464,-81.934,132.73,15.918,67.916,92.835,128.08,63.495,28.776
-13.668,152.3,165.78,-65.581,-89.92,156.14,45.765,130.24,178.6,215.27,137.68,73.02
0.58055,172.75,173.38,-83.549,-87.033,171.25,87.532,217.46,297.06,331.42,229.3,135.28
24.213,189.65,164.38,-104.04,-70.854,176.34,138.1,327.4,448.62,479.34,347.96,219.78
59.205,202.03,139.03,-128.16,-40.705,170.5,188.29,449.53,625.61,659.5,498.5,330.53
106.84,212.49,100.13,-157.93,2.3779,156.0,225.53,565.96,810.84,869.46,681.69,469.32
167.24,224.99,51.822,-195.07,56.156,137.27,236.07,654.37,980.55,1102.2,896.44,635.74
239.1,242.15,-1.5853,-240.16,117.84,118.05,206.84,692.83,1109.5,1347.7,1139.5,827.12
319.37,264.18,-57.194,-291.96,184.87,100.48,129.95,666.38,1176.4,1593.1,1404.1,1038.2
403.65,287.61,-115.3,-346.54,255.57,83.736,7.4884,572.48,1168.8,1823.9,1678.2,1260.0
487.11,304.22,-180.24,-397.16,329.61,60.994,-147.15,423.29,1087.0,2024.8,1943.4,1478.6
564.6,301.98,-259.32,-434.95,407.77,21.556,-311.59,243.18,945.02,2180.7,2175.6,1674.7
630.74,268.87,-359.23,-451.18,490.67,-44.247,-460.27,61.391,765.52,2277.4,2347.2,1825.8
680.37,197.91,-480.99,-440.06,576.42,-140.21,-571.99,-97.611,570.75,2301.7,2432.4,1910.6
708.9,91.524,-616.72,-400.81,658.91,-260.93,-635.97,-222.12,374.01,2241.0,2411.7,1913.4
712.71,-38.089,-750.87,-337.59,728.39,-392.77,-653.77,-315.06,176.01,2084.3,2276.2,1826.9
689.61,-174.67,-865.56,-257.36,774.69,-518.93,-636.31,-388.5,-31.493,1824.7,2028.5,1653.6
639.63,-304.43,-947.25,-167.16,790.95,-625.66,-598.19,-454.29,-257.44,1463.2,1681.8,1404.0
565.57,-419.17,-990.45,-72.52,775.83,-705.82,-552.53,-519.78,-504.44,1012.3,1257.6,1095.4
472.95,-515.88,-997.43,22.363,733.24,-758.64,-508.35,-588.05,-765.43,498.54,785.71,750.23
369.54,-594.16,-975.12,113.41,670.48,-787.01,-470.58,-656.9,-1023.4,-37.921,302.81,396.35
264.58,-653.46,-931.7,195.7,596.08,-794.56,-441.57,-720.81,-1255.8,-547.1,-149.5,64.309
167.44,-691.73,-874.04,263.57,518.04,-783.87,-422.34,-774.62,-1441.7,-978.23,-531.28,-217.12
85.475,-706.13,-806.53,311.85,442.34,-756.08,-413.18,-815.03,-1567.0,-1292.0,-813.36,-427.59
22.204,-695.01,-731.19,337.74,372.08,-711.71,-412.72,-840.46,-1626.7,-1471.5,-985.09,-560.45
-23.11,-659.62,-648.9,342.22,307.67,-652.05,-416.41,-850.19,-1626.1,-1526.2,-1056.3,-623.5
-53.844,-604.6,-561.11,329.63,248.35,-580.24,-418.24,-843.34,-1577.7,-1486.0,-1052.1,-634.56
-74.329,-537.06,-470.84,306.03,193.42,-501.4,-412.84,-818.59,-1496.7,-1388.8,-1002.9,-614.24
-88.719,-464.95,-382.56,277.44,142.69,-421.71,-396.6,-774.63,-1395.4,-1268.2,-931.8,-579.67
-99.696,-395.33,-301.24,248.46,96.657,-346.86,-368.31,-711.24,-1282.0,-1146.7,-854.03,-541.44
-108.14,-333.04,-231.07,221.67,56.532,-280.65,-329.27,-630.69,-1160.9,-1035.3,-779.28,-503.71
-113.64,-280.06,-174.2,197.8,24.078,-225.23,-282.72,-538.41,-1033.9,-934.15,-710.4,-466.37
-115.65,-235.84,-130.01,176.39,0.10085,-180.53,-232.86,-442.0,-903.33,-835.55,-645.9,-427.6
-113.5,-198.68,-96.966,156.3,-15.898,-144.89,-183.74,-348.57,-773.49,-735.25,-582.4,-384.65
-106.14,-167.05,-73.239,136.55,-23.706,-117.19,-138.31,-262.69,-649.13,-631.94,-515.56,-333.27
-92.47,-139.12,-56.553,116.45,-25.235,-95.506,-98.156,-186.67,-534.88,-532.89,-446.84,-279.01
-74.592,-113.62,-45.354,95.48,-22.808,-77.962,-64.05,-121.8,-433.57,-441.37,-379.44,-230.49
-56.787,-89.975,-38.211,74.499,-18.616,-63.324,-36.648,-68.745,-346.58,-360.84,-317.23,-190.42
-42.774,-69.695,-33.039,56.752,-14.831,-50.589,-15.922,-27.682,-273.39,-295.22,-264.4,-159.73
-33.897,-55.464,-27.295,44.514,-12.775,-40.14,-0.869,2.004,-212.99,-245.28,-222.76,-137.66
-29.667,-46.097,-19.989,36.684,-11.774,-32.579,9.5446,23.263,-168.1,-207.73,-191.74,-122.19
-28.928,-38.963,-12.979,31.867,-11.55,-26.976,15.897,40.202,-135.98,-178.64,-169.05,-111.13
-30.329,-32.691,-7.8287,29.163,-13.031,-21.773,18.447,54.784,-111.56,-155.97,-151.8,-102.57
-32.458,-27.12,-2.9385,27.686,-14.586,-16.404,17.303,65.873,-92.349,-138.31,-137.48,-95.259
-33.853,-22.349,1.9776,26.498,-15.625,-11.395,9.3123,71.192,-77.691,-124.18,-124.62,-88.555
-32.896,-18.471,3.8451,24.771,-15.936,-7.7097,2.1714,52.214,-66.992,-112.15,-112.73,-82.128
-28.042,-15.644,2.1626,21.886,-15.716,-5.8896,3.2548,15.209,-58.668,-101.11,-101.86,-75.671
-21.321,-13.009,0.99316,18.41,-15.274,-5.0595,4.3224,11.398,-49.988,-90.132,-92.099,-68.95
-16.929,-9.8471,1.0016,15.299,-14.817,-3.954,4.8453,10.64,-37.798,-78.528,-83.464,-62.38
-14.751,-7.4336,1.4093,12.751,-14.456,-2.9152,4.9886,9.0604,-22.254,-66.065,-75.663,-56.259
-13.594,-5.7418,1.9183,10.753,-14.256,-2.0552,4.9366,6.5623,-9.7756,-53.399,-68.363,-50.248
-12.87,-4.4767,2.4281,9.1413,-14.211,-1.3324,4.835,3.5858,-2.3891,-41.89,-61.396,-44.104
-12.283,-3.467,2.8591,7.7538,-14.194,-0.71609,4.772,0.52569,2.3171,-32.44,-54.631,-38.199
-11.612,-2.6321,3.1183,6.5001,-13.98,-0.20075,4.7785,-2.3348,5.969,-24.927,-47.997,-33.233
-10.717,-1.9358,3.1277,5.3701,-13.374,0.20516,4.851,-4.8433,9.2696,-18.929,-41.812,-29.364
-9.6324,-1.3593,2.8657,4.393,-12.362,0.49466,4.9839,-7.0717,12.5,-14.173,-36.585,-26.21
-8.5035,-0.88822,2.3833,3.5882,-11.132,0.67431,5.1854,-9.1627,15.769,-10.446,-32.419,-23.398
-7.4456,-0.50815,1.7827,2.947,-9.9318,0.7664,5.4693,-11.094,19.131,-7.5231,-29.059,-20.745
-6.5144,-0.20463,1.1714,2.4427,-8.9156,0.7997,5.839,-12.699,22.657,-5.1898,-26.217,-18.192
-5.723,0.035305,0.6228,2.0428,-8.1218,0.79595,6.2836,-13.817,26.44,-3.2753,-23.687,-15.734
-5.0505,0.22202,0.15878,1.7156,-7.5146,0.76131,6.7854,-14.372,30.586,-1.6553,-21.345,-13.398
-4.4509,0.3636,-0.24518,1.4319,-7.0141,0.68771,7.3301,-14.381,35.187,-0.24375,-19.136,-11.238
-3.8719,0.4683,-0.63721,1.168,-6.5212,0.56374,7.9114,-13.921,40.292,1.0162,-17.054,-9.3066
-3.2771,0.54819,-1.0681,0.90803,-5.9561,0.38849,8.5287,-13.093,45.866,2.1593,-15.127,-7.6332
-2.6624,0.62133,-1.5819,0.64474,-5.2934,0.17946,9.1826,-11.998,51.731,3.2088,-13.386,-6.216
-2.0518,0.7106,-2.1978,0.3776,-4.5653,-0.029722,9.8719,-10.717,57.608,4.192,-11.843,-5.0248
-1.4792,0.83963,-2.8851,0.10899,-3.8361,-0.19782,10.592,-9.3112,63.253,5.154,-10.485,-4.0134
-0.97139,1.0274,-3.5656,-0.15855,-3.1748,-0.28628,11.339,-7.8163,68.571,6.1624,-9.2746,-3.1325
-0.54185,1.2828,-4.1543,-0.4233,-2.6302,-0.26907,12.108,-6.2494,73.612,7.2987,-8.1749,-2.3421
-0.19023,1.6015,-4.602,-0.68369,-2.2157,-0.13976,12.896,-4.6162,78.466,8.6428,-7.1578,-1.6194
0.094944,1.9661,-4.9024,-0.93785,-1.9126,0.086981,13.694,-2.9192,83.175,10.258,-6.2124,-0.95974
0.33066,2.3537,-5.0658,-1.1848,-1.6893,0.38173,14.486,-1.1592,87.709,12.18,-5.3391,-0.36938
0.53275,2.7487,-5.0907,-1.4271,-1.5228,0.71559,15.252,0.66705,91.996,14.411,-4.5403,0.14396
0.71051,3.154,-4.9564,-1.6726,-1.4111,1.079,15.979,2.571,95.977,16.921,-3.8133,0.57898
0.86434,3.5936,-4.6323,-1.9326,-1.3737,1.4894,16.672,4.5732,99.648,19.659,-3.1476,0.94406
0.98756,4.1022,-4.0995,-2.2179,-1.4401,1.9806,17.35,6.6984,103.06,22.573,-2.5261,1.2568
1.0714,4.7084,-3.3664,-2.5328,-1.631,2.5807,18.044,8.969,106.33,25.635,-1.9258,1.5405
1.111,5.4199,-2.4743,-2.8724,-1.9432,3.2945,18.787,11.398,109.55,28.857,-1.3203,1.82
1.1098,6.2178,-1.4908,-3.2224,-2.3446,4.0962,19.605,13.989,112.84,32.285,-0.68431,2.1166
1.0832,7.061,-0.50006,-3.5648,-2.7821,4.9367,20.518,16.739,116.26,35.976,0.0012886,2.4434
1.0579,7.9031,0.40869,-3.889,-3.1973,5.7616,21.528,19.65,119.81,39.976,0.74766,2.8028
1.068,8.7139,1.1583,-4.1999,-3.5437,6.5331,22.619,22.734,123.46,44.301,1.5611,3.1854
1.1451,9.4933,1.7129,-4.5185,-3.7974,7.2411,23.761,26.016,127.17,48.941,2.4498,3.5729
1.31,10.267,2.0973,-4.8734,-3.9611,7.8988,24.917,29.535,130.87,53.868,3.4283,3.9445
1.5673,11.067,2.3774,-5.2884,-4.0584,8.526,26.06,33.33,134.58,59.03,4.5175,4.285
1.9035,11.914,2.6175,-5.7736,-4.1213,9.1336,27.183,37.432,138.33,64.354,5.7395,4.5923
2.2877,12.805,2.8524,-6.3207,-4.1735,9.7161,28.304,41.851,142.2,69.767,7.1124,4.8782
2.6767,13.719,3.0809,-6.9036,-4.2166,10.256,29.453,46.572,146.3,75.209,8.6493,5.1656
3.0301,14.634,3.2727,-7.4905,-4.2291,10.735,30.663,51.553,150.7,80.638,10.366,5.4846
3.3331,15.545,3.3884,-8.0662,-4.1795,11.149,31.954,56.732,155.47,86.025,12.291,5.8712
3.609,16.484,3.4047,-8.6545,-4.046,11.517,33.33,62.037,160.61,91.349,14.482,6.3667
3.9132,17.51,3.3312,-9.3262,-3.8277,11.877,34.781,67.394,166.09,96.604,17.029,7.0155
4.314,18.688,3.2098,-10.184,-3.5437,12.264,36.281,72.737,171.84,101.79,20.036,7.8601
4.8843,20.058,3.0969,-11.334,-3.2219,12.696,37.791,78.014,177.81,106.94,23.579,8.9328
5.7086,21.61,3.0412,-12.85,-2.8899,13.17,39.271,83.19,183.99,112.06,27.651,10.248
6.8919,23.29,3.0707,-14.736,-2.5722,13.665,40.699,88.251,190.4,117.2,32.116,11.801
8.5283,25.031,3.1936,-16.905,-2.2873,14.168,42.103,93.202,197.1,122.4,36.745,13.573
10.598,26.79,3.4059,-19.213,-2.0409,14.681,43.565,98.083,204.2,127.69,41.305,15.552
12.888,28.574,3.693,-21.532,-1.8181,15.236,45.196,102.96,211.8,133.13,45.637,17.736
15.125,30.442,4.0255,-23.822,-1.5829,15.887,47.091,107.93,219.95,138.74,49.698,20.132
17.194,32.477,4.358,-26.122,-1.2888,16.702,49.287,113.1,228.69,144.55,53.558,22.747
19.171,34.753,4.6406,-28.52,-0.89555,17.743,51.745,118.55,238.0,150.57,57.376,25.577
21.2,37.316,4.835,-31.097,-0.38025,19.05,54.378,124.32,247.88,156.88,61.352,28.603
23.382,40.171,4.928,-33.891,0.26032,20.628,57.092,130.43,258.31,163.53,65.664,31.802
25.748,43.298,4.9394,-36.865,1.0123,22.444,59.825,136.87,269.35,170.64,70.383,35.172
28.283,46.673,4.9234,-39.91,1.8558,24.445,62.559,143.68,281.05,178.26,75.428,38.763
30.976,50.293,4.9533,-42.896,2.7845,26.6,65.31,150.93,293.48,186.43,80.605,42.657
33.851,54.156,5.0943,-45.743,3.8225,28.901,68.113,158.61,306.68,195.13,85.745,46.897
36.941,58.242,5.3786,-48.462,5.0113,31.353,71.004,166.64,320.67,204.32,90.784,51.419
40.248,62.488,5.7993,-51.164,6.3692,33.961,74.004,174.95,335.34,214.0,95.767,56.096
43.745,66.806,6.3201,-54.038,7.8703,36.728,77.125,183.54,350.59,224.21,100.8,60.837
47.413,71.102,6.8936,-57.322,9.4868,39.649,80.369,192.51,366.29,235.0,105.99,65.638
51.253,75.297,7.4796,-61.214,11.24,42.701,83.737,201.94,382.4,246.42,111.43,70.557
55.262,79.368,8.0593,-65.715,13.178,45.836,87.231,211.88,398.95,258.45,117.2,75.667
59.401,83.379,8.6416,-70.538,15.292,48.995,90.853,222.41,416.08,271.03,123.31,81.037
63.602,87.474,9.2572,-75.29,17.451,52.142,94.599,233.64,433.95,284.06,129.74,86.731
67.767,91.799,9.9382,-79.743,19.455,55.282,98.435,245.6,452.7,297.46,136.49,92.792
71.794,96.427,10.695,-83.899,21.171,58.445,102.28,258.23,472.28,311.16,143.55,99.235
75.63,101.37,11.506,-87.902,22.607,61.653,106.03,271.32,492.52,325.14,150.99,106.05
79.307,106.6,12.32,-91.945,23.872,64.899,109.57,284.65,513.11,339.39,158.91,113.21
82.941,112.13,13.076,-96.221,25.115,68.156,112.82,297.96,533.73,353.98,167.48,120.67
86.696,117.89,13.738,-100.89,26.48,71.404,115.75,311.1,554.19,368.99,176.87,128.37
90.765,123.82,14.292,-106.01,28.083,74.632,118.4,324.08,574.36,384.53,187.2,136.3
95.313,129.83,14.748,-111.53,29.962,77.837,120.82,337.04,594.22,400.68,198.52,144.5
100.38,135.83,15.123,-117.28,32.061,81.006,123.07,350.2,613.84,417.43,210.74,153.08
105.83,141.77,15.433,-123.06,34.29,84.116,125.22,363.72,633.29,434.71,223.62,162.18
111.33,147.57,15.692,-128.72,36.606,87.138,127.31,377.67,652.65,452.36,236.88,171.92
116.65,153.21,15.907,-134.21,38.987,90.046,129.33,392.01,671.84,470.19,250.26,182.31
121.69,158.7,16.081,-139.55,41.391,92.822,131.29,406.51,690.7,487.93,263.64,193.25
126.52,164.07,16.208,-144.8,43.768,95.455,133.15,420.82,708.94,505.29,277.02,204.49
131.29,169.35,16.273,-150.02,46.097,97.935,134.9,434.49,726.29,522.11,290.47,215.74
136.14,174.56,16.261,-155.24,48.397,100.25,136.49,447.04,742.53,538.31,304.07,226.68
141.16,179.63,16.156,-160.45,50.717,102.37,137.9,458.12,757.55,553.9,317.85,237.11
146.35,184.47,15.949,-165.56,53.119,104.26,139.08,467.6,771.37,568.89,331.75,247.0
151.57,188.95,15.639,-170.46,55.648,105.91,139.95,475.57,784.08,583.31,345.66,256.47
156.62,192.98,15.238,-175.03,58.291,107.32,140.42,482.2,795.75,597.15,359.41,265.73
161.31,196.53,14.764,-179.21,60.955,108.52,140.42,487.59,806.39,610.34,372.88,274.94
165.55,199.64,14.244,-182.97,63.512,109.54,139.93,491.74,815.92,622.79,385.91,284.19
169.37,202.35,13.701,-186.36,65.875,110.43,139.02,494.58,824.1,634.31,398.35,293.36
172.86,204.73,13.148,-189.44,68.034,111.21,137.79,496.13,830.66,644.72,410.01,302.22
176.14,206.82,12.583,-192.27,70.039,111.88,136.32,496.52,835.36,653.9,420.77,310.44
179.31,208.67,11.993,-194.9,71.968,112.44,134.63,495.91,838.15,661.78,430.57,317.79
182.39,210.29,11.374,-197.31,73.887,112.87,132.71,494.45,839.03,668.37,439.4,324.17
185.29,211.69,10.74,-199.48,75.786,113.19,130.5,492.23,838.07,673.72,447.16,329.6
187.85,212.85,10.139,-201.35,77.57,113.41,127.96,489.28,835.25,677.91,453.76,334.14
189.92,213.77,9.6401,-202.87,79.127,113.55,125.08,485.6,830.53,680.98,459.18,337.92
191.47,214.44,9.309,-204.02,80.396,113.64,121.9,481.2,823.89,682.91,463.5,341.03
192.52,214.89,9.1792,-204.79,81.352,113.68,118.48,476.03,815.44,683.67,466.85,343.52
193.04,215.12,9.2372,-205.19,81.942,113.68,114.89,469.96,805.39,683.15,469.32,345.34
192.96,215.08,9.4304,-205.2,82.055,113.62,111.18,462.79,793.98,681.24,470.93,346.38
192.16,214.74,9.6886,-204.74,81.582,113.51,107.39,454.33,781.39,677.85,471.61,346.5
190.6,214.03,9.9495,-203.74,80.532,113.29,103.54,444.5,767.68,672.94,471.22,345.59
188.33,212.82,10.176,-202.11,79.058,112.95,99.65,433.43,752.8,666.52,469.62,343.58
185.48,210.99,10.36,-199.79,77.349,112.41,95.775,421.35,736.57,658.62,466.69,340.46
182.18,208.39,10.513,-196.77,75.524,111.6,91.951,408.46,718.76,649.33,462.37,336.25
178.47,204.95,10.652,-193.12,73.617,110.43,88.193,394.91,699.15,638.66,456.59,330.99
174.39,200.77,10.791,-188.96,71.603,108.85,84.469,380.7,677.63,626.6,449.25,324.81
169.91,196.07,10.928,-184.37,69.438,106.84,80.705,365.78,654.33,613.06,440.25,317.86
165.04,191.09,11.035,-179.41,67.092,104.46,76.812,350.09,629.55,597.95,429.59,310.24
159.84,185.91,11.055,-174.08,64.599,101.78,72.726,333.61,603.76,581.26,417.5,301.97
154.38,180.53,10.926,-168.38,62.053,98.827,68.425,316.43,577.4,563.04,404.4,292.96
148.75,174.87,10.599,-162.33,59.551,95.639,63.942,298.75,550.81,543.42,390.77,283.07
143.0,168.83,10.064,-155.96,57.124,92.242,59.342,280.89,524.2,522.53,376.9,272.24
137.18,162.37,9.3507,-149.35,54.716,88.684,54.688,263.17,497.63,500.5,362.8,260.5
131.31,155.5,8.5244,-142.62,52.224,85.056,50.004,245.86,471.01,477.53,348.3,248.0
125.38,148.38,7.6698,-135.9,49.544,81.469,45.285,229.03,444.21,453.87,333.22,234.97
119.38,141.22,6.8635,-129.36,46.611,78.011,40.528,212.62,417.12,429.8,317.47,221.66
113.33,134.28,6.1529,-123.13,43.446,74.713,35.746,196.48,389.82,405.61,301.11,208.31
107.28,127.71,5.548,-117.24,40.157,71.555,30.969,180.49,362.62,381.54,284.42,195.12
101.22,121.56,5.0249,-111.63,36.89,68.482,26.233,164.66,335.95,357.77,267.81,182.22
95.117,115.72,4.5412,-106.13,33.77,65.426,21.591,149.01,310.22,334.48,251.74,169.7
88.918,109.97,4.0586,-100.51,30.869,62.328,17.133,133.62,285.67,311.81,236.56,157.56
82.627,104.07,3.5649,-94.591,28.212,59.153,13.0,118.55,262.34,289.9,222.43,145.77
76.353,97.916,3.0794,-88.342,25.784,55.882,9.3579,103.94,240.06,268.77,209.24,134.28
70.286,91.729,2.6366,-81.907,23.539,52.477,6.3165,89.934,218.58,248.37,196.65,123.06
64.622,85.933,2.2649,-75.539,21.407,48.895,3.8557,76.741,197.71,228.56,184.24,112.12
59.474,80.542,1.972,-69.449,19.303,45.148,1.8337,64.548,177.36,209.21,171.66,101.52
54.829,75.067,1.742,-63.71,17.164,41.317,0.077263,53.458,157.64,190.28,158.78,91.34
50.607,69.202,1.5391,-58.316,14.969,37.504,-1.5444,43.415,138.71,171.83,145.89,81.718
46.767,63.049,1.317,-53.319,12.745,33.779,-3.1024,34.146,120.81,154.05,133.5,72.78
43.245,56.886,1.0333,-48.808,10.56,30.176,-4.625,25.298,104.09,137.17,122.05,64.59
39.886,50.979,0.66516,-44.78,8.5387,26.726,-6.1204,17.061,88.64,121.39,111.8,57.117
36.524,45.533,0.21978,-41.13,6.7986,23.485,-7.5894,10.214,74.405,106.86,102.7,50.228
33.064,40.684,-0.26869,-37.714,5.3816,20.534,-9.0298,4.9506,61.133,93.632,94.553,43.744
29.48,36.488,-0.7525,-34.42,4.2535,17.958,-10.434,0.77674,48.388,81.62,87.09,37.571
25.781,32.887,-1.1902,-31.189,3.3458,15.773,-11.788,-2.7644,35.947,70.553,79.965,31.697
21.986,29.694,-1.5575,-28.001,2.5893,13.898,-13.063,-5.8995,24.633,59.988,72.807,25.957
18.094,26.588,-1.8462,-24.796,1.9309,12.183,-14.229,-8.7282,15.834,49.664,65.382,20.101
14.075,23.16,-2.0594,-21.389,1.3371,10.489,-15.264,-11.304,9.6771,39.999,57.964,14.343
10.048,19.143,-2.2101,-17.466,0.78816,8.7626,-16.173,-13.663,5.291,31.549,51.259,9.3882
6.6196,14.865,-2.3247,-13.019,0.2737,7.0752,-16.991,-15.824,1.8847,24.318,45.593,5.6408
4.3156,11.123,-2.4421,-8.9457,-0.20714,5.5534,-17.77,-17.787,-1.0307,18.229,40.68,2.9359
2.9256,8.344,-2.6022,-6.1067,-0.64717,4.2727,-18.55,-19.533,-3.7475,13.295,36.155,0.92493
2.0232,6.3933,-2.8334,-4.3755,-1.0373,3.2252,-19.341,-21.034,-6.4339,9.4095,31.819,-0.6587
1.3516,4.9815,-3.1447,-3.2796,-1.3742,2.3574,-20.107,-22.271,-9.1613,6.344,27.608,-1.9679
0.79632,3.8862,-3.5258,-2.4988,-1.6627,1.6121,-20.793,-23.239,-11.917,3.8602,23.534,-3.0847
0.30875,2.9749,-3.9506,-1.8762,-1.9135,0.94789,-21.337,-23.958,-14.626,1.7697,19.651,-4.0606
-0.13161,2.1791,-4.3825,-1.3438,-2.1378,0.3427,-21.702,-24.464,-17.184,-0.056743,16.026,-4.9392
-0.53355,1.4697,-4.7805,-0.87569,-2.3448,-0.21081,-21.874,-24.8,-19.495,-1.7004,12.706,-5.7625
-0.90142,0.83735,-5.108,-0.46369,-2.5421,-0.71268,-21.869,-25.0,-21.498,-3.2102,9.698,-6.568
-1.2382,0.27804,-5.3424,-0.10422,-2.7365,-1.1625,-21.714,-25.077,-23.175,-4.6172,6.9689,-7.3847
-1.5461,-0.21446,-5.48,0.20798,-2.9316,-1.5631,-21.436,-25.027,-24.545,-5.945,4.4654,-8.2326
-1.8253,-0.65023,-5.5387,0.48043,-3.1231,-1.921,-21.06,-24.842,-25.649,-7.214,2.1302,-9.1254
-2.0729,-1.0401,-5.5533,0.72006,-3.2964,-2.2446,-20.599,-24.519,-26.537,-8.4422,-0.085705,-10.075
-2.2835,-1.3914,-5.5645,0.93068,-3.4308,-2.5408,-20.049,-24.078,-27.259,-9.6465,-2.2182,-11.089
-2.4518,-1.7056,-5.6031,1.113,-3.5093,-2.8115,-19.397,-23.556,-27.86,-10.846,-4.289,-12.17
-2.5759,-1.9784,-5.6776,1.2665,-3.5274,-3.0514,-18.622,-22.993,-28.381,-12.063,-6.308,-13.315
-2.659,-2.2033,-5.775,1.3923,-3.4956,-3.2491,-17.707,-22.422,-28.849,-13.328,-8.2751,-14.509
-2.7112,-2.3763,-5.8724,1.4947,-3.4348,-3.3928,-16.647,-21.85,-29.274,-14.659,-10.184,-15.734
-2.7479,-2.5008,-5.9501,1.5823,-3.3698,-3.4769,-15.454,-21.265,-29.637,-16.057,-12.025,-16.972
-2.7884,-2.5894,-5.998,1.6674,-3.3238,-3.5066,-14.15,-20.636,-29.888,-17.489,-13.787,-18.201
-2.8514,-2.6597,-6.0164,1.7622,-3.3135,-3.4955,-12.768,-19.94,-29.964,-18.9,-15.454,-19.402
-2.9495,-2.7266,-6.0098,1.8748,-3.3472,-3.4588,-11.342,-19.165,-29.802,-20.224,-17.005,-20.562
-3.0827,-2.7964,-5.9782,2.0038,-3.4246,-3.4064,-9.9135,-18.318,-29.363,-21.407,-18.41,-21.673
-3.2374,-2.8641,-5.9103,2.1374,-3.5402,-3.3398,-8.5229,-17.415,-28.639,-22.42,-19.637,-22.733
-3.3925,-2.9163,-5.7852,2.2577,-3.6868,-3.2521,-7.2121,-16.474,-27.656,-23.262,-20.657,-23.752
-3.5318,-2.9396,-5.578,2.3489,-3.8594,-3.1334,-6.0174,-15.507,-26.465,-23.954,-21.456,-24.739
-3.6541,-2.9274,-5.2698,2.4059,-4.0578,-2.9767,-4.9621,-14.513,-25.135,-24.523,-22.037,-25.701
-3.7735,-2.882,-4.8541,2.4356,-4.2873,-2.7811,-4.051,-13.486,-23.733,-24.997,-22.424,-26.624
-3.9101,-2.813,-4.3401,2.451,-4.554,-2.5512,-3.2708,-12.413,-22.313,-25.39,-22.654,-27.48
-4.0771,-2.7286,-3.7508,2.4626,-4.8586,-2.2939,-2.5974,-11.29,-20.91,-25.712,-22.758,-28.225
-4.2744,-2.6314,-3.1171,2.473,-5.1917,-2.0162,-2.0047,-10.123,-19.54,-25.959,-22.755,-28.819
-4.4889,-2.5177,-2.474,2.4775,-5.5345,-1.7245,-1.4723,-8.9295,-18.199,-26.119,-22.648,-29.239
-4.701,-2.3823,-1.8553,2.468,-5.8645,-1.4234,-0.98921,-7.7324,-16.869,-26.172,-22.428,-29.477
-4.8925,-2.2246,-1.2898,2.4397,-6.1608,-1.12,-0.55127,-6.5508,-15.521,-26.091,-22.085,-29.549
-5.0539,-2.053,-0.79712,2.3948,-6.4084,-0.8272,-0.15777,-5.3962,-14.128,-25.853,-21.617,-29.487
-5.1858,-1.8843,-0.38145,2.344,-6.6024,-0.56232,0.19203,-4.2659,-12.678,-25.437,-21.034,-29.335
-5.2971,-1.7369,-0.028987,2.3005,-6.7516,-0.34253,0.50076,-3.1451,-11.187,-24.833,-20.355,-29.13
-5.3976,-1.6223,0.2879,2.2731,-6.8781,-0.17669,0.7741,-2.0174,-9.6956,-24.047,-19.606,-28.899
-5.4913,-1.5396,0.60046,2.2609,-7.0097,-0.06104,1.0218,-0.87203,-8.2553,-23.107,-18.816,-28.646
-5.5731,-1.4767,0.93032,2.2536,-7.1655,0.01722,1.2581,0.29062,-6.9152,-22.055,-18.012,-28.364
-5.6299,-1.4204,1.2776,2.2379,-7.3415,0.070309,1.4998,1.4607,-5.7044,-20.944,-17.218,-28.035
-5.6491,-1.3654,1.6173,2.207,-7.5054,0.10125,1.7621,2.6259,-4.6263,-19.811,-16.451,-27.647
-5.628,-1.3185,1.907,2.167,-7.6131,0.10194,2.0536,3.7777,-3.6604,-18.677,-15.724,-27.197
-5.5804,-1.2957,2.1049,2.1369,-7.6354,0.058606,2.373,4.9111,-2.7724,-17.545,-15.042,-26.695
-5.5335,-1.3149,2.1885,2.14,-7.5755,-0.035741,2.7105,6.0206,-1.9293,-16.411,-14.413,-26.16
-5.5171,-1.3869,2.1641,2.1944,-7.462,-0.17972,3.0534,7.0965,-1.1082,-15.276,-13.841,-25.609
-5.5524,-1.5105,2.063,2.3071,-7.3299,-0.35826,3.3914,8.1273,-0.29848,-14.153,-13.332,-25.048
-5.6459,-1.6737,1.9278,2.4717,-7.2081,-0.548,3.721,9.1058,0.50105,-13.062,-12.889,-24.464
-5.7875,-1.86,1.7957,2.6723,-7.112,-0.72706,4.0453,10.035,1.2868,-12.022,-12.506,-23.834
-5.9522,-2.0539,1.6831,2.8877,-7.0418,-0.88437,4.3741,10.933,2.0538,-11.046,-12.174,-23.129
-6.1059,-2.2471,1.5822,3.0967,-6.9815,-1.026,4.7204,11.824,2.7973,-10.135,-11.877,-22.323
-6.2148,-2.4393,1.4649,3.2828,-6.9026,-1.1683,5.0978,12.736,3.5137,-9.2831,-11.599,-21.395
-6.2549,-2.6349,1.3003,3.4364,-6.7734,-1.33,5.5147,13.68,4.2023,-8.4768,-11.33,-20.331
-6.2193,-2.8364,1.0763,3.5555,-6.5733,-1.5239,5.9684,14.649,4.8666,-7.7006,-11.063,-19.127
-6.1152,-3.0415,0.80436,3.6415,-6.3031,-1.7485,6.4402,15.615,5.5125,-6.9401,-10.794,-17.793
-5.9558,-3.2386,0.50748,3.6945,-5.9824,-1.9883,6.8992,16.541,6.1464,-6.1836,-10.523,-16.349
-5.7515,-3.41,0.20411,3.7082,-5.6325,-2.2213,7.3123,17.392,6.7747,-5.4246,-10.244,-14.824
-5.5043,-3.5398,-0.10547,3.6747,-5.2618,-2.4299,7.6593,18.147,7.4034,-4.6616,-9.954,-13.255
-5.209,-3.6248,-0.44119,3.5914,-4.8609,-2.6105,7.9407,18.801,8.0394,-3.8956,-9.6485,-11.687
-4.8591,-3.6774,-0.8381,3.4662,-4.4076,-2.7769,8.1752,19.37,8.6892,-3.1259,-9.3171,-10.162
-4.4538,-3.7232,-1.3344,3.3168,-3.8785,-2.9541,8.3876,19.875,9.355,-2.3485,-8.9415,-8.7121
-4.0029,-3.7886,-1.9557,3.1645,-3.2636,-3.1656,8.5955,20.343,10.029,-1.5566,-8.4965,-7.3443
-3.5267,-3.8907,-2.7023,3.0275,-2.5773,-3.422,8.8039,20.792,10.691,-0.74393,-7.9577,-6.0426
-3.0501,-4.0331,-3.5476,2.9156,-1.8551,-3.7177,9.0073,21.231,11.307,0.09066,-7.3145,-4.7813
-2.5938,-4.2084,-4.4474,2.8287,-1.1397,-4.0375,9.1987,21.658,11.841,0.9422,-6.5784,-3.5414
-2.1663,-4.4037,-5.359,2.7586,-0.46202,-4.3692,9.3762,22.067,12.263,1.8009,-5.7822,-2.3176
-1.7634,-4.6086,-6.2603,2.693,0.16735,-4.7099,9.5437,22.463,12.56,2.6543,-4.9698,-1.1157
-1.375,-4.8191,-7.1586,2.6218,0.75512,-5.07,9.7051,22.855,12.737,3.4911,-4.1834,0.052431
-0.99679,-5.0389,-8.0803,2.5416,1.3127,-5.4678,9.8546,23.255,12.81,4.3016,-3.4529,1.1725
-0.63848,-5.2744,-9.048,2.4573,1.8417,-5.9183,9.9701,23.662,12.802,5.0782,-2.7901,2.2307
-0.32057,-5.5287,-10.063,2.3785,2.3307,-6.4219,10.014,24.053,12.735,5.817,-2.189,3.2173
-0.06251,-5.7968,-11.097,2.3148,2.7646,-6.958,9.9455,24.386,12.627,6.5194,-1.6295,4.13
0.12779,-6.0643,-12.105,2.2704,3.1358,-7.489,9.7371,24.608,12.49,7.1918,-1.085,4.9736
0.25584,-6.3105,-13.027,2.2444,3.4481,-7.9686,9.3886,24.683,12.328,7.8404,-0.53081,5.7578
0.33584,-6.5155,-13.803,2.2318,3.7116,-8.356,8.9277,24.603,12.138,8.4644,0.047855,6.4904
0.3838,-6.6641,-14.391,2.227,3.9382,-8.6262,8.3979,24.391,11.906,9.0496,0.65319,7.1719
0.41234,-6.7488,-14.772,2.226,4.1382,-8.7714,7.8422,24.087,11.617,9.5682,1.2785,7.7956
0.42863,-6.7682,-14.951,2.227,4.3185,-8.7938,7.2899,23.728,11.259,9.9857,1.9153,8.3493
0.43498,-6.7235,-14.932,2.2273,4.4789,-8.6991,6.7495,23.335,10.83,10.273,2.5586,8.8219
0.43042,-6.6143,-14.718,2.2223,4.6056,-8.4957,6.2093,22.914,10.335,10.417,3.2071,9.2086
0.41244,-6.4414,-14.307,2.2048,4.6711,-8.1964,5.6449,22.462,9.7882,10.423,3.8568,9.5141
0.37903,-6.2082,-13.71,2.1666,4.6442,-7.8214,5.0308,21.981,9.2062,10.313,4.4918,9.7487
0.33083,-5.9245,-12.963,2.1017,4.5059,-7.3993,4.3541,21.474,8.6066,10.111,5.0803,9.9189
0.27159,-5.6081,-12.118,2.0097,4.2581,-6.9652,3.6214,20.951,8.0054,9.8378,5.5803,10.02
0.20573,-5.2813,-11.231,1.8966,3.9198,-6.5506,2.8566,20.419,7.417,9.5131,5.9551,10.036
0.13475,-4.9657,-10.343,1.7748,3.5171,-6.1742,2.0909,19.882,6.853,9.151,6.1883,9.9498
0.056314,-4.6785,-9.4794,1.66,3.0785,-5.8405,1.3519,19.336,6.3206,8.7623,6.2922,9.7592
-0.032138,-4.4317,-8.6541,1.567,2.6347,-5.5471,0.65654,18.771,5.8222,8.3528,6.3035,9.4819
-0.12809,-4.2343,-7.8903,1.5057,2.2208,-5.2945,0.010254,18.178,5.3545,7.9224,6.2695,9.1498
-0.22129,-4.0926,-7.2331,1.4796,1.8746,-5.0926,-0.58852,17.553,4.91,7.4661,6.233,8.7943
-0.29613,-4.011,-6.7476,1.4863,1.6334,-4.9606,-1.1414,16.901,4.4779,6.9782,6.2208,8.4366
-0.33771,-3.9918,-6.4959,1.5198,1.5249,-4.9213,-1.6442,16.241,4.0461,6.4574,6.2395,8.0846
-0.33834,-4.0352,-6.5155,1.5742,1.5593,-4.9931,-2.0865,15.596,3.6041,5.9104,6.2776,7.735
-0.30105,-4.1377,-6.7963,1.6448,1.724,-5.1819,-2.4568,14.998,3.1463,5.3518,6.3128,7.3781
-0.2386,-4.2904,-7.2763,1.7284,1.9876,-5.4752,-2.7499,14.477,2.674,4.8013,6.3206,7.0025
-0.16896,-4.4775,-7.8611,1.8218,2.3077,-5.8408,-2.9717,14.055,2.1956,4.2801,6.282,6.6016
-0.10979,-4.6784,-8.4541,1.9209,2.6415,-6.2319,-3.1392,13.745,1.7231,3.8074,6.1878,6.1796
-0.074404,-4.8722,-8.9766,2.0216,2.9529,-6.5995,-3.2752,13.542,1.2673,3.3983,6.0366,5.7529
-0.070051,-5.0438,-9.383,2.1207,3.2176,-6.9065,-3.4009,13.415,0.83357,3.0602,5.8306,5.3463
-0.097871,-5.1856,-9.6545,2.2175,3.4245,-7.1348,-3.5283,13.311,0.42089,2.7905,5.572,4.9842
-0.15337,-5.2954,-9.7881,2.312,3.5745,-7.2829,-3.6552,13.153,0.024194,2.5745,5.2626,4.6822
-0.22756,-5.372,-9.7863,2.4036,3.675,-7.3567,-3.7667,12.863,-0.3626,2.3871,4.9069,4.4429
-0.30965,-5.4118,-9.6484,2.4885,3.73,-7.3613,-3.8406,12.378,-0.74378,2.1982,4.5152,4.2574
-0.39073,-5.4084,-9.3717,2.5597,3.7359,-7.2959,-3.859,11.668,-1.1204,1.9809,4.1057,4.1111
-0.46585,-5.3543,-8.9602,2.608,3.683,-7.1552,-3.8148,10.739,-1.4905,1.7182,3.7017,3.9919
-0.53326,-5.2442,-8.4293,2.6247,3.5621,-6.9363,-3.7165,9.6292,-1.8509,1.4054,3.3259,3.8938
-0.59233,-5.078,-7.8035,2.6037,3.3725,-6.6454,-3.5845,8.3893,-2.1991,1.0482,2.9926,3.8179
-0.64191,-4.8628,-7.1132,2.5424,3.128,-6.2993,-3.4482,7.0722,-2.5347,0.66017,2.7022,3.768
-0.68009,-4.6107,-6.3926,2.4421,2.8545,-5.9199,-3.3375,5.7206,-2.8586,0.25949,2.4398,3.7454
-0.70461,-4.3358,-5.6815,2.3077,2.5835,-5.5282,-3.2733,4.3613,-3.17,-0.13258,2.1802,3.7441
-0.71316,-4.0523,-5.0259,2.1479,2.3473,-5.1416,-3.2612,3.0038,-3.4642,-0.49368,1.897,3.7503
-0.70269,-3.7739,-4.4744,1.9736,2.1755,-4.7747,-3.2906,1.6458,-3.7313,-0.80364,1.5708,3.7478
-0.66837,-3.514,-4.0684,1.7965,2.0909,-4.4413,-3.3392,0.28276,-3.9582,-1.0498,1.1952,3.7257
-0.60359,-3.2868,-3.8323,1.6273,2.1064,-4.1565,-3.3802,-1.084,-4.1323,-1.2323,0.77742,3.6838
-0.50296,-3.1065,-3.772,1.4745,2.221,-3.9359,-3.3908,-2.4453,-4.2479,-1.3663,0.33508,3.6322
-0.36755,-2.9853,-3.8729,1.3446,2.4187,-3.7917,-3.3579,-3.788,-4.3096,-1.4764,-0.10935,3.5831
-0.20845,-2.9301,-4.0972,1.2418,2.67,-3.7286,-3.2812,-5.1015,-4.3331,-1.5878,-0.53469,3.5424
-0.045266,-2.9385,-4.3849,1.1679,2.9364,-3.7402,-3.1727,-6.3797,-4.3421,-1.7165,-0.92603,3.5046
0.10036,-2.998,-4.6717,1.1208,3.1783,-3.8093,-3.0523,-7.618,-4.3613,-1.8638,-1.2768,3.4521
0.21286,-3.0873,-4.9061,1.0944,3.3657,-3.9126,-2.9408,-8.806,-4.41,-2.0178,-1.5879,3.3613
0.2882,-3.1824,-5.0668,1.0792,3.4859,-4.0276,-2.8524,-9.9191,-4.4962,-2.1603,-1.8648,3.2142
0.3338,-3.2616,-5.167,1.0652,3.5457,-4.1373,-2.7906,-10.915,-4.6138,-2.2747,-2.1145,3.0072
0.36369,-3.3086,-5.2444,1.0445,3.5661,-4.2309,-2.7483,-11.743,-4.7431,-2.3527,-2.3421,2.7545
0.39264,-3.3137,-5.3362,1.0127,3.5748,-4.3016,-2.7136,-12.357,-4.8558,-2.3963,-2.5472,2.4817
0.43271,-3.2736,-5.4556,0.96898,3.5978,-4.3438,-2.6758,-12.734,-4.9237,-2.4161,-2.7256,2.2142
0.49202,-3.1911,-5.5884,0.914,3.6516,-4.3539,-2.6319,-12.884,-4.9276,-2.4244,-2.8712,1.9674
0.57383,-3.075,-5.7078,0.84946,3.7371,-4.3317,-2.585,-12.839,-4.8614,-2.4283,-2.9807,1.7426
0.67486,-2.9374,-5.7868,0.77839,3.8397,-4.2801,-2.539,-12.641,-4.7313,-2.4248,-3.0577,1.5318
0.78479,-2.7907,-5.8006,0.70567,3.9377,-4.2028,-2.4905,-12.335,-4.5521,-2.4017,-3.1115,1.3276
0.88812,-2.6454,-5.726,0.63713,4.011,-4.1019,-2.4284,-11.954,-4.3439,-2.344,-3.1529,1.1286
0.96966,-2.5073,-5.5478,0.57728,4.0463,-3.9778,-2.3399,-11.527,-4.1295,-2.2436,-3.1876,0.9437
1.0206,-2.3786,-5.269,0.52732,4.0393,-3.8315,-2.2192,-11.074,-3.9314,-2.1069,-3.2118,0.7871
1.0422,-2.258,-4.9156,0.48456,3.9959,-3.6675,-2.0722,-10.612,-3.768,-1.9552,-3.2142,0.67095
1.0439,-2.1401,-4.5315,0.44325,3.9304,-3.4926,-1.9153,-10.152,-3.6498,-1.8159,-3.1854,0.59892
1.0379,-2.0146,-4.1597,0.3963,3.8594,-3.311,-1.7703,-9.7047,-3.5773,-1.7119,-3.1283,0.56405
1.0317,-1.8676,-3.8243,0.33731,3.7928,-3.121,-1.6583,-9.2751,-3.5419,-1.6544,-3.0633,0.55184
1.0264,-1.6864,-3.5267,0.26325,3.7294,-2.9161,-1.5947,-8.8673,-3.529,-1.6422,-3.0213,0.5463
1.0188,-1.4683,-3.2579,0.17647,3.6574,-2.6929,-1.5864,-8.4836,-3.5208,-1.667,-3.0305,0.53513
1.0049,-1.2251,-3.0127,0.085206,3.5623,-2.4577,-1.6296,-8.1238,-3.5005,-1.7212,-3.1029,0.51144
0.98346,-0.97943,-2.7909,0.00016315,3.4352,-2.2251,-1.7086,-7.7835,-3.4554,-1.8032,-3.2281,0.47481
0.95608,-0.75721,-2.5872,-0.070096,3.2763,-2.0122,-1.7999,-7.4526,-3.3803,-1.9175,-3.3762,0.42748
0.92549,-0.57813,-2.3864,-0.12198,3.0919,-1.8302,-1.8786,-7.1163,-3.2793,-2.0685,-3.5094,0.37541
0.89333,-0.45004,-2.1695,-0.15599,2.892,-1.6808,-1.9267,-6.7597,-3.1636,-2.2527,-3.5936,0.32708
0.85916,-0.37013,-1.9261,-0.17511,2.6895,-1.5582,-1.9385,-6.3729,-3.048,-2.4548,-3.6095,0.29071
0.82482,-0.3289,-1.6653,-0.18299,2.5023,-1.4557,-1.9202,-5.9541,-2.9435,-2.6505,-3.5569,0.27139
0.79896,-0.31551,-1.4167,-0.18299,2.3521,-1.3712,-1.8836,-5.512,-2.8528,-2.813,-3.4494,0.27027
0.79591,-0.3213,-1.2222,-0.17797,2.2609,-1.3087,-1.8398,-5.0643,-2.7696,-2.921,-3.3067,0.28566
0.82796,-0.34036,-1.1208,-0.1703,2.2437,-1.275,-1.7932,-4.6374,-2.683,-2.9641,-3.1432,0.31457
0.89756,-0.36886,-1.1344,-0.16199,2.3027,-1.2749,-1.7394,-4.2594,-2.5831,-2.9443,-2.9607,0.35251
0.99466,-0.40438,-1.2621,-0.15472,2.4266,-1.3087,-1.6682,-3.9526,-2.4644,-2.8747,-2.7481,0.39111
1.0996,-0.44573,-1.4796,-0.1493,2.5929,-1.3717,-1.5694,-3.7262,-2.3248,-2.7757,-2.489,0.41862
1.1884,-0.49279,-1.7454,-0.14445,2.7722,-1.4559,-1.439,-3.5758,-2.164,-2.6691,-2.1726,0.42263
1.2379,-0.54575,-2.0097,-0.1358,2.9349,-1.5516,-1.2818,-3.4871,-1.9824,-2.5728,-1.8022,0.39121
1.2301,-0.60467,-2.2281,-0.1161,3.0565,-1.6491,-1.109,-3.4442,-1.7831,-2.4978,-1.3956,0.32
1.1561,-0.67019,-2.3719,-0.076633,3.1231,-1.7399,-0.9334,-3.436,-1.5725,-2.4493,-0.97765,0.21398
1.019,-0.74484,-2.4352,-0.0093682,3.1359,-1.8172,-0.7651,-3.4577,-1.3602,-2.4272,-0.56913,0.085223
0.83535,-0.8331,-2.4331,0.090392,3.1113,-1.8788,-0.60888,-3.5078,-1.1556,-2.4256,-0.17909,-0.051074
0.62879,-0.93872,-2.3907,0.22143,3.0713,-1.9255,-0.46358,-3.582,-0.96377,-2.4315,0.19494,-0.17914
0.41855,-1.0599,-2.3257,0.3754,3.0259,-1.9572,-0.3199,-3.6688,-0.78365,-2.426,0.56018,-0.28272
0.21258,-1.1861,-2.2367,0.53752,2.9639,-1.9702,-0.16656,-3.7505,-0.60816,-2.3871,0.91964,-0.3444
0.0099316,-1.3,-2.1044,0.69098,2.8593,-1.957,0.0073242,-3.807,-0.42719,-2.2957,1.2665,-0.34858
-0.19387,-1.3825,-1.9016,0.82264,2.6853,-1.9092,0.20701,-3.8299,-0.2317,-2.1419,1.5849,-0.2844
-0.40418,-1.4196,-1.6003,0.92723,2.4235,-1.8211,0.42942,-3.8264,-0.016937,-1.9299,1.8558,-0.15335
-0.62635,-1.4066,-1.1778,1.0065,2.0655,-1.691,0.6648,-3.8185,0.21508,-1.6773,2.0654,0.028124
-0.86231,-1.3471,-0.62836,1.0653,1.6159,-1.5226,0.90196,-3.8321,0.45538,-1.4092,2.2105,0.23235
-1.1067,-1.251,0.022745,1.1065,1.0978,-1.3243,1.1342,-3.8845,0.68902,-1.1491,2.2999,0.42813
-1.3445,-1.1301,0.71703,1.1298,0.55482,-1.1083,1.3624,-3.9682,0.89794,-0.91252,2.3497,0.58803
-1.5525,-0.99476,1.3781,1.1323,0.042094,-0.88593,1.5937,-4.0523,1.0657,-0.70651,2.3762,0.69258
-1.705,-0.85113,1.9359,1.1122,-0.39027,-0.66474,1.8353,-4.0994,1.1822,-0.53407,2.3898,0.73205
-1.7822,-0.7005,2.3468,1.0698,-0.71291,-0.44604,2.0876,-4.0819,1.2477,-0.39905,2.3916,0.70716
-1.7761,-0.54011,2.6029,1.0069,-0.92291,-0.22594,2.3403,-3.9937,1.2717,-0.30819,2.3762,0.6292
-1.6937,-0.36369,2.7325,0.92647,-1.0394,0.0026271,2.5737,-3.8519,1.2688,-0.26921,2.3369,0.51809
-1.5566,-0.16409,2.7946,0.83212,-1.0961,0.24822,2.7658,-3.6864,1.2539,-0.28612,2.2708,0.39655
-1.3957,0.065022,2.8662,0.72683,-1.1339,0.5204,2.8999,-3.5242,1.2372,-0.35521,2.1818,0.28721
-1.2417,0.32914,3.0222,0.61173,-1.1941,0.82912,2.9683,-3.3784,1.2228,-0.46428,2.0797,0.20532
-1.1138,0.63425,3.3143,0.48394,-1.307,1.1859,2.9728,-3.2463,1.209,-0.59555,1.9767,0.15509
-1.0125,0.98795,3.7572,0.3359,-1.479,1.6004,2.9223,-3.1183,1.1903,-0.73068,1.8824,0.12933
-0.92075,1.3987,4.3242,0.15799,-1.6866,2.0784,2.8313,-2.9879,1.1609,-0.8552,1.7994,0.1123
-0.8142,1.8732,4.9585,-0.056747,-1.8879,2.6183,2.7167,-2.8614,1.1171,-0.96132,1.7221,0.084137
-0.67604,2.4124,5.6006,-0.30896,-2.0457,3.213,2.5915,-2.7506,1.0582,-1.0487,1.6381,0.024206
-0.50545,3.0089,6.2223,-0.59194,-2.1493,3.8536,2.4616,-2.6705,0.98534,-1.1235,1.5309,-0.08239
-0.31706,3.6443,6.8429,-0.89181,-2.2192,4.5342,2.3224,-2.6353,0.89993,-1.1958,1.3834,-0.24325
-0.13532,4.2893,7.5124,-1.1885,-2.295,5.25,2.1614,-2.6476,0.80375,-1.2759,1.1793,-0.4571
0.013466,4.9064,8.2729,-1.4593,-2.4147,5.9892,1.9647,-2.6974,0.69792,-1.3697,0.90567,-0.71366
0.1111,5.4556,9.1248,-1.6858,-2.5963,6.7254,1.7251,-2.7628,0.58387,-1.477,0.55603,-0.99505
0.15523,5.903,10.019,-1.8593,-2.8299,7.4179,1.4464,-2.8203,0.46304,-1.5933,0.13209,-1.2792
0.15904,6.2282,10.873,-1.9818,-3.0824,8.022,1.1424,-2.8553,0.33732,-1.7116,-0.35822,-1.5443
0.143,6.4267,11.608,-2.0611,-3.3093,8.5008,0.83083,-2.8757,0.20988,-1.8254,-0.90434,-1.7728
0.12432,6.5067,12.167,-2.1052,-3.4697,8.8321,0.52774,-2.9082,0.08519,-1.9305,-1.4953,-1.9538
0.10921,6.4856,12.523,-2.1184,-3.5392,9.0118,0.24345,-2.9764,-0.032599,-2.0264,-2.1208,-2.085
0.090951,6.3861,12.679,-2.102,-3.5173,9.0533,-0.01701,-3.0868,-0.14178,-2.1167,-2.7711,-2.1742
0.053813,6.2327,12.659,-2.0552,-3.427,8.9838,-0.25053,-3.2194,-0.24348,-2.2083,-3.4386,-2.2391
-0.019764,6.0441,12.505,-1.9773,-3.3045,8.8369,-0.45118,-3.3332,-0.33933,-2.3085,-4.1176,-2.3038
-0.14168,5.8291,12.263,-1.8685,-3.1853,8.6446,-0.60682,-3.383,-0.42814,-2.4206,-4.8049,-2.3902
-0.31285,5.5881,11.969,-1.7309,-3.0918,8.4317,-0.69885,-3.3388,-0.50293,-2.5403,-5.4985,-2.5101
-0.52173,5.3202,11.64,-1.5702,-3.0278,8.2158,-0.7056,-3.1969,-0.55083,-2.6539,-6.1956,-2.6609
-0.74786,5.0299,11.281,-1.3959,-2.9808,8.0061,-0.60908,-2.9785,-0.55692,-2.7411,-6.8905,-2.828
-0.96857,4.7282,10.9,-1.219,-2.9322,7.806,-0.4041,-2.719,-0.51151,-2.7817,-7.5717,-2.9935
-1.1665,4.4287,10.513,-1.049,-2.8693,7.6155,-0.10602,-2.4556,-0.41749,-2.7648,-8.2204,-3.1465
-1.3342,4.1425,10.149,-0.89209,-2.795,7.4332,0.24893,-2.2173,-0.29299,-2.6957,-8.8123,-3.2883
-1.4738,3.8765,9.851,-0.75189,-2.7271,7.2581,0.61336,-2.0277,-0.166,-2.5954,-9.3229,-3.429
-1.5924,3.6379,9.6652,-0.63172,-2.6901,7.0938,0.94459,-1.9018,-0.062947,-2.493,-9.7351,-3.5804
-1.6965,3.4396,9.6306,-0.53703,-2.7051,6.9543,1.2189,-1.8451,0.003055,-2.4139,-10.046,-3.7455
-1.7875,3.3025,9.7657,-0.47537,-2.7817,6.8664,1.4372,-1.8532,0.036985,-2.3698,-10.268,-3.9132
-1.861,3.249,10.064,-0.45372,-2.9165,6.8633,1.62,-1.9154,0.058431,-2.3567,-10.427,-4.0619
-1.9104,3.2928,10.493,-0.47478,-3.0934,6.9703,1.7942,-2.018,0.090447,-2.3589,-10.555,-4.1689
-1.9306,3.4307,10.997,-0.53448,-3.2887,7.1902,1.9796,-2.147,0.14805,-2.3574,-10.681,-4.2213
-1.9218,3.6407,11.508,-0.62199,-3.4759,7.4976,2.1828,-2.2871,0.23131,-2.3375,-10.825,-4.2208
-1.8892,3.8877,11.966,-0.72243,-3.6329,7.8466,2.3971,-2.4229,0.32586,-2.2942,-10.997,-4.1797
-1.8412,4.1342,12.334,-0.82125,-3.7477,8.1874,2.6074,-2.5421,0.41005,-2.233,-11.196,-4.1135
-1.7859,4.3513,12.601,-0.90819,-3.8204,8.4843,2.7946,-2.6423,0.46464,-2.1663,-11.418,-4.0329
-1.7295,4.5257,12.776,-0.97888,-3.8603,8.7228,2.9406,-2.7364,0.47988,-2.1086,-11.662,-3.9391
-1.6752,4.6581,12.886,-1.0338,-3.8804,8.9064,3.0311,-2.8538,0.45706,-2.0706,-11.927,-3.8248
-1.6239,4.7562,12.958,-1.076,-3.8915,9.0463,3.0582,-3.0335,0.40541,-2.0552,-12.217,-3.6788
-1.5751,4.8282,13.009,-1.1086,-3.8973,9.1519,3.0212,-3.312,0.33734,-2.0563,-12.528,-3.4946
-1.528,4.8793,13.038,-1.134,-3.8945,9.2266,2.9251,-3.7129,0.26442,-2.0625,-12.85,-3.2762
-1.4817,4.911,13.031,-1.1535,-3.8742,9.2678,2.7761,-4.242,0.19497,-2.0631,-13.157,-3.0396
-1.4358,4.924,12.967,-1.1675,-3.8264,9.2722,2.5784,-4.8887,0.13358,-2.0539,-13.415,-2.8065
-1.3902,4.9225,12.831,-1.1765,-3.7454,9.2436,2.3352,-5.6295,0.082127,-2.0392,-13.587,-2.5953
-1.3449,4.9184,12.626,-1.1823,-3.6346,9.1993,2.0528,-6.433,0.042177,-2.0287,-13.64,-2.4131
-1.2994,4.9295,12.377,-1.1894,-3.5082,9.168,1.7453,-7.2641,0.017128,-2.0311,-13.56,-2.253
-1.253,4.9737,12.131,-1.2039,-3.3871,9.1777,1.4357,-8.0905,0.012016,-2.0497,-13.352,-2.0985
-1.2045,5.06,11.942,-1.2315,-3.2917,9.2433,1.1539,-8.8879,0.030412,-2.0829,-13.044,-1.9323
-1.1531,5.1814,11.85,-1.2742,-3.2348,9.3568,0.92942,-9.6451,0.070449,-2.1286,-12.673,-1.7459
-1.0989,5.3131,11.872,-1.3281,-3.2177,9.4873,0.78365,-10.365,0.1233,-2.1882,-12.281,-1.5451
-1.0444,5.4188,11.997,-1.3831,-3.2311,9.5904,0.72286,-11.065,0.17585,-2.2677,-11.899,-1.3484
-0.99459,5.4633,12.192,-1.4265,-3.2606,9.6243,0.73528,-11.769,0.21645,-2.3739,-11.548,-1.1805
-0.95734,5.4252,12.41,-1.4461,-3.2931,9.5646,0.79372,-12.503,0.24045,-2.5114,-11.232,-1.065
-0.94145,5.3031,12.606,-1.4338,-3.3208,9.4112,0.86517,-13.29,0.25226,-2.6802,-10.939,-1.0178
-0.95424,5.1113,12.742,-1.3866,-3.3412,9.1831,0.92201,-14.137,0.26292,-2.8755,-10.641,-1.043
-0.99901,4.8714,12.794,-1.3065,-3.3543,8.9066,0.95466,-15.033,0.28438,-3.0863,-10.305,-1.1312
-1.0747,4.6024,12.748,-1.1977,-3.3586,8.6036,0.97705,-15.94,0.32366,-3.2946,-9.9002,-1.2594
-1.1777,4.3167,12.599,-1.0636,-3.3511,8.2848,1.0222,-16.8,0.38004,-3.4738,-9.4071,-1.3954
-1.304,4.0192,12.344,-0.90657,-3.3296,7.9524,1.1295,-17.546,0.44645,-3.5924,-8.8242,-1.5047
-1.4504,3.7114,11.992,-0.72782,-3.2962,7.6068,1.3302,-18.115,0.51378,-3.6202,-8.1649,-1.5589
-1.6127,3.3954,11.563,-0.53033,-3.2578,7.2536,1.6376,-18.467,0.57561,-3.5381,-7.4508,-1.5415
-1.7848,3.0768,11.094,-0.321,-3.2253,6.9055,2.0468,-18.582,0.63149,-3.3434,-6.7031,-1.4501
-1.9573,2.7692,10.631,-0.11231,-3.2099,6.5816,2.5422,-18.464,0.68838,-3.0491,-5.9357,-1.292
-2.1175,2.4987,10.226,0.077332,-3.2194,6.3091,3.1082,-18.13,0.76023,-2.6766,-5.1538,-1.0768
-2.2505,2.3065,9.9293,0.22539,-3.2573,6.1289,3.7373,-17.604,0.86634,-2.246,-4.3555,-0.80978
-2.3398,2.2453,9.7772,0.3085,-3.3229,6.1017,4.4349,-16.912,1.0286,-1.7686,-3.5341,-0.48898
-2.369,2.3734,9.7799,0.30549,-3.4143,6.3024,5.2191,-16.079,1.2683,-1.2451,-2.6799,-0.10827
-2.3244,2.7532,9.9122,0.1974,-3.5319,6.8014,6.1148,-15.132,1.6057,-0.6679,-1.7795,0.33737
-2.1977,3.4576,10.105,-0.036365,-3.6808,7.6364,7.1463,-14.094,2.0539,-0.02422,-0.81566,0.84703
-1.9859,4.577,10.243,-0.42541,-3.8714,8.7912,8.3306,-12.991,2.621,0.70123,0.23343,1.4131
-1.6902,6.2149,10.253,-1.0186,-4.1169,10.228,9.6746,-11.842,3.3113,1.5249,1.3915,2.0231
-1.3133,8.4661,10.46,-1.8969,-4.4298,12.014,11.185,-10.658,4.1262,2.4646,2.6806,2.6643
-0.85727,11.389,11.796,-3.1844,-4.8188,14.392,12.874,-9.4466,5.066,3.5343,4.1176,3.3286
-0.32229,15.012,14.777,-5.0434,-5.2865,17.602,14.753,-8.2093,6.1301,4.7444,5.7055,4.0158
0.29306,19.356,18.942,-7.6171,-5.83,21.66,16.807,-6.9526,7.3136,6.0997,7.4307,4.7334
0.99099,24.39,23.651,-10.893,-6.4417,26.34,18.963,-5.6947,8.6015,7.5936,9.263,5.4939
1.7756,29.938,28.413,-14.609,-7.1078,31.28,21.066,-4.4731,9.9626,9.2017,11.16,6.3105
2.6581,35.677,32.897,-18.403,-7.8074,36.123,22.906,-3.3444,11.35,10.878,13.078,7.1939
3.6642,41.267,36.989,-22.034,-8.5101,40.646,24.281,-2.3749,12.712,12.568,14.99,8.1538
4.8419,46.487,40.749,-25.423,-9.1791,44.797,25.082,-1.6236,14.013,14.223,16.899,9.2037
6.2611,51.273,44.309,-28.573,-9.7789,48.646,25.38,-1.1242,15.251,15.831,18.847,10.366
7.9991,55.686,47.857,-31.527,-10.282,52.329,25.451,-0.87448,16.448,17.416,20.907,11.674
10.107,59.873,51.639,-34.352,-10.673,56.009,25.689,-0.83631,17.64,19.024,23.153,13.17
12.552,63.995,55.789,-37.109,-10.938,59.821,26.33,-0.94701,18.843,20.7,25.625,14.89
15.175,68.141,60.079,-39.819,-11.068,63.801,27.147,-1.1372,20.042,22.459,28.298,16.839
17.734,72.301,63.916,-42.439,-11.054,67.874,27.476,-1.3501,21.186,24.267,31.078,18.967
20.062,76.441,66.64,-44.906,-10.898,71.847,26.616,-1.5542,22.2,26.04,33.818,21.167
22.153,80.586,67.753,-47.199,-10.614,75.173,24.246,-1.7459,22.999,27.657,36.349,23.302
24.106,84.696,66.941,-49.392,-10.215,76.725,20.509,-1.9419,23.508,28.982,38.508,25.25
26.033,88.451,64.219,-51.674,-9.6466,75.653,15.821,-2.1694,23.676,29.899,40.172,26.942
28.032,91.309,60.153,-54.323,-8.634,72.629,10.669,-2.4575,23.486,30.34,41.292,28.363
30.18,92.809,55.543,-57.53,-6.6704,69.09,5.5011,-2.8332,22.957,30.302,41.911,29.541
32.54,92.464,50.827,-60.99,-3.5613,65.746,0.70244,-3.3221,22.137,29.839,42.143,30.528
35.158,89.651,46.078,-63.723,0.2221,62.519,-3.4166,-3.9385,21.097,29.042,42.119,31.375
38.051,84.175,41.231,-64.69,4.1059,59.012,-6.6578,-4.686,19.908,28.0,41.93,32.107
41.159,76.776,36.131,-63.499,7.8251,54.767,-9.0216,-5.5554,18.628,26.788,41.603,32.718
44.282,68.674,30.539,-60.403,11.308,49.43,-10.787,-6.5259,17.303,25.464,41.128,33.171
47.061,60.761,24.101,-56.013,14.518,42.885,-12.402,-7.5713,15.964,24.076,40.484,33.4
49.124,53.438,16.484,-51.025,17.431,35.381,-14.137,-8.6672,14.628,22.66,39.65,33.335
50.25,46.866,7.7171,-45.995,20.045,27.521,-15.894,-9.7963,13.296,21.223,38.596,32.894
50.412,41.118,-1.579,-41.286,22.386,19.996,-17.431,-10.949,11.951,19.737,37.272,31.993
49.67,36.19,-10.337,-37.123,24.508,13.352,-18.609,-12.123,10.559,18.142,35.615,30.555
48.096,31.974,-17.489,-33.598,26.497,7.9869,-19.43,-13.315,9.0846,16.369,33.558,28.556
45.79,28.275,-22.219,-30.622,28.417,4.1083,-19.963,-14.521,7.4987,14.381,31.057,26.064
42.977,24.818,-23.75,-27.977,30.153,1.6022,-20.285,-15.73,5.7906,12.197,28.111,23.241
40.012,21.149,-21.653,-25.426,31.222,-0.091944,-20.46,-16.91,3.9708,9.8894,24.783,20.257
37.143,16.625,-18.378,-22.731,30.998,-1.7363,-20.544,-18.008,2.0573,7.5601,21.209,17.219
34.357,11.091,-16.849,-19.595,29.31,-3.4401,-20.584,-18.958,0.061151,5.3032,17.569,14.165
31.502,5.676,-16.841,-15.78,26.673,-4.9842,-20.62,-19.694,-2.0228,3.1738,14.045,11.112
28.419,1.4745,-17.507,-11.439,23.948,-6.4231,-20.675,-20.161,-4.2138,1.1825,10.776,8.1053
24.994,-1.6465,-18.222,-7.149,21.655,-7.8992,-20.745,-20.323,-6.5319,-0.69127,7.8314,5.2143
21.173,-4.2833,-18.691,-3.3732,19.725,-9.4794,-20.809,-20.164,-8.9792,-2.4794,5.2205,2.5062
16.987,-6.884,-18.929,-0.14616,17.912,-11.16,-20.834,-19.685,-11.524,-4.2101,2.9146,0.012665
12.575,-9.7002,-19.052,2.7336,16.06,-12.925,-20.791,-18.901,-14.105,-5.9043,0.8739,-2.2761
8.2045,-12.833,-19.151,5.4694,14.114,-14.774,-20.67,-17.841,-16.646,-7.5795,-0.94138,-4.397
4.2659,-16.233,-19.28,8.1707,12.1,-16.708,-20.479,-16.543,-19.087,-9.257,-2.5702,-6.3966
1.1396,-19.698,-19.468,10.833,10.103,-18.695,-20.246,-15.059,-21.402,-10.966,-4.0539,-8.3244
-1.0403,-22.964,-19.723,13.367,8.2618,-20.673,-20.006,-13.442,-23.592,-12.744,-5.4351,-10.234
-2.4609,-25.834,-20.043,15.666,6.7291,-22.573,-19.793,-11.747,-25.672,-14.625,-6.7524,-12.176
-3.4531,-28.266,-20.413,17.674,5.5881,-24.35,-19.623,-10.02,-27.652,-16.634,-8.0351,-14.182
-4.2956,-30.358,-20.814,19.416,4.8168,-25.987,-19.482,-8.2939,-29.531,-18.765,-9.2959,-16.225
-5.1333,-32.238,-21.237,20.953,4.3292,-27.473,-19.325,-6.5947,-31.292,-20.972,-10.525,-18.205
-5.9797,-33.957,-21.672,22.319,4.0298,-28.783,-19.098,-4.9416,-32.909,-23.172,-11.687,-19.989
-6.7714,-35.452,-22.102,23.497,3.8405,-29.879,-18.754,-3.3524,-34.345,-25.256,-12.738,-21.469
-7.4409,-36.64,-22.498,24.457,3.7047,-30.737,-18.278,-1.8451,-35.569,-27.129,-13.643,-22.606
-7.9591,-37.494,-22.821,25.194,3.5835,-31.36,-17.683,-0.43607,-36.563,-28.733,-14.398,-23.425
-8.333,-38.045,-23.039,25.721,3.4538,-31.772,-16.999,0.85211,-37.333,-30.064,-15.03,-23.988
-8.5853,-38.354,-23.134,26.066,3.3076,-32.009,-16.256,1.9947,-37.91,-31.156,-15.579,-24.364
-8.7422,-38.486,-23.106,26.257,3.1504,-32.111,-15.47,2.9686,-38.33,-32.064,-16.082,-24.614
-8.829,-38.498,-22.973,26.327,2.9965,-32.114,-14.651,3.7577,-38.628,-32.84,-16.559,-24.784
-8.8677,-38.441,-22.764,26.311,2.862,-32.048,-13.809,4.3585,-38.83,-33.515,-17.01,-24.913
-8.876,-38.348,-22.506,26.239,2.7585,-31.938,-12.963,4.7796,-38.959,-34.109,-17.426,-25.027
-8.8659,-38.237,-22.222,26.136,2.6899,-31.799,-12.141,5.0394,-39.04,-34.635,-17.797,-25.136
-8.8451,-38.118,-21.93,26.016,2.6524,-31.645,-11.377,5.1621,-39.109,-35.112,-18.125,-25.239
-8.8159,-37.995,-21.648,25.89,2.638,-31.49,-10.707,5.1743,-39.205,-35.563,-18.423,-25.321
-8.7756,-37.87,-21.39,25.761,2.6397,-31.351,-10.161,5.1035,-39.355,-36.008,-18.71,-25.358
-8.7164,-37.743,-21.174,25.627,2.6552,-31.239,-9.7613,4.9756,-39.568,-36.452,-18.995,-25.324
-8.6284,-37.615,-21.02,25.483,2.6871,-31.164,-9.5181,4.8118,-39.827,-36.883,-19.268,-25.199
-8.5042,-37.486,-20.943,25.328,2.7398,-31.132,-9.4271,4.6256,-40.097,-37.268,-19.498,-24.97
-8.3436,-37.362,-20.951,25.165,2.8154,-31.141,-9.4675,4.421,-40.336,-37.565,-19.643,-24.639
-8.1561,-37.245,-21.031,25.002,2.9105,-31.185,-9.6066,4.1921,-40.503,-37.729,-19.653,-24.225
-7.96,-37.135,-21.158,24.844,3.0163,-31.249,-9.8117,3.9246,-40.566,-37.73,-19.492,-23.76
-7.7757,-37.018,-21.299,24.695,3.1214,-31.31,-10.064,3.5974,-40.507,-37.553,-19.138,-23.281
-7.6181,-36.868,-21.423,24.543,3.2162,-31.333,-10.367,3.1838,-40.325,-37.211,-18.594,-22.82
-7.4929,-36.625,-21.482,24.365,3.2945,-31.258,-10.737,2.6526,-40.038,-36.733,-17.885,-22.394
-7.4013,-36.189,-21.368,24.117,3.3486,-30.975,-11.19,1.9723,-39.674,-36.156,-17.044,-22.013
-7.3494,-35.393,-20.869,23.737,3.357,-30.294,-11.717,1.1227,-39.243,-35.493,-16.099,-21.673
-7.3554,-34.002,-19.977,23.15,3.2642,-28.966,-12.263,0.11749,-38.702,-34.691,-15.04,-21.348
-7.447,-31.87,-21.337,22.276,2.9712,-27.526,-12.711,-0.96723,-37.897,-33.589,-13.805,-20.975
-7.6464,-29.989,-23.883,21.076,2.7781,-29.668,-12.88,-1.9642,-36.508,-31.884,-12.254,-20.422
-7.9499,-31.547,-24.802,19.708,5.1903,-31.914,-12.532,-2.5898,-33.993,-29.119,-10.172,-19.472
-8.3115,-33.59,-25.716,18.829,6.5898,-32.539,-11.407,-2.4236,-29.633,-24.896,-7.3031,-17.823
-8.6439,-33.888,-26.049,19.69,6.7251,-32.812,-9.399,-0.90811,-23.521,-20.77,-3.7656,-15.307
-8.8315,-33.275,-24.731,22.267,5.9061,-32.097,-7.773,2.0626,-26.311,-33.299,-7.9389,-14.049
-8.7146,-31.171,-20.282,23.228,4.2155,-29.255,-19.129,-9.8944,-48.926,-40.935,-19.453,-28.539
-8.0441,-26.497,-11.638,21.771,0.70385,-23.088,-26.808,-13.821,-49.029,-39.94,-20.617,-31.395
-7.9718,-17.983,1.6443,18.649,-5.6965,-12.492,-26.527,-16.534,-47.674,-37.722,-21.161,-31.291
-11.453,-4.3249,20.399,13.467,-15.804,3.6303,-24.75,-18.409,-43.69,-32.164,-20.253,-30.783
-15.137,15.432,44.805,5.5945,-30.024,25.954,-20.621,-17.779,-34.562,-20.439,-15.97,-29.756
-20.041,41.011,73.723,-5.2765,-47.204,53.677,-13.619,-12.429,-16.924,0.7163,-4.912,-27.012
-24.642,70.447,104.73,-18.698,-65.466,84.365,-1.3524,1.2192,13.271,34.848,18.774,-19.413
-27.093,101.0,134.59,-33.451,-82.355,114.98,18.315,29.254,60.635,85.692,62.535,-0.10055
-25.175,129.39,158.9,-48.857,-94.146,142.52,45.954,79.114,130.77,157.09,126.24,39.75
-16.355,153.93,173.02,-65.409,-97.056,163.51,82.143,155.26,229.75,253.04,204.49,95.626
1.9386,174.92,173.45,-84.302,-88.049,173.65,127.34,256.58,360.79,378.87,304.66,165.04
31.947,190.18,158.86,-107.53,-65.431,171.89,177.64,375.59,521.29,540.15,432.32,257.0
75.134,202.29,129.35,-136.43,-28.936,161.42,223.51,497.52,701.26,734.33,589.92,373.94
132.19,215.51,86.662,-171.72,20.615,146.16,250.74,601.51,882.2,953.0,777.98,517.55
202.02,232.6,34.819,-214.35,80.826,128.59,243.07,664.93,1039.9,1187.9,995.22,687.38
281.46,253.97,-23.0,-264.15,149.16,111.03,187.92,669.52,1149.7,1428.1,1237.2,880.33
367.56,277.47,-85.682,-319.07,223.59,92.383,81.551,606.51,1192.3,1659.9,1494.2,1089.4
456.96,297.17,-155.15,-374.16,302.93,68.538,-68.452,479.75,1159.0,1867.7,1750.6,1302.6
544.78,302.66,-236.47,-421.49,387.39,31.889,-243.55,306.52,1055.3,2036.2,1984.7,1503.0
624.98,281.55,-336.17,-451.62,477.41,-27.338,-418.18,113.85,900.04,2150.7,2170.9,1669.4
691.06,224.24,-458.16,-456.31,571.7,-116.37,-566.53,-69.705,716.97,2198.1,2283.2,1780.0
736.93,128.52,-599.26,-431.39,665.54,-235.0,-669.94,-224.03,524.77,2166.3,2300.2,1816.8
757.73,0.99832,-747.46,-378.12,750.49,-373.6,-721.72,-343.27,330.3,2045.3,2209.8,1769.2
750.61,-143.97,-885.19,-302.33,816.23,-515.71,-727.28,-434.27,129.11,1828.1,2011.3,1636.1
715.21,-289.24,-995.53,-212.09,853.85,-644.03,-699.92,-509.78,-87.886,1514.0,1715.0,1425.4
653.58,-421.27,-1067.1,-115.1,858.63,-746.04,-655.0,-581.38,-327.09,1110.9,1339.2,1151.4
569.81,-532.87,-1096.0,-17.166,830.95,-816.42,-605.48,-655.75,-587.82,638.13,908.99,833.59
469.79,-622.03,-1085.4,77.672,775.61,-856.01,-560.08,-733.63,-859.33,126.97,454.74,495.59
361.15,-689.07,-1043.6,165.89,700.39,-868.96,-523.74,-811.21,-1121.4,-380.19,11.812,164.55
252.92,-734.2,-980.1,243.14,614.44,-860.04,-498.69,-882.59,-1350.1,-835.35,-382.41,-131.35
154.16,-756.52,-903.6,304.23,526.45,-832.94,-484.94,-942.13,-1524.7,-1194.7,-695.09,-368.14
72.023,-754.69,-820.02,344.71,442.88,-789.88,-481.45,-985.73,-1632.5,-1430.1,-906.68,-532.1
10.212,-728.48,-732.49,362.9,367.03,-732.4,-485.14,-1010.2,-1671.9,-1538.0,-1017.2,-623.37
-31.925,-680.39,-642.5,360.6,299.28,-662.55,-488.95,-1013.6,-1651.6,-1538.0,-1044.1,-654.58
-59.368,-615.88,-551.1,342.48,238.48,-583.75,-486.78,-995.59,-1586.2,-1464.3,-1012.7,-645.23
-77.715,-542.2,-459.75,314.49,183.28,-500.8,-474.41,-956.84,-1491.0,-1352.6,-949.31,-614.0
-90.791,-466.61,-371.23,282.28,133.19,-419.01,-449.55,-898.51,-1377.4,-1230.7,-874.34,-574.22
-101.0,-395.16,-289.33,250.34,89.019,-342.86,-412.6,-822.83,-1253.9,-1114.0,-799.35,-533.5
-109.09,-331.9,-217.75,221.55,51.641,-275.59,-366.39,-734.05,-1126.2,-1007.5,-728.27,-493.45
-114.22,-278.34,-159.15,196.85,20.992,-219.32,-314.94,-638.3,-998.13,-908.53,-660.48,-451.72
-115.33,-233.94,-114.63,175.29,-2.3632,-174.93,-262.26,-541.96,-871.14,-811.37,-592.68,-405.89
-111.57,-196.9,-82.812,155.27,-17.717,-141.18,-211.49,-449.52,-746.46,-713.3,-521.83,-355.59
-102.17,-165.41,-60.499,135.92,-25.085,-115.02,-164.53,-363.53,-627.38,-614.31,-448.64,-303.03
-87.408,-138.28,-46.0,116.64,-26.065,-94.399,-122.37,-286.42,-516.98,-517.41,-378.46,-252.72
-70.32,-113.75,-37.89,96.393,-22.746,-77.898,-86.058,-219.78,-417.71,-427.46,-314.31,-209.14
-54.169,-91.166,-33.958,75.661,-17.5,-64.523,-56.34,-161.17,-331.99,-349.74,-259.0,-173.64
-40.72,-71.57,-31.428,57.522,-12.373,-53.339,-32.663,-111.26,-259.83,-287.53,-215.2,-146.88
-31.052,-56.759,-28.048,44.401,-8.9115,-43.572,-14.382,-81.718,-201.68,-240.81,-183.0,-127.84
-25.564,-46.569,-22.567,35.974,-8.2082,-35.14,-1.3988,-67.401,-159.85,-206.43,-160.01,-114.62
-23.869,-39.127,-15.182,30.934,-9.7138,-28.075,6.5069,-59.618,-130.12,-180.0,-142.71,-105.07
-24.875,-32.89,-7.3128,28.15,-11.283,-21.79,10.066,-54.17,-107.36,-158.38,-127.9,-97.362
-27.039,-27.427,-0.16761,26.626,-12.87,-16.042,10.033,-49.478,-89.372,-140.38,-113.67,-90.452
-28.583,-22.83,4.2195,25.453,-14.004,-11.404,5.8327,-45.045,-75.716,-125.6,-99.724,-83.804
-27.147,-19.189,5.2872,23.898,-14.415,-8.2564,-8.8052,-40.619,-65.727,-113.33,-86.895,-77.034
-20.599,-16.581,5.091,21.418,-14.278,-6.483,-11.928,-34.943,-57.588,-102.58,-75.853,-69.7
-14.512,-14.493,4.7649,18.089,-13.945,-5.5367,-9.9822,-23.584,-48.49,-92.478,-66.246,-62.133
-11.76,-11.64,4.5379,14.717,-13.636,-4.6318,-8.5514,-16.099,-36.011,-82.413,-57.427,-55.088
-10.328,-8.7896,4.6839,11.811,-13.416,-3.6321,-7.9036,-11.56,-21.516,-72.007,-49.153,-48.528
-9.3527,-6.6611,5.3236,9.5482,-13.304,-2.6933,-7.8277,-8.0868,-10.119,-61.117,-41.359,-42.233
-8.6108,-5.1201,6.3107,7.846,-13.314,-1.8549,-8.1142,-5.1862,-2.9845,-50.025,-34.357,-36.214
-8.0089,-3.9551,7.4102,6.5482,-13.412,-1.108,-8.6044,-2.6013,1.7012,-39.446,-28.581,-30.695
-7.4653,-3.0383,8.3934,5.5226,-13.488,-0.4508,-9.1723,-0.17085,5.3027,-30.123,-24.001,-25.856
-6.9004,-2.2963,9.0858,4.6759,-13.367,0.10657,-9.6937,2.1891,8.4977,-22.351,-20.266,-21.612
-6.2603,-1.6795,9.4054,3.946,-12.901,0.55696,-10.041,4.5012,11.608,-16.108,-17.079,-17.774
-5.5367,-1.1482,9.3681,3.2946,-12.091,0.90903,-10.106,6.7467,14.797,-11.262,-14.29,-14.276
-4.7612,-0.66927,9.0725,2.7018,-11.116,1.1871,-9.8345,8.8849,18.167,-7.5868,-11.839,-11.157
-3.9852,-0.21922,8.664,2.1614,-10.194,1.4214,-9.2339,10.868,21.791,-4.8152,-9.7077,-8.4676
-3.2617,0.2131,8.2831,1.6744,-9.4681,1.6364,-8.3668,12.652,25.719,-2.6982,-7.8846,-6.219
-2.6305,0.62579,8.0205,1.2424,-8.9872,1.8418,-7.326,14.213,29.97,-1.0337,-6.3537,-4.3915
-2.1076,1.006,7.8964,0.86432,-8.7384,2.0288,-6.206,15.545,34.524,0.33148,-5.0856,-2.9435
-1.6841,1.3348,7.867,0.53659,-8.6509,2.1748,-5.0814,16.668,39.306,1.5018,-4.0409,-1.8234
-1.3344,1.5963,7.8504,0.25458,-8.6001,2.2555,-3.9977,17.614,44.18,2.5365,-3.1788,-0.97901
-1.0268,1.7857,7.7558,0.012618,-8.451,2.2595,-2.9734,18.421,48.99,3.4604,-2.4639,-0.35954
-0.73236,1.9156,7.5141,-0.19756,-8.1257,2.1976,-2.0104,19.124,53.629,4.2827,-1.8675,0.086303
-0.42784,2.0126,7.1099,-0.38776,-7.6381,2.101,-1.1045,19.756,58.09,5.0173,-1.3641,0.41005
-0.098124,2.1083,6.5872,-0.57146,-7.0643,2.0079,-0.25072,20.344,62.465,5.6952,-0.92806,0.65809
0.26075,2.2282,6.0142,-0.75981,-6.4813,1.949,0.55725,20.919,66.892,6.3689,-0.53264,0.8643
0.64038,2.3839,5.4489,-0.95876,-5.9342,1.9385,1.3314,21.515,71.484,7.106,-0.15359,1.0462
1.0245,2.5719,4.9271,-1.1691,-5.4406,1.972,2.0917,22.172,76.278,7.9743,0.22639,1.2069
1.3969,2.7779,4.4606,-1.389,-5.0058,2.0304,2.8637,22.926,81.203,9.0274,0.61536,1.3409
1.7474,2.9853,4.0426,-1.6169,-4.629,2.0907,3.6731,23.804,86.104,10.299,1.0129,1.4414
2.0708,3.1839,3.6667,-1.8516,-4.3001,2.1369,4.5398,24.817,90.814,11.809,1.4129,1.5048
2.3616,3.3736,3.349,-2.0907,-3.9982,2.1692,5.4742,25.957,95.221,13.577,1.8061,1.5337
2.6098,3.564,3.12,-2.3292,-3.7009,2.2034,6.4768,27.197,99.296,15.627,2.1828,1.5375
2.8078,3.7694,2.9882,-2.561,-3.4014,2.2635,7.537,28.518,103.08,17.99,2.5344,1.53
2.9629,4.0028,2.9356,-2.7831,-3.1137,2.3702,8.6336,29.934,106.64,20.692,2.8552,1.5276
3.0997,4.2719,2.9421,-2.9978,-2.8592,2.5327,9.7389,31.525,110.05,23.75,3.1445,1.545
3.2476,4.5776,2.9948,-3.2123,-2.6499,2.7474,10.831,33.436,113.4,27.17,3.4105,1.5941
3.428,4.9183,3.0868,-3.4371,-2.4857,3.0034,11.909,35.876,116.73,30.94,3.6717,1.6822
3.6535,5.2956,3.2186,-3.6866,-2.3649,3.2932,12.999,39.096,120.08,35.028,3.9549,1.8144
3.938,5.7223,3.4006,-3.9816,-2.2908,3.62,14.153,43.353,123.45,39.385,4.2892,1.9956
4.305,6.2247,3.6509,-4.3529,-2.2706,3.9965,15.427,48.779,126.9,43.969,4.6998,2.234
4.79,6.8371,3.982,-4.8402,-2.3054,4.436,16.86,55.18,130.46,48.753,5.2045,2.5418
5.4363,7.5883,4.3841,-5.4864,-2.3785,4.9382,18.454,62.029,134.18,53.723,5.8129,2.9351
6.2833,8.4878,4.816,-6.3229,-2.4511,5.4813,20.171,68.787,138.13,58.854,6.5272,3.4303
7.3488,9.5177,5.2134,-7.3535,-2.472,6.0268,21.942,75.173,142.35,64.115,7.3438,4.0401
8.6165,10.64,5.5122,-8.5496,-2.3968,6.5362,23.7,81.215,146.88,69.478,8.2555,4.7695
10.041,11.816,5.6732,-9.8686,-2.2036,6.9917,25.396,87.302,151.74,74.931,9.2557,5.6145
11.569,13.036,5.6971,-11.287,-1.8965,7.4054,27.007,93.986,156.95,80.463,10.346,6.565
13.165,14.325,5.6213,-12.819,-1.4995,7.8129,28.531,101.63,162.52,86.047,11.543,7.6132
14.806,15.735,5.5011,-14.507,-1.0441,8.2545,29.982,110.26,168.43,91.63,12.886,8.7645
16.484,17.311,5.384,-16.387,-0.55833,8.7548,31.385,119.68,174.67,97.16,14.434,10.045
18.19,19.064,5.2877,-18.455,-0.0559,9.3091,32.781,129.64,181.25,102.62,16.258,11.501
19.921,20.954,5.1922,-20.66,0.46684,9.885,34.225,139.92,188.18,108.03,18.433,13.188
21.68,22.902,5.0526,-22.925,1.0259,10.436,35.79,150.33,195.52,113.43,21.017,15.161
23.475,24.822,4.8264,-25.184,1.6372,10.925,37.555,160.66,203.32,118.89,24.037,17.454
25.326,26.669,4.504,-27.408,2.3063,11.342,39.598,170.71,211.59,124.47,27.479,20.059
27.255,28.467,4.1189,-29.617,3.0309,11.712,41.981,180.4,220.36,130.19,31.287,22.906
29.279,30.304,3.7322,-31.869,3.8173,12.098,44.737,189.87,229.61,136.12,35.373,25.874
31.407,32.298,3.3992,-34.238,4.6935,12.576,47.852,199.42,239.33,142.26,39.638,28.836
33.648,34.548,3.1458,-36.776,5.7035,13.214,51.272,209.28,249.56,148.65,43.999,31.7
36.03,37.092,2.9663,-39.458,6.8919,14.056,54.917,219.53,260.32,155.31,48.41,34.435
38.601,39.907,2.8346,-42.184,8.2941,15.116,58.723,230.11,271.7,162.27,52.876,37.071
41.388,42.941,2.7195,-44.826,9.929,16.398,62.654,241.0,283.81,169.57,57.449,39.684
44.37,46.157,2.6024,-47.31,11.781,17.9,66.7,252.21,296.74,177.23,62.213,42.38
47.471,49.549,2.4902,-49.654,13.782,19.602,70.882,263.71,310.56,185.29,67.247,45.286
50.608,53.133,2.4189,-51.948,15.812,21.48,75.274,275.4,325.26,193.73,72.574,48.526
53.744,56.914,2.4428,-54.318,17.737,23.524,80.011,287.17,340.7,202.57,78.147,52.186
56.887,60.877,2.6158,-56.909,19.462,25.76,85.221,299.03,356.73,211.83,83.892,56.265
60.073,64.981,2.9729,-59.876,20.957,28.229,90.95,311.08,373.19,221.57,89.789,60.678
63.337,69.144,3.5194,-63.358,22.257,30.967,97.173,323.41,390.02,231.87,95.914,65.332
66.699,73.261,4.2286,-67.377,23.427,33.974,103.85,336.14,407.29,242.81,102.42,70.192
70.159,77.255,5.0503,-71.744,24.546,37.198,110.92,349.41,425.14,254.42,109.47,75.289
73.687,81.144,5.9261,-76.151,25.691,40.549,118.31,363.37,443.7,266.69,117.13,80.688
77.242,85.073,6.8062,-80.398,26.933,43.919,125.96,378.02,463.02,279.54,125.35,86.461
80.81,89.245,7.6594,-84.489,28.324,47.233,133.9,393.16,483.01,292.85,133.92,92.659
84.462,93.793,8.4733,-88.574,29.892,50.482,142.13,408.38,503.43,306.48,142.7,99.299
88.36,98.742,9.2495,-92.862,31.64,53.715,150.5,423.25,524.01,320.33,151.63,106.34
92.712,104.08,9.9996,-97.552,33.567,56.991,158.65,437.51,544.51,334.33,160.84,113.7
97.639,109.79,10.736,-102.75,35.675,60.322,166.23,451.18,564.79,348.52,170.56,121.24
103.06,115.78,11.456,-108.41,37.946,63.665,173.1,464.5,584.84,362.96,181.05,128.86
108.71,121.93,12.129,-114.35,40.322,66.958,179.46,477.72,604.69,377.81,192.47,136.54
114.31,128.11,12.71,-120.36,42.738,70.167,185.66,491.16,624.45,393.16,204.87,144.37
119.7,134.25,13.148,-126.29,45.162,73.295,192.0,505.06,644.19,409.06,218.11,152.52
124.9,140.32,13.414,-132.11,47.6,76.354,198.54,519.48,663.9,425.44,231.91,161.18
130.05,146.3,13.505,-137.85,50.082,79.356,204.95,534.07,683.39,442.19,245.93,170.48
135.36,152.2,13.445,-143.58,52.667,82.31,210.74,548.26,702.36,459.15,259.92,180.49
141.0,158.04,13.276,-149.37,55.421,85.234,215.63,561.56,720.48,476.13,273.76,191.09
147.01,163.87,13.045,-155.29,58.359,88.138,219.63,573.7,737.47,492.9,287.45,202.03
153.28,169.68,12.788,-161.31,61.401,91.015,222.98,584.67,753.2,509.24,301.06,212.97
159.57,175.45,12.519,-167.31,64.417,93.817,225.94,594.57,767.69,525.01,314.66,223.61
165.55,181.07,12.218,-173.1,67.324,96.461,228.7,603.48,781.05,540.12,328.26,233.76
171.02,186.36,11.843,-178.48,70.138,98.841,231.31,611.47,793.36,554.53,341.82,243.38
175.92,191.18,11.349,-183.34,72.921,100.88,233.72,618.59,804.68,568.24,355.25,252.58
180.38,195.42,10.709,-187.66,75.7,102.54,235.77,624.83,814.96,581.2,368.41,261.51
184.6,199.08,9.9325,-191.51,78.432,103.88,237.29,630.17,824.02,593.37,381.11,270.33
188.72,202.22,9.0671,-194.98,81.036,104.98,238.18,634.55,831.69,604.68,393.19,279.06
192.74,204.92,8.1798,-198.18,83.45,105.95,238.36,637.89,837.8,615.07,404.45,287.63
196.5,207.27,7.3274,-201.14,85.655,106.83,237.82,640.11,842.28,624.46,414.77,295.85
199.84,209.32,6.5403,-203.86,87.656,107.62,236.5,641.13,845.15,632.75,424.12,303.54
202.65,211.11,5.8253,-206.28,89.441,108.28,234.38,640.82,846.49,639.87,432.53,310.58
204.91,212.59,5.1787,-208.31,90.981,108.75,231.46,639.06,846.37,645.76,440.02,316.95
206.62,213.73,4.6007,-209.89,92.251,108.98,227.86,635.72,844.78,650.4,446.6,322.65
207.77,214.45,4.0979,-210.97,93.234,108.95,223.71,630.7,841.66,653.78,452.24,327.71
208.37,214.72,3.6724,-211.49,93.917,108.69,219.15,623.92,836.86,655.89,456.93,332.14
208.46,214.51,3.3104,-211.44,94.309,108.21,214.28,615.36,830.17,656.67,460.73,335.96
208.09,213.82,2.9821,-210.85,94.442,107.5,209.13,605.22,821.52,656.04,463.71,339.13
207.28,212.6,2.65,-209.77,94.331,106.54,203.73,593.85,810.98,653.88,465.94,341.56
205.99,210.82,2.2811,-208.26,93.972,105.25,198.11,581.75,798.83,650.1,467.42,343.06
204.21,208.4,1.858,-206.34,93.368,103.59,192.35,569.33,785.36,644.75,468.1,343.42
201.91,205.32,1.3839,-204.0,92.536,101.49,186.45,556.75,770.73,637.97,467.8,342.44
199.12,201.62,0.87792,-201.22,91.478,98.973,180.38,543.92,754.93,629.9,466.34,340.07
195.86,197.43,0.36365,-197.96,90.174,96.106,174.13,530.53,737.77,620.63,463.52,336.4
192.18,192.9,-0.14496,-194.21,88.6,93.018,167.85,516.13,718.98,610.15,459.22,331.67
188.2,188.11,-0.65391,-190.03,86.788,89.821,161.78,500.34,698.34,598.41,453.35,326.12
184.01,183.08,-1.1885,-185.43,84.859,86.567,155.97,483.05,675.75,585.3,445.92,319.94
179.61,177.7,-1.7784,-180.43,82.968,83.254,150.3,464.62,651.36,570.71,436.94,313.2
174.93,171.86,-2.436,-174.98,81.189,79.873,144.73,445.64,625.56,554.55,426.57,305.88
169.9,165.42,-3.1417,-169.04,79.483,76.445,139.26,426.61,598.87,536.77,415.0,297.9
164.47,158.28,-3.8442,-162.57,77.74,73.027,133.8,407.8,571.79,517.49,402.52,289.14
158.63,150.57,-4.4756,-155.59,75.809,69.684,128.17,389.29,544.67,496.92,389.37,279.54
152.41,142.62,-4.9738,-148.18,73.527,66.439,122.36,371.05,517.66,475.38,375.75,269.09
145.9,134.87,-5.3057,-140.6,70.781,63.24,116.48,352.89,490.72,453.19,361.7,257.86
139.2,127.63,-5.4829,-133.16,67.614,59.974,110.64,334.58,463.71,430.66,347.11,245.97
132.43,120.97,-5.5592,-126.12,64.29,56.527,104.9,315.97,436.44,408.06,331.83,233.59
125.7,114.75,-5.6098,-119.56,61.122,52.826,99.269,297.15,408.85,385.54,315.81,220.92
119.07,108.67,-5.703,-113.36,58.211,48.842,93.759,278.43,381.08,363.23,299.2,208.19
112.5,102.43,-5.878,-107.32,55.448,44.581,88.417,260.22,353.54,341.24,282.33,195.59
105.91,95.871,-6.1326,-101.18,52.663,40.095,83.239,242.8,326.73,319.72,265.64,183.31
99.228,88.995,-6.4258,-94.76,49.713,35.495,78.136,226.16,301.08,298.81,249.62,171.49
92.378,81.946,-6.6983,-88.024,46.492,30.953,72.985,210.11,276.77,278.65,234.6,160.18
85.358,74.855,-6.9,-81.096,42.956,26.69,67.723,194.44,253.74,259.26,220.74,149.37
78.291,67.797,-7.0163,-74.229,39.175,22.921,62.399,179.06,231.75,240.56,207.88,139.01
71.455,60.91,-7.0856,-67.663,35.364,19.765,57.116,163.99,210.53,222.4,195.7,128.99
65.184,54.404,-7.1873,-61.488,31.821,17.163,51.942,149.33,189.89,204.6,183.77,119.22
59.714,48.464,-7.393,-55.67,28.804,14.874,46.872,135.2,169.83,187.09,171.72,109.66
55.074,43.187,-7.7144,-50.31,26.419,12.642,41.838,121.74,150.48,169.88,159.34,100.32
51.099,38.602,-8.0958,-45.689,24.598,10.416,36.743,109.06,132.08,153.1,146.72,91.275
47.591,34.654,-8.4451,-41.877,23.16,8.3438,31.518,97.231,114.86,136.97,134.2,82.672
44.468,31.185,-8.6673,-38.605,21.895,6.5732,26.213,86.274,98.944,121.77,122.25,74.648
41.655,27.93,-8.6877,-35.547,20.587,5.1469,21.048,76.189,84.316,107.72,111.31,67.294
38.957,24.617,-8.4634,-32.518,19.011,4.0344,16.351,66.945,70.802,94.949,101.57,60.62
36.164,21.145,-7.9931,-29.49,17.033,3.1777,12.38,58.47,58.031,83.405,92.956,54.568
33.166,17.682,-7.3196,-26.513,14.769,2.5157,9.2063,50.643,45.515,72.847,85.195,49.033
29.992,14.519,-6.5219,-23.608,12.503,1.9935,6.7247,43.38,33.277,62.884,77.912,43.92
26.771,11.862,-5.6938,-20.723,10.474,1.5689,4.7507,36.953,22.674,53.285,70.745,39.176
23.629,9.7508,-4.91,-17.772,8.7635,1.2119,3.105,31.86,14.935,44.307,63.492,34.705
20.596,8.1102,-4.2088,-14.758,7.3065,0.90143,1.6533,28.037,9.5927,36.321,56.258,30.311
17.616,6.8242,-3.6056,-11.866,5.9906,0.62047,0.3125,25.002,5.6946,29.282,49.413,25.811
14.608,5.7853,-3.1232,-9.3767,4.7805,0.35304,-0.95859,22.413,2.6288,23.05,43.237,21.223
11.596,4.9117,-2.7841,-7.4351,3.7737,0.082953,-2.1729,20.123,0.055081,17.69,37.712,16.812
8.9082,4.1463,-2.5984,-5.999,3.0855,-0.20652,-3.3289,18.083,-2.2295,13.281,32.68,12.934
6.9848,3.4489,-2.579,-4.9426,2.7042,-0.5325,-4.4233,16.277,-4.3496,9.7593,28.034,9.8167
5.7963,2.7887,-2.7404,-4.1453,2.5307,-0.914,-5.458,14.699,-6.3739,6.9574,23.758,7.4682
5.0235,2.1397,-3.0849,-3.5161,2.4837,-1.3724,-6.4422,13.339,-8.3242,4.6924,19.903,5.7449
4.4453,1.4788,-3.6039,-2.9897,2.5229,-1.9282,-7.3892,12.187,-10.183,2.8135,16.535,4.4692
3.9643,0.7859,-4.2799,-2.5182,2.6267,-2.5943,-8.3126,11.227,-11.91,1.2121,13.692,3.4964
3.5404,0.045037,-5.0868,-2.0656,2.7737,-3.3685,-9.2216,10.441,-13.457,-0.18576,11.349,2.7292
3.1533,-0.75269,-5.9862,-1.6068,2.9382,-4.2317,-10.119,9.8097,-14.79,-1.4314,9.4222,2.1067
2.7873,-1.6055,-6.9258,-1.1273,3.0917,-5.1506,-11.0,9.3079,-15.902,-2.5642,7.8087,1.5912
2.426,-2.4988,-7.8414,-0.62342,3.2046,-6.0835,-11.857,8.9043,-16.809,-3.62,6.4127,1.1568
2.052,-3.4074,-8.6628,-0.1003,3.2499,-6.9857,-12.675,8.5629,-17.542,-4.6345,5.1589,0.78175
1.6498,-4.3016,-9.3266,0.43232,3.2063,-7.8174,-13.435,8.2501,-18.13,-5.642,3.9898,0.4448
1.2085,-5.155,-9.7874,0.96481,3.062,-8.5492,-14.115,7.9431,-18.601,-6.6726,2.8596,0.12509
0.72439,-5.9517,-10.025,1.4921,2.8159,-9.1656,-14.689,7.6358,-18.969,-7.7487,1.7315,-0.19502
0.20153,-6.6881,-10.045,2.015,2.4768,-9.6629,-15.135,7.3389,-19.245,-8.8826,0.57952,-0.52655
-0.3492,-7.3685,-9.8738,2.538,2.0617,-10.044,-15.442,7.0746,-19.428,-10.073,-0.60706,-0.87311
-0.91301,-7.9977,-9.5513,3.0646,1.5918,-10.313,-15.608,6.8657,-19.516,-11.301,-1.8206,-1.2342
-1.4745,-8.5736,-9.1152,3.5933,1.087,-10.467,-15.645,6.7266,-19.502,-12.539,-3.0365,-1.6108
-2.0208,-9.0824,-8.5945,4.1162,0.56129,-10.495,-15.569,6.6586,-19.383,-13.753,-4.2218,-2.0092
-2.5441,-9.4989,-8.0047,4.6187,0.020736,-10.381,-15.407,6.6532,-19.155,-14.92,-5.348,-2.4397
-3.0417,-9.7944,-7.3566,5.0823,-0.53314,-10.114,-15.185,6.6998,-18.816,-16.034,-6.4019,-2.9123
-3.5145,-9.9486,-6.6653,5.4884,-1.0972,-9.7039,-14.926,6.7918,-18.365,-17.1,-7.3904,-3.4325
-3.9627,-9.9607,-5.9533,5.8231,-1.662,-9.1825,-14.645,6.9252,-17.805,-18.137,-8.3388,-4.0
-4.3835,-9.851,-5.2473,6.0817,-2.2122,-8.5987,-14.346,7.0928,-17.154,-19.16,-9.2839,-4.6099
-4.7712,-9.6537,-4.5727,6.2678,-2.7299,-8.0007,-14.018,7.2793,-16.445,-20.179,-10.264,-5.254
-5.1192,-9.4032,-3.9459,6.3894,-3.2005,-7.424,-13.637,7.4602,-15.722,-21.186,-11.309,-5.9236
-5.4224,-9.1233,-3.3725,6.4533,-3.6163,-6.8867,-13.171,7.6089,-15.027,-22.162,-12.429,-6.6112
-5.68,-8.8243,-2.8458,6.4641,-3.9784,-6.3904,-12.591,7.707,-14.379,-23.071,-13.611,-7.3137
-5.8969,-8.5066,-2.3509,6.4269,-4.2968,-5.9273,-11.873,7.7543,-13.774,-23.872,-14.818,-8.0362
-6.084,-8.1685,-1.8694,6.352,-4.5868,-5.4872,-11.006,7.7696,-13.181,-24.525,-16.003,-8.7916
-6.2557,-7.8153,-1.3865,6.2552,-4.8639,-5.0642,-9.9958,7.7837,-12.555,-25.0,-17.117,-9.5961
-6.425,-7.463,-0.89563,6.1564,-5.138,-4.6606,-8.8648,7.8269,-11.85,-25.286,-18.125,-10.457
-6.6002,-7.134,-0.40005,6.0764,-5.411,-4.2871,-7.6492,7.918,-11.038,-25.391,-19.008,-11.363
-6.7829,-6.8529,0.08724,6.0323,-5.6777,-3.9597,-6.39,8.0596,-10.11,-25.334,-19.758,-12.275
-6.9664,-6.6383,0.54723,6.033,-5.9286,-3.6941,-5.1237,8.242,-9.0851,-25.132,-20.379,-13.14
-7.1376,-6.4954,0.96241,6.0732,-6.1536,-3.4992,-3.8772,8.4513,-7.9977,-24.795,-20.879,-13.9
-7.2792,-6.4124,1.3248,6.1307,-6.346,-3.3728,-2.666,8.6785,-6.8896,-24.323,-21.275,-14.516
-7.3754,-6.3639,1.6373,6.1724,-6.5041,-3.3024,-1.4949,8.923,-5.7991,-23.719,-21.584,-14.972
-7.4173,-6.3213,1.9062,6.1678,-6.63,-3.2713,-0.35962,9.1931,-4.7539,-22.994,-21.818,-15.278
-7.4077,-6.2664,2.1318,6.105,-6.7253,-3.2652,0.75171,9.4932,-3.7699,-22.169,-21.983,-15.462
-7.3613,-6.196,2.3031,5.9984,-6.7848,-3.2777,1.8558,9.8173,-2.852,-21.274,-22.078,-15.559
-7.3007,-6.1211,2.4009,5.8815,-6.7952,-3.3087,2.9699,10.145,-1.999,-20.33,-22.095,-15.604
-7.2474,-6.0582,2.4043,5.7918,-6.7405,-3.3618,4.107,10.445,-1.2046,-19.35,-22.023,-15.627
-7.2116,-6.0202,2.2978,5.7535,-6.6132,-3.439,5.2703,10.691,-0.45923,-18.332,-21.853,-15.638
-7.1876,-6.0104,2.0799,5.7702,-6.4187,-3.5361,6.4518,10.88,0.2488,-17.265,-21.578,-15.631
-7.1577,-6.0223,1.7694,5.8255,-6.169,-3.6427,7.6324,11.032,0.93186,-16.133,-21.195,-15.582
-7.1021,-6.0432,1.4051,5.8904,-5.8789,-3.744,8.7851,11.184,1.601,-14.931,-20.703,-15.467
-7.0077,-6.0596,1.0385,5.9351,-5.5679,-3.8257,9.8791,11.371,2.2641,-13.67,-20.105,-15.261
-6.8732,-6.0652,0.7205,5.94,-5.2622,-3.8793,10.885,11.603,2.926,-12.381,-19.41,-14.947
-6.707,-6.0594,0.48919,5.9008,-4.9886,-3.9056,11.777,11.863,3.5865,-11.108,-18.63,-14.511
-6.5223,-6.048,0.36335,5.8256,-4.7639,-3.9117,12.541,12.105,4.2421,-9.8938,-17.787,-13.94
-6.3305,-6.0368,0.34042,5.7291,-4.5868,-3.9076,13.167,12.281,4.8893,-8.7681,-16.906,-13.225
-6.136,-6.0254,0.39654,5.6203,-4.4369,-3.9009,13.656,12.355,5.5254,-7.7404,-16.015,-12.373
-5.9335,-6.005,0.48993,5.4968,-4.2849,-3.8927,14.01,12.326,6.1481,-6.8009,-15.137,-11.415
-5.7083,-5.9583,0.57139,5.3454,-4.1059,-3.877,14.226,12.223,6.7553,-5.9289,-14.281,-10.398
-5.4425,-5.8678,0.59732,5.1502,-3.8857,-3.847,14.294,12.092,7.3434,-5.1016,-13.443,-9.3732
-5.1219,-5.7264,0.53709,4.9039,-3.6177,-3.8026,14.204,11.974,7.9055,-4.3015,-12.61,-8.3802
-4.7425,-5.5438,0.3742,4.6141,-3.2986,-3.7525,13.949,11.888,8.4317,-3.5186,-11.761,-7.4377
-4.3106,-5.3417,0.10631,4.3,-2.9293,-3.7124,13.535,11.831,8.9115,-2.748,-10.88,-6.543
-3.8394,-5.1414,-0.25429,3.9821,-2.5168,-3.696,12.979,11.785,9.3389,-1.9864,-9.9521,-5.6822
-3.3428,-4.9549,-0.68376,3.6726,-2.0722,-3.7088,12.305,11.73,9.7155,-1.2291,-8.9701,-4.837
-2.8282,-4.7815,-1.155,3.3711,-1.6045,-3.7469,11.535,11.659,10.052,-0.46992,-7.9327,-3.9953
-2.2943,-4.6113,-1.6474,3.0679,-1.1122,-3.8003,10.685,11.567,10.362,0.29788,-6.8449,-3.1555
-1.7346,-4.4319,-2.151,2.7504,-0.58487,-3.8581,9.7689,11.455,10.655,1.076,-5.7163,-2.3262
-1.1473,-4.2347,-2.6646,2.412,-0.016602,-3.9123,8.8049,11.319,10.932,1.8582,-4.5571,-1.5233
-0.54493,-4.018,-3.1884,2.0571,0.58002,-3.9571,7.8192,11.145,11.187,2.6299,-3.3756,-0.76558
0.044517,-3.7863,-3.7163,1.7005,1.1741,-3.9883,6.8378,10.913,11.408,3.3698,-2.1762,-0.069652
0.58618,-3.5489,-4.231,1.3607,1.7327,-4.003,5.8728,10.606,11.581,4.0552,-0.96289,0.55351
1.0517,-3.3181,-4.7066,1.0536,2.2358,-4.0004,4.9144,10.216,11.694,4.6698,0.25789,1.1006
1.4275,-3.1045,-5.1153,0.78849,2.6784,-3.9816,3.9372,9.7495,11.742,5.2103,1.4725,1.5756
1.7149,-2.9167,-5.435,0.56793,3.06,-3.9503,2.917,9.2236,11.72,5.6889,2.6615,1.9877
1.9229,-2.7583,-5.6508,0.38988,3.3758,-3.9107,1.8446,8.662,11.627,6.1296,3.8059,2.3481
2.0613,-2.6265,-5.7529,0.24902,3.615,-3.8642,0.73077,8.089,11.462,6.5594,4.8952,2.6631
2.1368,-2.5125,-5.7346,0.14001,3.7651,-3.8074,-0.40125,7.5217,11.221,6.9985,5.9326,2.9333
2.1533,-2.4033,-5.5964,0.058438,3.8163,-3.7321,-1.5245,6.9637,10.908,7.4526,6.9324,3.1532
2.1139,-2.2852,-5.3467,0.0005669,3.7664,-3.6269,-2.6199,6.4019,10.532,7.9086,7.9111,3.3142
2.0238,-2.146,-5.0029,-0.03779,3.624,-3.4801,-3.6844,5.8123,10.116,8.3366,8.8801,3.4085
1.8922,-1.9769,-4.5881,-0.062272,3.4085,-3.2833,-4.732,5.1734,9.6886,8.697,9.841,3.4334
1.7312,-1.7742,-4.1275,-0.079556,3.1449,-3.0351,-5.7825,4.4781,9.2766,8.9505,10.786,3.3952
1.5534,-1.5399,-3.6416,-0.095438,2.856,-2.7408,-6.8499,3.7365,8.8955,9.0658,11.698,3.3077
1.3686,-1.2828,-3.1461,-0.11239,2.5544,-2.411,-7.9281,2.9703,8.5426,9.0262,12.552,3.1923
1.1816,-1.0169,-2.6482,-0.12798,2.2402,-2.0592,-8.9899,2.2015,8.1997,8.8321,13.32,3.0708
0.9928,-0.75958,-2.1386,-0.13532,1.9039,-1.7001,-9.9885,1.4449,7.8399,8.503,13.974,2.9624
0.80044,-0.52731,-1.5915,-0.12742,1.5307,-1.345,-10.868,0.70572,7.4412,8.0722,14.496,2.8783
0.60355,-0.32961,-0.97613,-0.10198,1.108,-0.99951,-11.581,-0.017771,6.9908,7.5821,14.879,2.8172
0.40319,-0.16566,-0.27557,-0.063557,0.63411,-0.66413,-12.095,-0.73019,6.4857,7.0718,15.124,2.7651
0.20153,-0.027313,0.49998,-0.020423,0.12235,-0.33934,-12.398,-1.4356,5.9287,6.5672,15.242,2.7009
0.00040346,0.09356,1.312,0.021159,-0.40075,-0.031406,-12.48,-2.1361,5.3253,6.077,15.248,2.6059
-0.19988,0.19937,2.1036,0.060646,-0.90352,0.24568,-12.328,-2.8327,4.6816,5.596,15.163,2.4713
-0.40109,0.28632,2.8158,0.10285,-1.357,0.47376,-11.92,-3.5274,4.0044,5.1132,15.007,2.2997
-0.60548,0.34784,3.3996,0.15461,-1.7398,0.63639,-11.234,-4.2237,3.3026,4.6204,14.798,2.1008
-0.81254,0.37856,3.8238,0.22105,-2.0392,0.72541,-10.279,-4.9245,2.5889,4.1165,14.546,1.8859
-1.0155,0.37626,4.0767,0.30315,-2.2499,0.74134,-9.1004,-5.6301,1.8802,3.6068,14.249,1.6633
-1.2001,0.34177,4.1619,0.39732,-2.3703,0.69091,-7.7855,-6.337,1.1948,3.0994,13.892,1.4403
-1.3477,0.27756,4.0906,0.49649,-2.4002,0.58333,-6.4308,-7.039,0.54743,2.6015,13.448,1.224
-1.4398,0.18611,3.8782,0.59208,-2.3394,0.4266,-5.1195,-7.7281,-0.056639,2.1196,12.894,1.0215
-1.4633,0.068755,3.5394,0.67622,-2.1867,0.22455,-3.9019,-8.3944,-0.62429,1.66,12.217,0.83906
-1.4138,-0.074804,3.0868,0.74395,-1.9406,-0.024094,-2.7908,-9.0271,-1.1723,1.2299,11.418,0.67935
-1.2961,-0.24642,2.5341,0.79479,-1.6004,-0.3235,-1.7683,-9.6167,-1.7211,0.83765,10.518,0.5399
-1.123,-0.44833,1.9027,0.83317,-1.1717,-0.67484,-0.79996,-10.159,-2.2874,0.49168,9.545,0.41331
-0.91294,-0.68093,1.2182,0.86671,-0.66941,-1.0704,0.14876,-10.656,-2.8772,0.2008,8.537,0.28942
-0.68593,-0.9404,0.5049,0.90283,-0.11755,-1.4928,1.0985,-11.116,-3.4825,-0.027823,7.5311,0.15858
-0.4594,-1.2168,-0.2209,0.94481,0.45483,-1.9201,2.049,-11.551,-4.0807,-0.19291,6.5586,0.015007
-0.24508,-1.4934,-0.94653,0.98934,1.0181,-2.3292,2.9807,-11.97,-4.6394,-0.30398,5.6386,-0.14055
-0.049479,-1.7493,-1.6541,1.0278,1.5459,-2.6971,3.8607,-12.377,-5.1242,-0.38353,4.7756,-0.30006
0.12188,-1.9646,-2.3159,1.0513,2.0171,-3.0021,4.6486,-12.77,-5.5067,-0.46314,3.9611,-0.45029
0.25977,-2.1286,-2.8984,1.0574,2.4159,-3.229,5.3026,-13.139,-5.7715,-0.57395,3.1794,-0.57808
0.35047,-2.244,-3.3724,1.0526,2.73,-3.3744,5.7862,-13.471,-5.9195,-0.73588,2.4156,-0.67646
0.37932,-2.3257,-3.721,1.0502,2.948,-3.4474,6.0768,-13.756,-5.9672,-0.95115,1.661,-0.7484
0.33553,-2.3935,-3.9395,1.0642,3.0606,-3.4655,6.1722,-13.985,-5.9423,-1.2058,0.91483,-0.80534
0.21565,-2.4644,-4.0301,1.1044,3.0635,-3.4464,6.0904,-14.158,-5.876,-1.4779,0.18375,-0.86134
0.024501,-2.5465,-3.9958,1.1738,2.9591,-3.4022,5.8661,-14.276,-5.7962,-1.7476,-0.52078,-0.92689
-0.22596,-2.638,-3.8379,1.2687,2.7559,-3.337,5.5421,-14.345,-5.7256,-2.0046,-1.1835,-1.0066
-0.51928,-2.7281,-3.5573,1.3799,2.4667,-3.2469,5.1604,-14.375,-5.6821,-2.2489,-1.7857,-1.1014
-0.83728,-2.7999,-3.1582,1.4951,2.1065,-3.1229,4.7546,-14.382,-5.6803,-2.4876,-2.3074,-1.2114
-1.1617,-2.8354,-2.6529,1.601,1.6932,-2.9548,4.3461,-14.377,-5.732,-2.728,-2.7318,-1.3377
-1.475,-2.8207,-2.0672,1.6856,1.2488,-2.7369,3.9463,-14.369,-5.8447,-2.9723,-3.0529,-1.4814
-1.7598,-2.7506,-1.4428,1.7414,0.80037,-2.474,3.5587,-14.357,-6.0201,-3.2149,-3.2796,-1.6408
-2.0019,-2.6308,-0.83241,1.7669,0.37812,-2.1817,3.1813,-14.331,-6.2522,-3.4429,-3.4325,-1.8092
-2.1912,-2.4755,-0.28965,1.7661,0.011044,-1.8839,2.8072,-14.276,-6.5233,-3.6408,-3.5357,-1.9777
-2.3228,-2.3028,0.14382,1.7454,-0.27897,-1.6062,2.4241,-14.18,-6.805,-3.795,-3.6063,-2.1372
-2.3954,-2.1277,0.44948,1.7096,-0.48144,-1.368,2.0152,-14.038,-7.065,-3.8987,-3.65,-2.2834
-2.41,-1.9572,0.63742,1.6582,-0.59791,-1.1769,1.5624,-13.854,-7.2783,-3.954,-3.6645,-2.4194
-2.3674,-1.7885,0.74201,1.586,-0.63992,-1.0255,1.0513,-13.639,-7.4379,-3.97,-3.6468,-2.5551
-2.2694,-1.6122,0.80776,1.4865,-0.62374,-0.89555,0.47555,-13.406,-7.56,-3.9603,-3.6002,-2.7029
-2.1215,-1.4192,0.87147,1.3575,-0.56518,-0.76744,-0.16038,-13.164,-7.6773,-3.9353,-3.5357,-2.8712
-1.9355,-1.2075,0.94876,1.2046,-0.47533,-0.63084,-0.84224,-12.917,-7.8267,-3.8965,-3.4685,-3.0572
-1.7281,-0.98519,1.03,1.0406,-0.35858,-0.4897,-1.5484,-12.664,-8.0346,-3.8364,-3.4129,-3.2433
-1.5154,-0.76743,1.0862,0.88008,-0.21482,-0.35913,-2.2545,-12.404,-8.3078,-3.7439,-3.3756,-3.4
-1.3087,-0.57025,1.0833,0.73425,-0.043391,-0.2566,-2.9376,-12.14,-8.6309,-3.612,-3.3557,-3.4948
-1.1153,-0.40409,1.0013,0.60855,0.15193,-0.19228,-3.5811,-11.877,-8.9717,-3.4426,-3.3461,-3.5063
-0.94012,-0.26956,0.84903,0.50192,0.35878,-0.16348,-4.1752,-11.628,-9.2914,-3.2456,-3.3378,-3.4352
-0.7881,-0.15667,0.66656,0.40909,0.55509,-0.15366,-4.7178,-11.405,-9.5552,-3.0365,-3.3272,-3.3062
-0.66426,-0.047694,0.51316,0.32276,0.71289,-0.13621,-5.2145,-11.218,-9.7392,-2.8293,-3.3191,-3.1583
-0.57137,0.076459,0.44614,0.23616,0.80671,-0.082743,-5.6809,-11.069,-9.8325,-2.6364,-3.326,-3.0272
-0.5077,0.22849,0.49985,0.14516,0.82299,0.026652,-6.1448,-10.957,-9.835,-2.4678,-3.3622,-2.9327
-0.46568,0.40922,0.67312,0.049505,0.7659,0.19465,-6.6428,-10.88,-9.7534,-2.3319,-3.4349,-2.8745
-0.4347,0.60733,0.92995,-0.047725,0.65619,0.40503,-7.2139,-10.836,-9.5974,-2.237,-3.5367,-2.8394
-0.40537,0.80439,1.2138,-0.14192,0.52289,0.62921,-7.8874,-10.823,-9.3759,-2.1901,-3.6467,-2.8126
-0.37199,0.98284,1.471,-0.2292,0.39218,0.83785,-8.6728,-10.84,-9.0953,-2.1949,-3.737,-2.7849
-0.33383,1.1335,1.6727,-0.3079,0.27774,1.0128,-9.5531,-10.89,-8.7618,-2.2498,-3.7885,-2.7544
-0.29393,1.257,1.8222,-0.37851,0.17944,1.1526,-10.487,-10.974,-8.3801,-2.3484,-3.8029,-2.724
-0.25699,1.3614,1.9456,-0.44191,0.088581,1.268,-11.42,-11.095,-7.954,-2.4833,-3.8023,-2.6981
-0.22726,1.4547,2.0708,-0.49693,-0.0037445,1.3716,-12.298,-11.254,-7.4881,-2.6475,-3.817,-2.678
-0.2068,1.5367,2.2096,-0.53954,-0.098911,1.4667,-13.076,-11.454,-6.9901,-2.8351,-3.8677,-2.6614
-0.19423,1.5976,2.3474,-0.56417,-0.18641,1.5431,-13.727,-11.698,-6.4735,-3.0378,-3.9513,-2.644
-0.18458,1.6214,2.4465,-0.56742,-0.24484,1.5814,-14.239,-11.989,-5.9565,-3.2445,-4.0392,-2.6236
-0.1711,1.5953,2.4612,-0.55079,-0.249,1.5639,-14.613,-12.326,-5.4579,-3.442,-4.0855,-2.6039
-0.14813,1.5167,2.3606,-0.52025,-0.18073,1.4831,-14.865,-12.708,-4.9915,-3.6171,-4.0439,-2.5946
-0.11474,1.3947,2.1424,-0.48323,-0.037817,1.3444,-15.022,-13.124,-4.5617,-3.7579,-3.8861,-2.6087
-0.07537,1.2455,1.8297,-0.4451,0.165,1.1612,-15.118,-13.557,-4.1635,-3.8551,-3.6097,-2.6562
-0.036739,1.0858,1.456,-0.40748,0.40364,0.94874,-15.192,-13.99,-3.7877,-3.9015,-3.2371,-2.7389
-0.0040335,0.92739,1.0497,-0.36902,0.65563,0.71806,-15.28,-14.406,-3.4266,-3.894,-2.803,-2.848
0.021852,0.77528,0.62805,-0.32761,0.90707,0.47488,-15.41,-14.793,-3.0774,-3.8337,-2.338,-2.966
0.043619,0.62942,0.20024,-0.28265,1.1525,0.22318,-15.596,-15.15,-2.7429,-3.7267,-1.8572,-3.0733
0.064232,0.48897,-0.22492,-0.23595,1.3895,-0.029232,-15.83,-15.481,-2.4293,-3.5812,-1.3581,-3.1581
0.084775,0.35633,-0.63233,-0.19156,1.6131,-0.26763,-16.074,-15.793,-2.1435,-3.405,-0.82787,-3.223
0.10559,0.23927,-1.0015,-0.1552,1.8165,-0.4732,-16.264,-16.094,-1.8905,-3.2029,-0.25344,-3.2854
0.13101,0.14634,-1.3145,-0.13309,1.9964,-0.63128,-16.333,-16.388,-1.6735,-2.9774,0.36778,-3.3683
0.17132,0.082443,-1.5642,-0.13017,2.1556,-0.73997,-16.231,-16.677,-1.4958,-2.7332,1.0235,-3.4899
0.23893,0.045313,-1.757,-0.1481,2.3005,-0.8125,-15.946,-16.958,-1.3633,-2.4822,1.6874,-3.6582
0.34106,0.026288,-1.906,-0.1845,2.4343,-0.87064,-15.505,-17.221,-1.2858,-2.2448,2.33,-3.8711
0.47404,0.016318,-2.0189,-0.23401,2.5523,-0.93237,-14.962,-17.453,-1.2745,-2.0432,2.9312,-4.1198
0.62202,0.012,-2.0908,-0.29086,2.6396,-1.0008,-14.373,-17.636,-1.3379,-1.8908,3.4872,-4.3906
0.76015,0.018622,-2.1081,-0.35096,2.676,-1.0615,-13.786,-17.75,-1.4752,-1.7842,4.0071,-4.6671
0.86112,0.047535,-2.0608,-0.412,2.6455,-1.0906,-13.235,-17.778,-1.6735,-1.705,4.5017,-4.9328
0.90461,0.10881,-1.9526,-0.47145,2.5461,-1.0669,-12.738,-17.709,-1.9087,-1.6301,4.9709,-5.1755
0.88684,0.2029,-1.8067,-0.52405,2.3954,-0.98452,-12.307,-17.543,-2.1524,-1.5432,5.3969,-5.3919
0.82296,0.31607,-1.664,-0.5611,2.2259,-0.85829,-11.946,-17.291,-2.3791,-1.4423,5.747,-5.5872
0.73791,0.42285,-1.5712,-0.57283,2.0705,-0.72065,-11.648,-16.982,-2.5725,-1.3383,5.9841,-5.7694
0.6517,0.49561,-1.5609,-0.55238,1.9475,-0.60952,-11.392,-16.646,-2.727,-1.2474,6.0807,-5.9431
0.56956,0.51674,-1.6322,-0.4987,1.8534,-0.5518,-11.139,-16.309,-2.8439,-1.1833,6.0312,-6.1051
0.4814,0.48668,-1.7405,-0.4167,1.7637,-0.54988,-10.842,-15.986,-2.9252,-1.1524,5.8552,-6.246
0.36774,0.42307,-1.8076,-0.31487,1.6373,-0.57963,-10.459,-15.674,-2.9705,-1.1545,5.5887,-6.3553
0.20785,0.35173,-1.7499,-0.20244,1.4284,-0.60219,-9.9615,-15.363,-2.9789,-1.1862,5.2687,-6.4265
-0.012151,0.29544,-1.5128,-0.0864,1.1039,-0.58235,-9.3547,-15.039,-2.954,-1.2461,4.9182,-6.4599
-0.29287,0.26639,-1.0927,0.029581,0.66062,-0.50313,-8.6745,-14.7,-2.9058,-1.3361,4.5418,-6.4606
-0.61874,0.2651,-0.53937,0.14382,0.1322,-0.37043,-7.9783,-14.351,-2.8471,-1.4588,4.1311,-6.4341
-0.96089,0.28375,0.060527,0.2541,-0.41839,-0.2064,-7.324,-14.001,-2.7885,-1.6113,3.6771,-6.3816
-1.2861,0.31253,0.61412,0.35633,-0.92149,-0.03918,-6.7497,-13.658,-2.7345,-1.7787,3.1829,-6.2978
-1.5686,0.34159,1.0568,0.44606,-1.3279,0.10861,-6.2608,-13.323,-2.6825,-1.9333,2.6683,-6.1732
-1.7992,0.36108,1.3722,0.52162,-1.6257,0.22433,-5.8306,-13.0,-2.6247,-2.0409,2.1666,-5.9975
-1.9852,0.36181,1.586,0.58592,-1.838,0.30509,-5.4127,-12.694,-2.5515,-2.073,1.7115,-5.7653
-2.1444,0.33854,1.747,0.64459,-2.0054,0.35686,-4.9582,-12.414,-2.4573,-2.0198,1.3239,-5.4809
-2.2937,0.29285,1.9066,0.70177,-2.1638,0.39207,-4.432,-12.168,-2.3408,-1.895,1.0048,-5.1597
-2.4384,0.23116,2.0925,0.75716,-2.3266,0.42262,-3.8163,-11.962,-2.2045,-1.7349,0.73745,-4.8245
-2.5664,0.16113,2.2874,0.80532,-2.4777,0.45089,-3.1127,-11.785,-2.0516,-1.5882,0.49886,-4.4983
-2.6527,0.087438,2.4372,0.83835,-2.5767,0.46628,-2.3403,-11.623,-1.884,-1.5009,0.2726,-4.1968
-2.6729,0.012796,2.4814,0.84884,-2.5751,0.45134,-1.5279,-11.459,-1.7033,-1.5028,0.057316,-3.9237
-2.6178,-0.058207,2.3807,0.83189,-2.4419,0.39433,-0.71025,-11.28,-1.5121,-1.6,-0.13204,-3.6724
-2.4967,-0.11689,2.1268,0.78592,-2.1799,0.29946,0.078288,-11.077,-1.3158,-1.7753,-0.27026,-3.4324
-2.3308,-0.15242,1.7411,0.71281,-1.8231,0.18597,0.81137,-10.85,-1.1225,-1.9973,-0.33268,-3.1964
-2.1419,-0.15637,1.2664,0.61722,-1.4183,0.078213,1.4776,-10.608,-0.94257,-2.2318,-0.30581,-2.9637
-1.9456,-0.12594,0.75674,0.50514,-1.0078,-0.0034778,2.0833,-10.358,-0.78728,-2.4516,-0.19238,-2.7392
-1.7491,-0.063398,0.26741,0.38196,-0.62188,-0.045549,2.6495,-10.106,-0.66619,-2.6407,-0.0080376,-2.5303
-1.5541,0.027008,-0.15075,0.25118,-0.27895,-0.039792,3.2034,-9.8501,-0.58377,-2.7937,0.22471,-2.3417
-1.361,0.14187,-0.45579,0.1145,0.011453,0.018567,3.7688,-9.5781,-0.53697,-2.9144,0.48309,-2.1742
-1.1728,0.27938,-0.61757,-0.026913,0.24493,0.13083,4.358,-9.2659,-0.51548,-3.0126,0.74612,-2.0227
-0.99671,0.43804,-0.62065,-0.17077,0.41865,0.29563,4.9675,-8.8852,-0.50523,-3.1028,0.99405,-1.8801
-0.84423,0.61493,-0.46779,-0.31249,0.52853,0.50731,5.5792,-8.4141,-0.49323,-3.2004,1.208,-1.741
-0.72796,0.80588,-0.17912,-0.44573,0.56815,0.75962,6.1669,-7.846,-0.47099,-3.3193,1.3714,-1.6046
-0.65782,1.0082,0.21834,-0.56463,0.52998,1.0492,6.7068,-7.1932,-0.43579,-3.4678,1.4726,-1.4762
-0.63836,1.2229,0.70298,-0.66637,0.40868,1.3777,7.1853,-6.4815,-0.38983,-3.6468,1.5062,-1.3654
-0.66833,1.4538,1.2618,-0.75162,0.20451,1.7485,7.6027,-5.7421,-0.33898,-3.8499,1.4727,-1.2814
-0.74289,1.7002,1.8842,-0.82211,-0.075082,2.1589,7.971,-5.0027,-0.29004,-4.0645,1.3784,-1.2295
-0.85755,1.9516,2.5549,-0.8765,-0.41678,2.5933,8.3086,-4.2912,-0.25057,-4.276,1.2322,-1.2086
-1.0113,2.186,3.253,-0.90866,-0.80533,3.0234,8.6341,-3.6359,-0.22839,-4.4687,1.0438,-1.2119
-1.2064,2.3757,3.9552,-0.90919,-1.2269,3.4146,8.9611,-3.0641,-0.2298,-4.6253,0.81995,-1.2281
-1.4446,2.4972,4.6387,-0.8702,-1.6697,3.736,9.297,-2.5949,-0.25623,-4.727,0.56267,-1.2429
-1.7228,2.5388,5.2798,-0.7889,-2.1209,3.9688,9.6441,-2.2335,-0.3012,-4.7574,0.26916,-1.2407
-2.0314,2.5012,5.8523,-0.66833,-2.5635,4.1079,10.006,-1.9699,-0.35067,-4.7081,-0.066617,-1.2066
-2.3554,2.3936,6.3279,-0.51577,-2.9763,4.1575,10.395,-1.7862,-0.38752,-4.5848,-0.45063,-1.1297
-2.6791,2.2293,6.6819,-0.34063,-3.3373,4.1276,10.829,-1.6653,-0.39808,-4.4078,-0.88489,-1.0064
-2.9898,2.0247,6.9025,-0.15293,-3.6311,4.0335,11.331,-1.598,-0.3768,-4.2067,-1.3647,-0.84107
-3.2796,1.7986,6.9962,0.037625,-3.8532,3.8964,11.92,-1.5847,-0.32649,-4.011,-1.8789,-0.64361
-3.5446,1.5706,6.9842,0.22204,-4.0105,3.7408,12.6,-1.6316,-0.25522,-3.84,-2.4136,-0.42551
-3.7811,1.3577,6.8919,0.39226,-4.115,3.5875,13.36,-1.7438,-0.17218,-3.697,-2.955,-0.19634
-3.9819,1.1715,6.739,0.54089,-4.1766,3.4473,14.174,-1.9195,-0.084774,-3.5677,-3.491,0.038439
-4.134,1.0171,6.5361,0.66104,-4.1983,3.3186,15.011,-2.147,0.0025232,-3.4271,-4.0087,0.27585
-4.2219,0.89455,6.2877,0.74682,-4.1775,3.1896,15.841,-2.4073,0.087748,-3.25,-4.4924,0.51484
-4.2336,0.79925,5.9976,0.79495,-4.111,3.045,16.639,-2.6784,0.17029,-3.0254,-4.924,0.75491
-4.1672,0.7233,5.6737,0.80651,-3.9993,2.873,17.382,-2.9377,0.24968,-2.7638,-5.2858,0.99523
-4.0332,0.6567,5.3301,0.78729,-3.8477,2.6702,18.054,-3.1627,0.32478,-2.494,-5.5651,1.2346
-3.8502,0.5902,4.9872,0.74635,-3.6632,2.4424,18.646,-3.3313,0.39361,-2.2498,-5.7575,1.4719
-3.6389,0.51831,4.6665,0.69358,-3.4507,2.203,19.164,-3.4234,0.45373,-2.0543,-5.869,1.7061
-3.4176,0.44062,4.3794,0.63764,-3.2126,1.9682,19.625,-3.4215,0.50308,-1.9105,-5.9156,1.9365
-3.2005,0.36016,4.117,0.58519,-2.9501,1.7506,20.051,-3.3113,0.54091,-1.8039,-5.92,2.1604
-2.9975,0.28015,3.8517,0.54106,-2.6664,1.555,20.449,-3.0823,0.56846,-1.714,-5.9085,2.3718
-2.8147,0.20111,3.5498,0.50892,-2.3676,1.3779,20.817,-2.7287,0.58917,-1.6281,-5.9071,2.5593
-2.6556,0.11973,3.1853,0.49198,-2.062,1.2096,21.138,-2.2503,0.60786,-1.55,-5.9391,2.7066
-2.5229,0.029956,2.7504,0.49318,-1.7593,1.0385,21.388,-1.6494,0.62925,-1.4975,-6.0227,2.7966
-2.4189,-0.074035,2.2598,0.51448,-1.4712,0.85607,21.543,-0.92474,0.65598,-1.4924,-6.1677,2.818
-2.3457,-0.19444,1.7481,0.55558,-1.2122,0.66055,21.59,-0.068182,0.68759,-1.5477,-6.3731,2.7719
-2.303,-0.32805,1.2608,0.61298,-0.99798,0.45778,21.532,0.93274,0.72105,-1.6596,-6.6287,2.6744
-2.2888,-0.46699,0.84355,0.68064,-0.84139,0.25853,21.384,2.087,0.75262,-1.8085,-6.921,2.5506
-2.3012,-0.60122,0.53352,0.75201,-0.7501,0.075233,21.162,3.3892,0.77941,-1.9692,-7.2422,2.4246
-2.341,-0.72163,0.35484,0.82255,-0.72597,-0.081016,20.871,4.8113,0.80007,-2.1222,-7.5967,2.3095
-2.4116,-0.82204,0.31315,0.89084,-0.7666,-0.20095,20.515,6.3001,0.81467,-2.2616,-8.0009,2.203
-2.516,-0.89976,0.392,0.95776,-0.86617,-0.27724,20.101,7.7861,0.82491,-2.3944,-8.4758,2.0915
-2.6508,-0.95515,0.5589,1.0243,-1.0136,-0.30647,19.645,9.2019,0.83454,-2.5325,-9.0367,1.9602
-2.8034,-0.99093,0.7763,1.0893,-1.1904,-0.29234,19.172,10.508,0.84996,-2.6826,-9.6848,1.804
-2.9526,-1.0113,1.0086,1.1488,-1.3714,-0.24681,18.712,11.698,0.8799,-2.839,-10.404,1.6323
-3.0743,-1.0206,1.2264,1.1965,-1.5308,-0.18666,18.29,12.797,0.93387,-2.9824,-11.166,1.4657
-3.1504,-1.0208,1.4139,1.2262,-1.651,-0.12625,17.927,13.848,1.019,-3.0886,-11.94,1.326
-3.1758,-1.011,1.5747,1.2341,-1.7305,-0.070856,17.631,14.882,1.1388,-3.1397,-12.701,1.2267
-3.1585,-0.98771,1.7295,1.2199,-1.7836,-0.016253,17.393,15.911,1.2879,-3.1341,-13.445,1.1684
-3.1133,-0.948,1.8978,1.1862,-1.83,0.04454,17.193,16.919,1.4553,-3.0867,-14.178,1.1411
-3.0516,-0.89083,2.0791,1.1365,-1.8792,0.11338,17.007,17.877,1.629,-3.0207,-14.914,1.1307
-2.9742,-0.81691,2.2475,1.0727,-1.9214,0.18475,16.821,18.755,1.8001,-2.953,-15.662,1.1305
-2.8711,-0.72463,2.3618,0.99328,-1.9312,0.25109,16.645,19.542,1.9662,-2.8885,-16.406,1.1463
-2.7264,-0.60566,2.3847,0.89258,-1.8817,0.31218,16.512,20.251,2.1324,-2.816,-17.112,1.1988
-2.526,-0.44254,2.3025,0.76111,-1.7591,0.38308,16.467,20.909,2.3108,-2.7146,-17.732,1.319
-2.2636,-0.20951,2.1388,0.58727,-1.5701,0.49681,16.549,21.544,2.5181,-2.5646,-18.219,1.5393
-1.942,0.12566,1.9568,0.35855,-1.341,0.70255,16.771,22.171,2.7729,-2.356,-18.542,1.8839
-1.5698,0.60204,1.8514,0.06038,-1.1108,1.0619,17.12,22.793,3.0914,-2.0902,-18.698,2.3642
-1.1559,1.2698,1.9345,-0.32823,-0.92185,1.6451,17.566,23.407,3.485,-1.7739,-18.705,2.982
-0.70332,2.1979,2.3104,-0.84327,-0.80878,2.5207,18.082,24.007,3.9587,-1.4113,-18.592,3.7382
-0.20436,3.4818,3.0352,-1.5499,-0.7893,3.7318,18.652,24.593,4.5133,-0.9986,-18.384,4.6409
0.3628,5.2413,4.0596,-2.5621,-0.85999,5.263,19.282,25.176,5.1486,-0.52286,-18.085,5.71
1.0345,7.5928,5.2244,-4.0567,-1.0004,7.049,19.994,25.773,5.8666,0.034148,-17.686,6.9718
1.8567,10.601,6.3834,-6.2348,-1.1859,9.0891,20.819,26.412,6.6713,0.6909,-17.171,8.4474
2.8733,14.279,7.584,-9.1796,-1.4033,11.567,21.789,27.116,7.5646,1.4616,-16.538,10.138
4.107,18.639,9.1585,-12.713,-1.6588,14.758,22.933,27.901,8.542,2.3539,-15.799,12.017
5.5374,23.683,11.637,-16.497,-1.9756,18.799,24.271,28.77,9.5921,3.3696,-14.986,14.038
7.0917,29.312,15.343,-20.279,-2.3807,23.583,25.797,29.704,10.701,4.5071,-14.14,16.153
8.6645,35.285,19.998,-23.97,-2.894,28.807,27.463,30.672,11.858,5.7666,-13.29,18.332
10.16,41.276,24.923,-27.559,-3.5205,34.073,29.165,31.634,13.07,7.1557,-12.446,20.572
11.53,47.02,29.48,-31.05,-4.249,39.042,30.743,32.548,14.355,8.6924,-11.59,22.884
12.783,52.425,33.4,-34.429,-5.0553,43.589,31.999,33.37,15.739,10.403,-10.683,25.273
13.984,57.569,36.853,-37.671,-5.9066,47.824,32.739,34.05,17.239,12.315,-9.6799,27.717
15.245,62.551,40.203,-40.754,-6.7638,51.955,32.852,34.535,18.851,14.443,-8.553,30.171
16.687,67.388,43.713,-43.678,-7.5814,56.104,32.431,34.776,20.544,16.785,-7.2965,32.578
18.38,72.037,47.419,-46.456,-8.3162,60.245,31.907,34.749,22.268,19.308,-5.9291,34.899
20.271,76.475,51.323,-49.085,-8.9431,64.318,31.956,34.472,23.967,21.953,-4.4848,37.112
22.191,80.673,55.623,-51.529,-9.4683,68.32,32.882,33.997,25.593,24.64,-3.0002,39.229
24.007,84.54,60.309,-53.741,-9.9309,72.235,34.052,33.394,27.117,27.281,-1.5038,41.278
25.738,87.959,64.749,-55.712,-10.373,75.909,34.374,32.732,28.511,29.79,-0.012487,43.29
27.507,90.892,68.173,-57.478,-10.782,79.085,33.1,32.065,29.736,32.075,1.4657,45.269
29.415,93.39,70.16,-59.08,-11.051,81.531,30.037,31.428,30.729,34.045,2.9229,47.176
31.473,95.478,70.575,-60.527,-10.998,83.032,25.416,30.833,31.409,35.616,4.3364,48.935
33.634,97.073,69.37,-61.853,-10.44,83.249,19.703,30.271,31.698,36.723,5.6757,50.471
35.899,98.08,66.559,-63.25,-9.2361,81.836,13.434,29.701,31.546,37.334,6.9013,51.752
38.384,98.645,62.397,-65.018,-7.2551,78.992,7.1068,29.06,30.958,37.454,7.9769,52.802
41.269,99.098,57.429,-67.25,-4.379,75.547,1.1417,28.273,29.99,37.111,8.8835,53.696
44.628,99.434,52.132,-69.663,-0.71496,72.128,-4.1065,27.276,28.734,36.36,9.6293,54.531
48.296,99.036,46.702,-71.781,3.2664,68.862,-8.3603,26.042,27.294,35.26,10.248,55.389
51.871,97.099,41.321,-73.141,7.0235,65.628,-11.505,24.597,25.762,33.872,10.787,56.274
54.85,93.352,36.172,-73.398,10.243,62.134,-13.732,22.999,24.196,32.245,11.285,57.072
56.778,88.183,31.16,-72.358,12.834,57.997,-15.567,21.318,22.619,30.413,11.758,57.558
57.395,82.102,25.815,-69.996,14.848,52.933,-17.542,19.61,21.025,28.397,12.185,57.494
56.746,75.453,19.62,-66.447,16.437,46.939,-19.728,17.911,19.402,26.208,12.509,56.716
55.151,68.524,12.596,-61.985,17.765,40.381,-21.817,16.237,17.735,23.854,12.65,55.176
53.03,61.645,5.4958,-57.001,18.927,33.87,-23.545,14.585,16.02,21.346,12.532,52.93
50.68,55.133,-0.4909,-51.985,19.938,27.942,-24.842,12.93,14.257,18.711,12.102,50.141
48.176,49.178,-4.0554,-47.389,20.671,22.868,-25.758,11.234,12.445,15.993,11.349,47.043
45.553,43.812,-5.0103,-43.384,20.888,18.709,-26.378,9.4492,10.582,13.248,10.299,43.832
42.938,38.993,-4.773,-39.826,20.464,15.443,-26.792,7.5334,8.6704,10.541,9.0093,40.563
40.37,34.706,-4.4265,-36.497,19.459,13.002,-27.08,5.4612,6.7179,7.9295,7.5487,37.174
37.751,30.975,-4.1698,-33.283,18.004,11.097,-27.315,3.2357,4.739,5.4582,5.9802,33.592
34.97,27.681,-3.964,-30.155,16.263,9.0468,-27.559,0.89068,2.7499,3.1484,4.3561,29.776
31.953,24.303,-3.8458,-27.069,14.425,6.5066,-27.858,-1.5176,0.76226,1.0026,2.7234,25.703
28.677,20.154,-3.9012,-23.888,12.67,4.0831,-28.228,-3.9246,-1.2166,-0.98675,1.1176,21.383
25.2,15.387,-4.1633,-20.426,11.103,2.2068,-28.65,-6.2688,-3.1773,-2.8311,-0.43228,16.915
21.624,10.999,-4.6134,-16.618,9.7173,0.75405,-29.08,-8.4984,-5.1079,-4.5448,-1.9067,12.522
18.033,7.4588,-5.262,-12.66,8.4457,-0.51436,-29.462,-10.571,-6.9964,-6.1464,-3.3017,8.4764
14.472,4.5488,-6.1628,-8.8713,7.2616,-1.7807,-29.748,-12.454,-8.8421,-7.6646,-4.6303,4.969
10.989,1.9336,-7.3535,-5.5102,6.2429,-3.1706,-29.914,-14.13,-10.663,-9.1339,-5.9186,2.0434
7.7326,-0.58841,-8.8184,-2.7442,5.5221,-4.7582,-29.962,-15.601,-12.493,-10.588,-7.1967,-0.37336
5.0259,-3.0607,-10.501,-0.6369,5.152,-6.5548,-29.913,-16.888,-14.367,-12.048,-8.4878,-2.4029
3.1407,-5.418,-12.33,0.88064,5.0502,-8.4984,-29.8,-18.026,-16.296,-13.517,-9.7984,-4.1647
1.9872,-7.5616,-14.209,1.9769,5.0798,-10.469,-29.654,-19.046,-18.26,-14.971,-11.111,-5.7551
1.2729,-9.431,-15.994,2.8411,5.142,-12.342,-29.499,-19.969,-20.202,-16.363,-12.384,-7.2458
0.77076,-11.05,-17.509,3.6314,5.2024,-14.059,-29.344,-20.797,-22.05,-17.638,-13.563,-8.6836
0.35779,-12.534,-18.663,4.4609,5.2629,-15.652,-29.183,-21.508,-23.733,-18.738,-14.592,-10.089
-0.030094,-14.03,-19.54,5.3926,5.3231,-17.202,-28.995,-22.073,-25.194,-19.613,-15.434,-11.453
-0.42553,-15.616,-20.292,6.4283,5.363,-18.74,-28.764,-22.46,-26.397,-20.231,-16.079,-12.749
-0.83907,-17.232,-20.953,7.5081,5.35,-20.193,-28.484,-22.653,-27.327,-20.58,-16.541,-13.944
-1.2678,-18.725,-21.437,8.5399,5.2505,-21.436,-28.171,-22.659,-27.991,-20.688,-16.847,-15.014
-1.7073,-19.966,-21.667,9.4495,5.0389,-22.387,-27.847,-22.512,-28.425,-20.62,-17.031,-15.954
-2.1596,-20.92,-21.629,10.216,4.7041,-23.045,-27.531,-22.261,-28.688,-20.473,-17.124,-16.78
-2.6313,-21.644,-21.356,10.867,4.2543,-23.469,-27.218,-21.962,-28.851,-20.352,-17.152,-17.512
-3.1248,-22.235,-20.905,11.456,3.7209,-23.736,-26.884,-21.665,-28.986,-20.336,-17.134,-18.17
-3.631,-22.775,-20.346,12.023,3.1537,-23.919,-26.491,-21.399,-29.147,-20.466,-17.085,-18.761
-4.1284,-23.311,-19.756,12.586,2.6098,-24.071,-26.012,-21.18,-29.362,-20.73,-17.01,-19.286
-4.5884,-23.844,-19.204,13.136,2.1391,-24.218,-25.44,-21.011,-29.63,-21.08,-16.91,-19.738
-4.9845,-24.347,-18.739,13.649,1.774,-24.363,-24.803,-20.892,-29.921,-21.453,-16.781,-20.114
-5.3001,-24.786,-18.386,14.106,1.526,-24.499,-24.153,-20.821,-30.187,-21.784,-16.618,-20.414
-5.5342,-25.132,-18.144,14.494,1.3866,-24.613,-23.558,-20.792,-30.38,-22.031,-16.419,-20.642
-5.7012,-25.369,-17.98,14.81,1.3322,-24.692,-23.073,-20.794,-30.472,-22.186,-16.184,-20.81
-5.8245,-25.496,-17.853,15.061,1.331,-24.725,-22.729,-20.818,-30.471,-22.276,-15.91,-20.938
-5.927,-25.527,-17.727,15.259,1.3531,-24.708,-22.524,-20.85,-30.416,-22.352,-15.59,-21.051
-6.0214,-25.49,-17.595,15.419,1.381,-24.652,-22.433,-20.883,-30.357,-22.469,-15.217,-21.176
-6.1063,-25.426,-17.476,15.556,1.4122,-24.585,-22.416,-20.911,-30.331,-22.663,-14.787,-21.336
-6.1708,-25.381,-17.398,15.682,1.4546,-24.552,-22.438,-20.935,-30.338,-22.94,-14.299,-21.541
-6.2042,-25.396,-17.387,15.808,1.5148,-24.598,-22.485,-20.963,-30.343,-23.28,-13.753,-21.786
-6.204,-25.49,-17.448,15.934,1.5895,-24.746,-22.564,-21.008,-30.298,-23.65,-13.144,-22.053
-6.1789,-25.631,-17.552,16.046,1.6598,-24.966,-22.697,-21.084,-30.166,-24.01,-12.461,-22.317
-6.1464,-25.708,-17.601,16.102,1.6911,-25.148,-22.902,-21.205,-29.932,-24.313,-11.691,-22.552
-6.1318,-25.508,-17.402,16.025,1.6326,-25.077,-23.181,-21.375,-29.592,-24.488,-10.814,-22.739
-6.1675,-24.715,-16.676,15.715,1.4162,-24.414,-23.517,-21.587,-29.123,-24.424,-9.8031,-22.86
-6.2904,-23.0,-15.246,15.07,0.95311,-22.737,-23.868,-21.812,-28.434,-23.953,-8.611,-22.888
-6.5337,-20.462,-14.717,14.049,0.13626,-20.361,-24.174,-21.979,-27.321,-22.839,-7.15,-22.755
-6.9093,-19.62,-18.607,12.811,-0.72941,-22.777,-24.339,-21.947,-25.437,-20.796,-5.2735,-22.332
-7.3881,-25.392,-18.831,11.991,2.1052,-26.023,-24.216,-21.472,-22.32,-17.596,-2.7565,-21.396
-7.8886,-28.044,-19.174,13.118,3.2822,-26.378,-23.573,-20.176,-17.674,-13.575,0.66728,-19.649
-8.2877,-28.244,-19.285,17.55,3.2632,-26.475,-22.105,-17.597,-12.668,-13.569,3.076,-17.227
-8.4454,-27.527,-18.506,20.859,2.7152,-25.666,-20.285,-14.975,-23.883,-36.894,-11.848,-20.652
-8.1932,-25.135,-16.504,20.447,1.5358,-23.184,-27.831,-24.445,-47.773,-38.915,-15.177,-32.914
-7.3124,-19.768,-11.714,18.076,-1.0792,-18.081,-32.74,-25.622,-47.164,-37.582,-14.29,-33.73
-8.3115,-9.5784,-1.553,13.771,-6.7669,-8.6819,-32.422,-27.377,-45.147,-34.409,-11.868,-33.809
-10.95,7.5684,16.38,6.8208,-17.098,7.4557,-31.186,-28.574,-40.083,-27.074,-6.7569,-32.883
-14.092,32.617,43.703,-3.5526,-32.522,32.553,-28.437,-27.067,-29.14,-12.882,3.7556,-30.036
-18.625,62.709,78.53,-17.014,-52.472,64.492,-23.061,-20.311,-8.6957,11.078,23.949,-24.059
-23.823,93.855,116.62,-31.879,-74.678,98.917,-12.636,-5.0458,25.173,48.317,57.742,-12.293
-27.276,123.87,152.39,-47.12,-94.783,132.81,5.266,25.365,76.674,103.36,105.32,11.462
-25.611,149.84,180.0,-63.124,-107.99,161.5,34.2,78.352,151.05,181.87,167.33,55.562
-15.141,171.47,194.07,-80.656,-109.99,180.11,74.331,158.26,254.64,289.2,250.43,115.15
7.1885,189.2,190.14,-100.81,-97.482,186.09,123.63,264.79,391.49,425.76,360.03,190.86
42.96,202.07,167.77,-125.43,-68.934,179.91,176.8,390.5,558.45,590.02,498.89,290.14
93.249,212.91,128.78,-156.19,-24.624,164.6,221.33,519.76,743.35,782.17,666.8,413.71
157.95,225.63,76.133,-194.38,33.843,143.89,241.42,630.45,925.7,997.34,861.33,560.71
235.52,242.98,13.339,-240.94,104.09,121.09,220.78,697.38,1079.6,1224.6,1079.5,731.04
323.38,265.01,-57.095,-295.17,183.68,97.281,147.99,698.36,1179.4,1450.0,1316.1,921.65
418.22,287.55,-134.47,-353.76,270.54,70.275,22.105,622.87,1207.0,1658.9,1560.8,1125.3
515.69,302.18,-220.73,-410.45,363.31,34.927,-145.35,478.59,1157.1,1836.8,1796.9,1329.4
610.29,298.06,-320.33,-456.68,461.22,-16.053,-332.29,288.91,1038.9,1968.9,2002.0,1515.5
695.63,264.74,-437.84,-483.23,563.17,-90.256,-511.38,84.335,872.08,2040.4,2149.8,1661.2
765.08,195.84,-574.18,-483.0,666.16,-191.8,-657.51,-106.9,679.2,2037.9,2214.6,1743.8
812.46,92.699,-723.29,-453.57,764.08,-317.68,-754.75,-267.12,476.85,1951.2,2178.0,1746.1
832.69,-35.808,-871.65,-397.59,847.77,-456.8,-799.98,-393.27,270.45,1775.0,2033.2,1660.4
822.36,-176.46,-1001.8,-320.92,907.06,-593.21,-801.57,-494.32,55.303,1509.8,1786.3,1490.0
780.29,-315.31,-1098.2,-230.17,933.82,-711.56,-774.14,-583.82,-177.02,1162.7,1454.3,1247.6
708.04,-441.35,-1151.5,-131.18,924.33,-801.73,-732.58,-672.38,-431.0,747.76,1060.7,951.76
610.22,-548.61,-1160.8,-28.977,880.21,-860.31,-688.14,-763.99,-702.92,286.87,632.91,624.82
494.28,-635.15,-1131.4,71.704,807.72,-889.1,-647.4,-856.22,-979.79,-189.1,201.06,291.37
370.12,-700.51,-1072.8,165.53,716.27,-892.48,-613.45,-942.85,-1240.3,-641.61,-202.2,-22.519
249.02,-743.84,-994.96,246.47,616.53,-875.14,-587.59,-1016.7,-1460.2,-1029.6,-545.01,-292.06
141.73,-763.62,-907.03,308.84,518.35,-840.87,-570.08,-1071.9,-1619.4,-1318.7,-802.45,-498.46
55.908,-758.74,-815.24,348.91,428.69,-792.25,-559.55,-1105.1,-1707.2,-1491.4,-963.23,-633.74
-5.9315,-729.93,-722.76,365.94,350.5,-731.23,-553.15,-1115.6,-1725.3,-1551.4,-1032.8,-702.53
-46.549,-680.42,-630.54,362.46,283.17,-659.89,-547.9,-1104.6,-1685.5,-1521.9,-1030.5,-718.53
-71.818,-615.57,-538.9,343.53,224.17,-581.21,-539.34,-1074.0,-1605.1,-1435.2,-981.79,-699.13
-87.875,-542.0,-448.71,315.17,170.9,-499.06,-522.33,-1024.9,-1499.6,-1321.6,-910.09,-661.49
-99.019,-466.45,-361.88,283.0,121.88,-417.72,-493.72,-957.92,-1380.1,-1201.1,-831.48,-617.76
-107.73,-394.7,-281.4,251.2,77.286,-341.51,-453.21,-874.93,-1252.8,-1082.8,-754.78,-573.01
-114.96,-330.93,-210.7,222.27,38.5,-274.27,-403.12,-780.18,-1122.1,-971.5,-681.61,-527.49
-119.37,-276.99,-151.67,197.06,6.6698,-217.8,-347.47,-679.33,-991.42,-869.21,-609.49,-480.04
-119.09,-232.13,-104.94,174.97,-18.165,-172.1,-290.55,-577.75,-863.28,-772.54,-536.12,-430.26
-113.21,-194.15,-70.441,154.76,-29.978,-136.36,-235.81,-479.33,-740.85,-673.64,-460.34,-378.42
-102.07,-161.78,-46.472,135.23,-35.494,-108.99,-185.51,-386.72,-625.57,-576.5,-386.02,-327.15
-87.748,-134.2,-30.229,115.67,-36.955,-87.813,-140.91,-302.33,-517.36,-481.56,-316.17,-279.8
-72.465,-108.89,-20.437,95.084,-34.021,-70.353,-102.46,-228.52,-418.51,-393.68,-253.96,-237.42
-57.626,-85.335,-15.526,73.946,-28.664,-55.318,-70.234,-164.14,-332.45,-319.77,-202.79,-198.18
-45.531,-66.111,-12.873,55.991,-23.69,-43.113,-43.561,-111.55,-259.47,-262.34,-163.48,-166.14
-37.454,-52.15,-10.163,43.34,-21.007,-34.125,-22.398,-79.89,-200.8,-219.09,-131.89,-142.97
-33.06,-42.08,-5.9176,35.233,-22.019,-27.608,-6.8013,-60.623,-159.36,-186.1,-104.75,-127.21
-31.598,-34.246,0.54029,30.423,-26.353,-22.109,3.4633,-47.987,-130.28,-161.06,-83.601,-116.16
-32.262,-27.66,8.9786,27.854,-31.075,-16.315,8.92,-38.965,-108.09,-142.09,-68.862,-107.33
-34.068,-22.185,16.864,26.489,-34.945,-10.461,10.155,-32.194,-90.433,-127.18,-58.764,-99.373
-35.816,-17.932,18.674,25.322,-37.405,-6.1906,7.3675,-27.364,-76.824,-114.59,-51.383,-92.097
-36.195,-14.83,17.228,23.536,-38.225,-4.0425,-5.1486,-24.194,-66.68,-103.02,-45.28,-85.603
-33.79,-12.202,16.689,20.65,-37.158,-3.0601,-9.3528,-21.243,-58.247,-91.596,-38.504,-79.711
-28.511,-8.8952,16.449,17.356,-34.65,-2.0426,-6.6243,-13.832,-48.645,-79.686,-29.342,-74.17
-23.148,-6.2771,16.175,14.383,-31.762,-1.1014,-4.5763,-7.4397,-35.932,-66.993,-19.444,-69.004
-19.671,-4.5464,15.962,11.937,-29.347,-0.3077,-3.2776,-2.8717,-22.501,-53.913,-11.679,-64.236
-17.666,-3.3459,15.898,10.026,-27.815,0.36052,-2.3902,0.90314,-11.954,-41.341,-6.0028,-59.661
-16.424,-2.4742,15.964,8.5354,-27.19,0.90646,-1.6973,4.2664,-4.6646,-30.071,-1.5333,-54.965
-15.54,-1.8309,16.095,7.3393,-27.135,1.3139,-1.089,7.417,0.5798,-20.599,2.1907,-49.875
-14.746,-1.3512,16.209,6.3396,-27.165,1.5735,-0.51112,10.449,4.8145,-13.14,5.391,-44.32
-13.804,-0.97831,16.207,5.4712,-26.926,1.7009,0.073421,13.379,8.6195,-7.5301,8.1784,-38.589
-12.618,-0.65981,16.017,4.6952,-26.205,1.7372,0.70176,16.176,12.259,-3.3136,10.602,-33.245
-11.317,-0.35424,15.627,3.9921,-24.897,1.7342,1.4065,18.787,15.836,-0.0071066,12.684,-28.702
-10.076,-0.038194,15.074,3.3543,-23.152,1.7334,2.2023,21.167,19.41,2.7512,14.453,-24.943
-8.962,0.29207,14.419,2.7795,-21.341,1.7512,3.0795,23.313,23.052,5.1997,15.959,-21.709
-7.9664,0.62529,13.722,2.2662,-19.737,1.7778,4.008,25.263,26.858,7.4974,17.263,-18.809
-7.0685,0.9451,13.028,1.8102,-18.421,1.791,4.9462,27.088,30.939,9.7536,18.409,-16.204
-6.249,1.2416,12.377,1.4018,-17.38,1.7754,5.8512,28.873,35.391,12.035,19.408,-13.926
-5.4874,1.5194,11.806,1.0263,-16.572,1.7377,6.6939,30.697,40.269,14.363,20.246,-11.998
-4.7634,1.7972,11.351,0.66631,-15.934,1.7061,7.4671,32.629,45.537,16.717,20.901,-10.406
-4.0643,2.1001,11.033,0.30764,-15.386,1.7161,8.1795,34.715,51.064,19.054,21.372,-9.109
-3.3926,2.448,10.845,-0.056931,-14.853,1.7936,8.8413,36.968,56.701,21.346,21.681,-8.0592
-2.7613,2.8491,10.75,-0.42765,-14.277,1.9462,9.4524,39.362,62.363,23.603,21.875,-7.2076
-2.1816,3.2976,10.699,-0.80087,-13.633,2.1645,10.004,41.848,68.055,25.883,22.013,-6.509
-1.6548,3.778,10.647,-1.1721,-12.936,2.4283,10.49,44.368,73.791,28.272,22.142,-5.9234
-1.1753,4.2701,10.574,-1.5382,-12.237,2.7144,10.917,46.881,79.521,30.855,22.285,-5.4185
-0.73689,4.7561,10.49,-1.898,-11.594,3.0026,11.3,49.366,85.111,33.688,22.436,-4.9711
-0.33677,5.2264,10.43,-2.254,-11.053,3.2833,11.66,51.822,90.407,36.792,22.577,-4.5667
0.025304,5.6849,10.437,-2.6119,-10.642,3.563,12.011,54.26,95.317,40.157,22.69,-4.1977
0.35017,6.1504,10.55,-2.9805,-10.378,3.8634,12.368,56.696,99.857,43.769,22.775,-3.8584
0.64263,6.6507,10.782,-3.3712,-10.251,4.2098,12.742,59.157,104.13,47.621,22.85,-3.541
0.91283,7.2129,11.112,-3.7962,-10.214,4.6154,13.152,61.681,108.31,51.727,22.943,-3.2321
1.175,7.855,11.481,-4.2672,-10.185,5.0726,13.625,64.317,112.56,56.108,23.086,-2.9142
1.4448,8.5847,11.82,-4.7939,-10.075,5.5585,14.197,67.107,117.0,60.782,23.298,-2.5697
1.7365,9.401,12.068,-5.3817,-9.8368,6.0488,14.905,70.066,121.72,65.741,23.586,-2.1852
2.06,10.295,12.202,-6.0296,-9.488,6.5293,15.778,73.162,126.69,70.948,23.944,-1.7524
2.4198,11.247,12.238,-6.7268,-9.0924,6.996,16.815,76.322,131.85,76.326,24.368,-1.2669
2.8144,12.223,12.218,-7.4529,-8.7159,7.4506,17.983,79.464,137.12,81.771,24.867,-0.72587
3.2414,13.185,12.195,-8.1843,-8.4013,7.8946,19.22,82.529,142.39,87.174,25.475,-0.12741
3.703,14.105,12.214,-8.9065,-8.168,8.3255,20.465,85.506,147.62,92.451,26.242,0.52826
4.2135,14.975,12.305,-9.6256,-8.0154,8.7337,21.697,88.429,152.82,97.56,27.218,1.2362
4.8065,15.805,12.473,-10.373,-7.921,9.1023,22.946,91.367,158.02,102.5,28.429,1.9847
5.5369,16.616,12.691,-11.2,-7.8369,9.4115,24.284,94.401,163.3,107.29,29.858,2.7559
6.4763,17.437,12.904,-12.161,-7.6985,9.6453,25.793,97.604,168.71,111.96,31.451,3.5312
7.6921,18.292,13.044,-13.295,-7.4509,9.7998,27.533,101.03,174.31,116.53,33.134,4.3034
9.2111,19.208,13.044,-14.617,-7.0732,9.8895,29.525,104.7,180.16,120.99,34.846,5.0875
10.987,20.214,12.868,-16.117,-6.5801,9.9469,31.746,108.63,186.27,125.36,36.558,5.9233
12.91,21.334,12.528,-17.764,-6.0027,10.013,34.147,112.84,192.68,129.66,38.29,6.8682
14.858,22.569,12.066,-19.516,-5.3694,10.116,36.676,117.31,199.37,133.92,40.099,7.9861
16.756,23.886,11.526,-21.325,-4.6948,10.259,39.284,122.07,206.36,138.24,42.059,9.3382
18.59,25.217,10.921,-23.148,-3.9748,10.413,41.942,127.15,213.63,142.71,44.245,10.977
20.388,26.494,10.237,-24.962,-3.1904,10.54,44.646,132.61,221.22,147.46,46.708,12.939
22.195,27.693,9.4538,-26.775,-2.3192,10.616,47.417,138.54,229.15,152.6,49.476,15.238
24.054,28.854,8.5756,-28.619,-1.3498,10.648,50.296,145.04,237.48,158.21,52.552,17.858
25.996,30.08,7.6477,-30.541,-0.29367,10.671,53.319,152.16,246.26,164.3,55.919,20.754
28.036,31.489,6.7515,-32.59,0.80955,10.746,56.498,159.84,255.54,170.86,59.547,23.859
30.175,33.165,5.9588,-34.798,1.9044,10.939,59.808,167.96,265.35,177.8,63.401,27.095
32.409,35.125,5.2918,-37.167,2.9521,11.3,63.202,176.37,275.74,185.05,67.442,30.394
34.743,37.34,4.7273,-39.664,3.9599,11.846,66.638,185.06,286.74,192.52,71.629,33.712
37.206,39.779,4.2276,-42.219,4.9864,12.557,70.105,194.09,298.4,200.21,75.92,37.051
39.855,42.43,3.7686,-44.756,6.1312,13.403,73.631,203.55,310.77,208.16,80.277,40.458
42.756,45.308,3.3568,-47.214,7.5254,14.373,77.268,213.55,323.86,216.44,84.688,43.988
45.935,48.441,3.0286,-49.583,9.3078,15.49,81.055,224.22,337.66,225.14,89.185,47.664
49.34,51.86,2.8336,-51.923,11.533,16.804,84.992,235.68,352.12,234.34,93.848,51.467
52.855,55.565,2.8095,-54.368,14.033,18.367,89.038,247.95,367.19,244.07,98.792,55.365
56.368,59.504,2.9629,-57.082,16.454,20.21,93.134,260.87,382.81,254.33,104.15,59.352
59.825,63.579,3.2635,-60.176,18.534,22.327,97.218,274.14,398.96,265.05,110.04,63.458
63.216,67.666,3.6513,-63.642,20.253,24.677,101.23,287.47,415.68,276.15,116.54,67.732
66.56,71.653,4.0545,-67.376,21.733,27.197,105.14,300.69,433.03,287.54,123.62,72.218
69.89,75.46,4.4116,-71.242,23.115,29.823,108.9,313.76,451.07,299.18,131.16,76.935
73.235,79.055,4.6945,-75.119,24.507,32.503,112.53,326.82,469.79,311.09,138.98,81.89
76.604,82.462,4.9225,-78.924,25.971,35.21,116.05,340.12,489.11,323.27,146.95,87.101
79.987,85.772,5.1576,-82.636,27.521,37.95,119.47,353.94,508.83,335.79,155.05,92.605
83.394,89.171,5.4824,-86.314,29.12,40.76,122.82,368.43,528.77,348.65,163.39,98.442
86.884,92.947,5.9654,-90.087,30.719,43.697,126.1,383.56,548.76,361.86,172.13,104.64
90.576,97.354,6.6226,-94.117,32.306,46.79,129.31,399.08,568.66,375.42,181.43,111.2
94.619,102.4,7.3953,-98.56,33.922,50.005,132.43,414.52,588.39,389.36,191.4,118.08
99.146,107.89,8.1748,-103.5,35.649,53.258,135.45,429.45,607.94,403.69,202.08,125.21
104.19,113.64,8.8676,-108.91,37.575,56.465,138.37,443.71,627.39,418.43,213.43,132.51
109.61,119.51,9.4441,-114.63,39.773,59.592,141.21,457.43,646.8,433.6,225.33,139.98
115.15,125.43,9.9266,-120.5,42.246,62.651,143.99,470.87,666.18,449.22,237.61,147.67
120.54,131.37,10.353,-126.36,44.889,65.684,146.71,484.3,685.44,465.25,250.07,155.7
125.75,137.31,10.761,-132.13,47.528,68.727,149.39,497.95,704.36,481.56,262.52,164.23
130.89,143.23,11.177,-137.81,50.062,71.795,152.02,511.93,722.68,497.91,274.89,173.42
136.15,149.12,11.612,-143.44,52.513,74.885,154.56,526.03,740.11,514.03,287.13,183.36
141.62,154.96,12.038,-149.09,54.961,77.985,156.94,539.82,756.47,529.74,299.29,194.01
147.31,160.75,12.396,-154.8,57.472,81.084,159.08,552.9,771.64,545.01,311.42,205.13
153.17,166.51,12.61,-160.6,60.087,84.169,160.88,565.1,785.65,559.83,323.56,216.36
159.1,172.25,12.612,-166.43,62.82,87.201,162.31,576.42,798.55,574.25,335.71,227.31
164.97,177.92,12.371,-172.17,65.655,90.119,163.36,586.92,810.38,588.24,347.82,237.69
170.59,183.43,11.901,-177.67,68.553,92.873,164.07,596.61,821.15,601.77,359.79,247.48
175.89,188.66,11.256,-182.8,71.494,95.455,164.44,605.44,830.79,614.72,371.5,256.8
180.91,193.49,10.517,-187.47,74.497,97.871,164.47,613.32,839.2,626.91,382.8,265.88
185.76,197.83,9.7622,-191.72,77.56,100.1,164.17,620.15,846.3,638.17,393.52,274.88
190.47,201.66,9.0371,-195.63,80.598,102.07,163.52,625.81,852.05,648.39,403.51,283.85
194.94,204.96,8.3317,-199.29,83.492,103.71,162.54,630.13,856.46,657.49,412.67,292.68
199.07,207.76,7.5867,-202.72,86.181,104.96,161.24,632.91,859.56,665.45,420.98,301.14
202.8,210.1,6.7263,-205.85,88.701,105.84,159.64,633.97,861.43,672.28,428.48,308.98
206.16,212.03,5.7105,-208.56,91.143,106.36,157.73,633.22,862.1,678.0,435.23,316.04
209.12,213.57,4.5793,-210.78,93.553,106.59,155.51,630.66,861.6,682.69,441.27,322.28
211.59,214.75,3.4277,-212.51,95.821,106.58,152.96,626.35,859.92,686.42,446.59,327.72
213.52,215.61,2.3358,-213.81,97.735,106.34,150.05,620.37,857.03,689.22,451.19,332.4
214.93,216.13,1.3362,-214.7,99.198,105.87,146.81,612.73,852.82,691.1,455.07,336.41
215.91,216.28,0.42887,-215.23,100.29,105.13,143.32,603.49,847.13,692.02,458.21,339.81
216.54,216.02,-0.40134,-215.39,101.16,104.12,139.65,592.81,839.78,691.9,460.58,342.66
216.8,215.31,-1.1788,-215.16,102.01,102.84,135.84,581.05,830.63,690.67,462.17,344.95
216.68,214.11,-1.9339,-214.47,102.97,101.31,131.88,568.66,819.66,688.23,462.89,346.61
216.2,212.37,-2.6937,-213.27,104.1,99.538,127.76,556.0,807.02,684.51,462.66,347.53
215.45,210.02,-3.4677,-211.53,105.25,97.473,123.53,543.12,793.0,679.44,461.41,347.65
214.46,207.0,-4.237,-209.22,106.06,95.062,119.24,529.77,777.8,673.01,459.07,346.89
213.01,203.29,-4.9565,-206.39,106.13,92.277,114.92,515.54,761.47,665.21,455.65,345.23
210.73,198.98,-5.5713,-203.06,105.23,89.171,110.55,500.09,743.85,656.09,451.17,342.65
207.32,194.24,-6.0392,-199.25,103.32,85.898,106.1,483.36,724.69,645.69,445.68,339.13
202.72,189.21,-6.35,-195.02,100.56,82.637,101.52,465.64,703.78,634.05,439.19,334.68
197.1,183.95,-6.5355,-190.37,97.182,79.499,96.862,447.41,681.03,621.18,431.68,329.34
190.87,178.39,-6.6644,-185.35,93.4,76.49,92.201,429.04,656.61,607.04,423.1,323.26
184.43,172.43,-6.8246,-179.96,89.471,73.556,87.62,410.71,630.87,591.63,413.44,316.55
178.07,165.95,-7.0935,-174.17,85.67,70.631,83.137,392.54,604.26,574.97,402.77,309.27
171.92,158.87,-7.5093,-167.92,82.248,67.647,78.707,374.52,577.23,557.16,391.19,301.41
165.9,151.26,-8.0611,-161.17,79.376,64.53,74.254,356.53,550.06,538.26,378.84,292.87
159.88,143.35,-8.6962,-153.93,77.059,61.201,69.718,338.35,522.89,518.33,365.85,283.54
153.73,135.52,-9.3376,-146.31,75.074,57.591,65.09,319.77,495.74,497.45,352.26,273.33
147.36,128.12,-9.907,-138.57,73.018,53.654,60.401,300.79,468.5,475.75,338.0,262.24
140.77,121.26,-10.353,-131.03,70.526,49.392,55.686,281.6,441.06,453.45,323.02,250.32
133.99,114.82,-10.666,-123.87,67.516,44.866,50.957,262.63,413.38,430.83,307.31,237.71
127.07,108.52,-10.875,-117.12,64.244,40.183,46.199,244.35,385.61,408.18,291.07,224.65
120.09,102.06,-11.008,-110.65,61.085,35.483,41.395,226.95,358.12,385.69,274.68,211.39
113.17,95.293,-11.072,-104.28,58.159,30.937,36.541,210.28,331.37,363.51,258.67,198.2
106.31,88.29,-11.048,-97.841,55.295,26.723,31.661,194.08,305.76,341.75,243.48,185.32
99.501,81.281,-10.902,-91.267,52.29,22.973,26.845,178.19,281.47,320.54,229.37,172.92
92.689,74.428,-10.603,-84.626,49.024,19.743,22.252,162.52,258.48,300.01,216.31,161.06
85.861,67.741,-10.139,-78.065,45.456,17.039,18.062,147.08,236.53,280.24,204.06,149.72
79.068,61.245,-9.5323,-71.722,41.606,14.808,14.383,131.91,215.33,261.26,192.25,138.81
72.442,55.054,-8.8352,-65.667,37.592,12.903,11.221,117.12,194.65,243.03,180.47,128.28
66.183,49.315,-8.1194,-59.885,33.624,11.163,8.5118,102.9,174.4,225.47,168.41,118.08
60.483,44.144,-7.4547,-54.347,29.929,9.4995,6.1639,89.424,154.68,208.49,155.99,108.19
55.443,39.599,-6.8909,-49.177,26.648,7.8958,4.0877,76.869,135.74,192.03,143.41,98.648
51.017,35.652,-6.4489,-44.658,23.781,6.3847,2.2058,65.327,117.82,176.08,131.14,89.538
47.068,32.175,-6.1232,-40.883,21.22,5.0102,0.45566,54.815,101.16,160.61,119.65,80.958
43.552,28.938,-5.8918,-37.599,18.846,3.7977,-1.2128,45.245,85.843,145.67,109.3,73.0
40.53,25.695,-5.736,-34.48,16.62,2.7415,-2.8413,36.376,71.797,131.33,100.15,65.706
37.884,22.334,-5.6493,-31.372,14.552,1.8105,-4.4676,27.909,58.696,117.73,92.067,59.06
35.328,18.936,-5.6387,-28.295,12.645,0.96153,-6.1244,20.111,46.071,105.03,84.725,53.013
32.658,15.655,-5.7163,-25.303,10.958,0.15332,-7.8314,13.934,33.989,93.368,77.731,47.558
29.821,12.609,-5.8865,-22.375,9.5873,-0.64187,-9.5807,9.4975,23.696,82.755,70.781,42.776
26.876,9.8829,-6.1397,-19.429,8.5344,-1.4329,-11.329,6.0667,16.132,72.992,63.929,38.674
23.914,7.5251,-6.4465,-16.42,7.7223,-2.2138,-13.007,3.1289,10.795,63.795,57.602,34.97
20.989,5.5385,-6.7693,-13.405,7.0664,-2.9739,-14.542,0.5099,6.8184,55.205,52.079,31.309
18.088,3.8809,-7.0779,-10.548,6.5125,-3.7078,-15.885,-1.8383,3.6239,47.658,47.221,27.569
15.184,2.4901,-7.3633,-8.0464,6.0384,-4.4194,-17.018,-3.94,0.86504,41.305,42.736,23.855
12.343,1.3052,-7.6359,-6.0276,5.6392,-5.1211,-17.948,-5.8216,-1.6826,35.762,38.414,20.337
9.7717,0.27398,-7.9154,-4.4947,5.3102,-5.8297,-18.692,-7.5103,-4.1673,30.634,34.165,17.151
7.6939,-0.64641,-8.2117,-3.3576,5.0383,-6.5618,-19.271,-9.0276,-6.6684,25.834,30.002,14.368
6.1614,-1.4898,-8.5214,-2.4999,4.8033,-7.3301,-19.709,-10.383,-9.1933,21.482,26.019,12.0
5.0635,-2.2819,-8.8312,-1.824,4.5834,-8.1421,-20.028,-11.574,-11.686,17.709,22.352,10.02
4.2536,-3.0408,-9.1283,-1.2626,4.3617,-9.0002,-20.244,-12.584,-14.057,14.553,19.121,8.3728
3.6235,-3.7769,-9.4088,-0.77507,4.1324,-9.8995,-20.362,-13.398,-16.223,11.961,16.382,6.9972
3.1121,-4.4927,-9.6784,-0.33995,3.9028,-10.826,-20.378,-14.01,-18.135,9.8331,14.117,5.8404
2.6903,-5.1827,-9.9562,0.051568,3.6914,-11.754,-20.282,-14.437,-19.783,8.0546,12.265,4.8603
2.3441,-5.8384,-10.266,0.40259,3.5212,-12.655,-20.067,-14.718,-21.185,6.5259,10.748,4.0228
2.0621,-6.4551,-10.627,0.71686,3.4111,-13.503,-19.739,-14.911,-22.37,5.1724,9.4875,3.296
1.8278,-7.0375,-11.039,1.0032,3.3685,-14.279,-19.31,-15.072,-23.374,3.9427,8.4096,2.6472
1.62,-7.6011,-11.477,1.2764,3.3861,-14.974,-18.805,-15.245,-24.241,2.8001,7.4432,2.0432
1.4179,-8.1656,-11.898,1.5536,3.4436,-15.582,-18.244,-15.443,-25.007,1.7136,6.529,1.4554
1.209,-8.7476,-12.258,1.8495,3.5138,-16.1,-17.641,-15.652,-25.696,0.6563,5.6269,0.86403
0.99136,-9.354,-12.525,2.1726,3.5709,-16.523,-17.001,-15.84,-26.301,-0.39212,4.7184,0.25912
0.76927,-9.9804,-12.691,2.5238,3.5951,-16.859,-16.328,-15.966,-26.786,-1.442,3.8032,-0.36447
0.54682,-10.613,-12.767,2.8977,3.5744,-17.125,-15.628,-16.004,-27.092,-2.4931,2.8925,-1.0139
0.32578,-11.232,-12.775,3.2833,3.5039,-17.338,-14.91,-15.943,-27.161,-3.5379,2.0034,-1.7031
0.10594,-11.81,-12.733,3.6645,3.3835,-17.507,-14.178,-15.785,-26.946,-4.568,1.1526,-2.4532
-0.11453,-12.313,-12.649,4.0212,3.2149,-17.62,-13.428,-15.529,-26.427,-5.5809,0.34878,-3.2882
-0.3391,-12.704,-12.515,4.3338,2.9999,-17.637,-12.648,-15.172,-25.609,-6.5832,-0.41441,-4.2288
-0.57203,-12.949,-12.307,4.5894,2.742,-17.511,-11.826,-14.703,-24.531,-7.5894,-1.1616,-5.2878
-0.81643,-13.037,-12.001,4.787,2.4495,-17.201,-10.956,-14.111,-23.259,-8.6168,-1.9325,-6.4671
-1.0717,-12.984,-11.589,4.9373,2.1382,-16.701,-10.043,-13.395,-21.881,-9.6801,-2.7716,-7.7581
-1.3318,-12.834,-11.088,5.0567,1.8299,-16.049,-9.0956,-12.567,-20.488,-10.789,-3.7156,-9.1421
-1.5853,-12.639,-10.538,5.1609,1.5479,-15.314,-8.1232,-11.652,-19.152,-11.947,-4.7823,-10.593
-1.8179,-12.449,-9.9845,5.2621,1.3101,-14.571,-7.1391,-10.683,-17.912,-13.148,-5.9654,-12.084
-2.0183,-12.297,-9.4644,5.3688,1.1241,-13.886,-6.1589,-9.685,-16.769,-14.375,-7.2366,-13.588
-2.1837,-12.195,-8.9923,5.4847,0.98564,-13.289,-5.2005,-8.6751,-15.69,-15.598,-8.5524,-15.086
-2.3209,-12.131,-8.5579,5.6074,0.87942,-12.779,-4.2787,-7.6532,-14.625,-16.775,-9.8629,-16.558
-2.4447,-12.073,-8.1324,5.7291,0.78232,-12.326,-3.3985,-6.6084,-13.523,-17.86,-11.119,-17.981
-2.5731,-11.978,-7.6815,5.8378,0.66895,-11.887,-2.551,-5.5256,-12.352,-18.805,-12.276,-19.321
-2.721,-11.808,-7.1815,5.9209,0.51796,-11.429,-1.7173,-4.3943,-11.109,-19.571,-13.299,-20.544
-2.8965,-11.545,-6.6285,5.9679,0.31685,-10.937,-0.87702,-3.2125,-9.8147,-20.126,-14.164,-21.617
-3.1014,-11.197,-6.0379,5.9755,0.063361,-10.419,-0.018729,-1.9886,-8.5084,-20.451,-14.867,-22.523
-3.3334,-10.792,-5.4351,5.9494,-0.23629,-9.8962,0.8567,-0.73891,-7.2319,-20.547,-15.417,-23.26
-3.5862,-10.364,-4.8451,5.903,-0.5699,-9.3887,1.7393,0.5168,-6.0177,-20.432,-15.831,-23.832
-3.8485,-9.9458,-4.2845,5.8513,-0.92169,-8.9114,2.6153,1.7587,-4.8847,-20.142,-16.126,-24.243
-4.1066,-9.5557,-3.7587,5.8061,-1.2758,-8.4712,3.4702,2.9666,-3.8386,-19.718,-16.317,-24.492
-4.3504,-9.2012,-3.2597,5.7756,-1.6223,-8.0671,4.288,4.1176,-2.8762,-19.199,-16.423,-24.578
-4.5801,-8.88,-2.7675,5.7659,-1.9619,-7.6905,5.0496,5.1844,-1.9895,-18.611,-16.461,-24.503
-4.8065,-8.5831,-2.256,5.781,-2.3057,-7.3263,5.734,6.1389,-1.1683,-17.965,-16.446,-24.276
-5.0453,-8.2962,-1.7044,5.8196,-2.6676,-6.9562,6.3231,6.9599,-0.4027,-17.258,-16.384,-23.911
-5.3065,-8.0038,-1.108,5.8724,-3.0541,-6.566,6.8063,7.6398,0.31744,-16.479,-16.264,-23.419
-5.5829,-7.6917,-0.48318,5.9209,-3.4551,-6.1522,7.185,8.1872,1.0018,-15.614,-16.065,-22.809
-5.8461,-7.3529,0.13548,5.9388,-3.8421,-5.7248,7.4731,8.6286,1.6603,-14.658,-15.758,-22.078
-6.0525,-6.99,0.70116,5.8993,-4.1735,-5.3051,7.6942,9.0003,2.3039,-13.615,-15.313,-21.216
-6.1571,-6.6134,1.1655,5.7829,-4.406,-4.9181,7.874,9.338,2.9433,-12.502,-14.712,-20.206
-6.1293,-6.2364,1.4966,5.5841,-4.5102,-4.5837,8.0326,9.6637,3.5862,-11.344,-13.961,-19.033
-5.961,-5.8668,1.6988,5.3104,-4.4841,-4.307,8.1801,9.9793,4.2351,-10.173,-13.085,-17.7
-5.6677,-5.5029,1.8149,4.9768,-4.3559,-4.074,8.3166,10.266,4.8831,-9.0239,-12.13,-16.238
-5.2808,-5.1343,1.9005,4.5993,-4.1684,-3.8588,8.4348,10.498,5.5158,-7.9335,-11.145,-14.706
-4.8329,-4.7501,1.991,4.1915,-3.9544,-3.6376,8.5245,10.659,6.1173,-6.9365,-10.165,-13.174
-4.3501,-4.3449,2.0857,3.7644,-3.7198,-3.4,8.5765,10.753,6.6757,-6.0553,-9.2099,-11.705
-3.8479,-3.9221,2.1515,3.3269,-3.4469,-3.1499,8.5857,10.796,7.1874,-5.2991,-8.2777,-10.337
-3.3327,-3.4915,2.1379,2.8869,-3.1116,-2.9016,8.5528,10.809,7.6566,-4.6661,-7.3576,-9.0798
-2.8083,-3.0648,1.9987,2.4519,-2.7035,-2.6701,8.4835,10.806,8.0926,-4.1461,-6.438,-7.9198
-2.2799,-2.6516,1.7157,2.0304,-2.2327,-2.4632,8.3853,10.787,8.5054,-3.7247,-5.5159,-6.8359
-1.7555,-2.257,1.3154,1.6308,-1.7248,-2.2773,8.2644,10.741,8.9035,-3.3856,-4.6004,-5.8125
-1.2437,-1.88,0.86636,1.2573,-1.2148,-2.0985,8.1235,10.65,9.2944,-3.1141,-3.7082,-4.8455
-0.75248,-1.5145,0.45871,0.90657,-0.74148,-1.908,7.9627,10.502,9.6856,-2.8984,-2.8572,-3.9412
-0.28894,-1.1502,0.17643,0.57025,-0.34041,-1.6888,7.778,10.296,10.086,-2.7288,-2.057,-3.1072
0.13994,-0.77641,0.074927,0.23938,-0.037788,-1.431,7.5657,10.046,10.506,-2.5957,-1.3055,-2.345
0.52776,-0.38716,0.16992,-0.091025,0.1563,-1.1353,7.3195,9.7798,10.949,-2.4871,-0.59282,-1.6488
0.8696,0.014592,0.43849,-0.41977,0.25113,-0.81433,7.0315,9.5182,11.411,-2.3962,0.090022,-1.0094
1.163,0.41563,0.82621,-0.73964,0.27197,-0.48997,6.6905,9.2718,11.875,-2.3207,0.74356,-0.42109
1.406,0.79587,1.2566,-1.0384,0.25041,-0.18576,6.2834,9.0337,12.312,-2.2622,1.3566,0.11554
1.5972,1.1342,1.6513,-1.3016,0.2178,0.080811,5.8004,8.7848,12.69,-2.2233,1.91,0.59611
1.7405,1.4147,1.9522,-1.5167,0.20654,0.30033,5.2358,8.5036,12.98,-2.2031,2.3866,1.018
1.8569,1.6316,2.1278,-1.6809,0.2505,0.46819,4.5916,8.179,13.177,-2.1943,2.7818,1.386
1.9856,1.7897,2.1621,-1.8049,0.37739,0.58126,3.8808,7.8174,13.289,-2.1826,3.11,1.7155
2.1673,1.9002,2.0524,-1.9071,0.59918,0.63811,3.1296,7.4444,13.344,-2.1507,3.4056,2.0284
2.424,1.9726,1.8153,-2.0017,0.90724,0.64074,2.3745,7.0933,13.365,-2.0865,3.7127,2.3471
2.7481,2.0107,1.4825,-2.0902,1.2733,0.59404,1.6521,6.7863,13.365,-1.9854,4.0692,2.6849
3.104,2.0114,1.0894,-2.1631,1.6593,0.50393,0.98621,6.526,13.339,-1.8555,4.4931,3.0398
3.4404,1.9691,0.66152,-2.2085,2.0317,0.37134,0.37742,6.2961,13.266,-1.7119,4.9775,3.395
3.7133,1.8814,0.20406,-2.2208,2.3717,0.19218,-0.19604,6.071,13.126,-1.5695,5.4957,3.7275
3.9091,1.7533,-0.29822,-2.2054,2.6787,-0.038842,-0.7659,5.8257,12.903,-1.4383,6.0156,4.0188
4.0472,1.5975,-0.86944,-2.1769,2.9681,-0.32135,-1.3581,5.5435,12.599,-1.3215,6.5129,4.2612
4.16,1.4313,-1.5205,-2.1519,3.2584,-0.6435,-1.9807,5.2193,12.224,-1.2168,6.9778,4.4587
4.2646,1.2722,-2.2264,-2.1405,3.5554,-0.98051,-2.6271,4.8592,11.793,-1.1196,7.4082,4.6203
4.3467,1.1329,-2.9213,-2.1403,3.8439,-1.2993,-3.2801,4.4781,11.315,-1.0261,7.8002,4.7525
4.3672,1.0173,-3.5178,-2.1357,4.0921,-1.5661,-3.9184,4.0941,10.793,-0.93823,8.1375,4.8503
4.2871,0.91961,-3.9364,-2.1041,4.2619,-1.7569,-4.5228,3.7218,10.22,-0.86644,8.3926,4.8938
4.0935,0.82682,-4.1307,-2.0265,4.3197,-1.8648,-5.0732,3.3661,9.5941,-0.82893,8.538,4.8537
3.8054,0.72689,-4.0978,-1.8976,4.248,-1.8998,-5.548,3.025,8.9212,-0.84251,8.5619,4.7056
3.4605,0.61542,-3.8707,-1.7285,4.0516,-1.8823,-5.921,2.6904,8.2199,-0.91565,8.4771,4.444
3.0961,0.49859,-3.5022,-1.5394,3.7558,-1.8332,-6.1678,2.3524,7.5187,-1.0432,8.3187,4.0881
2.7353,0.39024,-3.0448,-1.35,3.3956,-1.7656,-6.2783,2.0021,6.8471,-1.2079,8.1317,3.6725
2.3846,0.30549,-2.5353,-1.172,3.0011,-1.6816,-6.2625,1.6327,6.2244,-1.3887,7.9575,3.2326
2.0376,0.25456,-1.9876,-1.0075,2.5864,-1.5743,-6.1501,1.2398,5.6521,-1.5703,7.8243,2.7943
1.6792,0.23916,-1.3984,-0.85007,2.1466,-1.4347,-5.9842,0.81932,5.1133,-1.7481,7.7421,2.3715
1.2929,0.25264,-0.76123,-0.68902,1.6667,-1.2574,-5.8114,0.36693,4.5808,-1.9249,7.7038,1.9726
0.8701,0.28298,-0.079902,-0.5151,1.1373,-1.0455,-5.6722,-0.12138,4.0296,-2.102,7.6899,1.6045
0.41951,0.31703,0.62884,-0.3255,0.57018,-0.81143,-5.5918,-0.64707,3.4475,-2.2709,7.6776,1.2738
-0.034301,0.34431,1.3362,-0.12572,-0.0016897,-0.57519,-5.5745,-1.2081,2.8396,-2.4129,7.6521,0.98414
-0.46075,0.35956,2.003,0.072589,-0.53563,-0.35771,-5.6036,-1.7991,2.2251,-2.5061,7.6117,0.7353
-0.83369,0.36323,2.588,0.25634,-0.99371,-0.17394,-5.6493,-2.4114,1.63,-2.5366,7.5638,0.52419
-1.1373,0.35999,3.0637,0.41541,-1.3545,-0.027604,-5.6826,-3.0329,1.0798,-2.5049,7.5153,0.34725
-1.3682,0.35636,3.4274,0.54472,-1.618,0.089096,-5.6882,-3.649,0.59422,-2.427,7.4653,0.20147
-1.5337,0.35873,3.699,0.64355,-1.8015,0.19099,-5.6698,-4.2459,0.18333,-2.3281,7.4058,0.083699
-1.6473,0.37244,3.9074,0.71333,-1.9282,0.29354,-5.6389,-4.8145,-0.15404,-2.2357,7.3291,-0.010953
-1.7231,0.40145,4.0774,0.75549,-2.0174,0.40812,-5.6074,-5.3535,-0.4307,-2.1729,7.2343,-0.089825
-1.7709,0.44799,4.222,0.77031,-2.0789,0.53996,-5.5818,-5.8704,-0.66832,-2.1542,7.1281,-0.16166
-1.7949,0.51141,4.3413,0.75754,-2.1132,0.68791,-5.5687,-6.3794,-0.89224,-2.1837,7.0197,-0.23433
-1.7952,0.58646,4.4248,0.71833,-2.1161,0.84453,-5.5761,-6.8964,-1.126,-2.2566,6.9155,-0.31313
-1.7713,0.66202,4.4554,0.65759,-2.0825,0.99566,-5.616,-7.4341,-1.3869,-2.362,6.8143,-0.40152
-1.7262,0.72232,4.417,0.58495,-2.0115,1.1229,-5.6978,-7.9989,-1.6845,-2.4891,6.7058,-0.50399
-1.6686,0.75135,4.3049,0.51301,-1.9094,1.2094,-5.8279,-8.5878,-2.0204,-2.6319,6.5726,-0.62884
-1.6123,0.73932,4.1335,0.4537,-1.7916,1.2482,-6.0035,-9.1884,-2.3895,-2.7915,6.3948,-0.78833
-1.5732,0.68708,3.9382,0.41488,-1.6806,1.2464,-6.2111,-9.781,-2.7814,-2.9739,6.155,-0.99644
-1.5651,0.60615,3.7634,0.39865,-1.6006,1.2231,-6.4277,-10.344,-3.1814,-3.1858,5.842,-1.266
-1.5951,0.5145,3.644,0.40139,-1.5694,1.2009,-6.6265,-10.858,-3.5713,-3.4296,5.455,-1.6051
-1.6595,0.43056,3.5909,0.41546,-1.5914,1.1962,-6.7839,-11.308,-3.9318,-3.7017,5.007,-2.0136
-1.7448,0.36728,3.5846,0.43206,-1.654,1.2128,-6.8845,-11.684,-4.2472,-3.9943,4.5263,-2.4782
-1.8306,0.32819,3.5819,0.44465,-1.7306,1.2411,-6.9231,-11.981,-4.5106,-4.299,4.0514,-2.972
-1.8969,0.30727,3.5316,0.45118,-1.7905,1.2622,-6.9035,-12.193,-4.7267,-4.6095,3.6205,-3.4593
-1.9326,0.29379,3.3998,0.4536,-1.8113,1.2581,-6.8364,-12.324,-4.9125,-4.9229,3.2618,-3.9076
-1.9384,0.28009,3.1925,0.45451,-1.7915,1.2229,-6.7361,-12.384,-5.0941,-5.2373,2.9848,-4.2963
-1.9244,0.26839,2.9606,0.45405,-1.7515,1.1712,-6.6175,-12.396,-5.3018,-5.5497,2.7863,-4.6211
-1.9028,0.2719,2.7781,0.44811,-1.7224,1.134,-6.4942,-12.385,-5.5623,-5.8534,2.6591,-4.8922
-1.8795,0.30894,2.7079,0.42935,-1.7276,1.1449,-6.3788,-12.37,-5.8897,-6.1377,2.5977,-5.1272
-1.851,0.39393,2.7765,0.3904,-1.7708,1.225,-6.284,-12.356,-6.279,-6.3881,2.5979,-5.3436
-1.808,0.53059,2.9669,0.32774,-1.8347,1.3738,-6.2214,-12.332,-6.7035,-6.5876,2.651,-5.5512
-1.7394,0.70995,3.2277,0.24408,-1.8889,1.5705,-6.1996,-12.278,-7.1221,-6.7209,2.7396,-5.7479
-1.6396,0.91272,3.4913,0.14783,-1.9032,1.7818,-6.2197,-12.18,-7.4896,-6.7787,2.8373,-5.92
-1.5106,1.115,3.6977,0.050148,-1.8595,1.9726,-6.2772,-12.035,-7.7697,-6.7666,2.9121,-6.0484
-1.3646,1.2946,3.8174,-0.038757,-1.7607,2.1183,-6.3645,-11.851,-7.9445,-6.7039,2.9335,-6.1131
-1.2192,1.4387,3.862,-0.1137,-1.6308,2.2119,-6.4758,-11.647,-8.0171,-6.6155,2.8802,-6.1031
-1.0922,1.5477,3.8772,-0.17475,-1.506,2.2655,-6.6052,-11.441,-8.0077,-6.5191,2.7442,-6.018
-0.99612,1.6345,3.9206,-0.22624,-1.4197,2.304,-6.7468,-11.248,-7.9442,-6.4165,2.5312,-5.8659
-0.93444,1.7171,4.0326,-0.27377,-1.391,2.3537,-6.8943,-11.078,-7.8532,-6.2932,2.2557,-5.6594
-0.90242,1.808,4.215,-0.3207,-1.4159,2.4297,-7.0445,-10.936,-7.755,-6.1288,1.9339,-5.4127
-0.88861,1.9067,4.4267,-0.36556,-1.4672,2.5276,-7.2,-10.825,-7.6635,-5.9106,1.5766,-5.1421
-0.88249,1.999,4.5988,-0.40164,-1.5096,2.6251,-7.3689,-10.75,-7.5902,-5.6436,1.1845,-4.8695
-0.87902,2.0637,4.6657,-0.41939,-1.518,2.6943,-7.5575,-10.715,-7.5473,-5.3503,0.74797,-4.6221
-0.88027,2.0838,4.5968,-0.41112,-1.4898,2.7191,-7.7604,-10.721,-7.5475,-5.0612,0.25226,-4.4262
-0.89253,2.0569,4.412,-0.37525,-1.4429,2.7045,-7.9549,-10.759,-7.5985,-4.8007,-0.31742,-4.2975
-0.92215,1.9952,4.172,-0.31807,-1.4058,2.6717,-8.1025,-10.812,-7.6966,-4.5785,-0.96322,-4.2319
-0.97282,1.9174,3.9504,-0.24991,-1.4048,2.643,-8.1592,-10.851,-7.8227,-4.3881,-1.6733,-4.205
-1.0454,1.8384,3.8066,-0.17953,-1.4558,2.6294,-8.0918,-10.849,-7.9449,-4.2142,-2.4272,-4.1798
-1.1391,1.7625,3.7699,-0.10945,-1.5631,2.6266,-7.8933,-10.784,-8.0272,-4.0422,-3.2035,-4.1186
-1.2529,1.6831,3.8356,-0.035701,-1.7195,2.6176,-7.5886,-10.65,-8.0409,-3.8652,-3.9851,-3.9929
-1.3849,1.5882,3.972,0.048179,-1.9082,2.5815,-7.2228,-10.456,-7.9721,-3.6848,-4.7597,-3.7881
-1.5287,1.4678,4.1298,0.14539,-2.1034,2.5038,-6.8401,-10.222,-7.8263,-3.508,-5.5158,-3.5049
-1.6721,1.3206,4.2559,0.25177,-2.2738,2.3832,-6.4637,-9.9693,-7.6184,-3.3411,-6.2387,-3.1572
-1.7976,1.1566,4.3116,0.35574,-2.3902,2.2313,-6.0896,-9.7115,-7.3631,-3.1866,-6.9102,-2.7674
-1.8894,0.99388,4.2859,0.44239,-2.4354,2.0681,-5.696,-9.4482,-7.0703,-3.0399,-7.5137,-2.3584
-1.9397,0.85315,4.1954,0.49988,-2.411,1.9137,-5.2626,-9.1701,-6.7481,-2.8918,-8.0402,-1.9492
-1.9533,0.75029,4.0685,0.52602,-2.3347,1.7837,-4.7857,-8.8666,-6.4099,-2.734,-8.4907,-1.5506
-1.9452,0.69105,3.9301,0.52851,-2.2296,1.6859,-4.2827,-8.5343,-6.0768,-2.5661,-8.8747,-1.1676
-1.9334,0.66931,3.7922,0.52097,-2.1143,1.6206,-3.7852,-8.1789,-5.7741,-2.3992,-9.2068,-0.80304
-1.9307,0.66969,3.6507,0.51651,-1.9939,1.5805,-3.3252,-7.8098,-5.5215,-2.2531,-9.5024,-0.46089
-1.9377,0.67347,3.488,0.52253,-1.8619,1.5529,-2.9225,-7.4332,-5.3241,-2.1469,-9.7741,-0.14517
-1.9428,0.6654,3.2809,0.53802,-1.7084,1.5222,-2.5769,-7.0478,-5.1677,-2.0899,-10.028,0.14297
-1.9264,0.63933,3.0146,0.55424,-1.5234,1.4758,-2.271,-6.6465,-5.0225,-2.0755,-10.264,0.40838
-1.8706,0.60073,2.6972,0.5588,-1.3044,1.4097,-1.9827,-6.2241,-4.8523,-2.0843,-10.478,0.66187
-1.7684,0.56505,2.3661,0.54122,-1.0646,1.3339,-1.7018,-5.7849,-4.6281,-2.0926,-10.667,0.91537
-1.6297,0.55233,2.0856,0.49724,-0.83727,1.2712,-1.4391,-5.3461,-4.3376,-2.0836,-10.823,1.1746
-1.4803,0.58064,1.9293,0.43057,-0.66993,1.2494,-1.2226,-4.9328,-3.9884,-2.0541,-10.948,1.4342
-1.354,0.65975,1.9519,0.35036,-0.60901,1.2903,-1.0822,-4.5679,-3.6042,-2.0128,-11.039,1.6781
-1.2789,0.78788,2.1641,0.26717,-0.68035,1.4003,-1.03,-4.2617,-3.2172,-1.9735,-11.099,1.8861
-1.2667,0.95254,2.5275,0.18881,-0.87722,1.5693,-1.0483,-4.0069,-2.8598,-1.9464,-11.132,2.0405
-1.3094,1.1357,2.9709,0.1187,-1.1632,1.7763,-1.0918,-3.7824,-2.5573,-1.9343,-11.153,2.1291
-1.3856,1.3184,3.4176,0.05757,-1.4877,1.9985,-1.1075,-3.5634,-2.325,-1.9337,-11.186,2.1453
-1.4702,1.4848,3.8121,0.0065416,-1.8057,2.2181,-1.0609,-3.332,-2.1649,-1.9391,-11.264,2.0873
-1.5453,1.6232,4.1308,-0.030684,-2.0905,2.4231,-0.95353,-3.083,-2.0694,-1.9463,-11.415,1.96
-1.6061,1.7238,4.3779,-0.048106,-2.3374,2.603,-0.82096,-2.8239,-2.0254,-1.9537,-11.653,1.777
-1.6598,1.7772,4.5738,-0.039299,-2.5569,2.7441,-0.71291,-2.5682,-2.0174,-1.96,-11.968,1.5617
-1.7209,1.776,4.7395,0.00035831,-2.7648,2.8302,-0.66881,-2.3265,-2.028,-1.9625,-12.326,1.3441
-1.803,1.7161,4.8801,0.071852,-2.9711,2.8453,-0.70253,-2.1002,-2.0374,-1.9563,-12.681,1.155
-1.9117,1.5982,4.9732,0.17167,-3.1728,2.7773,-0.80118,-1.8812,-2.0245,-1.935,-12.984,1.0184
-2.0381,1.4268,4.9734,0.29224,-3.3515,2.6204,-0.93438,-1.6609,-1.9716,-1.8919,-13.2,0.94272
-2.1599,1.2098,4.8321,0.42347,-3.4757,2.3758,-1.0665,-1.4399,-1.8708,-1.8234,-13.318,0.91462
-2.251,0.95733,4.5204,0.55521,-3.5097,2.0527,-1.1663,-1.2334,-1.7279,-1.7307,-13.356,0.89987
-2.2931,0.68197,4.0414,0.67978,-3.4277,1.6683,-1.2121,-1.0659,-1.5589,-1.6201,-13.352,0.85342
-2.2825,0.39742,3.4289,0.79286,-3.2266,1.2457,-1.193,-0.95974,-1.3829,-1.5002,-13.351,0.73655
-2.2291,0.11672,2.7334,0.89284,-2.928,0.81023,-1.1065,-0.92156,-1.213,-1.3787,-13.383,0.53449
-2.1517,-0.15134,2.0064,0.98061,-2.5691,0.38403,-0.95544,-0.93579,-1.0531,-1.2598,-13.448,0.26384
-2.0737,-0.40588,1.2898,1.0605,-2.19,-0.019068,-0.7458,-0.96784,-0.90013,-1.1459,-13.518,-0.034807
-2.0179,-0.65413,0.61197,1.1406,-1.8244,-0.39486,-0.48509,-0.97836,-0.74842,-1.0383,-13.553,-0.31351
-2.0001,-0.90529,-0.011713,1.2298,-1.4935,-0.74343,-0.18234,-0.93818,-0.59502,-0.93837,-13.517,-0.53422
-2.0211,-1.1607,-0.5725,1.3316,-1.2043,-1.0623,0.15112,-0.839,-0.44222,-0.84615,-13.394,-0.67999
-2.0657,-1.4079,-1.06,1.44,-0.95196,-1.341,0.50343,-0.6925,-0.29678,-0.76052,-13.185,-0.75595
-2.1086,-1.625,-1.4586,1.5405,-0.72678,-1.5643,0.85959,-0.52106,-0.1667,-0.68024,-12.895,-0.78022
-2.1255,-1.7893,-1.7502,1.6153,-0.52204,-1.7202,1.2076,-0.34578,-0.056604,-0.60264,-12.53,-0.77138
-2.1053,-1.8883,-1.92,1.6511,-0.33845,-1.8072,1.543,-0.17763,0.03604,-0.52516,-12.087,-0.73999
-2.0573,-1.9248,-1.9608,1.6459,-0.18647,-1.8348,1.8704,-0.015092,0.12151,-0.44629,-11.56,-0.68799
-2.0093,-1.9147,-1.8737,1.6104,-0.08537,-1.8182,2.2015,0.15131,0.21389,-0.36687,-10.953,-0.61445
-1.9943,-1.8794,-1.6696,1.5633,-0.054978,-1.7721,2.5484,0.33037,0.32406,-0.29149,-10.282,-0.52341
-2.034,-1.8374,-1.3721,1.5229,-0.10256,-1.7065,2.918,0.52188,0.45306,-0.2294,-9.5805,-0.42922
-2.127,-1.8,-1.0208,1.4996,-0.21308,-1.6283,3.3088,0.71279,0.58995,-0.19379,-8.8921,-0.35652
-2.2481,-1.7706,-0.66895,1.4932,-0.34946,-1.5438,3.7122,0.88058,0.7156,-0.19879,-8.2641,-0.33399
-2.3575,-1.7476,-0.37532,1.4951,-0.46291,-1.4617,4.1166,1.0032,0.8107,-0.25452,-7.7348,-0.38377
-2.4174,-1.7289,-0.19127,1.4942,-0.50869,-1.3927,4.5104,1.07,0.86357,-0.36242,-7.3234,-0.50984
-2.4074,-1.7149,-0.14654,1.4829,-0.46133,-1.3477,4.8826,1.0875,0.87365,-0.51418,-7.0255,-0.69305
-2.332,-1.7093,-0.24068,1.4609,-0.32356,-1.3336,5.2232,1.0745,0.84956,-0.69549,-6.8173,-0.89601
-2.2183,-1.7184,-0.44442,1.4352,-0.12508,-1.3528,5.5215,1.0529,0.80439,-0.89262,-6.6676,-1.0773
-2.1057,-1.7491,-0.71074,1.4175,0.089081,-1.4023,5.7713,1.0376,0.75183,-1.0972,-6.5507,-1.209
-2.0302,-1.8051,-0.99081,1.4182,0.27609,-1.475,5.9717,1.0327,0.70472,-1.3068,-6.4559,-1.2873
-2.0091,-1.8837,-1.2482,1.4408,0.41166,-1.561,6.1297,1.0345,0.67506,-1.5206,-6.3863,-1.3289
-2.0327,-1.9742,-1.4663,1.4776,0.4982,-1.6483,6.2591,1.0387,0.67143,-1.7349,-6.3503,-1.3585
-2.0692,-2.0613,-1.6469,1.5127,0.56049,-1.7273,6.3766,1.0439,0.6971,-1.9405,-6.3497,-1.3968
-2.0822,-2.1329,-1.8031,1.5301,0.6301,-1.7923,6.4962,1.0536,0.74852,-2.1241,-6.3736,-1.454
-2.0506,-2.1851,-1.9479,1.5222,0.72711,-1.844,6.6246,1.0721,0.81647,-2.271,-6.3991,-1.5304
-1.9777,-2.2228,-2.0839,1.4923,0.84981,-1.8863,6.7636,1.1,0.88944,-2.3687,-6.3992,-1.6208
-1.8861,-2.2542,-2.198,1.4511,0.97636,-1.9215,6.9105,1.1314,0.95685,-2.4118,-6.3517,-1.7217
-1.8038,-2.2853,-2.2657,1.411,1.0753,-1.9474,7.0604,1.1533,1.0104,-2.4033,-6.2459,-1.8344
-1.7517,-2.3163,-2.2641,1.38,1.1199,-1.9586,7.208,1.1504,1.0439,-2.3539,-6.0826,-1.9649
-1.7366,-2.3431,-2.1857,1.3604,1.1012,-1.9515,7.3487,1.1125,1.0542,-2.2787,-5.8709,-2.1185
-1.7504,-2.3621,-2.0473,1.3487,1.0333,-1.9299,7.4777,1.0428,1.0442,-2.1939,-5.6235,-2.2928
-1.7754,-2.3747,-1.888,1.3407,0.94859,-1.9055,7.5937,0.96174,1.0251,-2.1128,-5.3531,-2.4738
-1.7942,-2.3889,-1.757,1.3355,0.885,-1.8944,7.6989,0.90267,1.0175,-2.0432,-5.0698,-2.6367
-1.7975,-2.4144,-1.6948,1.3374,0.87079,-1.9088,7.8004,0.90126,1.0454,-1.9845,-4.7803,-2.7542
-1.7865,-2.4573,-1.7193,1.3525,0.91491,-1.951,7.9113,0.98239,1.1286,-1.9269,-4.4877,-2.8069
-1.7688,-2.5154,-1.8217,1.3838,1.0071,-2.0119,8.0492,1.1517,1.2751,-1.8546,-4.1943,-2.7911
-1.7538,-2.5791,-1.9735,1.4293,1.1241,-2.0765,8.2325,1.3953,1.478,-1.7527,-3.9039,-2.719
-1.7507,-2.6366,-2.1387,1.4838,1.2377,-2.1306,8.4736,1.6867,1.7186,-1.6142,-3.6241,-2.6129
-1.7692,-2.6795,-2.2831,1.5423,1.3205,-2.1659,8.773,1.996,1.9713,-1.4446,-3.3659,-2.4968
-1.8182,-2.7064,-2.3792,1.603,1.3512,-2.1813,9.1128,2.2962,2.2079,-1.2618,-3.1433,-2.3904
-1.9029,-2.7208,-2.4066,1.6663,1.3178,-2.1807,9.4612,2.5666,2.4032,-1.0894,-2.9725,-2.3062
-2.0225,-2.728,-2.3526,1.7323,1.2187,-2.1682,9.7833,2.7929,2.5385,-0.9477,-2.8691,-2.2516
-2.1701,-2.7302,-2.2113,1.7988,1.0604,-2.1444,10.054,2.9674,2.6068,-0.84639,-2.8446,-2.2289
-2.3359,-2.7258,-1.9831,1.8617,0.85442,-2.1043,10.268,3.0902,2.6148,-0.78131,-2.9038,-2.2359
-2.5104,-2.7097,-1.6732,1.916,0.61256,-2.0392,10.433,3.1688,2.5807,-0.7385,-3.0457,-2.2669
-2.6848,-2.6761,-1.2926,1.9576,0.34634,-1.9401,10.568,3.2165,2.5277,-0.70183,-3.2657,-2.3137
-2.8512,-2.621,-0.85829,1.984,0.067876,-1.8024,10.685,3.2503,2.4763,-0.65972,-3.5563,-2.3662
-3.0019,-2.5438,-0.39317,1.9941,-0.20952,-1.6285,10.79,3.2884,2.4387,-0.6077,-3.9067,-2.4134
-3.1315,-2.4479,0.075525,1.9895,-0.47278,-1.4275,10.885,3.3487,2.418,-0.54726,-4.3014,-2.444
-3.2389,-2.3386,0.52159,1.9733,-0.71207,-1.2124,10.968,3.4458,2.4109,-0.48347,-4.7209,-2.4494
-3.3275,-2.2206,0.92633,1.9496,-0.92321,-0.99469,11.037,3.5868,2.4129,-0.42328,-5.1432,-2.4268
-3.4026,-2.0962,1.2824,1.9203,-1.1071,-0.78181,11.097,3.7665,2.4216,-0.37417,-5.5467,-2.3831
-3.4648,-1.9649,1.5919,1.883,-1.266,-0.57669,11.152,3.9658,2.4366,-0.34229,-5.9106,-2.3332
-3.5059,-1.8251,1.8585,1.8307,-1.3974,-0.38141,11.203,4.1546,2.4577,-0.32985,-6.2168,-2.2951
-3.508,-1.6792,2.0774,1.7559,-1.4902,-0.2025,11.244,4.2993,2.481,-0.33311,-6.451,-2.2807
-3.4499,-1.5364,2.2293,1.6556,-1.5249,-0.054759,11.255,4.371,2.498,-0.34243,-6.6047,-2.2896
-3.3189,-1.4131,2.2861,1.5357,-1.4819,0.040374,11.21,4.3513,2.4981,-0.34453,-6.675,-2.308
-3.1201,-1.3285,2.2293,1.4099,-1.3531,0.063058,11.08,4.237,2.4692,-0.32497,-6.6632,-2.3125
-2.8767,-1.2973,2.0668,1.2945,-1.1491,0.0053797,10.852,4.0355,2.4027,-0.26946,-6.5725,-2.2781
-2.6207,-1.3247,1.8294,1.2024,-0.89492,-0.12447,10.533,3.7635,2.2956,-0.16474,-6.4073,-2.1849
-2.3798,-1.4058,1.5477,1.1407,-0.61638,-0.30789,10.156,3.4425,2.1523,-0.00080124,-6.1724,-2.0217
-2.1688,-1.5299,1.2329,1.1101,-0.32794,-0.52633,9.7639,3.0943,1.9829,0.22477,-5.8733,-1.7877
-1.9885,-1.6851,0.87296,1.1062,-0.029532,-0.76853,9.4,2.7388,1.8029,0.50239,-5.5168,-1.494
-1.8282,-1.8624,0.44197,1.1221,0.28857,-1.0317,9.0976,2.3939,1.6296,0.80921,-5.1114,-1.1607
-1.6735,-2.0562,-0.083967,1.1508,0.63773,-1.3181,8.8748,2.0762,1.4782,1.1137,-4.6688,-0.81503
-1.5139,-2.2636,-0.71115,1.1872,1.0225,-1.6294,8.7329,1.8008,1.3579,1.3858,-4.2011,-0.48623
-1.3486,-2.4836,-1.4191,1.2294,1.4344,-1.9629,8.6572,1.5802,1.2703,1.6083,-3.7194,-0.19994
-1.1872,-2.7146,-2.1612,1.2781,1.8501,-2.3094,8.62,1.4246,1.2098,1.7828,-3.2321,0.025931
-1.0456,-2.9542,-2.8745,1.3357,2.2362,-2.6543,8.5882,1.3425,1.1679,1.9278,-2.7455,0.18305
-0.94046,-3.1981,-3.4949,1.4043,2.558,-2.9808,8.5356,1.3419,1.1371,2.069,-2.2668,0.27271
-0.88301,-3.4392,-3.9719,1.4846,2.789,-3.2725,8.4558,1.4304,1.1143,2.2296,-1.8054,0.30526
-0.8751,-3.6666,-4.2794,1.5735,2.9181,-3.5154,8.365,1.6139,1.101,2.4238,-1.3741,0.29832
-0.90851,-3.8642,-4.4197,1.6638,2.9513,-3.6978,8.2936,1.8962,1.1012,2.6574,-0.9857,0.27289
-0.96714,-4.0093,-4.4194,1.7433,2.9089,-3.8086,8.2716,2.2778,1.1182,2.9315,-0.64774,0.24807
-1.0312,-4.0744,-4.3145,1.7962,2.818,-3.8358,8.3158,2.7554,1.1525,3.2455,-0.35679,0.23673
-1.0823,-4.0303,-4.1295,1.805,2.7034,-3.7649,8.4271,3.3216,1.2033,3.5984,-0.096634,0.24411
-1.1064,-3.852,-3.8632,1.7545,2.5774,-3.579,8.5948,3.9673,1.271,3.9875,0.15733,0.2699
-1.0961,-3.5237,-3.4921,1.6344,2.4347,-3.2597,8.8057,4.6857,1.3612,4.4069,0.42918,0.31209
-1.0479,-3.0406,-2.9867,1.4408,2.2546,-2.7885,9.0538,5.4723,1.4886,4.8477,0.73405,0.37052
-0.95886,-2.4024,-2.3223,1.1713,2.0133,-2.1445,9.3455,6.3299,1.6762,5.3017,1.0747,0.44875
-0.82136,-1.5992,-1.4696,0.81793,1.6977,-1.2964,9.7021,7.2661,1.953,5.7678,1.4447,0.55367
-0.62067,-0.59358,-0.37236,0.35818,1.3122,-0.19594,10.157,8.2904,2.3481,6.2559,1.8357,0.69276
-0.33544,0.69536,1.0349,-0.25618,0.8755,1.217,10.752,9.4103,2.8838,6.7855,2.2444,0.87115
0.05989,2.4014,2.7498,-1.1163,0.4126,2.9931,11.529,10.625,3.5695,7.3777,2.6768,1.0912
0.59371,4.6998,4.6619,-2.3804,-0.054395,5.159,12.522,11.922,4.4005,8.046,3.1478,1.3542
1.2964,7.749,6.6595,-4.275,-0.51265,7.7491,13.75,13.276,5.362,8.7921,3.6769,1.6638
2.1929,11.598,8.7651,-6.9846,-0.96137,10.853,15.208,14.655,6.4346,9.6105,4.2827,2.0287
3.2814,16.17,11.163,-10.429,-1.411,14.581,16.857,16.029,7.5993,10.495,4.9798,2.4621
4.5077,21.332,14.188,-14.242,-1.8788,18.964,18.628,17.371,8.8393,11.443,5.778,2.9798
5.7719,26.934,18.155,-18.068,-2.3824,23.883,20.433,18.653,10.14,12.454,6.6845,3.5956
6.982,32.783,22.824,-21.748,-2.9311,29.058,22.171,19.841,11.487,13.529,7.7052,4.317
8.1124,38.619,27.391,-25.253,-3.5186,34.127,23.732,20.89,12.863,14.66,8.8471,5.1424
9.2193,44.194,31.342,-28.596,-4.1225,38.813,24.987,21.741,14.247,15.843,10.12,6.0629
10.414,49.369,34.769,-31.799,-4.7131,43.058,25.815,22.347,15.612,17.076,11.54,7.0698
11.826,54.167,38.049,-34.89,-5.2625,46.985,26.167,22.686,16.934,18.364,13.124,8.1643
13.551,58.717,41.443,-37.906,-5.7563,50.758,26.141,22.779,18.194,19.727,14.895,9.3653
15.601,63.161,44.988,-40.87,-6.202,54.488,26.019,22.678,19.385,21.192,16.873,10.709
17.84,67.57,48.706,-43.768,-6.6169,58.216,26.145,22.445,20.516,22.786,19.072,12.237
20.039,71.888,52.659,-46.534,-7.0074,61.914,26.651,22.125,21.603,24.517,21.487,13.976
22.035,75.977,56.742,-49.084,-7.3531,65.501,27.245,21.738,22.65,26.355,24.088,15.91
23.836,79.727,60.651,-51.379,-7.6066,68.893,27.286,21.277,23.633,28.222,26.81,17.967
25.56,83.148,64.038,-53.447,-7.7064,72.066,26.133,20.724,24.503,30.007,29.559,20.027
27.316,86.349,66.603,-55.338,-7.592,75.041,23.49,20.06,25.187,31.587,32.228,21.973
29.166,89.395,68.083,-57.111,-7.2204,77.714,19.514,19.277,25.608,32.86,34.712,23.728
31.163,92.116,68.223,-58.883,-6.5794,79.55,14.638,18.38,25.703,33.769,36.924,25.274
33.391,94.22,66.848,-60.86,-5.6834,79.748,9.3525,17.382,25.442,34.305,38.799,26.638
35.951,95.73,64.04,-63.197,-4.5374,78.15,4.1201,16.3,24.829,34.492,40.305,27.86
38.888,96.915,60.221,-65.816,-3.076,75.397,-0.63382,15.147,23.906,34.378,41.447,28.978
42.122,97.772,55.908,-68.396,-1.1483,72.237,-4.5773,13.93,22.744,34.017,42.268,30.012
45.437,97.791,51.369,-70.485,1.3211,69.038,-7.5912,12.656,21.427,33.453,42.821,30.962
48.505,96.205,46.622,-71.61,4.0898,65.816,-9.8587,11.336,20.031,32.717,43.15,31.813
50.947,92.511,41.708,-71.395,6.7212,62.384,-11.794,9.9909,18.619,31.825,43.279,32.536
52.443,86.854,36.663,-69.676,8.9462,58.436,-13.794,8.6505,17.227,30.778,43.205,33.094
52.874,79.875,31.283,-66.554,10.753,53.689,-15.989,7.3423,15.87,29.571,42.908,33.446
52.365,72.323,25.244,-62.351,12.259,48.069,-18.232,6.0807,14.545,28.19,42.355,33.531
51.187,64.871,18.523,-57.515,13.562,41.837,-20.282,4.8587,13.228,26.611,41.499,33.271
49.592,57.98,11.647,-52.537,14.693,35.497,-21.989,3.6493,11.883,24.8,40.293,32.57
47.704,51.809,5.3543,-47.87,15.654,29.512,-23.328,2.4194,10.471,22.722,38.692,31.334
45.556,46.272,0.19021,-43.77,16.457,24.156,-24.349,1.1424,8.9593,20.364,36.671,29.518
43.209,41.228,-3.2973,-40.179,17.077,19.601,-25.129,-0.18931,7.3296,17.754,34.237,27.176
40.784,36.634,-4.5198,-36.873,17.422,16.002,-25.737,-1.5659,5.5836,14.98,31.44,24.475
38.342,32.549,-3.8565,-33.689,17.367,13.4,-26.229,-2.9692,3.7368,12.176,28.378,21.622
35.851,28.96,-2.9995,-30.591,16.843,11.412,-26.649,-4.3831,1.8116,9.4792,25.182,18.782
33.228,25.529,-2.771,-27.584,15.9,9.1788,-27.028,-5.7978,-0.16894,6.9878,21.983,16.054
30.387,21.622,-2.8461,-24.598,14.683,6.5568,-27.386,-7.2077,-2.1825,4.7427,18.89,13.483
27.278,17.049,-2.9497,-21.446,13.355,4.293,-27.734,-8.6047,-4.2064,2.7381,15.973,11.082
23.919,12.557,-3.05,-17.961,12.025,2.6357,-28.072,-9.9742,-6.2182,0.94254,13.263,8.8439
20.375,8.8414,-3.1917,-14.203,10.719,1.3895,-28.393,-11.295,-8.2015,-0.68813,10.758,6.7521
16.723,5.9309,-3.4134,-10.482,9.4239,0.34205,-28.691,-12.546,-10.155,-2.2064,8.4339,4.7784
13.046,3.5675,-3.7311,-7.1369,8.1397,-0.63574,-28.965,-13.712,-12.097,-3.6711,6.2554,2.8904
9.477,1.5203,-4.1369,-4.339,6.9078,-1.6047,-29.217,-14.79,-14.071,-5.1427,4.1866,1.0659
6.2484,-0.35821,-4.6031,-2.0762,5.8,-2.5842,-29.448,-15.794,-16.128,-6.6758,2.1949,-0.69267
3.6205,-2.1453,-5.0909,-0.25,4.8857,-3.5709,-29.655,-16.747,-18.311,-8.313,0.25312,-2.3586
1.7156,-3.8549,-5.57,1.2298,4.2,-4.5502,-29.831,-17.668,-20.634,-10.078,-1.6592,-3.9042
0.44817,-5.4479,-6.0405,2.4157,3.7321,-5.5058,-29.97,-18.559,-23.062,-11.971,-3.5527,-5.3264
-0.38072,-6.8703,-6.5357,3.353,3.4411,-6.4299,-30.07,-19.398,-25.514,-13.965,-5.4242,-6.642
-0.96829,-8.1114,-7.0956,4.1247,3.2777,-7.3303,-30.137,-20.146,-27.867,-16.0,-7.2515,-7.8551
-1.4548,-9.2345,-7.7291,4.8483,3.1943,-8.2247,-30.179,-20.761,-29.989,-17.998,-8.9919,-8.9384
-1.916,-10.332,-8.3942,5.6129,3.144,-9.1248,-30.207,-21.221,-31.769,-19.872,-10.591,-9.8481
-2.3777,-11.435,-9.0083,6.4273,3.0804,-10.013,-30.23,-21.539,-33.151,-21.552,-12.0,-10.556
-2.8372,-12.482,-9.4788,7.23,2.9654,-10.828,-30.258,-21.753,-34.145,-23.0,-13.193,-11.066
-3.279,-13.377,-9.7401,7.9442,2.7804,-11.494,-30.297,-21.919,-34.812,-24.226,-14.176,-11.417
-3.6837,-14.062,-9.7789,8.526,2.5348,-11.962,-30.347,-22.077,-35.246,-25.278,-14.989,-11.656
-4.0335,-14.553,-9.6365,8.9775,2.2616,-12.241,-30.403,-22.249,-35.552,-26.232,-15.688,-11.827
-4.3188,-14.913,-9.3872,9.3314,2.0019,-12.384,-30.45,-22.428,-35.822,-27.169,-16.328,-11.952
-4.5427,-15.207,-9.1045,9.6271,1.7865,-12.455,-30.476,-22.598,-36.128,-28.161,-16.946,-12.037
-4.7227,-15.476,-8.8316,9.8941,1.623,-12.495,-30.468,-22.746,-36.512,-29.251,-17.555,-12.083
-4.886,-15.723,-8.5717,10.148,1.4951,-12.508,-30.416,-22.868,-36.993,-30.448,-18.146,-12.092
-5.06,-15.915,-8.3,10.392,1.3719,-12.468,-30.315,-22.974,-37.565,-31.729,-18.702,-12.065
-5.2614,-16.006,-7.9871,10.616,1.2233,-12.342,-30.163,-23.076,-38.201,-33.044,-19.21,-12.0
-5.4889,-15.96,-7.6196,10.801,1.032,-12.113,-29.967,-23.181,-38.857,-34.329,-19.659,-11.893
-5.7248,-15.769,-7.2088,10.929,0.80109,-11.795,-29.743,-23.288,-39.48,-35.522,-20.048,-11.743
-5.9433,-15.466,-6.7874,10.992,0.55296,-11.428,-29.518,-23.383,-40.021,-36.571,-20.376,-11.565
-6.1209,-15.111,-6.3979,11.003,0.32157,-11.065,-29.325,-23.45,-40.449,-37.449,-20.64,-11.385
-6.2452,-14.767,-6.0758,10.983,0.13866,-10.749,-29.197,-23.474,-40.758,-38.148,-20.837,-11.245
-6.3187,-14.483,-5.836,10.961,0.019817,-10.508,-29.157,-23.455,-40.968,-38.683,-20.968,-11.192
-6.3594,-14.279,-5.6677,10.962,-0.042815,-10.343,-29.21,-23.405,-41.113,-39.084,-21.042,-11.267
-6.3948,-14.154,-5.5407,11.0,-0.076648,-10.244,-29.347,-23.348,-41.229,-39.382,-21.07,-11.496
-6.4513,-14.091,-5.4186,11.08,-0.1162,-10.186,-29.545,-23.304,-41.343,-39.608,-21.062,-11.877
-6.5434,-14.057,-5.271,11.191,-0.18943,-10.141,-29.777,-23.283,-41.462,-39.78,-21.024,-12.371
-6.6669,-13.993,-5.0779,11.296,-0.31016,-10.069,-30.013,-23.283,-41.576,-39.906,-20.96,-12.916
-6.8009,-13.801,-4.8215,11.331,-0.48092,-9.9026,-30.228,-23.29,-41.663,-39.98,-20.877,-13.44
-6.9193,-13.341,-4.4706,11.208,-0.70609,-9.5429,-30.408,-23.292,-41.687,-39.979,-20.786,-13.893
-7.0051,-12.469,-3.9678,10.834,-1.0107,-8.8862,-30.548,-23.274,-41.594,-39.851,-20.685,-14.255
-7.062,-11.145,-3.2288,10.151,-1.4547,-7.928,-30.636,-23.213,-41.279,-39.49,-20.539,-14.525
-7.1116,-9.6705,-2.3577,9.1859,-2.1179,-7.055,-30.64,-23.051,-40.551,-38.712,-20.245,-14.686
-7.1765,-9.5864,-4.5831,8.1279,-2.8673,-9.4331,-30.493,-22.664,-39.066,-37.203,-19.606,-14.658
-7.2569,-16.592,-5.7296,7.468,-1.5116,-16.96,-30.084,-21.826,-36.27,-34.483,-18.315,-14.254
-7.3131,-23.924,-6.1323,8.4853,2.0203,-18.382,-29.266,-20.193,-31.486,-30.131,-15.995,-13.188
-7.2586,-25.017,-6.5511,13.197,3.1012,-18.89,-27.979,-17.393,-25.601,-26.632,-12.618,-11.324
-6.9562,-24.413,-6.6142,17.435,3.1628,-18.935,-27.642,-15.095,-35.14,-39.196,-15.625,-10.916
-6.2239,-22.113,-5.4472,17.473,2.0356,-17.67,-34.342,-24.15,-49.621,-41.679,-25.098,-27.814
-4.9967,-16.902,-1.7999,15.162,-1.2095,-13.516,-36.053,-24.835,-48.999,-40.685,-26.159,-30.344
-7.283,-6.9434,6.859,10.839,-7.8708,-4.1055,-34.947,-25.809,-47.22,-38.201,-26.801,-30.386
-10.328,9.4356,25.21,4.1355,-18.44,13.34,-33.041,-26.088,-42.729,-31.933,-26.231,-29.384
-12.682,32.327,52.348,-5.5395,-32.288,39.065,-29.801,-24.019,-32.975,-19.208,-23.113,-26.33
-15.434,59.857,81.34,-17.873,-48.135,68.95,-24.01,-17.272,-14.458,3.0948,-15.027,-19.853
-17.331,90.237,110.91,-31.779,-63.919,100.15,-13.052,-1.6255,17.252,38.523,3.5448,-7.4326
-16.69,120.53,137.67,-46.654,-77.121,128.93,5.1014,29.008,67.587,90.869,42.544,15.128
-11.772,146.28,157.4,-62.577,-84.775,151.79,32.322,79.958,142.72,163.81,107.59,52.153
-0.31806,166.83,166.25,-79.726,-83.707,167.03,69.488,155.12,248.07,261.17,188.59,104.64
20.069,183.3,161.48,-98.724,-71.301,172.46,115.38,255.06,385.81,388.49,292.28,176.47
51.276,195.94,141.8,-120.91,-46.054,168.8,164.07,372.98,551.76,549.44,427.45,273.61
94.248,206.33,109.01,-147.78,-8.2433,157.68,204.81,493.46,733.05,741.88,595.43,398.8
149.0,217.4,66.765,-181.29,40.392,141.98,224.37,594.86,908.85,959.94,795.73,552.98
215.07,231.89,17.723,-223.13,98.284,124.81,209.87,654.01,1054.1,1194.9,1026.1,734.73
291.41,251.84,-36.017,-273.1,163.97,107.41,151.4,652.46,1145.1,1435.5,1281.2,940.0
375.38,276.24,-94.102,-328.43,235.63,90.203,46.554,582.4,1165.4,1668.1,1551.6,1161.2
462.39,298.8,-158.78,-383.32,311.61,69.177,-96.505,449.43,1109.8,1877.9,1821.6,1385.9
546.47,308.5,-234.75,-429.38,391.19,35.971,-259.41,272.25,986.29,2049.6,2069.4,1596.3
621.09,292.33,-327.58,-457.43,474.2,-18.606,-417.81,78.664,813.47,2167.5,2268.2,1770.4
680.0,240.53,-440.03,-460.09,559.21,-100.63,-548.1,-102.98,614.61,2217.2,2390.5,1885.5
717.81,151.67,-567.79,-434.11,641.48,-208.74,-634.26,-253.07,408.58,2185.5,2413.3,1922.6
730.51,34.063,-698.5,-381.54,712.86,-332.77,-672.0,-366.38,202.8,2062.0,2323.1,1870.7
715.88,-97.21,-815.19,-308.53,763.78,-456.93,-668.34,-450.99,-7.1014,1839.6,2117.5,1728.3
673.82,-226.84,-902.59,-222.59,786.47,-565.86,-637.1,-521.0,-230.2,1517.6,1805.8,1503.1
606.52,-344.24,-952.32,-130.15,777.67,-649.86,-592.93,-588.14,-471.13,1104.3,1406.7,1210.5
518.5,-444.68,-964.39,-35.849,739.49,-706.4,-547.07,-657.37,-725.32,619.91,946.86,871.19
416.47,-527.49,-944.86,56.697,678.37,-738.12,-506.12,-727.55,-979.9,97.776,460.49,511.38
308.96,-592.8,-902.28,143.48,603.03,-749.48,-473.17,-794.38,-1216.8,-417.46,-11.936,161.14
205.32,-639.42,-844.61,219.26,522.3,-743.96,-449.47,-852.93,-1416.3,-875.88,-428.13,-148.78
113.91,-664.58,-777.35,278.09,443.29,-722.96,-434.61,-899.12,-1561.9,-1233.1,-752.5,-393.14
40.171,-665.49,-703.38,315.49,370.26,-686.44,-425.87,-930.28,-1645.1,-1462.4,-965.61,-558.68
-14.302,-641.42,-623.98,330.41,304.36,-634.58,-423.29,-944.92,-1667.0,-1562.4,-1069.2,-647.25
-51.122,-595.06,-540.23,325.36,244.68,-569.26,-424.6,-942.15,-1636.3,-1555.1,-1083.8,-673.41
-74.156,-532.53,-454.15,305.54,189.94,-494.64,-424.24,-921.26,-1566.0,-1475.8,-1039.4,-658.0
-88.373,-461.93,-369.12,277.35,139.56,-416.54,-416.14,-881.75,-1469.2,-1360.3,-965.72,-621.39
-98.055,-391.29,-289.27,246.71,93.676,-341.15,-396.53,-823.91,-1356.7,-1235.9,-884.03,-578.39
-105.54,-326.93,-218.56,217.83,53.606,-273.69,-364.68,-749.63,-1236.0,-1118.2,-805.13,-536.21
-111.27,-272.63,-159.88,192.94,21.346,-217.34,-322.59,-662.94,-1111.5,-1011.9,-732.12,-495.84
-114.56,-229.18,-114.15,172.35,-3.0957,-172.52,-274.15,-569.61,-986.06,-912.58,-663.27,-454.91
-113.99,-194.15,-80.397,154.08,-19.165,-138.01,-223.79,-475.77,-861.84,-814.32,-595.19,-410.68
-107.98,-164.12,-56.784,134.84,-26.335,-111.71,-175.12,-386.2,-739.77,-715.43,-527.2,-362.47
-96.043,-136.81,-41.433,114.39,-27.573,-90.541,-130.51,-303.59,-622.06,-618.62,-459.39,-312.24
-80.04,-111.39,-31.3,93.939,-25.431,-73.052,-91.24,-229.38,-512.18,-522.97,-391.49,-264.53
-63.176,-88.183,-24.017,74.054,-21.722,-58.086,-58.094,-164.14,-413.48,-432.31,-326.55,-220.12
-47.933,-68.512,-18.607,56.507,-17.822,-45.399,-31.572,-110.36,-328.58,-353.39,-270.22,-181.85
-35.81,-53.414,-14.473,42.903,-14.823,-35.7,-11.522,-72.735,-257.31,-290.15,-225.63,-152.23
-27.58,-42.266,-10.964,33.397,-12.871,-28.652,2.7233,-47.796,-199.58,-242.72,-192.54,-130.65
-23.359,-33.805,-7.3371,27.41,-12.367,-22.92,11.981,-31.296,-158.79,-207.92,-168.64,-115.7
-22.553,-27.009,-2.4571,24.106,-13.325,-17.19,17.024,-20.542,-130.62,-181.33,-150.82,-105.43
-23.977,-21.519,3.7263,22.458,-14.395,-11.391,18.366,-14.048,-109.11,-159.8,-136.3,-97.67
-26.033,-17.203,6.4048,21.396,-15.132,-6.6343,16.232,-11.145,-91.734,-142.01,-123.27,-90.975
-26.654,-13.829,5.5475,19.988,-15.355,-3.5454,7.9863,-11.058,-78.116,-127.45,-110.99,-84.65
-22.357,-10.759,6.0317,17.024,-15.15,-1.9815,1.1213,-12.272,-67.846,-115.52,-99.457,-78.296
-14.887,-6.7673,7.2328,11.533,-14.732,-0.93176,2.1393,-9.0372,-59.384,-105.35,-88.881,-71.327
-11.097,-3.6682,8.4688,7.2221,-14.291,0.20182,3.0169,-3.7497,-50.01,-95.948,-79.264,-63.648
-9.3954,-1.8787,9.5064,4.8765,-13.918,1.2533,3.2715,0.18296,-37.487,-86.537,-70.324,-56.221
-8.3471,-0.70618,10.304,3.5377,-13.624,2.1551,3.1127,3.2153,-23.993,-76.641,-62.083,-49.291
-7.5804,0.12965,10.888,2.695,-13.389,2.8909,2.7622,5.7064,-13.377,-66.134,-54.577,-42.952
-6.9638,0.74201,11.282,2.1115,-13.191,3.4594,2.3621,7.9512,-6.0958,-55.593,-47.595,-37.459
-6.4161,1.1937,11.495,1.6695,-12.986,3.8703,1.9719,10.169,-0.97599,-45.994,-41.178,-32.83
-5.8823,1.5272,11.519,1.3095,-12.705,4.1395,1.615,12.49,2.9695,-37.873,-35.558,-28.888
-5.3371,1.7693,11.334,1.0053,-12.272,4.2792,1.3179,14.967,6.2849,-31.069,-30.814,-25.417
-4.7847,1.9304,10.916,0.75009,-11.65,4.2922,1.1196,17.587,9.2445,-25.239,-26.824,-22.238
-4.2471,2.0097,10.249,0.54649,-10.859,4.176,1.0604,20.31,12.02,-20.21,-23.412,-19.24
-3.7481,2.0051,9.3511,0.39727,-9.968,3.9353,1.1633,23.084,14.754,-15.94,-20.43,-16.387
-3.302,1.9226,8.274,0.29953,-9.0601,3.59,1.4215,25.853,17.563,-12.386,-17.784,-13.695
-2.9111,1.78,7.0965,0.2425,-8.202,3.1736,1.7985,28.557,20.509,-9.4603,-15.411,-11.213
-2.5667,1.6033,5.9012,0.20951,-7.4317,2.7246,2.2398,31.146,23.609,-7.0394,-13.275,-8.9961
-2.2536,1.4188,4.754,0.18282,-6.7607,2.2761,2.691,33.601,26.861,-4.9958,-11.353,-7.0824
-1.9569,1.2456,3.6982,0.1489,-6.184,1.8491,3.1139,35.945,30.265,-3.2181,-9.6288,-5.4742
-1.6684,1.0927,2.7618,0.10175,-5.6876,1.4506,3.4928,38.23,33.808,-1.6221,-8.0971,-4.1452
-1.3879,0.95957,1.9643,0.042361,-5.2521,1.0778,3.8312,40.514,37.446,-0.15202,-6.7553,-3.0546
-1.1185,0.84085,1.3062,-0.025277,-4.8528,0.72522,4.1442,42.838,41.123,1.2252,-5.6018,-2.1599
-0.85848,0.73246,0.76035,-0.099245,-4.4626,0.39207,4.4531,45.221,44.816,2.532,-4.6301,-1.4221
-0.599,0.63685,0.28211,-0.18283,-4.0577,0.085033,4.7795,47.66,48.558,3.7945,-3.8246,-0.80824
-0.32615,0.56421,-0.1695,-0.28436,-3.6224,-0.18335,5.1406,50.139,52.422,5.0526,-3.1601,-0.29139
-0.026097,0.5293,-0.61743,-0.41413,-3.1519,-0.39904,5.5464,52.633,56.471,6.3598,-2.6028,0.15049
0.31004,0.54623,-1.0636,-0.58012,-2.6528,-0.55066,5.9997,55.113,60.719,7.775,-2.114,0.5354
0.68306,0.62349,-1.4955,-0.78451,-2.1391,-0.63263,6.4992,57.551,65.114,9.3536,-1.6551,0.87846
1.0848,0.76063,-1.8962,-1.0223,-1.6294,-0.64709,7.0421,59.927,69.567,11.142,-1.1929,1.1933
1.4999,0.94835,-2.2527,-1.2828,-1.142,-0.60401,7.6249,62.235,73.995,13.179,-0.70128,1.4929
1.9101,1.1723,-2.5573,-1.553,-0.69219,-0.51856,8.2417,64.481,78.362,15.495,-0.16002,1.7884
2.3,1.4196,-2.8058,-1.8227,-0.2897,-0.40658,8.8817,66.678,82.679,18.114,0.44771,2.0859
2.6618,1.6836,-2.995,-2.0887,0.06268,-0.28014,9.5281,68.851,86.974,21.046,1.136,2.3836
2.9994,1.9664,-3.1231,-2.3562,0.36803,-0.14476,10.161,71.027,91.252,24.289,1.9148,2.6702
3.3274,2.2763,-3.191,-2.6371,0.63199,0.00087375,10.768,73.233,95.488,27.822,2.7872,2.9302
3.6673,2.6225,-3.2026,-2.9452,0.85806,0.16283,11.349,75.494,99.637,31.604,3.7489,3.1513
4.0406,3.0106,-3.1632,-3.2904,1.0447,0.34885,11.925,77.829,103.66,35.577,4.7887,3.3301
4.4628,3.4408,-3.0779,-3.6751,1.1868,0.56517,12.528,80.256,107.53,39.675,5.8895,3.4731
4.9391,3.9083,-2.9517,-4.0944,1.2802,0.81383,13.194,82.781,111.28,43.847,7.0295,3.593
5.4652,4.408,-2.7904,-4.5394,1.3269,1.0917,13.948,85.394,114.95,48.066,8.1827,3.7035
6.035,4.9385,-2.6033,-5.005,1.3366,1.3923,14.796,88.071,118.62,52.325,9.3198,3.8165
6.6503,5.5069,-2.4018,-5.498,1.3261,1.7104,15.725,90.786,122.37,56.63,10.414,3.9419
7.3254,6.1287,-2.1976,-6.0402,1.3154,2.0455,16.712,93.528,126.28,61.002,11.453,4.0898
8.081,6.8251,-2.0007,-6.664,1.3223,2.403,17.73,96.314,130.42,65.485,12.447,4.2742
8.9377,7.6189,-1.8171,-7.4068,1.3588,2.7929,18.77,99.185,134.85,70.144,13.437,4.5174
9.9119,8.5335,-1.6481,-8.3097,1.4293,3.2267,19.838,102.2,139.59,75.052,14.479,4.8518
11.018,9.5927,-1.4897,-9.4155,1.5323,3.7137,20.947,105.39,144.65,80.251,15.637,5.3187
12.267,10.814,-1.3358,-10.761,1.6642,4.2555,22.103,108.8,150.0,85.718,16.961,5.9647
13.665,12.196,-1.1832,-12.36,1.8238,4.8387,23.294,112.41,155.6,91.361,18.484,6.8374
15.206,13.701,-1.0371,-14.182,2.0156,5.4317,24.491,116.2,161.45,97.067,20.216,7.9833
16.865,15.256,-0.91114,-16.152,2.2493,5.9902,25.669,120.15,167.52,102.75,22.15,9.4433
18.596,16.778,-0.82294,-18.178,2.5389,6.4718,26.826,124.26,173.84,108.39,24.278,11.244
20.342,18.205,-0.7859,-20.186,2.9033,6.8537,28.002,128.55,180.44,114.01,26.594,13.386
22.069,19.532,-0.80555,-22.144,3.3754,7.1447,29.27,133.07,187.36,119.65,29.11,15.831
23.781,20.827,-0.8818,-24.068,4.0136,7.3869,30.717,137.85,194.62,125.36,31.844,18.514
25.517,22.222,-1.0129,-26.014,4.8934,7.646,32.408,142.97,202.26,131.18,34.812,21.362
27.322,23.878,-1.1976,-28.055,6.0486,7.9947,34.369,148.48,210.29,137.16,38.014,24.317
29.234,25.916,-1.4365,-30.256,7.4133,8.4926,36.562,154.45,218.74,143.31,41.44,27.333
31.279,28.347,-1.7347,-32.651,8.8688,9.17,38.896,160.89,227.66,149.68,45.081,30.367
33.467,31.063,-2.1004,-35.225,10.363,10.017,41.253,167.76,237.09,156.3,48.951,33.389
35.802,33.912,-2.5349,-37.922,11.945,10.986,43.538,174.97,247.11,163.21,53.094,36.395
38.285,36.794,-3.0152,-40.655,13.693,12.02,45.721,182.52,257.8,170.43,57.576,39.427
40.919,39.696,-3.4848,-43.334,15.607,13.091,47.845,190.43,269.23,177.97,62.46,42.563
43.707,42.667,-3.8598,-45.895,17.561,14.229,50.007,198.7,281.47,185.82,67.749,45.901
46.634,45.795,-4.0488,-48.326,19.365,15.517,52.327,207.31,294.51,193.96,73.358,49.516
49.654,49.175,-3.9807,-50.667,20.888,17.068,54.889,216.23,308.29,202.37,79.132,53.427
52.713,52.88,-3.6318,-53.008,22.124,19.004,57.712,225.54,322.71,211.08,84.94,57.598
55.783,56.921,-3.0376,-55.492,23.149,21.418,60.746,235.34,337.65,220.14,90.748,61.975
58.878,61.224,-2.2813,-58.31,24.061,24.325,63.908,245.73,353.04,229.64,96.64,66.524
62.038,65.651,-1.4602,-61.653,24.949,27.624,67.131,256.75,368.85,239.66,102.77,71.234
65.299,70.059,-0.64963,-65.576,25.891,31.141,70.397,268.28,385.14,250.3,109.32,76.124
68.673,74.365,0.11759,-69.9,26.935,34.711,73.738,280.12,402.0,261.58,116.41,81.252
72.127,78.558,0.84278,-74.326,28.078,38.223,77.207,292.09,419.55,273.51,124.05,86.692
75.602,82.701,1.5501,-78.636,29.267,41.638,80.843,304.09,437.87,285.99,132.15,92.5
79.05,86.947,2.3025,-82.786,30.441,44.987,84.637,316.15,456.95,298.91,140.54,98.694
82.483,91.505,3.1957,-86.873,31.584,48.353,88.535,328.33,476.63,312.15,149.11,105.25
85.98,96.505,4.2912,-91.065,32.725,51.804,92.444,340.78,496.62,325.6,157.9,112.1
89.666,101.9,5.5449,-95.519,33.933,55.336,96.268,353.63,516.63,339.23,167.05,119.19
93.66,107.53,6.8053,-100.3,35.291,58.861,99.932,366.96,536.42,353.06,176.78,126.43
98.035,113.22,7.9033,-105.36,36.882,62.267,103.4,380.7,555.88,367.21,187.22,133.81
102.8,118.84,8.7518,-110.59,38.765,65.495,106.67,394.64,574.98,381.76,198.44,141.33
107.88,124.38,9.3631,-115.91,40.946,68.557,109.76,408.46,593.79,396.81,210.4,149.07
113.12,129.89,9.8153,-121.3,43.335,71.513,112.69,421.85,612.39,412.37,222.94,157.15
118.3,135.49,10.212,-126.75,45.763,74.44,115.48,434.58,630.81,428.41,235.86,165.69
123.32,141.21,10.638,-132.23,48.078,77.402,118.11,446.49,649.01,444.83,248.97,174.77
128.18,147.05,11.12,-137.74,50.238,80.458,120.54,457.51,666.91,461.52,262.12,184.44
133.03,152.94,11.607,-143.25,52.302,83.629,122.7,467.62,684.37,478.32,275.25,194.61
138.02,158.78,12.011,-148.78,54.37,86.838,124.54,476.87,701.21,495.02,288.35,205.08
143.23,164.52,12.262,-154.35,56.532,89.908,126.02,485.31,717.26,511.39,301.42,215.58
148.65,170.13,12.35,-159.92,58.824,92.709,127.17,492.94,732.28,527.22,314.48,225.81
154.08,175.58,12.32,-165.39,61.198,95.233,128.0,499.59,746.06,542.37,327.5,235.58
159.3,180.81,12.252,-170.66,63.531,97.555,128.55,505.06,758.38,556.78,340.41,244.83
164.08,185.76,12.227,-175.59,65.712,99.76,128.83,509.24,769.12,570.38,353.12,253.66
168.36,190.36,12.306,-180.13,67.693,101.9,128.82,512.17,778.24,583.14,365.55,262.22
172.16,194.53,12.514,-184.22,69.495,103.96,128.51,514.0,785.79,594.98,377.56,270.63
175.6,198.24,12.844,-187.87,71.161,105.9,127.89,514.86,791.85,605.86,389.02,278.94
178.78,201.49,13.256,-191.12,72.725,107.64,126.96,514.88,796.46,615.74,399.71,287.08
181.77,204.34,13.692,-194.05,74.213,109.14,125.73,514.11,799.64,624.58,409.44,294.94
184.62,206.85,14.089,-196.72,75.637,110.39,124.23,512.56,801.4,632.32,418.01,302.35
187.33,209.1,14.402,-199.19,76.996,111.42,122.46,510.18,801.71,638.92,425.34,309.17
189.84,211.13,14.604,-201.48,78.251,112.26,120.45,506.92,800.52,644.29,431.43,315.34
192.0,212.91,14.691,-203.55,79.344,112.96,118.24,502.77,797.75,648.36,436.38,320.85
193.68,214.35,14.664,-205.29,80.228,113.48,115.87,497.77,793.32,651.08,440.34,325.74
194.76,215.28,14.519,-206.54,80.9,113.77,113.36,492.05,787.14,652.45,443.44,330.05
195.24,215.55,14.244,-207.15,81.389,113.78,110.73,485.79,779.19,652.44,445.73,333.8
195.17,215.12,13.831,-207.07,81.735,113.46,107.95,479.04,769.55,651.04,447.18,336.92
194.61,214.05,13.284,-206.33,81.956,112.82,105.0,471.77,758.39,648.19,447.71,339.29
193.6,212.41,12.621,-205.0,82.048,111.86,101.86,463.79,745.83,643.86,447.21,340.74
192.14,210.25,11.869,-203.12,81.976,110.59,98.535,454.87,731.87,638.05,445.57,341.11
190.2,207.55,11.058,-200.7,81.688,109.0,95.089,444.78,716.36,630.79,442.67,340.23
187.77,204.3,10.209,-197.74,81.13,107.09,91.594,433.47,699.11,622.15,438.38,337.96
184.85,200.48,9.3277,-194.25,80.267,104.86,88.117,421.01,680.0,612.17,432.54,334.21
181.46,196.18,8.4087,-190.32,79.099,102.31,84.69,407.65,659.02,600.85,425.06,329.07
177.66,191.5,7.4515,-186.0,77.661,99.46,81.313,393.6,636.4,588.17,415.93,322.82
173.5,186.53,6.4754,-181.34,76.005,96.327,77.968,378.99,612.5,574.06,405.29,315.76
169.02,181.31,5.5229,-176.35,74.175,92.975,74.623,363.86,587.78,558.46,393.4,308.05
164.25,175.81,4.6426,-171.02,72.179,89.506,71.229,348.18,562.63,541.39,380.59,299.7
159.19,170.01,3.8675,-165.33,69.986,86.059,67.728,331.95,537.34,522.93,367.11,290.58
153.84,163.9,3.2096,-159.31,67.557,82.76,64.073,315.24,512.04,503.24,353.05,280.56
148.18,157.51,2.6675,-152.96,64.894,79.665,60.248,298.26,486.65,482.53,338.31,269.56
142.22,150.9,2.2374,-146.36,62.091,76.761,56.268,281.28,461.02,461.03,322.79,257.6
136.01,144.16,1.9166,-139.62,59.289,73.994,52.161,264.51,434.98,439.0,306.45,244.83
129.64,137.43,1.7017,-132.89,56.536,71.308,47.95,248.07,408.51,416.65,289.51,231.48
123.22,130.85,1.5815,-126.34,53.723,68.65,43.641,231.95,381.79,394.17,272.34,217.86
116.81,124.54,1.5329,-120.09,50.693,65.967,39.23,216.12,355.21,371.74,255.46,204.26
110.43,118.54,1.5305,-114.14,47.374,63.222,34.704,200.51,329.21,349.52,239.34,190.93
103.99,112.73,1.565,-108.36,43.804,60.404,30.074,185.04,304.18,327.68,224.29,178.03
97.442,106.92,1.6553,-102.53,40.08,57.523,25.437,169.67,280.32,306.38,210.31,165.59
90.757,100.99,1.8288,-96.512,36.306,54.563,21.001,154.42,257.63,285.75,197.1,153.58
83.989,94.982,2.0848,-90.257,32.577,51.456,17.006,139.41,235.95,265.86,184.17,141.93
77.268,89.149,2.3784,-83.861,28.993,48.13,13.579,124.81,215.04,246.71,171.05,130.62
70.791,83.629,2.6326,-77.505,25.661,44.577,10.704,110.8,194.74,228.25,157.51,119.65
64.776,78.162,2.7625,-71.36,22.663,40.865,8.2838,97.541,175.03,210.37,143.73,109.06
59.374,72.387,2.7008,-65.507,20.008,37.097,6.2122,85.097,155.97,192.96,130.2,98.914
54.615,66.234,2.4208,-59.94,17.647,33.364,4.401,73.474,137.71,175.93,117.48,89.272
50.41,59.929,1.9484,-54.684,15.494,29.753,2.7804,62.649,120.39,159.23,105.95,80.201
46.632,53.809,1.3576,-49.871,13.425,26.347,1.2918,52.606,104.13,142.89,95.673,71.766
43.189,48.181,0.74754,-45.635,11.31,23.236,-0.116,43.302,88.989,127.08,86.428,64.0
40.004,43.235,0.21113,-41.948,9.2054,20.497,-1.4817,34.575,74.925,112.09,77.792,56.876
36.956,39.015,-0.19211,-38.64,7.4192,18.162,-2.827,26.254,61.748,98.199,69.278,50.293
33.9,35.421,-0.44511,-35.502,6.1053,16.187,-4.1606,18.775,49.089,85.571,60.569,44.154
30.736,32.235,-0.56641,-32.383,5.1294,14.461,-5.4877,12.981,36.826,74.125,51.797,38.465
27.448,29.134,-0.5992,-29.233,4.328,12.846,-6.8147,8.7176,25.77,63.515,43.468,33.221
24.077,25.744,-0.59273,-26.066,3.615,11.254,-8.143,5.2516,17.013,53.349,35.928,28.212
20.666,21.913,-0.57709,-22.869,2.9534,9.6746,-9.4596,2.1584,10.575,43.56,29.151,23.18
17.248,18.023,-0.55436,-19.579,2.3188,8.1629,-10.735,-0.70685,5.7503,34.388,23.05,18.113
13.871,14.634,-0.51135,-16.219,1.6877,6.7957,-11.934,-3.3892,1.8686,26.018,17.637,13.262
10.631,11.948,-0.43709,-13.001,1.0434,5.6227,-13.026,-5.9035,-1.54,18.623,12.928,8.9129
7.7048,9.8567,-0.33691,-10.178,0.3868,4.6446,-13.995,-8.2514,-4.8004,12.439,8.8683,5.2047
5.3043,8.1692,-0.23813,-7.8542,-0.26417,3.8214,-14.831,-10.427,-8.1262,7.5245,5.3626,2.1323
3.5193,6.7184,-0.18476,-5.9913,-0.88291,3.0932,-15.525,-12.418,-11.617,3.6771,2.3136,-0.40461
2.2535,5.3973,-0.2233,-4.5042,-1.4423,2.4001,-16.071,-14.212,-15.244,0.58022,-0.36192,-2.5628
1.333,4.166,-0.38724,-3.3123,-1.9204,1.7017,-16.468,-15.789,-18.873,-2.0482,-2.7333,-4.5155
0.61947,3.034,-0.68664,-2.3506,-2.3062,0.98921,-16.73,-17.129,-22.318,-4.4013,-4.8583,-6.4061
0.033075,2.0248,-1.105,-1.5671,-2.6028,0.28173,-16.875,-18.21,-25.42,-6.586,-6.7836,-8.3166
-0.46763,1.1482,-1.6017,-0.91943,-2.826,-0.3918,-16.926,-19.019,-28.095,-8.6493,-8.5461,-10.265
-0.90697,0.39488,-2.1218,-0.37369,-2.9984,-1.0078,-16.902,-19.563,-30.336,-10.608,-10.177,-12.232
-1.3037,-0.25565,-2.6076,0.096768,-3.143,-1.5528,-16.82,-19.879,-32.186,-12.473,-11.705,-14.19
-1.6752,-0.82704,-3.0088,0.51336,-3.2789,-2.0229,-16.69,-20.031,-33.703,-14.261,-13.163,-16.125
-2.0377,-1.342,-3.2899,0.89436,-3.4198,-2.4209,-16.515,-20.091,-34.946,-15.985,-14.585,-18.033
-2.4048,-1.8197,-3.4335,1.2563,-3.5749,-2.7532,-16.286,-20.118,-35.962,-17.654,-15.998,-19.904
-2.7863,-2.2743,-3.4409,1.6139,-3.7514,-3.0272,-15.987,-20.134,-36.791,-19.264,-17.416,-21.718
-3.1848,-2.714,-3.3322,1.9789,-3.9546,-3.2509,-15.598,-20.119,-37.456,-20.803,-18.83,-23.439
-3.5943,-3.1418,-3.1436,2.3579,-4.1842,-3.4331,-15.099,-20.018,-37.96,-22.255,-20.214,-25.031
-4.0015,-3.556,-2.9197,2.7506,-4.4325,-3.5838,-14.487,-19.763,-38.278,-23.605,-21.535,-26.46
-4.3918,-3.9525,-2.7026,3.1512,-4.687,-3.7136,-13.779,-19.291,-38.368,-24.829,-22.761,-27.712
-4.758,-4.3262,-2.5217,3.551,-4.9379,-3.8302,-13.009,-18.575,-38.179,-25.902,-23.879,-28.793
-5.105,-4.6734,-2.3895,3.9427,-5.1846,-3.9373,-12.222,-17.634,-37.672,-26.798,-24.889,-29.727
-5.4473,-4.9938,-2.3048,4.323,-5.4356,-4.0336,-11.455,-16.531,-36.83,-27.502,-25.806,-30.548
-5.8016,-5.2914,-2.2593,4.6934,-5.7016,-4.1151,-10.729,-15.355,-35.669,-28.018,-26.652,-31.288
-6.1787,-5.5738,-2.2433,5.0586,-5.9858,-4.1772,-10.047,-14.194,-34.228,-28.369,-27.45,-31.971
-6.5775,-5.8515,-2.2511,5.4243,-6.2798,-4.2192,-9.3956,-13.115,-32.571,-28.591,-28.215,-32.601
-6.9852,-6.1318,-2.2819,5.7956,-6.566,-4.244,-8.7578,-12.144,-30.774,-28.727,-28.955,-33.169
-7.3831,-6.4173,-2.3332,6.1752,-6.8249,-4.2557,-8.1175,-11.277,-28.92,-28.819,-29.666,-33.657
-7.7544,-6.7033,-2.3917,6.5612,-7.0444,-4.2555,-7.4656,-10.487,-27.076,-28.896,-30.336,-34.054
-8.0896,-6.978,-2.4292,6.9454,-7.2275,-4.2394,-6.8019,-9.7385,-25.285,-28.965,-30.947,-34.353
-8.387,-7.2237,-2.4078,7.3111,-7.3937,-4.1988,-6.1364,-8.995,-23.552,-29.006,-31.479,-34.562
-8.6503,-7.4202,-2.2911,7.6338,-7.5708,-4.1247,-5.4869,-8.2202,-21.852,-28.978,-31.911,-34.694
-8.8842,-7.5476,-2.0558,7.8862,-7.7839,-4.0101,-4.8732,-7.3821,-20.141,-28.832,-32.222,-34.767
-9.0928,-7.5981,-1.6991,8.0504,-8.047,-3.8547,-4.3097,-6.4585,-18.379,-28.529,-32.4,-34.794
-9.2784,-7.5763,-1.2412,8.1238,-8.358,-3.6673,-3.7999,-5.4425,-16.555,-28.056,-32.434,-34.777
-9.441,-7.5028,-0.7215,8.1241,-8.6949,-3.4661,-3.3364,-4.3433,-14.689,-27.43,-32.326,-34.714
-9.5766,-7.4111,-0.19184,8.083,-9.0171,-3.2769,-2.9045,-3.1827,-12.828,-26.68,-32.089,-34.598
-9.6785,-7.3377,0.29446,8.0347,-9.2768,-3.1258,-2.49,-1.9887,-11.03,-25.845,-31.75,-34.423
-9.7405,-7.3105,0.6941,8.0061,-9.4388,-3.0321,-2.084,-0.78999,-9.3481,-24.95,-31.35,-34.196
-9.7626,-7.3421,0.98137,8.011,-9.496,-3.0023,-1.6847,0.38833,-7.8158,-24.007,-30.926,-33.926
-9.7533,-7.4301,1.1486,8.051,-9.4669,-3.0317,-1.2953,1.5271,-6.4451,-23.015,-30.503,-33.618
-9.7271,-7.5615,1.1999,8.1179,-9.3786,-3.1098,-0.92004,2.6173,-5.2253,-21.961,-30.076,-33.27
-9.6985,-7.7192,1.1426,8.2053,-9.2504,-3.2259,-0.56169,3.6609,-4.1314,-20.827,-29.615,-32.866
-9.6761,-7.8873,0.9817,8.306,-9.0869,-3.3741,-0.22106,4.6697,-3.1328,-19.595,-29.077,-32.382
-9.6576,-8.0553,0.7182,8.415,-8.8804,-3.5522,0.10279,5.6604,-2.2008,-18.253,-28.427,-31.792
-9.6303,-8.2176,0.35076,8.5257,-8.6156,-3.762,0.41229,6.6506,-1.3174,-16.8,-27.642,-31.076
-9.5747,-8.3737,-0.11695,8.6251,-8.2752,-4.0025,0.71094,7.6549,-0.47741,-15.245,-26.726,-30.224
-9.4704,-8.5232,-0.66523,8.6908,-7.8502,-4.2668,1.002,8.6815,0.3137,-13.612,-25.695,-29.238
-9.3018,-8.6587,-1.2517,8.695,-7.3525,-4.5388,1.2865,9.7286,1.047,-11.935,-24.576,-28.136
-9.0605,-8.7636,-1.8156,8.6124,-6.8146,-4.7955,1.5629,10.778,1.7173,-10.26,-23.389,-26.942
-8.747,-8.8157,-2.2928,8.4305,-6.2776,-5.0113,1.8281,11.789,2.3277,-8.6377,-22.144,-25.677
-8.37,-8.7942,-2.6357,8.1542,-5.7738,-5.1655,2.0795,12.702,2.8882,-7.1154,-20.848,-24.349
-7.9441,-8.6891,-2.8305,7.8007,-5.3147,-5.2481,2.318,13.454,3.4107,-5.7293,-19.503,-22.954
-7.4825,-8.5058,-2.9037,7.3986,-4.8875,-5.2648,2.5465,13.994,3.9037,-4.4947,-18.126,-21.477
-6.9925,-8.2617,-2.9149,6.9723,-4.4631,-5.2344,2.7678,14.309,4.3708,-3.4065,-16.744,-19.906
-6.4713,-7.9785,-2.9359,6.5357,-4.0094,-5.1801,2.9796,14.425,4.8108,-2.4439,-15.397,-18.242
-5.9102,-7.6692,-3.0259,6.0903,-3.5045,-5.1199,3.1721,14.399,5.2217,-1.5797,-14.121,-16.513
-5.3006,-7.3357,-3.2155,5.6272,-2.9435,-5.061,3.3274,14.289,5.6043,-0.78822,-12.939,-14.768
-4.6433,-6.9738,-3.5048,5.1386,-2.3381,-5.0013,3.4226,14.137,5.963,-0.049453,-11.85,-13.069
-3.9511,-6.5811,-3.8712,4.6256,-1.7096,-4.9341,3.4347,13.955,6.3039,0.65178,-10.834,-11.47
-3.2461,-6.162,-4.2808,4.0993,-1.0836,-4.8535,3.3473,13.737,6.6321,1.3281,-9.852,-10.003
-2.5532,-5.7234,-4.6977,3.5765,-0.48329,-4.7575,3.1551,13.472,6.9497,1.9913,-8.8653,-8.67
-1.8926,-5.2736,-5.0912,3.0736,0.074212,-4.646,2.865,13.155,7.2534,2.652,-7.8474,-7.4493
-1.2779,-4.8214,-5.4469,2.5987,0.58186,-4.5213,2.492,12.794,7.5373,3.3161,-6.7922,-6.3103
-0.71482,-4.3768,-5.7714,2.1564,1.0423,-4.3887,2.0575,12.402,7.7952,3.9831,-5.7116,-5.2277
-0.20684,-3.9517,-6.0829,1.7498,1.4621,-4.257,1.586,12.0,8.0217,4.6436,-4.6261,-4.1853
0.24005,-3.5592,-6.3921,1.3833,1.8433,-4.1333,1.1021,11.601,8.2156,5.2825,-3.5526,-3.1742
0.61503,-3.2071,-6.6837,1.0625,2.1764,-4.0184,0.62698,11.212,8.3811,5.8832,-2.4988,-2.1898
0.90523,-2.8966,-6.9134,0.79249,2.4436,-3.9022,0.1752,10.832,8.5273,6.4337,-1.4645,-1.2291
1.1024,-2.6215,-7.0215,0.57454,2.6261,-3.7673,-0.24722,10.457,8.6662,6.933,-0.44887,-0.2913
1.2085,-2.3706,-6.9566,0.40428,2.7118,-3.5945,-0.64039,10.085,8.81,7.3961,0.54261,0.62256
1.2358,-2.133,-6.6959,0.27307,2.6991,-3.3713,-1.0053,9.721,8.9669,7.8536,1.4961,1.5099
1.2003,-1.9033,-6.2526,0.17263,2.5961,-3.0983,-1.3395,9.3736,9.1373,8.3416,2.3936,2.3675
1.1138,-1.6842,-5.6685,0.10065,2.4158,-2.7887,-1.6367,9.0519,9.3102,8.8847,3.2204,3.1942
0.97975,-1.4843,-4.9956,0.059213,2.1702,-2.4614,-1.8912,8.7587,9.4633,9.4798,3.9716,3.9886
0.79481,-1.3105,-4.2778,0.053865,1.8638,-2.1327,-2.1,8.4859,9.5672,10.093,4.6542,4.7482
0.55293,-1.1633,-3.5409,0.089223,1.4914,-1.8095,-2.2635,8.2164,9.5955,10.671,5.2839,5.4701
0.2512,-1.0363,-2.7966,0.16416,1.0428,-1.4892,-2.385,7.929,9.5329,11.161,5.8778,6.1525
-0.10618,-0.91961,-2.0534,0.27107,0.51243,-1.1654,-2.4687,7.6073,9.3786,11.535,6.4464,6.7973
-0.50488,-0.80507,-1.3242,0.39634,-0.089877,-0.83527,-2.5187,7.2449,9.1449,11.794,6.9901,7.4099
-0.92134,-0.69016,-0.62212,0.52422,-0.7352,-0.50497,-2.5389,6.8454,8.8511,11.963,7.5005,7.9938
-1.3285,-0.57891,0.045353,0.64244,-1.3824,-0.19186,-2.5353,6.416,8.5185,12.068,7.9635,8.5424
-1.7053,-0.48416,0.67246,0.74692,-1.9935,0.080348,-2.5159,5.9591,8.1672,12.128,8.3671,9.0342
-2.0443,-0.42444,1.2493,0.84336,-2.5472,0.28712,-2.4897,5.4693,7.8133,12.147,8.704,9.4366
-2.3516,-0.41922,1.7621,0.9443,-3.0399,0.41055,-2.4634,4.9366,7.4677,12.129,8.9734,9.7205
-2.6383,-0.48197,2.1948,1.0626,-3.4748,0.4442,-2.4432,4.3546,7.134,12.074,9.1778,9.8744
-2.9092,-0.61433,2.5268,1.2043,-3.8481,0.39314,-2.4363,3.7266,6.8083,11.988,9.3199,9.9071
-3.1547,-0.80513,2.7324,1.365,-4.1425,0.26979,-2.4513,3.0646,6.4803,11.874,9.4007,9.8376
-3.3514,-1.0348,2.784,1.5314,-4.3309,0.088003,-2.4953,2.3835,6.1373,11.727,9.4212,9.68
-3.4722,-1.2823,2.6598,1.6863,-4.3856,-0.14167,-2.5681,1.6949,5.7673,11.529,9.385,9.4362
-3.5,-1.5301,2.354,1.8158,-4.2898,-0.4137,-2.6592,1.0043,5.3614,11.249,9.2996,9.0995
-3.4377,-1.768,1.8825,1.9143,-4.0465,-0.72614,-2.7497,0.3121,4.9146,10.859,9.1741,8.6656
-3.3083,-1.9922,1.2807,1.9857,-3.6807,-1.0764,-2.8199,-0.38158,4.4265,10.339,9.0171,8.1438
-3.1459,-2.2032,0.59698,2.0405,-3.2344,-1.456,-2.8574,-1.0721,3.9028,9.6933,8.8358,7.56
-2.9827,-2.4028,-0.1169,2.09,-2.755,-1.8489,-2.8584,-1.7466,3.3562,8.9479,8.6379,6.9511
-2.8376,-2.5916,-0.8145,2.1418,-2.2802,-2.2351,-2.8259,-2.3846,2.8059,8.148,8.4315,6.3553
-2.713,-2.7694,-1.4618,2.1975,-1.8282,-2.5979,-2.765,-2.9623,2.274,7.3451,8.2217,5.8038
-2.5989,-2.938,-2.0373,2.2548,-1.3963,-2.9293,-2.6821,-3.4593,1.7812,6.5851,8.0045,5.317
-2.4821,-3.1025,-2.5287,2.3118,-0.9722,-3.2305,-2.5815,-3.8632,1.3435,5.9004,7.7648,4.9009
-2.3562,-3.2707,-2.9309,2.3703,-0.54917,-3.5074,-2.4658,-4.1723,0.96873,5.3058,7.4815,4.5472
-2.2252,-3.4486,-3.2418,2.4346,-0.13748,-3.7649,-2.3352,-4.3959,0.65465,4.7985,7.1386,4.2376
-2.099,-3.6359,-3.4618,2.5082,0.23811,-4.0029,-2.19,-4.5522,0.38763,4.3621,6.7338,3.9538
-1.9864,-3.8233,-3.5959,2.5889,0.55273,-4.2156,-2.0332,-4.6648,0.14387,3.9736,6.2801,3.6858
-1.8882,-3.9937,-3.6564,2.6672,0.79604,-4.3949,-1.8722,-4.7579,-0.10538,3.6092,5.7986,3.4353
-1.7972,-4.128,-3.6675,2.7284,0.97789,-4.5344,-1.7179,-4.8526,-0.38574,3.248,5.3096,3.2115
-1.7006,-4.2123,-3.6669,2.7571,1.1242,-4.6341,-1.5785,-4.9631,-0.71175,2.8733,4.8249,3.0217
-1.5877,-4.2428,-3.7001,2.743,1.2662,-4.7007,-1.4559,-5.0965,-1.0827,2.4734,4.3466,2.8644
-1.4553,-4.2264,-3.8044,2.6847,1.4281,-4.7441,-1.3479,-5.2543,-1.4838,2.043,3.8683,2.728
-1.309,-4.176,-3.9935,2.5889,1.6199,-4.7714,-1.2531,-5.4321,-1.8916,1.5855,3.38,2.5971
-1.1575,-4.1049,-4.2531,2.467,1.839,-4.7845,-1.1747,-5.6187,-2.2811,1.1157,2.8746,2.4627
-1.0054,-4.0243,-4.5528,2.3302,2.078,-4.7829,-1.1204,-5.7939,-2.6319,0.65958,2.3575,2.3304
-0.85127,-3.9445,-4.8634,2.1877,2.3301,-4.7678,-1.0988,-5.932,-2.9311,0.24963,1.8509,2.2207
-0.6915,-3.8762,-5.1645,2.0468,2.5893,-4.7442,-1.1154,-6.0077,-3.1728,-0.082567,1.3905,2.1621
-0.52737,-3.8312,-5.4406,1.9157,2.8472,-4.7201,-1.1678,-6.0071,-3.3561,-0.31568,1.0144,2.1771
-0.36898,-3.8212,-5.6766,1.8041,3.0898,-4.7049,-1.2444,-5.9342,-3.4815,-0.44455,0.7489,2.27
-0.23401,-3.8548,-5.8563,1.7229,3.297,-4.7063,-1.3256,-5.8135,-3.5494,-0.47989,0.60095,2.4222
-0.14239,-3.9333,-5.9653,1.6804,3.4474,-4.7265,-1.3897,-5.681,-3.5596,-0.44297,0.5593,2.5982
-0.10895,-4.0481,-5.9939,1.6787,3.525,-4.7599,-1.4172,-5.5729,-3.5138,-0.3595,0.60321,2.7566
-0.13882,-4.1797,-5.9419,1.7126,3.5242,-4.7936,-1.3962,-5.5147,-3.4188,-0.25548,0.71361,2.8635
-0.22565,-4.3026,-5.8196,1.7701,3.4527,-4.8108,-1.3249,-5.5154,-3.2875,-0.15445,0.88026,2.9013
-0.35407,-4.3933,-5.6453,1.8367,3.3294,-4.7987,-1.2089,-5.5669,-3.1375,-0.074636,1.1003,2.8734
-0.50453,-4.44,-5.4457,1.9007,3.1783,-4.7554,-1.0601,-5.6479,-2.9864,-0.025867,1.3705,2.8015
-0.65871,-4.4477,-5.253,1.9575,3.0219,-4.6931,-0.89207,-5.7306,-2.8468,-0.0077791,1.6783,2.7176
-0.80347,-4.4348,-5.0968,2.0097,2.8763,-4.6344,-0.7174,-5.7882,-2.7233,-0.011937,1.9994,2.6522
-0.93177,-4.4239,-4.9928,2.0632,2.7481,-4.6012,-0.54396,-5.8018,-2.6121,-0.026495,2.3032,2.6243
-1.0407,-4.4312,-4.9362,2.1216,2.6371,-4.6052,-0.37221,-5.7634,-2.5032,-0.040823,2.5625,2.637
-1.1284,-4.4608,-4.9061,2.1838,2.5402,-4.6443,-0.19675,-5.676,-2.3846,-0.047674,2.7609,2.681
-1.1925,-4.5058,-4.8773,2.2442,2.4579,-4.7062,-0.0083251,-5.5501,-2.2464,-0.042509,2.8946,2.743
-1.2292,-4.5536,-4.8357,2.2962,2.3964,-4.7752,0.20297,-5.3994,-2.0837,-0.022089,2.9709,2.8143
-1.2352,-4.5934,-4.7862,2.3348,2.3678,-4.839,0.44332,-5.2384,-1.8979,0.014581,3.0046,2.8939
-1.2089,-4.6209,-4.7524,2.3589,2.3855,-4.8928,0.71129,-5.0821,-1.6955,0.062108,3.0117,2.985
-1.1517,-4.6393,-4.7677,2.3713,2.4597,-4.9392,0.99677,-4.947,-1.4859,0.10477,3.0063,3.0876
-1.0679,-4.6563,-4.8587,2.3774,2.5938,-4.9855,1.2831,-4.8501,-1.2793,0.11739,2.9955,3.1928
-0.96429,-4.6782,-5.0338,2.3818,2.7822,-5.0387,1.5514,-4.8047,-1.0853,0.071996,2.977,3.2837
-0.84904,-4.7038,-5.2763,2.3841,3.008,-5.1007,1.7852,-4.8138,-0.91232,-0.053242,2.9411,3.3421
-0.73094,-4.7213,-5.5471,2.378,3.2428,-5.1628,1.975,-4.8656,-0.7671,-0.26726,2.8771,3.3571
-0.61921,-4.7111,-5.7941,2.3526,3.4519,-5.2079,2.1201,-4.9349,-0.65326,-0.56317,2.7799,3.3313
-0.5224,-4.6546,-5.9668,2.2991,3.6019,-5.216,2.2291,-4.9925,-0.57,-0.91879,2.6571,3.2822
-0.44798,-4.5438,-6.0304,2.217,3.6697,-5.1733,2.3176,-5.0147,-0.51154,-1.3003,2.5315,3.2334
-0.40078,-4.3846,-5.9759,2.1145,3.6476,-5.0779,2.4048,-4.9883,-0.46834,-1.6695,2.4406,3.2082
-0.38136,-4.1937,-5.8213,2.0038,3.5454,-4.9396,2.5085,-4.9114,-0.4295,-1.9931,2.4293,3.2229
-0.38462,-3.9902,-5.6034,1.8955,3.3863,-4.7744,2.6386,-4.7908,-0.38498,-2.2521,2.5394,3.2832
-0.40042,-3.7896,-5.3623,1.7944,3.2003,-4.5984,2.7935,-4.6408,-0.32642,-2.4459,2.7931,3.3825
-0.41643,-3.599,-5.1252,1.7008,3.0157,-4.4215,2.9612,-4.4806,-0.24755,-2.5906,3.1872,3.5041
-0.42207,-3.4178,-4.8977,1.6123,2.8516,-4.2438,3.1235,-4.3311,-0.1457,-2.7116,3.6931,3.6255
-0.41141,-3.2391,-4.6669,1.5272,2.7149,-4.0578,3.2601,-4.2104,-0.024577,-2.8349,4.2633,3.7236
-0.38385,-3.0544,-4.4137,1.4451,2.6023,-3.8541,3.3517,-4.1307,0.10373,-2.9805,4.8443,3.7799
-0.34263,-2.8583,-4.1265,1.3661,2.5067,-3.6264,3.3827,-4.0985,0.22049,-3.1588,5.3933,3.7832
-0.29264,-2.6512,-3.8079,1.2894,2.4225,-3.3764,3.3451,-4.1156,0.30662,-3.3685,5.8921,3.7295
-0.23866,-2.4397,-3.4746,1.2126,2.3493,-3.1144,3.2428,-4.1802,0.35075,-3.5971,6.3472,3.6215
-0.18423,-2.2344,-3.1512,1.1313,2.2912,-2.8565,3.0926,-4.2873,0.35439,-3.8231,6.7763,3.4666
-0.13151,-2.0449,-2.8614,1.043,2.2541,-2.6209,2.9198,-4.4295,0.33103,-4.0207,7.1913,3.2754
-0.082288,-1.8769,-2.6203,0.94779,2.2416,-2.4218,2.7512,-4.5979,0.30015,-4.1652,7.5841,3.0608
-0.038307,-1.7279,-2.4305,0.84859,2.2511,-2.2654,2.6094,-4.7819,0.28002,-4.2389,7.93,2.8383
-0.0023433,-1.5902,-2.282,0.74991,2.2737,-2.1472,2.5109,-4.9706,0.28318,-4.2363,8.1992,2.626
0.024073,-1.453,-2.1585,0.65552,2.298,-2.0537,2.4658,-5.1513,0.31606,-4.1658,8.3711,2.442
0.04214,-1.3073,-2.0451,0.56687,2.3151,-1.968,2.4765,-5.3113,0.37993,-4.0465,8.4419,2.3014
0.056554,-1.1488,-1.9349,0.48262,2.3223,-1.8753,2.5358,-5.4411,0.47165,-3.9022,8.4263,2.211
0.074552,-0.97834,-1.8306,0.39912,2.3236,-1.7668,2.6263,-5.5374,0.584,-3.7563,8.3431,2.1682
0.10469,-0.79955,-1.7408,0.31152,2.3274,-1.6411,2.7227,-5.6049,0.70671,-3.6272,8.2066,2.1647
0.15504,-0.61694,-1.6733,0.21572,2.3425,-1.5031,2.7978,-5.6539,0.82797,-3.5266,8.0188,2.1897
0.23006,-0.43461,-1.6282,0.11099,2.3724,-1.3603,2.8306,-5.6992,0.93596,-3.4584,7.7692,2.2345
0.32704,-0.25591,-1.5932,0.00076474,2.4117,-1.2196,2.8147,-5.756,1.02,-3.4195,7.4417,2.2866
0.43478,-0.083506,-1.5437,-0.10805,2.4451,-1.0833,2.7622,-5.834,1.0716,-3.4014,7.0308,2.3316
0.53747,0.080176,-1.451,-0.20839,2.4524,-0.95027,2.6997,-5.9337,1.087,-3.392,6.5477,2.3561
0.62263,0.23381,-1.2952,-0.29707,2.4171,-0.81828,2.6591,-6.0439,1.07,-3.3765,6.0198,2.3526
0.6875,0.37664,-1.0759,-0.37631,2.3343,-0.68722,2.6669,-6.1422,1.033,-3.3396,5.4837,2.3231
0.73835,0.50775,-0.81428,-0.45117,2.2124,-0.55935,2.7368,-6.2012,0.99566,-3.2676,4.9744,2.2768
0.783,0.62558,-0.54476,-0.52457,2.0677,-0.43926,2.8666,-6.1976,0.9781,-3.1539,4.5153,2.2225
0.82299,0.72885,-0.30089,-0.59424,1.9153,-0.33013,3.0372,-6.1203,0.99373,-3.0038,4.1111,2.1615
0.85111,0.81875,-0.10306,-0.65373,1.7619,-0.2312,3.2163,-5.9746,1.0442,-2.8375,3.7471,2.0853
0.85541,0.90106,0.046239,-0.69602,1.6055,-0.13703,3.3651,-5.7822,1.1186,-2.6873,3.3967,1.9792
0.8259,0.98632,0.15966,-0.71868,1.4388,-0.03819,3.4495,-5.5733,1.1979,-2.588,3.0335,1.8293
0.75991,1.0874,0.25799,-0.72512,1.2546,0.076974,3.4502,-5.3771,1.2613,-2.5671,2.6424,1.6287
0.6632,1.2146,0.36316,-0.7235,1.0494,0.21943,3.3652,-5.2139,1.2914,-2.6373,2.2229,1.3795
0.54894,1.3738,0.494,-0.72415,0.82578,0.39572,3.2066,-5.0922,1.2764,-2.7944,1.7863,1.0889
0.43363,1.5634,0.66394,-0.73667,0.59143,0.60462,2.9925,-5.0131,1.2098,-3.0197,1.3496,0.76645
0.33342,1.7751,0.87863,-0.76799,0.35803,0.83614,2.7428,-4.9758,1.0906,-3.2847,0.93017,0.42254
0.26148,1.9968,1.1351,-0.82148,0.13779,1.0748,2.4791,-4.9774,0.92387,-3.5578,0.54076,0.070265
0.2265,2.2165,1.4274,-0.8974,-0.060246,1.3074,2.2272,-5.0101,0.72144,-3.8106,0.19366,-0.27461
0.23175,2.4301,1.7569,-0.99377,-0.23407,1.5314,2.0161,-5.0579,0.50044,-4.0241,-0.10246,-0.59717
0.27476,2.6445,2.1376,-1.1102,-0.39012,1.7589,1.8725,-5.0993,0.27822,-4.1919,-0.34384,-0.8887
0.34807,2.8756,2.5873,-1.2481,-0.53965,2.0116,1.8107,-5.1117,0.067964,-4.3202,-0.53329,-1.1511
0.44062,3.1402,3.1096,-1.4088,-0.69091,2.3093,1.8252,-5.0782,-0.12481,-4.4243,-0.68011,-1.3917
0.53896,3.4452,3.682,-1.5891,-0.8419,2.6599,1.8861,-4.9925,-0.3025,-4.5211,-0.79714,-1.6197
0.63222,3.7825,4.2599,-1.7792,-0.97898,3.0568,1.9515,-4.8596,-0.47209,-4.6226,-0.89567,-1.8402
0.71516,4.1322,4.7918,-1.9646,-1.0832,3.4826,1.9843,-4.6934,-0.64003,-4.7333,-0.98094,-2.0506
0.78828,4.4718,5.239,-2.131,-1.1413,3.9193,1.9677,-4.5135,-0.8082,-4.8507,-1.0526,-2.2394
0.85292,4.784,5.5927,-2.269,-1.1544,4.3542,1.907,-4.3392,-0.97319,-4.9688,-1.1041,-2.389
0.90565,5.0611,5.8783,-2.3754,-1.1393,4.7831,1.8232,-4.184,-1.1281,-5.0803,-1.1277,-2.4821
0.93716,5.3025,6.1439,-2.4518,-1.1226,5.2053,1.7415,-4.0519,-1.2665,-5.1775,-1.1173,-2.5042
0.93539,5.5095,6.436,-2.5015,-1.1319,5.6162,1.6834,-3.9381,-1.385,-5.2526,-1.0677,-2.4498
0.89019,5.6803,6.7776,-2.5274,-1.1869,6.0013,1.6607,-3.8321,-1.4842,-5.2966,-0.97542,-2.3246
0.79711,5.807,7.1609,-2.5311,-1.2947,6.336,1.6723,-3.7223,-1.5663,-5.3011,-0.84049,-2.1451
0.65957,5.8773,7.5541,-2.5129,-1.4469,6.5921,1.7037,-3.6013,-1.6324,-5.2605,-0.67051,-1.9379
0.48883,5.8798,7.9133,-2.4735,-1.6226,6.7471,1.7299,-3.4682,-1.6807,-5.174,-0.48355,-1.7349
0.30147,5.8107,8.1936,-2.4147,-1.795,6.7947,1.7237,-3.3272,-1.7072,-5.0478,-0.30761,-1.5663
0.11495,5.6772,8.3622,-2.3392,-1.9412,6.7466,1.6662,-3.1844,-1.7071,-4.8956,-0.17613,-1.4522
-0.057411,5.494,8.4117,-2.2495,-2.0492,6.6271,1.5533,-3.0435,-1.6784,-4.7394,-0.12105,-1.3968
-0.2097,5.2758,8.3642,-2.146,-2.1196,6.4644,1.3979,-2.9051,-1.6233,-4.6076,-0.16588,-1.3886
-0.34309,5.0349,8.2592,-2.028,-2.1604,6.2814,1.2221,-2.7694,-1.5479,-4.5301,-0.32087,-1.4062
-0.46127,4.7783,8.1309,-1.8965,-2.1799,6.091,1.0477,-2.6394,-1.4594,-4.5286,-0.58113,-1.4255
-0.56422,4.5112,7.9884,-1.7562,-2.1791,5.8938,0.88813,-2.5224,-1.3602,-4.6077,-0.92772,-1.4265
-0.64494,4.2389,7.8097,-1.6165,-2.1497,5.6798,0.74708,-2.4273,-1.2453,-4.7496,-1.331,-1.396
-0.69124,3.9672,7.5534,-1.4887,-2.0756,5.4349,0.62148,-2.3615,-1.1031,-4.916,-1.7566,-1.3274
-0.69069,3.7038,7.1815,-1.383,-1.9394,5.1483,0.50957,-2.3269,-0.92197,-5.0593,-2.1737,-1.22
-0.63797,3.4578,6.6798,-1.305,-1.732,4.8204,0.41131,-2.3202,-0.69946,-5.1393,-2.5636,-1.0806
-0.53949,3.2364,6.067,-1.254,-1.461,4.4643,0.3245,-2.3344,-0.44848,-5.1367,-2.9266,-0.92546
-0.41301,3.0418,5.388,-1.2239,-1.1501,4.098,0.24159,-2.361,-0.19517,-5.0582,-3.2796,-0.77973
-0.28046,2.8709,4.698,-1.2067,-0.83046,3.7382,0.15265,-2.391,0.031571,-4.9314,-3.6511,-0.67032
-0.15831,2.7195,4.0458,-1.1958,-0.52843,3.3969,0.052622,-2.4139,0.213,-4.7925,-4.0664,-0.61587
-0.051657,2.5852,3.4632,-1.1895,-0.25721,3.0818,-0.053414,-2.4168,0.34835,-4.6748,-4.5375,-0.6228
0.04518,2.468,2.9642,-1.1899,-0.016271,2.7973,-0.15131,-2.386,0.45312,-4.6019,-5.0593,-0.68458
0.14253,2.3698,2.5488,-1.2004,0.2029,2.5464,-0.22423,-2.3097,0.54912,-4.5857,-5.6151,-0.7866
0.24727,2.2913,2.2113,-1.2222,0.40825,2.3316,-0.25958,-2.1828,0.65228,-4.6272,-6.1867,-0.91152
0.35673,2.231,1.9457,-1.2514,0.60021,2.1563,-0.25189,-2.008,0.76508,-4.7188,-6.7624,-1.0425
0.45799,2.1855,1.7507,-1.2797,0.76927,2.0251,-0.20061,-1.7941,0.87693,-4.8476,-7.3362,-1.1648
0.5329,2.1519,1.6298,-1.297,0.89871,1.9438,-0.10671,-1.5519,0.97124,-4.9974,-7.9004,-1.2663
0.56604,2.1311,1.5905,-1.2967,0.9703,1.9194,0.027714,-1.2904,1.0342,-5.1494,-8.4359,-1.3405
0.5504,2.1295,1.642,-1.2787,0.96996,1.9592,0.19716,-1.0158,1.0605,-5.2818,-8.9109,-1.3888
0.48791,2.1584,1.7941,-1.2497,0.89136,2.071,0.38809,-0.73325,1.0533,-5.3707,-9.2886,-1.4216
0.38621,2.2305,2.0575,-1.2195,0.73552,2.2618,0.57913,-0.44993,1.0201,-5.3955,-9.5434,-1.4557
0.25375,2.3535,2.4423,-1.1964,0.50778,2.5346,0.74415,-0.17802,0.96714,-5.3457,-9.6742,-1.5095
0.095083,2.5257,2.9557,-1.1825,0.21288,2.8853,0.85769,0.06522,0.89606,-5.2274,-9.7088,-1.5995
-0.091577,2.7358,3.6005,-1.1737,-0.14904,3.303,0.90117,0.26116,0.80343,-5.0628,-9.6964,-1.7374
-0.31268,2.9681,4.3777,-1.1618,-0.58298,3.7744,0.86906,0.39689,0.68363,-4.8834,-9.6933,-1.9297
-0.57415,3.211,5.2879,-1.1404,-1.0954,4.2928,0.77354,0.47242,0.53351,-4.7198,-9.7457,-2.1781
-0.87601,3.464,6.3287,-1.1085,-1.6886,4.863,0.64491,0.50325,0.35654,-4.5931,-9.8774,-2.4794
-1.2096,3.7389,7.4835,-1.0725,-2.3549,5.4997,0.52502,0.51541,0.16375,-4.5096,-10.085,-2.8276
-1.5581,4.0527,8.7087,-1.0432,-3.0747,6.2152,0.45422,0.53481,-0.029542,-4.4614,-10.343,-3.2149
-1.8999,4.4163,9.9351,-1.0311,-3.8174,7.0037,0.4564,0.5762,-0.21018,-4.4301,-10.613,-3.6336
-2.2125,4.8248,11.091,-1.0422,-4.5455,7.8297,0.52975,0.63728,-0.37336,-4.3937,-10.864,-4.0776
-2.477,5.2537,12.129,-1.0766,-5.221,8.6319,0.64877,0.70052,-0.525,-4.3317,-11.078,-4.5433
-2.6816,5.6648,13.03,-1.1293,-5.8134,9.3417,0.77577,0.74109,-0.67854,-4.2282,-11.255,-5.0282
-2.8231,6.0176,13.787,-1.1928,-6.3081,9.9064,0.87783,0.73722,-0.84775,-4.0726,-11.402,-5.5271
-2.9059,6.2823,14.408,-1.2593,-6.7067,10.302,0.93742,0.67857,-1.0394,-3.8593,-11.521,-6.0284
-2.9366,6.445,14.908,-1.3222,-7.0184,10.534,0.95621,0.56949,-1.2494,-3.5877,-11.602,-6.5116
-2.9195,6.5074,15.302,-1.3771,-7.245,10.621,0.95178,0.42672,-1.463,-3.2628,-11.622,-6.9506
-2.8547,6.4814,15.584,-1.4217,-7.3722,10.582,0.95046,0.27387,-1.66,-2.8962,-11.564,-7.3181
-2.7405,6.382,15.716,-1.4547,-7.3704,10.43,0.97957,0.13596,-1.8202,-2.5053,-11.423,-7.5926
-2.5766,6.221,15.639,-1.4743,-7.2066,10.166,1.0608,0.035886,-1.9282,-2.1116,-11.215,-7.7626
-2.3659,6.0043,15.29,-1.4785,-6.8606,9.7843,1.2061,-0.0072771,-1.9762,-1.7364,-10.969,-7.8292
-2.114,5.7355,14.624,-1.4667,-6.3367,9.2808,1.4155,0.025368,-1.9631,-1.3966,-10.714,-7.8068
-1.8279,5.4235,13.633,-1.4422,-5.666,8.668,1.6803,0.147,-1.8903,-1.1009,-10.467,-7.7188
-1.5154,5.0903,12.361,-1.414,-4.9016,7.9843,1.9879,0.37045,-1.7637,-0.8477,-10.227,-7.59
-1.1856,4.7733,10.912,-1.3959,-4.1065,7.2929,2.3287,0.70755,-1.5889,-0.62504,-9.9733,-7.4357
-0.84909,4.5202,9.4343,-1.4047,-3.3419,6.6681,2.6986,1.165,-1.3693,-0.41182,-9.6715,-7.2555
-0.51652,4.3826,8.0874,-1.4586,-2.6571,6.1797,3.1001,1.7394,-1.1055,-0.17985,-9.2839,-7.0322
-0.19578,4.411,7.0261,-1.5766,-2.0824,5.8853,3.5411,2.4165,-0.79341,0.10429,-8.7753,-6.7393
0.10994,4.6576,6.369,-1.7808,-1.6292,5.8332,4.035,3.1756,-0.4237,0.47104,-8.1199,-6.3519
0.40217,5.1847,6.1251,-2.0982,-1.2985,6.0704,4.6001,3.9969,0.016933,0.94316,-7.3048,-5.8573
0.68561,6.0731,6.1517,-2.5643,-1.0941,6.6355,5.2592,4.8693,0.54212,1.5315,-6.3305,-5.2597
0.96656,7.4217,6.2017,-3.227,-1.0314,7.5326,6.0359,5.7934,1.1621,2.2346,-5.2097,-4.5776
1.2521,9.3275,6.0036,-4.1539,-1.1349,8.7263,6.9497,6.779,1.8816,3.0422,-3.965,-3.8353
1.5495,11.85,5.754,-5.443,-1.4302,10.249,8.0096,7.8361,2.7004,3.9409,-2.6256,-3.0556
1.866,15.0,6.6528,-7.2242,-1.9374,12.384,9.2066,8.9675,3.6151,4.9201,-1.2231,-2.2549
2.2068,18.812,9.4834,-9.6206,-2.6678,15.546,10.511,10.164,4.6221,5.9762,0.21344,-1.4425
2.5717,23.391,13.92,-12.635,-3.6269,19.884,11.87,11.402,5.7171,7.1132,1.6617,-0.62269
2.9498,28.745,19.399,-16.052,-4.8241,25.131,13.215,12.65,6.8927,8.3396,3.1105,0.2011
3.3162,34.608,25.277,-19.547,-6.2813,30.763,14.46,13.864,8.1345,9.6629,4.5617,1.0234
3.6381,40.544,30.884,-22.897,-8.026,36.25,15.502,14.997,9.419,11.086,6.0285,1.836
3.8965,46.215,35.904,-26.028,-10.049,41.307,16.233,16.002,10.715,12.607,7.531,2.6328
4.1141,51.519,40.487,-28.948,-12.249,45.947,16.578,16.845,11.99,14.218,9.0895,3.4193
4.3643,56.52,44.959,-31.716,-14.42,50.355,16.537,17.51,13.219,15.915,10.721,4.222
4.7626,61.353,49.558,-34.426,-16.312,54.736,16.22,18.003,14.385,17.701,12.442,5.0905
5.4666,66.129,54.407,-37.178,-17.747,59.198,15.814,18.342,15.492,19.59,14.271,6.0907
6.7023,70.858,59.549,-40.007,-18.765,63.705,15.477,18.542,16.547,21.59,16.23,7.2917
8.7466,75.428,64.954,-42.845,-19.587,68.116,15.225,18.611,17.557,23.694,18.34,8.7505
11.654,79.691,70.436,-45.556,-20.351,72.296,14.874,18.552,18.514,25.853,20.598,10.495
14.862,83.575,75.482,-48.032,-21.051,76.163,14.089,18.366,19.391,27.977,22.958,12.502
17.608,87.117,79.338,-50.258,-21.623,79.657,12.554,18.061,20.139,29.95,25.323,14.691
19.713,90.345,81.57,-52.296,-21.943,82.604,10.174,17.649,20.702,31.657,27.549,16.922
21.436,93.117,82.243,-54.258,-21.845,84.528,7.1263,17.142,21.022,33.01,29.476,19.043
23.078,95.199,81.478,-56.316,-21.192,84.835,3.7489,16.545,21.056,33.955,30.977,20.926
24.876,96.611,79.229,-58.673,-19.893,83.417,0.39031,15.851,20.784,34.473,31.993,22.496
26.999,97.658,75.463,-61.417,-17.872,80.806,-2.6964,15.04,20.217,34.569,32.549,23.737
29.518,98.512,70.342,-64.361,-15.051,77.734,-5.4145,14.092,19.394,34.269,32.728,24.673
32.373,98.899,64.239,-67.068,-11.428,74.577,-7.8248,12.998,18.372,33.612,32.641,25.348
35.392,98.18,57.663,-69.074,-7.2404,71.367,-10.073,11.772,17.213,32.641,32.376,25.811
38.392,95.77,51.161,-70.047,-2.971,68.029,-12.288,10.452,15.971,31.405,31.984,26.11
41.257,91.56,45.155,-69.804,0.90913,64.412,-14.507,9.0929,14.693,29.953,31.471,26.296
43.927,85.889,39.728,-68.277,4.1201,60.288,-16.663,7.7479,13.415,28.34,30.812,26.398
46.271,79.256,34.517,-65.459,6.5171,55.467,-18.622,6.4532,12.154,26.612,29.968,26.403
47.943,72.185,28.894,-61.397,7.9751,49.922,-20.268,5.2183,10.908,24.801,28.903,26.236
48.407,65.136,22.455,-56.238,8.4896,43.83,-21.55,4.0291,9.6609,22.901,27.584,25.773
47.285,58.393,15.402,-50.457,8.4308,37.492,-22.485,2.8588,8.3813,20.874,25.985,24.879
44.77,52.016,8.432,-44.954,8.3104,31.236,-23.133,1.6806,7.0365,18.674,24.088,23.48
41.626,45.976,2.4875,-40.376,8.3605,25.389,-23.562,0.47586,5.6008,16.277,21.892,21.612
38.601,40.329,-1.1071,-36.596,8.5334,20.296,-23.839,-0.7648,4.0619,13.716,19.422,19.413
35.845,35.277,-1.6509,-33.255,8.6646,16.252,-24.023,-2.0435,2.4204,11.074,16.739,17.04
33.118,31.033,-0.85938,-30.163,8.6042,13.318,-24.167,-3.3581,0.6842,8.4569,13.929,14.606
30.164,27.532,-0.45866,-27.187,8.2891,11.069,-24.314,-4.7035,-1.1378,5.9533,11.094,12.183
26.826,24.262,-0.59197,-24.093,7.7495,8.7025,-24.492,-6.0708,-3.039,3.6125,8.3342,9.8347
23.083,20.509,-0.96728,-20.592,7.0677,5.9553,-24.706,-7.4449,-5.0121,1.4497,5.7246,7.6231
19.04,15.921,-1.4699,-16.506,6.3276,3.2793,-24.937,-8.8036,-7.0434,-0.53937,3.308,5.5856
14.873,10.787,-2.1246,-11.907,5.5839,0.92548,-25.147,-10.118,-9.1075,-2.3692,1.0886,3.72
10.764,5.6583,-2.9772,-7.1089,4.859,-1.2079,-25.297,-11.356,-11.169,-4.0629,-0.95893,1.9852
6.8917,0.89891,-4.0453,-2.5721,4.1667,-3.2876,-25.352,-12.49,-13.191,-5.652,-2.8724,0.32547
3.4823,-3.37,-5.3203,1.2568,3.5457,-5.4178,-25.299,-13.503,-15.151,-7.1724,-4.6901,-1.3063
0.83891,-7.1473,-6.7723,4.1364,3.0615,-7.6336,-25.148,-14.398,-17.045,-8.6563,-6.4378,-2.9311
-0.86848,-10.48,-8.3517,6.1588,2.7608,-9.9269,-24.93,-15.199,-18.886,-10.127,-8.1245,-4.5383
-1.8559,-13.447,-10.008,7.6628,2.6359,-12.269,-24.685,-15.937,-20.7,-11.598,-9.7428,-6.0987
-2.5144,-16.137,-11.707,9.0114,2.6451,-14.624,-24.45,-16.644,-22.506,-13.079,-11.272,-7.5885
-3.0952,-18.635,-13.43,10.446,2.7497,-16.965,-24.245,-17.332,-24.304,-14.569,-12.682,-9.006
-3.6856,-21.018,-15.148,12.055,2.9239,-19.285,-24.063,-17.994,-26.064,-16.058,-13.937,-10.355
-4.2712,-23.354,-16.817,13.777,3.1441,-21.578,-23.877,-18.611,-27.727,-17.514,-15.002,-11.612
-4.7882,-25.64,-18.403,15.434,3.3805,-23.798,-23.653,-19.161,-29.214,-18.875,-15.85,-12.708
-5.18,-27.762,-19.889,16.835,3.5954,-25.838,-23.363,-19.631,-30.447,-20.066,-16.467,-13.567
-5.4317,-29.558,-21.213,17.879,3.752,-27.578,-22.989,-20.015,-31.375,-21.021,-16.864,-14.144
-5.5679,-30.944,-22.26,18.579,3.8278,-28.953,-22.521,-20.314,-31.99,-21.712,-17.072,-14.458
-5.6342,-31.95,-22.967,19.012,3.8244,-29.985,-21.947,-20.531,-32.325,-22.163,-17.137,-14.577
-5.6781,-32.679,-23.385,19.284,3.7667,-30.746,-21.25,-20.669,-32.449,-22.439,-17.119,-14.599
-5.7338,-33.25,-23.629,19.495,3.6952,-31.317,-20.41,-20.732,-32.438,-22.621,-17.083,-14.615
-5.8134,-33.75,-23.81,19.726,3.6564,-31.758,-19.411,-20.726,-32.36,-22.781,-17.083,-14.689
-5.9093,-34.216,-23.999,20.011,3.6863,-32.101,-18.258,-20.656,-32.26,-22.963,-17.159,-14.836
-6.005,-34.642,-24.229,20.338,3.796,-32.361,-16.98,-20.531,-32.163,-23.178,-17.322,-15.024
-6.0866,-35.002,-24.498,20.667,3.9681,-32.542,-15.636,-20.358,-32.08,-23.405,-17.557,-15.19
-6.1506,-35.275,-24.776,20.955,4.1658,-32.65,-14.291,-20.139,-32.016,-23.608,-17.833,-15.264
-6.2058,-35.453,-25.019,21.183,4.3454,-32.694,-13.005,-19.877,-31.971,-23.751,-18.121,-15.206
-6.2665,-35.542,-25.179,21.345,4.4674,-32.686,-11.815,-19.578,-31.939,-23.817,-18.404,-15.021
-6.3426,-35.548,-25.216,21.447,4.5051,-32.633,-10.738,-19.245,-31.906,-23.815,-18.684,-14.757
-6.431,-35.476,-25.116,21.488,4.4512,-32.544,-9.773,-18.886,-31.852,-23.771,-18.968,-14.491
-6.5158,-35.332,-24.888,21.467,4.3189,-32.428,-8.9129,-18.507,-31.757,-23.716,-19.26,-14.293
-6.5759,-35.131,-24.562,21.391,4.1372,-32.303,-8.1536,-18.111,-31.605,-23.663,-19.552,-14.211
-6.5986,-34.906,-24.184,21.276,3.9415,-32.192,-7.4965,-17.698,-31.386,-23.609,-19.83,-14.259
-6.5883,-34.702,-23.796,21.158,3.7627,-32.119,-6.9478,-17.271,-31.103,-23.543,-20.076,-14.421
-6.5646,-34.563,-23.438,21.081,3.6178,-32.101,-6.5125,-16.831,-30.765,-23.45,-20.277,-14.663
-6.5521,-34.512,-23.132,21.083,3.5053,-32.13,-6.1872,-16.387,-30.392,-23.325,-20.429,-14.941
-6.5712,-34.528,-22.882,21.164,3.4102,-32.176,-5.9566,-15.948,-30.006,-23.164,-20.532,-15.211
-6.6343,-34.53,-22.659,21.28,3.3146,-32.184,-5.7946,-15.53,-29.618,-22.961,-20.59,-15.442
-6.7472,-34.367,-22.386,21.341,3.1989,-32.065,-5.6691,-15.142,-29.21,-22.684,-20.605,-15.619
-6.9115,-33.797,-21.884,21.231,3.0342,-31.652,-5.5425,-14.777,-28.716,-22.257,-20.557,-15.738
-7.1261,-32.476,-20.848,20.817,2.7788,-30.647,-5.3664,-14.394,-27.989,-21.527,-20.383,-15.781
-7.387,-30.152,-20.807,19.979,2.3634,-29.093,-5.0711,-13.898,-26.773,-20.248,-19.945,-15.69
-7.6813,-28.272,-22.658,18.732,2.0921,-30.522,-4.5535,-13.11,-24.671,-18.103,-19.017,-15.327
-7.9777,-30.512,-23.481,17.54,4.6067,-32.121,-3.6751,-11.75,-21.192,-14.857,-17.28,-14.447
-8.2179,-32.012,-24.765,17.649,5.957,-32.746,-2.2872,-9.4271,-16.225,-11.036,-14.407,-12.753
-8.3139,-32.175,-26.145,20.165,6.5281,-33.246,-0.33492,-5.8813,-13.063,-15.345,-11.2,-10.347
-8.1353,-31.642,-26.612,22.68,6.5077,-33.031,0.60163,-9.9469,-40.932,-38.765,-21.31,-13.376
-7.4731,-29.762,-24.968,22.448,5.4592,-31.05,-15.916,-16.267,-48.066,-38.096,-25.118,-29.144
-6.4189,-25.378,-19.2,20.382,1.9911,-25.618,-21.302,-16.799,-47.104,-35.68,-25.596,-29.484
-10.009,-16.934,-6.4855,16.546,-5.3373,-14.644,-19.914,-17.757,-44.2,-30.853,-25.34,-29.056
-12.931,-2.7199,14.483,10.142,-17.058,3.5065,-16.454,-17.627,-37.18,-21.434,-23.942,-27.653
-17.041,18.487,42.991,0.13262,-33.091,29.146,-10.14,-13.526,-23.1,-4.4384,-20.199,-24.279
-21.544,45.799,76.362,-13.653,-52.036,59.981,-0.40395,-1.5007,1.8547,23.863,-10.921,-16.907
-24.922,76.199,110.08,-29.342,-70.626,91.913,13.856,23.273,42.363,67.927,11.728,-1.8541
-25.25,106.57,138.5,-44.997,-84.847,121.07,34.692,64.722,104.09,132.23,60.986,26.654
-19.364,134.0,156.48,-60.879,-91.228,143.98,64.535,126.73,193.21,220.52,137.05,72.838
-3.7198,158.11,160.48,-78.369,-86.152,157.64,104.29,212.26,314.52,337.26,229.35,135.73
22.847,178.04,148.8,-99.029,-67.421,159.93,151.38,319.64,468.43,486.02,348.42,220.09
61.425,192.23,121.93,-124.58,-34.626,151.94,198.24,439.35,647.24,665.78,499.32,331.02
112.74,204.73,82.28,-156.47,11.068,137.85,233.17,553.18,833.22,875.52,684.05,470.39
175.98,219.03,33.559,-195.51,67.24,121.02,241.79,637.44,1001.2,1109.2,902.01,637.88
249.12,237.45,-20.213,-241.83,130.82,103.82,210.58,670.0,1124.7,1354.7,1148.9,830.92
329.24,260.24,-76.173,-294.13,198.91,87.79,131.77,636.93,1183.1,1597.6,1415.9,1043.8
412.59,284.4,-134.28,-348.67,269.68,71.631,7.6602,536.68,1166.3,1822.9,1689.3,1266.7
494.67,301.91,-198.37,-398.84,342.87,48.908,-148.09,381.79,1077.4,2015.9,1949.8,1484.8
570.44,300.13,-275.25,-435.98,419.4,9.8509,-312.98,196.45,931.08,2162.1,2173.6,1678.6
634.74,266.57,-371.54,-451.56,499.82,-54.772,-461.64,9.6885,749.08,2248.3,2334.4,1826.2
682.58,195.03,-488.83,-439.98,582.29,-148.92,-573.09,-153.87,552.83,2261.7,2408.3,1906.8
709.5,88.917,-620.17,-400.48,661.19,-267.66,-636.76,-281.72,355.2,2190.6,2378.2,1905.0
712.09,-39.886,-750.62,-337.14,727.55,-397.63,-654.31,-375.58,156.35,2025.0,2236.2,1813.7
688.51,-175.59,-862.3,-256.92,771.67,-521.82,-636.68,-446.76,-52.653,1759.1,1985.3,1635.2
638.89,-304.26,-940.98,-166.93,786.51,-625.97,-598.44,-508.52,-281.04,1394.8,1638.0,1380.5
565.5,-417.56,-980.34,-72.683,769.96,-702.71,-552.68,-570.36,-530.41,945.14,1215.5,1067.5
473.22,-512.62,-982.27,21.687,725.18,-751.6,-508.43,-635.72,-791.81,436.59,746.4,719.47
369.65,-589.34,-954.12,112.17,659.44,-776.29,-470.6,-702.69,-1047.5,-91.006,267.23,364.8
264.29,-647.43,-905.05,193.9,582.07,-781.17,-441.58,-766.37,-1275.6,-588.44,-180.32,34.539
166.75,-685.12,-843.17,261.31,502.01,-769.21,-422.6,-821.14,-1456.1,-1006.0,-555.64,-242.46
84.505,-699.67,-773.78,309.33,425.79,-741.57,-413.8,-862.52,-1575.4,-1305.7,-829.02,-446.42
21.117,-689.14,-699.3,335.2,356.59,-698.51,-412.56,-888.26,-1629.9,-1472.4,-990.23,-572.06
-24.139,-654.31,-620.41,339.76,294.61,-640.88,-415.16,-897.34,-1625.7,-1517.6,-1050.7,-628.86
-54.657,-599.45,-537.78,327.16,238.47,-571.35,-416.77,-888.48,-1575.6,-1472.2,-1037.2,-635.97
-74.742,-531.73,-453.23,303.4,186.62,-494.6,-411.76,-860.58,-1493.9,-1374.4,-980.74,-614.49
-88.59,-459.36,-370.07,274.52,138.43,-416.5,-396.06,-813.47,-1392.4,-1256.9,-907.12,-580.93
-99.093,-389.72,-292.41,245.28,94.442,-342.72,-368.2,-748.56,-1278.8,-1140.7,-832.44,-544.52
-107.21,-327.85,-223.85,218.45,55.479,-277.47,-329.44,-669.19,-1157.3,-1032.6,-762.78,-507.94
-112.55,-275.67,-166.73,194.96,22.653,-222.75,-283.08,-580.46,-1030.0,-929.66,-697.6,-470.16
-114.56,-232.79,-121.96,174.2,-1.4905,-179.18,-233.43,-488.22,-899.88,-829.95,-632.77,-429.36
-112.51,-197.86,-90.011,154.88,-16.854,-146.16,-184.52,-397.75,-770.88,-729.54,-565.75,-384.51
-105.48,-168.35,-68.325,135.83,-24.392,-120.91,-139.22,-312.84,-647.05,-626.66,-493.93,-334.37
-93.244,-141.69,-54.113,116.34,-25.513,-100.64,-99.034,-235.91,-533.01,-527.73,-421.4,-282.33
-77.925,-117.04,-45.727,96.043,-21.994,-84.063,-64.587,-168.33,-431.9,-436.74,-353.74,-233.96
-61.548,-94.619,-41.271,75.927,-16.058,-70.573,-36.685,-112.23,-345.3,-357.42,-294.63,-193.17
-46.098,-74.887,-38.62,58.171,-10.018,-59.466,-15.802,-72.338,-272.74,-293.24,-246.46,-161.82
-33.775,-59.311,-35.78,44.81,-5.7902,-49.682,-0.97609,-45.299,-212.62,-244.54,-209.34,-138.99
-25.907,-48.439,-30.949,35.722,-4.844,-40.617,9.107,-26.778,-168.01,-208.04,-181.67,-122.79
-22.584,-40.451,-23.07,29.846,-6.7723,-32.676,15.154,-14.423,-136.85,-179.86,-161.07,-111.24
-22.782,-33.663,-13.653,26.386,-8.274,-25.935,17.43,-7.0474,-113.57,-157.67,-145.01,-102.43
-24.838,-27.864,-5.6545,24.572,-9.7553,-20.089,16.103,-3.9801,-95.118,-140.02,-131.29,-95.014
-26.922,-23.092,0.098113,23.501,-10.928,-15.169,8.9073,-4.3122,-80.669,-125.78,-118.56,-88.265
-26.954,-19.255,3.3012,22.324,-11.448,-11.301,0.1102,-6.3331,-69.789,-113.92,-106.44,-81.808
-21.355,-16.277,4.3512,20.289,-11.411,-8.6532,0.77986,-4.5518,-61.24,-103.43,-95.172,-75.251
-13.854,-14.054,3.7397,16.661,-11.165,-7.3249,1.6713,1.3258,-52.65,-93.326,-85.017,-68.307
-10.765,-11.649,2.4373,12.59,-10.949,-6.9435,1.9344,5.8547,-41.307,-82.845,-75.85,-61.557
-9.3938,-8.98,1.5956,9.6468,-10.849,-6.3202,1.7271,9.4007,-27.877,-71.687,-67.576,-55.347
-8.5733,-7.0286,1.574,7.745,-10.873,-5.3608,1.2439,12.274,-16.598,-60.296,-60.24,-49.424
-8.0399,-5.7317,1.9211,6.5042,-10.983,-4.5202,0.64443,14.73,-8.8669,-49.807,-53.558,-43.672
-7.655,-4.85,2.248,5.6406,-11.084,-3.9138,0.018333,16.977,-3.6512,-40.9,-47.173,-38.218
-7.2895,-4.2335,2.3903,4.9793,-11.034,-3.5259,-0.60988,19.162,0.16568,-33.385,-41.073,-33.257
-6.8366,-3.792,2.2548,4.4245,-10.676,-3.3257,-1.2398,21.373,3.2762,-26.844,-35.529,-28.854
-6.2498,-3.4672,1.7971,3.9324,-9.9393,-3.2798,-1.8566,23.647,6.0487,-21.089,-30.753,-24.899
-5.5562,-3.2186,1.0546,3.4895,-8.9185,-3.3463,-2.4212,25.974,8.6729,-16.142,-26.718,-21.223
-4.8232,-3.0182,0.14071,3.0932,-7.817,-3.4772,-2.886,28.314,11.26,-12.032,-23.257,-17.728
-4.1131,-2.8472,-0.79993,2.7406,-6.8069,-3.629,-3.217,30.622,13.895,-8.6912,-20.211,-14.443
-3.4626,-2.6945,-1.6396,2.4246,-5.9693,-3.7714,-3.4077,32.87,16.65,-5.9804,-17.491,-11.489
-2.8839,-2.5542,-2.2939,2.1355,-5.3169,-3.889,-3.4802,35.061,19.561,-3.7404,-15.056,-8.9852
-2.3721,-2.4232,-2.7258,1.863,-4.822,-3.9766,-3.4714,37.231,22.629,-1.8288,-12.896,-6.9707
-1.9119,-2.2966,-2.9376,1.5979,-4.4301,-4.0341,-3.4155,39.438,25.822,-0.1329,-11.009,-5.3912
-1.485,-2.1668,-2.976,1.3332,-4.0759,-4.0634,-3.3292,41.742,29.093,1.4295,-9.3887,-4.1485
-1.0785,-2.0253,-2.9411,1.0666,-3.7106,-4.0674,-3.2065,44.177,32.396,2.9137,-8.0148,-3.1482
-0.68983,-1.8646,-2.9461,0.80099,-3.3239,-4.0476,-3.0235,46.736,35.707,4.3551,-6.8533,-2.3202
-0.32384,-1.6794,-3.0481,0.54258,-2.9377,-4.001,-2.7505,49.364,39.052,5.7812,-5.8595,-1.6184
0.013778,-1.4671,-3.2346,0.29654,-2.5807,-3.9211,-2.3654,51.986,42.513,7.2233,-4.9861,-1.0117
0.32009,-1.2279,-3.4596,0.064039,-2.2701,-3.8039,-1.8647,54.539,46.206,8.7244,-4.1918,-0.47853
0.59567,-0.96645,-3.6827,-0.15795,-2.0079,-3.6546,-1.2657,56.997,50.24,10.337,-3.4473,-0.0033011
0.8442,-0.69172,-3.8815,-0.37469,-1.7863,-3.4867,-0.60302,59.373,54.662,12.112,-2.7352,0.42371
1.071,-0.4146,-4.0416,-0.59096,-1.5951,-3.3149,0.082242,61.709,59.416,14.091,-2.0471,0.80658
1.2797,-0.14481,-4.1432,-0.80849,-1.4285,-3.1475,0.75425,64.053,64.343,16.297,-1.3803,1.1442
1.4676,0.11132,-4.163,-1.0244,-1.2892,-2.9833,1.3902,66.438,69.23,18.743,-0.73716,1.4315
1.6258,0.3519,-4.0843,-1.2318,-1.1839,-2.8142,1.9827,68.874,73.893,21.432,-0.1236,1.6618
1.7458,0.58011,-3.9094,-1.4234,-1.1159,-2.6306,2.5381,71.355,78.248,24.37,0.4559,1.8299
1.8318,0.80518,-3.6624,-1.5985,-1.0802,-2.4257,3.0696,73.862,82.312,27.555,1.0046,1.936
1.9066,1.0431,-3.3807,-1.7672,-1.0628,-2.1967,3.5889,76.375,86.165,30.978,1.5365,1.9891
2.0042,1.3156,-3.0968,-1.9498,-1.0465,-1.9421,4.0996,78.873,89.887,34.617,2.0736,2.0082
2.156,1.6462,-2.8266,-2.1705,-1.0176,-1.6592,4.5945,81.331,93.525,38.445,2.6402,2.0197
2.382,2.0545,-2.5701,-2.4503,-0.97362,-1.3437,5.0596,83.726,97.088,42.439,3.2576,2.0501
2.6918,2.5538,-2.3161,-2.8049,-0.92662,-0.99095,5.4814,86.048,100.57,46.589,3.9447,2.1184
3.0879,3.1512,-2.0449,-3.2449,-0.89938,-0.5954,5.8544,88.301,103.96,50.904,4.7208,2.231
3.5663,3.8519,-1.7298,-3.7784,-0.91516,-0.1504,6.1839,90.51,107.31,55.409,5.6081,2.3831
4.1113,4.6616,-1.3477,-4.4095,-0.98587,0.351,6.4838,92.712,110.68,60.135,6.629,2.5643
4.6915,5.5858,-0.88979,-5.1347,-1.1047,0.91331,6.7725,94.953,114.15,65.093,7.7999,2.7663
5.2684,6.6248,-0.36746,-5.9396,-1.2463,1.5353,7.0677,97.277,117.8,70.269,9.125,2.9891
5.8179,7.7677,0.18885,-6.8013,-1.3735,2.2064,7.3829,99.726,121.69,75.61,10.596,3.2417
6.3516,8.9869,0.73617,-7.6986,-1.4487,2.9043,7.7262,102.34,125.87,81.032,12.197,3.54
6.9202,10.241,1.2298,-8.6245,-1.4458,3.5975,8.1013,105.15,130.35,86.444,13.92,3.9049
7.5993,11.488,1.6387,-9.5968,-1.3584,4.2556,8.5103,108.17,135.15,91.764,15.77,4.3608
8.4695,12.712,1.9603,-10.662,-1.2026,4.8639,8.955,111.42,140.26,96.942,17.771,4.933
9.5998,13.938,2.2257,-11.891,-1.0111,5.4331,9.4351,114.87,145.67,101.96,19.963,5.6451
11.031,15.233,2.4837,-13.365,-0.81843,5.9937,9.9468,118.51,151.4,106.84,22.381,6.5152
12.755,16.679,2.7716,-15.147,-0.64226,6.5793,10.485,122.3,157.48,111.62,25.038,7.5547
14.694,18.337,3.0885,-17.24,-0.47097,7.2068,11.053,126.25,163.94,116.32,27.906,8.7716
16.719,20.213,3.3879,-19.558,-0.26508,7.8652,11.672,130.39,170.82,121.02,30.92,10.18
18.704,22.244,3.5965,-21.965,0.024609,8.5204,12.388,134.8,178.15,125.77,34.004,11.81
20.59,24.33,3.6482,-24.345,0.43358,9.1346,13.263,139.58,185.91,130.64,37.104,13.709
22.412,26.39,3.5147,-26.651,0.97331,9.6902,14.361,144.8,194.08,135.69,40.206,15.929
24.252,28.395,3.2162,-28.899,1.6403,10.2,15.733,150.51,202.62,140.98,43.339,18.512
26.183,30.366,2.8075,-31.132,2.4318,10.701,17.409,156.71,211.52,146.59,46.564,21.457
28.24,32.338,2.3531,-33.391,3.3555,11.231,19.381,163.31,220.79,152.59,49.956,24.707
30.431,34.331,1.9054,-35.695,4.4326,11.811,21.6,170.24,230.48,159.04,53.6,28.141
32.748,36.352,1.494,-38.037,5.6968,12.44,23.996,177.45,240.65,166.01,57.577,31.636
35.178,38.404,1.1258,-40.392,7.1846,13.104,26.5,184.98,251.39,173.5,61.937,35.137
37.706,40.506,0.79354,-42.73,8.9086,13.79,29.078,192.94,262.79,181.47,66.671,38.7
40.308,42.69,0.48769,-45.03,10.831,14.492,31.725,201.37,274.9,189.86,71.695,42.443
42.957,45.006,0.20564,-47.277,12.871,15.213,34.461,210.27,287.75,198.61,76.885,46.46
45.624,47.511,-0.04448,-49.46,14.936,15.976,37.302,219.61,301.33,207.69,82.126,50.741
48.303,50.267,-0.24469,-51.568,16.931,16.824,40.245,229.44,315.57,217.12,87.371,55.19
51.025,53.32,-0.37289,-53.601,18.764,17.829,43.26,239.82,330.36,226.96,92.658,59.705
53.852,56.683,-0.41287,-55.597,20.38,19.086,46.317,250.75,345.6,237.29,98.09,64.256
56.828,60.314,-0.36321,-57.685,21.787,20.691,49.414,262.15,361.23,248.18,103.81,68.887
59.944,64.116,-0.23851,-60.115,23.044,22.714,52.595,273.89,377.27,259.66,109.95,73.679
63.171,67.952,-0.060873,-63.175,24.227,25.142,55.914,285.82,393.81,271.7,116.62,78.724
66.488,71.699,0.15345,-66.959,25.409,27.879,59.401,297.87,410.96,284.23,123.88,84.114
69.875,75.299,0.40466,-71.188,26.642,30.802,63.044,310.04,428.88,297.18,131.65,89.927
73.294,78.806,0.71139,-75.44,27.947,33.846,66.797,322.4,447.64,310.45,139.82,96.212
76.716,82.389,1.1029,-79.515,29.324,36.997,70.611,335.04,467.17,323.97,148.22,102.97
80.15,86.278,1.6059,-83.472,30.77,40.261,74.46,348.08,487.26,337.71,156.82,110.12
83.67,90.636,2.2327,-87.481,32.296,43.627,78.353,361.63,507.61,351.7,165.68,117.57
87.411,95.467,2.9763,-91.717,33.926,47.067,82.318,375.7,527.93,365.99,174.94,125.2
91.534,100.68,3.8155,-96.315,35.689,50.537,86.379,390.19,548.01,380.68,184.77,132.93
96.155,106.23,4.7252,-101.34,37.601,54.002,90.547,404.82,567.75,395.8,195.27,140.75
101.27,112.09,5.6869,-106.79,39.655,57.456,94.812,419.21,587.18,411.36,206.48,148.76
106.74,118.24,6.6903,-112.59,41.817,60.925,99.139,433.0,606.38,427.31,218.36,157.09
112.32,124.64,7.7264,-118.62,44.029,64.456,103.48,446.06,625.42,443.56,230.79,165.88
117.8,131.23,8.7745,-124.78,46.229,68.09,107.79,458.47,644.35,460.03,243.55,175.22
123.08,137.9,9.7959,-130.92,48.382,71.838,112.04,470.44,663.09,476.58,256.41,185.13
128.19,144.54,10.744,-136.98,50.487,75.672,116.18,482.13,681.53,493.0,269.21,195.5
133.29,151.1,11.582,-142.94,52.573,79.524,120.2,493.5,699.47,509.07,281.84,206.13
138.53,157.51,12.3,-148.85,54.681,83.305,124.04,504.38,716.69,524.66,294.31,216.74
143.97,163.77,12.907,-154.74,56.84,86.933,127.68,514.46,732.98,539.72,306.65,227.07
149.53,169.87,13.426,-160.58,59.043,90.351,131.1,523.45,748.12,554.25,318.91,236.95
155.02,175.78,13.877,-166.27,61.242,93.534,134.31,531.07,761.98,568.25,331.11,246.36
160.17,181.44,14.27,-171.68,63.371,96.464,137.27,537.1,774.48,581.72,343.23,255.4
164.84,186.73,14.603,-176.7,65.382,99.135,139.96,541.45,785.62,594.59,355.19,264.22
168.98,191.55,14.867,-181.25,67.263,101.54,142.3,544.25,795.43,606.73,366.88,272.9
172.69,195.83,15.048,-185.33,69.037,103.69,144.2,545.74,803.91,618.0,378.15,281.43
176.1,199.6,15.137,-188.95,70.733,105.58,145.57,546.22,810.99,628.24,388.85,289.66
179.32,202.89,15.133,-192.17,72.35,107.18,146.32,545.87,816.54,637.31,398.82,297.39
182.35,205.75,15.032,-195.03,73.854,108.47,146.39,544.87,820.43,645.14,407.93,304.46
185.13,208.23,14.834,-197.57,75.212,109.44,145.8,543.32,822.56,651.71,416.05,310.79
187.61,210.27,14.532,-199.81,76.431,110.05,144.59,541.25,822.88,657.04,423.08,316.4
189.76,211.82,14.111,-201.73,77.558,110.28,142.84,538.63,821.39,661.18,428.96,321.35
191.57,212.8,13.536,-203.28,78.649,110.12,140.66,535.27,818.11,664.18,433.7,325.7
193.03,213.15,12.76,-204.41,79.733,109.57,138.16,530.91,813.09,666.08,437.4,329.51
194.15,212.87,11.742,-205.07,80.803,108.66,135.41,525.21,806.36,666.89,440.16,332.8
194.89,212.0,10.479,-205.25,81.833,107.46,132.48,517.9,797.98,666.58,442.06,335.53
195.22,210.63,9.0265,-204.94,82.788,106.04,129.39,509.03,788.02,665.09,443.17,337.64
195.12,208.82,7.4832,-204.15,83.636,104.47,126.19,498.97,776.57,662.3,443.51,339.01
194.53,206.61,5.9408,-202.88,84.34,102.76,122.92,488.21,763.74,658.07,443.05,339.45
193.43,203.98,4.4608,-201.08,84.842,100.9,119.64,477.04,749.58,652.29,441.7,338.76
191.8,200.88,3.0814,-198.73,85.074,98.822,116.4,465.4,734.07,644.94,439.25,336.74
189.67,197.32,1.839,-195.81,84.99,96.468,113.18,453.02,717.11,636.07,435.48,333.36
187.06,193.32,0.78336,-192.4,84.565,93.822,109.92,439.73,698.58,625.73,430.21,328.74
184.0,188.96,-0.026941,-188.57,83.778,90.926,106.52,425.59,678.39,613.93,423.34,323.16
180.49,184.31,-0.55782,-184.37,82.601,87.88,102.91,410.8,656.6,600.68,414.85,316.87
176.49,179.38,-0.83455,-179.8,81.015,84.815,99.038,395.61,633.36,585.97,404.83,309.99
171.98,174.13,-0.93551,-174.81,79.052,81.84,94.982,380.14,608.97,569.8,393.46,302.51
166.96,168.48,-0.95238,-169.33,76.793,79.022,90.866,364.35,583.81,552.17,381.04,294.34
161.43,162.32,-0.95813,-163.29,74.31,76.37,86.79,348.09,558.26,533.14,367.85,285.34
155.42,155.63,-0.99644,-156.68,71.632,73.832,82.777,331.27,532.6,512.87,354.02,275.45
149.07,148.49,-1.0838,-149.57,68.77,71.309,78.798,313.94,506.98,491.58,339.55,264.69
142.54,141.15,-1.2157,-142.21,65.766,68.703,74.834,296.3,481.35,469.52,324.42,253.19
135.95,133.97,-1.3724,-134.89,62.712,65.947,70.879,278.69,455.55,446.92,308.65,241.12
129.33,127.19,-1.5249,-127.91,59.704,63.013,66.929,261.44,429.4,424.02,292.42,228.68
122.7,120.9,-1.6442,-121.37,56.761,59.897,62.958,244.74,402.88,401.04,276.04,216.06
116.03,114.97,-1.7111,-115.21,53.783,56.604,58.922,228.55,376.19,378.17,259.87,203.4
109.31,109.17,-1.7232,-109.25,50.619,53.116,54.767,212.71,349.74,355.53,244.27,190.84
102.52,103.24,-1.6944,-103.26,47.177,49.391,50.441,197.12,324.01,333.28,229.52,178.48
95.628,97.005,-1.6478,-97.058,43.487,45.4,45.897,181.74,299.39,311.57,215.69,166.45
88.65,90.449,-1.6059,-90.572,39.658,41.198,41.088,166.61,276.02,290.55,202.63,154.85
81.658,83.696,-1.5799,-83.877,35.824,36.944,35.981,151.8,253.82,270.31,189.96,143.73
74.794,76.942,-1.5614,-77.166,32.113,32.843,30.626,137.36,232.56,250.87,177.24,133.09
68.255,70.345,-1.5253,-70.654,28.649,29.057,25.268,123.39,211.95,232.14,164.13,122.89
62.245,64.022,-1.4432,-64.469,25.535,25.658,20.368,109.97,191.78,214.02,150.61,113.08
56.897,58.066,-1.2938,-58.615,22.814,22.678,16.335,97.166,172.03,196.4,136.98,103.57
52.185,52.537,-1.0654,-53.099,20.427,20.154,13.256,85.034,152.82,179.24,123.81,94.352
47.938,47.46,-0.75488,-48.156,18.21,18.095,10.947,73.606,134.42,162.56,111.63,85.445
44.046,42.857,-0.36998,-44.026,15.947,16.45,9.1679,62.912,117.08,146.48,100.74,76.953
40.516,38.75,0.072598,-40.554,13.474,15.105,7.7379,52.983,100.99,131.14,91.088,69.012
37.223,35.141,0.55499,-37.374,10.849,13.929,6.5459,43.807,86.214,116.72,82.346,61.722
33.941,31.958,1.065,-34.266,8.3756,12.823,5.5242,35.258,72.613,103.38,74.04,55.083
30.524,29.06,1.5881,-31.214,6.2918,11.741,4.622,27.238,59.854,91.16,65.719,48.993
26.961,26.293,2.0948,-28.274,4.6116,10.673,3.7906,20.099,47.434,79.981,57.175,43.316
23.316,23.536,2.5374,-25.44,3.2494,9.6288,2.9837,14.354,35.203,69.59,48.612,37.969
19.652,20.735,2.859,-22.608,2.1321,8.607,2.1658,9.9031,24.299,59.618,40.502,32.862
15.996,17.926,3.0059,-19.62,1.2219,7.5956,1.3215,6.2594,16.126,49.891,33.152,27.777
12.37,15.219,2.9384,-16.376,0.50308,6.579,0.45999,3.0669,10.446,40.723,26.575,22.496
8.9162,12.719,2.6424,-12.988,-0.036204,5.5451,-0.38814,0.1874,6.2988,32.507,20.772,17.222
5.9975,10.461,2.136,-9.7998,-0.41471,4.4907,-1.181,-2.4071,3.0171,25.288,15.823,12.555
3.9466,8.4253,1.4681,-7.1517,-0.65925,3.4236,-1.8799,-4.718,0.22268,19.064,11.727,8.8856
2.6898,6.5766,0.70508,-5.1435,-0.80125,2.3603,-2.464,-6.7564,-2.3128,13.907,8.3623,6.1508
1.9248,4.8944,-0.089245,-3.6794,-0.87187,1.3189,-2.9378,-8.5501,-4.7285,9.7789,5.5548,4.0988
1.4111,3.3756,-0.86759,-2.61,-0.89617,0.31195,-3.3299,-10.139,-7.0971,6.5114,3.1545,2.5009
1.0187,2.0245,-1.603,-1.8064,-0.88869,-0.65563,-3.682,-11.562,-9.4381,3.8923,1.0514,1.201
0.68396,0.8397,-2.2928,-1.1739,-0.85384,-1.582,-4.034,-12.846,-11.733,1.7339,-0.83306,0.099082
0.37598,-0.19336,-2.9605,-0.64664,-0.7918,-2.4627,-4.41,-13.997,-13.94,-0.10749,-2.56,-0.87094
0.079889,-1.0992,-3.6388,-0.18157,-0.70739,-3.2899,-4.808,-15.003,-16.02,-1.7356,-4.18,-1.7552
-0.21142,-1.901,-4.3338,0.24563,-0.61652,-4.055,-5.2004,-15.845,-17.945,-3.2245,-5.7312,-2.5869
-0.50272,-2.61,-5.0099,0.64425,-0.54582,-4.7455,-5.544,-16.514,-19.71,-4.6283,-7.2344,-3.391
-0.79925,-3.2236,-5.6022,1.0137,-0.5257,-5.3401,-5.7955,-17.019,-21.324,-5.9868,-8.6946,-4.1895
-1.1065,-3.7317,-6.0405,1.3495,-0.58144,-5.8105,-5.9261,-17.386,-22.799,-7.3282,-10.11,-5.0058
-1.4283,-4.1254,-6.2731,1.6481,-0.72719,-6.1318,-5.9269,-17.655,-24.138,-8.6714,-11.482,-5.8666
-1.7649,-4.4034,-6.2814,1.909,-0.96438,-6.2931,-5.804,-17.858,-25.333,-10.029,-12.824,-6.7993
-2.1126,-4.5745,-6.0816,2.1355,-1.2834,-6.3029,-5.5685,-18.012,-26.366,-11.412,-14.158,-7.8244
-2.4647,-4.6573,-5.7152,2.3335,-1.6666,-6.1863,-5.2286,-18.112,-27.214,-12.827,-15.503,-8.945
-2.8135,-4.6752,-5.2323,2.5101,-2.0935,-5.9754,-4.7899,-18.137,-27.853,-14.272,-16.87,-10.139
-3.152,-4.6481,-4.6747,2.6705,-2.5461,-5.6978,-4.2607,-18.062,-28.269,-15.733,-18.251,-11.366
-3.4763,-4.5858,-4.0667,2.8167,-3.0156,-5.3694,-3.6564,-17.875,-28.458,-17.183,-19.624,-12.582
-3.7864,-4.486,-3.4143,2.9454,-3.5029,-4.995,-3.0004,-17.584,-28.428,-18.59,-20.954,-13.761
-4.0844,-4.3391,-2.712,3.049,-4.0152,-4.5728,-2.322,-17.211,-28.192,-19.926,-22.203,-14.909
-4.3717,-4.1357,-1.9543,3.1176,-4.5582,-4.1014,-1.6511,-16.788,-27.768,-21.168,-23.342,-16.059
-4.6464,-3.8748,-1.1454,3.1438,-5.1282,-3.5862,-1.0129,-16.337,-27.178,-22.308,-24.356,-17.253
-4.9041,-3.5701,-0.30492,3.1283,-5.709,-3.0447,-0.42163,-15.872,-26.445,-23.348,-25.253,-18.519
-5.1409,-3.2499,0.53049,3.083,-6.2734,-2.5063,0.12439,-15.391,-25.601,-24.299,-26.063,-19.86
-5.3561,-2.9505,1.3106,3.0281,-6.7889,-2.0065,0.64275,-14.885,-24.678,-25.171,-26.827,-21.247
-5.5516,-2.7044,1.9833,2.9843,-7.2261,-1.5785,1.1613,-14.343,-23.703,-25.964,-27.579,-22.631
-5.7293,-2.5303,2.5109,2.9648,-7.5672,-1.2434,1.7074,-13.755,-22.691,-26.669,-28.333,-23.956
-5.8884,-2.4287,2.8839,2.9711,-7.8095,-1.0051,2.297,-13.118,-21.642,-27.262,-29.072,-25.172
-6.0247,-2.386,3.1206,2.9948,-7.9624,-0.85217,2.9289,-12.43,-20.538,-27.712,-29.753,-26.24
-6.1329,-2.383,3.2537,3.0239,-8.0406,-0.76548,3.588,-11.688,-19.357,-27.991,-30.324,-27.14
-6.2097,-2.4049,3.3118,3.0494,-8.0579,-0.72855,4.2542,-10.891,-18.08,-28.092,-30.748,-27.866
-6.2556,-2.4463,3.3065,3.0695,-8.0223,-0.73417,4.9117,-10.038,-16.705,-28.028,-31.011,-28.423
-6.2733,-2.5106,3.2301,3.0896,-7.9336,-0.78594,5.5548,-9.1399,-15.253,-27.828,-31.126,-28.82
-6.2639,-2.6041,3.0632,3.1172,-7.782,-0.89395,6.1861,-8.2131,-13.764,-27.529,-31.122,-29.068
-6.2241,-2.7283,2.7926,3.1549,-7.5554,-1.0652,6.8098,-7.2831,-12.281,-27.158,-31.036,-29.184
-6.1467,-2.8723,2.4263,3.1949,-7.2503,-1.2933,7.4236,-6.3781,-10.846,-26.726,-30.898,-29.191
-6.0247,-3.013,1.9984,3.2202,-6.8822,-1.5535,8.0151,-5.5226,-9.489,-26.234,-30.73,-29.121
-5.857,-3.1223,1.5578,3.2121,-6.4825,-1.81,8.5671,-4.731,-8.2277,-25.678,-30.537,-29.007
-5.6529,-3.1801,1.151,3.1618,-6.0876,-2.0298,9.065,-4.0021,-7.0715,-25.053,-30.313,-28.867
-5.4325,-3.1843,0.80954,3.077,-5.7259,-2.1953,9.5038,-3.3204,-6.0203,-24.362,-30.041,-28.691
-5.224,-3.1517,0.54605,2.9815,-5.4143,-2.3075,9.8877,-2.6645,-5.0685,-23.609,-29.7,-28.448
-5.0547,-3.1095,0.35884,2.9052,-5.1586,-2.3806,10.226,-2.0179,-4.2056,-22.8,-29.272,-28.093
-4.9424,-3.082,0.23928,2.8718,-4.9569,-2.4309,10.529,-1.3758,-3.4162,-21.934,-28.742,-27.587
-4.8897,-3.0809,0.17964,2.8897,-4.8043,-2.4679,10.806,-0.74628,-2.6804,-21.006,-28.094,-26.907
-4.8848,-3.1014,0.17824,2.9498,-4.6962,-2.4897,11.061,-0.14262,-1.9756,-20.004,-27.314,-26.047
-4.9084,-3.1265,0.24006,3.0301,-4.6316,-2.4865,11.292,0.42556,-1.2833,-18.917,-26.392,-25.018
-4.9428,-3.1345,0.3725,3.1039,-4.6137,-2.4464,11.486,0.95795,-0.59256,-17.743,-25.329,-23.838
-4.9785,-3.1088,0.57889,3.1511,-4.6468,-2.3624,11.62,1.4619,0.10099,-16.494,-24.148,-22.532
-5.0165,-3.0441,0.85314,3.1651,-4.7328,-2.237,11.667,1.9448,0.79513,-15.197,-22.886,-21.128
-5.0636,-2.9473,1.1772,3.153,-4.8666,-2.082,11.606,2.406,1.4831,-13.887,-21.596,-19.655
-5.1264,-2.8346,1.5221,3.1306,-5.0338,-1.9154,11.429,2.835,2.1564,-12.595,-20.325,-18.14
-5.2035,-2.7243,1.8521,3.1117,-5.2108,-1.7562,11.148,3.2177,2.8068,-11.344,-19.104,-16.607
-5.2827,-2.6295,2.1332,3.101,-5.3696,-1.6179,10.785,3.5475,3.4289,-10.145,-17.934,-15.079
-5.3434,-2.5533,2.3432,3.0931,-5.4862,-1.5045,10.363,3.8336,4.0209,-8.9958,-16.793,-13.574
-5.3636,-2.4895,2.4784,3.0756,-5.5467,-1.4099,9.898,4.0996,4.5856,-7.8929,-15.642,-12.104
-5.3275,-2.4271,2.551,3.0367,-5.5486,-1.323,9.4008,4.3757,5.1288,-6.8324,-14.442,-10.676
-5.229,-2.3575,2.5762,2.9701,-5.4959,-1.2354,8.8815,4.6884,5.6573,-5.8115,-13.164,-9.2819
-5.0695,-2.2781,2.5611,2.8769,-5.393,-1.1468,8.3502,5.0541,6.177,-4.829,-11.792,-7.9136
-4.854,-2.1915,2.4995,2.762,-5.2413,-1.0653,7.8161,5.4761,6.6938,-3.8795,-10.324,-6.5666
-4.5852,-2.1009,2.3762,2.628,-5.038,-1.0017,7.2857,5.9427,7.2103,-2.9551,-8.7741,-5.2527
-4.2604,-2.0054,2.176,2.4729,-4.7766,-0.96386,6.7622,6.4309,7.7249,-2.0464,-7.1673,-3.9999
-3.8736,-1.8988,1.8925,2.2895,-4.4504,-0.95191,6.2471,6.9143,8.2309,-1.1467,-5.5395,-2.8404
-3.4233,-1.7727,1.5341,2.0706,-4.058,-0.95906,5.7432,7.3737,8.7141,-0.255,-3.9298,-1.7947
-2.9224,-1.6212,1.1243,1.8164,-3.6095,-0.97404,5.2535,7.8035,9.1515,0.62264,-2.3733,-0.86303
-2.3998,-1.4438,0.69668,1.5369,-3.1266,-0.98447,4.778,8.213,9.5145,1.4737,-0.89743,-0.02758
-1.8909,-1.2456,0.28495,1.2492,-2.6361,-0.98003,4.3114,8.6174,9.776,2.281,0.47861,0.73893
-1.4219,-1.0361,-0.08824,0.96979,-2.1604,-0.95673,3.8429,9.0284,9.9237,3.0266,1.7436,1.4613
-1.0005,-0.82819,-0.41848,0.70902,-1.707,-0.92019,3.3609,9.4452,9.9659,3.6967,2.8943,2.1553
-0.617,-0.63702,-0.71879,0.47028,-1.2668,-0.88598,2.8591,9.8531,9.9256,4.285,3.935,2.8276
-0.25541,-0.47806,-1.01,0.25339,-0.82239,-0.87506,2.3401,10.228,9.829,4.7932,4.8757,3.4793
0.09362,-0.36371,-1.3055,0.058962,-0.36392,-0.90444,1.8146,10.543,9.6931,5.2282,5.729,4.1098
0.42546,-0.29832,-1.5993,-0.11024,0.098779,-0.97811,1.2953,10.781,9.5186,5.5969,6.5053,4.7172
0.72248,-0.27533,-1.8691,-0.24955,0.53584,-1.0834,0.7907,10.935,9.294,5.9033,7.2104,5.2967
0.96144,-0.27836,-2.0875,-0.35544,0.90866,-1.1955,0.30235,11.005,9.0062,6.147,7.8424,5.839
1.1243,-0.28617,-2.2348,-0.42838,1.1867,-1.2868,-0.17482,10.998,8.6515,6.3272,8.3933,6.3301
1.2082,-0.27909,-2.3087,-0.47415,1.3605,-1.3364,-0.65043,10.917,8.2408,6.4474,8.8497,6.7532
1.2282,-0.24433,-2.3289,-0.50256,1.4457,-1.3364,-1.1369,10.764,7.7959,6.5196,9.1961,7.095
1.2109,-0.1787,-2.3305,-0.52416,1.4757,-1.2925,-1.648,10.541,7.3408,6.5612,9.419,7.3485
1.1823,-0.088397,-2.3475,-0.5465,1.4853,-1.2209,-2.1966,10.247,6.8937,6.5899,9.5092,7.516
1.1572,0.013119,-2.3947,-0.57142,1.4942,-1.1411,-2.7898,9.8797,6.4605,6.6135,9.4631,7.6072
1.1341,0.10999,-2.4565,-0.5941,1.4984,-1.0687,-3.4272,9.4373,6.0379,6.6271,9.2825,7.6366
1.0975,0.18873,-2.488,-0.60509,1.471,-1.0083,-4.0995,8.9196,5.6146,6.6167,8.9758,7.6212
1.0254,0.24259,-2.4273,-0.59399,1.3721,-0.95048,-4.7918,8.3335,5.1759,6.5675,8.5576,7.5769
0.90026,0.27267,-2.2188,-0.55429,1.1672,-0.8771,-5.4889,7.6943,4.7072,6.4714,8.0488,7.5141
0.71873,0.28471,-1.8387,-0.48674,0.84521,-0.77359,-6.1782,7.0215,4.198,6.3286,7.4729,7.4335
0.49378,0.28308,-1.3107,-0.39846,0.42857,-0.64086,-6.8473,6.3322,3.6455,6.1465,6.8549,7.326
0.24872,0.26624,-0.7023,-0.29843,-0.031948,-0.49918,-7.4798,5.6361,3.057,5.9364,6.2196,7.1781
0.0066312,0.22617,-0.10472,-0.19227,-0.47445,-0.3811,-8.0502,4.9349,2.4484,5.7116,5.5895,6.981
-0.21823,0.1521,0.3982,-0.079605,-0.84769,-0.3189,-8.5272,4.2278,1.8399,5.4854,4.984,6.7358
-0.42403,0.036497,0.7554,0.04466,-1.1265,-0.3319,-8.8823,3.5185,1.2502,5.2669,4.42,6.4538
-0.61786,-0.1199,0.95695,0.18607,-1.3131,-0.42021,-9.1008,2.8224,0.69356,5.0572,3.9138,6.1523
-0.808,-0.30689,1.0253,0.34612,-1.4274,-0.5678,-9.1885,2.1692,0.17913,4.8472,3.4853,5.8498
-0.99715,-0.50856,0.99694,0.5201,-1.4922,-0.75176,-9.1713,1.5979,-0.28821,4.6207,3.1593,5.5618
-1.1805,-0.71003,0.90428,0.69877,-1.5237,-0.95244,-9.0891,1.1449,-0.70715,4.3625,2.9631,5.2996
-1.3489,-0.90376,0.76448,0.873,-1.5254,-1.1602,-8.9893,0.82995,-1.0806,4.0656,2.9209,5.0673
-1.4938,-1.0917,0.57802,1.0382,-1.4885,-1.3767,-8.9166,0.64783,-1.4169,3.7344,3.0477,4.8597
-1.6113,-1.282,0.33473,1.1954,-1.3966,-1.6103,-8.9017,0.5682,-1.7304,3.38,3.3462,4.6625
-1.7018,-1.4818,0.024605,1.3481,-1.2371,-1.8674,-8.9465,0.5447,-2.0385,3.0129,3.8073,4.4578
-1.767,-1.6907,-0.35013,1.4981,-1.0121,-2.1433,-9.0236,0.52909,-2.3577,2.6381,4.4122,4.2318
-1.8075,-1.8992,-0.76697,1.6423,-0.74086,-2.4182,-9.0807,0.48541,-2.6985,2.2567,5.1346,3.9811
-1.8224,-2.091,-1.1833,1.7736,-0.4523,-2.6642,-9.0637,0.39851,-3.0623,1.8704,5.9471,3.7107
-1.8119,-2.2498,-1.547,1.883,-0.17513,-2.8559,-8.932,0.2734,-3.4409,1.4844,6.829,3.4272
-1.7784,-2.3655,-1.8141,1.9633,0.069221,-2.9795,-8.6872,0.12637,-3.818,1.1067,7.7753,3.1334
-1.7267,-2.4387,-1.9601,2.0111,0.26877,-3.0364,-8.3737,-0.027757,-4.172,0.7452,8.7994,2.8254
-1.6644,-2.4795,-1.9822,2.0275,0.41846,-3.0405,-8.0647,-0.18408,-4.4788,0.40596,9.9273,2.496
-1.6016,-2.5015,-1.8932,2.0169,0.51614,-3.0102,-7.8355,-0.34951,-4.7164,0.094154,11.184,2.1395
-1.5492,-2.5145,-1.7167,1.9842,0.56131,-2.9598,-7.7394,-0.538,-4.8714,-0.18387,12.581,1.758
-1.5147,-2.5189,-1.4847,1.9331,0.55842,-2.8943,-7.7961,-0.76354,-4.9459,-0.41986,14.104,1.3642
-1.4975,-2.5077,-1.2366,1.8646,0.52121,-2.8118,-7.9938,-1.0346,-4.9606,-0.60532,15.713,0.98023
-1.4885,-2.4736,-1.0161,1.7795,0.47381,-2.7117,-8.3021,-1.3515,-4.9487,-0.73522,17.351,0.63143
-1.4731,-2.4174,-0.86575,1.6815,0.44659,-2.6017,-8.684,-1.7086,-4.9453,-0.81137,18.949,0.3377
-1.4373,-2.3525,-0.82225,1.5786,0.46808,-2.5006,-9.1041,-2.0987,-4.9758,-0.84307,20.435,0.10643
-1.3725,-2.3007,-0.90954,1.4819,0.55619,-2.4333,-9.5314,-2.5201,-5.0501,-0.84432,21.739,-0.068918
-1.2779,-2.2825,-1.1291,1.4013,0.7122,-2.4204,-9.9392,-2.9765,-5.162,-0.82982,22.797,-0.20362
-1.1593,-2.3061,-1.4533,1.3406,0.92039,-2.4672,-10.307,-3.472,-5.295,-0.81184,23.56,-0.31332
-1.025,-2.3636,-1.8311,1.2959,1.1546,-2.5609,-10.611,-4.0003,-5.4283,-0.79831,23.997,-0.40649
-0.88143,-2.4336,-2.2066,1.2567,1.3888,-2.6768,-10.827,-4.5382,-5.5429,-0.79185,24.1,-0.4803
-0.73062,-2.4917,-2.538,1.2113,1.6074,-2.7896,-10.935,-5.0463,-5.6255,-0.79037,23.88,-0.5226
-0.57185,-2.5203,-2.809,1.1507,1.807,-2.8824,-10.938,-5.4775,-5.6694,-0.79007,23.367,-0.51764
-0.4059,-2.5132,-3.0288,1.0733,1.9927,-2.9497,-10.862,-5.7909,-5.6741,-0.78966,22.608,-0.45499
-0.2377,-2.4745,-3.2219,0.98379,2.1712,-2.9946,-10.758,-5.9639,-5.6434,-0.79368,21.665,-0.33693
-0.073916,-2.4126,-3.4125,0.88976,2.3486,-3.0231,-10.687,-5.9989,-5.5855,-0.81257,20.604,-0.18064
0.082217,-2.3336,-3.6091,0.79664,2.5293,-3.038,-10.705,-5.9198,-5.512,-0.85884,19.483,-0.013871
0.23253,-2.238,-3.7986,0.70471,2.7117,-3.0364,-10.832,-5.7624,-5.4367,-0.94367,18.337,0.13338
0.37982,-2.1195,-3.9495,0.61018,2.8847,-3.0087,-11.051,-5.5602,-5.3738,-1.0719,17.178,0.23786
0.5215,-1.9695,-4.0208,0.50905,3.0273,-2.9414,-11.308,-5.3362,-5.3349,-1.2401,15.992,0.28932
0.64705,-1.7831,-3.9739,0.40116,3.1144,-2.8224,-11.537,-5.0983,-5.3263,-1.4387,14.756,0.2916
0.74071,-1.5644,-3.7861,0.29134,3.1264,-2.6471,-11.685,-4.8424,-5.3485,-1.6562,13.46,0.25613
0.78826,-1.3285,-3.4646,0.18858,3.0576,-2.4236,-11.731,-4.5585,-5.3955,-1.8846,12.112,0.19291
0.78467,-1.0978,-3.0483,0.10224,2.9208,-2.1744,-11.691,-4.238,-5.4562,-2.1204,10.749,0.10443
0.73846,-0.89454,-2.5986,0.037898,2.744,-1.9288,-11.598,-3.8797,-5.5161,-2.361,9.4178,-0.013238
0.66949,-0.73232,-2.1797,-0.0053058,2.5623,-1.7139,-11.487,-3.4916,-5.5586,-2.5986,8.1657,-0.16341
0.60126,-0.61145,-1.8376,-0.034198,2.4047,-1.5445,-11.381,-3.0888,-5.5684,-2.8155,7.0289,-0.34127
0.55184,-0.5208,-1.588,-0.057995,2.2855,-1.4194,-11.294,-2.689,-5.5362,-2.9879,6.03,-0.53121
0.52802,-0.44529,-1.4205,-0.083169,2.202,-1.3247,-11.234,-2.3088,-5.4634,-3.0938,5.1783,-0.71105
0.52453,-0.37499,-1.3111,-0.10963,2.1392,-1.2444,-11.203,-1.9614,-5.3636,-3.1231,4.472,-0.86005
0.52724,-0.31066,-1.2374,-0.13061,2.0786,-1.1689,-11.203,-1.6552,-5.2585,-3.0838,3.9029,-0.96523
0.51952,-0.26258,-1.1881,-0.13644,2.0069,-1.1004,-11.224,-1.3922,-5.1675,-3.0002,3.4624,-1.0245
0.48976,-0.24464,-1.1667,-0.11971,1.921,-1.0502,-11.238,-1.1669,-5.097,-2.9053,3.147,-1.0434
0.43669,-0.26764,-1.1885,-0.07868,1.8303,-1.0339,-11.205,-0.96679,-5.033,-2.8295,2.9589,-1.0314
0.36955,-0.33455,-1.2727,-0.017688,1.7532,-1.0641,-11.074,-0.77488,-4.9428,-2.7927,2.9004,-0.9973
0.30279,-0.43953,-1.4315,0.05582,1.7093,-1.1444,-10.811,-0.57199,-4.7865,-2.8002,2.9664,-0.94638
0.248,-0.5707,-1.6601,0.13537,1.7095,-1.2672,-10.405,-0.34016,-4.5337,-2.8426,3.139,-0.87883
0.20735,-0.71463,-1.9334,0.21847,1.7488,-1.4153,-9.8816,-0.065857,-4.1751,-2.8992,3.3881,-0.78962
0.17239,-0.86045,-2.2106,0.30676,1.8071,-1.5676,-9.2903,0.25659,-3.725,-2.9425,3.6782,-0.67021
0.12838,-1.003,-2.4493,0.40345,1.8581,-1.7055,-8.6844,0.62138,-3.2117,-2.9466,3.9804,-0.51227
0.061597,-1.1422,-2.6197,0.5099,1.8804,-1.8184,-8.1016,1.0084,-2.6668,-2.8954,4.2805,-0.31266
-0.034572,-1.2805,-2.7136,0.62348,1.8662,-1.9061,-7.5571,1.3836,-2.1159,-2.7887,4.5786,-0.077373
-0.15713,-1.4199,-2.7428,0.73828,1.8224,-1.9767,-7.0497,1.7045,-1.5768,-2.6415,4.8799,0.17865
-0.29506,-1.5583,-2.7288,0.84658,1.7651,-2.0407,-6.5753,1.9321,-1.0617,-2.4802,5.1813,0.43488
-0.43378,-1.6869,-2.6918,0.94096,1.7103,-2.1039,-6.1371,2.0396,-0.58076,-2.3355,5.4645,0.66928
-0.56009,-1.7912,-2.643,1.0154,1.6667,-2.1628,-5.7474,2.0205,-0.1442,-2.237,5.6978,0.86109
-0.66512,-1.8544,-2.5827,1.0657,1.6341,-2.2048,-5.4226,1.8873,0.2383,-2.209,5.8464,0.99311
-0.74443,-1.8638,-2.5052,1.0891,1.607,-2.2139,-5.1749,1.6653,0.56102,-2.2677,5.885,1.0551
-0.79609,-1.8166,-2.4081,1.0854,1.5814,-2.1791,-5.0016,1.3852,0.82654,-2.4175,5.8083,1.0477
-0.81812,-1.7211,-2.2996,1.0558,1.5587,-2.1006,-4.8783,1.0773,1.0486,-2.649,5.632,0.98492
-0.80667,-1.5941,-2.1987,1.0026,1.5475,-1.9907,-4.7618,0.76743,1.2505,-2.9397,5.3871,0.89102
-0.75561,-1.4541,-2.1272,0.92782,1.5605,-1.8695,-4.6053,0.4735,1.4585,-3.257,5.1049,0.79374
-0.66096,-1.3168,-2.0977,0.83494,1.6076,-1.7573,-4.3801,0.20339,1.6911,-3.5639,4.8079,0.71616
-0.52553,-1.1925,-2.1055,0.7297,1.6883,-1.6677,-4.0877,-0.044763,1.9507,-3.8267,4.5048,0.67001
-0.36187,-1.0856,-2.1296,0.62035,1.7887,-1.6036,-3.7566,-0.27889,2.2209,-4.0218,4.1952,0.6542
-0.18914,-0.99474,-2.1436,0.51481,1.8866,-1.5593,-3.4252,-0.50832,2.472,-4.1391,3.878,0.65882
-0.024713,-0.91508,-2.1308,0.4168,1.9627,-1.5251,-3.122,-0.74063,2.6719,-4.1819,3.5597,0.67174
0.12345,-0.83947,-2.0938,0.32422,2.009,-1.4928,-2.8533,-0.98048,2.7971,-4.1654,3.2563,0.68402
0.25739,-0.76136,-2.0551,0.23199,2.0309,-1.4582,-2.6006,-1.2294,2.8417,-4.1121,2.9881,0.69157
0.38246,-0.6777,-2.0468,0.13747,2.0413,-1.4217,-2.3307,-1.4849,2.819,-4.0489,2.7702,0.69471
0.49937,-0.59025,-2.096,0.044379,2.0513,-1.3866,-2.012,-1.7391,2.7577,-4.0034,2.6047,0.69318
0.60121,-0.50456,-2.211,-0.037781,2.0637,-1.3568,-1.6289,-1.977,2.6926,-3.9995,2.4792,0.68576
0.67694,-0.42687,-2.3773,-0.098426,2.0719,-1.3348,-1.1879,-2.1803,2.6551,-4.0532,2.3714,0.67038
0.71806,-0.36096,-2.5628,-0.13152,2.0642,-1.3201,-0.71207,-2.33,2.6656,-4.1685,2.2607,0.64509
0.72374,-0.30659,-2.7281,-0.13889,2.029,-1.3102,-0.23126,-2.4117,2.7297,-4.3332,2.1376,0.60882
0.70206,-0.26018,-2.8376,-0.1299,1.9604,-1.301,0.22596,-2.4177,2.839,-4.5209,2.0085,0.56182
0.66743,-0.21663,-2.8671,-0.11801,1.86,-1.2885,0.63764,-2.3516,2.9761,-4.6966,1.8916,0.50626
0.63589,-0.17121,-2.8073,-0.11612,1.7361,-1.2688,0.99189,-2.2241,3.1218,-4.8258,1.8088,0.44687
0.62015,-0.12071,-2.665,-0.13203,1.6,-1.2381,1.2887,-2.0549,3.2619,-4.8835,1.7749,0.39079
0.62609,-0.063945,-2.4604,-0.16665,1.4636,-1.193,1.5381,-1.8676,3.391,-4.8601,1.7906,0.34573
0.6513,-0.0019448,-2.2231,-0.21399,1.3376,-1.1325,1.7547,-1.6847,3.5121,-4.7622,1.8397,0.31651
0.68616,0.062197,-1.9842,-0.26383,1.2299,-1.0587,1.9484,-1.5244,3.6321,-4.6101,1.8914,0.30226
0.7175,0.12446,-1.7683,-0.30632,1.1453,-0.9758,2.1228,-1.3999,3.7553,-4.4332,1.9113,0.29587
0.7356,0.18215,-1.5894,-0.33668,1.0858,-0.88903,2.2778,-1.3185,3.8803,-4.2639,1.8686,0.28648
0.7395,0.23645,-1.4532,-0.35803,1.0517,-0.80272,2.4137,-1.282,4.0,-4.129,1.7451,0.26393
0.73791,0.29254,-1.3609,-0.37999,1.044,-0.71958,2.5342,-1.286,4.1039,-4.0419,1.5377,0.22324
0.74397,0.35508,-1.3117,-0.41277,1.0646,-0.64153,2.646,-1.3207,4.1844,-3.9953,1.2561,0.16704
0.76681,0.42233,-1.3023,-0.45989,1.1141,-0.57245,2.758,-1.3729,4.2404,-3.9644,0.91596,0.10486
0.80467,0.48144,-1.327,-0.51413,1.1883,-0.52059,2.8799,-1.4272,4.2786,-3.9176,0.53348,0.049327
0.84416,0.51048,-1.3781,-0.55942,1.2773,-0.49825,3.0199,-1.4696,4.3086,-3.8281,0.12395,0.011143
0.86566,0.48641,-1.4471,-0.57783,1.3684,-0.51789,3.1832,-1.4891,4.3382,-3.6807,-0.29546,-0.0059767
0.85121,0.39458,-1.5271,-0.55685,1.451,-0.58664,3.3707,-1.4797,4.3683,-3.4725,-0.7027,-0.0059961
0.79094,0.23409,-1.6154,-0.49359,1.5214,-0.70292,3.5787,-1.4419,4.3928,-3.2084,-1.0706,-0.0012384
0.68629,0.01735,-1.7151,-0.39435,1.5832,-0.85739,3.8013,-1.379,4.4017,-2.897,-1.3716,-0.0093005
0.54946,-0.23567,-1.8365,-0.27107,1.6456,-1.0367,4.0326,-1.2961,4.3858,-2.5502,-1.586,-0.047175
0.40048,-0.50334,-1.9922,-0.13726,1.7198,-1.2271,4.2708,-1.1997,4.3428,-2.1843,-1.7115,-0.12462
0.25995,-0.76611,-2.1908,-0.0048607,1.8144,-1.416,4.5191,-1.0974,4.279,-1.8215,-1.7671,-0.24045
0.14141,-1.0084,-2.43,0.11796,1.9294,-1.5926,4.7851,-0.99609,4.2067,-1.4872,-1.7874,-0.3852
0.046436,-1.22,-2.6932,0.22816,2.054,-1.747,5.0765,-0.90409,4.1387,-1.2051,-1.8108,-0.54565
-0.035753,-1.3961,-2.9506,0.32791,2.167,-1.8707,5.3957,-0.82536,4.0821,-0.99085,-1.8669,-0.71305
-0.12394,-1.5367,-3.1635,0.42263,2.2433,-1.957,5.735,-0.761,4.0356,-0.84913,-1.9698,-0.88751
-0.23664,-1.6439,-3.293,0.51697,2.2603,-2.0003,6.0763,-0.71152,3.99,-0.77454,-2.1178,-1.0769
-0.38241,-1.7195,-3.3111,0.61085,2.2075,-1.998,6.3954,-0.67955,3.933,-0.75449,-2.2976,-1.2913
-0.55309,-1.7652,-3.2104,0.69814,2.0913,-1.9534,6.6652,-0.67148,3.8566,-0.7723,-2.4894,-1.5362
-0.72495,-1.7837,-3.0073,0.76921,1.9345,-1.8771,6.8617,-0.69776,3.761,-0.81036,-2.6727,-1.8082
-0.86829,-1.7808,-2.7364,0.81566,1.7686,-1.7857,6.9703,-0.77177,3.655,-0.85444,-2.8326,-2.0955
-0.96126,-1.7643,-2.435,0.83432,1.6203,-1.6949,6.9919,-0.90667,3.5527,-0.89757,-2.9657,-2.3824
-1.0003,-1.7398,-2.1269,0.82855,1.5001,-1.6107,6.9446,-1.1105,3.467,-0.94456,-3.0826,-2.655
-1.0017,-1.7066,-1.8156,0.80637,1.3987,-1.5258,6.8605,-1.3822,3.4049,-1.0083,-3.2042,-2.9053
-0.99318,-1.6575,-1.4918,0.7772,1.2947,-1.4235,6.7747,-1.7107,3.3652,-1.1033,-3.3557,-3.1321
-1.0026,-1.5828,-1.1491,0.74849,1.168,-1.288,6.7131,-2.0774,3.34,-1.2381,-3.5611,-3.3388
-1.0462,-1.4768,-0.79566,0.72425,1.0108,-1.1135,6.6839,-2.4593,3.3164,-1.4123,-3.8403,-3.5287
-1.1239,-1.3419,-0.45803,0.7046,0.83206,-0.90786,6.6755,-2.8332,3.2793,-1.6175,-4.2093,-3.7025
-1.2204,-1.1882,-0.17242,0.68697,0.65417,-0.6894,6.6625,-3.1786,3.2135,-1.8413,-4.6828,-3.8557
-1.3145,-1.0295,0.032996,0.66811,0.5028,-0.47815,6.6174,-3.4834,3.1071,-2.0716,-5.2748,-3.9805
-1.3894,-0.87772,0.15558,0.64622,0.39325,-0.28727,6.523,-3.7482,2.9547,-2.2982,-5.9962,-4.0685
-1.4423,-0.73946,0.22674,0.62237,0.31947,-0.11806,6.3789,-3.9874,2.7583,-2.5129,-6.8485,-4.1163
-1.4854,-0.61547,0.30681,0.60017,0.25249,0.039937,6.1988,-4.2253,2.5266,-2.7071,-7.8204,-4.1272
-1.539,-0.5016,0.46642,0.58336,0.15113,0.20432,6.0021,-4.4872,2.2722,-2.8709,-8.8869,-4.11
-1.6191,-0.38994,0.76107,0.57254,-0.019538,0.39214,5.8045,-4.791,2.01,-2.9933,-10.012,-4.0767
-1.728,-0.26996,1.2099,0.56295,-0.27152,0.61392,5.6133,-5.1419,1.7548,-3.0639,-11.156,-4.0377
-1.8514,-0.13056,1.7878,0.54503,-0.58728,0.87053,5.4285,-5.5324,1.5205,-3.0762,-12.279,-3.9997
-1.9643,0.036656,2.4336,0.50817,-0.92625,1.154,5.2453,-5.9459,1.3176,-3.0293,-13.356,-3.9657
-2.0434,0.23414,3.0735,0.44583,-1.2421,1.4517,5.06,-6.3593,1.1511,-2.9286,-14.374,-3.9357
-2.0793,0.45706,3.6503,0.35907,-1.5024,1.7528,4.8749,-6.7463,1.0195,-2.785,-15.336,-3.9083
-2.0791,0.69458,4.1436,0.2565,-1.7001,2.0516,4.699,-7.0792,0.91626,-2.6113,-16.257,-3.8819
-2.0602,0.93265,4.5692,0.15079,-1.8502,2.3469,4.5462,-7.3337,0.83275,-2.4189,-17.148,-3.855
-2.0384,1.1566,4.9574,0.053917,-1.9749,2.637,4.4286,-7.4956,0.7611,-2.2159,-18.017,-3.8272
-2.0203,1.3525,5.3313,-0.026853,-2.0892,2.9136,4.3499,-7.5653,0.6957,-2.0066,-18.86,-3.7986
-2.0026,1.5082,5.6888,-0.08989,-2.1918,3.1582,4.3003,-7.558,0.63361,-1.7944,-19.666,-3.7698
-1.9769,1.6148,5.9965,-0.13711,-2.2682,3.3467,4.2586,-7.4983,0.57443,-1.5842,-20.411,-3.7416
-1.9361,1.6691,6.2075,-0.17089,-2.3014,3.4592,4.1979,-7.414,0.52018,-1.3844,-21.072,-3.7145
-1.8806,1.675,6.2944,-0.192,-2.2844,3.4897,4.0949,-7.3309,0.47534,-1.2069,-21.622,-3.6883
-1.8205,1.6413,6.2648,-0.19912,-2.2257,3.4477,3.9378,-7.2705,0.4466,-1.0637,-22.042,-3.6622
-1.772,1.5785,6.1494,-0.1896,-2.1453,3.353,3.7301,-7.2474,0.44168,-0.96163,-22.318,-3.634
-1.7503,1.4956,5.9794,-0.1609,-2.0643,3.2261,3.4908,-7.2673,0.46675,-0.89753,-22.448,-3.6016
-1.7634,1.3988,5.7734,-0.11219,-1.9956,3.0833,3.2486,-7.3242,0.52321,-0.85742,-22.438,-3.563
-1.8101,1.2931,5.5415,-0.045505,-1.9424,2.9359,3.033,-7.4006,0.60534,-0.82178,-22.31,-3.5191
-1.8831,1.1842,5.297,0.034339,-1.9036,2.7937,2.8675,-7.4724,0.69976,-0.77485,-22.091,-3.4744
-1.975,1.0789,5.0677,0.12136,-1.8808,2.6696,2.7653,-7.5166,0.78681,-0.71337,-21.819,-3.4386
-2.0829,0.98422,4.8962,0.21088,-1.8844,2.579,2.7308,-7.5198,0.84315,-0.64987,-21.535,-3.4259
-2.2108,0.90394,4.8306,0.30136,-1.932,2.5354,2.7623,-7.4818,0.8459,-0.60836,-21.284,-3.4513
-2.3662,0.83569,4.905,0.39461,-2.0416,2.5428,2.8555,-7.4154,0.77815,-0.61384,-21.106,-3.5254
-2.5548,0.77053,5.121,0.49393,-2.2203,2.5882,3.0039,-7.3419,0.63492,-0.68069,-21.02,-3.6485
-2.7741,0.69592,5.4383,0.60165,-2.4569,2.6427,3.1999,-7.2865,0.4264,-0.80552,-21.021,-3.8074
-3.0099,0.60123,5.785,0.71719,-2.7216,2.6697,3.4364,-7.2733,0.17614,-0.9682,-21.083,-3.9774
-3.2376,0.48369,6.0855,0.83604,-2.9765,2.6427,3.7108,-7.3201,-0.08566,-1.1396,-21.169,-4.1288
-3.43,0.35263,6.2934,0.94909,-3.1919,2.5612,4.0267,-7.433,-0.32834,-1.2912,-21.252,-4.2351
-3.5672,0.23029,6.4154,1.0427,-3.3596,2.455,4.3938,-7.6008,-0.53035,-1.4006,-21.317,-4.2782
-3.6425,0.14877,6.5103,1.1002,-3.4935,2.3742,4.8239,-7.7942,-0.67879,-1.4521,-21.369,-4.2507
-3.6602,0.1444,6.6574,1.1055,-3.6162,2.3726,5.3263,-7.97,-0.76789,-1.4339,-21.414,-4.1542
-3.6292,0.24945,6.9195,1.0473,-3.7422,2.4975,5.9025,-8.0808,-0.79672,-1.3362,-21.452,-3.9978
-3.5554,0.48654,7.3221,0.92208,-3.8696,2.7884,6.5453,-8.0831,-0.76712,-1.1516,-21.475,-3.7952
-3.4374,0.86866,7.8461,0.73197,-3.9824,3.2794,7.2419,-7.9495,-0.68196,-0.87767,-21.46,-3.5605
-3.2661,1.4072,8.4229,0.47844,-4.0598,3.9992,7.9795,-7.6702,-0.54403,-0.51806,-21.376,-3.3045
-3.0282,2.1229,8.9374,0.15539,-4.0844,4.9552,8.7507,-7.2496,-0.35561,-0.082667,-21.193,-3.0308
-2.7116,3.0527,9.2667,-0.25505,-4.0508,6.1101,9.5564,-6.701,-0.11744,0.41558,-20.887,-2.7342
-2.3113,4.2509,9.3632,-0.78343,-3.9746,7.3907,10.408,-6.0381,0.1735,0.96604,-20.439,-2.4012
-1.8326,5.7882,9.3133,-1.4734,-3.8967,8.755,11.324,-5.2703,0.52616,1.5666,-19.83,-2.0135
-1.2909,7.7472,9.3059,-2.3845,-3.875,10.258,12.337,-4.4014,0.95567,2.2279,-19.046,-1.5523
-0.70675,10.21,9.5618,-3.598,-3.9654,12.05,13.483,-3.4312,1.4809,2.9749,-18.07,-1.0033
-0.09777,13.235,10.371,-5.2189,-4.2018,14.33,14.811,-2.3581,2.1204,3.8431,-16.884,-0.3587
0.52693,16.833,12.251,-7.3606,-4.5837,17.28,16.363,-1.1822,2.8875,4.8712,-15.478,0.38175
1.1693,20.975,15.764,-10.091,-5.078,20.973,18.167,0.09133,3.7868,6.0909,-13.855,1.2106
1.8411,25.618,20.643,-13.349,-5.6352,25.283,20.208,1.4491,4.8129,7.5154,-12.038,2.1119
2.5624,30.689,25.754,-16.914,-6.214,29.925,22.412,2.8684,5.9515,9.1321,-10.073,3.0623
3.358,36.013,30.289,-20.511,-6.7987,34.573,24.644,4.3168,7.1804,10.902,-8.0263,4.034
4.2526,41.32,34.079,-23.965,-7.3992,38.971,26.717,5.7535,8.4693,12.769,-5.9636,4.9997
5.264,46.365,37.3,-27.226,-8.0317,43.015,28.414,7.13,9.7763,14.678,-3.9399,5.9368
6.4044,51.059,40.278,-30.308,-8.6997,46.781,29.539,8.3937,11.052,16.586,-1.9871,6.8324
7.6956,55.47,43.333,-33.236,-9.3885,50.441,29.997,9.4949,12.246,18.463,-0.1122,7.6922
9.1898,59.734,46.661,-36.035,-10.073,54.13,29.918,10.396,13.321,20.296,1.701,8.5507
10.97,63.947,50.324,-38.73,-10.721,57.859,29.726,11.079,14.266,22.085,3.4846,9.4756
13.103,68.119,54.253,-41.344,-11.279,61.553,29.955,11.547,15.094,23.845,5.2813,10.561
15.546,72.176,58.196,-43.877,-11.67,65.119,30.774,11.828,15.833,25.6,7.1315,11.905
18.102,76.008,61.808,-46.297,-11.834,68.478,31.723,11.966,16.505,27.374,9.0617,13.582
20.54,79.534,64.817,-48.566,-11.772,71.572,32.031,12.014,17.115,29.168,11.076,15.59
22.785,82.764,67.044,-50.669,-11.534,74.373,31.086,12.019,17.647,30.943,13.152,17.826
24.915,85.774,68.344,-52.625,-11.153,76.845,28.655,12.015,18.068,32.616,15.232,20.1
27.022,88.631,68.584,-54.474,-10.588,78.823,24.896,12.008,18.33,34.065,17.235,22.198
29.155,91.273,67.652,-56.281,-9.7415,79.871,20.221,11.981,18.387,35.155,19.056,23.969
31.369,93.487,65.521,-58.191,-8.5089,79.415,15.081,11.896,18.199,35.773,20.584,25.349
33.792,95.151,62.339,-60.434,-6.8227,77.309,9.8646,11.708,17.746,35.851,21.733,26.35
36.616,96.404,58.424,-63.149,-4.6725,74.212,4.9255,11.381,17.025,35.397,22.455,27.02
39.954,97.294,54.099,-66.118,-2.1221,70.942,0.63372,10.899,16.068,34.485,22.751,27.413
43.656,97.41,49.553,-68.773,0.67492,67.792,-2.6962,10.27,14.922,33.223,22.662,27.578
47.283,96.066,44.865,-70.514,3.4987,64.686,-4.9921,9.5213,13.646,31.727,22.264,27.546
50.317,92.806,40.027,-70.956,6.1356,61.388,-6.5655,8.6929,12.302,30.095,21.646,27.348
52.39,87.71,34.904,-69.966,8.4396,57.585,-7.9626,7.8247,10.947,28.404,20.897,27.012
53.353,81.26,29.284,-67.605,10.341,53.03,-9.5514,6.9476,9.6323,26.699,20.086,26.562
53.242,74.062,23.035,-64.06,11.83,47.686,-11.288,6.0765,8.3904,24.99,19.241,25.993
52.216,66.695,16.309,-59.577,12.934,41.8,-12.895,5.2078,7.2298,23.256,18.337,25.258
50.49,59.61,9.6187,-54.46,13.699,35.787,-14.15,4.3199,6.1295,21.447,17.301,24.265
48.245,53.058,3.6742,-49.14,14.199,30.03,-15.01,3.38,5.044,19.504,16.036,22.92
45.596,47.099,-0.6681,-44.168,14.528,24.776,-15.562,2.3522,3.9168,17.379,14.458,21.174
42.7,41.692,-2.7322,-39.893,14.732,20.183,-15.933,1.2069,2.6963,15.064,12.536,19.057
39.825,36.814,-2.9899,-36.248,14.745,16.385,-16.226,-0.072561,1.3473,12.604,10.298,16.65
37.083,32.531,-2.7638,-32.986,14.459,13.464,-16.5,-1.4849,-0.14485,10.09,7.8196,14.067
34.358,28.906,-2.722,-29.949,13.82,11.245,-16.778,-3.0108,-1.7769,7.6269,5.2072,11.448
31.473,25.737,-2.8231,-27.012,12.853,9.1148,-17.067,-4.6165,-3.5308,5.3022,2.5801,8.9431
28.278,22.384,-2.964,-23.933,11.649,6.6069,-17.372,-6.2619,-5.3746,3.1669,0.056856,6.6703
24.688,18.184,-3.1592,-20.379,10.334,4.076,-17.688,-7.9073,-7.2621,1.238,-2.2609,4.676
20.711,13.252,-3.4704,-16.162,9.0239,1.9357,-18.001,-9.5175,-9.137,-0.49218,-4.2971,2.938
16.458,8.3759,-3.946,-11.489,7.7929,0.15144,-18.286,-11.061,-10.943,-2.0463,-6.0129,1.3972
12.133,4.0304,-4.6141,-6.8479,6.6601,-1.479,-18.511,-12.513,-12.64,-3.4589,-7.3972,-0.010658
7.9943,0.13629,-5.4937,-2.6335,5.6178,-3.135,-18.655,-13.853,-14.217,-4.7709,-8.4595,-1.336
4.3269,-3.5581,-6.5929,0.99281,4.6808,-4.9483,-18.71,-15.074,-15.7,-6.0231,-9.2272,-2.6079
1.4126,-7.2041,-7.8995,3.9874,3.9093,-7.0038,-18.689,-16.174,-17.134,-7.2474,-9.7452,-3.8332
-0.57992,-10.773,-9.3893,6.3403,3.368,-9.32,-18.62,-17.157,-18.57,-8.4596,-10.072,-5.0014
-1.7641,-14.106,-11.052,8.1004,3.066,-11.821,-18.54,-18.026,-20.052,-9.6593,-10.272,-6.0962
-2.4737,-17.036,-12.882,9.4186,2.9579,-14.356,-18.484,-18.782,-21.604,-10.836,-10.395,-7.1091
-2.9932,-19.493,-14.812,10.53,2.9891,-16.784,-18.477,-19.416,-23.226,-11.979,-10.468,-8.0478
-3.4559,-21.567,-16.699,11.674,3.1222,-19.058,-18.519,-19.92,-24.882,-13.075,-10.48,-8.9256
-3.8999,-23.475,-18.414,12.989,3.3335,-21.214,-18.588,-20.283,-26.508,-14.11,-10.39,-9.7382
-4.3205,-25.406,-19.929,14.448,3.603,-23.274,-18.652,-20.498,-28.021,-15.054,-10.144,-10.45
-4.6955,-27.348,-21.277,15.896,3.9061,-25.172,-18.689,-20.568,-29.343,-15.865,-9.7074,-11.009
-5.0057,-29.113,-22.464,17.167,4.2105,-26.781,-18.699,-20.509,-30.427,-16.503,-9.0878,-11.382
-5.2515,-30.537,-23.453,18.179,4.4767,-28.018,-18.708,-20.346,-31.274,-16.952,-8.3452,-11.577
-5.4573,-31.584,-24.195,18.946,4.664,-28.889,-18.745,-20.116,-31.927,-17.242,-7.5769,-11.651
-5.662,-32.316,-24.657,19.531,4.7395,-29.459,-18.829,-19.847,-32.458,-17.439,-6.8843,-11.679
-5.9016,-32.833,-24.823,20.008,4.6866,-29.812,-18.96,-19.557,-32.944,-17.635,-6.3411,-11.73
-6.1955,-33.232,-24.707,20.437,4.5085,-30.021,-19.123,-19.243,-33.448,-17.912,-5.979,-11.84
-6.5418,-33.577,-24.35,20.851,4.2259,-30.145,-19.309,-18.885,-34.007,-18.321,-5.7957,-12.015
-6.9217,-33.889,-23.812,21.252,3.8696,-30.215,-19.519,-18.447,-34.623,-18.869,-5.7721,-12.226
-7.3081,-34.155,-23.157,21.622,3.4713,-30.238,-19.768,-17.896,-35.272,-19.522,-5.8867,-12.428
-7.6759,-34.342,-22.448,21.937,3.0553,-30.203,-20.076,-17.21,-35.903,-20.214,-6.1194,-12.571
-8.0083,-34.413,-21.729,22.175,2.6362,-30.09,-20.457,-16.38,-36.457,-20.873,-6.448,-12.62
-8.2992,-34.336,-21.022,22.324,2.224,-29.875,-20.907,-15.416,-36.882,-21.439,-6.8413,-12.567
-8.5487,-34.089,-20.316,22.375,1.8319,-29.537,-21.405,-14.336,-37.149,-21.881,-7.2556,-12.442
-8.7567,-33.658,-19.571,22.321,1.4773,-29.057,-21.914,-13.166,-37.258,-22.198,-7.6381,-12.297
-8.918,-33.042,-18.749,22.155,1.1775,-28.43,-22.398,-11.934,-37.231,-22.409,-7.9384,-12.193
-9.0205,-32.258,-17.853,21.873,0.94871,-27.671,-22.832,-10.671,-37.106,-22.546,-8.1224,-12.168
-9.048,-31.343,-16.955,21.475,0.80677,-26.829,-23.208,-9.4059,-36.927,-22.637,-8.1823,-12.228
-8.9838,-30.358,-16.163,20.968,0.76534,-25.982,-23.536,-8.1645,-36.732,-22.699,-8.1366,-12.343
-8.8161,-29.369,-15.557,20.37,0.82879,-25.217,-23.836,-6.9676,-36.552,-22.735,-8.0215,-12.454
-8.5437,-28.421,-15.153,19.702,0.98485,-24.591,-24.128,-5.8283,-36.396,-22.732,-7.8747,-12.497
-8.1819,-27.513,-14.897,18.983,1.201,-24.092,-24.424,-4.752,-36.255,-22.665,-7.7202,-12.425
-7.7645,-26.569,-14.663,18.215,1.4263,-23.614,-24.72,-3.7363,-36.099,-22.499,-7.5566,-12.216
-7.3399,-25.423,-14.265,17.377,1.5971,-22.939,-24.992,-2.7713,-35.868,-22.184,-7.3527,-11.879
-6.963,-23.822,-13.492,16.412,1.6446,-21.742,-25.199,-1.8335,-35.461,-21.634,-7.0475,-11.428
-6.6841,-21.498,-12.242,15.238,1.4976,-19.669,-25.282,-0.87435,-34.703,-20.703,-6.5507,-10.866
-6.5378,-18.482,-11.5,13.781,1.0782,-16.998,-25.158,0.2019,-33.305,-19.163,-5.7392,-10.153
-6.5327,-16.188,-16.447,12.065,0.68599,-17.94,-24.702,1.5735,-30.822,-16.735,-4.4458,-9.1949
-6.6411,-19.775,-17.241,10.356,3.4373,-23.233,-23.723,3.5616,-26.701,-13.28,-2.4421,-7.8529
-6.7933,-25.83,-18.068,9.388,4.9329,-23.797,-21.966,6.7367,-20.88,-9.535,0.55293,-6.018
-6.8805,-26.647,-19.004,11.039,5.3864,-24.042,-19.666,11.793,-18.084,-15.776,3.2227,-3.9904
-6.754,-26.21,-19.144,16.598,5.2489,-23.811,-23.41,1.8619,-44.256,-38.586,-11.356,-10.473
-6.2133,-24.523,-17.242,18.884,4.3042,-22.25,-31.759,-7.4089,-48.571,-37.847,-15.297,-25.726
-5.3503,-20.552,-11.522,17.226,1.0287,-18.095,-31.482,-9.2409,-47.525,-35.369,-14.956,-24.896
-9.6942,-12.622,-0.024744,13.205,-6.0314,-9.4674,-30.204,-10.373,-44.627,-30.527,-13.1,-23.623
-12.985,1.441,18.528,6.6896,-17.474,6.1311,-27.451,-8.5812,-37.814,-21.293,-8.7029,-21.223
-17.903,23.466,45.153,-2.9009,-33.773,31.005,-22.165,-0.53917,-24.139,-4.5663,0.5069,-16.33
-23.426,52.636,77.834,-15.72,-53.649,62.754,-12.738,16.346,0.2395,23.74,18.607,-6.9536
-27.5,84.772,112.86,-30.822,-73.933,95.932,2.975,44.055,39.687,68.246,51.454,10.29
-27.732,115.87,145.07,-46.681,-90.539,127.61,27.627,86.851,99.222,133.45,102.52,39.942
-21.7,142.93,168.09,-63.089,-98.914,153.95,62.517,151.34,185.46,222.88,168.25,85.342
-6.7281,166.26,176.59,-81.009,-95.252,170.98,106.38,241.62,304.48,338.65,252.38,147.57
20.217,185.31,167.57,-101.78,-77.018,175.67,156.07,355.98,456.76,481.97,362.39,230.51
61.38,198.27,140.35,-127.2,-42.917,168.59,204.17,484.24,633.99,653.15,501.81,338.2
116.79,209.49,96.918,-159.89,6.7654,152.86,237.53,607.05,818.9,851.47,672.58,472.23
185.75,223.41,41.243,-201.99,69.799,132.75,241.19,699.11,987.9,1071.4,874.99,632.19
267.29,242.52,-21.839,-252.96,142.32,111.59,201.45,736.07,1115.5,1302.6,1104.7,815.28
357.63,266.38,-88.495,-309.97,220.48,89.433,110.53,702.04,1180.2,1531.6,1352.2,1015.5
451.1,290.3,-157.96,-368.19,301.76,65.26,-28.879,595.02,1169.5,1742.8,1603.0,1222.9
541.94,305.17,-233.67,-420.61,385.08,33.961,-202.03,428.54,1084.9,1919.5,1837.5,1422.5
624.65,299.62,-322.34,-458.66,470.87,-13.632,-384.71,228.85,941.52,2045.3,2031.0,1594.6
694.11,262.83,-430.33,-474.06,559.71,-86.827,-549.58,27.195,762.14,2105.6,2157.7,1718.0
745.65,188.12,-558.88,-461.49,649.87,-189.55,-674.06,-150.27,568.1,2088.4,2195.1,1773.1
775.07,77.097,-700.66,-420.38,735.59,-316.66,-746.76,-290.71,370.71,1984.8,2128.9,1747.4
778.98,-59.099,-840.48,-354.78,807.61,-454.7,-769.29,-396.43,169.27,1790.0,1956.7,1637.0
755.19,-203.65,-960.22,-271.49,855.78,-586.6,-753.27,-479.72,-43.684,1505.0,1687.2,1448.1
703.39,-341.07,-1045.0,-177.56,872.51,-697.62,-714.38,-554.5,-275.28,1137.7,1338.2,1193.9
625.63,-461.79,-1087.6,-78.753,855.08,-779.34,-666.82,-630.28,-527.57,704.22,933.53,892.63
526.77,-561.88,-1088.5,20.31,806.19,-830.01,-620.52,-710.18,-793.86,229.85,500.76,566.27
414.48,-640.41,-1054.6,115.06,732.94,-852.39,-581.06,-791.73,-1057.7,-250.69,71.487,239.68
298.75,-696.97,-995.24,200.07,645.08,-850.95,-551.07,-868.9,-1296.7,-695.87,-320.26,-60.649
190.18,-730.46,-920.01,269.46,552.77,-829.96,-531.44,-934.54,-1488.8,-1064.1,-642.59,-310.39
97.806,-739.53,-836.55,318.34,464.44,-792.57,-521.41,-982.25,-1618.0,-1323.9,-872.76,-492.96
26.868,-723.87,-749.65,344.33,385.16,-741.07,-517.99,-1008.3,-1679.0,-1463.5,-1003.0,-604.15
-22.25,-685.5,-661.66,348.61,316.29,-677.64,-517.35,-1012.0,-1677.2,-1493.6,-1043.7,-652.51
-53.815,-629.1,-573.6,335.6,256.42,-605.17,-515.81,-994.06,-1625.9,-1442.2,-1019.6,-654.93
-74.17,-561.26,-486.39,311.5,202.85,-527.39,-507.65,-956.09,-1541.2,-1343.5,-958.73,-629.87
-87.883,-488.79,-401.53,282.43,153.2,-448.5,-488.12,-899.91,-1436.5,-1226.8,-883.8,-592.27
-97.712,-417.36,-321.16,253.08,106.88,-372.55,-455.69,-827.61,-1320.2,-1111.0,-808.28,-551.8
-105.64,-351.14,-247.72,225.98,65.041,-302.9,-411.68,-742.0,-1197.2,-1004.7,-737.72,-511.59
-111.94,-293.07,-183.5,201.66,29.182,-242.17,-359.65,-647.09,-1071.2,-909.33,-671.79,-470.57
-115.1,-244.27,-130.12,179.56,0.7179,-191.58,-304.26,-548.07,-945.09,-816.97,-608.15,-426.85
-113.86,-203.58,-88.134,158.89,-18.878,-150.75,-249.83,-450.02,-821.19,-718.95,-540.11,-380.01
-107.38,-169.08,-57.08,139.01,-27.734,-118.15,-199.2,-356.63,-701.24,-613.37,-467.42,-332.93
-95.313,-139.2,-35.675,119.34,-30.071,-92.388,-153.73,-270.28,-586.71,-512.91,-395.67,-283.81
-80.186,-112.19,-21.662,98.868,-28.452,-72.258,-113.82,-192.89,-480.0,-423.56,-329.07,-236.51
-64.066,-86.867,-14.17,77.713,-24.515,-55.659,-79.604,-126.16,-384.89,-346.66,-271.86,-195.48
-48.982,-67.04,-11.183,59.173,-20.315,-43.125,-51.019,-71.655,-303.83,-284.54,-226.38,-163.36
-37.279,-54.45,-9.8345,45.885,-17.269,-35.345,-27.828,-29.9,-235.63,-237.39,-192.47,-139.86
-29.91,-45.776,-8.4005,36.98,-15.795,-30.211,-9.9514,-0.12351,-183.44,-202.42,-167.89,-123.16
-26.691,-38.523,-6.0842,31.242,-15.341,-25.701,2.4283,19.012,-147.47,-176.2,-149.5,-111.33
-26.655,-31.896,-2.3153,27.893,-16.108,-20.811,9.6087,29.375,-121.2,-155.9,-134.28,-102.48
-28.418,-25.939,3.5153,26.087,-17.722,-15.273,12.374,34.115,-100.37,-139.62,-120.11,-95.134
-30.466,-20.972,4.9004,24.825,-18.842,-10.293,11.478,36.307,-83.908,-126.42,-106.15,-88.425
-31.047,-17.16,3.8341,23.141,-18.712,-7.5689,5.8682,37.851,-71.597,-115.8,-92.794,-81.859
-27.509,-14.423,4.6248,20.164,-17.474,-6.8243,-6.0489,39.258,-62.441,-107.05,-80.953,-75.027
-19.872,-11.405,5.4247,15.968,-15.806,-5.7425,-5.8799,42.595,-54.159,-99.092,-70.797,-67.598
-14.399,-8.3964,5.9768,12.15,-14.308,-4.5656,-3.9714,52.271,-43.61,-91.054,-61.568,-60.198
-11.758,-6.2634,6.4003,9.3654,-13.182,-3.6134,-2.8191,61.059,-29.397,-82.339,-52.876,-53.397
-10.298,-4.7644,6.8487,7.4378,-12.414,-2.8497,-2.2101,68.059,-15.536,-73.195,-44.728,-47.028
-9.3451,-3.6456,7.3612,6.0516,-11.943,-2.2206,-1.8612,73.837,-6.1311,-64.877,-37.346,-40.954
-8.6207,-2.7717,7.8553,4.9766,-11.671,-1.6992,-1.5848,78.891,-0.19286,-57.901,-31.133,-35.315
-7.9402,-2.0689,8.2197,4.0821,-11.423,-1.2736,-1.2854,83.534,4.0668,-51.979,-26.119,-30.377
-7.1816,-1.4877,8.3984,3.3122,-11.0,-0.93225,-0.91663,87.922,7.6227,-46.733,-22.004,-26.223
-6.342,-0.98905,8.4071,2.6543,-10.314,-0.65497,-0.44722,92.101,10.919,-41.924,-18.498,-22.66
-5.522,-0.54191,8.3101,2.1072,-9.4742,-0.41185,0.14236,96.055,14.16,-37.423,-15.448,-19.452
-4.8149,-0.12474,8.1939,1.663,-8.694,-0.17172,0.85044,99.743,17.452,-33.167,-12.792,-16.505
-4.2552,0.27309,8.1396,1.3062,-8.1292,0.085727,1.6543,103.16,20.869,-29.133,-10.498,-13.837
-3.8381,0.65214,8.1996,1.0191,-7.8169,0.36236,2.5191,106.32,24.463,-25.338,-8.535,-11.491
-3.5411,1.0066,8.3886,0.78407,-7.7227,0.64386,3.4051,109.31,28.275,-21.837,-6.8676,-9.4886
-3.3344,1.3297,8.6897,0.58492,-7.7906,0.91036,4.2746,112.16,32.334,-18.704,-5.4638,-7.8236
-3.1845,1.6187,9.0674,0.40596,-7.9612,1.1483,5.1004,114.87,36.655,-15.996,-4.2939,-6.4695
-3.057,1.8762,9.4792,0.23357,-8.171,1.3558,5.872,117.46,41.215,-13.727,-3.3309,-5.3849
-2.9216,2.1072,9.88,0.059127,-8.357,1.5382,6.5966,119.92,45.937,-11.861,-2.5478,-4.5218
-2.7574,2.3161,10.223,-0.11935,-8.4684,1.701,7.2968,122.26,50.717,-10.328,-1.9129,-3.8312
-2.5545,2.5061,10.469,-0.299,-8.4764,1.8451,8.0056,124.52,55.484,-9.0398,-1.3868,-3.2656
-2.3135,2.6802,10.593,-0.47604,-8.3739,1.9699,8.7582,126.7,60.241,-7.9041,-0.92367,-2.7812
-2.0434,2.8439,10.598,-0.64873,-8.1706,2.0779,9.5826,128.82,65.045,-6.842,-0.48014,-2.3422
-1.7603,3.0057,10.505,-0.81754,-7.8885,2.1774,10.49,130.83,69.937,-5.8006,-0.024437,-1.9262
-1.4823,3.175,10.346,-0.98364,-7.5587,2.2798,11.468,132.71,74.888,-4.7576,0.45996,-1.5255
-1.2245,3.3586,10.142,-1.1475,-7.2143,2.394,12.483,134.4,79.796,-3.7124,0.97788,-1.1445
-0.9938,3.5567,9.902,-1.3084,-6.8807,2.5198,13.492,135.88,84.531,-2.6677,1.5293,-0.79233
-0.78707,3.7599,9.6269,-1.4649,-6.5683,2.6423,14.464,137.16,88.999,-1.6125,2.1154,-0.47654
-0.59491,3.9505,9.3191,-1.6158,-6.2708,2.7345,15.388,138.33,93.18,-0.51404,2.743,-0.19906
-0.40721,4.1108,8.9859,-1.7613,-5.9717,2.7693,16.283,139.5,97.114,0.67926,3.4264,0.04517
-0.21757,4.2351,8.641,-1.9055,-5.6567,2.738,17.185,140.78,100.87,2.0279,4.1869,0.26727
-0.023266,4.3369,8.3098,-2.0567,-5.3259,2.6597,18.13,142.27,104.51,3.591,5.0508,0.48206
0.1789,4.446,8.0296,-2.2276,-4.9948,2.574,19.143,143.96,108.06,5.4197,6.0459,0.70498
0.3973,4.5967,7.8339,-2.4321,-4.6835,2.5218,20.228,145.81,111.52,7.5533,7.198,0.94906
0.64814,4.8165,7.7293,-2.6837,-4.4018,2.5292,21.371,147.74,114.89,10.014,8.5292,1.2228
0.95641,5.1221,7.6833,-2.9964,-4.1411,2.601,22.548,149.71,118.17,12.798,10.058,1.5295
1.3554,5.5237,7.639,-3.3884,-3.8779,2.7278,23.736,151.69,121.43,15.873,11.802,1.8683
1.8843,6.0352,7.5476,-3.8864,-3.5863,2.8994,24.92,153.7,124.77,19.191,13.78,2.2363
2.5802,6.6824,7.3985,-4.5268,-3.2523,3.1168,26.094,155.77,128.3,22.712,16.005,2.631
3.4632,7.5063,7.2295,-5.3516,-2.8807,3.3989,27.262,157.97,132.14,26.426,18.476,3.0527
4.5163,8.5598,7.1117,-6.3998,-2.4916,3.7801,28.431,160.31,136.36,30.356,21.166,3.5046
5.6802,9.8949,7.1157,-7.6933,-2.1104,4.2994,29.618,162.85,141.0,34.531,24.03,3.9931
6.8793,11.538,7.2768,-9.2233,-1.7551,4.9805,30.841,165.6,146.02,38.963,27.018,4.5278
8.0655,13.46,7.5742,-10.945,-1.4276,5.8118,32.134,168.58,151.35,43.647,30.09,5.1224
9.2407,15.569,7.9406,-12.791,-1.1137,6.7399,33.535,171.81,156.89,48.57,33.222,5.7961
10.447,17.742,8.3022,-14.697,-0.79378,7.6886,35.083,175.3,162.59,53.734,36.407,6.5715
11.737,19.865,8.6249,-16.616,-0.45777,8.5923,36.793,179.06,168.41,59.139,39.651,7.4714
13.151,21.872,8.9247,-18.525,-0.11312,9.4173,38.636,183.12,174.4,64.763,42.975,8.5129
14.694,23.738,9.2422,-20.412,0.21769,10.161,40.544,187.52,180.64,70.55,46.414,9.7044
16.337,25.473,9.6125,-22.269,0.50898,10.838,42.445,192.27,187.26,76.421,50.004,11.049
18.02,27.102,10.05,-24.094,0.74568,11.471,44.306,197.38,194.35,82.307,53.772,12.553
19.673,28.663,10.544,-25.899,0.93236,12.083,46.146,202.82,201.99,88.17,57.723,14.238
21.256,30.208,11.055,-27.709,1.0945,12.69,48.026,208.52,210.19,94.006,61.845,16.134
22.775,31.791,11.52,-29.564,1.2733,13.297,50.005,214.45,218.96,99.841,66.111,18.259
24.283,33.467,11.86,-31.512,1.5156,13.906,52.11,220.6,228.28,105.72,70.493,20.603
25.846,35.263,12.014,-33.589,1.8643,14.516,54.329,227.02,238.12,111.69,74.958,23.108
27.522,37.172,11.955,-35.8,2.3548,15.127,56.623,233.81,248.47,117.8,79.46,25.687
29.347,39.16,11.69,-38.112,3.0211,15.736,58.954,241.13,259.36,124.11,83.951,28.254
31.34,41.189,11.26,-40.457,3.9123,16.338,61.309,249.13,270.79,130.68,88.408,30.76
33.519,43.243,10.717,-42.763,5.1103,16.93,63.713,257.89,282.81,137.61,92.854,33.207
35.9,45.34,10.115,-44.98,6.722,17.521,66.222,267.36,295.47,144.93,97.354,35.64
38.495,47.529,9.4928,-47.09,8.8032,18.122,68.904,277.32,308.8,152.67,102.0,38.129
41.302,49.877,8.8715,-49.104,11.253,18.753,71.805,287.52,322.78,160.8,106.88,40.762
44.313,52.461,8.2565,-51.048,13.832,19.436,74.945,297.87,337.33,169.24,112.07,43.645
47.521,55.346,7.6444,-52.969,16.323,20.213,78.322,308.49,352.36,177.92,117.63,46.885
50.935,58.558,7.0295,-54.96,18.614,21.141,81.916,319.58,367.79,186.81,123.58,50.543
54.569,62.056,6.4186,-57.214,20.676,22.304,85.688,331.19,383.61,195.89,129.97,54.583
58.433,65.728,5.8357,-60.03,22.566,23.79,89.581,343.34,399.92,205.21,136.76,58.881
62.51,69.442,5.3088,-63.674,24.436,25.66,93.551,356.1,416.85,214.84,143.89,63.305
66.735,73.096,4.8586,-68.068,26.447,27.907,97.589,369.51,434.57,224.9,151.3,67.801
70.983,76.655,4.497,-72.746,28.633,30.44,101.71,383.54,453.13,235.53,158.97,72.41
75.133,80.159,4.2274,-77.275,30.92,33.132,105.92,398.0,472.44,246.81,166.93,77.233
79.161,83.731,4.0427,-81.535,33.251,35.887,110.22,412.58,492.26,258.75,175.26,82.397
83.176,87.544,3.9226,-85.652,35.645,38.675,114.59,426.96,512.29,271.26,184.04,88.021
87.388,91.735,3.8366,-89.839,38.156,41.509,118.98,440.96,532.27,284.22,193.33,94.194
92.037,96.325,3.7547,-94.308,40.81,44.409,123.36,454.65,552.07,297.45,203.14,100.95
97.295,101.25,3.6609,-99.21,43.57,47.374,127.66,468.21,571.63,310.84,213.47,108.24
103.14,106.45,3.5601,-104.59,46.352,50.381,131.83,481.96,590.98,324.32,224.27,115.94
109.33,111.88,3.4719,-110.38,49.107,53.396,135.88,496.28,610.18,337.87,235.46,123.91
115.46,117.56,3.4133,-116.45,51.877,56.387,139.83,511.26,629.29,351.54,246.93,132.0
121.31,123.5,3.3853,-122.68,54.755,59.338,143.76,526.54,648.32,365.41,258.6,140.21
126.91,129.66,3.3696,-128.94,57.783,62.246,147.68,541.43,667.21,379.56,270.37,148.61
132.5,135.99,3.3366,-135.14,60.908,65.133,151.49,555.43,685.79,394.05,282.2,157.39
138.36,142.38,3.2565,-141.28,64.038,68.032,154.98,568.33,703.82,408.86,294.08,166.68
144.58,148.74,3.1104,-147.42,67.109,70.976,157.93,580.14,721.1,423.94,306.04,176.58
151.1,154.99,2.8977,-153.63,70.117,73.966,160.29,590.94,737.47,439.16,318.09,187.01
157.68,161.11,2.6364,-159.89,73.104,76.976,162.11,600.84,752.84,454.42,330.22,197.75
164.01,167.09,2.3576,-166.08,76.102,79.96,163.51,609.86,767.19,469.6,342.36,208.52
169.81,172.91,2.0976,-171.99,79.096,82.874,164.58,618.02,780.53,484.61,354.37,219.01
175.02,178.5,1.888,-177.45,82.019,85.676,165.37,625.27,792.87,499.38,366.1,229.06
179.75,183.76,1.7454,-182.38,84.791,88.324,165.83,631.57,804.19,513.79,377.43,238.64
184.22,188.59,1.6647,-186.79,87.36,90.773,165.91,636.81,814.38,527.7,388.24,247.81
188.56,192.94,1.6184,-190.77,89.726,93.002,165.55,640.96,823.28,540.92,398.48,256.7
192.85,196.82,1.5644,-194.42,91.941,95.024,164.79,644.04,830.73,553.32,408.12,265.42
197.01,200.3,1.4614,-197.85,94.062,96.876,163.66,646.08,836.66,564.76,417.17,273.99
200.89,203.41,1.2847,-201.11,96.076,98.589,162.19,647.11,841.11,575.14,425.67,282.3
204.37,206.21,1.0349,-204.17,97.875,100.17,160.36,647.17,844.14,584.33,433.64,290.15
207.4,208.68,0.73293,-206.94,99.332,101.58,158.09,646.2,845.82,592.24,441.06,297.31
209.91,210.78,0.40273,-209.28,100.41,102.72,155.34,644.15,846.19,598.78,447.87,303.64
211.87,212.42,0.055135,-211.12,101.17,103.46,152.14,640.89,845.22,603.99,453.91,309.15
213.3,213.54,-0.3194,-212.43,101.74,103.66,148.61,636.33,842.78,607.92,459.09,313.94
214.29,214.1,-0.74821,-213.22,102.23,103.28,144.94,630.41,838.69,610.67,463.35,318.11
214.89,214.1,-1.2679,-213.53,102.76,102.39,141.24,623.12,832.74,612.33,466.73,321.77
215.1,213.55,-1.9103,-213.38,103.43,101.11,137.54,614.53,824.77,612.91,469.29,324.92
214.91,212.48,-2.6842,-212.77,104.31,99.546,133.81,604.7,814.86,612.42,471.07,327.53
214.34,210.91,-3.5625,-211.7,105.42,97.764,130.05,593.77,803.29,610.82,472.1,329.47
213.44,208.79,-4.4854,-210.15,106.65,95.767,126.28,581.96,790.41,608.0,472.31,330.58
212.21,206.09,-5.3755,-208.12,107.75,93.537,122.58,569.55,776.45,603.85,471.58,330.7
210.56,202.78,-6.1561,-205.59,108.39,91.069,119.01,556.74,761.48,598.33,469.68,329.7
208.23,198.91,-6.766,-202.54,108.31,88.408,115.57,543.5,745.39,591.47,466.35,327.49
204.98,194.62,-7.1709,-199.02,107.35,85.645,112.2,529.58,727.94,583.17,461.36,324.08
200.71,190.04,-7.3685,-195.06,105.46,82.894,108.76,514.55,708.86,573.23,454.57,319.58
195.55,185.26,-7.3878,-190.73,102.65,80.244,105.14,498.05,687.94,561.36,445.98,314.08
189.8,180.29,-7.2811,-186.07,98.981,77.74,101.29,480.08,665.14,547.38,435.72,307.69
183.78,175.09,-7.1042,-181.11,94.674,75.381,97.198,461.06,640.64,531.32,424.1,300.44
177.74,169.6,-6.8973,-175.82,90.112,73.127,92.956,441.6,614.88,513.49,411.52,292.35
171.8,163.71,-6.6817,-170.15,85.759,70.909,88.674,422.18,588.37,494.36,398.35,283.44
165.95,157.35,-6.4661,-164.06,81.964,68.638,84.43,403.0,561.55,474.41,384.85,273.73
160.12,150.55,-6.2517,-157.5,78.83,66.23,80.226,384.08,534.71,453.96,371.08,263.29
154.17,143.43,-6.0333,-150.52,76.218,63.642,76.029,365.32,507.94,433.17,356.94,252.24
148.0,136.27,-5.8037,-143.23,73.811,60.872,71.806,346.49,481.2,412.1,342.24,240.73
141.58,129.36,-5.5621,-135.88,71.241,57.932,67.544,327.33,454.33,390.78,326.78,228.92
134.96,122.87,-5.3206,-128.73,68.317,54.819,63.233,307.75,427.18,369.29,310.48,216.96
128.21,116.78,-5.1004,-121.97,65.11,51.505,58.86,287.9,399.75,347.76,293.51,204.97
121.4,110.91,-4.9223,-115.6,61.856,47.952,54.412,268.13,372.28,326.42,276.29,193.06
114.6,105.01,-4.7966,-109.48,58.75,44.146,49.859,248.9,345.2,305.51,259.37,181.31
107.79,98.94,-4.716,-103.41,55.788,40.134,45.147,230.54,318.98,285.22,243.31,169.82
100.91,92.68,-4.6573,-97.193,52.799,36.034,40.197,213.06,293.95,265.67,228.44,158.69
93.927,86.366,-4.5884,-90.772,49.577,32.007,34.93,196.22,270.22,246.82,214.81,147.95
86.88,80.09,-4.4793,-84.222,46.005,28.2,29.35,179.75,247.65,228.55,202.17,137.58
79.891,73.789,-4.3103,-77.715,42.113,24.726,23.697,163.57,225.96,210.69,190.13,127.56
73.146,67.404,-4.0766,-71.416,38.073,21.664,18.463,147.73,204.88,193.1,178.3,117.82
66.839,61.032,-3.7873,-65.405,34.114,19.045,14.097,132.34,184.26,175.77,166.42,108.36
61.109,54.872,-3.4615,-59.656,30.429,16.827,10.709,117.53,164.14,158.8,154.38,99.179
55.993,49.121,-3.1212,-54.135,27.12,14.906,8.118,103.4,144.75,142.41,142.29,90.368
51.411,43.919,-2.7845,-48.948,24.193,13.146,6.0747,90.055,126.37,126.87,130.4,82.034
47.216,39.339,-2.4618,-44.326,21.574,11.434,4.3818,77.603,109.24,112.42,119.03,74.28
43.294,35.37,-2.1576,-40.353,19.15,9.7475,2.9144,66.111,93.467,99.175,108.49,67.166
39.593,31.888,-1.8781,-36.845,16.822,8.1431,1.5984,55.601,78.981,87.117,98.928,60.677
36.055,28.644,-1.6373,-33.543,14.531,6.6868,0.38883,46.013,65.528,76.054,90.298,54.732
32.563,25.354,-1.4564,-30.307,12.252,5.3988,-0.74508,37.166,52.634,65.624,82.34,49.199
29.016,21.869,-1.3559,-27.113,10.038,4.2583,-1.8257,28.912,39.883,55.482,74.68,43.953
25.403,18.296,-1.3456,-23.938,8.0779,3.2323,-2.8671,21.602,28.01,45.765,66.995,38.945
21.772,14.899,-1.4208,-20.679,6.5479,2.2934,-3.8741,15.709,18.754,36.996,59.284,34.145
18.155,11.892,-1.5649,-17.238,5.4521,1.4262,-4.8426,11.034,12.322,29.3,51.94,29.392
14.581,9.3457,-1.7578,-13.709,4.6813,0.61976,-5.7626,7.1105,7.7014,22.544,45.331,24.495
11.207,7.2193,-1.9828,-10.43,4.1231,-0.1356,-6.622,3.6602,4.1006,16.769,39.45,19.612
8.3324,5.4446,-2.2284,-7.7275,3.6988,-0.84653,-7.4111,0.56783,1.0763,12.037,34.089,15.22
6.1661,3.9672,-2.4874,-5.6997,3.3613,-1.5138,-8.125,-2.2234,-1.6398,8.2668,29.098,11.64
4.6571,2.7467,-2.756,-4.2478,3.0849,-2.1332,-8.7651,-4.7581,-4.2245,5.2752,24.43,8.8633
3.6221,1.7441,-3.0325,-3.2112,2.856,-2.7014,-9.3391,-7.0764,-6.7949,2.8696,20.106,6.7239
2.896,0.91808,-3.3149,-2.4526,2.6664,-3.22,-9.8582,-9.2119,-9.4215,0.89033,16.181,5.0486
2.3697,0.229,-3.5971,-1.8774,2.5081,-3.6957,-10.332,-11.186,-12.13,-0.78327,12.71,3.7052
1.9749,-0.35503,-3.8634,-1.4253,2.37,-4.1349,-10.76,-13.005,-14.897,-2.2406,9.716,2.6
1.6646,-0.85561,-4.0882,-1.0579,2.2347,-4.5369,-11.132,-14.662,-17.658,-3.5489,7.1708,1.6679
1.4023,-1.2842,-4.2391,-0.75015,2.0799,-4.8915,-11.426,-16.147,-20.324,-4.7608,5.009,0.86621
1.1589,-1.645,-4.2881,-0.48531,1.8866,-5.1811,-11.614,-17.455,-22.815,-5.9187,3.157,0.16817
0.91357,-1.9403,-4.2248,-0.25221,1.6479,-5.3894,-11.674,-18.595,-25.072,-7.0556,1.5493,-0.44486
0.65773,-2.176,-4.0662,-0.042668,1.3749,-5.5116,-11.6,-19.591,-27.061,-8.1918,0.12635,-0.99152
0.3959,-2.3646,-3.8526,0.15032,1.093,-5.5598,-11.4,-20.473,-28.77,-9.3308,-1.1756,-1.4959
0.14042,-2.5239,-3.6333,0.33361,0.83069,-5.5581,-11.093,-21.263,-30.191,-10.46,-2.4276,-1.9875
-0.098144,-2.6715,-3.4461,0.51419,0.60472,-5.5308,-10.702,-21.965,-31.319,-11.557,-3.6996,-2.4954
-0.31963,-2.8188,-3.302,0.6992,0.41052,-5.4911,-10.243,-22.567,-32.15,-12.598,-5.0461,-3.041
-0.53773,-2.9687,-3.1796,0.89589,0.22051,-5.4357,-9.7215,-23.047,-32.688,-13.569,-6.4939,-3.6343
-0.77724,-3.1177,-3.0325,1.1115,-0.0089825,-5.3509,-9.1378,-23.387,-32.941,-14.469,-8.0382,-4.2742
-1.0661,-3.2609,-2.8114,1.3524,-0.32279,-5.223,-8.4929,-23.584,-32.929,-15.31,-9.6466,-4.9541
-1.4248,-3.3973,-2.4854,1.6224,-0.74757,-5.0504,-7.7944,-23.653,-32.673,-16.108,-11.27,-5.6667
-1.8557,-3.5326,-2.0563,1.9202,-1.2765,-4.8483,-7.0587,-23.62,-32.195,-16.875,-12.854,-6.4083
-2.339,-3.6781,-1.561,2.2385,-1.8674,-4.6447,-6.3065,-23.509,-31.519,-17.616,-14.351,-7.1797
-2.8377,-3.8459,-1.0585,2.5657,-2.4574,-4.4698,-5.5584,-23.334,-30.673,-18.334,-15.732,-7.9858
-3.3138,-4.0445,-0.60747,2.8897,-2.9864,-4.3454,-4.8288,-23.092,-29.69,-19.032,-16.99,-8.8324
-3.7451,-4.2753,-0.242,3.2028,-3.4207,-4.2774,-4.1244,-22.773,-28.613,-19.712,-18.141,-9.7228
-4.1317,-4.5316,0.037563,3.5034,-3.7636,-4.2555,-3.4439,-22.356,-27.48,-20.37,-19.211,-10.655
-4.4901,-4.8013,0.25463,3.7943,-4.0458,-4.2596,-2.7807,-21.825,-26.316,-20.995,-20.221,-11.617
-4.8392,-5.0696,0.436,4.0785,-4.3019,-4.2684,-2.1276,-21.164,-25.125,-21.569,-21.186,-12.594
-5.19,-5.3233,0.59577,4.3552,-4.5499,-4.269,-1.4814,-20.367,-23.885,-22.07,-22.102,-13.565
-5.5386,-5.5528,0.72644,4.6187,-4.783,-4.2619,-0.84588,-19.431,-22.565,-22.478,-22.957,-14.513
-5.8666,-5.7533,0.8022,4.8582,-4.9741,-4.2581,-0.23112,-18.353,-21.139,-22.776,-23.739,-15.426
-6.1464,-5.9234,0.79227,5.0619,-5.0882,-4.272,0.35133,-17.134,-19.606,-22.955,-24.438,-16.292
-6.3538,-6.0643,0.67953,5.2222,-5.0985,-4.3123,0.89477,-15.778,-17.995,-23.012,-25.047,-17.096
-6.4815,-6.1771,0.47776,5.3394,-5.0042,-4.3771,1.4016,-14.296,-16.359,-22.943,-25.563,-17.813
-6.5447,-6.2614,0.23688,5.4225,-4.8412,-4.4527,1.883,-12.704,-14.761,-22.744,-25.981,-18.418
-6.5771,-6.3158,0.029785,5.4852,-4.6738,-4.5198,2.3537,-11.021,-13.252,-22.402,-26.295,-18.893
-6.6157,-6.3393,-0.073424,5.5401,-4.568,-4.5595,2.8264,-9.2607,-11.863,-21.904,-26.505,-19.236
-6.6851,-6.3336,-0.029133,5.5938,-4.5659,-4.5598,3.3079,-7.4257,-10.601,-21.24,-26.612,-19.466
-6.7888,-6.3035,0.16784,5.6456,-4.6726,-4.5186,3.7989,-5.5099,-9.4527,-20.417,-26.619,-19.61
-6.9115,-6.2542,0.48624,5.6908,-4.8594,-4.4429,4.2959,-3.5021,-8.3969,-19.465,-26.534,-19.694
-7.031,-6.1908,0.87274,5.725,-5.0811,-4.3453,4.7927,-1.3994,-7.4092,-18.437,-26.364,-19.731
-7.1323,-6.1166,1.2741,5.7501,-5.2988,-4.2378,5.2824,0.7792,-6.4686,-17.397,-26.123,-19.723
-7.2158,-6.033,1.6565,5.7749,-5.4962,-4.1279,5.7579,2.9852,-5.56,-16.396,-25.828,-19.663
-7.2946,-5.941,2.0102,5.8101,-5.6783,-4.0173,6.2144,5.1473,-4.6739,-15.456,-25.491,-19.538
-7.3837,-5.8415,2.3407,5.8616,-5.8586,-3.9041,6.6503,7.1963,-3.8051,-14.56,-25.113,-19.335
-7.4903,-5.7372,2.655,5.9257,-6.0452,-3.7867,7.0667,9.0908,-2.9509,-13.657,-24.677,-19.044
-7.6081,-5.6324,2.9533,5.9886,-6.2344,-3.6668,7.4643,10.835,-2.1097,-12.694,-24.152,-18.658
-7.7181,-5.5309,3.2239,6.0314,-6.4105,-3.55,7.8403,12.467,-1.283,-11.636,-23.501,-18.176
-7.7936,-5.4363,3.4412,6.0365,-6.5478,-3.4459,8.1871,14.032,-0.47527,-10.482,-22.693,-17.598
-7.8069,-5.3515,3.5711,5.9938,-6.614,-3.3664,8.4938,15.55,0.30416,-9.267,-21.714,-16.926
-7.7358,-5.2786,3.581,5.9021,-6.5752,-3.322,8.7493,17.003,1.0425,-8.039,-20.574,-16.158
-7.5678,-5.2182,3.4523,5.7677,-6.4052,-3.3189,8.9465,18.333,1.7265,-6.8484,-19.301,-15.294
-7.303,-5.168,3.1875,5.5991,-6.0971,-3.3558,9.0838,19.473,2.3467,-5.7358,-17.932,-14.341
-6.9518,-5.1207,2.8091,5.4023,-5.6668,-3.4231,9.1642,20.371,2.9023,-4.7283,-16.498,-13.322
-6.5297,-5.0646,2.3508,5.1778,-5.1475,-3.5054,9.1921,21.014,3.401,-3.8374,-15.016,-12.272
-6.0536,-4.9884,1.8462,4.9231,-4.5774,-3.5869,9.1704,21.432,3.8588,-3.059,-13.489,-11.231
-5.5354,-4.8834,1.3203,4.6358,-3.9873,-3.6556,9.0998,21.676,4.2987,-2.3745,-11.909,-10.232
-4.9817,-4.747,0.7868,4.3162,-3.3943,-3.707,8.9802,21.799,4.744,-1.7554,-10.277,-9.2896
-4.3956,-4.5824,0.25142,3.9693,-2.8022,-3.743,8.8121,21.836,5.2126,-1.1684,-8.5974,-8.3967
-3.7833,-4.3946,-0.2802,3.6044,-2.2108,-3.7665,8.5977,21.801,5.7115,-0.58058,-6.8901,-7.5298
-3.1589,-4.1881,-0.79601,3.2325,-1.6251,-3.7761,8.3404,21.691,6.2353,0.034187,-5.1816,-6.6631
-2.5438,-3.964,-1.2761,2.8631,-1.0606,-3.7654,8.0452,21.504,6.7692,0.69314,-3.5033,-5.7839
-1.9587,-3.7214,-1.697,2.502,-0.53769,-3.7251,7.7191,21.24,7.2935,1.4005,-1.8883,-4.8998
-1.4176,-3.4594,-2.0391,2.1519,-0.074005,-3.6478,7.3707,20.913,7.7898,2.1463,-0.36665,-4.0341
-0.92578,-3.1794,-2.2915,1.814,0.32086,-3.5324,7.0083,20.543,8.2435,2.9071,1.0369,-3.2141
-0.48349,-2.8854,-2.453,1.49,0.64587,-3.3829,6.6366,20.145,8.6463,3.6513,2.3037,-2.4632
-0.090504,-2.5828,-2.5288,1.1829,0.90557,-3.2068,6.2541,19.722,8.9959,4.3458,3.4197,-1.7931
0.25185,-2.2786,-2.5278,0.89639,1.1074,-3.0118,5.8586,19.265,9.2976,4.9665,4.3757,-1.2019
0.54196,-1.9811,-2.4614,0.6343,1.2616,-2.8054,5.4494,18.753,9.5618,5.5068,5.1692,-0.67506
0.78139,-1.6986,-2.3454,0.39891,1.3813,-2.5957,5.0332,18.168,9.8015,5.9823,5.8085,-0.18939
0.9774,-1.4393,-2.1994,0.19045,1.4827,-2.3926,4.6194,17.504,10.029,6.4252,6.3142,0.27955
1.1421,-1.2096,-2.0444,0.0073462,1.5814,-2.2072,4.221,16.774,10.252,6.8729,6.716,0.74937
1.2885,-1.0136,-1.9006,-0.15262,1.6886,-2.05,3.8475,16.007,10.466,7.3514,7.0472,1.2253
1.4254,-0.85224,-1.7823,-0.29061,1.8077,-1.9283,3.5011,15.242,10.662,7.8677,7.3362,1.7001
1.5543,-0.72416,-1.6969,-0.40585,1.9334,-1.8436,3.1756,14.513,10.821,8.4088,7.6008,2.1584
1.6702,-0.62667,-1.6462,-0.49614,2.0535,-1.792,2.8565,13.837,10.923,8.9459,7.8466,2.5826
1.7649,-0.55528,-1.6298,-0.56027,2.1564,-1.766,2.5233,13.207,10.946,9.4416,8.0706,2.9601
1.8338,-0.50624,-1.6491,-0.60005,2.2366,-1.7596,2.1525,12.603,10.869,9.8586,8.2657,3.2848
1.8801,-0.47624,-1.7104,-0.62066,2.2988,-1.7714,1.724,12.0,10.676,10.166,8.4248,3.5586
1.9142,-0.46224,-1.8213,-0.62982,2.3553,-1.8039,1.2285,11.382,10.362,10.344,8.541,3.7886
1.9489,-0.46147,-1.9851,-0.63543,2.4199,-1.8609,0.67252,10.741,9.9363,10.384,8.6077,3.9809
1.9924,-0.47172,-2.1947,-0.64268,2.5001,-1.9445,0.077671,10.08,9.4183,10.293,8.6208,4.137
2.043,-0.49174,-2.4293,-0.6519,2.5924,-2.0502,-0.52571,9.4054,8.8338,10.089,8.5822,4.2543
2.0888,-0.52118,-2.6574,-0.65846,2.6829,-2.1674,-1.1092,8.7249,8.2083,9.7993,8.503,4.33
2.1127,-0.55997,-2.8443,-0.65524,2.7522,-2.2815,-1.6539,8.0434,7.5631,9.4451,8.4014,4.365
2.1025,-0.60697,-2.963,-0.63679,2.784,-2.3782,-2.157,7.3638,6.9139,9.0368,8.2988,4.3633
2.0572,-0.65848,-3.0005,-0.60273,2.7708,-2.4485,-2.6258,6.6879,6.2707,8.5731,8.2157,4.3314
1.9863,-0.70759,-2.9594,-0.55897,2.7154,-2.4892,-3.0699,6.0176,5.6384,8.0504,8.1663,4.2729
1.9026,-0.74329,-2.8527,-0.51512,2.6282,-2.5005,-3.4979,5.3534,5.0173,7.4709,8.155,4.1871
1.816,-0.75345,-2.6959,-0.48027,2.5225,-2.4836,-3.9162,4.6938,4.4063,6.846,8.1752,4.0696
1.7294,-0.72894,-2.5012,-0.45918,2.4087,-2.4395,-4.3318,4.0348,3.8036,6.1918,8.212,3.9151
1.6393,-0.66798,-2.2752,-0.45038,2.2911,-2.3692,-4.7491,3.3732,3.2085,5.5247,8.2484,3.7208
1.5387,-0.57796,-2.0202,-0.44654,2.1679,-2.2757,-5.173,2.7083,2.6228,4.8605,8.2717,3.4898
1.421,-0.47347,-1.7379,-0.43754,2.0338,-2.1655,-5.6059,2.0435,2.0506,4.2169,8.2799,3.2337
1.2842,-0.37113,-1.4313,-0.41476,1.8845,-2.0471,-6.0474,1.3848,1.4983,3.6129,8.2817,2.9713
1.1324,-0.28389,-1.1049,-0.37479,1.7209,-1.9293,-6.4952,0.7402,0.97482,3.0661,8.2916,2.7232
0.97551,-0.21762,-0.76466,-0.3204,1.5514,-1.8183,-6.9429,0.11917,0.49178,2.5885,8.3227,2.505
0.82566,-0.17145,-0.41948,-0.25833,1.3883,-1.7176,-7.3755,-0.46739,0.063538,2.1844,8.3805,2.3233
0.69218,-0.14091,-0.082245,-0.19521,1.243,-1.6285,-7.768,-1.0098,-0.29576,1.8497,8.4597,2.1759
0.57748,-0.12167,0.23225,-0.134,1.1211,-1.5503,-8.0916,-1.5029,-0.57732,1.5727,8.5436,2.0552
0.47618,-0.1119,0.50886,-0.072759,1.0213,-1.4807,-8.3269,-1.9479,-0.78206,1.337,8.6074,1.9525
0.37847,-0.11248,0.73348,-0.0063127,0.93826,-1.4178,-8.4745,-2.3535,-0.92065,1.1243,8.6257,1.8604
0.27581,-0.1253,0.89381,0.069951,0.86723,-1.3603,-8.5541,-2.7334,-1.0094,0.91841,8.584,1.7736
0.16574,-0.15073,0.981,0.15622,0.80761,-1.3083,-8.591,-3.1044,-1.0653,0.70896,8.4865,1.6868
0.052529,-0.18587,0.99364,0.24676,0.76234,-1.262,-8.6087,-3.4825,-1.1022,0.49407,8.3562,1.5927
-0.056492,-0.2248,0.94304,0.33179,0.73312,-1.2196,-8.624,-3.8805,-1.1302,0.28053,8.2238,1.4818
-0.15623,-0.26135,0.85524,0.40195,0.71494,-1.1769,-8.6465,-4.3061,-1.1557,0.080798,8.1138,1.3442
-0.2474,-0.29348,0.76495,0.45285,0.69501,-1.1298,-8.6895,-4.7618,-1.1821,-0.092392,8.0364,1.1735
-0.33633,-0.32697,0.70248,0.48759,0.65821,-1.0789,-8.7653,-5.2466,-1.2099,-0.23165,7.9886,0.97022
-0.43171,-0.37586,0.6815,0.51605,0.59488,-1.0323,-8.8891,-5.758,-1.2375,-0.33801,7.9624,0.74401
-0.54065,-0.45792,0.69662,0.55132,0.50538,-1.0046,-9.0696,-6.293,-1.2616,-0.42026,7.9526,0.51215
-0.6662,-0.58665,0.73087,0.60487,0.39906,-1.0089,-9.3028,-6.847,-1.2766,-0.49122,7.9591,0.29557
-0.80665,-0.76407,0.7648,0.68255,0.28936,-1.0495,-9.57,-7.415,-1.275,-0.56336,7.9848,0.11318
-0.956,-0.97846,0.77999,0.78286,0.18925,-1.1196,-9.8435,-7.9944,-1.248,-0.64553,8.0314,-0.023517
-1.1047,-1.2079,0.75975,0.89746,0.10906,-1.2058,-10.095,-8.5888,-1.189,-0.74231,8.0944,-0.11397
-1.2408,-1.4272,0.68964,1.0136,0.05674,-1.294,-10.304,-9.2071,-1.0986,-0.8551,8.1597,-0.16911
-1.3514,-1.6153,0.55784,1.1178,0.038518,-1.3755,-10.46,-9.8607,-0.98807,-0.98362,8.2029,-0.2081
-1.4261,-1.761,0.35821,1.1994,0.058621,-1.4492,-10.563,-10.557,-0.87791,-1.1264,8.1934,-0.25095
-1.4603,-1.8651,0.091198,1.2548,0.11748,-1.5214,-10.62,-11.296,-0.79164,-1.2802,8.1017,-0.31245
-1.4581,-1.9382,-0.23151,1.288,0.20932,-1.601,-10.645,-12.066,-0.74699,-1.4399,7.9122,-0.39679
-1.4319,-1.9964,-0.58537,1.3088,0.32134,-1.6949,-10.662,-12.851,-0.74935,-1.5984,7.6355,-0.4983
-1.3974,-2.0543,-0.93657,1.3279,0.43763,-1.8057,-10.698,-13.632,-0.79086,-1.7494,7.3066,-0.60708
-1.3663,-2.1217,-1.2505,1.3519,0.54587,-1.9296,-10.783,-14.391,-0.85504,-1.8896,6.9739,-0.71593
-1.3411,-2.2003,-1.5007,1.3816,0.64251,-2.0581,-10.945,-15.114,-0.92337,-2.0219,6.6767,-0.82381
-1.3151,-2.2844,-1.6757,1.4124,0.73252,-2.1798,-11.205,-15.783,-0.98058,-2.1534,6.4252,-0.93431
-1.2774,-2.3643,-1.7819,1.4386,0.82506,-2.2843,-11.565,-16.377,-1.0179,-2.292,6.1948,-1.0506
-1.2189,-2.4302,-1.8407,1.4554,0.9292,-2.3659,-12.008,-16.87,-1.0338,-2.4416,5.9371,-1.1704
-1.1359,-2.4753,-1.882,1.4605,1.0511,-2.4241,-12.492,-17.24,-1.0348,-2.5984,5.6035,-1.2859
-1.0303,-2.4953,-1.9333,1.4527,1.192,-2.4623,-12.959,-17.477,-1.0343,-2.7532,5.166,-1.3854
-0.90821,-2.4875,-2.0111,1.4307,1.3462,-2.4849,-13.353,-17.583,-1.0498,-2.8968,4.6251,-1.4627
-0.78015,-2.4498,-2.1156,1.3937,1.5006,-2.4948,-13.633,-17.577,-1.099,-3.0262,4.0119,-1.5214
-0.66027,-2.384,-2.2326,1.3429,1.6365,-2.4925,-13.784,-17.485,-1.1947,-3.1478,3.3652,-1.5763
-0.56429,-2.2955,-2.3393,1.2826,1.7351,-2.4777,-13.828,-17.335,-1.345,-3.2766,2.7175,-1.648
-0.50344,-2.1927,-2.4133,1.2184,1.785,-2.4493,-13.808,-17.157,-1.5532,-3.4311,2.0847,-1.7555
-0.47794,-2.0839,-2.4421,1.1542,1.7882,-2.4065,-13.775,-16.971,-1.8174,-3.6258,1.465,-1.908
-0.47423,-1.9747,-2.429,1.0914,1.7613,-2.3485,-13.769,-16.792,-2.1307,-3.8657,0.84611,-2.1013
-0.46947,-1.8689,-2.3911,1.0296,1.7289,-2.2772,-13.801,-16.624,-2.4798,-4.1428,0.21614,-2.3191
-0.44274,-1.7695,-2.3501,0.96759,1.7121,-2.1969,-13.857,-16.463,-2.8439,-4.4398,-0.42434,-2.5381
-0.38497,-1.6792,-2.3207,0.9055,1.7181,-2.1133,-13.904,-16.3,-3.1968,-4.7352,-1.0563,-2.736
-0.30286,-1.5989,-2.3019,0.84484,1.7372,-2.0288,-13.906,-16.119,-3.5107,-5.0102,-1.645,-2.8961
-0.21496,-1.525,-2.2768,0.78766,1.747,-1.9406,-13.837,-15.906,-3.7626,-5.2518,-2.154,-3.0115
-0.14306,-1.4484,-2.2202,0.73524,1.7225,-1.8408,-13.683,-15.654,-3.9396,-5.4543,-2.5584,-3.0855
-0.10439,-1.3576,-2.1097,0.68742,1.6453,-1.72,-13.439,-15.366,-4.0417,-5.6174,-2.8562,-3.1274
-0.10659,-1.2443,-1.9349,0.64349,1.5105,-1.573,-13.106,-15.055,-4.08,-5.7449,-3.0713,-3.1476
-0.14641,-1.1088,-1.7026,0.60352,1.329,-1.4031,-12.692,-14.746,-4.0737,-5.8416,-3.2431,-3.1536
-0.21141,-0.96098,-1.4345,0.56896,1.1245,-1.222,-12.208,-14.47,-4.0431,-5.9115,-3.4108,-3.1498
-0.2836,-0.81602,-1.161,0.53998,0.92817,-1.0455,-11.667,-14.259,-4.0079,-5.9578,-3.6028,-3.1398
-0.34485,-0.68763,-0.91072,0.51369,0.7693,-0.8872,-11.084,-14.137,-3.978,-5.9839,-3.835,-3.1289
-0.38314,-0.58441,-0.70115,0.48564,0.66635,-0.75451,-10.481,-14.11,-3.9493,-5.9948,-4.1164,-3.1245
-0.39712,-0.51032,-0.53349,0.45409,0.62072,-0.65014,-9.8869,-14.163,-3.9047,-5.9955,-4.4571,-3.1338
-0.397,-0.46891,-0.39675,0.42388,0.61774,-0.57608,-9.3383,-14.266,-3.823,-5.9875,-4.8687,-3.1582
-0.39974,-0.46553,-0.27862,0.40626,0.63505,-0.53739,-8.8685,-14.378,-3.6903,-5.9647,-5.3673,-3.1897
-0.4219,-0.50588,-0.17718,0.41456,0.65449,-0.54191,-8.496,-14.46,-3.5082,-5.9136,-5.9583,-3.2117
-0.47225,-0.59371,-0.10676,0.45809,0.67117,-0.59728,-8.2181,-14.475,-3.2914,-5.8186,-6.6305,-3.2034
-0.54845,-0.72781,-0.094478,0.53752,0.69508,-0.70655,-8.0117,-14.404,-3.0592,-5.6703,-7.3546,-3.148
-0.63825,-0.90008,-0.16861,0.64474,0.74428,-0.86471,-7.8398,-14.235,-2.8271,-5.4724,-8.0885,-3.0392
-0.72469,-1.0953,-0.3453,0.76505,0.83359,-1.058,-7.6607,-13.968,-2.599,-5.2441,-8.7887,-2.8833
-0.7921,-1.2936,-0.62094,0.88179,0.96644,-1.2666,-7.4394,-13.609,-2.3726,-5.0135,-9.4235,-2.6945
-0.82946,-1.4749,-0.9739,0.98063,1.1349,-1.4709,-7.1594,-13.167,-2.1428,-4.8086,-9.9818,-2.4866
-0.83154,-1.6251,-1.3732,1.0526,1.3248,-1.6579,-6.8311,-12.66,-1.9083,-4.6483,-10.475,-2.2687
-0.79816,-1.7391,-1.7872,1.0956,1.5206,-1.8249,-6.4889,-12.115,-1.6747,-4.5391,-10.928,-2.0453
-0.73415,-1.8207,-2.1868,1.1131,1.706,-1.9775,-6.1786,-11.564,-1.4526,-4.4779,-11.367,-1.8195
-0.64885,-1.8771,-2.5427,1.1116,1.8639,-2.1221,-5.9393,-11.036,-1.2521,-4.4552,-11.805,-1.5956
-0.55451,-1.9133,-2.8239,1.0958,1.9763,-2.2573,-5.7901,-10.542,-1.078,-4.4569,-12.239,-1.3797
-0.46356,-1.9276,-3.0013,1.0668,2.0282,-2.3697,-5.7246,-10.075,-0.9274,-4.4642,-12.642,-1.1783
-0.38623,-1.9124,-3.0568,1.0219,2.0135,-2.4369,-5.7158,-9.6107,-0.78987,-4.4572,-12.978,-0.99642
-0.3279,-1.8581,-2.9932,0.9584,1.9394,-2.4368,-5.7281,-9.1139,-0.6527,-4.4214,-13.209,-0.83592
-0.28598,-1.7607,-2.8346,0.87782,1.827,-2.3584,-5.7289,-8.5551,-0.50335,-4.3529,-13.309,-0.6943
-0.24952,-1.6262,-2.6192,0.78767,1.7048,-2.2091,-5.6949,-7.9179,-0.33592,-4.2643,-13.269,-0.56392
-0.20507,-1.4718,-2.3891,0.69906,1.5973,-2.0144,-5.6109,-7.2047,-0.15301,-4.1772,-13.091,-0.43339
-0.14562,-1.3194,-2.1796,0.62223,1.5152,-1.8091,-5.4649,-6.4347,0.037363,-4.1107,-12.791,-0.292
-0.075095,-1.1854,-2.009,0.56257,1.4539,-1.6242,-5.2454,-5.634,0.22772,-4.0722,-12.39,-0.13596
-0.00646,-1.0734,-1.8703,0.51865,1.3973,-1.4753,-4.9402,-4.8277,0.41599,-4.0533,-11.918,0.027237
0.045165,-0.97411,-1.7334,0.48268,1.3232,-1.3594,-4.5389,-4.0335,0.6059,-4.0345,-11.41,0.17995
0.068049,-0.87144,-1.5596,0.44388,1.2088,-1.2599,-4.036,-3.2621,0.80281,-3.9936,-10.913,0.30088
0.056224,-0.75204,-1.3221,0.39447,1.0385,-1.1577,-3.4345,-2.52,1.0083,-3.9141,-10.469,0.37415
0.010056,-0.61298,-1.0232,0.33471,0.81428,-1.0415,-2.7473,-1.8129,1.2176,-3.7894,-10.111,0.39585
-0.063075,-0.4633,-0.69845,0.27243,0.56173,-0.91416,-1.9948,-1.1481,1.4197,-3.6208,-9.8598,0.37447
-0.1484,-0.31906,-0.40652,0.21712,0.32607,-0.79092,-1.2007,-0.5337,1.6059,-3.4132,-9.7117,0.32582
-0.22553,-0.19542,-0.20776,0.17346,0.15609,-0.69084,-0.38697,0.024087,1.7721,-3.1709,-9.6441,0.26409
-0.274,-0.10026,-0.13827,0.13909,0.083965,-0.62585,0.42933,0.52422,1.9201,-2.8962,-9.6234,0.198
-0.28143,-0.032327,-0.19251,0.10744,0.11249,-0.59361,1.2372,0.97315,2.0554,-2.5881,-9.618,0.13172
-0.24945,0.015769,-0.32587,0.072876,0.21537,-0.57899,2.0303,1.3841,2.1835,-2.2445,-9.6081,0.06911
-0.19312,0.052074,-0.47442,0.034605,0.34852,-0.56237,2.8045,1.7719,2.3047,-1.8658,-9.5888,0.016723
-0.13427,0.080495,-0.57891,-0.0029916,0.4674,-0.52949,3.557,2.1453,2.4167,-1.4607,-9.5663,-0.017343
-0.093086,0.098746,-0.60317,-0.033169,0.54293,-0.47771,4.2859,2.5028,2.5148,-1.0496,-9.5495,-0.027139
-0.081737,0.10004,-0.5422,-0.049968,0.56899,-0.41723,4.9891,2.8346,2.5948,-0.66006,-9.5432,-0.011412
-0.10248,0.078171,-0.41673,-0.050984,0.55895,-0.36392,5.6618,3.1295,2.6567,-0.31741,-9.5448,0.026294
-0.15047,0.033319,-0.25706,-0.038787,0.53425,-0.32931,6.2969,3.3822,2.7065,-0.034748,-9.5456,0.078744
-0.21931,-0.025772,-0.088968,-0.019999,0.51151,-0.31396,6.8814,3.5985,2.7556,0.19417,-9.5357,0.13621
-0.30539,-0.08433,0.069799,-0.0017654,0.49526,-0.30832,7.4019,3.7907,2.8169,0.38904,-9.5079,0.18801
-0.40886,-0.12958,0.20757,0.013067,0.48,-0.29996,7.8509,3.9728,2.8988,0.57166,-9.4598,0.22518
-0.532,-0.15887,0.31638,0.028378,0.45771,-0.28223,8.2315,4.1532,2.9996,0.75304,-9.3929,0.24373
-0.67657,-0.18372,0.38937,0.054377,0.42341,-0.2591,8.5595,4.3297,3.1066,0.9309,-9.3102,0.24659
-0.84242,-0.22473,0.41981,0.10355,0.37559,-0.24386,8.859,4.4916,3.2018,1.0909,-9.2129,0.24267
-1.026,-0.30276,0.40396,0.18508,0.31602,-0.25242,9.1534,4.6267,3.2701,1.2156,-9.0951,0.24293
-1.2194,-0.4291,0.34558,0.3001,0.25024,-0.29548,9.4552,4.7321,3.3081,1.2937,-8.9485,0.25549
-1.4111,-0.60067,0.2573,0.44011,0.18734,-0.37408,9.7588,4.8152,3.3256,1.3265,-8.7614,0.28206
-1.588,-0.80274,0.15675,0.59029,0.13753,-0.48073,10.039,4.8924,3.3396,1.3259,-8.5239,0.31785
-1.7396,-1.0167,0.060076,0.73568,0.10823,-0.60447,10.263,4.9824,3.3654,1.3091,-8.2343,0.35396
-1.8616,-1.2278,-0.02386,0.86682,0.10125,-0.7359,10.411,5.0995,3.4047,1.291,-7.9023,0.38249
-1.9558,-1.428,-0.097619,0.98139,0.11363,-0.86976,10.481,5.2505,3.4458,1.2789,-7.5469,0.39911
-2.027,-1.6148,-0.17641,1.0818,0.14253,-1.005,10.497,5.4348,3.4688,1.271,-7.1895,0.40396
-2.0767,-1.787,-0.28384,1.1702,0.19035,-1.1435,10.493,5.6474,3.4554,1.2573,-6.8465,0.40015
-2.0997,-1.9401,-0.44224,1.2445,0.26486,-1.2855,10.5,5.8836,3.3996,1.2231,-6.5263,0.39468
-2.0865,-2.0649,-0.6614,1.2972,0.37382,-1.4268,10.535,6.1439,3.3089,1.1556,-6.2321,0.39735
-2.0287,-2.1484,-0.93172,1.3182,0.51817,-1.5573,10.6,6.4345,3.2028,1.0499,-5.9662,0.41941
-1.9244,-2.1789,-1.226,1.2999,0.6891,-1.6632,10.685,6.7632,3.1057,0.91222,-5.7345,0.46958
-1.7815,-2.1531,-1.5094,1.2416,0.87076,-1.7334,10.779,7.1318,3.0376,0.75941,-5.5476,0.54863
-1.6155,-2.0811,-1.7529,1.1523,1.0465,-1.7656,10.868,7.5311,3.0101,0.61446,-5.4186,0.64638
-1.4458,-1.9846,-1.9418,1.0477,1.2051,-1.7685,10.947,7.9395,3.0244,0.49869,-5.3593,0.74405
-1.2895,-1.8899,-2.0771,0.94561,1.3435,-1.7571,11.01,8.3317,3.0733,0.42409,-5.3764,0.82129
-1.1579,-1.8177,-2.1692,0.85993,1.465,-1.745,11.045,8.6862,3.1445,0.38883,-5.4687,0.86439
-1.0549,-1.7752,-2.229,0.79718,1.5742,-1.7364,11.033,8.9924,3.2231,0.37868,-5.6271,0.87099
-0.9782,-1.7543,-2.2612,0.75559,1.6727,-1.7238,10.954,9.2531,3.2945,0.3713,-5.8362,0.8488
-0.9226,-1.7372,-2.2617,0.72759,1.7571,-1.6925,10.793,9.4815,3.3462,0.34414,-6.0789,0.81007
-0.88393,-1.7043,-2.2214,0.70386,1.819,-1.6282,10.552,9.6943,3.3689,0.28318,-6.3392,0.76559
-0.86136,-1.6407,-2.1316,0.67694,1.8464,-1.523,10.259,9.9052,3.3583,0.18634,-6.6044,0.72082
-0.85836,-1.5402,-1.9875,0.64357,1.8263,-1.377,9.9557,10.121,3.3139,0.061408,-6.8664,0.67468
-0.88346,-1.405,-1.7853,0.60556,1.7456,-1.1954,9.6849,10.337,3.2389,-0.07956,-7.1224,0.62008
-0.94914,-1.2429,-1.5178,0.56902,1.5921,-0.98304,9.4719,10.543,3.1374,-0.22581,-7.3735,0.54576
-1.0686,-1.063,-1.1725,0.54179,1.3551,-0.74083,9.3155,10.719,3.0158,-0.37097,-7.6224,0.43892
-1.2499,-0.87215,-0.73477,0.52994,1.0292,-0.46516,9.1924,10.842,2.8831,-0.51299,-7.8696,0.28872
-1.491,-0.67459,-0.19451,0.5351,0.61943,-0.1508,9.0718,10.892,2.7509,-0.65191,-8.1108,0.089972
-1.777,-0.47362,0.44677,0.55451,0.14401,0.20378,8.9353,10.857,2.6311,-0.78678,-8.3385,-0.15364
-2.0853,-0.27513,1.1716,0.58325,-0.36836,0.58975,8.7866,10.732,2.5335,-0.91333,-8.5449,-0.43114
-2.3928,-0.089474,1.9469,0.61735,-0.88642,0.98654,8.6479,10.522,2.4622,-1.0236,-8.7256,-0.72724
-2.6843,0.070265,2.7316,0.65572,-1.3855,1.3668,8.5441,10.237,2.4148,-1.1082,-8.8811,-1.0272
-2.9567,0.19356,3.4909,0.70008,-1.8536,1.707,8.4876,9.8895,2.3824,-1.1607,-9.0178,-1.3205
-3.2179,0.27783,4.2086,0.75328,-2.2922,1.9973,8.4696,9.5022,2.3521,-1.1826,-9.1453,-1.6006
-3.4813,0.33006,4.8901,0.81707,-2.7117,2.2441,8.4628,9.1022,2.3096,-1.185,-9.273,-1.8623
-3.758,0.364,5.553,0.89063,-3.1252,2.4643,8.4346,8.7181,2.2412,-1.1871,-9.4063,-2.0989
-4.05,0.39516,6.2134,0.96946,-3.5407,2.6773,8.3631,8.3715,2.1363,-1.2101,-9.5447,-2.3017
-4.3475,0.4365,6.8728,1.0459,-3.956,2.8981,8.2484,8.0716,1.9894,-1.2703,-9.6846,-2.4637
-4.6313,0.49634,7.5108,1.111,-4.3556,3.1345,8.1098,7.8153,1.8024,-1.3737,-9.8247,-2.5836
-4.8774,0.57709,8.087,1.1575,-4.7137,3.3858,7.9741,7.5915,1.5861,-1.5148,-9.9722,-2.6688
-5.0634,0.67654,8.5538,1.1808,-5.001,3.6437,7.8627,7.3869,1.3597,-1.6762,-10.145,-2.7348
-5.1755,0.78937,8.8777,1.1807,-5.1966,3.8945,7.7818,7.1912,1.1464,-1.8346,-10.37,-2.8024
-5.215,0.90901,9.0594,1.1597,-5.2995,4.1234,7.7211,7.0008,0.96667,-1.9673,-10.678,-2.8941
-5.1981,1.0298,9.1389,1.1225,-5.3322,4.3206,7.6599,6.8208,0.83038,-2.0587,-11.093,-3.0273
-5.1508,1.1491,9.1819,1.074,-5.3341,4.4888,7.5799,6.6658,0.73407,-2.1041,-11.62,-3.2096
-5.0998,1.2685,9.2572,1.018,-5.3459,4.6424,7.4739,6.5588,0.66373,-2.1092,-12.24,-3.4352
-5.0625,1.3939,9.4133,0.95615,-5.3937,4.8013,7.349,6.5251,0.60153,-2.0859,-12.915,-3.6874
-5.04,1.5331,9.6625,0.88671,-5.4776,4.9804,7.2198,6.584,0.53166,-2.0474,-13.598,-3.946
-5.0149,1.6929,9.9774,0.80453,-5.572,5.1835,7.0966,6.7379,0.44294,-2.0032,-14.252,-4.1961
-4.9583,1.8775,10.304,0.70277,-5.6375,5.404,6.976,6.9668,0.32838,-1.9585,-14.858,-4.4352
-4.8419,2.0881,10.589,0.57562,-5.6388,5.6306,6.8395,7.2319,0.18413,-1.9142,-15.413,-4.6743
-4.6513,2.3236,10.797,0.42111,-5.5608,5.8539,6.6631,7.4891,0.0094252,-1.869,-15.924,-4.9313
-4.3932,2.5812,10.929,0.24277,-5.4146,6.0711,6.4333,7.7059,-0.19208,-1.8211,-16.389,-5.22
-4.0926,2.8562,11.008,0.049103,-5.2306,6.2856,6.1581,7.8708,-0.4108,-1.7698,-16.797,-5.5412
-3.7823,3.1433,11.071,-0.14913,-5.046,6.5051,5.8676,7.9923,-0.63171,-1.7152,-17.126,-5.8798
-3.491,3.4381,11.152,-0.34238,-4.8909,6.7379,5.6039,8.0906,-0.83774,-1.6571,-17.346,-6.2091
-3.2344,3.7387,11.27,-0.52555,-4.7784,6.99,5.4072,8.1889,-1.0146,-1.594,-17.432,-6.4997
-3.0123,4.0466,11.42,-0.69878,-4.6999,7.2624,5.3048,8.3083,-1.1536,-1.5219,-17.374,-6.7251
-2.8119,4.3654,11.575,-0.86644,-4.6293,7.55,5.3069,8.4656,-1.2518,-1.4353,-17.171,-6.8641
-2.6141,4.6982,11.696,-1.0349,-4.5328,7.8414,5.4098,8.6702,-1.3098,-1.3294,-16.836,-6.8991
-2.4009,5.0487,11.75,-1.2109,-4.3836,8.1253,5.6002,8.9186,-1.3302,-1.2044,-16.381,-6.8168
-2.1614,5.4246,11.726,-1.4007,-4.1749,8.4017,5.8607,9.1921,-1.3176,-1.0674,-15.816,-6.6096
-1.8937,5.8455,11.646,-1.612,-3.9249,8.6888,6.1749,9.4602,-1.2786,-0.93179,-15.141,-6.277
-1.6038,6.3492,11.567,-1.8566,-3.6703,9.0265,6.5324,9.6914,-1.2195,-0.81178,-14.356,-5.8256
-1.2997,6.9968,11.554,-2.1542,-3.453,9.4702,6.931,9.8651,-1.1433,-0.71369,-13.457,-5.2664
-0.98573,7.8752,11.66,-2.5379,-3.3061,10.076,7.3763,9.9795,-1.045,-0.62894,-12.452,-4.6135
-0.65693,9.1003,11.902,-3.0623,-3.2433,10.893,7.8788,10.052,-0.90966,-0.53226,-11.353,-3.8821
-0.29807,10.814,12.249,-3.8157,-3.2569,11.956,8.4501,10.113,-0.715,-0.38668,-10.178,-3.0864
0.11198,13.153,12.634,-4.933,-3.326,13.309,9.1013,10.203,-0.43741,-0.15319,-8.9414,-2.2363
0.59347,16.166,12.968,-6.5936,-3.4319,15.041,9.846,10.368,-0.058224,0.20024,-7.6547,-1.3377
1.1596,19.73,13.209,-8.9581,-3.5734,17.311,10.707,10.656,0.43361,0.69406,-6.3254,-0.39199
1.8129,23.663,13.837,-12.02,-3.7696,20.305,11.724,11.108,1.0428,1.3373,-4.9627,0.60138
2.5436,27.961,16.326,-15.518,-4.0521,24.078,12.948,11.748,1.7703,2.1292,-3.58,1.641
3.3317,32.755,20.567,-19.115,-4.4518,28.491,14.435,12.569,2.6151,3.0603,-2.1966,2.7195
4.1535,38.002,25.12,-22.639,-4.9927,33.242,16.224,13.53,3.5739,4.1118,-0.83456,3.8221
4.9886,43.45,29.264,-26.072,-5.6905,37.986,18.306,14.563,4.6382,5.2566,0.48612,4.9281
5.8259,48.875,32.821,-29.435,-6.5563,42.531,20.59,15.581,5.7908,6.4638,1.7541,6.0167
6.6685,54.207,36.157,-32.713,-7.5992,46.922,22.893,16.498,7.0021,7.7077,2.9716,7.0741
7.538,59.446,39.899,-35.869,-8.8226,51.328,24.963,17.242,8.2296,8.9746,4.1561,8.0989
8.4808,64.56,44.467,-38.87,-10.205,55.862,26.536,17.764,9.4248,10.267,5.3358,9.1056
9.5766,69.481,49.867,-41.715,-11.683,60.488,27.421,18.051,10.548,11.601,6.5459,10.125
10.946,74.178,55.817,-44.439,-13.147,65.095,27.603,18.13,11.581,13.011,7.8244,11.205
12.737,78.684,61.97,-47.082,-14.479,69.615,27.344,18.058,12.541,14.547,9.2114,12.414
15.03,83.022,68.103,-49.646,-15.597,74.035,27.158,17.904,13.463,16.271,10.747,13.837
17.68,87.131,74.059,-52.078,-16.504,78.322,27.509,17.728,14.393,18.244,12.463,15.561
20.31,90.874,79.431,-54.318,-17.342,82.355,28.341,17.557,15.364,20.493,14.376,17.646
22.689,94.143,83.492,-56.371,-18.372,85.904,29.018,17.386,16.38,22.975,16.471,20.085
24.923,96.889,85.561,-58.292,-19.671,88.693,28.782,17.187,17.407,25.551,18.702,22.768
27.222,99.065,85.37,-60.093,-20.631,90.486,27.194,16.919,18.372,28.003,21.005,25.501
29.673,100.59,83.143,-61.689,-20.215,91.049,24.241,16.548,19.178,30.083,23.321,28.075
32.23,101.39,79.344,-63.004,-17.986,89.956,20.222,16.052,19.721,31.591,25.62,30.332
34.835,101.58,74.343,-64.145,-14.245,87.251,15.572,15.421,19.917,32.428,27.896,32.196
37.55,101.45,68.396,-65.444,-9.5023,83.81,10.72,14.65,19.727,32.617,30.155,33.671
40.573,101.29,61.784,-67.195,-4.2703,80.181,6.0244,13.737,19.158,32.272,32.399,34.828
44.081,101.13,54.882,-69.356,0.96284,76.449,1.7796,12.675,18.26,31.547,34.632,35.772
48.048,100.58,48.147,-71.601,5.825,72.719,-1.7717,11.468,17.107,30.589,36.862,36.594
52.184,99.117,42.057,-73.501,10.108,69.2,-4.5036,10.132,15.779,29.513,39.103,37.33
55.995,96.545,36.938,-74.627,13.673,65.854,-6.5326,8.7032,14.356,28.389,41.37,37.941
58.832,92.864,32.621,-74.61,16.463,62.243,-8.2535,7.2293,12.911,27.243,43.663,38.332
60.082,88.077,28.192,-73.216,18.644,57.882,-10.116,5.7605,11.503,26.055,45.95,38.385
59.58,82.251,22.644,-70.381,20.527,52.543,-12.269,4.3342,10.168,24.785,48.167,37.996
57.761,75.64,15.894,-66.231,22.34,46.378,-14.472,2.9648,8.9094,23.38,50.219,37.089
55.304,68.67,8.7303,-61.103,24.188,39.861,-16.371,1.6415,7.698,21.795,51.987,35.639
52.701,61.767,2.09,-55.635,26.021,33.494,-17.771,0.33455,6.4839,19.998,53.348,33.681
50.048,55.183,-2.7908,-50.623,27.465,27.6,-18.683,-0.99288,5.2089,17.969,54.205,31.318
47.277,48.994,-4.7166,-46.392,27.989,22.378,-19.23,-2.3725,3.8219,15.712,54.527,28.66
44.574,43.242,-4.6867,-42.676,27.432,18.019,-19.569,-3.8247,2.2896,13.262,54.383,25.754
42.001,38.056,-4.433,-39.155,26.079,14.697,-19.837,-5.3591,0.59748,10.699,53.91,22.583
39.371,33.61,-4.2452,-35.723,24.245,12.407,-20.126,-6.9769,-1.259,8.138,53.252,19.153
36.554,29.95,-3.9779,-32.39,22.086,10.688,-20.487,-8.6739,-3.2871,5.688,52.475,15.57
33.52,26.759,-3.6862,-29.157,19.753,8.708,-20.939,-10.438,-5.5023,3.4089,51.565,12.059
30.281,23.302,-3.5514,-25.946,17.474,6.2485,-21.478,-12.248,-7.9198,1.3003,50.459,8.8719
26.882,18.898,-3.7152,-22.579,15.505,3.9061,-22.081,-14.067,-10.535,-0.67929,49.112,6.1597
23.383,13.864,-4.2004,-18.819,13.967,2.015,-22.704,-15.845,-13.308,-2.5856,47.518,3.9212
19.81,9.2722,-4.9395,-14.588,12.757,0.4844,-23.294,-17.526,-16.163,-4.4728,45.719,2.0586
16.131,5.6229,-5.8356,-10.212,11.626,-0.84996,-23.804,-19.059,-19.009,-6.3904,43.778,0.45388
12.312,2.7346,-6.7834,-6.2673,10.364,-2.0936,-24.203,-20.407,-21.775,-8.3838,41.762,-0.99056
8.4729,0.29368,-7.6707,-3.1216,8.9508,-3.2938,-24.487,-21.558,-24.431,-10.492,39.717,-2.3423
5.092,-1.8927,-8.4172,-0.77593,7.618,-4.4552,-24.669,-22.53,-26.989,-12.741,37.657,-3.6435
2.6844,-3.8677,-9.0099,0.9462,6.6219,-5.5523,-24.777,-23.358,-29.483,-15.13,35.582,-4.9186
1.1803,-5.5759,-9.4875,2.2329,5.9623,-6.5449,-24.839,-24.087,-31.941,-17.627,33.501,-6.1816
0.17844,-6.9569,-9.8882,3.2402,5.5059,-7.4008,-24.888,-24.756,-34.356,-20.17,31.448,-7.4395
-0.61117,-8.0374,-10.211,4.0996,5.1484,-8.1167,-24.95,-25.391,-36.679,-22.674,29.481,-8.6889
-1.3289,-8.9426,-10.431,4.9186,4.8258,-8.7212,-25.042,-26.005,-38.833,-25.05,27.671,-9.9102
-2.0386,-9.7994,-10.508,5.764,4.4887,-9.2428,-25.173,-26.598,-40.744,-27.225,26.087,-11.066
-2.7659,-10.636,-10.378,6.646,4.0936,-9.6661,-25.332,-27.162,-42.358,-29.155,24.794,-12.109
-3.5098,-11.381,-9.9971,7.5227,3.611,-9.9347,-25.501,-27.689,-43.661,-30.823,23.84,-13.004
-4.2499,-11.939,-9.3703,8.3277,3.0341,-9.9985,-25.655,-28.171,-44.676,-32.242,23.246,-13.74
-4.9574,-12.257,-8.5462,9.0059,2.3782,-9.8522,-25.768,-28.602,-45.451,-33.436,22.993,-14.327
-5.6078,-12.345,-7.594,9.5334,1.6725,-9.5343,-25.82,-28.974,-46.045,-34.434,23.021,-14.793
-6.1871,-12.254,-6.5864,9.9163,0.95273,-9.1042,-25.793,-29.281,-46.515,-35.262,23.239,-15.16
-6.6901,-12.051,-5.5892,10.176,0.25648,-8.6211,-25.679,-29.52,-46.898,-35.94,23.543,-15.447
-7.1174,-11.79,-4.6555,10.338,-0.38232,-8.1328,-25.483,-29.7,-47.216,-36.488,23.837,-15.666
-7.4717,-11.51,-3.8235,10.422,-0.93755,-7.6745,-25.23,-29.842,-47.481,-36.923,24.053,-15.827
-7.7546,-11.234,-3.1166,10.442,-1.3925,-7.2703,-24.962,-29.98,-47.704,-37.266,24.153,-15.939
-7.9659,-10.976,-2.5463,10.411,-1.7402,-6.9357,-24.728,-30.155,-47.899,-37.542,24.129,-16.006
-8.1064,-10.741,-2.1169,10.339,-1.9825,-6.678,-24.564,-30.402,-48.085,-37.771,23.99,-16.024
-8.1818,-10.536,-1.8285,10.24,-2.1289,-6.4965,-24.482,-30.745,-48.276,-37.967,23.751,-15.987
-8.2055,-10.366,-1.6777,10.138,-2.1914,-6.3849,-24.47,-31.196,-48.481,-38.136,23.421,-15.889
-8.1963,-10.241,-1.658,10.059,-2.1792,-6.3356,-24.504,-31.753,-48.7,-38.278,23.006,-15.735
-8.1712,-10.175,-1.7611,10.028,-2.0966,-6.3443,-24.567,-32.398,-48.929,-38.39,22.514,-15.546
-8.1386,-10.175,-1.9777,10.058,-1.9466,-6.4097,-24.655,-33.106,-49.162,-38.469,21.952,-15.358
-8.0958,-10.239,-2.2958,10.141,-1.7341,-6.5313,-24.78,-33.839,-49.4,-38.515,21.318,-15.219
-8.0316,-10.349,-2.6956,10.247,-1.4676,-6.7049,-24.961,-34.561,-49.644,-38.531,20.597,-15.173
-7.9303,-10.47,-3.1464,10.323,-1.1601,-6.9197,-25.209,-35.246,-49.897,-38.525,19.764,-15.237
-7.7756,-10.555,-3.6075,10.303,-0.82894,-7.1549,-25.525,-35.88,-50.154,-38.504,18.791,-15.388
-7.5537,-10.546,-4.0302,10.131,-0.49709,-7.3787,-25.892,-36.473,-50.403,-38.466,17.663,-15.559
-7.2606,-10.386,-4.3596,9.7759,-0.19593,-7.5437,-26.287,-37.045,-50.625,-38.39,16.386,-15.658
-6.9122,-10.025,-4.5317,9.2478,0.032473,-7.5822,-26.681,-37.619,-50.792,-38.223,14.996,-15.599
-6.5529,-9.4213,-4.4699,8.587,0.13747,-7.4053,-27.041,-38.213,-50.865,-37.867,13.562,-15.326
-6.2496,-8.5562,-4.0853,7.8404,0.062821,-6.9311,-27.339,-38.817,-50.777,-37.171,12.188,-14.815
-6.0703,-7.5008,-3.2833,7.0425,-0.25744,-6.1803,-27.538,-39.374,-50.412,-35.916,11.026,-14.06
-6.0549,-6.706,-2.7597,6.2228,-0.88952,-5.9073,-27.578,-39.733,-49.556,-33.792,10.288,-13.037
-6.1921,-8.8968,-5.8507,5.4514,-0.99062,-12.751,-27.353,-39.605,-47.817,-30.419,10.293,-11.675
-6.4044,-19.011,-6.649,4.984,2.4704,-17.569,-26.686,-38.541,-44.503,-25.779,11.594,-9.8945
-6.5438,-23.696,-7.6024,5.8223,3.3121,-18.357,-25.362,-36.101,-39.07,-23.734,15.262,-7.9202
-6.4205,-23.808,-8.1867,10.064,3.8018,-18.544,-24.024,-33.439,-40.002,-38.587,16.823,-9.8298
-5.8332,-21.643,-7.8727,14.189,4.1475,-17.578,-30.031,-45.052,-51.603,-41.159,-4.9288,-27.586
-4.6125,-16.596,-6.0216,13.584,3.5329,-14.573,-34.23,-48.049,-51.328,-40.249,-8.7152,-28.691
-5.1355,-6.9499,-1.0952,8.8885,0.026055,-7.9329,-33.485,-49.898,-49.97,-37.812,-10.36,-28.088
-7.3683,9.0173,9.6919,1.7363,-8.2747,5.5183,-31.96,-50.435,-46.116,-31.79,-9.0936,-26.031
-10.949,31.452,33.267,-7.7144,-22.004,28.933,-29.163,-48.415,-37.464,-19.642,-2.9103,-21.482
-16.497,58.402,67.642,-19.316,-40.708,60.134,-23.817,-41.969,-20.911,1.7077,10.706,-13.219
-22.597,87.827,103.99,-32.583,-62.627,94.071,-13.097,-27.444,7.8645,35.737,35.856,0.95049
-26.659,117.93,140.76,-47.166,-83.649,128.07,4.5845,1.4938,55.231,86.341,76.815,24.207
-25.5,145.3,170.87,-63.12,-98.561,157.4,31.327,51.38,129.17,158.49,134.85,59.88
-15.793,168.02,187.82,-80.568,-102.18,177.56,68.653,126.08,235.21,258.61,212.31,111.85
6.333,186.77,187.67,-100.57,-90.611,187.0,114.56,225.96,372.98,389.4,313.18,185.12
42.949,201.14,167.44,-125.56,-61.861,184.77,163.07,345.78,536.91,547.24,441.06,283.32
94.029,212.41,127.32,-156.69,-16.035,170.3,205.78,471.84,715.46,731.89,601.07,408.49
158.93,223.19,70.975,-194.59,44.633,147.12,228.52,581.68,889.68,940.02,795.27,561.17
236.03,236.42,3.92,-239.27,116.45,120.22,215.36,649.09,1035.3,1165.0,1020.6,740.07
322.78,253.74,-68.398,-290.01,195.42,92.635,154.76,652.18,1127.7,1396.3,1269.6,941.28
415.8,273.47,-142.78,-344.88,278.33,64.775,43.616,580.35,1148.7,1618.4,1530.4,1157.0
510.92,290.36,-220.01,-399.73,363.62,34.334,-109.78,438.46,1091.4,1813.7,1785.8,1374.7
603.17,295.72,-305.06,-447.6,451.56,-5.3594,-286.19,246.54,962.98,1964.5,2012.8,1576.0
686.98,278.09,-404.95,-479.89,543.05,-63.801,-459.78,34.582,782.11,2054.9,2184.6,1738.8
756.3,227.32,-524.35,-488.65,637.49,-148.57,-605.19,-166.68,572.7,2071.6,2275.3,1840.1
804.95,139.9,-660.8,-469.18,730.54,-260.35,-704.74,-335.45,355.02,2005.4,2265.6,1861.7
827.24,21.463,-802.83,-421.47,813.51,-390.67,-752.8,-464.72,138.79,1851.1,2146.8,1793.9
819.02,-114.94,-932.73,-349.82,875.26,-524.16,-755.56,-561.31,-78.242,1608.3,1922.7,1637.8
778.62,-253.93,-1032.7,-260.81,905.78,-644.12,-726.62,-639.05,-304.31,1281.3,1607.2,1404.0
707.19,-382.86,-1090.9,-161.19,899.61,-738.21,-681.07,-710.63,-544.3,880.89,1220.8,1109.7
609.05,-494.3,-1104.4,-56.895,857.41,-801.09,-631.15,-782.98,-796.11,425.13,788.31,776.37
491.95,-585.2,-1078.1,46.569,785.59,-833.68,-584.58,-856.88,-1050.5,-58.18,338.76,428.52
366.66,-654.5,-1021.9,143.15,694.57,-840.38,-545.44,-928.76,-1291.2,-531.79,-94.398,93.31
245.46,-701.11,-947.35,226.09,596.27,-826.38,-516.04,-993.34,-1498.2,-952.91,-475.63,-201.9
139.52,-723.5,-864.12,289.11,501.36,-795.88,-498.29,-1045.5,-1653.2,-1282.1,-773.86,-434.5
56.03,-720.64,-778.7,328.64,416.9,-751.62,-491.12,-1081.4,-1745.1,-1494.2,-970.82,-592.42
-3.233,-693.46,-693.8,344.7,345.26,-695.39,-489.83,-1098.3,-1772.5,-1586.2,-1066.3,-677.35
-41.398,-645.59,-609.5,340.42,284.71,-629.01,-490.71,-1094.8,-1744.0,-1577.0,-1076.8,-702.92
-64.523,-582.97,-525.14,320.97,231.57,-555.11,-488.37,-1070.0,-1673.2,-1499.0,-1029.5,-688.81
-79.181,-512.65,-440.81,292.7,182.37,-477.33,-477.0,-1024.3,-1574.5,-1385.8,-954.82,-653.83
-90.47,-441.36,-358.04,261.91,135.24,-399.92,-453.32,-959.34,-1459.2,-1263.1,-874.9,-611.21
-100.51,-374.36,-279.76,233.01,90.617,-326.97,-417.09,-878.16,-1334.7,-1143.9,-799.11,-567.4
-109.01,-315.23,-209.62,207.51,51.186,-262.24,-370.78,-785.11,-1205.8,-1031.4,-728.84,-523.6
-114.57,-265.45,-151.38,185.38,19.455,-208.79,-318.69,-685.65,-1076.3,-925.99,-661.38,-478.66
-115.39,-224.4,-107.55,165.45,-4.254,-167.32,-265.36,-585.3,-949.68,-826.55,-593.94,-430.75
-110.75,-190.59,-76.587,146.13,-18.879,-135.62,-214.26,-488.69,-828.25,-730.16,-524.91,-379.45
-101.21,-161.75,-57.395,127.17,-24.716,-111.17,-167.16,-399.44,-711.61,-634.41,-454.71,-326.43
-87.61,-135.56,-47.69,107.62,-23.989,-92.22,-124.8,-320.04,-599.54,-538.57,-384.33,-279.62
-71.201,-111.09,-43.639,87.241,-18.957,-77.197,-87.901,-251.43,-493.79,-446.81,-317.05,-236.13
-54.263,-88.496,-42.235,67.769,-11.764,-64.812,-57.153,-193.62,-398.87,-366.55,-258.07,-195.84
-39.626,-69.202,-41.121,51.678,-4.9687,-53.957,-32.463,-144.17,-318.47,-302.41,-210.7,-163.26
-29.436,-54.655,-37.406,39.892,-1.1762,-43.917,-13.359,-105.96,-251.76,-254.35,-175.43,-139.3
-24.267,-44.272,-28.909,32.052,-3.4066,-34.874,0.39535,-85.301,-197.11,-219.39,-149.93,-122.54
-23.281,-36.52,-17.173,27.409,-5.676,-27.099,9.1259,-76.351,-159.71,-193.48,-130.17,-110.92
-24.86,-30.271,-6.2498,24.994,-7.177,-20.47,13.462,-72.278,-139.2,-172.89,-112.7,-102.2
-27.235,-25.132,1.1457,23.741,-8.2407,-15.11,13.959,-69.738,-128.52,-155.2,-96.249,-94.763
-28.615,-21.071,4.0035,22.653,-8.5135,-11.33,10.55,-67.374,-122.05,-139.73,-81.625,-87.839
-26.238,-18.071,3.7426,20.917,-8.1576,-9.1808,-1.3416,-64.619,-116.87,-126.83,-69.872,-81.137
-17.907,-16.242,1.9464,17.738,-7.6381,-8.4915,-3.4959,-60.933,-111.46,-116.68,-60.732,-74.365
-12.786,-14.575,-0.23101,13.785,-7.2038,-8.418,-1.5887,-53.403,-104.87,-108.67,-52.392,-67.422
-11.016,-11.825,-1.5827,10.748,-6.9212,-7.5949,-0.43059,-41.98,-95.885,-102.01,-43.527,-60.949
-10.178,-9.4886,-1.8729,8.7207,-6.811,-6.4407,0.11339,-34.217,-81.957,-96.006,-34.65,-55.092
-9.7015,-7.9269,-1.6702,7.3849,-6.8804,-5.5427,0.32456,-29.598,-66.46,-90.014,-26.806,-49.429
-9.408,-6.9027,-1.327,6.4687,-7.0787,-4.9225,0.39979,-26.398,-56.624,-83.436,-20.483,-43.694
-9.1769,-6.2267,-0.99826,5.7994,-7.2626,-4.511,0.45067,-23.825,-50.686,-75.879,-15.414,-38.067
-8.9032,-5.7858,-0.80226,5.2784,-7.239,-4.269,0.52633,-21.544,-46.017,-67.543,-11.265,-33.079
-8.5231,-5.5081,-0.83577,4.8534,-6.8835,-4.1752,0.64122,-19.42,-41.644,-59.532,-7.8951,-29.044
-8.042,-5.3386,-1.1505,4.4975,-6.2463,-4.2008,0.79792,-17.411,-37.293,-52.998,-5.2671,-25.778
-7.5155,-5.2277,-1.6988,4.194,-5.5009,-4.3009,1.0019,-15.52,-32.924,-48.132,-3.3334,-22.982
-6.9988,-5.1314,-2.3617,3.9265,-4.7994,-4.4242,1.2663,-13.757,-28.585,-44.475,-2.0045,-20.517
-6.5225,-5.0189,-3.0168,3.6774,-4.2146,-4.5313,1.607,-12.124,-24.384,-41.544,-1.162,-18.353
-6.0948,-4.8795,-3.5742,3.4316,-3.7679,-4.6055,2.0304,-10.616,-20.466,-39.007,-0.68067,-16.45
-5.7103,-4.7216,-3.9878,3.1813,-3.4552,-4.6526,2.5244,-9.2195,-16.971,-36.651,-0.44881,-14.741
-5.3551,-4.5629,-4.2558,2.926,-3.2503,-4.6902,3.0587,-7.9193,-13.975,-34.339,-0.38788,-13.162
-5.0105,-4.419,-4.415,2.6698,-3.1032,-4.7365,3.5934,-6.6956,-11.474,-32.005,-0.46597,-11.682
-4.657,-4.2974,-4.5322,2.4178,-2.9482,-4.8044,4.0919,-5.5258,-9.3995,-29.649,-0.69791,-10.305
-4.2794,-4.1976,-4.7009,2.1733,-2.7296,-4.9016,4.5312,-4.3895,-7.6626,-27.331,-1.1298,-9.0562
-3.8708,-4.1129,-5.014,1.9364,-2.4242,-5.0303,4.9084,-3.2766,-6.1764,-25.133,-1.8158,-7.9583
-3.433,-4.0326,-5.5091,1.7044,-2.0411,-5.1837,5.2387,-2.1903,-4.8718,-23.119,-2.797,-7.0181
-2.9746,-3.9434,-6.1531,1.4726,-1.6065,-5.344,5.5493,-1.1456,-3.6984,-21.31,-4.091,-6.2251
-2.5103,-3.8331,-6.8687,1.237,-1.1507,-5.4858,5.8673,-0.1625,-2.619,-19.679,-5.6883,-5.5593
-2.0601,-3.6956,-7.5686,0.99692,-0.70331,-5.5857,6.2096,0.74034,-1.6037,-18.168,-7.5538,-5.0008
-1.6457,-3.5339,-8.1815,0.7562,-0.2886,-5.6328,6.5758,1.5488,-0.62812,-16.723,-9.6282,-4.5352
-1.2825,-3.3585,-8.6732,0.52115,0.080583,-5.6323,6.9505,2.2571,0.32556,-15.302,-11.831,-4.1544
-0.97087,-3.1816,-9.0548,0.29662,0.40701,-5.6008,7.3117,2.8731,1.2698,-13.89,-14.067,-3.8521
-0.69482,-3.0106,-9.3716,0.082439,0.70678,-5.557,7.6406,3.422,2.2147,-12.477,-16.244,-3.6191
-0.43026,-2.8437,-9.6741,-0.12716,0.99956,-5.5128,7.9285,3.9432,3.1716,-11.057,-18.287,-3.4398
-0.15962,-2.6709,-9.989,-0.34049,1.2948,-5.4683,8.1785,4.479,4.153,-9.6226,-20.148,-3.292
0.11762,-2.4782,-10.305,-0.5637,1.5824,-5.4117,8.4025,5.0596,5.1705,-8.1726,-21.804,-3.1509
0.38496,-2.254,-10.574,-0.7972,1.8348,-5.3244,8.6153,5.6928,6.2314,-6.7179,-23.258,-2.9944
0.61811,-1.9936,-10.731,-1.0354,2.0185,-5.1888,8.8285,6.3619,7.3385,-5.2804,-24.528,-2.8071
0.79656,-1.701,-10.721,-1.2692,2.1083,-4.9959,9.0489,7.0331,8.4924,-3.8833,-25.635,-2.5816
0.91223,-1.3868,-10.525,-1.4895,2.0961,-4.7494,9.2819,7.6716,9.6968,-2.54,-26.595,-2.3166
0.97292,-1.0652,-10.174,-1.6897,1.9926,-4.4641,9.5392,8.2571,10.965,-1.2477,-27.407,-2.0145
0.99976,-0.74887,-9.7317,-1.8677,1.8238,-4.1618,9.8437,8.7927,12.327,0.01144,-28.053,-1.6801
1.0196,-0.44592,-9.2729,-2.0266,1.6234,-3.864,10.226,9.3019,13.832,1.2654,-28.503,-1.321
1.0556,-0.15719,-8.8518,-2.1739,1.4221,-3.5859,10.713,9.8186,15.546,2.5472,-28.719,-0.94783
1.1213,0.1236,-8.4879,-2.3195,1.2379,-3.3322,11.315,10.376,17.547,3.8909,-28.671,-0.57361
1.2178,0.40759,-8.1674,-2.4733,1.0721,-3.0972,12.026,10.999,19.917,5.3296,-28.345,-0.21124
1.3382,0.70671,-7.8586,-2.6436,0.91398,-2.8687,12.824,11.705,22.736,6.8977,-27.748,0.13034
1.4731,1.0301,-7.5339,-2.8376,0.75049,-2.635,13.697,12.501,26.091,8.6345,-26.903,0.45038
1.6182,1.3826,-7.1881,-3.064,0.57761,-2.3901,14.649,13.399,30.078,10.59,-25.836,0.75941
1.7786,1.7671,-6.8424,-3.3361,0.40575,-2.1353,15.706,14.414,34.801,12.823,-24.574,1.0781
1.968,2.1876,-6.5338,-3.6743,0.25758,-1.8763,16.904,15.572,40.352,15.396,-23.143,1.4316
2.2036,2.6506,-6.2951,-4.1043,0.15905,-1.6188,18.265,16.898,46.776,18.357,-21.568,1.843
2.4983,3.1625,-6.1389,-4.6497,0.12773,-1.3663,19.785,18.42,54.014,21.728,-19.875,2.3281
2.8568,3.7241,-6.0531,-5.323,0.16567,-1.119,21.433,20.158,61.865,25.491,-18.093,2.896
3.2785,4.3274,-6.0109,-6.119,0.26141,-0.87565,23.17,22.138,70.008,29.608,-16.251,3.5521
3.7662,4.9564,-5.9849,-7.0189,0.39858,-0.63513,24.975,24.399,78.103,34.042,-14.377,4.304
4.3344,5.5955,-5.9565,-8.0052,0.56363,-0.39725,26.86,27.002,85.955,38.785,-12.482,5.1662
5.0117,6.2415,-5.9173,-9.0796,0.7483,-0.16031,28.863,30.016,93.572,43.868,-10.567,6.1613
5.8373,6.9152,-5.8658,-10.275,0.94782,0.082452,31.022,33.503,101.11,49.36,-8.6162,7.3199
6.8535,7.6678,-5.8027,-11.656,1.1584,0.34564,33.349,37.496,108.74,55.331,-6.6063,8.6779
8.0942,8.5796,-5.7288,-13.307,1.3758,0.65102,35.811,41.999,116.64,61.798,-4.5153,10.273
9.5701,9.75,-5.6446,-15.289,1.5968,1.0239,38.323,46.979,124.93,68.684,-2.3234,12.14
11.26,11.284,-5.5512,-17.6,1.8223,1.4894,40.761,52.371,133.73,75.818,-0.0056679,14.3
13.117,13.268,-5.4532,-20.157,2.0598,2.0714,43.014,58.068,143.09,83.016,2.4823,16.758
15.091,15.736,-5.3575,-22.846,2.3208,2.7936,45.029,63.943,153.07,90.161,5.2209,19.505
17.135,18.633,-5.2667,-25.592,2.6141,3.679,46.832,69.895,163.65,97.236,8.3365,22.516
19.203,21.827,-5.1701,-28.383,2.9397,4.7452,48.519,75.871,174.79,104.3,11.996,25.758
21.265,25.176,-5.0389,-31.247,3.2885,5.9958,50.218,81.871,186.41,111.42,16.378,29.183
23.325,28.619,-4.8321,-34.21,3.6475,7.42,52.059,88.006,198.39,118.66,21.606,32.752
25.424,32.185,-4.5093,-37.257,4.0086,9.0038,54.128,94.562,210.67,126.11,27.684,36.469
27.626,35.951,-4.0458,-40.327,4.3744,10.751,56.448,101.94,223.27,133.85,34.484,40.404
29.993,39.977,-3.443,-43.336,4.7597,12.705,58.98,110.41,236.31,142.01,41.863,44.674
32.578,44.278,-2.7275,-46.229,5.1883,14.965,61.666,119.9,249.91,150.72,49.828,49.35
35.424,48.82,-1.9406,-49.041,5.689,17.66,64.457,130.11,264.12,160.04,58.486,54.381
38.552,53.547,-1.1216,-51.936,6.2951,20.87,67.332,140.73,278.95,169.92,67.721,59.633
41.954,58.409,-0.29502,-55.19,7.05,24.539,70.293,151.55,294.32,180.25,77.067,65.015
45.593,63.384,0.53277,-59.084,8.0201,28.484,73.351,162.33,310.11,190.84,86.147,70.547
49.43,68.461,1.3693,-63.722,9.3081,32.496,76.508,172.93,326.16,201.61,95.085,76.329
53.45,73.598,2.2349,-68.894,11.04,36.416,79.75,183.32,342.35,212.57,104.33,82.471
57.677,78.714,3.157,-74.187,13.27,40.174,83.042,193.62,358.62,223.86,114.2,89.04
62.139,83.767,4.1465,-79.265,15.8,43.788,86.35,204.02,374.99,235.66,124.7,96.048
66.778,88.823,5.1719,-84.038,18.22,47.324,89.649,214.68,391.53,248.12,135.54,103.46
71.431,93.993,6.1666,-88.651,20.273,50.831,92.934,225.66,408.32,261.32,146.45,111.19
75.953,99.351,7.0648,-93.353,22.02,54.312,96.213,236.88,425.45,275.16,157.4,119.15
80.343,104.93,7.8306,-98.36,23.674,57.738,99.486,248.2,442.88,289.42,168.57,127.25
84.755,110.74,8.4604,-103.78,25.439,61.077,102.73,259.41,460.51,303.8,180.24,135.44
89.39,116.78,8.9686,-109.58,27.416,64.314,105.89,270.41,478.12,318.05,192.6,143.79
94.382,122.98,9.3705,-115.65,29.569,67.463,108.89,281.16,495.5,332.01,205.67,152.43
99.73,129.26,9.6701,-121.79,31.806,70.56,111.64,291.89,512.49,345.68,219.35,161.54
105.31,135.53,9.8617,-127.87,34.062,73.643,114.03,303.07,529.09,359.16,233.4,171.26
110.93,141.7,9.9406,-133.78,36.326,76.723,115.89,315.12,545.41,372.61,247.57,181.61
116.4,147.69,9.9155,-139.49,38.602,79.78,117.08,327.63,561.56,386.21,261.63,192.45
121.63,153.47,9.8126,-145.05,40.881,82.772,117.45,338.93,577.35,400.08,275.44,203.5
126.62,159.04,9.6717,-150.52,43.142,85.66,117.01,347.52,592.04,414.26,288.95,214.45
131.49,164.45,9.5344,-155.92,45.356,88.409,115.83,353.31,604.52,428.68,302.17,225.02
136.34,169.73,9.4304,-161.27,47.513,90.989,114.08,356.97,614.15,443.08,315.14,235.03
141.28,174.91,9.3658,-166.54,49.626,93.366,111.91,359.1,621.03,457.01,327.92,244.48
146.29,179.92,9.3209,-171.63,51.727,95.521,109.44,360.02,625.69,469.86,340.52,253.46
151.25,184.66,9.2583,-176.41,53.844,97.454,106.73,359.96,628.67,480.97,352.94,262.13
155.92,189.01,9.1382,-180.73,55.967,99.183,103.82,359.05,630.35,489.89,365.14,270.61
160.06,192.89,8.9353,-184.51,58.018,100.73,100.76,357.37,631.0,496.54,377.0,278.95
163.55,196.32,8.6506,-187.79,59.888,102.13,97.587,354.92,630.76,501.27,388.32,287.06
166.43,199.38,8.3076,-190.66,61.509,103.37,94.314,351.58,629.69,504.55,398.85,294.75
168.82,202.15,7.9348,-193.23,62.879,104.48,90.923,347.2,627.75,506.8,408.3,301.8
170.85,204.69,7.5406,-195.56,64.037,105.4,87.374,341.54,624.81,508.3,416.51,308.08
172.63,206.95,7.1012,-197.68,65.03,106.08,83.62,334.42,620.63,509.27,423.41,313.54
174.23,208.78,6.5708,-199.54,65.906,106.41,79.613,325.75,614.9,509.81,429.08,318.22
175.71,209.94,5.9105,-201.06,66.706,106.27,75.314,315.52,607.31,509.95,433.65,322.18
177.09,210.16,5.1152,-202.08,67.467,105.63,70.719,303.6,597.75,509.56,437.24,325.41
178.29,209.28,4.2189,-202.48,68.213,104.48,65.882,289.89,586.2,508.41,439.95,327.88
179.11,207.31,3.2755,-202.1,68.962,102.9,60.894,274.71,572.53,506.17,441.8,329.48
179.22,204.38,2.3351,-200.82,69.697,100.98,55.84,258.68,556.28,502.56,442.79,330.05
178.19,200.73,1.4338,-198.54,70.252,98.771,50.757,242.42,536.95,497.37,442.86,329.4
175.74,196.61,0.59689,-195.34,70.172,96.362,45.629,226.27,514.63,490.37,441.84,327.42
171.91,192.23,-0.15707,-191.41,68.925,93.827,40.399,210.32,490.14,481.01,439.55,324.11
167.11,187.7,-0.81353,-187.02,66.53,91.225,34.97,194.48,464.47,468.65,435.81,319.64
161.74,183.05,-1.3584,-182.31,63.594,88.591,29.245,178.5,438.2,453.06,430.52,314.17
155.96,178.21,-1.7742,-177.31,60.664,85.94,23.204,161.94,411.57,434.75,423.65,307.84
149.85,173.09,-2.0408,-171.93,57.866,83.276,16.959,144.27,384.66,414.65,415.18,300.65
143.52,167.58,-2.1407,-166.13,55.04,80.603,10.722,125.48,357.67,393.67,405.18,292.58
137.1,161.58,-2.0686,-159.9,51.975,77.926,4.7099,106.29,330.89,372.4,393.82,283.59
130.67,155.04,-1.8379,-153.27,48.531,75.257,-0.9111,87.355,304.58,351.15,381.41,273.7
124.23,148.03,-1.4793,-146.34,44.659,72.614,-6.0601,68.511,278.8,330.02,368.23,263.02
117.71,140.74,-1.0338,-139.26,40.41,70.02,-10.76,49.162,253.15,309.11,354.44,251.68
111.04,133.5,-0.54924,-132.23,35.93,67.49,-15.133,28.83,226.84,288.44,340.04,239.86
104.15,126.6,-0.078888,-125.43,31.425,64.996,-19.356,7.4026,198.93,268.06,324.93,227.72
96.939,120.15,0.32275,-118.95,27.117,62.423,-23.586,-14.771,169.08,247.96,309.08,215.4
89.394,114.08,0.6072,-112.77,23.195,59.607,-27.945,-37.031,137.94,228.04,292.63,203.03
81.63,108.17,0.73929,-106.68,19.764,56.422,-32.569,-58.701,106.73,208.13,275.86,190.7
73.961,102.19,0.70393,-100.45,16.783,52.833,-37.599,-79.252,76.426,187.99,259.21,178.51
66.795,96.039,0.51031,-93.935,14.041,48.889,-43.071,-98.393,47.441,167.44,243.15,166.52
60.449,89.694,0.19071,-87.101,11.249,44.679,-48.825,-116.15,19.843,146.45,228.06,154.82
54.938,83.178,-0.20673,-80.103,8.2617,40.303,-54.59,-132.85,-6.5095,125.0,214.02,143.43
49.894,76.458,-0.62855,-73.189,5.2848,35.858,-60.161,-149.03,-31.939,103.02,200.81,132.38
44.767,69.488,-1.0238,-66.558,2.4583,31.448,-65.449,-165.26,-56.877,80.397,188.0,121.64
39.292,62.355,-1.3425,-60.244,-0.40183,27.212,-70.407,-181.88,-81.674,57.34,175.09,111.17
33.677,55.328,-1.5324,-54.177,-3.36,23.341,-74.977,-198.96,-106.43,34.454,161.73,100.96
28.135,48.752,-1.5556,-48.421,-6.4092,20.03,-79.126,-216.26,-130.94,12.4,147.83,91.013
22.537,42.906,-1.418,-43.216,-9.5933,17.343,-82.872,-233.37,-154.8,-8.3524,133.71,81.443
16.637,37.904,-1.1763,-38.676,-12.885,15.113,-86.271,-249.81,-177.54,-27.627,119.94,72.399
10.394,33.682,-0.90815,-34.668,-16.168,13.029,-89.391,-265.16,-198.76,-45.582,107.17,64.007
4.0894,30.004,-0.67735,-30.974,-19.365,10.927,-92.283,-279.04,-218.24,-62.562,95.743,56.294
-1.7309,26.479,-0.51769,-27.395,-22.432,8.8759,-94.974,-291.21,-235.96,-78.806,85.577,49.15
-6.5066,22.648,-0.43332,-23.711,-25.253,6.9983,-97.483,-301.64,-252.11,-94.3,76.231,42.391
-10.122,18.304,-0.405,-19.603,-27.702,5.3597,-99.848,-310.57,-267.01,-108.87,67.113,35.908
-13.072,13.772,-0.39608,-14.777,-29.83,3.9668,-102.15,-318.48,-281.07,-122.33,57.732,29.66
-16.004,9.6314,-0.36362,-9.4964,-31.924,2.7927,-104.53,-326.0,-294.63,-134.59,48.008,23.483
-19.412,6.2111,-0.27466,-4.8143,-34.302,1.7978,-107.07,-333.59,-307.87,-145.77,38.446,17.14
-23.672,3.5163,-0.11918,-1.488,-37.009,0.94202,-109.8,-341.38,-320.75,-156.13,29.682,10.813
-28.628,1.4053,0.085411,0.68999,-39.787,0.1884,-112.66,-349.15,-333.13,-165.95,21.979,5.2117
-33.409,-0.2794,0.2995,2.2451,-42.293,-0.49523,-115.51,-356.49,-344.78,-175.42,15.457,0.81567
-37.374,-1.6655,0.47603,3.5454,-44.358,-1.1328,-118.25,-363.13,-355.56,-184.62,10.204,-2.5494
-40.584,-2.8499,0.58252,4.7778,-46.029,-1.7362,-120.79,-369.02,-365.43,-193.54,6.0703,-5.3266
-43.354,-3.9074,0.62023,6.0271,-47.459,-2.3056,-123.09,-374.31,-374.45,-202.1,2.7374,-7.8628
-45.92,-4.8933,0.62621,7.3267,-48.816,-2.8338,-125.16,-379.24,-382.74,-210.2,-0.091529,-10.339
-48.399,-5.8422,0.65468,8.6803,-50.241,-3.3116,-127.0,-384.03,-390.43,-217.8,-2.6075,-12.814
-50.803,-6.7708,0.75065,10.071,-51.816,-3.7333,-128.63,-388.83,-397.62,-224.88,-4.9002,-15.271
-53.052,-7.6865,0.93045,11.471,-53.514,-4.1019,-130.07,-393.68,-404.34,-231.49,-6.9915,-17.645
-55.011,-8.5942,1.1748,12.848,-55.177,-4.4314,-131.35,-398.46,-410.55,-237.64,-8.8745,-19.857
-56.568,-9.4988,1.4362,14.177,-56.604,-4.7418,-132.47,-402.98,-416.15,-243.31,-10.543,-21.837
-57.701,-10.403,1.6573,15.44,-57.681,-5.0527,-133.44,-407.03,-421.07,-248.47,-12.006,-23.543
-58.479,-11.306,1.7895,16.623,-58.427,-5.3777,-134.25,-410.48,-425.3,-253.08,-13.285,-24.964
-59.003,-12.193,1.8028,17.713,-58.916,-5.7205,-134.93,-413.33,-428.86,-257.12,-14.406,-26.114
-60.208,-16.884,8.239,22.933,-62.695,-6.2368,-136.5,-417.39,-427.44,-257.83,-23.364,-41.566
-60.268,-17.887,6.9983,23.203,-62.493,-7.3339,-136.51,-421.35,-433.07,-262.22,-27.558,-43.028
-60.251,-19.674,4.8955,23.945,-61.7,-9.2379,-136.36,-424.44,-438.34,-266.19,-31.085,-44.101
-60.182,-21.788,2.4122,24.945,-60.566,-11.498,-136.17,-426.39,-442.61,-269.52,-33.332,-44.732
-60.077,-23.759,0.034769,25.979,-59.338,-13.643,-136.17,-427.15,-445.65,-272.24,-34.109,-44.855
-59.991,-25.26,-1.8552,26.915,-58.236,-15.323,-136.68,-426.98,-447.75,-274.63,-33.697,-44.467
-60.045,-26.179,-3.0251,27.737,-57.454,-16.36,-138.07,-426.48,-449.6,-277.2,-32.677,-43.658
-60.385,-26.615,-3.4268,28.53,-57.131,-16.775,-140.58,-426.29,-451.92,-280.43,-31.653,-42.551
-61.087,-26.802,-3.2186,29.405,-57.269,-16.761,-144.16,-426.79,-455.06,-284.55,-31.009,-41.257
-62.047,-26.959,-2.7242,30.396,-57.678,-16.587,-148.41,-427.87,-458.88,-289.37,-30.802,-39.872
