I,II,III,aVR,aVL,aVF,V1,V2,V3,V4,V5,V6
31.289,66.542,41.616,-53.661,-9.0062,46.803,14.305,-21.648,-13.112,34.601,-1.0653,109.42
44.781,55.24,16.797,-54.595,10.547,28.623,10.321,-37.536,-18.506,25.529,-8.5112,106.79
58.477,47.453,-4.7086,-57.428,28.469,13.893,5.5206,-52.895,-24.487,16.6,-15.326,103.48
70.745,44.372,-20.082,-61.988,42.482,4.6223,-0.12636,-66.409,-30.985,8.5276,-20.539,99.519
77.773,44.125,-27.378,-65.461,49.71,0.81789,-5.8747,-76.289,-37.362,2.3892,-23.147,95.572
75.111,42.778,-26.086,-63.654,47.718,0.72653,-10.666,-81.039,-42.733,-0.90049,-22.609,92.463
60.597,36.873,-17.5,-53.715,36.131,1.9521,-13.597,-80.149,-46.281,-1.004,-19.118,90.72
36.515,25.814,-4.4989,-36.418,17.579,2.7834,-14.145,-74.293,-47.369,1.7859,-13.437,90.496
9.1484,12.323,9.3548,-16.194,-3.0182,2.8679,-12.267,-65.126,-45.617,6.6824,-6.5785,91.68
-13.97,0.8669,20.995,0.99258,-20.395,2.9735,-8.469,-54.893,-41.114,12.555,0.42105,93.968
-27.104,-4.5,28.74,10.244,-30.874,4.3121,-3.7288,-45.912,-34.592,18.13,6.6723,96.872
-12.157,2.2426,10.184,-0.57614,-13.828,1.5297,2.6812,-43.357,-18.572,2.3859,-1.4882,83.009
-10.749,3.2375,11.207,-1.192,-13.543,2.953,2.3196,-45.908,-20.259,2.1474,-0.80165,81.271
-7.5246,5.3931,11.194,-3.2215,-11.679,4.3477,1.5215,-48.217,-22.012,1.7757,-0.28112,79.646
-3.7902,7.5982,10.492,-5.4536,-9.1318,5.4128,0.2296,-50.211,-23.736,1.2064,0.033514,77.807
-0.70472,8.941,9.4607,-6.9036,-6.6673,5.8961,-1.4406,-51.793,-25.447,0.36937,0.065797,75.358
0.99018,8.9728,8.3581,-7.1087,-4.7635,5.6781,-3.1824,-52.857,-27.256,-0.81322,-0.29407,71.963
1.1161,7.7822,7.3029,-6.1187,-3.5893,4.8168,-4.5954,-53.269,-29.287,-2.4021,-1.1447,67.456
0.074022,5.8849,6.2624,-4.3435,-2.9738,3.5386,-5.3785,-52.811,-31.565,-4.4054,-2.4747,62.001
-1.3127,4.0167,5.1154,-2.4006,-2.4257,2.1845,-5.523,-51.115,-33.891,-6.7843,-4.0919,56.394
-2.0996,2.8824,3.803,-0.93892,-1.3365,1.1468,-5.3982,-47.858,-35.741,-9.3996,-5.6424,51.819
-1.5579,2.9195,2.5175,-0.45002,0.69807,0.83993,-5.7329,-44.55,-36.22,-11.541,-6.1356,48.543
0.57356,4.1935,1.7806,-1.1319,3.6556,1.7059,-7.8447,-48.533,-34.106,-12.226,-4.3462,45.724
3.9112,6.559,2.0198,-2.7896,7.0388,4.163,-14.008,-65.294,-29.113,-12.304,-2.632,42.808
7.3956,10.135,2.9721,-4.8674,9.81,8.2824,-24.426,-80.102,-35.662,-12.016,-2.9509,39.232
9.5889,16.029,4.633,-6.816,10.532,12.91,-31.985,-85.748,-61.837,-8.3745,-1.5629,36.287
9.2349,25.947,8.2895,-8.7913,8.118,15.463,-29.951,-85.206,-66.948,-20.125,-3.4484,45.241
5.771,34.086,15.461,-12.769,2.2722,15.055,-17.888,-75.921,-69.961,-41.611,-14.315,36.849
-0.43355,28.119,26.797,-20.195,-6.6326,18.816,1.7762,-54.226,-69.055,-70.227,-35.57,18.231
-8.7742,28.467,41.976,-13.021,-17.472,31.369,25.323,-19.45,-63.281,-102.71,-69.416,-2.4315
-26.478,40.164,60.026,-4.9386,-29.056,47.437,50.341,25.516,-50.727,-129.85,-106.85,-20.479
-47.407,53.322,79.521,-5.032,-42.38,63.534,76.902,75.952,-28.402,-140.93,-128.71,-33.726
-59.408,67.099,98.991,-6.5939,-63.649,78.858,102.85,126.85,8.013,-125.8,-125.47,-39.314
-65.606,83.015,117.08,-11.72,-82.364,94.407,124.4,173.68,65.938,-74.96,-90.527,-32.38
-60.921,103.77,134.34,-25.82,-88.02,112.26,137.22,214.42,154.02,18.368,-17.146,-5.8398
-39.912,132.05,149.09,-52.902,-85.761,134.33,142.75,251.37,276.56,164.7,99.871,56.891
-2.3925,169.97,160.5,-91.512,-75.861,161.11,144.31,287.88,431.45,368.85,266.74,164.28
45.579,218.69,170.06,-139.19,-58.709,191.99,144.43,323.4,610.26,621.75,483.61,294.81
102.76,276.38,176.21,-195.66,-32.853,223.68,143.95,355.02,800.37,914.01,744.5,453.02
170.53,337.94,174.49,-259.83,3.4788,252.46,138.67,380.93,988.35,1234.2,1040.3,635.96
245.44,398.54,161.24,-328.31,46.311,276.36,120.07,399.55,1164.2,1572.9,1365.3,841.12
324.94,452.61,139.77,-397.74,93.677,294.92,78.508,408.54,1324.7,1925.2,1716.0,1066.2
406.4,494.61,101.04,-466.25,152.27,298.78,5.5086,410.72,1474.5,2290.9,2089.2,1307.8
495.65,521.33,36.855,-532.21,228.7,279.83,-103.69,409.35,1624.5,2672.3,2479.6,1559.1
597.19,528.81,-59.649,-591.95,327.67,234.35,-247.47,404.62,1788.2,3070.7,2876.7,1807.8
709.19,509.04,-193.19,-638.5,450.42,156.94,-416.78,392.9,1976.1,3481.6,3262.4,2036.8
822.89,454.25,-360.98,-664.14,591.17,46.112,-597.18,367.42,2189.8,3890.6,3611.1,2225.4
923.29,363.92,-548.77,-663.97,735.31,-91.304,-772.63,319.3,2416.3,4269.2,3889.8,2352.4
992.43,247.67,-730.75,-636.55,860.94,-238.47,-929.13,238.72,2624.9,4573.6,4060.5,2400.5
1014.7,122.84,-875.34,-583.69,944.47,-371.67,-1056.5,117.54,2770.3,4748.5,4085.9,2359.0
981.87,8.879,-955.3,-510.08,968.07,-467.91,-1148.1,-46.494,2803.0,4739.2,3938.4,2227.0
895.25,-79.951,-957.16,-421.9,925.67,-513.06,-1200.2,-246.26,2684.0,4507.0,3610.1,2013.9
765.22,-137.97,-885.25,-325.97,824.58,-506.26,-1212.3,-464.47,2398.2,4044.6,3119.8,1738.8
608.69,-166.76,-759.04,-229.56,683.03,-458.46,-1186.5,-676.3,1963.3,3383.7,2513.2,1427.4
445.92,-173.76,-606.14,-140.5,525.02,-386.99,-1128.2,-855.0,1429.2,2593.5,1856.4,1107.8
296.45,-168.33,-454.02,-65.912,374.16,-309.52,-1045.4,-979.0,867.61,1768.9,1222.4,806.4
174.39,-157.54,-323.39,-8.9618,248.07,-239.44,-947.72,-1037.2,354.16,1010.3,676.7,544.71
84.256,-145.18,-224.59,30.44,155.34,-183.7,-844.38,-1030.7,-49.797,400.32,264.08,336.9
30.867,-132.42,-157.8,52.297,94.249,-142.97,-742.08,-970.65,-310.35,-14.466,0.73151,188.72
5.9336,-117.84,-116.12,58.507,56.339,-113.82,-644.18,-872.4,-425.4,-231.24,-125.22,97.242
0.062211,-100.7,-89.563,53.716,39.245,-92.027,-551.41,-747.3,-420.19,-285.11,-147.72,51.769
4.1426,-82.714,-72.895,43.383,33.502,-74.078,-464.07,-607.83,-336.39,-233.01,-109.39,35.768
9.1576,-68.434,-58.513,32.376,31.051,-59.986,-382.88,-470.7,-218.93,-134.24,-49.399,34.129
9.5119,-58.218,-45.745,23.371,26.143,-49.65,-307.96,-349.73,-105.12,-34.86,1.0496,36.865
3.793,-50.32,-34.1,21.206,19.233,-41.596,-241.59,-251.32,-15.661,36.225,29.336,37.836
-10.473,-42.73,-24.715,19.663,12.492,-34.38,-187.57,-175.39,36.46,67.427,39.054,34.017
-18.041,-34.577,-18.878,18.986,4.1374,-27.459,-145.36,-118.97,56.244,71.081,35.139,25.979
-16.931,-27.785,-18.211,18.749,-5.4007,-21.571,-113.03,-80.896,60.772,58.484,23.53,16.33
-14.9,-24.13,-14.431,18.422,-4.8701,-18.256,-88.907,-58.649,54.836,39.763,5.83,16.736
-12.39,-22.659,-12.282,17.722,-2.053,-16.988,-71.141,-46.296,45.083,24.094,0.2897,9.183
-9.519,-21.789,-12.664,16.566,1.1278,-16.541,-57.598,-38.547,35.421,14.283,-4.0632,2.7743
-6.5766,-20.619,-13.333,15.002,3.8815,-15.982,-46.449,-32.221,28.483,7.2375,-5.5647,0.052605
-4.0108,-18.858,-13.281,13.183,5.5978,-14.85,-36.677,-25.877,22.219,0.29931,-5.9711,-1.4496
-2.3089,-16.566,-12.042,11.369,5.8832,-13.01,-28.111,-19.042,13.36,-0.21136,-6.3372,-2.5753
-1.8453,-14.0,-9.4674,9.8701,4.6074,-10.548,-22.238,-12.02,14.131,-0.58242,-6.8398,-3.5663
-2.7693,-11.494,-5.7365,8.9545,1.8806,-7.6813,-22.439,-6.0046,14.098,-1.9626,-7.3702,-4.4464
-4.9613,-9.3423,-1.2761,8.7573,-1.959,-4.6767,-22.87,-2.7948,13.18,-3.7624,-7.7809,-5.2007
-8.0458,-7.7211,3.3594,9.2349,-6.3646,-1.8043,-18.175,-0.36698,11.787,-5.264,-8.0336,-5.8002
-11.454,-6.6779,7.5713,10.181,-10.658,0.67705,-11.48,1.733,10.305,-6.4403,-8.1354,-6.1874
-14.542,-6.1731,10.806,11.301,-14.168,2.5201,-6.0082,3.4395,8.9569,-7.4065,-8.1203,-6.3096
-16.754,-6.1442,12.644,12.329,-16.379,3.4977,-2.3123,4.6792,7.8248,-8.2131,-8.0423,-6.1675
-17.786,-6.5847,12.86,13.126,-17.038,3.4296,0.099481,5.4824,6.9037,-8.9085,-7.9625,-5.8469
-17.645,-7.5864,11.445,13.731,-16.162,2.2351,1.6869,5.9961,6.1471,-9.5613,-7.9413,-5.5133
-16.58,-9.2855,8.5892,14.285,-13.975,-0.020475,2.7229,6.442,5.4956,-10.234,-8.0315,-5.3689
-14.975,-11.724,4.6309,14.926,-10.82,-3.1353,3.3661,7.0489,4.9,-10.945,-8.2631,-5.584
-13.22,-14.729,-0.014433,15.687,-7.0876,-6.8013,3.7242,7.9925,4.3392,-11.653,-8.6249,-6.2324
-11.461,-17.874,-4.9451,16.418,-3.0914,-10.604,3.8822,9.3676,3.8258,-12.269,-9.0564,-7.257
-9.4016,-20.533,-9.7944,16.743,1.0562,-14.049,3.9081,11.187,3.3944,-12.694,-9.4643,-8.4821
-6.4869,-22.027,-14.238,16.142,5.407,-16.647,3.855,13.367,3.0766,-12.867,-9.7575,-9.6691
-2.3546,-21.819,-17.947,14.197,9.9349,-18.021,3.7684,15.679,2.8784,-12.797,-9.8794,-10.589
2.807,-19.704,-20.51,10.845,14.289,-17.962,3.6955,17.72,2.7748,-12.554,-9.8178,-11.078
8.1947,-15.918,-21.457,6.5186,17.755,-16.444,3.6904,19.059,2.7287,-12.233,-9.5925,-11.058
12.607,-11.128,-20.404,2.0871,19.438,-13.636,3.8103,19.537,2.7238,-11.909,-9.2287,-10.534
14.794,-6.2826,-17.242,-1.3973,18.558,-9.9069,4.1052,19.442,2.7809,-11.597,-8.732,-9.5784
13.851,-2.3744,-12.251,-3.0218,14.76,-5.8025,4.5983,19.386,2.9375,-11.255,-8.0889,-8.3204
9.6049,-0.19181,-6.1092,-2.2956,8.4243,-1.962,5.2594,19.96,3.2039,-10.811,-7.2982,-6.9331
2.7756,-0.1322,0.15337,0.70155,0.71855,0.99115,5.9895,21.431,3.529,-10.223,-6.4153,-5.6254
-5.2508,-2.1153,5.3559,5.3574,-6.8138,2.5687,6.6348,23.652,3.801,-9.5401,-5.5791,-4.63
-12.903,-5.6673,8.5037,10.744,-12.766,2.5133,7.028,26.16,3.8793,-8.9336,-5.0007,-4.1727
-18.883,-10.146,9.0846,15.932,-16.217,0.84559,7.0439,28.356,3.6431,-8.6487,-4.9085,-4.4184
-22.469,-14.945,7.1943,20.231,-16.91,-2.1433,6.6431,29.716,3.0373,-8.8884,-5.4689,-5.413
-23.629,-19.581,3.4709,23.288,-15.235,-5.9655,5.8887,30.005,2.1012,-9.7168,-6.7099,-7.0587
-22.913,-23.684,-1.1353,25.084,-12.048,-10.032,4.9301,29.419,0.96594,-11.028,-8.4826,-9.1331
-21.155,-26.951,-5.6392,25.854,-8.392,-13.73,3.9594,28.514,-0.18263,-12.577,-10.485,-11.341
-19.197,-29.168,-9.2093,25.945,-5.2305,-16.526,3.1555,27.942,-1.1617,-14.057,-12.343,-13.379
-17.719,-30.268,-11.282,25.69,-3.2401,-18.091,2.6348,28.158,-1.8469,-15.188,-13.714,-14.994
-17.086,-30.311,-11.65,25.304,-2.6847,-18.348,2.423,29.253,-2.2025,-15.796,-14.388,-16.031
-17.239,-29.402,-10.501,24.83,-3.3994,-17.455,2.4554,30.966,-2.2739,-15.849,-14.346,-16.453
-17.719,-27.658,-8.3476,24.135,-4.8361,-15.71,2.607,32.837,-2.1516,-15.457,-13.754,-16.33
-17.832,-25.184,-5.8693,22.967,-6.2208,-13.462,2.7464,34.399,-1.9275,-14.83,-12.889,-15.808
-16.903,-22.075,-3.7366,21.047,-6.8037,-11.048,2.7947,35.368,-1.6622,-14.194,-12.027,-15.069
-14.493,-18.437,-2.4728,18.194,-6.0671,-8.7525,2.7626,35.82,-1.3688,-13.704,-11.351,-14.29
-10.527,-14.473,-2.3493,14.438,-3.8335,-6.7904,2.7442,36.217,-1.0122,-13.382,-10.894,-13.594
-5.3727,-10.537,-3.3187,10.114,-0.32362,-5.2944,2.8646,37.203,-0.52585,-13.128,-10.552,-13.015
0.16414,-7.1217,-5.0274,5.8436,3.833,-4.326,3.2058,39.268,0.15209,-12.781,-10.138,-12.512
4.9979,-4.7231,-6.9279,2.3863,7.7106,-3.8858,3.7578,42.459,1.0414,-12.213,-9.4806,-12.013
8.0354,-3.6741,-8.427,0.42399,10.329,-3.892,4.4246,46.363,2.1033,-11.383,-8.501,-11.459
8.4733,-4.0276,-8.9966,0.36752,10.918,-4.1568,5.0741,50.385,3.2541,-10.336,-7.2402,-10.809
6.043,-5.5497,-8.2858,2.2432,9.1196,-4.4267,5.5923,54.041,4.3953,-9.1785,-5.8395,-10.054
1.1192,-7.8043,-6.2486,5.6791,5.111,-4.4821,5.9181,57.035,5.4387,-8.0458,-4.4987,-9.2229
-5.3606,-10.294,-3.1901,10.0,-0.40337,-4.2328,6.0537,59.213,6.318,-7.0829,-3.4232,-8.4019
-12.156,-12.608,0.29456,14.421,-6.3648,-3.7584,6.0504,60.536,6.9906,-6.4164,-2.7672,-7.7211
-18.059,-14.514,3.436,18.251,-11.617,-3.2874,5.9812,61.101,7.4417,-6.1173,-2.5828,-7.3241
-22.124,-15.947,5.4462,20.996,-15.12,-3.128,5.913,61.167,7.6909,-6.1667,-2.79,-7.325
-23.713,-16.945,5.7152,22.35,-16.135,-3.5638,5.8904,61.122,7.7939,-6.4496,-3.193,-7.7747
-22.541,-17.573,3.9887,22.188,-14.389,-4.7457,5.9331,61.383,7.8301,-6.7892,-3.5526,-8.6488
-18.813,-17.893,0.45631,20.618,-10.155,-6.6222,6.039,62.275,7.8823,-7.0136,-3.6819,-9.852
-13.31,-17.968,-4.2687,18.033,-4.2535,-8.935,6.1902,63.946,8.0222,-7.0227,-3.5176,-11.237
-7.2806,-17.881,-9.2821,15.067,2.0925,-11.283,6.3618,66.339,8.3061,-6.8184,-3.1314,-12.638
-2.1006,-17.737,-13.598,12.45,7.5664,-13.231,6.5373,69.214,8.7777,-6.4845,-2.6749,-13.917
1.1213,-17.649,-16.376,10.8,11.08,-14.432,6.7282,72.229,9.4718,-6.1346,-2.2874,-14.986
1.7927,-17.705,-17.124,10.457,11.993,-14.707,6.9842,75.056,10.411,-5.8543,-2.022,-15.799
-0.050793,-17.925,-15.83,11.398,10.262,-14.079,7.3844,77.517,11.595,-5.6613,-1.8285,-16.329
-3.7475,-18.232,-12.962,13.248,6.4879,-12.757,8.0057,79.658,12.994,-5.4966,-1.5854,-16.549
-8.1805,-18.454,-9.3016,15.386,1.7565,-11.056,8.8847,81.695,14.548,-5.2491,-1.1585,-16.43
-12.1,-18.357,-5.6911,17.114,-2.7029,-9.284,9.9937,83.911,16.192,-4.7985,-0.4541,-15.946
-14.462,-17.66,-2.797,17.824,-5.8762,-7.6171,11.25,86.541,17.883,-4.0594,0.56823,-15.089
-14.664,-16.109,-0.97228,17.126,-7.2051,-6.061,12.546,89.681,19.61,-3.0214,1.8992,-13.889
-12.671,-13.632,-0.19589,14.955,-6.6929,-4.5359,13.778,93.231,21.357,-1.7767,3.4501,-12.459
-9.0642,-10.489,-0.13802,11.661,-4.859,-3.0223,14.853,96.904,23.078,-0.51081,5.0189,-11.008
-4.9245,-7.2681,-0.39659,8.0094,-2.5189,-1.6527,15.701,100.36,24.704,0.55316,6.324,-9.8115
-1.5279,-4.7505,-0.71567,5.0261,-0.48733,-0.69124,16.303,103.4,26.195,1.235,7.109,-9.1557
0.054667,-3.7096,-1.0309,3.7025,0.64335,-0.43246,16.721,106.07,27.574,1.4585,7.243,-9.2664
-0.72508,-4.6907,-1.4146,4.6719,0.6135,-1.1043,17.106,108.64,28.916,1.2604,6.7551,-10.226
-3.7909,-7.8547,-2.0078,7.9715,-0.48831,-2.8128,17.663,111.47,30.289,0.7508,5.807,-11.933
-8.5118,-12.888,-2.945,13.018,-2.2897,-5.495,18.536,114.77,31.701,0.061544,4.6403,-14.137
-13.865,-18.983,-4.272,18.807,-4.2564,-8.8569,19.728,118.57,33.119,-0.67425,3.5009,-16.528
-18.684,-25.0,-5.8986,24.191,-5.8336,-12.362,21.125,122.72,34.558,-1.3153,2.5633,-18.796
-21.913,-29.719,-7.6162,28.093,-6.5562,-15.336,22.627,126.99,36.153,-1.718,1.927,-20.659
-22.774,-32.087,-9.1691,29.662,-6.1236,-17.157,24.215,131.12,38.089,-1.7754,1.6787,-21.885
-20.915,-31.523,-10.341,28.468,-4.4578,-17.459,25.915,134.94,40.444,-1.464,1.8913,-22.358
-16.544,-28.13,-11.022,24.671,-1.7301,-16.236,27.735,138.38,43.121,-0.85782,2.5372,-22.124
-10.418,-22.644,-11.233,19.006,1.6682,-13.832,29.67,141.55,45.945,-0.087207,3.4719,-21.391
-3.661,-16.218,-11.104,12.595,5.2126,-10.83,31.756,144.72,48.817,0.73993,4.5444,-20.459
2.5472,-10.147,-10.827,6.6536,8.3775,-7.8923,34.12,148.33,51.814,1.604,5.7003,-19.626
7.2853,-5.541,-10.593,2.1675,10.777,-5.5804,36.968,152.85,55.144,2.5823,6.9866,-19.091
10.068,-3.0223,-10.54,-0.32883,12.247,-4.2146,40.493,158.52,58.974,3.7984,8.4971,-18.896
10.846,-2.599,-10.704,-0.79398,12.815,-3.8208,44.699,165.17,63.236,5.3444,10.303,-18.947
9.9266,-3.7763,-10.996,0.38481,12.599,-4.19,49.243,172.2,67.628,7.2088,12.364,-19.117
7.8465,-5.804,-11.223,2.5447,11.743,-4.9933,53.531,178.99,71.811,9.2416,14.445,-19.331
5.1919,-7.9334,-11.138,4.9929,10.351,-5.8538,57.065,185.12,75.575,11.202,16.155,-19.559
2.3952,-9.5933,-10.478,7.2309,8.4305,-6.3793,59.685,190.46,78.868,12.896,17.185,-19.769
-0.39751,-10.507,-9.0103,9.0405,5.9064,-6.2488,61.59,195.23,81.811,14.296,17.551,-19.906
-3.3196,-10.712,-6.6422,10.476,2.7238,-5.3476,63.214,199.99,84.664,15.564,17.621,-19.922
-6.5958,-10.49,-3.5169,11.793,-1.0431,-3.8394,65.032,205.5,87.725,16.956,17.897,-19.819
-10.262,-10.248,-0.04248,13.257,-5.1258,-2.1047,67.363,212.45,91.22,18.716,18.735,-19.659
-14.025,-10.357,3.1611,14.951,-9.0248,-0.60513,70.259,221.25,95.236,21.003,20.253,-19.536
-17.329,-11.029,5.4137,16.736,-12.067,0.25057,73.547,231.66,99.725,23.868,22.426,-19.531
-19.507,-12.23,6.1775,18.299,-13.578,0.22737,76.968,242.59,104.53,27.238,25.177,-19.689
-19.974,-13.676,5.231,19.239,-13.105,-0.64137,80.318,252.63,109.47,30.907,28.334,-20.013
-18.473,-14.918,2.7719,19.216,-10.632,-2.0204,83.533,261.13,114.38,34.593,31.541,-20.448
-15.308,-15.501,-0.57564,18.143,-6.7073,-3.3217,86.707,268.51,119.28,38.084,34.391,-20.865
-11.313,-15.106,-3.8677,16.258,-2.3152,-3.8284,90.043,275.88,124.3,41.384,36.798,-21.067
-7.5424,-13.595,-6.0599,14.012,1.4375,-2.8901,93.764,284.47,129.66,44.688,39.096,-20.856
-4.9005,-10.979,-6.2916,11.877,3.6493,-0.16892,97.986,295.12,135.54,48.228,41.734,-20.107
-3.8946,-7.512,-4.1498,10.235,3.8589,4.2543,102.63,308.05,141.93,52.143,44.986,-18.817
-4.4724,-3.7148,0.18668,9.2363,2.1746,9.9835,107.44,322.89,148.69,56.454,48.862,-17.104
-5.9962,0.020851,6.0501,8.6434,-0.75277,16.396,112.09,338.8,155.57,61.11,53.159,-15.167
-7.4865,3.8438,12.618,7.8793,-3.9714,22.929,116.4,354.72,162.45,66.019,57.577,-13.22
-8.032,8.3349,19.233,6.3454,-6.5959,29.448,120.36,369.6,169.29,71.049,61.847,-11.44
-7.1433,14.012,25.481,3.7553,-8.1034,36.077,124.1,382.57,176.09,76.02,65.8,-9.9273
-4.9188,20.85,31.068,0.29112,-8.438,42.736,127.82,393.38,182.75,80.714,69.387,-8.7034
-1.9864,28.089,35.77,-3.4516,-7.9418,49.03,131.62,402.58,189.15,84.965,72.613,-7.7346
0.74225,34.541,39.541,-6.6742,-7.1768,54.541,135.55,411.35,195.26,88.756,75.494,-6.9646
2.4097,39.164,42.549,-8.6558,-6.7114,59.195,139.52,420.99,201.18,92.235,78.092,-6.3332
2.5248,41.516,45.019,-9.0397,-6.934,63.303,143.3,432.38,207.01,95.637,80.558,-5.7843
1.125,41.95,47.041,-8.0123,-7.9343,67.072,146.58,445.56,212.79,99.179,83.116,-5.2715
-1.2962,41.515,48.5,-6.2271,-9.5024,70.117,149.16,459.52,218.51,102.99,85.952,-4.7673
-4.0188,41.494,49.208,-4.5188,-11.249,71.875,151.02,472.79,224.19,107.11,89.07,-4.2685
-6.3551,42.664,49.106,-3.5992,-12.763,72.31,152.26,484.57,229.85,111.45,92.278,-3.7876
-7.8543,44.882,48.27,-3.8452,-13.727,71.847,153.02,494.81,235.5,115.96,95.384,-3.3251
-8.3749,47.373,46.753,-5.1742,-13.961,70.937,153.42,503.93,241.19,120.66,98.413,-2.824
-7.9898,49.337,44.481,-7.1477,-13.405,69.733,153.59,512.47,246.96,125.69,101.63,-2.1089
-6.7933,50.431,41.317,-9.5422,-12.094,67.847,153.66,520.97,252.88,131.27,105.39,-0.79929
-4.7356,50.937,37.233,-12.805,-10.137,64.493,153.73,529.74,258.92,137.52,109.79,1.7488
-1.6068,51.338,32.465,-17.44,-7.7141,60.032,153.88,538.73,264.98,144.34,114.6,6.0165
2.7846,52.228,27.525,-23.157,-5.0593,56.405,154.07,547.56,270.98,151.51,119.42,11.323
8.3122,54.435,23.064,-29.322,-2.4358,54.781,154.23,555.81,276.87,158.75,124.05,16.731
14.465,58.314,19.696,-35.536,-0.074171,55.177,154.31,563.18,282.57,165.8,128.57,22.283
20.762,63.654,17.823,-41.721,1.8981,57.438,154.37,569.55,287.98,172.62,133.19,28.218
27.121,70.317,17.486,-48.235,3.4987,61.404,154.43,574.9,293.04,179.4,138.24,34.594
33.732,78.183,18.333,-55.466,4.8597,66.632,154.45,579.34,297.83,186.56,144.17,41.333
40.744,86.772,19.753,-63.385,6.1314,72.363,154.23,583.06,302.47,194.48,151.4,48.405
48.041,95.208,21.085,-71.493,7.3786,77.782,153.51,586.13,307.09,203.3,160.24,56.116
55.163,102.44,21.799,-79.003,8.5251,82.253,152.05,588.43,311.69,212.73,170.59,64.693
61.456,107.51,21.612,-85.041,9.3834,85.347,149.59,589.73,316.12,222.25,181.84,73.176
66.433,109.88,20.558,-88.851,9.7858,86.752,145.86,589.9,320.15,231.56,193.11,79.892
70.071,109.53,18.936,-90.089,9.8217,86.255,140.65,588.91,323.66,240.89,203.74,84.45
72.664,107.05,17.148,-89.062,10.129,83.922,133.98,586.71,326.68,250.75,213.65,87.901
74.363,103.36,15.519,-86.653,11.957,80.263,126.15,583.22,329.4,261.54,223.33,91.621
75.188,99.306,14.157,-83.902,16.125,76.027,117.77,578.46,332.02,273.33,233.64,96.777
75.594,95.528,12.855,-81.676,21.247,71.752,109.48,572.42,334.7,285.98,245.34,104.11
76.758,92.48,11.123,-80.577,25.892,67.551,101.56,565.01,337.53,299.39,258.67,113.51
80.006,90.396,8.4503,-80.906,31.24,63.227,93.745,556.13,340.51,313.52,273.17,123.87
85.961,89.2,4.6357,-82.667,38.749,58.493,85.458,545.97,343.48,328.21,287.96,133.8
94.397,88.646,-0.18672,-85.629,48.544,53.12,76.069,535.2,346.29,343.15,302.36,142.55
104.55,88.509,-5.9163,-89.424,59.891,46.966,65.246,524.62,348.9,357.89,316.34,150.16
115.4,88.58,-12.993,-93.565,71.901,40.063,53.179,514.53,351.49,371.99,330.14,157.13
125.99,88.61,-22.316,-97.516,83.66,32.931,40.717,504.63,354.38,385.2,343.78,164.06
135.61,88.393,-33.368,-100.87,94.177,26.567,29.131,494.24,357.88,397.71,356.85,171.59
143.59,87.771,-43.63,-103.36,102.61,21.566,18.707,482.64,362.07,410.31,369.09,180.22
149.32,86.448,-51.916,-104.76,108.65,17.636,8.7038,469.28,366.74,423.9,381.01,189.96
152.71,83.962,-59.038,-104.89,112.69,14.04,-1.2856,453.94,371.57,438.73,393.33,200.15
154.41,79.957,-66.241,-103.84,115.78,10.171,-11.246,436.94,376.34,454.3,406.23,209.84
155.47,74.53,-74.413,-102.03,119.39,5.8441,-21.266,419.17,380.98,469.78,419.5,218.53
156.8,68.392,-83.694,-100.06,124.68,1.2956,-31.681,401.75,385.49,484.91,433.1,226.31
158.97,62.641,-93.456,-98.532,131.55,-3.0659,-42.782,385.51,389.91,500.14,447.24,233.51
162.05,58.218,-102.77,-97.895,138.76,-6.9132,-54.433,370.7,394.2,515.83,462.31,240.4
165.63,55.416,-110.92,-98.283,145.19,-10.072,-66.048,356.91,398.34,532.03,478.81,247.14
169.23,53.702,-117.65,-99.388,150.43,-12.489,-76.962,343.4,402.35,548.74,496.41,253.8
172.34,51.973,-122.8,-100.56,154.49,-14.192,-86.83,329.44,406.28,565.69,513.38,260.48
174.32,49.101,-126.09,-101.1,157.11,-15.231,-95.615,314.7,410.26,582.2,528.08,267.24
174.48,44.452,-127.26,-100.55,157.75,-15.607,-103.3,299.38,414.44,597.47,539.94,274.05
172.65,38.239,-126.33,-98.923,156.15,-15.26,-109.8,284.13,418.93,610.91,549.15,280.71
169.44,31.703,-123.56,-96.634,152.78,-14.144,-115.1,269.72,423.72,622.44,556.2,286.85
165.88,26.527,-119.39,-94.236,148.51,-12.353,-119.24,256.7,428.67,632.56,561.9,292.05
162.79,23.585,-114.6,-92.172,144.3,-10.202,-122.22,245.15,433.49,641.73,567.07,295.82
160.51,22.495,-110.41,-90.568,140.94,-8.203,-124.02,234.63,437.66,649.77,571.94,297.56
158.84,22.148,-107.98,-89.18,138.94,-6.9397,-124.78,224.43,440.47,655.72,575.85,296.81
157.3,21.318,-107.98,-87.524,138.35,-6.8878,-124.87,213.84,441.02,658.24,577.55,293.6
155.27,19.099,-110.26,-85.105,138.78,-8.2523,-124.7,202.28,438.43,656.08,575.99,288.57
152.18,15.248,-113.99,-81.621,139.5,-10.867,-124.51,189.64,432.27,648.42,570.78,282.44
147.59,10.285,-117.95,-77.066,139.69,-14.205,-124.3,176.39,422.83,635.45,562.25,275.55
141.47,5.1638,-120.83,-71.692,138.43,-17.512,-123.9,163.48,411.05,618.85,551.11,267.99
134.24,0.73122,-121.6,-65.901,135.02,-20.046,-123.07,151.79,398.15,601.19,538.04,259.97
126.54,-2.5572,-119.7,-60.139,129.34,-21.331,-121.68,141.59,385.13,584.24,523.92,251.73
118.77,-4.6612,-115.1,-54.731,121.94,-21.279,-119.75,132.42,372.41,568.31,509.88,243.42
110.99,-5.8941,-108.31,-49.637,113.46,-20.144,-117.44,123.49,359.78,552.83,496.39,234.97
103.17,-6.7531,-100.1,-44.379,104.42,-18.394,-114.99,113.94,346.78,537.02,483.01,226.03
95.428,-7.6613,-91.308,-38.281,95.383,-16.546,-112.68,103.16,333.04,520.11,468.97,216.26
88.011,-8.7853,-82.784,-30.918,87.137,-14.993,-110.72,91.056,318.42,501.3,453.9,205.49
81.075,-10.026,-75.337,-22.656,80.312,-13.908,-109.19,78.282,302.93,479.77,437.9,193.91
74.607,-11.103,-69.536,-14.802,75.196,-13.238,-107.94,65.975,286.7,455.49,421.0,182.12
68.677,-11.639,-65.694,-8.8534,71.786,-12.783,-106.68,54.764,270.07,430.24,403.23,170.96
63.787,-11.312,-64.0,-5.5652,69.929,-12.372,-105.08,44.499,253.53,406.29,385.2,161.15
60.672,-10.077,-64.48,-4.7745,69.416,-12.009,-102.88,34.992,237.34,384.1,367.14,152.88
59.606,-8.2606,-66.679,-5.7245,70.003,-11.863,-100.04,26.4,221.31,362.85,348.68,145.67
59.999,-6.4414,-69.414,-7.4157,71.496,-12.123,-96.743,19.145,205.16,341.79,329.79,138.77
60.637,-5.214,-71.604,-8.914,73.863,-12.889,-93.38,13.547,188.84,320.58,311.02,131.44
60.312,-4.975,-73.261,-9.5834,76.789,-14.109,-90.35,9.3786,172.55,299.2,292.82,123.07
58.345,-5.79,-74.428,-9.1685,79.253,-15.558,-87.777,6.0021,156.66,277.83,275.23,113.38
54.68,-7.3757,-74.372,-7.7271,79.917,-16.851,-85.42,2.9444,141.61,256.97,258.19,102.53
49.652,-9.2095,-72.074,-5.5173,77.668,-17.537,-82.844,0.17189,127.81,237.3,241.97,91.269
43.739,-10.729,-66.763,-2.8973,72.078,-17.237,-79.688,-2.0432,115.66,219.42,227.23,80.532
37.33,-11.538,-58.418,-0.21379,63.664,-15.777,-75.883,-3.3885,105.4,203.61,214.66,70.959
30.576,-11.527,-47.966,2.3197,53.42,-13.254,-71.686,-3.7169,96.943,189.62,204.53,63.004
23.39,-10.842,-36.822,4.6757,42.097,-10.002,-67.526,-3.1358,89.665,176.6,196.27,57.246
15.624,-9.7738,-26.261,6.9226,30.018,-6.4812,-63.772,-1.9862,82.587,163.46,188.61,54.161
7.4862,-8.6274,-17.006,9.0439,17.555,-3.1668,-60.598,-0.73742,74.757,149.48,180.11,53.207
-0.154,-7.6501,-9.208,10.843,6.0381,-0.48909,-57.984,0.1633,65.634,134.78,169.83,52.603
-6.0734,-7.0063,-3.0561,12.037,-2.3332,1.212,-55.758,0.43457,55.148,120.23,157.83,50.387
-9.3278,-6.7678,0.72299,12.417,-6.2101,1.7408,-53.656,0.045365,44.072,106.68,144.99,45.549
-9.637,-6.9261,1.3853,11.952,-6.0706,1.0882,-51.459,-0.80182,34.438,94.327,132.37,38.525
-7.3962,-7.4396,-0.83203,10.792,-3.0401,-0.57984,-49.134,-1.7866,27.31,82.852,120.61,30.746
-3.4815,-8.2902,-4.8407,9.2437,1.8042,-2.9791,-46.791,-2.6133,22.031,72.049,109.96,23.491
0.9726,-9.4926,-9.4821,7.7383,7.2849,-5.7563,-44.473,-3.1018,17.781,62.067,100.36,17.169
4.7819,-11.048,-13.813,6.7474,12.145,-8.5149,-42.076,-3.2171,14.079,53.083,91.707,11.637
6.932,-12.891,-17.086,6.6743,15.315,-10.855,-39.485,-3.0525,10.697,45.056,83.781,6.7649
6.7916,-14.871,-18.73,7.739,16.125,-12.445,-36.704,-2.7708,7.579,37.817,76.19,2.6054
4.2371,-16.777,-18.406,9.9048,14.367,-13.078,-33.792,-2.5271,4.7753,31.014,68.616,-0.73761
-0.35162,-18.4,-16.103,12.886,10.287,-12.718,-30.759,-2.4101,2.3662,23.955,61.196,-3.2372
-6.2192,-19.591,-12.177,16.241,4.551,-11.498,-27.578,-2.4189,0.40086,16.353,54.727,-4.9719
-12.436,-20.287,-7.2653,19.491,-1.8944,-9.6841,-24.275,-2.4718,-1.1256,9.3003,49.829,-6.1082
-18.083,-20.479,-2.1203,22.204,-8.0341,-7.6033,-20.972,-2.4416,-2.2618,3.9963,45.763,-6.8471
-22.377,-20.155,2.5564,24.021,-13.017,-5.5545,-17.824,-2.2048,-3.078,0.41607,41.199,-7.3637
-24.794,-19.297,6.2426,24.7,-16.331,-3.7323,-14.911,-1.6894,-3.6498,-2.0474,35.409,-7.7751
-25.201,-17.9,8.7006,24.175,-17.86,-2.1916,-12.229,-0.90824,-4.0513,-3.889,28.661,-8.1403
-23.899,-16.038,10.023,22.623,-17.853,-0.87558,-9.7238,0.032614,-4.3515,-5.3975,22.06,-8.4797
-21.555,-13.912,10.559,20.464,-16.822,0.30429,-7.365,0.9569,-4.6108,-6.7424,16.637,-8.8058
-18.999,-11.844,10.722,18.257,-15.399,1.3853,-5.1937,1.6718,-4.8764,-8.0404,12.58,-9.149
-16.951,-10.205,10.808,16.523,-14.128,2.3184,-3.2982,2.0356,-5.1781,-9.3759,9.478,-9.5639
-15.82,-9.286,10.932,15.587,-13.314,2.9937,-1.7488,2.0116,-5.5251,-10.789,6.8676,-10.113
-15.607,-9.1818,11.028,15.481,-12.937,3.3011,-0.5484,1.685,-5.9033,-12.262,4.4787,-10.836
-15.907,-9.7534,10.853,15.937,-12.657,3.1914,0.37152,1.235,-6.2785,-13.724,2.2381,-11.726
-16.05,-10.667,10.057,16.484,-11.937,2.7159,1.1185,0.87169,-6.6045,-15.077,0.19764,-12.711
-15.396,-11.503,8.4004,16.624,-10.327,2.0197,1.7988,0.76144,-6.8335,-16.228,-1.5401,-13.668
-13.606,-11.891,5.9682,16.02,-7.7106,1.2862,2.486,0.96979,-6.9248,-17.115,-2.8788,-14.443
-10.775,-11.6,3.1881,14.601,-4.4054,0.68149,3.2066,1.4414,-6.8532,-17.724,-3.777,-14.892
-7.3726,-10.573,0.70428,12.539,-1.0654,0.35335,3.9411,2.021,-6.6195,-18.097,-4.2733,-14.922
-4.083,-8.8721,-0.78963,10.158,1.5247,0.49521,4.6401,2.5072,-6.2582,-18.329,-4.4872,-14.533
-1.5702,-6.6167,-0.7723,7.8074,2.7178,1.3643,5.2533,2.7249,-5.8329,-18.534,-4.5832,-13.831
-0.27526,-3.9851,0.88134,5.7779,2.2266,3.1184,5.7595,2.5954,-5.4171,-18.795,-4.7104,-13.014
-0.32388,-1.2823,3.8184,4.2797,0.21273,5.5844,6.1719,2.1734,-5.0694,-19.119,-4.9471,-12.318
-1.5659,1.0482,7.3054,3.4812,-2.7786,8.2193,6.5064,1.6292,-4.8181,-19.431,-5.2851,-11.968
-3.6932,2.4975,10.442,3.5439,-6.0146,10.304,6.7461,1.1787,-4.6634,-19.637,-5.6576,-12.112
-6.362,2.6094,12.418,4.6068,-8.8185,11.208,6.8373,0.99514,-4.5929,-19.679,-5.9925,-12.785
-9.2669,1.1097,12.728,6.7082,-10.747,10.568,6.722,1.141,-4.5976,-19.57,-6.2589,-13.895
-12.15,-1.98,11.29,9.693,-11.649,8.374,6.3719,1.5435,-4.6757,-19.377,-6.4834,-15.26
-14.777,-6.2819,8.4331,13.197,-11.622,4.9725,5.7953,2.0222,-4.8221,-19.181,-6.7271,-16.659
-16.916,-11.098,4.7947,16.716,-10.867,0.99549,5.0344,2.3597,-5.0169,-19.047,-7.0454,-17.882
-18.293,-15.485,1.1278,19.657,-9.5471,-2.77,4.176,2.3947,-5.2195,-18.985,-7.445,-18.755
-18.462,-18.392,-1.9169,21.317,-7.7318,-5.5351,3.3611,2.1075,-5.3689,-18.939,-7.8528,-19.152
-16.818,-18.894,-3.96,20.912,-5.4094,-6.6949,2.7651,1.651,-5.3905,-18.781,-8.1151,-18.993
-12.918,-16.474,-4.9521,17.902,-2.5522,-6.0434,2.546,1.2923,-5.2157,-18.357,-8.0406,-18.257
-6.9195,-11.379,-5.0955,12.445,0.76137,-3.8431,2.7766,1.2847,-4.8109,-17.545,-7.4892,-17.001
0.234,-4.7113,-4.6812,5.5643,4.2261,-0.72791,3.4012,1.7477,-4.2,-16.327,-6.4536,-15.381
7.0604,1.9083,-3.9723,-1.1553,7.3059,2.4603,4.2387,2.61,-3.4664,-14.817,-5.0904,-13.636
12.042,6.8604,-3.1924,-6.1353,9.3797,4.9038,5.0374,3.628,-2.7319,-13.242,-3.6869,-12.044
14.07,8.9978,-2.5361,-8.2719,9.9738,6.0259,5.5561,4.4665,-2.119,-11.851,-2.5706,-10.846
12.748,7.9452,-2.1523,-7.1942,8.964,5.6171,5.6477,4.8221,-1.7122,-10.827,-1.9993,-10.178
8.5293,4.1815,-2.1241,-3.3549,6.6527,3.8699,5.313,4.5471,-1.5275,-10.21,-2.0677,-10.045
2.5964,-1.1276,-2.4703,2.1049,3.692,1.2911,4.6926,3.7243,-1.506,-9.8883,-2.6712,-10.325
-3.5117,-6.5582,-3.1475,7.7426,0.87477,-1.4905,3.997,2.6478,-1.5363,-9.6513,-3.5421,-10.814
-8.4009,-10.923,-4.0417,12.302,-1.1417,-3.9094,3.4173,1.708,-1.5,-9.2849,-4.3409,-11.292
-11.25,-13.562,-4.9561,15.062,-2.0639,-5.5698,3.0713,1.2343,-1.3165,-8.6533,-4.7663,-11.575
-12.024,-14.411,-5.6148,15.962,-2.0459,-6.2911,2.9924,1.3701,-0.97094,-7.7318,-4.6458,-11.562
-11.368,-13.89,-5.6949,15.505,-1.5959,-6.1032,3.1352,2.0224,-0.51474,-6.599,-3.9819,-11.228
-10.181,-12.585,-4.9037,14.36,-1.3444,-5.1716,3.3952,2.8992,-0.040614,-5.4032,-2.9341,-10.612
-9.1943,-10.925,-3.0869,13.024,-1.7947,-3.6909,3.6504,3.6248,0.36133,-4.3133,-1.7456,-9.7758
-8.7982,-9.0936,-0.31626,11.776,-3.162,-1.8074,3.8121,3.8968,0.64732,-3.4566,-0.64667,-8.7739
-9.0553,-7.1493,3.0911,10.734,-5.3227,0.381,3.8628,3.6129,0.84027,-2.8636,0.23115,-7.6472
-9.7325,-5.154,6.6312,9.8568,-7.854,2.7223,3.8554,2.9028,1.0122,-2.4554,0.89383,-6.4369
-10.427,-3.2271,9.7199,9.0193,-10.17,4.9143,3.8754,2.0487,1.2368,-2.0924,1.4486,-5.2113
-10.813,-1.6212,11.818,8.2147,-11.742,6.5405,3.9835,1.3458,1.5419,-1.6569,2.0183,-4.0824
-10.838,-0.74409,12.552,7.665,-12.29,7.2025,4.1678,0.9829,1.8892,-1.1162,2.6682,-3.1951
-10.71,-1.0188,11.807,7.7163,-11.841,6.6534,4.3449,0.98432,2.1902,-0.53163,3.3825,-2.6903
-10.732,-2.6698,9.7555,8.6283,-10.652,4.8857,4.4111,1.2122,2.3455,-0.019809,4.0863,-2.6538
-11.12,-5.5708,6.8103,10.414,-9.0744,2.1592,4.3002,1.4197,2.2867,0.30238,4.68,-3.0772
-11.874,-9.2123,3.5228,12.785,-7.4185,-1.0339,4.0116,1.3449,2.0021,0.36128,5.0621,-3.8501
-12.724,-12.797,0.44645,15.186,-5.8806,-4.069,3.6119,0.81492,1.5385,0.14854,5.1442,-4.7819
-13.207,-15.444,-1.98,16.929,-4.5181,-6.338,3.2185,-0.17923,0.98643,-0.27508,4.8801,-5.6472
-12.847,-16.429,-3.486,17.391,-3.2909,-7.3995,2.9662,-1.4668,0.45338,-0.79214,4.32,-6.2401
-11.378,-15.405,-3.9669,16.243,-2.152,-7.0755,2.9691,-2.7512,0.033644,-1.2566,3.6437,-6.4211
-8.9163,-12.546,-3.4684,13.618,-1.1383,-5.4873,3.286,-3.7147,-0.21799,-1.5334,3.1155,-6.1437
-5.9593,-8.5227,-2.1675,10.099,-0.39895,-3.0332,3.9037,-4.1315,-0.29866,-1.538,2.9615,-5.4521
-3.2249,-4.2928,-0.34254,6.5304,-0.13774,-0.28795,4.738,-3.9381,-0.25314,-1.262,3.2461,-4.4608
-1.4081,-0.80207,1.6694,3.743,-0.51181,2.1598,5.6523,-3.2483,-0.15523,-0.77524,3.8392,-3.3281
-0.95977,1.2693,3.5243,2.308,-1.5461,3.8562,6.4889,-2.3185,-0.08552,-0.20757,4.4905,-2.2285
-1.9497,1.6688,4.9308,2.3898,-3.1,4.5726,7.1114,-1.4777,-0.11124,0.28018,4.9375,-1.3218
-4.0548,0.60719,5.7006,3.7288,-4.8885,4.3298,7.4449,-1.0254,-0.27287,0.53458,4.9843,-0.72274
-6.6691,-1.3555,5.773,5.7607,-6.5509,3.3507,7.4922,-1.1251,-0.57605,0.45197,4.5291,-0.47943
-9.0956,-3.5517,5.2079,7.8233,-7.7437,1.9568,7.3192,-1.7446,-0.98933,0.013343,3.5822,-0.57323
-10.753,-5.4274,4.1495,9.3699,-8.2228,0.46404,7.0269,-2.6708,-1.4489,-0.69991,2.2908,-0.9311
-11.317,-6.6432,2.7739,10.1,-7.8819,-0.88038,6.7364,-3.5789,-1.8683,-1.5089,0.95096,-1.4293
-10.746,-7.1122,1.2408,9.9721,-6.7427,-1.9285,6.5753,-4.1352,-2.1545,-2.1791,-0.058409,-1.8914
-9.1714,-6.9376,-0.33265,9.1123,-4.9167,-2.6318,6.6489,-4.1101,-2.2336,-2.4997,-0.43149,-2.1145
-6.7728,-6.2322,-1.8673,7.6612,-2.562,-2.9912,6.9953,-3.4633,-2.0785,-2.3633,-0.090783,-1.945
-3.7229,-5.0334,-3.3039,5.7096,0.14042,-3.013,7.5552,-2.3639,-1.7253,-1.8064,0.77395,-1.3604
-0.2604,-3.405,-4.5891,3.391,2.9796,-2.727,8.1805,-1.1365,-1.2688,-0.99712,1.7961,-0.48894
3.2352,-1.5635,-5.6689,0.97942,5.6914,-2.225,8.6808,-0.15325,-0.83694,-0.18379,2.5736,0.43839
6.2633,0.12759,-6.4839,-1.1259,7.96,-1.6609,8.8876,0.29446,-0.55337,0.38162,2.7904,1.1637
8.307,1.2734,-6.9623,-2.5101,9.4557,-1.2065,8.7138,0.099555,-0.49798,0.52689,2.3014,1.4799
8.9608,1.5854,-7.0179,-2.8683,9.8983,-0.98904,8.1899,-0.62787,-0.67914,0.2246,1.1759,1.2923
8.0408,0.98978,-6.5597,-2.101,9.1268,-1.0349,7.4587,-1.6071,-1.0283,-0.38852,-0.31164,0.65111
5.6505,-0.33087,-5.5205,-0.35405,7.1569,-1.2448,6.7282,-2.4878,-1.4203,-1.0543,-1.7598,-0.25291
2.175,-2.0013,-3.8994,2.0183,4.2043,-1.4297,6.1966,-2.9661,-1.7133,-1.4909,-2.7812,-1.1366
-1.8147,-3.601,-1.7979,4.5638,0.65395,-1.4058,5.9825,-2.8845,-1.7982,-1.5066,-3.1527,-1.713
-5.7275,-4.8281,0.57093,6.8791,-3.0281,-1.0976,6.0866,-2.2869,-1.6395,-1.0743,-2.8996,-1.7952
-9.117,-5.6046,2.9159,8.7373,-6.41,-0.58341,6.4019,-1.4007,-1.2872,-0.33598,-2.27,-1.37
-11.776,-6.0726,4.9339,10.131,-9.1892,-0.060091,6.7653,-0.54356,-0.85054,0.46155,-1.6124,-0.59465
-13.73,-6.497,6.3896,11.219,-11.236,0.24393,7.0287,0.0071634,-0.44719,1.0715,-1.2345,0.28782
-15.158,-7.143,7.168,12.214,-12.576,0.1519,7.1129,0.11911,-0.16174,1.3417,-1.3079,1.0529
-16.27,-8.1894,7.2709,13.293,-13.319,-0.41952,7.0216,-0.16024,-0.031475,1.2549,-1.8407,1.5549
-17.201,-9.6879,6.7653,14.536,-13.572,-1.4584,6.8212,-0.64438,-0.050603,0.91267,-2.7025,1.7421
-17.957,-11.552,5.7298,15.895,-13.376,-2.8757,6.6,-1.0971,-0.1808,0.47896,-3.6895,1.6509
-18.412,-13.567,4.2273,17.185,-12.701,-4.5335,6.4274,-1.3283,-0.36543,0.11432,-4.602,1.384
-18.357,-15.431,2.309,18.141,-11.47,-6.2718,6.3272,-1.2603,-0.54716,-0.076516,-5.3072,1.0763
-17.579,-16.835,0.048613,18.493,-9.641,-7.9254,6.2765,-0.94783,-0.68454,-0.070885,-5.7719,0.85655
-15.98,-17.533,-2.3912,18.065,-7.2972,-9.3221,6.2252,-0.54701,-0.76123,0.076098,-6.0588,0.81608
-13.668,-17.378,-4.6921,16.823,-4.712,-10.267,6.1268,-0.24128,-0.78318,0.26453,-6.2883,0.98831
-10.952,-16.313,-6.3965,14.882,-2.3064,-10.542,5.9667,-0.15567,-0.76585,0.40022,-6.5788,1.3441
-8.2539,-14.38,-7.0776,12.479,-0.51332,-9.9762,5.774,-0.30305,-0.71959,0.43762,-6.9969,1.8121
-5.9637,-11.754,-6.5698,9.9214,0.38506,-8.5505,5.6096,-0.58726,-0.64489,0.39151,-7.546,2.3171
-4.3171,-8.7536,-5.0704,7.5124,0.37076,-6.4597,5.5379,-0.85146,-0.53783,0.31805,-8.1882,2.8071
-3.3109,-5.7926,-3.079,5.4754,-0.26924,-4.0936,5.599,-0.93961,-0.39498,0.28543,-8.8734,3.2603
-2.6864,-3.2661,-1.2494,3.8992,-1.0043,-1.941,5.7961,-0.74393,-0.21044,0.35168,-9.5525,3.6943
-2.0322,-1.4533,-0.20164,2.7348,-1.2451,-0.45412,6.1004,-0.231,0.031303,0.55525,-10.172,4.1826
-0.97961,-0.46327,-0.34046,1.8561,-0.56213,0.087975,6.4678,0.55002,0.35786,0.91284,-10.673,4.8603
0.62413,-0.23315,-1.7281,1.1458,1.1633,-0.33227,6.8582,1.4783,0.80066,1.4149,-10.996,5.8875
2.6413,-0.56109,-4.0379,0.55136,3.6801,-1.4631,7.2465,2.395,1.3769,2.0158,-11.116,7.3422
4.6809,-1.1626,-6.6144,0.094182,6.4112,-2.8588,7.625,3.1499,2.0719,2.632,-11.044,9.1005
6.2243,-1.7398,-8.6475,-0.15738,8.6093,-4.01,8.0043,3.6497,2.8395,3.1687,-10.819,10.854
6.7942,-2.0559,-9.4248,-0.12972,9.5891,-4.4928,8.4181,3.9076,3.6282,3.5781,-10.471,12.283
6.1094,-2.0101,-8.5625,0.22872,8.9518,-4.0981,8.9212,4.0732,4.4105,3.8986,-10.005,13.224
4.1715,-1.6812,-6.1272,0.94068,6.7064,-2.903,9.5577,4.3873,5.1822,4.2248,-9.4153,13.709
1.2468,-1.2878,-2.6152,1.9923,3.2307,-1.2367,10.313,5.0572,5.9347,4.6287,-8.7221,13.915
-2.247,-1.0798,1.2262,3.33,-0.89114,0.46166,11.092,6.1357,6.6336,5.1016,-8.0013,14.034
-5.8901,-1.2363,4.6922,4.8827,-5.0682,1.8113,11.746,7.4762,7.2206,5.5523,-7.3834,14.16
-9.3797,-1.8323,7.3755,6.5937,-8.8469,2.6028,12.131,8.7743,7.632,5.846,-7.0255,14.282
-12.573,-2.8542,9.2186,8.4328,-11.98,2.8181,12.163,9.6727,7.8192,5.8603,-7.064,14.345
-15.432,-4.2269,10.366,10.374,-14.43,2.561,11.841,9.8924,7.7597,5.531,-7.5648,14.31
-17.9,-5.8361,10.951,12.347,-16.229,1.9516,11.232,9.3407,7.4595,4.8726,-8.4919,14.127
-19.791,-7.5448,10.945,14.177,-17.289,1.0505,10.437,8.1541,6.951,3.9725,-9.7054,13.682
-20.751,-9.2012,10.19,15.579,-17.359,-0.15167,9.571,6.6604,6.2941,2.9705,-10.991,12.811
-20.324,-10.651,8.4657,16.219,-16.081,-1.7003,8.7448,5.2708,5.573,2.0283,-12.116,11.447
-18.134,-11.776,5.5759,15.852,-13.137,-3.6319,8.0467,4.3405,4.8802,1.2893,-12.895,9.7281
-14.162,-12.552,1.509,14.473,-8.5228,-5.9221,7.5096,4.0474,4.2906,0.83373,-13.254,7.928
-9.0061,-13.077,-3.415,12.426,-2.7918,-8.4401,7.0957,4.3264,3.8364,0.64667,-13.267,6.3034
-3.8656,-13.536,-8.5047,10.353,2.982,-10.933,6.7225,4.888,3.502,0.6212,-13.121,4.9944
-0.14478,-14.113,-12.763,8.9709,7.4729,-13.053,6.3224,5.3329,3.2419,0.60304,-13.032,4.0211
1.0799,-14.888,-15.126,8.7905,9.4767,-14.419,5.8994,5.3389,3.0145,0.46385,-13.139,3.336
-0.59451,-15.777,-14.887,9.9441,8.3322,-14.717,5.5441,4.8376,2.8112,0.16882,-13.437,2.9036
-4.787,-16.532,-12.044,12.138,4.2353,-13.808,5.3882,4.0617,2.6624,-0.20548,-13.788,2.7451
-10.396,-16.809,-7.3197,14.718,-1.7593,-11.819,5.5258,3.3986,2.6138,-0.52174,-13.994,2.8761
-15.859,-16.304,-1.9097,16.848,-8.0464,-9.1438,5.9482,3.1824,2.6898,-0.66536,-13.902,3.2232
-19.604,-14.907,2.8252,17.768,-12.94,-6.3713,6.5294,3.5537,2.8706,-0.60352,-13.478,3.6322
-20.514,-12.796,5.6597,17.057,-15.126,-4.1494,7.0704,4.4272,3.094,-0.39569,-12.827,3.9271
-18.252,-10.424,5.7894,14.782,-13.975,-3.0293,7.3766,5.53,3.2777,-0.16802,-12.146,3.9598
-13.319,-8.3827,3.0423,11.473,-9.674,-3.3054,7.3255,6.4917,3.3491,-0.066386,-11.65,3.6421
-6.8313,-7.1947,-2.0329,7.9181,-3.1299,-4.9363,6.9016,6.9776,3.2709,-0.2015,-11.486,2.9653
-0.18454,-7.1183,-8.2456,4.8983,4.2697,-7.5777,6.1984,6.8176,3.0561,-0.60596,-11.669,2.0056
5.2822,-8.0466,-14.196,2.9467,10.972,-10.656,5.3925,6.0722,2.7677,-1.2186,-12.074,0.90903
8.6358,-9.5268,-18.761,2.2097,15.679,-13.458,4.6957,5.0164,2.5002,-1.8991,-12.48,-0.14378
9.5554,-10.906,-21.161,2.4479,17.619,-15.27,4.2981,4.054,2.353,-2.4669,-12.647,-0.97942
8.3012,-11.551,-20.906,3.1632,16.585,-15.555,4.3171,3.5839,2.4042,-2.7536,-12.395,-1.464
5.5898,-11.054,-17.971,3.7953,12.968,-14.103,4.7679,3.8592,2.6967,-2.6513,-11.66,-1.5155
2.3801,-9.3369,-12.944,3.9289,7.697,-11.101,5.564,4.8925,3.232,-2.1445,-10.505,-1.1097
-0.50177,-6.6449,-6.8758,3.4329,1.9172,-7.0877,6.5407,6.4478,3.9656,-1.3176,-9.099,-0.30332
-2.54,-3.4489,-1.0164,2.427,-3.2052,-2.8323,7.4924,8.1209,4.8069,-0.33791,-7.6686,0.74789
-3.3096,-0.29264,3.4015,1.0818,-6.5131,0.84573,8.2234,9.4727,5.6273,0.58329,-6.4402,1.8157
-2.3807,2.3636,5.4562,-0.54204,-7.1724,3.2915,8.6046,10.175,6.2888,1.2448,-5.5878,2.6639
0.39423,4.2563,4.8573,-2.4459,-5.0461,4.1965,8.6116,10.121,6.6819,1.5142,-5.1947,3.1145
4.6021,5.3374,2.0515,-4.528,-0.76699,3.6593,8.3223,9.4549,6.7605,1.3733,-5.2367,3.0926
9.3233,5.7046,-1.9734,-6.5067,4.5019,2.0963,7.8778,8.4993,6.5557,0.92652,-5.5924,2.6441
13.443,5.4976,-6.073,-7.9903,9.4648,0.069948,7.4306,7.6168,6.1573,0.3564,-6.0862,1.9184
15.988,4.8155,-9.3108,-8.6025,13.045,-1.8908,7.0984,7.0685,5.6696,-0.15924,-6.5508,1.1165
16.365,3.6874,-11.155,-8.0853,14.615,-3.4466,6.9328,6.9348,5.1713,-0.52026,-6.8868,0.41419
14.482,2.0858,-11.518,-6.3619,14.075,-4.5236,6.913,7.108,4.699,-0.73092,-7.0949,-0.11079
10.763,-0.021788,-10.725,-3.5728,11.811,-5.2828,6.9634,7.3458,4.2483,-0.8793,-7.2696,-0.50141
5.9883,-2.6015,-9.3815,-0.063251,8.5563,-5.9986,6.984,7.3731,3.7896,-1.0907,-7.5576,-0.8726
1.029,-5.5228,-8.119,3.7208,5.1352,-6.8893,6.8806,6.9968,3.2901,-1.4796,-8.0968,-1.3409
-3.4497,-8.5968,-7.3557,7.3954,2.1723,-8.0251,6.5985,6.1862,2.7347,-2.1097,-8.9549,-1.9823
-7.1751,-11.624,-7.1916,10.752,-0.080788,-9.3381,6.1501,5.1026,2.1424,-2.9578,-10.086,-2.812
-10.236,-14.408,-7.4173,13.731,-1.7306,-10.645,5.62,4.0612,1.5765,-3.8948,-11.321,-3.7693
-12.832,-16.74,-7.6045,16.28,-3.0849,-11.693,5.1385,3.417,1.1365,-4.7111,-12.412,-4.7201
-15.025,-18.412,-7.317,18.269,-4.4289,-12.237,4.8325,3.4203,0.92505,-5.1922,-13.113,-5.4903
-16.714,-19.24,-6.3489,19.535,-5.868,-12.125,4.7747,4.1113,1.0015,-5.2128,-13.281,-5.9242
-17.741,-19.109,-4.7858,19.954,-7.3208,-11.344,4.9514,5.2925,1.3473,-4.7981,-12.936,-5.9427
-17.985,-18.02,-2.8948,19.486,-8.593,-10.013,5.2673,6.5871,1.8648,-4.117,-12.258,-5.57
-17.414,-16.113,-0.99158,18.21,-9.4717,-8.3374,5.5893,7.5834,2.4127,-3.41,-11.503,-4.9176
-16.157,-13.673,0.66652,16.349,-9.8397,-6.5418,5.8115,8.0156,2.8638,-2.8857,-10.894,-4.1379
-14.509,-11.091,1.9304,14.259,-9.7353,-4.8359,5.9079,7.88,3.1492,-2.6367,-10.53,-3.378
-12.843,-8.8014,2.735,12.344,-9.3001,-3.4095,5.9348,7.4109,3.2701,-2.6148,-10.371,-2.753
-11.48,-7.1914,3.0367,10.94,-8.6655,-2.4388,5.9878,6.9413,3.2764,-2.6769,-10.271,-2.3406
-10.58,-6.5147,2.7626,10.223,-7.8695,-2.0793,6.1423,6.7448,3.2293,-2.6725,-10.077,-2.1857
-10.085,-6.8284,1.8133,10.162,-6.8369,-2.4385,6.4097,6.9359,3.1678,-2.5241,-9.7051,-2.3058
-9.7308,-7.9717,0.11742,10.536,-5.4158,-3.53,6.7302,7.4391,3.0917,-2.2603,-9.1905,-2.6947
-9.1492,-9.5946,-2.2966,11.004,-3.4597,-5.2283,6.9974,8.0137,2.9672,-1.9926,-8.6628,-3.32
-8.0263,-11.233,-5.2369,11.218,-0.94057,-7.2522,7.1072,8.3294,2.749,-1.8621,-8.2815,-4.1175
-6.2517,-12.418,-8.3165,10.915,1.9567,-9.1993,7.0033,8.094,2.4101,-1.9771,-8.158,-4.9851
-3.9898,-12.793,-10.989,10.005,4.8156,-10.63,6.7136,7.2069,1.9678,-2.3614,-8.2995,-5.7858
-1.648,-12.202,-12.668,8.5957,7.0801,-11.184,6.351,5.8493,1.4871,-2.9414,-8.6006,-6.3741
0.25759,-10.723,-12.919,6.9611,8.2343,-10.686,6.0708,4.4188,1.0558,-3.5748,-8.8871,-6.6411
1.2851,-8.641,-11.633,5.4512,7.9938,-9.2087,6.0018,3.3353,0.74813,-4.1122,-8.9882,-6.5554
1.2198,-6.3672,-9.0917,4.3713,6.419,-7.0578,6.1905,2.8562,0.59557,-4.456,-8.8039,-6.1832
0.14121,-4.3407,-5.89,3.897,3.9108,-4.6984,6.5817,3.0004,0.57567,-4.5917,-8.34,-5.6805
-1.6083,-2.9441,-2.7827,4.0504,1.1042,-2.6471,7.038,3.5715,0.6174,-4.5882,-7.7069,-5.259
-3.5373,-2.4338,-0.50431,4.7277,-1.3013,-1.3583,7.388,4.2319,0.62369,-4.5747,-7.0827,-5.1307
-5.157,-2.894,0.39875,5.748,-2.7201,-1.1192,7.4855,4.6113,0.50466,-4.6954,-6.6522,-5.4418
-6.1128,-4.2237,-0.29865,6.9069,-2.8193,-1.9811,7.2584,4.4339,0.20897,-5.054,-6.5408,-6.221
-6.2482,-6.1623,-2.4364,8.015,-1.586,-3.7574,6.7365,3.6267,-0.25662,-5.6665,-6.7671,-7.3625
-5.5946,-8.3408,-5.5132,8.9142,0.6896,-6.0792,6.0479,2.361,-0.8253,-6.444,-7.2331,-8.6557
-4.3316,-10.353,-8.8423,9.4794,3.4952,-8.4734,5.3753,1.0035,-1.3853,-7.2149,-7.7549,-9.8462
-2.7655,-11.84,-11.739,9.6379,6.201,-10.452,4.8954,-0.013171,-1.8115,-7.7777,-8.1211,-10.703
-1.3129,-12.565,-13.645,9.414,8.1777,-11.619,4.72,-0.35201,-2.0057,-7.9685,-8.162,-11.078
-0.4352,-12.476,-14.187,8.9621,8.9224,-11.764,4.8606,0.10054,-1.9331,-7.722,-7.8065,-10.948
-0.51925,-11.715,-13.224,8.5398,8.1564,-10.912,5.2285,1.1917,-1.6338,-7.0993,-7.1065,-10.404
-1.7656,-10.583,-10.882,8.4241,5.8773,-9.2882,5.6666,2.5588,-1.2025,-6.2685,-6.2152,-9.6156
-4.1373,-9.4441,-7.5309,8.8162,2.3684,-7.2344,6.0101,3.7658,-0.74979,-5.4429,-5.3298,-8.7666
-7.3621,-8.6119,-3.7062,9.7746,-1.8457,-5.1207,6.1475,4.4646,-0.36595,-4.8057,-4.6246,-8.0111
-10.964,-8.26,-0.016953,11.184,-6.0999,-3.2826,6.0611,4.5164,-0.10307,-4.4546,-4.2037,-7.4439
-14.325,-8.3905,2.9382,12.765,-9.6995,-1.9859,5.8224,4.0227,0.0241,-4.3876,-4.0885,-7.094
-16.782,-8.8623,4.6583,14.135,-12.014,-1.3991,5.551,3.2617,0.027107,-4.5254,-4.2293,-6.9363
-17.762,-9.4535,4.8331,14.908,-12.577,-1.572,5.361,2.5664,-0.069352,-4.7554,-4.5285,-6.913
-16.918,-9.9353,3.4191,14.808,-11.204,-2.4344,5.3186,2.1967,-0.239,-4.9781,-4.8665,-6.9577
-14.255,-10.136,0.66905,13.752,-8.0583,-3.8134,5.417,2.2521,-0.46249,-5.1383,-5.1316,-7.0143
-10.17,-9.9823,-2.9123,11.878,-3.66,-5.4558,5.581,2.646,-0.73038,-5.233,-5.2472,-7.0468
-5.4198,-9.5087,-6.6726,9.5318,1.1915,-7.0608,5.6994,3.1487,-1.0406,-5.2939,-5.1894,-7.0427
-0.96179,-8.8412,-9.9351,7.1989,5.5835,-8.3376,5.6708,3.4924,-1.3912,-5.3631,-4.9851,-7.0101
2.2926,-8.1546,-12.127,5.3875,8.7066,-9.0716,5.4423,3.4895,-1.7708,-5.4739,-4.6964,-6.9686
3.7348,-7.6246,-12.915,4.4782,10.046,-9.1762,5.0286,3.1014,-2.1559,-5.6453,-4.3987,-6.9379
3.2089,-7.3881,-12.304,4.6098,9.5008,-8.7189,4.5047,2.4309,-2.5256,-5.8847,-4.1671,-6.935
1.0258,-7.5141,-10.644,5.6562,7.4154,-7.909,3.976,1.6596,-2.8795,-6.1911,-4.0657,-6.9744
-2.1291,-7.9841,-8.5142,7.2839,4.4838,-7.0354,3.5406,0.97129,-3.2379,-6.5527,-4.1319,-7.0644
-5.3785,-8.6802,-6.5276,9.0434,1.5401,-6.3635,3.2593,0.49568,-3.6211,-6.9382,-4.3514,-7.1939
-7.8843,-9.3777,-5.1448,10.463,-0.69307,-6.0243,3.1522,0.28315,-4.0227,-7.2911,-4.6391,-7.3193
-9.0611,-9.7721,-4.5475,11.142,-1.796,-5.9485,3.2064,0.30506,-4.3975,-7.5378,-4.8506,-7.3699
-8.7272,-9.5619,-4.6006,10.852,-1.7388,-5.8952,3.3834,0.47346,-4.6768,-7.6156,-4.8331,-7.2781
-7.1307,-8.5614,-4.9228,9.6091,-0.84379,-5.5732,3.6234,0.67445,-4.8022,-7.5078,-4.4962,-7.0199
-4.8156,-6.7992,-5.0923,7.6791,0.40089,-4.7969,3.8519,0.7969,-4.7609,-7.2684,-3.8635,-6.6462
-2.3949,-4.5626,-4.898,5.4895,1.5853,-3.5995,3.9936,0.7582,-4.6027,-7.0225,-3.0786,-6.2905
-0.34786,-2.3519,-4.4458,3.5104,2.5204,-2.2533,3.985,0.51758,-4.432,-6.932,-2.3638,-6.1365
1.0714,-0.74029,-4.0678,2.1451,3.2342,-1.1848,3.7867,0.0807,-4.3758,-7.1345,-1.9417,-6.3561
1.8106,-0.18725,-4.1374,1.6485,3.8791,-0.80943,3.3954,-0.50324,-4.5352,-7.6812,-1.9525,-7.0385
1.9419,-0.87923,-4.8983,2.0795,4.6025,-1.3573,2.8522,-1.1543,-4.944,-8.5044,-2.3999,-8.1429
1.5747,-2.6622,-6.3394,3.3027,5.4187,-2.7681,2.2355,-1.7876,-5.5565,-9.4356,-3.1493,-9.496
0.7732,-5.0989,-8.1416,5.0524,6.1348,-4.6945,1.635,-2.3458,-6.2705,-10.272,-3.982,-10.839
-0.49053,-7.6247,-9.7318,7.0353,6.3723,-6.6085,1.1223,-2.8216,-6.9701,-10.856,-4.6758,-11.905
-2.3199,-9.7318,-10.455,9.021,5.6969,-7.9662,0.73443,-3.2537,-7.5606,-11.123,-5.0775,-12.493
-4.8052,-11.1,-9.8221,10.873,3.8154,-8.3756,0.47648,-3.6982,-7.9847,-11.098,-5.1384,-12.524
-7.902,-11.64,-7.7272,12.524,0.74195,-7.7202,0.33245,-4.1927,-8.2234,-10.868,-4.9096,-12.058
-11.358,-11.469,-4.5087,13.927,-3.1566,-6.1987,0.27617,-4.7322,-8.2925,-10.544,-4.5033,-11.271
-14.736,-10.836,-0.84287,15.021,-7.2461,-4.2519,0.28009,-5.2645,-8.2379,-10.23,-4.0421,-10.407
-17.519,-10.019,2.465,15.718,-10.789,-2.4081,0.32261,-5.7056,-8.1252,-9.9951,-3.6198,-9.6978
-19.232,-9.2414,4.7125,15.92,-13.128,-1.117,0.38855,-5.9743,-8.0204,-9.8652,-3.2849,-9.2988
-19.56,-8.6398,5.4836,15.578,-13.843,-0.61844,0.46872,-6.0283,-7.9639,-9.8172,-3.0412,-9.2355
-18.447,-8.239,4.7357,14.724,-12.815,-0.85939,0.5573,-5.8778,-7.9502,-9.7911,-2.8475,-9.4053
-16.011,-7.8448,2.7737,13.386,-10.191,-1.4987,0.66233,-5.5658,-7.9248,-9.7001,-2.615,-9.6201
-12.328,-6.9975,0.11789,11.412,-6.3037,-2.0382,0.81824,-5.137,-7.7966,-9.4453,-2.2231,-9.6687
-7.4201,-5.2014,-2.6791,8.5442,-1.5765,-2.0269,1.0772,-4.625,-7.4762,-8.9477,-1.5654,-9.3897
-1.5137,-2.2654,-5.1624,4.7335,3.5082,-1.2122,1.4757,-4.0532,-6.9246,-8.1879,-0.60476,-8.7371
4.7744,1.5639,-7.0236,0.36723,8.4077,0.43267,2.0048,-3.4392,-6.1763,-7.2244,0.60402,-7.8034
10.46,5.7527,-8.0849,-3.787,12.524,2.8128,2.613,-2.79,-5.3222,-6.1719,1.9367,-6.7817
14.4,9.7725,-8.2096,-6.8523,15.217,5.8215,3.2363,-2.0963,-4.466,-5.1514,3.2564,-5.8839
15.61,13.283,-7.2197,-8.1558,15.885,9.2515,3.8313,-1.3389,-3.6857,-4.247,4.4696,-5.2602
13.579,16.041,-4.8924,-7.442,14.125,12.72,4.3942,-0.50362,-3.0149,-3.4859,5.5606,-4.9551
8.5015,17.829,-1.0249,-4.9561,9.9204,16.046,4.9636,0.40545,-2.4401,-2.8373,6.5931,-4.8953
1.3086,18.835,4.4216,-1.4215,3.7536,19.473,5.6087,1.3641,-1.902,-2.2129,7.6885,-4.8998
-6.545,19.948,11.21,2.0844,-3.4156,23.45,6.4088,2.3368,-1.3021,-1.4774,8.9948,-4.7258
-13.475,22.476,18.939,4.3837,-10.393,28.521,7.4303,3.2858,-0.52935,-0.48726,10.656,-4.156
-18.185,27.533,27.215,4.5494,-16.095,35.091,8.6995,4.1726,0.49313,0.84449,12.778,-3.0913
-19.969,35.412,35.617,2.2335,-19.792,42.954,10.167,4.9564,1.765,2.4979,15.407,-1.5945
-18.842,45.238,43.521,-2.1594,-21.177,51.092,11.684,5.5966,3.1987,4.346,18.5,0.1367
-15.425,55.198,50.064,-7.6182,-20.309,58.147,13.024,6.0622,4.6462,6.2049,21.917,1.8598
-10.678,63.505,54.483,-13.052,-17.575,63.273,13.961,6.3461,5.954,7.9139,25.439,3.4031
-5.6923,69.391,56.676,-17.867,-13.717,66.479,14.382,6.4741,7.0267,9.4194,28.881,4.7457
-1.4871,73.231,57.433,-22.18,-9.7631,68.393,14.385,6.4985,7.8769,10.837,32.215,6.0461
1.2496,76.073,57.99,-26.646,-6.703,69.981,14.284,6.4652,8.626,12.449,35.55,7.6492
2.3035,79.069,59.49,-31.987,-5.2133,72.273,14.537,6.3696,9.4446,14.609,38.971,10.016
1.9023,83.02,62.579,-38.338,-5.6017,76.036,15.528,6.1305,10.455,17.552,42.445,13.477
0.66233,88.215,67.269,-45.036,-7.7757,81.554,16.795,5.633,11.667,21.201,45.89,17.967
-0.50797,94.503,73.14,-51.355,-11.19,88.528,15.813,4.7969,12.972,25.138,49.261,23.081
-0.68573,101.42,79.558,-57.137,-14.95,96.162,9.8734,3.6461,14.199,28.844,52.535,28.387
0.68958,108.36,85.78,-62.615,-18.098,103.56,0.25621,2.3142,15.169,31.962,55.7,33.559
3.6719,114.99,91.027,-68.079,-19.878,110.1,-10.315,0.98214,15.751,34.37,58.75,38.389
8.0926,121.35,94.565,-73.767,-19.876,115.42,-20.81,-0.20139,15.899,36.123,61.677,42.816
13.893,127.51,95.84,-79.823,-18.055,119.15,-31.171,-1.1702,15.665,37.395,64.463,46.959
21.027,133.44,94.751,-86.237,-14.746,121.38,-41.318,-1.9566,15.178,38.406,67.057,51.053
29.086,139.29,91.805,-92.736,-10.575,123.09,-50.736,-2.6812,14.561,39.314,69.36,55.313
37.136,145.16,87.682,-98.698,-6.2854,125.15,-58.538,-3.5147,13.876,40.116,71.222,59.734
43.955,150.41,82.738,-103.24,-2.5244,127.23,-64.05,-4.6144,13.096,40.632,72.479,63.941
48.491,153.44,77.212,-105.49,0.3157,127.7,-67.345,-6.0598,12.137,40.572,73.021,67.234
50.261,152.37,71.339,-104.95,2.1749,124.67,-69.016,-7.8222,10.911,39.673,72.851,68.977
49.537,146.3,64.976,-101.75,3.2918,117.53,-69.713,-9.7835,9.3699,37.812,72.082,69.047
47.217,135.86,57.642,-96.662,4.0241,107.01,-70.088,-11.783,7.5356,35.059,70.863,67.746
44.403,122.81,49.104,-90.761,4.6353,94.475,-70.843,-13.663,5.5081,31.659,69.306,65.395
41.917,109.3,39.871,-84.974,5.1897,81.785,-72.318,-15.301,3.4323,27.944,67.469,62.208
39.998,97.337,31.02,-79.796,5.5706,70.952,-74.09,-16.674,1.4416,24.228,65.398,58.45
38.248,88.281,23.625,-75.241,5.5758,63.227,-75.446,-17.904,-0.38822,20.68,63.18,54.554
35.933,82.445,18.265,-71.019,5.0484,58.622,-76.028,-19.243,-2.043,17.287,60.94,50.947
32.524,79.129,14.894,-66.786,3.9949,56.153,-75.838,-20.942,-3.5557,13.98,58.756,47.731
28.047,76.94,13.018,-62.247,2.6416,54.361,-74.995,-23.136,-4.9863,10.793,56.575,44.644
23.025,74.18,11.979,-57.01,1.3874,51.881,-73.626,-25.768,-6.4131,7.8638,54.209,41.253
18.262,69.452,11.163,-50.416,0.66239,47.798,-71.88,-28.627,-7.9314,5.2822,51.405,37.159
14.606,62.435,10.077,-42.079,0.74579,41.521,-69.926,-31.43,-9.64,3.0265,47.929,32.169
12.431,53.837,8.4139,-33.135,1.6101,33.259,-67.928,-33.925,-11.612,1.0215,43.657,26.465
11.247,44.81,6.1588,-25.584,2.8589,25.169,-66.007,-35.978,-13.86,-0.79652,38.652,20.63
9.9815,36.581,3.6241,-19.801,3.8181,18.971,-64.239,-37.625,-16.33,-2.464,33.176,15.335
7.581,29.475,1.3377,-14.678,3.7817,14.325,-62.664,-39.058,-18.944,-4.0028,27.595,10.963
3.5038,22.871,-0.18487,-9.176,2.3153,10.523,-61.286,-40.546,-21.665,-5.4344,22.239,7.5295
-2.0486,16.171,-0.67482,-3.0372,-0.54751,7.1865,-60.074,-42.325,-24.542,-6.7868,17.329,4.8769
-8.2972,9.3558,-0.22391,3.263,-4.3304,4.2115,-58.986,-44.522,-27.691,-8.0896,12.969,2.8162
-14.203,2.9306,0.75233,8.9348,-8.2361,1.6719,-57.998,-47.096,-31.203,-9.3612,9.201,1.183
-18.684,-2.4006,1.6686,13.253,-11.242,-0.29244,-57.132,-49.828,-35.029,-10.592,6.0814,-0.14268
-20.648,-5.9694,1.976,15.589,-12.323,-1.5746,-56.442,-52.366,-38.903,-11.736,3.6794,-1.2303
-19.165,-7.2673,1.3182,15.331,-10.816,-2.1537,-55.986,-54.365,-42.434,-12.719,2.0052,-2.1137
-13.915,-6.1174,-0.39338,12.204,-6.6526,-2.1065,-55.794,-55.646,-45.32,-13.481,0.95888,-2.817
-5.6263,-2.901,-2.9505,6.7091,-0.4469,-1.5957,-55.848,-56.272,-47.481,-14.012,0.35246,-3.3727
3.8923,1.3825,-5.8781,0.16268,6.54,-0.85472,-56.111,-56.504,-49.02,-14.379,-0.034734,-3.829
12.317,5.3869,-8.5542,-5.7094,12.729,-0.16174,-56.569,-56.689,-50.109,-14.697,-0.40785,-4.2511
17.593,7.8566,-10.397,-9.3387,16.689,0.20531,-57.238,-57.136,-50.948,-15.076,-0.92119,-4.7142
18.484,7.9812,-11.045,-9.7703,17.516,0.030059,-58.122,-58.028,-51.719,-15.578,-1.6455,-5.282
14.826,5.588,-10.449,-6.8809,15.066,-0.7803,-59.182,-59.388,-52.576,-16.191,-2.5533,-5.9761
7.5716,1.1797,-8.8721,-1.3931,10.008,-2.1484,-60.34,-61.055,-53.602,-16.833,-3.5205,-6.7526
-1.4418,-4.1626,-6.7753,5.3004,3.6628,-3.8113,-61.498,-62.709,-54.766,-17.399,-4.3534,-7.5021
-9.9823,-9.0621,-4.6704,11.544,-2.3806,-5.36,-62.546,-63.98,-55.935,-17.834,-4.8505,-8.0806
-16.05,-12.303,-2.9827,15.861,-6.7345,-6.3559,-63.313,-64.619,-56.946,-18.197,-4.8868,-8.3588
-18.383,-13.195,-1.9733,17.293,-8.5634,-6.4965,-63.536,-64.581,-57.695,-18.677,-4.4824,-8.2684
-16.773,-11.716,-1.7151,15.71,-7.7368,-5.7428,-62.995,-64.012,-58.172,-19.535,-3.8269,-7.8264
-12.116,-8.5245,-2.1132,11.923,-4.7864,-4.3395,-61.715,-63.142,-58.447,-20.852,-3.213,-7.1264
-6.0147,-4.7552,-2.9401,7.3143,-0.67979,-2.7217,-59.846,-62.146,-58.619,-21.788,-2.7278,-6.3014
-0.28019,-1.6544,-3.8333,3.3521,3.4416,-1.3132,-57.429,-61.358,-58.735,-20.904,-1.8512,-5.5096
3.4598,-0.19444,-4.2603,1.2763,6.4691,-0.19318,-55.121,-63.863,-58.712,-19.666,-0.73404,-5.0524
4.1944,-0.67821,-3.7914,1.793,7.5959,1.1052,-56.485,-72.831,-58.438,-19.741,-1.3159,-5.4202
1.7439,-2.3284,-3.0695,4.8312,6.4375,1.5282,-61.573,-82.005,-61.122,-21.412,-3.9474,-6.7783
-3.3322,-3.4703,-2.1789,9.5379,2.8381,-2.762,-64.02,-89.285,-70.086,-25.6,-5.3371,-8.3729
-9.973,-5.4467,1.3686,14.491,-3.0361,-7.2587,-61.915,-92.486,-75.817,-36.458,-10.579,-8.6049
-16.969,-14.237,9.1416,18.082,-10.47,-5.7473,-54.323,-87.525,-80.342,-55.262,-23.2,-15.092
-23.434,-16.914,21.252,20.515,-18.856,3.2801,-40.215,-70.408,-82.373,-82.466,-45.165,-25.039
-29.888,-4.2864,37.406,27.44,-28.171,19.645,-19.474,-39.0,-79.819,-113.37,-76.818,-39.011
-45.178,18.009,57.309,21.244,-39.266,41.163,6.9892,5.7,-70.007,-139.41,-107.02,-55.74
-52.71,42.735,80.291,8.6382,-56.752,63.497,39.667,59.804,-50.207,-150.93,-121.76,-68.496
-51.41,66.471,104.37,-5.418,-75.968,84.365,80.187,117.89,-17.477,-139.04,-114.59,-68.79
-47.299,90.171,126.71,-20.87,-85.686,105.08,114.08,173.95,32.263,-96.181,-80.128,-52.104
-38.227,115.91,146.77,-39.583,-91.437,127.72,132.96,222.53,104.53,-15.813,-11.426,-16.108
-21.19,145.39,164.53,-64.394,-93.061,153.45,144.07,261.35,204.15,108.45,97.341,43.106
6.5731,180.85,179.48,-97.908,-87.656,181.04,152.88,291.87,332.4,283.32,249.37,129.23
47.065,226.54,188.9,-141.72,-71.609,209.81,160.92,316.33,486.37,510.32,448.38,244.46
102.01,283.54,189.87,-196.71,-44.399,238.98,165.87,335.02,659.26,784.23,697.62,390.74
172.9,346.81,181.48,-261.77,-5.1386,265.63,162.58,346.22,840.05,1096.4,992.53,567.53
257.58,408.54,160.28,-333.14,48.629,285.27,142.92,348.36,1016.0,1436.2,1324.8,771.28
353.51,462.32,121.02,-406.62,117.18,293.02,96.724,340.6,1177.5,1793.6,1685.0,995.47
459.89,504.44,59.072,-479.44,202.18,284.0,14.915,323.22,1321.5,2159.5,2062.8,1231.8
575.86,531.07,-29.671,-549.14,304.45,253.86,-109.0,298.62,1453.6,2529.6,2447.8,1470.1
700.43,536.74,-149.61,-612.34,425.88,198.58,-274.34,268.47,1585.9,2901.8,2827.9,1698.7
831.36,516.45,-303.17,-664.71,567.24,114.15,-471.08,233.78,1733.4,3272.5,3187.1,1903.4
961.82,466.35,-486.4,-701.07,723.42,-0.38623,-682.98,193.95,1906.6,3632.3,3503.9,2067.8
1078.7,385.35,-687.29,-715.29,881.66,-140.06,-892.09,145.11,2103.8,3960.8,3750.9,2175.3
1164.3,277.51,-885.27,-701.83,1022.7,-292.82,-1082.0,79.715,2305.3,4224.7,3896.0,2211.8
1201.0,152.72,-1053.1,-658.25,1124.4,-440.33,-1238.9,-12.81,2473.6,4379.4,3907.2,2167.9
1177.2,25.508,-1163.6,-586.2,1167.7,-561.62,-1351.8,-141.4,2561.2,4377.6,3759.5,2041.9
1091.1,-87.805,-1197.7,-491.45,1142.9,-638.96,-1413.1,-307.61,2524.7,4183.3,3445.0,1841.6
952.5,-174.21,-1151.6,-383.42,1052.6,-663.68,-1420.1,-502.13,2338.7,3786.3,2980.3,1584.2
779.59,-229.81,-1037.0,-272.74,911.23,-638.43,-1376.8,-704.16,2006.3,3210.9,2407.6,1294.0
594.25,-258.15,-877.47,-169.18,740.66,-574.78,-1293.3,-885.63,1561.2,2514.8,1788.5,998.18
417.31,-263.83,-700.59,-80.678,564.61,-488.75,-1183.5,-1019.5,1060.2,1778.9,1192.0,721.92
264.98,-251.81,-531.41,-12.228,403.71,-396.67,-1061.6,-1088.1,570.15,1089.5,679.39,484.51
147.03,-228.47,-387.72,34.523,272.29,-311.74,-939.62,-1086.5,151.64,518.45,291.32,297.29
65.862,-199.48,-278.36,60.326,176.78,-241.54,-825.02,-1021.9,-153.19,108.93,40.966,163.04
30.22,-167.61,-203.33,68.055,115.98,-187.65,-720.4,-910.01,-327.87,-130.98,-83.272,77.469
25.403,-134.12,-155.76,62.138,82.701,-147.34,-624.32,-770.36,-381.74,-224.1,-113.27,31.973
31.853,-101.41,-126.68,47.465,67.542,-117.18,-533.59,-621.69,-343.92,-212.89,-87.913,15.34
40.639,-73.669,-108.68,28.979,62.263,-95.057,-446.03,-479.61,-253.07,-145.38,-40.533,15.403
47.289,-53.982,-96.901,12.295,59.554,-79.472,-362.97,-355.91,-146.74,-62.402,2.7184,21.401
48.291,-41.435,-86.474,7.4687,55.506,-66.739,-289.48,-256.65,-53.126,8.4096,29.751,25.604
42.721,-34.235,-73.961,5.432,49.395,-55.28,-227.24,-181.67,11.557,39.592,39.411,24.057
25.616,-30.864,-59.177,5.2735,41.861,-45.1,-175.27,-126.14,43.309,41.892,35.533,17.325
6.6811,-28.899,-44.757,6.3868,34.595,-35.954,-134.57,-86.742,51.883,35.651,25.592,8.7638
0.531,-24.028,-33.815,7.6839,27.357,-27.603,-104.6,-61.054,49.78,28.795,4.7916,4.017
-2.7968,-16.47,-29.539,8.4472,14.205,-19.986,-82.871,-45.255,42.386,20.187,0.52573,-1.8181
-5.0295,-12.014,-24.328,8.4926,5.3796,-14.137,-66.382,-35.445,34.411,11.996,-2.0103,-3.8608
-6.6809,-9.0317,-15.85,8.0762,0.1997,-9.449,-52.781,-28.391,28.214,4.7995,-3.1853,-4.5966
-8.2519,-6.5723,-7.2624,7.6913,-3.6977,-5.3591,-40.663,-21.89,23.929,-2.8121,-3.6403,-4.7437
-10.087,-4.9934,-0.72566,7.8499,-6.9688,-2.4406,-29.489,-14.72,8.8244,-3.2334,-3.7492,-4.6877
-12.171,-4.7609,3.0779,8.8555,-9.4651,-0.93571,-19.919,-6.5334,8.9994,-3.2687,-4.0721,-4.7623
-14.153,-6.0808,4.1945,10.663,-10.787,-0.97423,-15.896,-0.96274,9.7688,-3.9442,-4.7774,-5.1954
-15.531,-8.7615,2.9661,12.904,-10.587,-2.5379,-16.347,1.7644,9.4198,-5.1871,-5.7138,-6.079
-15.844,-12.223,-0.09255,15.028,-8.7718,-5.3301,-12.276,3.9653,8.1475,-6.6894,-6.8338,-7.3641
-14.886,-15.652,-4.262,16.497,-5.6626,-8.7455,-6.3827,5.5486,6.4015,-8.3629,-8.1523,-8.8704
-12.882,-18.251,-8.5759,16.995,-2.0093,-11.952,-2.3822,6.3795,4.5607,-10.156,-9.6228,-10.334
-10.442,-19.454,-11.894,16.518,1.2005,-14.088,-0.284,6.5151,2.8787,-11.922,-11.116,-11.481
-8.3229,-19.043,-13.232,15.32,3.0544,-14.538,0.84316,6.2382,1.5202,-13.484,-12.451,-12.109
-7.1464,-17.159,-12.163,13.79,3.0213,-13.151,1.6975,5.9859,0.56261,-14.702,-13.447,-12.142
-7.1965,-14.284,-8.9943,12.328,1.1309,-10.302,2.6348,6.172,-0.022187,-15.508,-13.983,-11.66
-8.3194,-11.141,-4.6694,11.236,-2.0037,-6.7809,3.7256,7.0088,-0.36801,-15.941,-14.056,-10.876
-9.9678,-8.5145,-0.48021,10.639,-5.3303,-3.5639,4.8388,8.4292,-0.67016,-16.143,-13.789,-10.076
-11.408,-7.021,2.3705,10.485,-7.719,-1.5235,5.7487,10.137,-1.1079,-16.31,-13.396,-9.5318
-12.021,-6.9213,3.1444,10.601,-8.3998,-1.145,6.2555,11.745,-1.7777,-16.613,-13.108,-9.4279
-11.542,-8.0617,1.7399,10.798,-7.2304,-2.3697,6.2865,12.937,-2.6701,-17.142,-13.101,-9.8073
-10.178,-9.9545,-1.2638,10.963,-4.735,-4.6459,5.9438,13.584,-3.6859,-17.869,-13.442,-10.56
-8.5442,-11.975,-4.7276,11.11,-1.905,-7.1667,5.4723,13.788,-4.6726,-18.673,-14.078,-11.467
-7.4111,-13.613,-7.4176,11.388,0.20979,-9.1737,5.1621,13.854,-5.4704,-19.383,-14.861,-12.293
-7.382,-14.673,-8.5709,11.995,0.88876,-10.214,5.2378,14.204,-5.9563,-19.845,-15.597,-12.864
-8.6871,-15.286,-8.0995,13.08,-0.077181,-10.259,5.7894,15.231,-6.0753,-19.964,-16.119,-13.098
-11.121,-15.77,-6.4845,14.637,-2.361,-9.6603,6.7547,17.124,-5.8537,-19.739,-16.326,-12.999
-14.076,-16.427,-4.5821,16.477,-5.1606,-8.9839,7.9376,19.742,-5.3898,-19.258,-16.202,-12.621
-16.691,-17.392,-3.2835,18.247,-7.4539,-8.7703,9.0609,22.623,-4.8178,-18.663,-15.816,-12.027
-18.128,-18.547,-3.1467,19.51,-8.4124,-9.2835,9.8694,25.165,-4.2612,-18.092,-15.275,-11.263
-17.843,-19.5,-4.2526,19.837,-7.6808,-10.356,10.254,26.912,-3.7923,-17.616,-14.688,-10.352
-15.708,-19.677,-6.2202,18.905,-5.4161,-11.449,10.31,27.754,-3.4172,-17.219,-14.127,-9.3161
-11.992,-18.534,-8.3162,16.581,-2.1644,-11.943,10.267,27.942,-3.095,-16.828,-13.63,-8.217
-7.272,-15.854,-9.7797,13.02,1.3667,-11.445,10.341,27.932,-2.779,-16.385,-13.226,-7.1802
-2.3294,-11.985,-10.225,8.7284,4.5234,-9.9597,10.637,28.194,-2.456,-15.891,-12.941,-6.3798
1.9753,-7.822,-9.7816,4.5402,6.8373,-7.898,11.126,29.06,-2.1595,-15.416,-12.805,-5.9885
4.8574,-4.5147,-8.9317,1.4343,8.0931,-5.9455,11.704,30.653,-1.9521,-15.057,-12.837,-6.1154
5.7661,-3.0865,-8.2418,0.24587,8.3129,-4.83,12.231,32.877,-1.8905,-14.885,-13.03,-6.7595
4.4967,-4.1113,-8.118,1.3882,7.6379,-5.0398,12.565,35.475,-1.9907,-14.906,-13.343,-7.7965
1.221,-7.5009,-8.6311,4.7097,6.1801,-6.6128,12.624,38.11,-2.2094,-15.044,-13.698,-8.9998
-3.5752,-12.483,-9.457,9.5492,3.9504,-9.0976,12.456,40.469,-2.4506,-15.167,-13.998,-10.094
-9.2082,-17.828,-9.9615,14.947,0.92894,-11.694,12.247,42.32,-2.5968,-15.135,-14.154,-10.834
-14.904,-22.249,-9.4372,19.902,-2.7834,-13.516,12.246,43.55,-2.5544,-14.859,-14.112,-11.081
-19.9,-24.772,-7.4525,23.585,-6.8935,-13.883,12.647,44.179,-2.2907,-14.344,-13.875,-10.851
-23.551,-24.926,-4.1016,25.457,-10.959,-12.536,13.503,44.365,-1.8421,-13.678,-13.493,-10.288
-25.418,-22.791,0.029477,25.327,-14.441,-9.7159,14.717,44.387,-1.2903,-12.983,-13.037,-9.6014
-25.312,-18.933,4.0685,23.37,-16.774,-6.092,16.098,44.619,-0.71744,-12.339,-12.551,-8.9808
-23.341,-14.272,7.0918,20.089,-17.494,-2.5488,17.457,45.449,-0.16959,-11.747,-12.037,-8.5405
-19.906,-9.8884,8.3691,16.214,-16.386,0.067292,18.689,47.168,0.35555,-11.143,-11.465,-8.2968
-15.62,-6.7507,7.5669,12.534,-13.565,1.1802,19.813,49.828,0.89604,-10.451,-10.8,-8.1846
-11.156,-5.4265,4.8341,9.6687,-9.4347,0.6435,20.939,53.151,1.501,-9.6438,-10.045,-8.1003
-7.0878,-5.9124,0.75437,7.9069,-4.6044,-1.2527,22.207,56.593,2.2035,-8.7681,-9.2582,-7.9576
-3.7854,-7.6818,-3.8292,7.1935,0.21383,-3.9257,23.712,59.568,2.9994,-7.9292,-8.5441,-7.7277
-1.424,-9.9245,-8.0463,7.2344,4.3368,-6.679,25.455,61.705,3.8421,-7.241,-8.0056,-7.4393
-0.040772,-11.859,-11.17,7.6477,7.2363,-8.8505,27.343,62.981,4.657,-6.7688,-7.6909,-7.1432
0.41652,-12.965,-12.717,8.1056,8.5994,-9.9565,29.226,63.689,5.3746,-6.4935,-7.5585,-6.8713
0.065583,-13.059,-12.51,8.4174,8.3529,-9.8142,30.946,64.298,5.966,-6.3156,-7.487,-6.6096
-0.93211,-12.252,-10.708,8.5377,6.6781,-8.5655,32.397,65.266,6.4631,-6.0939,-7.3256,-6.3027
-2.3997,-10.86,-7.7664,8.5346,3.9658,-6.5852,33.558,66.892,6.9418,-5.7084,-6.9669,-5.8885
-4.1814,-9.3152,-4.3202,8.5574,0.70817,-4.3607,34.471,69.234,7.4745,-5.1215,-6.408,-5.3475
-6.1842,-8.0919,-1.0317,8.813,-2.6239,-2.3945,35.215,72.101,8.0831,-4.4078,-5.7715,-4.7373
-8.4056,-7.629,1.5579,9.543,-5.6782,-1.1138,35.886,75.121,8.7278,-3.731,-5.2685,-4.1923
-10.918,-8.2471,3.1443,10.98,-8.2708,-0.78656,36.62,77.912,9.3376,-3.272,-5.115,-3.8847
-13.793,-10.078,3.7097,13.265,-10.383,-1.4666,37.606,80.273,9.8624,-3.1471,-5.4388,-3.9635
-17.019,-13.03,3.4701,16.345,-12.124,-2.9943,39.036,82.316,10.315,-3.3568,-6.2204,-4.4926
-20.444,-16.776,2.7338,19.94,-13.619,-5.0614,41.004,84.427,10.771,-3.7879,-7.2938,-5.4174
-23.741,-20.774,1.7571,23.588,-14.857,-7.3007,43.397,87.069,11.326,-4.2654,-8.4029,-6.577
-26.408,-24.361,0.67502,26.706,-15.634,-9.352,45.9,90.541,12.043,-4.6251,-9.2864,-7.7543
-27.81,-26.863,-0.49834,28.646,-15.58,-10.901,48.136,94.826,12.938,-4.7642,-9.7542,-8.736
-27.246,-27.684,-1.8277,28.792,-14.28,-11.713,49.834,99.58,14.003,-4.6519,-9.7326,-9.3561
-24.17,-26.406,-3.3766,26.703,-11.455,-11.658,50.911,104.27,15.234,-4.3154,-9.2703,-9.5235
-18.495,-22.948,-5.1152,22.312,-7.1367,-10.732,51.476,108.39,16.631,-3.8244,-8.5139,-9.2378
-10.789,-17.69,-6.8765,16.085,-1.7555,-9.0712,51.771,111.66,18.162,-3.2717,-7.6599,-8.5869
-2.2587,-11.477,-8.3924,8.9996,3.9046,-6.9478,52.069,114.09,19.762,-2.747,-6.8976,-7.7277
5.5786,-5.4356,-9.391,2.3247,8.896,-4.7286,52.597,116.04,21.349,-2.3071,-6.3577,-6.8506
11.345,-0.68489,-9.7078,-2.7254,12.371,-2.8047,53.488,118.01,22.873,-1.96,-6.0837,-6.1392
14.157,1.943,-9.3694,-5.3158,13.835,-1.5158,54.78,120.54,24.358,-1.6728,-6.037,-5.7304
13.813,2.0991,-8.6152,-5.186,13.296,-1.0858,56.427,123.96,25.892,-1.4004,-6.1355,-5.6909
10.797,0.0022935,-7.8316,-2.684,11.226,-1.5815,58.281,128.31,27.598,-1.1175,-6.3062,-6.0138
6.0795,-3.6781,-7.4018,1.3884,8.3613,-2.913,60.123,133.31,29.581,-0.83569,-6.5218,-6.6325
0.75887,-8.1221,-7.5369,6.0859,5.4021,-4.8679,61.751,138.47,31.886,-0.59377,-6.8003,-7.4418
-4.2949,-12.623,-8.1689,10.647,2.7549,-7.1373,63.096,143.26,34.487,-0.43047,-7.1744,-8.3203
-8.6503,-16.678,-8.9396,14.647,0.47068,-9.3312,64.248,147.39,37.298,-0.355,-7.6515,-9.1516
-12.313,-19.949,-9.3024,17.945,-1.6451,-11.022,65.412,150.97,40.232,-0.3282,-8.1885,-9.8411
-15.462,-22.191,-8.7361,20.532,-3.8572,-11.831,66.82,154.39,43.255,-0.26366,-8.6904,-10.325
-18.139,-23.203,-6.9829,22.332,-6.3143,-11.523,68.635,158.22,46.398,-0.0513,-9.0348,-10.568
-20.185,-22.858,-4.1645,23.189,-8.9288,-10.091,70.889,162.91,49.724,0.40467,-9.114,-10.555
-21.349,-21.205,-0.7421,22.989,-11.385,-7.7661,73.471,168.7,53.285,1.1483,-8.876,-10.29
-21.414,-18.54,2.6284,21.766,-13.237,-4.9853,76.173,175.48,57.087,2.1516,-8.3477,-9.8011
-20.305,-15.381,5.2947,19.728,-14.078,-2.2791,78.779,182.98,61.089,3.3231,-7.6245,-9.142
-18.198,-12.34,6.8054,17.253,-13.725,-0.13175,81.182,190.84,65.23,4.5458,-6.8331,-8.3879
-15.521,-9.9427,7.0422,14.798,-12.334,1.1574,83.438,198.85,69.473,5.7277,-6.0842,-7.6218
-12.826,-8.4846,6.2372,12.781,-10.338,1.5548,85.746,206.91,73.83,6.8436,-5.438,-6.9186
-10.618,-7.9611,4.8711,11.46,-8.2864,1.282,88.368,215.07,78.362,7.9532,-4.8932,-6.3284
-9.2102,-8.0975,3.4885,10.871,-6.6478,0.71599,91.53,223.48,83.164,9.1909,-4.3988,-5.8634
-8.6435,-8.4734,2.5069,10.83,-5.6727,0.2424,95.321,232.25,88.319,10.734,-3.8826,-5.4973
-8.6919,-8.7055,2.0896,11.029,-5.3317,0.11527,99.607,241.36,93.833,12.755,-3.2876,-5.1783
-8.9564,-8.6045,2.1057,11.163,-5.3394,0.37267,104.04,250.56,99.57,15.357,-2.6006,-4.8486
-9.0111,-8.2103,2.1766,11.035,-5.2586,0.84509,108.21,259.63,105.3,18.515,-1.8595,-4.4592
-8.5426,-7.7061,1.8471,10.594,-4.6665,1.2664,111.87,268.57,110.82,22.058,-1.1351,-3.9764
-7.422,-7.2965,0.83307,9.8936,-3.3202,1.4318,115.02,277.57,116.08,25.725,-0.50102,-3.3831
-5.7204,-7.0978,-0.82475,9.0348,-1.2591,1.3044,117.86,286.86,121.13,29.27,-0.0056541,-2.6801
-3.7011,-7.0587,-2.7659,8.1201,1.1769,1.0462,120.67,296.62,126.08,32.556,0.34629,-1.8901
-1.7697,-6.9692,-4.4222,7.2381,3.4262,0.99986,123.7,307.02,131.0,35.568,0.60158,-1.0611
-0.36819,-6.5649,-5.1813,6.4685,4.8778,1.5831,127.05,318.2,135.98,38.385,0.84854,-0.26566
0.15421,-5.6638,-4.5716,5.8849,5.0648,3.1023,130.58,330.11,141.04,41.12,1.1872,0.41
-0.36329,-4.2544,-2.4323,5.5443,3.7966,5.5853,134.06,342.62,146.22,43.876,1.6926,0.88842
-1.8539,-2.486,1.0054,5.4616,1.2043,8.7466,137.22,355.44,151.56,46.715,2.3897,1.1245
-4.0346,-0.56725,5.1868,5.5803,-2.2935,12.129,139.95,368.21,157.15,49.642,3.2527,1.1201
-6.4625,1.3415,9.4228,5.7649,-6.0895,15.315,142.31,380.45,163.04,52.616,4.2253,0.92231
-8.6327,3.1542,13.096,5.8344,-9.5325,18.039,144.42,391.7,169.15,55.58,5.2485,0.60954
-10.101,4.8282,15.781,5.625,-12.078,20.173,146.4,401.8,175.27,58.482,6.2774,0.27149
-10.592,6.34,17.271,5.05,-13.39,21.704,148.34,411.07,181.13,61.287,7.287,-0.0042943
-10.043,7.6986,17.555,4.1202,-13.354,22.748,150.3,420.2,186.56,63.989,8.2923,-0.13482
-8.5585,8.9732,16.777,2.9052,-12.034,23.516,152.3,429.95,191.59,66.639,9.3946,-0.038889
-6.31,10.266,15.185,1.4848,-9.6203,24.24,154.35,440.91,196.37,69.351,10.799,0.35873
-3.4986,11.633,13.076,-0.05871,-6.3965,25.088,156.43,453.2,201.09,72.254,12.767,1.1167
-0.36279,13.058,10.741,-1.6337,-2.7106,26.133,158.55,466.39,205.88,75.466,15.529,2.2809
2.8262,14.529,8.4205,-3.1616,1.0564,27.416,160.68,479.79,210.82,79.084,19.216,3.9177
5.7869,16.157,6.3647,-4.6023,4.5235,29.087,162.86,493.0,215.99,83.162,23.772,6.1673
8.2271,18.206,4.9524,-5.9456,7.3195,31.389,165.21,505.97,221.43,87.664,28.863,9.2686
9.8366,20.992,4.6655,-7.1876,9.0806,34.318,167.84,518.63,227.2,92.43,33.923,13.447
10.329,24.692,5.8635,-8.3316,9.4857,37.538,170.86,530.63,233.34,97.231,38.477,18.583
9.5257,29.143,8.6644,-9.4008,8.3361,40.862,174.25,541.61,239.85,101.91,42.45,24.096
7.4466,33.899,13.037,-10.433,5.6473,44.391,177.89,551.59,246.66,106.51,46.143,29.469
4.3648,38.594,18.844,-11.505,1.7189,48.252,181.57,561.12,253.63,111.24,50.011,34.591
0.81048,43.219,25.786,-12.835,-2.8873,52.465,185.05,571.01,260.65,116.39,54.463,39.559
-2.5234,48.052,33.377,-14.803,-7.484,56.984,188.09,581.85,267.66,122.13,59.767,44.526
-4.9462,53.419,40.95,-17.796,-11.426,61.748,190.57,593.41,274.61,128.43,65.984,49.662
-5.9272,59.453,47.793,-22.0,-14.24,66.707,192.51,604.56,281.29,135.05,72.946,55.095
-5.181,66.021,53.422,-27.368,-15.706,71.837,194.04,614.01,287.32,141.67,80.322,60.849
-2.6465,72.82,57.79,-33.717,-15.885,77.124,195.32,621.27,292.47,148.07,87.772,66.826
1.6163,79.52,61.177,-40.747,-15.07,82.514,196.47,626.58,296.78,154.14,95.109,72.826
7.4995,85.835,63.777,-47.903,-13.664,87.83,197.47,630.4,300.43,159.91,102.29,78.524
14.719,91.495,65.419,-54.476,-12.042,92.742,198.12,633.04,303.58,165.48,109.24,83.571
22.535,96.29,65.821,-60.065,-10.456,96.833,198.11,634.68,306.3,170.95,115.75,87.918
30.04,100.17,64.935,-64.799,-8.9951,99.72,197.15,635.42,308.6,176.49,121.68,91.953
36.862,103.29,62.866,-69.142,-7.5573,101.18,195.01,635.38,310.5,182.23,127.16,96.262
43.207,105.94,59.644,-73.633,-5.8545,101.17,191.49,634.58,311.99,188.23,132.65,101.34
49.547,108.45,55.165,-78.66,-3.5236,99.902,186.46,632.9,313.04,194.44,138.66,107.42
56.342,110.95,49.346,-84.229,-0.30306,97.72,179.83,630.07,313.67,200.74,145.6,114.42
63.727,113.37,42.312,-89.903,3.8348,95.037,171.71,625.86,313.87,207.0,153.64,122.02
71.372,115.45,34.532,-95.045,8.6389,92.157,162.45,620.11,313.69,213.16,162.81,129.87
78.724,116.9,26.762,-99.152,13.612,89.229,152.52,612.7,313.21,219.32,172.98,137.64
85.352,117.46,19.793,-101.96,18.184,86.263,142.37,603.34,312.51,225.63,183.84,145.17
90.939,116.89,14.198,-103.32,22.162,83.155,132.31,591.63,311.65,232.33,194.95,152.44
95.089,114.99,10.205,-103.1,26.374,79.715,122.49,577.68,310.68,239.6,205.83,159.65
97.146,111.65,7.7141,-101.19,32.212,75.739,112.86,562.49,309.64,247.62,216.31,167.17
96.492,106.97,6.4211,-97.653,37.828,71.096,103.14,547.36,308.56,256.46,226.62,175.27
93.598,101.35,5.7866,-92.982,39.357,65.77,92.836,532.95,307.47,266.04,237.29,183.99
90.418,95.481,4.8317,-88.234,39.149,59.84,81.365,519.15,306.41,276.15,248.9,193.06
89.263,90.068,2.1407,-84.592,41.24,53.446,68.481,505.28,305.43,286.59,261.66,202.17
91.584,85.69,-3.6253,-82.862,46.967,46.798,54.664,490.34,304.56,297.2,275.26,211.03
97.706,82.798,-12.649,-83.375,55.975,40.187,40.614,473.41,303.83,307.92,288.99,219.45
107.22,81.648,-23.582,-86.117,67.382,33.863,26.861,454.4,303.22,318.81,302.23,227.38
119.42,82.031,-35.001,-90.739,80.382,27.866,13.975,434.03,302.72,330.02,314.79,234.89
133.2,83.189,-46.35,-96.426,94.149,22.054,2.253,413.44,302.32,341.7,326.95,242.05
146.87,84.07,-57.436,-102.0,107.53,16.289,-8.5923,393.78,301.99,353.81,339.06,248.84
158.49,83.708,-68.042,-106.48,119.22,10.608,-19.195,375.72,301.71,366.03,351.19,255.26
166.83,81.548,-78.068,-109.4,128.34,5.2746,-30.237,359.2,301.51,377.72,363.0,261.36
171.79,77.661,-87.653,-110.75,134.93,0.60524,-42.186,343.5,301.43,388.42,374.09,267.29
174.09,72.752,-96.928,-110.78,139.88,-3.2339,-54.925,327.78,301.58,398.2,384.55,273.21
175.02,67.819,-105.68,-109.95,144.36,-6.2527,-67.633,311.72,302.03,407.71,394.94,279.21
175.79,63.61,-113.33,-108.76,148.94,-8.5485,-79.365,295.65,302.77,417.8,405.79,285.11
176.81,60.304,-119.24,-107.64,153.04,-10.245,-89.688,280.18,303.76,429.12,417.4,290.64
177.61,57.585,-123.14,-106.71,155.64,-11.472,-98.553,265.75,304.9,442.02,429.75,295.56
177.62,54.873,-125.32,-105.79,156.42,-12.347,-106.0,252.61,306.13,456.23,442.23,299.73
176.66,51.554,-126.28,-104.56,155.81,-12.962,-112.15,240.75,307.37,470.67,453.82,303.1
174.9,47.228,-126.39,-102.81,154.41,-13.383,-117.17,229.88,308.58,484.06,463.77,305.7
172.58,41.909,-125.82,-100.62,152.56,-13.68,-121.04,219.57,309.71,495.51,471.88,307.6
169.86,36.086,-124.65,-98.193,150.37,-13.945,-123.48,209.4,310.67,504.73,478.27,308.87
166.8,30.577,-123.02,-95.712,147.87,-14.273,-124.25,198.97,311.42,511.75,483.1,309.52
163.48,26.067,-121.08,-93.232,145.16,-14.728,-123.71,188.11,311.85,516.71,486.29,309.42
160.03,22.753,-118.95,-90.812,142.36,-15.32,-122.52,176.95,311.91,519.66,487.56,308.42
156.61,20.447,-116.59,-88.575,139.47,-15.963,-121.05,165.9,311.58,520.64,486.79,306.42
153.28,18.87,-113.78,-86.61,136.35,-16.46,-119.3,155.5,310.97,519.98,484.32,303.51
149.95,17.818,-110.18,-84.914,132.67,-16.535,-117.2,146.1,310.35,518.14,481.01,299.96
146.37,17.141,-105.41,-83.437,128.01,-15.907,-114.78,137.68,309.99,515.04,477.52,296.08
142.22,16.666,-99.161,-82.177,122.14,-14.37,-112.21,129.91,309.34,509.62,473.46,292.09
137.36,16.299,-91.42,-81.134,115.26,-11.874,-109.74,122.18,306.02,500.66,467.49,287.9
131.93,16.246,-82.604,-80.146,107.97,-8.566,-107.52,113.89,298.84,488.24,458.75,283.05
126.28,16.89,-73.616,-78.793,100.97,-4.7956,-105.55,104.54,288.98,473.71,447.61,277.07
120.73,18.218,-65.561,-76.575,94.739,-1.0743,-103.73,94.069,277.3,458.01,434.6,269.79
115.39,19.593,-59.312,-73.242,89.51,2.0156,-101.84,82.931,264.18,441.14,419.86,261.26
110.13,20.196,-55.302,-68.924,85.333,3.9483,-99.671,71.959,249.96,422.98,403.64,251.66
104.77,19.438,-53.564,-63.922,82.114,4.3615,-97.025,61.682,234.97,403.63,386.33,241.18
99.182,17.056,-53.833,-58.438,79.653,3.101,-93.771,52.112,219.53,383.28,368.11,229.9
93.352,13.081,-55.648,-52.516,77.704,0.24771,-89.95,43.13,203.91,362.25,349.03,217.78
87.302,7.8162,-58.391,-46.104,76.007,-3.8649,-85.851,34.627,188.37,341.01,329.43,204.94
80.868,1.6855,-61.277,-38.992,74.303,-8.7317,-81.919,26.514,173.15,320.04,309.95,191.88
73.641,-4.9403,-63.577,-30.837,72.365,-13.78,-78.483,18.955,158.42,299.71,291.16,179.35
65.252,-11.633,-65.012,-21.465,70.069,-18.404,-75.568,12.517,144.4,280.18,273.46,168.19
55.938,-17.67,-65.731,-11.41,67.426,-22.028,-72.929,7.7243,131.41,261.6,257.18,158.95
46.934,-22.149,-65.83,-2.204,64.532,-24.226,-70.254,4.5697,119.83,244.26,242.55,151.51
39.715,-24.364,-65.002,4.3419,61.454,-24.774,-67.357,2.6825,109.88,228.44,229.46,145.23
34.65,-24.002,-62.692,7.41,58.107,-23.656,-64.261,1.6653,101.49,214.21,217.66,139.37
30.945,-21.219,-58.521,7.4263,54.19,-21.082,-61.117,1.1892,94.017,201.12,206.68,133.44
27.57,-16.705,-52.569,5.4662,49.302,-17.495,-58.055,0.99142,86.392,188.22,195.65,127.05
23.929,-11.586,-45.354,2.8671,43.087,-13.514,-55.069,0.88067,77.789,174.65,183.74,119.94
19.806,-7.1612,-37.551,0.97733,35.418,-9.8212,-52.021,0.74646,68.279,160.42,170.93,112.39
14.941,-4.5741,-29.743,0.79519,26.572,-6.9933,-48.771,0.54422,58.525,146.19,157.89,105.0
9.0571,-4.4824,-22.401,2.719,17.245,-5.3617,-45.296,0.25235,49.22,132.53,145.2,98.136
2.2769,-6.861,-16.033,6.5085,8.4543,-5.014,-41.61,-0.16194,40.859,119.66,133.13,91.702
-4.6928,-11.013,-11.238,11.385,1.2821,-5.8305,-37.506,-0.7298,33.504,107.62,121.7,85.399
-10.761,-15.78,-8.4478,16.25,-3.5105,-7.4716,-32.676,-1.4379,26.982,96.355,110.83,78.911
-14.824,-19.904,-7.6031,19.985,-5.6564,-9.4193,-27.25,-2.1988,21.198,85.725,100.51,72.146
-16.115,-22.388,-8.183,21.731,-5.2975,-11.104,-21.914,-2.8551,16.19,75.536,90.913,65.537
-14.438,-22.71,-9.5024,21.085,-2.8865,-12.061,-17.256,-3.2209,12.018,65.706,82.154,60.056
-10.266,-20.9,-10.944,18.205,0.85282,-12.065,-13.369,-3.1533,8.6922,56.429,74.273,56.456
-4.6845,-17.507,-12.051,13.806,4.9961,-11.175,-10.067,-2.6225,6.1587,48.254,67.361,54.382
0.83373,-13.459,-12.553,9.0248,8.5694,-9.7041,-7.1891,-1.7447,4.3103,41.717,61.623,52.677
4.8442,-9.8451,-12.371,5.135,10.769,-8.1164,-4.6993,-0.75807,2.9836,36.393,57.059,50.31
6.3678,-7.6591,-11.594,3.1847,11.146,-6.8866,-2.639,0.057746,1.9713,30.766,53.031,46.758
5.0924,-7.5217,-10.424,3.6854,9.6578,-6.3585,-1.0465,0.48655,1.0649,23.781,48.417,41.891
1.3465,-9.4761,-9.1026,6.481,6.6398,-6.6427,0.10075,0.4577,0.11271,16.122,42.248,35.796
-4.0185,-12.964,-7.8424,10.832,2.7167,-7.5948,0.90222,0.073013,-0.93717,9.2436,34.327,28.818
-9.8332,-17.013,-6.7839,15.663,-1.3364,-8.8731,1.5122,-0.42952,-2.0262,3.8052,25.547,21.67
-14.893,-20.546,-5.9839,19.871,-4.7627,-10.042,2.0908,-0.76683,-3.0134,-0.26042,17.433,15.265
-18.214,-22.689,-5.4312,22.587,-6.9786,-10.692,2.7505,-0.71667,-3.7383,-3.1543,11.114,10.267
-19.229,-22.97,-5.08,23.322,-7.6881,-10.553,3.5234,-0.20485,-4.0908,-5.0497,6.8082,6.8028
-17.899,-21.397,-4.8742,22.046,-6.9173,-9.5704,4.3572,0.65907,-4.0629,-6.1601,4.1028,4.5852
-14.672,-18.402,-4.7465,19.159,-4.9672,-7.9141,5.1419,1.6168,-3.7565,-6.7853,2.4063,3.1611
-10.313,-14.664,-4.6036,15.342,-2.3313,-5.9058,5.7602,2.3705,-3.3375,-7.2772,1.1917,2.1113
-5.7091,-10.877,-4.3191,11.342,0.38549,-3.883,6.15,2.7374,-2.962,-7.9396,0.033335,1.1745
-1.6902,-7.5594,-3.7451,7.7902,2.5661,-2.0581,6.3485,2.7546,-2.7172,-8.9132,-1.3361,0.25963
1.1019,-4.9954,-2.7403,5.111,3.7092,-0.46655,6.4801,2.6513,-2.6036,-10.118,-2.9154,-0.62818
2.2881,-3.2698,-1.214,3.538,3.5393,0.959,6.6882,2.7073,-2.5572,-11.308,-4.4666,-1.4466
1.7722,-2.3489,0.81986,3.1474,2.0522,2.265,7.0525,3.1052,-2.4914,-12.212,-5.6977,-2.1454
-0.2718,-2.1802,3.2097,3.8818,-0.50816,3.4019,7.5466,3.8517,-2.3439,-12.688,-6.4438,-2.7009
-3.4617,-2.764,5.6799,5.5847,-3.7211,4.221,8.0541,4.7835,-2.1015,-12.784,-6.7495,-3.1504
-7.3096,-4.1235,7.8926,8.0436,-7.0866,4.5347,8.4248,5.6376,-1.8007,-12.688,-6.8385,-3.5968
-11.308,-6.2026,9.5291,11.002,-10.128,4.209,8.5394,6.158,-1.503,-12.621,-7.0127,-4.1745
-14.973,-8.8068,10.364,14.144,-12.481,3.237,8.3509,6.1917,-1.2677,-12.748,-7.5293,-4.9926
-17.897,-11.615,10.327,17.097,-13.966,1.7623,7.8937,5.7424,-1.1291,-13.134,-8.5101,-6.0825
-19.841,-14.228,9.5548,19.499,-14.615,0.060631,7.2712,4.9747,-1.0846,-13.728,-9.9017,-7.3732
-20.787,-16.24,8.3962,21.093,-14.645,-1.5067,6.6328,4.1737,-1.0884,-14.37,-11.483,-8.6983
-20.916,-17.34,7.3179,21.788,-14.378,-2.5786,6.1417,3.6564,-1.0534,-14.832,-12.92,-9.8261
-20.52,-17.416,6.7159,21.673,-14.113,-2.9205,5.9302,3.649,-0.8726,-14.893,-13.869,-10.519
-19.873,-16.598,6.7424,20.96,-14.01,-2.5349,6.0576,4.1961,-0.46083,-14.425,-14.092,-10.619
-19.113,-15.212,7.2185,19.882,-14.011,-1.6791,6.4865,5.1411,0.20742,-13.439,-13.542,-10.118
-18.169,-13.665,7.6754,18.604,-13.815,-0.77315,7.0929,6.1839,1.0823,-12.089,-12.387,-9.1849
-16.782,-12.335,7.5251,17.189,-12.957,-0.25279,7.7086,6.9873,2.0572,-10.622,-10.966,-8.1172
-14.657,-11.479,6.2952,15.635,-11.016,-0.43392,8.1764,7.2951,3.0084,-9.2896,-9.6624,-7.2436
-11.675,-11.179,3.8434,13.945,-7.8574,-1.4181,8.4021,7.023,3.8326,-8.2645,-8.7707,-6.8156
-8.0844,-11.356,0.46914,12.227,-3.7931,-3.0508,8.3811,6.2852,4.4701,-7.5925,-8.407,-6.9206
-4.5344,-11.841,-3.1444,10.733,0.41635,-4.957,8.185,5.355,4.9166,-7.1972,-8.487,-7.463
-1.9127,-12.453,-6.1173,9.8007,3.7298,-6.6506,7.929,4.568,5.2306,-6.9219,-8.7681,-8.2076
-1.0377,-13.045,-7.5991,9.7145,5.1541,-7.6699,7.738,4.2038,5.5259,-6.5751,-8.9376,-8.8472
-2.3314,-13.49,-7.0198,10.576,4.1194,-7.6953,7.7201,4.3913,5.9424,-5.9819,-8.7161,-9.0832
-5.6351,-13.667,-4.3226,12.23,0.70082,-6.6352,7.9389,5.0705,6.5962,-5.036,-7.9478,-8.7204
-10.241,-13.478,-0.029139,14.289,-4.3848,-4.6629,8.3885,6.0181,7.5284,-3.743,-6.6616,-7.7483
-15.095,-12.887,4.901,16.236,-9.9779,-2.1886,8.9854,6.9261,8.6872,-2.2296,-5.0778,-6.3597
-19.105,-11.981,9.3446,17.601,-14.817,0.23716,9.5924,7.5119,9.9464,-0.70091,-3.5304,-4.8856
-21.467,-10.968,12.336,18.117,-17.917,2.0706,10.067,7.6233,11.155,0.63812,-2.3356,-3.6662
-21.884,-10.111,13.325,17.786,-18.826,2.9317,10.316,7.2981,12.184,1.6588,-1.6711,-2.9276
-20.569,-9.6162,12.311,16.817,-17.68,2.7207,10.322,6.7447,12.961,2.3473,-1.5242,-2.7185
-18.069,-9.5389,9.8158,15.499,-15.065,1.6536,10.153,6.2529,13.481,2.8016,-1.7089,-2.9175
-15.042,-9.7349,6.6672,14.086,-11.736,0.18836,9.924,6.0783,13.818,3.2003,-1.9352,-3.2819
-12.055,-9.8867,3.6791,12.697,-8.375,-1.1408,9.7604,6.3483,14.099,3.7451,-1.9099,-3.5184
-9.4391,-9.6293,1.4149,11.293,-5.4698,-1.9063,9.7452,7.0135,14.438,4.5739,-1.4423,-3.3672
-7.2319,-8.718,0.08636,9.7514,-3.2508,-1.9154,9.8888,7.8638,14.859,5.6896,-0.51515,-2.6899
-5.2694,-7.1334,-0.4333,7.9863,-1.6679,-1.2433,10.13,8.605,15.274,6.9382,0.70706,-1.5388
-3.3376,-5.0713,-0.48801,6.0196,-0.47717,-0.16523,10.362,8.966,15.516,8.0668,1.9396,-0.16398
-1.2903,-2.8501,-0.45974,3.9677,0.61016,0.96024,10.473,8.7914,15.409,8.8255,2.8821,1.0774
0.89927,-0.81586,-0.64512,1.9932,1.8107,1.7971,10.377,8.0863,14.853,9.0642,3.3241,1.8638
3.1306,0.71403,-1.2256,0.27862,3.2169,2.1087,10.031,7.0014,13.863,8.7818,3.2062,2.0131
5.1866,1.4923,-2.2649,-0.9768,4.7858,1.7983,9.4392,5.7696,12.561,8.1126,2.6244,1.5129
6.7636,1.3836,-3.6978,-1.5731,6.3503,0.90493,8.6537,4.6235,11.121,7.2667,1.7868,0.50238
7.5399,0.38331,-5.342,-1.3552,7.6613,-0.44086,7.7576,3.726,9.7088,6.4531,0.94282,-0.7771
7.2783,-1.4009,-6.9604,-0.26387,8.4665,-2.0738,6.8434,3.1247,8.4375,5.8169,0.30516,-2.0496
5.9124,-3.7874,-8.3406,1.6359,8.5888,-3.842,5.989,2.742,7.3474,5.4048,-0.016635,-3.0814
3.5556,-6.5552,-9.3348,4.1675,7.9564,-5.617,5.2421,2.4115,6.4104,5.1684,-0.042136,-3.7485
0.43732,-9.46,-9.8382,7.0836,6.5745,-7.2648,4.619,1.9609,5.5602,5.0002,0.11039,-4.061
-3.1679,-12.233,-9.7324,10.106,4.4798,-8.6191,4.1158,1.3086,4.7365,4.7845,0.28819,-4.1196
-6.9702,-14.57,-8.8614,12.945,1.7386,-9.4811,3.7246,0.52462,3.9144,4.4449,0.36655,-4.0408
-10.659,-16.143,-7.0858,15.298,-1.5098,-9.6375,3.4445,-0.19217,3.1155,3.9839,0.30383,-3.9005
-13.908,-16.656,-4.3875,16.882,-5.0262,-8.9085,3.2838,-0.61503,2.4066,3.4995,0.16932,-3.7081
-16.418,-15.94,-0.94929,17.496,-8.4985,-7.2375,3.2495,-0.60591,1.8752,3.1455,0.10546,-3.4219
-17.971,-14.052,2.8335,17.099,-11.58,-4.7813,3.3298,-0.18317,1.5826,3.0434,0.23752,-2.9988
-18.455,-11.313,6.4089,15.829,-13.917,-1.9334,3.4818,0.48062,1.5219,3.2086,0.59572,-2.4423
-17.871,-8.2707,9.1712,13.979,-15.181,0.7535,3.6329,1.1142,1.6071,3.5351,1.091,-1.8255
-16.322,-5.5605,10.59,11.918,-15.128,2.7121,3.6972,1.4368,1.6975,3.8366,1.5441,-1.2824
-13.993,-3.7303,10.332,9.9888,-13.646,3.5169,3.6009,1.2561,1.6449,3.9146,1.7498,-0.97098
-11.113,-3.0896,8.351,8.435,-10.797,2.9983,3.3085,0.53737,1.3434,3.628,1.5547,-1.0197
-7.9449,-3.6445,4.902,7.3651,-6.8381,1.2795,2.8415,-0.58473,0.76379,2.9454,0.91981,-1.4751
-4.7967,-5.1273,0.51754,6.7811,-2.2495,-1.2697,2.2744,-1.8523,-0.037088,1.9635,-0.054629,-2.2728
-2.0457,-7.0999,-4.082,6.6228,2.294,-4.1285,1.7156,-2.9688,-0.93276,0.88131,-1.1519,-3.2425
-0.10149,-9.0731,-8.1249,6.8025,6.0287,-6.7331,1.2738,-3.6903,-1.7636,-0.066656,-2.105,-4.1499
0.69397,-10.608,-10.907,7.2179,8.2559,-8.5841,1.0247,-3.8986,-2.387,-0.69705,-2.6898,-4.766
0.18669,-11.398,-11.875,7.7569,8.5005,-9.3428,0.98524,-3.6416,-2.7266,-0.94868,-2.8096,-4.9408
-1.5117,-11.319,-10.746,8.3061,6.6596,-8.8742,1.1073,-3.1103,-2.7984,-0.90557,-2.5308,-4.649
-4.0255,-10.4,-7.6484,8.7492,3.0911,-7.219,1.2977,-2.5599,-2.6971,-0.75822,-2.0426,-3.9843
-6.7804,-8.7142,-3.1504,8.9355,-1.4342,-4.5648,1.4561,-2.2067,-2.5532,-0.71737,-1.5625,-3.113
-9.0963,-6.3242,1.8644,8.6495,-5.9221,-1.2635,1.5154,-2.1463,-2.4854,-0.91927,-1.2424,-2.2177
-10.322,-3.3946,6.4036,7.6869,-9.4058,2.1648,1.4701,-2.3249,-2.5686,-1.3698,-1.1277,-1.4572
-10.051,-0.31793,9.587,6.0358,-11.185,5.1071,1.3909,-2.5664,-2.8214,-1.9533,-1.1712,-0.94923
-8.3405,2.3257,10.849,4.0005,-10.993,7.0033,1.4039,-2.6468,-3.2057,-2.4974,-1.2865,-0.77265
-5.7569,3.949,10.062,2.1378,-9.0537,7.506,1.5918,-2.4229,-3.6507,-2.8692,-1.4221,-0.97015
-3.1669,4.1726,7.5334,1.0284,-5.987,6.5835,1.8787,-1.9477,-4.107,-3.0514,-1.6135,-1.5398
-1.4153,2.9445,3.9253,1.0735,-2.599,4.5087,2.0723,-1.4537,-4.5795,-3.1476,-1.9691,-2.4345
-1.0527,0.42642,0.09997,2.4414,0.34473,1.7336,2.0236,-1.2102,-5.1001,-3.3218,-2.5953,-3.5699
-2.1384,-3.0554,-3.0732,4.9777,2.2874,-1.1998,1.7178,-1.3877,-5.6817,-3.7176,-3.5265,-4.8296
-4.1534,-6.768,-4.935,8.0147,2.9948,-3.7006,1.2637,-1.9905,-6.2864,-4.3807,-4.6877,-6.0587
-6.1771,-9.5038,-5.1651,10.428,2.5811,-5.211,0.85099,-2.8336,-6.8141,-5.2084,-5.8744,-7.0403
-7.2926,-9.9927,-3.7544,11.098,1.3844,-5.1212,0.70324,-3.5777,-7.1284,-5.9659,-6.7698,-7.5068
-7.0022,-7.5571,-0.92655,9.4702,-0.26103,-2.9698,1.0006,-3.862,-7.1185,-6.385,-7.0492,-7.2422
-5.4719,-2.5691,2.9325,5.8725,-2.186,1.0897,1.7902,-3.4771,-6.7599,-6.2906,-6.5385,-6.2143
-3.4782,3.6018,7.3301,1.4448,-4.3602,6.1852,2.9451,-2.4603,-6.137,-5.6844,-5.3167,-4.6179
-2.0488,9.149,11.637,-2.3382,-6.7641,11.034,4.1964,-1.0838,-5.4198,-4.7497,-3.7055,-2.8178
-2.0139,12.478,15.103,-4.2301,-9.2942,14.422,5.2232,0.23258,-4.8105,-3.7896,-2.1645,-1.245
-3.7007,12.684,17.046,-3.6154,-11.691,15.536,5.7662,1.0566,-4.4832,-3.1246,-1.1424,-0.28097
-6.7962,9.7851,17.015,-0.69823,-13.491,14.13,5.7208,1.0923,-4.533,-2.987,-0.93746,-0.15312
-10.341,4.667,14.866,3.5754,-14.069,10.556,5.1702,0.28956,-4.9473,-3.4414,-1.6132,-0.8703
-12.96,-1.1963,10.78,7.8399,-12.822,5.6293,4.343,-1.1382,-5.6095,-4.3667,-2.9867,-2.2285
-13.361,-6.2363,5.2253,10.766,-9.3846,0.33864,3.5153,-2.7955,-6.3389,-5.5092,-4.6884,-3.8858
-10.885,-9.312,-1.11,11.513,-3.8489,-4.4333,2.9137,-4.2404,-6.9511,-6.5846,-6.2805,-5.4608
-5.8366,-10.077,-7.4263,9.9812,3.0184,-8.0437,2.6598,-5.1193,-7.3091,-7.3729,-7.3915,-6.6155
0.51945,-9.0969,-12.853,6.827,9.8253,-10.193,2.7625,-5.2703,-7.3578,-7.7641,-7.8188,-7.1311
6.3686,-7.3109,-16.373,3.2104,14.939,-10.895,3.1407,-4.7621,-7.1283,-7.7601,-7.5762,-6.9732
10.015,-5.2774,-17.003,0.25888,16.989,-10.107,3.6606,-3.8467,-6.7076,-7.4522,-6.8678,-6.2876
10.504,-3.1233,-14.351,-1.3578,15.326,-7.7933,4.1662,-2.8518,-6.2012,-6.9923,-6.002,-5.3066
7.8457,-0.98681,-8.9574,-1.472,10.272,-4.3068,4.5067,-2.0742,-5.7131,-6.5563,-5.2895,-4.2719
2.8756,0.77155,-2.1202,-0.30193,3.0659,-0.3685,4.5824,-1.7004,-5.3353,-6.3004,-4.9585,-3.4199
-3.0365,1.7968,4.54,1.6652,-4.4995,3.158,4.3836,-1.7646,-5.1315,-6.3193,-5.101,-2.9611
-8.3726,1.907,9.4878,3.8386,-10.608,5.4705,3.9754,-2.1596,-5.1256,-6.621,-5.659,-3.022
-11.907,1.0618,11.628,5.7226,-13.926,6.0307,3.4452,-2.6871,-5.3002,-7.1262,-6.4529,-3.5995
-13.028,-0.6609,10.586,7.0455,-13.922,4.7043,2.8741,-3.1222,-5.5989,-7.6932,-7.2475,-4.5612
-11.866,-3.0434,6.8314,7.7871,-10.99,1.7992,2.3443,-3.2795,-5.9355,-8.1611,-7.8302,-5.6845
-9.1994,-5.7379,1.5293,8.1194,-6.3007,-2.0059,1.9421,-3.0756,-6.2152,-8.401,-8.0741,-6.7139
-6.1299,-8.333,-3.8769,8.2868,-1.3483,-5.8423,1.7329,-2.5635,-6.3677,-8.363,-7.9776,-7.4331
-3.7172,-10.457,-8.1036,8.5133,2.5312,-8.9011,1.7304,-1.9152,-6.3747,-8.0976,-7.6668,-7.7329
-2.7108,-11.883,-10.317,8.9689,4.4532,-10.668,1.8899,-1.3488,-6.2714,-7.7374,-7.3467,-7.638
-3.3857,-12.593,-10.289,9.7414,4.1309,-11.049,2.1353,-1.0328,-6.1157,-7.4388,-7.2085,-7.2713
-5.5137,-12.759,-8.4363,10.805,1.8896,-10.341,2.4024,-1.0093,-5.9484,-7.3072,-7.3395,-6.7817
-8.4672,-12.649,-5.664,12.014,-1.4253,-9.0578,2.6708,-1.1691,-5.769,-7.3408,-7.6756,-6.2858
-11.417,-12.514,-2.996,13.138,-4.7207,-7.756,2.9637,-1.2918,-5.5387,-7.4266,-8.0202,-5.8423
-13.582,-12.51,-1.2339,13.923,-7.0488,-6.9124,3.3215,-1.1373,-5.205,-7.3959,-8.1297,-5.4544
-14.459,-12.651,-0.8208,14.171,-7.871,-6.7849,3.7644,-0.54969,-4.7355,-7.1098,-7.8258,-5.0887
-13.93,-12.818,-1.7909,13.794,-7.1203,-7.3195,4.2685,0.47134,-4.1405,-6.5276,-7.0782,-4.7013
-12.236,-12.815,-3.7432,12.846,-5.1347,-8.2009,4.7699,1.7591,-3.4749,-5.7233,-6.0188,-4.2647
-9.8184,-12.453,-5.9734,11.496,-2.4747,-8.9878,5.189,3.0304,-2.8192,-4.8525,-4.8887,-3.7821
-7.0843,-11.576,-7.7819,9.907,0.30024,-9.2511,5.4651,3.9873,-2.2533,-4.0888,-3.9455,-3.2807
-4.2314,-10.018,-8.7135,8.0679,2.7687,-8.6912,5.5909,4.4445,-1.8264,-3.5546,-3.3665,-2.7884
-1.2836,-7.6394,-8.6081,5.8241,4.6905,-7.2178,5.6334,4.4221,-1.5367,-3.2725,-3.1848,-2.3143
1.7106,-4.4684,-7.5578,3.112,5.9795,-4.9757,5.7129,4.14,-1.3322,-3.1625,-3.2783,-1.8498
4.5178,-0.82968,-5.8225,0.1487,6.6121,-2.2981,5.9404,3.8979,-1.1369,-3.0885,-3.4252,-1.3869
6.7017,2.6979,-3.7101,-2.5814,6.5327,0.39279,6.3538,3.9231,-0.88919,-2.9304,-3.4038,-0.93715
7.726,5.4488,-1.4889,-4.4772,5.6369,2.6859,6.8882,4.271,-0.57426,-2.6455,-3.0951,-0.54224
7.1254,6.8535,0.63261,-5.005,3.849,4.2474,7.3937,4.8078,-0.23812,-2.2931,-2.5427,-0.27343
4.6895,6.5817,2.4842,-3.8629,1.2339,4.8636,7.6893,5.2602,0.023291,-2.0153,-1.9432,-0.21602
0.60673,4.6348,3.913,-1.0977,-1.9382,4.4762,7.6342,5.3221,0.1009,-1.9796,-1.566,-0.43998
-4.4971,1.3773,4.7773,2.8579,-5.2078,3.1989,7.1902,4.786,-0.075932,-2.3067,-1.6318,-0.96518
-9.661,-2.526,4.9598,7.2524,-8.0072,1.3001,6.445,3.6514,-0.49971,-3.0104,-2.2099,-1.7397
-13.827,-6.2926,4.3972,11.197,-9.7903,-0.86166,5.5819,2.1521,-1.0819,-3.9778,-3.1846,-2.6501
-16.161,-9.2655,3.1124,13.927,-10.19,-2.9421,4.8055,0.67448,-1.6884,-5.003,-4.307,-3.5637
-16.346,-11.107,1.228,15.068,-9.1553,-4.7143,4.2657,-0.40064,-2.1938,-5.8654,-5.3061,-4.3837
-14.703,-11.872,-1.0462,14.779,-6.9949,-6.1167,4.0129,-0.84896,-2.5303,-6.417,-6.0061,-5.0882
-12.034,-11.936,-3.4411,13.635,-4.2817,-7.2215,3.9914,-0.68155,-2.7103,-6.6385,-6.3911,-5.7317
-9.272,-11.796,-5.6698,12.327,-1.656,-8.1491,4.0637,-0.13224,-2.8098,-6.6351,-6.592,-6.4039
-7.1746,-11.858,-7.4785,11.392,0.37174,-8.9915,4.0702,0.44237,-2.9165,-6.5754,-6.8041,-7.1633
-6.1176,-12.27,-8.6969,11.07,1.5487,-9.7558,3.9132,0.71397,-3.0734,-6.6073,-7.181,-7.9854
-5.9882,-12.852,-9.2735,11.224,1.9246,-10.329,3.6167,0.51654,-3.2548,-6.788,-7.7594,-8.7544
-6.2433,-13.164,-9.2817,11.391,1.81,-10.518,3.32,-0.096824,-3.383,-7.0645,-8.4434,-9.3015
-6.176,-12.713,-8.8843,11.001,1.6353,-10.152,3.209,-0.89438,-3.3718,-7.3097,-9.0458,-9.4751
-5.2583,-11.228,-8.2706,9.6882,1.7631,-9.1838,3.4238,-1.5735,-3.1712,-7.3923,-9.3671,-9.209
-3.3677,-8.8229,-7.5954,7.4813,2.3523,-7.7193,3.9897,-1.8805,-2.7911,-7.2394,-9.2747,-8.5547
-0.79995,-5.9263,-6.945,4.7727,3.3322,-5.9869,4.8073,-1.6915,-2.296,-6.8588,-8.7506,-7.663
1.9019,-3.0736,-6.3439,2.1101,4.4727,-4.2534,5.694,-1.0407,-1.7779,-6.3248,-7.8931,-6.7281
4.2056,-0.70697,-5.7945,-0.05009,5.5087,-2.7511,6.451,-0.10052,-1.3229,-5.7433,-6.8804,-5.9228
5.7825,0.88351,-5.3234,-1.4634,6.2541,-1.646,6.9285,0.87882,-0.98481,-5.2162,-5.9137,-5.351
6.5382,1.552,-4.9974,-2.0566,6.6466,-1.0318,7.0715,1.6568,-0.772,-4.812,-5.1563,-5.0282
6.5227,1.3112,-4.8965,-1.8574,6.7126,-0.93073,6.9314,2.0895,-0.64775,-4.5486,-4.6891,-4.8919
5.8027,0.30019,-5.0619,-0.94215,6.4818,-1.3089,6.6393,2.1815,-0.54656,-4.3941,-4.5002,-4.839
4.3471,-1.333,-5.4529,0.63993,5.8962,-2.1122,6.3472,2.0786,-0.40393,-4.29,-4.5107,-4.7756
1.9944,-3.5545,-5.9319,2.9419,4.7718,-3.3033,6.1644,2.0014,-0.18892,-4.1881,-4.6219,-4.6581
-1.4759,-6.4444,-6.282,6.1063,2.8668,-4.8538,6.1194,2.1487,0.076283,-4.0821,-4.759,-4.5096
-6.1782,-10.051,-6.2532,10.215,0.03794,-6.679,6.1644,2.6138,0.32515,-4.0089,-4.8881,-4.4008
-11.915,-14.211,-5.6342,15.087,-3.6382,-8.5712,6.2146,3.352,0.48697,-4.0157,-5.0028,-4.4043
-18.082,-18.427,-4.334,20.169,-7.8403,-10.192,6.1979,4.21,0.53629,-4.1189,-5.0996,-4.5406
-23.752,-21.907,-2.4456,24.604,-12.022,-11.147,6.0906,4.9958,0.51086,-4.2866,-5.1652,-4.7572
-27.865,-23.813,-0.27088,27.472,-15.469,-11.144,5.9173,5.5437,0.4797,-4.4589,-5.1871,-4.9605
-29.486,-23.581,1.7118,28.072,-17.426,-10.143,5.7256,5.7493,0.48731,-4.5948,-5.179,-5.0807
-28.088,-21.188,2.9432,26.165,-17.301,-8.4168,5.5561,5.5788,0.51902,-4.7092,-5.1963,-5.1195
-23.723,-17.195,2.9409,22.073,-14.85,-6.4747,5.4229,5.0708,0.50668,-4.8709,-5.3188,-5.1552
-17.02,-12.537,1.4669,16.576,-10.279,-4.8998,5.3164,4.3362,0.36954,-5.1529,-5.6029,-5.3014
-9.1191,-8.2423,-1.3668,10.721,-4.2596,-4.1431,5.2248,3.5473,0.067065,-5.5723,-6.0348,-5.643
-1.476,-5.159,-5.0839,5.6027,2.1596,-4.3686,5.1521,2.8973,-0.36839,-6.0624,-6.5237,-6.1819
4.5344,-3.7439,-8.9395,2.0887,7.8111,-5.4154,5.1159,2.5363,-0.83999,-6.5,-6.943,-6.8241
7.9886,-3.9601,-12.129,0.60604,11.712,-6.8851,5.1311,2.5121,-1.2282,-6.7685,-7.1943,-7.4123
8.5644,-5.3497,-14.033,1.0877,13.279,-8.3043,5.196,2.7513,-1.437,-6.8126,-7.2529,-7.7831
6.5353,-7.2565,-14.368,3.0547,12.436,-9.2786,5.2926,3.0926,-1.4218,-6.655,-7.1707,-7.8204
2.6713,-9.0748,-13.222,5.7921,9.6093,-9.5834,5.401,3.3548,-1.1905,-6.3736,-7.0412,-7.4857
-1.9788,-10.386,-10.969,8.5766,5.5817,-9.1845,5.5181,3.4137,-0.78866,-6.0577,-6.9494,-6.8218
-6.3852,-10.98,-8.1441,10.854,1.2665,-8.2018,5.6664,3.2558,-0.27676,-5.7666,-6.9294,-5.9338
-9.783,-10.83,-5.2956,12.301,-2.5107,-6.8402,5.8861,2.9875,0.2862,-5.504,-6.9429,-4.9555
-11.774,-10.043,-2.8697,12.81,-5.1656,-5.3129,6.2125,2.7905,0.85228,-5.2189,-6.89,-4.0098
-12.279,-8.7729,-1.1357,12.415,-6.4406,-3.7858,6.6511,2.8427,1.3874,-4.836,-6.6497,-3.1788
-11.432,-7.1556,-0.15472,11.232,-6.3937,-2.3567,7.1644,3.2382,1.8687,-4.304,-6.1413,-2.4957
-9.5237,-5.3181,0.18934,9.4478,-5.3095,-1.0686,7.6753,3.9394,2.277,-3.6392,-5.3797,-1.9604
-6.973,-3.4191,0.10005,7.3317,-3.5937,0.054207,8.0878,4.7757,2.587,-2.9411,-4.4958,-1.5651
-4.277,-1.662,-0.22181,5.2152,-1.6841,0.97251,8.3135,5.4909,2.7614,-2.3668,-3.7054,-1.3142
-1.9249,-0.27447,-0.62172,3.4377,0.022512,1.6229,8.3044,5.8309,2.7585,-2.073,-3.2272,-1.2258
-0.31242,0.54048,-0.99941,2.2865,1.2246,1.938,8.0793,5.6463,2.5536,-2.1488,-3.1783,-1.3179
0.30262,0.65956,-1.3056,1.9491,1.7389,1.8783,7.7247,4.9736,2.1624,-2.5716,-3.5004,-1.5898
-0.1884,0.069062,-1.5174,2.4914,1.4923,1.4544,7.3652,4.0436,1.646,-3.2105,-3.9673,-2.0107
-1.738,-1.1492,-1.6047,3.8567,0.51203,0.72593,7.1083,3.1876,1.0862,-3.8845,-4.2924,-2.5239
-4.1309,-2.8546,-1.5303,5.8757,-1.0584,-0.21901,6.9957,2.689,0.546,-4.4448,-4.2752,-3.0683
-6.9952,-4.8632,-1.2929,8.2814,-2.9478,-1.2811,6.9881,2.6689,0.045293,-4.8304,-3.8957,-3.5973
-9.8524,-6.9316,-0.97442,10.724,-4.7906,-2.3572,6.9973,3.0556,-0.42987,-5.0645,-3.3111,-4.0788
-12.18,-8.7523,-0.74803,12.789,-6.1868,-3.3519,6.9393,3.6292,-0.89972,-5.2127,-2.7751,-4.4822
-13.477,-10.022,-0.83667,14.064,-6.7567,-4.1936,6.7734,4.1084,-1.37,-5.3393,-2.5287,-4.7776
-13.371,-10.56,-1.4464,14.27,-6.207,-4.8554,6.5089,4.2485,-1.8312,-5.4883,-2.7144,-4.952
-11.754,-10.398,-2.7133,13.39,-4.4204,-5.3879,6.1892,3.9253,-2.2695,-5.6825,-3.3371,-5.0265
-8.8686,-9.786,-4.663,11.701,-1.5264,-5.9237,5.8702,3.1811,-2.6754,-5.924,-4.2735,-5.058
-5.2759,-9.1059,-7.1713,9.688,2.0837,-6.6179,5.5993,2.2134,-3.0416,-6.1922,-5.3154,-5.1212
-1.7187,-8.7191,-9.9427,7.8795,5.8056,-7.5518,5.4035,1.3066,-3.356,-6.447,-6.2337,-5.281
1.0589,-8.8223,-12.52,6.7005,8.9294,-8.6499,5.2878,0.72919,-3.5972,-6.6421,-6.8499,-5.5665
2.4825,-9.3633,-14.33,6.3654,10.779,-9.6524,5.2418,0.63878,-3.738,-6.7427,-7.0881,-5.9577
2.2784,-10.059,-14.815,6.8385,10.867,-10.179,5.2498,1.0297,-3.7524,-6.7359,-6.9894,-6.3882
0.54214,-10.511,-13.637,7.8634,9.054,-9.878,5.2993,1.74,-3.6263,-6.632,-6.6838,-6.7628
-2.2802,-10.362,-10.844,9.0539,5.6426,-8.5829,5.3824,2.5128,-3.3685,-6.461,-6.3328,-6.9872
-5.5053,-9.443,-6.9048,10.016,1.3379,-6.4099,5.4925,3.0875,-3.0149,-6.2674,-6.0688,-7.0
-8.3852,-7.8495,-2.6228,10.463,-2.9266,-3.7589,5.6196,3.2879,-2.6257,-6.0991,-5.955,-6.7948
-10.287,-5.9351,1.0482,10.288,-6.2175,-1.2187,5.7488,3.0787,-2.2702,-5.9914,-5.9747,-6.4228
-10.841,-4.2115,3.255,9.5881,-7.8274,0.5966,5.8595,2.5679,-2.007,-5.9562,-6.0508,-5.9768
-10.021,-3.192,3.4896,8.6314,-7.449,1.2281,5.9264,1.9529,-1.8701,-5.984,-6.0886,-5.5631
-8.1592,-3.2317,1.7411,7.7814,-5.2617,0.51006,5.9234,1.4373,-1.8629,-6.0534,-6.0183,-5.2706
-5.8669,-4.4126,-1.4883,7.3827,-1.9054,-1.3797,5.8355,1.1564,-1.959,-6.1395,-5.8175,-5.1417
-3.8728,-6.5121,-5.3342,7.656,1.6769,-3.9771,5.6696,1.1316,-2.1088,-6.2174,-5.5125,-5.1572
-2.8226,-9.0743,-8.8468,8.6479,4.504,-6.671,5.4556,1.2736,-2.2544,-6.2678,-5.1663,-5.2453
-3.1218,-11.569,-11.218,10.244,5.8221,-8.8622,5.2358,1.4228,-2.3526,-6.2886,-4.8624,-5.3138
-4.8536,-13.557,-11.909,12.22,5.262,-10.099,5.0497,1.4171,-2.3939,-6.3008,-4.6863,-5.2926
-7.7642,-14.775,-10.756,14.293,2.8831,-10.178,4.9243,1.1591,-2.4065,-6.3434,-4.701,-5.1633
-11.314,-15.128,-8.0279,16.159,-0.83678,-9.1666,4.8702,0.65658,-2.4426,-6.4549,-4.9252,-4.9633
-14.79,-14.641,-4.3496,17.515,-5.0869,-7.3433,4.8824,0.020876,-2.5534,-6.6525,-5.3205,-4.7652
-17.433,-13.399,-0.53103,18.075,-8.9067,-5.0911,4.9451,-0.57527,-2.7662,-6.916,-5.7963,-4.6395
-18.583,-11.513,2.6387,17.608,-11.43,-2.8107,5.0393,-0.96157,-3.0686,-7.1843,-6.2295,-4.6183
-17.851,-9.1427,4.5737,16.016,-12.119,-0.84699,5.1518,-1.0297,-3.4076,-7.3678,-6.4976,-4.6752
-15.303,-6.5603,5.0154,13.456,-10.919,0.55466,5.2778,-0.77107,-3.7046,-7.377,-6.5172,-4.7351
-11.53,-4.1594,4.0686,10.394,-8.2552,1.2605,5.4153,-0.28677,-3.8872,-7.1625,-6.274,-4.7153
-7.4693,-2.3818,2.126,7.5087,-4.8679,1.2451,5.5548,0.23378,-3.9236,-6.7542,-5.835,-4.572
-4.07,-1.5866,-0.29541,5.4447,-1.5391,0.57868,5.6773,0.57233,-3.8415,-6.2683,-5.332,-4.3269
-2.011,-1.9297,-2.7221,4.6091,1.1183,-0.59844,5.76,0.56677,-3.7163,-5.8643,-4.9159,-4.0592
-1.5224,-3.2952,-4.8331,5.0595,2.7944,-2.1,5.7901,0.18572,-3.6303,-5.6721,-4.6994,-3.8695
-2.2868,-5.2853,-6.4978,6.4617,3.5626,-3.7058,5.7753,-0.44389,-3.6321,-5.7312,-4.7124,-3.8333
-3.5417,-7.3013,-7.7532,8.1668,3.821,-5.174,5.7501,-1.0741,-3.7122,-5.9696,-4.8869,-3.9628
-4.4065,-8.7195,-8.714,9.4364,4.0722,-6.2664,5.7708,-1.4282,-3.8044,-6.2231,-5.0724,-4.1865
-4.2422,-9.0748,-9.4468,9.7085,4.6679,-6.7776,5.9048,-1.3095,-3.8061,-6.2895,-5.0786,-4.3616
-2.8907,-8.1864,-9.895,8.7913,5.6489,-6.5656,6.209,-0.68049,-3.6146,-5.999,-4.7369,-4.3223
-0.74725,-6.2181,-9.9016,6.9386,6.7222,-5.5907,6.7049,0.31732,-3.1684,-5.2806,-3.9681,-3.9503
1.3579,-3.6453,-9.2934,4.7786,7.3651,-3.949,7.3625,1.4045,-2.4772,-4.1962,-2.8265,-3.2304
2.4634,-1.0948,-7.9696,3.0865,7.0349,-1.8549,8.1063,2.2643,-1.6231,-2.9243,-1.4932,-2.2657
1.8674,0.90661,-5.9668,2.4798,5.4196,0.43658,8.846,2.6674,-0.7299,-1.6946,-0.21242,-1.2453
-0.57404,2.1517,-3.4763,3.1833,2.6055,2.7246,9.5216,2.5706,0.089268,-0.69951,0.80595,-0.377
-4.3898,2.8166,-0.79374,4.9509,-0.93382,4.9228,10.144,2.1427,0.78153,-0.015363,1.4756,0.18897
-8.661,3.4053,1.782,7.1295,-4.4951,7.1051,10.808,1.7009,1.3794,0.43448,1.8815,0.42219
-12.293,4.7023,4.0646,8.8315,-7.3572,9.5704,11.663,1.5862,1.9905,0.85498,2.2677,0.4349
-14.339,7.6568,6.0746,9.199,-8.9909,12.829,12.848,2.0354,2.7586,1.5004,2.9637,0.45028
-14.288,13.047,8.0647,7.6705,-9.2045,17.408,14.408,3.0989,3.8102,2.5813,4.2907,0.72627
-12.202,21.015,10.438,4.1369,-8.1604,23.537,16.225,4.6207,5.2082,4.2034,6.4811,1.4767
-8.6341,30.825,13.584,-0.99624,-6.2819,30.936,18.017,6.2835,6.9255,6.3546,9.6076,2.8285
-4.423,41.158,17.693,-6.9013,-4.1075,38.861,19.424,7.7162,8.8483,8.9195,13.5,4.8239
-0.42237,50.729,22.645,-12.608,-2.1516,46.441,20.182,8.6342,10.811,11.7,17.71,7.4364
2.7424,58.82,28.08,-17.398,-0.79379,53.076,20.259,8.9579,12.661,14.464,21.695,10.541
4.7968,65.418,33.638,-21.083,-0.21947,58.6,19.941,8.8426,14.322,17.062,25.157,13.898
5.7642,71.015,39.156,-24.036,-0.45129,63.233,19.787,8.5942,15.834,19.555,28.211,17.319
5.8261,76.269,44.662,-26.99,-1.4396,67.451,20.444,8.5138,17.313,22.205,31.233,20.852
5.215,81.642,50.249,-30.716,-3.1232,71.791,22.295,8.7564,18.873,25.316,34.587,24.705
4.1564,87.157,55.997,-35.647,-5.4175,76.642,24.781,9.2692,20.548,29.037,38.402,29.025
2.8419,92.419,61.95,-41.553,-8.1709,82.069,25.875,9.8124,22.25,33.232,42.494,33.769
1.4168,96.904,68.047,-47.544,-11.152,87.769,23.251,10.066,23.791,37.514,46.485,38.733
-0.0061518,100.32,74.024,-52.634,-14.076,93.181,16.561,9.7561,24.947,41.424,50.018,43.652
-1.2769,102.7,79.408,-56.372,-16.636,97.74,7.3206,8.7701,25.546,44.623,52.914,48.303
-2.1104,104.25,83.626,-58.935,-18.525,101.08,-3.0075,7.2046,25.551,46.996,55.2,52.555
-2.0882,105.28,86.164,-60.88,-19.447,103.07,-13.69,5.3268,25.081,48.643,57.044,56.391
-0.79982,106.15,86.705,-62.863,-19.166,103.79,-24.211,3.4719,24.344,49.808,58.64,59.9
1.9756,107.19,85.168,-65.407,-17.587,103.38,-33.77,1.9296,23.543,50.757,60.093,63.23
6.1817,108.62,81.666,-68.758,-14.813,102.12,-41.362,0.86205,22.797,51.678,61.374,66.475
11.529,110.43,76.532,-72.835,-11.145,100.33,-46.355,0.2726,22.131,52.634,62.398,69.561
17.606,112.4,70.357,-77.256,-7.0473,98.381,-48.848,0.024607,21.483,53.571,63.116,72.266
23.94,114.2,63.845,-81.453,-3.0576,96.487,-49.466,-0.10179,20.746,54.343,63.523,74.42
30.003,115.47,57.533,-84.883,0.31677,94.609,-49.032,-0.335,19.806,54.734,63.58,76.012
35.225,115.87,51.665,-87.182,2.7121,92.527,-48.275,-0.83743,18.579,54.503,63.211,77.066
39.065,115.2,46.253,-88.224,3.9929,89.973,-47.639,-1.6496,17.031,53.463,62.399,77.537
41.148,113.34,41.174,-88.039,4.2707,86.745,-47.274,-2.6774,15.215,51.551,61.238,77.33
41.448,110.15,36.247,-86.591,3.8525,82.722,-47.083,-3.7361,13.274,48.837,59.801,76.366
40.449,105.46,31.296,-83.732,3.1643,77.901,-46.872,-4.6336,11.399,45.518,58.007,74.634
39.094,99.571,26.258,-79.692,2.671,72.586,-46.516,-5.2524,9.7365,41.959,55.789,72.34
38.281,93.664,21.246,-75.367,2.7753,67.319,-46.023,-5.6003,8.321,38.636,53.414,69.948
38.24,88.758,16.427,-71.543,3.6934,62.395,-45.476,-5.826,7.0666,35.707,51.172,67.866
38.505,84.71,11.809,-68.252,5.36,57.624,-44.98,-6.1964,5.8083,32.764,48.82,66.072
38.284,80.514,7.2888,-64.922,7.4204,52.491,-44.636,-7.0384,4.3728,29.218,45.719,64.186
36.771,75.059,2.8974,-60.748,9.3274,46.464,-44.547,-8.6445,2.6425,24.813,41.307,61.708
33.405,67.741,-1.0705,-54.993,10.515,39.321,-44.794,-11.187,0.57336,19.764,35.456,58.184
28.101,58.768,-4.1611,-47.223,10.589,31.32,-45.366,-14.668,-1.819,14.539,28.613,53.34
21.371,48.93,-6.0145,-37.524,9.4683,23.204,-46.135,-18.889,-4.4831,9.5624,21.59,47.206
14.241,39.022,-6.5622,-26.84,7.4401,15.978,-46.89,-23.45,-7.3496,5.1194,15.146,40.182
7.971,29.671,-6.0608,-17.013,5.0911,10.439,-47.452,-27.833,-10.333,1.3876,9.7425,32.931
3.5963,21.606,-5.0037,-9.7415,3.1059,6.7856,-47.741,-31.594,-13.315,-1.5475,5.5325,26.138
1.5014,15.404,-3.9659,-5.4155,2.018,4.6347,-47.786,-34.574,-16.147,-3.7003,2.4384,20.253
1.2845,10.88,-3.4249,-3.2202,2.0046,3.3121,-47.68,-36.952,-18.711,-5.1815,0.24397,15.352
1.9323,7.2404,-3.6134,-1.9036,2.7867,2.1742,-47.55,-39.121,-21.005,-6.1812,-1.3124,11.19
2.1951,3.7619,-4.4478,-0.35478,3.6934,0.79,-47.508,-41.457,-23.186,-6.9508,-2.506,7.4564
1.0392,0.070384,-5.5469,2.1061,3.9062,-1.0108,-47.622,-44.11,-25.492,-7.7487,-3.6157,4.1786
-2.0282,-4.0039,-6.3517,5.7077,2.7903,-3.1219,-47.873,-46.914,-28.042,-8.7185,-4.8172,1.6872
-6.9083,-8.4118,-6.3406,10.313,0.13442,-5.1987,-48.155,-49.435,-30.683,-9.7991,-6.0589,0.032141
-13.002,-12.738,-5.2661,15.423,-3.8005,-6.8198,-48.323,-51.154,-33.035,-10.764,-7.0938,-1.0168
-19.319,-16.337,-3.2775,20.255,-8.3694,-7.6883,-48.265,-51.713,-34.724,-11.359,-7.6458,-1.5918
-24.666,-18.656,-0.88125,23.98,-12.661,-7.7492,-47.957,-51.086,-35.596,-11.435,-7.5774,-1.7072
-27.929,-19.423,1.2174,25.941,-15.662,-7.1873,-47.476,-49.622,-35.801,-11.029,-6.9702,-1.3951
-28.329,-18.661,2.3427,25.774,-16.529,-6.3227,-46.984,-47.981,-35.74,-10.341,-6.099,-0.7768
-25.61,-16.601,2.0835,23.468,-14.867,-5.4665,-46.677,-46.932,-35.908,-9.6524,-5.3215,-0.050175
-20.132,-13.587,0.437,19.371,-10.878,-4.798,-46.688,-47.091,-36.701,-9.2229,-4.9406,0.57513
-12.83,-10.013,-2.1793,14.148,-5.3257,-4.309,-47.009,-48.611,-38.253,-9.2102,-5.1024,0.95353
-5.0424,-6.3105,-5.0568,8.6517,0.66759,-3.8597,-47.491,-51.006,-40.368,-9.6426,-5.7659,1.044
1.8356,-2.9314,-7.459,3.748,5.9413,-3.3119,-47.921,-53.346,-42.621,-10.45,-6.7466,0.89617
6.6965,-0.31335,-8.8871,0.17337,9.5787,-2.6343,-48.088,-54.744,-44.579,-11.542,-7.8133,0.60424
8.9037,1.1803,-9.2086,-1.565,11.105,-1.9254,-47.801,-54.604,-45.964,-12.879,-8.7858,0.26329
8.3481,1.3425,-8.6392,-1.2832,10.576,-1.3563,-46.852,-52.491,-46.638,-14.459,-9.562,-0.057825
5.4408,0.21306,-7.5974,0.82343,8.5122,-1.0284,-44.928,-47.912,-46.467,-16.015,-9.976,-0.33113
0.9874,-1.8226,-6.4483,4.2299,5.6891,-0.72761,-42.076,-42.242,-45.115,-16.744,-9.6453,-0.59203
-4.0636,-3.9405,-5.2727,8.2137,2.8296,0.0081747,-41.363,-47.73,-41.918,-16.587,-8.8519,-0.9836
-8.8748,-4.9452,-4.0577,12.005,0.3583,-0.083465,-46.876,-68.524,-37.883,-16.866,-9.1544,-1.7292
-12.871,-4.0538,-2.9925,14.89,-1.7003,-3.3382,-53.359,-81.382,-48.895,-17.474,-10.3,-2.8806
-15.787,-2.642,-1.0839,16.187,-3.6737,-6.2835,-55.423,-88.633,-66.882,-19.302,-9.0761,-4.0462
-17.641,-2.787,3.6815,15.003,-6.0352,-4.5636,-51.848,-90.257,-71.736,-35.22,-17.546,-7.763
-18.627,-2.068,12.334,9.8719,-9.2039,3.4375,-41.577,-81.77,-74.787,-57.551,-34.093,-14.463
-18.925,6.3225,25.224,2.4305,-13.467,18.015,-24.208,-59.478,-74.246,-85.236,-56.783,-20.836
-18.937,23.601,42.453,3.1267,-18.877,37.651,-1.2291,-22.325,-68.104,-112.28,-83.76,-27.824
-28.279,44.156,63.417,-2.2957,-26.538,59.09,25.089,27.308,-54.606,-130.55,-107.67,-35.809
-37.883,65.085,86.031,-12.373,-47.209,79.931,54.84,84.404,-31.186,-132.72,-118.91,-42.739
-38.058,85.788,107.8,-22.764,-72.217,99.881,89.239,143.15,5.998,-111.82,-109.11,-42.925
-35.171,106.88,129.48,-34.453,-79.143,119.57,119.22,197.87,61.6,-61.328,-70.414,-28.684
-26.482,130.25,145.33,-50.005,-81.304,139.95,137.4,243.7,139.5,26.193,5.0519,8.3751
-8.4566,158.45,157.18,-72.437,-76.925,162.23,147.65,278.96,241.51,158.46,124.13,76.581
20.8,194.34,165.93,-104.34,-66.342,186.1,155.76,305.15,367.28,337.85,286.77,171.73
62.118,239.28,169.03,-146.86,-49.475,209.73,163.71,324.13,513.96,563.59,495.02,292.95
117.76,290.98,163.15,-199.61,-21.764,232.0,168.98,336.33,675.1,832.49,749.05,442.7
188.94,345.62,145.97,-260.7,21.793,250.36,165.62,340.68,841.05,1136.7,1045.3,619.69
273.02,399.02,114.92,-327.41,80.84,261.49,145.04,335.78,1000.9,1465.7,1377.5,820.71
368.88,446.98,65.617,-397.84,155.34,262.85,96.941,320.63,1142.7,1808.3,1736.0,1040.5
475.71,484.97,-6.8229,-469.95,246.25,246.42,12.121,294.88,1262.4,2155.4,2108.9,1271.4
591.84,507.09,-106.76,-540.45,354.45,205.09,-113.68,258.65,1367.7,2500.7,2482.8,1503.2
715.92,506.14,-236.99,-605.0,481.21,135.87,-277.71,214.29,1472.5,2840.3,2842.9,1722.7
846.37,477.06,-399.44,-658.63,627.51,37.416,-469.94,165.53,1591.9,3169.7,3171.3,1914.3
976.97,418.7,-590.22,-695.93,788.46,-88.606,-674.83,113.81,1736.9,3479.6,3446.4,2061.3
1094.3,333.22,-794.43,-711.08,949.77,-234.35,-874.74,56.598,1906.1,3751.9,3642.8,2148.0
1179.7,227.11,-986.68,-699.02,1089.3,-383.96,-1053.2,-11.473,2081.0,3957.4,3732.8,2162.1
1215.0,110.81,-1136.6,-657.3,1182.3,-516.45,-1196.6,-98.384,2227.3,4058.0,3690.3,2097.8
1188.2,-2.5275,-1217.9,-587.38,1209.2,-611.98,-1295.5,-213.4,2301.8,4014.4,3497.7,1956.8
1097.1,-99.977,-1217.5,-494.82,1162.6,-658.19,-1345.1,-362.26,2264.8,3798.5,3153.7,1748.3
951.36,-173.55,-1139.1,-388.33,1049.1,-653.88,-1345.9,-540.79,2092.8,3405.5,2679.9,1489.4
770.03,-221.59,-1001.7,-277.87,887.91,-608.09,-1303.7,-731.89,1788.0,2860.7,2120.3,1203.0
577.0,-246.0,-831.65,-173.09,704.66,-535.42,-1227.9,-909.11,1380.3,2218.1,1535.0,914.72
394.95,-250.34,-655.49,-82.132,524.41,-450.88,-1128.8,-1044.7,921.15,1549.8,987.5,648.7
241.35,-240.04,-494.16,-10.622,366.68,-366.64,-1016.7,-1117.3,471.23,930.2,530.81,423.75
125.34,-220.66,-360.45,38.47,242.74,-290.74,-900.02,-1117.4,86.755,420.62,196.7,250.96
50.99,-195.28,-258.83,64.879,155.33,-227.39,-784.91,-1049.6,-192.06,57.724,-8.4235,132.82
19.568,-165.03,-187.36,71.786,99.531,-178.03,-675.3,-931.02,-348.33,-151.27,-96.485,63.798
12.506,-132.4,-141.27,65.018,66.078,-140.62,-574.27,-784.23,-390.18,-226.46,-104.86,32.513
14.696,-102.19,-112.84,50.805,50.882,-110.97,-483.35,-630.41,-346.07,-206.92,-70.099,24.795
18.707,-77.299,-92.893,34.621,44.562,-88.411,-400.89,-486.11,-254.32,-138.14,-24.982,27.416
22.3,-59.093,-79.021,22.092,40.226,-73.499,-326.44,-362.0,-149.3,-57.26,4.2791,30.727
20.024,-47.923,-67.932,18.81,34.595,-61.617,-260.75,-263.23,-57.439,9.2334,15.905,29.706
8.5417,-42.258,-56.583,16.99,26.822,-51.941,-204.41,-189.07,3.7834,34.437,15.203,24.047
-9.1779,-40.015,-44.224,16.805,18.753,-44.049,-158.19,-134.05,35.045,38.14,9.6426,15.679
-11.375,-38.203,-33.627,16.71,14.132,-36.787,-121.88,-94.019,45.084,34.161,4.8259,6.4693
-9.4481,-32.733,-31.444,15.45,9.5964,-29.674,-94.127,-66.874,43.059,27.239,-5.8639,0.91284
-6.1045,-22.312,-35.069,12.834,6.8654,-22.83,-73.181,-49.596,37.52,18.186,-7.5822,-3.664
-2.1756,-14.904,-30.834,9.5018,8.0677,-17.624,-57.033,-38.68,31.347,10.808,-8.3238,-5.0973
1.1395,-10.836,-24.647,6.4597,9.516,-14.338,-43.761,-30.817,25.978,2.1393,-8.1698,-5.562
2.6642,-8.4393,-19.756,4.6442,9.6316,-12.017,-32.563,-23.701,21.215,-5.4572,-7.9772,-5.71
1.7504,-7.5963,-15.677,4.603,7.8807,-10.297,-23.648,-16.802,3.6973,-5.5452,-8.3311,-5.9206
-1.4884,-8.245,-11.761,6.3249,4.4974,-9.1046,-18.051,-10.606,3.6271,-6.0931,-9.3665,-6.359
-6.2192,-9.9409,-8.027,9.2345,0.22743,-8.3611,-17.742,-5.3283,3.8849,-7.3622,-10.876,-7.0071
-11.068,-11.891,-4.9542,12.329,-3.8358,-7.941,-17.272,-2.6999,3.416,-8.9975,-12.467,-7.7447
-14.44,-13.215,-3.1498,14.483,-6.4215,-7.7022,-11.831,-1.0767,2.5398,-10.634,-13.734,-8.4106
-14.99,-13.28,-3.014,14.826,-6.4934,-7.5292,-5.555,0.43274,1.6316,-11.99,-14.424,-8.863
-12.051,-11.891,-4.5196,12.976,-3.6493,-7.3472,-1.2542,1.9841,0.9005,-12.9,-14.525,-9.0362
-5.948,-9.2775,-7.1764,9.1317,1.6165,-7.1018,1.42,3.5325,0.38712,-13.37,-14.247,-8.9609
1.8375,-5.995,-10.158,4.1487,7.8892,-6.7357,3.2059,4.9684,0.03212,-13.561,-13.911,-8.7439
9.0949,-2.7851,-12.541,-0.65578,13.327,-6.1957,4.5148,6.2018,-0.25554,-13.7,-13.813,-8.5212
13.748,-0.39498,-13.568,-3.958,16.369,-5.4719,5.5297,7.2268,-0.54879,-13.975,-14.108,-8.4073
14.517,0.5885,-12.842,-4.8053,16.157,-4.6375,6.3261,8.1477,-0.88001,-14.464,-14.762,-8.4628
11.095,-0.14218,-10.424,-2.827,12.633,-3.8595,6.9344,9.1539,-1.2449,-15.125,-15.58,-8.6871
4.1223,-2.5616,-6.8169,1.6833,6.4612,-3.3663,7.3715,10.456,-1.6163,-15.818,-16.291,-9.0296
-4.9762,-6.32,-2.8294,7.8572,-1.0955,-3.3744,7.6592,12.216,-1.9538,-16.372,-16.656,-9.4079
-14.367,-10.8,0.65132,14.51,-8.4687,-3.9974,7.8388,14.488,-2.2073,-16.639,-16.546,-9.7279
-22.267,-15.234,2.9172,20.441,-14.211,-5.1794,7.9735,17.197,-2.3263,-16.54,-15.972,-9.901
-27.327,-18.873,3.6268,24.664,-17.387,-6.6866,8.1345,20.126,-2.2783,-16.096,-15.068,-9.8595
-28.942,-21.131,2.8829,26.587,-17.778,-8.1604,8.3753,22.95,-2.0663,-15.426,-14.038,-9.571
-27.352,-21.691,1.1796,26.12,-15.846,-9.2125,8.7113,25.315,-1.7348,-14.705,-13.082,-9.0436
-23.394,-20.547,-0.7801,23.63,-12.492,-9.5374,9.1161,26.961,-1.3551,-14.108,-12.335,-8.3195
-18.229,-18.026,-2.3269,19.834,-8.7648,-9.0134,9.5375,27.821,-1.002,-13.739,-11.823,-7.4637
-13.169,-14.749,-3.0229,15.676,-5.6245,-7.7555,9.919,28.042,-0.73288,-13.607,-11.47,-6.555
-9.3762,-11.507,-2.7598,12.139,-3.725,-6.0951,10.215,27.908,-0.57732,-13.641,-11.153,-5.682
-7.4952,-9.0619,-1.7553,9.9533,-3.2767,-4.4859,10.4,27.716,-0.53856,-13.728,-10.767,-4.9383
-7.5507,-7.9313,-0.45448,9.3967,-4.0507,-3.3644,10.464,27.687,-0.60238,-13.759,-10.286,-4.4143
-9.0496,-8.241,0.63906,10.279,-5.4878,-3.0164,10.414,27.921,-0.74848,-13.681,-9.7807,-4.1881
-11.168,-9.7024,1.1222,12.052,-6.887,-3.4983,10.266,28.396,-0.95998,-13.531,-9.3943,-4.3147
-13.015,-11.73,0.7674,13.993,-7.6157,-4.6478,10.045,28.984,-1.2289,-13.423,-9.2918,-4.8131
-13.882,-13.668,-0.46514,15.437,-7.2509,-6.1711,9.7776,29.483,-1.5571,-13.504,-9.601,-5.6562
-13.377,-15.034,-2.4386,15.958,-5.6509,-7.7587,9.4794,29.675,-1.951,-13.879,-10.359,-6.7714
-11.506,-15.66,-4.8802,15.468,-2.9945,-9.1786,9.1538,29.42,-2.4082,-14.574,-11.484,-8.0464
-8.7063,-15.688,-7.4468,14.226,0.23716,-10.318,8.8023,28.748,-2.9012,-15.51,-12.78,-9.3311
-5.7257,-15.446,-9.7829,12.742,3.3772,-11.169,8.4517,27.874,-3.3659,-16.504,-13.978,-10.444
-3.3737,-15.289,-11.557,11.572,5.7472,-11.776,8.1656,27.115,-3.7079,-17.306,-14.817,-11.194
-2.2783,-15.454,-12.477,11.132,6.8122,-12.162,8.0223,26.741,-3.8308,-17.684,-15.121,-11.426
-2.7442,-15.965,-12.31,11.571,6.2768,-12.271,8.0732,26.851,-3.6742,-17.514,-14.87,-11.082
-4.7193,-16.618,-10.925,12.763,4.125,-11.964,8.3146,27.35,-3.2383,-16.834,-14.202,-10.228
-7.8469,-17.072,-8.3701,14.377,0.62318,-11.094,8.6885,28.04,-2.5852,-15.831,-13.363,-9.0516
-11.577,-17.022,-4.9163,16.022,-3.7126,-9.6261,9.1031,28.747,-1.8192,-14.772,-12.611,-7.8123
-15.316,-16.396,-1.0467,17.412,-8.2137,-7.7122,9.4606,29.423,-1.0577,-13.902,-12.136,-6.7874
-18.57,-15.447,2.6153,18.454,-12.213,-5.6944,9.6834,30.166,-0.40218,-13.369,-12.004,-6.2036
-21.016,-14.645,5.4201,19.213,-15.178,-4.0308,9.7366,31.171,0.086803,-13.179,-12.158,-6.1738
-22.485,-14.425,6.8383,19.796,-16.748,-3.1622,9.636,32.637,0.40459,-13.21,-12.45,-6.6638
-22.888,-14.973,6.5969,20.245,-16.706,-3.3421,9.443,34.669,0.6032,-13.269,-12.699,-7.5104
-22.089,-16.106,4.756,20.434,-14.976,-4.5,9.2509,37.222,0.77747,-13.167,-12.747,-8.4765
-19.848,-17.239,1.7068,20.003,-11.65,-6.2151,9.1648,40.109,1.0389,-12.785,-12.505,-9.3095
-15.95,-17.557,-1.9169,18.438,-7.043,-7.8437,9.2733,43.061,1.4813,-12.102,-11.981,-9.7961
-10.478,-16.358,-5.3861,15.372,-1.7414,-8.7542,9.619,45.805,2.148,-11.195,-11.285,-9.8166
-4.0662,-13.43,-8.0289,10.927,3.4379,-8.5581,10.183,48.133,3.0201,-10.203,-10.586,-9.378
2.0631,-9.2874,-9.3517,5.9181,7.5754,-7.2473,10.903,49.977,4.0378,-9.2676,-10.038,-8.6002
6.411,-5.0401,-9.1369,1.6572,9.7984,-5.1939,11.706,51.461,5.1412,-8.4731,-9.7012,-7.6631
7.7449,-1.9611,-7.5151,-0.5855,9.5216,-3.0227,12.548,52.877,6.2978,-7.8153,-9.5253,-6.7533
5.5949,-1.0331,-4.9537,-0.098386,6.7357,-1.4051,13.406,54.544,7.4944,-7.2253,-9.3831,-6.0302
0.43889,-2.6388,-2.131,3.0456,2.1044,-0.84056,14.254,56.628,8.7108,-6.6319,-9.1505,-5.6023
-6.4445,-6.4144,0.25408,8.0443,-3.2233,-1.4835,15.044,59.056,9.9057,-6.0137,-8.7713,-5.507
-13.304,-11.251,1.6559,13.55,-7.9077,-3.0622,15.716,61.59,11.029,-5.4054,-8.2794,-5.7034
-18.285,-15.569,1.7957,17.991,-10.721,-4.9584,16.232,63.972,12.045,-4.871,-7.7793,-6.0852
-19.852,-17.903,0.70504,19.983,-10.861,-6.467,16.587,66.034,12.944,-4.4724,-7.4077,-6.5123
-17.241,-17.447,-1.3131,18.725,-8.1764,-7.0876,16.801,67.748,13.737,-4.247,-7.2875,-6.8533
-10.865,-14.336,-3.8042,14.374,-3.2267,-6.6958,16.904,69.229,14.45,-4.196,-7.4835,-7.0277
-2.3493,-9.5944,-6.3036,8.1551,2.845,-5.5561,16.908,70.692,15.112,-4.2826,-7.974,-7.0351
6.0285,-4.7142,-8.4323,1.8972,8.6439,-4.1932,16.808,72.39,15.749,-4.4433,-8.6527,-6.9562
12.145,-1.1642,-9.9336,-2.6635,12.91,-3.1799,16.594,74.526,16.372,-4.6071,-9.3628,-6.9178
14.642,0.017399,-10.67,-4.3811,14.814,-2.9297,16.28,77.198,16.99,-4.7182,-9.9526,-7.0405
13.151,-1.4959,-10.598,-2.9241,14.087,-3.5597,15.904,80.345,17.606,-4.7567,-10.331,-7.3973
8.2311,-5.2226,-9.7362,1.2113,11.012,-4.8509,15.496,83.744,18.22,-4.7483,-10.502,-7.9947
1.1481,-10.026,-8.1579,6.8812,6.2859,-6.3373,15.056,87.08,18.816,-4.756,-10.556,-8.7746
-6.5124,-14.555,-5.9844,12.685,0.79903,-7.4942,14.59,90.078,19.378,-4.8496,-10.627,-9.6307
-13.325,-17.786,-3.3862,17.451,-4.5889,-7.9315,14.14,92.659,19.914,-5.0662,-10.825,-10.435
-18.408,-19.334,-0.58135,20.581,-9.1978,-7.5195,13.804,95.014,20.494,-5.381,-11.183,-11.069
-21.565,-19.419,2.1633,22.098,-12.658,-6.4191,13.702,97.55,21.24,-5.7066,-11.634,-11.455
-23.103,-18.6,4.5404,22.438,-14.923,-5.0122,13.918,100.71,22.291,-5.9247,-12.036,-11.581
-23.441,-17.495,6.2378,22.088,-16.098,-3.7576,14.463,104.76,23.755,-5.9338,-12.228,-11.51
-22.856,-16.583,7.0014,21.38,-16.253,-3.0254,15.284,109.7,25.703,-5.6817,-12.092,-11.353
-21.485,-16.096,6.7047,20.502,-15.389,-2.9732,16.302,115.25,28.182,-5.1763,-11.591,-11.223
-19.411,-15.99,5.3977,19.497,-13.522,-3.5096,17.46,121.06,31.237,-4.4773,-10.778,-11.189
-16.693,-15.98,3.3157,18.252,-10.762,-4.3543,18.752,126.83,34.889,-3.6736,-9.7782,-11.258
-13.436,-15.718,0.84642,16.643,-7.3804,-5.1589,20.231,132.46,39.114,-2.8447,-8.7342,-11.367
-9.9474,-15.03,-1.5408,14.73,-3.8232,-5.6225,22.019,138.04,43.825,-2.0206,-7.7471,-11.417
-6.7369,-13.985,-3.3836,12.782,-0.65798,-5.5647,24.272,143.76,48.878,-1.1649,-6.8372,-11.302
-4.3468,-12.798,-4.3048,11.138,1.5619,-4.9652,27.1,149.81,54.084,-0.1965,-5.9466,-10.949
-3.1329,-11.689,-4.0723,10.047,2.4575,-3.9506,30.447,156.28,59.268,0.96471,-4.9754,-10.336
-3.1159,-10.728,-2.6509,9.5316,1.9458,-2.6767,34.074,163.12,64.314,2.361,-3.8255,-9.4949
-3.9641,-9.705,-0.22254,9.3214,0.26145,-1.1512,37.659,170.27,69.157,3.9984,-2.4273,-8.4812
-5.1383,-8.2364,2.8666,8.9797,-2.1405,0.78809,40.973,177.61,73.784,5.8744,-0.74979,-7.3592
-6.1332,-6.0821,6.2055,8.1674,-4.7501,3.224,43.984,185.03,78.247,7.9847,1.1862,-6.1952
-6.6812,-3.3885,9.378,6.8663,-7.1397,5.9358,46.818,192.49,82.637,10.292,3.2841,-5.0679
-6.823,-0.70423,11.972,5.4199,-9.0198,8.428,49.645,200.03,87.013,12.698,5.3645,-4.0749
-6.8304,1.2238,13.618,4.3757,-10.244,10.114,52.576,207.71,91.384,15.053,7.1982,-3.3226
-7.0376,1.7374,14.051,4.2419,-10.779,10.518,55.637,215.57,95.734,17.222,8.5743,-2.9004
-7.6554,0.50514,13.159,5.2763,-10.639,9.4367,58.795,223.54,100.04,19.16,9.3813,-2.8524
-8.6499,-2.3488,11.007,7.3721,-9.8475,7.0061,61.993,231.55,104.3,20.946,9.6674,-3.1609
-9.7495,-6.2662,7.8478,10.075,-8.4465,3.6689,65.182,239.49,108.51,22.758,9.6399,-3.7471
-10.565,-10.408,4.1015,12.722,-6.5432,0.057125,68.341,247.33,112.68,24.787,9.6014,-4.4877
-10.753,-13.884,0.29775,14.66,-4.3378,-3.1576,71.499,255.11,116.88,27.166,9.8481,-5.2394
-10.144,-15.98,-2.9926,15.445,-2.1117,-5.4063,74.73,262.96,121.21,29.925,10.562,-5.8666
-8.8037,-16.324,-5.2419,14.96,-0.16676,-6.3214,78.12,271.04,125.8,33.008,11.752,-6.2674
-6.9697,-14.959,-6.0906,13.383,1.2721,-5.7598,81.731,279.58,130.75,36.282,13.298,-6.3921
-4.8698,-12.219,-5.4712,11.011,2.1435,-3.7646,85.563,288.82,136.09,39.554,15.033,-6.2478
-2.6052,-8.5,-3.6343,8.0968,2.5543,-0.52903,89.543,299.07,141.8,42.624,16.771,-5.8892
-0.21744,-4.1926,-1.0499,4.8723,2.6947,3.6314,93.547,310.53,147.79,45.38,18.331,-5.3943
2.1923,0.31276,1.7506,1.6015,2.7308,8.3285,97.461,323.14,153.93,47.837,19.625,-4.8341
4.4304,4.7695,4.3039,-1.4841,2.7093,13.12,101.24,336.5,160.13,50.119,20.749,-4.2452
6.2743,9.23,6.2949,-4.325,2.4989,17.516,104.96,350.01,166.29,52.41,21.964,-3.6175
7.6076,13.812,7.6427,-7.1251,1.8295,21.134,108.75,363.15,172.33,54.882,23.589,-2.906
8.497,18.228,8.6078,-10.211,0.45118,23.92,112.72,375.65,178.22,57.627,25.848,-2.0654
8.9684,21.898,9.6893,-13.469,-1.6842,26.153,116.89,387.46,184.0,60.625,28.739,-1.088
8.7656,24.485,11.248,-16.055,-4.3509,28.269,121.16,398.73,189.7,63.763,31.985,-0.018978
7.6386,26.098,13.272,-17.176,-7.0209,30.686,125.33,409.59,195.34,66.864,35.155,1.0577
5.9778,27.325,15.422,-16.849,-8.8158,33.69,129.24,420.24,200.84,69.735,37.897,2.0508
5.1773,29.112,17.135,-16.115,-8.7392,37.339,132.8,430.97,206.15,72.229,40.109,2.8964
7.2549,32.277,17.785,-16.773,-6.0534,41.371,135.98,442.14,211.25,74.332,41.952,3.5907
13.251,36.804,17.08,-19.951,-0.64876,45.192,138.78,454.02,216.23,76.225,43.738,4.2269
21.766,41.751,15.392,-24.809,6.5744,48.168,141.2,466.58,221.23,78.261,45.749,5.0189
29.884,45.917,13.667,-29.348,13.829,50.043,143.29,479.44,226.45,80.838,48.069,6.29
34.764,48.524,13.096,-31.739,19.068,51.022,145.07,492.23,232.03,84.201,50.554,8.4153
34.577,49.418,14.704,-31.029,20.664,51.521,146.55,504.78,237.99,88.291,52.989,11.683
28.97,48.83,18.948,-27.302,17.865,51.959,147.76,516.91,244.15,92.758,55.311,16.036
18.987,47.234,25.684,-21.451,10.964,52.761,148.71,528.17,250.22,97.119,57.643,20.951
6.6958,45.518,34.512,-14.92,1.2079,54.367,149.39,538.19,255.96,100.99,60.09,25.813
-5.3428,44.822,44.775,-9.3758,-9.5028,57.096,149.83,546.99,261.29,104.27,62.635,30.351
-14.801,45.984,55.36,-6.1464,-19.053,61.023,150.09,554.97,266.27,107.16,65.31,34.634
-20.258,49.168,65.085,-5.7843,-25.76,66.019,150.26,562.66,271.05,110.08,68.35,38.858
-21.5,54.061,73.15,-8.1605,-29.057,71.838,150.43,570.44,275.79,113.55,72.149,43.174
-19.285,60.216,79.11,-12.799,-29.523,78.041,150.64,578.51,280.64,118.0,77.131,47.619
-14.678,67.065,83.133,-19.144,-28.26,84.02,150.83,586.86,285.58,123.62,83.555,52.186
-8.5266,73.756,85.986,-26.576,-26.18,89.224,150.89,595.17,290.44,130.3,91.219,56.965
-1.48,79.308,87.907,-34.074,-23.636,93.242,150.68,602.71,294.92,137.54,99.439,62.211
5.8523,83.128,87.982,-40.441,-20.707,95.701,150.08,608.69,298.77,144.73,107.35,68.053
13.024,85.337,84.865,-45.277,-17.422,96.227,149.0,612.77,301.9,151.42,114.23,73.875
20.157,86.668,78.136,-49.351,-13.547,94.646,147.36,615.07,304.41,157.49,119.9,78.765
28.121,88.09,68.724,-53.989,-8.7738,91.27,145.0,615.93,306.41,163.12,124.79,82.718
37.834,90.218,57.896,-60.133,-3.163,86.938,141.69,615.54,308.04,168.65,129.62,86.44
49.468,93.0,46.871,-67.737,2.9919,82.748,137.3,614.1,309.42,174.46,135.14,90.753
62.489,96.138,36.915,-75.89,9.6715,79.679,132.01,611.83,310.59,180.82,141.99,96.406
76.312,99.573,29.064,-83.591,17.608,78.252,126.14,608.72,311.56,187.77,150.57,103.88
90.108,103.27,23.605,-90.262,27.782,78.41,119.93,604.51,312.24,195.11,160.83,113.04
102.08,106.95,19.858,-95.701,37.913,79.618,113.41,598.78,312.56,202.59,172.21,123.1
110.96,110.2,16.718,-99.916,43.213,81.04,106.53,591.14,312.46,209.97,183.91,133.04
117.18,112.7,13.646,-103.02,44.222,81.688,99.1,581.32,312.01,217.22,195.25,142.18
122.13,114.38,10.874,-105.23,45.177,80.702,90.877,569.31,311.3,224.45,205.86,150.28
127.37,115.28,8.3715,-106.91,49.136,77.822,81.662,555.66,310.49,231.88,215.74,157.53
134.04,115.55,5.4697,-108.53,56.814,73.504,71.53,541.56,309.68,239.81,225.37,164.63
142.19,115.35,1.4356,-110.46,67.578,68.34,60.797,528.13,308.91,248.6,235.53,172.47
150.78,114.68,-4.3635,-112.73,80.154,62.564,49.789,515.62,308.17,258.41,246.88,181.6
158.48,113.17,-12.888,-114.97,92.704,56.094,38.683,503.37,307.42,269.04,259.57,191.67
164.26,110.4,-24.82,-116.42,103.46,48.95,27.561,490.15,306.63,280.03,273.05,201.72
167.55,106.19,-37.695,-116.34,111.49,41.471,16.583,474.78,305.79,290.91,286.36,210.88
168.46,100.84,-48.275,-114.67,116.85,33.975,6.0296,456.71,304.93,301.47,298.87,218.88
167.96,95.178,-56.512,-112.28,120.36,26.802,-4.0068,436.39,304.12,311.86,310.66,226.05
167.57,90.257,-63.602,-110.34,123.31,20.563,-13.811,415.11,303.39,322.5,322.27,232.88
168.63,86.837,-70.71,-109.67,127.04,15.52,-23.825,394.5,302.78,333.86,334.16,239.71
171.72,85.001,-78.734,-110.45,132.39,11.173,-34.306,375.66,302.33,346.06,346.37,246.61
176.43,84.073,-87.903,-112.25,139.15,6.9301,-45.207,358.6,302.08,358.71,358.46,253.39
181.51,82.839,-97.585,-114.16,146.09,2.6595,-56.36,342.56,301.98,370.97,369.94,259.89
185.6,80.019,-106.75,-115.17,152.12,-1.5595,-67.624,326.74,301.97,382.07,380.68,266.06
187.88,74.872,-114.62,-114.75,156.76,-5.7042,-78.747,310.67,301.99,391.84,390.97,271.96
188.24,67.678,-120.81,-113.08,159.94,-9.6759,-89.23,294.33,302.05,400.85,401.33,277.71
187.09,59.707,-125.21,-110.77,161.6,-13.163,-98.47,278.12,302.24,410.04,412.25,283.33
185.11,52.642,-127.81,-108.44,161.77,-15.76,-106.12,262.64,302.65,420.3,423.97,288.74
182.99,47.76,-128.77,-106.48,160.67,-17.203,-112.26,248.39,303.32,432.1,436.17,293.69
181.03,45.271,-128.38,-105.07,158.57,-17.533,-117.23,235.43,304.2,445.22,448.06,297.89
179.02,44.247,-126.96,-104.07,155.78,-17.082,-121.35,223.4,305.14,458.89,458.73,301.11
176.71,43.121,-124.94,-103.11,152.85,-16.348,-124.78,211.7,305.96,472.01,467.56,303.28
174.11,40.463,-122.83,-101.77,150.4,-15.781,-127.47,199.82,306.51,483.63,474.4,304.37
171.38,35.693,-120.87,-99.819,148.55,-15.57,-129.34,187.49,306.74,492.94,479.21,304.36
168.53,29.491,-118.86,-97.321,146.92,-15.522,-130.48,174.82,306.78,499.08,481.78,303.11
165.45,23.657,-116.2,-94.494,144.97,-15.201,-131.14,162.33,306.78,501.42,481.97,300.33
161.97,19.895,-112.17,-91.604,142.1,-14.184,-131.45,150.61,306.87,501.03,480.36,296.17
157.85,18.56,-106.18,-88.862,137.68,-12.284,-131.36,139.92,306.88,499.89,477.95,291.53
152.81,18.811,-98.2,-86.26,131.22,-9.6651,-130.76,130.04,305.58,497.9,474.63,286.97
146.51,19.289,-88.952,-83.454,122.74,-6.8269,-129.65,120.47,301.25,492.76,468.98,282.0
138.73,18.675,-79.669,-79.89,112.95,-4.4336,-128.16,110.77,293.6,483.05,460.11,275.9
129.7,16.241,-71.486,-75.16,103.04,-3.0723,-126.5,100.67,283.2,469.49,448.45,268.46
120.2,12.181,-65.089,-69.303,94.199,-3.0438,-124.83,90.169,270.72,453.54,434.88,259.81
111.28,7.3892,-60.819,-62.87,87.125,-4.2691,-123.29,79.443,256.78,436.09,420.11,250.22
103.79,2.8758,-58.764,-56.713,82.129,-6.3377,-121.88,68.693,241.9,417.58,404.59,239.91
98.14,-0.66388,-58.702,-51.578,79.185,-8.67,-120.53,57.937,226.52,398.26,388.55,228.97
94.216,-2.9683,-60.11,-47.626,77.86,-10.725,-119.13,46.989,210.95,378.3,371.93,217.48
91.421,-4.1829,-62.348,-44.296,77.359,-12.167,-117.53,35.815,195.41,357.81,354.57,205.62
88.925,-4.7466,-64.784,-40.684,76.852,-12.923,-115.54,24.998,180.09,336.84,336.34,193.73
85.724,-5.1775,-66.299,-36.023,75.739,-13.152,-113.04,15.663,165.17,315.74,317.41,182.34
80.754,-5.8352,-65.537,-29.883,73.611,-13.161,-109.93,8.6919,150.9,295.18,298.51,172.09
73.77,-6.7958,-63.089,-22.586,71.194,-13.295,-106.24,4.1657,137.54,275.85,280.68,163.41
66.412,-7.8768,-61.781,-15.699,70.011,-13.782,-102.09,1.5885,125.39,258.13,264.69,156.17
61.304,-8.7512,-62.603,-11.064,70.594,-14.625,-97.615,0.34051,114.66,242.11,250.73,149.85
59.556,-9.0845,-64.325,-9.2446,72.839,-15.582,-92.92,-0.1251,105.48,227.74,238.48,143.88
60.566,-8.6931,-65.483,-9.5641,75.918,-16.272,-88.033,-0.26162,97.666,214.72,227.34,137.89
62.654,-7.7032,-64.587,-10.823,78.226,-16.316,-82.943,-0.42166,90.684,202.48,216.66,131.75
63.35,-6.5577,-60.29,-11.665,77.548,-15.47,-77.661,-0.81905,83.89,190.3,206.09,125.75
60.002,-5.8204,-51.978,-10.85,71.798,-13.71,-72.263,-1.4942,76.821,177.64,195.54,120.21
51.006,-5.9254,-40.289,-7.677,60.063,-11.241,-66.912,-2.319,69.297,164.33,184.97,114.96
36.989,-6.9895,-26.944,-2.3751,43.193,-8.4083,-61.825,-3.0551,61.345,150.64,174.18,109.53
20.844,-8.7163,-14.045,3.941,23.689,-5.5767,-57.185,-3.4509,53.131,137.22,163.15,103.74
6.3324,-10.456,-3.617,9.7882,5.6347,-3.0394,-53.069,-3.3465,45.043,124.72,152.13,97.612
-3.5533,-11.448,2.893,13.804,-6.3755,-0.99318,-49.425,-2.754,37.651,113.38,141.31,91.23
-7.2856,-11.12,5.2801,15.0,-10.305,0.46188,-46.095,-1.8856,31.305,102.97,130.69,84.739
-5.0788,-9.2577,4.4284,13.018,-7.4852,1.3472,-42.86,-1.0907,25.918,92.913,120.07,78.244
1.1509,-6.0348,1.7017,8.3705,-1.1391,1.8467,-39.497,-0.70894,21.191,82.544,109.24,71.753
8.6716,-2.0408,-1.5145,2.3827,5.6048,2.2514,-35.828,-0.91856,16.901,71.455,98.11,65.339
15.136,1.8123,-4.0968,-3.2688,10.896,2.7867,-31.735,-1.6596,12.992,60.037,86.874,59.284
18.769,4.5512,-5.2313,-7.0249,13.663,3.4771,-27.217,-2.6585,9.527,49.528,76.021,53.946
18.378,5.4082,-4.5497,-7.7777,13.168,4.1342,-22.464,-3.537,6.5966,40.998,66.325,49.582
13.733,4.0121,-2.2742,-5.1664,9.4028,4.4411,-17.841,-3.9575,4.2488,34.436,58.509,46.271
5.6749,0.47021,0.83922,0.31202,3.198,4.0687,-13.679,-3.7444,2.4593,29.032,52.716,43.786
-4.0735,-4.6868,3.7346,7.475,-3.9106,2.7851,-10.104,-2.9385,1.1359,23.767,48.437,41.513
-13.422,-10.655,5.4369,14.87,-10.118,0.54606,-7.0823,-1.7744,0.14819,17.949,44.7,38.618
-20.521,-16.545,5.3641,21.176,-13.98,-2.4631,-4.5574,-0.59292,-0.63737,11.806,40.116,34.378
-24.236,-21.552,3.4237,25.454,-14.79,-5.8525,-2.5201,0.27602,-1.345,6.3659,33.081,28.58
-24.387,-25.057,0.015211,27.304,-12.674,-9.1147,-0.98149,0.62209,-2.0791,2.2185,23.395,22.045
-21.605,-26.708,-4.0499,26.847,-8.4501,-11.746,0.088696,0.42025,-2.9003,-1.0272,14.115,16.24
-16.875,-26.478,-7.7846,24.517,-3.3025,-13.351,0.79103,-0.16603,-3.796,-3.919,7.5301,11.768
-11.325,-24.598,-10.328,20.926,1.5014,-13.706,1.2782,-0.84304,-4.6788,-6.6145,3.1107,8.3867
-6.2057,-21.481,-11.151,16.837,4.8537,-12.786,1.7108,-1.2893,-5.4183,-8.9928,0.17545,5.8647
-2.6019,-17.71,-10.135,13.053,6.112,-10.785,2.2059,-1.2728,-5.8979,-10.89,-1.5181,4.123
-1.1154,-13.971,-7.5495,10.257,5.1843,-8.0953,2.8041,-0.74012,-6.0698,-12.23,-2.2028,3.0251
-1.8573,-10.926,-3.9255,8.9006,2.364,-5.2282,3.4666,0.16188,-5.9802,-13.069,-2.2662,2.3138
-4.534,-9.0892,0.080817,9.1287,-1.7753,-2.6993,4.0961,1.143,-5.7503,-13.602,-2.169,1.7056
-8.5105,-8.7103,3.7721,10.757,-6.4361,-0.92131,4.5718,1.8793,-5.5354,-14.11,-2.3253,0.98101
-12.917,-9.7319,6.49,13.339,-10.727,-0.12597,4.7914,2.1277,-5.4774,-14.865,-3.0411,-0.012694
-16.862,-11.828,7.7357,16.259,-13.811,-0.3574,4.7085,1.8071,-5.6634,-16.021,-4.4548,-1.3793
-19.588,-14.434,7.2704,18.848,-14.994,-1.4917,4.3552,1.0258,-6.0945,-17.542,-6.4783,-3.1313
-20.346,-16.805,5.1588,20.447,-13.818,-3.2288,3.8404,0.041468,-6.6781,-19.204,-8.7955,-5.135
-18.381,-18.16,1.7813,20.396,-10.157,-5.1085,3.3231,-0.83318,-7.2489,-20.686,-10.956,-7.1195
-13.338,-17.863,-2.1978,18.18,-4.3507,-6.5925,2.9706,-1.3416,-7.6168,-21.675,-12.533,-8.7568
-5.6994,-15.601,-5.9478,13.751,2.6134,-7.1894,2.9062,-1.3684,-7.6288,-21.976,-13.272,-9.778
3.1117,-11.583,-8.6108,7.7585,9.2966,-6.5931,3.1656,-0.96897,-7.224,-21.573,-13.175,-10.074
11.053,-6.6274,-9.4181,1.5354,14.207,-4.798,3.683,-0.33267,-6.4529,-20.627,-12.506,-9.7375
16.02,-1.967,-7.8539,-3.2583,16.087,-2.1275,4.3128,0.30623,-5.4473,-19.41,-11.682,-9.0153
16.483,1.1425,-3.8491,-5.1841,14.215,0.86527,4.8848,0.77234,-4.3528,-18.191,-11.1,-8.2058
12.008,1.8273,2.1475,-3.5263,8.6851,3.5731,5.2689,1.0207,-3.2705,-17.135,-10.979,-7.549
3.45,-0.11954,9.2827,1.4361,0.45585,5.4969,5.4267,1.1473,-2.2359,-16.245,-11.298,-7.159
-7.323,-4.1512,16.507,8.5126,-8.8899,6.3613,5.423,1.3397,-1.2274,-15.385,-11.824,-7.0051
-18.033,-9.126,22.789,16.024,-17.568,6.2196,5.3916,1.7923,-0.18004,-14.36,-12.21,-6.935
-26.617,-13.68,27.386,22.344,-24.058,5.4867,5.4769,2.6257,0.99338,-13.013,-12.13,-6.7413
-31.664,-16.673,30.123,26.295,-27.614,4.7811,5.7815,3.8323,2.3644,-11.291,-11.409,-6.2494
-32.845,-17.507,31.416,27.38,-28.42,4.6461,6.3307,5.2641,3.9467,-9.2723,-10.08,-5.3888
-30.932,-16.221,31.958,25.897,-27.176,5.3236,7.06,6.6688,5.67,-7.1422,-8.3814,-4.2268
-27.159,-13.418,32.339,22.711,-24.776,6.6758,7.832,7.7748,7.3848,-5.1398,-6.6828,-2.9558
-22.755,-10.035,32.829,18.879,-22.122,8.271,8.4819,8.4028,8.9068,-3.4817,-5.355,-1.8333
-18.809,-7.0349,33.29,15.416,-19.941,9.5899,8.8765,8.5497,10.09,-2.2925,-4.6329,-1.0897
-16.12,-5.1166,33.262,13.072,-18.566,10.245,8.9579,8.3855,10.888,-1.5624,-4.537,-0.84728
-14.874,-4.5104,32.288,12.073,-17.807,10.107,8.7547,8.1598,11.36,-1.1612,-4.8857,-1.0884
-14.523,-4.9313,30.154,12.047,-17.067,9.2869,8.3574,8.0795,11.626,-0.90264,-5.3915,-1.6815
-14.092,-5.738,26.917,12.237,-15.701,8.0435,7.878,8.2265,11.798,-0.61942,-5.7863,-2.437
-12.717,-6.229,22.874,11.869,-13.318,6.6841,7.4084,8.5322,11.943,-0.21314,-5.9096,-3.1685
-9.9859,-5.9348,18.441,10.474,-9.8864,5.4763,7.0015,8.8126,12.072,0.33288,-5.7337,-3.7334
-6.0217,-4.7888,13.995,8.0521,-5.7111,4.5787,6.674,8.8561,12.173,0.96873,-5.3358,-4.0483
-1.5021,-3.1288,9.8383,5.0784,-1.3957,3.992,6.4234,8.5379,12.236,1.6127,-4.8407,-4.0896
2.4613,-1.5596,6.2504,2.3684,2.2514,3.5449,6.2447,7.897,12.262,2.1948,-4.3576,-3.8852
4.6987,-0.7352,3.4899,0.81555,4.4316,2.9738,6.1301,7.1211,12.26,2.6887,-3.9416,-3.503
4.4322,-1.1352,1.7565,1.0606,4.6191,2.1028,6.0642,6.4522,12.233,3.1147,-3.591,-3.0323
1.5549,-2.9048,1.1093,3.2389,2.7656,0.93862,6.0192,6.0732,12.169,3.5178,-3.2684,-2.5695
-3.3364,-5.8068,1.3683,6.9276,-0.63605,-0.40796,5.9642,6.0366,12.056,3.9365,-2.9345,-2.2048
-9.1084,-9.2761,2.1082,11.289,-4.6758,-1.813,5.8712,6.2541,11.882,4.3746,-2.5797,-2.0071
-14.391,-12.576,2.7955,15.319,-8.2844,-3.1547,5.7169,6.5359,11.636,4.7879,-2.2424,-2.0096
-17.927,-15.014,2.9688,18.112,-10.522,-4.315,5.4835,6.6601,11.307,5.0911,-2.0014,-2.2055
-18.885,-16.118,2.3737,19.058,-10.812,-5.1851,5.1647,6.4529,10.878,5.1885,-1.9423,-2.5482
-17.057,-15.704,1.03,17.953,-9.0741,-5.6656,4.7776,5.8549,10.343,5.0199,-2.1131,-2.957
-12.888,-13.865,-0.78609,15.034,-5.7253,-5.6735,4.3675,4.944,9.7152,4.5983,-2.4912,-3.3295
-7.3245,-10.94,-2.6447,10.919,-1.5365,-5.1766,3.9945,3.8985,9.0249,4.0111,-2.9838,-3.5688
-1.5528,-7.4946,-4.1211,6.4697,2.5968,-4.253,3.7072,2.9181,8.2976,3.379,-3.4681,-3.6211
3.2948,-4.2378,-4.9465,2.5796,5.8777,-3.1185,3.5198,2.1454,7.5373,2.801,-3.8464,-3.503
6.4135,-1.8464,-5.0824,-0.044418,7.7821,-2.0824,3.4072,1.6277,6.7323,2.3244,-4.0841,-3.2963
7.4488,-0.77522,-4.6851,-1.0267,8.1401,-1.4407,3.323,1.3237,5.88,1.9502,-4.211,-3.1119
6.463,-1.1442,-3.9891,-0.35476,7.0932,-1.364,3.2265,1.1404,5.0103,1.6584,-4.2895,-3.0419
3.8366,-2.743,-3.1867,1.6763,4.9728,-1.845,3.1,0.97378,4.1848,1.4267,-4.3782,-3.128
0.13757,-5.1382,-2.3872,4.585,2.181,-2.7303,2.9516,0.73619,3.469,1.2313,-4.5114,-3.3577
-4.0257,-7.8455,-1.6444,7.8561,-0.87901,-3.8097,2.8046,0.37401,2.901,1.0423,-4.6962,-3.6797
-8.1272,-10.499,-1.0011,11.07,-3.8348,-4.9067,2.6825,-0.11585,2.4795,0.8338,-4.9133,-4.0244
-11.787,-12.923,-0.52697,13.961,-6.3703,-5.9366,2.6016,-0.67421,2.1777,0.6101,-5.1122,-4.3178
-14.75,-15.083,-0.34247,16.398,-8.2284,-6.9151,2.5742,-1.1839,1.9719,0.42937,-5.2035,-4.4835
-16.803,-16.987,-0.60779,18.289,-9.1852,-7.9149,2.6155,-1.5007,1.8573,0.39712,-5.0658,-4.4459
-17.723,-18.587,-1.4696,19.501,-9.0545,-8.9996,2.7424,-1.5085,1.8424,0.61865,-4.584,-4.1509
-17.312,-19.749,-2.9874,19.877,-7.7442,-10.165,2.9566,-1.1734,1.9266,1.1399,-3.7068,-3.5962
-15.509,-20.284,-5.0672,19.306,-5.3402,-11.309,3.2332,-0.56763,2.0819,1.9052,-2.4896,-2.8478
-12.515,-20.018,-7.4242,17.797,-2.1831,-12.245,3.5237,0.15241,2.2505,2.7624,-1.0984,-2.0304
-8.8555,-18.882,-9.5902,15.55,1.1211,-12.74,3.7768,0.804,2.3615,3.5048,0.22856,-1.2928
-5.3184,-16.988,-10.992,12.969,3.8161,-12.591,3.9651,1.2459,2.3603,3.9437,1.2527,-0.75868
-2.7031,-14.64,-11.134,10.567,5.2188,-11.703,4.1014,1.4292,2.2346,3.9894,1.8251,-0.4816
-1.5427,-12.262,-9.8243,8.7873,4.9661,-10.156,4.2301,1.4109,2.0169,3.6971,1.9576,-0.43018
-1.9651,-10.267,-7.2963,7.8746,3.1401,-8.2042,4.3973,1.3256,1.7611,3.242,1.8229,-0.51611
-3.695,-8.9303,-4.1482,7.8467,0.22699,-6.2224,4.6188,1.3258,1.5096,2.8256,1.6657,-0.64489
-6.0799,-8.2973,-1.1896,8.4672,-2.925,-4.5912,4.8644,1.5108,1.2679,2.5728,1.6713,-0.76045
-8.1183,-8.1307,0.77921,9.2062,-5.2173,-3.5721,5.0627,1.8776,0.99877,2.4769,1.8729,-0.86741
-8.6479,-7.9469,1.1996,9.319,-5.6546,-3.2225,5.1242,2.3143,0.63746,2.4124,2.141,-1.0262
-6.7315,-7.2256,-0.083643,8.1184,-3.7047,-3.4006,4.9739,2.6441,0.12297,2.2006,2.245,-1.3259
-2.1178,-5.7074,-2.7684,5.3292,0.50894,-3.8606,4.5858,2.6998,-0.56847,1.6948,1.9514,-1.846
4.4057,-3.561,-6.1779,1.3402,6.1365,-4.3753,4.0017,2.3921,-1.4063,0.84363,1.123,-2.6197
11.131,-1.3437,-9.4743,-2.8201,11.779,-4.82,3.3211,1.7382,-2.3144,-0.29771,-0.2201,-3.6129
16.049,0.17298,-11.91,-5.8217,15.931,-5.2015,2.6678,0.84819,-3.201,-1.6015,-1.9064,-4.7283
17.557,0.25449,-13.014,-6.5119,17.459,-5.6444,2.1492,-0.11459,-3.9884,-2.9082,-3.6715,-5.8339
14.948,-1.554,-12.688,-4.3051,15.907,-6.3351,1.8262,-0.97911,-4.6293,-4.0565,-5.2314,-6.7931
8.5683,-5.2687,-11.191,0.63772,11.587,-7.4236,1.7021,-1.6068,-5.105,-4.9099,-6.355,-7.4918
-0.31919,-10.426,-9.0399,7.4613,5.4579,-8.9278,1.732,-1.9206,-5.418,-5.3861,-6.9241,-7.8638
-9.9018,-16.167,-6.8279,14.852,-1.153,-10.692,1.8418,-1.9219,-5.587,-5.4821,-6.9613,-7.9086
-18.325,-21.437,-5.038,21.4,-6.9413,-12.423,1.9547,-1.6902,-5.6456,-5.2839,-6.6164,-7.6888
-24.19,-25.264,-3.9114,25.994,-10.989,-13.773,2.0237,-1.3603,-5.6379,-4.9513,-6.1111,-7.3072
-26.896,-27.03,-3.4001,28.087,-12.967,-14.437,2.0576,-1.077,-5.6082,-4.6662,-5.6597,-6.8757
-26.684,-26.622,-3.2121,27.74,-13.124,-14.222,2.117,-0.94297,-5.5872,-4.5648,-5.3966,-6.4863
-24.304,-24.367,-2.9635,25.434,-12.081,-13.091,2.276,-0.98409,-5.5862,-4.6912,-5.3377,-6.1891
-20.639,-20.822,-2.3728,21.849,-10.503,-11.172,2.5805,-1.1434,-5.5976,-4.9895,-5.3847,-5.9832
-16.57,-16.651,-1.3713,17.768,-8.8893,-8.7398,3.031,-1.3061,-5.5998,-5.3294,-5.3686,-5.8194
-12.881,-12.536,-0.10514,13.939,-7.5263,-6.1668,3.5882,-1.3475,-5.5661,-5.5547,-5.1229,-5.617
-10.023,-9.0609,1.1215,10.849,-6.4809,-3.8555,4.1857,-1.1866,-5.4753,-5.5406,-4.5587,-5.2958
-7.9783,-6.574,1.9393,8.6221,-5.5879,-2.1489,4.7456,-0.82146,-5.3208,-5.2405,-3.7101,-4.8124
-6.4263,-5.139,2.0344,7.1342,-4.5398,-1.2535,5.1946,-0.33195,-5.1133,-4.7059,-2.7322,-4.1852
-5.0397,-4.6172,1.2587,6.1957,-3.0868,-1.2162,5.476,0.15126,-4.8808,-4.0741,-1.8547,-3.4975
-3.701,-4.8165,-0.30598,5.6813,-1.2208,-1.9432,5.558,0.49854,-4.6611,-3.5222,-1.3054,-2.8775
-2.5689,-5.5579,-2.3435,5.5767,0.76204,-3.2105,5.4468,0.63498,-4.4864,-3.2005,-1.2258,-2.4556
-2.0059,-6.6552,-4.3559,5.9414,2.3408,-4.6831,5.1999,0.57587,-4.3634,-3.165,-1.6109,-2.314
-2.39,-7.9019,-5.7722,6.8205,2.96,-5.9786,4.9227,0.42323,-4.263,-3.3451,-2.2979,-2.4508
-3.9079,-9.0832,-6.1195,8.1656,2.2555,-6.7614,4.7376,0.3206,-4.1324,-3.5671,-3.0169,-2.7796
-6.441,-10.003,-5.2033,9.81,0.21991,-6.8323,4.7363,0.38701,-3.9226,-3.6333,-3.4896,-3.1662
-9.5565,-10.511,-3.2009,11.484,-2.7571,-6.1827,4.9419,0.66277,-3.6165,-3.4136,-3.5368,-3.4807
-12.564,-10.51,-0.61969,12.835,-5.971,-4.987,5.2997,1.0913,-3.2406,-2.902,-3.1449,-3.6406
-14.655,-9.9284,1.8656,13.461,-8.5921,-3.5317,5.7032,1.5442,-2.8553,-2.2104,-2.4626,-3.6297
-15.139,-8.732,3.6341,13.022,-9.9212,-2.1145,6.0393,1.8773,-2.5286,-1.5181,-1.732,-3.4908
-13.726,-6.9772,4.3135,11.414,-9.618,-0.96095,6.2311,1.9926,-2.3107,-1.0058,-1.1963,-3.2969
-10.678,-4.8737,3.8721,8.8828,-7.8121,-0.18627,6.2604,1.8761,-2.2215,-0.7979,-1.0268,-3.1193
-6.7352,-2.7694,2.591,5.9787,-5.0424,0.19724,6.166,1.5981,-2.2516,-0.9231,-1.284,-3.0014
-2.8362,-1.0509,0.93609,3.3538,-2.0424,0.24067,6.0229,1.2808,-2.3704,-1.3027,-1.8994,-2.9424
0.1968,-0.025227,-0.63431,1.5344,0.51054,0.0070126,5.9122,1.048,-2.5359,-1.782,-2.6871,-2.9004
1.875,0.13823,-1.8336,0.7877,2.1689,-0.47121,5.8864,0.97236,-2.71,-2.2056,-3.407,-2.8237
2.1033,-0.58605,-2.6059,1.1247,2.8011,-1.2057,5.9454,1.0431,-2.8765,-2.4955,-3.869,-2.6968
1.1094,-2.0862,-3.0883,2.3637,2.5804,-2.2298,6.0371,1.1677,-3.0501,-2.6841,-4.0197,-2.5663
-0.70324,-4.1532,-3.5066,4.2111,1.8536,-3.5586,6.0797,1.2058,-3.2683,-2.8937,-3.9651,-2.535
-2.926,-6.567,-4.0479,6.3708,0.95446,-5.1724,5.9955,1.0224,-3.5716,-3.28,-3.9226,-2.7258
-5.2821,-9.1841,-4.7895,8.6559,0.076603,-7.0254,5.7405,0.53826,-3.9821,-3.9671,-4.1282,-3.2344
-7.6706,-11.961,-5.7008,11.024,-0.73788,-9.052,5.3211,-0.24283,-4.4935,-4.9973,-4.7389,-4.0901
-10.088,-14.882,-6.6796,13.497,-1.5224,-11.154,4.7924,-1.2356,-5.0718,-6.312,-5.7675,-5.2372
-12.481,-17.842,-7.6052,16.02,-2.2835,-13.185,4.2407,-2.2952,-5.6628,-7.7638,-7.0731,-6.5406
-14.625,-20.579,-8.4038,18.361,-2.9256,-14.968,3.7565,-3.2514,-6.2012,-9.1552,-8.4046,-7.8134
-16.134,-22.715,-9.0948,20.14,-3.2405,-16.338,3.4073,-3.9497,-6.6228,-10.296,-9.4855,-8.8608
-16.573,-23.873,-9.7807,20.961,-2.9707,-17.194,3.2179,-4.2942,-6.8781,-11.063,-10.109,-9.5284
-15.641,-23.811,-10.574,20.553,-1.9228,-17.514,3.1655,-4.2772,-6.9451,-11.429,-10.202,-9.739
-13.325,-22.528,-11.504,18.895,-0.088399,-17.328,3.1909,-3.9826,-6.8368,-11.475,-9.8398,-9.5061
-9.9713,-20.257,-12.457,16.25,2.2822,-16.682,3.2239,-3.5547,-6.595,-11.347,-9.2039,-8.9224
-6.2046,-17.377,-13.185,13.089,4.7181,-15.611,3.2129,-3.1453,-6.2802,-11.201,-8.5065,-8.132
-2.7323,-14.309,-13.394,9.9441,6.7011,-14.16,3.1467,-2.8581,-5.957,-11.146,-7.9175,-7.298
-0.11877,-11.425,-12.869,7.275,7.8854,-12.41,3.0561,-2.716,-5.6812,-11.211,-7.5162,-6.5753
1.3678,-8.9943,-11.581,5.355,8.1558,-10.495,2.9966,-2.6644,-5.4921,-11.349,-7.2887,-6.0892
1.8133,-7.1274,-9.7626,4.2105,7.5295,-8.609,3.0179,-2.6058,-5.411,-11.485,-7.1671,-5.9194
1.6527,-5.7818,-7.9133,3.6287,6.2678,-6.9867,3.1332,-2.4562,-5.4478,-11.555,-7.0896,-6.091
1.5624,-4.8439,-6.6999,3.2424,5.0805,-5.8776,3.3096,-2.1934,-5.6037,-11.544,-7.0461,-6.5749
2.2181,-4.2298,-6.7234,2.6909,4.8682,-5.4925,3.4882,-1.8711,-5.8625,-11.467,-7.0823,-7.2951
4.0213,-3.9183,-8.2663,1.7809,6.22,-5.921,3.6187,-1.5876,-6.179,-11.349,-7.2621,-8.1388
6.896,-3.9184,-11.153,0.56145,9.1418,-7.0753,3.6829,-1.4313,-6.4807,-11.2,-7.6201,-8.9731
10.249,-4.2269,-14.769,-0.70556,13.028,-8.6991,3.6985,-1.438,-6.6876,-11.022,-8.1328,-9.6687
13.173,-4.8001,-18.236,-1.6579,16.832,-10.427,3.7056,-1.5734,-6.7369,-10.811,-8.7193,-10.125
14.798,-5.5426,-20.696,-1.976,19.442,-11.861,3.7505,-1.7379,-6.5956,-10.554,-9.2595,-10.283
14.582,-6.3129,-21.551,-1.4946,20.084,-12.652,3.8722,-1.7854,-6.2588,-10.213,-9.6163,-10.122
12.453,-6.9489,-20.584,-0.25341,18.53,-12.57,4.0936,-1.5581,-5.7393,-9.7224,-9.6554,-9.6486
8.8184,-7.2981,-17.96,1.5033,15.097,-11.561,4.414,-0.94083,-5.0598,-9.005,-9.2752,-8.8869
4.4659,-7.2287,-14.147,3.3611,10.52,-9.7445,4.8047,0.084747,-4.2536,-8.0159,-8.4427,-7.8825
0.36147,-6.6184,-9.7923,4.8203,5.7403,-7.3693,5.213,1.4135,-3.3702,-6.7815,-7.2219,-6.708
-2.6411,-5.3669,-5.554,5.4483,1.6131,-4.7236,5.5753,2.8359,-2.4771,-5.4149,-5.7747,-5.4622
-4.0824,-3.4711,-1.9452,5.0538,-1.3335,-2.0582,5.8355,4.0964,-1.653,-4.096,-4.3288,-4.2602
-4.0486,-1.1243,0.78544,3.7904,-3.0089,0.43637,5.9597,4.9726,-0.97452,-3.0215,-3.1197,-3.2151
-3.1239,1.2451,2.6754,2.145,-3.7091,2.5883,5.9433,5.3454,-0.49899,-2.3438,-2.3255,-2.4186
-2.1627,3.0536,3.906,0.81553,-3.9313,4.1924,5.8105,5.236,-0.25034,-2.1212,-2.0151,-1.9221
-1.98,3.7336,4.6208,0.49983,-4.1451,5.025,5.6091,4.7923,-0.21318,-2.2958,-2.131,-1.7204
-3.0947,2.9161,4.8775,1.6563,-4.6622,4.9252,5.4039,4.2306,-0.33652,-2.7134,-2.5141,-1.7447
-5.6207,0.54255,4.6916,4.351,-5.6037,3.8623,5.2625,3.7565,-0.54842,-3.1844,-2.9667,-1.8768
-9.2747,-3.1201,4.0733,8.2521,-6.8859,1.949,5.2359,3.4959,-0.77771,-3.5568,-3.329,-1.9848
-13.455,-7.5288,3.0523,12.739,-8.2534,-0.5637,5.34,3.4645,-0.97468,-3.7665,-3.5389,-1.9697
-17.389,-11.959,1.7182,17.053,-9.3895,-3.2863,5.5466,3.5762,-1.1235,-3.8471,-3.6488,-1.8058
-20.337,-15.632,0.26899,20.441,-10.047,-5.7294,5.7893,3.684,-1.2434,-3.9041,-3.7979,-1.557
-21.777,-17.86,-0.98738,22.302,-10.126,-7.4073,5.9824,3.6338,-1.378,-4.0687,-4.1495,-1.3576
-21.537,-18.194,-1.7254,22.328,-9.6742,-7.965,6.0472,3.3186,-1.5749,-4.4487,-4.8189,-1.3583
-19.786,-16.57,-1.7513,20.588,-8.8169,-7.279,5.9375,2.7207,-1.863,-5.0856,-5.8264,-1.6641
-16.93,-13.381,-1.1099,17.509,-7.6752,-5.5118,5.6573,1.9289,-2.2362,-5.9224,-7.0763,-2.2946
-13.441,-9.3589,-0.086024,13.721,-6.3011,-3.0905,5.2655,1.1211,-2.6452,-6.7984,-8.3636,-3.1704
-9.6969,-5.2957,0.88862,9.8318,-4.665,-0.58749,4.8664,0.51122,-3.0004,-7.4878,-9.4147,-4.1166
-5.9185,-1.8014,1.3855,6.2618,-2.7021,1.4666,4.5815,0.27595,-3.1956,-7.7764,-9.9706,-4.8952
-2.2634,0.77805,1.1379,3.2455,-0.40949,2.7426,4.5062,0.48958,-3.1505,-7.5461,-9.8848,-5.2841
1.0355,2.3346,0.14997,0.93188,2.0466,3.1797,4.6697,1.0921,-2.8515,-6.8302,-9.188,-5.1702
3.6,2.9452,-1.2864,-0.54472,4.2841,2.9562,5.0201,1.9072,-2.366,-5.8141,-8.084,-4.5978
4.9657,2.7951,-2.6755,-1.0587,5.7702,2.3884,5.4411,2.7062,-1.8211,-4.776,-6.8766,-3.7483
4.7422,2.084,-3.4843,-0.53112,5.9996,1.7972,5.7932,3.2969,-1.3575,-3.9866,-5.8627,-2.8703
2.7872,0.96697,-3.3507,1.0194,4.7151,1.3948,5.9669,3.6016,-1.0795,-3.6091,-5.2349,-2.1954
-0.68597,-0.44401,-2.2387,3.4378,2.0544,1.235,5.9266,3.6898,-1.0209,-3.6403,-5.024,-1.8676
-5.098,-2.0716,-0.46199,6.4178,-1.4518,1.2206,5.7268,3.7439,-1.1336,-3.9205,-5.0976,-1.9069
-9.5974,-3.8433,1.4215,9.5092,-5.0149,1.1558,5.4939,3.9742,-1.3063,-4.2078,-5.221,-2.2191
-13.26,-5.5999,2.8006,12.175,-7.8092,0.85693,5.3798,4.5238,-1.4085,-4.2821,-5.1564,-2.6439
-15.366,-7.0787,3.2258,13.941,-9.2204,0.25791,5.5058,5.4027,-1.3429,-4.0349,-4.7619,-3.0217
-15.653,-8.0638,2.5587,14.587,-9.0446,-0.59097,5.9122,6.4601,-1.0891,-3.5134,-4.055,-3.2565
-14.413,-8.5341,1.0053,14.24,-7.5548,-1.5824,6.5349,7.407,-0.71896,-2.9058,-3.2155,-3.3503
-12.34,-8.6608,-0.95539,13.303,-5.3874,-2.5815,7.2259,7.906,-0.36893,-2.4661,-2.5152,-3.3863
-10.227,-8.6666,-2.7314,12.246,-3.2877,-3.4254,7.8184,7.7333,-0.17271,-2.3978,-2.1895,-3.4601
-8.703,-8.6641,-3.8259,11.41,-1.8507,-3.9467,8.2056,6.9359,-0.1919,-2.749,-2.3079,-3.601
-8.0584,-8.6072,-4.0032,10.916,-1.3601,-4.0316,8.3841,5.8439,-0.38927,-3.3819,-2.7249,-3.7528
-8.1918,-8.3686,-3.3466,10.677,-1.7373,-3.673,8.4351,4.8927,-0.65912,-4.0401,-3.1576,-3.8254
-8.6925,-7.854,-2.2123,10.484,-2.5908,-2.9935,8.4631,4.3982,-0.88743,-4.4715,-3.3393,-3.7665
-9.0415,-7.0914,-1.1088,10.136,-3.3671,-2.2346,8.5346,4.4342,-1.0068,-4.5485,-3.1573,-3.6108
-8.8349,-6.2648,-0.54328,9.5612,-3.5547,-1.709,8.6422,4.8288,-1.0261,-4.329,-2.7122,-3.4826
-7.9207,-5.657,-0.87922,8.8416,-2.844,-1.7095,8.7095,5.2409,-1.0262,-4.0261,-2.2827,-3.5553
-6.3984,-5.5235,-2.2384,8.1436,-1.1916,-2.4007,8.629,5.2946,-1.1226,-3.9103,-2.2047,-3.9821
-4.5254,-5.9635,-4.4565,7.6113,1.187,-3.7364,8.3207,4.7368,-1.4066,-4.1942,-2.7168,-4.8193
-2.6191,-6.8531,-7.1049,7.2918,3.8647,-5.4457,7.7889,3.5597,-1.8912,-4.9328,-3.8435,-5.9722
-0.98828,-7.8823,-9.6035,7.1338,6.31,-7.113,7.1379,2.0261,-2.4937,-5.9734,-5.3551,-7.1831
0.1233,-8.6851,-11.408,7.047,8.045,-8.3268,6.5253,0.56849,-3.0699,-7.002,-6.8317,-8.0975
0.582,-9.0078,-12.179,6.9708,8.7803,-8.8306,6.086,-0.39356,-3.4767,-7.6786,-7.8297,-8.4041
0.37715,-8.8269,-11.87,6.9141,8.4636,-8.6079,5.8773,-0.61925,-3.6322,-7.7879,-8.0673,-7.9737
-0.4056,-8.3398,-10.712,6.9552,7.2454,-7.8667,5.8648,-0.12707,-3.5463,-7.3298,-7.5371,-6.9194
-1.6344,-7.8582,-9.1294,7.2176,5.4282,-6.9428,5.9408,0.81933,-3.3143,-6.5191,-6.5067,-5.56
-3.1153,-7.6573,-7.6228,7.7811,3.4818,-6.1614,5.9656,1.8087,-3.0752,-5.7002,-5.4147,-4.307
-4.4357,-7.7715,-6.6337,8.4948,2.0415,-5.7047,5.8251,2.4378,-2.9516,-5.2111,-4.6998,-3.52
-4.8998,-7.8781,-6.428,8.8708,1.7182,-5.5374,5.4867,2.4676,-2.9967,-5.2525,-4.6337,-3.3876
-3.8178,-7.4608,-7.0176,8.3172,2.8344,-5.4382,5.0218,1.9089,-3.1771,-5.8085,-5.2258,-3.8745
-0.96999,-6.1426,-8.1528,6.5238,5.2767,-5.1364,4.575,0.99573,-3.3955,-6.6599,-6.2316,-4.751
3.1451,-3.9456,-9.4069,3.6973,8.4674,-4.4636,4.2985,0.069943,-3.5409,-7.485,-7.266,-5.6947
7.4054,-1.3469,-10.32,0.56141,11.473,-3.4425,4.2855,-0.56039,-3.5378,-7.9979,-7.968,-6.4111
10.419,0.89548,-10.519,-1.872,13.267,-2.2769,4.5365,-0.7239,-3.3747,-8.0506,-8.1336,-6.7209
10.986,2.0351,-9.7832,-2.6667,13.052,-1.2488,4.9631,-0.42925,-3.1046,-7.6629,-7.7625,-6.6002
8.5158,1.6085,-8.0684,-1.3057,10.519,-0.57891,5.4244,0.15162,-2.8225,-6.9899,-7.0281,-6.1814
3.2367,-0.38421,-5.5352,2.1184,5.9569,-0.32433,5.7761,0.75686,-2.6272,-6.2564,-6.1927,-5.6949
-3.8741,-3.4542,-2.5272,6.9251,0.17026,-0.36334,5.9189,1.1389,-2.5817,-5.6812,-5.4959,-5.3595
-11.376,-6.7721,0.49417,12.048,-5.7415,-0.45218,5.8308,1.1543,-2.6876,-5.4042,-5.065,-5.2908
-17.755,-9.4322,3.0586,16.35,-10.652,-0.31184,5.5686,0.8044,-2.8878,-5.4371,-4.8875,-5.4778
-21.821,-10.735,4.8132,18.971,-13.681,0.29529,5.2397,0.22456,-3.0918,-5.6627,-4.839,-5.8061
-23.026,-10.376,5.6186,19.573,-14.406,1.5113,4.9559,-0.3829,-3.2104,-5.8919,-4.745,-6.108
-21.538,-8.5308,5.588,18.357,-12.927,3.3375,4.8013,-0.81626,-3.1823,-5.9465,-4.4441,-6.2245
-18.022,-5.8088,5.0839,15.872,-9.7821,5.6296,4.8235,-0.93271,-2.9824,-5.7119,-3.8301,-6.0456
-13.355,-2.8985,4.6672,12.749,-5.8076,8.2318,5.0454,-0.68079,-2.6118,-5.1461,-2.8675,-5.5186
-8.4873,-0.078987,4.9778,9.4938,-1.9978,11.17,5.4762,-0.10418,-2.0787,-4.2686,-1.5904,-4.6427
-4.3034,2.9116,6.5523,6.4352,0.724,14.734,6.1143,0.67858,-1.3881,-3.1496,-0.095729,-3.4689
-1.4338,6.6021,9.6527,3.7638,1.7795,19.331,6.9418,1.5061,-0.55062,-1.9008,1.4679,-2.1017
-0.19277,11.481,14.193,1.5848,1.0215,25.125,7.9205,2.2099,0.40065,-0.6583,2.9196,-0.69085
-0.62183,17.706,19.78,-0.03719,-1.3511,31.766,8.9971,2.6546,1.4018,0.4457,4.0741,0.59417
-2.5087,24.67,25.828,-1.0588,-4.8705,38.462,10.119,2.782,2.3706,1.3207,4.7852,1.6033
-5.404,31.086,31.697,-1.4558,-8.8666,44.39,11.256,2.642,3.2376,1.9546,5.0146,2.2499
-8.6855,36.019,36.85,-1.2771,-12.593,49.116,12.424,2.3951,3.9815,2.4312,4.8996,2.5439
-11.64,39.628,40.97,-0.81916,-15.387,52.742,13.685,2.2699,4.6475,2.9079,4.7498,2.592
-13.563,42.982,44.01,-0.74496,-16.801,55.678,15.114,2.4812,5.3342,3.5599,4.9408,2.5643
-13.938,47.32,46.141,-1.9354,-16.681,58.299,16.738,3.141,6.1561,4.5256,5.7838,2.6521
-12.622,53.194,47.627,-5.2186,-15.188,60.731,18.472,4.2044,7.2038,5.8852,7.4683,3.0436
-9.9143,60.067,48.682,-11.07,-12.748,62.901,20.094,5.472,8.5122,7.6614,10.079,3.9218
-6.4422,66.879,49.448,-19.061,-9.9498,64.803,21.28,6.6521,10.038,9.8067,13.551,5.4633
-2.9608,72.959,50.112,-27.565,-7.3932,66.737,21.728,7.4671,11.661,12.173,17.471,7.7697
-0.13912,78.092,50.974,-34.845,-5.5468,69.112,21.379,7.7702,13.231,14.548,21.139,10.735
1.6644,82.264,52.36,-40.298,-4.6233,72.12,20.62,7.6136,14.682,16.828,24.151,14.104
2.5963,85.833,54.451,-44.479,-4.5232,75.797,20.193,7.227,16.091,19.167,26.754,17.78
3.2821,89.55,57.19,-48.539,-4.8866,80.206,20.687,6.8934,17.661,21.939,29.594,21.91
4.5227,94.151,60.32,-53.549,-5.256,85.457,21.939,6.8096,19.603,25.502,33.233,26.652
6.9008,99.968,63.549,-59.916,-5.2845,91.59,22.912,6.9966,22.001,29.907,37.762,31.924
10.505,106.79,66.685,-67.214,-4.8925,98.344,22.382,7.2791,24.69,34.742,42.752,37.416
14.867,113.9,69.69,-74.551,-4.3095,105.09,19.717,7.341,27.21,39.305,47.579,42.781
19.103,120.49,72.841,-80.968,-3.9802,111.28,14.841,6.8674,28.942,42.961,51.75,47.781
22.273,126.05,76.824,-85.743,-4.3628,116.67,7.8172,5.7311,29.45,45.411,55.066,52.338
23.871,130.43,82.171,-88.702,-5.7217,120.87,-1.0985,4.1019,28.812,46.767,57.703,56.582
24.116,133.9,88.108,-90.276,-8.0195,123.54,-11.181,2.3714,27.591,47.478,60.034,60.771
23.758,137.2,93.111,-91.182,-10.905,125.75,-21.507,0.95116,26.42,48.088,62.271,65.0
23.644,140.84,96.737,-91.982,-13.762,129.02,-31.356,0.098018,25.633,48.947,64.307,69.051
24.367,144.6,99.048,-92.835,-15.837,133.18,-39.823,-0.1604,25.214,50.103,65.923,72.551
26.086,147.36,99.422,-93.557,-16.432,136.46,-45.296,-0.019448,24.91,51.333,67.01,75.221
28.498,147.52,96.737,-93.795,-15.107,136.36,-46.927,0.17439,24.33,52.222,67.507,76.935
30.966,143.78,90.139,-93.103,-11.802,131.22,-46.324,0.055673,23.108,52.273,67.272,77.638
32.776,135.83,79.666,-91.058,-6.8628,120.86,-45.66,-0.61171,21.068,51.097,66.17,77.297
33.46,124.61,66.392,-87.43,-1.0213,106.49,-45.705,-1.8364,18.323,48.572,64.22,75.953
32.98,111.94,52.38,-82.277,4.7261,90.463,-46.193,-3.399,15.246,44.895,61.597,73.804
31.651,99.749,40.04,-76.056,9.3502,75.819,-46.586,-4.9592,12.309,40.552,58.523,71.213
29.828,89.901,31.236,-69.69,12.028,65.26,-46.372,-6.2011,9.8793,36.251,55.287,68.613
27.599,83.829,26.688,-64.105,12.326,59.887,-45.28,-6.9671,8.0991,32.716,52.417,66.372
24.755,81.189,25.609,-59.499,10.307,58.753,-43.405,-7.3191,6.8616,30.196,50.314,64.587
20.95,79.685,25.937,-55.226,6.5116,59.191,-41.098,-7.5358,5.8659,28.126,48.589,63.011
15.961,76.517,25.221,-50.131,1.8087,58.065,-38.787,-8.0416,4.748,25.507,46.194,61.156
9.9161,69.916,22.342,-42.925,-2.8381,53.81,-36.859,-9.2758,3.2623,21.726,41.963,58.371
3.3286,59.69,18.467,-32.923,-6.5984,46.826,-35.536,-11.55,1.3602,17.021,35.241,54.054
-3.0782,46.941,14.574,-20.922,-8.9511,37.136,-34.793,-14.948,-0.88818,12.097,26.738,48.054
-8.556,33.197,10.459,-9.0466,-9.7529,25.562,-34.413,-19.3,-3.3827,7.4605,18.317,40.907
-12.434,20.219,6.1146,0.64651,-9.1717,15.496,-34.156,-24.24,-6.0284,3.3259,11.343,33.523
-14.227,9.8581,2.0446,7.1097,-7.5381,8.5157,-33.949,-29.321,-8.7639,-0.21019,6.0972,26.637
-13.767,3.1,-1.1593,10.196,-5.2197,4.2708,-33.984,-34.166,-11.582,-3.1118,2.3777,20.568
-11.302,-0.21859,-3.1803,10.327,-2.5688,2.0605,-34.55,-38.588,-14.512,-5.4074,-0.1431,15.33
-7.4713,-0.93815,-4.0952,8.3206,0.09716,1.1567,-35.666,-42.59,-17.58,-7.1865,-1.8037,10.775
-3.1246,-0.085879,-4.3001,5.2185,2.5275,0.97401,-37.036,-46.279,-20.792,-8.5774,-2.8648,6.7463
0.9438,1.4049,-4.2891,2.0324,4.5887,1.0969,-38.422,-49.752,-24.168,-9.7467,-3.5559,3.2499
4.2025,2.6988,-4.4868,-0.46042,6.3048,1.1646,-39.794,-53.036,-27.738,-10.909,-4.1698,0.45418
6.4126,3.0639,-5.2187,-1.803,7.8063,0.75384,-41.174,-56.061,-31.4,-12.23,-4.9531,-1.6388
7.5265,2.0919,-6.6438,-1.8549,9.1831,-0.46686,-42.5,-58.682,-34.828,-13.695,-5.9336,-3.2694
7.5863,-0.12838,-8.6502,-0.74491,10.373,-2.4758,-43.628,-60.722,-37.636,-15.103,-6.9314,-4.6363
6.6654,-3.1033,-10.842,1.2219,11.156,-4.907,-44.4,-62.003,-39.554,-16.196,-7.688,-5.7839
4.8354,-6.2251,-12.659,3.6932,11.219,-7.2632,-44.703,-62.421,-40.491,-16.777,-7.9921,-6.667
2.1603,-9.0341,-13.582,6.3795,10.261,-9.1118,-44.507,-61.956,-40.484,-16.78,-7.7571,-7.2311
-1.273,-11.306,-13.304,9.0975,8.131,-10.191,-43.877,-60.707,-39.69,-16.277,-7.0403,-7.4616
-5.2893,-13.003,-11.812,11.749,4.9366,-10.443,-42.979,-58.911,-38.395,-15.449,-6.0134,-7.3984
-9.5429,-14.181,-9.3735,14.228,1.0754,-9.9825,-42.063,-56.93,-36.988,-14.532,-4.8984,-7.1208
-13.463,-14.832,-6.455,16.281,-2.8188,-9.0,-41.366,-55.196,-35.847,-13.736,-3.9019,-6.7141
-16.296,-14.789,-3.6102,17.472,-5.9923,-7.6678,-40.957,-54.074,-35.236,-13.191,-3.1745,-6.2407
-17.289,-13.784,-1.3629,17.335,-7.7468,-6.1089,-40.646,-53.619,-35.234,-12.94,-2.8025,-5.7267
-15.942,-11.653,-0.10137,15.588,-7.6322,-4.441,-40.052,-53.434,-35.735,-12.978,-2.799,-5.167
-12.253,-8.5302,-0.00048482,12.314,-5.5744,-2.8226,-38.716,-52.811,-36.472,-13.314,-3.0734,-4.5397
-6.8216,-4.9242,-0.98683,8.0532,-1.916,-1.4505,-36.107,-50.918,-37.083,-14.039,-3.4295,-3.8271
-0.774,-1.6101,-2.7501,3.7224,2.6138,-0.50947,-31.591,-46.737,-37.166,-15.338,-3.5405,-3.0406
4.5152,0.62288,-4.7867,0.36343,7.0215,-0.087913,-24.982,-39.12,-36.288,-16.879,-1.9893,-2.2013
7.8044,1.2533,-6.4535,-1.1757,10.295,-0.058969,-18.112,-29.828,-33.871,-16.649,2.1845,-1.265
8.3126,0.251,-7.0338,-0.49617,11.687,0.017744,-14.828,-31.045,-29.218,-14.834,4.8167,-0.31229
5.8705,-1.7942,-5.9116,2.2385,10.843,0.73352,-18.663,-56.381,-23.491,-13.813,5.2829,-0.063032
0.9039,-3.6253,-2.917,6.3387,7.757,2.0143,-29.346,-77.69,-31.616,-14.353,3.5893,-1.254
-5.7012,-3.5119,1.788,10.744,2.6941,2.6561,-38.027,-85.702,-62.139,-18.588,-0.076861,-3.2318
-12.827,-1.3376,8.4393,14.195,-3.8297,2.5581,-38.149,-86.736,-67.692,-32.921,-8.002,-5.7058
-19.411,-2.4089,17.619,15.229,-11.044,4.1353,-29.653,-77.425,-71.732,-54.866,-24.733,-13.112
-24.803,-4.2793,29.582,14.223,-18.051,10.227,-13.403,-54.214,-72.493,-83.537,-54.926,-23.099
-30.715,5.5479,43.904,18.021,-24.379,22.195,9.1312,-16.255,-67.324,-113.13,-93.959,-37.046
-45.921,24.046,59.163,12.526,-31.542,38.676,35.449,33.514,-53.58,-135.13,-125.4,-54.281
-49.269,44.652,73.098,1.3951,-52.247,56.931,63.833,89.278,-28.415,-141.51,-140.51,-69.036
-46.413,65.324,85.699,-11.205,-77.516,75.396,93.164,145.01,11.994,-122.96,-132.58,-72.33
-39.617,86.206,102.25,-25.685,-81.488,94.195,118.18,196.41,72.356,-69.58,-93.39,-58.424
-26.736,108.91,127.37,-43.843,-78.942,114.41,133.79,240.99,157.3,26.153,-16.435,-22.873
-4.9973,136.09,135.48,-68.38,-69.59,136.15,141.97,277.59,269.67,167.43,103.26,39.723
27.324,171.39,136.1,-101.97,-52.545,157.58,145.57,306.64,408.84,354.97,268.97,132.18
72.352,217.33,133.46,-146.57,-27.023,180.21,147.05,329.45,569.73,589.6,479.79,254.26
131.47,270.98,128.84,-202.8,5.6853,205.59,147.22,346.15,743.16,866.86,733.82,407.39
200.78,329.28,118.26,-268.86,46.034,231.51,142.97,355.53,916.87,1178.8,1031.4,591.59
281.75,389.5,95.986,-341.47,98.748,252.84,127.17,356.7,1078.4,1518.2,1368.4,804.58
380.45,446.87,60.204,-417.52,166.37,263.5,90.28,349.34,1223.7,1876.1,1736.2,1040.9
493.22,494.7,5.8185,-493.73,249.12,259.81,22.861,332.94,1356.1,2243.6,2123.8,1291.9
613.32,525.88,-73.393,-565.66,346.97,237.15,-81.733,308.46,1479.8,2615.7,2518.8,1545.4
734.08,533.29,-182.8,-626.9,459.91,186.12,-224.2,278.12,1606.8,2989.3,2906.1,1786.7
848.81,508.17,-325.11,-669.35,586.85,100.04,-396.84,242.91,1750.6,3360.2,3267.0,1998.5
950.47,443.67,-496.95,-686.38,722.94,-21.304,-584.86,201.74,1918.9,3718.0,3578.6,2163.0
1030.5,342.01,-685.01,-675.82,857.12,-168.97,-770.55,150.85,2106.6,4042.3,3814.2,2263.9
1078.0,216.54,-864.86,-639.42,971.79,-323.79,-937.5,82.643,2292.2,4299.6,3944.0,2289.2
1082.7,87.674,-1005.5,-580.69,1046.2,-460.04,-1072.8,-12.719,2439.6,4445.1,3938.2,2232.9
1039.2,-24.775,-1079.3,-504.76,1062.7,-553.75,-1168.0,-142.56,2505.2,4430.5,3773.8,2096.0
947.44,-107.82,-1071.8,-417.49,1014.1,-591.13,-1219.4,-307.59,2448.7,4218.1,3443.1,1887.1
815.04,-157.54,-987.57,-324.85,906.34,-572.57,-1227.5,-498.81,2245.9,3795.6,2961.4,1622.2
657.31,-178.29,-846.84,-233.82,757.47,-510.52,-1197.0,-696.88,1900.2,3186.6,2369.8,1323.5
492.96,-179.6,-677.99,-150.63,590.99,-423.89,-1134.9,-875.72,1445.9,2451.7,1730.2,1016.6
338.53,-171.24,-508.56,-78.545,428.85,-332.13,-1050.1,-1009.4,941.58,1678.2,1113.8,727.13
205.0,-159.61,-359.01,-18.992,286.73,-250.37,-951.75,-1079.8,455.73,961.44,585.95,476.41
97.83,-148.41,-240.33,26.867,172.96,-186.86,-848.25,-1080.9,50.493,381.08,191.33,279.07
19.708,-139.87,-155.05,58.787,89.628,-142.88,-745.55,-1019.2,-232.44,-16.829,-54.285,140.89
-28.1,-132.4,-99.923,76.89,34.514,-114.77,-646.57,-908.9,-379.69,-227.67,-164.29,58.39
-47.505,-118.54,-66.765,81.154,9.8399,-96.514,-552.64,-769.01,-406.16,-282.74,-173.13,20.212
-45.354,-99.273,-49.435,73.104,7.8039,-82.173,-464.5,-620.44,-346.99,-234.42,-123.58,11.148
-30.392,-81.788,-39.995,56.995,14.101,-69.458,-382.11,-479.8,-244.11,-138.61,-54.555,16.911
-10.266,-64.977,-34.266,35.967,21.461,-56.813,-306.2,-357.29,-134.16,-39.958,3.0259,26.538
8.3483,-47.375,-29.986,20.386,27.1,-43.872,-240.24,-257.64,-43.369,32.748,32.762,33.512
18.927,-29.695,-25.749,11.586,30.387,-31.018,-186.66,-180.72,18.419,64.388,39.716,34.583
1.6743,-14.873,-21.409,4.3615,30.322,-19.177,-144.28,-124.11,51.644,68.699,32.935,28.897
4.6186,-5.2772,-15.733,-0.36713,9.0496,-10.031,-111.06,-85.551,59.6,57.642,21.333,19.115
5.9215,-0.84498,-6.1021,-2.1031,5.2104,-5.2225,-84.858,-60.976,53.932,39.678,8.6815,15.406
4.1273,-0.35339,-2.1886,-0.87961,3.2983,-2.772,-64.163,-45.64,44.888,24.428,1.7322,5.8269
0.0055041,-2.6701,-0.89303,2.658,0.42759,-2.2657,-48.142,-35.714,36.264,14.662,-2.952,2.6892
-5.382,-6.7605,-0.54857,7.5014,-2.8152,-3.4166,-35.816,-28.245,29.413,7.4783,-6.3285,0.83225
-10.966,-11.508,-0.76747,12.63,-5.8522,-5.4705,-26.288,-21.298,24.829,0.65726,-7.0839,-0.74528
-15.855,-15.893,-1.2671,17.212,-8.2824,-7.7059,-19.0,-14.151,11.738,0.0036953,-7.777,-2.3705
-19.414,-19.196,-1.7815,20.64,-9.9014,-9.5447,-14.907,-6.8521,10.993,-0.86956,-9.1703,-4.0934
-21.321,-21.042,-2.1318,22.55,-10.674,-10.628,-17.056,-2.9087,10.68,-3.3281,-11.154,-5.7864
-21.593,-21.385,-2.2815,22.902,-10.664,-10.86,-13.239,-1.1728,9.4592,-6.477,-13.294,-7.3053
-20.515,-20.499,-2.3419,21.976,-9.9752,-10.407,-5.5906,0.27718,7.6399,-9.1977,-15.198,-8.5714
-18.526,-18.922,-2.5271,20.254,-8.7076,-9.645,-1.0252,1.6224,5.7799,-11.223,-16.596,-9.5804
-16.1,-17.295,-3.0743,18.263,-6.9522,-9.0282,1.2626,2.8471,4.2047,-12.644,-17.406,-10.384
-13.635,-16.134,-4.154,16.461,-4.7902,-8.9055,2.4648,3.8801,2.9472,-13.618,-17.75,-11.061
-11.291,-15.628,-5.793,15.069,-2.2808,-9.3663,3.1294,4.6404,1.8967,-14.372,-17.877,-11.666
-8.876,-15.507,-7.8255,13.901,0.53259,-10.176,3.5226,5.0871,0.95192,-15.137,-18.029,-12.192
-6.0278,-15.117,-9.8935,12.445,3.5496,-10.855,3.8317,5.2796,0.10825,-16.035,-18.321,-12.549
-2.5698,-13.766,-11.518,10.225,6.5228,-10.89,4.2286,5.4126,-0.54831,-17.015,-18.683,-12.588
1.2678,-11.125,-12.248,7.1585,9.053,-9.9622,4.8435,5.762,-0.91694,-17.869,-18.911,-12.164
4.8784,-7.4724,-11.839,3.673,10.69,-8.0937,5.7054,6.554,-0.96547,-18.342,-18.777,-11.231
7.4867,-3.6397,-10.358,0.54634,11.077,-5.6681,6.7166,7.8455,-0.76826,-18.271,-18.171,-9.9084
8.408,-0.66376,-8.1704,-1.3968,10.087,-3.3173,7.6849,9.4876,-0.48815,-17.688,-17.184,-8.4664
7.2861,0.59728,-5.8246,-1.5742,7.887,-1.6994,8.3973,11.18,-0.31943,-16.821,-16.096,-7.2466
4.2543,-0.25852,-3.8772,0.14987,4.919,-1.2642,8.7003,12.586,-0.41741,-15.995,-15.256,-6.5441
-0.056072,-3.0434,-2.7353,3.4045,1.7904,-2.1029,8.5548,13.461,-0.84238,-15.497,-14.947,-6.5043
-4.691,-7.0363,-2.5529,7.4317,-0.88854,-3.9383,8.0482,13.739,-1.5404,-15.467,-15.275,-7.0793
-8.677,-11.225,-3.208,11.327,-2.6692,-6.2551,7.3606,13.544,-2.3668,-15.872,-16.134,-8.0523
-11.332,-14.671,-4.3802,14.322,-3.3751,-8.5092,6.701,13.126,-3.1396,-16.538,-17.244,-9.1106
-12.466,-16.885,-5.7111,16.051,-3.1168,-10.32,6.2391,12.757,-3.6986,-17.221,-18.244,-9.9376
-12.378,-17.972,-6.9559,16.664,-2.1992,-11.574,6.0631,12.646,-3.9487,-17.692,-18.815,-10.298
-11.62,-18.448,-8.0363,16.664,-0.97988,-12.398,6.1801,12.894,-3.8773,-17.801,-18.768,-10.099
-10.736,-18.866,-8.993,16.574,0.22632,-13.042,6.5403,13.484,-3.5475,-17.493,-18.098,-9.4259
-10.133,-19.573,-9.8979,16.734,1.1771,-13.735,7.0591,14.303,-3.0724,-16.822,-16.988,-8.5244
-10.044,-20.653,-10.762,17.277,1.7117,-14.565,7.6265,15.179,-2.5775,-15.94,-15.768,-7.7167
-10.497,-21.936,-11.465,18.139,1.7449,-15.412,8.1238,15.947,-2.1666,-15.074,-14.805,-7.2963
-11.369,-23.034,-11.748,19.067,1.2233,-15.976,8.456,16.508,-1.9015,-14.459,-14.378,-7.4449
-12.508,-23.499,-11.298,19.778,0.093533,-15.927,8.5804,16.873,-1.792,-14.24,-14.579,-8.1748
-13.803,-23.097,-9.9106,20.139,-1.6491,-15.069,8.5098,17.159,-1.8002,-14.417,-15.282,-9.32
-15.154,-21.909,-7.6384,20.174,-3.8666,-13.443,8.2938,17.554,-1.8567,-14.843,-16.195,-10.602
-16.4,-20.224,-4.8661,19.956,-6.22,-11.324,8.0051,18.256,-1.8765,-15.286,-16.972,-11.721
-17.251,-18.365,-2.2374,19.495,-8.1861,-9.1309,7.7353,19.425,-1.7732,-15.493,-17.312,-12.428
-17.286,-16.57,-0.43928,18.698,-9.1695,-7.2899,7.5845,21.125,-1.4798,-15.26,-17.026,-12.569
-16.063,-14.935,0.050048,17.393,-8.6917,-6.0964,7.6308,23.288,-0.9756,-14.495,-16.084,-12.128
-13.36,-13.411,-0.87304,15.438,-6.5943,-5.6158,7.895,25.695,-0.30178,-13.265,-14.641,-11.23
-9.3646,-11.868,-2.8912,12.85,-3.1738,-5.6648,8.3208,27.999,0.44339,-11.795,-13.008,-10.099
-4.7149,-10.193,-5.3359,9.8735,0.84044,-5.8882,8.7843,29.825,1.1297,-10.407,-11.557,-8.9918
-0.34068,-8.3896,-7.3865,6.9474,4.481,-5.9073,9.1333,30.922,1.6373,-9.3992,-10.59,-8.124
2.7931,-6.6258,-8.351,4.6033,6.8308,-5.469,9.2498,31.313,1.9038,-8.931,-10.238,-7.6044
3.9632,-5.1835,-7.8953,3.325,7.2966,-4.5367,9.1062,31.33,1.9529,-8.9493,-10.412,-7.4082
2.9132,-4.3602,-6.1299,3.398,5.7863,-3.2982,8.7838,31.479,1.8843,-9.2073,-10.844,-7.3983
-0.057666,-4.3678,-3.5557,4.8014,2.7335,-2.0923,8.4336,32.208,1.8248,-9.3746,-11.195,-7.3924
-4.1879,-5.262,-0.89921,7.2035,-1.0357,-1.287,8.202,33.689,1.8698,-9.1918,-11.204,-7.2458
-8.4939,-6.9145,1.1199,10.071,-4.5583,-1.1539,8.1649,35.728,2.047,-8.5823,-10.771,-6.911
-12.057,-9.0301,2.0026,12.83,-7.0207,-1.7737,8.3054,37.878,2.3178,-7.6627,-9.9777,-6.4513
-14.232,-11.205,1.5896,14.986,-7.9537,-3.0021,8.5344,39.679,2.6078,-6.6742,-9.038,-6.0146
-14.729,-13.017,0.077195,16.196,-7.3002,-4.5163,8.7344,40.855,2.8441,-5.8883,-8.2182,-5.7792
-13.612,-14.13,-2.0645,16.304,-5.3717,-5.9307,8.8016,41.37,2.9835,-5.5207,-7.7488,-5.8856
-11.25,-14.376,-4.2692,15.379,-2.7076,-6.9292,8.68,41.384,3.0245,-5.661,-7.7507,-6.3796
-8.2075,-13.798,-6.0637,13.696,0.089761,-7.3595,8.3802,41.177,3.0052,-6.2332,-8.2007,-7.1914
-5.1301,-12.639,-7.1722,11.667,2.4737,-7.2571,7.9784,41.044,2.9888,-7.0157,-8.9489,-8.1578
-2.6294,-11.271,-7.5216,9.7598,4.0313,-6.7988,7.5885,41.181,3.0405,-7.7295,-9.7864,-9.0762
-1.2091,-10.105,-7.1752,8.4218,4.5131,-6.2124,7.3212,41.632,3.2042,-8.1501,-10.533,-9.772
-1.228,-9.4889,-6.2372,8.0134,3.8046,-5.6903,7.2505,42.333,3.4921,-8.1805,-11.098,-10.154
-2.8566,-9.6439,-4.8133,8.7581,1.9106,-5.3441,7.399,43.225,3.8899,-7.8589,-11.492,-10.244
-6.0097,-10.642,-3.0538,10.694,-0.99722,-5.2213,7.7393,44.343,4.374,-7.3235,-11.796,-10.157
-10.312,-12.437,-1.2004,13.646,-4.5429,-5.3634,8.2069,45.824,4.9306,-6.7599,-12.119,-10.057
-15.152,-14.919,0.41256,17.237,-8.1976,-5.8415,8.7201,47.822,5.569,-6.3438,-12.543,-10.091
-19.792,-17.936,1.385,20.977,-11.364,-6.7529,9.2025,50.386,6.3143,-6.1839,-13.082,-10.336
-23.479,-21.234,1.3202,24.359,-13.429,-8.1962,9.601,53.393,7.1819,-6.2821,-13.66,-10.769
-25.594,-24.412,-0.055546,26.897,-13.817,-10.176,9.8955,56.59,8.1527,-6.534,-14.138,-11.276
-25.667,-26.965,-2.7696,28.149,-12.141,-12.492,10.104,59.728,9.1846,-6.7623,-14.35,-11.691
-23.259,-28.313,-6.5319,27.692,-8.3352,-14.725,10.291,62.683,10.266,-6.7695,-14.145,-11.837
-18.098,-27.825,-10.74,25.137,-2.712,-16.279,10.555,65.5,11.458,-6.3955,-13.43,-11.569
-10.438,-24.973,-14.554,20.312,3.9577,-16.52,11.003,68.357,12.875,-5.5722,-12.207,-10.814
-1.3065,-19.643,-17.042,13.536,10.515,-15.013,11.693,71.488,14.622,-4.3538,-10.588,-9.6145
7.6546,-12.4,-17.452,5.7679,15.687,-11.741,12.594,75.081,16.737,-2.9063,-8.7905,-8.1334
14.676,-4.4947,-15.52,-1.5149,18.393,-7.1762,13.601,79.198,19.176,-1.4563,-7.0817,-6.6272
18.325,2.4293,-11.61,-6.7374,18.059,-2.1987,14.579,83.757,21.837,-0.21349,-5.707,-5.3751
17.875,6.8157,-6.6258,-8.7278,14.82,2.1278,15.424,88.583,24.615,0.70549,-4.8149,-4.5974
13.532,7.6762,-1.757,-7.078,9.5133,4.855,16.099,93.52,27.448,1.3199,-4.4165,-4.3917
6.3773,4.9114,1.8944,-2.2572,3.4202,5.4325,16.652,98.514,30.351,1.7777,-4.3963,-4.7083
-2.0096,-0.67367,3.6583,4.5718,-2.18,3.8702,17.202,103.6,33.403,2.3006,-4.5648,-5.3768
-10.056,-7.6902,3.4572,11.965,-6.4194,0.69594,17.887,108.85,36.693,3.1031,-4.7274,-6.168
-16.585,-14.638,1.7925,18.635,-9.0309,-3.2434,18.803,114.26,40.246,4.3125,-4.7446,-6.8624
-21.046,-20.323,-0.40198,23.705,-10.309,-6.983,19.954,119.72,43.973,5.9097,-4.5665,-7.2993
-23.587,-24.054,-2.0522,26.803,-10.906,-9.6144,21.248,125.05,47.705,7.7163,-4.2322,-7.3999
-24.796,-25.602,-2.3364,28.073,-11.533,-10.518,22.542,130.03,51.268,9.4606,-3.8244,-7.1689
-25.236,-25.112,-0.98554,27.92,-12.619,-9.6164,23.711,134.54,54.553,10.911,-3.4023,-6.6781
-25.192,-23.049,1.6806,26.751,-14.138,-7.3689,24.713,138.62,57.558,11.999,-2.9633,-6.0344
-24.709,-20.079,4.8739,24.938,-15.705,-4.4979,25.614,142.52,60.407,12.855,-2.4575,-5.3517
-23.648,-16.921,7.52,22.816,-16.63,-1.7806,26.581,146.55,63.298,13.735,-1.8373,-4.7386
-21.666,-14.179,8.6246,20.554,-16.087,0.094182,27.84,151.02,66.414,14.904,-1.104,-4.2937
-18.396,-12.162,7.6894,18.106,-13.563,0.72391,29.61,156.04,69.828,16.548,-0.32977,-4.0915
-13.82,-10.8,4.8959,15.373,-9.2018,0.17507,32.008,161.52,73.514,18.745,0.35941,-4.1622
-8.4722,-9.7554,1.0352,12.409,-3.804,-1.0134,34.973,167.17,77.426,21.447,0.8347,-4.4789
-3.3062,-8.6579,-2.7249,9.4945,1.425,-2.0895,38.263,172.73,81.542,24.47,1.0281,-4.959
0.64944,-7.3273,-5.253,7.0477,5.2951,-2.4232,41.59,178.15,85.82,27.529,0.97253,-5.48
2.6663,-5.8422,-5.8867,5.4538,7.0216,-1.7253,44.758,183.64,90.156,30.374,0.79766,-5.9014
2.553,-4.4579,-4.6168,4.9156,6.4623,-0.11468,47.718,189.45,94.44,32.941,0.693,-6.0893
0.72357,-3.4596,-2.0497,5.3746,4.1843,1.9689,50.522,195.83,98.625,35.368,0.86213,-5.9412
-1.9454,-3.0387,0.8063,6.5176,1.2616,3.9723,53.279,202.99,102.75,37.896,1.479,-5.4089
-4.4502,-3.21,2.9584,7.8778,-1.1906,5.4386,56.137,211.05,106.9,40.737,2.6473,-4.5152
-6.0232,-3.7811,3.8645,8.9935,-2.4683,6.1585,59.275,220.03,111.21,43.997,4.3705,-3.3551
-6.3886,-4.3993,3.5976,9.5641,-2.4922,6.2742,62.841,229.73,115.78,47.641,6.5428,-2.0772
-5.8462,-4.6706,2.7267,9.5469,-1.77,6.2742,66.854,239.66,120.65,51.522,8.9644,-0.85121
-5.1128,-4.3022,2.1184,9.1435,-1.1315,6.7936,71.134,249.1,125.82,55.47,11.377,0.16618
-4.9702,-3.2112,2.6454,8.6823,-1.3453,8.3079,75.381,257.63,131.26,59.357,13.509,0.85837
-5.9096,-1.5568,4.7775,8.4647,-2.8194,10.915,79.344,265.42,136.94,63.07,15.158,1.1679
-7.9208,0.36135,8.3191,8.6096,-5.4637,14.32,82.914,273.1,142.84,66.498,16.281,1.12
-10.459,2.3172,12.479,8.9446,-8.701,18.015,86.113,281.37,148.82,69.595,17.048,0.84314
-12.602,4.3006,16.189,9.0509,-11.599,21.478,89.03,290.71,154.7,72.449,17.796,0.55126
-13.396,6.4722,18.518,8.4638,-13.189,24.357,91.797,301.29,160.35,75.285,18.927,0.46976
-12.243,9.0471,19.057,6.8946,-12.87,26.629,94.589,313.03,165.81,78.419,20.781,0.7408
-9.1526,12.236,18.005,4.3499,-10.61,28.682,97.587,325.84,171.23,82.136,23.5,1.3711
-4.6956,16.231,15.992,1.1113,-6.8685,31.152,100.88,339.51,176.81,86.534,26.984,2.2578
0.25528,21.169,13.848,-2.3829,-2.3801,34.566,104.39,353.49,182.63,91.415,30.903,3.2708
4.7938,27.043,12.404,-5.6921,2.0275,38.876,107.88,366.89,188.53,96.365,34.699,4.3354
8.2101,33.601,12.277,-8.5419,5.6175,43.267,111.15,378.82,194.28,100.99,37.859,5.4626
10.17,40.258,13.666,-10.962,7.9282,46.845,114.12,388.99,199.72,105.14,40.354,6.7207
10.725,46.292,16.321,-13.273,8.8414,49.559,116.87,397.89,204.91,109.0,42.614,8.2362
10.163,51.443,19.857,-15.841,8.4695,52.098,119.6,406.45,210.09,112.99,45.205,10.234
8.8548,56.153,24.281,-18.72,6.9861,55.247,122.51,415.62,215.55,117.53,48.596,12.984
7.1568,60.986,30.197,-21.57,4.5247,59.44,125.67,426.0,221.51,122.87,53.085,16.653
5.3638,66.22,38.111,-24.012,1.1921,64.644,128.95,437.64,227.94,128.97,58.734,21.181
3.6832,72.075,47.597,-26.026,-2.8248,70.765,132.07,449.92,234.64,135.5,65.294,26.299
2.2365,78.657,57.59,-27.938,-7.1833,77.816,134.74,461.97,241.27,142.04,72.218,31.633
1.1265,85.671,67.145,-30.161,-11.438,85.52,136.79,473.12,247.6,148.19,78.914,36.833
0.46389,92.529,75.592,-32.985,-15.144,93.247,138.24,483.26,253.58,153.83,85.086,41.689
0.2748,98.536,82.633,-36.445,-17.931,100.3,139.22,492.65,259.34,159.03,90.833,46.156
0.43357,102.95,88.121,-40.263,-19.543,106.02,139.91,501.75,265.05,164.1,96.519,50.291
0.74341,105.19,91.636,-43.957,-19.879,109.7,140.49,510.97,270.87,169.48,102.57,54.253
1.1117,105.09,92.632,-47.109,-19.025,110.62,141.06,520.56,276.86,175.63,109.19,58.422
1.7119,102.95,90.734,-49.568,-17.243,108.41,141.62,530.37,282.91,182.86,116.08,63.419
3.02,99.496,85.857,-51.447,-14.91,103.44,142.01,539.66,288.74,191.06,122.68,69.424
5.6284,95.818,78.506,-53.081,-12.409,97.04,141.96,547.4,293.94,199.73,128.9,75.21
9.901,93.124,70.147,-55.034,-10.046,91.006,141.21,553.05,298.36,208.38,135.27,79.708
15.793,92.332,62.744,-57.888,-7.9965,86.795,139.62,556.77,302.14,216.91,142.22,83.565
22.98,93.8,57.516,-61.991,-6.2525,85.119,137.21,559.07,305.59,225.48,150.03,87.954
31.03,97.348,54.379,-67.328,-4.6126,85.941,134.03,560.44,308.91,234.32,158.99,93.694
39.424,102.3,52.339,-73.519,-2.7722,88.444,130.05,561.21,312.23,243.59,169.25,101.09
47.628,107.66,49.977,-79.951,-0.45013,91.31,125.14,561.48,315.51,253.37,180.72,109.94
55.283,112.37,45.9,-85.987,2.5293,93.242,119.35,561.09,318.64,263.81,192.98,119.67
62.373,115.64,39.501,-91.129,6.2218,93.351,112.96,559.64,321.52,274.97,205.47,129.62
69.096,117.08,31.449,-95.034,10.558,91.288,106.2,556.56,324.11,286.74,217.69,139.18
75.596,116.58,23.082,-97.453,15.389,87.232,98.975,551.44,326.42,298.92,229.34,147.87
81.846,114.38,15.595,-98.266,20.747,81.975,91.054,544.21,328.5,311.43,240.55,155.54
87.458,111.15,9.775,-97.545,26.945,76.513,82.341,535.18,330.42,324.45,251.82,162.56
91.12,107.27,5.8202,-95.426,33.213,71.438,72.916,524.83,332.2,338.21,263.78,169.69
91.509,102.56,3.3002,-92.054,37.23,66.82,62.912,513.71,333.83,352.49,276.76,177.64
89.178,96.915,1.4876,-87.847,38.49,62.295,52.473,502.22,335.28,366.5,290.6,186.58
86.061,90.747,-0.21397,-83.62,38.854,57.287,41.778,490.43,336.52,379.39,304.72,195.96
84.14,84.66,-2.0974,-80.229,40.475,51.396,30.985,477.96,337.61,390.88,318.63,205.04
84.824,79.252,-4.3235,-78.298,44.602,44.65,20.198,464.27,338.73,401.6,332.37,213.48
88.743,75.224,-7.2349,-78.287,51.391,37.256,9.6619,449.13,340.15,412.76,345.91,221.43
95.733,73.107,-11.645,-80.454,60.23,29.795,-0.23089,432.81,342.15,425.38,358.71,229.23
104.83,72.753,-18.63,-84.499,70.084,23.657,-9.3466,415.92,344.95,439.75,370.6,236.98
114.43,73.316,-27.813,-89.376,79.802,19.706,-18.006,399.17,348.57,455.28,382.41,244.56
122.82,73.599,-36.949,-93.637,88.342,17.315,-26.745,383.11,352.84,471.05,394.92,251.83
128.91,72.406,-44.9,-96.06,95.092,15.153,-35.998,367.81,357.51,486.57,407.98,258.78
132.5,68.939,-52.413,-96.041,100.15,12.159,-45.786,353.04,362.43,501.79,421.11,265.45
134.18,63.23,-60.622,-93.738,104.26,8.0158,-55.544,338.59,367.6,517.08,434.45,272.05
134.91,56.239,-70.045,-90.018,108.33,2.9885,-64.537,324.55,373.01,533.13,448.84,278.97
135.67,49.397,-80.307,-86.166,112.92,-2.402,-72.472,311.2,378.54,550.47,465.23,286.52
137.41,43.943,-90.412,-83.392,118.17,-7.4756,-79.58,298.68,384.06,568.93,483.86,294.68
140.7,40.475,-99.317,-82.371,123.82,-11.512,-86.282,286.81,389.51,587.49,503.67,303.05
145.32,38.868,-106.31,-83.138,129.43,-14.0,-92.844,275.25,395.07,604.86,522.66,310.9
150.66,38.372,-111.24,-85.35,134.78,-14.828,-99.217,263.77,400.99,619.97,538.74,317.48
156.23,37.89,-114.65,-88.554,139.83,-14.291,-105.16,252.35,407.44,632.32,550.69,322.4
161.87,36.467,-117.35,-92.286,144.6,-12.913,-110.4,241.17,414.32,642.22,558.86,325.88
167.48,33.774,-119.86,-96.051,149.12,-11.266,-114.77,230.26,421.19,650.67,564.78,328.33
172.64,30.431,-122.13,-99.253,153.25,-9.9986,-118.11,219.49,427.35,658.53,569.67,329.98
176.42,27.353,-124.05,-101.23,156.52,-9.739,-120.41,208.63,431.84,665.67,573.28,330.64
177.78,24.511,-125.8,-101.37,158.44,-10.76,-121.84,197.54,433.53,670.71,573.82,329.71
176.19,21.288,-127.38,-99.321,158.75,-12.856,-122.6,186.2,431.37,671.75,569.42,326.55
171.79,17.322,-128.35,-95.16,157.21,-15.538,-122.84,174.69,425.07,667.6,560.5,320.94
165.0,12.654,-128.15,-89.345,153.6,-18.254,-122.66,163.11,415.44,658.32,549.07,313.25
156.31,7.5828,-126.51,-82.491,147.99,-20.506,-122.08,151.63,403.86,644.72,536.35,304.19
146.34,2.6195,-123.5,-75.247,140.99,-21.953,-121.19,140.42,391.6,627.85,522.54,294.56
135.86,-1.5512,-119.54,-68.298,133.39,-22.446,-120.04,129.61,379.38,609.02,507.81,285.02
125.76,-4.3306,-115.15,-62.34,125.76,-22.03,-118.61,119.18,367.32,589.87,492.73,276.01
117.07,-5.4808,-110.61,-57.826,118.66,-20.887,-116.81,108.99,355.12,571.75,477.68,267.65
110.51,-5.2001,-105.97,-54.576,112.89,-19.271,-114.53,98.772,342.47,555.06,462.79,259.97
105.94,-3.9477,-101.12,-51.63,108.72,-17.425,-111.72,88.22,329.28,539.4,448.36,252.82
102.18,-2.2659,-95.658,-47.45,105.14,-15.514,-108.47,77.158,315.69,523.85,434.55,245.79
97.368,-0.74744,-88.949,-40.702,100.4,-13.6,-104.9,66.028,301.87,507.27,420.79,238.24
90.015,0.076922,-80.561,-31.749,93.435,-11.667,-101.15,56.041,287.95,488.38,405.92,229.71
79.846,-0.058635,-70.753,-22.729,84.435,-9.694,-97.282,47.652,273.98,466.24,389.49,220.02
67.883,-1.0871,-60.494,-14.972,74.151,-7.7568,-93.297,39.937,259.87,441.69,371.84,209.18
55.706,-2.7099,-50.95,-8.4685,63.646,-6.0562,-89.171,32.345,245.39,417.79,352.66,197.47
44.675,-4.5403,-42.741,-3.0779,54.248,-4.8371,-84.86,25.321,230.31,395.78,331.41,185.48
35.881,-6.2092,-35.859,1.0517,46.796,-4.288,-80.291,19.608,214.55,374.25,309.23,174.05
30.087,-7.4435,-30.261,3.6302,41.11,-4.4896,-75.424,15.511,198.28,352.09,288.72,163.93
27.415,-8.1307,-26.727,4.4994,37.308,-5.4077,-70.351,12.777,182.04,329.86,271.47,155.25
27.013,-8.3458,-26.274,3.8618,36.405,-6.9098,-65.369,10.882,166.42,308.46,256.99,147.59
27.355,-8.3131,-27.982,2.2948,37.8,-8.7786,-60.882,9.2841,151.7,287.8,243.8,140.29
27.285,-8.3051,-29.813,0.57021,38.947,-10.707,-57.185,7.57,137.9,267.28,230.46,132.66
26.261,-8.5261,-30.544,-0.54521,37.81,-12.299,-54.322,5.5412,125.03,246.65,216.03,124.06
23.772,-9.0438,-29.691,-0.45057,34.425,-13.126,-52.107,3.2531,113.36,226.46,200.18,113.95
19.237,-9.7999,-26.878,1.1507,29.087,-12.858,-50.249,0.96216,103.15,207.6,182.69,102.31
12.445,-10.671,-21.952,4.1784,21.6,-11.422,-48.458,-1.0032,94.304,190.55,163.69,90.099
3.9051,-11.542,-15.287,8.2044,12.323,-9.0689,-46.509,-2.3828,86.23,174.88,144.81,78.68
-5.2153,-12.358,-7.8682,12.582,2.5013,-6.3261,-44.271,-3.0801,78.024,159.78,128.36,68.967
-13.462,-13.13,-1.1108,16.622,-6.208,-3.8578,-41.688,-3.1849,68.889,144.75,115.27,61.467
-19.514,-13.918,3.5844,19.73,-12.333,-2.2817,-38.746,-2.9295,58.517,129.69,104.85,56.446
-22.563,-14.799,5.3482,21.514,-15.012,-1.9959,-35.427,-2.5986,47.107,114.93,95.579,53.424
-22.58,-15.873,4.16,21.914,-14.29,-3.0795,-31.685,-2.4253,35.508,101.03,86.162,50.839
-20.38,-17.25,0.7871,21.336,-11.161,-5.2897,-27.482,-2.5138,25.711,88.156,76.118,46.98
-17.346,-19.031,-3.5454,20.562,-7.1088,-8.1469,-22.902,-2.8235,18.892,75.788,65.781,41.318
-14.854,-21.264,-7.6024,20.41,-3.5284,-11.099,-18.229,-3.2208,14.223,63.591,56.563,34.496
-13.806,-23.867,-10.485,21.336,-1.3222,-13.683,-13.848,-3.5585,10.748,52.346,49.681,27.486
-14.556,-26.576,-11.748,23.326,-0.78864,-15.577,-10.065,-3.7282,8.0011,43.353,44.109,21.209
-16.867,-28.975,-11.392,25.951,-1.8262,-16.598,-7.0166,-3.6707,5.7568,36.667,38.662,16.154
-19.926,-30.603,-9.8506,28.423,-3.8874,-16.663,-4.6506,-3.3707,3.8938,31.253,33.019,12.233
-22.2,-30.849,-7.8767,29.724,-5.7701,-15.722,-2.7711,-2.8528,2.3559,26.061,26.99,9.193
-21.745,-28.83,-6.2443,28.672,-6.0967,-13.76,-1.1693,-2.1733,1.1228,20.386,20.431,6.8886
-17.162,-23.83,-5.5025,24.203,-3.97,-10.872,0.27849,-1.4071,0.17757,14.314,13.925,5.2641
-8.2482,-15.907,-5.8673,16.024,0.7756,-7.3534,1.5938,-0.63282,-0.52618,8.8304,8.6881,4.201
3.4331,-6.2869,-7.1714,5.4194,7.3806,-3.7179,2.7245,0.077583,-1.0755,4.6477,5.1152,3.4463
14.959,2.7065,-8.9225,-4.8829,14.249,-0.60343,3.5881,0.66965,-1.5752,1.5227,2.5461,2.7025
23.277,8.6333,-10.557,-11.987,19.514,1.3592,4.1235,1.1168,-2.1081,-1.0718,0.30598,1.756
26.124,9.932,-11.692,-13.93,21.725,1.6878,4.3326,1.4245,-2.7075,-3.4227,-1.8787,0.53824
22.678,6.2622,-12.156,-10.182,20.306,0.26133,4.2927,1.6221,-3.3514,-5.5674,-4.0084,-0.88099
13.831,-1.3755,-11.892,-1.8346,15.639,-2.5688,4.1351,1.7505,-3.974,-7.4301,-5.9751,-2.3359
1.8833,-10.811,-10.893,8.7538,8.8902,-6.045,4.0029,1.8513,-4.4829,-8.9267,-7.6627,-3.613
-10.178,-19.38,-9.1535,18.802,1.641,-9.1396,4.0097,1.954,-4.7875,-10.023,-8.9992,-4.5075
-19.594,-24.845,-6.6775,25.956,-4.6592,-10.819,4.21,2.0628,-4.8322,-10.762,-9.9832,-4.8976
-24.64,-26.053,-3.5102,28.854,-9.1225,-10.401,4.5886,2.1517,-4.6233,-11.264,-10.686,-4.8046
-25.165,-23.159,0.21715,27.484,-11.58,-7.8186,5.0726,2.1841,-4.2313,-11.687,-11.223,-4.3905
-22.525,-17.519,4.2706,23.243,-12.477,-3.6663,5.5645,2.1537,-3.7634,-12.168,-11.709,-3.8925
-18.498,-10.939,8.3226,17.911,-12.537,1.0473,5.9783,2.111,-3.3237,-12.758,-12.211,-3.5398
-14.491,-5.1147,11.986,12.936,-12.424,5.2448,6.266,2.1444,-2.9798,-13.401,-12.734,-3.4993
-11.607,-1.3642,14.874,9.5458,-12.548,8.0793,6.4203,2.3235,-2.7497,-13.962,-13.238,-3.8485
-10.615,-0.40767,16.672,8.5374,-13.032,9.1358,6.4595,2.6475,-2.6109,-14.313,-13.676,-4.5693
-11.521,-2.1217,17.221,9.8446,-13.72,8.487,6.4013,3.0249,-2.5271,-14.417,-14.033,-5.5669
-13.533,-5.5173,16.578,12.573,-14.241,6.6013,6.2456,3.2941,-2.4746,-14.355,-14.35,-6.7087
-15.63,-9.2629,15.032,15.552,-14.261,4.1364,5.9849,3.2854,-2.449,-14.282,-14.704,-7.8644
-17.099,-12.353,13.054,17.905,-13.681,1.7327,5.6259,2.9041,-2.4509,-14.331,-15.156,-8.9269
-17.684,-14.34,11.157,19.262,-12.636,-0.11993,5.2063,2.195,-2.4653,-14.545,-15.703,-9.8154
-17.428,-15.196,9.7241,19.63,-11.361,-1.1838,4.7971,1.352,-2.4492,-14.844,-16.261,-10.473
-16.516,-15.127,8.8827,19.187,-10.081,-1.5368,4.4849,0.65851,-2.3351,-15.048,-16.683,-10.868
-15.189,-14.437,8.4956,18.19,-8.9401,-1.4612,4.3417,0.38196,-2.05,-14.949,-16.813,-11.002
-13.703,-13.429,8.3099,16.926,-7.9855,-1.1793,4.3965,0.67173,-1.5364,-14.389,-16.551,-10.905
-12.289,-12.35,8.1531,15.667,-7.2054,-0.7649,4.6282,1.5031,-0.76647,-13.328,-15.897,-10.631
-11.155,-11.382,8.0185,14.626,-6.6207,-0.25592,4.9688,2.6805,0.25052,-11.872,-14.956,-10.234
-10.497,-10.632,8.0205,13.942,-6.3496,0.29776,5.319,3.8939,1.4601,-10.24,-13.906,-9.7557
-10.47,-10.13,8.3176,13.681,-6.5697,0.86948,5.5752,4.8179,2.7596,-8.6838,-12.942,-9.22
-11.113,-9.8283,9.0568,13.818,-7.4007,1.4865,5.6635,5.2303,4.0176,-7.399,-12.196,-8.6402
-12.291,-9.5819,10.323,14.215,-8.8048,2.2497,5.5822,5.1164,5.13,-6.4498,-11.668,-7.997
-13.69,-9.1531,12.077,14.605,-10.558,3.305,5.4192,4.7008,6.0832,-5.7276,-11.201,-7.2078
-14.869,-8.2966,14.107,14.658,-12.29,4.7361,5.3273,4.3551,6.9641,-4.9862,-10.535,-6.1516
-15.393,-6.8955,16.039,14.108,-13.573,6.4624,5.4478,4.4171,7.8966,-3.9643,-9.4353,-4.7584
-14.995,-5.053,17.421,12.885,-14.059,8.2231,5.8311,5.0334,8.9527,-2.5307,-7.8275,-3.0846
-13.696,-3.0747,17.875,11.164,-13.604,9.6471,6.4074,6.103,10.102,-0.75617,-5.857,-1.3221
-11.793,-1.363,17.255,9.2981,-12.322,10.388,7.0089,7.3255,11.227,1.1213,-3.8571,0.25356
-9.7326,-0.26428,15.722,7.6674,-10.542,10.297,7.4393,8.3269,12.18,2.804,-2.2239,1.3743
-7.9459,0.089652,13.671,6.5482,-8.6693,9.5197,7.5472,8.8097,12.857,4.0539,-1.2523,1.8723
-6.6988,-0.15033,11.565,6.0097,-7.0368,8.4093,7.2765,8.6529,13.223,4.7616,-1.0229,1.7328
-5.9991,-0.64087,9.7518,5.8928,-5.7945,7.3377,6.6773,7.9269,13.295,4.9451,-1.3959,1.0811
-5.5859,-1.0041,8.3449,5.8806,-4.8662,6.5488,5.8836,6.849,13.101,4.7136,-2.085,0.1238
-5.029,-0.96165,7.2145,5.6193,-3.9858,6.1096,5.0777,5.7214,12.686,4.2589,-2.7368,-0.89407
-3.9137,-0.40876,6.0868,4.8468,-2.8205,5.9337,4.4473,4.859,12.151,3.8564,-2.984,-1.6884
-2.04,0.55934,4.711,3.494,-1.1466,5.8392,4.1398,4.4966,11.646,3.8006,-2.5247,-1.9689
0.44609,1.6584,3.0023,1.7466,1.0022,5.6184,4.2173,4.6985,11.301,4.2634,-1.2654,-1.5936
3.0334,2.492,1.0922,0.034669,3.2851,5.1147,4.6241,5.3205,11.145,5.1787,0.57014,-0.70216
4.9708,2.6953,-0.71487,-1.0863,5.1269,4.2831,5.1972,6.0543,11.085,6.2599,2.4956,0.36357
5.5319,2.0732,-2.0377,-1.1459,5.9103,3.2053,5.7114,6.5327,10.952,7.1278,3.9545,1.2392
4.3095,0.6592,-2.5438,0.04786,5.22,2.0554,5.9568,6.4604,10.586,7.4486,4.5234,1.6438
1.378,-1.316,-2.0857,2.345,3.0257,1.0334,5.8174,5.7252,9.9041,7.0479,4.0467,1.4258
-2.7362,-3.5128,-0.7968,5.3222,-0.28119,0.27758,5.3077,4.4384,8.9296,5.9951,2.6813,0.59633
-7.2034,-5.5949,0.91267,8.4139,-3.9842,-0.2089,4.5502,2.8821,7.7744,4.5856,0.84318,-0.67768
-11.088,-7.3213,2.46,11.051,-7.2074,-0.56651,3.7087,1.3948,6.5879,3.2018,-0.94101,-2.1345
-13.553,-8.5782,3.2582,12.778,-9.123,-1.0057,2.9286,0.25094,5.5026,2.1431,-2.2297,-3.5068
-14.047,-9.3432,2.8943,13.333,-9.1687,-1.6941,2.3031,-0.42596,4.5985,1.5304,-2.8262,-4.6045
-12.43,-9.6404,1.2474,12.689,-7.199,-2.6895,1.8628,-0.70052,3.8831,1.2962,-2.8282,-5.3678
-8.9958,-9.534,-1.4742,11.045,-3.5152,-3.9369,1.5741,-0.79441,3.2885,1.2318,-2.5359,-5.8688
-4.4003,-9.1364,-4.7734,8.7745,1.1983,-5.2835,1.3476,-0.98428,2.7018,1.0719,-2.2872,-6.261
0.45707,-8.591,-7.9899,6.3466,5.9955,-6.5079,1.0795,-1.464,2.0296,0.60405,-2.3307,-6.6917
4.5677,-8.0589,-10.474,4.275,9.8625,-7.3826,0.70873,-2.2441,1.2635,-0.23018,-2.7539,-7.2151
6.9926,-7.7116,-11.73,3.0655,11.964,-7.7505,0.26144,-3.1392,0.49487,-1.2905,-3.4367,-7.7563
7.0515,-7.7266,-11.508,3.1377,11.815,-7.5805,-0.13751,-3.8539,-0.13404,-2.2837,-4.0715,-8.1473
4.482,-8.2789,-9.8286,4.7119,9.3125,-6.9808,-0.30844,-4.1287,-0.50656,-2.889,-4.2922,-8.208
-0.46966,-9.5029,-6.9566,7.7056,4.7169,-6.17,-0.12237,-3.868,-0.58295,-2.9076,-3.8586,-7.8295
-7.0977,-11.411,-3.3297,11.736,-1.3442,-5.4173,0.40225,-3.1797,-0.41822,-2.3572,-2.7783,-7.0267
-14.411,-13.826,0.56548,16.235,-7.9524,-4.9231,1.1067,-2.3155,-0.14084,-1.4607,-1.3098,-5.9328
-21.324,-16.346,4.321,20.544,-14.115,-4.6502,1.7903,-1.5562,0.10261,-0.54564,0.15094,-4.7398
-26.8,-18.309,7.6274,23.931,-18.992,-4.2884,2.3097,-1.0886,0.21523,0.098014,1.2439,-3.6187
-29.876,-18.914,10.212,25.585,-21.989,-3.464,2.6331,-0.92689,0.19027,0.33101,1.7884,-2.6705
-29.778,-17.496,11.817,24.793,-22.699,-2.0044,2.8296,-0.92161,0.097408,0.20597,1.8252,-1.9252
-26.196,-13.907,12.211,21.289,-20.927,-0.064105,3.0144,-0.85353,0.029233,-0.08772,1.5536,-1.3754
-19.531,-8.7704,11.243,15.545,-16.798,1.9062,3.2716,-0.55464,0.04513,-0.33678,1.2091,-1.0144
-11.004,-3.3846,8.8952,8.806,-10.853,3.2918,3.5977,0.0043827,0.13895,-0.41207,0.95516,-0.86063
-2.4357,0.73588,5.3194,2.7251,-4.0488,3.5029,3.9049,0.69049,0.23936,-0.31932,0.83034,-0.95381
4.3248,2.3915,0.86655,-1.2107,2.4168,2.1934,4.0782,1.2571,0.24065,-0.17756,0.7524,-1.3328
7.924,1.0853,-3.8881,-2.153,7.3741,-0.56774,4.0354,1.4516,0.052054,-0.15183,0.56725,-2.0066
7.8125,-2.798,-8.1415,-0.11152,9.9221,-4.2512,3.7639,1.1382,-0.3509,-0.3725,0.13973,-2.9226
4.3692,-8.0567,-10.987,4.0543,9.6656,-7.9682,3.3351,0.37164,-0.90296,-0.8695,-0.54652,-3.9417
-1.1469,-13.042,-11.748,8.8725,6.9061,-10.728,2.8924,-0.61747,-1.4735,-1.5531,-1.3565,-4.8483
-6.9013,-16.266,-10.325,12.759,2.5827,-11.783,2.6035,-1.5248,-1.9287,-2.257,-2.0703,-5.4213
-11.183,-16.899,-7.2681,14.636,-2.0785,-10.902,2.5942,-2.1012,-2.1917,-2.8161,-2.4908,-5.5271
-13.072,-14.943,-3.5671,14.247,-5.8855,-8.4383,2.901,-2.238,-2.2656,-3.1278,-2.5225,-5.1727
-12.324,-11.099,-0.34633,11.881,-7.7806,-5.1613,3.4643,-1.981,-2.2138,-3.1724,-2.197,-4.4963
-8.8603,-6.3417,1.4442,7.9678,-7.0341,-1.9727,4.1581,-1.4856,-2.1187,-3.0,-1.6549,-3.7102
-2.9849,-1.5961,1.2626,3.0859,-3.5779,0.3599,4.8324,-0.94941,-2.0507,-2.7087,-1.0951,-3.0318
4.2144,2.3287,-0.88829,-1.9149,1.8844,1.3896,5.3546,-0.55239,-2.0532,-2.4235,-0.7156,-2.6274
11.184,4.821,-4.414,-6.094,8.0713,1.0855,5.645,-0.41389,-2.1435,-2.272,-0.65949,-2.58
16.52,5.6251,-8.2867,-8.7273,13.543,-0.20527,5.6967,-0.56714,-2.3158,-2.3494,-0.97976,-2.8773
19.265,4.9004,-11.431,-9.4445,17.101,-1.9368,5.5694,-0.95338,-2.5434,-2.6833,-1.6227,-3.4195
18.946,3.0759,-13.073,-8.2332,18.019,-3.5777,5.3614,-1.4408,-2.7843,-3.2127,-2.4291,-4.0464
15.629,0.64172,-12.884,-5.4205,16.123,-4.7513,5.1739,-1.8646,-2.9924,-3.8012,-3.1667,-4.5806
9.9646,-1.9734,-11.0,-1.5839,11.814,-5.3064,5.0801,-2.0799,-3.1354,-4.2847,-3.603,-4.8829
3.0505,-4.4626,-7.9567,2.6119,6.0088,-5.3229,5.1041,-2.0131,-3.2094,-4.5375,-3.5974,-4.9038
-3.8661,-6.6699,-4.5057,6.5862,-0.10078,-5.0324,5.2158,-1.6911,-3.2419,-4.5229,-3.1626,-4.7019
-9.7263,-8.5343,-1.3856,9.9421,-5.3879,-4.6851,5.3441,-1.2329,-3.2766,-4.3055,-2.4614,-4.411
-13.865,-9.9865,0.86321,12.44,-9.0924,-4.4539,5.4084,-0.80621,-3.3516,-4.0225,-1.7449,-4.178
-16.076,-10.943,1.9955,13.952,-10.966,-4.4054,5.3559,-0.56896,-3.4839,-3.8341,-1.2631,-4.1082
-16.571,-11.382,2.0835,14.499,-11.233,-4.5156,5.1852,-0.61962,-3.6706,-3.8714,-1.1866,-4.2411
-15.795,-11.383,1.4361,14.252,-10.377,-4.7104,4.9437,-0.96752,-3.8988,-4.1977,-1.5599,-4.5524
-14.205,-11.075,0.41662,13.457,-8.8483,-4.9102,4.7029,-1.5273,-4.154,-4.7854,-2.2937,-4.9734
-12.165,-10.565,-0.71594,12.34,-6.928,-5.0589,4.5293,-2.139,-4.4197,-5.5192,-3.1974,-5.4168
-9.925,-9.8823,-1.8522,11.029,-4.791,-5.1352,4.4628,-2.6162,-4.6762,-6.2322,-4.0496,-5.8037
-7.5569,-9.0097,-3.0059,9.5352,-2.5368,-5.1569,4.5029,-2.8122,-4.908,-6.7729,-4.6824,-6.0893
-4.9984,-7.9535,-4.2512,7.8321,-0.16703,-5.1777,4.6026,-2.6826,-5.1163,-7.0725,-5.0472,-6.2787
-2.259,-6.808,-5.6253,5.9761,2.3036,-5.265,4.6793,-2.3079,-5.3224,-7.1715,-5.225,-6.422
0.43762,-5.7402,-7.0339,4.1597,4.6955,-5.452,4.6491,-1.8579,-5.5501,-7.19,-5.3734,-6.5842
2.6782,-4.9085,-8.2257,2.6579,6.6418,-5.6889,4.4753,-1.5133,-5.7987,-7.2612,-5.6338,-6.7993
3.9994,-4.3871,-8.8591,1.7265,7.7027,-5.8331,4.2038,-1.3854,-6.0271,-7.462,-6.0489,-7.0331
4.0596,-4.1531,-8.6386,1.515,7.5358,-5.7092,3.9633,-1.4704,-6.163,-7.7727,-6.5305,-7.1764
2.7667,-4.1356,-7.4561,2.0339,6.0455,-5.2096,3.917,-1.6547,-6.1361,-8.0866,-6.8957,-7.0868
0.32425,-4.2807,-5.463,3.1663,3.4558,-4.3701,4.1844,-1.7672,-5.9173,-8.2698,-6.9577,-6.6623
-2.7943,-4.5727,-3.0498,4.6959,0.28507,-3.3761,4.7752,-1.6522,-5.5401,-8.2356,-6.6232,-5.9035
-5.9266,-4.9941,-0.74197,6.3214,-2.7759,-2.4916,5.5764,-1.2313,-5.0939,-7.9863,-5.9405,-4.9294
-8.3595,-5.4667,0.95364,7.6785,-5.0587,-1.9443,6.3959,-0.53314,-4.6856,-7.605,-5.0814,-3.947
-9.5484,-5.8556,1.7029,8.436,-6.124,-1.8369,7.0319,0.31418,-4.4007,-7.2176,-4.278,-3.1935
-9.362,-6.0586,1.4484,8.4598,-5.9132,-2.1361,7.339,1.1196,-4.2787,-6.9507,-3.7488,-2.8715
-8.1898,-6.1074,0.42292,7.9387,-4.7786,-2.7277,7.27,1.6897,-4.3101,-6.8958,-3.6373,-3.0925
-6.7884,-6.2043,-0.94858,7.3533,-3.3449,-3.4887,6.8838,1.8968,-4.4487,-7.0815,-3.9756,-3.843
-5.9404,-6.6604,-2.2356,7.2591,-2.2329,-4.3419,6.3149,1.7251,-4.6289,-7.4671,-4.6805,-4.9877
-6.1671,-7.7563,-3.1852,8.0313,-1.8129,-5.2847,5.7193,1.2756,-4.7858,-7.9609,-5.5825,-6.3108
-7.5744,-9.5901,-3.8124,9.7233,-2.0988,-6.3809,5.2227,0.73325,-4.8692,-8.4486,-6.4718,-7.5725
-9.7155,-11.971,-4.3702,12.005,-2.7131,-7.6959,4.9004,0.32149,-4.846,-8.8107,-7.1403,-8.5494
-11.599,-14.409,-5.2146,14.189,-2.9717,-9.2034,4.7923,0.24847,-4.6905,-8.9304,-7.4145,-9.0617
-12.091,-16.243,-6.6139,15.429,-2.1829,-10.731,4.9209,0.64361,-4.3802,-8.7145,-7.1969,-9.0085
-10.459,-16.869,-8.5893,15.071,0.0007273,-11.991,5.2808,1.5014,-3.9111,-8.1339,-6.5097,-8.4064
-6.7482,-15.978,-10.85,12.969,3.3727,-12.678,5.8119,2.6626,-3.3186,-7.2605,-5.5057,-7.3931
-1.8371,-13.723,-12.849,9.6149,7.1792,-12.595,6.3971,3.8515,-2.6807,-6.2715,-4.4318,-6.1928
2.8504,-10.721,-13.958,5.9912,10.333,-11.73,6.897,4.7646,-2.0978,-5.4005,-3.5577,-5.0638
5.8385,-7.8592,-13.706,3.2244,11.783,-10.279,7.1974,5.1774,-1.6617,-4.8547,-3.0957,-4.2325
6.082,-5.9883,-11.988,2.2143,10.888,-8.5955,7.2409,5.0266,-1.4261,-4.74,-3.1366,-3.8309
3.3001,-5.6469,-9.1054,3.3536,7.6501,-7.0779,7.0374,4.4326,-1.3913,-5.0252,-3.6187,-3.8644
-1.9385,-6.8878,-5.6496,6.4008,2.7138,-6.0297,6.6613,3.651,-1.5043,-5.5523,-4.3413,-4.2223
-8.4069,-9.2521,-2.2946,10.553,-2.8604,-5.5571,6.2339,2.9752,-1.6766,-6.0904,-5.024,-4.7176
-14.606,-11.919,0.40183,14.701,-7.9272,-5.5491,5.8867,2.6272,-1.8168,-6.4224,-5.4036,-5.1446
-19.237,-14.026,2.1353,17.82,-11.598,-5.75,5.714,2.6782,-1.8691,-6.43,-5.3362,-5.3397
-21.611,-15.026,2.8999,19.338,-13.479,-5.8842,5.7377,3.0265,-1.8344,-6.1366,-4.8592,-5.2317
-21.758,-14.817,2.9312,19.233,-13.715,-5.7646,5.9055,3.4445,-1.7662,-5.6925,-4.1785,-4.8643
-20.189,-13.63,2.5519,17.849,-12.765,-5.3355,6.1218,3.6772,-1.7425,-5.3106,-3.5872,-4.3819
-17.546,-11.845,2.0062,15.668,-11.083,-4.6564,6.2916,3.5481,-1.8305,-5.1834,-3.3503,-3.9757
-14.383,-9.8196,1.3916,13.13,-8.9495,-3.8633,6.3563,3.0293,-2.0551,-5.4027,-3.6061,-3.8107
-11.087,-7.7921,0.67445,10.539,-6.5234,-3.1193,6.3089,2.2519,-2.3861,-5.9123,-4.318,-3.9691
-7.8338,-5.8917,-0.27337,8.0377,-3.9028,-2.5677,6.1893,1.4519,-2.7465,-6.5191,-5.2942,-4.4291
-4.6019,-4.1886,-1.6067,5.6562,-1.1093,-2.3112,6.0602,0.87552,-3.0454,-6.9762,-6.2699,-5.0803
-1.3427,-2.7596,-3.4111,3.4379,1.8688,-2.4168,5.9701,0.6721,-3.2206,-7.1052,-7.0165,-5.7706
1.8535,-1.7359,-5.6432,1.5246,4.9878,-2.9167,5.9222,0.83715,-3.2691,-6.8829,-7.4217,-6.3632
4.7589,-1.265,-8.1151,0.11772,8.0897,-3.7806,5.8764,1.2182,-3.2423,-6.4356,-7.503,-6.7739
7.1175,-1.3757,-10.507,-0.66346,10.904,-4.8685,5.7811,1.5853,-3.2091,-5.9633,-7.3614,-6.9705
8.77,-1.8483,-12.418,-0.92528,13.112,-5.9061,5.6139,1.7406,-3.2111,-5.6446,-7.1076,-6.943
9.7044,-2.2678,-13.459,-0.97582,14.415,-6.5392,5.4113,1.6189,-3.2334,-5.5601,-6.7963,-6.6694
9.9825,-2.2642,-13.363,-1.0991,14.596,-6.4688,5.2723,1.3238,-3.2069,-5.6531,-6.4,-6.1137
9.6075,-1.7179,-12.066,-1.3529,13.556,-5.5973,5.3234,1.0717,-3.0414,-5.7499,-5.8345,-5.2653
8.4246,-0.83745,-9.7385,-1.5079,11.324,-4.0994,5.6555,1.0805,-2.6742,-5.6413,-5.0234,-4.1824
6.117,-0.13082,-6.7388,-1.0666,7.9825,-2.3881,6.2685,1.4675,-2.11,-5.1891,-3.9673,-3.0031
2.3441,-0.25155,-3.5174,0.59311,3.6617,-0.99935,7.0532,2.1956,-1.433,-4.4048,-2.7833,-1.9216
-3.0462,-1.7786,-0.4964,3.9149,-1.3828,-0.4212,7.8226,3.0743,-0.78376,-3.457,-1.6943,-1.1407
-9.8488,-4.9811,2.0455,8.8907,-6.7482,-0.91088,8.3785,3.8152,-0.31641,-2.6056,-0.95852,-0.81408
-17.452,-9.6139,4.022,15.018,-12.006,-2.3655,8.5845,4.1346,-0.13898,-2.097,-0.76657,-0.99377
-24.884,-14.867,5.4763,21.379,-16.709,-4.3193,8.4173,3.8723,-0.27027,-2.0636,-1.152,-1.6022
-30.938,-19.543,6.4529,26.775,-20.309,-6.1126,7.9701,3.0803,-0.62896,-2.4685,-1.9583,-2.4473
-34.384,-22.4,6.9094,29.973,-22.194,-7.1653,7.4092,2.0329,-1.0652,-3.1219,-2.8889,-3.2861
-34.291,-22.585,6.7128,30.067,-21.84,-7.207,6.9051,1.1263,-1.4233,-3.7685,-3.6273,-3.9115
-30.385,-20.009,5.6958,26.884,-19.016,-6.3665,6.5713,0.70729,-1.6062,-4.2007,-3.9674,-4.2284
-23.199,-15.431,3.7266,21.108,-13.924,-5.1083,6.4307,0.92938,-1.611,-4.3404,-3.8893,-4.2828
-13.995,-10.117,0.79715,14.037,-7.2014,-4.0366,6.4194,1.7012,-1.5211,-4.2472,-3.5498,-4.2324
-4.4695,-5.3742,-2.8749,7.1761,0.14941,-3.6392,6.4269,2.7427,-1.4559,-4.0624,-3.2008,-4.2641
3.6904,-2.1849,-6.7946,1.815,6.9604,-4.0939,6.3552,3.7049,-1.5043,-3.9323,-3.0779,-4.5001
9.2258,-0.99148,-10.275,-1.2726,12.147,-5.2242,6.163,4.3027,-1.6844,-3.9516,-3.3155,-4.9456
11.496,-1.6503,-12.658,-1.8988,14.938,-6.6177,5.8796,4.4058,-1.9484,-4.1406,-3.9185,-5.5009
10.513,-3.5386,-13.549,-0.40387,15.049,-7.8297,5.5903,4.0686,-2.2141,-4.4457,-4.7776,-6.0107
6.8915,-5.8713,-12.944,2.4898,12.76,-8.5655,5.4026,3.4996,-2.3957,-4.7562,-5.7103,-6.321
1.6778,-8.1187,-11.221,5.9695,8.8267,-8.7875,5.4021,2.9837,-2.4282,-4.9411,-6.5143,-6.3301
-3.9622,-10.143,-9.0041,9.4199,4.2417,-8.7027,5.6126,2.7812,-2.2851,-4.899,-7.0282,-6.0206
-9.0636,-11.989,-6.9652,12.486,-0.030614,-8.627,5.9818,3.0339,-1.9869,-4.5991,-7.1796,-5.4641
-13.005,-13.691,-5.6308,14.991,-3.2333,-8.8066,6.4,3.7133,-1.5946,-4.0934,-7.0022,-4.7969
-15.446,-15.174,-5.2383,16.795,-4.9294,-9.2836,6.7428,4.633,-1.1886,-3.4962,-6.6169,-4.1731
-16.201,-16.143,-5.6649,17.651,-5.0773,-9.8433,6.9154,5.5236,-0.84421,-2.9458,-6.1848,-3.7154
-15.239,-16.141,-6.4643,17.261,-3.9875,-10.083,6.8848,6.1369,-0.60763,-2.5609,-5.8561,-3.485
-12.765,-14.785,-7.0655,15.497,-2.1593,-9.6022,6.6875,6.3302,-0.49058,-2.4062,-5.7318,-3.4764
-9.2747,-12.011,-7.0682,12.549,-0.11064,-8.2125,6.4103,6.0995,-0.4763,-2.4795,-5.8459,-3.6315
-5.4791,-8.2275,-6.4066,8.943,1.7165,-6.0618,6.1521,5.5583,-0.53356,-2.7222,-6.1648,-3.868
-2.1381,-4.264,-5.3088,5.4453,3.0119,-3.6175,5.9896,4.8876,-0.6292,-3.0415,-6.5965,-4.1062
0.12414,-1.0942,-4.1731,2.8413,3.6479,-1.5114,5.96,4.2803,-0.73199,-3.33,-7.0045,-4.2871
0.96723,0.50461,-3.4257,1.6916,3.696,-0.30661,6.0591,3.8946,-0.81041,-3.4852,-7.2347,-4.3778
0.42855,0.20507,-3.3667,2.151,3.3916,-0.28566,6.2505,3.8166,-0.83233,-3.4326,-7.1601,-4.3695
-1.0723,-1.7399,-4.0516,3.8983,3.0461,-1.3525,6.4757,4.0343,-0.77392,-3.152,-6.7338,-4.2728
-2.8603,-4.534,-5.2586,6.2209,2.9265,-3.066,6.6667,4.4314,-0.63628,-2.6979,-6.023,-4.116
-4.2462,-7.111,-6.554,8.2669,3.1379,-4.784,6.7608,4.8117,-0.4572,-2.1972,-5.1992,-3.9452
-4.782,-8.5601,-7.4165,9.3536,3.5576,-5.8644,6.7193,4.958,-0.30461,-1.8148,-4.4825,-3.8145
-4.4253,-8.433,-7.3718,9.1796,3.8526,-5.8458,6.547,4.716,-0.25028,-1.6937,-4.0605,-3.7655
-3.5696,-6.8282,-6.1303,7.9124,3.5848,-4.5905,6.3025,4.0707,-0.33593,-1.8886,-4.012,-3.7965
-2.9194,-4.3254,-3.7013,6.1625,2.3737,-2.3508,6.0849,3.1678,-0.55115,-2.329,-4.2644,-3.8419
-3.2215,-1.7978,-0.41787,4.7887,0.058095,0.30349,5.9928,2.2526,-0.83964,-2.8442,-4.6123,-3.7924
-4.9667,-0.152,3.1374,4.5833,-3.2172,2.6607,6.0741,1.5558,-1.1318,-3.2454,-4.805,-3.559
-8.2161,-0.083058,6.2695,6.0115,-7.0264,4.0696,6.2955,1.1985,-1.3816,-3.4108,-4.6603,-3.1316
-12.595,-1.9051,8.3334,9.0821,-10.766,4.1055,6.551,1.1559,-1.5883,-3.3273,-4.1469,-2.5981
-17.396,-5.469,8.889,13.343,-13.786,2.6676,6.7029,1.2723,-1.7944,-3.0883,-3.4032,-2.1247
-21.749,-10.171,7.8066,17.999,-15.541,0.0016986,6.6347,1.3059,-2.0684,-2.8618,-2.6938,-1.9079
-24.832,-15.086,5.2878,22.136,-15.711,-3.3709,6.2872,1.0009,-2.4809,-2.8405,-2.3189,-2.1103
-26.06,-19.225,1.8041,24.956,-14.26,-6.8025,5.6692,0.17734,-3.0803,-3.1811,-2.5077,-2.8055
-25.202,-21.788,-2.0248,25.95,-11.428,-9.6703,4.8551,-1.1886,-3.8699,-3.9466,-3.3285,-3.9473
-22.385,-22.335,-5.5661,24.969,-7.662,-11.486,3.9755,-2.9308,-4.7911,-5.061,-4.6437,-5.369
-18.014,-20.852,-8.2752,22.179,-3.5347,-11.96,3.1961,-4.7271,-5.7225,-6.3023,-6.1283,-6.8034
-12.674,-17.585,-9.7531,17.955,0.35539,-11.004,2.684,-6.1976,-6.5052,-7.3565,-7.3676,-7.927
-7.0698,-12.865,-9.7979,12.828,3.4872,-8.7153,2.5657,-7.0226,-6.9855,-7.9212,-8.0033,-8.4477
-1.96,-7.2313,-8.4766,7.4873,5.5027,-5.4099,2.8888,-7.0297,-7.0617,-7.8103,-7.8595,-8.212
1.9576,-1.5286,-6.1617,2.7204,6.2589,-1.6407,3.5986,-6.2496,-6.7251,-7.0219,-6.9984,-7.2705
4.1842,3.3313,-3.4698,-0.78019,5.8495,1.9098,4.5482,-4.9496,-6.0801,-5.7495,-5.6857,-5.8594
4.5479,6.8458,-1.124,-2.6224,4.598,4.6575,5.5473,-3.5857,-5.3154,-4.3178,-4.2774,-4.3086
3.26,9.1113,0.2368,-2.7459,3.0382,6.3918,6.4424,-2.6251,-4.6171,-3.0563,-3.0841,-2.9209
0.88445,10.235,0.27985,-1.3572,1.8421,7.3098,7.1972,-2.3167,-4.0814,-2.1758,-2.2857,-1.8894
-1.7233,10.066,-0.86717,1.0281,1.607,7.5382,7.9254,-2.5817,-3.6909,-1.7031,-1.8958,-1.2913
-3.5612,9.1173,-2.6286,3.5049,2.6022,7.2955,8.8583,-3.0913,-3.334,-1.4692,-1.7257,-1.0881
-3.8144,8.8012,-4.1211,4.9231,4.6254,7.5848,10.25,-3.4065,-2.8291,-1.1465,-1.3975,-1.0808
-2.2639,10.981,-4.2898,4.3306,7.0044,9.7137,12.268,-3.0935,-1.9828,-0.36418,-0.48609,-0.9213
0.51061,17.135,-2.0617,1.4358,8.7792,14.785,14.903,-1.8856,-0.6785,1.1295,1.2728,-0.24681
3.3331,27.521,3.3182,-3.3344,9.0187,23.182,17.947,0.16159,1.0634,3.3532,3.8471,1.1402
4.9151,40.663,11.871,-9.198,7.1254,33.965,21.013,2.6726,3.0897,6.0895,6.9195,3.1735
4.3502,53.319,22.794,-15.381,3.0415,45.252,23.656,5.0972,5.1779,8.9907,10.045,5.5691
1.4342,62.658,34.765,-21.189,-2.7112,55.35,25.531,6.9307,7.1287,11.75,12.881,8.0109
-3.2523,68.115,46.293,-26.019,-9.1601,63.269,26.503,7.8931,8.844,14.259,15.381,10.392
-8.4759,70.627,55.984,-29.695,-15.116,68.676,26.653,7.9908,10.361,16.67,17.861,12.943
-12.67,71.985,62.986,-32.878,-19.47,72.027,26.251,7.4662,11.83,19.331,20.878,16.024
-14.402,74.658,67.321,-36.886,-21.494,74.603,25.735,6.6723,13.435,22.613,24.849,19.631
-12.848,80.916,69.674,-42.857,-21.021,78.197,25.655,5.9306,15.292,26.697,29.595,23.462
-8.0892,91.255,71.029,-51.09,-18.395,84.306,26.408,5.4278,17.385,31.426,34.451,27.482
-0.9744,103.73,72.428,-60.997,-14.317,92.999,27.493,5.1647,19.573,36.354,38.981,31.827
7.273,115.98,74.722,-71.481,-9.7151,102.67,26.78,4.9695,21.639,40.977,43.181,36.541
15.271,127.04,78.173,-81.259,-5.5675,111.54,22.257,4.5983,23.342,44.934,47.089,41.594
21.829,136.54,82.349,-89.265,-2.6262,118.83,14.728,3.9006,24.489,48.044,50.657,46.898
26.365,144.01,86.647,-95.102,-1.2496,124.31,5.9116,2.9237,25.039,50.307,53.912,52.276
28.911,149.41,90.708,-99.004,-1.4744,128.02,-3.4062,1.8566,25.148,51.922,57.068,57.511
29.826,153.24,94.373,-101.34,-3.0856,130.24,-13.006,0.89788,25.035,53.218,60.394,62.471
29.66,155.88,97.462,-102.15,-5.634,131.55,-22.728,0.16742,24.85,54.496,63.928,67.125
29.086,157.3,99.647,-101.41,-8.5338,132.54,-32.132,-0.31687,24.599,55.853,67.351,71.364
28.659,157.23,100.5,-99.534,-11.191,133.38,-40.256,-0.64087,24.167,57.136,70.166,74.89
28.492,155.06,99.607,-97.255,-13.096,133.57,-46.044,-0.97493,23.396,58.048,71.964,77.288
28.282,150.4,96.648,-94.937,-13.893,132.12,-49.34,-1.4978,22.172,58.289,72.575,78.26
27.725,143.34,91.53,-92.438,-13.411,127.97,-50.888,-2.3203,20.486,57.64,72.034,77.866
26.882,134.18,84.553,-89.453,-11.663,120.64,-51.426,-3.4404,18.433,55.973,70.483,76.489
26.129,123.69,76.345,-85.836,-8.8321,110.5,-51.37,-4.7529,16.159,53.273,68.083,74.542
25.82,113.4,67.556,-81.891,-5.255,98.972,-50.974,-6.1054,13.802,49.696,65.008,72.264
26.044,104.96,58.654,-78.258,-1.4013,87.929,-50.414,-7.3714,11.459,45.637,61.53,69.817
26.579,99.086,49.989,-75.355,2.1767,78.709,-49.785,-8.5143,9.1934,41.622,58.111,67.441
27.014,95.188,41.928,-72.986,4.9511,71.59,-49.105,-9.6143,7.0569,37.965,55.237,65.394
26.858,91.889,34.785,-70.404,6.5548,65.95,-48.351,-10.841,5.0762,34.536,52.999,63.76
25.564,87.729,28.513,-66.7,6.866,60.786,-47.53,-12.379,3.2252,30.908,50.947,62.317
22.626,81.745,22.548,-61.257,5.9744,55.329,-46.698,-14.339,1.4116,26.711,48.301,60.589
17.996,73.741,16.315,-53.922,4.2226,49.328,-45.924,-16.72,-0.49024,21.924,44.249,58.053
12.456,64.316,10.179,-44.963,2.3995,42.767,-45.23,-19.422,-2.5817,16.882,38.353,54.354
7.5218,54.622,5.0926,-35.158,1.5629,35.478,-44.574,-22.301,-4.8974,12.018,31.015,49.434
4.9036,45.814,1.0481,-26.03,2.4937,27.391,-43.874,-25.207,-7.3991,7.6199,23.412,43.55
5.5673,38.568,-2.5365,-19.46,5.3765,19.292,-43.055,-27.992,-9.9925,3.7969,16.635,37.172
9.0478,33.028,-5.8476,-16.206,9.6895,12.596,-42.086,-30.517,-12.543,0.58799,11.101,30.778
13.569,28.704,-8.5927,-15.15,14.199,7.9762,-41.013,-32.646,-14.917,-1.9853,6.7355,24.691
16.688,24.465,-10.204,-14.204,17.222,5.1909,-39.948,-34.322,-17.033,-3.9219,3.3377,19.071
16.258,19.364,-10.041,-11.621,17.162,3.7683,-39.041,-35.629,-18.907,-5.2703,0.78132,14.016
11.373,13.511,-7.7133,-6.888,13.207,3.2349,-38.43,-36.792,-20.665,-6.1567,-1.0069,9.6537
2.6516,7.5837,-3.3609,-0.48544,5.8379,3.1801,-38.192,-38.107,-22.512,-6.7761,-2.1787,6.1768
-8.2825,2.0126,2.312,6.7856,-3.517,3.3807,-38.311,-39.838,-24.676,-7.3221,-2.9746,3.7304
-19.327,-2.8092,8.2005,13.87,-12.994,3.761,-38.689,-42.085,-27.296,-7.9072,-3.5842,2.2898
-28.206,-6.2868,13.044,19.484,-20.554,4.2401,-39.17,-44.682,-30.308,-8.5367,-4.0643,1.6705
-32.824,-7.8984,15.741,22.371,-24.427,4.6533,-39.591,-47.22,-33.396,-9.1369,-4.3781,1.6022
-31.918,-7.517,15.655,21.753,-23.678,4.7847,-39.845,-49.257,-36.133,-9.6123,-4.4825,1.8013
-25.695,-5.5403,12.792,17.824,-18.477,4.4432,-39.914,-50.532,-38.226,-9.9081,-4.4037,2.0255
-15.856,-2.8188,7.8006,11.827,-10.136,3.5184,-39.873,-51.056,-39.648,-10.054,-4.2673,2.0947
-5.0986,-0.41148,1.7933,5.5944,-0.8198,2.0,-39.875,-51.095,-40.594,-10.16,-4.2656,1.8966
3.6392,0.72233,-3.9877,0.96806,7.2031,-0.015425,-40.121,-51.099,-41.384,-10.373,-4.5793,1.389
8.1752,-0.011066,-8.4482,-0.7302,12.212,-2.32,-40.79,-51.578,-42.362,-10.81,-5.2954,0.60208
7.6664,-2.6562,-10.831,0.91985,13.331,-4.6086,-41.937,-52.907,-43.796,-11.519,-6.3643,-0.36394
2.605,-6.6582,-10.878,5.3632,10.585,-6.5294,-43.407,-55.102,-45.769,-12.472,-7.615,-1.3506
-5.3301,-11.003,-8.9245,11.242,4.9778,-7.7675,-44.835,-57.716,-48.123,-13.6,-8.8168,-2.1734
-13.686,-14.543,-5.8017,16.83,-1.6748,-8.1437,-45.773,-60.035,-50.519,-14.841,-9.7678,-2.6774
-20.128,-16.394,-2.5643,20.64,-7.4123,-7.6912,-45.863,-61.44,-52.597,-16.197,-10.379,-2.8012
-23.207,-16.223,-0.22543,21.872,-10.753,-6.6626,-44.874,-61.596,-54.139,-17.746,-10.702,-2.6098
-22.459,-14.288,0.46233,20.487,-10.9,-5.4322,-42.578,-60.389,-55.108,-19.488,-10.8,-2.2632
-18.306,-11.222,-0.76691,17.086,-7.7984,-4.2928,-38.736,-57.824,-55.534,-20.809,-10.312,-1.94
-11.939,-7.6833,-3.4878,12.663,-2.2231,-3.1958,-34.596,-56.067,-55.362,-20.514,-8.5074,-1.7999
-4.9896,-3.9339,-6.5488,8.2962,4.3481,-1.6927,-36.473,-64.716,-54.314,-19.385,-6.5376,-2.067
0.88021,0.58313,-8.451,4.8466,10.177,-0.20883,-46.184,-76.55,-53.155,-19.298,-6.7643,-3.0187
4.4441,6.9635,-8.3325,2.6533,13.82,-1.5985,-52.221,-83.89,-62.093,-20.315,-8.5711,-4.5483
5.1761,13.535,-6.3242,1.325,14.466,-4.138,-51.797,-88.529,-70.352,-25.426,-9.0959,-5.8285
3.1836,14.92,-1.6041,-0.50016,11.883,-1.2769,-45.063,-87.113,-74.371,-40.969,-20.612,-9.0724
-0.93577,14.713,7.0196,-5.4614,6.2943,9.1446,-31.335,-75.126,-76.518,-62.09,-38.401,-16.321
-6.1755,22.794,19.755,-11.895,-1.6596,25.583,-10.999,-49.367,-75.352,-87.524,-62.011,-24.351
-11.254,37.237,36.547,-7.8984,-11.054,45.039,14.108,-9.4397,-68.641,-113.97,-89.206,-33.357
-19.662,53.742,57.53,-7.2493,-21.141,64.656,42.23,41.537,-53.977,-134.6,-111.56,-43.33
-39.385,71.36,82.054,-13.25,-35.697,83.426,73.071,97.996,-28.748,-140.31,-120.29,-50.896
-44.204,90.22,107.6,-21.397,-64.695,102.15,104.83,154.07,10.748,-121.07,-108.01,-48.973
-43.112,111.35,130.39,-32.094,-76.027,121.97,130.56,205.12,69.52,-67.231,-67.181,-30.523
-35.42,136.53,150.15,-47.713,-82.464,144.15,147.04,248.26,152.88,28.661,9.5417,10.566
-19.73,167.41,167.56,-70.84,-85.414,169.15,157.32,282.87,264.25,170.2,128.98,79.268
5.3128,206.05,181.44,-103.2,-80.856,196.6,165.04,310.28,403.07,357.95,296.3,174.76
41.977,254.39,189.61,-145.48,-65.73,224.49,170.9,331.79,563.69,592.18,511.52,297.74
91.936,309.17,190.92,-197.53,-39.978,250.05,172.4,347.09,735.83,870.89,770.89,448.13
156.26,364.87,181.51,-258.52,-1.621,269.08,164.45,354.8,906.98,1184.7,1069.5,624.19
236.56,416.5,154.2,-326.26,51.438,277.01,139.39,354.3,1067.5,1521.9,1400.8,823.22
333.02,460.35,107.27,-397.96,120.56,274.15,87.584,345.69,1213.4,1873.7,1757.7,1041.0
443.01,492.7,36.353,-471.32,207.36,254.88,0.45616,328.51,1345.1,2235.4,2131.9,1271.5
563.21,507.38,-63.409,-542.21,314.26,212.41,-125.86,303.51,1470.5,2603.9,2513.0,1505.4
690.29,498.19,-195.53,-603.84,442.9,142.57,-288.95,272.62,1602.6,2975.3,2886.6,1729.2
820.32,461.18,-360.5,-650.07,590.79,42.686,-479.75,237.32,1754.0,3342.7,3233.3,1926.0
945.43,393.78,-552.91,-676.37,750.47,-86.083,-683.49,196.66,1931.1,3692.5,3528.7,2077.3
1053.5,297.56,-757.79,-678.34,908.1,-235.33,-882.66,146.23,2128.0,4001.7,3744.8,2166.5
1129.3,181.26,-950.04,-653.46,1043.3,-387.99,-1060.3,77.729,2322.3,4235.8,3851.6,2181.3
1157.7,59.638,-1099.3,-603.08,1132.8,-521.76,-1202.1,-19.665,2475.3,4350.6,3820.8,2115.9
1126.2,-52.253,-1179.2,-530.17,1157.4,-615.95,-1298.1,-154.07,2539.9,4301.4,3632.0,1971.4
1031.7,-143.86,-1176.7,-438.29,1109.0,-658.42,-1343.7,-325.74,2475.0,4056.6,3281.7,1757.9
883.62,-209.76,-1096.3,-334.06,994.76,-649.11,-1340.6,-523.48,2259.9,3612.1,2790.4,1493.5
702.94,-248.22,-957.45,-227.23,834.94,-597.86,-1295.3,-724.87,1903.4,2999.9,2203.7,1202.7
516.02,-260.46,-787.02,-129.04,656.5,-519.15,-1217.1,-901.58,1444.4,2285.2,1586.3,912.32
346.78,-250.89,-611.76,-49.91,484.9,-427.59,-1116.3,-1027.7,942.88,1553.9,1008.1,647.18
210.23,-226.15,-452.37,4.8693,338.02,-335.49,-1002.6,-1086.9,466.18,892.35,528.77,425.76
110.48,-192.71,-320.91,36.905,224.03,-252.23,-884.37,-1075.8,72.399,367.23,184.03,257.55
48.488,-156.72,-221.03,49.946,142.93,-184.06,-768.11,-1002.8,-202.05,12.15,-20.122,142.83
19.548,-122.94,-150.74,49.434,90.669,-133.11,-657.98,-884.83,-347.61,-175.58,-101.93,74.669
11.95,-91.788,-105.02,41.124,59.988,-97.073,-556.14,-742.47,-379.06,-227.77,-101.37,41.645
15.89,-62.584,-77.641,28.688,43.327,-71.508,-463.5,-595.13,-327.85,-191.74,-58.964,30.821
24.432,-41.312,-63.347,14.657,35.663,-53.771,-380.42,-457.3,-232.68,-115.63,-10.376,30.285
32.756,-29.187,-55.388,5.4417,32.802,-41.531,-307.38,-338.33,-130.52,-36.422,21.073,31.235
38.478,-22.217,-47.381,5.1328,32.613,-32.761,-244.7,-242.58,-46.286,18.047,33.794,29.279
39.799,-17.365,-40.278,2.4654,33.989,-26.482,-191.87,-170.17,11.891,40.594,32.838,24.579
20.615,-11.738,-34.453,0.35576,35.374,-22.554,-148.21,-118.16,43.872,46.684,24.38,18.966
12.703,-6.0854,-29.847,-0.7987,36.252,-19.254,-113.52,-82.305,54.273,42.865,13.242,12.003
10.831,-4.7967,-32.064,-0.73431,27.725,-14.138,-87.062,-58.689,50.438,31.03,-0.74443,8.6658
8.4615,-5.7404,-25.506,0.7314,18.132,-10.867,-66.934,-43.459,41.576,18.391,-3.2205,2.1498
4.4784,-7.8254,-17.77,3.5581,12.605,-10.306,-51.182,-32.942,34.102,10.23,-4.9346,-1.0136
-0.85726,-10.623,-13.417,7.4234,7.6779,-10.505,-38.673,-24.49,28.408,1.323,-5.5779,-2.9805
-6.7771,-13.719,-10.426,11.771,2.7731,-10.899,-28.91,-17.055,21.7,-4.5225,-6.1252,-4.8107
-12.371,-16.677,-8.1327,15.948,-1.6645,-11.311,-21.606,-10.432,7.7628,-5.5382,-7.3022,-6.7311
-16.835,-19.11,-6.5034,19.355,-5.0851,-11.662,-17.924,-4.1212,7.4103,-7.0998,-9.164,-8.6581
-19.639,-20.746,-5.5768,21.573,-7.1581,-11.913,-20.432,-1.2136,6.9586,-9.2264,-11.309,-10.373
-20.643,-21.48,-5.2622,22.46,-7.8922,-12.046,-19.082,0.019962,5.7829,-11.45,-13.289,-11.645
-20.14,-21.371,-5.3154,22.17,-7.6309,-12.035,-11.885,1.2661,4.2518,-13.396,-14.686,-12.322
-18.751,-20.611,-5.3968,21.097,-6.9259,-11.837,-5.6609,2.6119,2.7724,-14.864,-15.234,-12.392
-17.217,-19.466,-5.1581,19.754,-6.3463,-11.39,-1.7259,3.9737,1.557,-15.773,-14.945,-11.993
-16.186,-18.214,-4.3511,18.615,-6.3245,-10.642,0.77226,5.2246,0.62321,-16.21,-14.116,-11.366
-16.028,-17.07,-2.9238,17.974,-7.0573,-9.5968,2.4238,6.2487,-0.11396,-16.424,-13.21,-10.784
-16.722,-16.145,-1.0553,17.867,-8.4478,-8.3411,3.496,6.9885,-0.75698,-16.703,-12.673,-10.461
-17.87,-15.426,0.88199,18.079,-10.103,-7.0364,4.1366,7.4772,-1.3723,-17.236,-12.755,-10.478
-18.824,-14.801,2.418,18.228,-11.426,-5.8763,4.4819,7.8453,-1.9662,-18.025,-13.422,-10.758
-18.91,-14.112,3.1161,17.904,-11.806,-5.0339,4.6859,8.3005,-2.4888,-18.877,-14.371,-11.1
-17.669,-13.243,2.702,16.831,-10.829,-4.6215,4.9022,9.0746,-2.8647,-19.493,-15.16,-11.269
-15.057,-12.204,1.1527,15.015,-8.4386,-4.6736,5.2465,10.338,-3.0369,-19.62,-15.408,-11.103
-11.478,-11.149,-1.276,12.752,-4.9739,-5.1458,5.7635,12.106,-3.0012,-19.175,-14.957,-10.574
-7.6585,-10.294,-4.0913,10.515,-1.1036,-5.9189,6.4164,14.203,-2.8131,-18.292,-13.914,-9.7853
-4.402,-9.7968,-6.6651,8.7604,2.3536,-6.7944,7.1063,16.321,-2.5644,-17.251,-12.588,-8.9144
-2.3406,-9.6497,-8.3768,7.7725,4.662,-7.4944,7.7204,18.172,-2.3432,-16.355,-11.356,-8.1373
-1.7538,-9.6559,-8.776,7.5661,5.3778,-7.7081,8.1861,19.622,-2.2026,-15.822,-10.52,-7.564
-2.5121,-9.5159,-7.7344,7.9058,4.4631,-7.209,8.4988,20.723,-2.1513,-15.714,-10.212,-7.2144
-4.1557,-8.9815,-5.5097,8.4278,2.2823,-5.9784,8.7071,21.646,-2.1687,-15.936,-10.366,-7.038
-6.0728,-7.9974,-2.676,8.8066,-0.51041,-4.247,8.8737,22.59,-2.2262,-16.29,-10.775,-6.9606
-7.707,-6.7716,0.032195,8.8918,-3.1606,-2.4407,9.0423,23.721,-2.305,-16.56,-11.191,-6.9311
-8.7026,-5.7379,1.8903,8.7541,-4.9954,-1.0754,9.2256,25.134,-2.4019,-16.601,-11.441,-6.9477
-8.9421,-5.4122,2.3392,8.6307,-5.5494,-0.62975,9.4121,26.855,-2.5253,-16.388,-11.487,-7.0546
-8.5203,-6.208,1.1142,8.8145,-4.6605,-1.4148,9.5816,28.836,-2.6832,-16.004,-11.422,-7.3161
-7.7057,-8.2819,-1.6719,9.5375,-2.5229,-3.4672,9.7215,30.98,-2.8702,-15.587,-11.402,-7.7796
-6.8834,-11.462,-5.523,10.888,0.33542,-6.5061,9.8365,33.149,-3.0565,-15.276,-11.562,-8.4392
-6.457,-15.273,-9.6629,12.779,3.1691,-9.9799,9.9479,35.17,-3.1899,-15.156,-11.951,-9.2168
-6.7324,-19.042,-13.206,14.972,5.2115,-13.196,10.079,36.839,-3.2103,-15.246,-12.51,-9.9723
-7.8323,-22.076,-15.327,17.138,5.867,-15.483,10.242,37.967,-3.0721,-15.486,-13.089,-10.54
-9.6669,-23.829,-15.426,18.935,4.8414,-16.341,10.444,38.473,-2.7531,-15.749,-13.497,-10.771
-11.948,-23.978,-13.301,20.062,2.2089,-15.527,10.716,38.459,-2.2443,-15.871,-13.553,-10.558
-14.24,-22.422,-9.2544,20.272,-1.5925,-13.104,11.116,38.198,-1.5424,-15.689,-13.139,-9.8663
-16.066,-19.304,-4.0173,19.439,-5.8594,-9.4453,11.68,38.018,-0.6657,-15.104,-12.261,-8.7643
-17.058,-15.086,1.4659,17.642,-9.8064,-5.1803,12.36,38.15,0.32253,-14.133,-11.072,-7.4323
-17.081,-10.523,6.2662,15.223,-12.776,-1.064,13.025,38.622,1.31,-12.942,-9.862,-6.1312
-16.264,-6.4953,9.6424,12.699,-14.395,2.1988,13.52,39.269,2.1614,-11.81,-8.9686,-5.139
-14.915,-3.7528,11.177,10.6,-14.607,4.1182,13.731,39.836,2.7599,-11.025,-8.6662,-4.6765
-13.395,-2.7024,10.824,9.3026,-13.577,4.5035,13.618,40.117,3.0438,-10.763,-9.0703,-4.8428
-11.959,-3.3201,8.8297,8.9211,-11.543,3.4483,13.216,40.054,3.0225,-11.028,-10.098,-5.5919
-10.619,-5.1831,5.6187,9.2498,-8.7327,1.2754,12.631,39.756,2.7683,-11.663,-11.501,-6.7548
-9.109,-7.6118,1.687,9.8283,-5.3352,-1.5318,12.02,39.444,2.3927,-12.414,-12.946,-8.0906
-7.0611,-9.8832,-2.4892,10.124,-1.5118,-4.4382,11.548,39.363,2.0153,-13.017,-14.113,-9.3458
-4.2856,-11.439,-6.5006,9.7533,2.5376,-6.9767,11.351,39.696,1.7348,-13.275,-14.773,-10.316
-0.9749,-12.031,-9.9845,8.645,6.4731,-8.8315,11.498,40.518,1.6072,-13.109,-14.861,-10.893
2.2713,-11.767,-12.559,7.1008,9.7619,-9.8751,11.975,41.766,1.6344,-12.573,-14.498,-11.086
4.6158,-11.053,-13.856,5.7017,11.761,-10.156,12.684,43.251,1.7691,-11.839,-13.956,-11.006
5.2672,-10.432,-13.69,5.0989,11.938,-9.8512,13.474,44.709,1.9369,-11.142,-13.55,-10.817
3.7704,-10.386,-12.172,5.7715,10.105,-9.2119,14.193,45.902,2.0696,-10.694,-13.505,-10.674
0.20473,-11.182,-9.6956,7.8389,6.5349,-8.5127,14.755,46.75,2.1376,-10.591,-13.856,-10.662
-4.801,-12.8,-6.8204,11.007,1.9212,-7.9917,15.187,47.413,2.1694,-10.752,-14.419,-10.764
-10.262,-14.955,-4.1345,14.663,-2.8235,-7.7841,15.632,48.25,2.2522,-10.937,-14.856,-10.87
-15.149,-17.202,-2.111,18.082,-6.8493,-7.8997,16.28,49.657,2.5019,-10.858,-14.826,-10.831
-18.717,-19.146,-0.99361,20.696,-9.615,-8.2632,17.278,51.881,3.0158,-10.324,-14.145,-10.538
-20.731,-20.589,-0.74245,22.305,-11.014,-8.763,18.665,54.947,3.8359,-9.3231,-12.864,-9.9754
-21.463,-21.524,-1.0731,23.058,-11.341,-9.2735,20.357,58.693,4.9388,-8.0116,-11.241,-9.2219
-21.408,-22.036,-1.5826,23.258,-11.092,-9.669,22.157,62.831,6.2436,-6.6501,-9.6402,-8.4196
-21.004,-22.22,-1.9117,23.173,-10.693,-9.8403,23.78,66.989,7.623,-5.5188,-8.4078,-7.723
-20.487,-22.099,-1.8686,22.931,-10.334,-9.7026,24.937,70.801,8.9254,-4.83,-7.7674,-7.2475
-19.796,-21.538,-1.4676,22.44,-9.9553,-9.1803,25.49,74.07,10.04,-4.6421,-7.7386,-7.0274
-18.52,-20.231,-0.88931,21.337,-9.2908,-8.2087,25.581,76.937,10.987,-4.8099,-8.117,-7.005
-16.112,-17.874,-0.3918,19.156,-8.0002,-6.7909,25.568,79.88,11.948,-5.0287,-8.5529,-7.0651
-12.335,-14.458,-0.20083,15.698,-5.9103,-5.0611,25.837,83.494,13.189,-4.9687,-8.7071,-7.0993
-7.5893,-10.445,-0.41784,11.371,-3.2077,-3.2857,26.665,88.191,14.954,-4.4206,-8.3987,-7.0597
-2.9087,-6.7111,-0.98667,7.1792,-0.44762,-1.8032,28.187,93.97,17.386,-3.3699,-7.6759,-6.9767
0.39037,-4.2486,-1.7228,4.323,1.6156,-0.93955,30.333,100.39,20.487,-1.9802,-6.7898,-6.9408
1.2325,-3.8161,-2.3812,3.7109,2.3032,-0.9197,32.752,106.76,24.077,-0.52223,-6.0787,-7.0555
-0.79192,-5.6548,-2.7378,5.6228,1.2795,-1.7886,34.907,112.41,27.76,0.70195,-5.8209,-7.3832
-5.2807,-9.3666,-2.6586,9.6126,-1.3048,-3.3629,36.328,116.93,31.004,1.4337,-6.1256,-7.9034
-11.135,-14.008,-2.1398,14.645,-4.8376,-5.24,36.828,120.25,33.382,1.5686,-6.8826,-8.483
-16.844,-18.325,-1.3128,19.398,-8.3939,-6.8712,36.571,122.71,34.827,1.2756,-7.7656,-8.8817
-20.853,-21.055,-0.41842,22.594,-10.943,-7.7061,36.003,124.94,35.689,0.98147,-8.3276,-8.8353
-21.859,-21.23,0.24201,23.201,-11.597,-7.3912,35.661,127.63,36.551,1.1494,-8.1918,-8.187
-19.032,-18.446,0.37366,20.604,-9.8346,-5.9325,35.916,131.26,37.935,2.0099,-7.2317,-6.9867
-12.325,-13.157,-0.23448,14.918,-5.6366,-3.7222,36.817,135.95,40.099,3.4567,-5.6414,-5.5171
-2.905,-6.6637,-1.6396,7.2713,0.3507,-1.4185,38.203,141.38,43.029,5.1228,-3.8779,-4.2203
6.9048,-0.69926,-3.7006,-0.36872,6.7972,0.25795,39.871,146.97,46.494,6.5518,-2.4942,-3.5479
14.39,3.0427,-6.0746,-5.818,12.105,0.73824,41.627,152.13,50.105,7.3931,-1.9281,-3.8007
17.414,3.3606,-8.26,-7.3557,14.924,-0.22069,43.316,156.55,53.468,7.5367,-2.3351,-5.0047
15.032,-0.077579,-9.69,-4.3004,14.442,-2.4453,44.955,160.38,56.438,7.1448,-3.5305,-6.8859
7.6311,-6.5519,-9.8884,2.7087,10.53,-5.3975,46.752,164.18,59.23,6.6011,-5.0554,-8.9642
-3.2095,-14.492,-8.6438,11.963,3.8366,-8.3592,48.96,168.6,62.229,6.4003,-6.3445,-10.717
-15.122,-22.06,-6.1104,21.327,-4.297,-10.636,51.743,174.18,65.754,6.9947,-6.9271,-11.731
-25.577,-27.693,-2.7772,28.894,-12.167,-11.715,55.111,181.19,69.925,8.6343,-6.5719,-11.806
-32.501,-30.347,0.68166,33.314,-18.17,-11.377,58.9,189.53,74.617,11.265,-5.3406,-10.984
-34.721,-29.641,3.5976,33.899,-21.227,-9.7197,62.813,198.78,79.552,14.554,-3.5409,-9.5039
-32.253,-25.932,5.4662,30.818,-21.021,-7.0908,66.534,208.34,84.464,18.03,-1.5967,-7.7004
-26.067,-20.08,6.0355,24.922,-17.939,-3.992,69.863,217.66,89.212,21.264,0.098172,-5.899
-17.547,-13.247,5.3242,17.439,-12.816,-0.99015,72.772,226.43,93.808,24.018,1.2949,-4.3531
-8.3298,-6.7774,3.5708,9.857,-6.6565,1.3979,75.39,234.59,98.38,26.33,1.9513,-3.2068
-0.095339,-1.8919,1.1458,3.5991,-0.48419,2.8338,77.926,242.29,103.09,28.466,2.2169,-2.4825
5.9683,0.71941,-1.5319,-0.45885,4.7962,3.247,80.584,249.8,108.0,30.802,2.3459,-2.1098
9.4145,1.0662,-4.0568,-2.1026,8.589,2.8313,83.52,257.43,113.07,33.662,2.5885,-1.9869
10.322,-0.30804,-6.0785,-1.6121,10.675,1.9529,86.859,265.58,118.25,37.164,3.1157,-2.0247
9.1132,-2.5965,-7.3071,0.3691,11.099,1.0391,90.684,274.66,123.59,41.129,3.9914,-2.147
6.4969,-4.932,-7.4907,2.9819,10.065,0.50261,94.952,284.92,129.26,45.182,5.1724,-2.2855
3.2875,-6.5511,-6.4289,5.4331,7.8647,0.67572,99.406,296.27,135.32,48.996,6.5363,-2.3972
0.14647,-6.9786,-4.0465,7.2095,4.8132,1.7642,103.69,308.4,141.71,52.423,7.9335,-2.4739
-2.5409,-6.1209,-0.47799,8.0848,1.2427,3.8175,107.56,320.87,148.21,55.442,9.2112,-2.522
-4.6679,-4.2558,3.9057,8.1224,-2.4725,6.6685,110.99,333.3,154.6,58.071,10.203,-2.5421
-6.3104,-1.9071,8.5501,7.6285,-5.9583,9.9086,114.1,345.39,160.68,60.338,10.798,-2.5213
-7.605,0.33216,12.831,6.9965,-8.9194,12.99,117.0,357.02,166.39,62.344,11.089,-2.4169
-8.6961,1.9517,16.199,6.5823,-11.181,15.425,119.85,368.32,171.79,64.335,11.428,-2.147
-9.7072,2.6486,18.322,6.626,-12.694,16.967,122.75,379.52,177.1,66.669,12.292,-1.6259
-10.691,2.4173,19.17,7.186,-13.509,17.678,125.78,390.79,182.57,69.671,14.043,-0.82316
-11.588,1.5838,18.98,8.1012,-13.726,17.897,128.9,402.06,188.34,73.458,16.747,0.21029
-12.226,0.75297,18.124,9.0207,-13.439,18.121,132.03,413.22,194.33,77.84,20.141,1.3577
-12.366,0.62908,16.962,9.5026,-12.696,18.847,135.06,424.24,200.31,82.353,23.693,2.4709
-11.764,1.7743,15.74,9.1383,-11.493,20.41,137.85,435.26,206.1,86.465,26.827,3.4111
-10.228,4.4513,14.546,7.6518,-9.7955,22.881,140.35,446.56,211.69,89.867,29.281,4.1113
-7.6717,8.6068,13.361,4.9548,-7.5711,26.085,142.54,458.44,217.14,92.62,31.267,4.6491
-4.1531,13.95,12.212,1.1861,-4.8385,29.719,144.51,471.01,222.62,95.081,33.308,5.2686
0.094347,20.058,11.281,-3.2738,-1.7049,33.516,146.38,484.1,228.3,97.703,35.884,6.3175
4.7079,26.476,10.884,-7.9023,1.6175,37.378,148.23,497.4,234.29,100.83,39.137,8.143
9.2892,32.851,11.369,-12.251,4.818,41.38,150.02,510.56,240.57,104.59,42.842,10.991
13.473,39.082,13.017,-16.132,7.5155,45.622,151.67,523.11,246.97,108.88,46.64,14.913
16.926,45.354,15.967,-19.65,9.3102,50.102,153.07,534.55,253.25,113.43,50.29,19.706
19.33,51.958,20.175,-23.125,9.8485,54.686,154.14,544.56,259.22,117.99,53.756,24.938
20.406,58.894,25.42,-27.007,8.8798,59.112,154.84,553.34,264.78,122.43,57.19,30.143
20.015,65.523,31.357,-31.697,6.3138,63.114,155.23,561.41,269.99,126.77,60.889,35.044
18.289,70.899,37.526,-37.014,2.3062,66.615,155.44,569.4,275.0,131.2,65.201,39.625
15.699,74.67,43.41,-41.926,-2.688,69.814,155.65,577.85,279.98,135.95,70.372,44.049
12.914,77.282,48.562,-45.581,-8.0099,73.092,156.01,587.0,285.08,141.16,76.433,48.547
10.638,79.449,52.653,-48.143,-12.975,76.804,156.58,596.52,290.21,146.87,83.237,53.332
9.6863,81.721,55.428,-50.337,-16.98,80.852,157.3,605.49,295.06,152.96,90.545,58.539
11.076,84.356,56.775,-52.872,-19.525,84.519,158.04,612.92,299.3,159.29,98.036,64.167
15.635,87.477,56.764,-56.241,-20.23,87.175,158.6,618.31,302.82,165.66,105.34,70.002
23.349,91.163,55.398,-60.69,-18.83,88.766,158.71,621.75,305.72,171.9,112.13,75.649
33.328,95.281,52.552,-66.179,-15.152,89.385,158.08,623.53,308.15,177.97,118.27,80.778
44.285,99.385,48.13,-72.339,-9.2643,89.009,156.38,623.89,310.25,184.0,123.83,85.322
54.99,102.82,42.137,-78.549,-1.7902,87.625,153.33,623.01,312.11,190.19,129.16,89.482
64.681,104.96,34.668,-84.122,6.1767,85.231,148.8,621.1,313.81,196.72,134.81,93.718
73.115,105.42,25.929,-88.544,13.711,81.714,142.89,618.33,315.35,203.68,141.52,98.7
80.387,104.22,16.409,-91.637,20.48,77.005,135.83,614.77,316.76,211.12,150.03,105.07
86.679,101.86,6.9175,-93.543,26.493,71.535,127.99,610.33,318.07,219.09,160.65,113.07
92.104,99.035,-1.6003,-94.541,31.771,66.222,119.74,604.82,319.27,227.64,172.99,122.25
96.673,96.37,-8.1109,-94.889,36.341,61.966,111.41,597.97,320.37,236.81,186.06,131.65
100.19,94.24,-11.665,-94.79,40.331,59.295,103.12,589.37,321.32,246.52,198.78,140.41
102.29,92.848,-11.864,-94.426,43.662,58.261,94.724,578.59,322.07,256.59,210.65,148.23
102.87,92.291,-9.1759,-93.899,45.387,58.403,85.794,565.47,322.6,266.85,221.88,155.52
102.19,92.462,-4.7489,-93.2,44.913,58.748,75.828,550.86,322.94,277.32,233.06,162.96
100.79,92.995,0.04094,-92.317,43.553,57.902,64.645,536.42,323.18,288.11,244.88,171.06
99.528,93.397,3.946,-91.372,42.796,54.606,52.56,523.3,323.43,299.38,257.92,180.06
99.472,93.298,6.02,-90.621,43.619,48.964,40.279,511.3,323.79,311.3,272.51,189.91
101.53,92.595,5.6522,-90.344,46.973,42.398,28.754,499.42,324.28,324.01,288.39,200.31
106.05,91.421,2.1756,-90.701,53.466,36.069,18.465,486.57,324.85,337.53,304.73,210.74
112.74,90.006,-6.3026,-91.693,62.8,30.487,8.8676,471.95,325.43,351.5,320.49,220.65
120.91,88.616,-20.339,-93.224,73.658,25.829,-0.75765,455.19,325.98,365.16,335.03,229.68
129.75,87.491,-33.742,-95.189,84.617,22.062,-10.676,436.56,326.52,377.67,348.14,237.75
138.45,86.739,-43.996,-97.488,94.863,18.932,-20.87,416.95,327.14,388.74,359.88,245.08
146.41,86.243,-52.702,-99.997,104.11,15.975,-31.354,397.57,327.89,398.79,370.66,251.98
153.45,85.698,-61.059,-102.56,112.42,12.658,-42.274,379.37,328.78,408.78,381.15,258.72
159.79,84.72,-69.81,-105.03,120.14,8.6636,-53.715,362.58,329.75,419.77,392.18,265.5
165.74,82.963,-79.44,-107.28,127.8,4.2056,-65.471,346.76,330.7,432.42,404.39,272.39
171.48,80.23,-90.001,-109.19,135.74,-0.066185,-77.092,331.17,331.54,446.67,417.7,279.34
176.91,76.653,-100.84,-110.72,143.73,-3.602,-88.034,315.26,332.19,461.61,431.15,286.04
181.51,72.704,-110.53,-111.8,150.9,-6.2189,-97.792,298.94,332.61,475.88,443.47,292.1
184.67,68.837,-117.7,-112.29,156.29,-7.9726,-106.09,282.6,332.83,488.43,454.02,297.22
185.99,65.126,-122.01,-112.01,159.37,-9.0353,-112.99,266.83,332.89,498.96,462.88,301.32
185.42,61.3,-123.95,-110.77,160.14,-9.6628,-118.8,252.14,332.84,507.64,470.34,304.26
183.23,57.011,-124.26,-108.54,158.98,-10.176,-123.86,238.7,332.73,514.59,476.34,305.78
179.95,52.006,-123.71,-105.52,156.52,-10.904,-128.37,226.17,332.56,519.69,480.29,305.49
176.28,46.215,-123.02,-102.1,153.58,-12.098,-132.36,213.99,332.26,522.89,481.76,303.4
172.87,39.792,-122.74,-98.736,150.92,-13.843,-135.71,201.75,331.68,524.56,481.28,300.24
170.05,33.111,-123.13,-95.739,149.0,-16.008,-138.17,189.3,330.6,525.26,479.93,296.84
167.84,26.67,-124.06,-93.197,147.86,-18.259,-139.51,176.67,328.9,525.18,478.1,293.52
165.97,20.892,-125.01,-90.996,147.12,-20.172,-139.69,164.02,326.61,524.03,475.45,290.09
164.01,15.996,-125.3,-88.906,146.27,-21.378,-138.93,151.57,323.71,521.19,471.52,286.26
161.48,12.027,-124.43,-86.674,144.82,-21.657,-137.59,139.5,319.83,515.92,465.92,281.76
157.93,9.0089,-122.17,-84.109,142.37,-20.97,-135.92,127.83,314.13,507.54,458.19,276.39
153.02,7.0127,-118.58,-81.184,138.59,-19.444,-134.0,116.5,306.02,495.86,448.08,270.1
146.85,6.0878,-113.85,-78.014,133.38,-17.335,-131.81,105.44,296.04,481.65,436.15,263.07
140.05,6.0677,-108.19,-74.71,127.19,-14.959,-129.33,94.618,285.16,466.2,423.54,255.69
133.24,6.5034,-101.78,-71.274,120.62,-12.617,-126.6,84.021,273.79,450.33,411.14,248.31
126.44,6.8377,-94.661,-67.55,113.77,-10.523,-123.73,73.607,261.72,434.18,399.11,241.02
119.12,6.6193,-86.619,-63.239,106.15,-8.7688,-120.84,63.294,248.71,417.45,386.95,233.63
110.8,5.6063,-77.539,-57.972,97.419,-7.3486,-118.05,52.817,234.7,399.81,373.86,225.77
101.37,3.8035,-67.876,-51.438,87.914,-6.2272,-115.38,41.848,219.84,380.93,359.08,217.15
91.095,1.4512,-58.523,-43.573,78.353,-5.3878,-112.79,30.948,204.36,360.61,342.26,207.66
80.219,-1.0463,-50.098,-34.784,69.227,-4.8398,-110.12,21.663,188.63,339.03,323.69,197.51
69.042,-3.2669,-42.614,-26.014,60.722,-4.6209,-107.16,14.758,173.19,317.07,304.44,187.17
58.556,-4.9384,-35.967,-18.371,53.212,-4.7994,-103.68,9.8432,158.59,295.98,286.0,177.16
50.443,-6.0236,-30.801,-12.472,47.512,-5.4583,-99.586,6.3227,145.13,276.66,269.52,167.85
45.589,-6.6947,-28.194,-8.2643,44.487,-6.6317,-94.932,3.7883,132.86,259.22,255.29,159.38
43.017,-7.1985,-28.004,-5.4085,43.909,-8.2246,-90.019,1.9774,121.75,243.27,242.93,151.74
40.678,-7.7229,-28.862,-3.5891,43.808,-9.9804,-85.238,0.69163,111.79,228.37,231.76,144.73
37.08,-8.3629,-29.436,-2.3958,41.774,-11.533,-80.852,-0.24273,102.96,214.3,221.04,138.09
32.147,-9.1567,-28.982,-1.1942,37.381,-12.523,-76.872,-0.98354,94.967,200.85,210.09,131.56
26.473,-10.115,-27.202,0.60506,31.839,-12.725,-73.116,-1.6561,87.124,187.42,198.31,124.79
20.347,-11.24,-24.055,3.2361,26.015,-12.134,-69.375,-2.3339,78.65,173.14,185.19,117.4
13.802,-12.535,-19.769,6.5532,20.028,-10.988,-65.561,-3.0355,69.273,157.69,170.59,109.21
6.9349,-13.981,-14.977,10.178,13.221,-9.6999,-61.773,-3.7462,59.291,141.8,155.22,100.44
0.26413,-15.473,-10.772,13.591,5.8084,-8.7315,-58.219,-4.4473,49.076,126.61,140.28,91.551
-4.887,-16.767,-8.4784,16.094,0.35494,-8.4256,-55.072,-5.1306,39.033,112.92,126.77,82.849
-6.7468,-17.489,-8.992,16.88,-0.59138,-8.8795,-52.36,-5.785,29.901,100.82,115.06,74.679
-4.3642,-17.277,-12.176,15.415,3.1776,-9.9148,-49.987,-6.3828,22.397,89.796,104.93,67.749
1.5614,-15.969,-16.807,11.805,10.034,-11.165,-47.787,-6.8859,16.585,79.108,95.666,62.637
9.0141,-13.799,-21.197,6.9554,17.514,-12.23,-45.56,-7.278,12.036,68.278,86.567,58.947
15.496,-11.436,-23.981,2.382,23.308,-12.834,-43.076,-7.5881,8.3206,57.405,77.26,55.638
18.84,-9.7743,-24.542,-0.35244,25.755,-12.896,-40.117,-7.8734,5.1905,47.214,67.936,51.879
17.78,-9.5797,-22.876,-0.19883,24.16,-12.521,-36.594,-8.1718,2.5226,38.455,59.517,47.349
12.203,-11.183,-19.257,3.0697,18.752,-11.912,-32.653,-8.4637,0.24992,30.922,52.828,42.094
3.1577,-14.321,-14.218,8.7996,10.515,-11.244,-28.6,-8.6722,-1.6563,23.699,47.534,36.324
-7.3789,-18.16,-8.5875,15.631,1.1329,-10.567,-24.668,-8.6847,-3.1901,16.494,42.832,30.35
-17.031,-21.532,-3.3147,21.867,-7.4167,-9.7906,-20.893,-8.3943,-4.3311,10.01,38.065,24.533
-23.711,-23.314,0.80387,25.954,-13.527,-8.7699,-17.206,-7.7471,-5.0754,5.0112,32.635,19.217
-26.274,-22.906,3.3399,26.994,-16.437,-7.4308,-13.594,-6.7801,-5.4617,1.629,26.116,14.682
-24.962,-20.53,4.3281,25.16,-16.357,-5.8569,-10.166,-5.6355,-5.5799,-0.5514,18.879,11.091
-21.153,-17.109,4.147,21.569,-14.225,-4.3006,-7.0976,-4.5288,-5.5618,-2.1328,12.28,8.4047
-16.507,-13.834,3.2703,17.627,-11.22,-3.1182,-4.5397,-3.6767,-5.5519,-3.6282,7.2493,6.3668
-12.45,-11.748,2.0915,14.573,-8.3482,-2.6391,-2.5522,-3.2104,-5.6678,-5.3264,3.4694,4.6299
-10.017,-11.454,0.89608,13.231,-6.3043,-3.0118,-1.0905,-3.1194,-5.9616,-7.2748,0.35841,2.9415
-9.6298,-12.897,-0.092527,13.766,-5.4424,-4.0977,-0.022207,-3.2513,-6.3994,-9.3313,-2.2851,1.2409
-10.902,-15.341,-0.73034,15.597,-5.6538,-5.4761,0.83,-3.3735,-6.873,-11.252,-4.391,-0.37279
-12.82,-17.617,-0.9587,17.636,-6.4465,-6.5822,1.6205,-3.2766,-7.2486,-12.809,-5.8695,-1.7451
-14.28,-18.668,-0.76302,18.84,-7.2345,-6.9319,2.4253,-2.8727,-7.4351,-13.912,-6.7655,-2.7712
-14.576,-18.03,-0.1872,18.68,-7.5676,-6.3132,3.2341,-2.2336,-7.4345,-14.674,-7.2952,-3.4596
-13.492,-15.893,0.62193,17.166,-7.1934,-4.8579,3.9773,-1.5516,-7.3373,-15.352,-7.7825,-3.934
-11.15,-12.834,1.4304,14.624,-6.0504,-2.9661,4.5764,-1.038,-7.2683,-16.216,-8.5311,-4.3737
-7.9389,-9.5666,1.9934,11.547,-4.2791,-1.1281,4.9965,-0.81252,-7.3189,-17.41,-9.696,-4.9244
-4.4888,-6.7682,2.1564,8.5462,-2.2071,0.25497,5.2735,-0.84688,-7.5047,-18.881,-11.217,-5.6407
-1.5393,-4.9537,1.9394,6.2356,-0.27167,0.98,5.5001,-0.99321,-7.7659,-20.392,-12.842,-6.4866
0.25306,-4.3724,1.5591,5.0825,1.074,1.0679,5.7777,-1.0719,-8.004,-21.639,-14.243,-7.3725
0.4491,-4.9804,1.3667,5.3133,1.4342,0.71948,6.1657,-0.96551,-8.1353,-22.395,-15.158,-8.198
-1.1093,-6.5113,1.7153,6.8884,0.54287,0.2134,6.6536,-0.67647,-8.1294,-22.619,-15.506,-8.8899
-4.2722,-8.6005,2.8087,9.5349,-1.6531,-0.21186,7.1649,-0.32209,-8.0122,-22.456,-15.417,-9.4273
-8.5888,-10.874,4.6084,12.81,-4.9358,-0.43399,7.5926,-0.073742,-7.838,-22.164,-15.168,-9.8387
-13.371,-12.978,6.8656,16.176,-8.8298,-0.43144,7.8547,-0.067951,-7.6534,-21.994,-15.061,-10.174
-17.826,-14.586,9.2579,19.085,-12.711,-0.20259,7.9345,-0.32878,-7.4722,-22.087,-15.29,-10.471
-21.226,-15.416,11.501,21.054,-15.964,0.28817,7.8857,-0.74351,-7.268,-22.415,-15.869,-10.731
-23.032,-15.252,13.371,21.725,-18.115,1.0824,7.7941,-1.1109,-6.9908,-22.806,-16.639,-10.926
-22.975,-14.009,14.684,20.936,-18.891,2.1646,7.7256,-1.2367,-6.5993,-23.036,-17.357,-11.028
-21.088,-11.825,15.315,18.792,-18.221,3.4183,7.6944,-1.0248,-6.0911,-22.943,-17.812,-11.035
-17.712,-9.1081,15.211,15.692,-16.223,4.6206,7.6614,-0.52192,-5.5133,-22.503,-17.91,-10.992
-13.455,-6.4552,14.393,12.255,-13.197,5.4913,7.5562,0.10084,-4.9411,-21.828,-17.704,-10.978
-9.079,-4.4742,12.949,9.1735,-9.6101,5.7901,7.316,0.62176,-4.4396,-21.095,-17.348,-11.073
-5.3578,-3.5877,11.041,7.033,-6.03,5.4195,6.9241,0.86478,-4.0305,-20.462,-17.016,-11.31
-2.8986,-3.8981,8.9245,6.1573,-3.0212,4.479,6.4253,0.77362,-3.6837,-19.994,-16.821,-11.65
-2.0139,-5.1584,7.0007,6.5322,-1.0531,3.2487,5.9176,0.43125,-3.3313,-19.649,-16.768,-11.98
-2.665,-6.8524,5.7824,7.834,-0.42754,2.1219,5.5191,0.020498,-2.896,-19.292,-16.746,-12.156
-4.487,-8.3514,5.7334,9.5408,-1.1927,1.5076,5.3277,-0.25321,-2.3189,-18.755,-16.576,-12.047
-6.8992,-9.101,7.0524,11.086,-3.1065,1.7132,5.3878,-0.24134,-1.5808,-17.895,-16.068,-11.583
-9.266,-8.7856,9.5348,12.007,-5.7026,2.8273,5.6797,0.09753,-0.70752,-16.648,-15.095,-10.772
-11.056,-7.4124,12.619,12.052,-8.4224,4.6628,6.1317,0.69171,0.24064,-15.038,-13.644,-9.6996
-11.971,-5.2979,15.596,11.246,-10.761,6.8104,6.642,1.3913,1.1934,-13.173,-11.835,-8.5012
-12.011,-2.9583,17.881,9.8769,-12.391,8.7874,7.1049,2.025,2.0952,-11.214,-9.8919,-7.3248
-11.442,-0.94733,19.179,8.3872,-13.214,10.198,7.4331,2.4522,2.9168,-9.3385,-8.0906,-6.2918
-10.665,0.30198,19.487,7.224,-13.339,10.834,7.5749,2.5936,3.6467,-7.6993,-6.6784,-5.4754
-10.059,0.58241,19.0,6.6947,-12.986,10.688,7.5181,2.4396,4.2712,-6.395,-5.8117,-4.8967
-9.8444,-0.050514,17.981,6.8761,-12.379,9.9007,7.2906,2.0493,4.7652,-5.4502,-5.5079,-4.5284
-10.013,-1.3176,16.644,7.6053,-11.65,8.695,6.9565,1.5502,5.1127,-4.801,-5.6209,-4.2913
-10.347,-2.8211,15.083,8.5501,-10.81,7.3061,6.6026,1.129,5.3417,-4.2966,-5.8674,-4.0637
-10.518,-4.1778,13.29,9.3387,-9.7892,5.9233,6.3121,0.97979,5.5262,-3.7524,-5.9235,-3.7281
-10.247,-5.126,11.236,9.6942,-8.5142,4.6556,6.1269,1.2174,5.7414,-3.0387,-5.5646,-3.2348
-9.4036,-5.5723,8.9615,9.514,-6.9807,3.542,6.0276,1.8089,6.0108,-2.1527,-4.7754,-2.6391
-8.0404,-5.5742,6.6145,8.8685,-5.2659,2.5909,5.9414,2.5674,6.2849,-1.2288,-3.7664,-2.0916
-6.3237,-5.2675,4.4132,7.9242,-3.4922,1.8131,5.7707,3.2126,6.4612,-0.48775,-2.8916,-1.7892
-4.4361,-4.7704,2.5672,6.8336,-1.7776,1.2314,5.43,3.473,6.4303,-0.14623,-2.4965,-1.9025
-2.514,-4.1333,1.2026,5.6757,-0.20922,0.87434,4.8812,3.1894,6.1274,-0.32347,-2.7725,-2.5077
-0.6616,-3.381,0.33416,4.4892,1.1525,0.74814,4.1589,2.3761,5.5648,-0.98233,-3.6741,-3.5472
0.9906,-2.594,-0.11682,3.3495,2.2514,0.80115,3.3689,1.2153,4.8303,-1.9289,-4.9309,-4.8397
2.2251,-1.9506,-0.27546,2.427,2.9992,0.90965,2.6565,-0.010683,4.0544,-2.8771,-6.1462,-6.136
2.7072,-1.713,-0.25942,2.007,3.2292,0.90266,2.1547,-1.0193,3.3614,-3.5526,-6.9468,-7.1997
2.0288,-2.1624,-0.12603,2.4434,2.6789,0.61948,1.9371,-1.6225,2.8266,-3.7901,-7.1168,-7.8782
-0.14767,-3.4929,0.1675,4.0223,1.0703,-0.019957,1.9938,-1.7819,2.4583,-3.5816,-6.6599,-8.133
-3.8938,-5.6979,0.77044,6.7927,-1.7113,-0.95438,2.2471,-1.6051,2.2097,-3.0621,-5.769,-8.0195
-8.8946,-8.5089,1.8687,10.477,-5.4878,-1.9658,2.5901,-1.2853,2.0153,-2.4413,-4.7268,-7.6367
-14.476,-11.425,3.5317,14.513,-9.8075,-2.7474,2.9354,-1.013,1.8292,-1.9136,-3.7861,-7.0784
-19.729,-13.832,5.589,18.168,-14.027,-3.0368,3.2456,-0.90268,1.6433,-1.5819,-3.0853,-6.415
-23.672,-15.176,7.6366,20.699,-17.391,-2.7301,3.5389,-0.96742,1.4776,-1.4324,-2.624,-5.7025
-25.432,-15.118,9.141,21.516,-19.143,-1.9197,3.8633,-1.1409,1.3523,-1.369,-2.3028,-4.9993
-24.423,-13.634,9.5882,20.324,-18.682,-0.85624,4.2505,-1.3289,1.2677,-1.2845,-2.0005,-4.3711
-20.491,-10.991,8.6421,17.181,-15.763,0.14099,4.6812,-1.464,1.1981,-1.123,-1.6446,-3.8868
-14.005,-7.6452,6.2738,12.502,-10.604,0.79516,5.0852,-1.5343,1.1019,-0.9051,-1.2386,-3.6019
-5.9357,-4.1416,2.8155,7.0214,-3.9608,0.96863,5.3787,-1.5769,0.94074,-0.70536,-0.84439,-3.5347
2.2446,-1.0349,-1.0906,1.703,2.9458,0.70323,5.5074,-1.6506,0.69895,-0.60754,-0.54521,-3.6493
8.9388,1.2021,-4.6315,-2.4777,8.752,0.18566,5.4653,-1.8022,0.39032,-0.66896,-0.41615,-3.861
12.866,2.2739,-7.0274,-4.7767,12.3,-0.34583,5.2874,-2.046,0.049376,-0.90514,-0.50397,-4.0665
13.339,2.1068,-7.7675,-4.8487,12.891,-0.70833,5.0274,-2.3626,-0.28853,-1.2945,-0.818,-4.1854
10.407,0.83006,-6.7858,-2.8162,10.481,-0.84593,4.7347,-2.7082,-0.60531,-1.7939,-1.3312,-4.1917
4.8671,-1.2745,-4.4849,0.76846,5.7549,-0.83905,4.4381,-3.0282,-0.90571,-2.3523,-1.9881,-4.1214
-1.9308,-3.8236,-1.5948,5.0748,-0.05533,-0.85417,4.143,-3.2702,-1.2072,-2.9182,-2.7135,-4.0507
-8.4621,-6.3955,1.0711,9.2175,-5.5632,-1.06,3.8413,-3.3985,-1.524,-3.4401,-3.4227,-4.0544
-13.421,-8.604,2.8563,12.445,-9.6067,-1.5449,3.5285,-3.4088,-1.8513,-3.8699,-4.0374,-4.1667
-16.0,-10.15,3.4055,14.267,-11.502,-2.2731,3.2135,-3.3383,-2.1665,-4.1728,-4.5047,-4.366
-16.055,-10.86,2.7123,14.547,-11.177,-3.1104,2.9184,-3.2654,-2.4454,-4.345,-4.8148,-4.592
-14.096,-10.751,1.0871,13.534,-9.1291,-3.9067,2.6689,-3.2946,-2.6816,-4.4276,-5.0104,-4.7819
-11.037,-10.071,-0.97651,11.768,-6.1816,-4.5748,2.4851,-3.5174,-2.8932,-4.4979,-5.1701,-4.9019
-7.889,-9.234,-2.9922,9.9067,-3.1719,-5.1196,2.3763,-3.9612,-3.1105,-4.6326,-5.3669,-4.9593
-5.4903,-8.6578,-4.6165,8.523,-0.75408,-5.6097,2.3395,-4.5551,-3.356,-4.8657,-5.6238,-4.9928
-4.31,-8.597,-5.6908,7.9319,0.70173,-6.1119,2.3625,-5.1356,-3.6314,-5.1695,-5.9018,-5.0522
-4.343,-9.0491,-6.2179,8.1174,1.1567,-6.6305,2.4273,-5.5112,-3.9188,-5.4701,-6.1234,-5.1735
-5.1511,-9.7507,-6.2909,8.7579,0.87521,-7.0752,2.5165,-5.5623,-4.1912,-5.6838,-6.214,-5.3586
-6.0311,-10.24,-6.0114,9.3274,0.3012,-7.2563,2.6209,-5.3096,-4.4212,-5.7499,-6.1325,-5.5665
-6.2717,-9.9802,-5.4488,9.2563,-0.11998,-6.9252,2.7435,-4.8899,-4.5814,-5.645,-5.8775,-5.7211
-5.4063,-8.5658,-4.649,8.1331,-0.09265,-5.8866,2.8934,-4.4666,-4.6451,-5.385,-5.478,-5.7326
-3.3721,-5.9483,-3.6663,5.8881,0.45341,-4.1352,3.0724,-4.1473,-4.5927,-5.0235,-4.9819,-5.5321
-0.55381,-2.547,-2.5891,2.8836,1.3592,-1.9207,3.2664,-3.9496,-4.4239,-4.6428,-4.4443,-5.1053
2.3135,0.86568,-1.5423,-0.16796,2.2946,0.30667,3.4525,-3.8018,-4.16,-4.3265,-3.9088,-4.5018
4.384,3.4357,-0.66058,-2.4489,2.8694,2.0426,3.6169,-3.5629,-3.8313,-4.114,-3.3831,-3.8111
4.9895,4.5107,-0.04244,-3.3186,2.7661,2.8961,3.7689,-3.0678,-3.4613,-3.9656,-2.8308,-3.1217
3.8491,3.8352,0.28401,-2.5083,1.8486,2.7088,3.9371,-2.198,-3.0626,-3.7757,-2.2008,-2.494
1.134,1.6037,0.35033,-0.17836,0.20978,1.5845,4.1455,-0.9506,-2.6481,-3.4348,-1.4823,-1.9618
-2.6009,-1.6286,0.19768,3.1483,-1.8505,-0.17332,4.3904,0.53226,-2.2449,-2.9025,-0.74316,-1.549
-6.5671,-5.1373,-0.17133,6.7471,-3.8846,-2.1822,4.6319,1.9907,-1.9001,-2.245,-0.12498,-1.2832
-9.9236,-8.25,-0.8042,9.8946,-5.3738,-4.1066,4.8086,3.1269,-1.6704,-1.6147,0.20571,-1.1954
-11.952,-10.511,-1.7689,12.034,-5.8539,-5.7334,4.867,3.7118,-1.5967,-1.1845,0.12936,-1.3058
-12.214,-11.73,-3.0962,12.857,-5.0691,-6.97,4.7915,3.6746,-1.6781,-1.0705,-0.36696,-1.6027
-10.673,-11.928,-4.7209,12.327,-3.0703,-7.7929,4.6177,3.1296,-1.8636,-1.279,-1.1731,-2.0274
-7.7146,-11.248,-6.4588,10.664,-0.21365,-8.2036,4.42,2.3224,-2.0709,-1.7035,-2.0924,-2.482
-4.0297,-9.9174,-8.0451,8.2983,2.9384,-8.22,4.28,1.5358,-2.2231,-2.1717,-2.9112,-2.8616
-0.4156,-8.2486,-9.2127,5.7758,5.7735,-7.8916,4.2551,0.99501,-2.2776,-2.5126,-3.4669,-3.0926
2.4285,-6.605,-9.774,3.6219,7.7766,-7.3138,4.3603,0.81065,-2.2326,-2.6109,-3.6853,-3.1532
4.0376,-5.327,-9.6707,2.2306,8.6297,-6.6241,4.5637,0.96395,-2.1142,-2.4355,-3.5873,-3.0725
4.2278,-4.6565,-8.9794,1.8085,8.2583,-5.978,4.7917,1.33,-1.9613,-2.0475,-3.2756,-2.922
3.076,-4.7026,-7.8794,2.3736,6.8169,-5.5189,4.9447,1.7256,-1.8173,-1.5857,-2.9089,-2.8016
0.85439,-5.4488,-6.5934,3.7907,4.6094,-5.3461,4.9268,1.9711,-1.7212,-1.2244,-2.6572,-2.8136
-2.0652,-6.7679,-5.3097,5.8249,1.9793,-5.4785,4.6833,1.9568,-1.6921,-1.1063,-2.6443,-3.0256
-5.3061,-8.4351,-4.1202,8.1953,-0.77816,-5.8325,4.231,1.6922,-1.7147,-1.2767,-2.8973,-3.438
-8.5503,-10.165,-3.0092,10.62,-3.4541,-6.2418,3.6608,1.3082,-1.7415,-1.6539,-3.3319,-3.9772
-11.559,-11.685,-1.9096,12.858,-5.9141,-6.5307,3.1058,1.0038,-1.713,-2.057,-3.788,-4.5222
-14.157,-12.825,-0.80097,14.747,-8.0508,-6.6083,2.6897,0.96401,-1.5864,-2.2822,-4.1,-4.9513
-16.207,-13.591,0.19661,16.217,-9.7285,-6.533,2.4815,1.2875,-1.3547,-2.1859,-4.1672,-5.1879
-17.59,-14.155,0.81233,17.277,-10.758,-6.5089,2.4764,1.9499,-1.0477,-1.7353,-3.9892,-5.2237
-18.225,-14.761,0.72631,17.98,-10.936,-6.8115,2.6071,2.8121,-0.71538,-1.0093,-3.6563,-5.1112
-18.085,-15.597,-0.28254,18.379,-10.136,-7.6563,2.7778,3.6708,-0.40374,-0.16362,-3.3037,-4.9288
-17.222,-16.683,-2.21,18.494,-8.3982,-9.0635,2.9126,4.3312,-0.13477,0.62191,-3.0533,-4.7402
-15.756,-17.822,-4.7505,18.293,-5.9772,-10.788,2.995,4.6767,0.10336,1.1988,-2.9699,-4.567
-13.854,-18.622,-7.3244,17.694,-3.2978,-12.355,3.0777,4.7158,0.35551,1.5012,-3.0366,-4.3791
-11.695,-18.612,-9.2461,16.583,-0.83751,-13.204,3.2567,4.5906,0.68715,1.5809,-3.1474,-4.1
-9.4255,-17.402,-9.9758,14.864,1.0062,-12.91,3.6316,4.5369,1.1594,1.6005,-3.1291,-3.6332
-7.1658,-14.859,-9.3149,12.526,2.0177,-11.345,4.2644,4.7915,1.7993,1.7672,-2.8053,-2.9102
-5.025,-11.207,-7.4574,9.7223,2.2048,-8.7341,5.1422,5.4872,2.5799,2.2327,-2.0846,-1.9406
-3.133,-7.0246,-4.9102,6.788,1.7699,-5.5986,6.1627,6.5881,3.4205,3.0159,-1.0214,-0.83153
-1.6472,-3.1178,-2.3398,4.1897,1.0259,-2.6179,7.1561,7.8948,4.2089,3.9923,0.18704,0.23555
-0.72535,-0.30792,-0.40223,2.4063,0.29935,-0.46288,7.9348,9.1174,4.8388,4.949,1.2631,1.0586
-0.47182,0.80393,0.40361,1.7819,-0.14558,0.37373,8.3533,9.9855,5.2455,5.6692,1.9426,1.4766
-0.8827,0.010821,-0.1542,2.4081,-0.15041,-0.29418,8.3528,10.351,5.4234,6.0056,2.0586,1.4154
-1.8174,-2.444,-1.9832,4.0841,0.32123,-2.3086,7.9733,10.242,5.4172,5.9137,1.5865,0.90285
-3.0129,-5.9408,-4.6817,6.3687,1.192,-5.2298,7.3325,9.8413,5.2951,5.4515,0.65049,0.055836
-4.1369,-9.6492,-7.645,8.6981,2.3038,-8.4439,6.5889,9.4136,5.1248,4.7687,-0.48853,-0.94473
-4.8652,-12.73,-10.242,10.526,3.4682,-11.278,5.9073,9.2163,4.9675,4.0897,-1.4736,-1.8776
-4.9635,-14.532,-11.983,11.438,4.5141,-13.139,5.4294,9.4312,4.8857,3.6681,-1.9537,-2.5161
-4.3467,-14.725,-12.634,11.229,5.311,-13.67,5.2459,10.132,4.9404,3.6994,-1.7345,-2.7008
-3.0796,-13.344,-12.247,9.9354,5.8026,-12.855,5.3694,11.273,5.1665,4.2275,-0.88296,-2.4167
-1.3021,-10.762,-11.152,7.8161,6.0998,-11.016,5.7236,12.691,5.5469,5.1188,0.29741,-1.8002
0.85278,-7.6009,-9.8835,5.27,6.5072,-8.7256,6.1588,14.132,6.0112,6.1187,1.3896,-1.0761
3.2338,-4.5908,-9.0066,2.7499,7.3217,-6.6436,6.4979,15.318,6.4549,6.9367,2.0081,-0.48478
5.5701,-2.3913,-8.9095,0.69607,8.6,-5.32,6.602,16.047,6.7739,7.3297,1.9194,-0.21898
7.4483,-1.4251,-9.6616,-0.52422,10.109,-5.0198,6.4287,16.289,6.9047,7.1899,1.1232,-0.36683
8.4038,-1.7817,-10.971,-0.68191,11.389,-5.6605,6.0497,16.204,6.8554,6.6037,-0.13434,-0.87928
8.05,-3.2277,-12.25,0.26884,11.883,-6.8755,5.6179,16.08,6.7032,5.8278,-1.4429,-1.5872
6.1988,-5.3086,-12.829,2.1826,11.118,-8.1639,5.3048,16.205,6.5576,5.1781,-2.3886,-2.2635
2.9532,-7.5036,-12.245,4.7552,8.9103,-9.0661,5.2363,16.744,6.5104,4.8925,-2.7164,-2.7009
-1.2652,-9.3789,-10.45,7.5883,5.4825,-9.3114,5.4513,17.661,6.5982,5.0372,-2.4207,-2.7768
-5.7916,-10.689,-7.8038,10.27,1.4136,-8.8926,5.8912,18.732,6.7903,5.4889,-1.7334,-2.4893
-9.888,-11.404,-4.9183,12.46,-2.5398,-8.0379,6.4238,19.624,7.0024,5.9978,-1.0148,-1.9556
-12.952,-11.665,-2.4439,13.959,-5.6647,-7.0986,6.8941,20.041,7.134,6.2952,-0.59782,-1.3665
-14.683,-11.705,-0.88601,14.755,-7.4918,-6.4115,7.1839,19.848,7.1114,6.2067,-0.66346,-0.91275
-15.146,-11.768,-0.47682,15.009,-7.9202,-6.195,7.2536,19.134,6.9176,5.7146,-1.1883,-0.71869
-14.706,-12.051,-1.1303,14.989,-7.2136,-6.5031,7.1485,18.184,6.5971,4.9541,-1.9716,-0.81224
-13.859,-12.658,-2.4912,14.973,-5.8576,-7.2343,6.9715,17.358,6.2329,4.155,-2.7301,-1.134
-13.052,-13.563,-4.0736,15.146,-4.3763,-8.186,6.833,16.95,5.91,3.5473,-3.2189,-1.5713
-12.565,-14.609,-5.4384,15.542,-3.1942,-9.1323,6.798,17.06,5.6699,3.2653,-3.3296,-2.0036
-12.459,-15.546,-6.3081,16.039,-2.5465,-9.8794,6.8577,17.549,5.4965,3.2978,-3.1161,-2.3389
-12.605,-16.109,-6.5728,16.417,-2.4441,-10.282,6.9449,18.082,5.3374,3.5066,-2.7527,-2.5241
-12.77,-16.091,-6.2663,16.458,-2.7203,-10.252,6.9838,18.276,5.1443,3.7006,-2.4463,-2.5383
-12.718,-15.409,-5.5451,16.034,-3.1354,-9.7724,6.939,17.89,4.9031,3.7284,-2.3461,-2.3839
-12.295,-14.13,-4.6433,15.148,-3.4649,-8.9142,6.8333,16.941,4.6335,3.539,-2.4876,-2.0854
-11.428,-12.435,-3.8351,13.886,-3.4789,-7.8361,6.7246,15.688,4.367,3.1867,-2.7856,-1.6933
-10.02,-10.558,-3.4201,12.332,-2.8842,-6.766,6.6648,14.484,4.1199,2.7878,-3.076,-1.2886
-7.9106,-8.739,-3.6834,10.527,-1.4082,-5.9574,6.6669,13.608,3.8805,2.4597,-3.1949,-0.97378
-5.031,-7.1985,-4.8043,8.5299,1.0413,-5.6271,6.6984,13.172,3.6162,2.2701,-3.0557,-0.85186
-1.6078,-6.1241,-6.7561,6.5183,4.2653,-5.888,6.6974,13.113,3.2926,2.2142,-2.6887,-0.99508
1.7651,-5.6514,-9.2516,4.8186,7.7296,-6.701,6.5979,13.235,2.8898,2.2194,-2.2266,-1.4229
4.2463,-5.8509,-11.745,3.846,10.624,-7.8687,6.353,13.263,2.4071,2.1677,-1.8525,-2.098
5.0161,-6.712,-13.514,3.9627,12.045,-9.0746,5.9538,12.914,1.8578,1.9277,-1.7334,-2.9368
3.5756,-8.1133,-13.866,5.3278,11.31,-9.956,5.4466,11.994,1.2684,1.4027,-1.9608,-3.8163
-0.039344,-9.7927,-12.443,7.8012,8.2866,-10.203,4.941,10.515,0.68913,0.60148,-2.503,-4.57
-5.1927,-11.36,-9.4075,10.921,3.5057,-9.662,4.5905,8.748,0.19799,-0.32357,-3.1846,-5.0139
-10.735,-12.39,-5.4231,13.965,-1.9723,-8.4128,4.5309,7.1186,-0.12533,-1.1306,-3.737,-5.0251
-15.261,-12.56,-1.4904,16.129,-6.7938,-6.7551,4.8074,5.9896,-0.2467,-1.6112,-3.9225,-4.6181
-17.538,-11.796,1.3163,16.807,-9.6765,-5.1343,5.338,5.4895,-0.20704,-1.6884,-3.6542,-3.9564
-16.956,-10.355,2.1664,15.856,-9.8138,-4.0372,5.9383,5.4867,-0.11314,-1.4446,-3.0397,-3.3019
-13.787,-8.786,0.72265,13.691,-7.1503,-3.8651,6.3878,5.6703,-0.09617,-1.0907,-2.3374,-2.9351
-9.0678,-7.7317,-2.7381,11.105,-2.4314,-4.8019,6.5047,5.6763,-0.26744,-0.89162,-1.8604,-3.0676
-4.1732,-7.6805,-7.3536,8.9492,3.061,-6.7428,6.2087,5.2249,-0.68017,-1.0692,-1.8598,-3.7664
-0.3528,-8.7701,-11.979,7.832,7.9823,-9.3013,5.5543,4.2268,-1.3074,-1.716,-2.4313,-4.9215
1.6254,-10.704,-15.605,7.9393,11.322,-11.879,4.7183,2.8141,-2.0453,-2.7481,-3.4758,-6.2701
1.6597,-12.816,-17.562,8.9842,12.606,-13.801,3.9464,1.2791,-2.7452,-3.9235,-4.7285,-7.4735
0.25772,-14.278,-17.55,10.32,11.907,-14.492,3.4728,-0.041087,-3.2627,-4.9285,-5.8437,-8.2208
-1.7084,-14.38,-15.669,11.188,9.7457,-13.657,3.4435,-0.88009,-3.5058,-5.4952,-6.5084,-8.3288
-3.3351,-12.795,-12.428,11.014,6.9283,-11.379,3.8672,-1.119,-3.4656,-5.5013,-6.5467,-7.8006
-4.0013,-9.7339,-8.61,9.6295,4.2768,-8.1242,4.6109,-0.81436,-3.2202,-5.0137,-5.9797,-6.8189
-3.5553,-5.9328,-5.0557,7.3447,2.3687,-4.6196,5.4396,-0.17363,-2.9084,-4.2649,-5.0183,-5.6772
-2.3637,-2.4097,-2.4413,4.8737,1.3923,-1.6507,6.0935,0.52052,-2.679,-3.5715,-3.9823,-4.6729
-1.1944,-0.13775,-1.1111,3.108,1.1352,0.1612,6.3817,1.0138,-2.6342,-3.2193,-3.1837,-4.0088
-0.88794,0.25176,-0.99355,2.7825,1.103,0.53956,6.2592,1.1715,-2.793,-3.3577,-2.8211,-3.7378
-1.9961,-1.3444,-1.6621,4.2121,0.75696,-0.38548,5.8448,1.017,-3.0919,-3.9463,-2.9227,-3.7659
-4.6291,-4.4815,-2.5424,7.2186,-0.27466,-2.1623,5.3611,0.70011,-3.4184,-4.7811,-3.3513,-3.9109
-8.4899,-8.3339,-3.125,11.215,-2.117,-4.1966,5.0282,0.41716,-3.6617,-5.5912,-3.8679,-3.9893
-12.968,-11.998,-3.0818,15.395,-4.6387,-5.9252,4.9758,0.32738,-3.7558,-6.1535,-4.2317,-3.8824
-17.277,-14.761,-2.3227,18.973,-7.4747,-6.944,5.2173,0.49598,-3.6988,-6.3647,-4.2937,-3.5609
-20.634,-16.22,-1.009,21.361,-10.101,-7.0933,5.6719,0.87779,-3.5453,-6.2484,-4.0457,-3.0793
-22.431,-16.276,0.48768,22.236,-11.945,-6.4684,6.206,1.3406,-3.3801,-5.9213,-3.6166,-2.5545
-22.335,-15.07,1.6751,21.523,-12.497,-5.3439,6.677,1.7135,-3.2843,-5.5463,-3.2192,-2.1197
-20.281,-12.876,2.0625,19.347,-11.414,-4.0651,6.9733,1.8387,-3.3091,-5.2869,-3.0689,-1.8716
-16.401,-10.035,1.2931,15.983,-8.6056,-2.9623,7.0449,1.6118,-3.4676,-5.2625,-3.3086,-1.8477
-11.029,-6.9384,-0.75756,11.849,-4.2485,-2.2772,6.9161,1.0048,-3.7414,-5.5146,-3.9668,-2.0318
-4.7723,-3.9609,-3.9199,7.4996,1.229,-2.0773,6.6748,0.075795,-4.0913,-5.9933,-4.9509,-2.3674
1.5009,-1.3223,-7.7026,3.5361,7.127,-2.1981,6.443,-1.0356,-4.4628,-6.5724,-6.0698,-2.7742
6.8527,0.95169,-11.368,0.46326,12.542,-2.3173,6.3401,-2.1333,-4.7908,-7.0883,-7.082,-3.1664
10.497,2.8276,-14.124,-1.4035,16.557,-2.1574,6.4512,-3.0181,-5.0113,-7.3928,-7.7623,-3.4666
11.956,4.1104,-15.287,-1.9745,18.423,-1.523,6.8099,-3.5507,-5.074,-7.3958,-7.9626,-3.6013
11.156,4.756,-14.322,-1.4519,17.711,-0.22942,7.4051,-3.6922,-4.9451,-7.0831,-7.6412,-3.4824
8.4538,5.2987,-10.977,-0.34305,14.441,1.9019,8.2072,-3.5051,-4.6071,-6.5093,-6.8571,-3.0159
4.5436,6.7109,-5.4728,0.71352,9.1238,5.2034,9.1869,-3.1213,-4.0661,-5.7795,-5.7488,-2.1688
0.2592,9.751,1.51,1.2067,2.693,9.9918,10.318,-2.6946,-3.3676,-5.0276,-4.5014,-1.0284
-3.6459,14.609,9.0602,0.91568,-3.7029,16.244,11.585,-2.3518,-2.597,-4.381,-3.3003,0.2082
-6.6918,21.091,16.324,-0.06669,-9.0225,23.695,13.0,-2.1547,-1.8588,-3.9175,-2.276,1.3009
-8.7555,28.719,22.791,-1.3946,-12.587,31.889,14.616,-2.0929,-1.2407,-3.6351,-1.4671,2.0463
-9.973,36.293,28.265,-2.5743,-14.133,39.613,16.506,-2.1066,-0.78463,-3.4566,-0.8203,2.3439
-10.527,42.012,32.33,-3.1888,-13.739,45.097,18.665,-2.1367,-0.47425,-3.2648,-0.22219,2.2304
-10.497,45.158,34.385,-3.2452,-11.768,47.734,20.917,-2.1409,-0.24343,-2.9446,0.46916,1.8807
-9.8828,46.862,34.783,-3.3642,-8.8728,48.723,22.939,-2.0948,-0.00042696,-2.4068,1.408,1.5787
-8.7145,48.985,34.865,-4.6056,-5.9237,49.726,24.409,-1.9884,0.34687,-1.5923,2.75,1.6726
-7.122,52.968,36.065,-8.0597,-3.7336,51.878,25.179,-1.8206,0.87709,-0.46486,4.6368,2.5244
-5.3139,59.386,39.411,-14.315,-2.8402,55.824,25.35,-1.5857,1.65,0.99928,7.1866,4.4639
-3.5409,67.928,45.035,-22.866,-3.4779,61.653,25.229,-1.2615,2.7006,2.8246,10.498,7.7424
-2.0695,77.672,52.318,-32.134,-5.5202,69.133,25.191,-0.81752,4.0303,5.0499,14.624,12.404
-1.101,87.497,60.31,-40.546,-8.398,77.974,25.494,-0.24559,5.6001,7.7263,19.475,18.054
-0.57848,96.383,67.916,-47.412,-11.204,87.416,26.133,0.40586,7.3257,10.886,24.729,23.965
-0.059246,103.58,74.032,-52.889,-13.01,96.129,26.819,1.0186,9.0784,14.484,29.946,29.622
1.1183,108.85,77.74,-57.634,-13.173,102.67,27.031,1.4234,10.695,18.357,34.819,34.886
3.467,112.87,78.484,-62.485,-11.551,106.14,26.058,1.45,12.009,22.232,39.275,39.784
7.0431,116.92,76.976,-68.098,-8.6524,107.64,23.093,0.99094,12.904,25.81,43.387,44.415
11.352,121.91,75.382,-74.529,-5.5497,109.71,17.518,0.04766,13.364,28.846,47.26,48.984
15.47,127.71,76.144,-81.073,-3.4567,113.7,9.425,-1.2609,13.485,31.207,50.998,53.794
18.329,133.67,80.752,-86.615,-3.2812,118.66,-0.2327,-2.7355,13.424,32.885,54.679,59.025
19.177,139.6,88.67,-90.34,-5.3546,123.72,-10.377,-4.1708,13.308,33.982,58.292,64.421
17.991,145.51,97.841,-92.105,-9.3257,129.84,-20.385,-5.4369,13.148,34.626,61.636,69.286
15.512,150.56,106.36,-92.249,-14.177,136.76,-29.766,-6.5275,12.838,34.869,64.347,72.886
12.897,153.44,112.19,-91.257,-18.441,141.95,-37.611,-7.5595,12.213,34.635,66.109,74.863
11.288,153.1,112.98,-89.567,-20.729,143.08,-42.824,-8.7187,11.13,33.763,66.827,75.299
11.427,148.99,107.91,-87.512,-20.303,139.15,-45.321,-10.189,9.5488,32.125,66.604,74.447
13.365,141.22,98.086,-85.289,-17.234,130.12,-46.39,-12.085,7.557,29.721,65.592,72.541
16.381,130.57,84.93,-82.933,-12.246,116.71,-47.101,-14.423,5.3345,26.667,63.912,69.787
19.334,118.44,69.628,-80.344,-6.4559,100.67,-47.637,-17.141,3.0902,23.156,61.653,66.403
21.297,106.6,54.437,-77.424,-1.0202,84.737,-47.937,-20.158,1.0066,19.427,58.893,62.697
21.979,96.731,42.13,-74.189,3.1735,71.638,-47.962,-23.425,-0.79984,15.763,55.753,59.13
21.674,89.773,33.968,-70.758,5.6806,63.021,-47.706,-26.962,-2.3025,12.437,52.459,56.213
20.945,85.673,29.54,-67.277,6.5838,59.012,-47.207,-30.818,-3.5681,9.6185,49.242,54.155
20.353,83.58,27.473,-63.853,6.3861,58.183,-46.56,-34.982,-4.7397,7.3124,46.08,52.618
20.256,82.235,25.544,-60.502,5.7262,58.104,-45.884,-39.268,-6.0208,5.3949,42.591,50.856
20.668,80.333,21.215,-57.076,5.1153,56.512,-45.286,-43.354,-7.6861,3.69,38.248,48.056
21.216,76.892,14.629,-53.224,4.824,52.58,-44.829,-46.995,-10.08,2.0173,32.79,43.772
21.292,71.568,9.1325,-48.49,4.9,46.584,-44.517,-50.17,-13.503,0.21433,26.521,38.242
20.384,64.676,5.6428,-42.58,5.2539,38.663,-44.309,-53.014,-17.956,-1.837,20.133,32.221
18.391,56.947,3.0603,-35.673,5.7723,30.177,-44.15,-55.676,-23.038,-4.1853,14.217,26.399
15.697,49.183,0.73543,-28.488,6.3979,23.178,-43.998,-58.22,-28.237,-6.8,8.9978,21.008
12.955,41.886,-1.4546,-21.914,7.1255,18.004,-43.837,-60.608,-33.261,-9.5808,4.4737,15.941
10.718,35.15,-3.4696,-16.476,7.943,13.971,-43.683,-62.736,-38.016,-12.379,0.61387,11.073
9.1632,28.847,-5.2434,-12.177,8.7649,10.407,-43.563,-64.473,-42.455,-15.025,-2.559,6.4624
8.0416,22.833,-6.6789,-8.6785,9.3854,6.97,-43.491,-65.737,-46.484,-17.36,-4.9983,2.3379
6.7967,17.035,-7.6337,-5.505,9.485,3.7402,-43.444,-66.555,-49.984,-19.282,-6.7043,-1.0307
4.7988,11.489,-7.9687,-2.2144,8.7167,1.0418,-43.369,-67.071,-52.878,-20.771,-7.7746,-3.4665
1.6328,6.3084,-7.6256,1.45,6.8642,-0.93209,-43.212,-67.492,-55.159,-21.886,-8.3993,-4.9416
-2.6802,1.578,-6.6759,5.4867,4.0013,-2.2848,-42.949,-67.996,-56.882,-22.734,-8.8075,-5.5654
-7.6644,-2.6774,-5.3216,9.6594,0.53553,-3.2572,-42.616,-68.658,-58.14,-23.43,-9.2001,-5.5404
-12.525,-6.3907,-3.8443,13.531,-2.896,-4.0323,-42.306,-69.429,-59.042,-24.061,-9.6962,-5.1118
-16.323,-9.2971,-2.513,16.509,-5.6075,-4.6192,-42.13,-70.172,-59.693,-24.657,-10.304,-4.5153
-18.189,-10.907,-1.4932,17.955,-7.0566,-4.8208,-42.146,-70.722,-60.173,-25.17,-10.923,-3.9308
-17.591,-10.715,-0.80588,17.386,-7.0053,-4.3509,-42.327,-70.952,-60.527,-25.495,-11.384,-3.458
-14.566,-8.548,-0.35408,14.726,-5.5993,-3.0538,-42.598,-70.816,-60.77,-25.52,-11.53,-3.1246
-9.8195,-4.8108,0.001425,10.475,-3.3308,-1.0599,-42.911,-70.379,-60.916,-25.204,-11.307,-2.9208
-4.577,-0.47343,0.35316,5.672,-0.88387,1.212,-43.276,-69.829,-60.988,-24.638,-10.801,-2.8385
-0.22458,3.2259,0.68608,1.6078,1.0817,3.1712,-43.741,-69.421,-61.033,-24.014,-10.225,-2.8941
2.125,5.1677,0.86959,-0.57402,2.1184,4.2321,-44.343,-69.373,-61.107,-23.566,-9.8449,-3.1278
1.9374,4.6755,0.70088,-0.22067,2.0949,3.9944,-45.056,-69.746,-61.256,-23.504,-9.8841,-3.5871
-0.6478,1.7048,-0.014113,2.652,1.2104,2.3737,-45.747,-70.402,-61.504,-23.965,-10.444,-4.3013
-4.9002,-3.1333,-1.3548,7.3725,-0.080829,-0.33599,-46.16,-71.054,-61.827,-24.98,-11.464,-5.25
-9.7318,-8.7298,-3.1639,12.824,-1.2358,-3.471,-45.928,-71.385,-62.162,-26.452,-12.723,-6.3351
-14.029,-13.789,-4.9235,17.804,-1.8238,-6.133,-44.581,-71.162,-62.402,-28.09,-13.886,-7.3735
-16.959,-17.121,-5.7786,21.37,-1.6773,-7.8124,-41.93,-70.396,-62.402,-29.126,-14.393,-8.1353
-18.138,-17.688,-5.2387,23.007,-0.97253,-9.5091,-39.913,-70.081,-61.934,-28.296,-13.353,-8.4159
-17.685,-14.573,-3.7226,22.617,-0.25,-11.125,-43.201,-73.69,-60.658,-26.019,-11.196,-8.1785
-16.153,-7.635,-0.52507,20.395,-0.30039,-9.6936,-49.935,-79.342,-59.494,-24.142,-10.179,-7.7195
-14.362,1.2577,5.9666,16.634,-1.8483,-3.6129,-52.852,-83.466,-65.542,-22.74,-9.5266,-7.3707
-13.124,9.6943,16.46,11.367,-5.2687,7.2228,-50.022,-86.108,-70.556,-25.801,-6.7588,-6.8553
-12.97,18.297,30.717,3.7177,-10.482,22.407,-40.996,-84.587,-73.821,-40.92,-18.4,-6.2346
-14.003,30.539,47.821,-6.3898,-16.936,40.88,-25.254,-74.771,-75.63,-62.861,-38.019,-13.337
-15.945,46.564,66.369,-10.283,-23.805,60.879,-3.9365,-53.102,-74.284,-89.134,-64.214,-22.649
-19.314,63.374,85.016,-12.277,-30.586,80.325,20.233,-17.768,-67.402,-115.58,-92.857,-34.083
-31.916,79.27,103.0,-17.652,-38.647,97.748,46.057,30.62,-52.64,-135.76,-114.59,-46.384
-40.455,94.561,119.58,-23.586,-59.395,113.39,75.034,88.321,-27.682,-140.98,-119.39,-55.498
-41.829,111.18,134.52,-30.98,-81.664,127.99,105.47,148.28,10.95,-120.97,-99.693,-54.496
-37.37,131.36,148.9,-42.074,-85.726,143.28,129.43,202.67,67.827,-64.95,-48.876,-36.419
-24.77,156.47,160.11,-59.423,-83.869,160.06,145.23,247.11,147.7,36.372,39.021,5.4987
-2.5252,187.55,168.77,-85.483,-77.376,178.19,156.42,281.41,254.48,185.58,168.87,79.758
29.603,224.6,175.0,-121.32,-65.974,199.89,164.85,307.04,389.1,385.67,343.65,185.35
72.488,269.46,177.5,-166.18,-46.204,224.58,170.3,325.1,546.55,633.59,565.48,320.37
128.74,320.72,173.2,-219.17,-15.579,248.41,170.99,335.77,716.11,917.83,833.26,484.34
198.13,372.17,157.74,-278.98,26.673,266.56,162.34,338.49,884.54,1231.9,1141.4,673.66
279.5,419.51,124.86,-343.91,83.055,274.91,136.29,331.79,1038.0,1566.5,1482.3,883.31
374.53,460.02,69.142,-412.42,157.64,269.35,82.282,314.19,1171.2,1913.2,1847.1,1107.8
484.48,490.12,-13.13,-482.76,253.6,244.62,-8.8443,286.96,1288.0,2265.6,2225.3,1340.2
609.32,504.06,-125.52,-551.78,372.63,196.16,-140.44,253.01,1397.8,2618.5,2603.4,1570.3
745.44,495.37,-270.19,-614.12,513.5,120.15,-308.7,214.42,1514.0,2965.8,2963.4,1783.8
884.12,458.95,-444.73,-663.48,670.5,14.25,-502.97,171.33,1649.2,3298.4,3282.6,1963.1
1013.4,391.94,-641.05,-693.52,833.81,-119.35,-707.59,121.69,1808.8,3601.3,3534.7,2090.1
1118.8,296.21,-843.32,-698.59,988.08,-270.5,-905.09,62.084,1984.8,3851.8,3691.9,2149.4
1186.2,180.76,-1026.9,-675.56,1113.5,-421.15,-1079.0,-12.05,2153.1,4018.2,3727.7,2131.5
1203.6,60.24,-1163.5,-625.02,1190.6,-549.41,-1215.3,-108.58,2276.4,4063.3,3621.6,2034.2
1160.9,-50.457,-1228.5,-549.55,1202.0,-635.78,-1304.5,-235.82,2312.6,3952.9,3364.7,1863.1
1053.6,-140.73,-1208.8,-452.83,1138.0,-669.46,-1342.6,-395.99,2226.8,3667.4,2965.9,1631.2
890.66,-205.18,-1108.6,-342.44,1005.0,-651.06,-1332.1,-581.03,2003.6,3212.6,2455.6,1358.2
695.51,-242.19,-949.52,-229.72,825.92,-590.9,-1280.7,-771.81,1654.8,2624.1,1883.3,1068.5
497.86,-253.39,-762.46,-127.19,631.78,-505.0,-1199.1,-941.64,1218.7,1962.9,1309.7,787.67
323.84,-243.77,-577.9,-45.604,451.75,-410.17,-1098.1,-1064.1,751.91,1303.0,793.61,538.5
190.3,-220.33,-419.27,9.5571,306.78,-320.4,-986.91,-1121.4,315.49,715.38,380.12,336.39
96.681,-190.27,-299.64,39.876,206.24,-245.01,-872.49,-1108.4,-38.761,253.15,91.786,187.99
55.229,-159.79,-220.88,50.569,147.38,-187.93,-759.9,-1032.3,-278.53,-57.423,-72.776,91.583
48.384,-131.72,-175.94,48.678,118.73,-148.16,-652.56,-910.13,-395.72,-219.07,-134.43,38.57
50.828,-104.54,-152.75,40.852,105.34,-121.76,-552.32,-763.23,-404.64,-258.23,-126.75,16.472
52.948,-78.008,-138.09,30.735,95.654,-103.54,-460.38,-611.54,-336.51,-214.16,-83.199,12.315
51.588,-58.488,-123.09,20.676,84.442,-88.528,-377.65,-470.61,-232.77,-132.29,-32.67,15.803
44.219,-48.223,-105.36,13.944,70.942,-74.948,-304.87,-350.22,-129.48,-50.841,1.923,19.137
30.093,-43.804,-84.207,14.26,54.692,-61.779,-242.39,-254.27,-46.534,10.35,16.68,17.869
9.2236,-41.731,-60.55,15.734,35.702,-48.68,-190.09,-181.9,8.4908,32.365,16.623,12.586
-12.714,-37.699,-36.301,17.957,13.981,-35.45,-147.56,-128.36,37.83,32.694,9.8623,6.0032
-20.721,-27.475,-15.164,19.797,-3.9399,-22.898,-114.16,-89.722,47.448,28.276,-0.60506,0.89488
-24.96,-18.338,-2.4277,20.626,-12.568,-12.758,-88.646,-63.376,45.314,23.77,-6.3268,-3.8789
-26.618,-13.882,3.3952,20.338,-17.091,-6.7553,-68.837,-46.038,38.853,16.25,-7.6236,-5.2598
-26.007,-11.253,5.9726,19.141,-18.194,-3.9805,-52.476,-34.347,32.768,10.54,-8.6612,-5.5289
-23.66,-9.5734,6.6273,17.394,-17.11,-2.4011,-38.614,-25.391,27.692,2.7443,-7.9732,-5.4865
-20.291,-8.6523,5.8253,15.479,-14.647,-1.8114,-27.528,-17.461,22.336,-4.6005,-7.1753,-5.5377
-16.648,-8.3016,3.898,13.701,-11.425,-2.1705,-19.468,-10.345,5.7857,-4.0166,-6.9668,-5.9304
-13.339,-8.2469,1.5202,12.212,-8.0745,-3.0029,-14.719,-3.9258,5.9769,-4.2247,-7.5446,-6.7202
-10.677,-8.1694,-0.62943,10.989,-5.1261,-3.7829,-14.797,0.3187,6.0428,-5.4502,-8.8188,-7.7823
-8.6476,-7.7898,-2.1358,9.8832,-2.8498,-4.1668,-15.589,1.5604,5.2595,-7.3546,-10.464,-8.875
-7.0211,-6.9697,-2.9292,8.7301,-1.2126,-4.0626,-11.159,2.2422,4.031,-9.5005,-12.034,-9.7373
-5.5299,-5.7771,-3.2561,7.4576,0.029846,-3.6104,-5.5732,2.8792,2.7536,-11.48,-13.139,-10.201
-3.9881,-4.4593,-3.5117,6.1195,1.1707,-3.0939,-1.8031,3.6572,1.6297,-12.993,-13.606,-10.276
-2.3027,-3.3353,-4.0358,4.8324,2.4569,-2.8154,0.49105,4.6264,0.68242,-13.949,-13.551,-10.155
-0.4323,-2.6732,-5.0354,3.6938,4.0822,-2.9865,1.9322,5.7058,-0.16328,-14.491,-13.307,-10.129
1.5961,-2.6135,-6.582,2.7704,6.1295,-3.675,2.7993,6.7231,-1.0032,-14.905,-13.278,-10.462
3.6014,-3.1601,-8.5793,2.1445,8.4431,-4.8117,3.1788,7.4851,-1.9012,-15.488,-13.774,-11.295
5.2061,-4.2263,-10.747,1.9464,10.61,-6.233,3.1235,7.8468,-2.8663,-16.435,-14.895,-12.587
5.8893,-5.7077,-12.669,2.3594,12.07,-7.7366,2.7396,7.7574,-3.8526,-17.766,-16.489,-14.12
5.1089,-7.5433,-13.88,3.6,12.234,-9.1274,2.2071,7.2843,-4.7723,-19.31,-18.196,-15.576
2.47,-9.7128,-13.954,5.8484,10.611,-10.235,1.749,6.6236,-5.5154,-20.769,-19.571,-16.633
-2.0942,-12.166,-12.619,9.1305,7.0175,-10.915,1.5775,6.0747,-5.9792,-21.813,-20.233,-17.052
-8.2047,-14.744,-9.8864,13.217,1.7539,-11.056,1.8305,5.9509,-6.103,-22.195,-19.988,-16.747
-15.066,-17.154,-6.0921,17.616,-4.4433,-10.613,2.5181,6.4531,-5.8965,-21.85,-18.917,-15.819
-21.619,-19.019,-1.8444,21.657,-10.593,-9.644,3.5104,7.5837,-5.4484,-20.934,-17.372,-14.543
-26.736,-19.991,2.0592,24.63,-15.63,-8.338,4.5754,9.1473,-4.9054,-19.779,-15.857,-13.278
-29.422,-19.87,4.7576,25.938,-18.567,-6.9964,5.4598,10.83,-4.4243,-18.766,-14.837,-12.356
-29.012,-18.694,5.5332,25.256,-18.69,-5.9786,5.9843,12.319,-4.1168,-18.177,-14.563,-11.962
-25.345,-16.767,4.0511,22.65,-15.723,-5.608,6.1142,13.406,-4.0153,-18.088,-14.992,-12.064
-18.913,-14.596,0.51374,18.626,-9.9629,-6.0717,5.9651,14.046,-4.0739,-18.363,-15.815,-12.454
-10.936,-12.745,-4.3436,14.06,-2.5081,-7.3456,5.7395,14.358,-4.1975,-18.728,-16.608,-12.854
-3.1662,-11.656,-9.4558,9.9847,4.9013,-9.1615,5.6432,14.601,-4.2771,-18.89,-17.01,-13.031
2.6079,-11.501,-13.672,7.2928,10.512,-11.03,5.8337,15.118,-4.2187,-18.641,-16.837,-12.835
5.1088,-12.112,-15.91,6.4769,13.057,-12.333,6.4012,16.229,-3.9622,-17.899,-16.102,-12.206
3.881,-13.04,-15.406,7.5145,11.948,-12.514,7.3529,18.123,-3.4949,-16.71,-14.963,-11.179
-0.63622,-13.746,-12.055,9.9245,7.3655,-11.284,8.5962,20.779,-2.8578,-15.228,-13.671,-9.8913
-7.2536,-13.854,-6.4875,12.97,0.27606,-8.7602,9.9451,23.977,-2.139,-13.695,-12.504,-8.566
-14.434,-13.315,0.13457,15.927,-7.7916,-5.458,11.165,27.354,-1.45,-12.388,-11.694,-7.4588
-20.764,-12.386,6.4505,18.285,-15.187,-2.1307,12.044,30.526,-0.88971,-11.529,-11.358,-6.7845
-25.24,-11.459,11.221,19.799,-20.532,0.46071,12.459,33.222,-0.51015,-11.188,-11.463,-6.6438
-27.369,-10.892,13.591,20.433,-23.06,1.7726,12.425,35.409,-0.29603,-11.246,-11.833,-6.9873
-27.155,-10.871,13.289,20.275,-22.726,1.624,12.097,37.318,-0.16507,-11.441,-12.219,-7.6384
-24.924,-11.338,10.659,19.449,-19.946,0.2214,11.723,39.325,0.010095,-11.478,-12.387,-8.3543
-21.132,-11.996,6.4714,18.046,-15.338,-1.9412,11.548,41.747,0.36042,-11.143,-12.196,-8.8918
-16.256,-12.415,1.6424,16.083,-9.6172,-4.2532,11.717,44.66,0.97074,-10.375,-11.632,-9.0691
-10.777,-12.201,-2.9901,13.566,-3.5834,-6.16,12.226,47.859,1.8399,-9.279,-10.821,-8.8149
-5.2325,-11.169,-6.7994,10.613,1.9542,-7.2941,12.914,50.932,2.8697,-8.0872,-9.9868,-8.1833
-0.28303,-9.4447,-9.4267,7.5671,6.3483,-7.5419,13.526,53.411,3.8933,-7.0805,-9.3727,-7.3232
3.3241,-7.4363,-10.708,4.9687,9.105,-7.029,13.82,54.941,4.7384,-6.4811,-9.1474,-6.4141
4.9384,-5.6833,-10.579,3.3816,9.8411,-6.0321,13.687,55.446,5.2993,-6.3594,-9.334,-5.6052
4.2478,-4.6658,-9.1383,3.1873,8.463,-4.8648,13.204,55.189,5.5783,-6.6007,-9.8012,-4.9845
1.4286,-4.6446,-6.7373,4.4388,5.3257,-3.7978,12.576,54.688,5.6737,-6.9569,-10.323,-4.5834
-2.8608,-5.5807,-3.9322,6.8167,1.1702,-3.0234,12.04,54.496,5.7286,-7.1616,-10.683,-4.4011
-7.6208,-7.1609,-1.3382,9.7073,-3.0589,-2.644,11.784,54.98,5.8686,-7.0517,-10.772,-4.4323
-11.75,-8.92,0.49925,12.382,-6.4231,-2.6797,11.885,56.184,6.1518,-6.6355,-10.638,-4.6846
-14.323,-10.409,1.2035,14.209,-8.1966,-3.0916,12.283,57.865,6.5475,-6.0747,-10.468,-5.1781
-14.796,-11.33,0.64404,14.802,-8.022,-3.8031,12.801,59.636,6.9587,-5.598,-10.498,-5.9287
-13.099,-11.586,-1.0312,14.074,-5.9819,-4.7064,13.235,61.154,7.2867,-5.3904,-10.889,-6.9187
-9.6689,-11.271,-3.4324,12.256,-2.5944,-5.6711,13.481,62.263,7.5116,-5.4988,-11.628,-8.0638
-5.4342,-10.638,-6.0306,9.8967,1.2694,-6.5713,13.607,63.066,7.7318,-5.7952,-12.508,-9.2006
-1.6439,-10.063,-8.2925,7.78,4.5905,-7.3269,13.816,63.886,8.1289,-6.0231,-13.196,-10.12
0.50704,-9.9771,-9.8056,6.7267,6.4968,-7.9373,14.341,65.143,8.886,-5.9174,-13.372,-10.641
0.25758,-10.759,-10.354,7.3339,6.4875,-8.4793,15.339,67.171,10.109,-5.3341,-12.87,-10.691
-2.5384,-12.606,-9.9296,9.7538,4.4947,-9.0552,16.809,70.058,11.771,-4.3207,-11.758,-10.328
-7.4282,-15.416,-8.6816,13.636,0.84177,-9.7192,18.549,73.605,13.696,-3.0947,-10.305,-9.709
-13.481,-18.758,-6.8292,18.251,-3.828,-10.417,20.194,77.416,15.598,-1.9541,-8.8658,-9.0166
-19.499,-21.944,-4.596,22.688,-8.6614,-10.93,21.398,81.098,17.218,-1.1503,-7.7335,-8.3705
-24.279,-24.145,-2.1984,26.019,-12.762,-10.886,22.061,84.447,18.49,-0.76905,-7.0155,-7.7689
-26.78,-24.508,0.12822,27.389,-15.364,-9.9124,22.386,87.536,19.588,-0.68448,-6.5979,-7.1076
-26.218,-22.385,2.1074,26.129,-15.954,-7.8622,22.717,90.645,20.81,-0.63347,-6.2191,-6.2727
-22.271,-17.709,3.4355,21.994,-14.33,-4.9529,23.329,94.111,22.416,-0.36335,-5.6197,-5.2365
-15.373,-11.264,3.8461,15.487,-10.687,-1.7509,24.359,98.162,24.532,0.24727,-4.6785,-4.1066
-6.9445,-4.5877,3.2041,8.0471,-5.7398,0.98032,25.854,102.82,27.142,1.152,-3.4679,-3.1046
0.85826,0.49834,1.585,1.709,-0.63094,2.5052,27.787,107.88,30.096,2.175,-2.2239,-2.4915
5.9078,2.4895,-0.69536,-1.6621,3.4107,2.3501,29.971,113.0,33.109,3.084,-1.2522,-2.4745
6.857,0.68695,-3.1227,-1.05,5.4066,0.47728,32.016,117.84,35.806,3.6638,-0.80946,-3.1258
3.5005,-4.5135,-5.0925,3.3846,4.8596,-2.6658,33.513,122.15,37.895,3.7837,-1.0015,-4.3395
-3.1927,-11.66,-6.0725,10.367,1.9067,-6.2378,34.291,125.94,39.364,3.4645,-1.7236,-5.8343
-11.346,-18.718,-5.7752,17.945,-2.6481,-9.238,34.503,129.37,40.505,2.9135,-2.667,-7.2165
-18.811,-23.792,-4.2648,24.149,-7.5679,-10.831,34.519,132.68,41.764,2.4672,-3.4234,-8.1033
-23.832,-25.704,-1.9478,27.523,-11.628,-10.639,34.726,136.11,43.537,2.4398,-3.6606,-8.2686
-25.387,-24.283,0.55576,27.414,-13.987,-8.8646,35.361,139.8,46.01,2.9726,-3.2671,-7.7398
-23.548,-20.393,2.6171,24.315,-14.382,-6.1812,36.442,143.82,49.108,3.978,-2.3931,-6.7937
-19.56,-15.509,3.8032,19.691,-13.175,-3.4653,37.833,148.16,52.533,5.196,-1.3814,-5.841
-15.173,-11.203,3.9911,15.242,-11.177,-1.5182,39.386,152.78,55.913,6.3195,-0.61857,-5.2691
-11.91,-8.7993,3.3533,12.41,-9.302,-0.85448,41.016,157.64,59.018,7.1249,-0.37543,-5.321
-10.731,-9.0049,2.2413,12.032,-8.2241,-1.57,42.719,162.69,61.881,7.5525,-0.70788,-6.0281
-11.878,-11.656,1.0192,14.081,-8.2008,-3.3382,44.538,167.89,64.742,7.7135,-1.4509,-7.2025
-14.763,-15.693,-0.078108,17.641,-9.016,-5.5717,46.504,173.18,67.854,7.8342,-2.297,-8.5097
-18.036,-19.572,-0.99842,21.223,-10.03,-7.6621,48.602,178.65,71.359,8.1723,-2.9201,-9.5999
-20.112,-22.001,-1.8365,23.397,-10.427,-9.1515,50.794,184.42,75.263,8.9419,-3.087,-10.221
-19.92,-22.37,-2.7384,23.399,-9.6039,-9.7976,53.069,190.62,79.454,10.269,-2.7185,-10.27
-17.249,-20.703,-3.788,21.23,-7.4032,-9.5708,55.439,197.32,83.767,12.179,-1.8939,-9.8008
-12.558,-17.43,-4.9436,17.348,-4.0818,-8.608,57.951,204.58,88.099,14.628,-0.80788,-8.9796
-6.7017,-13.177,-6.0637,12.442,-0.16996,-7.1392,60.677,212.56,92.472,17.541,0.30218,-8.0208
-0.7258,-8.6735,-6.9824,7.3517,3.6766,-5.4323,63.693,221.43,97.002,20.835,1.2365,-7.118
4.3691,-4.6758,-7.5924,2.9358,6.8525,-3.7773,67.027,231.1,101.81,24.404,1.8892,-6.4011
7.8862,-1.8382,-7.9172,-0.14553,8.9689,-2.4719,70.602,241.03,106.91,28.093,2.2595,-5.9197
9.5573,-0.55263,-8.1383,-1.5719,9.9426,-1.7703,74.242,250.42,112.17,31.738,2.4192,-5.6459
9.4948,-0.88199,-8.535,-1.35,10.006,-1.8175,77.773,258.85,117.43,35.258,2.4684,-5.5016
8.1067,-2.6139,-9.3427,0.23863,9.6402,-2.5891,81.144,266.58,122.64,38.695,2.513,-5.3963
6.0528,-5.2773,-10.586,2.6432,9.365,-3.8683,84.451,274.35,127.95,42.14,2.6719,-5.2502
4.1485,-8.1239,-11.979,5.1219,9.452,-5.2869,87.866,282.97,133.5,45.645,3.0807,-5.0045
3.0599,-10.277,-12.996,6.9255,9.8162,-6.362,91.53,293.05,139.34,49.198,3.8615,-4.6318
2.9382,-10.992,-13.03,7.5232,10.039,-6.5492,95.477,304.84,145.42,52.759,5.0786,-4.1429
3.3249,-9.863,-11.461,6.8219,9.4606,-5.3621,99.611,318.18,151.66,56.262,6.7344,-3.5791
3.3977,-7.0115,-7.8741,5.2518,7.4353,-2.5502,103.75,332.56,157.99,59.615,8.7988,-2.9932
2.3251,-3.1438,-2.4199,3.641,3.6447,1.6946,107.72,347.21,164.33,62.729,11.233,-2.4287
-0.45864,0.66134,4.262,2.9046,-1.7254,6.7148,111.4,361.26,170.63,65.596,13.976,-1.9017
-5.0693,3.3684,11.275,3.6716,-8.0738,11.658,114.83,374.11,176.89,68.329,16.933,-1.3867
-11.065,4.4034,17.623,6.0563,-14.535,15.865,118.12,385.55,183.14,71.152,20.021,-0.8125
-17.469,3.8201,22.435,9.644,-20.085,19.058,121.47,395.88,189.36,74.302,23.246,-0.073501
-22.959,2.0856,25.138,13.591,-23.65,21.14,125.01,405.82,195.53,77.917,26.719,0.94637
-26.103,-0.042987,25.49,16.8,-24.321,22.093,128.79,416.3,201.67,81.964,30.556,2.3387
-25.687,-1.4085,23.706,18.129,-21.658,22.468,132.69,428.09,207.88,86.258,34.754,4.1373
-21.25,-0.6695,20.61,16.687,-15.963,23.374,136.46,441.37,214.27,90.531,39.135,6.3052
-13.484,3.1878,17.45,12.284,-8.4328,25.758,139.84,455.55,220.88,94.521,43.421,8.7538
-4.1559,10.272,15.447,5.666,-0.86233,29.987,142.66,469.62,227.58,98.063,47.366,11.386
4.4865,19.671,15.441,-1.742,4.9821,35.849,144.91,482.84,234.24,101.14,50.852,14.156
10.535,29.934,17.756,-8.394,7.847,42.58,146.73,495.11,240.81,103.89,53.926,17.131
12.955,39.465,22.206,-13.165,7.2433,49.104,148.33,506.75,247.38,106.6,56.747,20.473
11.721,46.855,28.006,-15.614,3.5992,54.632,149.87,518.23,254.04,109.59,59.479,24.325
7.7549,51.539,34.039,-16.042,-1.7422,58.865,151.4,529.77,260.78,113.11,62.233,28.636
2.6935,54.135,39.458,-15.461,-7.039,61.776,152.88,541.2,267.48,117.23,65.1,33.106
-1.6273,56.022,43.691,-15.329,-10.929,63.591,154.21,552.04,274.0,121.82,68.241,37.378
-3.7774,58.626,46.259,-17.01,-12.764,64.926,155.28,562.04,280.21,126.6,71.814,41.269
-3.1206,62.848,47.178,-21.177,-12.561,66.668,156.04,571.37,285.98,131.29,75.764,44.814
0.0035355,68.62,47.199,-27.395,-10.924,69.467,156.51,580.29,291.17,135.72,79.804,48.156
4.41,74.825,47.303,-34.215,-8.8127,73.174,156.72,588.8,295.65,139.89,83.721,51.418
8.6987,80.193,47.946,-40.096,-7.123,76.979,156.69,596.72,299.38,143.93,87.595,54.617
11.954,84.222,48.872,-44.275,-6.3854,80.271,156.38,603.84,302.44,148.04,91.731,57.681
14.048,86.945,49.578,-46.867,-6.6644,82.814,155.72,609.99,304.99,152.43,96.45,60.565
15.573,88.496,49.571,-48.625,-7.576,84.365,154.69,615.11,307.23,157.3,101.92,63.381
17.559,89.089,48.228,-50.53,-8.4061,84.686,153.29,619.22,309.3,162.75,108.04,66.495
21.059,89.09,45.014,-53.262,-8.3955,83.685,151.57,622.36,311.28,168.75,114.4,70.381
26.619,88.867,39.9,-56.891,-7.0648,81.446,149.53,624.56,313.17,175.15,120.5,74.802
33.925,88.578,33.436,-60.985,-4.3528,78.17,147.12,625.88,314.94,181.79,126.2,78.852
42.075,88.249,26.444,-65.018,-0.57048,74.197,144.24,626.35,316.61,188.51,131.79,82.378
50.194,87.995,19.697,-68.685,3.7307,70.114,140.77,626.07,318.22,195.27,137.79,86.091
57.776,88.112,13.798,-71.963,7.948,66.693,136.59,625.09,319.86,202.08,144.73,90.93
64.747,88.937,9.1347,-75.044,11.642,64.621,131.62,623.38,321.57,209.04,153.07,97.669
71.359,90.685,5.8711,-78.219,14.709,64.279,125.91,620.86,323.31,216.29,163.06,106.57
77.93,93.401,3.9738,-81.741,17.441,65.699,119.68,617.45,324.98,224.04,174.63,117.17
84.536,96.965,3.3042,-85.718,20.358,68.614,113.27,613.1,326.47,232.51,187.3,128.44
90.904,101.11,3.7222,-90.046,23.751,72.46,106.76,607.66,327.7,241.78,200.27,139.17
96.668,105.47,4.9864,-94.426,27.308,76.471,99.907,600.82,328.65,251.79,212.78,148.55
101.69,109.61,6.5686,-98.456,30.58,79.899,92.207,592.1,329.33,262.27,224.51,156.45
106.1,113.18,7.7912,-101.79,33.76,82.158,83.195,580.94,329.81,272.93,235.72,163.54
110.23,115.86,8.1271,-104.24,37.442,82.772,72.658,567.23,330.13,283.69,247.0,170.87
114.63,117.36,7.3462,-105.87,42.019,81.391,60.913,551.92,330.38,294.62,258.92,179.3
119.83,117.55,5.5062,-106.89,47.545,78.002,48.766,536.77,330.61,305.9,271.85,189.13
125.81,116.53,2.8601,-107.56,53.893,73.004,36.927,522.82,330.83,317.81,285.8,199.93
131.76,114.49,-0.35105,-107.95,61.023,66.95,25.596,509.81,331.04,330.61,300.34,210.76
136.62,111.45,-4.3147,-107.82,68.703,60.28,14.644,496.81,331.23,344.27,314.87,220.76
139.74,107.25,-10.075,-106.86,76.03,53.303,3.9398,482.84,331.35,358.13,329.01,229.61
141.25,101.88,-18.406,-105.0,82.132,46.258,-6.5348,467.14,331.38,371.12,342.45,237.4
141.81,95.632,-27.783,-102.53,86.954,39.214,-16.818,449.4,331.32,382.57,354.82,244.39
142.38,89.14,-36.633,-100.03,91.177,32.176,-27.202,429.96,331.25,392.56,366.0,250.84
143.99,83.285,-45.079,-98.177,95.884,25.382,-38.216,409.74,331.3,401.81,376.22,257.01
147.37,78.764,-53.856,-97.51,102.18,19.08,-50.089,389.96,331.58,411.32,386.07,263.16
152.54,75.638,-63.546,-98.171,110.62,13.077,-62.284,371.48,332.13,422.0,396.45,269.5
158.78,73.284,-74.187,-99.81,120.66,7.1371,-73.943,354.32,332.9,434.38,408.09,276.1
164.94,70.709,-85.118,-101.69,130.79,1.6779,-84.532,337.9,333.77,448.42,421.05,282.77
169.86,66.987,-95.4,-102.99,139.45,-2.8317,-93.855,321.77,334.62,463.38,434.54,289.1
172.68,61.602,-104.33,-103.1,145.68,-6.4965,-101.89,305.9,335.34,477.9,447.23,294.58
173.04,54.636,-111.44,-101.85,149.14,-9.5311,-108.7,290.47,335.88,490.61,458.1,298.92
171.15,46.764,-116.45,-99.419,150.01,-11.933,-114.43,275.72,336.28,501.09,466.97,302.18
167.87,39.078,-119.37,-96.3,148.99,-13.591,-119.12,261.86,336.56,509.78,474.26,304.57
164.41,32.683,-120.4,-93.143,146.98,-14.471,-122.74,248.96,336.79,517.15,480.35,306.23
161.59,28.129,-119.86,-90.519,144.5,-14.68,-125.3,236.89,337.01,523.12,485.17,307.01
159.49,25.155,-118.29,-88.616,141.77,-14.453,-126.99,225.33,337.26,527.34,488.33,306.55
157.83,22.924,-116.5,-87.221,139.36,-14.08,-128.03,213.82,337.58,529.84,489.63,304.61
156.34,20.499,-115.28,-86.0,137.93,-13.813,-128.5,201.93,337.84,531.06,489.49,301.57
154.72,17.394,-114.83,-84.761,137.31,-13.776,-128.36,189.61,337.61,531.31,488.66,298.24
152.73,13.972,-114.75,-83.449,136.78,-13.929,-127.62,177.16,336.3,530.44,487.31,295.01
150.05,11.032,-114.31,-81.937,135.52,-14.111,-126.37,165.07,333.51,527.92,484.95,291.65
146.3,8.9001,-112.82,-79.952,132.79,-14.136,-124.84,153.66,328.94,522.97,480.97,287.72
141.18,7.3163,-109.89,-77.224,128.17,-13.899,-123.23,142.87,322.14,514.66,474.63,282.75
134.66,5.8642,-105.52,-73.605,121.78,-13.437,-121.7,132.27,312.77,502.39,465.21,276.39
127.07,4.2143,-100.06,-69.071,114.2,-12.904,-120.25,121.39,301.15,486.53,452.55,268.62
118.93,2.2348,-94.051,-63.769,106.21,-12.47,-118.8,110.1,288.13,468.56,437.54,259.79
110.86,0.071279,-88.104,-58.084,98.531,-12.239,-117.12,98.683,274.58,450.1,421.52,250.39
103.44,-1.8938,-82.646,-52.575,91.749,-12.208,-114.96,87.65,260.85,432.03,405.54,240.84
97.195,-3.2428,-77.821,-47.801,86.311,-12.282,-112.13,77.385,246.95,414.43,389.97,231.21
92.349,-3.7363,-73.434,-44.065,82.34,-12.319,-108.51,67.87,232.79,396.99,374.53,221.42
88.635,-3.4077,-69.07,-41.175,79.495,-12.182,-104.17,58.687,218.3,379.27,358.75,211.34
85.259,-2.536,-64.353,-38.49,77.05,-11.786,-99.365,49.298,203.54,360.75,342.33,200.96
81.24,-1.5273,-58.981,-35.346,74.208,-11.116,-94.47,39.459,188.56,341.04,325.13,190.45
75.93,-0.79265,-52.459,-31.483,70.381,-10.212,-89.789,29.653,173.4,320.09,307.02,180.12
69.363,-0.61059,-44.588,-27.018,65.261,-9.1176,-85.39,20.896,158.32,298.55,288.37,170.3
62.178,-0.93392,-36.282,-22.155,58.939,-7.8144,-81.105,13.891,143.91,277.67,270.26,161.29
55.289,-1.2211,-28.772,-17.318,52.062,-6.1911,-76.673,8.8388,130.98,258.67,254.0,153.27
49.653,-0.66276,-22.524,-13.472,45.456,-4.1282,-71.929,5.6111,120.13,242.11,240.26,146.32
45.841,1.1816,-17.439,-11.668,39.631,-1.6497,-66.976,3.8582,111.45,227.98,229.0,140.26
43.738,4.0227,-13.38,-11.988,34.766,0.97361,-62.189,3.1082,104.42,215.79,219.6,134.63
42.61,7.0547,-10.36,-13.458,30.814,3.236,-57.994,2.8482,98.049,204.5,210.94,128.76
41.315,9.2553,-8.4941,-14.756,27.488,4.5287,-54.636,2.5943,91.173,192.68,201.55,122.07
38.618,9.5891,-7.8816,-14.674,24.381,4.3438,-52.138,1.971,82.932,179.05,190.14,114.25
33.683,7.3063,-8.5047,-12.376,21.274,2.437,-50.363,0.79374,73.124,163.1,176.19,105.32
26.537,2.2418,-10.184,-7.6395,18.236,-1.1222,-49.09,-0.88512,62.217,145.52,160.32,95.656
17.947,-5.1268,-12.58,-0.881,15.373,-5.9709,-48.055,-2.811,50.986,127.76,144.06,85.791
8.8639,-13.86,-15.242,7.0408,12.627,-11.484,-46.968,-4.637,40.201,111.19,128.85,76.242
0.14932,-22.764,-17.677,15.061,9.8908,-16.847,-45.537,-6.0528,30.499,96.617,115.52,67.391
-7.4137,-30.542,-19.392,22.11,7.1337,-21.212,-43.557,-6.8697,22.279,84.312,104.32,59.599
-13.19,-35.934,-19.932,27.271,4.3943,-23.885,-41.035,-7.0525,15.715,73.976,95.033,53.339
-16.848,-38.042,-18.976,29.934,1.7211,-24.438,-38.16,-6.7064,10.765,64.865,86.945,49.004
-18.44,-36.679,-16.462,29.973,-0.85845,-22.794,-35.126,-6.0278,7.1291,56.172,79.136,46.341
-18.361,-32.422,-12.65,27.798,-3.3262,-19.328,-32.025,-5.2372,4.4284,47.576,70.924,44.166
-17.229,-26.457,-8.0972,24.232,-5.6338,-14.83,-28.862,-4.5111,2.4346,39.785,62.366,40.968
-15.724,-20.288,-3.594,20.344,-7.6676,-10.323,-25.58,-3.9317,1.0051,33.176,54.99,35.915
-14.438,-15.38,0.00014388,17.217,-9.2483,-6.8122,-22.089,-3.4746,-0.046134,26.049,49.893,29.272
-13.746,-12.878,1.9988,15.604,-10.174,-4.9721,-18.345,-3.0458,-0.91227,18.523,45.351,22.406
-13.708,-13.212,2.1138,15.685,-10.288,-4.9555,-14.413,-2.5606,-1.7247,12.322,39.84,16.775
-14.093,-15.74,0.53715,17.071,-9.5482,-6.4546,-10.491,-2.0102,-2.5374,7.7389,33.423,12.58
-14.505,-19.215,-2.1458,19.02,-8.0662,-8.8708,-6.894,-1.4694,-3.3472,4.2549,26.825,9.3198
-14.561,-22.492,-5.1503,20.727,-6.1054,-11.454,-3.9173,-1.044,-4.1191,1.4264,20.576,6.6118
-14.031,-24.645,-7.718,21.58,-4.0248,-13.459,-1.6766,-0.80962,-4.8086,-0.98408,14.937,4.3165
-12.919,-25.133,-9.3062,21.318,-2.1994,-14.347,-0.092889,-0.77551,-5.3833,-3.0843,10.089,2.4161
-11.48,-24.019,-9.6916,20.093,-0.93823,-13.953,0.99803,-0.87825,-5.8381,-4.9482,6.1048,0.89933
-10.151,-21.889,-8.9854,18.411,-0.42407,-12.53,1.7536,-0.99797,-6.1919,-6.6411,2.9012,-0.29284
-9.3835,-19.547,-7.551,16.902,-0.69988,-10.629,2.2965,-0.99248,-6.4655,-8.1989,0.35219,-1.2545
-9.4667,-17.729,-5.8237,16.062,-1.6875,-8.8654,2.7256,-0.74029,-6.6584,-9.5978,-1.618,-2.0684
-10.416,-16.878,-4.132,16.098,-3.1994,-7.663,3.1324,-0.18376,-6.7417,-10.761,-3.023,-2.7742
-11.948,-16.968,-2.6242,16.857,-4.9454,-7.0641,3.6004,0.6455,-6.6729,-11.6,-3.8829,-3.3728
-13.509,-17.435,-1.2987,17.809,-6.5628,-6.7325,4.1842,1.6296,-6.4196,-12.068,-4.2805,-3.8456
-14.386,-17.372,-0.073679,18.193,-7.6789,-6.1618,4.8861,2.5969,-5.983,-12.212,-4.3846,-4.1724
-13.948,-15.986,1.1312,17.346,-7.9935,-4.9514,5.6459,3.3725,-5.4107,-12.171,-4.4261,-4.3488
-11.901,-13.065,2.3283,15.013,-7.3626,-3.0073,6.3598,3.8334,-4.7874,-12.137,-4.6333,-4.3995
-8.4336,-9.0874,3.4465,11.476,-5.8568,-0.59586,6.9227,3.9539,-4.2055,-12.272,-5.1488,-4.3735
-4.207,-4.9675,4.3785,7.458,-3.7764,1.7735,7.278,3.8219,-3.7289,-12.63,-5.9669,-4.3273
-0.18069,-1.6768,5.0626,3.9,-1.6071,3.5739,7.4414,3.6097,-3.3714,-13.131,-6.933,-4.31
2.6415,0.031022,5.5575,1.6896,0.079352,4.4691,7.4889,3.5039,-3.1016,-13.608,-7.8187,-4.3607
3.4746,-0.19397,6.074,1.4181,0.75139,4.4138,7.5146,3.6252,-2.8672,-13.895,-8.4356,-4.5166
1.9549,-2.2091,6.9211,3.2198,0.031211,3.6433,7.5895,3.9787,-2.6236,-13.916,-8.7257,-4.8179
-1.7728,-5.4377,8.3617,6.7391,-2.2145,2.5724,7.7353,4.4523,-2.3518,-13.712,-8.7872,-5.3016
-7.1018,-9.081,10.46,11.245,-5.8121,1.6316,7.9197,4.8646,-2.06,-13.411,-8.8323,-5.9872
-13.135,-12.394,13.051,15.878,-10.289,1.113,8.0759,5.0402,-1.7718,-13.162,-9.0948,-6.8623
-18.934,-14.872,15.848,19.913,-14.989,1.1132,8.1422,4.886,-1.5064,-13.07,-9.7278,-7.875
-23.75,-16.292,18.586,22.902,-19.25,1.5839,8.1049,4.4367,-1.2589,-13.144,-10.739,-8.9333
-27.111,-16.651,21.061,24.639,-22.55,2.4163,8.0116,3.8509,-0.9969,-13.288,-11.978,-9.9175
-28.755,-16.043,23.084,25.04,-24.607,3.488,7.9463,3.3526,-0.67564,-13.334,-13.186,-10.702
-28.525,-14.543,24.454,24.068,-25.289,4.6755,7.98,3.1464,-0.26082,-13.11,-14.081,-11.19
-26.338,-12.217,24.986,21.749,-24.462,5.8506,8.1272,3.3416,0.25576,-12.515,-14.459,-11.336
-22.249,-9.2393,24.537,18.215,-22.015,6.8575,8.3341,3.9158,0.85465,-11.566,-14.258,-11.165
-16.579,-5.9797,23.022,13.796,-18.047,7.4953,8.4984,4.7226,1.496,-10.4,-13.577,-10.761
-10.086,-3.0206,20.45,9.1526,-13.014,7.5493,8.5116,5.538,2.1307,-9.233,-12.634,-10.239
-4.0076,-1.0561,16.986,5.276,-7.7334,6.8595,8.2971,6.1347,2.7142,-8.2725,-11.682,-9.7081
0.24224,-0.68199,13.01,3.1763,-3.2293,5.3872,7.8407,6.3615,3.224,-7.6399,-10.914,-9.2345
1.5974,-2.1747,9.12,3.4617,-0.48048,3.2566,7.2003,6.199,3.6706,-7.3242,-10.396,-8.8185
-0.25259,-5.3535,5.9841,6.1017,-0.076098,0.76248,6.4987,5.7671,4.0975,-7.1874,-10.065,-8.4033
-4.742,-9.5663,4.0825,10.426,-1.9392,-1.6815,5.8913,5.2777,4.5652,-7.021,-9.7724,-7.9054
-10.556,-13.82,3.48,15.293,-5.279,-3.6473,5.5144,4.9523,5.125,-6.631,-9.3627,-7.2584
-16.006,-17.052,3.8089,19.392,-8.8643,-4.8143,5.4375,4.939,5.7962,-5.9121,-8.736,-6.4484
-19.542,-18.447,4.4676,21.598,-11.518,-5.0561,5.6433,5.2626,6.5588,-4.8812,-7.883,-5.527
-20.201,-17.669,4.9063,21.289,-12.515,-4.4501,6.0332,5.8203,7.3639,-3.6636,-6.8845,-4.5966
-17.924,-14.98,4.8236,18.607,-11.715,-3.2368,6.4602,6.417,8.152,-2.4474,-5.8875,-3.7784
-13.591,-11.164,4.1962,14.406,-9.5318,-1.7664,6.7751,6.8265,8.8652,-1.4238,-5.0621,-3.1751
-8.6034,-7.2726,3.2119,9.8872,-6.7621,-0.4221,6.8748,6.8656,9.4551,-0.72809,-4.5476,-2.8411
-4.3245,-4.2865,2.1766,6.1838,-4.2703,0.48944,6.7367,6.4588,9.888,-0.39691,-4.4042,-2.7666
-1.7205,-2.8153,1.3884,4.07,-2.6617,0.83405,6.4242,5.6729,10.15,-0.3556,-4.5875,-2.8824
-1.1377,-2.9063,1.0097,3.7553,-2.1245,0.68124,6.0616,4.704,10.254,-0.44087,-4.9584,-3.0828
-2.163,-4.0188,0.99795,4.7883,-2.4096,0.257,5.787,3.8184,10.253,-0.45261,-5.3244,-3.2584
-3.6873,-5.2297,1.1144,6.1807,-2.8944,-0.16281,5.6951,3.2617,10.23,-0.22119,-5.5008,-3.3319
-4.3266,-5.6418,0.99616,6.8085,-2.7817,-0.38389,5.7961,3.1689,10.271,0.33157,-5.3762,-3.2911
-3.04,-4.8066,0.28087,5.9161,-1.3993,-0.39022,6.0101,3.516,10.414,1.1655,-4.9551,-3.2025
0.47832,-2.9308,-1.264,3.4302,1.5609,-0.35523,6.205,4.1286,10.638,2.1447,-4.3581,-3.1883
5.6514,-0.76534,-3.6549,0.0052852,5.8634,-0.57321,6.2444,4.7413,10.879,3.0968,-3.7658,-3.3688
11.037,0.71444,-6.6375,-3.1406,10.64,-1.3364,6.0282,5.0896,11.059,3.8746,-3.3358,-3.799
14.733,0.65726,-9.685,-4.6542,14.59,-2.7833,5.5342,5.0086,11.118,4.3936,-3.1408,-4.4319
15.202,-1.3516,-12.114,-3.66,16.462,-4.7952,4.8519,4.504,11.044,4.6606,-3.1408,-5.1263
11.963,-5.1165,-13.274,-0.12535,15.519,-7.0116,4.1678,3.7604,10.898,4.8007,-3.1688,-5.6868
5.5937,-9.8752,-12.688,5.2403,11.716,-8.9301,3.6966,3.0756,10.797,5.0329,-2.9526,-5.9169
-2.6272,-14.522,-10.146,11.293,5.6288,-10.042,3.5994,2.7421,10.847,5.5693,-2.2198,-5.6754
-11.111,-17.945,-5.8095,16.791,-1.7176,-9.9507,3.9235,2.9261,11.086,6.4949,-0.84224,-4.9133
-18.34,-19.324,-0.22449,20.687,-9.0897,-8.4116,4.5885,3.5977,11.457,7.7139,1.0757,-3.6711
-23.168,-18.256,5.853,22.278,-15.339,-5.3621,5.4228,4.5489,11.846,8.9945,3.2169,-2.0591
-25.011,-14.803,11.649,21.306,-19.686,-1.0745,6.2245,5.4948,12.138,10.077,5.1675,-0.26145
-23.938,-9.6084,16.422,18.065,-21.827,3.7317,6.8206,6.1976,12.259,10.77,6.5653,1.4732
-20.599,-3.848,19.523,13.412,-21.862,8.0272,7.1065,6.534,12.182,10.996,7.2155,2.8841
-16.072,1.0297,20.534,8.6171,-20.155,10.805,7.0607,6.494,11.908,10.783,7.1272,3.759
-11.63,3.6704,19.353,5.0418,-17.242,11.385,6.7386,6.1482,11.457,10.232,6.4709,3.974
-8.3968,3.22,16.21,3.6997,-13.739,9.5608,6.2416,5.607,10.85,9.4695,5.5088,3.5164
-7.0261,-0.39223,11.633,4.9341,-10.244,5.6099,5.6744,4.9811,10.106,8.6108,4.5115,2.4886
-7.5688,-6.3919,6.3315,8.3562,-7.2135,0.21785,5.1131,4.3485,9.2274,7.7293,3.6755,1.0952
-9.5183,-13.384,1.0245,12.989,-4.9007,-5.6455,4.6015,3.7411,8.2208,6.8469,3.056,-0.38704
-11.995,-19.796,-3.6507,17.575,-3.3529,-10.898,4.1655,3.151,7.1174,5.9487,2.5606,-1.6749
-14.05,-24.313,-7.1279,20.962,-2.4599,-14.616,3.8263,2.5577,5.9804,5.0164,2.0462,-2.5723
-14.96,-26.106,-9.0007,22.375,-2.0148,-16.282,3.6039,1.9591,4.8922,4.0775,1.4747,-3.0039
-14.382,-24.967,-9.2068,21.545,-1.7738,-15.846,3.5065,1.3849,3.933,3.2176,0.94619,-2.9787
-12.411,-21.42,-8.1155,18.786,-1.5187,-13.703,3.5202,0.88119,3.1498,2.5178,0.55755,-2.5819
-9.55,-16.583,-6.4162,14.92,-1.1171,-10.647,3.6099,0.48584,2.5332,1.997,0.30883,-1.9885
-6.5556,-11.842,-4.8564,11.014,-0.55779,-7.6794,3.7268,0.21719,2.0227,1.6221,0.1337,-1.4322
-4.1837,-8.4357,-3.9959,8.0261,0.060048,-5.6706,3.8166,0.073607,1.543,1.3402,-0.054641,-1.1285
-2.9432,-7.0421,-4.07,6.5096,0.58511,-5.0382,3.8322,0.033978,1.0402,1.0963,-0.3404,-1.2023
-2.9666,-7.6121,-4.9469,6.5334,0.89283,-5.662,3.7536,0.054921,0.5023,0.83871,-0.78598,-1.6541
-3.9794,-9.4666,-6.1745,7.7106,0.94948,-6.9875,3.6023,0.070043,-0.043459,0.52634,-1.4105,-2.3699
-5.3369,-11.481,-7.1457,9.2473,0.83228,-8.2088,3.4374,0.0016263,-0.5474,0.1355,-2.1741,-3.1618
-6.2024,-12.407,-7.3367,10.154,0.68809,-8.5441,3.3337,-0.21652,-0.95975,-0.33225,-2.9798,-3.8234
-5.8653,-11.38,-6.481,9.6292,0.65053,-7.4985,3.3619,-0.60836,-1.2476,-0.844,-3.7009,-4.1908
-4.0437,-8.2082,-4.6152,7.3577,0.76076,-5.0007,3.5739,-1.1251,-1.4024,-1.3397,-4.2341,-4.2003
-1.0434,-3.3647,-2.0303,3.6503,0.9261,-1.4218,3.9806,-1.6404,-1.4423,-1.7556,-4.5485,-3.9216
2.3079,2.0961,0.84509,-0.59945,0.93717,2.5377,4.5265,-1.9941,-1.4141,-2.0555,-4.699,-3.5313
4.9612,6.8452,3.5632,-4.2255,0.54661,6.058,5.0847,-2.0671,-1.387,-2.2511,-4.8049,-3.2385
6.0364,9.726,5.7288,-6.2254,-0.41441,8.4103,5.4859,-1.8408,-1.4406,-2.4023,-5.0101,-3.2216
5.1212,10.095,7.0381,-6.0765,-1.9301,9.1297,5.572,-1.4157,-1.647,-2.6052,-5.4443,-3.5953
2.3893,7.9642,7.303,-3.8501,-3.7534,8.1104,5.2487,-0.99136,-2.0517,-2.9646,-6.1899,-4.3862
-1.4494,3.9531,6.4592,-0.16373,-5.4355,5.6016,4.5137,-0.80602,-2.6596,-3.5576,-7.2554,-5.5226
-5.3382,-0.91831,4.5646,4.003,-6.4291,2.1129,3.4564,-1.0456,-3.4326,-4.3989,-8.5603,-6.8496
-8.1739,-5.5561,1.789,7.6039,-6.251,-1.7356,2.2344,-1.7581,-4.2972,-5.4265,-9.9433,-8.1692
-9.1459,-9.1243,-1.607,9.8411,-4.6523,-5.3676,1.0343,-2.8205,-5.1607,-6.5137,-11.196,-9.2899
-7.9883,-11.25,-5.2891,10.387,-1.7207,-8.3722,0.025315,-3.9749,-5.9299,-7.5029,-12.109,-10.068
-5.0474,-12.017,-8.8618,9.4388,2.1179,-10.549,-0.67968,-4.9146,-6.5269,-8.2467,-12.525,-10.428
-1.1559,-11.765,-11.899,7.5687,6.1794,-11.843,-1.0419,-5.3845,-6.8967,-8.6433,-12.377,-10.36
2.63,-10.878,-14.011,5.4551,9.6648,-12.277,-1.0942,-5.2621,-7.0115,-8.6555,-11.701,-9.9077
5.3658,-9.6935,-14.932,3.6766,11.873,-11.962,-0.93203,-4.5932,-6.8734,-8.3166,-10.635,-9.1503
6.4909,-8.5296,-14.59,2.6385,12.4,-11.097,-0.69179,-3.5721,-6.5172,-7.7236,-9.3802,-8.1936
5.9067,-7.6679,-13.136,2.5224,11.234,-9.9123,-0.4948,-2.4691,-6.0072,-7.0159,-8.1571,-7.1578
3.9003,-7.2492,-10.917,3.2512,8.7256,-8.6129,-0.37858,-1.5376,-5.4265,-6.3359,-7.1503,-6.161
1.0265,-7.2266,-8.3983,4.5404,5.4914,-7.3647,-0.28856,-0.93407,-4.8595,-5.7852,-6.4655,-5.297
-2.0292,-7.4396,-6.0874,6.0115,2.2658,-6.2997,-0.14826,-0.68665,-4.376,-5.4002,-6.1132,-4.6208
-4.6108,-7.7137,-4.4114,7.3053,-0.27878,-5.5101,0.07049,-0.71219,-4.0162,-5.1541,-6.0195,-4.1476
-6.2391,-7.9073,-3.5863,8.1593,-1.7044,-5.0329,0.35423,-0.86005,-3.7783,-4.9734,-6.0524,-3.8562
-6.7202,-7.9182,-3.5455,8.445,-1.924,-4.8328,0.70288,-0.96116,-3.6173,-4.7601,-6.0554,-3.6877
-6.1851,-7.6827,-3.979,8.1736,-1.2222,-4.7957,1.1515,-0.87873,-3.4606,-4.4235,-5.8922,-3.5498
-5.034,-7.1681,-4.4253,7.4734,-0.15758,-4.7295,1.7369,-0.5531,-3.2331,-3.9174,-5.4942,-3.3371
-3.7981,-6.3422,-4.3648,6.5391,0.62972,-4.3711,2.454,-0.020165,-2.881,-3.2629,-4.8863,-2.9645
-2.9729,-5.1518,-3.3593,5.5684,0.62341,-3.4389,3.2409,0.60874,-2.3881,-2.5423,-4.175,-2.4038
-2.8758,-3.5694,-1.2358,4.7133,-0.42628,-1.7668,3.9922,1.1933,-1.7841,-1.8712,-3.5103,-1.7079
-3.5623,-1.6946,1.807,4.0631,-2.4399,0.54263,4.5894,1.6123,-1.1448,-1.3639,-3.0394,-1.0098
-4.8291,0.19221,5.2325,3.6624,-5.022,3.0874,4.9351,1.7963,-0.57728,-1.1045,-2.8683,-0.48799
-6.3073,1.6863,8.3005,3.5438,-7.5562,5.2835,4.9847,1.7415,-0.18946,-1.1281,-3.0413,-0.31028
-7.6118,2.3812,10.264,3.7511,-9.3893,6.5547,4.7625,1.5048,-0.056014,-1.4146,-3.541,-0.57885
-8.489,1.9903,10.598,4.342,-10.054,6.5098,4.3489,1.1802,-0.19678,-1.9021,-4.3039,-1.2987
-8.9058,0.42524,9.1772,5.3722,-9.4415,5.0569,3.8457,0.86164,-0.57714,-2.5137,-5.2418,-2.3756
-9.0353,-2.1664,6.3421,6.8596,-7.828,2.4402,3.3451,0.60918,-1.1204,-3.1825,-6.2609,-3.6404
-9.1469,-5.4004,2.8003,8.7318,-5.7607,-0.80589,2.9184,0.4307,-1.7287,-3.8608,-7.2717,-4.8915
-9.4588,-8.7057,-0.58335,10.781,-3.8508,-3.9847,2.6168,0.28942,-2.3036,-4.5144,-8.1949,-5.9489
-10.029,-11.446,-3.0506,12.672,-2.5808,-6.4253,2.4683,0.13162,-2.7674,-5.1154,-8.9659,-6.7031
-10.729,-13.092,-4.1739,14.021,-2.172,-7.6802,2.4729,-0.080235,-3.0819,-5.6396,-9.5421,-7.1386
-11.297,-13.373,-3.9603,14.527,-2.5429,-7.6532,2.6002,-0.34756,-3.2529,-6.0669,-9.9094,-7.3214
-11.473,-12.361,-2.7955,14.089,-3.3763,-6.5854,2.7981,-0.63773,-3.3202,-6.3841,-10.086,-7.3617
-11.124,-10.448,-1.2449,12.86,-4.2788,-4.93,3.0095,-0.90497,-3.3387,-6.5896,-10.12,-7.3702
-10.322,-8.2262,0.17885,11.213,-4.9466,-3.209,3.19,-1.1128,-3.3594,-6.6971,-10.081,-7.4221
-9.3075,-6.3078,1.1448,9.6084,-5.2489,-1.8814,3.3204,-1.242,-3.4126,-6.7337,-10.037,-7.5309
-8.3741,-5.1335,1.515,8.4373,-5.207,-1.2171,3.4123,-1.2851,-3.4939,-6.7294,-10.028,-7.6425
-7.7359,-4.841,1.3172,7.8944,-4.9101,-1.2342,3.5047,-1.2394,-3.5642,-6.7053,-10.045,-7.6537
-7.42,-5.2473,0.69535,7.9149,-4.4241,-1.7446,3.6498,-1.1057,-3.5636,-6.6675,-10.032,-7.4498
-7.2302,-5.9611,-0.18778,8.2129,-3.7367,-2.4846,3.8901,-0.89104,-3.4355,-6.6089,-9.9045,-6.9488
-6.8208,-6.5752,-1.248,8.4138,-2.7547,-3.2465,4.2424,-0.60448,-3.1497,-6.514,-9.5847,-6.1345
-5.8763,-6.8509,-2.5036,8.2305,-1.3552,-3.9491,4.6935,-0.24717,-2.7137,-6.361,-9.0204,-5.0678
-4.3165,-6.8099,-4.0204,7.6102,0.50717,-4.6346,5.2069,0.19277,-2.1711,-6.1233,-8.2027,-3.8758
-2.4173,-6.7016,-5.8156,6.7882,2.6768,-5.4136,5.7302,0.72772,-1.5914,-5.7822,-7.1743,-2.7237
-0.76495,-6.874,-7.7681,6.2019,4.7487,-6.3839,6.2005,1.3437,-1.0566,-5.3497,-6.0315,-1.7772
-0.030686,-7.6083,-9.5902,6.2826,6.161,-7.5556,6.554,1.977,-0.64634,-4.8889,-4.9151,-1.1673
-0.67245,-8.9792,-10.884,7.2415,6.4053,-8.8144,6.7403,2.5136,-0.4213,-4.5103,-3.9848,-0.96552
-2.7394,-10.799,-11.269,8.9836,5.251,-9.929,6.7347,2.8193,-0.41188,-4.3387,-3.3807,-1.1721
-5.8504,-12.656,-10.528,11.146,2.8595,-10.588,6.5501,2.7927,-0.60756,-4.4627,-3.1772,-1.7141
-9.2774,-13.984,-8.7133,13.176,-0.24774,-10.474,6.2451,2.4186,-0.95144,-4.8849,-3.3461,-2.4482
-12.069,-14.177,-6.1637,14.408,-3.2953,-9.3796,5.9231,1.7926,-1.346,-5.4992,-3.7497,-3.1825
-13.236,-12.757,-3.4337,14.184,-5.4146,-7.3256,5.7078,1.107,-1.6789,-6.117,-4.1815,-3.7327
-12.028,-9.6004,-1.1576,12.083,-5.8817,-4.6077,5.6974,0.58941,-1.8636,-6.5376,-4.4464,-3.9947
-8.258,-5.118,0.11725,8.1863,-4.3553,-1.7375,5.9217,0.41713,-1.8739,-6.6273,-4.4416,-3.987
-2.517,-0.21536,0.084804,3.2078,-1.0174,0.69346,6.3259,0.64684,-1.7532,-6.3764,-4.199,-3.8352
3.8947,3.979,-1.2286,-1.6898,3.4196,2.177,6.7864,1.1877,-1.5958,-5.912,-3.8752,-3.718
9.3764,6.468,-3.4653,-5.2818,7.8811,2.4254,7.1501,1.8273,-1.5119,-5.4558,-3.6917,-3.8052
12.545,6.6782,-6.0366,-6.6626,11.247,1.4416,7.2856,2.3047,-1.5871,-5.239,-3.8473,-4.2001
12.619,4.6126,-8.2888,-5.4865,12.671,-0.49272,7.1336,2.4102,-1.85,-5.4113,-4.4344,-4.8978
9.575,0.83604,-9.661,-2.0453,11.782,-2.894,6.736,2.0745,-2.2577,-5.9759,-5.3888,-5.7737
4.1182,-3.6908,-9.8016,2.825,8.7453,-5.1836,6.228,1.4098,-2.7047,-6.7766,-6.4877,-6.6132
-2.5077,-7.8931,-8.6467,7.9981,4.2179,-6.819,5.7905,0.67424,-3.0565,-7.5462,-7.412,-7.1772
-8.8736,-10.897,-6.4463,12.391,-0.81755,-7.4479,5.5797,0.16705,-3.1991,-8.0096,-7.8654,-7.2864
-13.766,-12.254,-3.7129,15.24,-5.325,-7.0282,5.6638,0.10388,-3.0861,-7.9952,-7.6948,-6.8913
-16.453,-12.007,-1.1071,16.241,-8.4491,-5.8327,5.9979,0.53115,-2.7634,-7.503,-6.96,-6.0963
-16.729,-10.591,0.70324,15.542,-9.6436,-4.3421,6.4476,1.3073,-2.3542,-6.7026,-5.9186,-5.1263
-14.837,-8.6561,1.1965,13.61,-8.7448,-3.1025,6.8415,2.1522,-2.0163,-5.8705,-4.9324,-4.2466
-11.345,-6.8719,0.13769,11.062,-5.9848,-2.5873,7.0299,2.7496,-1.8808,-5.2921,-4.3312,-3.672
-7.0602,-5.797,-2.3345,8.5604,-1.9395,-3.06,6.9363,2.8661,-2.0068,-5.1611,-4.2936,-3.5023
-2.93,-5.7569,-5.7111,6.698,2.5461,-4.475,6.5899,2.4394,-2.3679,-5.5101,-4.7895,-3.7018
0.17319,-6.7358,-9.2327,5.8497,6.5119,-6.4785,6.1235,1.6072,-2.8644,-6.1971,-5.5942,-4.1195
1.6522,-8.3769,-12.067,6.0949,9.1108,-8.5164,5.7316,0.66977,-3.353,-6.9562,-6.3683,-4.5383
1.2629,-10.138,-13.489,7.2567,9.7769,-10.003,5.6052,-0.014802,-3.6875,-7.4949,-6.7791,-4.741
-0.87648,-11.513,-13.071,8.9988,8.3181,-10.498,5.8639,-0.16446,-3.7611,-7.5981,-6.6204,-4.5808
-4.308,-12.182,-10.833,10.926,4.9862,-9.8431,6.5122,0.32045,-3.5416,-7.1966,-5.8824,-4.0365
-8.3221,-12.064,-7.2544,12.666,0.4668,-8.1981,7.4362,1.3213,-3.0805,-6.3794,-4.7513,-3.2267
-12.109,-11.275,-3.1393,13.92,-4.2759,-5.9791,8.4423,2.5448,-2.4908,-5.3578,-3.5376,-2.3638
-14.928,-10.061,0.60636,14.494,-8.2525,-3.7216,9.3169,3.629,-1.9065,-4.3977,-2.5619,-1.6731
-16.269,-8.7076,3.2141,14.316,-10.704,-1.9254,9.8893,4.2715,-1.4431,-3.737,-2.0515,-1.3208
-15.972,-7.4754,4.2424,13.459,-11.285,-0.91966,10.081,4.3324,-1.1706,-3.5115,-2.0807,-1.374
-14.257,-6.5432,3.6774,12.127,-10.125,-0.78302,9.931,3.8754,-1.0983,-3.7114,-2.5603,-1.7909
-11.646,-5.984,1.9098,10.607,-7.7351,-1.3501,9.5918,3.14,-1.174,-4.1898,-3.2689,-2.4341
-8.7829,-5.771,-0.4324,9.1929,-4.7997,-2.305,9.2784,2.4578,-1.302,-4.7207,-3.9278,-3.109
-6.2597,-5.8112,-2.7266,8.1113,-1.973,-3.3117,9.178,2.1371,-1.3788,-5.0874,-4.2989,-3.6221
-4.4683,-5.9906,-4.5308,7.4717,0.25528,-4.1182,9.3592,2.3521,-1.3343,-5.1621,-4.2738,-3.8432
-3.5442,-6.2158,-5.639,7.2671,1.638,-4.6051,9.7356,3.0772,-1.1633,-4.9472,-3.9163,-3.7545
-3.3978,-6.4376,-6.0655,7.4077,2.1851,-4.7826,10.106,4.0937,-0.93515,-4.5697,-3.4412,-3.4612
-3.7966,-6.6456,-5.9816,7.7638,2.0946,-4.7466,10.248,5.0699,-0.76849,-4.2361,-3.1326,-3.1508
-4.4524,-6.8417,-5.6207,8.1978,1.6472,-4.6152,10.001,5.6848,-0.78255,-4.1587,-3.2367,-3.0205
-5.089,-7.011,-5.2026,8.5789,1.1252,-4.4766,9.3204,5.7402,-1.0458,-4.4764,-3.8755,-3.2095
-5.4705,-7.1156,-4.9022,8.7856,0.78174,-4.3762,8.2863,5.2189,-1.5512,-5.2028,-5.0066,-3.7637
-5.4103,-7.1206,-4.8436,8.7211,0.82308,-4.337,7.0856,4.2709,-2.2266,-6.2252,-6.4369,-4.6339
-4.8218,-7.0374,-5.0934,8.3595,1.3488,-4.3886,5.948,3.1423,-2.9673,-7.3516,-7.8861,-5.6975
-3.8159,-6.9526,-5.6542,7.8039,2.2836,-4.5791,5.0716,2.0859,-3.6716,-8.3827,-9.0778,-6.7975
-2.7542,-7.0278,-6.454,7.313,3.3605,-4.9634,4.5675,1.2866,-4.2665,-9.1684,-9.8218,-7.785
-2.1886,-7.4665,-7.3312,7.2637,4.1628,-5.5736,4.4412,0.81952,-4.7202,-9.6348,-10.06,-8.5476
-2.6983,-8.4545,-8.0302,8.0422,4.214,-6.3879,4.6043,0.6417,-5.0383,-9.7862,-9.8727,-9.0225
-4.6894,-10.083,-8.2337,9.8909,3.1078,-7.3119,4.907,0.621,-5.2511,-9.6955,-9.4386,-9.1937
-8.2319,-12.273,-7.6542,12.777,0.65676,-8.1862,5.1877,0.59314,-5.3945,-9.4831,-8.9699,-9.082
-12.984,-14.737,-6.1556,16.356,-2.9955,-8.8169,5.328,0.42454,-5.4963,-9.2791,-8.6414,-8.7321
-18.213,-17.019,-3.8459,20.026,-7.3542,-9.0239,5.295,0.060134,-5.5698,-9.1781,-8.5403,-8.1997
-22.911,-18.6,-1.0937,23.054,-11.647,-8.6893,5.149,-0.45737,-5.6139,-9.2041,-8.6438,-7.5416
-26.025,-19.03,1.5354,24.733,-14.943,-7.79,5.0093,-1.0049,-5.6179,-9.3026,-8.824,-6.8045
-26.66,-17.983,3.4014,24.516,-16.301,-6.4102,4.9913,-1.4285,-5.5679,-9.3653,-8.8885,-6.022
-24.18,-15.279,3.9488,22.045,-15.033,-4.7385,5.1486,-1.6045,-5.4591,-9.2785,-8.6579,-5.2271
-18.349,-11.02,2.8633,17.252,-10.986,-3.0507,5.4471,-1.4863,-5.3062,-8.9762,-8.0523,-4.4712
-9.5978,-5.7824,0.16411,10.606,-4.5551,-1.6655,5.7832,-1.1229,-5.1452,-8.4729,-7.1399,-3.8348
0.73528,-0.57046,-3.7925,3.2292,3.3666,-0.87327,6.032,-0.64464,-5.0218,-7.8606,-6.1223,-3.416
10.642,3.4837,-8.3731,-3.3477,11.448,-0.85628,6.0979,-0.22303,-4.9744,-7.2724,-5.2647,-3.3024
18.099,5.504,-12.798,-7.682,18.206,-1.6241,5.9454,-0.014565,-5.0247,-6.8308,-4.8039,-3.5358
21.585,5.1667,-16.318,-8.8596,22.387,-2.9718,5.6062,-0.10719,-5.1755,-6.605,-4.8711,-4.0893
20.408,2.8009,-18.346,-6.7429,23.208,-4.497,5.1766,-0.48574,-5.4024,-6.5879,-5.4454,-4.8615
14.878,-0.74986,-18.483,-1.9998,20.469,-5.7103,4.805,-1.0265,-5.6438,-6.689,-6.3475,-5.6894
6.2806,-4.3838,-16.511,4.0766,14.655,-6.1117,4.6656,-1.5228,-5.8026,-6.7454,-7.2735,-6.3732
-3.4461,-6.9255,-12.466,9.9691,6.8905,-5.1706,4.9208,-1.7388,-5.7648,-6.559,-7.8665,-6.7071
-12.299,-7.3663,-6.7005,14.421,-1.3167,-2.4251,5.6796,-1.4823,-5.4269,-5.9597,-7.8169,-6.5137
-18.706,-5.1585,0.19735,16.618,-8.4693,2.3503,6.9646,-0.67326,-4.7247,-4.8702,-6.961,-5.6867
-21.692,-0.30683,7.5721,16.149,-13.496,9.0218,8.7029,0.62133,-3.6546,-3.3395,-5.334,-4.2321
-21.026,6.7206,14.786,13.097,-15.944,17.031,10.752,2.2032,-2.2795,-1.5279,-3.1537,-2.2817
-17.304,15.243,21.207,8.1022,-15.919,25.527,12.955,3.8119,-0.71077,0.35292,-0.74196,-0.062992
-11.744,24.661,26.276,2.2106,-13.998,33.679,15.201,5.2031,0.92513,2.1192,1.5839,2.1662
-5.8849,34.448,29.802,-3.4438,-11.07,40.889,17.452,6.2332,2.5235,3.6773,3.6153,4.1891
-1.2189,43.559,32.187,-8.0784,-8.1188,46.829,19.721,6.8945,4.0215,5.0376,5.3095,5.8723
1.2519,50.491,34.216,-11.464,-5.9842,51.428,21.986,7.2947,5.3938,6.2773,6.7727,7.1624
1.2428,54.972,36.586,-13.667,-5.1567,54.864,24.102,7.597,6.6321,7.4883,8.1859,8.0617
-0.82439,58.246,39.574,-14.912,-5.6542,57.498,25.807,7.9485,7.7363,8.7483,9.7317,8.632
-3.9026,61.712,43.085,-15.827,-7.0042,59.755,26.831,8.4244,8.7269,10.117,11.542,9.0252
-6.6093,66.246,46.939,-17.41,-8.4263,62.142,27.076,9.0052,9.6537,11.629,13.658,9.4868
-7.7237,72.103,50.952,-20.715,-9.193,65.31,26.762,9.5913,10.574,13.279,16.012,10.298
-6.6148,78.873,54.814,-26.465,-8.938,69.756,26.497,10.039,11.515,15.029,18.455,11.67
-3.4921,85.905,58.389,-34.517,-7.8569,75.397,27.042,10.203,12.455,16.848,20.851,13.684
0.63477,92.762,62.038,-43.608,-6.678,81.735,28.588,9.981,13.348,18.77,23.205,16.396
4.3913,99.142,66.325,-51.967,-6.2667,88.296,30.1,9.3369,14.166,20.929,25.715,19.949
6.6457,104.79,71.563,-58.29,-7.2221,94.772,29.815,8.3131,14.919,23.506,28.636,24.288
6.9145,109.5,77.705,-62.223,-9.7128,100.95,26.606,7.0147,15.639,26.606,32.016,28.866
5.4643,113.19,84.396,-64.307,-13.429,106.65,20.597,5.5766,16.336,30.122,35.564,33.149
3.2565,116.08,90.936,-65.631,-17.558,111.73,12.609,4.1207,16.943,33.739,38.905,37.056
1.7419,118.71,96.317,-67.409,-20.918,116.03,3.4493,2.7229,17.349,37.106,41.901,40.757
2.3967,121.63,99.5,-70.557,-22.392,119.3,-6.3361,1.4141,17.483,39.987,44.633,44.446
6.1341,125.2,99.744,-75.341,-21.398,121.23,-16.314,0.22071,17.401,42.298,47.236,48.346
12.914,129.51,96.944,-81.307,-18.09,121.92,-25.969,-0.79608,17.268,44.107,49.879,52.729
21.706,134.54,91.793,-87.593,-13.214,122.22,-34.671,-1.5418,17.238,45.597,52.745,57.704
30.84,139.79,85.401,-93.312,-7.8062,122.7,-41.715,-1.9532,17.327,46.959,55.892,62.98
38.569,144.16,78.714,-97.71,-2.8546,122.89,-46.337,-2.0518,17.397,48.253,59.162,68.023
43.742,146.37,72.322,-100.24,0.93366,121.74,-48.189,-1.9506,17.24,49.369,62.256,72.378
46.22,145.47,66.35,-100.62,3.2774,118.34,-48.183,-1.8245,16.668,50.075,64.84,75.757
46.653,141.02,60.346,-98.86,4.3612,112.04,-47.777,-1.8649,15.576,50.086,66.609,77.958
45.95,133.23,53.606,-95.241,4.6662,102.71,-47.696,-2.2323,13.97,49.105,67.294,78.748
44.879,122.86,45.8,-90.36,4.6753,91.244,-48.015,-3.0147,11.978,46.88,66.662,77.817
43.88,111.21,37.271,-84.983,4.6802,79.599,-48.55,-4.2057,9.8184,43.334,64.551,75.048
42.995,99.966,28.719,-79.687,4.7302,69.695,-49.009,-5.7132,7.7198,38.808,61.063,71.088
41.903,90.708,20.933,-74.606,4.712,62.252,-49.13,-7.4,5.8385,34.074,56.816,67.229
40.084,84.12,14.643,-69.625,4.5927,56.829,-48.795,-9.1321,4.1998,29.826,52.736,64.211
37.281,79.653,9.9627,-64.692,4.6111,52.506,-48.06,-10.813,2.687,26.121,49.332,61.972
33.87,75.919,6.3161,-59.763,5.1204,48.267,-47.086,-12.39,1.1139,22.494,46.387,60.085
30.481,71.377,2.956,-54.548,6.3455,43.178,-46.056,-13.847,-0.64619,18.461,43.204,57.817
27.563,65.042,-0.54571,-48.524,8.2683,36.532,-45.11,-15.194,-2.5917,13.974,38.95,54.318
25.157,56.889,-4.1225,-41.275,10.556,27.956,-44.324,-16.477,-4.6273,9.5287,33.065,49.056
22.79,47.442,-7.3499,-32.891,12.568,18.161,-43.694,-17.782,-6.6521,5.6812,25.919,42.23
19.716,37.207,-9.6678,-24.098,13.503,9.7339,-43.156,-19.217,-8.5871,2.5503,18.925,34.694
15.372,27.002,-10.564,-15.758,12.712,4.3126,-42.65,-20.9,-10.377,-0.019993,13.218,27.465
9.7062,17.965,-9.7866,-8.3224,10.018,1.4119,-42.164,-22.908,-12.008,-2.1247,8.9536,21.256
3.2612,10.766,-7.5123,-1.9691,5.8579,0.25049,-41.73,-25.25,-13.536,-3.7521,5.9473,16.303
-3.0019,5.4367,-4.3522,3.1091,1.1291,0.19714,-41.381,-27.802,-15.095,-4.8849,4.0394,12.461
-8.068,1.7274,-1.1675,6.727,-3.121,0.65122,-41.118,-30.3,-16.848,-5.5697,3.0287,9.3835
-11.246,-0.68104,1.2109,8.8544,-6.0243,1.0851,-40.927,-32.433,-18.918,-5.9259,2.6295,6.7946
-12.393,-2.168,2.2368,9.7059,-7.1576,1.127,-40.829,-34.021,-21.305,-6.1292,2.5171,4.6841
-11.957,-3.1936,1.7832,9.763,-6.6723,0.56927,-40.884,-35.128,-23.854,-6.3892,2.3752,3.0684
-10.806,-4.2481,0.15492,9.6811,-5.2187,-0.6349,-41.155,-36.038,-26.332,-6.9087,1.9375,1.7142
-9.8718,-5.7318,-2.0271,10.072,-3.64,-2.361,-41.683,-37.116,-28.589,-7.8173,1.0464,0.30574
-9.8051,-7.82,-4.0879,11.282,-2.5954,-4.3508,-42.478,-38.672,-30.652,-9.1181,-0.30059,-1.292
-10.798,-10.369,-5.5629,13.267,-2.3632,-6.285,-43.527,-40.828,-32.667,-10.68,-1.9334,-2.9918
-12.523,-12.909,-6.29,15.585,-2.8436,-7.8404,-44.779,-43.421,-34.752,-12.273,-3.5445,-4.5659
-14.189,-14.766,-6.3667,17.488,-3.6088,-8.7446,-46.098,-46.036,-36.868,-13.627,-4.7897,-5.7543
-14.837,-15.298,-6.0435,18.172,-4.0542,-8.835,-47.264,-48.212,-38.826,-14.514,-5.4216,-6.3698
-13.809,-14.157,-5.5857,17.124,-3.701,-8.1082,-48.059,-49.71,-40.429,-14.821,-5.3835,-6.3714
-11.096,-11.487,-5.18,14.409,-2.4393,-6.7395,-48.392,-50.64,-41.621,-14.603,-4.8303,-5.8726
-7.3737,-7.9457,-4.9195,10.718,-0.56194,-5.0655,-48.353,-51.385,-42.55,-14.094,-4.0796,-5.0955
-3.7216,-4.5217,-4.8288,7.1185,1.3808,-3.5192,-48.146,-52.36,-43.456,-13.639,-3.5133,-4.304
-1.2087,-2.206,-4.9044,4.6593,2.8208,-2.5264,-47.964,-53.745,-44.535,-13.594,-3.4713,-3.738
-0.53207,-1.6674,-5.1613,4.0197,3.3957,-2.3865,-47.848,-55.344,-45.809,-14.216,-4.1507,-3.5529
-1.7992,-3.0192,-5.6563,5.2939,3.0712,-3.1729,-47.618,-56.605,-47.109,-15.598,-5.5068,-3.7553
-4.5005,-5.7548,-6.4547,7.9741,2.1409,-4.6914,-46.894,-56.739,-48.12,-17.687,-7.2119,-4.1717
-7.6823,-8.8935,-7.56,11.116,1.1096,-6.5048,-45.121,-54.683,-48.445,-20.267,-8.7211,-4.5168
-10.281,-11.281,-8.8479,13.655,0.49338,-8.0018,-41.628,-49.415,-47.541,-22.177,-8.8422,-4.4858
-11.496,-11.85,-10.033,14.767,0.62393,-8.4842,-36.535,-44.345,-44.499,-21.156,-5.7895,-3.8138
-11.012,-9.7032,-10.673,14.063,1.5484,-7.2456,-33.886,-54.675,-38.292,-18.691,-2.4219,-2.7331
-9.0048,-4.0813,-10.198,11.559,3.0289,-3.7691,-39.936,-74.778,-35.894,-17.076,-1.3831,-2.191
-6.0324,5.5023,-7.9858,7.5079,4.5994,1.2143,-47.7,-81.741,-59.39,-15.935,-0.74328,-2.5191
-2.8964,17.783,-4.029,2.0895,5.6692,4.8534,-47.906,-82.362,-64.322,-20.877,-0.82923,-2.4311
-0.41316,27.526,0.34709,-5.1653,5.6822,7.6014,-41.185,-75.641,-66.846,-34.715,-8.3991,-6.2347
0.90069,30.715,5.3049,-15.291,4.275,14.253,-28.14,-57.862,-68.057,-59.091,-24.708,-14.183
1.1856,33.938,12.901,-24.272,1.3422,25.613,-9.1028,-27.433,-65.957,-91.535,-54.334,-26.535
1.6217,44.117,24.535,-20.966,-2.9786,39.963,14.922,14.705,-57.505,-123.96,-93.561,-43.176
-2.4254,57.715,40.887,-16.701,-8.4906,56.025,43.363,65.527,-39.057,-145.79,-124.42,-61.205
-24.504,71.89,60.573,-20.647,-17.657,72.871,76.054,120.44,-6.6352,-145.19,-132.82,-72.355
-31.011,86.725,80.772,-26.645,-47.151,89.888,107.49,174.23,44.182,-110.11,-110.28,-67.001
-32.215,103.71,105.7,-35.878,-56.167,107.69,130.97,222.75,118.57,-31.352,-49.038,-38.466
-26.956,124.89,127.64,-50.956,-62.653,128.38,147.16,264.02,220.88,95.594,56.092,18.669
-11.318,153.04,144.95,-74.059,-65.929,152.92,158.39,297.71,351.52,271.11,207.07,107.97
18.025,192.14,157.48,-106.62,-62.232,179.96,166.44,324.18,506.29,492.82,403.52,226.44
60.482,242.04,161.93,-149.37,-47.439,205.8,171.51,343.98,675.45,755.8,643.69,372.41
115.09,295.9,156.22,-202.75,-19.152,227.99,171.51,356.96,846.77,1053.1,924.82,543.74
183.39,350.9,138.68,-265.62,23.542,245.04,160.88,361.98,1012.6,1376.8,1243.4,738.57
267.76,405.61,106.9,-336.02,81.006,255.03,130.63,357.88,1165.6,1719.8,1594.7,955.01
369.61,455.46,58.508,-412.49,154.45,254.29,71.876,344.24,1302.1,2078.0,1972.1,1188.9
486.77,494.45,-11.265,-491.37,247.16,239.01,-21.017,323.64,1426.7,2447.6,2365.6,1432.4
614.47,516.38,-110.01,-566.26,361.16,203.17,-149.93,299.45,1550.1,2824.5,2760.6,1673.3
745.16,511.11,-243.38,-628.39,494.59,136.14,-311.89,272.68,1685.1,3202.4,3137.7,1895.0
867.52,466.88,-410.28,-668.38,640.25,31.499,-497.68,241.38,1841.4,3570.4,3473.0,2078.5
969.09,380.4,-599.9,-679.89,786.09,-106.97,-692.45,200.55,2019.9,3910.3,3739.6,2205.4
1039.6,261.64,-790.85,-661.97,916.26,-263.1,-878.63,142.92,2207.4,4194.0,3909.0,2261.4
1071.5,130.7,-954.15,-618.16,1012.8,-411.5,-1039.5,60.465,2375.2,4382.5,3952.9,2238.1
1059.5,10.155,-1060.8,-554.33,1058.9,-525.58,-1162.0,-53.836,2482.5,4430.8,3847.3,2134.4
1000.7,-82.711,-1091.4,-476.68,1043.9,-586.7,-1237.9,-203.01,2486.3,4298.0,3579.7,1956.2
897.47,-141.01,-1042.7,-390.05,967.79,-590.04,-1265.4,-382.35,2353.9,3962.1,3156.9,1716.9
759.55,-168.33,-928.51,-298.54,842.28,-544.57,-1248.2,-577.71,2075.6,3431.8,2609.5,1435.8
602.28,-173.55,-773.7,-208.29,687.25,-467.93,-1194.3,-766.95,1670.8,2751.8,1990.5,1136.2
442.9,-166.37,-605.95,-126.83,524.81,-379.35,-1113.8,-924.98,1186.7,1997.3,1367.0,842.85
296.63,-154.59,-448.51,-58.866,373.99,-294.42,-1017.3,-1030.8,687.64,1259.6,806.41,578.49
173.91,-142.21,-316.67,-5.5514,247.76,-222.86,-913.97,-1073.0,239.83,623.94,361.57,360.69
81.355,-130.25,-217.2,32.379,152.24,-168.68,-810.97,-1051.5,-104.43,150.19,59.563,199.35
25.967,-117.51,-149.89,54.366,86.311,-131.63,-712.61,-975.07,-318.36,-140.5,-102.09,95.221
0.957,-102.7,-110.36,61.71,44.518,-109.07,-620.12,-858.72,-404.96,-265.14,-151.32,39.923
-4.6054,-87.701,-91.307,57.969,32.597,-93.793,-531.95,-719.99,-390.97,-266.66,-128.76,19.469
-0.42833,-77.888,-81.023,48.289,34.019,-80.671,-446.23,-576.05,-314.08,-197.44,-73.624,17.858
5.1754,-71.294,-74.106,37.555,36.38,-70.069,-364.51,-441.91,-211.61,-105.15,-18.828,22.056
6.0758,-65.262,-67.809,28.373,34.999,-60.769,-290.38,-327.25,-111.96,-23.202,11.667,24.897
-0.81567,-57.471,-59.571,25.74,27.993,-51.871,-226.42,-234.62,-33.26,26.901,22.69,22.814
-15.131,-47.483,-47.785,24.262,14.784,-42.757,-174.4,-163.17,17.253,43.464,21.982,16.159
-20.187,-37.614,-35.561,23.308,1.4011,-33.619,-134.93,-111.63,43.899,42.139,15.134,8.5165
-19.64,-29.332,-35.701,21.833,-3.7884,-25.24,-105.75,-77.977,52.106,33.861,3.5034,4.5382
-16.479,-22.076,-26.366,18.714,-4.4796,-18.804,-83.124,-57.018,48.048,24.895,-2.2139,0.26655
-10.323,-15.351,-19.095,13.607,-0.66664,-14.836,-64.467,-43.575,40.643,17.759,-5.1498,-1.7143
-1.8389,-9.4753,-18.137,7.2762,5.9392,-12.539,-48.7,-34.129,33.389,10.373,-6.7455,-2.328
6.9904,-5.1829,-20.383,1.3046,13.448,-11.488,-35.593,-26.397,28.12,1.5425,-6.2166,-2.7468
13.634,-3.1044,-22.797,-2.6259,19.517,-11.409,-25.273,-19.236,17.323,-3.6688,-5.8014,-3.3487
15.972,-3.4715,-23.5,-3.3507,22.039,-11.897,-17.757,-12.361,8.9119,-3.9927,-5.9885,-4.2726
13.047,-5.9682,-21.769,-0.58228,19.929,-12.432,-13.404,-5.8671,9.3615,-5.0092,-6.8342,-5.4446
5.3941,-9.7414,-17.749,4.9775,13.55,-12.514,-12.771,-2.1004,8.9987,-6.6796,-8.1095,-6.6438
-5.1343,-13.639,-12.033,11.845,4.3723,-11.829,-9.3558,-0.39865,7.9607,-8.5377,-9.4502,-7.611
-15.948,-16.603,-5.5588,18.246,-5.5306,-10.354,-3.4805,0.77811,6.7299,-10.227,-10.51,-8.1587
-24.534,-18.019,0.43574,22.739,-13.953,-8.3672,0.37644,1.7947,5.6298,-11.549,-11.095,-8.2504
-29.225,-17.814,4.7271,24.615,-19.156,-6.3431,2.6081,2.8125,4.7507,-12.407,-11.238,-8.0172
-29.576,-16.33,6.5106,23.907,-20.356,-4.7724,4.0893,3.911,4.0189,-12.86,-11.159,-7.7009
-26.227,-14.116,5.6641,21.162,-17.864,-3.9707,5.1822,5.1065,3.3052,-13.088,-11.15,-7.5517
-20.314,-11.689,2.7818,17.134,-12.799,-3.9657,5.9756,6.3707,2.5142,-13.308,-11.457,-7.7304
-13.098,-9.3823,-1.0988,12.608,-6.5092,-4.5117,6.4704,7.6567,1.632,-13.675,-12.174,-8.251
-5.9428,-7.3615,-4.9318,8.3256,-0.21719,-5.2139,6.6758,8.9346,0.73045,-14.231,-13.211,-8.9785
-0.07727,-5.6831,-7.9442,4.8635,5.0082,-5.6994,6.6482,10.217,-0.068736,-14.897,-14.316,-9.6797
3.8012,-4.3682,-9.7008,2.5416,8.4277,-5.7627,6.4888,11.551,-0.6501,-15.526,-15.176,-10.117
5.4942,-3.5027,-10.122,1.4853,9.8046,-5.436,6.3136,12.971,-0.95403,-15.967,-15.541,-10.144
5.1151,-3.2655,-9.4742,1.6916,9.3429,-4.9526,6.2184,14.465,-0.99959,-16.127,-15.321,-9.7627
3.0626,-3.8194,-8.2279,3.0169,7.5421,-4.6178,6.2517,15.972,-0.87639,-15.997,-14.624,-9.1198
-0.036721,-5.1654,-6.8503,5.1627,5.0336,-4.6547,6.4032,17.403,-0.71179,-15.645,-13.712,-8.4562
-3.483,-7.082,-5.6651,7.7075,2.4074,-5.0987,6.6125,18.683,-0.62557,-15.2,-12.909,-8.0218
-6.651,-9.1699,-4.8063,10.179,0.090425,-5.7827,6.7957,19.779,-0.68966,-14.817,-12.48,-7.9927
-9.1169,-10.968,-4.2249,12.157,-1.7221,-6.4211,6.8781,20.716,-0.90736,-14.627,-12.545,-8.4171
-10.77,-12.115,-3.7421,13.405,-3.0902,-6.7571,6.8219,21.566,-1.2173,-14.694,-13.045,-9.201
-11.861,-12.549,-3.1564,14.012,-4.2655,-6.6946,6.6405,22.419,-1.5199,-14.989,-13.776,-10.144
-12.907,-12.615,-2.3597,14.429,-5.5527,-6.3556,6.3947,23.313,-1.7183,-15.412,-14.478,-11.016
-14.429,-12.923,-1.3929,15.262,-7.1724,-6.0419,6.1719,24.188,-1.7539,-15.833,-14.93,-11.638
-16.695,-14.028,-0.42663,16.927,-9.1616,-6.1042,6.0668,24.904,-1.6171,-16.128,-15.012,-11.923
-19.616,-16.159,0.2989,19.458,-11.32,-6.7668,6.1711,25.36,-1.3314,-16.189,-14.703,-11.869
-22.736,-19.067,0.54369,22.478,-13.212,-7.9973,6.56,25.597,-0.92832,-15.932,-14.063,-11.529
-25.219,-22.017,0.1344,25.218,-14.223,-9.4889,7.2602,25.794,-0.4373,-15.334,-13.213,-10.979
-25.948,-23.967,-0.98191,26.641,-13.705,-10.771,8.217,26.138,0.10589,-14.468,-12.318,-10.304
-23.927,-23.921,-2.7082,25.767,-11.224,-11.398,9.2924,26.713,0.6527,-13.502,-11.545,-9.58
-18.743,-21.399,-4.8002,22.103,-6.8232,-11.116,10.304,27.455,1.1503,-12.633,-11.012,-8.8578
-10.99,-16.774,-6.9028,16.067,-1.1981,-9.9627,11.085,28.2,1.5589,-12.009,-10.754,-8.1595
-2.4551,-11.215,-8.6027,9.1106,4.4031,-8.2478,11.545,28.756,1.8646,-11.673,-10.713,-7.4885
4.4065,-6.2477,-9.4815,3.2411,8.5452,-6.4468,11.698,28.998,2.0779,-11.55,-10.773,-6.8509
7.5067,-3.2481,-9.194,0.21493,10.02,-5.0284,11.648,28.914,2.2178,-11.498,-10.81,-6.273
5.8789,-3.015,-7.5875,0.91478,8.2089,-4.2869,11.533,28.624,2.2956,-11.373,-10.743,-5.8072
-0.10692,-5.5037,-4.8031,5.105,3.3375,-4.2347,11.462,28.332,2.3096,-11.1,-10.559,-5.5199
-8.866,-9.7887,-1.2882,11.512,-3.506,-4.6113,11.475,28.275,2.252,-10.693,-10.307,-5.4689
-18.001,-14.34,2.2812,18.206,-10.619,-5.0258,11.543,28.655,2.1185,-10.232,-10.078,-5.6816
-25.037,-17.6,5.133,23.254,-16.157,-5.1578,11.591,29.578,1.9119,-9.8298,-9.9688,-6.1461
-28.158,-18.569,6.5629,25.302,-18.68,-4.9037,11.545,30.984,1.6391,-9.5935,-10.06,-6.8164
-26.533,-17.139,6.1145,23.859,-17.493,-4.4109,11.344,32.618,1.3053,-9.5982,-10.39,-7.6266
-20.504,-14.052,3.7127,19.442,-12.721,-4.02,10.948,34.063,0.91172,-9.8684,-10.947,-8.5043
-11.643,-10.518,-0.27971,13.463,-5.3822,-4.1397,10.344,34.908,0.46436,-10.356,-11.655,-9.3767
-2.3571,-7.7743,-5.1073,7.7093,2.6834,-5.0593,9.598,34.995,-0.005621,-10.934,-12.384,-10.169
4.8196,-6.7458,-9.8034,3.8063,9.4106,-6.7818,8.8625,34.535,-0.42989,-11.423,-12.973,-10.804
8.0627,-7.7812,-13.36,2.7909,13.218,-8.9561,8.3243,34.015,-0.71789,-11.654,-13.289,-11.213
6.7355,-10.54,-14.85,4.8248,13.325,-10.95,8.1192,33.95,-0.79396,-11.538,-13.272,-11.351
1.3747,-14.076,-13.724,9.1694,9.7262,-12.079,8.273,34.67,-0.63197,-11.092,-12.961,-11.216
-6.5112,-17.205,-10.101,14.472,3.1963,-11.889,8.6948,36.218,-0.2682,-10.435,-12.476,-10.859
-14.888,-19.02,-4.7789,19.298,-4.7569,-10.338,9.2139,38.369,0.20972,-9.7567,-11.989,-10.379
-21.867,-19.227,0.9873,22.638,-12.273,-7.8287,9.6365,40.739,0.69082,-9.2525,-11.666,-9.9108
-26.182,-18.102,5.803,24.077,-17.67,-5.0823,9.8072,42.958,1.0781,-9.0516,-11.615,-9.5947
-27.226,-16.209,8.4792,23.625,-19.829,-2.9042,9.6652,44.856,1.3264,-9.1603,-11.848,-9.5315
-24.895,-14.14,8.336,21.519,-18.349,-1.9141,9.2721,46.567,1.4681,-9.4546,-12.275,-9.7502
-19.528,-12.355,5.3899,18.131,-13.479,-2.3467,8.7932,48.484,1.614,-9.7252,-12.729,-10.196
-11.996,-11.113,0.38819,13.982,-6.131,-3.9879,8.4381,51.057,1.923,-9.7544,-13.028,-10.74
-3.7478,-10.456,-5.4085,9.7393,2.0415,-6.2729,8.389,54.564,2.5516,-9.3947,-13.03,-11.219
3.4172,-10.278,-10.629,6.1932,9.0852,-8.5047,8.742,58.968,3.5991,-8.6205,-12.678,-11.486
7.7642,-10.487,-14.097,4.1812,13.438,-10.094,9.4751,63.927,5.0671,-7.5354,-12.024,-11.457
8.0895,-11.155,-15.022,4.3649,14.183,-10.731,10.443,68.901,6.8444,-6.3373,-11.199,-11.128
4.102,-12.477,-13.2,6.957,11.047,-10.437,11.411,73.325,8.736,-5.2469,-10.356,-10.549
-3.4529,-14.568,-9.1086,11.597,4.5498,-9.5044,12.15,76.829,10.543,-4.4151,-9.5934,-9.7887
-12.956,-17.288,-3.7781,17.415,-3.9159,-8.3503,12.553,79.397,12.157,-3.8482,-8.9083,-8.8978
-22.351,-20.21,1.5173,23.245,-12.381,-7.3441,12.708,81.382,13.607,-3.4092,-8.2038,-7.9159
-29.667,-22.664,5.6017,27.866,-18.888,-6.6805,12.837,83.344,15.013,-2.9073,-7.3646,-6.8974
-33.262,-23.859,7.6528,30.152,-22.016,-6.3343,13.17,85.81,16.509,-2.2172,-6.3498,-5.9343
-32.09,-23.117,7.381,29.283,-21.146,-6.1232,13.825,89.096,18.176,-1.3491,-5.2482,-5.1584
-26.144,-20.219,5.1011,25.101,-16.556,-5.8444,14.772,93.235,20.016,-0.44352,-4.2683,-4.7168
-16.752,-15.662,1.5964,18.427,-9.4765,-5.4045,15.876,97.988,21.979,0.29492,-3.6691,-4.7289
-6.4052,-10.587,-2.172,10.987,-1.8056,-4.8694,16.972,102.93,24.002,0.68915,-3.6559,-5.241
2.0742,-6.3932,-5.3226,4.8726,4.5445,-4.4268,17.917,107.63,26.066,0.66757,-4.285,-6.1961
6.5785,-4.2902,-7.2257,1.7909,8.1701,-4.2983,18.627,111.84,28.208,0.2988,-5.4257,-7.4333
6.231,-4.9091,-7.6247,2.5003,8.4074,-4.6407,19.121,115.56,30.483,-0.22566,-6.7957,-8.7232
1.4393,-8.0661,-6.6744,6.6222,5.4487,-5.4676,19.525,119.03,32.933,-0.64955,-8.0488,-9.8294
-6.1659,-12.784,-4.8572,12.768,0.38097,-6.6181,20.043,122.58,35.581,-0.72432,-8.8771,-10.573
-14.131,-17.61,-2.8006,18.982,-5.1192,-7.7816,20.895,126.54,38.473,-0.27034,-9.0943,-10.874
-20.105,-21.114,-1.0885,23.471,-9.42,-8.5834,22.258,131.16,41.696,0.78641,-8.6817,-10.754
-22.64,-22.315,-0.14723,25.153,-11.418,-8.7152,24.216,136.52,45.34,2.4039,-7.7863,-10.31
-21.26,-20.901,-0.19148,23.72,-10.653,-8.058,26.716,142.52,49.418,4.4392,-6.6682,-9.6738
-16.304,-17.272,-1.1957,19.538,-7.2971,-6.7416,29.57,148.93,53.813,6.6895,-5.6093,-8.9726
-8.9303,-12.393,-2.9138,13.613,-2.1528,-5.1109,32.502,155.41,58.324,8.9552,-4.8132,-8.2939
-0.93523,-7.5004,-4.966,7.389,3.5283,-3.6113,35.271,161.65,62.768,11.116,-4.3309,-7.6653
5.7325,-3.7912,-6.9428,2.3744,8.4155,-2.6346,37.809,167.52,67.068,13.189,-4.041,-7.0578
9.6005,-2.1035,-8.4678,-0.29534,11.48,-2.3831,40.26,173.14,71.258,15.334,-3.706,-6.4163
10.015,-2.6617,-9.2145,-0.17284,12.178,-2.8024,42.883,178.87,75.432,17.777,-3.0868,-5.6981
7.1115,-5.0304,-8.9247,2.4395,10.431,-3.6092,45.874,185.13,79.666,20.683,-2.0572,-4.9003
1.7032,-8.3187,-7.4632,6.6529,6.585,-4.3947,49.24,192.24,83.958,24.033,-0.66493,-4.0668
-4.8918,-11.498,-4.8877,11.29,1.3939,-4.7443,52.79,200.31,88.208,27.591,0.8795,-3.2704
-11.201,-13.653,-1.4799,15.236,-4.1275,-4.3247,56.253,209.2,92.286,31.019,2.2834,-2.5812
-15.949,-14.165,2.2855,17.669,-8.9346,-2.9556,59.431,218.51,96.142,34.058,3.3022,-2.0381
-18.258,-12.823,5.8227,18.088,-12.193,-0.71354,62.275,227.67,99.851,36.632,3.855,-1.6464
-17.811,-9.8869,8.5459,16.435,-13.448,2.0149,64.862,236.2,103.55,38.835,4.0557,-1.3954
-14.953,-6.066,9.9909,13.208,-12.685,4.6353,67.311,243.91,107.35,40.842,4.1464,-1.2769
-10.573,-2.3398,9.9223,9.3287,-10.268,6.5434,69.709,250.92,111.26,42.811,4.3862,-1.2936
-5.8231,0.3292,8.392,5.8313,-6.8034,7.3035,72.086,257.63,115.24,44.838,4.9518,-1.454
-1.7717,1.2876,5.7286,3.5409,-2.9614,6.7611,74.453,264.53,119.23,46.942,5.8812,-1.7599
0.9347,0.42336,2.4572,2.8134,0.66705,5.0996,76.842,272.1,123.27,49.104,7.0776,-2.1839
2.2499,-1.7293,-0.82551,3.4161,3.6643,2.8296,79.331,280.68,127.48,51.313,8.3815,-2.6526
2.595,-4.1857,-3.5758,4.6743,5.8371,0.66615,81.998,290.45,132.02,53.591,9.6744,-3.0544
2.5303,-5.9407,-5.3767,5.8111,7.1794,-0.68146,84.861,301.4,137.0,55.982,10.944,-3.2738
2.484,-6.3318,-5.9546,6.2735,7.7616,-0.70154,87.861,313.42,142.42,58.524,12.273,-3.2317
2.6144,-5.1992,-5.1871,5.916,7.646,0.85119,90.911,326.29,148.21,61.229,13.798,-2.9087
2.791,-2.8826,-3.115,4.9897,6.8649,3.952,93.958,339.59,154.22,64.082,15.655,-2.3484
2.6804,-0.12048,0.080934,3.9948,5.4342,8.1919,97.01,352.75,160.28,67.067,17.952,-1.6375
1.9172,2.2353,4.1392,3.4549,3.384,12.756,100.12,365.28,166.24,70.192,20.735,-0.86925
0.31293,3.6559,8.7847,3.6601,0.80411,16.881,103.36,377.01,172.06,73.519,23.987,-0.098056
-2.0016,4.2246,13.771,4.5189,-2.1259,20.359,106.79,388.19,177.81,77.169,27.649,0.70347
-4.6161,4.5828,18.912,5.6254,-5.1538,23.595,110.46,399.25,183.66,81.277,31.612,1.6697
-7.0341,5.6395,24.12,6.4634,-8.0115,27.307,114.38,410.54,189.73,85.89,35.695,3.0422
-8.874,8.2595,29.367,6.6097,-10.482,32.079,118.48,422.21,196.04,90.878,39.672,5.1444
-9.9835,12.989,34.596,5.8736,-12.439,37.988,122.6,434.21,202.51,95.95,43.42,8.2916
-10.436,19.723,39.659,4.32,-13.83,44.478,126.57,446.39,209.04,100.8,47.031,12.553
-10.421,27.443,44.3,2.2069,-14.639,50.541,130.24,458.63,215.59,105.29,50.721,17.537
-10.086,34.618,48.187,-0.11085,-14.847,55.282,133.53,470.84,222.11,109.46,54.641,22.639
-9.4365,40.226,51.034,-2.3825,-14.43,58.499,136.49,482.98,228.57,113.5,58.809,27.505
-8.3242,44.378,52.77,-4.7027,-13.392,60.659,139.24,495.02,235.01,117.63,63.19,32.118
-6.5238,48.049,53.634,-7.551,-11.814,62.519,141.9,506.92,241.54,122.07,67.785,36.618
-3.8446,52.413,54.058,-11.579,-9.9003,64.833,144.5,518.6,248.2,126.93,72.62,41.144
-0.24183,58.249,54.439,-17.227,-7.9782,68.105,146.93,529.88,254.95,132.14,77.693,45.757
4.1085,65.535,54.952,-24.296,-6.4134,72.328,149.0,540.25,261.59,137.46,82.918,50.413
8.7769,73.386,55.563,-31.825,-5.4634,76.954,150.55,549.17,267.92,142.59,88.135,54.986
13.146,80.599,56.178,-38.652,-5.1593,81.25,151.5,556.42,273.78,147.37,93.181,59.297
16.739,86.373,56.584,-44.188,-5.2702,84.66,151.8,562.18,279.11,151.84,98.018,63.172
19.609,90.486,56.278,-48.626,-5.3446,86.854,151.36,566.73,283.9,156.22,102.77,66.53
22.374,93.062,54.666,-52.594,-4.8576,87.627,150.12,570.32,288.18,160.86,107.64,69.471
25.842,94.371,51.507,-56.651,-3.4469,86.887,148.1,573.15,291.93,166.07,112.73,72.332
30.555,94.742,47.062,-60.916,-1.1034,84.816,145.4,575.36,295.09,172.02,117.98,75.464
36.518,94.515,41.854,-65.086,1.7766,81.946,142.1,576.98,297.62,178.64,123.32,78.779
43.257,93.992,36.467,-68.742,4.513,78.965,138.19,577.94,299.61,185.64,128.88,81.992
50.142,93.429,31.611,-71.592,6.4542,76.523,133.61,578.13,301.19,192.74,134.9,85.267
56.641,93.087,28.005,-73.538,7.3953,75.167,128.34,577.48,302.52,199.79,141.61,89.065
62.303,93.224,26.002,-74.68,7.8226,75.173,122.46,576.02,303.72,206.88,149.31,93.841
66.852,93.966,25.353,-75.377,8.661,76.366,116.16,573.82,304.89,214.26,158.32,99.989
70.539,95.233,25.188,-76.208,10.519,78.158,109.68,570.92,306.13,222.25,168.91,107.79
74.26,96.833,24.373,-77.754,13.296,79.732,103.13,567.23,307.48,231.13,181.05,117.19
79.209,98.603,22.125,-80.376,17.379,80.315,96.417,562.54,309.01,241.05,194.21,127.57
86.298,100.44,18.297,-84.128,24.32,79.422,89.25,556.68,310.73,252.01,207.49,137.84
95.738,102.29,13.169,-88.778,34.866,76.969,81.313,549.56,312.59,263.86,220.22,146.98
106.97,104.06,7.2021,-93.885,47.565,73.181,72.355,541.24,314.53,276.32,232.42,154.78
118.83,105.61,1.0297,-98.92,60.381,68.477,62.267,531.92,316.48,289.13,244.76,161.94
130.01,106.78,-4.6033,-103.4,72.071,63.377,51.304,521.8,318.41,302.32,258.03,169.61
139.48,107.48,-9.0538,-106.98,81.884,58.367,40.3,510.98,320.34,316.11,272.63,178.62
146.85,107.61,-12.009,-109.42,89.325,53.722,30.12,499.43,322.3,330.7,288.36,189.13
152.13,107.07,-13.611,-110.61,94.396,49.392,20.726,486.95,324.3,345.96,304.48,200.61
155.46,105.65,-14.411,-110.49,97.735,44.942,11.511,473.32,326.28,361.3,320.19,212.07
157.09,103.16,-15.248,-109.19,100.24,39.645,2.178,458.43,328.2,375.83,335.09,222.66
157.47,99.572,-17.389,-107.03,102.78,32.962,-7.2406,442.44,330.02,388.89,349.06,231.99
157.21,95.044,-22.957,-104.47,105.92,25.366,-16.808,425.76,331.72,400.68,361.83,240.11
156.86,89.782,-33.84,-102.01,109.46,18.468,-26.85,408.92,333.34,412.13,373.4,247.24
156.87,84.109,-46.731,-100.06,112.94,13.468,-37.798,392.4,334.91,424.21,384.29,253.77
157.48,78.759,-56.439,-98.859,116.26,10.315,-49.762,376.5,336.46,437.36,395.2,260.14
158.75,74.558,-63.553,-98.433,119.64,8.3174,-62.225,361.08,337.98,451.51,406.76,266.84
160.62,71.512,-70.032,-98.626,123.33,6.6355,-74.352,345.71,339.47,466.26,419.43,274.22
162.93,68.698,-76.81,-99.198,127.45,4.5874,-85.435,330.09,340.89,480.94,433.11,282.17
165.48,65.022,-84.211,-99.867,132.01,1.8127,-95.087,314.35,342.24,494.84,446.89,289.91
167.91,59.796,-92.283,-100.24,136.86,-1.7708,-103.28,298.91,343.47,507.63,459.45,296.49
169.76,52.861,-100.81,-99.815,141.78,-6.1255,-110.28,284.13,344.54,519.6,470.03,301.43
170.61,44.575,-109.28,-98.224,146.39,-11.097,-116.47,270.18,345.37,531.06,478.62,304.78
170.38,35.776,-116.95,-95.565,150.31,-16.246,-122.2,257.11,345.92,541.55,485.5,306.7
169.4,27.507,-123.13,-92.449,153.19,-20.841,-127.66,244.77,346.17,550.04,490.71,307.26
168.17,20.724,-127.31,-89.672,154.82,-24.094,-132.72,232.8,346.18,555.77,494.05,306.42
167.06,16.096,-129.27,-87.834,155.07,-25.482,-136.94,220.66,346.08,558.55,495.35,304.26
166.31,13.846,-129.02,-87.227,153.99,-24.936,-139.9,207.87,346.0,558.83,494.81,301.12
166.0,13.639,-126.92,-87.862,152.01,-22.854,-141.49,194.28,345.96,557.53,493.15,297.58
166.11,14.694,-123.77,-89.471,149.89,-19.957,-141.85,180.27,345.77,555.59,491.15,294.08
166.43,16.051,-120.51,-91.497,148.21,-17.031,-141.27,166.6,344.9,553.34,488.93,290.64
166.6,16.884,-117.64,-93.201,147.03,-14.658,-140.0,153.91,342.74,550.29,485.94,286.93
166.07,16.791,-115.06,-93.916,145.9,-13.076,-138.29,142.36,338.87,545.41,481.39,282.5
164.31,15.871,-112.17,-93.271,144.19,-12.184,-136.37,131.51,333.13,537.8,474.74,276.99
160.93,14.496,-108.34,-91.215,141.26,-11.641,-134.49,120.63,325.45,527.01,465.8,270.31
155.77,13.058,-103.37,-87.886,136.69,-11.071,-132.79,109.11,315.9,513.09,454.62,262.62
148.84,11.838,-97.553,-83.446,130.37,-10.292,-131.34,96.706,304.76,496.54,441.47,254.26
140.4,10.925,-91.431,-77.996,122.66,-9.3878,-130.09,83.74,292.51,478.28,426.89,245.5
131.04,10.19,-85.45,-71.735,114.3,-8.5992,-128.89,70.997,279.59,459.42,411.59,236.4
121.7,9.3237,-79.874,-65.243,106.43,-8.1625,-127.57,59.177,266.22,440.74,396.06,226.85
113.16,8.0387,-74.949,-59.196,100.33,-8.1929,-125.89,48.366,252.49,422.48,380.4,216.76
105.64,6.2975,-70.731,-53.706,96.459,-8.6392,-123.65,38.379,238.4,404.5,364.32,206.19
99.025,4.2412,-66.755,-48.239,93.545,-9.3152,-120.76,29.535,223.9,386.47,347.54,195.43
92.888,1.9749,-62.228,-41.917,89.757,-9.9828,-117.33,22.466,208.98,367.84,330.0,184.86
85.855,-0.5392,-56.322,-33.814,83.76,-10.448,-113.61,17.242,193.67,348.03,311.83,174.85
75.795,-3.4174,-48.272,-23.797,74.685,-10.63,-109.93,13.253,178.06,326.82,293.36,165.56
61.735,-6.7553,-38.293,-13.033,62.122,-10.561,-106.53,9.8164,162.42,304.74,275.19,156.99
44.714,-10.491,-28.073,-2.7028,47.074,-10.329,-103.45,6.6322,147.3,282.96,258.29,149.11
26.924,-14.294,-19.192,6.5699,31.692,-9.9938,-100.51,3.7789,133.46,262.72,243.43,141.92
11.167,-17.554,-12.195,14.101,17.946,-9.5459,-97.281,1.4769,121.58,244.73,230.79,135.23
-0.002454,-19.517,-7.1504,19.025,7.1761,-8.9284,-93.334,-0.12328,111.89,229.26,220.04,128.52
-5.2919,-19.548,-4.1504,20.656,0.66676,-8.102,-88.425,-1.0302,103.95,216.02,210.29,121.35
-4.9213,-17.412,-3.4159,18.816,-0.55885,-7.1105,-82.71,-1.4185,96.792,204.08,200.26,113.48
-0.11877,-13.479,-4.9268,14.018,2.8896,-6.1116,-76.775,-1.6032,89.341,192.19,188.92,104.86
7.3509,-8.6867,-8.0534,7.4803,9.0587,-5.3526,-71.36,-1.9601,80.674,179.12,175.6,95.566
15.378,-4.2455,-11.843,0.85973,15.924,-5.0803,-66.931,-2.7859,70.272,163.85,160.11,85.852
21.862,-1.2592,-15.407,-4.2193,21.767,-5.4115,-63.495,-4.1674,58.362,146.22,143.18,76.069
25.149,-0.40124,-17.988,-6.5927,25.184,-6.2506,-60.705,-5.9352,45.931,127.52,126.51,66.738
24.409,-1.7326,-18.956,-5.806,25.347,-7.302,-58.122,-7.7257,34.334,109.9,111.8,58.651
19.702,-4.7059,-17.934,-2.1931,22.064,-8.1704,-55.429,-9.1175,24.945,95.111,99.833,52.605
11.964,-8.391,-14.956,3.2378,15.824,-8.5077,-52.515,-9.7893,18.423,83.704,90.536,48.789
2.8214,-11.864,-10.509,9.1716,7.8474,-8.142,-49.406,-9.6387,14.272,75.076,83.264,46.675
-5.91,-14.497,-5.4239,14.446,-0.25684,-7.1334,-46.176,-8.8139,11.535,67.968,77.047,45.313
-12.833,-15.999,-0.67692,18.308,-6.9992,-5.7325,-42.95,-7.647,9.4403,61.041,70.846,43.525
-17.124,-16.329,2.8335,20.377,-11.321,-4.2751,-39.926,-6.519,7.5655,53.565,64.18,40.104
-18.361,-15.595,4.5153,20.51,-12.665,-3.0674,-37.251,-5.7191,5.7775,46.303,57.985,34.304
-16.577,-13.991,4.2425,18.777,-11.071,-2.3028,-34.843,-5.3506,4.0789,40.239,53.098,26.756
-12.293,-11.805,2.3618,15.544,-7.2134,-2.026,-32.362,-5.3138,2.4909,33.871,48.176,19.637
-6.5132,-9.4387,-0.4584,11.511,-2.1375,-2.153,-29.365,-5.3866,1.0344,26.543,41.943,14.461
-0.67842,-7.3653,-3.4514,7.6155,2.9734,-2.534,-25.455,-5.3673,-0.26988,19.659,34.813,10.992
3.7554,-6.032,-5.9222,4.7662,6.9706,-3.0256,-20.584,-5.1749,-1.4238,14.038,27.854,8.4821
5.8204,-5.7398,-7.3506,3.5762,9.0319,-3.5257,-15.503,-4.8464,-2.4655,9.4723,21.453,6.3387
5.2157,-6.5409,-7.4872,4.2156,8.8416,-3.9614,-11.327,-4.478,-3.4578,5.473,15.333,4.1923
2.2861,-8.1907,-6.4016,6.3839,6.6023,-4.2613,-8.5116,-4.1696,-4.4549,1.7145,9.2893,1.9416
-2.0647,-10.195,-4.4324,9.3922,2.9994,-4.3483,-6.8243,-3.9862,-5.4684,-1.807,3.6549,-0.25814
-6.6102,-11.958,-2.0819,12.37,-0.97009,-4.1666,-5.8484,-3.9404,-6.4628,-4.9321,-0.98167,-2.1649
-10.163,-12.975,0.10845,14.521,-4.3074,-3.7237,-5.2145,-3.9927,-7.3891,-7.6004,-4.4194,-3.6256
-11.918,-13.006,1.6826,15.346,-6.3009,-3.1202,-4.6383,-4.0621,-8.2146,-9.8815,-6.887,-4.6386
-11.701,-12.188,2.373,14.809,-6.6978,-2.5425,-3.9397,-4.0421,-8.9181,-11.838,-8.6656,-5.3241
-10.018,-11.007,2.1561,13.386,-5.737,-2.2156,-3.0568,-3.8234,-9.4678,-13.474,-9.942,-5.8633
-7.846,-10.121,1.244,11.887,-4.028,-2.3298,-2.0277,-3.3273,-9.8145,-14.78,-10.873,-6.4444
-6.2457,-10.123,0.014525,11.143,-2.3251,-2.9692,-0.9523,-2.5454,-9.922,-15.797,-11.636,-7.21
-6.0154,-11.342,-1.0949,11.714,-1.3025,-4.0692,0.04575,-1.5625,-9.8119,-16.636,-12.423,-8.2175
-7.4681,-13.716,-1.6999,13.706,-1.3746,-5.4174,0.8603,-0.53852,-9.569,-17.446,-13.385,-9.4223
-10.353,-16.777,-1.5586,16.735,-2.5801,-6.7088,1.4481,0.35119,-9.286,-18.354,-14.57,-10.693
-13.945,-19.782,-0.60168,20.041,-4.5968,-7.6286,1.8395,0.98293,-9.0069,-19.407,-15.891,-11.847
-17.274,-21.933,1.1217,22.738,-6.8899,-7.9002,2.1198,1.3337,-8.7114,-20.537,-17.136,-12.687
-19.429,-22.563,3.5332,24.069,-8.9116,-7.2886,2.4032,1.5074,-8.323,-21.57,-18.034,-13.032
-19.805,-21.265,6.559,23.573,-10.27,-5.6329,2.8204,1.7135,-7.7436,-22.278,-18.335,-12.76
-18.231,-18.002,10.072,21.17,-10.823,-2.9497,3.4813,2.1787,-6.9128,-22.481,-17.918,-11.872
-15.035,-13.218,13.788,17.215,-10.698,0.47096,4.4092,3.0321,-5.8552,-22.147,-16.855,-10.527
-11.041,-7.7921,17.233,12.506,-10.245,4.0937,5.5077,4.2332,-4.6875,-21.432,-15.423,-9.0097
-7.3871,-2.8133,19.906,8.1217,-9.9128,7.3104,6.5875,5.5679,-3.5822,-20.626,-14.028,-7.6564
-5.1512,0.73033,21.603,5.1077,-10.094,9.6591,7.433,6.7151,-2.7084,-20.043,-13.067,-6.7582
-4.9969,2.2177,22.524,4.1551,-11.03,10.914,7.8764,7.3617,-2.1729,-19.888,-12.794,-6.4785
-7.0112,1.532,22.949,5.4114,-12.728,11.024,7.851,7.3288,-1.9857,-20.189,-13.236,-6.8186
-10.698,-0.95657,22.95,8.459,-14.907,10.075,7.4045,6.6519,-2.0628,-20.788,-14.198,-7.6416
-15.093,-4.5372,22.418,12.453,-17.026,8.2937,6.6729,5.5742,-2.2651,-21.411,-15.343,-8.7292
-19.02,-8.3854,21.153,16.382,-18.391,5.9956,5.8325,4.4495,-2.4523,-21.779,-16.315,-9.8445
-21.398,-11.795,18.92,19.349,-18.333,3.4649,5.0456,3.6063,-2.5319,-21.716,-16.851,-10.798
-21.533,-14.324,15.541,20.784,-16.436,0.87173,4.4215,3.238,-2.4842,-21.2,-16.844,-11.498
-19.33,-15.827,11.009,20.56,-12.708,-1.7075,3.9978,3.3523,-2.3549,-20.344,-16.329,-11.961
-15.328,-16.394,5.625,18.97,-7.6419,-4.1902,3.7454,3.7889,-2.2176,-19.333,-15.441,-12.256
-10.488,-16.247,0.078671,16.57,-2.1144,-6.3872,3.5871,4.2934,-2.1227,-18.338,-14.347,-12.431
-5.8657,-15.597,-4.6488,13.975,2.8547,-7.9795,3.4319,4.6201,-2.0648,-17.456,-13.193,-12.476
-2.294,-14.553,-7.6484,11.679,6.3891,-8.6255,3.2286,4.6273,-1.988,-16.688,-12.077,-12.321
-0.15871,-13.118,-8.4578,9.8971,8.0009,-8.1122,3.0064,4.3361,-1.8177,-15.936,-11.038,-11.874
0.6525,-11.253,-7.1625,8.5488,7.7235,-6.4501,2.8719,3.9243,-1.4905,-15.064,-10.074,-11.068
0.58137,-8.9645,-4.2842,7.3888,6.0472,-3.9077,2.9603,3.6409,-0.97837,-13.959,-9.1556,-9.8923
0.12935,-6.3919,-0.58574,6.2148,3.6598,-0.97287,3.3651,3.6861,-0.30481,-12.596,-8.2553,-8.4227
-0.37404,-3.8155,3.1602,5.0082,1.1225,1.8047,4.0695,4.1249,0.45409,-11.044,-7.3697,-6.8157
-0.89945,-1.5773,6.3736,3.9515,-1.3293,4.0388,4.936,4.8663,1.1878,-9.4431,-6.5346,-5.2799
-1.7119,0.010908,8.8152,3.3574,-3.7455,5.6221,5.7484,5.6979,1.7821,-7.968,-5.8267,-4.0277
-3.2173,0.73541,10.625,3.5535,-6.2667,6.638,6.2814,6.3528,2.1496,-6.7865,-5.351,-3.2275
-5.7027,0.52139,12.143,4.7425,-8.9893,7.1997,6.3719,6.5868,2.2499,-6.0196,-5.2113,-2.9681
-9.1171,-0.56714,13.581,6.8856,-11.903,7.3553,5.9645,6.2537,2.0932,-5.7063,-5.4675,-3.2435
-13.039,-2.3611,14.818,9.6779,-14.759,7.0724,5.1192,5.357,1.7345,-5.7884,-6.0976,-3.9589
-16.787,-4.6258,15.495,12.632,-17.044,6.272,3.989,4.0592,1.2599,-6.1211,-6.9839,-4.952
-19.579,-7.0883,15.153,15.201,-18.103,4.8669,2.7794,2.6391,0.76966,-6.5101,-7.9358,-6.0296
-20.654,-9.4507,13.28,16.869,-17.301,2.7927,1.6994,1.4073,0.35635,-6.7663,-8.7453,-7.0121
-19.379,-11.401,9.6164,17.205,-14.245,0.098729,0.90934,0.60536,0.083396,-6.762,-9.2549,-7.7717
-15.47,-12.639,4.4052,15.955,-8.9515,-2.95,0.47788,0.33026,-0.026555,-6.4676,-9.41,-8.2484
-9.2981,-12.937,-1.7038,13.203,-1.9943,-5.9134,0.3617,0.51293,0.0099938,-5.9522,-9.2677,-8.4443
-1.9931,-12.239,-7.783,9.4508,5.4566,-8.31,0.42342,0.95933,0.15192,-5.3492,-8.9597,-8.405
4.8806,-10.716,-12.74,5.5199,11.95,-9.7357,0.48988,1.429,0.35421,-4.7989,-8.6271,-8.1904
9.8806,-8.7383,-15.56,2.2762,16.17,-9.9563,0.43295,1.7176,0.58525,-4.3916,-8.355,-7.8477
12.077,-6.7502,-15.667,0.36114,17.282,-8.9734,0.23743,1.7183,0.83403,-4.1301,-8.1339,-7.3983
11.232,-5.117,-13.177,0.018716,15.196,-7.0365,0.026676,1.4452,1.1075,-3.9291,-7.8643,-6.8416
7.8501,-4.0168,-8.8461,1.0447,10.615,-4.5797,0.00028274,1.0125,1.4208,-3.6576,-7.4039,-6.1718
3.024,-3.4288,-3.776,2.8911,4.78,-2.1031,0.30907,0.58101,1.7847,-3.2049,-6.6397,-5.3952
-1.9268,-3.2022,0.94669,4.8883,-0.94249,-0.035401,0.95131,0.29535,2.1943,-2.5355,-5.5492,-4.5403
-5.8798,-3.1606,4.5001,6.4812,-5.456,1.3603,1.7833,0.23072,2.6215,-1.7061,-4.2244,-3.6562
-8.2535,-3.2114,6.4787,7.4157,-8.175,2.0066,2.602,0.36135,3.0156,-0.84621,-2.8506,-2.8016
-9.1648,-3.3996,6.9562,7.8063,-9.1503,1.9691,3.2342,0.56639,3.311,-0.1121,-1.651,-2.0323
-9.2776,-3.8672,6.3777,8.0401,-8.9791,1.3959,3.5883,0.67595,3.4513,0.36736,-0.81503,-1.3889
-9.3473,-4.7518,5.2784,8.5429,-8.3696,0.46241,3.6681,0.54656,3.4093,0.53887,-0.43715,-0.88874
-9.7793,-6.0832,4.0368,9.5162,-7.7348,-0.67064,3.556,0.12836,3.1978,0.44532,-0.48627,-0.52801
-10.495,-7.7267,2.808,10.823,-7.1183,-1.8871,3.3704,-0.50998,2.8615,0.20791,-0.81035,-0.29177
-11.065,-9.4015,1.5637,12.082,-6.3267,-3.1233,3.2177,-1.2076,2.4608,-0.020699,-1.1841,-0.16316
-10.917,-10.762,0.12345,12.826,-5.0358,-4.3464,3.1635,-1.7729,2.0567,-0.10807,-1.3875,-0.12577
-9.5436,-11.513,-1.7568,12.668,-2.9071,-5.5124,3.2267,-2.0549,1.7001,0.020726,-1.2876,-0.16062
-6.7679,-11.502,-4.1293,11.453,0.15697,-6.5336,3.3863,-1.9992,1.4246,0.36598,-0.88689,-0.24274
-2.9488,-10.772,-6.6586,9.3697,3.7886,-7.2804,3.5888,-1.6697,1.2381,0.8537,-0.3203,-0.34271
1.0445,-9.5355,-8.7214,6.9208,7.1649,-7.6056,3.7664,-1.2238,1.1176,1.3514,0.19576,-0.43389
4.0708,-8.1073,-9.6403,4.7806,9.2614,-7.3779,3.8619,-0.84991,1.0154,1.7046,0.4415,-0.49741
5.1139,-6.8048,-8.9011,3.573,9.2488,-6.5272,3.8551,-0.68969,0.88288,1.7961,0.28393,-0.51783
3.6714,-5.8755,-6.3696,3.6703,6.8243,-5.1003,3.7777,-0.77686,0.69904,1.6111,-0.24451,-0.47788
-0.095398,-5.4601,-2.3933,5.0963,2.3064,-3.2897,3.7027,-1.02,0.49056,1.2629,-0.93324,-0.36514
-5.472,-5.5898,2.312,7.5508,-3.4946,-1.4047,3.7118,-1.2422,0.3205,0.94504,-1.483,-0.18692
-11.425,-6.2051,6.8835,10.526,-9.508,0.20679,3.8535,-1.262,0.25235,0.83203,-1.6526,0.020528
-16.876,-7.1826,10.526,13.463,-14.666,1.2517,4.115,-0.97304,0.31121,0.9906,-1.3731,0.19459
-20.942,-8.355,12.681,15.872,-18.163,1.5661,4.42,-0.39176,0.46085,1.3496,-0.77587,0.25811
-23.085,-9.5255,13.132,17.405,-19.625,1.147,4.6536,0.33025,0.60893,1.7317,-0.13834,0.13777
-23.146,-10.49,11.998,17.867,-19.085,0.13759,4.7038,0.93875,0.63881,1.924,0.22531,-0.21465
-21.292,-11.067,9.6306,17.227,-16.832,-1.2239,4.5044,1.1671,0.45627,1.7602,0.086539,-0.80263
-17.941,-11.13,6.4934,15.62,-13.286,-2.6689,4.0614,0.85675,0.028331,1.1841,-0.61132,-1.5736
-13.662,-10.634,3.0532,13.306,-8.9498,-3.9604,3.4555,0.037303,-0.59831,0.27258,-1.7322,-2.4225
-9.0245,-9.6238,-0.30416,10.604,-4.3481,-4.9415,2.8189,-1.071,-1.3083,-0.78517,-2.9905,-3.2113
-4.4443,-8.2142,-3.3268,7.791,0.08572,-5.5612,2.2945,-2.1238,-1.9504,-1.744,-4.0444,-3.8011
-0.10841,-6.5705,-5.9257,5.0438,4.1087,-5.8709,1.9945,-2.7613,-2.3792,-2.3768,-4.6054,-4.0885
3.9378,-4.8931,-8.147,2.4655,7.6807,-5.9917,1.9697,-2.7294,-2.4961,-2.5442,-4.5315,-4.0356
7.5901,-3.4076,-10.077,0.17212,10.82,-6.0696,2.1959,-1.9725,-2.2773,-2.2366,-3.8652,-3.6821
10.551,-2.3466,-11.733,-1.6301,13.391,-6.2294,2.5833,-0.66097,-1.7795,-1.5775,-2.8092,-3.133
12.361,-1.9126,-12.992,-2.6527,15.033,-6.5332,3.0075,0.86219,-1.1186,-0.78184,-1.6499,-2.5267
12.525,-2.2255,-13.585,-2.619,15.274,-6.9479,3.3601,2.2009,-0.4298,-0.079977,-0.65496,-1.9893
10.691,-3.2722,-13.181,-1.3887,13.707,-7.3412,3.5944,3.0483,0.17375,0.36897,0.031007,-1.5911
6.8395,-4.8861,-11.558,0.95735,10.225,-7.523,3.7441,3.2946,0.6319,0.53725,0.43711,-1.3251
1.3908,-6.7686,-8.7667,4.1066,5.2029,-7.3234,3.9023,3.0558,0.94788,0.52684,0.71993,-1.1273
-4.8293,-8.5473,-5.1757,7.5583,-0.56505,-6.6703,4.1735,2.6103,1.1708,0.50387,1.0495,-0.92655
-10.743,-9.8554,-1.404,10.696,-6.0611,-5.6267,4.6193,2.2694,1.3612,0.60668,1.5055,-0.68998
-15.224,-10.413,1.8222,12.9,-10.255,-4.3772,5.2257,2.2457,1.5564,0.88026,2.0356,-0.44243
-17.352,-10.089,3.8641,13.686,-12.333,-3.1723,5.9063,2.5749,1.7546,1.266,2.4822,-0.25597
-16.663,-8.9361,4.3491,12.842,-11.922,-2.2531,6.5351,3.111,1.925,1.6391,2.6529,-0.21718
-13.328,-7.1838,3.2706,10.531,-9.2006,-1.7816,6.9907,3.5959,2.0339,1.8677,2.403,-0.3861
-8.1717,-5.202,0.98512,7.2967,-4.8849,-1.8006,7.1958,3.7788,2.0685,1.8657,1.6992,-0.76568
-2.5094,-3.4283,-1.8835,3.9489,-0.070966,-2.2302,7.1415,3.5275,2.0432,1.6205,0.64427,-1.296
2.2059,-2.2706,-4.6028,1.3541,4.0415,-2.9024,6.8877,2.8788,1.988,1.1918,-0.54697,-1.875
4.8071,-2.0143,-6.517,0.19827,6.4731,-3.6252,6.5453,2.0179,1.9316,0.69241,-1.609,-2.3908
4.7119,-2.7617,-7.2201,0.80216,6.707,-4.2542,6.2423,1.2095,1.8924,0.25909,-2.3081,-2.7512
2.0126,-4.4134,-6.664,3.0473,4.7797,-4.7369,6.082,0.70379,1.8783,0.012765,-2.521,-2.9048
-2.5907,-6.6901,-5.1544,6.4225,1.2477,-5.1066,6.1082,0.65019,1.8899,0.015951,-2.2775,-2.852
-7.9805,-9.1849,-3.2193,10.173,-2.9651,-5.4314,6.2911,1.0489,1.922,0.2488,-1.7469,-2.6425
-12.925,-11.443,-1.4062,13.51,-6.8453,-5.7529,6.5406,1.7549,1.9625,0.61546,-1.174,-2.3586
-16.409,-13.054,-0.11382,15.794,-9.5852,-6.0492,6.7405,2.5306,1.9932,0.97664,-0.79617,-2.0883
-17.867,-13.732,0.47011,16.663,-10.756,-6.2415,6.7912,3.1274,1.9927,1.1969,-0.76464,-1.9013
-17.24,-13.365,0.35834,16.06,-10.341,-6.2388,6.6497,3.3685,1.9411,1.1921,-1.0926,-1.8358
-14.889,-12.042,-0.29613,14.21,-8.6316,-6.0019,6.3478,3.2013,1.8243,0.95945,-1.6506,-1.8961
-11.409,-10.051,-1.3073,11.542,-6.0583,-5.5907,5.9779,2.705,1.6372,0.57792,-2.2208,-2.0586
-7.4517,-7.8254,-2.5513,8.5697,-3.049,-5.1671,5.6515,2.0554,1.3886,0.1777,-2.5872,-2.2834
-3.5847,-5.8382,-3.9907,5.7805,0.038494,-4.9452,5.4562,1.4669,1.1076,-0.1051,-2.617,-2.526
-0.21231,-4.4879,-5.6364,3.548,2.9573,-5.1133,5.4271,1.1278,0.84391,-0.17305,-2.3037,-2.7486
2.4159,-4.0053,-7.4811,2.1009,5.5596,-5.7641,5.5407,1.1406,0.65235,-0.0031281,-1.7656,-2.9304
4.1475,-4.4152,-9.4338,1.526,7.7202,-6.8596,5.7193,1.4817,0.5657,0.33333,-1.2054,-3.0751
4.8927,-5.5548,-11.285,1.785,9.2679,-8.2319,5.8487,2.0017,0.57251,0.67794,-0.84645,-3.2143
4.6322,-7.1277,-12.723,2.7372,9.9892,-9.6126,5.8197,2.4755,0.6203,0.83225,-0.86376,-3.3918
3.4411,-8.7695,-13.419,4.1643,9.7034,-10.686,5.5882,2.6941,0.65387,0.65079,-1.3034,-3.6128
1.5029,-10.12,-13.141,5.7978,8.3635,-11.175,5.222,2.5682,0.66785,0.14871,-2.0069,-3.7913
-0.88969,-10.899,-11.863,7.3498,6.1303,-10.934,4.8924,2.196,0.72705,-0.46371,-2.6308,-3.7744
-3.3474,-10.978,-9.8013,8.554,3.3824,-10.02,4.798,1.8359,0.92888,-0.87866,-2.8079,-3.4426
-5.4254,-10.414,-7.4023,9.2227,0.67253,-8.6879,5.0611,1.781,1.337,-0.85565,-2.343,-2.7919
-6.7204,-9.4637,-5.2909,9.3106,-1.3742,-7.3465,5.6639,2.216,1.936,-0.33784,-1.3114,-1.9493
-7.0058,-8.5461,-4.1455,8.9503,-2.2252,-6.4746,6.4524,3.1353,2.631,0.5313,-0.027185,-1.1358
-6.3223,-8.1412,-4.4783,8.4298,-1.6072,-6.4858,7.1983,4.3475,3.2869,1.4784,1.0865,-0.59388
-4.968,-8.6364,-6.4254,8.1016,0.39912,-7.5804,7.6884,5.5499,3.7852,2.2166,1.6678,-0.50265
-3.4018,-10.181,-9.6455,8.2605,3.3562,-9.6611,7.8077,6.442,4.0727,2.5553,1.5493,-0.90857
-2.1154,-12.601,-13.391,9.0412,6.5519,-12.345,7.5848,6.8333,4.1765,2.4604,0.80266,-1.7035
-1.5185,-15.42,-16.75,10.374,9.1616,-15.05,7.1797,6.7061,4.1851,2.0529,-0.30667,-2.658
-1.8604,-17.977,-18.922,12.012,10.456,-17.119,6.8211,6.2142,4.2066,1.5579,-1.4188,-3.4955
-3.1936,-19.63,-19.343,13.614,9.9692,-17.981,6.7161,5.6218,4.3231,1.2222,-2.198,-3.9822
-5.3827,-19.954,-17.686,14.862,7.5819,-17.3,6.9682,5.2042,4.5565,1.2235,-2.4372,-3.9984
-8.1529,-18.848,-13.956,15.556,3.5351,-15.067,7.5397,5.144,4.8616,1.6055,-2.1159,-3.564
-11.155,-16.522,-8.6037,15.654,-1.604,-11.586,8.2781,5.4667,5.1503,2.2646,-1.3885,-2.8084
-14.02,-13.37,-2.4148,15.225,-7.0621,-7.3532,8.9968,6.0496,5.3381,2.9962,-0.5119,-1.9083
-16.385,-9.8538,3.7135,14.376,-12.033,-2.9389,9.5591,6.6943,5.3856,3.5849,0.25486,-1.0267
-17.928,-6.4381,8.8969,13.221,-15.825,1.0804,9.9104,7.2139,5.3109,3.8933,0.7376,-0.2804
-18.411,-3.5637,12.393,11.884,-17.953,4.1665,10.06,7.4834,5.1673,3.8972,0.88584,0.25648
-17.761,-1.6046,13.738,10.528,-18.182,5.9088,10.053,7.4543,5.0048,3.6546,0.74909,0.5326
-16.109,-0.8228,12.803,9.356,-16.555,6.1021,9.9489,7.1446,4.8389,3.2462,0.41295,0.50867
-13.782,-1.324,9.8149,8.5646,-13.381,4.7532,9.7936,6.625,4.6376,2.7268,-0.053745,0.15897
-11.205,-3.0196,5.323,8.276,-9.1925,2.0736,9.5957,5.9945,4.3323,2.1148,-0.61024,-0.5182
-8.7841,-5.597,0.08843,8.4996,-4.6453,-1.5036,9.3286,5.3584,3.8578,1.4204,-1.2289,-1.4829
-6.7875,-8.5126,-5.0654,9.0996,-0.38549,-5.3231,8.964,4.8116,3.2098,0.68239,-1.8773,-2.6275
-5.258,-11.052,-9.3673,9.7612,3.0875,-8.6052,8.5226,4.4253,2.4814,-0.016569,-2.4991,-3.7524
-3.9878,-12.481,-12.214,10.015,5.5221,-10.658,8.099,4.2366,1.835,-0.57428,-3.0041,-4.5935
-2.6261,-12.253,-13.322,9.3906,6.9392,-11.094,7.826,4.2382,1.4216,-0.91821,-3.2885,-4.9269
-0.88414,-10.22,-12.817,7.6513,7.5666,-9.9354,7.8006,4.3766,1.3018,-1.0435,-3.2845,-4.6829
1.2795,-6.777,-11.187,4.9678,7.7046,-7.5969,8.0235,4.5607,1.4159,-1.0186,-3.007,-3.9843
3.5853,-2.8083,-9.0951,1.9287,7.587,-4.7788,8.3868,4.6835,1.6088,-0.96263,-2.5652,-3.1053
5.4879,0.58821,-7.1688,-0.63525,7.2934,-2.284,8.7127,4.6514,1.6906,-1.0083,-2.1356,-2.3858
6.3356,2.4576,-5.8338,-1.9287,6.7338,-0.78262,8.8211,4.4128,1.5033,-1.2618,-1.9137,-2.1315
5.5969,2.2859,-5.225,-1.4592,5.7087,-0.59664,8.595,3.97,0.97319,-1.77,-2.0601,-2.5215
3.0902,0.14757,-5.1627,0.79888,4.0359,-1.601,8.0179,3.3738,0.13591,-2.5076,-2.6567,-3.5509
-0.89996,-3.3361,-5.242,4.3983,1.6925,-3.3064,7.1744,2.7049,-0.87792,-3.3868,-3.6775,-5.0313
-5.6953,-7.2194,-5.0601,8.5664,-1.1208,-5.0915,6.2185,2.0506,-1.8844,-4.2895,-4.9916,-6.6503
-10.429,-10.583,-4.4529,12.45,-4.0112,-6.4541,5.3218,1.4786,-2.7077,-5.1088,-6.3994,-8.07
-14.275,-12.862,-3.588,15.374,-6.4613,-7.1801,4.6229,1.0167,-3.2372,-5.7831,-7.6905,-9.0284
-16.606,-13.966,-2.8944,16.998,-7.9096,-7.3823,4.1985,0.65167,-3.459,-6.3033,-8.6974,-9.4124
-17.07,-14.165,-2.877,17.314,-7.8868,-7.4098,4.0615,0.35395,-3.4464,-6.6949,-9.3268,-9.2763
-15.618,-13.866,-3.8917,16.52,-6.19,-7.6549,4.1764,0.11305,-3.3152,-6.9923,-9.5698,-8.7972
-12.541,-13.385,-5.9806,14.911,-3.0191,-8.3458,4.4681,-0.051448,-3.1756,-7.2242,-9.4953,-8.1897
-8.4873,-12.855,-8.7977,12.844,0.99406,-9.4166,4.8307,-0.10591,-3.1059,-7.4105,-9.2291,-7.6407
-4.3435,-12.259,-11.645,10.704,4.931,-10.514,5.1473,-0.027324,-3.1418,-7.5623,-8.9146,-7.2797
-0.99487,-11.507,-13.683,8.8464,7.866,-11.168,5.3227,0.17942,-3.2702,-7.6811,-8.6694,-7.1646
0.90853,-10.53,-14.267,7.5357,9.1339,-11.029,5.312,0.47289,-3.4388,-7.7674,-8.5545,-7.2787
1.0815,-9.386,-13.206,6.9268,8.5024,-10.036,5.1228,0.7757,-3.5862,-7.8336,-8.5681,-7.5519
-0.34986,-8.3125,-10.844,7.0591,6.2428,-8.4567,4.7953,0.99056,-3.6774,-7.9098,-8.6618,-7.899
-2.8764,-7.6454,-7.9609,7.8474,3.081,-6.8084,4.3786,1.0336,-3.721,-8.0335,-8.7683,-8.2512
-5.7372,-7.6608,-5.5182,9.083,-0.011616,-5.6734,3.9273,0.8752,-3.758,-8.2246,-8.8247,-8.5662
-8.1328,-8.4396,-4.3246,10.464,-2.1313,-5.475,3.5066,0.56881,-3.8313,-8.4586,-8.7813,-8.8141
-9.4536,-9.8084,-4.794,11.66,-2.7151,-6.3092,3.192,0.25006,-3.9538,-8.6554,-8.598,-8.9557
-9.4454,-11.37,-6.8162,12.384,-1.6915,-7.9013,3.0538,0.096866,-4.0934,-8.6983,-8.2413,-8.9297
-8.2476,-12.616,-9.7355,12.467,0.52449,-9.7068,3.1337,0.2608,-4.1845,-8.4827,-7.6933,-8.6632
-6.2901,-13.084,-12.564,11.879,3.22,-11.108,3.4225,0.79559,-4.162,-7.9741,-6.9679,-8.1036
-4.1123,-12.509,-14.459,10.727,5.6664,-11.609,3.8522,1.6146,-3.9949,-7.2444,-6.1299,-7.2541
-2.1906,-10.894,-15.069,9.226,7.3389,-10.979,4.3172,2.5041,-3.7043,-6.4564,-5.2902,-6.1881
-0.81268,-8.521,-14.477,7.6446,8.02,-9.3091,4.7179,3.2043,-3.3493,-5.7939,-4.5684,-5.0311
-0.019795,-5.9057,-12.959,6.211,7.7895,-6.9807,5.0103,3.533,-2.9899,-5.3722,-4.037,-3.9113
0.36339,-3.5451,-10.824,5.0024,6.9238,-4.4523,5.2287,3.4843,-2.6551,-5.1813,-3.6797,-2.909
0.61631,-1.5771,-8.3431,3.9012,5.7449,-2.0128,5.4663,3.2261,-2.3411,-5.1029,-3.4002,-2.0451
0.97246,0.27639,-5.6897,2.6942,4.4731,0.32272,5.8186,2.9967,-2.035,-4.986,-3.0784,-1.3087
1.4923,2.3948,-2.9371,1.2514,3.1525,2.7239,6.3298,2.9773,-1.739,-4.7284,-2.6353,-0.69166
2.0007,4.8951,-0.10558,-0.33931,1.6793,5.3171,6.9643,3.2127,-1.4813,-4.3248,-2.0743,-0.20628
2.1251,7.5021,2.7495,-1.7564,-0.093448,7.9963,7.6116,3.5949,-1.3164,-3.875,-1.489,0.10993
1.4518,9.6681,5.4563,-2.543,-2.2312,10.399,8.1157,3.9061,-1.3162,-3.5541,-1.0386,0.1996
-0.27428,10.797,7.7183,-2.2739,-4.6434,12.036,8.325,3.9056,-1.5501,-3.546,-0.89498,0.0011344
-3.0323,10.447,9.1952,-0.72451,-7.0976,12.49,8.1454,3.4327,-2.0554,-3.9664,-1.1819,-0.52856
-6.5232,8.4723,9.6151,2.0262,-9.2694,11.58,7.5774,2.4786,-2.8126,-4.8074,-1.9241,-1.3888
-10.218,5.1079,8.8509,5.5895,-10.782,9.4176,6.7184,1.1943,-3.7391,-5.9313,-3.0284,-2.515
-13.419,0.94322,6.9497,9.3328,-11.256,6.3703,5.7309,-0.16838,-4.7121,-7.1169,-4.3048,-3.7771
-15.353,-3.2188,4.1338,12.493,-10.396,2.973,4.7924,-1.3509,-5.6065,-8.1404,-5.5206,-5.0101
-15.354,-6.571,0.76379,14.338,-8.0925,-0.19029,4.0452,-2.1735,-6.331,-8.8514,-6.4715,-6.0578
-13.121,-8.5144,-2.7371,14.386,-4.5155,-2.6438,3.5651,-2.5838,-6.8458,-9.2132,-7.0444,-6.81
-8.9455,-8.8291,-5.9552,12.611,-0.18481,-4.1549,3.3537,-2.6585,-7.1608,-9.2964,-7.2465,-7.2237
-3.8014,-7.7542,-8.5014,9.5681,4.072,-4.7426,3.3522,-2.5605,-7.3186,-9.2376,-7.1854,-7.3221
0.84236,-5.912,-9.9916,6.2987,7.2867,-4.5515,3.4676,-2.4699,-7.3685,-9.1783,-7.0108,-7.1725
3.4867,-4.1027,-10.106,4.0115,8.5738,-3.7783,3.6092,-2.5191,-7.3475,-9.206,-6.8486,-6.8597
3.1423,-3.0876,-8.7487,3.6423,7.3942,-2.7025,3.7227,-2.7573,-7.2743,-9.3236,-6.7656,-6.4771
-0.35238,-3.392,-6.1645,5.5204,3.7935,-1.6618,3.8044,-3.1514,-7.1565,-9.4661,-6.7724,-6.1219
-6.3285,-5.1076,-2.9157,9.3032,-1.5331,-0.93358,3.8867,-3.611,-7.0011,-9.5469,-6.8453,-5.8773
-13.458,-7.8197,0.26651,14.105,-7.391,-0.62426,4.0126,-4.0169,-6.8171,-9.4949,-6.9408,-5.7864
-20.039,-10.719,2.6885,18.71,-12.383,-0.62952,4.225,-4.251,-6.6076,-9.2689,-7.0033,-5.8321
-24.386,-12.803,3.8972,21.861,-15.301,-0.65703,4.5634,-4.2348,-6.3664,-8.8598,-6.978,-5.9371
-25.292,-13.147,3.8065,22.585,-15.469,-0.28605,5.0611,-3.9681,-6.0819,-8.2895,-6.8312,-5.9835
-22.452,-11.142,2.7175,20.48,-12.947,0.94938,5.7434,-3.5359,-5.7433,-7.6041,-6.5661,-5.8472
-16.666,-6.5971,1.2346,15.902,-8.5568,3.4655,6.6253,-3.0631,-5.3427,-6.8591,-6.2193,-5.4362
-9.5883,0.40139,0.10444,9.8251,-3.6385,7.5275,7.7188,-2.6632,-4.8748,-6.1027,-5.8393,-4.7182
-3.0847,9.6997,0.014623,3.3717,0.41362,13.113,9.0397,-2.3813,-4.3373,-5.3644,-5.4548,-3.73
1.4067,20.625,1.3876,-2.7102,2.5604,19.788,10.608,-2.1747,-3.7302,-4.6478,-5.0505,-2.5638
3.2043,31.098,4.2549,-8.1987,2.3443,26.855,12.438,-1.9254,-3.0518,-3.925,-4.5585,-1.3323
2.456,39.102,8.294,-13.093,-0.019866,33.783,14.527,-1.4795,-2.2906,-3.135,-3.8728,-0.11909
0.1645,44.844,12.989,-17.544,-3.6586,40.396,16.837,-0.70903,-1.4199,-2.1946,-2.888,1.0682
-1.985,49.898,17.829,-22.255,-7.2729,46.647,19.284,0.42651,-0.40595,-1.0307,-1.5488,2.3172
-2.3223,55.712,22.465,-28.246,-9.5987,52.39,21.706,1.8434,0.77058,0.3833,0.11325,3.7897
-0.048926,63.228,26.728,-35.91,-9.8074,57.545,23.838,3.342,2.0907,2.007,1.9776,5.6659
4.598,72.61,30.478,-44.827,-7.6467,62.363,25.364,4.6656,3.4898,3.7428,3.8671,8.0639
10.933,82.964,33.611,-54.513,-3.4575,67.318,26.081,5.5963,4.8794,5.4789,5.6112,10.973
18.133,93.131,36.38,-64.5,1.8092,72.844,26.114,6.0453,6.1872,7.1553,7.1319,14.29
24.976,102.45,39.469,-73.733,6.7527,79.102,26.029,6.082,7.3831,8.8132,8.5129,17.932
30.191,110.44,43.592,-81.126,9.9931,85.885,26.679,5.8765,8.4688,10.58,9.9813,21.854
33.122,116.64,49.084,-86.398,10.635,92.777,28.71,5.5957,9.4427,12.585,11.783,25.957
33.714,120.9,55.858,-89.62,8.3913,99.318,31.757,5.3174,10.269,14.85,14.016,30.072
32.269,123.36,63.556,-90.68,3.5114,105.09,33.757,5.0055,10.878,17.241,16.541,34.047
29.305,124.15,71.361,-89.544,-3.2647,109.7,31.78,4.5457,11.201,19.509,19.036,37.846
25.248,123.27,77.902,-86.678,-10.785,112.69,24.831,3.8124,11.211,21.41,21.176,41.539
20.228,120.92,82.248,-83.079,-17.656,113.82,14.655,2.7285,10.939,22.81,22.798,45.234
14.799,117.81,84.577,-79.807,-22.629,113.27,3.4287,1.2953,10.462,23.736,23.97,48.962
10.71,114.92,85.281,-77.591,-24.803,111.56,-7.8321,-0.39598,9.8563,24.353,24.975,52.598
10.052,113.23,84.09,-76.995,-23.632,109.18,-19.13,-2.1875,9.1835,24.898,26.213,55.919
13.776,113.46,80.219,-78.522,-19.077,106.4,-30.684,-3.896,8.4864,25.585,28.044,58.751
21.21,115.44,73.221,-82.175,-11.755,103.33,-41.889,-5.367,7.7871,26.547,30.603,61.027
30.37,118.01,63.73,-87.089,-2.9889,99.977,-50.841,-6.5191,7.0884,27.78,33.673,62.731
38.798,119.76,53.358,-91.713,5.5029,96.411,-55.732,-7.3547,6.3797,29.148,36.758,63.87
44.354,119.8,44.0,-94.481,12.1,92.784,-56.604,-7.9322,5.6509,30.417,39.403,64.503
45.754,118.04,37.227,-94.545,15.607,89.411,-55.075,-8.3239,4.9086,31.335,41.456,64.775
42.916,115.1,33.889,-91.986,15.535,86.737,-52.906,-8.5835,4.188,31.727,43.058,64.94
37.03,111.75,33.838,-87.482,12.284,85.125,-51.027,-8.7375,3.5509,31.538,44.477,65.318
30.128,108.51,35.91,-81.963,7.0198,84.644,-49.553,-8.8025,3.0616,30.806,45.956,66.167
24.306,105.46,38.438,-76.577,1.2055,85.036,-48.208,-8.818,2.7485,29.596,47.601,67.491
20.904,102.53,40.131,-72.244,-3.9119,85.752,-46.718,-8.8739,2.5797,27.989,49.267,68.97
19.871,99.482,40.456,-68.91,-7.5422,85.993,-45.014,-9.1116,2.468,26.124,50.496,70.084
19.733,95.988,39.371,-65.777,-9.4073,84.85,-43.216,-9.674,2.2983,24.182,50.777,70.373
18.546,91.588,37.14,-61.993,-9.7561,81.612,-41.507,-10.622,1.9471,22.246,49.991,69.592
15.237,85.745,34.253,-56.789,-9.1559,76.234,-40.021,-11.911,1.2827,20.231,48.317,67.614
10.353,78.244,31.179,-49.338,-8.1481,69.478,-38.781,-13.476,0.15895,17.984,45.745,64.318
5.4646,69.709,28.149,-39.266,-7.0622,62.31,-37.696,-15.36,-1.5691,15.389,42.077,59.702
1.6731,61.246,25.133,-27.999,-6.0285,55.377,-36.666,-17.674,-4.006,12.398,37.228,53.982
-0.91223,53.619,21.885,-18.303,-5.0283,49.003,-35.745,-20.517,-7.1877,9.0292,31.329,47.454
-2.5881,46.881,18.073,-11.312,-3.9641,43.157,-35.211,-23.898,-11.071,5.3765,24.683,40.343
-3.716,40.4,13.52,-6.1964,-2.8113,37.35,-35.361,-27.695,-15.547,1.6171,17.695,32.807
-4.7179,33.116,8.4542,-1.7269,-1.7212,30.782,-36.215,-31.682,-20.42,-2.0028,10.814,25.097
-5.999,24.2,3.5116,2.7952,-0.97316,22.861,-37.461,-35.607,-25.418,-5.2233,4.5291,17.693
-7.7722,13.898,-0.59425,7.2887,-0.83242,13.918,-38.723,-39.297,-30.287,-7.8514,-0.60353,11.17
-9.9508,3.9001,-3.3939,11.24,-1.4194,5.7519,-39.809,-42.736,-34.937,-9.8462,-4.1684,5.8128
-12.181,-3.6627,-4.7141,14.186,-2.6475,0.30291,-40.726,-46.041,-39.445,-11.353,-6.2473,1.5752
-13.959,-7.9207,-4.6147,15.829,-4.2359,-2.2541,-41.554,-49.33,-43.841,-12.634,-7.3722,-1.505
-14.78,-9.166,-3.3581,15.967,-5.7884,-2.6013,-42.335,-52.577,-47.904,-13.913,-8.066,-3.3557
-14.324,-7.997,-1.3877,14.571,-6.9143,-1.373,-43.041,-55.607,-51.272,-15.262,-8.5782,-4.2231
-12.594,-5.1719,0.7401,11.922,-7.3409,0.77074,-43.62,-58.211,-53.76,-16.597,-8.9464,-4.5156
-9.9475,-1.6729,2.4624,8.6341,-6.9718,3.0745,-44.049,-60.253,-55.46,-17.769,-9.1455,-4.5779
-6.971,1.4363,3.3199,5.4949,-5.8766,4.8101,-44.363,-61.7,-56.607,-18.665,-9.1984,-4.6484
-4.2768,3.2785,3.041,3.2054,-4.2326,5.4332,-44.647,-62.611,-57.419,-19.259,-9.2117,-4.8679
-2.298,3.4016,1.5871,2.1638,-2.2495,4.6972,-44.992,-63.131,-58.048,-19.605,-9.3419,-5.2839
-1.1527,1.8872,-0.85286,2.368,-0.10614,2.708,-45.456,-63.468,-58.583,-19.803,-9.7309,-5.8622
-0.63648,-0.72553,-3.9191,3.4511,2.0853,-0.12078,-46.046,-63.856,-59.069,-19.961,-10.453,-6.5176
-0.35903,-3.6691,-7.1709,4.8412,4.2692,-3.2046,-46.722,-64.482,-59.541,-20.18,-11.49,-7.1528
0.042506,-6.216,-10.175,5.9867,6.3875,-5.9595,-47.415,-65.405,-60.027,-20.548,-12.751,-7.6914
0.71837,-7.8925,-12.572,6.5539,8.3056,-7.9547,-48.03,-66.529,-60.533,-21.145,-14.106,-8.0934
1.5184,-8.5957,-14.12,6.5428,9.7859,-9.006,-48.434,-67.611,-61.023,-22.024,-15.424,-8.3514
2.0356,-8.5866,-14.722,6.2873,10.539,-9.1807,-48.45,-68.333,-61.412,-23.212,-16.593,-8.4655
1.7698,-8.3537,-14.436,6.3089,10.323,-8.7111,-47.844,-68.392,-61.6,-24.678,-17.51,-8.4144
0.35221,-8.3821,-13.428,7.0697,9.0552,-7.8449,-46.263,-67.57,-61.509,-26.146,-17.95,-8.1525
-2.2649,-8.9122,-11.862,8.7503,6.8651,-6.6527,-43.408,-65.944,-61.092,-26.479,-17.144,-7.6365
-5.7543,-9.7666,-9.7259,11.165,4.0664,-4.8653,-40.885,-65.96,-60.255,-24.684,-14.283,-6.8702
-9.5183,-10.259,-6.8397,13.82,1.0128,-2.3237,-44.358,-73.065,-58.811,-22.485,-11.196,-6.0264
-12.885,-9.1546,-3.7036,16.048,-2.0953,-0.9807,-51.667,-79.755,-58.632,-21.533,-10.354,-5.4739
-15.324,-5.0777,-0.80095,17.187,-5.2841,-2.3402,-54.116,-83.91,-66.421,-21.447,-9.9021,-5.3263
-16.648,0.062627,3.8782,16.687,-8.5968,-0.84321,-50.626,-85.596,-71.04,-26.872,-9.4502,-4.6051
-17.124,1.672,11.511,13.855,-11.985,7.9245,-40.94,-81.002,-74.264,-40.887,-21.71,-5.9898
-17.34,8.8078,22.336,7.2255,-15.809,22.882,-24.779,-65.864,-75.578,-63.314,-42.698,-13.432
-17.873,24.17,36.513,2.4306,-21.055,40.987,-3.4191,-37.53,-73.824,-92.933,-71.557,-24.083
-20.398,42.07,54.333,0.30696,-28.627,59.562,20.882,3.8376,-67.092,-123.09,-101.55,-37.483
-34.092,60.642,75.9,-7.5976,-40.785,77.322,47.244,55.085,-52.176,-143.63,-122.25,-51.284
-39.946,79.525,99.968,-16.191,-63.623,94.662,76.95,111.16,-25.054,-144.08,-124.62,-59.442
-41.753,99.359,123.5,-25.679,-78.246,112.78,108.53,166.75,18.331,-114.85,-101.27,-54.379
-39.607,121.74,144.74,-38.289,-86.149,132.78,133.59,217.31,81.906,-47.858,-45.816,-30.182
-30.391,148.52,163.89,-56.969,-91.034,156.01,149.97,259.75,170.35,63.411,47.367,19.73
-10.936,181.61,180.4,-84.512,-91.185,182.49,161.04,293.2,287.16,223.96,183.57,102.18
20.57,223.03,192.55,-122.27,-83.12,211.67,169.1,318.66,431.19,435.53,366.78,212.56
65.898,274.43,197.27,-169.94,-63.146,241.49,175.25,337.09,595.61,693.08,598.04,352.04
126.87,332.25,190.9,-226.87,-29.13,267.72,177.5,348.37,769.32,987.5,874.28,519.7
202.28,390.19,170.0,-291.63,19.257,286.05,169.68,351.75,940.58,1310.6,1189.5,712.5
289.54,442.72,131.45,-361.56,82.261,292.67,141.92,345.74,1100.2,1653.6,1536.6,925.73
389.13,485.45,71.626,-433.94,162.1,282.96,83.07,329.08,1239.5,2008.4,1906.2,1153.0
503.15,513.85,-13.984,-506.35,262.28,252.44,-15.798,303.19,1359.1,2368.6,2286.8,1385.7
630.69,522.24,-128.79,-574.95,384.01,198.48,-157.99,271.12,1473.3,2729.2,2664.4,1612.8
766.0,505.78,-274.34,-633.97,524.88,118.46,-338.28,234.92,1597.5,3085.5,3021.9,1820.6
899.52,460.43,-448.68,-677.08,679.01,10.306,-543.07,193.98,1744.4,3429.3,3338.7,1993.6
1020.3,384.29,-643.67,-698.45,837.17,-123.79,-753.84,146.26,1917.9,3745.6,3590.8,2116.2
1116.7,280.68,-843.71,-693.35,986.37,-274.34,-951.85,88.699,2106.9,4009.4,3750.9,2173.8
1175.1,159.11,-1025.8,-659.37,1108.2,-424.49,-1121.4,14.895,2282.7,4183.8,3790.3,2155.7
1181.9,34.073,-1162.2,-598.07,1180.2,-553.46,-1250.8,-85.861,2403.6,4225.4,3684.5,2057.6
1129.6,-78.538,-1228.3,-515.01,1185.4,-642.37,-1332.8,-222.72,2424.8,4095.8,3421.0,1883.1
1019.7,-167.23,-1212.6,-416.75,1119.8,-679.95,-1365.0,-395.41,2312.7,3776.1,3008.5,1645.3
863.08,-227.68,-1119.9,-310.12,992.84,-665.53,-1349.7,-590.87,2056.6,3277.6,2479.9,1366.0
679.38,-259.95,-969.29,-204.29,824.53,-608.05,-1293.9,-785.19,1675.7,2644.5,1889.6,1071.8
492.95,-267.07,-788.3,-109.97,640.7,-522.54,-1207.5,-950.23,1215.0,1946.6,1302.5,789.24
325.76,-254.96,-605.45,-35.053,465.83,-425.93,-1101.3,-1062.0,734.65,1264.2,780.17,539.82
191.27,-230.88,-442.93,18.148,317.14,-332.9,-985.82,-1106.6,296.11,670.63,367.39,338.14
93.505,-200.79,-312.76,50.983,202.91,-253.1,-869.3,-1082.9,-51.204,216.97,84.599,190.47
31.827,-168.4,-217.3,66.441,123.88,-190.41,-756.63,-1001.6,-279.14,-76.321,-72.659,94.5
2.9752,-135.74,-152.61,68.125,74.504,-144.45,-649.93,-880.01,-384.23,-219.27,-128.63,41.355
-0.74743,-103.95,-112.53,59.486,46.75,-112.91,-550.32,-736.51,-385.88,-244.97,-119.18,18.728
10.335,-75.886,-90.669,44.005,36.492,-91.669,-458.64,-588.12,-319.29,-198.35,-76.322,13.906
25.331,-54.816,-80.927,25.715,37.628,-76.257,-375.79,-449.94,-221.68,-122.08,-28.372,16.31
37.863,-40.243,-77.13,9.8254,43.362,-64.418,-302.88,-332.64,-122.25,-42.952,4.3605,18.24
45.772,-30.548,-72.252,3.6272,48.62,-53.053,-240.54,-240.25,-41.122,14.502,20.083,16.201
45.382,-24.384,-63.68,-0.24807,49.251,-42.119,-188.3,-170.95,12.688,34.638,22.673,10.775
19.495,-19.922,-51.057,-1.2503,43.698,-32.524,-145.71,-120.16,41.326,34.45,17.762,4.4956
10.426,-14.773,-37.187,0.26593,33.598,-23.471,-112.36,-84.069,50.368,28.096,3.2882,1.7009
3.7441,-10.025,-30.02,3.514,14.165,-15.128,-86.821,-59.54,47.422,22.478,-1.426,-1.3629
-3.3639,-9.2048,-19.748,7.5226,2.895,-10.453,-66.658,-43.058,40.164,14.857,-2.5228,-2.5745
-10.023,-10.176,-8.7889,11.436,-4.0035,-7.6066,-49.903,-31.342,33.702,9.1479,-2.9112,-2.4137
-15.298,-11.476,-2.8673,14.685,-8.6412,-5.9891,-36.081,-22.143,28.885,-0.63869,-2.5983,-2.1707
-18.733,-12.646,-0.16488,16.981,-11.303,-5.3509,-25.512,-14.46,20.276,-2.9598,-2.8296,-2.3331
-20.309,-13.459,0.84527,18.229,-12.278,-5.2753,-18.16,-7.9271,8.8491,-2.8711,-4.0363,-3.0818
-20.215,-13.732,0.99076,18.418,-11.98,-5.3632,-14.39,-1.8137,8.9161,-3.932,-6.1908,-4.3327
-18.693,-13.309,0.75756,17.562,-10.804,-5.2715,-16.003,1.5852,8.3679,-5.9066,-8.8235,-5.8085
-16.062,-12.131,0.41715,15.758,-9.0681,-4.8097,-16.082,2.7325,7.1366,-8.238,-11.321,-7.1655
-12.778,-10.325,0.08738,13.263,-7.0829,-4.0083,-10.533,3.6167,5.6924,-10.383,-13.173,-8.1369
-9.3645,-8.2597,-0.24654,10.514,-5.1258,-3.0996,-5.0429,4.5516,4.357,-11.979,-14.121,-8.6451
-6.3506,-6.5153,-0.71137,8.1004,-3.3798,-2.4344,-1.4745,5.6237,3.2347,-12.925,-14.233,-8.831
-4.2678,-5.7465,-1.472,6.6683,-1.9803,-2.3794,0.72789,6.8287,2.2701,-13.385,-13.871,-8.9792
-3.612,-6.4758,-2.6215,6.7546,-1.0866,-3.2071,2.0525,8.0915,1.3449,-13.682,-13.538,-9.3888
-4.714,-8.9072,-4.0945,8.6077,-0.89083,-4.9858,2.7058,9.301,0.36432,-14.143,-13.671,-10.246
-7.5829,-12.824,-5.6377,12.066,-1.5633,-7.5131,2.7984,10.357,-0.68915,-14.962,-14.47,-11.546
-11.831,-17.604,-6.8597,16.557,-3.1592,-10.337,2.4786,11.216,-1.7459,-16.114,-15.825,-13.088
-16.739,-22.354,-7.3741,21.247,-5.5328,-12.869,1.9767,11.91,-2.6745,-17.363,-17.354,-14.535
-21.43,-26.141,-6.978,25.27,-8.3138,-14.559,1.5684,12.543,-3.3291,-18.356,-18.557,-15.516
-25.041,-28.223,-5.761,27.899,-10.952,-15.057,1.5027,13.245,-3.6047,-18.772,-19.011,-15.754
-26.842,-28.199,-4.1057,28.638,-12.786,-14.321,1.934,14.123,-3.484,-18.45,-18.528,-15.156
-26.257,-26.053,-2.5977,27.245,-13.16,-12.623,2.8729,15.226,-3.0578,-17.446,-17.209,-13.861
-22.993,-22.168,-1.8498,23.774,-11.624,-10.471,4.1745,16.525,-2.5066,-16.024,-15.421,-12.207
-17.276,-17.295,-2.2906,18.68,-8.1286,-8.4567,5.5824,17.934,-2.0415,-14.585,-13.68,-10.623
-10.033,-12.413,-4.0118,12.86,-3.1366,-7.0857,6.8131,19.355,-1.8306,-13.529,-12.459,-9.4885
-2.7279,-8.5128,-6.7149,7.498,2.4295,-6.6268,7.6575,20.725,-1.9434,-13.099,-12.035,-9.0268
3.1206,-6.3306,-9.7774,3.6888,7.4458,-7.0535,8.0543,22.048,-2.3355,-13.289,-12.396,-9.2219
6.388,-6.1413,-12.46,2.1225,10.909,-8.1089,8.0978,23.383,-2.8741,-13.86,-13.268,-9.8452
6.5978,-7.7229,-14.172,2.9202,12.195,-9.4377,7.982,24.815,-3.3876,-14.465,-14.237,-10.578
4.0222,-10.461,-14.638,5.6116,11.21,-10.686,7.9263,26.404,-3.7197,-14.786,-14.918,-11.131
-0.42556,-13.524,-13.892,9.2809,8.3813,-11.549,8.1136,28.148,-3.7714,-14.637,-15.063,-11.306
-5.5033,-16.07,-12.17,12.866,4.4742,-11.809,8.6447,29.97,-3.5222,-13.989,-14.598,-11.014
-10.023,-17.443,-9.7464,15.482,0.30434,-11.325,9.5073,31.741,-3.0253,-12.954,-13.612,-10.277
-13.182,-17.289,-6.8458,16.635,-3.4887,-9.9999,10.571,33.318,-2.3798,-11.74,-12.326,-9.2104
-14.742,-15.609,-3.6242,16.289,-6.5421,-7.8105,11.619,34.575,-1.6969,-10.6,-11.028,-7.9868
-14.973,-12.723,-0.21791,14.78,-8.7994,-4.887,12.419,35.431,-1.074,-9.7513,-9.9793,-6.7836
-14.344,-9.1662,3.1535,12.615,-10.369,-1.5612,12.8,35.894,-0.57326,-9.3075,-9.3428,-5.7473
-13.194,-5.5691,6.1271,10.267,-11.296,1.6692,12.728,36.095,-0.20633,-9.224,-9.1388,-4.9737
-11.675,-2.5493,8.2233,8.0975,-11.481,4.2406,12.307,36.281,0.061725,-9.3201,-9.2573,-4.5063
-9.8639,-0.60611,8.9723,6.3678,-10.754,5.6582,11.732,36.723,0.28607,-9.3697,-9.5252,-4.3511
-7.8696,-0.031744,8.1006,5.2589,-9.0384,5.6251,11.206,37.613,0.50767,-9.2226,-9.7953,-4.4934
-5.9441,-0.88455,5.6723,4.912,-6.5005,4.1266,10.87,38.97,0.73239,-8.8819,-10.002,-4.9063
-4.5387,-3.0332,2.1241,5.4573,-3.6279,1.4412,10.78,40.626,0.93279,-8.4842,-10.168,-5.5496
-4.1688,-6.1997,-1.7932,6.9681,-1.1583,-1.9186,10.892,42.279,1.0651,-8.2154,-10.365,-6.3671
-5.1641,-9.9582,-5.1838,9.3643,0.20249,-5.3168,11.075,43.598,1.0923,-8.2295,-10.661,-7.2795
-7.4857,-13.747,-7.3026,12.35,0.10557,-8.134,11.162,44.327,1.0097,-8.5958,-11.065,-8.177
-10.653,-16.927,-7.8353,15.393,-1.2946,-9.9114,11.039,44.36,0.86377,-9.2657,-11.505,-8.9175
-13.743,-18.881,-7.0015,17.754,-3.3682,-10.462,10.725,43.777,0.7507,-10.068,-11.821,-9.3468
-15.585,-19.138,-5.453,18.65,-5.1688,-9.8954,10.369,42.847,0.78339,-10.755,-11.821,-9.346
-15.202,-17.55,-3.9978,17.552,-5.7641,-8.55,10.159,41.965,1.0386,-11.086,-11.361,-8.8893
-12.265,-14.439,-3.2762,14.484,-4.6206,-6.8832,10.219,41.535,1.5167,-10.932,-10.43,-8.0765
-7.3206,-10.587,-3.5902,10.137,-1.8178,-5.3838,10.555,41.827,2.1374,-10.33,-9.1919,-7.1191
-1.6553,-7.0283,-4.8738,5.6717,1.9621,-4.4674,11.062,42.884,2.7717,-9.4798,-7.9451,-6.2826
3.1547,-4.7472,-6.7043,2.3308,5.6432,-4.3606,11.581,44.542,3.2962,-8.6633,-7.0142,-5.8026
5.7588,-4.3896,-8.4503,1.0546,8.1425,-5.0534,11.97,46.548,3.6472,-8.1271,-6.6256,-5.8052
5.4419,-6.087,-9.5811,2.2332,8.7543,-6.3496,12.163,48.682,3.8493,-7.9886,-6.8238,-6.2664
2.3018,-9.4329,-9.8855,5.6128,7.3467,-7.9575,12.193,50.828,4.0042,-8.2015,-7.4645,-7.0266
-2.8485,-13.642,-9.4574,10.376,4.3339,-9.5836,12.165,52.964,4.2429,-8.5895,-8.2802,-7.8501
-8.7729,-17.848,-8.5686,15.422,0.48845,-11.006,12.207,55.132,4.6679,-8.9274,-8.9814,-8.5057
-14.22,-21.375,-7.5261,19.776,-3.3286,-12.092,12.418,57.398,5.3163,-9.0252,-9.348,-8.8343
-18.287,-23.822,-6.5542,22.846,-6.4204,-12.757,12.848,59.837,6.1641,-8.7794,-9.2815,-8.7818
-20.552,-24.996,-5.735,24.396,-8.3937,-12.92,13.502,62.508,7.1591,-8.1857,-8.8182,-8.3954
-20.972,-24.812,-5.0209,24.405,-9.1776,-12.498,14.35,65.44,8.2495,-7.3312,-8.1065,-7.7942
-19.744,-23.277,-4.3044,22.985,-8.9477,-11.457,15.318,68.6,9.3957,-6.371,-7.3539,-7.1242
-17.263,-20.589,-3.518,20.415,-8.0016,-9.8824,16.309,71.92,10.576,-5.4836,-6.7532,-6.5132
-14.082,-17.195,-2.7099,17.176,-6.6484,-8.0102,17.24,75.352,11.797,-4.8091,-6.4153,-6.0404
-10.833,-13.759,-2.0462,13.911,-5.1528,-6.2006,18.087,78.927,13.109,-4.3961,-6.3337,-5.7305
-8.0996,-11.047,-1.743,11.292,-3.719,-4.8589,18.903,82.752,14.589,-4.192,-6.4029,-5.5702
-6.336,-9.7285,-1.9678,9.8661,-2.5018,-4.3314,19.8,86.915,16.311,-4.0856,-6.4858,-5.5393
-5.8107,-10.156,-2.751,9.9201,-1.6384,-4.7939,20.891,91.38,18.292,-3.9707,-6.4908,-5.6332
-6.5588,-12.216,-3.9346,11.387,-1.2686,-6.1542,22.24,95.972,20.473,-3.7836,-6.4079,-5.8639
-8.3584,-15.31,-5.1721,13.838,-1.5173,-8.0217,23.841,100.48,22.747,-3.4979,-6.2888,-6.2367
-10.776,-18.499,-5.99,16.588,-2.4502,-9.7759,25.661,104.75,25.034,-3.102,-6.1947,-6.7206
-13.281,-20.774,-5.9206,18.88,-4.0308,-10.738,27.681,108.81,27.347,-2.5899,-6.1525,-7.2313
-15.382,-21.385,-4.6853,20.118,-6.1031,-10.411,29.879,112.76,29.777,-1.9718,-6.1421,-7.6436
-16.756,-20.121,-2.3408,20.065,-8.406,-8.685,32.164,116.73,32.408,-1.2862,-6.1144,-7.8304
-17.296,-17.388,0.70602,18.897,-10.608,-5.9096,34.353,120.76,35.228,-0.5944,-6.0188,-7.7074
-17.07,-13.99,3.8096,17.066,-12.349,-2.7787,36.221,124.76,38.12,0.045613,-5.8179,-7.2615
-16.244,-10.802,6.2568,15.092,-13.276,-0.078735,37.607,128.6,40.915,0.61111,-5.4851,-6.5555
-14.929,-8.4629,7.4503,13.349,-13.07,1.5863,38.51,132.19,43.507,1.1326,-4.9914,-5.713
-13.003,-7.1758,7.0593,11.862,-11.496,1.9736,39.109,135.61,45.928,1.6819,-4.3108,-4.8914
-10.144,-6.7159,5.0936,10.322,-8.4757,1.2201,39.684,139.05,48.34,2.3305,-3.4537,-4.2494
-6.1652,-6.6226,1.8919,8.3754,-4.1824,-0.29454,40.488,142.77,50.934,3.1054,-2.501,-3.9155
-1.3648,-6.513,-1.9685,5.9758,0.87018,-2.1466,41.661,147.01,53.82,3.9705,-1.6045,-3.958
3.361,-6.3859,-5.8182,3.5915,5.843,-4.0149,43.215,151.85,56.97,4.8413,-0.94794,-4.3666
6.7494,-6.6488,-9.0507,2.0774,9.7446,-5.7476,45.034,157.18,60.25,5.6164,-0.68908,-5.0543
7.6559,-7.8807,-11.247,2.2908,11.7,-7.3666,46.889,162.74,63.501,6.2104,-0.90594,-5.8805
5.5081,-10.503,-12.25,4.6895,11.24,-8.9963,48.532,168.21,66.615,6.5861,-1.5628,-6.6899
0.54216,-14.52,-12.168,9.1066,8.5036,-10.722,49.825,173.43,69.566,6.7869,-2.5037,-7.3506
-6.2256,-19.436,-11.307,14.771,4.222,-12.476,50.835,178.4,72.41,6.9495,-3.4835,-7.7834
-13.245,-24.305,-10.04,20.478,-0.50644,-14.015,51.827,183.31,75.293,7.2788,-4.2391,-7.9696
-18.829,-27.919,-8.6752,24.85,-4.5685,-14.965,53.175,188.59,78.429,7.9894,-4.5755,-7.9384
-21.657,-29.181,-7.383,26.73,-7.1644,-14.938,55.223,194.77,82.048,9.2483,-4.4318,-7.7488
-21.266,-27.595,-6.184,25.676,-8.0073,-13.713,58.145,202.45,86.304,11.146,-3.9002,-7.4757
-18.22,-23.55,-5.0048,22.191,-7.3591,-11.368,61.86,212.02,91.221,13.685,-3.1898,-7.1928
-13.751,-18.141,-3.7887,17.423,-5.8461,-8.2982,66.07,223.3,96.656,16.762,-2.5442,-6.9493
-9.2006,-12.74,-2.6031,12.67,-4.1142,-5.1173,70.371,235.14,102.32,20.131,-2.1482,-6.7507
-5.6237,-8.5772,-1.6421,9.0279,-2.5956,-2.4691,74.413,245.94,107.87,23.486,-2.0567,-6.5584
-3.5281,-6.3835,-1.1212,7.0848,-1.4685,-0.81547,78.049,254.92,113.14,26.653,-2.1565,-6.3013
-2.776,-6.1683,-1.164,6.7445,-0.67748,-0.28754,81.38,262.54,118.18,29.717,-2.1841,-5.8911
-2.7708,-7.2466,-1.7285,7.3512,-0.0078972,-0.64353,84.681,269.91,123.2,32.939,-1.8233,-5.2446
-2.8473,-8.54,-2.5599,8.0514,0.71934,-1.3402,88.246,278.16,128.46,36.544,-0.85179,-4.3193
-2.6158,-9.0869,-3.1936,8.2058,1.4468,-1.7153,92.237,288.13,134.12,40.558,0.75075,-3.1464
-2.094,-8.4461,-3.0676,7.63,1.8579,-1.2186,96.617,300.14,140.2,44.794,2.7892,-1.8368
-1.6239,-6.7046,-1.7475,6.5382,1.5573,0.41001,101.17,313.94,146.59,48.963,4.9325,-0.55069
-1.66,-4.2849,0.87072,5.3538,0.31002,3.0653,105.61,328.81,153.14,52.811,6.8445,0.54981
-2.5169,-1.7989,4.4999,4.5428,-1.8162,6.33,109.7,343.8,159.72,56.204,8.3065,1.3434
-4.1708,0.11925,8.537,4.4272,-4.4432,9.6396,113.37,358.03,166.2,59.155,9.2865,1.7751
-6.2251,1.0504,12.225,5.0237,-6.976,12.444,116.7,370.87,172.5,61.798,9.9448,1.8654
-8.0711,0.95827,14.877,6.0455,-8.7765,14.349,119.92,382.15,178.56,64.353,10.591,1.7052
-9.1435,0.19677,16.137,7.0482,-9.401,15.301,123.19,392.18,184.4,67.076,11.607,1.4387
-9.166,-0.62984,16.146,7.6232,-8.815,15.701,126.59,401.75,190.08,70.201,13.341,1.2294
-8.2827,-0.89559,15.511,7.5596,-7.4373,16.258,129.98,411.79,195.67,73.831,15.945,1.2126
-6.9902,-0.15912,15.075,6.9009,-5.9568,17.668,133.12,423.01,201.2,77.843,19.248,1.4523
-5.9007,1.7254,15.594,5.8769,-5.047,20.323,135.8,435.42,206.63,81.909,22.794,1.9335
-5.4715,4.6058,17.423,4.7622,-5.1339,24.182,137.92,448.34,211.91,85.685,26.118,2.606
-5.8415,8.1551,20.374,3.73,-6.2737,28.822,139.53,460.88,217.03,89.002,29.023,3.4506
-6.7927,12.063,23.83,2.7643,-8.1325,33.621,140.78,472.66,222.07,91.934,31.631,4.5215
-7.8169,16.17,27.014,1.6465,-10.09,38.002,141.92,483.86,227.25,94.725,34.243,5.9499
-8.2831,20.497,29.316,0.010463,-11.481,41.664,143.15,494.99,232.8,97.673,37.147,7.9321
-7.6555,25.19,30.498,-2.5595,-11.856,44.647,144.57,506.46,238.83,101.02,40.462,10.696
-5.6583,30.46,30.663,-6.4261,-11.102,47.235,146.16,518.34,245.31,104.89,44.105,14.386
-2.3274,36.468,30.149,-11.792,-9.4195,49.784,147.78,530.22,252.01,109.28,47.898,18.877
2.0359,43.172,29.402,-18.535,-7.2179,52.561,149.29,541.49,258.69,114.08,51.741,23.76
6.9666,50.264,28.812,-26.068,-4.9555,55.623,150.59,551.75,265.17,119.09,55.719,28.661
11.976,57.282,28.574,-33.53,-2.9964,58.779,151.63,561.12,271.39,124.13,60.058,33.457
16.719,63.769,28.643,-40.27,-1.5169,61.664,152.43,570.04,277.31,129.13,64.992,38.188
21.129,69.425,28.811,-46.126,-0.47743,63.987,153.06,578.89,282.86,134.13,70.639,42.923
25.468,74.267,28.84,-51.382,0.32954,65.771,153.6,587.81,288.0,139.24,76.923,47.73
30.242,78.599,28.584,-56.531,1.1552,67.325,154.1,596.65,292.71,144.54,83.62,52.72
35.93,82.798,28.019,-61.957,2.1421,69.009,154.55,605.04,297.0,150.01,90.444,58.025
42.585,87.061,27.201,-67.66,3.2356,71.088,154.89,612.53,300.83,155.58,97.111,63.659
49.644,91.304,26.293,-73.251,4.2124,73.671,154.96,618.7,304.14,161.11,103.38,69.358
56.2,95.301,25.565,-78.248,4.8054,76.659,154.5,623.34,306.9,166.47,109.1,74.695
61.437,98.874,25.265,-82.35,4.8411,79.746,153.19,626.4,309.11,171.59,114.31,79.42
64.981,101.93,25.432,-85.517,4.3168,82.539,150.64,627.9,310.82,176.48,119.18,83.576
67.052,104.39,25.825,-87.894,3.4368,84.692,146.54,627.86,312.08,181.3,123.91,87.385
68.251,106.14,25.967,-89.678,2.62,85.938,140.81,626.33,312.97,186.27,128.74,91.162
69.198,107.05,25.285,-91.01,2.407,86.058,133.7,623.51,313.53,191.61,133.95,95.347
70.341,106.99,23.347,-91.92,3.2692,84.888,125.74,619.6,313.8,197.49,139.98,100.49
72.011,105.87,20.033,-92.376,5.4338,82.373,117.47,614.66,313.82,203.96,147.39,107.04
74.551,103.71,15.569,-92.408,8.7984,78.614,109.23,608.65,313.69,211.03,156.54,115.05
78.219,100.73,10.471,-92.206,13.017,73.868,101.02,601.48,313.49,218.68,167.33,123.98
82.858,97.403,5.4967,-91.958,18.018,68.515,92.569,593.01,313.3,226.94,179.17,132.95
87.542,94.185,1.5408,-91.521,24.952,63.005,83.523,583.08,313.15,235.79,191.22,141.25
90.673,91.284,-0.70389,-90.306,34.27,57.739,73.633,571.63,313.09,245.2,202.91,148.77
91.138,88.638,-1.1851,-87.793,40.5,52.908,62.92,558.81,313.14,255.1,214.27,156.08
89.711,86.104,-0.65806,-84.368,41.53,48.35,51.665,545.19,313.31,265.48,225.79,164.01
88.471,83.659,-0.3969,-81.257,41.362,43.552,40.178,531.69,313.61,276.39,238.12,173.16
89.285,81.446,-1.5886,-79.61,43.078,37.901,28.708,519.06,314.01,287.84,251.7,183.53
93.267,79.687,-5.0278,-80.002,48.142,31.198,17.716,507.2,314.52,299.82,266.67,194.64
100.9,78.635,-11.333,-82.527,56.903,24.132,7.7263,495.12,315.16,312.38,282.79,205.84
112.04,78.53,-20.902,-86.997,68.806,17.886,-1.373,481.74,315.94,325.67,299.46,216.67
125.78,79.434,-33.167,-92.91,82.761,13.071,-10.214,466.59,316.88,339.77,315.88,226.83
140.45,81.057,-46.251,-99.381,97.347,9.5483,-19.429,449.86,317.98,354.27,331.27,235.96
153.96,82.73,-58.166,-105.33,110.84,6.9138,-29.429,431.99,319.19,368.27,345.11,243.89
164.35,83.57,-68.12,-109.78,121.58,4.7661,-40.318,413.64,320.44,380.89,357.4,250.89
170.46,82.781,-76.391,-112.13,128.72,2.7698,-51.893,395.48,321.61,391.95,368.55,257.63
172.38,79.977,-83.647,-112.23,132.63,0.70165,-63.732,377.97,322.65,402.03,379.16,264.7
171.4,75.4,-90.532,-110.51,134.63,-1.4984,-75.274,361.13,323.55,412.37,390.01,272.38
169.39,69.915,-97.37,-107.88,136.31,-3.7281,-85.913,344.78,324.34,424.3,401.99,280.52
168.02,64.703,-103.91,-105.35,138.71,-5.794,-95.237,328.79,325.04,438.27,415.37,288.35
168.13,60.687,-109.48,-103.63,141.77,-7.5135,-103.22,313.09,325.65,453.35,429.22,294.97
169.38,58.076,-113.6,-102.93,144.7,-8.7963,-110.16,297.6,326.14,468.05,441.97,300.02
170.88,56.309,-116.38,-102.91,146.96,-9.6811,-116.42,282.31,326.47,481.21,452.56,303.63
171.85,54.345,-118.31,-102.96,148.43,-10.325,-122.36,267.35,326.56,492.26,460.86,306.03
171.89,51.18,-119.8,-102.49,149.12,-10.948,-128.11,252.94,326.36,501.15,467.24,307.41
171.07,46.313,-121.04,-101.29,149.2,-11.756,-133.49,239.2,325.87,508.18,472.16,307.82
169.66,39.993,-122.0,-99.503,148.93,-12.86,-138.0,226.0,325.11,513.54,475.89,307.31
167.82,33.223,-122.55,-97.393,148.35,-14.214,-141.18,213.02,324.18,517.25,478.53,305.88
165.41,27.289,-122.43,-95.14,147.15,-15.609,-142.83,200.06,323.2,519.32,480.08,303.61
162.12,22.885,-121.18,-92.748,144.81,-16.745,-143.03,187.17,322.3,520.17,480.64,300.74
157.6,19.846,-118.25,-90.094,140.82,-17.332,-142.01,174.67,321.59,520.29,480.49,297.7
151.61,17.528,-113.25,-86.994,134.83,-17.171,-140.11,162.79,320.88,519.6,479.87,294.8
144.02,15.281,-106.25,-83.305,126.77,-16.208,-137.74,151.54,319.41,517.25,478.47,291.97
135.03,12.81,-97.705,-79.029,117.05,-14.54,-135.33,140.67,315.99,512.18,475.54,288.71
125.21,10.3,-88.339,-74.37,106.59,-12.378,-133.23,129.79,309.93,503.65,470.14,284.46
115.51,8.2066,-78.874,-69.688,96.546,-10.004,-131.62,118.52,301.54,491.65,461.57,278.76
106.84,6.8892,-69.904,-65.349,87.898,-7.7015,-130.46,106.81,291.36,476.85,449.78,271.49
99.754,6.4056,-61.835,-61.548,81.216,-5.7085,-129.59,95.093,279.57,460.09,435.55,262.94
94.267,6.5101,-54.919,-58.191,76.6,-4.175,-128.79,84.02,266.42,442.14,419.98,253.58
89.928,6.8285,-49.363,-54.904,73.701,-3.146,-127.85,73.942,252.41,423.61,403.91,243.77
86.051,7.0177,-45.241,-51.223,71.875,-2.586,-126.56,64.69,237.97,404.9,387.73,233.66
82.117,6.8239,-42.153,-46.875,70.351,-2.4316,-124.76,55.822,223.25,386.06,371.38,223.22
78.047,6.0876,-39.272,-42.066,68.159,-2.636,-122.41,46.907,208.32,366.95,354.58,212.41
74.166,4.7466,-36.101,-37.439,64.293,-3.1827,-119.63,37.776,193.22,347.32,337.07,201.33
70.411,2.8267,-33.096,-33.352,59.238,-4.0818,-116.68,28.805,178.1,327.0,318.8,190.27
65.886,0.42835,-30.893,-29.3,55.354,-5.3494,-113.81,20.883,163.13,306.16,299.98,179.65
60.185,-2.219,-29.729,-24.553,53.698,-6.9545,-111.1,14.707,148.7,285.53,281.3,169.85
54.467,-4.6788,-30.0,-19.349,53.749,-8.7651,-108.42,10.338,135.38,266.14,263.87,161.1
50.684,-6.414,-31.923,-15.057,54.686,-10.544,-105.45,7.4334,123.7,248.75,248.6,153.41
49.594,-7.0404,-34.918,-12.791,56.535,-12.003,-101.91,5.5792,113.83,233.52,235.64,146.62
50.549,-6.4965,-37.959,-12.461,59.049,-12.883,-97.694,4.4046,105.59,220.19,224.58,140.48
52.13,-5.0888,-40.048,-13.172,61.105,-13.042,-92.969,3.5775,98.457,208.16,214.68,134.74
52.386,-3.439,-40.384,-13.762,61.068,-12.501,-88.132,2.8076,91.647,196.57,205.01,129.09
49.404,-2.3161,-38.452,-13.139,57.413,-11.439,-83.59,1.8972,84.348,184.34,194.62,123.21
42.21,-2.4092,-34.148,-10.572,49.376,-10.158,-79.514,0.79039,76.085,170.6,182.76,116.78
31.17,-4.1335,-27.903,-5.8382,37.415,-9.0206,-75.777,-0.42466,66.94,155.35,169.33,109.7
17.748,-7.5137,-20.732,0.7383,23.429,-8.378,-72.088,-1.5678,57.318,139.58,155.1,102.18
4.0777,-12.158,-14.095,8.2898,10.179,-8.4979,-68.232,-2.4518,47.666,124.53,141.18,94.55
-7.6487,-17.372,-9.4796,15.614,0.027288,-9.4905,-64.244,-2.9608,38.494,110.97,128.4,87.088
-15.896,-22.351,-7.7042,21.572,-5.9018,-11.26,-60.389,-3.0953,30.356,99.12,117.13,79.945
-20.202,-26.385,-8.4592,25.453,-7.8164,-13.503,-56.977,-2.968,23.574,88.648,107.25,73.089
-21.151,-29.052,-10.577,27.172,-6.9212,-15.75,-54.186,-2.7567,18.071,78.932,98.254,66.509
-19.935,-30.229,-12.702,27.12,-4.7718,-17.453,-52.011,-2.6302,13.552,69.32,89.559,60.515
-17.657,-29.913,-13.867,25.768,-2.5768,-18.125,-50.301,-2.6724,9.7636,59.493,80.71,55.745
-14.971,-28.139,-13.681,23.487,-0.87627,-17.471,-48.822,-2.8394,6.6055,49.784,71.598,52.594
-12.249,-25.056,-12.206,20.632,0.2004,-15.499,-47.269,-2.9782,4.0952,41.255,62.884,50.574
-9.7242,-21.0,-9.8568,17.501,0.67198,-12.539,-45.312,-2.9085,2.2627,34.619,56.079,48.626
-7.2937,-16.501,-7.3201,14.24,0.87698,-9.1598,-42.66,-2.5254,1.047,28.83,51.622,45.996
-4.6379,-12.211,-5.3324,10.954,1.423,-6.0186,-39.108,-1.8655,0.28106,22.859,48.262,42.483
-1.6561,-8.7821,-4.37,7.9111,2.7381,-3.7084,-34.58,-1.0898,-0.25253,17.149,44.679,38.005
1.3698,-6.7193,-4.4392,5.5171,4.74,-2.6,-29.282,-0.40004,-0.74435,12.352,39.919,32.467
3.8604,-6.1693,-5.078,4.1275,6.7939,-2.6667,-23.783,0.057177,-1.2952,8.5344,33.331,26.15
5.0829,-6.8082,-5.514,3.9187,7.8737,-3.3958,-18.693,0.25039,-1.8931,5.4488,25.073,19.899
4.3734,-7.974,-4.8627,4.8624,6.9888,-3.965,-14.288,0.26627,-2.4411,2.8828,16.645,14.595
1.4038,-8.9642,-2.4421,6.7656,3.6022,-3.6335,-10.54,0.2576,-2.8214,0.77053,9.8163,10.665
-3.6546,-9.3802,1.8308,9.3521,-2.1598,-2.0751,-7.325,0.36878,-2.9616,-0.86774,5.1669,8.1343
-10.169,-9.3113,7.426,12.36,-9.4615,0.49825,-4.5293,0.67748,-2.8693,-2.039,2.3658,6.7666
-17.242,-9.1878,13.488,15.582,-17.069,3.4299,-2.0637,1.1745,-2.6285,-2.8346,0.86503,6.0994
-23.924,-9.4802,18.995,18.825,-23.676,5.8906,0.11782,1.7789,-2.3634,-3.4161,0.11958,5.6054
-29.342,-10.472,22.868,21.828,-28.359,7.1865,1.9916,2.3696,-2.1968,-3.9613,-0.36177,4.9219
-32.709,-12.107,24.278,24.184,-30.658,6.9712,3.4865,2.8212,-2.2135,-4.6159,-0.9664,3.8872
-33.258,-13.967,22.932,25.332,-30.03,5.3202,4.5383,3.032,-2.4409,-5.4815,-1.9458,2.4291
-30.438,-15.418,19.09,24.708,-26.09,2.6731,5.1445,2.9423,-2.8509,-6.6174,-3.4011,0.52967
-24.16,-15.859,13.506,21.985,-18.992,-0.32861,5.3825,2.5403,-3.3788,-8.0299,-5.2785,-1.7203
-15.114,-14.993,7.2534,17.332,-9.8232,-3.0515,5.3831,1.8652,-3.9495,-9.6605,-7.3863,-4.1194
-4.942,-13.022,1.3882,11.579,-0.43538,-5.0373,5.2858,1.006,-4.4956,-11.396,-9.4483,-6.4077
4.0885,-10.593,-3.2763,6.0815,7.3185,-6.0866,5.2173,0.099051,-4.9616,-13.087,-11.187,-8.3297
9.7437,-8.5564,-6.0958,2.3062,11.853,-6.2695,5.2875,-0.6776,-5.2961,-14.56,-12.402,-9.6992
10.511,-7.6627,-6.5784,1.358,12.051,-5.837,5.5727,-1.1269,-5.4431,-15.633,-13.014,-10.444
6.1393,-8.342,-4.667,3.6182,7.821,-5.0742,6.0817,-1.0862,-5.3488,-16.156,-13.075,-10.604
-2.2249,-10.58,-0.91178,8.5921,0.34551,-4.2408,6.7342,-0.49525,-4.9881,-16.082,-12.758,-10.302
-12.424,-13.917,3.6741,15.047,-8.409,-3.5874,7.3797,0.55944,-4.3934,-15.528,-12.311,-9.7478
-22.056,-17.589,7.9031,21.429,-16.432,-3.3245,7.8463,1.8555,-3.6601,-14.753,-12.006,-9.2239
-29.204,-20.805,10.753,26.389,-22.17,-3.556,7.9999,3.1009,-2.9209,-14.059,-12.052,-9.0104
-32.814,-23.029,11.644,29.173,-24.762,-4.2535,7.7925,4.0318,-2.2998,-13.666,-12.527,-9.2673
-32.798,-24.045,10.567,29.676,-24.127,-5.2701,7.285,4.5018,-1.8691,-13.62,-13.342,-9.9627
-29.794,-23.877,8.0415,28.233,-20.853,-6.3637,6.6374,4.5332,-1.6238,-13.787,-14.272,-10.895
-24.755,-22.681,4.9143,25.365,-15.918,-7.2374,6.0626,4.3124,-1.4839,-13.905,-15.036,-11.77
-18.76,-20.651,2.0783,21.665,-10.452,-7.5971,5.7626,4.1235,-1.321,-13.692,-15.39,-12.302
-12.895,-17.968,0.22227,17.705,-5.5769,-7.2143,5.8639,4.2345,-1.0051,-12.959,-15.202,-12.292
-8.0115,-14.809,-0.33004,13.925,-2.1244,-5.9844,6.3762,4.7873,-0.45397,-11.691,-14.495,-11.702
-4.5843,-11.4,0.39309,10.62,-0.43597,-3.9698,7.1845,5.736,0.33248,-10.05,-13.449,-10.658
-2.8161,-8.0694,2.156,8.0468,-0.50185,-1.4157,8.0828,6.858,1.2708,-8.3203,-12.344,-9.4171
-2.6989,-5.2269,4.6119,6.4369,-2.0663,1.2816,8.8348,7.8337,2.2266,-6.8105,-11.457,-8.2686
-3.9732,-3.2628,7.3173,5.9126,-4.6,3.6633,9.2472,8.3713,3.0698,-5.7461,-10.967,-7.4366
-6.1426,-2.4097,9.756,6.4044,-7.3863,5.3307,9.2329,8.3279,3.7271,-5.1886,-10.893,-7.0121
-8.5754,-2.6604,11.44,7.6392,-9.7059,6.0484,8.8392,7.7757,4.2112,-5.0118,-11.087,-6.9332
-10.624,-3.7736,12.049,9.2001,-10.989,5.7948,8.2213,6.9791,4.6181,-4.9537,-11.292,-7.0233
-11.752,-5.3557,11.51,10.636,-10.921,4.7448,7.579,6.2923,5.0939,-4.7231,-11.246,-7.0698
-11.69,-6.9813,9.994,11.584,-9.5403,3.2046,7.0879,6.0231,5.7799,-4.1053,-10.772,-6.9066
-10.574,-8.3015,7.8697,11.88,-7.2779,1.5321,6.8508,6.3163,6.7537,-3.0235,-9.8505,-6.4624
-8.9495,-9.113,5.6256,11.61,-4.8727,0.06416,6.8753,7.0893,7.9856,-1.5546,-8.619,-5.772
-7.5705,-9.3784,3.8251,11.061,-3.1517,-0.93479,7.0728,8.0488,9.3284,0.088669,-7.322,-4.954
-7.0968,-9.1989,3.0447,10.587,-2.7808,-1.2796,7.297,8.8104,10.562,1.6164,-6.211,-4.1559
-7.8636,-8.7313,3.6806,10.465,-4.0526,-0.85236,7.4235,9.0863,11.496,2.7776,-5.4403,-3.4794
-9.7738,-8.0632,5.7228,10.759,-6.7597,0.35133,7.4225,8.8312,12.078,3.494,-4.9972,-2.9329
-12.279,-7.1691,8.665,11.253,-10.201,2.1311,7.3663,8.2382,12.417,3.907,-4.7078,-2.4511
-14.486,-6.0089,11.606,11.528,-13.332,4.0696,7.3669,7.5993,12.697,4.2833,-4.3306,-1.9614
-15.44,-4.6485,13.54,11.174,-15.08,5.6444,7.4992,7.1516,13.063,4.8546,-3.6895,-1.4405
-14.513,-3.3094,13.713,10.005,-14.717,6.3798,7.7603,6.9918,13.551,5.7044,-2.768,-0.93498
-11.668,-2.3426,11.84,8.1846,-12.08,5.963,8.0699,7.0658,14.086,6.7455,-1.7174,-0.54639
-7.4857,-2.1311,8.1277,6.1899,-7.5922,4.317,8.2996,7.2026,14.517,7.7655,-0.78636,-0.38989
-2.9766,-2.9485,3.2184,4.6306,-2.1712,1.6301,8.3198,7.1818,14.682,8.5113,-0.20545,-0.54082
0.7175,-4.8351,-1.9609,4.0387,2.977,-1.6723,8.0548,6.824,14.489,8.7953,-0.079431,-0.98391
2.6533,-7.5523,-6.4499,4.6967,6.7071,-5.0204,7.5265,6.0816,13.968,8.5933,-0.32915,-1.5902
2.3535,-10.637,-9.4808,6.5551,8.2694,-7.8377,6.8627,5.0847,13.275,8.0772,-0.71248,-2.147
-0.089925,-13.532,-10.62,9.2571,7.4572,-9.6858,6.25,4.1047,12.621,7.5462,-0.91764,-2.4358
-4.0936,-15.752,-9.841,12.257,4.5849,-10.361,5.8554,3.4432,12.181,7.2868,-0.68744,-2.3204
-8.7803,-17.01,-7.523,14.998,0.37828,-9.9142,5.7587,3.3039,12.017,7.4432,0.077381,-1.8017
-13.23,-17.262,-4.3179,17.065,-4.2255,-8.6093,5.9211,3.7069,12.064,7.9579,1.2723,-1.0218
-16.693,-16.663,-0.9437,18.235,-8.3197,-6.8455,6.2033,4.4789,12.152,8.6009,2.6183,-0.21148
-18.684,-15.46,1.9965,18.433,-11.211,-5.0277,6.4249,5.3176,12.086,9.0681,3.7653,0.40222
-18.956,-13.825,4.1215,17.632,-12.54,-3.4095,6.4402,5.9103,11.727,9.1074,4.4343,0.69102
-17.489,-11.76,5.3298,15.817,-12.323,-1.9987,6.2013,6.0612,11.053,8.6211,4.5319,0.67001
-14.527,-9.1738,5.794,13.054,-10.893,-0.61082,5.7776,5.7571,10.151,7.6997,4.1811,0.4631
-10.593,-6.0624,5.8437,9.5906,-8.7569,0.94953,5.3148,5.1394,9.1628,6.5677,3.6457,0.22256
-6.4085,-2.6538,5.7827,5.8858,-6.4504,2.7118,4.9555,4.4069,8.2042,5.4667,3.1982,0.053163
-2.7014,0.58265,5.7656,2.5299,-4.4195,4.4815,4.7654,3.7147,7.3063,4.5432,2.9987,-0.0291
-0.014265,3.0856,5.7733,0.070708,-2.9285,5.9103,4.7026,3.1168,6.4174,3.7996,3.028,-0.10208
1.4519,4.4088,5.6355,-1.1869,-1.9925,6.6286,4.64,2.5598,5.4436,3.1096,3.0866,-0.31157
1.9056,4.3519,5.0792,-1.2834,-1.3615,6.3687,4.4206,1.9124,4.2969,2.2936,2.8784,-0.81049
1.827,3.0058,3.8339,-0.51449,-0.62723,5.053,3.9186,1.0227,2.9375,1.2223,2.1609,-1.6827
1.6811,0.70239,1.7652,0.75293,0.55579,2.8145,3.0834,-0.20841,1.3986,-0.12066,0.86559,-2.903
1.6537,-2.1534,-1.041,2.2396,2.2463,-0.063576,1.9557,-1.7667,-0.22096,-1.6568,-0.89748,-4.3537
1.5152,-5.2692,-4.268,3.8872,4.1084,-3.2512,0.65856,-3.5104,-1.7947,-3.2675,-2.9091,-5.8685
0.69026,-8.575,-7.417,5.9162,5.4722,-6.463,-0.63537,-5.2125,-3.2099,-4.8282,-4.9155,-7.281
-1.4694,-12.176,-9.9102,8.6817,5.5865,-9.4885,-1.7562,-6.6299,-4.3905,-6.2171,-6.6813,-8.4625
-5.3303,-16.161,-11.237,12.405,3.9691,-12.147,-2.5799,-7.5674,-5.2961,-7.3218,-8.0235,-9.3369
-10.73,-20.413,-11.117,16.987,0.64778,-14.236,-3.0462,-7.9169,-5.9075,-8.0489,-8.8299,-9.8741
-16.928,-24.433,-9.61,21.853,-3.8153,-15.518,-3.157,-7.6697,-6.212,-8.3356,-9.0644,-10.069
-22.688,-27.342,-7.1313,25.987,-8.4245,-15.739,-2.9683,-6.9111,-6.2021,-8.1665,-8.7648,-9.9275
-26.438,-28.128,-4.3322,28.173,-11.953,-14.735,-2.5737,-5.8026,-5.89,-7.5927,-8.0363,-9.4738
-26.72,-26.067,-1.9064,27.345,-13.311,-12.553,-2.0668,-4.5539,-5.3226,-6.7366,-7.0392,-8.7586
-22.849,-21.168,-0.37583,23.138,-11.948,-9.4957,-1.4987,-3.3725,-4.5825,-5.7668,-5.9634,-7.8583
-15.509,-14.349,0.057824,16.314,-8.1551,-6.0748,-0.86695,-2.4074,-3.7732,-4.8504,-4.983,-6.8599
-6.7097,-7.1594,-0.44246,8.5834,-3.0861,-2.8955,-0.14916,-1.716,-2.9928,-4.0996,-4.1953,-5.838
1.0807,-1.221,-1.3844,1.909,1.6749,-0.489,0.66573,-1.2564,-2.306,-3.5329,-3.5731,-4.831
5.8945,2.2774,-2.0887,-2.1972,4.7107,0.86794,1.5821,-0.90696,-1.7311,-3.0734,-2.9824,-3.8339
6.7264,2.8984,-1.9583,-3.0286,5.1743,1.2567,2.5965,-0.52412,-1.2493,-2.5979,-2.2698,-2.8219
3.7032,1.128,-0.73128,-0.85658,2.9686,1.0703,3.6765,-0.0092655,-0.83121,-2.0164,-1.3631,-1.7894
-1.8783,-1.7285,1.4327,3.0794,-1.2074,0.83168,4.7467,0.65222,-0.46366,-1.328,-0.32633,-0.77819
-7.9062,-4.1028,4.0301,6.999,-5.9941,0.97434,5.6983,1.3846,-0.16804,-0.63276,0.64989,0.1193
-12.272,-4.8916,6.396,9.345,-9.8709,1.6807,6.411,2.0366,-0.0030674,-0.10472,1.3085,0.77523
-13.691,-3.799,7.9132,9.3917,-11.751,2.8206,6.7847,2.4124,-0.049642,0.061993,1.41,1.0561
-12.011,-1.2352,8.1727,7.3098,-11.255,4.0091,6.7702,2.3302,-0.37923,-0.2797,0.81716,0.86333
-8.0882,1.8055,7.0517,3.9994,-8.672,4.7643,6.3907,1.7019,-1.0154,-1.1671,-0.43995,0.17548
-3.298,4.0606,4.7187,0.80673,-4.7269,4.7041,5.7447,0.59666,-1.9042,-2.4928,-2.1461,-0.92167
1.0978,4.7136,1.5834,-1.2276,-0.28545,3.7049,4.9891,-0.7464,-2.9108,-4.0184,-3.9455,-2.236
4.2902,3.7842,-1.8059,-1.879,3.8232,1.9414,4.2999,-1.9778,-3.8521,-5.4453,-5.448,-3.5128
5.981,1.8263,-4.9077,-1.4352,6.954,-0.19474,3.819,-2.76,-4.5573,-6.519,-6.3604,-4.5149
6.2771,-0.47468,-7.3122,-0.31363,8.7907,-2.2423,3.6084,-2.8979,-4.9308,-7.1221,-6.5856,-5.104
5.4797,-2.495,-8.7592,1.0437,9.2907,-3.8102,3.6328,-2.4179,-4.9834,-7.313,-6.2429,-5.2822
3.8841,-3.8283,-9.0521,2.2892,8.4823,-4.6396,3.7798,-1.5598,-4.8183,-7.2955,-5.6076,-5.168
1.6745,-4.3727,-8.0208,3.2944,6.3708,-4.6022,3.907,-0.67909,-4.5812,-7.3307,-5.0006,-4.9246
-1.078,-4.2916,-5.6338,4.1504,3.0348,-3.7073,3.8963,-0.10943,-4.4057,-7.6241,-4.6736,-4.6917
-4.3218,-3.8861,-2.1495,5.0709,-1.2138,-2.1325,3.6931,-0.042868,-4.38,-8.2388,-4.7335,-4.5607
-7.8625,-3.4527,1.8596,6.2176,-5.8058,-0.23106,3.3198,-0.47271,-4.5319,-9.071,-5.1295,-4.5815
-11.231,-3.2063,5.6211,7.5184,-10.035,1.5232,2.8627,-1.2076,-4.8251,-9.8969,-5.7004,-4.7826
-13.771,-3.2919,8.2994,8.6921,-13.148,2.6348,2.4374,-1.9542,-5.1712,-10.481,-6.2599,-5.1918
-14.926,-3.8037,9.1331,9.458,-14.409,2.6918,2.132,-2.4472,-5.4796,-10.714,-6.6818,-5.8345
-14.424,-4.7598,7.6514,9.6827,-13.275,1.4635,1.9527,-2.5837,-5.7269,-10.674,-6.9509,-6.7149
-12.122,-6.0708,3.8265,9.3361,-9.5854,-1.0241,1.8227,-2.4752,-5.9736,-10.566,-7.1619,-7.8124
-7.8901,-7.5094,-1.8925,8.3288,-3.5809,-4.4521,1.6439,-2.3693,-6.3027,-10.622,-7.4613,-9.0787
-1.9342,-8.7094,-8.5896,6.5261,4.0044,-8.2231,1.3658,-2.4993,-6.7498,-10.989,-7.9549,-10.414
4.8576,-9.2575,-15.063,3.9912,11.851,-11.554,1.0224,-2.9546,-7.2618,-11.65,-8.6229,-11.648
11.142,-8.849,-20.071,1.1084,18.428,-13.675,0.73324,-3.6206,-7.7001,-12.399,-9.2912,-12.545
15.62,-7.4434,-22.56,-1.529,22.426,-14.082,0.66799,-4.2188,-7.888,-12.904,-9.6869,-12.856
17.338,-5.3576,-21.951,-3.2932,22.979,-12.714,0.97333,-4.4351,-7.6889,-12.853,-9.5635,-12.413
15.82,-3.2135,-18.397,-3.6668,19.855,-9.9819,1.6892,-4.0676,-7.0728,-12.103,-8.8267,-11.214
11.204,-1.725,-12.762,-2.3746,13.615,-6.6328,2.7069,-3.1164,-6.1385,-10.756,-7.5923,-9.4389
4.3195,-1.4195,-6.3231,0.49187,5.5629,-3.5116,3.8017,-1.7864,-5.082,-9.1157,-6.1481,-7.4032
-3.4604,-2.4109,-0.40366,4.4152,-2.5733,-1.2945,4.7209,-0.41506,-4.13,-7.5698,-4.8451,-5.4611
-10.534,-4.3493,3.8768,8.5355,-9.128,-0.30471,5.2772,0.64582,-3.468,-6.4519,-3.9736,-3.9149
-15.487,-6.5814,5.8509,11.901,-12.966,-0.47758,5.4078,1.1507,-3.1915,-5.9439,-3.671,-2.9483
-17.517,-8.4147,5.5244,13.792,-13.73,-1.4657,5.1827,1.0383,-3.288,-6.0304,-3.8839,-2.598
-16.674,-9.3868,3.5027,13.971,-11.869,-2.8154,4.768,0.44407,-3.6498,-6.5182,-4.3881,-2.7674
-13.742,-9.4298,0.63935,12.737,-8.3608,-4.1357,4.3606,-0.35345,-4.1119,-7.1163,-4.868,-3.2741
-9.835,-8.8458,-2.308,10.757,-4.2551,-5.2092,4.1218,-1.0332,-4.5032,-7.5528,-5.0389,-3.9085
-6.049,-8.1383,-4.8485,8.7813,-0.42124,-6.0148,4.132,-1.3427,-4.6985,-7.6688,-4.7677,-4.4872
-3.2681,-7.7976,-6.7389,7.428,2.4803,-6.6699,4.3758,-1.1832,-4.6581,-7.448,-4.1345,-4.9036
-1.9746,-8.1195,-7.9497,7.045,4.0964,-7.3268,4.7521,-0.64082,-4.4417,-6.9958,-3.4005,-5.1632
-2.1542,-9.1156,-8.6274,7.644,4.4744,-8.0569,5.1139,0.057533,-4.1691,-6.4902,-2.8844,-5.3591
-3.4184,-10.517,-8.9048,8.9231,3.9169,-8.7795,5.3335,0.64869,-3.9455,-6.1138,-2.8095,-5.5796
-5.2305,-11.864,-8.7617,10.413,2.7606,-9.2729,5.367,0.94626,-3.8127,-5.9769,-3.2029,-5.8322
-7.0981,-12.677,-8.0973,11.67,1.271,-9.2688,5.2751,0.91281,-3.7473,-6.0627,-3.8782,-6.0458
-8.6746,-12.659,-6.8535,12.405,-0.3593,-8.5916,5.1839,0.66544,-3.6877,-6.2388,-4.5137,-6.1246
-9.7754,-11.789,-5.0865,12.517,-1.9898,-7.2616,5.2115,0.41851,-3.5662,-6.3297,-4.8018,-6.0019
-10.361,-10.282,-2.9844,12.064,-3.5243,-5.499,5.4084,0.39376,-3.3389,-6.2003,-4.5856,-5.6712
-10.507,-8.4681,-0.81362,11.211,-4.905,-3.6195,5.7426,0.73416,-3.0006,-5.8044,-3.9102,-5.1842
-10.365,-6.661,1.1893,10.169,-6.1094,-1.881,6.1243,1.4505,-2.5838,-5.1899,-2.9848,-4.6248
-10.122,-5.0659,2.9011,9.1401,-7.1484,-0.39683,6.4459,2.4163,-2.1483,-4.477,-2.0955,-4.0805
-9.9472,-3.7768,4.2997,8.2884,-8.0491,0.82626,6.614,3.4099,-1.7718,-3.8257,-1.5116,-3.627
-9.9437,-2.8294,5.3812,7.7222,-8.813,1.7877,6.569,4.1887,-1.5381,-3.3985,-1.4122,-3.328
-10.11,-2.2633,6.0816,7.4902,-9.365,2.4229,6.2962,4.5682,-1.5202,-3.3207,-1.8485,-3.236
-10.333,-2.1411,6.2451,7.5759,-9.5293,2.602,5.8303,4.4756,-1.7546,-3.642,-2.748,-3.3853
-10.389,-2.5139,5.6477,7.8877,-9.0475,2.1801,5.2493,3.9693,-2.2211,-4.3127,-3.9465,-3.7778
-9.9588,-3.3693,4.0696,8.2542,-7.6399,1.054,4.6543,3.2107,-2.8429,-5.1912,-5.2338,-4.3747
-8.6883,-4.6083,1.3885,8.4541,-5.0921,-0.7953,4.1423,2.4034,-3.5076,-6.0857,-6.4082,-5.0995
-6.3702,-6.0699,-2.3323,8.2992,-1.3644,-3.2665,3.7829,1.7231,-4.0973,-6.81,-7.3228,-5.8527
-3.1555,-7.5761,-6.782,7.7393,3.2505,-6.1094,3.6079,1.2697,-4.515,-7.2258,-7.9068,-6.5291
0.35689,-8.9618,-11.361,6.9236,8.0322,-8.9302,3.6144,1.0522,-4.6994,-7.2674,-8.1544,-7.0304
3.2576,-10.083,-15.21,6.1663,11.946,-11.252,3.7745,1.0061,-4.6281,-6.955,-8.096,-7.2748
4.6519,-10.832,-17.407,5.8208,13.945,-12.625,4.0492,1.0335,-4.3143,-6.3922,-7.7814,-7.2111
3.996,-11.16,-17.326,6.1345,13.359,-12.769,4.4015,1.0495,-3.8052,-5.7338,-7.2767,-6.8368
1.2804,-11.108,-14.934,7.1616,10.193,-11.681,4.8047,1.0248,-3.1727,-5.129,-6.6603,-6.2009
-2.9608,-10.791,-10.821,8.7461,5.144,-9.66,5.2482,1.0101,-2.4932,-4.6644,-6.007,-5.3828
-7.7797,-10.352,-6.0162,10.556,-0.61239,-7.2385,5.7427,1.1178,-1.8303,-4.3347,-5.3617,-4.4629
-12.037,-9.8945,-1.7249,12.152,-5.6877,-5.0223,6.3103,1.4655,-1.2222,-4.0538,-4.7212,-3.5073
-14.633,-9.4278,0.97389,13.064,-8.7719,-3.5097,6.9544,2.1082,-0.6864,-3.7097,-4.0522,-2.5725
-14.721,-8.856,1.4165,12.883,-8.9905,-2.9455,7.6297,2.993,-0.23686,-3.2391,-3.3415,-1.7181
-11.981,-8.0346,-0.4256,11.399,-6.1992,-3.2701,8.2366,3.9527,0.098191,-2.6827,-2.647,-1.0181
-6.8445,-6.8637,-3.8806,8.7258,-1.1027,-4.1695,8.6446,4.7432,0.27073,-2.187,-2.1114,-0.55763
-0.47834,-5.3599,-7.8027,5.3306,4.9061,-5.1894,8.7348,5.1214,0.22809,-1.9474,-1.9159,-0.41083
5.5392,-3.684,-11.013,1.9324,10.206,-5.877,8.4465,4.9404,-0.057572,-2.1219,-2.1961,-0.60628
9.6994,-2.1247,-12.656,-0.67931,13.436,-5.9287,7.8113,4.2238,-0.56652,-2.7575,-2.9648,-1.1077
10.986,-1.0392,-12.351,-1.8418,13.843,-5.3044,6.9552,3.1758,-1.2319,-3.7663,-4.0873,-1.8259
9.0941,-0.76742,-10.244,-1.1845,11.388,-4.2431,6.0611,2.0986,-1.9622,-4.958,-5.3215,-2.65
4.4434,-1.5505,-6.9568,1.2734,6.7019,-3.1669,5.3074,1.2631,-2.6727,-6.1107,-6.4081,-3.482
-1.9469,-3.4749,-3.4316,5.127,0.94197,-2.5449,4.8125,0.80711,-3.3107,-7.0469,-7.1651,-4.2634
-8.7191,-6.4493,-0.66119,9.7017,-4.5415,-2.772,4.6066,0.70139,-3.8638,-7.6834,-7.5479,-4.9885
-14.551,-10.198,0.56188,14.24,-8.5854,-4.0676,4.63,0.7806,-4.3519,-8.0453,-7.6547,-5.6951
-18.492,-14.265,-0.183,18.073,-10.417,-6.3868,4.752,0.81365,-4.8094,-8.2487,-7.6787,-6.434
-20.082,-18.058,-2.829,20.691,-9.7363,-9.3948,4.816,0.58698,-5.2658,-8.4606,-7.8294,-7.2311
-19.242,-20.938,-6.809,21.743,-6.749,-12.538,4.7073,-0.021893,-5.7289,-8.8352,-8.2513,-8.0599
-16.112,-22.341,-11.237,21.018,-2.0583,-15.173,4.4149,-0.99421,-6.1709,-9.4355,-8.9533,-8.8319
-11.012,-21.869,-15.214,18.46,3.5095,-16.706,4.0523,-2.1553,-6.5253,-10.175,-9.767,-9.3995
-4.5739,-19.369,-18.054,14.262,9.0376,-16.746,3.8215,-3.2106,-6.698,-10.827,-10.384,-9.5863
2.2177,-15.074,-19.343,8.9772,13.667,-15.232,3.9222,-3.8368,-6.5985,-11.12,-10.49,-9.2631
8.231,-9.6977,-18.958,3.4949,16.736,-12.468,4.4421,-3.8013,-6.1896,-10.862,-9.926,-8.4293
12.433,-4.3301,-17.089,-1.1295,17.826,-9.062,5.2993,-3.0569,-5.5217,-10.05,-8.7877,-7.246
14.052,-0.16133,-14.205,-3.9282,16.796,-5.7765,6.272,-1.7693,-4.7281,-8.874,-7.4053,-5.9971
12.726,1.8674,-10.928,-4.2648,13.825,-3.322,7.0885,-0.26911,-3.9783,-7.6465,-6.2185,-4.9981
8.6325,1.339,-7.8768,-2.0266,9.4178,-2.1557,7.5249,1.0546,-3.4154,-6.6741,-5.612,-4.4897
2.4966,-1.5251,-5.5153,2.3142,4.3124,-2.3637,7.4738,1.883,-3.1119,-6.1549,-5.7819,-4.5554
-4.5718,-5.9427,-4.0402,7.8295,-0.68445,-3.6775,6.9712,2.0685,-3.0585,-6.1278,-6.6781,-5.1038
-11.357,-10.812,-3.341,13.416,-4.898,-5.5786,6.1836,1.6747,-3.1748,-6.4699,-8.0211,-5.917
-16.82,-15.015,-3.0921,18.072,-7.9272,-7.4285,5.3663,0.96003,-3.323,-6.9235,-9.3609,-6.7097
-20.273,-17.69,-2.9219,21.061,-9.6703,-8.6154,4.7993,0.30485,-3.3358,-7.1634,-10.193,-7.1752
-21.494,-18.395,-2.5465,22.023,-10.274,-8.7273,4.7028,0.079351,-3.0742,-6.9149,-10.121,-7.0522
-20.744,-17.188,-1.8347,21.076,-10.044,-7.6987,5.1529,0.49365,-2.4954,-6.0777,-9.0207,-6.2198
-18.64,-14.593,-0.82636,18.77,-9.3411,-5.8325,6.0423,1.5005,-1.6895,-4.7846,-7.109,-4.765
-15.951,-11.435,0.2906,15.891,-8.4814,-3.673,7.1125,2.7976,-0.85623,-3.362,-4.8855,-2.9697
-13.412,-8.5949,1.2461,13.242,-7.6823,-1.8062,8.0464,3.9398,-0.22985,-2.2074,-2.9489,-1.2107
-11.548,-6.7516,1.7818,11.42,-7.0316,-0.67194,8.5883,4.5208,0.014314,-1.6335,-1.7807,0.17477
-10.539,-6.186,1.7356,10.647,-6.4867,-0.44107,8.6412,4.3407,-0.17266,-1.7399,-1.5791,1.0007
-10.195,-6.7153,1.0768,10.73,-5.904,-0.99827,8.2936,3.4784,-0.70327,-2.3768,-2.2005,1.2669
-10.077,-7.8097,-0.11177,11.2,-5.0974,-2.035,7.7586,2.2375,-1.4017,-3.2262,-3.2433,1.114
-9.712,-8.8636,-1.6812,11.544,-3.9117,-3.1994,7.2603,1.0068,-2.0805,-3.9569,-4.2419,0.73868
-8.8048,-9.4725,-3.4642,11.431,-2.2985,-4.2259,6.9405,0.11218,-2.6062,-4.3585,-4.8513,0.32237
-7.3575,-9.5486,-5.3036,10.819,-0.36694,-4.9996,6.8357,-0.28177,-2.9304,-4.39,-4.9399,-0.008344
-5.6587,-9.247,-7.0501,9.9235,1.6197,-5.5391,6.9025,-0.2071,-3.0923,-4.1513,-4.6066,-0.20875
-4.1498,-8.8208,-8.5364,9.0728,3.3071,-5.92,7.0453,0.13835,-3.1895,-3.8234,-4.1253,-0.33113
-3.2405,-8.4998,-9.5599,8.5587,4.3507,-6.1867,7.144,0.48711,-3.3193,-3.5965,-3.8079,-0.49018
-3.1533,-8.3708,-9.9082,8.5116,4.5257,-6.2822,7.1034,0.6236,-3.523,-3.5963,-3.8525,-0.77586
-3.8296,-8.2743,-9.4324,8.8206,3.811,-6.0266,6.9116,0.46994,-3.7677,-3.8248,-4.2654,-1.1803
-4.9275,-7.8361,-8.1256,9.151,2.4188,-5.1824,6.6639,0.10355,-3.9657,-4.1437,-4.8696,-1.5988
-5.9243,-6.6488,-6.1606,9.0778,0.75368,-3.5729,6.5345,-0.28717,-4.0104,-4.3202,-5.3735,-1.8871
-6.2967,-4.476,-3.865,8.2689,-0.69267,-1.1771,6.7078,-0.48202,-3.8113,-4.1219,-5.4805,-1.9203
-5.7062,-1.3633,-1.6357,6.6276,-1.485,1.8572,7.3066,-0.30854,-3.324,-3.4149,-5.0042,-1.633
-4.1311,2.4102,0.18981,4.3369,-1.3886,5.3053,8.3546,0.30379,-2.5686,-2.2154,-3.9376,-1.0434
-1.9107,6.5353,1.4595,1.7995,-0.4686,9.0248,9.7927,1.3033,-1.6254,-0.67298,-2.4498,-0.25347
0.325,10.964,2.2755,-0.51512,0.89868,13.021,11.537,2.5287,-0.60464,0.99488,-0.81758,0.5879
1.8615,16.066,2.9927,-2.2942,2.1291,17.236,13.533,3.7602,0.39743,2.5855,0.67654,1.3439
2.1642,22.096,4.1596,-3.58,2.6225,21.418,15.753,4.7793,1.336,3.9764,1.8382,1.941
1.0629,28.271,6.3928,-4.7764,1.9607,25.675,18.115,5.4471,2.2265,5.1487,2.6112,2.3943
-1.2223,33.773,10.177,-6.3556,0.038934,30.723,20.43,5.7477,3.1239,6.1764,3.0806,2.8042
-4.1761,39.123,15.657,-8.4468,-2.9022,36.992,22.476,5.7982,4.0991,7.2114,3.4588,3.3427
-7.1116,45.019,22.579,-10.786,-6.3262,43.996,24.111,5.8223,5.2275,8.4663,4.0636,4.236
-9.2462,51.597,30.407,-13.05,-9.5132,51.043,25.314,6.0755,6.578,10.16,5.2702,5.7253
-9.7831,59.006,38.471,-15.294,-11.744,57.919,26.15,6.7328,8.1837,12.426,7.427,7.9948
-8.1412,67.326,46.082,-18.067,-12.511,64.595,26.735,7.7995,10.02,15.251,10.756,11.109
-4.3132,76.237,52.629,-22.057,-11.674,70.875,27.292,9.1014,12.014,18.512,15.261,15.015
0.92476,85.064,57.692,-27.666,-9.5611,76.499,28.113,10.351,14.071,22.06,20.637,19.589
6.1783,92.795,61.213,-34.921,-6.9606,81.416,29.33,11.243,16.094,25.761,26.261,24.62
9.9142,98.392,63.614,-43.317,-4.9053,85.866,30.634,11.54,17.984,29.465,31.439,29.793
11.017,101.59,65.661,-51.092,-4.3044,89.95,31.274,11.146,19.633,32.998,35.812,34.779
9.2107,102.75,68.266,-55.867,-5.6741,93.3,30.253,10.137,20.93,36.222,39.494,39.394
5.1164,102.13,72.313,-57.216,-9.0345,95.978,26.616,8.7337,21.779,39.116,42.872,43.639
-0.025153,100.71,78.092,-56.825,-13.868,98.919,19.927,7.2131,22.133,41.74,46.355,47.643
-4.7641,100.22,84.707,-56.684,-19.154,102.66,10.772,5.8088,22.028,44.139,50.185,51.589
-7.6983,102.0,90.668,-58.306,-23.592,106.57,0.45361,4.6391,21.58,46.3,54.342,55.631
-7.5136,106.73,95.012,-62.487,-25.994,110.44,-10.073,3.6881,20.964,48.185,58.555,59.788
-3.2682,114.44,97.296,-69.271,-25.615,115.16,-20.41,2.8438,20.321,49.78,62.438,63.863
5.0282,124.14,97.156,-77.954,-22.301,120.44,-29.864,1.985,19.698,51.099,65.661,67.549
15.962,133.57,94.253,-87.107,-16.454,124.56,-36.908,1.0706,19.038,52.155,68.046,70.627
27.137,140.13,88.399,-95.016,-8.9959,125.89,-40.238,0.13642,18.261,52.945,69.567,73.031
36.311,142.2,79.743,-100.15,-1.2556,123.39,-40.725,-0.74971,17.327,53.469,70.31,74.754
42.194,139.4,69.015,-101.59,5.3692,116.8,-40.703,-1.5229,16.234,53.722,70.434,75.813
44.451,132.34,57.573,-99.41,9.776,106.93,-41.073,-2.1415,14.966,53.658,70.103,76.286
43.347,122.4,47.036,-94.543,11.389,95.515,-41.453,-2.599,13.495,53.168,69.416,76.283
39.696,111.47,38.799,-88.374,10.282,84.428,-41.565,-2.9232,11.83,52.102,68.364,75.851
34.891,101.08,33.647,-82.309,7.152,75.079,-41.404,-3.1726,10.07,50.324,66.873,74.938
30.586,91.991,31.334,-77.286,3.072,68.343,-41.056,-3.4346,8.3827,47.789,64.925,73.505
28.226,85.127,30.505,-73.501,-0.86772,64.665,-40.613,-3.8253,6.9303,44.655,62.624,71.708
28.406,82.258,29.448,-70.63,-3.8228,64.186,-40.142,-4.4913,5.803,41.381,60.327,70.087
30.219,83.745,27.269,-68.299,-5.269,66.164,-39.656,-5.6107,4.9806,38.428,58.585,69.295
31.994,86.791,24.368,-66.247,-5.0398,68.06,-39.116,-7.3684,4.3004,35.613,57.414,69.248
32.542,87.387,21.332,-63.733,-3.3478,66.974,-38.466,-9.8672,3.4505,32.262,55.853,68.921
31.449,83.229,17.885,-59.602,-0.66596,62.086,-37.68,-13.02,2.0696,27.966,52.712,67.015
29.036,74.67,13.501,-52.976,2.454,53.945,-36.783,-16.565,-0.083784,22.836,47.431,62.704
25.757,63.369,8.0749,-43.931,5.4933,43.392,-35.858,-20.222,-3.0423,17.22,40.172,55.963
21.707,50.652,1.9675,-33.791,8.0298,31.732,-35.071,-23.811,-6.6606,11.464,31.473,47.369
16.881,37.452,-4.1889,-23.845,9.7893,20.215,-34.632,-27.281,-10.708,5.8639,22.085,37.738
11.529,24.538,-9.7086,-14.643,10.684,9.6405,-34.721,-30.626,-14.935,0.69981,12.973,27.938
6.2215,12.487,-14.033,-6.4139,10.84,0.54576,-35.386,-33.86,-19.087,-3.7497,5.0846,18.886
1.718,1.9058,-16.841,0.57586,10.548,-6.663,-36.472,-36.968,-22.886,-7.234,-0.8976,11.465
-1.3014,-6.2266,-18.086,5.9014,10.117,-11.541,-37.631,-39.863,-26.057,-9.5921,-4.6301,6.2229
-2.5791,-11.02,-17.948,9.153,9.7031,-13.772,-38.459,-42.38,-28.438,-10.827,-6.1986,2.9978
-2.4579,-12.683,-16.725,10.273,9.2396,-13.642,-38.719,-44.321,-30.141,-11.143,-6.1259,0.98009
-1.7514,-12.082,-14.721,9.7364,8.4399,-11.935,-38.461,-45.575,-31.564,-10.896,-5.1375,-0.38009
-1.4351,-10.165,-12.198,8.5266,6.9209,-9.5426,-37.955,-46.214,-33.128,-10.477,-3.8986,-0.92268
-2.3173,-8.1491,-9.3774,7.8004,4.4131,-7.2075,-37.516,-46.483,-34.979,-10.213,-2.8982,-0.83853
-4.8032,-7.1432,-6.4128,8.3681,0.9125,-5.4047,-37.336,-46.675,-36.982,-10.294,-2.4069,-0.66085
-8.7741,-7.6684,-3.4503,10.418,-3.269,-4.3515,-37.409,-46.975,-38.859,-10.732,-2.4569,-0.66306
-13.561,-9.544,-0.82255,13.529,-7.4801,-4.0607,-37.554,-47.375,-40.297,-11.36,-2.8656,-0.82438
-18.036,-12.068,0.86215,16.827,-10.778,-4.4179,-37.515,-47.704,-41.039,-11.91,-3.3331,-0.99895
-20.87,-14.372,0.9774,19.279,-12.194,-5.2751,-37.097,-47.753,-40.971,-12.153,-3.5804,-1.0569
-20.996,-15.783,-0.72218,20.07,-11.088,-6.4935,-36.271,-47.417,-40.175,-11.998,-3.4485,-0.95371
-18.063,-16.002,-3.9754,18.898,-7.4013,-7.9022,-35.217,-46.775,-38.923,-11.519,-2.9266,-0.73988
-12.623,-15.073,-8.137,16.036,-1.7857,-9.2509,-34.19,-46.075,-37.563,-10.894,-2.127,-0.53715
-5.9474,-13.263,-12.308,12.182,4.5212,-10.214,-33.289,-45.598,-36.376,-10.352,-1.2394,-0.48765
0.40058,-10.93,-15.48,8.2142,10.057,-10.446,-32.361,-45.503,-35.497,-10.128,-0.50224,-0.6939
5.0237,-8.4109,-16.789,4.9343,13.547,-9.6726,-31.065,-45.701,-34.94,-10.423,-0.2082,-1.1944
7.0511,-5.974,-15.792,2.8722,14.238,-7.8036,-28.956,-45.759,-34.616,-11.352,-0.6059,-1.9485
6.3176,-3.8101,-12.623,2.1887,12.1,-4.9789,-25.665,-44.92,-34.319,-12.905,-1.5963,-2.7797
3.3217,-2.0135,-7.9306,2.6975,7.7976,-1.5206,-21.341,-42.207,-33.633,-14.97,-2.5971,-3.3747
-0.99069,-0.54909,-2.6389,3.982,2.4638,2.2123,-17.158,-37.214,-31.911,-17.29,-2.9444,-3.4579
-5.5485,0.78815,2.4239,5.5636,-2.6971,6.0365,-15.208,-33.08,-28.394,-18.761,-2.1621,-2.9347
-9.4873,2.4333,6.8938,7.043,-6.7759,10.119,-18.097,-40.812,-22.926,-17.99,-0.43359,-1.933
-12.334,5.1107,11.039,8.149,-9.3283,14.694,-26.99,-66.475,-18.57,-16.134,0.75101,-0.96815
-13.963,9.75,15.143,8.6904,-10.349,18.903,-34.484,-80.602,-38.764,-13.216,2.5582,-0.53322
-14.456,16.68,17.613,8.3901,-10.153,20.779,-31.871,-82.477,-54.841,-11.979,8.9198,-0.15521
-14.047,23.305,17.206,6.55,-9.3452,19.465,-20.025,-77.051,-55.273,-21.863,6.2044,-3.0298
-13.121,23.626,17.87,1.4258,-8.7904,18.867,-2.2463,-61.127,-55.528,-42.289,-2.9965,-10.005
-12.086,19.788,23.128,-7.9332,-9.2863,26.356,18.327,-32.822,-54.828,-73.705,-21.939,-20.197
-11.17,28.329,33.606,-6.1286,-11.268,40.535,39.77,7.3164,-50.317,-109.03,-53.676,-33.34
-17.426,44.165,49.024,-5.2575,-15.531,56.611,62.464,57.086,-37.744,-134.78,-91.202,-47.356
-30.347,61.555,68.32,-13.139,-31.185,73.146,87.61,112.91,-12.131,-138.21,-110.54,-57.367
-31.605,79.614,90.146,-22.317,-56.914,91.137,112.16,169.39,30.86,-109.37,-95.349,-55.306
-31.201,99.298,115.63,-33.477,-65.83,111.93,132.59,220.41,96.025,-40.005,-39.492,-33.327
-27.97,123.32,138.79,-48.89,-75.249,134.92,147.55,262.66,189.74,75.991,61.704,15.826
-17.585,155.24,161.1,-71.488,-83.181,158.84,158.62,296.15,311.7,241.57,211.59,101.2
6.8583,197.64,179.16,-103.79,-83.085,184.14,166.78,321.81,459.01,455.67,407.72,215.15
50.947,248.54,188.42,-147.21,-68.582,211.1,171.86,339.89,623.57,713.45,648.51,357.44
113.47,304.07,185.4,-202.04,-36.931,237.82,171.92,350.29,793.57,1007.1,930.01,527.58
190.17,361.46,166.91,-266.83,11.786,260.69,162.05,352.58,957.07,1327.1,1246.7,722.56
280.72,416.87,129.04,-338.73,77.088,274.32,134.15,345.37,1106.5,1665.1,1592.3,937.75
385.52,465.64,67.303,-414.85,160.9,269.88,78.162,327.56,1238.0,2014.9,1959.4,1167.1
505.03,501.57,-23.041,-491.85,266.27,241.08,-14.371,301.48,1354.8,2372.1,2339.6,1402.7
636.44,516.65,-145.44,-564.57,393.49,185.14,-146.55,271.22,1468.3,2733.4,2720.7,1633.6
773.01,501.89,-300.61,-625.81,539.45,98.608,-314.04,238.64,1592.9,3093.8,3085.2,1845.0
905.31,450.23,-484.8,-668.03,697.44,-19.81,-505.54,203.06,1740.5,3443.1,3409.5,2019.3
1022.2,361.04,-686.8,-685.6,856.31,-165.12,-705.44,161.56,1914.1,3763.8,3665.4,2139.3
1112.8,243.66,-886.86,-676.31,1000.9,-323.49,-896.72,107.85,2102.3,4028.3,3823.2,2191.4
1166.2,116.04,-1058.7,-641.28,1113.1,-472.95,-1063.3,32.446,2277.0,4200.0,3854.9,2167.7
1170.8,-2.4189,-1174.5,-583.22,1173.3,-589.58,-1192.1,-73.91,2397.0,4237.3,3738.8,2066.9
1118.5,-97.112,-1212.8,-506.47,1166.7,-655.92,-1274.0,-216.3,2418.4,4103.7,3466.2,1894.3
1009.2,-160.96,-1167.0,-416.71,1089.8,-665.67,-1305.5,-391.76,2307.7,3781.1,3047.3,1662.6
853.32,-194.92,-1048.6,-320.1,953.16,-624.56,-1289.1,-586.47,2054.4,3280.4,2514.8,1390.6
670.75,-205.65,-882.37,-223.91,778.94,-547.54,-1233.0,-777.38,1676.5,2645.5,1921.3,1101.7
485.92,-201.65,-698.2,-135.69,594.11,-453.29,-1148.2,-937.66,1218.0,1946.0,1329.8,819.85
320.1,-189.97,-522.73,-61.229,422.72,-358.93,-1046.1,-1044.4,739.03,1262.2,800.8,566.65
186.55,-174.97,-374.56,-3.5042,280.79,-276.76,-936.9,-1085.6,301.07,667.34,379.75,357.87
89.53,-159.13,-262.71,37.01,175.13,-212.51,-828.32,-1062.4,-46.677,212.54,88.714,201.38
27.731,-143.71,-187.29,61.654,104.9,-165.29,-724.86,-985.16,-276.16,-81.699,-75.37,96.647
-4.2112,-128.34,-141.3,71.949,62.97,-132.1,-627.41,-868.47,-383.82,-225.33,-135.7,36.85
-13.009,-111.04,-115.5,69.553,41.699,-109.4,-535.8,-729.33,-388.39,-251.48,-126.87,11.477
-5.3403,-92.847,-101.1,57.749,34.991,-92.676,-450.75,-585.16,-323.05,-204.68,-82.964,8.9105
10.223,-76.138,-90.778,40.948,36.141,-79.168,-372.06,-450.8,-224.03,-126.76,-30.945,16.364
25.323,-60.694,-80.603,21.247,39.946,-66.134,-299.31,-335.29,-121.99,-46.092,10.012,22.956
35.561,-45.787,-68.865,11.46,42.535,-53.423,-234.3,-241.54,-38.349,16.272,31.535,25.47
34.845,-31.978,-55.614,5.0527,42.249,-41.528,-179.94,-168.45,17.839,45.574,35.476,23.648
12.191,-20.34,-41.964,0.96774,38.588,-30.13,-137.68,-113.28,48.226,49.211,28.453,18.069
9.2144,-11.957,-33.517,-0.34075,25.993,-19.978,-106.47,-77.205,56.797,40.396,12.21,11.044
5.9751,-7.8627,-28.665,0.96751,12.208,-13.676,-83.865,-56.61,51.972,31.58,2.3868,1.4828
1.0973,-7.7606,-19.246,4.2452,6.0069,-11.184,-67.476,-45.098,42.464,20.238,-2.039,-2.4482
-4.5923,-10.174,-12.27,8.529,1.3868,-10.279,-54.95,-37.971,33.817,11.222,-5.845,-5.1244
-10.146,-13.412,-8.5157,12.842,-2.5449,-9.9692,-44.244,-32.411,27.307,2.2793,-7.3619,-7.2179
-14.843,-16.123,-6.1218,16.428,-5.8525,-9.9016,-34.079,-26.499,20.674,-6.6489,-8.1158,-8.6618
-18.299,-17.571,-3.9989,18.831,-8.6049,-9.5747,-24.374,-18.606,7.2791,-7.6524,-8.4378,-9.4408
-20.467,-17.6,-1.7365,19.93,-10.913,-8.6204,-18.985,-9.3357,7.5451,-8.1965,-8.5181,-9.6585
-21.53,-16.467,0.67368,19.916,-12.835,-7.0343,-20.581,-3.2877,7.8645,-8.8436,-8.5129,-9.4913
-21.731,-14.682,2.9558,19.161,-14.289,-5.1501,-15.82,0.28939,7.3383,-9.6542,-8.5719,-9.1466
-21.263,-12.843,4.6749,18.061,-15.059,-3.4646,-8.3461,2.597,6.093,-10.672,-8.857,-8.8414
-20.21,-11.431,5.3921,16.906,-14.876,-2.4252,-3.3505,3.7496,4.5152,-12.036,-9.4915,-8.7683
-18.489,-10.651,4.8147,15.776,-13.493,-2.2688,-0.65958,3.9542,2.9199,-13.731,-10.498,-9.0322
-15.906,-10.396,2.9096,14.524,-10.805,-2.958,0.82324,3.6365,1.4751,-15.506,-11.766,-9.5992
-12.385,-10.357,-0.050815,12.944,-6.9854,-4.2265,1.8054,3.3602,0.27105,-17.04,-13.085,-10.318
-8.2433,-10.229,-3.5286,11.02,-2.5627,-5.7004,2.6415,3.6649,-0.64455,-18.108,-14.228,-11.0
-4.2355,-9.912,-6.8374,9.0556,1.6621,-7.033,3.4907,4.8789,-1.2672,-18.645,-15.025,-11.487
-1.2889,-9.568,-9.3168,7.5649,4.8269,-8.005,4.3868,6.9832,-1.6333,-18.724,-15.394,-11.676
-0.13195,-9.5044,-10.523,7.0242,6.2686,-8.5597,5.2525,9.6079,-1.8051,-18.502,-15.354,-11.528
-1.0402,-9.9725,-10.36,7.6736,5.7555,-8.77,5.9465,12.193,-1.8523,-18.162,-15.0,-11.066
-3.7204,-11.014,-9.1053,9.4015,3.6007,-8.7663,6.3432,14.222,-1.8399,-17.859,-14.475,-10.37
-7.3328,-12.402,-7.2993,11.722,0.59866,-8.6647,6.4028,15.407,-1.8229,-17.677,-13.918,-9.5721
-10.702,-13.692,-5.5785,13.884,-2.2171,-8.5274,6.1975,15.761,-1.8419,-17.609,-13.441,-8.8382
-12.683,-14.377,-4.4968,15.115,-3.9066,-8.3677,5.8846,15.558,-1.9189,-17.573,-13.107,-8.3358
-12.552,-14.103,-4.3859,14.908,-3.905,-8.182,5.6401,15.213,-2.0605,-17.47,-12.938,-8.199
-10.286,-12.862,-5.2641,13.255,-2.1883,-7.9791,5.5858,15.13,-2.2666,-17.241,-12.935,-8.489
-6.5955,-11.026,-6.8171,10.664,0.70376,-7.7907,5.7463,15.562,-2.5364,-16.905,-13.089,-9.1726
-2.6472,-9.1836,-8.4999,7.9508,3.8447,-7.6564,6.0521,16.534,-2.864,-16.537,-13.38,-10.131
0.3634,-7.8989,-9.7476,5.9314,6.2568,-7.5953,6.3831,17.835,-3.2237,-16.217,-13.764,-11.185
1.5769,-7.5234,-10.183,5.1691,7.2289,-7.5895,6.6321,19.117,-3.5596,-15.978,-14.15,-12.126
0.69794,-8.1118,-9.7076,5.834,6.5054,-7.5918,6.7607,20.06,-3.7896,-15.776,-14.406,-12.754
-1.9645,-9.4336,-8.4875,7.6884,4.3138,-7.5527,6.8142,20.52,-3.8284,-15.51,-14.399,-12.925
-5.6577,-11.085,-6.8698,10.191,1.2498,-7.4525,6.8911,20.578,-3.6215,-15.079,-14.058,-12.603
-9.4713,-12.681,-5.272,12.722,-1.9359,-7.3233,7.087,20.484,-3.1723,-14.43,-13.427,-11.877
-12.643,-14.004,-4.0554,14.824,-4.579,-7.2432,7.4416,20.541,-2.548,-13.601,-12.661,-10.929
-14.74,-14.991,-3.42,16.294,-6.2643,-7.2893,7.9162,20.984,-1.8578,-12.7,-11.971,-9.9659
-15.621,-15.616,-3.3512,17.077,-6.8682,-7.4617,8.4099,21.883,-1.2161,-11.859,-11.535,-9.1403
-15.304,-15.778,-3.6383,17.127,-6.5204,-7.6253,8.8059,23.115,-0.70349,-11.176,-11.416,-8.5035
-13.908,-15.274,-3.9612,16.361,-5.5127,-7.5319,9.0251,24.403,-0.34085,-10.682,-11.536,-7.9902
-11.665,-13.91,-4.0163,14.75,-4.1921,-6.9382,9.0637,25.429,-0.088067,-10.338,-11.707,-7.4598
-8.9435,-11.672,-3.6296,12.419,-2.8858,-5.7547,8.9923,25.97,0.12829,-10.061,-11.72,-6.7802
-6.2295,-8.8566,-2.8147,9.728,-1.863,-4.133,8.9153,25.994,0.36977,-9.7772,-11.451,-5.9108
-4.0893,-6.1037,-1.7635,7.276,-1.3202,-2.4507,8.9146,25.673,0.64755,-9.4615,-10.929,-4.9397
-3.0784,-4.2322,-0.77709,5.7745,-1.3772,-1.2028,9.0091,25.315,0.91073,-9.151,-10.325,-4.0669
-3.5944,-3.9601,-0.15786,5.8191,-2.0662,-0.83887,9.1479,25.256,1.0673,-8.9232,-9.8904,-3.5412
-5.718,-5.645,-0.10303,7.657,-3.3094,-1.6064,9.2411,25.772,1.0284,-8.8508,-9.8439,-3.5732
-9.1298,-9.1393,-0.64862,11.052,-4.9029,-3.4604,9.2054,27.0,0.75437,-8.966,-10.286,-4.253
-13.166,-13.796,-1.6841,15.324,-6.5326,-6.0697,8.9949,28.863,0.27478,-9.2537,-11.168,-5.5072
-16.974,-18.627,-3.0201,19.549,-7.8244,-8.9136,8.6108,31.031,-0.32237,-9.663,-12.325,-7.1122
-19.706,-22.583,-4.4723,22.807,-8.3952,-11.43,8.1022,33.021,-0.91668,-10.123,-13.537,-8.7566
-20.644,-24.817,-5.9325,24.367,-7.8743,-13.164,7.5643,34.438,-1.3809,-10.553,-14.599,-10.13
-19.221,-24.864,-7.41,23.754,-5.9319,-13.883,7.1204,35.186,-1.6053,-10.881,-15.37,-11.01
-15.112,-22.727,-9.002,20.816,-2.3855,-13.628,6.8866,35.514,-1.5217,-11.054,-15.784,-11.332
-8.5586,-18.9,-10.789,15.859,2.5499,-12.68,6.9336,35.88,-1.1191,-11.048,-15.836,-11.186
-0.63366,-14.283,-12.717,9.7915,8.0858,-11.458,7.2652,36.765,-0.44009,-10.86,-15.549,-10.765
6.7774,-10.011,-14.525,4.0881,13.027,-10.369,7.8188,38.502,0.43896,-10.503,-14.954,-10.274
11.443,-7.2099,-15.712,0.43426,16.03,-9.6575,8.4818,41.166,1.4296,-9.9977,-14.096,-9.8698
11.665,-6.6616,-15.574,0.10259,15.85,-9.3455,9.1135,44.54,2.4433,-9.3898,-13.052,-9.6297
6.8763,-8.5302,-13.509,3.4201,11.797,-9.2605,9.5759,48.162,3.3988,-8.7543,-11.96,-9.5442
-2.2177,-12.304,-9.3871,9.7013,4.2163,-9.1085,9.7751,51.493,4.2384,-8.1766,-10.988,-9.53
-13.76,-16.912,-3.6637,17.469,-5.5734,-8.5638,9.7049,54.163,4.9573,-7.7115,-10.278,-9.4699
-25.285,-20.945,2.701,24.875,-15.604,-7.3836,9.459,56.122,5.6166,-7.3497,-9.8903,-9.2592
-34.167,-23.046,8.4343,30.08,-23.656,-5.5267,9.1903,57.625,6.3134,-7.0202,-9.782,-8.844
-37.956,-22.316,12.283,31.504,-27.776,-3.2125,9.0368,59.079,7.1262,-6.6265,-9.834,-8.2467
-35.21,-18.66,13.392,28.335,-26.893,-0.87624,9.0684,60.878,8.0752,-6.0947,-9.9061,-7.5689
-26.427,-12.955,11.561,21.192,-21.149,0.95521,9.2777,63.294,9.1207,-5.4095,-9.8979,-6.9623
-13.942,-6.77,7.3065,12.042,-11.952,1.8132,9.6033,66.453,10.193,-4.6217,-9.7872,-6.5772
-1.1169,-1.8545,1.7055,3.4192,-1.7028,1.4214,9.9607,70.332,11.23,-3.8265,-9.6321,-6.5063
8.6334,0.34112,-3.9388,-2.324,7.0555,-0.21811,10.271,74.736,12.207,-3.1284,-9.5357,-6.7472
12.929,-0.9118,-8.4412,-3.6431,12.352,-2.8157,10.487,79.276,13.126,-2.6064,-9.5905,-7.201
11.077,-5.3419,-11.003,-0.28902,13.266,-5.8653,10.611,83.432,14.003,-2.2891,-9.8253,-7.7038
4.0672,-11.706,-11.369,6.5687,10.049,-8.7633,10.7,86.757,14.866,-2.1397,-10.175,-8.0736
-5.727,-18.224,-9.8091,14.76,3.9767,-10.935,10.862,89.116,15.778,-2.0486,-10.483,-8.1502
-15.359,-23.238,-6.9469,21.974,-3.036,-11.958,11.245,90.805,16.851,-1.8502,-10.54,-7.8295
-22.563,-25.715,-3.5209,26.605,-9.2406,-11.669,11.993,92.507,18.229,-1.3789,-10.168,-7.0961
-26.364,-25.461,-0.21476,28.134,-13.619,-10.21,13.163,95.065,20.03,-0.54679,-9.3051,-6.0441
-26.82,-23.038,2.4028,27.003,-15.764,-8.0023,14.68,99.109,22.295,0.60275,-8.065,-4.8655
-24.736,-19.436,3.9521,24.172,-15.803,-5.6355,16.354,104.7,24.947,1.8985,-6.7184,-3.8023
-21.221,-15.773,4.3291,20.659,-14.326,-3.7083,17.947,111.23,27.788,3.1003,-5.5951,-3.0747
-17.263,-12.98,3.6738,17.369,-11.962,-2.6356,19.228,117.69,30.532,3.9817,-4.9564,-2.8127
-13.592,-11.504,2.2513,14.938,-9.1219,-2.5009,20.028,123.18,32.916,4.4114,-4.8985,-3.0146
-10.483,-11.136,0.37273,13.384,-6.0781,-3.0325,20.321,127.29,34.848,4.4177,-5.3171,-3.5398
-7.6398,-11.122,-1.6312,12.122,-3.0051,-3.749,20.265,130.13,36.467,4.2022,-5.9368,-4.1478
-4.6699,-10.645,-3.4284,10.498,-0.02557,-4.182,20.163,132.26,38.073,4.068,-6.4086,-4.5833
-1.6013,-9.3181,-4.7065,8.3,2.6147,-4.048,20.323,134.45,39.993,4.2833,-6.4498,-4.6762
1.0148,-7.367,-5.2155,5.9187,4.4633,-3.3349,20.916,137.41,42.44,4.9648,-5.9613,-4.4102
2.3317,-5.4809,-4.8421,4.1579,4.9902,-2.2966,21.946,141.57,45.435,6.039,-5.0725,-3.9324
1.6176,-4.4949,-3.6719,3.8406,3.8381,-1.3572,23.29,146.89,48.799,7.2901,-4.0946,-3.4986
-1.377,-5.0486,-1.9871,5.4361,1.0407,-0.95094,24.75,152.88,52.244,8.4614,-3.398,-3.378
-6.2647,-7.3348,-0.19468,8.8489,-2.9192,-1.3509,26.103,158.88,55.528,9.3676,-3.2634,-3.7558
-12.096,-10.987,1.2767,13.423,-7.219,-2.5529,27.219,164.3,58.591,9.9772,-3.7719,-4.6658
-17.581,-15.131,2.0669,18.105,-10.88,-4.2626,28.176,168.91,61.597,10.44,-4.7742,-5.975
-21.373,-18.611,1.9402,21.696,-12.958,-5.9982,29.266,172.9,64.825,11.051,-5.9436,-7.4228
-22.349,-20.361,0.81217,23.15,-12.755,-7.2753,30.853,176.79,68.529,12.159,-6.8899,-8.707
-19.873,-19.782,-1.2423,21.874,-9.9994,-7.7825,33.204,181.3,72.837,14.04,-7.2877,-9.5846
-14.01,-16.959,-3.9911,17.942,-4.9048,-7.4684,36.359,187.16,77.735,16.789,-6.9707,-9.9403
-5.6696,-12.586,-7.0519,12.112,1.7863,-6.5134,40.123,194.87,83.077,20.281,-5.9567,-9.7942
3.4637,-7.6868,-9.9188,5.6399,8.8085,-5.2096,44.15,204.52,88.631,24.233,-4.4055,-9.2579
11.378,-3.3028,-12.012,-0.05127,14.685,-3.8082,48.099,215.74,94.226,28.352,-2.5316,-8.4666
16.393,-0.22412,-12.767,-3.7964,18.168,-2.4109,51.797,227.76,99.845,32.454,-0.51606,-7.5256
17.58,1.2136,-11.774,-4.9961,18.524,-0.94996,55.292,239.47,105.57,36.495,1.5503,-6.4946
14.852,1.1845,-8.9245,-3.6892,15.632,0.7404,58.778,249.88,111.45,40.528,3.6752,-5.4002
8.8958,0.22774,-4.4805,-0.46379,9.9743,2.8043,62.434,258.67,117.43,44.625,5.9233,-4.2551
1.0331,-1.0356,0.95482,3.7509,2.5679,5.2375,66.309,266.45,123.48,48.83,8.3467,-3.0821
-7.105,-2.0989,6.5814,7.9514,-5.2306,7.8291,70.327,274.37,129.68,53.108,10.919,-1.935
-14.062,-2.6399,11.625,11.332,-12.059,10.248,74.375,283.69,136.08,57.316,13.512,-0.89425
-18.9,-2.5742,15.524,13.454,-16.928,12.236,78.361,295.22,142.6,61.266,15.941,-0.025624
-21.141,-1.9433,18.022,14.151,-19.378,13.771,82.206,308.97,149.02,64.842,18.074,0.67749
-20.619,-0.67506,19.155,13.333,-19.37,15.075,85.841,324.15,155.2,68.076,19.927,1.307
-17.454,1.4036,19.182,10.982,-17.129,16.466,89.231,339.62,161.16,71.138,21.676,1.9827
-12.082,4.295,18.473,7.3114,-13.049,18.198,92.416,354.33,167.01,74.257,23.568,2.7753
-5.327,7.6495,17.417,2.8827,-7.7022,20.383,95.506,367.59,172.9,77.633,25.798,3.6749
1.674,10.843,16.339,-1.4841,-1.9076,22.985,98.628,379.15,178.86,81.344,28.407,4.6118
7.737,13.229,15.436,-4.9417,3.3901,25.806,101.87,389.15,184.82,85.303,31.25,5.5061
11.868,14.409,14.883,-6.8343,7.4183,28.55,105.24,398.11,190.59,89.305,34.045,6.3141
13.363,14.454,15.073,-6.8318,9.6255,31.073,108.71,406.83,196.02,93.167,36.536,7.052
11.906,14.017,16.587,-5.0007,9.5761,33.556,112.23,416.17,201.15,96.846,38.664,7.8014
7.6625,14.272,19.906,-1.8225,7.0365,36.289,115.75,426.78,206.17,100.45,40.596,8.7276
1.3163,16.443,25.229,1.8572,2.1561,39.442,119.18,438.71,211.33,104.15,42.599,10.088
-6.0322,20.721,32.392,5.0072,-4.4158,43.119,122.46,451.33,216.84,108.11,44.911,12.178
-13.143,26.075,40.848,6.7498,-11.594,47.436,125.54,463.73,222.76,112.4,47.671,15.212
-18.961,31.903,49.774,6.6909,-18.185,52.427,128.42,475.32,228.99,116.99,50.915,19.22
-22.726,38.359,58.261,4.9151,-23.267,57.941,131.1,486.07,235.35,121.77,54.589,23.991
-23.902,45.474,65.521,1.588,-26.301,63.699,133.62,496.28,241.69,126.66,58.601,29.12
-22.187,53.121,71.146,-3.4063,-27.034,69.471,136.0,506.37,247.96,131.65,62.888,34.165
-17.704,61.252,75.289,-10.276,-25.536,75.191,138.24,516.62,254.16,136.76,67.466,38.843
-11.134,69.794,78.616,-18.847,-22.302,80.985,140.33,527.09,260.32,141.98,72.408,43.097
-3.6066,78.51,81.764,-28.379,-18.197,87.054,142.22,537.52,266.48,147.31,77.785,47.036
3.7047,86.995,84.5,-37.838,-14.19,93.274,143.86,547.47,272.71,152.74,83.643,50.844
9.9845,94.703,85.942,-46.323,-11.057,98.851,145.11,556.49,279.08,158.33,90.023,54.706
14.881,101.0,85.778,-53.35,-9.1989,102.87,145.74,564.39,285.43,164.18,96.889,58.764
18.488,105.35,84.429,-58.952,-8.5377,105.06,145.49,571.17,291.33,170.34,103.98,63.139
21.405,107.65,82.252,-63.583,-8.5132,105.61,144.19,576.9,296.29,176.77,110.81,67.928
24.619,108.28,78.967,-67.814,-8.3049,104.57,141.79,581.48,300.19,183.29,116.97,72.966
29.045,107.85,73.924,-72.049,-7.2028,101.9,138.31,584.74,303.25,189.7,122.43,77.672
35.036,106.96,66.789,-76.361,-4.8817,97.765,133.77,586.56,305.74,195.93,127.49,81.694
42.228,105.93,57.987,-80.464,-1.463,92.724,128.22,587.09,307.84,202.04,132.61,85.28
49.788,104.79,48.649,-83.932,2.5453,87.584,121.94,586.63,309.69,208.3,138.41,88.873
56.823,103.64,40.137,-86.565,6.3914,83.227,115.38,585.38,311.45,215.09,145.62,92.965
62.626,102.91,33.448,-88.426,9.335,80.339,108.94,583.4,313.29,222.83,154.95,98.22
66.859,102.85,28.86,-89.55,10.921,79.07,102.72,580.67,315.35,231.82,166.59,105.41
69.655,103.03,25.913,-89.795,11.134,78.931,96.551,577.18,317.69,242.04,179.82,114.82
71.459,102.73,23.627,-89.097,10.393,79.054,90.064,572.78,320.24,253.15,193.3,125.62
72.834,101.53,20.965,-87.725,9.4443,78.54,82.839,567.11,322.78,264.67,205.95,136.17
74.343,99.52,17.397,-86.134,9.2256,76.871,74.455,559.67,325.09,276.36,217.61,145.24
76.427,97.097,13.128,-84.734,10.832,74.252,64.617,550.25,327.03,288.24,228.95,152.89
79.306,94.808,8.8176,-83.852,15.68,71.328,53.541,539.47,328.66,300.59,240.97,160.02
83.04,93.185,5.1852,-83.78,24.915,68.451,42.393,528.54,330.17,313.74,254.53,167.72
87.7,92.601,2.7773,-84.732,35.713,65.323,32.709,518.3,331.82,328.02,270.08,176.77
93.355,93.164,1.7121,-86.742,43.195,61.548,24.814,508.72,333.74,343.38,287.32,187.43
99.945,94.713,1.3064,-89.6,48.23,57.507,17.679,499.06,335.92,359.19,305.17,199.28
107.31,96.831,-0.005294,-92.913,53.023,54.032,10.157,488.36,338.22,374.34,322.34,211.31
115.22,98.887,-3.4642,-96.248,58.784,51.034,1.7362,475.75,340.47,388.0,338.06,222.5
123.38,100.16,-9.2092,-99.263,66.317,47.17,-7.5217,460.87,342.57,400.28,351.94,232.33
131.53,100.1,-17.212,-101.76,75.749,41.204,-17.457,444.05,344.52,412.19,364.04,240.73
139.58,98.516,-27.398,-103.69,86.571,33.086,-28.088,426.32,346.42,424.88,375.05,247.96
147.57,95.698,-39.642,-105.16,98.36,23.974,-39.389,408.87,348.52,438.91,386.19,254.51
155.49,92.272,-53.881,-106.35,110.96,15.324,-50.971,392.53,351.06,454.05,398.48,261.03
163.12,88.853,-69.328,-107.39,123.81,7.976,-62.276,377.45,354.1,469.68,412.15,268.11
169.91,85.774,-83.905,-108.32,135.6,2.1731,-73.022,363.16,357.49,485.3,426.81,275.96
175.15,83.109,-95.641,-109.09,144.89,-2.15,-83.213,348.86,360.92,500.81,441.76,284.18
178.33,80.813,-103.88,-109.59,150.81,-5.0568,-92.814,333.77,364.12,516.28,455.92,291.97
179.34,78.678,-108.9,-109.63,153.36,-6.4411,-101.57,317.53,366.96,531.67,468.51,298.54
178.45,76.297,-111.2,-109.06,153.15,-6.3175,-109.2,300.58,369.4,546.83,479.51,303.72
176.12,73.25,-111.14,-107.8,150.94,-5.0773,-115.69,283.93,371.53,561.55,489.26,307.7
172.92,69.391,-108.73,-105.94,147.37,-3.3317,-121.23,268.63,373.44,575.55,498.09,310.72
169.46,64.913,-104.14,-103.67,143.2,-1.7606,-125.96,255.22,375.25,588.38,506.03,312.84
166.28,60.144,-98.963,-101.25,139.51,-1.0168,-129.82,243.53,377.03,599.48,512.82,313.95
163.66,55.324,-95.734,-98.872,137.16,-1.5454,-132.73,232.87,378.8,608.22,517.87,313.91
161.65,50.539,-95.801,-96.606,136.33,-3.4317,-134.68,222.43,380.36,614.0,520.55,312.61
160.06,45.733,-98.783,-94.43,136.64,-6.4146,-135.74,211.51,381.29,616.38,520.66,310.19
158.55,40.84,-103.29,-92.273,137.44,-9.9887,-136.01,199.65,380.97,615.36,518.67,307.05
156.7,35.889,-107.58,-90.047,137.93,-13.503,-135.61,186.79,379.06,611.48,515.35,303.73
154.02,31.02,-110.06,-87.665,137.25,-16.278,-134.7,173.36,375.65,605.61,511.25,300.5
150.1,26.455,-109.7,-85.07,134.65,-17.765,-133.43,160.22,371.02,598.45,506.56,297.37
144.82,22.453,-106.32,-82.255,129.88,-17.672,-131.98,148.18,365.28,590.26,501.18,294.13
138.54,19.283,-100.27,-79.294,123.39,-16.028,-130.48,137.55,358.14,580.73,494.76,290.52
131.92,17.169,-92.165,-76.367,115.85,-13.149,-129.0,127.94,349.15,569.21,486.6,286.15
125.45,16.124,-82.832,-73.694,107.8,-9.568,-127.51,118.58,337.95,554.96,476.0,280.59
119.21,15.831,-73.312,-71.351,99.603,-5.9281,-126.0,108.65,324.7,537.6,463.12,273.61
113.04,15.716,-64.563,-69.116,91.688,-2.8592,-124.43,97.662,310.23,517.53,448.98,265.31
106.77,15.167,-57.144,-66.516,84.572,-0.84684,-122.79,85.756,295.45,495.79,434.12,256.08
100.39,13.754,-51.186,-63.061,78.615,-0.12213,-121.12,73.709,280.77,473.4,418.48,246.25
93.957,11.37,-46.557,-58.493,73.9,-0.65173,-119.43,62.319,266.02,450.84,402.09,235.89
87.426,8.3006,-43.009,-52.901,70.248,-2.2001,-117.7,51.799,250.86,428.23,385.03,224.76
80.735,5.1571,-40.388,-46.74,67.459,-4.3839,-115.85,42.029,235.13,405.76,367.07,212.71
74.29,2.5951,-38.702,-40.804,65.763,-6.7265,-113.68,33.017,218.86,383.74,347.88,199.94
69.312,1.0187,-37.706,-35.889,65.772,-8.7495,-111.03,24.946,202.21,362.02,327.45,187.06
66.777,0.48516,-36.894,-32.281,67.356,-10.083,-107.9,18.066,185.32,339.91,306.42,174.92
66.15,0.77175,-35.873,-29.613,69.136,-10.542,-104.4,12.608,168.51,317.2,286.03,164.31
65.678,1.4586,-34.283,-27.116,69.279,-10.137,-100.7,8.609,152.38,294.71,267.53,155.63
63.403,2.0307,-31.734,-23.976,66.406,-9.0385,-96.826,5.811,137.64,273.28,251.56,148.63
58.054,2.0086,-27.974,-19.694,59.984,-7.5353,-92.739,3.7991,124.79,253.26,237.74,142.61
49.509,1.0846,-23.09,-14.304,50.302,-5.9808,-88.361,2.2325,113.93,234.98,225.3,136.76
38.797,-0.80397,-17.647,-8.2976,38.429,-4.7354,-83.656,0.94659,104.78,218.82,213.51,130.32
27.631,-3.4745,-12.633,-2.3502,26.27,-4.1007,-78.652,-0.087666,96.512,204.52,201.66,122.79
17.781,-6.5474,-9.1394,2.8969,16.184,-4.2487,-73.434,-0.87102,88.047,190.93,189.03,114.19
10.484,-9.5693,-7.8291,6.9675,9.8428,-5.1731,-68.152,-1.4666,78.746,176.79,175.24,105.14
5.9952,-12.174,-8.5405,9.6731,7.3944,-6.691,-63.031,-2.0121,68.787,161.5,160.49,96.283
3.6136,-14.186,-10.419,11.169,7.5665,-8.4865,-58.352,-2.6522,58.675,145.27,145.5,87.697
2.26,-15.6,-12.44,11.852,8.5603,-10.177,-54.322,-3.452,48.725,128.8,131.09,79.307
1.1144,-16.508,-13.807,12.174,9.0806,-11.403,-50.938,-4.3474,39.089,113.13,117.89,71.36
-0.26921,-17.028,-14.046,12.515,8.6441,-11.921,-47.966,-5.1581,30.096,99.212,106.37,64.472
-2.2097,-17.283,-12.96,13.155,7.0804,-11.661,-45.062,-5.6549,22.442,87.447,96.649,59.372
-4.8977,-17.373,-10.646,14.212,4.3309,-10.735,-41.919,-5.6523,16.698,77.388,88.355,56.472
-8.161,-17.341,-7.5092,15.564,0.69668,-9.3741,-38.355,-5.0849,12.624,68.107,80.898,55.305
-11.434,-17.153,-4.1624,16.874,-3.145,-7.856,-34.373,-4.0487,9.534,58.956,73.76,54.486
-14.001,-16.729,-1.2405,17.745,-6.3965,-6.423,-30.192,-2.7914,6.9473,50.176,66.829,52.521
-15.295,-15.995,0.785,17.884,-8.4355,-5.2341,-26.137,-1.6356,4.6606,42.528,60.569,48.59
-15.095,-14.937,1.7165,17.194,-8.992,-4.3465,-22.415,-0.85458,2.606,35.737,55.269,42.798
-13.538,-13.62,1.6492,15.785,-8.1616,-3.7273,-18.969,-0.56422,0.76868,28.488,50.333,36.034
-11.02,-12.168,0.89542,13.91,-6.3036,-3.2953,-15.603,-0.69294,-0.84194,20.676,44.95,29.474
-8.0689,-10.744,-0.16266,11.89,-3.9145,-2.9768,-12.242,-1.0321,-2.2145,13.48,38.91,23.876
-5.2356,-9.5204,-1.2006,10.04,-1.5301,-2.7459,-9.0693,-1.3259,-3.3599,7.6083,32.51,19.267
-3.0129,-8.6593,-1.9967,8.631,0.36413,-2.6186,-6.369,-1.3608,-4.322,2.9694,26.037,15.252
-1.7823,-8.2796,-2.4287,7.8758,1.4192,-2.6196,-4.2786,-1.0343,-5.1666,-0.75799,19.575,11.457
-1.7803,-8.4338,-2.438,7.9111,1.4427,-2.7533,-2.7548,-0.38153,-5.9606,-3.8166,13.321,7.8285
-3.0616,-9.0999,-1.979,8.7699,0.37922,-2.9862,-1.6803,0.44745,-6.7585,-6.3845,7.816,4.6683
-5.4652,-10.193,-1.0416,10.359,-1.6606,-3.2595,-0.92034,1.2475,-7.6003,-8.6441,3.5244,2.297
-8.6164,-11.585,0.25042,12.462,-4.3475,-3.5366,-0.33949,1.8247,-8.4985,-10.753,0.3084,0.70929
-11.966,-13.136,1.5839,14.765,-7.1372,-3.852,0.17421,2.0487,-9.4088,-12.789,-2.3307,-0.37668
-14.841,-14.707,2.5042,16.889,-9.3409,-4.3151,0.67254,1.8826,-10.234,-14.77,-4.7807,-1.2934
-16.529,-16.172,2.5416,18.439,-10.268,-5.0632,1.1458,1.3918,-10.883,-16.698,-7.1949,-2.2979
-16.485,-17.432,1.3695,19.104,-9.4371,-6.2002,1.5626,0.72894,-11.324,-18.56,-9.5672,-3.5349
-14.602,-18.45,-1.0414,18.806,-6.8012,-7.7428,1.9082,0.092384,-11.585,-20.31,-11.811,-5.0297
-11.417,-19.284,-4.3142,17.827,-2.9178,-9.5768,2.1956,-0.33267,-11.712,-21.878,-13.814,-6.6972
-8.0696,-20.073,-7.7086,16.773,1.1244,-11.446,2.4542,-0.43522,-11.734,-23.197,-15.484,-8.3719
-5.8518,-20.96,-10.295,16.299,4.0614,-12.99,2.7185,-0.21078,-11.638,-24.222,-16.776,-9.8535
-5.6946,-21.971,-11.133,16.822,4.8544,-13.815,3.0228,0.25033,-11.373,-24.924,-17.691,-10.954
-7.8956,-22.938,-9.5062,18.382,2.9913,-13.556,3.4023,0.81346,-10.876,-25.283,-18.257,-11.539
-12.041,-23.497,-5.2217,20.605,-1.3353,-11.966,3.8887,1.3595,-10.104,-25.285,-18.516,-11.564
-17.051,-23.155,1.2865,22.747,-7.2277,-9.0199,4.4987,1.8225,-9.0713,-24.943,-18.527,-11.092
-21.427,-21.434,9.1109,23.868,-13.321,-4.9727,5.2188,2.1935,-7.8585,-24.316,-18.372,-10.285
-23.718,-18.052,17.112,23.13,-18.202,-0.30796,5.9993,2.5016,-6.5958,-23.501,-18.144,-9.3702
-22.967,-13.119,24.106,20.124,-20.788,4.3851,6.7603,2.7864,-5.4245,-22.611,-17.935,-8.5778
-19.114,-7.2884,29.072,15.162,-20.689,8.5379,7.4104,3.0723,-4.4561,-21.731,-17.81,-8.0887
-13.32,-1.6883,31.517,9.3989,-18.508,11.689,7.8654,3.3509,-3.7447,-20.908,-17.805,-7.9885
-7.6769,2.448,31.77,4.503,-15.519,13.556,8.0717,3.5767,-3.2802,-20.145,-17.925,-8.2542
-4.2352,4.2184,30.882,1.9968,-13.05,14.104,8.0221,3.6796,-2.9988,-19.426,-18.154,-8.7757
-4.1688,3.3297,30.077,2.6594,-12.174,13.54,7.7535,3.5907,-2.8096,-18.729,-18.457,-9.4052
-7.6031,0.16146,30.054,6.2931,-13.417,12.219,7.3294,3.2745,-2.6229,-18.048,-18.788,-10.005
-13.739,-4.3751,30.652,11.85,-16.523,10.523,6.8278,2.7612,-2.3713,-17.382,-19.084,-10.471
-20.818,-9.0783,31.193,17.717,-20.385,8.806,6.3421,2.1607,-2.0167,-16.713,-19.272,-10.739
-26.517,-12.705,30.893,22.22,-23.318,7.3747,5.979,1.6394,-1.5433,-15.989,-19.269,-10.77
-28.916,-14.301,29.049,24.131,-23.873,6.3895,5.836,1.359,-0.94937,-15.142,-19.003,-10.545
-27.098,-13.471,25.418,22.814,-21.5,5.7748,5.9612,1.4104,-0.2448,-14.119,-18.433,-10.061
-21.094,-10.429,20.407,18.318,-16.432,5.3942,6.3245,1.7787,0.54499,-12.916,-17.568,-9.3437
-11.959,-5.8949,14.768,11.536,-9.3885,5.2164,6.819,2.3522,1.3783,-11.588,-16.463,-8.4354
-1.7091,-0.90596,9.2342,4.0362,-1.6316,5.2027,7.2937,2.9572,2.2003,-10.244,-15.223,-7.3978
7.3048,3.3952,4.4329,-2.4461,5.2513,5.1951,7.6038,3.4102,2.9513,-9.0116,-13.972,-6.3028
13.193,6.0417,0.87081,-6.5472,9.8576,4.9858,7.6643,3.5759,3.5862,-7.9921,-12.831,-5.2259
14.967,6.5064,-1.1611,-7.59,11.36,4.4265,7.482,3.4176,4.0983,-7.2075,-11.874,-4.2406
12.648,4.8291,-1.6918,-5.6692,9.7292,3.4784,7.1461,3.0174,4.5322,-6.584,-11.109,-3.4163
7.2232,1.5712,-1.0884,-1.5876,5.7559,2.2047,6.7817,2.5528,4.9689,-5.9846,-10.485,-2.8163
0.40732,-2.397,0.03459,3.4044,0.78643,0.72335,6.4923,2.2343,5.4932,-5.2809,-9.936,-2.4919
-5.9626,-6.1962,0.96358,8.0414,-3.7209,-0.8496,6.3254,2.2258,6.1588,-4.4222,-9.4223,-2.4693
-10.508,-9.1614,1.0403,11.427,-6.4969,-2.4286,6.2629,2.581,6.9644,-3.4619,-8.9634,-2.7374
-12.254,-10.96,-0.15306,13.081,-6.6257,-3.941,6.227,3.2177,7.8415,-2.5337,-8.632,-3.2458
-10.573,-11.593,-2.5846,12.818,-3.8045,-5.2968,6.1031,3.9444,8.6632,-1.8002,-8.5098,-3.9107
-5.7818,-11.202,-5.7119,10.791,1.3554,-6.3806,5.7953,4.5325,9.2883,-1.3938,-8.6311,-4.6187
0.66624,-9.892,-8.7067,7.5165,7.3043,-7.0224,5.2965,4.812,9.6362,-1.3543,-8.9407,-5.2153
6.8295,-7.795,-10.678,3.7761,12.158,-6.9621,4.7189,4.7428,9.7401,-1.5852,-9.2888,-5.5054
10.936,-5.2144,-10.723,0.5077,14.392,-5.9125,4.2557,4.4268,9.7297,-1.8699,-9.4696,-5.3102
11.773,-2.6416,-8.2495,-1.4018,13.132,-3.7454,4.0901,4.0557,9.7557,-1.9606,-9.2953,-4.5612
8.8617,-0.63132,-3.3506,-1.3617,8.3024,-0.66166,4.3047,3.8243,9.9146,-1.6929,-8.6731,-3.3539
2.5304,0.33653,3.2323,0.7954,0.64624,2.7856,4.8355,3.85,10.21,-1.057,-7.6532,-1.926
-6.0995,-0.051452,10.284,4.781,-8.4221,5.8232,5.4906,4.1298,10.562,-0.19582,-6.4285,-0.58538
-15.347,-1.8737,16.34,9.8964,-17.094,7.6872,6.0198,4.5425,10.853,0.6562,-5.2805,0.37894
-23.409,-4.9429,20.059,15.198,-23.616,7.8612,6.2072,4.8875,10.99,1.2641,-4.489,0.7819
-28.823,-8.8174,20.619,19.752,-26.789,6.232,5.9401,4.9495,10.951,1.4748,-4.2404,0.5979
-30.79,-12.858,17.909,22.846,-26.2,3.1172,5.2476,4.5731,10.762,1.2537,-4.5626,-0.041625
-29.298,-16.363,12.551,24.09,-22.163,-0.8607,4.2943,3.7237,10.443,0.67051,-5.318,-0.91357
-24.94,-18.702,5.7848,23.439,-15.57,-4.9348,3.3288,2.5223,9.998,-0.12199,-6.244,-1.7859
-18.588,-19.427,-0.90138,21.078,-7.7718,-8.2751,2.6092,1.2419,9.4688,-0.8915,-7.0125,-2.4596
-11.287,-18.284,-6.1303,17.268,-0.32019,-10.094,2.3388,0.23804,8.9821,-1.362,-7.3016,-2.7599
-4.1721,-15.122,-8.8948,12.39,5.4543,-9.7775,2.6146,-0.18803,8.6909,-1.3175,-6.8757,-2.5334
1.8014,-10.074,-8.7752,7.0078,8.7461,-7.1569,3.3899,0.078724,8.6725,-0.7133,-5.6695,-1.7203
6.0699,-3.7846,-6.0283,1.7935,9.3295,-2.681,4.4768,0.91663,8.8745,0.29243,-3.8428,-0.43914
8.3822,2.6515,-1.5409,-2.5871,7.55,2.6542,5.5938,2.0103,9.1393,1.3984,-1.7556,1.0331
8.7329,7.9818,3.483,-5.5441,4.2687,7.5925,6.4479,2.9558,9.2725,2.2668,0.14049,2.3601
7.401,11.143,7.8303,-6.6743,0.55893,11.025,6.8315,3.3918,9.1068,2.6255,1.4402,3.2397
4.8922,11.531,10.463,-5.8884,-2.6628,12.235,6.6898,3.1196,8.5448,2.344,1.8926,3.4673
1.7902,9.1635,10.778,-3.4403,-4.7805,11.016,6.1228,2.1683,7.5846,1.4681,1.4554,2.969
-1.3742,4.674,8.7921,0.15279,-5.5362,7.7088,5.3268,0.7792,6.3207,0.19843,0.29447,1.8105
-4.2293,-0.91085,5.1118,4.2466,-5.0932,3.0762,4.5198,-0.6908,4.9104,-1.1867,-1.2627,0.18262
-6.632,-6.5288,0.70846,8.2317,-3.9719,-1.9324,3.8828,-1.9006,3.5187,-2.4318,-2.8198,-1.6454
-8.6614,-11.392,-3.3942,11.692,-2.8405,-6.4175,3.5256,-2.6402,2.2676,-3.378,-4.0354,-3.4028
-10.515,-15.122,-6.3724,14.487,-2.2649,-9.7339,3.4657,-2.896,1.1994,-3.9885,-4.7345,-4.8974
-12.338,-17.695,-7.7814,16.661,-2.5276,-11.666,3.6268,-2.8434,0.26575,-4.3331,-4.9504,-6.0576
-14.085,-19.226,-7.6567,18.214,-3.5609,-12.38,3.8714,-2.7611,-0.62532,-4.5525,-4.86,-6.903
-15.472,-19.74,-6.4612,18.994,-4.9688,-12.113,4.0645,-2.904,-1.5236,-4.8005,-4.6638,-7.4653
-16.009,-19.152,-4.8609,18.776,-6.1186,-11.095,4.1415,-3.3911,-2.3941,-5.175,-4.4913,-7.7287
-15.13,-17.404,-3.473,17.363,-6.3439,-9.6213,4.1386,-4.1543,-3.1557,-5.6597,-4.3387,-7.6451
-12.45,-14.593,-2.7201,14.666,-5.2155,-7.9774,4.1641,-4.9686,-3.7428,-6.1253,-4.0757,-7.2032
-8.0907,-11.028,-2.765,10.856,-2.7489,-6.3798,4.3239,-5.553,-4.1349,-6.4104,-3.5548,-6.4755
-2.8348,-7.2549,-3.4848,6.5209,0.53835,-5.0017,4.6474,-5.6887,-4.3568,-6.4226,-2.7334,-5.6188
2.0343,-4.02,-4.5252,2.6207,3.771,-3.9994,5.061,-5.3044,-4.4662,-6.1845,-1.7158,-4.8392
5.1843,-2.0806,-5.4607,0.18386,6.0285,-3.5078,5.4262,-4.5056,-4.5344,-5.808,-0.71523,-4.3363
5.7023,-1.9682,-5.9858,-0.073246,6.666,-3.6164,5.6064,-3.5446,-4.6256,-5.4352,0.020764,-4.2438
3.3685,-3.8138,-6.0219,2.0018,5.5079,-4.3488,5.5208,-2.7359,-4.7848,-5.1883,0.286,-4.5924
-1.2873,-7.284,-5.7136,5.9477,2.8969,-5.6522,5.1675,-2.3439,-5.0326,-5.1441,-0.0285,-5.3046
-7.1137,-11.656,-5.3391,10.831,-0.39051,-7.3797,4.6197,-2.4842,-5.3598,-5.3225,-0.90335,-6.2247
-12.635,-15.989,-5.1764,15.52,-3.3753,-9.2721,4.008,-3.0822,-5.7218,-5.6816,-2.1874,-7.1627
-16.43,-19.296,-5.3649,18.938,-5.1945,-10.947,3.4959,-3.8978,-6.0401,-6.1109,-3.6216,-7.9187
-17.474,-20.715,-5.8151,20.204,-5.3801,-11.915,3.2472,-4.5982,-6.2145,-6.4375,-4.8866,-8.2903
-15.429,-19.665,-6.2102,18.804,-4.0122,-11.711,3.3836,-4.8646,-6.1448,-6.4705,-5.6773,-8.1118
-10.866,-16.085,-6.1216,14.898,-1.7083,-10.111,3.9335,-4.5077,-5.7688,-6.0766,-5.7981,-7.3327
-5.1946,-10.659,-5.2076,9.4571,0.59062,-7.2924,4.8025,-3.5495,-5.1003,-5.2511,-5.2348,-6.069
-0.19326,-4.7097,-3.3963,4.0194,1.97,-3.8239,5.7889,-2.2327,-4.24,-4.1405,-4.1578,-4.5783
2.6319,0.18544,-0.9508,0.16821,1.8555,-0.52408,6.6471,-0.94093,-3.351,-3.0015,-2.861,-3.1834
2.5031,2.6605,1.6009,-0.99965,0.16102,1.7699,7.1765,-0.052514,-2.6056,-2.1083,-1.6664,-2.1795
-0.51125,1.995,3.6242,0.81993,-2.7237,2.4532,7.2967,0.20577,-2.1281,-1.6498,-0.82802,-1.7484
-5.5735,-1.6359,4.5662,5.0976,-6.0357,1.3384,7.0708,-0.16346,-1.9604,-1.6632,-0.45767,-1.9094
-11.287,-7.1985,4.1218,10.641,-8.8424,-1.2965,6.6658,-0.94647,-2.0621,-2.0341,-0.49642,-2.529
-16.111,-13.169,2.3258,15.979,-10.349,-4.8088,6.2812,-1.8145,-2.3397,-2.5576,-0.74641,-3.3764
-18.854,-18.086,-0.44978,19.833,-10.158,-8.3901,6.0797,-2.4518,-2.6852,-3.025,-0.95633,-4.1941
-18.996,-20.991,-3.5949,21.464,-8.3621,-11.295,6.1418,-2.664,-3.0064,-3.294,-0.92047,-4.7619
-16.795,-21.593,-6.4451,20.804,-5.476,-13.035,6.4487,-2.4368,-3.2476,-3.3268,-0.553,-4.9495
-13.127,-20.235,-8.4839,18.416,-2.2442,-13.489,6.8912,-1.9345,-3.4041,-3.1921,0.077985,-4.756
-9.1339,-17.703,-9.4763,15.228,0.60005,-12.888,7.306,-1.4381,-3.5267,-3.0368,0.76371,-4.3206
-5.8639,-14.928,-9.4939,12.217,2.5236,-11.704,7.5302,-1.2398,-3.7035,-3.028,1.2233,-3.8754
-3.9922,-12.733,-8.8405,10.141,3.3049,-10.467,7.4606,-1.53,-4.0145,-3.2836,1.2182,-3.6472
-3.667,-11.629,-7.9129,9.3561,3.0574,-9.5972,7.094,-2.3184,-4.4859,-3.8178,0.66177,-3.7724
-4.5412,-11.701,-7.0638,9.7336,2.1471,-9.2864,6.5317,-3.4257,-5.0764,-4.5281,-0.34454,-4.268
-5.9878,-12.581,-6.5148,10.779,1.023,-9.4599,5.9378,-4.5556,-5.6959,-5.2333,-1.5623,-5.0451
-7.3954,-13.641,-6.322,11.905,0.037371,-9.8745,5.4685,-5.4179,-6.2434,-5.7534,-2.7173,-5.9461
-8.407,-14.381,-6.39,12.723,-0.65834,-10.276,5.2102,-5.8431,-6.6454,-5.9876,-3.6002,-6.8025
-8.9974,-14.672,-6.5364,13.173,-1.1139,-10.514,5.159,-5.8342,-6.8767,-5.9443,-4.1266,-7.4852
-9.3819,-14.688,-6.5828,13.43,-1.5002,-10.566,5.2408,-5.5392,-6.9511,-5.7138,-4.3376,-7.9235
-9.8375,-14.682,-6.4265,13.73,-1.9914,-10.49,5.3562,-5.167,-6.897,-5.4128,-4.3481,-8.0932
-10.533,-14.842,-6.0722,14.22,-2.6576,-10.372,5.4324,-4.8907,-6.7354,-5.1268,-4.2775,-7.9935
-11.423,-15.195,-5.6182,14.875,-3.413,-10.273,5.4566,-4.7839,-6.4748,-4.8728,-4.1955,-7.6373
-12.239,-15.592,-5.2086,15.482,-4.0371,-10.194,5.4717,-4.8102,-6.1222,-4.6015,-4.0963,-7.0611
-12.573,-15.746,-4.9685,15.712,-4.2591,-10.076,5.5382,-4.8618,-5.6994,-4.2364,-3.911,-6.3381
-12.044,-15.342,-4.9488,15.243,-3.8761,-9.814,5.6895,-4.8206,-5.2479,-3.7248,-3.5528,-5.5719
-10.489,-14.167,-5.1012,13.902,-2.8586,-9.307,5.9064,-4.6121,-4.8203,-3.0674,-2.9694,-4.8744
-8.0702,-12.234,-5.3001,11.777,-1.3873,-8.5119,6.1181,-4.2382,-4.4661,-2.3206,-2.1792,-4.3409
-5.2687,-9.8255,-5.4056,9.2366,0.20187,-7.4905,6.227,-3.7807,-4.2236,-1.5836,-1.2808,-4.0369
-2.7351,-7.4547,-5.3405,6.8505,1.5364,-6.4215,6.1417,-3.3754,-4.1187,-0.97373,-0.43477,-3.9941
-1.0749,-5.7126,-5.1416,5.2074,2.336,-5.5648,5.8065,-3.1546,-4.1597,-0.59213,0.1832,-4.2095
-0.65762,-5.0888,-4.958,4.7241,2.5005,-5.1894,5.2239,-3.1852,-4.3264,-0.48666,0.44444,-4.6432
-1.509,-5.8154,-4.9971,5.5137,2.1374,-5.4885,4.4648,-3.4349,-4.5655,-0.62726,0.31724,-5.2176
-3.3058,-7.7826,-5.4403,7.3521,1.525,-6.5068,3.6579,-3.7833,-4.8007,-0.91083,-0.11577,-5.8264
-5.4653,-10.548,-6.359,9.742,1.019,-8.1006,2.9538,-4.0674,-4.9583,-1.1985,-0.67381,-6.3561
-7.3119,-13.439,-7.6583,12.048,0.91691,-9.9448,2.4789,-4.1398,-4.9935,-1.3654,-1.1227,-6.7101
-8.2878,-15.733,-9.0653,13.664,1.3205,-11.593,2.2984,-3.9171,-4.9033,-1.3378,-1.2448,-6.8255
-8.1591,-16.848,-10.174,14.178,2.0546,-12.59,2.4013,-3.4042,-4.7242,-1.109,-0.92567,-6.6844
-7.1492,-16.52,-10.556,13.524,2.7031,-12.627,2.7035,-2.6924,-4.5214,-0.73907,-0.22016,-6.3236
-5.8977,-14.92,-9.9112,12.076,2.7684,-11.654,3.0678,-1.9404,-4.3731,-0.33736,0.65186,-5.8387
-5.2053,-12.649,-8.2124,10.555,1.8776,-9.9175,3.3426,-1.3396,-4.3504,-0.02846,1.3923,-5.3717
-5.7102,-10.569,-5.7438,9.7542,-0.073619,-7.9052,3.4156,-1.063,-4.4963,0.087777,1.7428,-5.0821
-7.6727,-9.5243,-3.0505,10.24,-2.8753,-6.2184,3.2557,-1.2062,-4.8136,-0.032267,1.5718,-5.1042
-10.899,-10.065,-0.80022,12.157,-6.0315,-5.3958,2.914,-1.7474,-5.2705,-0.36654,0.90285,-5.5047
-14.767,-12.238,0.41942,15.179,-8.8556,-5.7296,2.4865,-2.5455,-5.8157,-0.84213,-0.11106,-6.2549
-18.351,-15.525,0.29835,18.585,-10.653,-7.1545,2.0717,-3.3755,-6.3908,-1.3627,-1.2463,-7.2335
-20.674,-18.972,-1.0855,21.447,-10.951,-9.2536,1.7465,-3.999,-6.938,-1.834,-2.2759,-8.2591
-21.028,-21.488,-3.2709,22.907,-9.6953,-11.352,1.5578,-4.2452,-7.4072,-2.1788,-3.0242,-9.1346
-19.247,-22.193,-5.516,22.459,-7.303,-12.689,1.522,-4.0723,-7.7628,-2.3435,-3.3925,-9.6788
-15.796,-20.672,-6.985,20.108,-4.5449,-12.651,1.6275,-3.5799,-7.9887,-2.3025,-3.3589,-9.7483
-11.617,-17.099,-7.0252,16.367,-2.2804,-10.988,1.8395,-2.9682,-8.0949,-2.071,-2.9761,-9.2714
-7.7988,-12.197,-5.424,12.101,-1.1797,-7.9194,2.1053,-2.4625,-8.1228,-1.7145,-2.3696,-8.2865
-5.2323,-7.0401,-2.4869,8.2727,-1.5298,-4.0869,2.3628,-2.2352,-8.1426,-1.3431,-1.7142,-6.955
-4.3674,-2.762,1.0601,5.6626,-3.1553,-0.36862,2.5535,-2.3526,-8.2371,-1.0867,-1.1879,-5.5351
-5.1237,-0.25169,4.271,4.6605,-5.4585,2.3665,2.638,-2.7662,-8.4788,-1.0596,-0.92572,-4.3256
-6.9546,0.083712,6.251,5.1957,-7.602,3.4926,2.6069,-3.3497,-8.9127,-1.3301,-0.99564,-3.5929
-9.0581,-1.5856,6.4238,6.815,-8.8093,2.7883,2.4756,-3.9651,-9.5512,-1.9053,-1.3981,-3.5001
-10.664,-4.6199,4.6801,8.8761,-8.6367,0.47392,2.2657,-4.5248,-10.379,-2.7357,-2.0804,-4.0625
-11.27,-8.1872,1.3885,10.776,-7.0742,-2.8906,1.9881,-5.0231,-11.363,-3.7385,-2.9558,-5.1509
-10.758,-11.526,-2.7218,12.11,-4.4738,-6.5881,1.6496,-5.5257,-12.455,-4.8224,-3.9221,-6.536
-9.3825,-14.064,-6.8179,12.72,-1.3764,-9.9234,1.2706,-6.1271,-13.601,-5.9053,-4.8776,-7.9487
-7.5458,-15.449,-10.259,12.639,1.7198,-12.363,0.89175,-6.9007,-14.742,-6.9242,-5.7365,-9.1438
-5.3597,-15.553,-12.757,11.876,4.5988,-13.629,0.56116,-7.8622,-15.834,-7.8408,-6.4411,-9.9599
-2.5181,-14.397,-14.355,10.272,7.3815,-13.727,0.31788,-8.9576,-16.855,-8.6409,-6.9676,-10.357
1.2767,-12.097,-15.288,7.6722,10.272,-12.881,0.18042,-10.069,-17.801,-9.3254,-7.3219,-10.407
5.879,-8.9337,-15.781,4.2178,13.229,-11.417,0.14532,-11.033,-18.662,-9.8941,-7.5247,-10.246
10.604,-5.4091,-15.887,0.43822,15.878,-9.662,0.19593,-11.676,-19.378,-10.332,-7.5938,-10.008
14.326,-2.1973,-15.423,-2.8228,17.575,-7.8653,0.31332,-11.868,-19.83,-10.61,-7.536,-9.7953
15.711,-0.0060903,-14.037,-4.5746,17.458,-6.1886,0.47372,-11.592,-19.888,-10.705,-7.3582,-9.6607
13.643,0.5949,-11.387,-3.9645,14.678,-4.7286,0.63442,-10.98,-19.509,-10.634,-7.0872,-9.6037
7.674,-0.66737,-7.3652,-0.61698,8.8853,-3.5454,0.73982,-10.261,-18.788,-10.458,-6.7769,-9.5742
-1.6401,-3.6642,-2.2487,5.138,0.67382,-2.6784,0.75964,-9.6501,-17.897,-10.249,-6.4895,-9.4948
-12.785,-7.842,3.3346,12.328,-8.586,-2.1341,0.72227,-9.2479,-16.98,-10.047,-6.2622,-9.2862
-23.739,-12.301,8.5848,19.621,-17.309,-1.8539,0.71322,-9.0165,-16.094,-9.8294,-6.0773,-8.8782
-32.422,-15.987,12.733,25.583,-24.042,-1.7018,0.84587,-8.8095,-15.225,-9.5167,-5.8544,-8.216
-37.078,-17.962,15.213,28.938,-27.665,-1.4898,1.2189,-8.4442,-14.338,-9.019,-5.4719,-7.2732
-36.917,-17.664,15.791,28.971,-27.693,-1.0237,1.8748,-7.7868,-13.402,-8.2809,-4.8165,-6.0688
-32.48,-15.052,14.677,25.831,-24.486,-0.14185,2.7767,-6.8177,-12.412,-7.3167,-3.8446,-4.6742
-25.245,-10.555,12.513,20.407,-19.156,1.2677,3.8127,-5.6534,-11.398,-6.2234,-2.6255,-3.2065
-17.052,-4.8216,10.168,13.952,-13.153,3.261,4.8271,-4.5186,-10.43,-5.1665,-1.3426,-1.8111
-9.6974,1.4886,8.4413,7.7685,-7.7796,5.8204,5.6725,-3.6663,-9.6045,-4.3313,-0.24304,-0.63339
-4.559,7.682,7.776,2.8785,-3.9513,8.8254,6.2653,-3.2729,-8.9922,-3.8539,0.44735,0.21667
-2.1368,13.148,8.1332,-0.31864,-2.0793,12.077,6.6234,-3.361,-8.601,-3.7599,0.61203,0.69821
-1.8703,17.824,9.123,-2.2368,-1.8895,15.408,6.8675,-3.7833,-8.3686,-3.9424,0.29292,0.85952
-2.4682,22.333,10.303,-3.9527,-2.5685,18.786,7.1804,-4.2752,-8.1895,-4.1972,-0.32266,0.83023
-2.5465,27.578,11.404,-6.724,-3.2499,22.335,7.7418,-4.5527,-7.9571,-4.3034,-0.97041,0.7823
-1.2039,34.236,12.383,-11.38,-3.3698,26.291,8.6737,-4.4187,-7.6009,-4.1078,-1.4011,0.87498
1.7264,42.456,13.341,-17.879,-2.7259,30.898,10.016,-3.8368,-7.1069,-3.5769,-1.4622,1.2048
5.7691,51.807,14.437,-25.369,-1.366,36.243,11.726,-2.9453,-6.5163,-2.7995,-1.1419,1.7762
10.089,61.286,15.877,-32.681,0.52214,42.057,13.673,-1.999,-5.9006,-1.9459,-0.55915,2.5071
13.769,69.521,17.906,-38.725,2.6373,47.646,15.633,-1.2631,-5.3252,-1.1994,0.10332,3.2787
16.104,75.559,20.65,-42.834,4.5993,52.248,17.324,-0.90567,-4.818,-0.68376,0.68793,4.0056
16.927,79.422,23.849,-45.196,6.0575,55.507,18.534,-0.93339,-4.3578,-0.40709,1.1294,4.6835
16.559,81.829,26.961,-46.84,6.7767,57.587,19.247,-1.1936,-3.8817,-0.24957,1.4799,5.3986
15.41,83.601,29.963,-48.949,6.6018,59.042,19.63,-1.4397,-3.311,-0.00474,1.896,6.3138
13.71,85.252,33.555,-51.97,5.3378,60.656,19.901,-1.4366,-2.5829,0.54073,2.5983,7.6369
11.464,86.974,38.543,-55.306,2.7238,63.24,20.19,-1.0651,-1.6785,1.5269,3.8155,9.5635
8.4702,88.9,45.352,-58.026,-1.3772,67.377,20.517,-0.37769,-0.63313,2.9743,5.7294,12.197
4.5434,91.247,53.861,-59.747,-6.7399,73.191,20.905,0.41202,0.47321,4.7855,8.4284,15.497
-0.035289,94.222,63.482,-60.716,-12.767,80.338,21.503,1.0062,1.5478,6.7954,11.879,19.334
-4.2805,97.98,73.4,-61.502,-18.673,88.219,22.471,1.1362,2.5263,8.8544,15.928,23.581
-6.8038,102.69,82.798,-62.653,-23.658,96.177,23.572,0.65962,3.3992,10.902,20.334,28.129
-6.2922,108.43,90.935,-64.498,-27.081,103.6,23.834,-0.39922,4.2016,12.978,24.824,32.825
-2.0405,114.87,97.222,-67.282,-28.574,110.06,21.863,-1.874,4.9734,15.154,29.162,37.486
5.2997,121.35,101.39,-71.289,-28.116,115.4,16.77,-3.5259,5.7175,17.438,33.222,41.974
13.737,127.67,103.45,-76.531,-25.997,119.7,8.8034,-5.1267,6.3881,19.736,37.02,46.237
21.227,134.08,103.39,-82.474,-22.46,123.17,-0.92344,-6.5243,6.9213,21.886,40.672,50.295
27.021,140.53,101.17,-88.526,-17.623,125.88,-11.262,-7.6735,7.2818,23.738,44.298,54.24
31.639,146.42,96.928,-94.647,-11.599,127.63,-21.405,-8.6229,7.4825,25.218,47.936,58.204
36.796,152.24,91.279,-101.25,-4.6602,128.66,-30.488,-9.4736,7.5571,26.322,51.494,62.235
44.017,159.48,85.219,-108.49,2.5895,129.98,-37.354,-10.333,7.5212,27.052,54.788,66.179
53.041,168.13,79.773,-115.51,9.0792,132.11,-41.448,-11.277,7.3583,27.381,57.641,69.773
62.17,176.08,75.822,-120.57,13.321,134.3,-43.66,-12.326,7.0305,27.27,59.934,72.782
68.954,180.28,73.954,-122.21,13.988,135.12,-45.192,-13.427,6.496,26.684,61.61,75.036
70.742,178.08,73.941,-119.56,10.574,133.24,-46.252,-14.464,5.7244,25.597,62.645,76.415
65.428,167.76,74.57,-112.15,3.713,127.89,-46.679,-15.312,4.7105,23.993,63.029,76.858
52.689,149.41,74.408,-100.68,-4.9676,118.93,-46.571,-15.912,3.4841,21.887,62.739,76.368
35.785,126.37,72.437,-87.566,-13.338,106.97,-46.166,-16.332,2.1109,19.361,61.707,74.979
20.431,104.13,68.06,-75.488,-19.262,93.432,-45.666,-16.774,0.68233,16.593,59.818,72.738
12.089,87.303,61.052,-66.14,-21.101,80.457,-45.16,-17.502,-0.71099,13.816,57.047,69.806
13.155,78.339,51.761,-61.013,-18.229,70.212,-44.642,-18.736,-2.0241,11.202,53.715,66.699
22.051,77.254,41.197,-61.267,-11.265,63.615,-44.06,-20.562,-3.3112,8.7572,50.349,64.138
34.482,81.17,30.66,-65.604,-1.9289,59.842,-43.355,-22.884,-4.7474,6.3719,47.015,62.302
45.245,85.48,21.165,-70.566,7.5273,56.981,-42.441,-25.449,-6.5768,3.9508,43.186,60.651
50.356,86.477,13.164,-72.973,15.092,53.302,-41.202,-27.964,-9.0024,1.4826,38.295,58.333
49.112,82.822,6.6331,-70.881,19.474,48.228,-39.533,-30.219,-12.107,-1.0059,32.189,54.569
43.834,74.941,1.4046,-63.594,20.272,41.602,-37.414,-32.167,-15.858,-3.51,25.246,49.037
36.293,64.161,-2.5864,-52.894,17.896,32.783,-34.99,-33.91,-20.16,-6.0501,18.151,42.06
27.552,52.344,-5.2734,-42.156,13.429,22.349,-32.582,-35.661,-24.922,-8.6365,11.505,34.376
19.127,41.623,-6.5827,-33.393,8.2731,13.099,-30.594,-37.665,-30.077,-11.239,5.653,26.735
12.726,33.401,-6.6154,-27.633,3.6921,6.6775,-29.333,-40.108,-35.506,-13.779,0.78849,19.702
9.5715,28.077,-5.6647,-24.924,0.55907,3.14,-28.85,-43.006,-40.899,-16.133,-2.9571,13.7
9.7325,25.419,-4.0947,-24.065,-0.73334,2.1554,-28.909,-46.14,-45.771,-18.153,-5.5427,9.0057
11.863,24.733,-2.2688,-23.689,-0.39084,3.1582,-29.116,-49.117,-49.688,-19.705,-7.0619,5.6468
14.068,24.594,-0.56344,-22.705,0.95421,5.2386,-29.104,-51.544,-52.512,-20.715,-7.7232,3.4327
15.166,23.511,0.61725,-20.475,2.6802,7.3003,-28.661,-53.215,-54.412,-21.221,-7.8011,2.1336
15.118,21.159,0.89875,-17.41,4.3786,8.3831,-27.753,-54.175,-55.711,-21.387,-7.5962,1.4987
14.148,17.745,0.054172,-14.055,5.7793,7.8515,-26.473,-54.636,-56.718,-21.455,-7.3994,1.1635
12.058,13.046,-1.8952,-10.139,6.6819,5.5045,-24.981,-54.841,-57.622,-21.642,-7.4452,0.75376
8.7054,7.0385,-4.6454,-5.3314,6.9968,1.6889,-23.43,-54.943,-58.464,-22.046,-7.8562,0.073171
4.436,0.47568,-7.6475,0.039198,6.7595,-2.7581,-21.913,-54.959,-59.168,-22.613,-8.6026,-0.83841
0.0054625,-5.3828,-10.234,5.107,6.0783,-6.8054,-20.485,-54.806,-59.627,-23.179,-9.5151,-1.7728
-3.7533,-9.4013,-11.813,8.9337,5.0719,-9.5734,-19.238,-54.422,-59.77,-23.546,-10.349,-2.4703
-6.2683,-11.045,-12.048,10.943,3.8356,-10.582,-18.333,-53.894,-59.618,-23.568,-10.873,-2.7296
-7.4094,-10.495,-10.927,11.132,2.4468,-9.8614,-17.924,-53.468,-59.291,-23.205,-10.939,-2.4788
-7.458,-8.4184,-8.731,9.9612,0.98092,-7.8418,-18.073,-53.398,-58.956,-22.538,-10.538,-1.7927
-6.9503,-5.6406,-5.9407,8.1369,-0.49241,-5.1297,-18.704,-53.711,-58.732,-21.757,-9.8089,-0.85067
-6.4682,-2.9293,-3.1161,6.4156,-1.8914,-2.3473,-19.52,-54.135,-58.634,-21.116,-9.0157,0.13032
-6.3604,-0.86962,-0.79221,5.3415,-3.0223,0.0061569,-19.943,-54.257,-58.613,-20.895,-8.4731,0.9463
-6.4695,0.33631,0.63677,4.9623,-3.5271,1.6999,-19.239,-53.681,-58.621,-21.309,-8.4506,1.4377
-6.1949,1.0015,1.0456,4.8374,-3.0231,2.8634,-16.861,-51.929,-58.64,-22.319,-9.0567,1.5129
-4.9256,1.8282,0.64334,4.3663,-1.3025,4.0075,-13.014,-48.206,-58.653,-23.182,-10.072,1.166
-2.4324,3.6655,-0.059412,3.137,1.5098,5.9331,-9.3039,-42.817,-58.584,-22.756,-10.634,0.47488
0.96062,7.3448,-0.35363,1.1295,4.8999,9.3103,-8.4779,-44.605,-58.215,-21.974,-9.6403,-0.46617
4.4206,13.527,0.41146,-1.2809,8.0322,13.852,-14.344,-62.335,-57.14,-22.155,-8.333,-1.6801
6.8457,22.082,2.3484,-3.5105,9.8695,18.452,-28.181,-78.642,-56.824,-23.424,-8.9125,-3.2578
7.2176,31.41,5.3393,-5.0366,9.3971,22.463,-38.339,-86.749,-66.133,-26.468,-9.6273,-5.017
4.968,39.316,10.321,-5.7708,5.9702,25.612,-37.648,-88.721,-72.703,-35.493,-8.2865,-6.4549
0.22252,44.376,18.781,-6.6454,-0.40506,28.054,-27.826,-81.53,-76.787,-52.208,-18.707,-10.968
-6.1902,45.065,31.375,-10.154,-9.0724,32.319,-10.529,-61.147,-78.518,-75.333,-37.798,-17.069
-12.966,38.772,47.696,-17.006,-19.018,42.318,11.941,-26.13,-76.548,-102.76,-66.887,-24.36
-19.519,38.23,66.784,-10.265,-29.402,57.246,36.441,20.642,-69.044,-129.86,-98.241,-33.505
-40.455,51.445,87.474,-1.9458,-42.931,73.571,61.459,73.557,-53.309,-149.25,-119.48,-44.35
-50.122,68.396,107.92,-9.1253,-67.107,89.371,87.213,127.27,-25.806,-151.47,-122.63,-53.07
-46.499,86.513,126.98,-20.182,-79.266,105.15,112.75,177.98,17.707,-126.41,-101.11,-51.627
-38.276,105.94,144.58,-34.667,-85.69,122.18,134.56,223.39,81.484,-64.413,-48.004,-31.868
-28.052,127.83,159.15,-52.433,-89.898,141.33,149.53,262.25,169.52,42.589,43.39,13.413
-12.588,155.15,171.24,-75.838,-89.935,163.51,159.64,294.26,285.38,199.22,178.66,90.135
15.157,193.3,179.3,-109.19,-81.724,188.53,167.32,320.56,429.68,406.25,360.63,197.06
59.214,242.67,181.04,-154.73,-62.209,213.9,172.83,342.08,597.14,661.5,588.65,334.35
120.37,298.25,173.07,-212.26,-29.072,236.99,173.69,358.1,776.42,957.8,860.21,500.46
200.41,357.09,151.48,-280.82,22.2,255.14,164.43,367.47,953.46,1284.6,1170.9,691.62
299.63,416.7,113.26,-358.62,94.125,266.12,136.92,368.01,1116.6,1630.9,1513.3,903.14
414.61,472.42,54.744,-441.77,184.72,265.91,81.802,358.93,1261.2,1988.5,1879.1,1129.4
541.93,516.48,-28.366,-524.75,292.92,247.97,-8.9585,341.03,1390.7,2353.4,2259.4,1363.0
676.22,539.11,-138.49,-600.74,416.33,205.62,-139.11,315.94,1515.3,2724.1,2643.3,1594.2
806.6,530.33,-276.58,-660.82,550.3,132.91,-305.24,286.25,1650.4,3098.0,3015.7,1809.7
921.3,481.89,-440.65,-695.32,688.3,26.546,-496.18,253.24,1809.6,3467.2,3355.6,1993.0
1011.2,392.28,-622.9,-698.11,822.2,-110.1,-695.79,214.53,1996.5,3814.3,3635.8,2126.3
1070.6,270.97,-807.65,-669.83,941.85,-264.76,-886.85,164.03,2198.8,4109.9,3824.1,2193.5
1096.1,136.32,-971.99,-616.9,1034.5,-417.44,-1053.6,92.332,2386.4,4312.8,3887.6,2182.8
1083.6,8.7335,-1090.4,-546.46,1086.2,-545.01,-1183.2,-11.45,2515.8,4375.7,3798.3,2089.9
1028.8,-97.261,-1142.7,-462.82,1085.4,-628.05,-1266.9,-155.08,2540.9,4256.7,3542.2,1919.4
931.81,-175.05,-1120.8,-370.14,1027.9,-656.71,-1301.6,-337.09,2427.0,3934.2,3126.8,1684.7
800.22,-222.75,-1031.1,-275.56,919.34,-633.51,-1289.7,-543.12,2162.5,3418.4,2585.0,1406.6
645.59,-243.47,-892.22,-186.1,773.96,-571.41,-1238.2,-747.96,1766.4,2754.9,1972.3,1110.4
482.08,-245.19,-728.29,-105.64,610.88,-487.59,-1156.4,-922.15,1285.2,2018.7,1357.2,822.27
326.1,-235.05,-562.86,-37.762,449.88,-398.01,-1054.8,-1040.3,782.47,1297.8,806.6,565.04
192.99,-216.05,-414.26,13.388,307.79,-314.37,-943.69,-1087.8,324.13,673.08,371.2,354.59
89.818,-189.81,-293.94,46.372,196.52,-242.74,-831.31,-1063.5,-36.541,201.02,75.017,199.03
36.921,-157.77,-206.39,60.909,121.97,-184.43,-723.1,-978.63,-269.52,-96.281,-85.421,98.449
27.71,-122.3,-149.63,57.611,79.329,-138.25,-620.78,-852.23,-372.54,-231.26,-135.89,45.037
33.557,-87.332,-116.08,42.082,62.67,-102.4,-523.32,-706.1,-367.96,-242.84,-115.46,25.934
42.787,-58.733,-95.567,23.622,61.489,-75.194,-433.0,-558.91,-293.55,-181.84,-63.261,26.926
48.839,-38.93,-78.503,9.2376,61.565,-55.095,-352.93,-422.7,-191.0,-96.03,-11.433,32.964
46.342,-26.804,-61.005,3.9238,54.181,-40.923,-282.01,-304.37,-94.55,-19.911,21.935,35.633
33.572,-20.662,-43.376,5.2869,37.321,-29.898,-220.31,-210.01,-20.31,24.451,35.713,32.431
13.102,-18.905,-27.73,7.7521,17.318,-21.898,-169.41,-141.97,29.115,40.162,34.148,24.299
-8.1038,-18.88,-17.265,11.867,1.9104,-17.125,-129.69,-95.852,53.909,37.931,23.861,13.973
-15.34,-17.826,-13.445,15.986,-1.5841,-14.978,-99.939,-64.912,58.319,29.22,5.9914,7.1986
-17.29,-18.349,-16.372,18.473,-4.045,-14.469,-78.16,-44.986,49.612,21.099,-1.1226,1.2404
-15.281,-19.284,-16.05,18.514,-1.95,-13.979,-62.02,-33.408,38.77,13.116,-4.5598,-3.7406
-9.8936,-18.459,-16.492,16.055,3.5066,-14.216,-48.88,-26.4,30.971,7.023,-5.5118,-5.475
-2.5393,-15.656,-17.74,11.611,9.6494,-14.111,-36.908,-19.982,26.52,-0.19272,-5.2746,-5.8012
4.752,-11.411,-18.058,6.2741,14.433,-12.722,-25.733,-12.275,19.82,-0.45087,-4.5341,-5.4251
10.018,-6.6551,-16.675,1.4286,16.605,-10.115,-16.07,-3.0415,18.96,0.87141,-3.8195,-4.8035
12.038,-2.4887,-13.589,-1.7019,15.802,-6.8589,-9.8688,4.4667,21.063,1.5861,-3.5544,-4.2499
10.503,0.067548,-9.3561,-2.3371,12.345,-3.7502,-6.1313,8.3316,21.736,1.3541,-3.8139,-4.0149
5.8393,0.3374,-4.8896,-0.27579,7.0387,-1.5554,-0.29299,12.151,21.132,0.43511,-4.5924,-4.2819
-0.96832,-1.8149,-1.1209,4.0792,0.96983,-0.78201,3.7729,15.63,19.604,-0.86612,-5.8283,-5.0968
-8.6448,-5.9446,1.3203,9.8607,-4.7977,-1.5253,5.5423,18.396,17.616,-2.38,-7.3896,-6.346
-15.95,-11.155,2.2613,16.003,-9.4662,-3.4531,6.0952,20.295,15.572,-3.9262,-9.1109,-7.8088
-21.898,-16.353,2.0038,21.495,-12.647,-5.9356,6.1805,21.43,13.738,-5.3113,-10.826,-9.238
-25.898,-20.539,1.1636,25.557,-14.387,-8.2546,6.2588,22.143,12.233,-6.3973,-12.391,-10.435
-27.778,-23.02,0.34801,27.737,-14.981,-9.7997,6.5666,22.872,11.048,-7.1379,-13.697,-11.304
-27.669,-23.507,-0.059029,27.931,-14.722,-10.202,7.1382,23.958,10.084,-7.5638,-14.684,-11.865
-25.86,-22.091,0.069858,26.31,-13.792,-9.4012,7.8549,25.538,9.2125,-7.7444,-15.336,-12.209
-22.707,-19.108,0.62522,23.228,-12.285,-7.6298,8.5283,27.562,8.355,-7.7512,-15.673,-12.423
-18.585,-15.058,1.2991,19.142,-10.231,-5.3265,8.9855,29.888,7.5311,-7.6297,-15.727,-12.537
-13.828,-10.596,1.676,14.553,-7.6113,-3.0158,9.1345,32.364,6.8389,-7.3841,-15.523,-12.53
-8.754,-6.4755,1.3735,9.9732,-4.4295,-1.2052,9.0029,34.866,6.3903,-6.9836,-15.068,-12.347
-3.7833,-3.3945,0.18117,5.9435,-0.82702,-0.28516,8.7352,37.306,6.2655,-6.392,-14.362,-11.941
0.45566,-1.8461,-1.8447,3.0549,2.8132,-0.43573,8.5438,39.656,6.4973,-5.5979,-13.405,-11.297
3.1666,-2.0273,-4.3518,1.8428,5.8596,-1.5834,8.6342,41.965,7.068,-4.623,-12.207,-10.442
3.6226,-3.8189,-6.7463,2.5983,7.5597,-3.4238,9.1374,44.354,7.9116,-3.5128,-10.793,-9.4326
1.4913,-6.8107,-8.3401,5.2244,7.2985,-5.4947,10.063,46.94,8.9249,-2.3214,-9.2151,-8.3411
-2.9491,-10.378,-8.5953,9.2068,4.8953,-7.2906,11.288,49.751,9.9904,-1.0993,-7.557,-7.2317
-8.8315,-13.807,-7.354,13.728,0.75195,-8.3923,12.582,52.689,11.011,0.11888,-5.9272,-6.1464
-14.935,-16.432,-4.9087,17.89,-4.2351,-8.5728,13.695,55.571,11.944,1.3236,-4.424,-5.0945
-19.964,-17.748,-1.9063,20.886,-8.8737,-7.8353,14.455,58.178,12.799,2.5258,-3.1009,-4.0641
-22.718,-17.459,0.84732,22.042,-11.939,-6.3794,14.824,60.297,13.614,3.7318,-1.9604,-3.0543
-22.257,-15.472,2.6216,20.867,-12.497,-4.5233,14.875,61.762,14.402,4.9143,-0.98074,-2.1063
-18.131,-11.941,2.9624,17.215,-10.134,-2.6153,14.725,62.52,15.13,6.0026,-0.1545,-1.3121
-10.613,-7.3545,1.8086,11.455,-5.0563,-0.95974,14.466,62.673,15.721,6.9034,0.49043,-0.79544
0.21193,9.4445,5.1933,-2.5209,2.1755,11.192,38.679,96.812,45.858,33.271,19.283,16.88
25.873,21.838,-7.9941,-21.671,21.784,10.709,38.691,88.34,44.044,32.044,18.414,15.439
43.618,29.829,-17.667,-34.516,35.618,9.7048,38.304,80.811,39.664,28.792,15.534,11.055
47.377,30.087,-21.085,-36.363,39.224,7.9286,36.615,76.001,33.6,24.43,10.656,4.4696
35.852,20.984,-18.581,-25.823,32.11,4.4587,32.893,74.287,27.182,20.106,4.6863,-2.8918
12.086,3.036,-12.679,-4.7891,17.085,-1.6736,27.019,74.853,21.86,16.877,-0.66669,-9.3177
-19.461,-22.231,-6.313,23.629,-2.1233,-11.191,19.497,76.15,18.695,15.309,-3.6046,-13.444
-55.445,-53.432,-1.4432,56.983,-22.841,-24.433,11.119,76.582,17.991,15.294,-3.0668,-14.771
-93.933,-89.218,1.3456,93.627,-43.801,-41.066,2.5555,75.26,19.274,16.27,0.78625,-13.761
-133.29,-127.48,2.5208,131.78,-64.404,-59.8,-5.9056,72.432,21.565,17.597,6.6021,-11.544
