I,II,III,aVR,aVL,aVF,V1,V2,V3,V4,V5,V6
-69.228,-99.715,-41.788,76.084,-19.294,-74.238,85.495,-59.346,-87.598,-97.659,-89.039,-85.751
-71.034,-102.23,-42.272,79.345,-19.354,-75.17,84.003,-58.732,-89.177,-95.891,-90.116,-84.418
-72.166,-103.26,-41.952,81.298,-19.54,-75.006,82.61,-58.31,-90.462,-94.419,-90.092,-82.404
-72.306,-102.08,-40.405,81.286,-19.915,-73.221,81.365,-58.15,-91.293,-93.45,-88.472,-79.433
-71.561,-99.016,-37.869,79.549,-20.382,-70.16,80.297,-58.203,-91.692,-93.051,-85.579,-75.697
-70.238,-95.16,-35.118,76.917,-20.683,-66.782,79.459,-58.247,-91.701,-93.082,-82.325,-71.732
-68.569,-91.626,-33.035,74.251,-20.516,-64.078,78.91,-57.915,-91.21,-93.168,-79.702,-68.224
-66.633,-88.992,-32.121,72.024,-19.725,-62.54,78.616,-56.846,-89.974,-92.781,-78.298,-65.779
-64.428,-87.142,-32.261,70.208,-18.421,-61.964,78.352,-54.914,-87.82,-91.462,-78.089,-64.71
-61.989,-85.521,-32.865,68.465,-16.942,-61.68,77.728,-52.358,-84.868,-89.085,-78.558,-64.917
-59.556,-83.656,-33.221,66.555,-15.738,-61.031,76.362,-49.714,-81.597,-85.983,-79.029,-65.916
-40.798,-61.795,-23.994,49.245,-12.828,-43.021,49.136,-37.595,-58.473,-58.164,-49.537,-42.528
-40.557,-61.245,-23.667,48.966,-12.94,-42.444,48.536,-36.647,-57.847,-57.211,-48.965,-42.18
-40.384,-60.693,-23.287,48.697,-13.181,-41.84,47.912,-35.715,-57.148,-56.239,-48.356,-41.853
-40.241,-60.14,-22.862,48.428,-13.467,-41.225,47.273,-34.806,-56.399,-55.259,-47.721,-41.541
-40.068,-59.571,-22.417,48.134,-13.689,-40.613,46.634,-33.904,-55.613,-54.271,-47.067,-41.238
-39.81,-58.967,-21.981,47.791,-13.754,-40.008,46.008,-32.98,-54.788,-53.271,-46.395,-40.94
-39.441,-58.313,-21.581,47.382,-13.63,-39.409,45.404,-32.016,-53.924,-52.25,-45.696,-40.641
-38.971,-57.6,-21.223,46.902,-13.347,-38.803,44.823,-31.007,-53.025,-51.199,-44.961,-40.332
-38.432,-56.815,-20.892,46.351,-12.983,-38.169,44.265,-29.96,-52.092,-50.108,-44.177,-39.999
-37.855,-55.94,-20.552,45.727,-12.624,-37.474,43.731,-28.875,-51.124,-48.961,-43.332,-39.62
-37.264,-54.954,-20.157,45.025,-12.332,-36.688,43.224,-27.751,-50.103,-47.745,-42.412,-39.174
-36.662,-53.845,-19.674,44.243,-12.124,-35.795,42.742,-26.589,-49.01,-46.451,-41.412,-38.649
-36.034,-52.619,-19.093,43.378,-11.96,-34.8,42.271,-25.395,-47.824,-45.083,-40.33,-38.044
-35.352,-51.293,-18.437,42.433,-11.755,-33.728,41.788,-24.183,-46.537,-43.653,-39.171,-37.374
-34.597,-49.898,-17.745,41.412,-11.426,-32.62,41.267,-22.973,-45.151,-42.187,-37.939,-36.662
-33.766,-48.472,-17.055,40.333,-10.935,-31.513,40.68,-21.785,-43.685,-40.71,-36.646,-35.93
-32.884,-47.049,-16.38,39.226,-10.309,-30.435,40.008,-20.634,-42.162,-39.246,-35.298,-35.193
-31.98,-45.641,-15.705,38.113,-9.6268,-29.381,39.237,-19.519,-40.597,-37.798,-33.896,-34.447
-31.075,-44.221,-14.989,36.989,-8.9759,-28.316,38.363,-18.419,-38.99,-36.348,-32.417,-33.668
-30.159,-42.717,-14.187,35.811,-8.4179,-27.183,37.39,-17.298,-37.32,-34.857,-30.811,-32.805
-29.199,-41.039,-13.273,34.51,-7.9698,-25.923,36.328,-16.113,-35.553,-33.279,-28.997,-31.795
-28.153,-39.114,-12.242,33.02,-7.6111,-24.496,35.188,-14.83,-33.658,-31.565,-26.878,-30.57
-27.002,-36.924,-11.107,31.318,-7.3078,-22.902,33.966,-13.435,-31.61,-29.675,-24.359,-29.076
-25.768,-34.533,-9.8887,29.45,-7.0364,-21.182,32.641,-11.936,-29.403,-27.576,-21.368,-27.279
-24.512,-32.069,-8.6114,27.521,-6.7898,-19.408,31.169,-10.361,-27.043,-25.245,-17.885,-25.174
-23.299,-29.659,-7.2993,25.643,-6.5628,-17.649,29.486,-8.735,-24.539,-22.66,-13.939,-22.772
-22.144,-27.352,-5.9736,23.858,-6.3352,-15.931,27.524,-7.0621,-21.884,-19.793,-9.5906,-20.085
-20.987,-25.087,-4.6446,22.111,-6.0737,-14.221,25.217,-5.319,-19.042,-16.599,-4.8945,-17.103
-19.724,-22.729,-3.3084,20.282,-5.7515,-12.451,22.504,-3.4712,-15.957,-13.018,0.12301,-13.789
-18.258,-20.127,-1.9482,18.243,-5.365,-10.54,19.334,-1.4955,-12.563,-8.9828,5.4569,-10.082
-16.519,-17.145,-0.53782,15.888,-4.9372,-8.4137,15.68,0.60886,-8.8096,-4.4311,11.098,-5.916
-14.463,-13.66,0.95949,13.132,-4.5066,-5.9969,11.563,2.8239,-4.67,0.67079,17.004,-1.2448
-12.065,-9.5489,2.5892,9.9042,-4.1114,-3.2044,7.0614,5.1293,-0.15052,6.302,23.081,3.934
-9.311,-4.7059,4.3929,6.1477,-3.7719,0.049657,2.2925,7.5163,4.7178,12.37,29.194,9.5574
-6.2096,0.91336,6.3866,1.845,-3.4812,3.817,-2.6359,9.9875,9.8898,18.72,35.217,15.493
-2.8057,7.2353,8.5433,-2.9525,-3.2079,8.0678,-7.6776,12.542,15.311,25.177,41.082,21.569
0.81746,14.054,10.797,-8.1183,-2.9082,12.67,-12.868,15.159,20.912,31.591,46.805,27.631
4.5703,21.103,13.066,-13.494,-2.5421,17.43,-18.299,17.794,26.604,37.868,52.471,33.583
8.4132,28.171,15.28,-18.963,-2.0856,22.174,-24.061,20.385,32.277,43.968,58.196,39.399
12.388,35.173,17.406,-24.498,-1.5403,26.812,-30.191,22.866,37.805,49.888,64.117,45.103
16.58,42.126,19.448,-30.133,-0.93878,31.335,-36.652,25.18,43.059,55.638,70.386,50.752
21.044,49.053,21.446,-35.886,-0.33961,35.776,-43.361,27.286,47.931,61.234,77.152,56.428
25.748,55.93,23.459,-41.714,0.19173,40.165,-50.217,29.171,52.356,66.698,84.481,62.222
30.602,62.703,25.545,-47.537,0.61316,44.516,-57.13,30.853,56.332,72.053,92.277,68.219
35.525,69.345,27.753,-53.303,0.92984,48.842,-64.026,32.38,59.916,77.323,100.28,74.463
40.478,75.879,30.113,-59.008,1.1912,53.159,-70.845,33.803,63.197,82.521,108.19,80.946
45.419,82.338,32.64,-64.654,1.4575,57.48,-77.538,35.149,66.247,87.633,115.81,87.596
50.248,88.709,35.331,-70.187,1.76,61.805,-84.056,36.388,69.082,92.598,123.06,94.291
54.803,94.924,38.183,-75.495,2.0863,66.111,-90.329,37.458,71.668,97.318,129.93,100.9
58.929,100.88,41.193,-80.452,2.3983,70.368,-96.268,38.304,73.952,101.7,136.46,107.32
62.531,106.49,44.359,-84.959,2.6605,74.554,-101.79,38.91,75.903,105.67,142.61,113.49
65.587,111.68,47.639,-88.954,2.8566,78.648,-106.84,39.307,77.528,109.19,148.29,119.29
68.133,116.41,50.93,-92.421,2.9885,82.605,-111.43,39.553,78.865,112.26,153.35,124.6
70.237,120.64,54.076,-95.387,3.0636,86.349,-115.6,39.712,79.973,114.89,157.7,129.26
71.971,124.38,56.927,-97.904,3.0816,89.785,-119.4,39.838,80.908,117.11,161.33,133.23
73.388,127.65,59.398,-100.03,3.0313,92.843,-122.85,39.959,81.713,118.99,164.33,136.55
74.541,130.51,61.496,-101.86,2.9024,95.52,-125.94,40.093,82.416,120.57,166.85,139.38
75.495,133.08,63.298,-103.47,2.7024,97.894,-128.67,40.257,83.039,121.94,169.03,141.87
76.317,135.49,64.917,-104.97,2.4633,100.1,-131.01,40.476,83.606,123.15,170.98,144.18
77.055,137.85,66.46,-106.43,2.2343,102.28,-132.98,40.784,84.148,124.23,172.75,146.39
77.736,140.19,67.993,-107.88,2.0686,104.48,-134.64,41.211,84.692,125.2,174.32,148.51
78.38,142.49,69.518,-109.27,2.0128,106.66,-136.03,41.774,85.262,126.07,175.67,150.52
79.002,144.63,70.969,-110.57,2.0979,108.71,-137.24,42.474,85.864,126.8,176.77,152.38
79.577,146.48,72.234,-111.7,2.3306,110.45,-138.28,43.293,86.488,127.38,177.6,154.04
80.055,147.88,73.198,-112.59,2.6928,111.75,-139.17,44.198,87.113,127.77,178.19,155.51
80.402,148.77,73.768,-113.17,3.1576,112.54,-139.88,45.158,87.72,127.99,178.54,156.76
80.627,149.12,73.9,-113.46,3.7095,112.79,-140.37,46.147,88.3,128.07,178.69,157.81
80.792,149.0,73.602,-113.52,4.3546,112.58,-140.57,47.161,88.862,128.05,178.65,158.68
80.995,148.56,72.911,-113.45,5.1169,111.99,-140.42,48.206,89.431,128.0,178.45,159.39
81.326,147.93,71.873,-113.36,6.02,111.14,-139.86,49.299,90.041,127.98,178.06,159.94
81.815,147.2,70.524,-113.3,7.0624,110.09,-138.89,50.436,90.703,127.97,177.42,160.29
82.393,146.29,68.885,-113.19,8.199,108.8,-137.54,51.589,91.389,127.9,176.4,160.33
82.91,145.03,66.961,-112.88,9.3422,107.17,-135.84,52.709,92.03,127.66,174.84,159.89
83.183,143.16,64.729,-112.14,10.384,105.02,-133.79,53.744,92.541,127.12,172.6,158.81
83.06,140.49,62.138,-110.79,11.232,102.22,-131.36,54.659,92.843,126.17,169.53,156.97
82.444,136.92,59.123,-108.75,11.849,98.705,-128.47,55.444,92.894,124.74,165.49,154.27
81.313,132.52,55.642,-106.02,12.259,94.529,-124.99,56.108,92.681,122.82,160.37,150.66
79.704,127.47,51.718,-102.71,12.523,89.862,-120.84,56.666,92.21,120.42,154.13,146.08
77.68,121.97,47.48,-98.935,12.699,84.917,-115.99,57.125,91.485,117.56,146.83,140.48
75.277,116.14,43.14,-94.738,12.804,79.854,-110.51,57.477,90.485,114.2,138.63,133.86
72.475,109.94,38.909,-90.073,12.81,74.726,-104.51,57.686,89.151,110.26,129.75,126.28
69.209,103.27,34.917,-84.838,12.651,69.501,-98.143,57.702,87.398,105.61,120.34,117.86
65.414,96.032,31.196,-78.952,12.259,64.122,-91.491,57.47,85.132,100.13,110.46,108.71
61.071,88.192,27.723,-72.407,11.613,58.556,-84.614,56.94,82.275,93.836,100.13,98.955
56.204,79.756,24.458,-65.247,10.774,52.79,-77.547,56.077,78.788,86.901,89.507,88.749
50.849,70.728,21.363,-57.53,9.8596,46.82,-70.318,54.852,74.666,79.61,78.939,78.35
45.045,61.121,18.404,-49.327,8.9668,40.655,-62.961,53.235,69.921,72.231,68.907,68.15
38.856,51.038,15.567,-40.775,8.1334,34.359,-55.525,51.189,64.582,64.917,59.717,58.535
32.417,40.722,12.848,-32.105,7.3473,28.059,-48.071,48.685,58.696,57.682,51.323,49.681
25.923,30.517,10.247,-23.606,6.585,21.915,-40.66,45.717,52.332,50.447,43.43,41.496
19.598,20.761,7.7529,-15.549,5.8367,16.071,-33.347,42.302,45.564,43.093,35.694,33.738
13.634,11.7,5.3376,-8.1288,5.11,10.613,-26.178,38.472,38.468,35.507,27.873,26.176
8.1627,3.4678,2.969,-1.4437,4.4201,5.5713,-19.193,34.264,31.136,27.654,19.879,18.687
3.2536,-3.8867,0.62538,4.4782,3.78,0.94703,-12.444,29.725,23.71,19.639,11.801,11.298
-1.0745,-10.362,-1.692,9.6537,3.1974,-3.2637,-6.0115,24.932,16.397,11.731,3.8858,4.1675
-4.8443,-15.995,-3.9538,14.132,2.6745,-7.06,-0.0068268,20.002,9.4343,4.2731,-3.513,-2.4713
-8.1176,-20.856,-6.1067,17.99,2.2063,-10.442,5.4484,15.085,3.0201,-2.4538,-10.064,-8.3972
-10.984,-25.038,-8.0849,21.32,1.7799,-13.414,10.265,10.328,-2.7289,-8.3185,-15.578,-13.473
-13.532,-28.632,-9.8286,24.209,1.3784,-15.992,14.417,5.8487,-7.7801,-13.316,-20.039,-17.672
-15.813,-31.714,-11.306,26.716,0.99047,-18.197,17.939,1.7236,-12.153,-17.498,-23.551,-21.058
-17.828,-34.342,-12.522,28.873,0.61941,-20.065,20.915,-1.9989,-15.89,-20.932,-26.264,-23.74
-19.553,-36.56,-13.52,30.695,0.28455,-21.638,23.455,-5.2904,-19.042,-23.694,-28.329,-25.838
-20.983,-38.429,-14.357,32.215,0.010766,-22.974,25.67,-8.1439,-21.668,-25.88,-29.88,-27.461
-22.163,-40.037,-15.091,33.499,-0.18803,-24.142,27.647,-10.577,-23.833,-27.604,-31.036,-28.706
-23.172,-41.486,-15.77,34.633,-0.3177,-25.21,29.436,-12.628,-25.599,-28.982,-31.896,-29.653
-24.08,-42.859,-16.424,35.691,-0.39616,-26.232,31.059,-14.336,-27.018,-30.108,-32.541,-30.369
-24.911,-44.186,-17.073,36.698,-0.43473,-27.227,32.529,-15.739,-28.124,-31.049,-33.026,-30.9
-25.63,-45.432,-17.718,37.623,-0.42541,-28.177,33.862,-16.862,-28.936,-31.842,-33.381,-31.271
-26.187,-46.536,-18.354,38.411,-0.34813,-29.047,35.071,-17.739,-29.469,-32.501,-33.614,-31.493
-26.559,-47.46,-18.974,39.033,-0.19407,-29.82,36.154,-18.417,-29.762,-33.039,-33.733,-31.573
-26.78,-48.224,-19.569,39.512,0.01706,-30.507,37.097,-18.956,-29.875,-33.474,-33.755,-31.523
-26.924,-48.888,-20.13,39.91,0.24424,-31.145,37.886,-19.418,-29.883,-33.828,-33.708,-31.363
-27.063,-49.511,-20.651,40.289,0.45169,-31.763,38.517,-19.839,-29.856,-34.123,-33.628,-31.112
-27.231,-50.118,-21.127,40.676,0.63274,-32.369,39.008,-20.225,-29.836,-34.371,-33.547,-30.784
-27.417,-50.695,-21.554,41.057,0.81235,-32.944,39.385,-20.56,-29.832,-34.578,-33.49,-30.39
-27.587,-51.209,-21.934,41.4,1.0265,-33.461,39.68,-20.824,-29.83,-34.743,-33.468,-29.939
-27.713,-51.642,-22.271,41.683,1.2942,-33.904,39.918,-21.012,-29.81,-34.869,-33.482,-29.442
-27.796,-52.002,-22.569,41.911,1.6023,-34.272,40.109,-21.14,-29.759,-34.961,-33.525,-28.914
-27.855,-52.312,-22.829,42.104,1.9133,-34.578,40.256,-21.237,-29.672,-35.023,-33.582,-28.371
-27.908,-52.585,-23.046,42.281,2.189,-34.832,40.358,-21.326,-29.549,-35.051,-33.632,-27.822
-27.951,-52.811,-23.216,42.437,2.4129,-35.033,40.419,-21.415,-29.384,-35.034,-33.653,-27.263
-27.951,-52.951,-23.333,42.542,2.598,-35.167,40.45,-21.49,-29.164,-34.956,-33.626,-26.682
-27.863,-52.957,-23.395,42.549,2.777,-35.209,40.468,-21.525,-28.877,-34.807,-33.537,-26.065
-27.646,-52.791,-23.405,42.423,2.9852,-35.146,40.486,-21.496,-28.514,-34.585,-33.385,-25.407
-27.278,-52.448,-23.375,42.147,3.2467,-34.977,40.512,-21.395,-28.081,-34.301,-33.174,-24.709
-26.756,-51.955,-23.327,41.732,3.5694,-34.724,40.543,-21.23,-27.594,-33.98,-32.914,-23.981
-26.098,-51.368,-23.284,41.211,3.9472,-34.425,40.568,-21.028,-27.081,-33.653,-32.616,-23.239
-25.342,-50.748,-23.262,40.628,4.365,-34.117,40.57,-20.822,-26.577,-33.348,-32.297,-22.501
-24.538,-50.144,-23.259,40.028,4.8041,-33.822,40.533,-20.635,-26.109,-33.083,-31.969,-21.79
-23.725,-49.569,-23.257,39.435,5.2521,-33.535,40.451,-20.472,-25.688,-32.855,-31.638,-21.124
-22.909,-48.992,-23.229,38.841,5.715,-33.219,40.329,-20.32,-25.297,-32.642,-31.301,-20.507
-22.06,-48.359,-23.156,38.21,6.2184,-32.832,40.186,-20.156,-24.902,-32.419,-30.946,-19.93
-21.145,-47.627,-23.032,37.513,6.7927,-32.349,40.046,-19.964,-24.465,-32.165,-30.568,-19.368
-20.165,-46.803,-22.869,36.753,7.4498,-31.779,39.93,-19.748,-23.963,-31.873,-30.166,-18.795
-19.16,-45.936,-22.693,35.97,8.1719,-31.168,39.84,-19.524,-23.389,-31.546,-29.748,-18.19
-18.183,-45.09,-22.531,35.215,8.9209,-30.565,39.761,-19.303,-22.743,-31.187,-29.32,-17.539
-17.254,-44.292,-22.4,34.506,9.662,-30.0,39.669,-19.074,-22.012,-30.787,-28.871,-16.821
-16.32,-43.501,-22.299,33.803,10.382,-29.455,39.534,-18.801,-21.162,-30.319,-28.374,-16.007
-15.269,-42.614,-22.201,33.012,11.088,-28.866,39.324,-18.428,-20.139,-29.746,-27.778,-15.05
-13.968,-41.502,-22.06,32.019,11.793,-28.146,39.009,-17.908,-18.882,-29.031,-27.027,-13.896
-12.313,-40.05,-21.817,30.729,12.501,-27.212,38.554,-17.216,-17.344,-28.148,-26.073,-12.501
-10.273,-38.189,-21.413,29.095,13.193,-26.004,37.914,-16.36,-15.501,-27.09,-24.888,-10.847
-7.9094,-35.91,-20.792,27.124,13.83,-24.498,37.031,-15.381,-13.37,-25.868,-23.481,-8.9577
-5.3407,-33.239,-19.91,24.864,14.368,-22.697,35.83,-14.332,-10.995,-24.499,-21.888,-6.8888
-2.6714,-30.214,-18.751,22.357,14.79,-20.619,34.204,-13.256,-8.4267,-22.993,-20.157,-4.7044
0.074521,-26.864,-17.35,19.617,15.123,-18.295,32.015,-12.167,-5.6893,-21.345,-18.324,-2.453
2.959,-23.211,-15.787,16.626,15.429,-15.761,29.083,-11.043,-2.7611,-19.52,-16.397,-0.15292
6.0909,-19.259,-14.151,13.345,15.782,-13.052,25.203,-9.8338,0.42789,-17.465,-14.355,2.2103
9.5773,-14.979,-12.5,9.7218,16.244,-10.175,20.205,-8.4738,3.9741,-15.108,-12.147,4.6757
13.473,-10.315,-10.833,5.7093,16.846,-7.1084,14.049,-6.9062,7.9537,-12.381,-9.719,7.2843
17.739,-5.2079,-9.1057,1.2914,17.562,-3.8125,6.8671,-5.1075,12.37,-9.2486,-7.0362,10.05
22.253,0.36572,-7.2613,-3.5004,18.327,-0.2536,-1.1138,-3.1013,17.128,-5.7319,-4.0984,12.943
26.875,6.3874,-5.2692,-8.6038,19.079,3.576,-9.7079,-0.95139,22.068,-1.9126,-0.93456,15.895
31.507,12.797,-3.1523,-13.954,19.811,7.6461,-18.812,1.263,27.028,2.0958,2.4205,18.827
36.122,19.507,-0.983,-19.502,20.573,11.892,-28.394,3.4765,31.905,6.1959,5.9478,21.678
40.748,26.434,1.1525,-25.226,21.437,16.245,-38.451,5.6603,36.672,10.351,9.6539,24.434
45.432,33.551,3.1968,-31.149,22.453,20.672,-48.922,7.8281,41.354,14.596,13.565,27.133
50.175,40.882,5.1371,-37.319,23.627,25.179,-59.606,10.021,45.972,19.001,17.702,29.846
54.883,48.422,6.9831,-43.735,24.922,29.773,-70.179,12.272,50.502,23.599,22.037,32.644
59.371,56.039,8.7281,-50.275,26.275,34.394,-80.268,14.574,54.859,28.326,26.468,35.558
63.442,63.464,10.322,-56.701,27.614,38.893,-89.561,16.861,58.916,33.021,30.834,38.574
66.975,70.385,11.673,-62.747,28.88,43.074,-97.89,19.024,62.552,37.486,34.967,41.636
69.968,76.56,12.681,-68.215,30.064,46.753,-105.23,20.948,65.69,41.556,38.743,44.666
72.518,81.877,13.268,-73.034,31.236,49.807,-111.62,22.553,68.322,45.142,42.103,47.572
74.766,86.348,13.415,-77.24,32.515,52.199,-117.04,23.82,70.503,48.228,45.05,50.261
76.833,90.084,13.164,-80.94,34.004,53.984,-121.37,24.783,72.317,50.846,47.632,52.665
78.792,93.261,12.609,-84.261,35.757,55.292,-124.33,25.505,73.838,53.041,49.911,54.762
80.667,96.07,11.863,-87.314,37.782,56.281,-125.62,26.042,75.103,54.84,51.935,56.569
82.448,98.647,11.017,-90.165,40.037,57.076,-125.01,26.41,76.112,56.227,53.709,58.111
84.103,101.02,10.111,-92.808,42.421,57.717,-122.47,26.567,76.826,57.147,55.195,59.391
85.589,103.11,9.1259,-95.177,44.806,58.147,-118.29,26.423,77.191,57.52,56.325,60.382
86.868,104.72,7.9962,-97.168,47.073,58.235,-112.88,25.877,77.152,57.267,57.028,61.031
87.903,105.64,6.6358,-98.658,49.131,57.821,-106.64,24.85,76.665,56.326,57.24,61.28
88.66,105.65,4.9739,-99.512,50.916,56.757,-99.848,23.312,75.694,54.644,56.903,61.078
89.107,104.56,2.9827,-99.59,52.387,54.947,-92.654,21.289,74.201,52.185,55.954,60.394
89.213,102.25,0.68789,-98.755,53.529,52.354,-85.131,18.858,72.14,48.935,54.329,59.223
88.949,98.654,-1.8427,-96.888,54.349,48.998,-77.307,16.13,69.464,44.923,51.969,57.557
88.279,93.768,-4.5231,-93.917,54.866,44.932,-69.179,13.219,66.134,40.23,48.855,55.354
87.185,87.69,-7.2679,-89.867,55.112,40.229,-60.742,10.203,62.151,34.956,45.019,52.537
85.677,80.597,-9.9945,-84.885,55.132,34.975,-52.024,7.1202,57.547,29.174,40.53,49.049
83.797,72.685,-12.617,-79.18,54.972,29.264,-43.111,3.9869,52.37,22.926,35.46,44.896
81.581,64.093,-15.047,-72.917,54.657,23.212,-34.135,0.83049,46.66,16.275,29.869,40.139
79.032,54.891,-17.21,-66.166,54.172,16.977,-25.234,-2.2922,40.463,9.3925,23.821,34.862
76.109,45.166,-19.066,-58.922,53.473,10.78,-16.491,-5.3011,33.869,2.5941,17.431,29.149
72.745,35.125,-20.614,-51.194,52.497,4.8797,-7.9354,-8.1217,27.049,-3.7458,10.895,23.095
68.877,25.123,-21.883,-43.087,51.194,-0.50691,0.39054,-10.715,20.24,-9.3516,4.4632,16.828
64.486,15.557,-22.917,-34.813,49.575,-5.266,8.3201,-13.088,13.669,-14.145,-1.6455,10.511
59.613,6.7212,-23.752,-26.621,47.727,-9.3874,15.523,-15.282,7.4909,-18.211,-7.2985,4.3016
54.346,-1.2339,-24.409,-18.722,45.775,-12.915,21.646,-17.348,1.7726,-21.698,-12.442,-1.6652
48.784,-8.2528,-24.898,-11.266,43.82,-15.897,26.535,-19.329,-3.4662,-24.735,-17.052,-7.2757
42.996,-14.314,-25.221,-4.3775,41.896,-18.376,30.288,-21.245,-8.2091,-27.408,-21.106,-12.418
37.004,-19.42,-25.384,1.8245,39.987,-20.389,33.137,-23.095,-12.426,-29.764,-24.591,-16.982
30.843,-23.615,-25.398,7.2359,38.07,-21.991,35.318,-24.863,-16.089,-31.842,-27.522,-20.883
24.649,-27.003,-25.28,11.811,36.13,-23.251,37.012,-26.53,-19.196,-33.677,-29.952,-24.092
18.696,-29.716,-25.056,15.576,34.168,-24.236,38.349,-28.077,-21.776,-35.306,-31.95,-26.648
13.304,-31.869,-24.755,18.602,32.19,-24.995,39.421,-29.486,-23.885,-36.749,-33.589,-28.641
8.6962,-33.543,-24.403,20.972,30.211,-25.553,40.295,-30.746,-25.588,-38.018,-34.933,-30.177
4.927,-34.788,-24.018,22.771,28.251,-25.915,41.021,-31.864,-26.955,-39.113,-36.028,-31.359
1.8975,-35.648,-23.606,24.095,26.321,-26.079,41.63,-32.867,-28.056,-40.043,-36.915,-32.268
-0.56967,-36.17,-23.161,25.042,24.394,-26.041,42.136,-33.796,-28.951,-40.826,-37.628,-32.968
-2.6435,-36.397,-22.668,25.703,22.42,-25.802,42.543,-34.692,-29.686,-41.493,-38.197,-33.51
-4.4187,-36.369,-22.115,26.138,20.371,-25.378,42.85,-35.582,-30.289,-42.078,-38.653,-33.938
-5.9036,-36.124,-21.501,26.381,18.304,-24.799,43.056,-36.472,-30.772,-42.609,-39.022,-34.285
-7.0665,-35.71,-20.849,26.451,16.358,-24.118,43.166,-37.343,-31.14,-43.102,-39.322,-34.58
-7.9051,-35.202,-20.203,26.387,14.686,-23.407,43.194,-38.166,-31.394,-43.564,-39.564,-34.835
-8.4846,-34.696,-19.609,26.251,13.363,-22.741,43.16,-38.911,-31.544,-43.994,-39.748,-35.055
-8.9139,-34.283,-19.104,26.121,12.373,-22.183,43.085,-39.563,-31.61,-44.39,-39.868,-35.234
-9.2859,-34.019,-18.705,26.052,11.653,-21.767,42.992,-40.126,-31.624,-44.75,-39.915,-35.364
-9.6387,-33.906,-18.417,26.062,11.14,-21.497,42.901,-40.625,-31.619,-45.08,-39.885,-35.441
-9.9739,-33.925,-18.236,26.146,10.784,-21.364,42.824,-41.088,-31.628,-45.396,-39.778,-35.471
-10.306,-34.072,-18.162,26.307,10.535,-21.369,42.769,-41.531,-31.675,-45.727,-39.611,-35.475
-10.684,-34.374,-18.2,26.572,10.344,-21.528,42.735,-41.93,-31.762,-46.095,-39.411,-35.488
-11.161,-34.865,-18.355,26.974,10.175,-21.86,42.721,-42.19,-31.861,-46.5,-39.21,-35.548
-11.74,-35.538,-18.623,27.502,10.019,-22.355,42.72,-42.127,-31.899,-46.89,-39.031,-35.683
-12.349,-36.307,-18.977,28.086,9.8947,-22.95,42.73,-41.476,-31.762,-47.154,-38.875,-35.899
-12.875,-37.026,-19.364,28.61,9.8289,-23.535,42.746,-39.966,-31.296,-47.127,-38.716,-36.175
-13.213,-37.543,-19.723,28.962,9.8335,-23.992,42.764,-37.496,-30.325,-46.631,-38.494,-36.465
-13.295,-37.75,-20.012,29.066,9.9169,-24.241,42.776,-34.483,-28.649,-45.526,-38.129,-36.71
-13.058,-37.63,-20.252,28.893,10.126,-24.284,42.773,-32.589,-26.022,-43.768,-37.519,-36.851
-12.391,-37.259,-20.552,28.444,10.614,-24.232,42.743,-36.483,-22.08,-41.475,-36.537,-36.825
-11.049,-36.772,-21.095,27.703,11.713,-24.289,42.669,-50.736,-16.371,-39.092,-34.994,-36.56
-8.5467,-36.306,-22.049,26.588,13.934,-24.692,42.51,-60.057,-9.3588,-38.393,-32.579,-35.945
-4.0824,-35.921,-23.395,24.88,16.323,-25.626,42.195,-56.866,-8.1186,-45.983,-28.959,-34.788
2.9548,-35.526,-24.73,22.152,12.49,-27.136,41.595,-46.404,-31.744,-61.237,-26.242,-32.756
8.6899,-34.821,-24.419,17.674,13.888,-29.067,40.501,-29.609,-40.502,-60.894,-38.916,-29.521
-6.608,-33.228,-22.938,10.602,15.594,-31.083,38.54,-6.3871,-27.251,-50.669,-50.494,-28.351
-18.879,-29.786,-20.46,1.9089,17.34,-32.789,35.155,23.029,-7.3523,-34.46,-47.58,-39.564
-13.997,-22.926,-17.289,1.2839,19.569,-33.87,31.398,58.432,19.371,-11.437,-39.823,-40.064
-6.2591,-10.66,-15.948,11.471,23.19,-33.969,35.385,99.507,52.444,18.882,-26.594,-33.542
5.0784,2.476,-20.259,7.0794,30.265,-32.319,41.121,144.08,91.222,55.926,-6.0733,-23.091
22.509,-5.7816,-33.199,-2.6244,43.766,-27.95,40.082,191.24,137.34,99.804,24.337,-8.1273
49.742,-13.323,-58.683,-14.905,67.18,-30.936,35.179,245.0,192.48,152.71,67.49,12.989
90.461,-15.907,-98.886,-32.322,102.98,-54.739,26.236,312.13,259.78,216.64,124.47,42.94
145.4,-13.356,-148.27,-57.818,151.29,-63.448,10.694,400.79,348.53,297.53,193.61,84.714
213.16,-3.411,-198.7,-93.93,209.74,-66.211,-14.63,515.93,467.41,402.53,275.6,140.79
292.88,17.512,-247.52,-142.67,273.62,-73.06,-52.938,654.69,617.6,534.25,375.3,211.93
381.35,57.918,-286.69,-205.09,335.91,-74.377,-105.78,805.69,790.99,689.61,494.85,298.18
471.43,127.94,-304.56,-280.63,387.71,-59.754,-171.13,949.33,969.43,858.45,631.23,400.57
553.01,228.08,-291.29,-365.88,419.4,-21.407,-244.6,1060.0,1126.8,1023.7,777.03,515.75
614.9,342.82,-240.72,-453.3,422.61,48.602,-319.14,1112.1,1234.9,1164.5,920.81,635.91
647.21,461.54,-153.17,-532.3,392.87,153.8,-384.58,1087.5,1271.2,1261.9,1049.7,750.95
644.07,574.43,-36.902,-591.77,331.74,273.22,-430.92,983.1,1225.4,1304.1,1152.9,850.39
605.55,666.97,93.124,-622.82,247.03,384.2,-451.33,812.34,1103.5,1289.3,1223.0,925.02
537.42,726.34,218.75,-620.83,150.77,475.87,-443.5,602.35,925.15,1225.2,1256.0,967.71
448.63,744.04,322.95,-585.81,55.868,536.29,-409.25,386.14,717.7,1124.5,1249.6,973.13
348.03,716.58,393.41,-521.29,-27.198,557.78,-352.97,193.19,508.09,1000.1,1200.6,937.18
242.39,645.2,424.26,-432.87,-92.236,537.9,-280.07,41.658,316.08,860.32,1104.9,857.17
136.5,535.74,416.0,-327.22,-137.4,479.39,-196.13,-64.166,151.82,708.91,959.91,733.68
34.644,398.68,374.49,-211.96,-163.94,389.88,-107.09,-130.06,17.394,547.6,769.85,573.44
-57.511,248.39,309.12,-95.526,-174.61,280.96,-19.505,-166.74,-89.878,380.51,549.07,391.07
-132.39,100.85,230.93,13.42,-172.44,166.38,59.881,-184.31,-174.4,216.14,321.27,207.66
-183.73,-29.464,150.38,106.94,-160.18,59.354,125.19,-191.76,-241.28,66.299,113.79,45.538
-209.74,-131.85,75.72,178.64,-140.18,-29.842,172.43,-194.91,-294.64,-56.902,-50.504,-78.672
-212.81,-203.42,12.304,224.42,-114.42,-94.809,200.01,-193.98,-331.28,-142.6,-157.45,-157.37
-197.72,-249.0,-37.146,243.64,-85.144,-136.66,208.88,-184.72,-345.06,-192.92,-208.31,-194.3
-170.55,-273.56,-72.611,239.74,-55.301,-160.47,202.06,-161.06,-332.69,-208.38,-214.03,-197.45
-137.94,-277.22,-96.66,219.08,-28.002,-172.24,183.88,-121.75,-298.39,-192.48,-188.52,-176.74
-105.8,-261.42,-111.96,189.06,-5.8057,-178.09,159.32,-83.678,-251.96,-157.52,-148.43,-144.63
-79.119,-232.5,-119.91,154.84,10.496,-176.95,132.87,-44.978,-201.27,-117.88,-109.3,-113.39
-60.902,-192.96,-122.87,120.09,21.779,-164.09,109.33,-8.2245,-153.92,-83.309,-79.657,-90.131
-48.738,-148.3,-121.65,99.428,28.706,-135.08,91.759,23.491,-118.3,-56.675,-60.605,-74.363
-40.716,-125.76,-115.15,87.094,31.593,-101.77,79.733,45.129,-96.193,-46.735,-50.061,-63.605
-35.857,-111.73,-99.15,77.142,30.927,-86.164,72.113,53.537,-82.87,-42.723,-47.621,-62.658
-33.051,-99.649,-80.763,69.347,27.8,-76.21,66.775,49.17,-73.178,-36.838,-44.417,-60.077
-31.983,-89.402,-65.26,62.647,20.166,-67.686,62.192,35.67,-65.337,-33.964,-42.357,-56.518
-31.966,-80.161,-52.28,56.432,7.382,-60.223,57.433,21.487,-60.947,-34.473,-41.152,-52.177
-31.391,-71.737,-42.345,51.335,3.889,-53.455,52.445,15.093,-63.099,-35.793,-39.781,-47.725
-30.293,-64.787,-34.632,47.772,2.9452,-47.369,48.343,15.5,-67.66,-35.769,-38.113,-44.401
-29.135,-59.577,-28.428,45.222,1.6157,-42.231,45.599,17.269,-66.51,-34.836,-36.646,-42.271
-28.086,-55.64,-23.814,43.164,-0.077361,-38.107,43.786,17.492,-63.406,-33.834,-35.527,-40.883
-27.178,-52.431,-21.168,41.366,-1.715,-34.759,42.514,15.898,-60.904,-33.065,-34.714,-39.923
-26.401,-49.652,-19.931,39.748,-3.0703,-31.92,41.578,13.04,-59.278,-32.565,-34.131,-39.213
-25.746,-47.196,-18.982,38.292,-4.1314,-29.444,40.861,9.459,-58.359,-32.292,-33.706,-38.647
-25.237,-45.057,-17.831,37.028,-4.9854,-27.287,40.281,5.5763,-57.963,-32.186,-33.382,-38.162
-24.904,-43.256,-16.482,35.995,-5.7194,-25.434,39.779,1.754,-57.952,-32.188,-33.132,-37.725
-24.752,-41.776,-15.036,35.198,-6.3789,-23.86,39.329,-1.7194,-58.239,-32.249,-32.938,-37.314
-24.737,-40.568,-13.58,34.599,-6.9662,-22.522,38.93,-4.6841,-58.765,-32.334,-32.787,-36.914
-24.795,-39.564,-12.182,34.136,-7.4593,-21.377,38.598,-7.1113,-59.478,-32.414,-32.671,-36.509
-24.873,-38.717,-10.903,33.766,-7.8383,-20.395,38.344,-9.0458,-60.324,-32.474,-32.583,-36.087
-24.941,-38.013,-9.7918,33.462,-8.105,-19.574,38.163,-10.551,-61.241,-32.501,-32.513,-35.639
-24.99,-37.423,-8.8677,33.199,-8.2855,-18.901,38.031,-11.688,-62.166,-32.479,-32.445,-35.161
-25.009,-36.889,-8.1087,32.94,-8.4205,-18.341,37.919,-12.509,-63.04,-32.384,-32.348,-34.648
-24.982,-36.319,-7.4535,32.624,-8.5536,-17.811,37.806,-13.068,-63.807,-32.185,-32.186,-34.09
-24.896,-35.616,-6.8198,32.192,-8.7234,-17.216,37.682,-13.415,-64.423,-31.862,-31.921,-33.472
-24.756,-34.733,-6.1347,31.621,-8.9607,-16.493,37.55,-13.609,-64.849,-31.414,-31.532,-32.782
-24.603,-33.71,-5.3648,30.949,-9.2811,-15.645,37.413,-13.711,-65.063,-30.866,-31.031,-32.018
-24.497,-32.666,-4.5329,30.271,-9.676,-14.746,37.261,-13.783,-65.051,-30.269,-30.461,-31.191
-24.495,-31.753,-3.7105,29.696,-10.105,-13.908,37.075,-13.876,-64.81,-29.678,-29.89,-30.324
-24.605,-31.071,-2.9801,29.288,-10.502,-13.224,36.829,-14.01,-64.343,-29.136,-29.379,-29.44
-24.789,-30.627,-2.3957,29.042,-10.798,-12.721,36.505,-14.177,-63.651,-28.661,-28.961,-28.552
-24.99,-30.351,-1.9577,28.902,-10.956,-12.363,36.093,-14.348,-62.74,-28.235,-28.625,-27.657
-25.173,-30.152,-1.6159,28.81,-10.987,-12.078,35.594,-14.49,-61.614,-27.823,-28.333,-26.741
-25.333,-29.951,-1.3048,28.721,-10.947,-11.798,35.023,-14.587,-60.267,-27.383,-28.029,-25.788
-25.466,-29.683,-0.97507,28.6,-10.902,-11.468,34.408,-14.629,-58.674,-26.883,-27.666,-24.779
-25.564,-29.294,-0.615,28.405,-10.893,-11.054,33.783,-14.614,-56.791,-26.309,-27.209,-23.694
-25.621,-28.755,-0.24151,28.108,-10.926,-10.547,33.185,-14.542,-54.584,-25.673,-26.645,-22.511
-25.639,-28.087,0.1118,27.709,-10.977,-9.9682,32.635,-14.421,-52.057,-25.008,-25.979,-21.21
-25.63,-27.336,0.4173,27.234,-11.008,-9.3528,32.137,-14.259,-49.28,-24.355,-25.233,-19.781
-25.594,-26.541,0.66253,26.706,-10.978,-8.7237,31.676,-14.052,-46.37,-23.748,-24.427,-18.231
-25.507,-25.697,0.85869,26.113,-10.857,-8.0783,31.23,-13.784,-43.455,-23.19,-23.574,-16.582
-25.34,-24.765,1.0328,25.431,-10.636,-7.3884,30.77,-13.433,-40.622,-22.662,-22.677,-14.868
-25.088,-23.736,1.2145,24.66,-10.34,-6.6427,30.27,-12.995,-37.909,-22.13,-21.741,-13.135
-24.801,-22.666,1.4263,23.856,-10.028,-5.8663,29.696,-12.498,-35.316,-21.576,-20.773,-11.435
-24.569,-21.663,1.682,23.122,-9.7738,-5.1244,29.018,-11.988,-32.835,-21.0,-19.786,-9.8178
-24.469,-20.819,1.9889,22.545,-9.6298,-4.468,28.214,-11.512,-30.462,-20.415,-18.783,-8.3044
-24.506,-20.117,2.3512,22.121,-9.5983,-3.8846,27.288,-11.081,-28.192,-19.822,-17.733,-6.8659
-24.597,-19.415,2.7734,21.732,-9.6247,-3.286,26.279,-10.661,-26.009,-19.192,-16.58,-5.4262
-24.622,-18.509,3.2609,21.205,-9.6269,-2.549,25.241,-10.185,-23.885,-18.479,-15.252,-3.8925
-24.495,-17.247,3.8173,20.413,-9.5424,-1.5826,24.224,-9.5903,-21.776,-17.638,-13.704,-2.2009
-24.21,-15.613,4.4397,19.34,-9.3634,-0.37916,23.236,-8.8428,-19.638,-16.647,-11.937,-0.35007
-23.839,-13.734,5.1191,18.094,-9.1369,0.98391,22.24,-7.9488,-17.438,-15.51,-10.011,1.5959
-23.495,-11.817,5.8444,16.85,-8.9369,2.3876,21.167,-6.9448,-15.155,-14.239,-8.0082,3.5386
-23.275,-10.044,6.6068,15.764,-8.8267,3.7334,19.943,-5.8769,-12.777,-12.834,-5.9957,5.3963
-23.208,-8.4828,7.3982,14.891,-8.8257,4.9888,18.523,-4.7773,-10.283,-11.266,-3.9771,7.1491
-23.243,-7.0583,8.2065,14.158,-8.903,6.1932,16.904,-3.6472,-7.6277,-9.4661,-1.8816,8.8532
-23.276,-5.5974,9.0137,13.408,-8.9926,7.4313,15.124,-2.4526,-4.7437,-7.3334,0.41233,10.615
-23.198,-3.9085,9.7957,12.469,-9.023,8.789,13.247,-1.1385,-1.549,-4.763,3.026,12.542
-22.939,-1.8557,10.526,11.214,-8.9473,10.315,11.324,0.34878,2.029,-1.6788,6.0275,14.699
-22.483,0.59727,11.183,9.5987,-8.7595,12.003,9.372,2.0419,6.032,1.9383,9.4029,17.09
-21.864,3.387,11.76,7.6658,-8.4949,13.8,7.3645,3.9451,10.461,6.0502,13.069,19.676
-21.145,6.4099,12.28,5.5077,-8.2119,15.652,5.2479,6.0385,15.279,10.592,16.924,22.406
-20.373,9.6194,12.788,3.1855,-7.9597,17.558,2.9711,8.2916,20.417,15.509,20.894,25.248
-19.528,13.086,13.341,0.66283,-7.7484,19.584,0.51004,10.676,25.786,20.758,24.961,28.204
-18.528,16.967,13.98,-2.1885,-7.5397,21.829,-2.1235,13.167,31.284,26.29,29.135,31.31
-17.261,21.402,14.715,-5.5122,-7.2646,24.36,-4.8896,15.741,36.808,32.024,33.417,34.609
-15.644,26.417,15.527,-9.3782,-6.8566,27.173,-7.7386,18.368,42.265,37.849,37.782,38.133
-13.673,31.881,16.381,-13.73,-6.285,30.184,-10.636,21.008,47.582,43.658,42.181,41.896
-11.43,37.548,17.247,-18.393,-5.5718,33.266,-13.582,23.616,52.705,49.375,46.573,45.903
-9.0657,43.146,18.116,-23.135,-4.7845,36.301,-16.622,26.151,57.6,54.979,50.959,50.167
-6.7426,48.492,19.007,-27.761,-4.0092,39.229,-19.825,28.585,62.257,60.502,55.388,54.727
-4.58,53.549,19.958,-32.186,-3.3193,42.061,-23.268,30.916,66.683,66.022,59.952,59.647
-2.6242,58.406,21.013,-36.443,-2.7535,44.861,-27.019,33.152,70.888,71.646,64.773,64.999
-0.84659,63.208,22.2,-40.651,-2.3076,47.696,-31.132,35.299,74.88,77.469,69.971,70.833
0.83989,68.071,23.516,-44.94,-1.9431,50.602,-35.643,37.339,78.644,83.529,75.642,77.143
2.5459,73.016,24.927,-49.377,-1.6103,53.566,-40.566,39.237,82.143,89.743,81.824,83.859
4.3582,77.953,26.384,-53.908,-1.2786,56.532,-45.89,40.949,85.325,95.901,88.474,90.851
6.3004,82.727,27.85,-58.373,-0.95306,59.44,-51.573,42.446,88.153,101.74,95.466,97.953
8.3248,87.206,29.332,-62.582,-0.67091,62.259,-57.552,43.726,90.62,107.04,102.6,104.96
10.344,91.349,30.881,-66.418,-0.48166,65.011,-63.756,44.82,92.757,111.72,109.68,111.67
12.291,95.221,32.581,-69.882,-0.42299,67.766,-70.108,45.777,94.619,115.84,116.54,117.91
14.149,98.952,34.51,-73.068,-0.5032,70.614,-76.523,46.645,96.263,119.49,123.11,123.62
15.927,102.65,36.705,-76.08,-0.6986,73.615,-82.905,47.449,97.727,122.73,129.37,128.81
17.615,106.35,39.138,-78.963,-0.9644,76.759,-89.154,48.181,99.023,125.58,135.31,133.54
19.159,109.98,41.715,-81.689,-1.2506,79.955,-95.169,48.818,100.14,128.02,140.88,137.86
20.485,113.41,44.317,-84.193,-1.5154,83.072,-100.87,49.331,101.07,130.06,146.01,141.79
21.541,116.55,46.85,-86.431,-1.7333,86.003,-106.19,49.71,101.8,131.7,150.6,145.35
22.317,119.38,49.277,-88.404,-1.8991,88.701,-111.09,49.968,102.36,132.98,154.61,148.54
22.841,121.93,51.602,-90.153,-2.0253,91.182,-115.6,50.133,102.75,133.97,158.05,151.39
23.172,124.27,53.855,-91.732,-2.1355,93.504,-119.72,50.242,103.03,134.74,161.0,153.94
23.386,126.49,56.056,-93.198,-2.2537,95.735,-123.48,50.33,103.22,135.36,163.53,156.23
23.56,128.66,58.204,-94.599,-2.3959,97.924,-126.86,50.416,103.35,135.89,165.74,158.31
23.758,130.81,60.269,-95.968,-2.5653,100.09,-129.86,50.507,103.45,136.35,167.68,160.23
24.023,132.96,62.204,-97.325,-2.7506,102.2,-132.45,50.594,103.53,136.74,169.42,162.02
24.368,135.08,63.967,-98.669,-2.9319,104.21,-134.64,50.668,103.58,137.05,170.96,163.72
24.761,137.12,65.541,-99.974,-3.0921,106.09,-136.44,50.734,103.59,137.26,172.33,165.37
25.112,139.01,66.944,-101.19,-3.2297,107.81,-137.89,50.814,103.57,137.38,173.55,166.98
25.273,140.66,68.211,-102.23,-3.3611,109.32,-139.04,50.935,103.52,137.4,174.6,168.55
25.062,141.98,69.364,-103.0,-3.5101,110.6,-139.94,51.115,103.43,137.32,175.48,170.0
24.321,142.83,70.386,-103.39,-3.6921,111.55,-140.64,51.349,103.32,137.13,176.18,171.25
22.96,143.1,71.224,-103.32,-3.9032,112.1,-141.18,51.616,103.17,136.83,176.67,172.2
20.985,142.73,71.804,-102.74,-4.1232,112.17,-141.6,51.887,102.97,136.39,176.93,172.76
18.468,141.68,72.057,-101.64,-4.3316,111.7,-141.88,52.137,102.74,135.81,176.93,172.89
15.502,139.91,71.939,-99.995,-4.5243,110.63,-142.03,52.353,102.45,135.09,176.64,172.6
12.177,137.43,71.443,-97.785,-4.7186,108.95,-141.99,52.53,102.11,134.25,175.98,171.91
8.5979,134.26,70.599,-94.96,-4.9401,106.68,-141.72,52.673,101.71,133.28,174.89,170.86
4.897,130.47,69.456,-91.495,-5.2008,103.87,-141.17,52.797,101.25,132.18,173.27,169.49
1.2149,126.16,68.047,-87.409,-5.4873,100.64,-140.27,52.917,100.72,130.95,171.02,167.82
-2.3524,121.4,66.361,-82.741,-5.7701,97.039,-138.97,53.041,100.14,129.53,168.05,165.83
-5.7851,116.17,64.327,-77.499,-6.0264,93.075,-137.21,53.162,99.489,127.84,164.23,163.45
-9.1275,110.37,61.84,-71.628,-6.2557,88.669,-134.96,53.255,98.738,125.75,159.41,160.59
-12.441,103.82,58.802,-65.04,-6.4789,83.742,-132.2,53.283,97.837,123.1,153.44,157.1
-15.756,96.426,55.183,-57.696,-6.7213,78.293,-128.95,53.204,96.721,119.72,146.24,152.84
-19.043,88.17,51.062,-49.682,-6.9941,72.437,-125.17,52.989,95.322,115.49,137.94,147.7
-22.227,79.156,46.628,-41.2,-7.2859,66.344,-120.84,52.618,93.587,110.43,128.8,141.65
-25.231,69.521,42.111,-32.485,-7.571,60.146,-115.91,52.078,91.478,104.68,119.15,134.8
-28.004,59.356,37.7,-23.716,-7.8288,53.866,-110.36,51.348,88.964,98.43,109.17,127.27
-30.545,48.674,33.487,-15.015,-8.0574,47.426,-104.18,50.392,86.0,91.857,99.0,119.18
-32.903,37.496,29.476,-6.5102,-8.2692,40.704,-97.441,49.152,82.528,85.065,88.798,110.54
-35.161,25.991,25.63,1.6171,-8.4758,33.614,-90.198,47.57,78.491,78.128,78.849,101.32
-37.429,14.528,21.904,9.1709,-8.6784,26.195,-82.518,45.596,73.858,71.119,69.503,91.6
-39.843,3.5762,18.274,16.005,-8.8703,18.643,-74.47,43.198,68.644,64.08,60.977,81.674
-42.565,-6.4484,14.74,22.047,-9.0485,11.263,-66.135,40.367,62.893,56.994,53.207,72.005
-45.792,-15.286,11.327,27.289,-9.2216,4.3745,-57.61,37.103,56.651,49.784,45.911,63.016
-49.753,-22.863,8.0688,31.77,-9.4103,-1.8013,-48.999,33.408,49.935,42.342,38.757,54.851
-54.682,-29.277,4.9883,35.586,-9.6428,-7.1961,-40.413,29.279,42.727,34.566,31.493,47.353
-60.756,-34.749,2.0826,38.883,-9.9485,-11.886,-31.965,24.721,35.016,26.411,23.996,40.214
-67.964,-39.545,-0.6673,41.824,-10.352,-16.024,-23.778,19.783,26.867,17.941,16.272,33.132
-75.99,-43.89,-3.2718,44.561,-10.871,-19.757,-15.983,14.591,18.467,9.3811,8.4437,25.903
-84.255,-47.924,-5.7148,47.208,-11.508,-23.173,-8.7012,9.3342,10.127,1.11,0.75553,18.463
-92.215,-51.696,-7.9549,49.848,-12.26,-26.299,-2.0093,4.2211,2.2174,-6.4338,-6.4468,10.924
-99.661,-55.211,-9.9421,52.567,-13.118,-29.125,4.0658,-0.58065,-4.9345,-12.925,-12.817,3.5668
-106.76,-58.476,-11.64,55.483,-14.077,-31.639,9.5176,-4.9797,-11.147,-18.278,-18.153,-3.2541
-113.86,-61.525,-13.042,58.753,-15.128,-33.849,14.324,-8.9647,-16.412,-22.627,-22.456,-9.2692
-121.18,-64.424,-14.175,62.546,-16.256,-35.79,18.449,-12.581,-20.845,-26.216,-25.876,-14.391
-128.64,-67.259,-15.091,66.994,-17.438,-37.527,21.881,-15.9,-24.612,-29.288,-28.613,-18.697
-136.03,-70.133,-15.851,72.183,-18.648,-39.136,24.662,-18.989,-27.871,-32.027,-30.856,-22.335
-143.2,-73.161,-16.508,78.173,-19.876,-40.688,26.88,-21.898,-30.747,-34.547,-32.748,-25.445
-150.1,-76.473,-17.102,85.028,-21.135,-42.228,28.639,-24.663,-33.328,-36.908,-34.393,-28.12
-156.76,-80.234,-17.655,92.788,-22.47,-43.779,30.023,-27.318,-35.68,-39.144,-35.865,-30.417
-163.14,-84.659,-18.17,101.39,-23.957,-45.347,31.088,-29.904,-37.864,-41.281,-37.223,-32.386
-169.09,-90.006,-18.644,110.53,-25.682,-46.935,31.865,-32.462,-39.93,-43.343,-38.514,-34.082
-174.43,-96.432,-19.074,119.55,-27.666,-48.532,32.395,-35.004,-41.907,-45.332,-39.758,-35.548
-178.97,-103.68,-19.463,127.68,-29.744,-50.099,32.757,-37.466,-43.77,-47.205,-40.937,-36.804
-182.73,-110.79,-19.818,134.4,-31.533,-51.551,33.102,-39.672,-45.42,-48.848,-41.987,-37.837
-186.04,-116.22,-20.152,139.4,-32.358,-52.737,33.632,-41.351,-46.685,-50.088,-42.805,-38.598
-189.88,-118.38,-20.479,142.18,-31.458,-53.425,34.534,-42.205,-47.368,-50.741,-43.273,-39.021
-195.32,-116.33,-20.807,142.16,-29.56,-53.363,35.852,-42.044,-47.328,-50.683,-43.307,-39.043
-200.3,-111.04,-21.136,140.38,-30.487,-52.484,37.437,-40.934,-46.574,-49.935,-42.898,-38.64
-208.74,-106.49,-21.46,143.15,-33.223,-51.06,39.043,-39.229,-45.285,-48.674,-42.14,-37.863
-221.46,-105.81,-21.766,152.84,-37.793,-49.524,40.483,-37.259,-43.703,-47.108,-41.194,-36.841
-233.34,-105.41,-22.044,159.55,-43.633,-48.079,41.68,-35.008,-42.041,-45.369,-40.226,-35.761
-242.43,-100.35,-22.288,154.43,-50.168,-46.808,42.611,-32.675,-40.583,-43.707,-39.443,-34.862
-248.19,-94.382,-22.495,143.18,-54.472,-45.922,43.256,-31.019,-39.699,-42.553,-39.057,-34.366
-239.33,-92.362,-22.669,140.28,-51.229,-45.502,43.635,-30.372,-39.513,-42.085,-39.076,-34.302
-206.06,-91.858,-22.813,135.84,-36.587,-45.231,43.822,-30.414,-39.819,-42.092,-39.298,-34.486
-147.45,-86.024,-22.933,104.72,-9.1765,-44.529,43.9,-30.724,-40.335,-42.273,-39.506,-34.698
-72.496,-64.744,-23.035,41.33,29.581,-42.983,43.901,-31.042,-40.883,-42.454,-39.599,-34.819
1.4543,-26.201,-23.122,-29.373,69.58,-40.767,43.803,-31.314,-41.411,-42.611,-39.608,-34.861
52.927,13.305,-23.194,-79.768,97.38,-38.736,43.562,-31.623,-41.937,-42.812,-39.644,-34.92
64.133,30.856,-23.245,-91.183,104.58,-38.029,43.147,-32.074,-42.498,-43.138,-39.829,-35.104
29.21,13.807,-23.265,-58.139,88.013,-39.428,42.567,-32.703,-43.112,-43.629,-40.231,-35.472
-42.072,-33.056,-23.24,9.468,52.561,-42.828,41.862,-33.452,-43.754,-44.253,-40.832,-35.997
-128.55,-91.713,-23.159,90.756,9.1118,-47.109,41.083,-34.159,-44.355,-44.902,-41.528,-36.574
-207.83,-143.84,-23.024,164.66,-30.689,-50.837,40.276,-34.659,-44.847,-45.457,-42.166,-37.073
-265.53,-181.48,-22.846,219.76,-59.316,-53.375,39.502,-34.965,-45.246,-45.9,-42.658,-37.433
-297.62,-205.9,-22.646,252.57,-74.943,-55.188,38.792,-35.329,-45.711,-46.377,-43.079,-37.737
-308.36,-220.75,-22.447,264.71,-79.897,-57.334,38.055,-36.101,-46.487,-47.136,-43.628,-38.162
-306.12,-226.44,-22.268,263.17,-78.172,-61.4,37.068,-37.531,-47.747,-48.358,-44.462,-38.823
-298.75,-221.77,-22.114,254.57,-73.651,-67.804,35.625,-39.642,-49.487,-50.043,-45.567,-39.663
-290.63,-207.34,-21.975,242.16,-68.848,-72.365,33.676,-42.246,-51.534,-52.03,-46.832,-40.535
-283.27,-191.95,-21.831,226.39,-64.813,-74.189,31.314,-44.999,-53.63,-54.094,-48.192,-41.345
-275.4,-187.93,-21.665,213.08,-61.496,-76.15,28.771,-47.461,-55.484,-55.964,-49.558,-42.044
-264.79,-191.44,-21.47,208.73,-56.209,-78.588,26.381,-49.251,-56.839,-57.356,-50.702,-42.561
-259.04,-194.58,-21.247,207.86,-54.178,-80.121,24.457,-50.217,-57.565,-58.099,-51.364,-42.797
-256.08,-195.24,-21.009,207.09,-52.305,-80.12,23.098,-50.456,-57.715,-58.227,-51.476,-42.713
-253.67,-193.94,-20.768,205.56,-49.873,-78.96,22.134,-50.205,-57.464,-57.938,-51.199,-42.391
-251.75,-191.81,-20.524,203.8,-47.718,-77.286,21.25,-49.719,-57.007,-57.455,-50.758,-41.975
-250.78,-189.7,-20.263,202.41,-46.327,-75.586,20.148,-49.176,-56.474,-56.931,-50.316,-41.58
-251.02,-187.97,-19.955,201.68,-46.024,-74.078,18.631,-48.644,-55.905,-56.423,-49.937,-41.256
-252.43,-186.6,-19.559,201.57,-46.898,-72.761,16.598,-48.101,-55.28,-55.904,-49.61,-41.0
-254.77,-185.42,-19.03,201.91,-48.687,-71.525,14.009,-47.489,-54.549,-55.311,-49.286,-40.779
-257.66,-184.21,-18.32,202.45,-50.942,-70.277,10.837,-46.771,-53.684,-54.595,-48.918,-40.565
-260.72,-182.89,-17.373,202.98,-53.336,-69.008,7.0441,-45.96,-52.697,-53.743,-48.482,-40.347
-263.6,-181.56,-16.14,203.46,-55.778,-67.799,2.5737,-45.123,-51.647,-52.79,-47.984,-40.134
-266.05,-180.5,-14.587,203.96,-58.269,-66.767,-2.6394,-44.353,-50.612,-51.8,-47.454,-39.952
-267.78,-179.92,-12.717,204.59,-60.67,-65.974,-8.6597,-43.733,-49.668,-50.832,-46.921,-39.827
-268.52,-179.79,-10.58,205.27,-62.675,-65.354,-15.542,-43.298,-48.848,-49.92,-46.395,-39.77
-268.19,-179.74,-8.2539,205.73,-64.027,-64.702,-23.305,-43.002,-48.124,-49.048,-45.861,-39.766
-267.0,-179.2,-5.8221,205.72,-64.675,-63.768,-31.88,-42.733,-47.411,-48.156,-45.28,-39.772
-265.47,-177.68,-3.3535,205.16,-64.797,-62.385,-41.087,-42.349,-46.599,-47.169,-44.614,-39.738
-264.07,-174.84,-0.90183,204.11,-64.796,-60.529,-50.678,-41.746,-45.608,-46.038,-43.842,-39.626
-263.02,-170.67,1.4919,202.61,-65.134,-58.315,-60.434,-40.897,-44.415,-44.761,-42.972,-39.421
-262.31,-165.45,3.7989,200.76,-66.053,-55.917,-70.211,-39.851,-43.054,-43.378,-42.022,-39.128
-261.88,-159.59,6.0029,198.68,-67.478,-53.496,-79.925,-38.696,-41.589,-41.942,-41.011,-38.755
-261.58,-153.44,8.1019,196.42,-69.074,-51.163,-89.499,-37.522,-40.081,-40.495,-39.945,-38.303
-261.29,-147.2,10.11,193.99,-70.388,-48.981,-98.846,-36.399,-38.576,-39.069,-38.821,-37.767
-260.82,-140.91,12.054,191.29,-71.039,-46.966,-107.85,-35.372,-37.1,-37.683,-37.637,-37.136
-260.07,-134.52,13.956,188.19,-70.82,-45.112,-116.4,-34.468,-35.668,-36.358,-36.402,-36.411
-259.02,-128.09,15.821,184.65,-69.678,-43.408,-124.35,-33.709,-34.299,-35.124,-35.147,-35.61
-257.72,-121.9,17.622,180.82,-67.726,-41.872,-131.57,-33.121,-33.026,-34.021,-33.926,-34.778
-256.29,-116.5,19.305,177.16,-65.312,-40.559,-137.96,-32.741,-31.904,-33.094,-32.812,-33.982
-254.81,-112.45,20.785,174.28,-62.933,-39.544,-143.46,-32.597,-30.989,-32.38,-31.874,-33.29
-253.35,-109.96,21.953,172.51,-61.022,-38.871,-148.04,-32.671,-30.304,-31.876,-31.136,-32.739
-252.07,-108.62,22.701,171.59,-59.86,-38.486,-151.69,-32.866,-29.791,-31.512,-30.538,-32.296
-251.27,-107.4,22.96,170.63,-59.589,-38.225,-154.41,-32.99,-29.297,-31.15,-29.929,-31.853
-251.06,-104.92,22.734,168.4,-60.137,-37.844,-156.25,-32.791,-28.596,-30.607,-29.093,-31.244
-250.5,-99.985,22.091,163.56,-60.641,-37.082,-157.33,-32.034,-27.449,-29.695,-27.785,-30.28
-247.14,-92.636,21.132,155.24,-61.363,-35.709,-157.82,-30.611,-25.656,-28.252,-25.753,-28.769
-243.57,-84.685,19.945,145.06,-66.45,-33.584,-157.83,-28.593,-23.083,-26.151,-22.751,-26.534
-247.13,-78.701,18.578,143.24,-70.932,-30.686,-157.28,-26.18,-19.674,-23.281,-18.608,-23.437
-253.71,-76.805,17.042,157.52,-75.198,-27.088,-155.99,-23.535,-15.457,-19.57,-13.334,-19.429
-263.41,-80.761,15.323,173.57,-79.454,-22.859,-153.8,-20.65,-10.565,-15.036,-7.1554,-14.569
-272.39,-90.11,13.402,183.59,-80.931,-17.988,-150.33,-17.373,-5.2126,-9.8551,-0.44509,-9.0165
-271.37,-99.289,11.262,184.63,-77.23,-12.459,-144.99,-13.611,0.35794,-4.3421,6.3152,-3.0379
-254.16,-98.966,8.8885,170.98,-65.613,-6.3054,-137.08,-9.4506,5.9493,1.1766,12.712,3.019
-217.08,-81.647,6.2782,137.76,-43.726,0.41002,-126.1,-5.0372,11.451,6.5172,18.612,8.893
-159.95,-46.881,3.4352,84.761,-11.494,7.5547,-111.9,-0.4358,16.825,11.647,24.083,14.501
-88.468,-0.77761,0.37324,18.157,27.971,14.887,-94.871,4.3335,22.047,16.576,29.192,19.853
-13.271,47.688,-2.8813,-51.336,68.942,22.108,-75.948,9.222,27.072,21.282,33.94,24.945
53.812,89.728,-6.2758,-112.64,105.08,28.957,-56.326,14.146,31.846,25.719,38.299,29.726
103.97,118.76,-9.7082,-158.23,131.79,35.296,-37.329,19.018,36.338,29.869,42.285,34.137
133.92,132.24,-13.015,-185.65,147.66,41.145,-20.426,23.761,40.564,33.776,45.965,38.15
145.94,132.61,-15.997,-196.48,154.6,46.647,-6.5577,28.311,44.558,37.521,49.395,41.779
145.84,126.99,-18.498,-192.95,156.41,51.993,4.4541,32.603,48.284,41.124,52.493,45.023
139.99,124.89,-20.459,-173.3,156.0,57.28,13.744,36.508,51.529,44.39,54.937,47.801
128.68,130.51,-21.92,-143.53,154.57,62.385,22.733,39.766,53.872,46.836,56.273,49.932
99.456,139.87,-22.972,-130.69,153.57,66.937,31.612,42.068,54.837,47.901,56.28,51.243
92.026,147.62,-23.714,-130.18,153.95,70.401,38.678,43.193,54.156,47.312,55.187,51.698
92.242,151.68,-24.225,-131.34,153.38,72.297,43.22,43.116,51.867,45.145,53.287,51.341
92.189,152.61,-24.573,-131.9,147.0,72.499,46.144,41.974,48.215,41.607,50.626,50.19
91.578,151.54,-24.799,-131.65,143.72,71.295,48.308,39.984,43.528,36.924,47.218,48.318
90.499,149.32,-24.932,-130.76,141.91,69.199,50.152,37.388,38.17,31.39,43.197,45.939
89.202,146.5,-24.982,-129.49,139.85,66.726,51.873,34.411,32.49,25.378,38.765,43.312
87.867,143.44,-24.949,-128.09,137.22,64.259,53.564,31.22,26.81,19.331,34.116,40.658
86.539,140.36,-24.83,-126.66,134.15,61.996,55.244,27.932,21.364,13.637,29.436,38.109
85.197,137.35,-24.632,-125.23,130.88,60.006,56.871,24.593,16.268,8.4989,24.884,35.715
83.826,134.41,-24.369,-123.79,127.65,58.27,58.356,21.214,11.55,3.9289,20.551,33.462
82.43,131.51,-24.055,-122.3,124.67,56.747,59.608,17.807,7.2129,-0.14502,16.47,31.309
81.031,128.66,-23.711,-120.76,122.18,55.408,60.574,14.408,3.2648,-3.7795,12.659,29.218
79.645,125.9,-23.347,-119.17,120.33,54.236,61.249,11.074,-0.25805,-7.0001,9.1566,27.196
78.264,123.26,-22.966,-117.55,119.12,53.209,61.656,7.8615,-3.339,-9.7994,6.0062,25.283
76.848,120.75,-22.571,-115.91,118.3,52.284,61.821,4.8148,-6.0032,-12.183,3.2431,23.528
75.337,118.34,-22.167,-114.25,117.39,51.403,61.756,1.9626,-8.3132,-14.187,0.86392,21.96
73.669,115.99,-21.768,-112.54,116.0,50.502,61.467,-0.6824,-10.335,-15.872,-1.1765,20.564
71.798,113.63,-21.386,-110.76,114.06,49.527,60.964,-3.1262,-12.147,-17.322,-2.9517,19.275
69.683,111.21,-21.035,-108.87,111.82,48.434,60.273,-5.392,-13.817,-18.628,-4.5426,17.987
67.292,108.68,-20.72,-106.84,109.61,47.201,59.447,-7.5094,-15.405,-19.872,-6.0155,16.583
64.603,106.02,-20.44,-104.65,107.58,45.829,58.56,-9.5089,-16.936,-21.101,-7.4037,14.967
61.622,103.22,-20.189,-102.27,105.76,44.346,57.707,-11.391,-18.419,-22.325,-8.7029,13.083
58.418,100.28,-19.97,-99.729,104.07,42.784,56.956,-13.14,-19.845,-23.524,-9.8857,10.92
55.115,97.215,-19.79,-97.048,102.39,41.144,56.346,-14.726,-21.2,-24.664,-10.928,8.4987
51.81,93.981,-19.671,-94.273,100.6,39.399,55.883,-16.103,-22.463,-25.72,-11.835,5.848
48.525,90.544,-19.635,-91.427,98.605,37.489,55.529,-17.193,-23.6,-26.684,-12.644,2.9795
45.228,86.883,-19.691,-88.519,96.382,35.379,55.242,-17.859,-24.525,-27.529,-13.411,-0.065898
41.939,83.077,-19.81,-85.594,93.991,33.129,54.982,-17.894,-25.087,-28.196,-14.143,-3.2084
38.814,79.358,-19.93,-82.779,91.596,30.948,54.725,-17.042,-25.072,-28.579,-14.786,-6.3242
36.111,76.036,-19.973,-80.249,89.405,29.103,54.459,-15.031,-24.215,-28.533,-15.224,-9.2732
34.067,73.375,-19.898,-78.16,87.574,27.797,54.173,-11.667,-22.2,-27.872,-15.299,-11.938
32.825,71.443,-19.747,-76.578,86.14,27.026,53.844,-7.409,-18.648,-26.36,-14.816,-14.241
32.498,70.064,-19.687,-75.476,85.017,26.499,53.441,-5.9972,-13.235,-23.627,-13.495,-16.105
33.311,68.908,-20.007,-74.802,84.069,25.697,52.931,-18.115,-6.5482,-19.112,-10.879,-17.433
35.673,67.677,-20.971,-74.592,83.56,24.029,52.28,-35.766,-3.2805,-12.786,-6.2245,-18.01
39.938,66.275,-22.544,-75.029,86.011,21.042,51.443,-35.732,-18.186,-10.587,1.2403,-17.421
45.576,64.917,-23.991,-76.39,91.069,16.616,50.358,-25.018,-38.71,-33.26,10.131,-14.965
49.304,64.148,-22.776,-78.896,94.616,11.122,48.94,-7.392,-31.117,-48.009,5.639,-10.099
29.802,64.798,-20.591,-82.568,96.039,5.3762,47.09,16.554,-14.472,-39.062,-31.961,-7.4986
11.173,67.769,-16.629,-87.058,95.368,0.24273,44.715,47.385,9.1098,-23.003,-35.363,-25.096
16.437,73.59,-11.843,-89.333,93.476,-3.7302,42.826,85.679,40.092,0.2537,-27.745,-31.679
24.324,81.946,-9.1705,-78.077,92.568,-6.255,46.627,128.54,77.496,31.096,-14.122,-26.619
35.975,90.779,-13.156,-76.706,96.326,-6.8687,48.46,171.86,120.19,69.099,6.854,-17.927
53.35,80.536,-29.066,-80.421,108.81,-4.3192,45.667,217.77,168.95,114.63,36.963,-4.7364
79.16,45.155,-60.525,-89.008,133.5,-0.099709,40.281,274.4,226.72,169.83,78.11,15.019
117.25,37.643,-107.95,-106.25,172.61,-23.629,31.174,350.86,301.18,237.73,131.98,44.364
170.85,41.816,-164.81,-133.33,226.23,-46.371,15.78,453.16,400.75,322.75,199.88,86.423
241.04,55.918,-223.53,-171.31,292.37,-59.027,-9.4668,581.26,528.46,429.27,282.84,142.74
325.88,82.529,-281.49,-222.73,366.08,-67.291,-48.915,726.78,679.77,557.64,381.45,212.79
420.32,129.11,-330.92,-289.04,439.38,-68.586,-105.2,872.59,841.53,701.92,496.83,297.27
516.51,201.61,-359.41,-367.75,501.93,-56.162,-175.07,995.02,992.82,849.69,627.93,397.24
604.03,297.68,-356.61,-452.47,542.93,-23.742,-251.42,1068.6,1108.8,984.46,767.21,508.9
671.15,408.2,-316.55,-534.19,553.76,35.436,-326.56,1072.5,1167.0,1089.8,903.44,624.65
707.7,521.31,-240.34,-602.86,530.65,128.18,-390.62,997.31,1154.3,1153.4,1025.0,734.68
708.07,622.31,-137.21,-649.26,476.24,239.06,-434.17,849.39,1070.6,1169.5,1122.2,828.82
672.51,696.4,-22.805,-666.79,399.17,335.96,-451.03,650.07,929.02,1140.7,1188.2,898.17
606.49,732.18,84.764,-652.39,311.61,408.17,-439.51,430.45,751.93,1076.1,1219.0,935.94
518.33,723.64,169.72,-606.48,225.63,446.22,-401.79,222.82,564.71,986.81,1211.7,937.1
416.43,670.29,222.21,-532.27,150.21,445.07,-342.19,51.987,388.25,881.65,1162.4,897.74
307.55,576.63,239.51,-435.09,89.875,406.14,-265.73,-70.34,234.29,763.98,1066.5,815.32
196.94,451.47,225.3,-322.09,45.233,336.25,-177.95,-145.82,105.19,632.95,921.55,690.69
89.534,306.94,187.25,-202.08,14.484,245.65,-85.536,-185.4,-2.6225,487.75,732.11,531.03
-9.2135,157.29,134.47,-84.523,-4.8197,145.98,3.4625,-203.01,-94.087,332.23,513.11,351.22
-91.702,17.265,75.795,21.915,-14.665,48.275,80.987,-209.89,-172.28,176.04,288.77,172.19
-151.43,-98.236,18.632,108.43,-16.335,-37.263,141.35,-211.76,-236.22,31.275,86.676,15.669
-186.69,-180.6,-31.987,171.13,-10.841,-101.93,182.14,-208.74,-280.76,-87.505,-70.664,-101.74
-197.95,-232.71,-72.992,208.92,0.90881,-144.3,203.24,-197.12,-300.14,-165.59,-168.82,-171.84
-188.57,-260.35,-102.22,221.61,17.4,-167.88,206.41,-170.91,-291.88,-201.49,-210.55,-198.72
-164.86,-266.37,-120.32,212.74,36.651,-178.67,195.12,-126.93,-258.93,-201.3,-208.22,-192.42
-134.35,-253.31,-129.4,189.59,55.811,-180.55,174.1,-76.76,-210.03,-176.04,-177.99,-165.91
-98.034,-226.96,-131.33,158.49,70.787,-173.14,148.31,-33.679,-155.96,-138.38,-137.22,-132.93
-57.315,-183.03,-128.94,102.78,81.228,-155.0,121.64,1.9893,-107.23,-99.153,-99.218,-103.77
-43.578,-119.86,-121.13,66.121,87.819,-117.81,99.847,30.732,-67.978,-64.938,-70.498,-82.341
-37.655,-96.816,-107.76,58.954,90.898,-88.548,84.288,50.016,-39.785,-37.772,-51.813,-63.953
-32.736,-88.599,-92.127,55.667,90.864,-76.718,74.014,56.975,-22.841,-33.746,-41.886,-52.443
-29.876,-80.733,-77.011,51.809,87.63,-68.231,67.552,50.179,-14.411,-30.362,-40.722,-50.658
-28.67,-72.95,-63.798,47.705,80.874,-60.593,62.802,30.828,-12.113,-27.026,-38.68,-48.229
-27.993,-65.784,-53.233,44.005,71.675,-53.783,58.347,9.3789,-16.45,-26.257,-37.204,-44.295
-27.129,-59.79,-44.752,41.025,62.882,-47.733,53.628,-1.89,-23.85,-26.516,-35.895,-39.765
-26.192,-55.241,-37.51,38.654,55.285,-42.632,49.473,-4.6384,-25.836,-26.22,-34.476,-36.289
-25.447,-51.834,-31.088,36.763,48.758,-38.598,46.594,-4.9536,-24.546,-25.47,-33.202,-33.961
-24.997,-49.179,-25.734,35.306,43.779,-35.431,44.684,-5.992,-22.788,-24.723,-32.268,-32.331
-24.835,-47.044,-22.206,34.216,40.424,-32.849,43.348,-8.3903,-21.422,-24.278,-31.758,-31.18
-24.91,-45.293,-20.5,33.408,38.458,-30.676,42.368,-11.798,-20.804,-24.306,-31.645,-30.389
-25.16,-43.85,-19.472,32.822,37.326,-28.834,41.616,-15.667,-20.989,-24.789,-31.808,-29.857
-25.535,-42.687,-18.364,32.434,36.116,-27.289,41.001,-19.507,-21.765,-25.573,-32.093,-29.489
-25.991,-41.805,-17.091,32.247,34.287,-26.02,40.452,-22.995,-22.838,-26.494,-32.391,-29.221
-26.489,-41.191,-15.746,32.24,32.016,-24.995,39.926,-26.022,-23.981,-27.434,-32.647,-29.013
-26.982,-40.776,-14.402,32.354,29.717,-24.168,39.409,-28.641,-25.076,-28.332,-32.846,-28.85
-27.414,-40.469,-13.11,32.503,27.638,-23.482,38.908,-30.938,-26.081,-29.165,-32.99,-28.724
-27.717,-40.173,-11.917,32.591,25.879,-22.889,38.438,-32.944,-26.986,-29.928,-33.088,-28.631
-27.828,-39.83,-10.875,32.543,24.527,-22.361,38.001,-34.604,-27.791,-30.63,-33.151,-28.573
-27.719,-39.423,-10.023,32.335,23.64,-21.888,37.588,-35.812,-28.497,-31.281,-33.189,-28.555
-27.419,-38.987,-9.3713,32.005,23.185,-21.491,37.172,-36.473,-29.097,-31.887,-33.213,-28.576
-27.009,-38.595,-8.8982,31.64,23.023,-21.202,36.719,-36.556,-29.591,-32.442,-33.232,-28.623
-26.598,-38.32,-8.5539,31.343,22.965,-21.037,36.203,-36.111,-29.993,-32.935,-33.243,-28.675
-26.282,-38.208,-8.2784,31.191,22.836,-20.987,35.617,-35.258,-30.328,-33.354,-33.244,-28.704
-26.111,-38.253,-8.0204,31.206,22.535,-21.02,34.969,-34.14,-30.629,-33.691,-33.229,-28.686
-26.072,-38.4,-7.7517,31.35,22.051,-21.09,34.287,-32.858,-30.926,-33.942,-33.2,-28.605
-26.103,-38.57,-7.4715,31.541,21.456,-21.152,33.597,-31.453,-31.243,-34.113,-33.159,-28.453
-26.124,-38.687,-7.1987,31.691,20.862,-21.173,32.924,-29.937,-31.589,-34.21,-33.114,-28.236
-26.067,-38.7,-6.9572,31.733,20.378,-21.142,32.275,-28.326,-31.951,-34.248,-33.071,-27.97
-25.899,-38.591,-6.7536,31.644,20.061,-21.057,31.645,-26.632,-32.301,-34.24,-33.03,-27.675
-25.628,-38.371,-6.5684,31.439,19.874,-20.92,31.026,-24.846,-32.602,-34.194,-32.984,-27.367
-25.307,-38.073,-6.3588,31.165,19.697,-20.731,30.407,-22.952,-32.831,-34.111,-32.916,-27.051
-25.003,-37.734,-6.0725,30.882,19.387,-20.485,29.78,-20.956,-32.989,-33.988,-32.803,-26.715
-24.774,-37.387,-5.6762,30.639,18.86,-20.183,29.134,-18.891,-33.105,-33.829,-32.632,-26.336
-24.636,-37.059,-5.17,30.455,18.121,-19.842,28.462,-16.81,-33.223,-33.639,-32.402,-25.888
-24.581,-36.776,-4.5873,30.338,17.244,-19.496,27.76,-14.774,-33.379,-33.436,-32.127,-25.354
-24.596,-36.588,-3.9757,30.306,16.315,-19.195,27.023,-12.849,-33.598,-33.243,-31.842,-24.735
-24.678,-36.531,-3.3727,30.376,15.395,-18.981,26.25,-11.08,-33.878,-33.08,-31.584,-24.059
-24.817,-36.615,-2.7892,30.558,14.516,-18.866,25.439,-9.4713,-34.194,-32.954,-31.381,-23.367
-24.99,-36.794,-2.2075,30.83,13.689,-18.819,24.597,-7.9783,-34.493,-32.852,-31.235,-22.706
-25.153,-36.983,-1.5877,31.128,12.91,-18.775,23.734,-6.5513,-34.712,-32.738,-31.122,-22.103
-25.254,-37.065,-0.87916,31.361,12.163,-18.64,22.869,-5.2022,-34.798,-32.566,-30.99,-21.556
-25.255,-36.929,-0.035337,31.443,11.431,-18.323,22.02,-4.0129,-34.731,-32.296,-30.785,-21.036
-25.139,-36.508,0.97059,31.322,10.697,-17.775,21.191,-3.0702,-34.519,-31.915,-30.458,-20.505
-24.923,-35.797,2.1364,30.994,9.9423,-16.991,20.375,-2.4016,-34.193,-31.438,-29.988,-19.928
-24.633,-34.838,3.4331,30.493,9.1537,-16.006,19.564,-1.9653,-33.784,-30.899,-29.371,-19.29
-24.297,-33.697,4.8147,29.866,8.3316,-14.87,18.756,-1.6787,-33.315,-30.332,-28.621,-18.598
-23.925,-32.441,6.2295,29.157,7.5004,-13.636,17.959,-1.4471,-32.791,-29.76,-27.76,-17.878
-23.508,-31.121,7.6299,28.396,6.706,-12.35,17.172,-1.182,-32.203,-29.183,-26.816,-17.165
-23.034,-29.777,8.9835,27.601,5.9962,-11.046,16.368,-0.81516,-31.534,-28.588,-25.82,-16.488
-22.502,-28.433,10.284,26.79,5.3971,-9.7452,15.487,-0.3143,-30.766,-27.947,-24.797,-15.862
-21.93,-27.098,11.554,25.984,4.9002,-8.4465,14.448,0.30919,-29.881,-27.222,-23.761,-15.279
-21.351,-25.769,12.83,25.198,4.4664,-7.1314,13.176,1.0124,-28.868,-26.371,-22.698,-14.71
-20.799,-24.424,14.149,24.438,4.0446,-5.7683,11.638,1.7507,-27.716,-25.347,-21.569,-14.113
-20.287,-23.029,15.53,23.69,3.5928,-4.3233,9.8568,2.5059,-26.407,-24.108,-20.316,-13.445
-19.804,-21.546,16.964,22.924,3.0942,-2.7693,7.9141,3.2964,-24.922,-22.617,-18.877,-12.673
-19.316,-19.935,18.424,22.098,2.5638,-1.0891,5.9116,4.1703,-23.241,-20.852,-17.194,-11.785
-18.769,-18.16,19.875,21.159,2.0432,0.7262,3.9286,5.1882,-21.35,-18.806,-15.223,-10.786
-18.098,-16.184,21.285,20.055,1.5814,2.6805,1.9862,6.4042,-19.239,-16.486,-12.938,-9.6902
-17.25,-13.971,22.641,18.741,1.2095,4.7788,0.039058,7.8503,-16.897,-13.902,-10.328,-8.5107
-16.197,-11.487,23.962,17.189,0.92239,7.0352,-2.0085,9.5234,-14.301,-11.041,-7.3964,-7.2569
-14.947,-8.7038,25.3,15.392,0.68026,9.4751,-4.2739,11.379,-11.43,-7.8569,-4.1521,-5.9361
-13.538,-5.5922,26.725,13.362,0.42992,12.129,-6.8622,13.341,-8.2702,-4.2716,-0.6101,-4.5536
-12.006,-2.1126,28.306,11.101,0.13307,15.027,-9.8291,15.324,-4.8202,-0.1884,3.2129,-3.1045
-10.356,1.7906,30.093,8.5852,-0.21557,18.181,-13.158,17.271,-1.0858,4.4739,7.2995,-1.5643
-8.5547,6.1647,32.108,5.7726,-0.59217,21.577,-16.765,19.162,2.9298,9.7348,11.623,0.11301
-6.5796,10.996,34.344,2.6456,-0.96493,25.157,-20.543,21.015,7.2261,15.512,16.139,1.9843
-4.4543,16.189,36.779,-0.75372,-1.314,28.835,-24.409,22.871,11.804,21.627,20.782,4.1043
-2.2315,21.624,39.396,-4.3556,-1.6347,32.541,-28.34,24.782,16.672,27.88,25.487,6.5174
0.086131,27.266,42.19,-8.153,-1.9242,36.266,-32.362,26.789,21.843,34.126,30.218,9.2573
2.6133,33.217,45.169,-12.266,-2.1696,40.068,-36.537,28.907,27.313,40.307,34.977,12.348
5.5488,39.627,48.332,-16.897,-2.3553,44.024,-40.928,31.112,33.014,46.431,39.794,15.796
9.0451,46.534,51.645,-22.175,-2.484,48.17,-45.593,33.334,38.797,52.519,44.706,19.576
13.084,53.762,55.026,-28.024,-2.5897,52.47,-50.563,35.475,44.456,58.588,49.752,23.619
17.467,61.001,58.363,-34.174,-2.7248,56.846,-55.829,37.448,49.797,64.629,54.984,27.833
21.935,67.981,61.554,-40.315,-2.931,61.217,-61.339,39.218,54.703,70.618,60.478,32.133
26.303,74.573,64.546,-46.235,-3.2158,65.536,-67.015,40.806,59.155,76.522,66.306,36.473
30.53,80.793,67.339,-51.875,-3.5463,69.795,-72.776,42.269,63.211,82.331,72.506,40.857
34.692,86.747,69.971,-57.29,-3.8618,74.028,-78.553,43.673,66.97,88.076,79.061,45.335
38.913,92.571,72.496,-62.576,-4.0981,78.305,-84.286,45.064,70.525,93.809,85.911,49.996
43.263,98.379,74.964,-67.797,-4.2142,82.696,-89.905,46.457,73.933,99.558,92.993,54.944
47.697,104.22,77.399,-72.937,-4.2109,87.227,-95.332,47.831,77.206,105.26,100.25,60.282
52.066,110.09,79.793,-77.92,-4.1321,91.843,-100.47,49.148,80.312,110.76,107.64,66.082
56.185,115.88,82.105,-82.636,-4.047,96.403,-105.24,50.361,83.2,115.83,115.09,72.368
59.9,121.46,84.276,-86.981,-4.0238,100.73,-109.58,51.438,85.819,120.29,122.48,79.097
63.13,126.66,86.259,-90.877,-4.1032,104.67,-113.48,52.364,88.137,124.05,129.65,86.143
65.879,131.36,88.025,-94.31,-4.2807,108.13,-117.01,53.152,90.15,127.12,136.38,93.3
68.249,135.56,89.574,-97.341,-4.5022,111.15,-120.24,53.835,91.888,129.58,142.51,100.32
70.392,139.32,90.923,-100.1,-4.6817,113.77,-123.24,54.45,93.4,131.58,147.98,106.99
72.433,142.75,92.097,-102.69,-4.7413,116.1,-126.03,55.029,94.736,133.24,152.81,113.18
74.392,145.91,93.125,-105.17,-4.6547,118.17,-128.63,55.579,95.928,134.65,157.04,118.83
76.186,148.76,94.036,-107.46,-4.4647,120.0,-131.02,56.089,96.985,135.88,160.72,123.94
77.705,151.22,94.846,-109.46,-4.2586,121.55,-133.16,56.541,97.909,136.97,163.89,128.5
78.893,153.26,95.555,-111.1,-4.1205,122.81,-135.03,56.924,98.702,137.94,166.56,132.5
79.772,154.9,96.146,-112.4,-4.0919,123.81,-136.59,57.244,99.375,138.81,168.79,135.98
80.416,156.22,96.605,-113.46,-4.1608,124.58,-137.85,57.524,99.944,139.59,170.62,138.96
80.919,157.31,96.928,-114.36,-4.273,125.17,-138.83,57.796,100.43,140.25,172.13,141.49
81.366,158.22,97.12,-115.18,-4.3512,125.64,-139.57,58.087,100.84,140.8,173.39,143.57
81.809,158.98,97.194,-115.94,-4.3193,125.99,-140.11,58.412,101.2,141.22,174.45,145.2
82.254,159.55,97.153,-116.61,-4.127,126.23,-140.47,58.768,101.51,141.51,175.33,146.33
82.677,159.87,96.986,-117.13,-3.7626,126.29,-140.66,59.137,101.77,141.66,176.05,146.9
83.046,159.84,96.645,-117.43,-3.2467,126.11,-140.65,59.492,101.96,141.69,176.59,146.85
83.335,159.39,96.048,-117.44,-2.6147,125.61,-140.39,59.804,102.08,141.6,176.9,146.13
83.525,158.45,95.08,-117.14,-1.9029,124.7,-139.81,60.05,102.1,141.41,176.94,144.73
83.599,156.98,93.626,-116.5,-1.1411,123.3,-138.86,60.218,102.03,141.12,176.64,142.68
83.538,154.91,91.615,-115.52,-0.35092,121.34,-137.43,60.311,101.85,140.72,175.95,140.0
83.328,152.21,89.04,-114.18,0.45622,118.75,-135.45,60.345,101.53,140.17,174.8,136.7
82.962,148.86,85.957,-112.48,1.28,115.46,-132.8,60.347,101.07,139.46,173.14,132.67
82.431,144.85,82.441,-110.39,2.1309,111.46,-129.39,60.346,100.47,138.52,170.85,127.78
81.705,140.2,78.547,-107.88,3.025,106.72,-125.2,60.355,99.707,137.32,167.75,121.9
80.735,134.9,74.298,-104.88,3.9721,101.3,-120.26,60.37,98.78,135.78,163.6,115.03
79.459,128.97,69.692,-101.34,4.9604,95.285,-114.69,60.363,97.668,133.83,158.22,107.36
77.818,122.42,64.739,-97.218,5.9408,88.815,-108.6,60.288,96.342,131.37,151.58,99.224
75.732,115.24,59.476,-92.444,6.8248,82.033,-102.09,60.092,94.752,128.29,143.87,90.941
73.072,107.43,53.964,-86.942,7.5065,75.063,-95.233,59.723,92.824,124.46,135.37,82.743
69.676,98.954,48.259,-80.626,7.907,67.997,-88.043,59.135,90.46,119.75,126.29,74.783
65.408,89.81,42.441,-73.457,8.0176,60.878,-80.512,58.295,87.553,114.01,116.68,67.194
60.25,79.989,36.658,-65.486,7.9049,53.688,-72.622,57.176,84.018,107.21,106.54,60.079
54.354,69.511,31.116,-56.871,7.6699,46.356,-64.378,55.744,79.807,99.47,95.952,53.443
48.004,58.467,25.974,-47.851,7.3923,38.818,-55.833,53.956,74.931,91.144,85.269,47.156
41.488,47.042,21.258,-38.686,7.1009,31.089,-47.1,51.764,69.462,82.649,75.012,41.016
34.985,35.482,16.877,-29.585,6.7782,23.287,-38.322,49.129,63.508,74.309,65.607,34.848
28.536,24.058,12.72,-20.689,6.3826,15.609,-29.637,46.029,57.165,66.239,57.151,28.566
22.099,13.045,8.7156,-12.102,5.8708,8.2775,-21.156,42.455,50.464,58.37,49.434,22.161
15.64,2.7167,4.8578,-3.9425,5.2174,1.4951,-12.967,38.402,43.365,50.522,42.118,15.66
9.2201,-6.6834,1.183,3.6377,4.4349,-4.5989,-5.165,33.883,35.819,42.468,34.875,9.119
3.0227,-14.98,-2.2615,10.471,3.5852,-9.9409,2.1155,28.954,27.863,34.004,27.463,2.6535
-2.6953,-22.098,-5.4418,16.423,2.7696,-14.536,8.718,23.739,19.703,25.054,19.763,-3.5303
-7.7031,-28.06,-8.3388,21.437,2.095,-18.438,14.516,18.421,11.694,15.799,11.849,-9.1633
-11.88,-32.97,-10.937,25.547,1.632,-21.726,19.465,13.19,4.2181,6.7218,4.0312,-14.021
-15.24,-36.974,-13.219,28.857,1.3894,-24.489,23.605,8.1917,-2.4611,-1.5803,-3.2386,-18.024
-17.898,-40.235,-15.175,31.511,1.316,-26.813,27.033,3.5059,-8.2608,-8.6925,-9.5816,-21.247
-20.0,-42.903,-16.81,33.652,1.3272,-28.768,29.87,-0.83069,-13.23,-14.523,-14.845,-23.837
-21.672,-45.092,-18.15,35.392,1.3415,-30.41,32.24,-4.784,-17.464,-19.209,-19.081,-25.939
-23.004,-46.885,-19.237,36.808,1.3107,-31.781,34.249,-8.3074,-21.044,-22.955,-22.441,-27.666
-24.061,-48.351,-20.119,37.955,1.2302,-32.925,35.975,-11.364,-24.043,-25.957,-25.099,-29.094
-24.904,-49.563,-20.849,38.89,1.1326,-33.892,37.464,-13.96,-26.533,-28.38,-27.211,-30.277
-25.586,-50.595,-21.473,39.669,1.0683,-34.738,38.739,-16.149,-28.605,-30.365,-28.91,-31.259
-26.146,-51.514,-22.029,40.337,1.0839,-35.51,39.813,-18.008,-30.343,-32.028,-30.301,-32.075
-26.597,-52.355,-22.542,40.925,1.2031,-36.235,40.705,-19.607,-31.809,-33.452,-31.458,-32.752
-26.95,-53.131,-23.02,41.441,1.4153,-36.917,41.442,-20.995,-33.045,-34.676,-32.427,-33.31
-27.228,-53.833,-23.457,41.893,1.6736,-37.543,42.05,-22.205,-34.076,-35.713,-33.231,-33.768
-27.47,-54.455,-23.84,42.29,1.9083,-38.095,42.556,-23.265,-34.927,-36.56,-33.884,-34.14
-27.722,-54.995,-24.156,42.647,2.051,-38.564,42.98,-24.205,-35.63,-37.217,-34.402,-34.447
-28.02,-55.466,-24.402,42.985,2.0617,-38.956,43.337,-25.055,-36.215,-37.695,-34.801,-34.709
-28.377,-55.885,-24.59,43.317,1.9448,-39.288,43.64,-25.838,-36.708,-38.022,-35.101,-34.946
-28.785,-56.274,-24.738,43.652,1.7465,-39.586,43.897,-26.558,-37.122,-38.23,-35.322,-35.171
-29.213,-56.646,-24.87,43.988,1.5344,-39.872,44.115,-27.204,-37.464,-38.355,-35.478,-35.388
-29.625,-57.004,-25.001,44.315,1.3703,-40.154,44.296,-27.756,-37.731,-38.423,-35.587,-35.591
-29.981,-57.333,-25.135,44.61,1.29,-40.424,44.441,-28.189,-37.912,-38.441,-35.659,-35.762
-30.256,-57.604,-25.266,44.848,1.2974,-40.66,44.552,-28.477,-37.993,-38.398,-35.704,-35.878
-30.441,-57.796,-25.384,45.009,1.367,-40.84,44.628,-28.61,-37.968,-38.273,-35.721,-35.92
-30.555,-57.906,-25.477,45.099,1.4484,-40.957,44.669,-28.597,-37.844,-38.052,-35.711,-35.878
-30.649,-57.97,-25.535,45.151,1.4755,-41.028,44.668,-28.475,-37.652,-37.742,-35.677,-35.764
-30.783,-58.046,-25.554,45.222,1.3895,-41.086,44.617,-28.3,-37.435,-37.373,-35.629,-35.599
-30.999,-58.184,-25.534,45.356,1.1685,-41.16,44.512,-28.128,-37.233,-36.985,-35.583,-35.41
-31.291,-58.392,-25.482,45.56,0.848,-41.256,44.359,-27.994,-37.064,-36.615,-35.552,-35.21
-31.604,-58.628,-25.407,45.791,0.51365,-41.35,44.178,-27.901,-36.91,-36.275,-35.542,-34.995
-31.855,-58.817,-25.32,45.975,0.26364,-41.402,43.992,-27.815,-36.729,-35.957,-35.548,-34.744
-31.976,-58.885,-25.233,46.045,0.16319,-41.371,43.82,-27.68,-36.467,-35.639,-35.558,-34.433
-31.945,-58.791,-25.15,45.967,0.20923,-41.234,43.667,-27.441,-36.087,-35.295,-35.559,-34.042
-31.796,-58.539,-25.068,45.757,0.33284,-40.991,43.522,-27.069,-35.582,-34.914,-35.536,-33.563
-31.601,-58.171,-24.971,45.466,0.42757,-40.66,43.368,-26.573,-34.979,-34.5,-35.481,-33.0
-31.448,-57.752,-24.84,45.168,0.38879,-40.27,43.189,-26.0,-34.332,-34.073,-35.39,-32.376
-31.403,-57.342,-24.658,44.922,0.15813,-39.852,42.977,-25.416,-33.697,-33.657,-35.268,-31.719
-31.481,-56.981,-24.425,44.755,-0.24763,-39.43,42.736,-24.885,-33.123,-33.273,-35.128,-31.068
-31.639,-56.667,-24.154,44.651,-0.73483,-39.015,42.479,-24.449,-32.627,-32.933,-34.986,-30.458
-31.791,-56.37,-23.871,44.557,-1.1722,-38.61,42.218,-24.116,-32.199,-32.638,-34.852,-29.914
-31.849,-56.046,-23.605,44.413,-1.447,-38.21,41.96,-23.858,-31.805,-32.38,-34.728,-29.448
-31.759,-55.662,-23.377,44.177,-1.5128,-37.808,41.707,-23.622,-31.399,-32.146,-34.606,-29.057
-31.524,-55.215,-23.195,43.847,-1.4027,-37.405,41.456,-23.36,-30.946,-31.921,-34.468,-28.728
-31.195,-54.723,-23.048,43.454,-1.2097,-37.001,41.197,-23.047,-30.429,-31.692,-34.294,-28.448
-30.84,-54.214,-22.913,43.041,-1.0438,-36.597,40.921,-22.691,-29.854,-31.444,-34.063,-28.203
-30.516,-53.704,-22.767,42.639,-0.98656,-36.185,40.62,-22.318,-29.238,-31.166,-33.759,-27.974
-30.245,-53.194,-22.589,42.258,-1.0653,-35.754,40.284,-21.956,-28.595,-30.846,-33.369,-27.741
-30.025,-52.67,-22.365,41.887,-1.2518,-35.287,39.902,-21.618,-27.926,-30.474,-32.888,-27.484
-29.834,-52.109,-22.079,41.508,-1.4789,-34.764,39.458,-21.288,-27.214,-30.04,-32.311,-27.191
-29.632,-51.471,-21.711,41.086,-1.6615,-34.157,38.926,-20.93,-26.423,-29.535,-31.632,-26.857
-29.356,-50.684,-21.237,40.563,-1.7214,-33.417,38.28,-20.483,-25.504,-28.94,-30.837,-26.485
-28.928,-49.656,-20.628,39.864,-1.6157,-32.484,37.488,-19.887,-24.405,-28.227,-29.9,-26.078
-28.291,-48.295,-19.848,38.921,-1.3617,-31.297,36.515,-19.101,-23.087,-27.364,-28.797,-25.646
-27.425,-46.537,-18.863,37.692,-1.0309,-29.813,35.316,-18.122,-21.534,-26.32,-27.511,-25.196
-26.349,-44.365,-17.646,36.168,-0.72331,-28.02,33.831,-16.988,-19.756,-25.068,-26.041,-24.731
-25.083,-41.79,-16.186,34.351,-0.52721,-25.929,31.986,-15.76,-17.776,-23.591,-24.393,-24.234
-23.624,-38.828,-14.499,32.233,-0.47595,-23.559,29.683,-14.49,-15.612,-21.874,-22.566,-23.659
-21.921,-35.469,-12.623,29.775,-0.53414,-20.916,26.8,-13.203,-13.263,-19.901,-20.547,-22.938
-19.895,-31.677,-10.608,26.915,-0.6178,-17.992,23.185,-11.877,-10.701,-17.657,-18.312,-21.998
-17.472,-27.412,-8.4909,23.604,-0.63842,-14.772,18.674,-10.455,-7.8852,-15.136,-15.847,-20.79
-14.635,-22.666,-6.2874,19.84,-0.53806,-11.253,13.137,-8.8661,-4.77,-12.339,-13.166,-19.308
-11.442,-17.461,-3.9822,15.669,-0.30613,-7.4378,6.5472,-7.0422,-1.3119,-9.2595,-10.3,-17.588
-7.9773,-11.804,-1.5396,11.144,0.033257,-3.3141,-0.99562,-4.9396,2.5304,-5.8547,-7.2757,-15.68
-4.2864,-5.6308,1.0758,6.2563,0.44597,1.1677,-9.3428,-2.5491,6.7875,-2.0278,-4.079,-13.604
-0.33441,1.1973,3.875,0.91837,0.89989,6.0867,-18.378,0.095849,11.457,2.3517,-0.64808,-11.325
3.9742,8.8368,6.8286,-5.0061,1.3695,11.508,-28.008,2.9221,16.479,7.3831,3.1064,-8.7483
8.7506,17.372,9.8672,-11.631,1.8419,17.428,-38.124,5.8395,21.743,13.061,7.2587,-5.7577
14.083,26.741,12.897,-18.985,2.3292,23.733,-48.585,8.7806,27.116,19.242,11.823,-2.2581
20.006,36.705,15.818,-26.982,2.8777,30.212,-59.207,11.729,32.49,25.681,16.722,1.7738
26.47,46.892,18.534,-35.416,3.5577,36.616,-69.745,14.71,37.779,32.12,21.786,6.2534
33.325,56.896,20.953,-43.998,4.4345,42.722,-79.911,17.744,42.897,38.366,26.795,10.989
40.301,66.356,22.988,-52.397,5.5428,48.367,-89.433,20.795,47.729,44.305,31.545,15.731
47.03,74.986,24.577,-60.278,6.8788,53.427,-98.111,23.739,52.133,49.874,35.892,20.239
53.139,82.587,25.705,-67.362,8.407,57.797,-105.84,26.403,55.978,55.023,39.768,24.347
58.402,89.051,26.408,-73.484,10.061,61.405,-112.6,28.637,59.187,59.701,43.172,27.986
62.81,94.388,26.756,-78.628,11.767,64.248,-118.4,30.366,61.762,63.866,46.15,31.177
66.509,98.712,26.824,-82.904,13.481,66.389,-123.22,31.601,63.756,67.49,48.755,33.984
69.679,102.19,26.659,-86.466,15.199,67.929,-126.99,32.406,65.229,70.546,51.013,36.457
72.432,104.95,26.271,-89.427,16.94,68.953,-129.53,32.848,66.204,72.999,52.909,38.603
74.787,107.04,25.645,-91.823,18.705,69.501,-130.63,32.949,66.652,74.787,54.398,40.386
76.707,108.41,24.753,-93.628,20.461,69.555,-130.16,32.673,66.493,75.811,55.427,41.76
78.136,108.96,23.561,-94.769,22.139,69.057,-128.16,31.934,65.618,75.941,55.934,42.689
79.009,108.51,22.032,-95.127,23.656,67.914,-124.87,30.631,63.918,75.018,55.847,43.15
79.235,106.85,20.135,-94.515,24.933,66.013,-120.59,28.677,61.306,72.916,55.076,43.125
78.698,103.73,17.852,-92.715,25.91,63.257,-115.59,26.029,57.75,69.632,53.546,42.583
77.278,99.061,15.193,-89.568,26.556,59.615,-110.05,22.716,53.273,65.323,51.247,41.481
74.907,92.887,12.182,-85.063,26.878,55.128,-104.06,18.845,47.938,60.225,48.257,39.775
71.596,85.402,8.857,-79.347,26.913,49.882,-97.646,14.592,41.835,54.53,44.681,37.431
67.449,76.831,5.2678,-72.652,26.712,43.96,-90.775,10.165,35.082,48.324,40.583,34.436
62.62,67.354,1.4862,-65.205,26.317,37.433,-83.423,5.7574,27.841,41.611,35.966,30.796
57.247,57.089,-2.3694,-57.155,25.727,30.387,-75.603,1.4983,20.323,34.356,30.81,26.559
51.371,46.12,-6.122,-48.556,24.891,22.974,-67.408,-2.5554,12.77,26.564,25.119,21.818
44.937,34.602,-9.5659,-39.428,23.725,15.462,-58.999,-6.3964,5.4275,18.36,18.976,16.729
37.883,22.892,-12.54,-29.888,22.149,8.2107,-50.546,-10.031,-1.4751,10.037,12.571,11.5
30.286,11.548,-14.984,-20.247,20.149,1.5738,-42.162,-13.456,-7.7583,2.0125,6.1758,6.3559
22.425,1.1342,-16.928,-10.957,17.822,-4.2338,-33.879,-16.661,-13.323,-5.3122,0.065583,1.4779
14.691,-8.0048,-18.444,-2.4204,15.354,-9.173,-25.698,-19.646,-18.158,-11.688,-5.5606,-3.0411
7.4091,-15.821,-19.612,5.164,12.919,-13.329,-17.649,-22.427,-22.327,-17.052,-10.602,-7.1936
0.72468,-22.472,-20.498,11.813,10.596,-16.842,-9.8502,-25.033,-25.927,-21.484,-15.032,-11.022
-5.3668,-28.182,-21.152,17.655,8.3709,-19.85,-2.5046,-27.51,-29.063,-25.135,-18.866,-14.567
-10.922,-33.13,-21.613,22.806,6.1951,-22.449,4.1794,-29.898,-31.831,-28.17,-22.144,-17.832
-15.949,-37.436,-21.906,27.335,4.0268,-24.705,10.061,-32.218,-34.3,-30.743,-24.916,-20.779
-20.399,-41.166,-22.04,31.272,1.8433,-26.65,15.102,-34.474,-36.533,-32.969,-27.247,-23.364
-24.228,-44.367,-22.011,34.646,-0.36266,-28.304,19.331,-36.655,-38.578,-34.943,-29.201,-25.564
-27.448,-47.092,-21.816,37.507,-2.5822,-29.671,22.81,-38.75,-40.477,-36.731,-30.842,-27.394
-30.126,-49.385,-21.459,39.924,-4.7789,-30.764,25.627,-40.761,-42.264,-38.381,-32.223,-28.893
-32.351,-51.283,-20.962,41.951,-6.8849,-31.6,27.879,-42.682,-43.965,-39.923,-33.386,-30.103
-34.196,-52.823,-20.359,43.632,-8.8211,-32.208,29.675,-44.503,-45.599,-41.377,-34.36,-31.068
-35.717,-54.037,-19.69,45.0,-10.53,-32.62,31.118,-46.215,-47.191,-42.752,-35.171,-31.825
-36.963,-54.968,-18.994,46.093,-11.998,-32.871,32.295,-47.812,-48.748,-44.049,-35.844,-32.409
-37.991,-55.668,-18.293,46.963,-13.259,-32.997,33.268,-49.291,-50.275,-45.268,-36.403,-32.855
-38.863,-56.196,-17.594,47.666,-14.384,-33.035,34.071,-50.653,-51.77,-46.415,-36.869,-33.188
-39.627,-56.596,-16.899,48.244,-15.443,-33.011,34.718,-51.895,-53.224,-47.489,-37.264,-33.421
-40.3,-56.881,-16.212,48.709,-16.474,-32.937,35.216,-53.012,-54.622,-48.483,-37.591,-33.558
-40.862,-57.043,-15.549,49.052,-17.459,-32.813,35.577,-54.001,-55.943,-49.387,-37.845,-33.596
-41.28,-57.076,-14.939,49.263,-18.336,-32.644,35.82,-54.87,-57.178,-50.201,-38.019,-33.536
-41.541,-57.012,-14.421,49.357,-19.039,-32.453,35.959,-55.652,-58.335,-50.94,-38.117,-33.392
-41.675,-56.924,-14.04,49.386,-19.536,-32.29,36.001,-56.402,-59.449,-51.646,-38.16,-33.191
-41.751,-56.899,-13.822,49.416,-19.851,-32.211,35.951,-57.173,-60.566,-52.367,-38.182,-32.973
-41.835,-56.998,-13.765,49.498,-20.039,-32.246,35.821,-57.999,-61.724,-53.135,-38.216,-32.77
-41.962,-57.217,-13.841,49.64,-20.152,-32.384,35.655,-58.849,-62.926,-53.951,-38.284,-32.598
-42.105,-57.502,-14.002,49.815,-20.215,-32.583,35.51,-59.65,-64.137,-54.777,-38.395,-32.449
-42.2,-57.763,-14.208,49.961,-20.213,-32.78,35.453,-60.304,-65.297,-55.552,-38.544,-32.308
-42.165,-57.916,-14.43,50.017,-20.111,-32.92,35.522,-60.702,-66.312,-56.209,-38.722,-32.161
-41.948,-57.898,-14.654,49.939,-19.873,-32.958,35.727,-60.724,-67.069,-56.671,-38.921,-32.007
-41.552,-57.666,-14.855,49.708,-19.487,-32.867,36.035,-60.226,-67.442,-56.858,-39.127,-31.848
-41.035,-57.21,-14.995,49.323,-18.986,-32.625,36.389,-59.03,-67.294,-56.688,-39.315,-31.69
-40.46,-56.538,-15.016,48.806,-18.431,-32.212,36.729,-57.023,-66.494,-56.075,-39.454,-31.528
-39.868,-55.671,-14.889,48.177,-17.864,-31.628,37.0,-54.451,-64.958,-54.941,-39.494,-31.341
-39.252,-54.655,-14.673,47.45,-17.253,-30.922,37.164,-52.715,-62.722,-53.238,-39.375,-31.087
-38.553,-53.57,-14.576,46.627,-16.469,-30.215,37.19,-55.102,-60.16,-50.997,-39.011,-30.705
-37.662,-52.508,-14.955,45.683,-15.331,-29.699,37.054,-63.62,-58.449,-48.462,-38.28,-30.097
-36.411,-51.545,-16.181,44.545,-13.878,-29.592,36.723,-71.005,-60.851,-46.655,-36.995,-29.111
-34.552,-50.68,-18.327,43.054,-14.905,-30.058,36.126,-69.752,-71.774,-49.642,-34.885,-27.468
-31.792,-49.803,-20.64,40.928,-20.066,-31.122,35.107,-60.539,-78.853,-62.85,-32.126,-24.669
-29.272,-48.672,-19.916,37.694,-19.704,-32.607,33.348,-42.874,-69.824,-67.216,-34.859,-20.026
-34.346,-46.893,-17.477,32.612,-19.106,-34.162,30.249,-17.129,-51.576,-59.04,-50.204,-14.953
-33.36,-43.864,-14.086,25.265,-18.366,-35.423,25.112,14.476,-27.013,-44.834,-51.608,-24.346
-27.512,-38.593,-9.4913,20.128,-17.241,-36.253,20.353,50.053,2.4624,-24.966,-46.403,-35.115
-20.5,-29.339,-6.0368,19.133,-14.749,-36.775,27.133,89.021,35.761,0.51558,-36.476,-30.799
-10.8,-14.619,-7.4534,11.498,-8.5519,-36.812,37.669,131.33,72.83,32.119,-20.765,-22.36
3.9475,-5.526,-18.221,2.2293,5.7052,-35.499,36.953,178.22,116.11,71.537,2.528,-9.818
26.951,-11.179,-43.015,-8.6677,33.759,-32.385,30.92,235.65,170.95,121.42,36.069,8.2761
62.35,-15.501,-84.724,-23.92,74.389,-34.364,20.146,312.08,244.18,184.61,82.681,34.466
113.82,-17.54,-140.65,-47.221,125.0,-60.144,2.2998,413.55,341.35,265.07,144.0,72.15
181.65,-13.763,-204.96,-83.027,188.49,-91.239,-25.521,540.99,465.44,367.25,221.11,124.45
264.68,2.2125,-272.74,-135.51,262.75,-116.5,-66.349,687.29,612.53,490.96,316.75,192.72
360.95,38.149,-332.63,-205.4,341.44,-128.19,-121.27,836.53,770.17,629.95,431.59,277.13
463.4,100.17,-373.36,-288.98,414.77,-119.2,-187.79,965.43,918.37,772.8,561.58,377.69
560.96,188.66,-385.7,-380.36,471.71,-85.659,-261.05,1047.8,1033.3,904.7,699.07,490.41
640.73,293.17,-363.45,-470.35,502.27,-27.119,-333.48,1061.3,1093.4,1010.4,834.25,607.52
690.95,398.63,-306.95,-547.18,500.46,51.329,-395.29,994.85,1085.5,1077.6,956.57,719.3
703.93,491.33,-224.31,-599.5,466.29,138.56,-437.41,853.19,1009.2,1100.4,1056.4,815.56
678.13,557.33,-129.49,-619.47,406.01,219.09,-453.78,656.74,876.92,1080.5,1126.5,887.22
618.2,586.44,-38.177,-604.52,330.13,278.82,-442.47,436.72,710.57,1026.0,1162.6,927.37
532.63,574.54,36.568,-556.73,249.95,309.47,-405.17,226.57,534.72,947.51,1161.1,931.1
430.62,522.9,87.068,-480.8,174.13,308.33,-345.92,52.508,369.26,852.85,1118.1,894.72
319.91,436.64,111.47,-382.64,107.14,277.37,-269.98,-72.504,224.57,744.65,1028.8,815.81
206.47,323.92,112.64,-269.01,49.952,222.1,-183.45,-149.39,101.59,621.55,890.41,695.0
95.714,195.31,96.196,-148.09,2.1042,150.16,-93.22,-189.01,-4.1435,482.44,707.21,538.93
-6.2536,63.108,68.099,-29.719,-36.197,70.226,-6.5086,-206.13,-97.075,330.41,493.89,361.9
-92.643,-59.913,33.314,75.424,-63.798,-8.9682,69.537,-212.78,-177.96,174.2,274.32,184.25
-157.64,-162.34,-4.3279,158.35,-79.203,-79.427,129.06,-214.7,-243.28,27.911,75.54,27.033
-197.92,-236.18,-41.842,214.16,-81.204,-135.07,169.74,-211.85,-287.35,-91.5,-79.657,-93.483
-213.08,-278.18,-76.472,242.21,-70.661,-172.8,191.27,-200.54,-305.6,-169.39,-177.45,-168.07
-205.99,-291.01,-104.8,245.51,-51.008,-192.32,194.86,-175.6,-297.15,-204.45,-218.45,-198.89
-182.16,-281.65,-123.41,229.75,-26.902,-195.43,183.89,-134.36,-266.2,-204.11,-214.62,-195.21
-148.81,-257.91,-132.43,201.9,-2.8575,-186.67,163.47,-86.495,-221.04,-179.8,-182.92,-169.94
-113.94,-226.52,-132.66,168.91,17.021,-170.56,134.72,-43.333,-170.17,-143.41,-140.88,-136.82
-83.03,-191.14,-125.85,135.51,30.226,-148.93,94.636,-6.2474,-121.41,-105.01,-102.62,-106.62
-60.88,-157.63,-114.77,108.85,36.889,-124.7,74.908,24.667,-80.659,-71.447,-74.696,-84.071
-47.281,-134.13,-101.51,92.123,36.652,-105.14,67.819,47.085,-50.915,-45.458,-57.279,-66.298
-39.189,-116.72,-87.442,80.272,31.538,-90.488,62.768,58.65,-32.523,-38.569,-48.612,-52.493
-35.211,-103.59,-73.572,71.881,24.946,-79.064,58.641,58.634,-22.659,-33.93,-46.242,-50.486
-33.775,-93.448,-61.195,65.379,15.844,-70.17,54.936,45.52,-18.284,-29.607,-43.604,-48.591
-34.137,-84.375,-51.049,59.249,6.9907,-62.709,51.46,21.618,-19.86,-29.137,-42.282,-45.228
-34.444,-75.434,-42.776,53.592,3.9433,-55.825,48.574,6.2248,-29.485,-30.686,-41.658,-41.028
-33.659,-67.505,-35.711,49.52,2.8425,-49.412,46.489,3.9496,-35.367,-31.171,-40.61,-37.752
-32.504,-61.644,-29.518,46.724,1.4752,-43.962,45.062,5.1837,-34.82,-30.425,-39.197,-35.673
-31.424,-57.418,-24.587,44.518,-0.09425,-39.694,44.105,5.216,-33.183,-29.473,-38.052,-34.279
-30.608,-54.143,-21.856,42.699,-1.488,-36.332,43.481,3.3823,-31.965,-28.838,-37.336,-33.345
-30.117,-51.535,-20.926,41.264,-2.6319,-33.608,43.082,0.23268,-31.396,-28.697,-37.031,-32.796
-29.901,-49.491,-20.307,40.196,-3.6484,-31.402,42.818,-3.5295,-31.391,-29.003,-37.045,-32.552
-29.839,-47.902,-19.46,39.41,-4.5694,-29.639,42.624,-7.2721,-31.729,-29.58,-37.245,-32.501
-29.788,-46.62,-18.477,38.778,-5.3116,-28.222,42.457,-10.541,-32.184,-30.244,-37.504,-32.527
-29.642,-45.506,-17.49,38.185,-5.8008,-27.043,42.295,-13.139,-32.611,-30.88,-37.736,-32.544
-29.367,-44.482,-16.563,37.58,-6.0244,-26.028,42.125,-15.097,-32.963,-31.453,-37.904,-32.502
-29.013,-43.558,-15.723,36.992,-6.0423,-25.151,41.941,-16.563,-33.259,-31.985,-38.008,-32.391
-28.678,-42.797,-14.975,36.498,-5.9579,-24.426,41.739,-17.698,-33.541,-32.518,-38.066,-32.225
-28.453,-42.252,-14.313,36.165,-5.8763,-23.864,41.516,-18.615,-33.836,-33.081,-38.097,-32.026
-28.369,-41.909,-13.721,35.998,-5.8666,-23.441,41.275,-19.369,-34.14,-33.673,-38.109,-31.808
-28.387,-41.674,-13.18,35.925,-5.944,-23.094,41.016,-19.973,-34.419,-34.27,-38.099,-31.576
-28.419,-41.406,-12.665,35.831,-6.0775,-22.737,40.734,-20.424,-34.629,-34.833,-38.059,-31.319
-28.369,-40.975,-12.157,35.599,-6.2157,-22.292,40.428,-20.735,-34.735,-35.322,-37.979,-31.019
-28.176,-40.312,-11.636,35.163,-6.3174,-21.717,40.095,-20.942,-34.73,-35.709,-37.854,-30.649
-27.839,-39.439,-11.088,34.538,-6.3791,-21.025,39.74,-21.096,-34.628,-35.991,-37.683,-30.184
-27.422,-38.469,-10.511,33.82,-6.4328,-20.284,39.366,-21.251,-34.468,-36.191,-37.473,-29.619
-27.035,-37.567,-9.9159,33.153,-6.525,-19.592,38.978,-21.443,-34.293,-36.347,-37.237,-28.97
-26.79,-36.891,-9.3272,32.677,-6.6878,-19.041,38.571,-21.679,-34.14,-36.496,-36.994,-28.278
-26.749,-36.528,-8.7734,32.471,-6.9207,-18.685,38.138,-21.937,-34.028,-36.661,-36.762,-27.599
-26.896,-36.466,-8.2685,32.518,-7.1881,-18.515,37.675,-22.177,-33.95,-36.84,-36.541,-26.985
-27.135,-36.585,-7.8061,32.708,-7.4323,-18.457,37.19,-22.351,-33.87,-37.012,-36.301,-26.463
-27.331,-36.696,-7.3636,32.881,-7.5922,-18.397,36.706,-22.416,-33.739,-37.139,-35.976,-26.02
-27.368,-36.615,-6.9151,32.882,-7.6242,-18.219,36.255,-22.354,-33.51,-37.182,-35.469,-25.608
-27.193,-36.239,-6.4455,32.629,-7.5257,-17.86,35.859,-22.182,-33.167,-37.117,-34.672,-25.161
-26.83,-35.576,-5.9646,32.136,-7.3403,-17.332,35.518,-21.947,-32.733,-36.943,-33.485,-24.628
-26.363,-34.738,-5.5009,31.495,-7.1383,-16.711,35.212,-21.702,-32.258,-36.683,-31.827,-23.99
-25.897,-33.882,-5.0859,30.836,-6.9902,-16.101,34.908,-21.492,-31.8,-36.378,-29.65,-23.266
-25.523,-33.15,-4.738,30.273,-6.933,-15.588,34.571,-21.332,-31.41,-36.068,-26.965,-22.503
-25.287,-32.621,-4.4537,29.871,-6.9564,-15.212,34.175,-21.215,-31.11,-35.784,-23.892,-21.762
-25.174,-32.282,-4.2116,29.62,-7.0058,-14.956,33.705,-21.109,-30.884,-35.538,-20.702,-21.09
-25.101,-32.04,-3.9816,29.44,-7.0039,-14.757,33.163,-20.972,-30.679,-35.319,-17.79,-20.5
-24.955,-31.75,-3.7341,29.212,-6.8831,-14.523,32.566,-20.761,-30.427,-35.094,-15.47,-19.96
-24.643,-31.275,-3.4422,28.825,-6.6161,-14.165,31.943,-20.449,-30.069,-34.81,-13.786,-19.395
-24.124,-30.52,-3.0795,28.214,-6.2295,-13.619,31.33,-20.03,-29.582,-34.414,-12.532,-18.716
-23.409,-29.443,-2.6201,27.362,-5.7953,-12.854,30.758,-19.517,-28.977,-33.873,-11.432,-17.848
-22.54,-28.048,-2.0452,26.282,-5.403,-11.866,30.239,-18.943,-28.289,-33.183,-10.285,-16.755
-21.568,-26.378,-1.3522,25.014,-5.1249,-10.68,29.762,-18.348,-27.559,-32.368,-9.0162,-15.452
-20.542,-24.505,-0.55611,23.609,-4.9869,-9.339,29.294,-17.767,-26.816,-31.469,-7.6585,-13.993
-19.491,-22.504,0.31739,22.113,-4.9568,-7.8925,28.787,-17.216,-26.067,-30.529,-6.2994,-12.45
-18.417,-20.426,1.2421,20.554,-4.9559,-6.3818,28.194,-16.685,-25.289,-29.591,-5.0305,-10.887
-17.296,-18.297,2.1994,18.945,-4.8919,-4.8326,27.467,-16.142,-24.44,-28.691,-3.9101,-9.3443
-16.098,-16.116,3.1848,17.282,-4.6994,-3.2493,26.558,-15.557,-23.473,-27.841,-2.9497,-7.8295
-14.799,-13.848,4.2124,15.553,-4.3674,-1.6064,25.427,-14.907,-22.348,-27.017,-2.1469,-6.3092
-13.39,-11.425,5.3146,13.727,-3.9416,0.1543,24.052,-14.181,-21.041,-26.149,-1.5575,-4.7178
-11.89,-8.7592,6.5348,11.767,-3.5066,2.1094,22.446,-13.374,-19.535,-25.145,-1.3242,-2.981
-10.351,-5.7839,7.9121,9.6536,-3.1599,4.3213,20.648,-12.486,-17.816,-23.918,-1.5747,-1.0486
-8.8534,-2.4945,9.4628,7.4097,-2.9822,6.8074,18.709,-11.519,-15.875,-22.402,-2.2458,1.0841
-7.4689,1.0635,11.171,5.0807,-3.0057,9.5409,16.678,-10.475,-13.7,-20.559,-3.0056,3.3797
-6.1915,4.8705,12.998,2.6659,-3.1909,12.492,14.592,-9.3374,-11.256,-18.366,-3.3925,5.7846
-4.8886,9.0165,14.902,0.050687,-3.4363,15.673,12.484,-8.0597,-8.464,-15.8,-3.0708,8.2599
-3.3328,13.691,16.858,-2.9754,-3.6288,19.139,10.367,-6.5729,-5.2038,-12.822,-1.9269,10.793
-1.3279,19.052,18.868,-6.5947,-3.705,22.924,8.2182,-4.8117,-1.3594,-9.3576,0.039546,13.389
1.152,25.064,20.954,-10.817,-3.684,26.979,5.9621,-2.749,3.1093,-5.3115,2.8151,16.047
3.9172,31.457,23.151,-15.432,-3.6521,31.164,3.4914,-0.41413,8.1167,-0.6027,6.3773,18.756
6.6554,37.835,25.488,-20.105,-3.7133,35.303,0.70096,2.1138,13.465,4.7851,10.656,21.496
9.096,43.859,27.985,-24.542,-3.9355,39.25,-2.4771,4.7334,18.918,10.758,15.505,24.261
11.133,49.382,30.638,-28.613,-4.3232,42.939,-6.057,7.3599,24.302,17.106,20.707,27.071
12.854,54.466,33.431,-32.382,-4.8189,46.394,-10.004,9.9607,29.553,23.567,26.024,29.974
14.494,59.316,36.345,-36.058,-5.3277,49.706,-14.256,12.567,34.716,29.935,31.267,33.034
16.354,64.179,39.367,-39.9,-5.7523,52.993,-18.749,15.256,39.88,36.142,36.348,36.311
18.704,69.246,42.497,-44.117,-6.0271,56.374,-23.441,18.113,45.117,42.249,41.29,39.858
21.695,74.607,45.749,-48.796,-6.139,59.942,-28.328,21.182,50.419,48.397,46.191,43.723
25.297,80.237,49.138,-53.865,-6.1304,63.751,-33.442,24.432,55.697,54.729,51.171,47.96
29.287,86.008,52.654,-59.113,-6.0868,67.808,-38.839,27.746,60.801,61.349,56.345,52.621
33.32,91.728,56.233,-64.251,-6.1055,72.05,-44.57,30.948,65.571,68.282,61.822,57.762
37.066,97.203,59.758,-69.027,-6.2549,76.36,-50.652,33.88,69.893,75.435,67.711,63.426
40.368,102.32,63.101,-73.325,-6.5358,80.605,-57.04,36.46,73.736,82.582,74.106,69.632
43.312,107.09,66.173,-77.212,-6.8693,84.706,-63.637,38.71,77.157,89.44,81.027,76.338
46.168,111.68,68.949,-80.883,-7.1272,88.67,-70.322,40.718,80.26,95.813,88.375,83.423
49.213,116.27,71.451,-84.524,-7.1922,92.544,-76.991,42.581,83.138,101.67,95.965,90.712
52.55,120.94,73.72,-88.195,-7.0141,96.34,-83.571,44.355,85.829,107.07,103.61,98.013
56.042,125.63,75.796,-91.812,-6.6315,100.0,-90.007,46.034,88.312,112.07,111.2,105.17
59.408,130.18,77.721,-95.227,-6.1545,103.43,-96.234,47.576,90.54,116.68,118.62,112.09
62.403,134.44,79.529,-98.322,-5.7209,106.55,-102.16,48.927,92.474,120.82,125.8,118.7
64.939,138.33,81.244,-101.07,-5.445,109.36,-107.67,50.052,94.107,124.44,132.62,124.94
67.096,141.85,82.878,-103.52,-5.3754,111.87,-112.67,50.952,95.461,127.5,138.94,130.73
69.036,145.07,84.431,-105.78,-5.4768,114.16,-117.12,51.665,96.587,130.03,144.62,136.0
70.912,148.06,85.897,-107.94,-5.6405,116.27,-121.02,52.259,97.549,132.09,149.6,140.67
72.793,150.87,87.268,-110.03,-5.73,118.24,-124.42,52.805,98.407,133.78,153.93,144.72
74.652,153.5,88.543,-112.05,-5.6412,120.08,-127.41,53.352,99.207,135.21,157.71,148.16
76.399,155.92,89.726,-113.95,-5.3428,121.77,-130.06,53.917,99.962,136.47,161.05,151.04
77.948,158.09,90.825,-115.65,-4.8812,123.28,-132.41,54.488,100.66,137.6,164.03,153.46
79.245,159.98,91.848,-117.14,-4.3596,124.6,-134.5,55.035,101.29,138.63,166.7,155.48
80.264,161.61,92.794,-118.4,-3.9034,125.74,-136.33,55.521,101.8,139.55,169.07,157.18
81.007,162.98,93.649,-119.45,-3.6193,126.7,-137.89,55.917,102.18,140.35,171.13,158.59
81.531,164.12,94.382,-120.33,-3.5533,127.5,-139.18,56.219,102.43,141.01,172.88,159.72
81.94,165.08,94.959,-121.1,-3.6688,128.15,-140.23,56.449,102.56,141.53,174.33,160.57
82.343,165.87,95.354,-121.8,-3.859,128.67,-141.05,56.659,102.62,141.91,175.5,161.12
82.794,166.5,95.562,-122.43,-3.9867,129.05,-141.7,56.902,102.65,142.16,176.42,161.36
83.272,166.92,95.596,-122.95,-3.9316,129.28,-142.19,57.211,102.69,142.32,177.12,161.28
83.713,167.08,95.477,-123.28,-3.6251,129.34,-142.54,57.59,102.77,142.41,177.63,160.9
84.069,166.92,95.214,-123.38,-3.0618,129.19,-142.75,58.016,102.88,142.43,177.95,160.24
84.329,166.44,94.773,-123.24,-2.2887,128.79,-142.75,58.452,102.99,142.39,178.08,159.31
84.489,165.67,94.065,-122.89,-1.3904,128.14,-142.49,58.858,103.07,142.29,178.02,158.15
84.513,164.63,92.957,-122.37,-0.46592,127.22,-141.86,59.207,103.09,142.11,177.73,156.79
84.365,163.34,91.329,-121.7,0.40924,126.0,-140.77,59.494,103.03,141.82,177.2,155.26
84.058,161.71,89.12,-120.86,1.2121,124.42,-139.17,59.732,102.87,141.38,176.37,153.56
83.653,159.64,86.333,-119.8,1.9654,122.33,-137.02,59.947,102.61,140.75,175.17,151.62
83.183,156.9,82.996,-118.42,2.7145,119.55,-134.33,60.158,102.26,139.9,173.41,149.33
82.593,153.22,79.144,-116.51,3.5203,115.82,-131.11,60.364,101.77,138.76,170.84,146.49
81.726,148.34,74.804,-113.84,4.4475,110.94,-127.4,60.538,101.1,137.27,167.1,142.86
80.399,142.14,70.01,-110.25,5.5297,104.87,-123.2,60.639,100.2,135.35,161.87,138.17
78.524,134.78,64.815,-105.74,6.7316,97.827,-118.5,60.622,98.993,132.92,155.08,132.26
76.156,126.65,59.318,-100.56,7.9479,90.255,-113.26,60.451,97.445,129.89,147.02,125.13
73.405,118.22,53.648,-94.974,9.0467,82.606,-107.46,60.101,95.517,126.22,138.16,116.97
70.303,109.75,47.918,-89.17,9.9136,75.166,-101.09,59.558,93.159,121.85,128.88,108.08
66.749,101.27,42.192,-83.106,10.473,68.007,-94.176,58.811,90.296,116.69,119.31,98.81
62.575,92.592,36.502,-76.594,10.702,61.032,-86.735,57.847,86.821,110.64,109.41,89.494
57.676,83.465,30.909,-69.449,10.648,54.066,-78.816,56.636,82.618,103.67,99.17,80.416
52.115,73.698,25.539,-61.627,10.425,46.941,-70.481,55.131,77.605,95.939,88.768,71.801
46.128,63.291,20.523,-53.275,10.171,39.575,-61.824,53.263,71.783,87.75,78.596,63.752
39.996,52.428,15.906,-44.649,9.9704,32.008,-52.977,50.963,65.254,79.457,69.039,56.223
33.879,41.344,11.66,-35.952,9.7888,24.379,-44.106,48.18,58.169,71.304,60.253,49.059
27.722,30.192,7.745,-27.222,9.4967,16.853,-35.388,44.885,50.642,63.364,52.135,42.073
21.326,19.036,4.1464,-18.381,8.9849,9.5856,-26.977,41.055,42.692,55.559,44.434,35.102
14.518,8.0297,0.85839,-9.4357,8.2364,2.7439,-18.985,36.664,34.277,47.692,36.849,28.01
7.3826,-2.4183,-2.1264,-0.67481,7.2976,-3.469,-11.475,31.697,25.41,39.505,29.098,20.694
0.36473,-11.744,-4.8116,7.3634,6.2276,-8.8744,-4.4678,26.218,16.301,30.79,20.99,13.123
-5.9452,-19.556,-7.1915,14.21,5.085,-13.404,2.0414,20.409,7.3866,21.578,12.561,5.4348
-11.176,-25.818,-9.2589,19.72,3.941,-17.112,8.055,14.551,-0.83236,12.288,4.1879,-2.0084
-15.284,-30.74,-11.016,24.023,2.8765,-20.114,13.551,8.9345,-8.019,3.5825,-3.5172,-8.7315
-18.426,-34.594,-12.479,27.351,1.9506,-22.54,18.473,3.7481,-14.107,-4.0186,-10.065,-14.402
-20.838,-37.65,-13.681,29.955,1.1723,-24.512,22.753,-0.94739,-19.228,-10.369,-15.329,-18.967
-22.776,-40.157,-14.666,32.08,0.50354,-26.155,26.352,-5.1792,-23.578,-15.608,-19.475,-22.576
-24.463,-42.337,-15.483,33.942,-0.11413,-27.587,29.285,-8.999,-27.317,-19.954,-22.771,-25.43
-26.044,-44.352,-16.184,35.695,-0.73194,-28.907,31.627,-12.443,-30.554,-23.582,-25.459,-27.707
-27.557,-46.279,-16.812,37.395,-1.38,-30.17,33.486,-15.527,-33.351,-26.599,-27.711,-29.531
-28.968,-48.112,-17.392,39.015,-2.0618,-31.384,34.978,-18.255,-35.754,-29.074,-29.624,-30.989
-30.227,-49.799,-17.933,40.493,-2.7521,-32.519,36.206,-20.638,-37.8,-31.078,-31.241,-32.142
-31.304,-51.288,-18.428,41.778,-3.403,-33.532,37.243,-22.698,-39.527,-32.692,-32.589,-33.04
-32.192,-52.545,-18.865,42.846,-3.96,-34.393,38.133,-24.46,-40.963,-33.996,-33.691,-33.729
-32.889,-53.562,-19.237,43.694,-4.3788,-35.088,38.9,-25.95,-42.132,-35.052,-34.577,-34.244
-33.398,-54.352,-19.551,44.336,-4.6376,-35.628,39.556,-27.193,-43.062,-35.899,-35.276,-34.612
-33.739,-54.95,-19.826,44.803,-4.7408,-36.045,40.113,-28.218,-43.781,-36.556,-35.818,-34.855
-33.945,-55.415,-20.089,45.143,-4.7187,-36.388,40.581,-29.06,-44.328,-37.036,-36.233,-34.996
-34.066,-55.816,-20.366,45.415,-4.6212,-36.713,40.974,-29.75,-44.742,-37.356,-36.55,-35.057
-34.155,-56.211,-20.674,45.67,-4.505,-37.06,41.306,-30.315,-45.06,-37.536,-36.794,-35.068
-34.248,-56.628,-21.012,45.935,-4.4125,-37.441,41.592,-30.757,-45.299,-37.6,-36.982,-35.053
-34.351,-57.052,-21.364,46.205,-4.3539,-37.836,41.844,-31.063,-45.456,-37.566,-37.118,-35.032
-34.444,-57.439,-21.709,46.445,-4.3032,-38.203,42.077,-31.202,-45.509,-37.444,-37.202,-35.015
-34.489,-57.736,-22.027,46.612,-4.2142,-38.499,42.298,-31.149,-45.429,-37.237,-37.229,-34.998
-34.453,-57.904,-22.303,46.674,-4.0449,-38.695,42.511,-30.898,-45.193,-36.945,-37.199,-34.975
-34.321,-57.932,-22.531,46.617,-3.7755,-38.781,42.713,-30.473,-44.806,-36.567,-37.117,-34.937
-34.1,-57.837,-22.716,46.458,-3.4163,-38.773,42.898,-29.922,-44.298,-36.11,-36.99,-34.878
-33.825,-57.664,-22.865,46.236,-3.0077,-38.702,43.064,-29.31,-43.719,-35.588,-36.824,-34.803
-33.552,-57.473,-22.986,46.009,-2.613,-38.61,43.204,-28.694,-43.128,-35.028,-36.626,-34.725
-33.341,-57.327,-23.083,45.834,-2.3003,-38.533,43.317,-28.115,-42.574,-34.466,-36.405,-34.663
-33.236,-57.261,-23.153,45.748,-2.1172,-38.488,43.401,-27.587,-42.083,-33.936,-36.17,-34.639
-33.239,-57.273,-23.192,45.75,-2.0675,-38.474,43.455,-27.097,-41.654,-33.467,-35.935,-34.666
-33.314,-57.327,-23.201,45.803,-2.1103,-38.472,43.475,-26.612,-41.264,-33.067,-35.711,-34.751
-33.403,-57.37,-23.18,45.855,-2.1847,-38.458,43.456,-26.096,-40.878,-32.732,-35.508,-34.887
-33.461,-57.362,-23.133,45.865,-2.2462,-38.412,43.392,-25.535,-40.467,-32.443,-35.328,-35.062
-33.475,-57.295,-23.058,45.826,-2.2899,-38.333,43.28,-24.944,-40.02,-32.182,-35.167,-35.26
-33.467,-57.193,-22.953,45.76,-2.3486,-38.229,43.119,-24.362,-39.55,-31.935,-35.019,-35.465
-33.477,-57.093,-22.818,45.704,-2.4676,-38.118,42.918,-23.828,-39.077,-31.693,-34.869,-35.659
-33.531,-57.016,-22.66,45.682,-2.6718,-38.01,42.697,-23.362,-38.613,-31.454,-34.704,-35.82
-33.625,-56.953,-22.491,45.682,-2.9458,-37.899,42.478,-22.952,-38.148,-31.213,-34.506,-35.922
-33.721,-56.866,-22.331,45.664,-3.2407,-37.766,42.287,-22.56,-37.65,-30.963,-34.267,-35.939
-33.777,-56.723,-22.197,45.591,-3.5043,-37.602,42.133,-22.152,-37.088,-30.706,-33.99,-35.849
-33.778,-56.526,-22.102,45.46,-3.7109,-37.412,42.009,-21.722,-36.456,-30.458,-33.693,-35.65
-33.741,-56.315,-22.044,45.302,-3.8696,-37.223,41.881,-21.29,-35.775,-30.244,-33.402,-35.358
-33.694,-56.13,-22.006,45.16,-4.0056,-37.052,41.715,-20.882,-35.079,-30.08,-33.139,-34.996
-33.652,-55.974,-21.961,45.047,-4.1327,-36.893,41.48,-20.511,-34.388,-29.95,-32.898,-34.578
-33.593,-55.796,-21.875,44.935,-4.2371,-36.705,41.166,-20.155,-33.69,-29.806,-32.646,-34.098
-33.471,-55.508,-21.714,44.759,-4.2826,-36.427,40.773,-19.77,-32.941,-29.586,-32.334,-33.532
-33.231,-55.011,-21.448,44.441,-4.2311,-35.993,40.309,-19.301,-32.08,-29.233,-31.915,-32.847
-32.829,-54.222,-21.054,43.916,-4.064,-35.347,39.777,-18.696,-31.04,-28.712,-31.351,-32.012
-32.252,-53.091,-20.504,43.142,-3.7966,-34.446,39.174,-17.913,-29.765,-28.004,-30.619,-31.007
-31.508,-51.604,-19.769,42.11,-3.4779,-33.272,38.484,-16.926,-28.213,-27.114,-29.704,-29.822
-30.623,-49.776,-18.82,40.836,-3.1747,-31.823,37.676,-15.723,-26.359,-26.058,-28.598,-28.456
-29.621,-47.638,-17.629,39.343,-2.9453,-30.11,36.708,-14.306,-24.191,-24.851,-27.301,-26.912
-28.512,-45.213,-16.179,37.65,-2.8159,-28.142,35.524,-12.692,-21.716,-23.498,-25.819,-25.199
-27.285,-42.505,-14.464,35.759,-2.769,-25.922,34.048,-10.91,-18.951,-21.983,-24.157,-23.324
-25.904,-39.49,-12.495,33.644,-2.7481,-23.436,32.174,-9.0043,-15.929,-20.264,-22.314,-21.292
-24.302,-36.111,-10.3,31.249,-2.6792,-20.66,29.747,-7.0223,-12.677,-18.283,-20.275,-19.103
-22.392,-32.285,-7.9257,28.491,-2.5017,-17.563,26.571,-4.9984,-9.2096,-15.983,-18.011,-16.747
-20.082,-27.914,-5.426,25.274,-2.1926,-14.11,22.437,-2.9292,-5.509,-13.319,-15.496,-14.216
-17.285,-22.891,-2.8462,21.502,-1.7735,-10.27,17.205,-0.75686,-1.5249,-10.268,-12.709,-11.501
-13.929,-17.108,-0.21003,17.082,-1.2947,-6.0024,10.882,1.6267,2.8211,-6.8117,-9.6363,-8.599
-9.9637,-10.465,2.479,11.935,-0.80598,-1.2681,3.6209,4.3454,7.614,-2.9287,-6.2542,-5.5017
-5.3737,-2.9072,5.2238,6.0131,-0.32983,3.9618,-4.3862,7.4876,12.914,1.4168,-2.5308,-2.1908
-0.19859,5.5524,8.0157,-0.67606,0.15023,9.6786,-12.996,11.058,18.72,6.2684,1.5681,1.3605
5.4708,14.805,10.821,-8.0577,0.68232,15.812,-22.141,14.956,24.946,11.65,6.0631,5.1697
11.526,24.645,13.581,-15.996,1.3282,22.218,-31.782,18.998,31.416,17.521,10.94,9.2254
17.878,34.777,16.226,-24.303,2.1464,28.683,-41.85,22.966,37.895,23.735,16.13,13.479
24.441,44.823,18.684,-32.734,3.1786,34.956,-52.195,26.679,44.135,30.048,21.499,17.852
31.069,54.368,20.89,-40.986,4.4367,40.798,-62.59,30.019,49.921,36.181,26.858,22.243
37.532,63.065,22.774,-48.75,5.9,46.037,-72.758,32.937,55.094,41.915,32.01,26.544
43.595,70.732,24.26,-55.802,7.5284,50.583,-82.409,35.422,59.563,47.133,36.801,30.65
49.125,77.364,25.286,-62.072,9.2791,54.422,-91.305,37.484,63.297,51.818,41.146,34.469
54.124,83.083,25.842,-67.633,11.117,57.594,-99.317,39.139,66.316,56.017,45.02,37.931
58.677,88.069,25.98,-72.632,13.021,60.187,-106.42,40.415,68.68,59.802,48.445,41.005
62.872,92.493,25.794,-77.215,14.988,62.305,-112.63,41.357,70.472,63.229,51.468,43.699
66.747,96.466,25.372,-81.47,17.034,64.039,-117.84,42.015,71.771,66.301,54.14,46.058
70.266,100.01,24.763,-85.389,19.167,65.433,-121.78,42.442,72.636,68.95,56.49,48.139
73.346,103.05,23.965,-88.885,21.363,66.477,-124.03,42.671,73.084,71.054,58.505,49.981
75.902,105.46,22.952,-91.827,23.558,67.111,-124.29,42.694,73.084,72.478,60.143,51.591
77.891,107.08,21.683,-94.084,25.663,67.246,-122.51,42.446,72.566,73.099,61.346,52.945
79.316,107.76,20.114,-95.55,27.6,66.769,-118.88,41.809,71.431,72.814,62.057,53.989
80.218,107.35,18.195,-96.156,29.326,65.567,-113.76,40.638,69.578,71.55,62.231,54.646
80.662,105.73,15.885,-95.864,30.841,63.554,-107.55,38.812,66.933,69.281,61.832,54.829
80.716,102.85,13.17,-94.659,32.17,60.69,-100.68,36.27,63.461,66.045,60.83,54.464
80.418,98.705,10.081,-92.506,33.351,56.983,-93.451,33.018,59.147,61.939,59.198,53.508
79.737,93.262,6.6855,-89.322,34.407,52.47,-86.052,29.098,53.979,57.083,56.914,51.948
78.542,86.517,3.0691,-84.99,35.324,47.209,-78.514,24.592,47.955,51.575,53.976,49.772
76.62,78.527,-0.68302,-79.444,36.059,41.283,-70.776,19.627,41.114,45.471,50.406,46.964
73.769,69.443,-4.4834,-72.775,36.558,34.8,-62.759,14.396,33.579,38.775,46.245,43.524
69.922,59.493,-8.2126,-65.215,36.795,27.909,-54.442,9.1365,25.583,31.483,41.527,39.492
65.18,48.942,-11.705,-57.044,36.769,20.821,-45.911,4.0787,17.457,23.667,36.273,34.938
59.729,38.121,-14.79,-48.508,36.481,13.828,-37.343,-0.60636,9.583,15.568,30.506,29.939
53.759,27.45,-17.365,-39.84,35.913,7.2514,-28.924,-4.8352,2.2996,7.6128,24.299,24.592
47.443,17.347,-19.423,-31.275,35.032,1.3395,-20.769,-8.6096,-4.1934,0.2547,17.81,19.025
40.918,8.075,-21.027,-22.994,33.801,-3.8231,-12.902,-11.993,-9.8622,-6.2252,11.267,13.392
34.255,-0.34303,-22.251,-15.06,32.189,-8.3007,-5.3171,-15.081,-14.793,-11.791,4.9075,7.8419
27.447,-8.0405,-23.165,-7.4304,30.166,-12.226,1.9459,-17.966,-19.115,-16.562,-1.0914,2.472
20.449,-15.156,-23.813,-0.048771,27.708,-15.717,8.7411,-20.728,-22.95,-20.697,-6.6336,-2.6753
13.249,-21.731,-24.227,7.0581,24.798,-18.84,14.83,-23.417,-26.393,-24.324,-11.686,-7.5877
5.9407,-27.699,-24.439,13.751,21.472,-21.615,19.982,-26.053,-29.517,-27.536,-16.242,-12.234
-1.239,-32.938,-24.483,19.814,17.858,-24.023,24.108,-28.634,-32.376,-30.406,-20.286,-16.522
-7.943,-37.35,-24.397,25.043,14.171,-26.047,27.292,-31.134,-35.01,-32.991,-23.793,-20.313
-13.798,-40.887,-24.214,29.306,10.651,-27.678,29.723,-33.504,-37.433,-35.338,-26.754,-23.479
-18.529,-43.563,-23.962,32.569,7.5225,-28.898,31.619,-35.69,-39.652,-37.46,-29.186,-25.971
-22.053,-45.436,-23.66,34.902,4.9488,-29.711,33.164,-37.651,-41.662,-39.365,-31.144,-27.843
-24.49,-46.618,-23.319,36.448,2.9638,-30.149,34.497,-39.372,-43.453,-41.055,-32.703,-29.211
-26.106,-47.272,-22.945,37.403,1.4343,-30.279,35.704,-40.871,-45.024,-42.548,-33.938,-30.202
-27.2,-47.589,-22.545,37.985,0.16781,-30.2,36.817,-42.173,-46.389,-43.883,-34.924,-30.933
-28.014,-47.757,-22.13,38.388,-0.94518,-30.024,37.825,-43.311,-47.593,-45.11,-35.726,-31.499
-28.691,-47.91,-21.721,38.745,-1.9077,-29.843,38.696,-44.318,-48.685,-46.283,-36.396,-31.969
-29.266,-48.103,-21.345,39.106,-2.6615,-29.706,39.406,-45.219,-49.709,-47.44,-36.966,-32.39
-29.703,-48.311,-21.022,39.443,-3.1428,-29.611,39.946,-46.015,-50.683,-48.604,-37.454,-32.779
-29.95,-48.473,-20.763,39.699,-3.327,-29.527,40.325,-46.702,-51.602,-49.768,-37.861,-33.136
-30.0,-48.536,-20.564,39.829,-3.2562,-29.419,40.564,-47.287,-52.44,-50.913,-38.183,-33.458
-29.899,-48.489,-20.41,39.834,-3.0407,-29.276,40.687,-47.779,-53.167,-52.018,-38.422,-33.747
-29.742,-48.367,-20.288,39.76,-2.8259,-29.113,40.726,-48.2,-53.777,-53.074,-38.591,-34.012
-29.627,-48.23,-20.192,39.675,-2.7461,-28.961,40.713,-48.583,-54.295,-54.079,-38.707,-34.264
-29.622,-48.133,-20.126,39.635,-2.8698,-28.851,40.68,-48.965,-54.749,-55.035,-38.788,-34.511
-29.728,-48.096,-20.099,39.653,-3.169,-28.796,40.653,-49.372,-55.162,-55.938,-38.845,-34.757
-29.882,-48.09,-20.121,39.69,-3.53,-28.784,40.651,-49.815,-55.544,-56.781,-38.887,-35.001
-29.983,-48.058,-20.194,39.681,-3.809,-28.789,40.689,-50.278,-55.888,-57.55,-38.921,-35.247
-29.944,-47.959,-20.317,39.571,-3.8998,-28.789,40.768,-50.685,-56.163,-58.234,-38.954,-35.504
-29.727,-47.767,-20.469,39.339,-3.7776,-28.764,40.878,-50.904,-56.31,-58.815,-38.999,-35.783
-29.367,-47.488,-20.614,39.011,-3.5031,-28.689,40.999,-50.754,-56.25,-59.264,-39.065,-36.095
-28.947,-47.127,-20.696,38.639,-3.1852,-28.537,41.098,-50.021,-55.867,-59.536,-39.153,-36.443
-28.544,-46.678,-20.655,38.247,-2.9365,-28.267,41.143,-48.495,-55.029,-59.548,-39.245,-36.812
-28.185,-46.1,-20.44,37.824,-2.833,-27.829,41.104,-46.095,-53.624,-59.181,-39.297,-37.163
-27.825,-45.336,-20.04,37.31,-2.8716,-27.185,40.972,-43.205,-51.598,-58.303,-39.24,-37.445
-27.361,-44.353,-19.529,36.629,-2.9256,-26.36,40.755,-41.414,-49.025,-56.795,-38.99,-37.6
-26.611,-43.168,-19.112,35.692,-2.7349,-25.47,40.475,-44.474,-46.196,-54.637,-38.442,-37.565
-25.288,-41.842,-19.134,34.389,-1.9434,-24.739,40.147,-55.835,-43.994,-52.094,-37.454,-37.274
-22.93,-40.458,-19.957,32.562,-0.18722,-24.455,39.751,-65.696,-45.406,-50.381,-35.811,-36.631
-18.778,-39.068,-21.626,29.963,0.96586,-24.873,39.204,-63.916,-57.035,-53.801,-33.214,-35.481
-12.118,-37.636,-23.306,26.171,-7.208,-26.072,38.326,-53.559,-67.475,-65.995,-30.137,-33.54
-8.3162,-35.959,-21.686,20.483,-5.334,-27.845,36.777,-35.308,-58.748,-68.462,-35.327,-30.395
-24.039,-33.585,-18.901,12.086,-4.0425,-29.718,33.951,-10.036,-41.058,-59.844,-50.608,-27.198
-24.544,-29.717,-14.166,2.4871,-3.9841,-31.192,29.165,20.8,-17.789,-45.364,-50.502,-35.361
-18.171,-23.024,-8.6741,3.2086,-3.8912,-32.116,25.731,56.358,10.593,-25.364,-44.721,-41.031
-9.7107,-11.616,-5.694,11.718,-1.4596,-32.747,33.774,96.42,43.808,0.042766,-34.178,-35.95
2.4275,3.8637,-8.7856,5.6235,6.3754,-33.029,39.79,140.11,81.843,31.445,-17.629,-26.853
20.629,6.5683,-21.588,-4.2746,23.116,-32.082,37.215,187.46,126.41,70.782,6.8263,-13.763
47.933,-7.6386,-48.619,-16.988,51.977,-29.51,30.684,244.58,181.83,120.92,41.835,4.2902
87.624,-13.659,-92.545,-35.373,94.262,-33.47,19.202,321.0,254.26,184.6,89.901,29.403
141.63,-15.245,-149.73,-62.748,150.09,-60.601,-0.16411,423.02,350.36,265.57,152.24,64.969
210.61,-10.284,-214.31,-102.5,218.18,-91.809,-31.163,551.07,473.63,368.25,230.44,115.18
295.17,7.6427,-280.64,-157.52,295.2,-117.42,-77.166,697.86,619.97,492.64,327.68,183.42
392.3,46.534,-338.75,-228.39,374.58,-129.03,-138.07,847.31,776.84,632.61,444.16,269.99
494.0,111.94,-378.11,-312.48,446.43,-119.28,-209.18,975.74,924.25,776.48,575.33,372.74
588.49,202.66,-389.08,-403.4,499.53,-84.358,-284.13,1056.6,1038.4,908.6,713.19,486.35
662.64,307.37,-365.6,-490.75,524.35,-24.454,-354.56,1067.9,1097.7,1012.8,847.53,602.66
705.3,411.38,-308.25,-562.48,516.12,54.576,-410.86,999.27,1089.2,1076.9,967.44,711.93
710.24,501.01,-225.14,-607.98,476.36,141.39,-444.85,856.18,1012.3,1095.8,1063.6,804.07
677.47,562.89,-130.08,-620.74,412.25,220.91,-451.78,659.54,879.65,1072.5,1129.4,870.29
612.54,587.52,-38.656,-599.26,334.19,279.58,-431.09,440.6,713.15,1015.5,1160.7,903.8
524.01,571.17,36.092,-546.09,252.48,309.26,-385.64,232.3,537.34,935.12,1154.1,899.69
420.6,515.33,86.574,-466.06,174.83,307.23,-320.1,60.162,372.03,838.42,1104.9,854.46
309.46,425.43,111.26,-365.05,105.61,275.47,-239.85,-63.547,227.57,727.35,1008.3,766.45
196.23,309.95,113.3,-249.97,46.474,219.41,-150.85,-140.19,104.86,600.24,862.47,637.73
86.13,179.77,97.962,-129.18,-2.3367,146.73,-60.027,-180.68,-0.68956,456.2,673.23,476.52
-14.927,47.373,70.583,-12.619,-40.454,66.256,24.97,-199.12,-93.631,299.45,456.76,298.27
-100.06,-74.302,36.106,89.158,-66.773,-13.042,97.077,-206.89,-174.55,141.13,237.94,123.78
-163.12,-173.69,-1.2541,167.59,-80.947,-82.917,151.75,-209.79,-239.71,-2.72,44.134,-25.475
-200.59,-242.93,-38.182,218.54,-82.165,-137.3,187.17,-208.0,-283.55,-114.61,-102.2,-132.28
-212.19,-279.64,-71.909,242.14,-70.901,-173.44,203.38,-198.03,-301.79,-182.77,-187.96,-189.93
-201.16,-288.05,-99.965,241.7,-50.443,-191.35,202.34,-175.33,-293.61,-208.39,-217.74,-204.83
-173.68,-275.77,-119.62,222.87,-25.442,-193.15,188.0,-136.68,-262.79,-200.21,-205.91,-190.07
-138.16,-250.27,-130.56,192.84,-0.42117,-183.53,165.46,-86.881,-216.52,-170.62,-170.43,-159.84
-102.86,-217.33,-133.17,158.36,20.573,-166.04,138.45,-38.301,-162.84,-132.31,-128.94,-126.68
-72.252,-177.54,-128.26,122.27,34.16,-140.39,110.84,2.0368,-111.69,-95.222,-93.546,-99.475
-52.722,-144.47,-118.23,97.788,39.279,-113.97,91.649,32.558,-70.059,-64.498,-68.299,-80.833
-41.279,-126.0,-105.54,84.311,37.603,-97.728,78.85,51.71,-40.881,-45.077,-51.988,-66.988
-35.152,-111.67,-91.964,74.37,32.791,-86.721,70.362,58.742,-24.592,-42.015,-45.467,-61.955
-32.516,-99.77,-78.382,66.877,27.337,-77.267,64.736,53.095,-17.329,-36.935,-43.387,-59.73
-32.016,-89.814,-65.828,60.499,20.26,-69.192,60.285,32.969,-16.2,-33.614,-41.006,-56.689
-32.365,-80.662,-55.345,54.619,12.699,-62.165,56.042,9.5522,-22.473,-34.009,-39.65,-52.84
-31.688,-72.25,-46.907,50.024,10.498,-55.774,52.06,1.14,-30.464,-35.094,-38.354,-48.047
-30.372,-65.576,-39.862,46.885,9.7514,-50.057,48.98,1.7574,-31.337,-34.635,-36.738,-43.999
-29.15,-60.871,-33.699,44.601,8.1217,-45.327,46.885,3.1796,-29.546,-33.46,-35.281,-41.476
-28.328,-57.545,-28.514,42.884,5.9323,-41.649,45.455,2.7389,-27.82,-32.479,-34.243,-39.955
-27.952,-55.096,-25.131,41.642,3.8375,-38.81,44.44,0.46507,-26.748,-31.962,-33.656,-38.999
-27.888,-53.225,-23.73,40.763,2.1402,-36.565,43.7,-2.87,-26.386,-31.885,-33.45,-38.375
-27.932,-51.71,-23.179,40.094,0.82194,-34.722,43.154,-6.4773,-26.541,-32.108,-33.487,-37.936
-27.919,-50.372,-22.659,39.486,-0.18231,-33.138,42.747,-9.7687,-26.941,-32.463,-33.63,-37.576
-27.776,-49.083,-21.998,38.841,-0.9067,-31.705,42.437,-12.447,-27.373,-32.832,-33.779,-37.221
-27.516,-47.791,-21.22,38.132,-1.4197,-30.365,42.196,-14.484,-27.741,-33.161,-33.884,-36.825
-27.218,-46.523,-20.364,37.404,-1.8312,-29.106,42.0,-16.009,-28.04,-33.45,-33.941,-36.378
-26.989,-45.37,-19.459,36.749,-2.2482,-27.961,41.832,-17.191,-28.313,-33.727,-33.974,-35.89
-26.917,-44.432,-18.542,36.258,-2.7298,-26.982,41.678,-18.166,-28.609,-34.022,-34.011,-35.388
-27.031,-43.772,-17.654,35.982,-3.2689,-26.208,41.522,-19.008,-28.946,-34.347,-34.073,-34.902
-27.292,-43.389,-16.835,35.91,-3.8115,-25.645,41.349,-19.741,-29.308,-34.695,-34.164,-34.451
-27.62,-43.222,-16.104,35.983,-4.3004,-25.266,41.141,-20.366,-29.658,-35.049,-34.274,-34.044
-27.935,-43.182,-15.455,36.124,-4.7122,-25.014,40.88,-20.887,-29.956,-35.392,-34.394,-33.672
-28.193,-43.182,-14.857,36.27,-5.0648,-24.827,40.549,-21.329,-30.178,-35.71,-34.51,-33.317
-28.395,-43.16,-14.27,36.384,-5.4021,-24.649,40.142,-21.729,-30.326,-35.997,-34.608,-32.955
-28.568,-43.078,-13.655,36.456,-5.7721,-24.44,39.664,-22.118,-30.423,-36.249,-34.675,-32.57
-28.741,-42.92,-12.984,36.488,-6.2076,-24.172,39.131,-22.502,-30.503,-36.46,-34.695,-32.153
-28.933,-42.68,-12.25,36.486,-6.7162,-23.836,38.573,-22.863,-30.591,-36.62,-34.654,-31.705
-29.142,-42.366,-11.469,36.448,-7.2758,-23.433,38.015,-23.165,-30.698,-36.718,-34.546,-31.237
-29.351,-41.992,-10.676,36.375,-7.8378,-22.983,37.476,-23.372,-30.82,-36.753,-34.372,-30.77
-29.528,-41.576,-9.9194,36.258,-8.3387,-22.507,36.953,-23.463,-30.936,-36.733,-34.14,-30.325
-29.625,-41.119,-9.2386,36.077,-8.7147,-22.023,36.431,-23.426,-31.018,-36.675,-33.866,-29.916
-29.593,-40.604,-8.6506,35.8,-8.9202,-21.529,35.885,-23.265,-31.034,-36.589,-33.559,-29.539
-29.403,-40.006,-8.1397,35.402,-8.9472,-21.008,35.294,-23.002,-30.962,-36.473,-33.227,-29.176
-29.067,-39.318,-7.6583,34.896,-8.8366,-20.441,34.647,-22.676,-30.806,-36.316,-32.87,-28.803
-28.645,-38.569,-7.1466,34.334,-8.6688,-19.82,33.942,-22.34,-30.594,-36.107,-32.489,-28.407
-28.218,-37.797,-6.5538,33.782,-8.5311,-19.149,33.189,-22.037,-30.364,-35.842,-32.086,-27.983
-27.837,-37.021,-5.8474,33.272,-8.4744,-18.424,32.409,-21.786,-30.145,-35.516,-31.658,-27.527
-27.494,-36.197,-5.0221,32.775,-8.4858,-17.618,31.636,-21.565,-29.938,-35.127,-31.194,-27.024
-27.13,-35.238,-4.0983,32.202,-8.4996,-16.689,30.901,-21.322,-29.719,-34.667,-30.68,-26.453
-26.666,-34.063,-3.1182,31.459,-8.4401,-15.604,30.217,-21.0,-29.452,-34.137,-30.11,-25.795
-26.049,-32.635,-2.132,30.49,-8.2683,-14.362,29.566,-20.563,-29.113,-33.549,-29.487,-25.046
-25.266,-30.983,-1.1773,29.296,-8.0012,-12.998,28.907,-20.009,-28.691,-32.919,-28.827,-24.225
-24.349,-29.175,-0.26148,27.928,-7.7011,-11.561,28.186,-19.364,-28.195,-32.257,-28.14,-23.358
-23.355,-27.292,0.64123,26.466,-7.4483,-10.087,27.354,-18.673,-27.643,-31.56,-27.428,-22.463
-22.363,-25.403,1.5767,24.998,-7.3147,-8.5938,26.377,-17.986,-27.06,-30.809,-26.679,-21.544
-21.452,-23.562,2.5881,23.598,-7.3392,-7.0883,25.24,-17.349,-26.47,-29.983,-25.877,-20.592
-20.671,-21.795,3.6956,22.315,-7.5115,-5.5742,23.944,-16.791,-25.89,-29.069,-25.019,-19.59
-20.018,-20.09,4.8894,21.139,-7.7698,-4.0496,22.503,-16.314,-25.325,-28.064,-24.115,-18.515
-19.433,-18.389,6.1353,20.009,-8.0205,-2.5004,20.949,-15.889,-24.763,-26.977,-23.187,-17.333
-18.816,-16.598,7.3904,18.822,-8.1732,-0.89291,19.322,-15.455,-24.172,-25.819,-22.255,-16.001
-18.064,-14.611,8.6246,17.469,-8.1764,0.81706,17.67,-14.944,-23.505,-24.596,-21.325,-14.47
-17.109,-12.333,9.8362,15.868,-8.0372,2.6822,16.029,-14.3,-22.709,-23.296,-20.375,-12.705
-15.936,-9.6952,11.051,13.982,-7.8163,4.7526,14.408,-13.502,-21.747,-21.887,-19.356,-10.692
-14.569,-6.6767,12.305,11.818,-7.6026,7.0555,12.778,-12.564,-20.599,-20.313,-18.204,-8.4359
-13.071,-3.3169,13.62,9.4294,-7.478,9.5739,11.07,-11.525,-19.264,-18.512,-16.857,-5.9559
-11.524,0.2834,14.995,6.9097,-7.4862,12.241,9.2034,-10.437,-17.746,-16.427,-15.271,-3.2666
-10.01,3.9905,16.405,4.3586,-7.6117,14.964,7.1104,-9.3435,-16.041,-14.011,-13.422,-0.37134
-8.5597,7.7145,17.815,1.8333,-7.7834,17.666,4.7708,-8.2609,-14.124,-11.227,-11.3,2.7379
-7.1294,11.448,19.194,-0.69476,-7.9034,20.323,2.2195,-7.1628,-11.944,-8.0431,-8.8941,6.0692
-5.6121,15.279,20.535,-3.3302,-7.8903,22.97,-0.47065,-5.9822,-9.4243,-4.4302,-6.1832,9.6168
-3.8928,19.353,21.864,-6.2102,-7.7166,25.689,-3.2279,-4.6295,-6.4758,-0.36141,-3.1398,13.353
-1.914,23.79,23.239,-9.432,-7.4226,28.562,-6.0229,-3.0264,-3.0236,4.1785,0.25905,17.228
0.27861,28.612,24.739,-12.988,-7.1059,31.634,-8.8939,-1.1412,0.96417,9.1728,4.0108,21.177
2.5353,33.713,26.443,-16.749,-6.8896,34.88,-11.941,0.99086,5.4507,14.555,8.0774,25.133
4.661,38.913,28.408,-20.527,-6.8748,38.226,-15.288,3.2749,10.33,20.21,12.392,29.037
6.5108,44.044,30.652,-24.163,-7.0968,41.576,-19.034,5.5946,15.457,25.997,16.874,32.849
8.0541,49.004,33.147,-27.596,-7.5091,44.852,-23.218,7.8622,20.695,31.785,21.447,36.55
9.383,53.768,35.821,-30.864,-8.0056,48.01,-27.803,10.051,25.953,37.483,26.049,40.135
10.662,58.363,38.58,-34.066,-8.4696,51.041,-32.713,12.193,31.198,43.059,30.638,43.614
12.048,62.835,41.351,-37.301,-8.8232,53.973,-37.878,14.347,36.433,48.538,35.197,47.006
13.636,67.225,44.117,-40.634,-9.0528,56.854,-43.277,16.554,41.654,53.994,39.731,50.342
15.435,71.559,46.915,-44.081,-9.2016,59.74,-48.924,18.817,46.818,59.524,44.261,53.671
17.413,75.844,49.797,-47.626,-9.3412,62.68,-54.839,21.097,51.838,65.224,48.829,57.073
19.535,80.065,52.784,-51.223,-9.5403,65.703,-61.006,23.331,56.613,71.156,53.503,60.666
21.776,84.192,55.836,-54.814,-9.8402,68.809,-67.356,25.46,61.066,77.33,58.402,64.602
24.122,88.214,58.86,-58.349,-10.239,71.98,-73.777,27.453,65.17,83.673,63.684,69.035
26.584,92.159,61.748,-61.828,-10.682,75.197,-80.137,29.313,68.944,90.043,69.507,74.071
29.209,96.093,64.417,-65.304,-11.074,78.451,-86.316,31.077,72.434,96.252,75.963,79.702
32.079,100.09,66.837,-68.845,-11.305,81.739,-92.235,32.789,75.684,102.13,83.01,85.769
35.26,104.16,69.022,-72.467,-11.298,85.048,-97.86,34.467,78.707,107.54,90.467,92.001
38.737,108.28,71.009,-76.11,-11.031,88.338,-103.19,36.091,81.489,112.43,98.065,98.107
42.394,112.37,72.844,-79.661,-10.549,91.549,-108.23,37.608,84.0,116.79,105.55,103.89
46.057,116.34,74.564,-83.023,-9.9399,94.626,-112.96,38.969,86.22,120.64,112.76,109.27
49.589,120.18,76.191,-86.176,-9.304,97.55,-117.35,40.149,88.148,124.04,119.64,114.32
52.95,123.93,77.728,-89.181,-8.7225,100.34,-121.33,41.158,89.806,127.04,126.23,119.13
56.186,127.66,79.163,-92.136,-8.2352,103.01,-124.83,42.034,91.229,129.69,132.56,123.79
59.367,131.4,80.483,-95.113,-7.8371,105.58,-127.83,42.83,92.458,132.02,138.61,128.3
62.538,135.1,81.681,-98.124,-7.4869,108.03,-130.38,43.6,93.537,134.04,144.36,132.62
65.684,138.69,82.757,-101.12,-7.1229,110.33,-132.56,44.384,94.509,135.78,149.7,136.68
68.717,142.09,83.724,-104.01,-6.6868,112.45,-134.47,45.199,95.412,137.25,154.56,140.41
71.515,145.22,84.599,-106.71,-6.1442,114.38,-136.21,46.042,96.272,138.48,158.87,143.79
73.972,148.06,85.399,-109.14,-5.4971,116.11,-137.83,46.899,97.105,139.53,162.63,146.82
76.036,150.58,86.136,-111.29,-4.787,117.65,-139.33,47.752,97.907,140.43,165.83,149.53
77.706,152.79,86.804,-113.14,-4.0861,118.98,-140.72,48.571,98.659,141.22,168.51,151.96
79.0,154.66,87.383,-114.68,-3.4733,120.09,-141.98,49.323,99.327,141.93,170.74,154.11
79.96,156.17,87.832,-115.92,-2.9986,120.97,-143.11,49.981,99.874,142.53,172.56,156.0
80.661,157.34,88.102,-116.9,-2.6578,121.6,-144.09,50.54,100.27,143.02,174.04,157.63
81.213,158.17,88.151,-117.66,-2.3918,121.98,-144.92,51.025,100.52,143.38,175.24,159.0
81.718,158.68,87.954,-118.26,-2.1097,122.12,-145.59,51.482,100.61,143.6,176.19,160.08
82.231,158.85,87.507,-118.69,-1.7189,122.0,-146.09,51.947,100.58,143.68,176.92,160.87
82.739,158.64,86.825,-118.92,-1.1546,121.56,-146.4,52.44,100.43,143.65,177.43,161.37
83.196,157.99,85.919,-118.89,-0.40132,120.76,-146.5,52.958,100.19,143.51,177.71,161.57
83.545,156.85,84.773,-118.55,0.50066,119.52,-146.38,53.477,99.879,143.28,177.75,161.48
83.744,155.2,83.338,-117.87,1.4696,117.81,-146.0,53.969,99.49,142.96,177.49,161.11
83.755,153.05,81.556,-116.87,2.4127,115.59,-145.37,54.405,99.024,142.54,176.88,160.46
83.551,150.43,79.393,-115.56,3.2602,112.88,-144.45,54.767,98.47,142.0,175.81,159.5
83.12,147.37,76.851,-113.97,3.9875,109.67,-143.23,55.055,97.815,141.28,174.19,158.17
82.464,143.87,73.947,-112.12,4.6141,105.94,-141.64,55.282,97.042,140.36,171.92,156.35
81.577,139.85,70.669,-109.95,5.1831,101.65,-139.64,55.463,96.127,139.16,168.86,153.93
80.415,135.16,66.967,-107.35,5.7337,96.724,-137.18,55.601,95.021,137.63,164.84,150.72
78.864,129.63,62.771,-104.12,6.2848,91.111,-134.22,55.674,93.652,135.67,159.66,146.52
76.761,123.09,58.053,-100.03,6.8266,84.873,-130.74,55.644,91.93,133.17,153.21,141.18
73.964,115.55,52.901,-94.952,7.3154,78.186,-126.73,55.458,89.769,130.04,145.53,134.61
70.437,107.19,47.539,-88.939,7.6842,71.284,-122.21,55.07,87.109,126.19,136.85,126.91
66.275,98.276,42.234,-82.215,7.8792,64.362,-117.17,54.438,83.92,121.55,127.44,118.28
61.639,89.059,37.173,-75.041,7.8942,57.499,-111.64,53.533,80.198,116.09,117.46,108.96
56.641,79.605,32.424,-67.559,7.7708,50.652,-105.62,52.333,75.943,109.8,107.02,99.201
51.301,69.797,27.982,-59.757,7.5658,43.696,-99.121,50.818,71.147,102.71,96.254,89.218
45.585,59.457,23.803,-51.555,7.3161,36.508,-92.154,48.965,65.788,94.934,85.51,79.308
39.502,48.536,19.83,-42.956,7.0229,29.078,-84.765,46.74,59.847,86.688,75.255,69.836
33.158,37.255,16.01,-34.126,6.6618,21.558,-77.038,44.103,53.321,78.247,65.845,61.095
26.714,26.031,12.305,-25.336,6.2102,14.207,-69.081,41.016,46.247,69.847,57.316,53.136
20.322,15.28,8.7074,-16.837,5.6712,7.2734,-61.002,37.463,38.705,61.593,49.418,45.765
14.095,5.2696,5.2255,-8.7962,5.082,0.90625,-52.884,33.446,30.808,53.441,41.801,38.687
8.1033,-3.9046,1.8692,-1.2902,4.4989,-4.8512,-44.776,28.986,22.69,45.244,34.162,31.637
2.3885,-12.243,-1.3563,5.6602,3.9668,-10.022,-36.725,24.12,14.522,36.82,26.315,24.45
-3.0226,-19.768,-4.4389,12.05,3.4901,-14.652,-28.811,18.924,6.5351,28.041,18.192,17.079
-8.0931,-26.486,-7.3436,17.862,3.0253,-18.783,-21.161,13.54,-1.0016,18.944,9.8622,9.6266
-12.75,-32.39,-10.01,23.057,2.5044,-22.447,-13.913,8.1763,-7.8426,9.8246,1.5613,2.3529
-16.896,-37.489,-12.371,27.592,1.8735,-25.671,-7.1705,3.0605,-13.839,1.1926,-6.2949,-4.3718
-20.462,-41.831,-14.388,31.462,1.1232,-28.487,-0.99075,-1.6379,-18.97,-6.4569,-13.242,-10.219
-23.443,-45.501,-16.068,34.708,0.29575,-30.928,4.5959,-5.8529,-23.326,-12.883,-18.993,-15.046
-25.88,-48.594,-17.456,37.402,-0.531,-33.034,9.5619,-9.6112,-27.049,-18.139,-23.539,-18.915
-27.837,-51.205,-18.613,39.621,-1.275,-34.848,13.891,-12.986,-30.289,-22.434,-27.064,-21.996
-29.392,-53.425,-19.593,41.452,-1.8842,-36.42,17.6,-16.05,-33.162,-25.99,-29.801,-24.47
-30.642,-55.348,-20.436,42.988,-2.357,-37.809,20.741,-18.856,-35.746,-28.978,-31.946,-26.479
-31.689,-57.062,-21.162,44.326,-2.7367,-39.076,23.395,-21.43,-38.086,-31.507,-33.641,-28.121
-32.62,-58.638,-21.782,45.539,-3.0856,-40.271,25.645,-23.784,-40.197,-33.648,-34.986,-29.467
-33.486,-60.108,-22.306,46.666,-3.454,-41.419,27.569,-25.92,-42.085,-35.456,-36.048,-30.565
-34.304,-61.482,-22.749,47.714,-3.8616,-42.519,29.226,-27.834,-43.744,-36.975,-36.882,-31.45
-35.072,-62.753,-23.131,48.676,-4.2912,-43.551,30.661,-29.519,-45.17,-38.242,-37.532,-32.152
-35.773,-63.914,-23.478,49.544,-4.6934,-44.492,31.908,-30.975,-46.365,-39.284,-38.037,-32.697
-36.383,-64.959,-23.806,50.31,-5.0067,-45.325,32.997,-32.212,-47.341,-40.124,-38.425,-33.111
-36.88,-65.888,-24.125,50.97,-5.1846,-46.047,33.952,-33.256,-48.118,-40.789,-38.718,-33.412
-37.255,-66.709,-24.431,51.522,-5.2148,-46.666,34.792,-34.133,-48.717,-41.307,-38.925,-33.607
-37.515,-67.431,-24.719,51.975,-5.1185,-47.202,35.537,-34.862,-49.154,-41.707,-39.054,-33.695
-37.679,-68.072,-24.984,52.339,-4.9336,-47.684,36.204,-35.441,-49.441,-42.009,-39.114,-33.676
-37.779,-68.653,-25.231,52.634,-4.7007,-48.147,36.809,-35.856,-49.588,-42.223,-39.12,-33.561
-37.852,-69.204,-25.472,52.886,-4.4557,-48.624,37.365,-36.089,-49.612,-42.353,-39.094,-33.374
-37.931,-69.747,-25.719,53.118,-4.221,-49.128,37.877,-36.123,-49.525,-42.393,-39.056,-33.152
-38.017,-70.264,-25.977,53.325,-3.9917,-49.645,38.353,-35.936,-49.33,-42.33,-39.013,-32.923
-38.071,-70.687,-26.242,53.465,-3.7309,-50.124,38.806,-35.501,-49.011,-42.14,-38.955,-32.7
-38.022,-70.905,-26.503,53.463,-3.3853,-50.495,39.254,-34.799,-48.542,-41.805,-38.856,-32.47
-37.817,-70.825,-26.741,53.263,-2.9166,-50.698,39.707,-33.846,-47.906,-41.317,-38.692,-32.21
-37.446,-70.433,-26.941,52.861,-2.3271,-50.711,40.163,-32.705,-47.12,-40.699,-38.452,-31.905
-36.955,-69.811,-27.095,52.32,-1.664,-50.569,40.603,-31.48,-46.236,-40.003,-38.15,-31.561
-36.424,-69.103,-27.201,51.738,-1.0028,-50.344,41.002,-30.281,-45.328,-39.297,-37.822,-31.209
-35.939,-68.456,-27.262,51.215,-0.41991,-50.112,41.343,-29.191,-44.469,-38.644,-37.512,-30.899
-35.562,-67.957,-27.284,50.813,0.039196,-49.919,41.62,-28.252,-43.707,-38.086,-37.254,-30.679
-35.303,-67.61,-27.27,50.538,0.38112,-49.762,41.84,-27.453,-43.051,-37.632,-37.062,-30.579
-35.118,-67.341,-27.224,50.338,0.65757,-49.593,42.018,-26.745,-42.473,-37.263,-36.923,-30.602
-34.932,-67.038,-27.145,50.131,0.93111,-49.349,42.171,-26.074,-41.915,-36.936,-36.804,-30.727
-34.686,-66.603,-27.032,49.845,1.234,-48.976,42.316,-25.398,-41.317,-36.605,-36.666,-30.918
-34.366,-65.995,-26.88,49.455,1.5442,-48.456,42.462,-24.712,-40.639,-36.233,-36.476,-31.141
-34.016,-65.245,-26.683,48.984,1.7923,-47.807,42.609,-24.035,-39.877,-35.804,-36.221,-31.37
-33.707,-64.433,-26.437,48.498,1.8927,-47.081,42.75,-23.401,-39.064,-35.331,-35.91,-31.595
-33.508,-63.651,-26.139,48.068,1.7809,-46.34,42.875,-22.84,-38.251,-34.841,-35.568,-31.822
-33.462,-62.969,-25.793,47.744,1.439,-45.632,42.973,-22.358,-37.487,-34.369,-35.224,-32.06
-33.563,-62.404,-25.405,47.537,0.90544,-44.974,43.039,-21.932,-36.8,-33.936,-34.903,-32.316
-33.758,-61.915,-24.977,47.406,0.26369,-44.342,43.072,-21.521,-36.183,-33.541,-34.611,-32.584
-33.967,-61.424,-24.507,47.28,-0.39104,-43.691,43.07,-21.083,-35.6,-33.165,-34.34,-32.844
-34.12,-60.85,-23.987,47.092,-0.99456,-42.968,43.025,-20.599,-35.005,-32.772,-34.065,-33.073
-34.18,-60.139,-23.395,46.799,-1.537,-42.134,42.92,-20.078,-34.353,-32.325,-33.754,-33.248
-34.156,-59.269,-22.699,46.397,-2.052,-41.168,42.727,-19.542,-33.612,-31.79,-33.372,-33.347
-34.072,-58.239,-21.855,45.896,-2.5844,-40.058,42.423,-18.998,-32.76,-31.136,-32.888,-33.355
-33.941,-57.031,-20.816,45.293,-3.1611,-38.785,41.995,-18.417,-31.773,-30.331,-32.27,-33.252
-33.743,-55.599,-19.533,44.551,-3.7751,-37.316,41.445,-17.733,-30.626,-29.337,-31.489,-33.024
-33.429,-53.874,-17.969,43.609,-4.3831,-35.608,40.782,-16.867,-29.288,-28.114,-30.516,-32.654
-32.94,-51.788,-16.108,42.398,-4.9205,-33.623,40.001,-15.745,-27.731,-26.632,-29.326,-32.131
-32.228,-49.296,-13.961,40.871,-5.3278,-31.339,39.071,-14.322,-25.934,-24.87,-27.902,-31.448
-31.266,-46.387,-11.569,39.003,-5.5735,-28.755,37.918,-12.579,-23.878,-22.814,-26.237,-30.603
-30.046,-43.073,-8.9942,36.795,-5.6608,-25.884,36.412,-10.522,-21.54,-20.455,-24.329,-29.598
-28.569,-39.369,-6.2972,34.255,-5.6162,-22.742,34.364,-8.1718,-18.889,-17.773,-22.176,-28.433
-26.831,-35.267,-3.532,31.375,-5.4703,-19.336,31.528,-5.5494,-15.88,-14.728,-19.766,-27.104
-24.797,-30.712,-0.7406,28.116,-5.2419,-15.645,27.649,-2.6596,-12.446,-11.254,-17.074,-25.587
-22.397,-25.592,2.042,24.386,-4.9315,-11.619,22.558,0.51578,-8.5011,-7.2655,-14.06,-23.842
-19.522,-19.75,4.78,20.053,-4.5205,-7.1837,16.301,4.0069,-3.9567,-2.6828,-10.679,-21.806
-16.031,-13.024,7.4314,14.968,-3.9775,-2.2706,9.1358,7.8284,1.2424,2.5238,-6.9038,-19.401
-11.791,-5.3019,9.9525,9.0045,-3.2692,3.1427,1.4055,11.952,7.0874,8.3029,-2.7367,-16.556
-6.7211,3.4155,12.309,2.1186,-2.3727,9.0074,-6.6111,16.293,13.495,14.521,1.7875,-13.228
-0.86124,12.983,14.486,-5.6112,-1.2845,15.2,-14.806,20.726,20.322,20.996,6.6102,-9.4284
5.6082,23.112,16.492,-13.971,-0.022046,21.544,-23.223,25.104,27.38,27.545,11.656,-5.2368
12.41,33.417,18.342,-22.645,1.3811,27.833,-31.904,29.289,34.457,34.006,16.83,-0.78949
19.259,43.482,20.046,-31.283,2.8852,33.86,-40.754,33.172,41.328,40.246,22.018,3.7599
25.938,52.948,21.591,-39.576,4.4577,39.447,-49.522,36.68,47.781,46.157,27.08,8.2809
32.325,61.571,22.932,-47.313,6.0895,44.463,-57.893,39.773,53.652,51.658,31.882,12.691
38.378,69.242,24.0,-54.393,7.8034,48.839,-65.6,42.446,58.857,56.691,36.317,16.953
44.083,75.957,24.721,-60.791,9.6431,52.564,-72.51,44.716,63.389,61.224,40.333,21.063
49.42,81.786,25.051,-66.527,11.645,55.676,-78.627,46.609,67.302,65.249,43.927,25.015
54.35,86.841,25.003,-71.652,13.804,58.253,-84.032,48.156,70.673,68.781,47.129,28.791
58.838,91.256,24.643,-76.24,16.05,60.393,-88.672,49.385,73.565,71.844,49.983,32.348
62.87,95.153,24.063,-80.366,18.26,62.194,-91.96,50.319,76.01,74.451,52.521,35.631
66.434,98.611,23.348,-84.08,20.306,63.723,-92.681,50.977,78.005,76.581,54.759,38.589
69.501,101.63,22.542,-87.367,22.111,65.001,-90.179,51.369,79.519,78.164,56.684,41.182
72.025,104.13,21.644,-90.147,23.658,65.983,-85.289,51.483,80.495,79.082,58.26,43.373
73.956,105.93,20.601,-92.286,24.975,66.557,-79.168,51.287,80.854,79.187,59.432,45.126
75.259,106.82,19.332,-93.632,26.105,66.567,-72.379,50.729,80.511,78.347,60.143,46.398
75.917,106.6,17.755,-94.044,27.087,65.857,-65.077,49.757,79.399,76.499,60.345,47.156
75.934,105.12,15.811,-93.431,27.935,64.328,-57.33,48.346,77.499,73.693,60.008,47.382
75.326,102.35,13.488,-91.77,28.647,61.969,-49.237,46.517,74.867,70.08,59.124,47.083
74.127,98.369,10.81,-89.115,29.208,58.838,-40.923,44.347,71.623,65.852,57.699,46.29
72.379,93.331,7.8381,-85.576,29.608,55.034,-32.498,41.934,67.917,61.172,55.764,45.049
70.124,87.393,4.6454,-81.282,29.851,50.652,-24.021,39.361,63.87,56.127,53.371,43.418
67.392,80.691,1.3077,-76.347,29.954,45.782,-15.5,36.652,59.526,50.733,50.574,41.444
64.177,73.331,-2.1,-70.848,29.942,40.508,-6.9316,33.778,54.851,44.963,47.421,39.157
60.439,65.4,-5.4931,-64.828,29.825,34.935,1.6484,30.688,49.763,38.785,43.931,36.56
56.116,57.0,-8.7623,-58.318,29.586,29.198,10.084,27.352,44.2,32.209,40.111,33.642
51.191,48.278,-11.774,-51.381,29.183,23.462,18.069,23.804,38.188,25.329,35.964,30.392
45.749,39.425,-14.404,-44.138,28.573,17.9,25.232,20.153,31.868,18.333,31.512,26.825
39.969,30.657,-16.582,-36.748,27.731,12.668,31.319,16.556,25.467,11.478,26.813,22.997
34.04,22.184,-18.313,-29.376,26.63,7.8829,36.307,13.164,19.228,5.0262,21.966,19.01
28.091,14.215,-19.653,-22.179,25.235,3.6239,40.369,10.072,13.337,-0.81606,17.098,15.009
22.22,6.9516,-20.675,-15.328,23.53,-0.069603,43.775,7.3053,7.8891,-5.9398,12.352,11.155
16.536,0.5627,-21.44,-9.0131,21.548,-3.1884,46.811,4.8386,2.9153,-10.329,7.865,7.5912
11.181,-4.8401,-21.985,-3.4105,19.364,-5.7395,49.742,2.633,-1.569,-14.029,3.7618,4.4095
6.3047,-9.2114,-22.329,1.3516,17.069,-7.7341,52.801,0.66278,-5.5389,-17.11,0.14772,1.6458
2.0209,-12.568,-22.483,5.2177,14.737,-9.1874,56.182,-1.0804,-8.9681,-19.65,-2.9036,-0.69548
-1.611,-14.984,-22.457,8.2068,12.438,-10.125,60.031,-2.5987,-11.852,-21.729,-5.3689,-2.6124
-4.5888,-16.566,-22.266,10.397,10.247,-10.583,64.42,-3.9016,-14.218,-23.43,-7.285,-4.0954
-6.9544,-17.437,-21.931,11.896,8.2493,-10.607,69.25,-5.0068,-16.128,-24.829,-8.7392,-5.1405
-8.7769,-17.707,-21.483,12.817,6.5188,-10.246,74.299,-5.9501,-17.664,-25.994,-9.8413,-5.7691
-10.139,-17.473,-20.948,13.264,5.0929,-9.5477,79.262,-6.7734,-18.911,-26.973,-10.694,-6.0378
-11.132,-16.828,-20.351,13.339,3.9558,-8.5666,83.86,-7.5136,-19.954,-27.789,-11.362,-6.0208
-11.856,-15.879,-19.708,13.146,3.0357,-7.3648,87.973,-8.1927,-20.863,-28.461,-11.892,-5.8165
-12.418,-14.751,-19.032,12.804,2.2337,-6.0174,91.539,-8.8152,-21.679,-29.0,-12.308,-5.5175
-12.904,-13.566,-18.339,12.418,1.4698,-4.6038,94.571,-9.3699,-22.419,-29.421,-12.616,-5.1863
-13.346,-12.405,-17.652,12.043,0.72071,-3.1826,97.12,-9.8423,-23.08,-29.74,-12.808,-4.838
-13.712,-11.286,-17.01,11.664,0.023799,-1.8009,99.253,-10.213,-23.656,-29.981,-12.879,-4.4431
-13.927,-10.171,-16.463,11.211,-0.55342,-0.493,101.04,-10.472,-24.137,-30.163,-12.831,-3.9522
-13.908,-8.9907,-16.051,10.597,-0.95983,0.74109,102.56,-10.628,-24.52,-30.303,-12.681,-3.3411
-13.605,-7.6613,-15.786,9.7423,-1.1855,1.9298,103.91,-10.698,-24.811,-30.415,-12.461,-2.6007
-13.006,-6.0959,-15.64,8.593,-1.2627,3.1332,105.18,-10.7,-25.019,-30.49,-12.179,-1.7505
-12.136,-4.203,-15.559,7.119,-1.2511,4.4316,106.43,-10.652,-25.156,-30.51,-11.827,-0.82378
-11.042,-1.937,-15.479,5.3252,-1.2147,5.8917,107.68,-10.575,-25.236,-30.461,-11.399,0.14288
-9.8019,0.66577,-15.357,3.275,-1.204,7.526,108.95,-10.492,-25.268,-30.343,-10.903,1.1064
-8.504,3.4749,-15.185,1.0809,-1.2376,9.2802,110.21,-10.412,-25.276,-30.174,-10.376,2.0129
-7.1772,6.3724,-15.005,-1.1778,-1.2738,11.073,111.49,-10.285,-25.248,-29.97,-9.8622,2.8081
-5.6903,9.3842,-14.876,-3.5775,-1.2027,12.87,112.9,-9.96,-25.124,-29.726,-9.3878,3.4644
-3.7,12.781,-14.857,-6.4278,-0.86821,14.751,114.52,-9.154,-24.767,-29.385,-8.9217,4.0058
-0.70712,17.039,-14.963,-10.221,-0.12094,16.915,116.44,-7.4448,-23.955,-28.825,-8.3578,4.5126
3.7078,22.581,-15.154,-15.362,1.1087,19.575,118.64,-4.2971,-22.398,-27.877,-7.5395,5.0902
9.3949,29.268,-15.348,-21.671,2.7347,22.737,120.89,0.77232,-19.754,-26.357,-6.3461,5.7958
15.175,35.918,-15.493,-27.972,4.4346,25.929,122.81,7.522,-15.743,-24.129,-4.8342,6.5316
18.803,40.268,-15.623,-32.131,5.4376,28.05,123.98,14.052,-10.371,-21.207,-3.3762,6.9357
16.619,39.019,-15.902,-30.833,4.6989,27.434,123.94,18.132,-4.1323,-17.882,-2.63,6.4064
4.7694,27.636,-16.609,-19.363,2.605,22.059,122.14,21.178,2.3126,-14.732,-3.2428,4.3232
-2.246,7.0738,-17.998,-2.5215,5.3551,11.234,118.7,25.787,8.5903,-12.224,-5.3044,0.55787
4.34,7.3253,-19.997,-8.2584,7.5704,2.8596,121.19,30.458,15.071,-9.9768,-8.0085,-4.0678
16.38,14.858,-21.671,-18.15,13.017,8.4011,141.4,32.085,23.09,-6.3033,-10.069,-8.2519
36.324,28.407,-19.873,-35.446,22.307,12.946,157.51,27.47,33.251,1.6811,-10.295,-11.327
62.219,48.379,-17.672,-59.24,33.571,19.926,166.47,40.378,38.235,15.712,-7.0816,-13.253
84.321,69.215,-14.08,-82.001,41.845,27.959,171.8,73.422,2.924,13.408,2.4357,-13.692
86.037,77.532,-9.7177,-87.95,39.757,32.082,169.45,117.35,22.561,-13.446,-2.3077,-11.103
49.432,54.217,-7.3532,-57.39,19.331,24.397,153.58,153.75,49.755,5.1755,-15.096,-6.9514
-38.711,-19.116,-11.271,25.547,-24.433,-4.4474,120.29,169.85,71.96,20.468,-17.138,-10.869
-179.69,-157.27,-26.658,167.76,-89.103,-66.443,69.66,167.75,85.549,29.007,-25.711,-18.476
-352.53,-362.48,-57.867,356.35,-162.06,-178.26,2.9974,155.69,90.149,34.904,-36.419,-31.505
-513.75,-568.85,-106.08,538.14,-222.83,-313.0,-72.054,156.61,93.335,43.618,-41.393,-47.621
-622.33,-730.0,-163.64,672.61,-251.06,-421.5,-143.63,192.54,125.71,68.436,-32.403,-59.404
-651.73,-820.16,-221.14,732.06,-235.68,-497.18,-206.06,275.78,207.81,129.12,-0.6919,-56.718
-599.67,-829.66,-278.5,710.46,-179.38,-532.79,-260.39,404.77,340.39,236.0,74.234,-31.239
-485.03,-766.98,-328.56,621.43,-96.724,-527.55,-311.42,563.49,510.86,382.68,207.74,32.622
-338.18,-650.78,-358.64,489.56,-8.6421,-485.13,-364.16,724.59,696.07,554.02,360.51,150.82
-191.44,-503.03,-358.19,342.09,63.641,-411.24,-420.44,855.35,865.67,727.64,524.2,293.12
-71.999,-344.84,-320.95,203.28,103.61,-313.3,-477.22,925.49,989.27,879.99,686.35,431.09
2.2934,-195.11,-246.99,91.334,102.75,-200.91,-527.42,915.44,1043.9,991.63,832.73,560.66
24.514,-68.666,-144.04,17.188,61.683,-85.734,-562.52,821.95,1019.9,1051.0,951.65,670.86
-2.0409,23.455,-26.255,-15.288,-10.909,19.562,-575.5,659.36,922.41,1055.7,1034.8,752.37
-66.631,74.678,89.301,-8.3802,-101.3,103.13,-562.74,455.69,769.76,1011.4,1077.0,798.16
-155.37,83.705,186.7,31.384,-194.79,156.24,-524.23,244.73,586.99,928.37,1074.6,803.06
-255.61,52.451,254.53,97.156,-279.45,174.53,-462.49,56.558,398.62,816.8,1023.9,763.21
-358.35,-15.78,287.74,182.89,-348.3,157.51,-381.61,-89.89,222.47,683.87,921.87,676.85
-458.33,-115.0,287.58,282.76,-399.23,108.6,-287.41,-189.54,67.397,533.68,768.91,546.45
-552.0,-235.73,260.0,390.1,-433.23,35.103,-187.73,-248.8,-65.212,370.08,572.87,381.4
-634.93,-364.39,213.31,495.94,-452.34,-52.772,-91.197,-280.09,-177.85,199.81,351.5,198.79
-701.99,-489.3,156.12,589.98,-458.38,-143.29,-1.4834,-296.1,-272.27,34.048,130.26,20.792
-749.62,-595.19,96.013,665.2,-452.91,-226.84,62.198,-305.54,-346.96,-113.39,-64.198,-131.16
-775.75,-675.8,38.708,718.44,-437.75,-296.18,94.262,-311.63,-400.21,-229.77,-211.71,-242.42
-780.77,-730.06,-12.158,748.79,-415.35,-347.4,110.04,-312.84,-429.59,-307.14,-303.54,-308.41
-768.21,-759.7,-53.97,757.96,-388.69,-381.79,115.13,-304.95,-433.5,-344.53,-342.88,-333.87
-743.31,-768.13,-85.629,750.09,-360.68,-401.74,110.49,-282.51,-413.71,-347.47,-341.5,-329.37
-711.42,-759.7,-107.39,730.09,-333.7,-409.24,97.678,-243.84,-375.2,-325.66,-314.71,-307.17
-676.83,-738.65,-119.6,702.28,-310.35,-405.99,71.029,-196.75,-325.64,-289.29,-276.8,-277.99
-642.31,-708.49,-124.35,669.67,-292.4,-393.79,33.842,-148.11,-272.46,-245.8,-237.75,-249.31
-609.81,-671.82,-124.14,634.2,-279.23,-374.56,32.402,-105.37,-220.85,-201.66,-202.81,-224.85
-582.18,-630.98,-119.47,598.86,-270.1,-350.17,32.218,-75.79,-177.63,-166.24,-174.97,-205.38
-560.95,-591.95,-106.5,569.49,-264.47,-322.94,30.994,-59.009,-148.11,-144.55,-156.6,-188.48
-544.47,-561.66,-87.658,547.76,-261.74,-298.02,28.791,-51.396,-130.2,-133.54,-147.52,-174.97
-531.09,-539.47,-71.476,531.03,-261.38,-279.17,25.744,-49.864,-119.05,-128.0,-142.6,-166.45
-520.84,-521.93,-57.493,517.18,-263.07,-265.21,22.104,-52.307,-111.27,-124.85,-138.64,-159.29
-514.5,-506.92,-45.944,505.7,-266.71,-253.94,18.212,-58.298,-105.52,-123.2,-134.87,-151.66
-511.79,-493.69,-37.142,496.75,-271.91,-243.94,14.505,-63.942,-102.38,-122.76,-130.87,-143.73
-510.3,-481.82,-30.254,489.5,-276.61,-234.46,11.374,-63.194,-101.83,-121.86,-126.85,-137.2
-506.66,-470.22,-24.903,481.77,-279.37,-225.07,8.9792,-60.942,-98.739,-118.64,-122.89,-132.95
-500.02,-457.62,-21.343,472.1,-280.39,-215.5,7.28,-59.449,-93.254,-114.14,-119.01,-130.26
-492.31,-444.21,-19.43,461.4,-279.99,-205.88,6.1588,-59.046,-88.935,-110.12,-115.43,-128.36
-485.02,-431.57,-18.142,451.4,-278.39,-196.88,5.5032,-59.567,-86.256,-107.27,-112.31,-126.78
-478.42,-420.86,-16.782,442.89,-275.74,-189.15,5.2308,-60.64,-84.711,-105.49,-109.55,-125.25
-472.34,-412.17,-15.299,435.78,-272.35,-182.87,5.2765,-61.878,-83.802,-104.4,-106.95,-123.55
-466.75,-405.07,-13.814,429.73,-268.83,-177.76,5.5822,-63.014,-83.182,-103.67,-104.34,-121.59
-461.79,-399.1,-12.408,424.48,-265.98,-173.45,6.0794,-63.924,-82.648,-103.09,-101.69,-119.37
-457.57,-393.9,-11.117,419.85,-264.29,-169.65,6.6896,-64.586,-82.104,-102.58,-99.054,-117.07
-454.0,-389.15,-9.9736,415.61,-263.59,-166.14,7.3448,-65.012,-81.51,-102.06,-96.51,-114.85
-450.67,-384.54,-9.0134,411.44,-263.25,-162.74,8.0049,-65.216,-80.833,-101.43,-94.031,-112.79
-446.97,-379.75,-8.264,406.94,-262.61,-159.28,8.6544,-65.203,-80.043,-100.57,-91.499,-110.73
-442.3,-374.56,-7.7262,401.81,-261.13,-155.64,9.2851,-64.984,-79.115,-99.355,-88.777,-108.4
-436.31,-368.92,-7.3668,395.93,-258.4,-151.74,9.8807,-64.595,-78.069,-97.803,-85.81,-105.5
-429.16,-362.98,-7.1303,389.51,-254.44,-147.61,10.416,-64.106,-76.959,-96.046,-82.659,-101.83
-421.58,-357.03,-6.9618,382.95,-249.96,-143.35,10.866,-63.6,-75.855,-94.278,-79.496,-97.4
-414.3,-351.34,-6.8226,376.64,-245.86,-139.15,11.209,-63.144,-74.812,-92.652,-76.5,-92.381
-407.7,-346.08,-6.6992,370.82,-242.55,-135.19,11.434,-62.768,-73.853,-91.214,-73.78,-87.098
-401.73,-341.21,-6.5973,365.46,-239.92,-131.51,11.546,-62.449,-72.957,-89.891,-71.339,-81.871
-396.11,-336.54,-6.5294,360.34,-237.69,-128.03,11.576,-62.121,-72.076,-88.524,-69.102,-76.902
-390.46,-331.74,-6.5094,355.13,-235.49,-124.57,11.575,-61.701,-71.141,-86.942,-66.967,-72.265
-384.45,-326.51,-6.5445,349.57,-232.92,-120.89,11.599,-61.119,-70.092,-85.05,-64.858,-67.959
-377.92,-320.62,-6.6254,343.52,-229.63,-116.86,11.677,-60.339,-68.902,-82.861,-62.765,-63.984
-370.96,-314.01,-6.7277,337.05,-225.56,-112.45,11.797,-59.369,-67.587,-80.499,-60.724,-60.375
-363.92,-306.77,-6.817,330.41,-221.16,-107.79,11.909,-58.263,-66.205,-78.152,-58.805,-57.181
-357.31,-299.13,-6.8549,323.91,-217.29,-103.11,11.952,-57.111,-64.834,-75.984,-57.077,-54.437
-351.44,-291.32,-6.8117,317.75,-214.42,-98.63,11.889,-56.0,-63.542,-74.084,-55.575,-52.131
-346.27,-283.51,-6.6688,311.93,-212.37,-94.452,11.733,-54.976,-62.353,-72.444,-54.285,-50.198
-341.43,-275.7,-6.4167,306.24,-210.7,-90.539,11.548,-54.015,-61.24,-70.979,-53.153,-48.54
-336.41,-267.73,-6.0465,300.3,-208.92,-86.782,11.416,-53.036,-60.136,-69.572,-52.105,-47.065
-330.7,-259.44,-5.547,293.77,-206.68,-83.1,11.401,-51.939,-58.968,-68.124,-51.077,-45.71
-323.96,-250.84,-4.9149,286.44,-203.78,-79.499,11.522,-50.652,-57.685,-66.586,-50.036,-44.442
-316.16,-242.16,-4.1701,278.36,-200.31,-76.043,11.752,-49.164,-56.27,-64.957,-48.973,-43.256
-307.74,-233.7,-3.3634,269.83,-196.63,-72.794,12.033,-47.513,-54.739,-63.262,-47.896,-42.153
-299.47,-225.66,-2.5616,261.29,-193.19,-69.766,12.296,-45.764,-53.122,-61.519,-46.814,-41.133
-291.97,-218.07,-1.8178,253.12,-190.23,-66.92,12.473,-43.979,-51.452,-59.737,-45.735,-40.186
-285.42,-210.86,-1.1436,245.5,-187.76,-64.2,12.503,-42.197,-49.761,-57.913,-44.661,-39.297
-279.64,-203.92,-0.50225,238.39,-185.64,-61.569,12.353,-40.444,-48.08,-56.047,-43.599,-38.445
-274.39,-197.23,0.16691,231.73,-183.66,-59.027,12.017,-38.739,-46.439,-54.155,-42.558,-37.609
-269.58,-190.84,0.91121,225.56,-181.69,-56.603,11.512,-37.109,-44.87,-52.27,-41.555,-36.772
-265.3,-184.85,1.7417,220.05,-179.64,-54.346,10.853,-35.58,-43.396,-50.428,-40.606,-35.923
-261.66,-179.3,2.6384,215.33,-177.56,-52.298,10.041,-34.176,-42.02,-48.658,-39.718,-35.054
-258.71,-174.15,3.5718,211.45,-175.54,-50.475,9.078,-32.905,-40.725,-46.961,-38.888,-34.154
-256.4,-169.22,4.5192,208.27,-173.63,-48.854,7.9805,-31.755,-39.475,-45.311,-38.093,-33.203
-254.65,-164.26,5.466,205.63,-171.86,-47.383,6.7959,-30.687,-38.224,-43.667,-37.3,-32.17
-253.35,-158.98,6.3978,203.29,-170.2,-46.001,5.5885,-29.644,-36.922,-41.981,-36.467,-31.02
-252.37,-153.12,7.2946,201.05,-168.69,-44.655,4.4118,-28.567,-35.532,-40.221,-35.553,-29.717
-251.53,-146.55,8.1342,198.66,-167.52,-43.314,3.2799,-27.412,-34.031,-38.37,-34.519,-28.234
-250.56,-139.29,8.902,195.87,-166.95,-41.969,2.1571,-26.16,-32.415,-36.422,-33.328,-26.555
-249.19,-131.61,9.5982,192.51,-167.09,-40.626,0.96895,-24.819,-30.683,-34.373,-31.949,-24.673
-247.13,-123.91,10.236,188.5,-167.6,-39.291,-0.37507,-23.409,-28.838,-32.212,-30.354,-22.586
-244.19,-116.6,10.836,183.86,-167.85,-37.968,-1.96,-21.958,-26.872,-29.916,-28.52,-20.287
-240.25,-109.91,11.418,178.56,-167.24,-36.645,-3.8464,-20.485,-24.772,-27.456,-26.431,-17.764
-235.29,-103.87,12.002,172.47,-165.5,-35.3,-6.0515,-19.003,-22.519,-24.794,-24.067,-14.995
-229.34,-98.333,12.61,165.37,-162.66,-33.897,-8.5337,-17.504,-20.082,-21.879,-21.392,-11.951
-222.43,-93.109,13.26,156.94,-158.9,-32.39,-11.196,-15.964,-17.417,-18.635,-18.345,-8.596
-214.61,-88.03,13.97,147.02,-154.46,-30.732,-13.921,-14.345,-14.465,-14.971,-14.837,-4.9024
-206.02,-83.028,14.738,135.76,-149.59,-28.889,-16.625,-12.603,-11.166,-10.795,-10.779,-0.86008
-196.97,-78.142,15.547,123.8,-144.68,-26.842,-19.309,-10.698,-7.4645,-6.0403,-6.1096,3.5142
-187.9,-73.463,16.378,111.98,-140.33,-24.582,-22.059,-8.5934,-3.3136,-0.67722,-0.81164,8.1803
-179.2,-69.071,17.222,100.98,-136.98,-22.097,-25.011,-6.2533,1.3216,5.281,5.0752,13.081
-170.95,-64.988,18.091,91.014,-134.63,-19.356,-28.298,-3.6531,6.4493,11.767,11.454,18.147
-162.79,-61.16,18.999,82.012,-132.81,-16.323,-31.997,-0.79292,12.029,18.644,18.175,23.303
-153.92,-57.474,19.949,73.926,-130.87,-12.963,-36.115,2.2875,17.952,25.718,25.054,28.479
-143.6,-53.791,20.929,66.93,-128.17,-9.2638,-40.611,5.5023,24.046,32.77,31.903,33.622
-132.06,-49.993,21.922,61.23,-124.45,-5.2397,-45.432,8.7294,30.101,39.609,38.581,38.716
-120.62,-46.013,22.93,56.767,-120.14,-0.93225,-50.542,11.838,35.925,46.116,45.034,43.788
-110.4,-41.84,23.991,53.229,-115.99,3.604,-55.909,14.725,41.385,52.251,51.308,48.902
-101.4,-37.489,25.174,50.27,-112.41,8.3199,-61.495,17.341,46.434,58.04,57.523,54.139
-93.212,-32.969,26.547,47.64,-109.39,13.178,-67.247,19.697,51.089,63.545,63.827,59.573
-85.618,-28.26,28.151,45.177,-106.8,18.141,-73.096,21.843,55.394,68.84,70.356,65.248
-78.53,-23.31,29.97,42.772,-104.46,23.152,-78.96,23.838,59.38,73.996,77.206,71.166
-71.845,-18.04,31.936,40.328,-102.24,28.135,-84.746,25.718,63.057,79.072,84.402,77.294
-65.455,-12.376,33.956,37.762,-99.993,33.016,-90.349,27.494,66.419,84.099,91.893,83.58
-59.37,-6.2544,35.959,35.004,-97.672,37.751,-95.673,29.154,69.463,89.067,99.566,89.97
-53.804,0.35783,37.932,32.006,-95.353,42.327,-100.66,30.681,72.187,93.909,107.28,96.407
-49.071,7.4686,39.93,28.743,-93.257,46.756,-105.29,32.059,74.598,98.517,114.9,102.81
-45.334,15.057,42.041,25.195,-91.603,51.065,-109.59,33.291,76.719,102.78,122.28,109.06
-42.493,23.054,44.343,21.334,-90.441,55.286,-113.59,34.4,78.593,106.64,129.31,115.02
-40.309,31.322,46.851,17.12,-89.646,59.453,-117.28,35.428,80.27,110.08,135.87,120.57
-38.534,39.644,49.492,12.528,-89.011,63.586,-120.62,36.414,81.789,113.13,141.86,125.61
-36.973,47.769,52.131,7.5721,-88.325,67.683,-123.57,37.377,83.176,115.81,147.21,130.09
-35.492,55.471,54.63,2.3267,-87.414,71.71,-126.09,38.322,84.435,118.14,151.89,134.01
-34.018,62.591,56.905,-3.0627,-86.191,75.609,-128.2,39.239,85.562,120.14,155.91,137.4
-32.534,69.043,58.951,-8.3968,-84.678,79.312,-129.96,40.112,86.549,121.84,159.31,140.28
-31.072,74.802,60.819,-13.462,-83.007,82.762,-131.41,40.938,87.392,123.24,162.15,142.69
-29.684,79.89,62.572,-18.088,-81.348,85.922,-132.64,41.728,88.096,124.37,164.52,144.68
-28.409,84.382,64.237,-22.212,-79.828,88.779,-133.68,42.515,88.682,125.27,166.48,146.31
-27.244,88.392,65.78,-25.908,-78.468,91.336,-134.56,43.342,89.178,125.99,168.1,147.63
-26.132,92.039,67.109,-29.364,-77.177,93.596,-135.28,44.249,89.616,126.56,169.42,148.71
-24.994,95.403,68.115,-32.783,-75.814,95.545,-135.82,45.254,90.018,127.03,170.46,149.62
-23.765,98.494,68.716,-36.271,-74.288,97.157,-136.16,46.337,90.393,127.41,171.22,150.41
-22.418,101.26,68.881,-39.784,-72.66,98.4,-136.25,47.457,90.734,127.7,171.7,151.11
-20.979,103.63,68.632,-43.157,-71.143,99.255,-136.06,48.563,91.03,127.86,171.87,151.75
-19.512,105.52,68.009,-46.175,-69.946,99.71,-135.55,49.615,91.27,127.87,171.72,152.32
-18.119,106.83,67.038,-48.638,-69.089,99.74,-134.68,50.594,91.448,127.7,171.18,152.77
-16.916,107.49,65.703,-50.376,-68.367,99.289,-133.41,51.498,91.557,127.31,170.14,153.05
-16.02,107.36,63.967,-51.241,-67.503,98.268,-131.73,52.338,91.585,126.69,168.46,153.06
-15.525,106.34,61.807,-51.099,-66.28,96.579,-129.59,53.122,91.51,125.79,165.94,152.71
-15.474,104.34,59.243,-49.853,-64.591,94.163,-126.95,53.852,91.304,124.57,162.41,151.89
-15.84,101.37,56.324,-47.482,-62.445,91.033,-123.74,54.52,90.934,122.99,157.77,150.46
-16.524,97.456,53.083,-44.086,-59.954,87.283,-119.94,55.117,90.38,121.03,152.06,148.28
-17.381,92.727,49.522,-39.894,-57.309,83.058,-115.47,55.635,89.638,118.69,145.43,145.19
-18.276,87.315,45.651,-35.221,-54.73,78.514,-110.3,56.07,88.719,115.98,138.1,141.03
-19.122,81.34,41.532,-30.367,-52.43,73.776,-104.37,56.423,87.634,112.95,130.25,135.71
-19.893,74.891,37.289,-25.558,-50.572,68.915,-97.678,56.694,86.379,109.57,121.95,129.21
-20.606,68.029,33.063,-20.918,-49.202,63.95,-90.259,56.884,84.922,105.81,113.26,121.64
-21.293,60.814,28.951,-16.495,-48.226,58.873,-82.215,56.985,83.207,101.6,104.28,113.2
-21.994,53.308,24.989,-12.27,-47.466,53.66,-73.72,56.98,81.156,96.891,95.219,104.16
-22.749,45.551,21.178,-8.1601,-46.721,48.277,-64.991,56.836,78.682,91.685,86.369,94.754
-23.608,37.551,17.504,-4.0356,-45.801,42.687,-56.239,56.499,75.693,86.025,77.982,85.203
-24.605,29.303,13.949,0.21955,-44.639,36.86,-47.614,55.907,72.126,80.011,70.201,75.663
-25.739,20.86,10.496,4.6403,-43.353,30.799,-39.18,55.006,67.959,73.772,63.036,66.268
-26.96,12.379,7.1378,9.1498,-42.095,24.563,-30.935,53.757,63.208,67.419,56.386,57.142
-28.19,4.1254,3.8845,13.587,-40.925,18.288,-22.857,52.135,57.903,60.992,50.06,48.353
-29.357,-3.5984,0.75736,17.771,-39.838,12.168,-14.938,50.12,52.063,54.457,43.822,39.856
-30.416,-10.545,-2.2146,21.555,-38.854,6.4137,-7.2049,47.681,45.706,47.735,37.458,31.497
-31.36,-16.585,-5.0008,24.865,-38.054,1.1896,0.26799,44.773,38.874,40.759,30.846,23.112
-32.205,-21.713,-7.5772,27.692,-37.525,-3.4205,7.3578,41.354,31.671,33.529,23.997,14.65
-32.971,-26.012,-9.9342,30.07,-37.245,-7.4137,13.904,37.411,24.284,26.132,17.057,6.2372
-33.662,-29.594,-12.073,32.048,-37.03,-10.838,19.747,32.999,16.958,18.736,10.248,-1.838
-34.26,-32.565,-13.995,33.669,-36.586,-13.761,24.774,28.248,9.9361,11.553,3.799,-9.2265
-34.736,-35.021,-15.689,34.973,-35.674,-16.25,28.949,23.335,3.3965,4.7757,-2.131,-15.651
-35.074,-37.059,-17.145,36.015,-34.292,-18.37,32.312,18.415,-2.575,-1.4696,-7.4721,-20.994
-35.289,-38.781,-18.365,36.868,-32.697,-20.188,34.962,13.589,-7.9623,-7.1079,-12.219,-25.296
-35.425,-40.282,-19.367,37.607,-31.19,-21.767,37.026,8.9123,-12.768,-12.078,-16.378,-28.691
-35.531,-41.64,-20.178,38.297,-29.955,-23.16,38.632,4.4428,-16.985,-16.321,-19.949,-31.348
-35.649,-42.907,-20.826,38.974,-29.064,-24.406,39.89,0.26629,-20.615,-19.819,-22.938,-33.431
-35.797,-44.105,-21.338,39.65,-28.514,-25.532,40.884,-3.521,-23.687,-22.627,-25.389,-35.09
-35.967,-45.23,-21.744,40.31,-28.229,-26.549,41.686,-6.8502,-26.262,-24.849,-27.375,-36.443
-36.125,-46.255,-22.076,40.916,-28.05,-27.463,42.358,-9.7023,-28.412,-26.603,-28.984,-37.581
-36.219,-47.145,-22.365,41.418,-27.772,-28.276,42.955,-12.104,-30.2,-27.983,-30.291,-38.561
-36.201,-47.87,-22.639,41.775,-27.218,-28.992,43.517,-14.11,-31.678,-29.055,-31.356,-39.418
-36.056,-48.421,-22.909,41.972,-26.324,-29.616,44.064,-15.787,-32.889,-29.869,-32.226,-40.167
-35.814,-48.814,-23.168,42.028,-25.173,-30.156,44.597,-17.202,-33.874,-30.475,-32.941,-40.816
-35.54,-49.095,-23.396,41.997,-23.954,-30.625,45.102,-18.418,-34.679,-30.924,-33.544,-41.371
-35.311,-49.322,-23.569,41.951,-22.878,-31.034,45.56,-19.488,-35.343,-31.271,-34.075,-41.839
-35.187,-49.55,-23.672,41.953,-22.096,-31.396,45.954,-20.443,-35.893,-31.556,-34.562,-42.226
-35.181,-49.805,-23.706,42.031,-21.641,-31.719,46.274,-21.283,-36.337,-31.799,-35.016,-42.534
-35.252,-50.074,-23.684,42.165,-21.42,-32.004,46.522,-21.983,-36.665,-31.994,-35.427,-42.764
-35.32,-50.315,-23.633,42.295,-21.261,-32.247,46.713,-22.507,-36.86,-32.125,-35.774,-42.913
-35.31,-50.486,-23.581,42.365,-20.996,-32.447,46.868,-22.829,-36.914,-32.178,-36.043,-42.98
-35.18,-50.574,-23.548,42.343,-20.535,-32.615,47.006,-22.957,-36.839,-32.163,-36.231,-42.973
-34.943,-50.595,-23.541,42.238,-19.898,-32.766,47.14,-22.935,-36.671,-32.107,-36.356,-42.905
-34.644,-50.578,-23.551,42.084,-19.185,-32.912,47.269,-22.832,-36.454,-32.051,-36.445,-42.791
-34.337,-50.549,-23.56,41.916,-18.523,-33.053,47.386,-22.714,-36.23,-32.036,-36.528,-42.646
-34.059,-50.517,-23.554,41.756,-17.993,-33.176,47.481,-22.629,-36.024,-32.084,-36.624,-42.478
-33.814,-50.477,-23.522,41.606,-17.603,-33.266,47.544,-22.592,-35.841,-32.194,-36.735,-42.287
-33.577,-50.414,-23.468,41.449,-17.285,-33.312,47.573,-22.586,-35.664,-32.341,-36.852,-42.063
-33.301,-50.304,-23.402,41.258,-16.92,-33.306,47.569,-22.573,-35.467,-32.49,-36.953,-41.792
-32.94,-50.124,-23.336,41.0,-16.397,-33.249,47.535,-22.503,-35.215,-32.606,-37.02,-41.455
-32.46,-49.857,-23.281,40.649,-15.655,-33.141,47.472,-22.337,-34.883,-32.669,-37.037,-41.039
-31.855,-49.498,-23.238,40.198,-14.715,-32.99,47.377,-22.059,-34.461,-32.678,-36.999,-40.544
-31.147,-49.059,-23.204,39.662,-13.666,-32.803,47.244,-21.686,-33.967,-32.649,-36.907,-39.982
-30.382,-48.566,-23.17,39.071,-12.621,-32.588,47.066,-21.254,-33.434,-32.601,-36.767,-39.377
-29.605,-48.039,-23.129,38.455,-11.676,-32.346,46.841,-20.805,-32.894,-32.545,-36.581,-38.752
-28.836,-47.478,-23.07,37.82,-10.872,-32.069,46.576,-20.367,-32.371,-32.475,-36.342,-38.124
-28.056,-46.858,-22.989,37.145,-10.191,-31.742,46.284,-19.952,-31.877,-32.374,-36.039,-37.497
-27.216,-46.147,-22.887,36.394,-9.5671,-31.354,45.979,-19.554,-31.409,-32.225,-35.663,-36.867
-26.257,-45.319,-22.772,35.533,-8.918,-30.903,45.676,-19.16,-30.956,-32.019,-35.217,-36.227
-25.126,-44.371,-22.652,34.541,-8.1738,-30.4,45.38,-18.752,-30.501,-31.76,-34.709,-35.567
-23.79,-43.321,-22.536,33.42,-7.2947,-29.867,45.087,-18.316,-30.021,-31.459,-34.152,-34.879
-22.25,-42.203,-22.431,32.193,-6.2791,-29.322,44.783,-17.846,-29.501,-31.13,-33.561,-34.161
-20.55,-41.06,-22.334,30.901,-5.1646,-28.781,44.439,-17.353,-28.93,-30.783,-32.947,-33.416
-18.755,-39.92,-22.229,29.585,-4.0185,-28.237,44.02,-16.85,-28.303,-30.419,-32.309,-32.652
-16.92,-38.769,-22.086,28.257,-2.9124,-27.659,43.49,-16.338,-27.604,-30.021,-31.626,-31.865
-15.044,-37.534,-21.867,26.871,-1.8928,-26.983,42.825,-15.796,-26.804,-29.546,-30.855,-31.03
-13.054,-36.085,-21.527,25.323,-0.96545,-26.124,42.006,-15.185,-25.86,-28.94,-29.937,-30.107
-10.829,-34.267,-21.019,23.475,-0.099729,-24.994,41.02,-14.463,-24.736,-28.152,-28.818,-29.046
-8.2475,-31.94,-20.296,21.193,0.74923,-23.516,39.85,-13.605,-23.413,-27.149,-27.461,-27.808
-5.2336,-29.007,-19.314,18.389,1.615,-21.644,38.465,-12.613,-21.902,-25.925,-25.857,-26.378
-1.7902,-25.431,-18.035,15.039,2.5023,-19.359,36.805,-11.514,-20.234,-24.498,-24.02,-24.77
2.002,-21.242,-16.443,11.189,3.3847,-16.677,34.76,-10.353,-18.459,-22.901,-21.986,-23.024
6.0212,-16.52,-14.553,6.9341,4.2176,-13.637,32.152,-9.1722,-16.625,-21.164,-19.795,-21.193
10.16,-11.377,-12.413,2.3839,4.9596,-10.301,28.725,-7.9961,-14.762,-19.301,-17.469,-19.313
14.368,-5.9212,-10.098,-2.3747,5.5916,-6.7438,24.192,-6.814,-12.871,-17.297,-15.002,-17.398
18.646,-0.2361,-7.688,-7.2951,6.1228,-3.0382,18.344,-5.5836,-10.923,-15.103,-12.363,-15.431
23.038,5.648,-5.2507,-12.381,6.589,0.76594,11.215,-4.2445,-8.8594,-12.651,-9.5091,-13.38
27.617,11.787,-2.8294,-17.701,7.0522,4.6729,3.0696,-2.7347,-6.5907,-9.8605,-6.3878,-11.205
32.478,18.331,-0.44372,-23.39,7.6017,8.7543,-5.8054,-1.0034,-4.0084,-6.6524,-2.9447,-8.8558
37.668,25.463,1.9021,-29.587,8.3476,13.123,-15.223,0.97686,-1.0056,-2.9578,0.86667,-6.2703
43.097,33.27,4.2113,-36.313,9.3982,17.871,-25.075,3.1969,2.4832,1.257,5.0591,-3.3869
48.512,41.633,6.4884,-43.396,10.824,23.002,-35.353,5.6042,6.4438,5.9666,9.586,-0.16389
53.618,50.24,8.7322,-50.534,12.625,28.406,-46.064,8.115,10.773,11.083,14.341,3.401
58.251,58.736,10.922,-57.455,14.725,33.89,-57.058,10.644,15.305,16.481,19.186,7.2625
62.423,66.867,13.009,-64.03,17.014,39.248,-67.981,13.126,19.862,22.035,23.983,11.328
66.244,74.512,14.919,-70.24,19.399,44.304,-78.407,15.516,24.272,27.619,28.607,15.464
69.809,81.615,16.568,-76.088,21.825,48.93,-87.994,17.776,28.384,33.096,32.947,19.515
73.16,88.13,17.883,-81.545,24.276,53.035,-96.563,19.866,32.084,38.319,36.91,23.332
76.29,94.001,18.817,-86.553,26.754,56.558,-104.09,21.763,35.318,43.152,40.449,26.808
79.173,99.186,19.355,-91.061,29.257,59.48,-110.64,23.466,38.109,47.511,43.567,29.902
81.781,103.68,19.515,-95.05,31.771,61.823,-116.3,24.994,40.527,51.371,46.302,32.633
84.091,107.51,19.347,-98.534,34.277,63.638,-121.08,26.358,42.639,54.758,48.702,35.051
86.086,110.72,18.912,-101.54,36.755,64.984,-124.78,27.549,44.468,57.719,50.798,37.216
87.748,113.36,18.268,-104.1,39.184,65.914,-127.03,28.532,45.982,60.288,52.589,39.173
89.064,115.47,17.459,-106.23,41.556,66.467,-127.53,29.256,47.1,62.458,54.043,40.952
90.04,117.04,16.505,-107.91,43.875,66.668,-126.27,29.654,47.712,64.158,55.104,42.555
90.707,118.04,15.404,-109.12,46.135,66.511,-123.52,29.65,47.684,65.259,55.698,43.962
91.102,118.36,14.134,-109.8,48.283,65.941,-119.67,29.163,46.863,65.594,55.751,45.134
91.255,117.79,12.656,-109.86,50.21,64.849,-115.03,28.125,45.107,64.996,55.191,46.022
91.169,116.12,10.935,-109.17,51.785,63.097,-109.8,26.505,42.325,63.351,53.964,46.572
90.825,113.2,8.9498,-107.63,52.933,60.58,-104.07,24.335,38.535,60.642,52.054,46.739
90.202,109.02,6.7065,-105.2,53.678,57.277,-97.85,21.706,33.86,56.957,49.488,46.491
89.309,103.75,4.2313,-101.94,54.119,53.251,-91.156,18.748,28.488,52.457,46.329,45.816
88.177,97.616,1.5607,-97.957,54.371,48.603,-84.007,15.592,22.624,47.305,42.647,44.725
86.839,90.797,-1.2577,-93.401,54.517,43.427,-76.439,12.335,16.465,41.623,38.494,43.243
85.288,83.371,-4.1512,-88.341,54.587,37.807,-68.499,9.0323,10.203,35.474,33.899,41.403
83.464,75.329,-7.0148,-82.76,54.56,31.848,-60.249,5.7167,4.0365,28.89,28.887,39.231
81.249,66.664,-9.7262,-76.597,54.375,25.713,-51.771,2.419,-1.8472,21.927,23.511,36.751
78.508,57.465,-12.177,-69.827,53.947,19.618,-43.174,-0.81649,-7.3106,14.723,17.872,33.991
75.142,47.935,-14.302,-62.524,53.194,13.771,-34.582,-3.9361,-12.297,7.5166,12.111,30.997
71.178,38.324,-16.081,-54.849,52.101,8.3184,-26.122,-6.8899,-16.821,0.60182,6.3795,27.839
66.77,28.86,-17.532,-46.988,50.763,3.3389,-17.926,-9.6379,-20.929,-5.7494,0.81027,24.608
62.134,19.762,-18.691,-39.111,49.345,-1.1099,-10.109,-12.147,-24.646,-11.349,-4.4712,21.4
57.475,11.314,-19.595,-31.407,47.999,-4.9601,-2.7678,-14.391,-27.967,-16.114,-9.3364,18.304
52.9,3.8439,-20.275,-24.116,46.796,-8.1563,4.0139,-16.356,-30.888,-20.061,-13.671,15.375
48.381,-2.4239,-20.755,-17.479,45.677,-10.71,10.15,-18.063,-33.428,-23.279,-17.412,12.62
43.763,-7.5151,-21.05,-11.617,44.474,-12.719,15.554,-19.558,-35.643,-25.894,-20.571,9.9989
38.87,-11.683,-21.17,-6.4638,43.015,-14.33,20.173,-20.902,-37.598,-28.039,-23.218,7.4642
33.622,-15.233,-21.116,-1.8385,41.231,-15.662,24.005,-22.141,-39.352,-29.831,-25.446,4.9955
28.102,-18.358,-20.888,2.3927,39.218,-16.77,27.113,-23.296,-40.943,-31.359,-27.341,2.6146
22.539,-21.089,-20.49,6.2332,37.189,-17.65,29.592,-24.363,-42.39,-32.681,-28.964,0.37086
17.221,-23.373,-19.927,9.5979,35.342,-18.266,31.543,-25.332,-43.71,-33.83,-30.362,-1.684
12.376,-25.172,-19.226,12.415,33.759,-18.616,33.059,-26.2,-44.92,-34.823,-31.57,-3.5136
8.0974,-26.518,-18.436,14.695,32.394,-18.732,34.228,-26.976,-46.044,-35.675,-32.618,-5.102
4.3505,-27.51,-17.623,16.525,31.115,-18.686,35.134,-27.684,-47.098,-36.403,-33.534,-6.4504
1.0701,-28.271,-16.85,18.022,29.772,-18.564,35.841,-28.352,-48.095,-37.024,-34.344,-7.5674
-1.7601,-28.884,-16.163,19.27,28.272,-18.428,36.405,-28.991,-49.035,-37.546,-35.056,-8.4518
-4.1025,-29.38,-15.572,20.298,26.636,-18.301,36.87,-29.584,-49.904,-37.979,-35.679,-9.1102
-5.9167,-29.732,-15.072,21.091,25.005,-18.167,37.27,-30.096,-50.688,-38.325,-36.215,-9.5572
-7.2011,-29.906,-14.642,21.622,23.553,-17.999,37.627,-30.491,-51.395,-38.587,-36.666,-9.8263
-8.0039,-29.881,-14.255,21.89,22.398,-17.776,37.945,-30.743,-52.04,-38.775,-37.036,-9.9745
-8.4438,-29.697,-13.902,21.945,21.577,-17.51,38.224,-30.858,-52.654,-38.898,-37.337,-10.085
-8.6968,-29.46,-13.579,21.904,21.05,-17.244,38.458,-30.875,-53.279,-38.983,-37.588,-10.238
-8.9823,-29.329,-13.289,21.935,20.709,-17.052,38.639,-30.871,-53.961,-39.056,-37.808,-10.497
-9.5234,-29.464,-13.053,22.203,20.415,-17.005,38.762,-30.928,-54.737,-39.148,-38.014,-10.899
-10.435,-29.965,-12.902,22.807,20.043,-17.164,38.828,-31.112,-55.63,-39.284,-38.213,-11.435
-11.658,-30.826,-12.876,23.724,19.559,-17.55,38.845,-31.438,-56.634,-39.47,-38.407,-12.072
-12.991,-31.935,-13.013,24.82,19.049,-18.127,38.839,-31.843,-57.696,-39.695,-38.594,-12.769
-14.194,-33.117,-13.327,25.91,18.661,-18.817,38.847,-32.171,-58.727,-39.92,-38.77,-13.502
-15.085,-34.19,-13.802,26.817,18.507,-19.522,38.91,-32.195,-59.591,-40.089,-38.926,-14.268
-15.565,-35.001,-14.382,27.415,18.617,-20.141,39.046,-31.647,-60.121,-40.112,-39.049,-15.074
-15.61,-35.455,-14.987,27.643,18.949,-20.593,39.25,-30.302,-60.139,-39.877,-39.117,-15.916
-15.26,-35.518,-15.533,27.503,19.425,-20.826,39.499,-28.077,-59.48,-39.267,-39.095,-16.752
-14.588,-35.203,-15.951,27.037,19.963,-20.814,39.753,-25.141,-58.043,-38.177,-38.937,-17.505
-13.648,-34.56,-16.231,26.298,20.541,-20.586,39.977,-22.179,-55.879,-36.524,-38.58,-18.071
-12.392,-33.654,-16.463,25.302,21.256,-20.227,40.138,-21.77,-53.34,-34.234,-37.935,-18.323
-10.579,-32.568,-16.877,23.998,22.343,-19.895,40.218,-30.906,-51.379,-31.225,-36.868,-18.09
-7.7084,-31.389,-17.774,22.239,24.001,-19.812,40.193,-46.087,-52.455,-27.722,-35.161,-17.118
-3.0007,-30.16,-19.329,19.756,25.412,-20.204,40.013,-48.489,-61.442,-26.976,-32.482,-14.977
4.1373,-28.827,-21.284,16.101,20.497,-21.203,39.571,-40.851,-73.319,-41.218,-28.993,-11.006
11.356,-27.159,-22.448,10.608,20.692,-22.752,38.668,-26.598,-69.335,-55.926,-31.715,-4.8033
3.897,-24.668,-20.724,2.5888,22.637,-24.58,36.939,-5.8906,-53.214,-49.891,-48.723,-0.2612
-16.135,-20.466,-18.811,-7.2905,24.318,-26.282,33.759,21.099,-29.387,-36.249,-50.457,-15.568
-13.306,-13.074,-15.844,-12.081,25.628,-27.468,28.905,54.863,0.52716,-15.836,-45.033,-28.737
-5.8428,-0.70076,-12.798,1.4363,27.766,-27.781,28.475,95.674,33.779,12.113,-34.687,-24.963
4.7113,14.067,-12.267,6.044,33.312,-26.603,37.247,140.2,66.64,47.692,-18.168,-17.289
20.462,7.9945,-17.669,-2.9498,45.363,-22.783,39.925,186.02,101.77,91.519,6.3972,-5.2167
44.436,-9.029,-34.022,-14.905,66.58,-17.884,36.329,235.52,153.76,144.1,41.646,13.491
79.804,-12.88,-67.405,-31.363,98.839,-38.078,28.98,295.23,221.75,205.59,90.344,42.012
128.44,-11.034,-118.6,-54.962,142.79,-50.76,16.074,373.99,304.82,282.23,153.4,83.347
190.6,-1.4137,-174.18,-87.742,197.06,-53.23,-5.212,477.76,414.79,381.93,230.3,138.91
265.99,18.284,-226.39,-131.35,258.14,-59.051,-37.9,606.99,559.51,507.48,323.22,208.42
352.35,53.714,-269.9,-187.3,320.47,-63.23,-84.268,754.11,734.81,656.38,435.14,292.09
444.11,112.78,-294.67,-256.41,376.42,-56.656,-143.72,902.56,926.1,820.34,566.47,391.21
532.18,198.89,-291.35,-337.13,416.81,-31.628,-212.86,1028.1,1109.5,985.21,711.97,503.5
605.0,303.5,-253.49,-423.78,432.4,20.991,-286.57,1103.7,1255.8,1132.8,860.42,622.59
651.19,417.18,-179.3,-506.86,416.53,112.87,-356.41,1107.7,1337.9,1244.4,998.01,739.37
662.98,531.8,-73.626,-575.32,367.96,233.96,-412.34,1030.9,1338.7,1305.6,1112.4,843.66
638.54,633.8,51.588,-619.25,292.21,349.56,-445.79,880.79,1256.9,1310.6,1195.1,925.88
582.09,709.24,179.51,-632.2,200.29,449.91,-451.92,680.09,1107.0,1263.4,1241.1,978.12
501.69,747.23,292.57,-612.27,105.21,523.69,-430.37,460.55,914.51,1175.4,1247.8,994.33
406.18,741.59,376.42,-561.38,18.153,561.08,-384.37,254.15,708.04,1060.0,1212.5,969.93
302.97,691.19,422.44,-483.98,-53.522,557.36,-319.14,84.626,511.51,927.57,1131.3,901.86
197.56,599.63,428.45,-385.93,-106.5,513.18,-240.43,-37.459,339.12,783.64,1000.8,790.03
94.265,475.23,398.22,-274.42,-140.65,434.58,-154.09,-113.14,194.97,630.59,822.8,640.03
-2.658,330.51,340.04,-157.77,-157.86,332.2,-66.18,-153.48,75.542,471.1,608.77,465.0
-87.473,180.58,264.67,-44.687,-160.9,219.39,17.056,-173.06,-24.322,310.26,381.18,284.17
-153.39,40.196,183.32,56.848,-152.8,109.42,89.684,-182.86,-101.23,156.4,168.3,117.48
-195.36,-77.845,105.75,140.16,-136.45,12.158,146.97,-188.21,-163.97,19.319,-5.8912,-20.399
-212.34,-165.4,38.785,200.2,-114.39,-63.877,185.91,-189.24,-217.27,-89.111,-128.76,-118.95
-207.46,-223.45,-14.63,233.99,-88.835,-114.8,205.6,-183.0,-251.74,-161.35,-197.83,-174.59
-186.52,-257.89,-54.284,242.26,-61.884,-145.04,207.63,-166.28,-259.66,-198.76,-219.59,-193.37
-156.18,-272.03,-82.473,229.79,-35.465,-160.88,195.62,-130.85,-240.24,-200.64,-204.26,-183.35
-123.17,-265.89,-101.22,203.72,-11.766,-168.22,174.31,-92.343,-197.87,-175.56,-166.91,-156.03
-92.718,-243.1,-111.63,171.24,7.1479,-171.53,148.6,-52.361,-129.69,-137.89,-125.13,-124.64
-69.495,-209.19,-116.28,132.98,20.649,-165.99,122.77,-14.046,-71.474,-100.05,-91.683,-98.458
-54.066,-157.03,-117.05,101.34,29.02,-144.14,102.17,18.97,-38.761,-68.427,-69.316,-79.866
-43.755,-121.59,-114.16,86.465,32.794,-100.37,87.367,41.992,-12.63,-46.917,-55.322,-61.462
-37.426,-107.09,-98.719,76.241,32.901,-79.445,77.463,51.858,4.7334,-43.527,-50.164,-55.412
-33.801,-95.546,-73.747,68.064,31.009,-70.826,71.021,49.078,12.601,-38.75,-46.389,-53.895
-32.013,-85.454,-59.178,61.177,26.309,-63.418,66.236,37.444,14.371,-34.358,-43.022,-50.969
-31.698,-76.385,-48.325,54.874,16.484,-56.516,61.938,24.819,14.853,-33.335,-40.725,-46.926
-31.361,-68.203,-39.054,49.642,11.339,-50.15,57.455,19.342,20.398,-33.986,-38.0,-42.621
-30.393,-61.515,-31.689,45.952,10.798,-44.438,52.973,20.636,30.56,-33.973,-33.711,-39.205
-29.331,-56.522,-25.976,43.355,10.151,-39.62,49.395,23.343,41.805,-33.118,-28.719,-36.737
-28.478,-52.766,-21.892,41.366,8.5752,-35.724,46.964,24.349,51.41,-32.134,-23.969,-34.868
-27.909,-49.78,-19.378,39.774,6.4993,-32.552,45.336,23.282,58.036,-31.372,-20.057,-33.375
-27.601,-47.311,-17.824,38.482,4.4565,-29.896,44.192,20.684,61.778,-30.9,-17.216,-32.141
-27.502,-45.251,-16.449,37.438,2.7244,-27.637,43.344,17.138,63.384,-30.689,-15.325,-31.091
-27.57,-43.554,-14.911,36.616,1.3242,-25.72,42.681,13.124,63.566,-30.66,-14.107,-30.171
-27.783,-42.185,-13.232,36.006,0.15387,-24.111,42.137,9.0597,62.807,-30.738,-13.31,-29.351
-28.121,-41.116,-11.509,35.6,-0.88913,-22.775,41.673,5.2932,61.378,-30.864,-12.739,-28.624
-28.549,-40.296,-9.8376,35.365,-1.8506,-21.669,41.275,2.0549,59.416,-31.003,-12.269,-27.995
-28.997,-39.657,-8.3073,35.249,-2.7106,-20.749,40.95,-0.55965,56.985,-31.13,-11.81,-27.474
-29.383,-39.133,-7.0076,35.17,-3.4097,-19.982,40.709,-2.5477,54.138,-31.22,-11.299,-27.071
-29.642,-38.651,-6.0029,35.055,-3.8965,-19.342,40.56,-3.9494,50.939,-31.245,-10.711,-26.787
-29.752,-38.164,-5.3136,34.857,-4.1654,-18.804,40.491,-4.8254,47.467,-31.179,-10.071,-26.619
-29.736,-37.66,-4.9092,34.57,-4.264,-18.354,40.476,-5.2537,43.802,-31.009,-9.4862,-26.548
-29.638,-37.141,-4.7136,34.215,-4.2722,-17.965,40.483,-5.3289,39.998,-30.734,-9.1552,-26.55
-29.497,-36.608,-4.6177,33.813,-4.2759,-17.596,40.484,-5.1642,36.074,-30.365,-9.3358,-26.598
-29.339,-36.038,-4.5027,33.376,-4.3304,-17.197,40.457,-4.8715,32.005,-29.921,-10.242,-26.67
-29.166,-35.401,-4.2702,32.903,-4.4488,-16.716,40.395,-4.5552,27.736,-29.423,-11.911,-26.754
-28.969,-34.671,-3.8746,32.389,-4.595,-16.123,40.295,-4.2985,23.241,-28.895,-14.136,-26.856
-28.739,-33.857,-3.3295,31.836,-4.7133,-15.425,40.158,-4.151,18.55,-28.359,-16.503,-26.997
-28.476,-33.002,-2.6983,31.266,-4.7434,-14.669,39.984,-4.1245,13.751,-27.834,-18.598,-27.203
-28.198,-32.175,-2.0629,30.714,-4.6533,-13.922,39.77,-4.1991,8.9738,-27.333,-20.196,-27.494
-27.94,-31.445,-1.4852,30.223,-4.4726,-13.249,39.514,-4.332,4.3455,-26.86,-21.276,-27.863
-27.743,-30.855,-0.99193,29.828,-4.2742,-12.683,39.213,-4.4869,-0.037015,-26.413,-21.922,-28.287
-27.631,-30.399,-0.57051,29.539,-4.1471,-12.217,38.868,-4.636,-4.0944,-25.978,-22.234,-28.719
-27.592,-30.006,-0.19206,29.316,-4.1519,-11.799,38.487,-4.7604,-7.7823,-25.537,-22.281,-29.105
-27.573,-29.56,0.17068,29.072,-4.2925,-11.352,38.085,-4.8473,-11.058,-25.071,-22.103,-29.389
-27.506,-28.958,0.52836,28.713,-4.5203,-10.809,37.676,-4.8908,-13.886,-24.573,-21.719,-29.526
-27.346,-28.152,0.86808,28.185,-4.7683,-10.148,37.271,-4.896,-16.259,-24.057,-21.157,-29.487
-27.092,-27.199,1.1673,27.515,-4.9882,-9.4136,36.865,-4.8796,-18.208,-23.554,-20.471,-29.275
-26.793,-26.239,1.4026,26.795,-5.1653,-8.7078,36.442,-4.8621,-19.8,-23.105,-19.734,-28.914
-26.517,-25.414,1.5569,26.145,-5.3063,-8.1253,35.978,-4.8527,-21.106,-22.736,-19.019,-28.443
-26.308,-24.797,1.6288,25.634,-5.4172,-7.7062,35.456,-4.8371,-22.183,-22.442,-18.369,-27.898
-26.148,-24.338,1.6446,25.239,-5.4902,-7.411,34.866,-4.7775,-23.062,-22.178,-17.786,-27.296
-25.97,-23.892,1.6617,24.86,-5.5133,-7.1293,34.213,-4.6276,-23.756,-21.877,-17.23,-26.633
-25.7,-23.287,1.755,24.376,-5.4868,-6.7394,33.5,-4.3505,-24.276,-21.474,-16.633,-25.894
-25.29,-22.391,1.9865,23.692,-5.4217,-6.144,32.732,-3.9313,-24.626,-20.922,-15.921,-25.06
-24.726,-21.148,2.3779,22.768,-5.336,-5.3004,31.911,-3.3782,-24.814,-20.206,-15.022,-24.119
-24.03,-19.587,2.9016,21.62,-5.2393,-4.2292,31.036,-2.7166,-24.849,-19.346,-13.888,-23.074
-23.24,-17.801,3.4966,20.306,-5.134,-3.0002,30.107,-1.979,-24.748,-18.391,-12.502,-21.943
-22.405,-15.911,4.0967,18.904,-5.0088,-1.7009,29.115,-1.1914,-24.532,-17.404,-10.874,-20.751
-21.56,-14.02,4.6566,17.482,-4.8565,-0.40154,28.051,-0.36159,-24.221,-16.444,-9.0392,-19.513
-20.717,-12.173,5.1674,16.072,-4.6794,0.8732,26.899,0.52705,-23.822,-15.528,-7.0269,-18.22
-19.858,-10.33,5.6581,14.653,-4.4806,2.1549,25.643,1.5125,-23.323,-14.619,-4.8435,-16.826
-18.94,-8.3803,6.1852,13.157,-4.2746,3.5217,24.27,2.6407,-22.695,-13.623,-2.4563,-15.251
-17.92,-6.1857,6.8142,11.499,-4.0861,5.0661,22.766,3.945,-21.901,-12.424,0.19644,-13.409
-16.786,-3.6482,7.5962,9.6243,-3.9494,6.8527,21.117,5.4279,-20.914,-10.922,3.1749,-11.241
-15.562,-0.75517,8.5465,7.5359,-3.8979,8.886,19.306,7.0536,-19.718,-9.0538,6.4998,-8.7362
-14.299,2.4235,9.6335,5.2852,-3.946,11.108,17.316,8.7591,-18.311,-6.8001,10.131,-5.9372
-13.026,5.7849,10.79,2.9303,-4.075,13.432,15.144,10.483,-16.689,-4.1732,13.975,-2.9119
-11.726,9.2606,11.945,0.49065,-4.2365,15.79,12.802,12.196,-14.837,-1.1877,17.928,0.28646
-10.33,12.858,13.05,-2.0725,-4.3718,18.162,10.319,13.916,-12.718,2.1671,21.913,3.6452
-8.7517,16.642,14.099,-4.8331,-4.4364,20.578,7.7318,15.694,-10.272,5.9325,25.9,7.1874
-6.9263,20.675,15.112,-7.848,-4.415,23.076,5.0601,17.583,-7.4263,10.154,29.893,10.946
-4.8469,24.953,16.118,-11.115,-4.3214,25.667,2.2938,19.603,-4.1172,14.837,33.909,14.939
-2.5568,29.404,17.134,-14.575,-4.1841,28.323,-0.60296,21.735,-0.30176,19.917,37.956,19.165
-0.10416,33.939,18.161,-18.165,-4.0268,31.007,-3.6701,23.934,4.0299,25.263,42.031,23.613
2.5107,38.52,19.186,-21.881,-3.8526,33.696,-6.9293,26.15,8.8476,30.713,46.117,28.279
5.3474,43.168,20.195,-25.774,-3.6416,36.395,-10.381,28.345,14.072,36.122,50.209,33.163
8.4807,47.922,21.184,-29.905,-3.3647,39.117,-14.017,30.496,19.578,41.401,54.323,38.28
11.933,52.782,22.161,-34.275,-3.0024,41.867,-17.846,32.592,25.224,46.535,58.506,43.668
15.638,57.692,23.141,-38.802,-2.5583,44.624,-21.899,34.632,30.892,51.575,62.816,49.401
19.465,62.573,24.142,-43.369,-2.0585,47.357,-26.228,36.616,36.511,56.607,67.296,55.568
23.307,67.374,25.184,-47.89,-1.5387,50.045,-30.88,38.534,42.049,61.723,71.987,62.222
27.143,72.093,26.284,-52.349,-1.0255,52.696,-35.869,40.365,47.472,66.988,76.971,69.352
31.043,76.759,27.468,-56.775,-0.52702,55.347,-41.168,42.079,52.72,72.432,82.379,76.887
35.104,81.395,28.758,-61.2,-0.034077,58.042,-46.722,43.641,57.707,78.037,88.352,84.698
39.37,86.01,30.168,-65.623,0.46966,60.824,-52.472,45.024,62.35,83.735,94.923,92.611
43.797,90.608,31.701,-70.01,0.99412,63.723,-58.369,46.217,66.599,89.418,101.93,100.42
48.252,95.202,33.355,-74.311,1.5332,66.761,-64.374,47.234,70.45,94.96,109.06,107.92
52.567,99.806,35.127,-78.477,2.0651,69.94,-70.454,48.102,73.931,100.25,115.99,114.98
56.594,104.42,37.01,-82.47,2.5607,73.239,-76.573,48.849,77.077,105.19,122.54,121.52
60.244,109.01,38.993,-86.26,2.9943,76.609,-82.683,49.485,79.908,109.7,128.67,127.51
63.491,113.5,41.074,-89.82,3.3523,79.988,-88.718,50.003,82.426,113.73,134.41,132.98
66.363,117.85,43.266,-93.142,3.639,83.331,-94.599,50.387,84.631,117.23,139.81,137.94
68.937,122.04,45.587,-96.25,3.8774,86.633,-100.23,50.629,86.533,120.2,144.88,142.43
71.298,126.09,48.044,-99.193,4.1011,89.913,-105.54,50.726,88.154,122.65,149.58,146.49
73.5,130.03,50.611,-102.0,4.3378,93.185,-110.44,50.682,89.52,124.66,153.85,150.17
75.537,133.84,53.225,-104.65,4.5926,96.418,-114.91,50.506,90.657,126.27,157.61,153.48
77.356,137.46,55.794,-107.09,4.8484,99.541,-118.95,50.217,91.596,127.58,160.83,156.47
78.91,140.83,58.231,-109.28,5.0787,102.47,-122.58,49.851,92.375,128.65,163.53,159.18
80.192,143.91,60.476,-111.21,5.2647,105.17,-125.81,49.462,93.037,129.57,165.83,161.68
81.243,146.76,62.517,-112.96,5.4058,107.66,-128.67,49.109,93.625,130.4,167.85,164.05
82.141,149.46,64.386,-114.61,5.5182,110.0,-131.16,48.837,94.169,131.18,169.69,166.35
82.963,152.06,66.133,-116.22,5.6258,112.25,-133.27,48.663,94.675,131.9,171.42,168.62
83.749,154.55,67.796,-117.8,5.7492,114.41,-135.05,48.564,95.121,132.52,173.0,170.84
84.499,156.82,69.373,-119.28,5.8949,116.42,-136.55,48.494,95.466,133.01,174.39,172.99
85.189,158.75,70.83,-120.56,6.0524,118.17,-137.81,48.407,95.667,133.3,175.53,175.0
85.795,160.24,72.119,-121.58,6.2003,119.58,-138.88,48.281,95.697,133.39,176.37,176.8
86.302,161.27,73.193,-122.28,6.3227,120.6,-139.79,48.13,95.558,133.25,176.92,178.32
86.699,161.83,74.024,-122.67,6.4232,121.24,-140.54,47.998,95.279,132.9,177.21,179.54
86.985,161.98,74.606,-122.8,6.5262,121.54,-141.11,47.943,94.914,132.38,177.3,180.45
87.166,161.82,74.946,-122.71,6.6622,121.56,-141.46,48.014,94.53,131.72,177.24,181.06
87.252,161.44,75.057,-122.5,6.8476,121.35,-141.54,48.228,94.186,130.98,177.06,181.39
87.245,160.87,74.935,-122.19,7.0699,120.95,-141.3,48.559,93.914,130.2,176.78,181.43
87.133,160.12,74.553,-121.8,7.2866,120.33,-140.7,48.949,93.709,129.36,176.38,181.15
86.886,159.07,73.866,-121.25,7.4368,119.41,-139.73,49.327,93.535,128.46,175.77,180.5
86.445,157.56,72.823,-120.4,7.4625,118.07,-138.38,49.63,93.33,127.43,174.85,179.41
85.722,155.37,71.391,-119.09,7.3352,116.16,-136.69,49.814,93.027,126.2,173.45,177.86
84.602,152.26,69.549,-117.1,7.0765,113.52,-134.64,49.861,92.565,124.69,171.39,175.8
82.976,148.05,67.271,-114.29,6.7491,110.02,-132.18,49.766,91.901,122.82,168.49,173.27
80.791,142.71,64.507,-110.58,6.4216,105.6,-129.23,49.54,91.02,120.53,164.61,170.29
78.078,136.32,61.208,-106.04,6.1342,100.32,-125.66,49.202,89.934,117.75,159.67,166.91
74.933,129.12,57.359,-100.85,5.8931,94.352,-121.38,48.774,88.68,114.5,153.67,163.19
71.458,121.41,53.04,-95.198,5.6792,87.958,-116.34,48.273,87.293,110.79,146.73,159.13
67.695,113.41,48.427,-89.221,5.4544,81.394,-110.57,47.699,85.783,106.69,138.99,154.74
63.59,105.2,43.733,-82.921,5.1686,74.82,-104.18,47.019,84.123,102.24,130.61,149.96
59.012,96.716,39.117,-76.185,4.7816,68.276,-97.299,46.171,82.243,97.407,121.69,144.73
53.827,87.784,34.639,-68.863,4.2907,61.708,-90.032,45.068,80.044,92.159,112.33,138.96
47.99,78.219,30.292,-60.847,3.7455,55.01,-82.42,43.617,77.407,86.46,102.62,132.54
41.609,67.893,26.05,-52.147,3.2354,48.059,-74.486,41.73,74.217,80.346,92.728,125.42
34.909,56.802,21.898,-42.915,2.852,40.764,-66.257,39.345,70.377,73.929,82.877,117.56
28.115,45.094,17.832,-33.38,2.6444,33.124,-57.808,36.452,65.839,67.345,73.362,109.0
21.343,33.034,13.855,-23.766,2.5947,25.251,-49.272,33.106,60.62,60.681,64.43,99.842
14.601,20.955,9.9801,-14.259,2.6264,17.367,-40.815,29.405,54.789,53.948,56.158,90.267
7.9007,9.2448,6.2387,-5.0664,2.6351,9.748,-32.582,25.449,48.416,47.093,48.408,80.615
1.387,-1.6619,2.6645,3.5227,2.5258,2.6579,-24.64,21.312,41.543,40.032,40.901,71.373
-4.6501,-11.369,-0.71961,11.186,2.249,-3.7079,-16.98,17.044,34.188,32.695,33.344,62.992
-9.9177,-19.65,-3.9055,17.709,1.8216,-9.2581,-9.559,12.705,26.404,25.08,25.56,55.637
-14.278,-26.512,-6.885,23.068,1.3201,-14.003,-2.3754,8.3828,18.359,17.309,17.557,49.129
-17.78,-32.138,-9.6312,27.408,0.84101,-18.025,4.4628,4.1834,10.348,9.6307,9.5335,43.118
-20.584,-36.786,-12.095,30.945,0.44911,-21.439,10.735,0.19365,2.7106,2.3457,1.7956,37.272
-22.885,-40.698,-14.228,33.898,0.15213,-24.362,16.2,-3.5443,-4.2864,-4.2947,-5.3562,31.381
-24.858,-44.072,-16.004,36.446,-0.090807,-26.89,20.722,-7.0348,-10.525,-10.159,-11.712,25.363
-26.637,-47.051,-17.431,38.722,-0.34358,-29.103,24.322,-10.311,-16.018,-15.242,-17.183,19.245
-28.308,-49.736,-18.542,40.812,-0.66572,-31.059,27.133,-13.412,-20.846,-19.621,-21.783,13.124
-29.894,-52.187,-19.383,42.758,-1.0942,-32.8,29.328,-16.364,-25.096,-23.394,-25.582,7.1287
-31.385,-54.434,-20.009,44.567,-1.6365,-34.359,31.069,-19.174,-28.834,-26.65,-28.672,1.3985
-32.763,-56.495,-20.471,46.236,-2.2696,-35.763,32.479,-21.844,-32.122,-29.463,-31.155,-3.9272
-34.026,-58.395,-20.82,47.777,-2.9458,-37.039,33.644,-24.383,-35.029,-31.91,-33.143,-8.7317
-35.194,-60.171,-21.099,49.217,-3.6109,-38.212,34.614,-26.809,-37.632,-34.065,-34.752,-12.949
-36.298,-61.864,-21.335,50.595,-4.2278,-39.302,35.417,-29.139,-40.002,-35.998,-36.085,-16.58
-37.373,-63.516,-21.545,51.956,-4.79,-40.325,36.073,-31.383,-42.192,-37.766,-37.227,-19.683
-38.458,-65.161,-21.734,53.343,-5.3174,-41.288,36.593,-33.551,-44.23,-39.409,-38.235,-22.343
-39.584,-66.82,-21.901,54.792,-5.8403,-42.198,36.993,-35.653,-46.125,-40.952,-39.142,-24.64
-40.768,-68.502,-22.045,56.322,-6.3821,-43.06,37.29,-37.704,-47.872,-42.407,-39.963,-26.636
-42.002,-70.197,-22.165,57.927,-6.9519,-43.881,37.502,-39.711,-49.462,-43.78,-40.704,-28.373
-43.27,-71.891,-22.265,59.587,-7.5469,-44.669,37.647,-41.669,-50.886,-45.071,-41.369,-29.875
-44.559,-73.574,-22.35,61.286,-8.1587,-45.437,37.742,-43.55,-52.136,-46.274,-41.964,-31.161
-45.889,-75.252,-22.422,63.033,-8.7783,-46.191,37.802,-45.307,-53.202,-47.38,-42.502,-32.247
-47.308,-76.953,-22.478,64.869,-9.3976,-46.936,37.839,-46.89,-54.073,-48.376,-42.999,-33.158
-48.889,-78.722,-22.516,66.867,-10.007,-47.671,37.86,-48.261,-54.749,-49.253,-43.476,-33.925
-50.706,-80.606,-22.533,69.108,-10.595,-48.393,37.869,-49.398,-55.244,-50.007,-43.946,-34.587
-52.811,-82.639,-22.531,71.65,-11.143,-49.094,37.869,-50.297,-55.585,-50.638,-44.417,-35.178
-55.202,-84.82,-22.514,74.494,-11.638,-49.764,37.867,-50.968,-55.804,-51.15,-44.881,-35.726
-57.789,-87.107,-22.485,77.558,-12.069,-50.392,37.877,-51.431,-55.933,-51.55,-45.32,-36.24
-60.395,-89.425,-22.447,80.685,-12.433,-50.975,37.907,-51.715,-56.001,-51.845,-45.716,-36.719
-62.819,-91.695,-22.404,83.701,-12.736,-51.517,37.964,-51.851,-56.027,-52.043,-46.056,-37.155
-64.949,-93.866,-22.356,86.502,-13.0,-52.031,38.038,-51.87,-56.022,-52.149,-46.337,-37.541
-66.823,-95.935,-22.304,89.103,-13.264,-52.527,38.109,-51.8,-55.992,-52.175,-46.572,-37.878
-68.569,-97.921,-22.245,91.586,-13.563,-53.003,38.149,-51.669,-55.927,-52.135,-46.776,-38.173
-70.277,-99.817,-22.175,94.004,-13.909,-53.445,38.135,-51.497,-55.809,-52.043,-46.961,-38.435
-71.927,-101.57,-22.097,96.326,-14.27,-53.826,38.055,-51.293,-55.616,-51.91,-47.127,-38.668
-73.442,-103.13,-22.015,98.48,-14.595,-54.125,37.91,-51.049,-55.329,-51.746,-47.269,-38.874
-74.802,-104.5,-21.933,100.45,-14.85,-54.343,37.7,-50.763,-54.949,-51.563,-47.384,-39.053
-76.077,-105.77,-21.854,102.31,-15.031,-54.504,37.423,-50.448,-54.496,-51.378,-47.473,-39.208
-77.391,-107.1,-21.777,104.2,-15.166,-54.65,37.073,-50.128,-54.002,-51.209,-47.543,-39.347
-78.835,-108.6,-21.703,106.22,-15.293,-54.821,36.649,-49.828,-53.5,-51.067,-47.599,-39.472
-80.431,-110.32,-21.63,108.39,-15.449,-55.04,36.154,-49.561,-53.013,-50.96,-47.641,-39.588
-82.126,-112.21,-21.554,110.67,-15.66,-55.311,35.598,-49.328,-52.555,-50.891,-47.669,-39.701
-83.818,-114.15,-21.474,112.94,-15.93,-55.618,34.997,-49.121,-52.129,-50.86,-47.685,-39.816
-85.384,-116.03,-21.389,115.09,-16.237,-55.934,34.371,-48.928,-51.733,-50.866,-47.694,-39.939
-86.722,-117.69,-21.303,117.0,-16.53,-56.231,33.739,-48.737,-51.359,-50.901,-47.697,-40.069
-87.779,-119.06,-21.219,118.58,-16.759,-56.486,33.116,-48.551,-50.996,-50.956,-47.696,-40.2
-88.571,-120.15,-21.141,119.86,-16.892,-56.693,32.491,-48.389,-50.633,-51.02,-47.693,-40.324
-89.177,-121.04,-21.067,120.9,-16.935,-56.862,31.827,-48.285,-50.268,-51.083,-47.692,-40.436
-89.721,-121.89,-20.987,121.87,-16.934,-57.014,31.053,-48.274,-49.905,-51.14,-47.698,-40.538
-90.348,-122.85,-20.872,122.93,-16.964,-57.166,30.07,-48.368,-49.55,-51.186,-47.721,-40.637
-91.157,-123.97,-20.686,124.18,-17.098,-57.314,28.774,-48.545,-49.203,-51.217,-47.758,-40.743
-92.114,-125.15,-20.387,125.57,-17.371,-57.417,27.076,-48.73,-48.841,-51.214,-47.798,-40.851
-93.007,-126.05,-19.932,126.8,-17.745,-57.393,24.934,-48.804,-48.417,-51.139,-47.806,-40.943
-93.515,-126.18,-19.289,127.4,-18.116,-57.137,22.363,-48.635,-47.866,-50.937,-47.734,-40.982
-93.341,-125.07,-18.436,126.87,-18.359,-56.558,19.421,-48.117,-47.134,-50.55,-47.537,-40.927
-92.304,-122.5,-17.361,124.87,-18.398,-55.623,16.165,-47.212,-46.197,-49.936,-47.188,-40.753
-90.371,-118.54,-16.068,121.26,-18.241,-54.363,12.604,-45.963,-45.072,-49.085,-46.686,-40.452
-87.663,-113.59,-14.566,116.23,-17.974,-52.862,8.6685,-44.476,-43.812,-48.018,-46.054,-40.042
-84.471,-108.22,-12.875,110.28,-17.717,-51.222,4.1983,-42.888,-42.49,-46.785,-45.329,-39.554
-81.214,-102.98,-11.012,104.14,-17.58,-49.536,-1.0267,-41.331,-41.181,-45.447,-44.553,-39.027
-78.268,-98.228,-8.9901,98.514,-17.62,-47.866,-7.2078,-39.904,-39.945,-44.066,-43.763,-38.493
-75.767,-94.047,-6.8321,93.714,-17.805,-46.233,-14.432,-38.648,-38.812,-42.686,-42.98,-37.966
-73.563,-90.33,-4.5753,89.611,-18.026,-44.627,-22.623,-37.532,-37.77,-41.322,-42.207,-37.445
-71.361,-86.883,-2.2719,85.854,-18.142,-43.021,-31.563,-36.476,-36.776,-39.963,-41.433,-36.912
-68.906,-83.553,0.027491,82.138,-18.056,-41.397,-41.014,-35.398,-35.781,-38.59,-40.644,-36.353
-66.097,-80.275,2.2948,78.333,-17.764,-39.745,-50.821,-34.254,-34.753,-37.189,-39.823,-35.757
-62.991,-77.059,4.5366,74.47,-17.347,-38.059,-60.915,-33.043,-33.681,-35.756,-38.962,-35.116
-59.74,-73.949,6.7892,70.664,-16.931,-36.327,-71.23,-31.794,-32.579,-34.294,-38.048,-34.418
-56.526,-70.992,9.0946,67.061,-16.624,-34.52,-81.633,-30.545,-31.469,-32.81,-37.071,-33.64
-53.526,-68.231,11.466,63.805,-16.476,-32.61,-91.896,-29.33,-30.379,-31.305,-36.014,-32.759
-50.883,-65.697,13.865,61.002,-16.456,-30.599,-101.72,-28.181,-29.343,-29.79,-34.864,-31.752
-48.681,-63.423,16.191,58.706,-16.476,-28.548,-110.82,-27.128,-28.408,-28.284,-33.62,-30.625
-46.937,-61.46,18.302,56.914,-16.425,-26.596,-118.97,-26.204,-27.634,-26.838,-32.302,-29.422
-45.618,-59.892,20.034,55.598,-16.228,-24.945,-126.06,-25.441,-27.086,-25.523,-30.953,-28.234
-44.677,-58.801,21.252,54.719,-15.867,-23.789,-132.08,-24.871,-26.818,-24.418,-29.635,-27.184
-44.065,-58.222,21.899,54.229,-15.377,-23.227,-137.07,-24.508,-26.852,-23.576,-28.404,-26.378
-43.72,-58.104,22.032,54.059,-14.816,-23.215,-141.12,-24.342,-27.173,-22.999,-27.29,-25.862
-43.574,-58.325,21.795,54.118,-14.257,-23.6,-144.31,-24.335,-27.736,-22.649,-26.29,-25.6
-43.567,-58.753,21.337,54.317,-13.776,-24.204,-146.73,-24.441,-28.484,-22.474,-25.39,-25.505
-43.683,-59.302,20.742,54.617,-13.435,-24.905,-148.47,-24.624,-29.366,-22.444,-24.592,-25.489
-43.986,-59.976,20.016,55.067,-13.26,-25.675,-149.58,-24.882,-30.356,-22.568,-23.938,-25.513
-44.634,-60.872,19.113,55.815,-13.256,-26.561,-150.11,-25.259,-31.457,-22.889,-23.51,-25.594
-45.885,-62.13,17.966,57.086,-13.41,-27.64,-150.11,-25.824,-32.696,-23.449,-23.403,-25.786
-48.047,-63.861,16.512,59.15,-13.685,-28.944,-149.64,-26.629,-34.101,-24.251,-23.66,-26.139
-51.327,-66.089,14.706,62.233,-13.978,-30.43,-148.78,-27.661,-35.673,-25.236,-24.223,-26.658
-55.362,-68.696,12.534,66.239,-14.078,-31.986,-147.5,-28.821,-37.355,-26.308,-24.938,-27.283
-58.686,-71.333,10.015,70.239,-13.69,-33.488,-145.67,-29.931,-39.026,-27.369,-25.607,-27.922
-59.071,-73.328,7.2004,72.415,-12.652,-34.836,-142.94,-30.772,-40.515,-28.33,-26.068,-28.48
-55.39,-73.938,4.1512,71.2,-11.341,-35.933,-138.79,-31.148,-41.648,-29.11,-26.226,-28.881
-50.126,-73.017,0.91123,67.22,-14.405,-36.663,-132.7,-30.959,-42.31,-29.638,-26.045,-29.063
-49.114,-71.351,-2.4976,64.0,-19.176,-36.947,-124.65,-30.238,-42.477,-29.861,-25.515,-28.972
-61.948,-70.341,-6.0409,67.286,-20.53,-36.784,-115.35,-29.121,-42.207,-29.751,-24.633,-28.549
-82.983,-71.958,-9.611,86.392,-23.382,-36.208,-105.6,-27.75,-41.577,-29.295,-23.392,-27.734
-105.25,-78.397,-12.998,120.22,-26.859,-35.184,-95.735,-26.161,-40.614,-28.483,-21.792,-26.474
-127.05,-89.306,-15.962,148.37,-29.456,-33.577,-85.584,-24.269,-39.286,-27.303,-19.86,-24.731
-136.67,-99.576,-18.354,159.59,-29.474,-31.197,-74.583,-21.965,-37.567,-25.76,-17.659,-22.498
-121.32,-101.17,-20.173,149.47,-23.682,-27.819,-62.01,-19.226,-35.5,-23.905,-15.277,-19.838
-79.552,-87.32,-21.511,115.24,-6.3907,-23.251,-47.311,-16.114,-33.187,-21.833,-12.79,-16.892
-17.168,-56.525,-22.483,59.629,32.884,-17.445,-30.334,-12.731,-30.737,-19.659,-10.248,-13.84
56.519,-13.048,-23.192,-8.0499,79.052,-10.571,-11.559,-9.193,-28.232,-17.495,-7.685,-10.835
128.31,35.268,-23.714,-75.672,116.72,-3.0002,7.4842,-5.6105,-25.728,-15.436,-5.1384,-7.965
185.51,79.504,-24.096,-132.39,146.25,4.7928,24.558,-2.0311,-23.254,-13.543,-2.6439,-5.2402
223.45,111.91,-24.367,-171.59,165.48,12.381,38.136,1.5571,-20.797,-11.832,-0.21669,-2.5979
243.34,127.91,-24.536,-192.27,174.38,19.52,47.841,5.1729,-18.336,-10.27,2.1645,0.072634
249.59,127.49,-24.607,-197.43,175.34,26.239,53.898,8.7914,-15.837,-8.7824,4.5502,2.8866
247.37,117.5,-24.573,-189.5,172.47,32.8,56.932,12.457,-13.238,-7.2435,6.9852,5.9233
240.81,112.23,-24.434,-165.96,168.27,39.516,58.251,16.284,-10.481,-5.5416,9.4774,9.124
232.43,118.27,-24.193,-140.0,163.38,46.304,59.56,20.113,-7.6147,-3.6224,11.878,12.267
221.84,129.23,-23.866,-132.72,157.95,52.533,61.893,23.363,-4.9128,-1.6446,13.873,14.986
205.49,138.65,-23.487,-133.11,151.88,57.492,65.182,25.45,-2.85,-0.083829,15.077,16.894
196.16,144.22,-23.101,-134.2,145.78,60.793,68.613,26.163,-1.8831,0.49089,15.243,17.761
193.5,146.39,-22.746,-134.75,143.28,62.44,71.37,25.651,-2.1355,-0.18164,14.391,17.597
192.2,146.31,-22.447,-134.64,142.77,62.742,73.117,24.238,-3.3734,-1.9276,12.751,16.61
190.87,144.93,-22.213,-134.04,142.61,62.137,73.958,22.281,-5.1743,-4.3143,10.665,15.106
189.27,142.88,-22.03,-133.17,142.29,61.041,74.16,20.092,-7.1301,-6.904,8.4526,13.431
187.42,140.55,-21.873,-132.19,141.6,59.746,73.962,17.892,-8.966,-9.3801,6.3526,11.87
185.44,138.16,-21.722,-131.19,140.49,58.402,73.509,15.798,-10.56,-11.592,4.4762,10.592
183.43,135.74,-21.569,-130.18,139.13,57.038,72.858,13.844,-11.906,-13.511,2.8292,9.6302
181.45,133.23,-21.426,-129.16,137.78,55.61,72.011,12.004,-13.069,-15.172,1.3614,8.9196
179.52,130.55,-21.316,-128.08,136.65,54.051,70.976,10.23,-14.139,-16.626,0.010984,8.3601
177.62,127.67,-21.263,-126.94,135.82,52.318,69.8,8.4814,-15.203,-17.917,-1.2673,7.868
175.68,124.61,-21.277,-125.72,135.24,50.412,68.576,6.7438,-16.319,-19.072,-2.4937,7.3983
173.64,121.44,-21.355,-124.44,134.73,48.372,67.421,5.0169,-17.508,-20.104,-3.6736,6.9324
171.4,118.23,-21.48,-123.12,134.13,46.243,66.418,3.3441,-18.766,-21.025,-4.8158,6.4434
168.85,115.0,-21.643,-121.73,133.35,44.047,65.607,1.8098,-20.033,-21.847,-5.9449,5.8709
165.86,111.72,-21.83,-120.27,132.35,41.772,64.985,0.56192,-21.211,-22.572,-7.0909,5.127
162.32,108.42,-22.025,-118.75,131.11,39.445,64.499,-0.1595,-22.153,-23.186,-8.2606,4.1248
158.31,105.23,-22.2,-117.25,129.67,37.164,64.099,0.0047489,-22.66,-23.616,-9.4254,2.8607
154.14,102.34,-22.32,-115.89,128.16,35.114,63.733,1.5477,-22.48,-23.739,-10.485,1.4256
150.28,99.981,-22.348,-114.79,126.71,33.527,63.35,5.0324,-21.301,-23.381,-11.308,-0.018657
147.03,98.27,-22.26,-113.99,125.46,32.559,62.906,10.66,-18.725,-22.3,-11.75,-1.2953
144.45,97.185,-22.08,-113.46,124.49,32.204,62.364,17.191,-14.255,-20.125,-11.643,-2.2564
142.54,96.571,-21.924,-113.11,123.85,32.226,61.697,19.707,-7.5563,-16.259,-10.725,-2.7793
141.36,96.208,-22.019,-112.85,123.45,32.18,60.871,5.4808,0.39793,-9.889,-8.5272,-2.7076
141.06,95.892,-22.614,-112.68,122.71,31.504,59.826,-17.723,4.1834,-0.98736,-4.2757,-1.7412
141.61,95.502,-23.786,-112.62,121.97,29.663,58.469,-17.911,-11.09,5.1325,2.8311,0.62396
141.99,95.071,-25.135,-112.79,124.26,26.298,56.69,-7.2938,-33.543,-13.665,11.387,5.0034
141.65,94.834,-24.685,-113.3,126.22,21.414,54.431,9.5253,-26.924,-40.662,7.5935,11.009
144.37,95.24,-22.594,-114.27,127.18,15.595,51.765,33.748,-11.103,-34.165,-29.665,11.909
150.1,96.898,-18.935,-115.61,127.09,9.8771,48.919,66.308,11.562,-19.078,-34.912,-12.759
156.45,100.45,-14.138,-116.23,126.36,5.2102,46.872,105.88,41.985,3.3072,-27.977,-24.36
162.98,106.49,-10.738,-116.56,126.56,2.1817,50.198,147.88,79.371,33.364,-15.095,-19.878
170.94,114.92,-12.944,-121.4,130.73,1.4126,52.322,190.32,122.22,70.459,5.2296,-11.707
183.13,114.72,-26.236,-125.77,142.57,4.3711,49.622,236.47,170.52,114.8,34.893,1.4796
202.77,81.374,-54.212,-132.74,165.26,10.631,44.599,293.35,227.5,168.2,75.719,22.663
232.63,70.714,-97.993,-146.39,200.56,-11.155,36.501,369.15,302.16,233.81,129.03,55.31
275.41,70.903,-153.54,-168.69,248.59,-35.875,22.956,469.88,402.23,317.47,195.73,101.32
333.44,79.93,-213.16,-201.03,307.86,-49.398,0.42424,596.5,530.17,424.04,277.11,159.72
407.15,100.76,-273.49,-245.94,374.93,-59.989,-35.881,741.97,682.05,553.34,375.15,229.23
493.76,139.23,-325.71,-306.16,443.94,-63.798,-90.018,890.09,845.91,698.98,492.04,312.35
586.63,201.14,-356.3,-381.73,506.31,-53.921,-159.88,1017.2,1001.7,848.83,625.75,411.33
675.35,288.11,-355.4,-467.8,551.69,-24.388,-237.24,1096.7,1124.8,987.43,768.54,523.57
747.28,394.56,-317.41,-554.99,570.38,31.629,-314.12,1106.6,1191.8,1098.8,909.33,641.72
790.6,508.66,-242.89,-631.54,556.26,122.98,-380.99,1036.4,1187.8,1169.3,1036.0,755.73
797.7,614.65,-140.45,-686.14,509.41,237.2,-428.16,891.61,1110.4,1191.5,1137.8,855.0
767.33,696.7,-25.563,-710.57,436.8,339.2,-449.03,693.5,971.29,1166.7,1207.5,930.04
704.46,742.36,83.439,-701.24,350.02,417.75,-441.43,473.02,792.63,1103.7,1241.0,973.35
617.89,744.64,170.35,-658.97,261.79,462.81,-407.14,262.65,600.71,1014.4,1235.5,979.34
516.95,702.16,224.84,-587.66,182.28,468.38,-350.28,87.743,418.19,908.71,1187.9,943.78
409.27,618.25,243.72,-492.79,117.34,434.96,-275.76,-39.141,258.81,790.74,1093.6,863.98
300.42,500.05,230.33,-380.95,68.497,368.46,-189.01,-118.57,126.52,660.07,950.22,740.62
195.11,358.34,192.36,-260.12,34.666,278.48,-96.411,-161.32,18.582,515.63,761.73,580.53
97.748,207.17,139.16,-139.5,13.805,176.73,-5.8163,-181.7,-70.362,360.81,542.54,398.33
10.747,62.026,79.767,-26.686,3.893,75.251,74.359,-191.02,-146.39,205.2,316.48,214.94
-52.681,-62.332,21.869,66.631,3.0885,-15.472,137.5,-195.3,-212.33,60.201,111.19,52.391
-92.264,-153.8,-28.941,132.03,9.5419,-86.219,180.52,-195.27,-263.05,-63.281,-50.737,-72.876
-112.61,-212.45,-69.476,174.18,21.232,-133.99,203.38,-187.71,-290.3,-151.1,-155.19,-150.69
-114.47,-245.5,-98.544,194.22,36.358,-161.58,208.1,-168.23,-289.83,-197.68,-203.64,-185.55
-100.53,-258.04,-117.54,193.16,53.394,-174.59,198.25,-130.85,-263.85,-205.86,-207.71,-187.17
-75.079,-251.46,-128.56,176.33,71.305,-178.69,178.34,-79.763,-219.29,-185.2,-181.84,-166.45
-40.131,-229.59,-132.09,150.57,88.3,-174.55,153.19,-32.122,-164.01,-148.66,-142.56,-136.03
-3.4071,-194.63,-130.43,98.561,102.33,-160.93,126.94,6.4721,-111.68,-108.24,-103.59,-106.41
-2.0798,-125.97,-124.04,51.802,112.9,-131.56,104.74,36.444,-69.841,-72.351,-72.499,-82.808
-0.87239,-90.341,-111.8,45.297,119.52,-95.302,88.597,56.049,-38.687,-42.327,-51.55,-60.057
2.0679,-81.387,-96.11,43.366,121.54,-78.577,77.664,63.564,-19.78,-32.268,-38.006,-41.093
5.4971,-74.702,-80.326,41.1,118.58,-68.456,70.861,59.401,-10.994,-28.286,-36.83,-39.608
8.8378,-67.692,-66.611,38.04,111.16,-60.017,66.233,46.871,-9.0603,-24.072,-35.312,-38.144
12.473,-60.843,-55.907,34.633,100.68,-52.78,62.374,35.028,-13.16,-22.559,-33.543,-34.533
16.942,-54.823,-47.496,31.294,88.896,-46.42,58.371,32.364,-18.803,-22.778,-31.604,-30.123
22.116,-50.013,-40.33,28.178,77.602,-41.08,54.167,34.658,-19.41,-22.632,-29.67,-26.33
26.941,-46.187,-33.811,25.393,68.025,-36.918,50.701,35.717,-17.04,-21.725,-27.96,-23.264
29.942,-43.073,-28.028,23.053,60.945,-33.695,48.32,34.244,-13.953,-20.572,-26.595,-20.798
30.53,-40.585,-23.841,21.271,56.56,-31.096,46.734,30.894,-11.153,-19.579,-25.73,-18.977
29.092,-38.686,-21.867,20.155,54.264,-28.955,45.648,26.383,-9.2429,-19.089,-25.434,-17.857
26.239,-37.313,-21.174,19.738,53.255,-27.184,44.882,21.228,-8.2412,-19.234,-25.574,-17.399
22.54,-36.374,-20.576,19.888,52.882,-25.711,44.325,15.821,-7.7223,-19.874,-25.913,-17.473
18.521,-35.765,-19.704,20.403,52.611,-24.473,43.904,10.52,-7.2015,-20.771,-26.261,-17.919
14.623,-35.398,-18.606,21.095,51.935,-23.429,43.564,5.6883,-6.4039,-21.752,-26.532,-18.606
11.11,-35.205,-17.402,21.85,50.562,-22.565,43.269,1.5636,-5.3148,-22.746,-26.717,-19.447
8.0649,-35.155,-16.202,22.622,48.508,-21.886,42.996,-1.8235,-4.1038,-23.745,-26.853,-20.397
5.478,-35.225,-15.093,23.374,46.142,-21.397,42.731,-4.568,-3.0047,-24.745,-26.993,-21.439
3.3165,-35.396,-14.129,24.076,43.953,-21.089,42.466,-6.7836,-2.1914,-25.732,-27.172,-22.554
1.5368,-35.628,-13.328,24.703,42.169,-20.922,42.196,-8.5534,-1.7497,-26.678,-27.406,-23.711
0.070176,-35.883,-12.678,25.244,40.745,-20.856,41.91,-9.9413,-1.6334,-27.55,-27.684,-24.858
-1.1838,-36.138,-12.145,25.712,39.534,-20.86,41.598,-11.017,-1.728,-28.323,-27.99,-25.943
-2.3485,-36.396,-11.68,26.145,38.379,-20.902,41.248,-11.867,-1.9237,-28.987,-28.303,-26.929
-3.5511,-36.678,-11.222,26.597,37.159,-20.962,40.857,-12.584,-2.1669,-29.549,-28.609,-27.798
-4.8941,-37.01,-10.715,27.12,35.818,-21.032,40.425,-13.255,-2.4664,-30.026,-28.896,-28.555
-6.4135,-37.403,-10.114,27.739,34.375,-21.101,39.962,-13.929,-2.8656,-30.443,-29.157,-29.211
-8.0652,-37.827,-9.3993,28.424,32.901,-21.149,39.482,-14.617,-3.4132,-30.819,-29.382,-29.777
-9.7005,-38.212,-8.5785,29.1,31.465,-21.141,39.002,-15.285,-4.1235,-31.161,-29.569,-30.25
-11.155,-38.475,-7.6845,29.672,30.108,-21.042,38.539,-15.877,-4.9965,-31.463,-29.717,-30.616
-12.336,-38.568,-6.7613,30.08,28.847,-20.838,38.097,-16.338,-6.0539,-31.717,-29.829,-30.858
-13.266,-38.51,-5.8534,30.332,27.66,-20.55,37.661,-16.651,-7.365,-31.915,-29.914,-30.967
-14.066,-38.378,-4.9946,30.497,26.482,-20.227,37.198,-16.834,-9.0264,-32.06,-29.989,-30.95
-14.85,-38.265,-4.198,30.659,25.226,-19.926,36.666,-16.941,-11.098,-32.162,-30.061,-30.821
-15.681,-38.215,-3.4586,30.871,23.828,-19.67,36.037,-17.027,-13.53,-32.223,-30.125,-30.595
-16.525,-38.199,-2.7553,31.106,22.301,-19.44,35.311,-17.117,-16.175,-32.236,-30.154,-30.27
-17.288,-38.139,-2.0613,31.295,20.738,-19.187,34.514,-17.212,-18.823,-32.192,-30.113,-29.838
-17.873,-37.963,-1.3559,31.364,19.268,-18.86,33.681,-17.282,-21.278,-32.086,-29.976,-29.29
-18.216,-37.618,-0.63221,31.257,18.006,-18.428,32.848,-17.283,-23.406,-31.92,-29.731,-28.63
-18.297,-37.089,0.10216,30.963,17.018,-17.883,32.036,-17.18,-25.146,-31.704,-29.381,-27.874
-18.14,-36.387,0.83293,30.504,16.303,-17.241,31.25,-16.952,-26.497,-31.45,-28.941,-27.045
-17.805,-35.552,1.554,29.924,15.799,-16.532,30.467,-16.603,-27.484,-31.168,-28.437,-26.174
-17.377,-34.636,2.2808,29.276,15.401,-15.775,29.645,-16.165,-28.163,-30.869,-27.898,-25.296
-16.928,-33.668,3.0506,28.599,15.008,-14.962,28.74,-15.686,-28.604,-30.56,-27.344,-24.441
-16.488,-32.636,3.9081,27.893,14.564,-14.067,27.727,-15.206,-28.881,-30.242,-26.776,-23.63
-16.039,-31.492,4.8842,27.125,14.081,-13.041,26.611,-14.751,-29.054,-29.905,-26.173,-22.859
-15.535,-30.181,5.9801,26.249,13.608,-11.847,25.417,-14.322,-29.164,-29.54,-25.5,-22.109
-14.948,-28.685,7.1675,25.247,13.195,-10.48,24.168,-13.912,-29.234,-29.138,-24.727,-21.354
-14.296,-27.046,8.4007,24.15,12.867,-8.982,22.868,-13.508,-29.272,-28.697,-23.842,-20.573
-13.64,-25.36,9.6321,23.032,12.611,-7.4354,21.487,-13.103,-29.271,-28.219,-22.859,-19.764
-13.053,-23.731,10.827,21.979,12.38,-5.9243,19.976,-12.693,-29.21,-27.71,-21.813,-18.941
-12.577,-22.21,11.974,21.032,12.109,-4.492,18.284,-12.283,-29.056,-27.169,-20.742,-18.129
-12.192,-20.757,13.086,20.16,11.743,-3.1114,16.389,-11.874,-28.765,-26.581,-19.662,-17.337
-11.828,-19.249,14.2,19.274,11.254,-1.6946,14.308,-11.464,-28.295,-25.916,-18.555,-16.55
-11.414,-17.563,15.363,18.282,10.645,-0.14339,12.077,-11.053,-27.618,-25.131,-17.373,-15.732
-10.955,-15.659,16.613,17.168,9.9164,1.5913,9.7231,-10.646,-26.727,-24.189,-16.069,-14.846
-10.543,-13.619,17.965,16.016,9.0629,3.4807,7.2383,-10.26,-25.644,-23.065,-14.631,-13.874
-10.302,-11.602,19.403,14.956,8.0836,5.4402,4.5857,-9.9144,-24.398,-21.745,-13.09,-12.821
-10.307,-9.7454,20.896,14.087,7.0054,7.3816,1.7307,-9.6103,-23.009,-20.213,-11.505,-11.703
-10.53,-8.085,22.408,13.413,5.8841,9.2612,-1.3305,-9.3225,-21.471,-18.439,-9.9336,-10.54
-10.858,-6.5328,23.914,12.837,4.788,11.098,-4.5612,-9.0006,-19.746,-16.371,-8.3914,-9.3409
-11.138,-4.9011,25.404,12.193,3.7831,12.966,-7.8954,-8.5807,-17.765,-13.924,-6.8244,-8.0985
-11.209,-2.951,26.886,11.289,2.9219,14.975,-11.261,-7.9957,-15.44,-10.981,-5.1018,-6.772
-10.937,-0.4511,28.386,9.9471,2.2289,17.236,-14.606,-7.1874,-12.678,-7.4144,-3.0425,-5.2836
-10.241,2.7579,29.954,8.0555,1.6823,19.832,-17.93,-6.1196,-9.4123,-3.1232,-0.46787,-3.5332
-9.136,6.7058,31.658,5.6067,1.2116,22.782,-21.289,-4.7928,-5.6198,1.9154,2.745,-1.4282
-7.752,11.268,33.58,2.7188,0.72326,26.037,-24.785,-3.247,-1.3362,7.6062,6.624,1.0853
-6.3086,16.194,35.79,-0.39017,0.14411,29.487,-28.537,-1.5496,3.3565,13.74,11.086,4.001
-5.0387,21.193,38.315,-3.4737,-0.54192,33.0,-32.652,0.22997,8.3599,20.057,15.952,7.2501
-4.0872,26.046,41.118,-6.3548,-1.2794,36.47,-37.193,2.0489,13.593,26.344,21.005,10.723
-3.4311,30.697,44.095,-9.0063,-1.9642,39.847,-42.167,3.9093,19.001,32.5,26.067,14.31
-2.8938,35.238,47.124,-11.554,-2.4984,43.137,-47.522,5.8503,24.53,38.52,31.048,17.933
-2.2655,39.815,50.11,-14.189,-2.8467,46.37,-53.176,7.9141,30.075,44.447,35.94,21.556
-1.4294,44.512,53.015,-17.052,-3.0599,49.566,-59.049,10.109,35.457,50.316,40.783,25.177
-0.37905,49.34,55.843,-20.205,-3.2526,52.732,-65.069,12.4,40.456,56.142,45.638,28.813
0.87913,54.299,58.611,-23.7,-3.5453,55.889,-71.159,14.737,44.904,61.94,50.583,32.505
2.4374,59.446,61.32,-27.657,-4.0043,59.093,-77.228,17.096,48.743,67.74,55.747,36.312
4.5053,64.878,63.953,-32.246,-4.6118,62.435,-83.174,19.493,52.036,73.591,61.334,40.303
7.3171,70.648,66.484,-37.565,-5.2779,66.012,-88.907,21.965,54.904,79.544,67.612,44.556
10.998,76.712,68.897,-43.52,-5.8808,69.893,-94.369,24.526,57.466,85.607,74.808,49.158
15.475,82.957,71.187,-49.836,-6.311,74.086,-99.54,27.14,59.782,91.716,82.95,54.202
20.487,89.248,73.369,-56.17,-6.5055,78.519,-104.42,29.721,61.864,97.722,91.776,59.742
25.665,95.441,75.475,-62.221,-6.4618,83.053,-109.02,32.147,63.696,103.42,100.86,65.749
30.642,101.38,77.54,-67.771,-6.2282,87.517,-113.34,34.301,65.265,108.6,109.8,72.118
35.141,106.9,79.587,-72.705,-5.8835,91.758,-117.37,36.102,66.581,113.14,118.35,78.709
39.048,111.92,81.606,-77.016,-5.514,95.673,-121.09,37.532,67.678,116.99,126.37,85.392
42.437,116.47,83.546,-80.802,-5.1813,99.219,-124.51,38.637,68.609,120.23,133.76,92.064
45.525,120.64,85.33,-84.247,-4.8946,102.4,-127.59,39.519,69.446,122.97,140.44,98.631
48.589,124.62,86.887,-87.558,-4.6146,105.28,-130.33,40.3,70.272,125.36,146.37,105.0
51.864,128.59,88.181,-90.915,-4.2899,107.93,-132.71,41.089,71.166,127.51,151.6,111.1
55.458,132.66,89.227,-94.41,-3.8997,110.42,-134.77,41.952,72.183,129.49,156.22,116.89
59.293,136.81,90.079,-98.003,-3.4732,112.8,-136.52,42.892,73.34,131.33,160.34,122.33
63.116,140.92,90.814,-101.54,-3.0758,115.06,-138.02,43.86,74.625,133.01,164.02,127.44
66.608,144.8,91.502,-104.83,-2.7691,117.17,-139.3,44.793,76.012,134.47,167.32,132.21
69.536,148.32,92.186,-107.74,-2.5795,119.11,-140.41,45.64,77.494,135.73,170.26,136.62
71.837,151.4,92.87,-110.22,-2.4949,120.85,-141.37,46.383,79.079,136.77,172.84,140.63
73.576,154.0,93.522,-112.29,-2.4846,122.35,-142.2,47.028,80.772,137.64,175.05,144.17
74.859,156.07,94.088,-113.94,-2.5145,123.56,-142.92,47.594,82.557,138.32,176.87,147.16
75.78,157.59,94.511,-115.18,-2.5486,124.44,-143.55,48.107,84.395,138.84,178.32,149.51
76.416,158.57,94.75,-116.01,-2.5446,124.97,-144.08,48.598,86.241,139.19,179.4,151.23
76.825,159.02,94.777,-116.46,-2.4602,125.17,-144.5,49.096,88.055,139.38,180.16,152.39
77.055,159.01,94.582,-116.58,-2.271,125.04,-144.75,49.622,89.799,139.39,180.63,153.09
77.15,158.6,94.157,-116.42,-1.9839,124.63,-144.77,50.177,91.428,139.26,180.87,153.43
77.162,157.83,93.487,-116.07,-1.6324,123.95,-144.52,50.754,92.89,138.98,180.92,153.5
77.136,156.72,92.541,-115.54,-1.2547,122.98,-143.93,51.341,94.136,138.57,180.77,153.31
77.086,155.25,91.283,-114.84,-0.87048,121.7,-142.96,51.932,95.126,138.06,180.43,152.82
76.976,153.37,89.681,-113.94,-0.46932,120.03,-141.59,52.529,95.845,137.43,179.84,151.94
76.72,151.02,87.706,-112.76,-0.020757,117.91,-139.79,53.133,96.291,136.69,178.97,150.55
76.217,148.12,85.329,-111.23,0.5028,115.23,-137.53,53.738,96.476,135.8,177.78,148.55
75.396,144.61,82.507,-109.29,1.1059,111.92,-134.77,54.327,96.42,134.69,176.24,145.84
74.218,140.44,79.195,-106.89,1.7616,107.87,-131.45,54.874,96.14,133.27,174.27,142.35
72.646,135.52,75.351,-103.97,2.4132,103.0,-127.52,55.348,95.649,131.44,171.78,137.95
70.594,129.78,70.967,-100.4,2.9854,97.28,-122.96,55.717,94.936,129.07,168.61,132.49
67.927,123.15,66.079,-96.05,3.4029,90.814,-117.84,55.949,93.961,126.03,164.56,125.83
64.494,115.63,60.781,-90.796,3.6156,83.824,-112.26,56.009,92.649,122.17,159.43,117.93
60.225,107.32,55.209,-84.627,3.622,76.6,-106.31,55.871,90.904,117.37,153.13,108.99
55.217,98.438,49.502,-77.686,3.4784,69.389,-100.03,55.512,88.63,111.6,145.76,99.453
49.711,89.169,43.776,-70.208,3.2822,62.308,-93.376,54.912,85.752,104.98,137.55,89.839
43.967,79.61,38.127,-62.39,3.1313,55.333,-86.27,54.049,82.227,97.738,128.72,80.558
38.132,69.714,32.662,-54.305,3.0771,48.333,-78.653,52.89,78.044,90.147,119.39,71.832
32.197,59.331,27.49,-45.907,3.1022,41.141,-70.54,51.398,73.22,82.448,109.6,63.705
26.083,48.345,22.665,-37.128,3.1347,33.655,-62.029,49.535,67.804,74.805,99.478,56.104
19.786,36.848,18.159,-28.034,3.087,25.926,-53.283,47.274,61.868,67.277,89.377,48.888
13.481,25.232,13.899,-18.923,2.8956,18.181,-44.483,44.596,55.488,59.823,79.826,41.888
7.4762,14.081,9.824,-10.25,2.5499,10.734,-35.785,41.482,48.72,52.337,71.222,34.944
2.045,3.9029,5.8895,-2.407,2.0977,3.8481,-27.301,37.913,41.604,44.69,63.618,27.945
-2.688,-5.0683,2.0644,4.4343,1.6253,-2.3461,-19.096,33.874,34.189,36.759,56.797,20.859
-6.7578,-12.864,-1.6571,10.329,1.2161,-7.8367,-11.215,29.369,26.568,28.456,50.453,13.742
-10.304,-19.651,-5.2277,15.452,0.9117,-12.671,-3.7149,24.452,18.896,19.787,44.302,6.7289
-13.495,-25.606,-8.5428,19.988,0.69521,-16.909,3.3055,19.24,11.381,10.938,38.107,0.013402
-16.458,-30.857,-11.484,24.066,0.50351,-20.609,9.7044,13.914,4.2362,2.3131,31.689,-6.1837
-19.234,-35.474,-13.977,27.738,0.25936,-23.822,15.34,8.6788,-2.3664,-5.5698,24.981,-11.657
-21.785,-39.485,-16.023,30.993,-0.093841,-26.593,20.135,3.7149,-8.313,-12.311,18.105,-16.268
-24.029,-42.902,-17.673,33.797,-0.56938,-28.958,24.118,-0.84442,-13.54,-17.78,11.383,-19.978
-25.908,-45.743,-19.002,36.128,-1.1339,-30.953,27.404,-4.9168,-18.026,-22.089,5.2226,-22.849
-27.416,-48.058,-20.089,38.007,-1.7248,-32.624,30.136,-8.4709,-21.793,-25.468,-0.084688,-25.008
-28.601,-49.938,-21.0,39.504,-2.2816,-34.035,32.434,-11.529,-24.913,-28.158,-4.4875,-26.607
-29.551,-51.517,-21.782,40.729,-2.7711,-35.269,34.371,-14.16,-27.498,-30.363,-8.1541,-27.795
-30.368,-52.941,-22.466,41.811,-3.1917,-36.411,35.985,-16.459,-29.667,-32.237,-11.359,-28.702
-31.14,-54.327,-23.069,42.854,-3.5609,-37.524,37.302,-18.513,-31.525,-33.889,-14.359,-29.427
-31.915,-55.734,-23.6,43.911,-3.894,-38.633,38.353,-20.383,-33.148,-35.387,-17.296,-30.033
-32.686,-57.149,-24.067,44.973,-4.1886,-39.722,39.175,-22.097,-34.577,-36.764,-20.175,-30.548
-33.402,-58.511,-24.483,45.985,-4.4223,-40.751,39.814,-23.659,-35.826,-38.03,-22.905,-30.977
-34.002,-59.736,-24.859,46.873,-4.5656,-41.672,40.319,-25.055,-36.893,-39.169,-25.381,-31.313
-34.44,-60.755,-25.201,47.58,-4.6013,-42.452,40.733,-26.272,-37.773,-40.16,-27.545,-31.557
-34.709,-61.537,-25.512,48.086,-4.5356,-43.085,41.089,-27.308,-38.471,-40.987,-29.412,-31.72
-34.835,-62.091,-25.795,48.409,-4.3946,-43.59,41.41,-28.168,-39.004,-41.648,-31.035,-31.828
-34.853,-62.449,-26.051,48.584,-4.2063,-43.99,41.706,-28.86,-39.396,-42.154,-32.481,-31.905
-34.795,-62.649,-26.279,48.646,-3.9861,-44.306,41.982,-29.379,-39.669,-42.522,-33.798,-31.968
-34.681,-62.722,-26.481,48.622,-3.7355,-44.549,42.238,-29.711,-39.839,-42.766,-35.012,-32.026
-34.526,-62.71,-26.656,48.542,-3.4501,-44.727,42.472,-29.849,-39.925,-42.895,-36.13,-32.085
-34.348,-62.652,-26.805,48.435,-3.1262,-44.849,42.682,-29.799,-39.944,-42.912,-37.153,-32.155
-34.163,-62.586,-26.929,48.327,-2.7655,-44.929,42.862,-29.588,-39.913,-42.81,-38.082,-32.25
-33.982,-62.53,-27.026,48.23,-2.38,-44.973,43.012,-29.26,-39.846,-42.578,-38.922,-32.379
-33.811,-62.479,-27.09,48.146,-1.9957,-44.975,43.134,-28.863,-39.748,-42.206,-39.679,-32.546
-33.645,-62.402,-27.108,48.059,-1.6482,-44.921,43.233,-28.434,-39.616,-41.687,-40.35,-32.744
-33.475,-62.26,-27.069,47.945,-1.37,-44.79,43.319,-27.99,-39.441,-41.025,-40.922,-32.957
-33.29,-62.02,-26.968,47.779,-1.1779,-44.571,43.401,-27.529,-39.206,-40.233,-41.373,-33.164
-33.084,-61.667,-26.81,47.549,-1.0663,-44.265,43.487,-27.03,-38.892,-39.331,-41.679,-33.342
-32.858,-61.21,-26.612,47.253,-1.0114,-43.88,43.579,-26.466,-38.483,-38.345,-41.817,-33.467
-32.614,-60.669,-26.393,46.9,-0.98034,-43.434,43.678,-25.817,-37.968,-37.301,-41.769,-33.521
-32.352,-60.072,-26.177,46.5,-0.94516,-42.945,43.776,-25.078,-37.351,-36.23,-41.531,-33.489
-32.068,-59.444,-25.98,46.067,-0.8949,-42.43,43.86,-24.274,-36.656,-35.163,-41.126,-33.371
-31.766,-58.809,-25.803,45.618,-0.8419,-41.901,43.909,-23.452,-35.926,-34.131,-40.601,-33.178
-31.459,-58.178,-25.632,45.169,-0.81477,-41.36,43.906,-22.677,-35.217,-33.159,-40.015,-32.934
-31.168,-57.559,-25.441,44.739,-0.83929,-40.801,43.836,-22.001,-34.58,-32.264,-39.416,-32.668
-30.913,-56.949,-25.205,44.338,-0.92237,-40.217,43.699,-21.456,-34.054,-31.45,-38.837,-32.406
-30.708,-56.355,-24.909,43.976,-1.0524,-39.61,43.5,-21.041,-33.648,-30.718,-38.299,-32.168
-30.571,-55.803,-24.555,43.674,-1.2113,-39.0,43.253,-20.735,-33.354,-30.074,-37.812,-31.965
-30.518,-55.334,-24.163,43.456,-1.3837,-38.422,42.968,-20.509,-33.14,-29.523,-37.386,-31.801
-30.553,-54.977,-23.761,43.337,-1.5566,-37.904,42.654,-20.327,-32.963,-29.071,-37.025,-31.675
-30.653,-54.73,-23.377,43.303,-1.7192,-37.456,42.318,-20.163,-32.773,-28.709,-36.726,-31.58
-30.777,-54.543,-23.027,43.309,-1.8702,-37.057,41.967,-19.995,-32.526,-28.418,-36.479,-31.505
-30.884,-54.345,-22.701,43.296,-2.0281,-36.662,41.605,-19.811,-32.192,-28.167,-36.267,-31.433
-30.949,-54.059,-22.366,43.211,-2.2292,-36.22,41.232,-19.603,-31.76,-27.926,-36.069,-31.341
-30.965,-53.631,-21.977,43.021,-2.5125,-35.688,40.843,-19.363,-31.23,-27.666,-35.86,-31.209
-30.94,-53.04,-21.487,42.719,-2.9023,-35.042,40.423,-19.074,-30.609,-27.366,-35.614,-31.013
-30.882,-52.286,-20.857,42.311,-3.3941,-34.273,39.947,-18.713,-29.892,-27.003,-35.304,-30.735
-30.791,-51.368,-20.057,41.8,-3.9506,-33.368,39.386,-18.247,-29.062,-26.551,-34.903,-30.361
-30.635,-50.252,-19.061,41.164,-4.5081,-32.294,38.707,-17.637,-28.084,-25.974,-34.38,-29.873
-30.358,-48.872,-17.848,40.348,-4.9926,-30.998,37.879,-16.841,-26.913,-25.239,-33.705,-29.254
-29.888,-47.135,-16.404,39.277,-5.3421,-29.418,36.868,-15.826,-25.507,-24.316,-32.849,-28.481
-29.156,-44.958,-14.724,37.879,-5.5257,-27.503,35.637,-14.574,-23.829,-23.188,-31.79,-27.532
-28.113,-42.286,-12.808,36.098,-5.5538,-25.224,34.135,-13.086,-21.853,-21.849,-30.516,-26.384
-26.736,-39.109,-10.659,33.91,-5.4729,-22.577,32.284,-11.384,-19.564,-20.3,-29.025,-25.017
-25.032,-35.456,-8.2899,31.324,-5.3447,-19.583,29.958,-9.5031,-16.967,-18.544,-27.323,-23.412
-23.041,-31.392,-5.7377,28.381,-5.2174,-16.279,26.97,-7.4888,-14.089,-16.583,-25.422,-21.561
-20.826,-26.985,-3.0652,25.136,-5.1012,-12.712,23.082,-5.3758,-10.978,-14.411,-23.336,-19.465
-18.429,-22.264,-0.35283,21.62,-4.9569,-8.9119,18.075,-3.1687,-7.6789,-12.017,-21.069,-17.129
-15.817,-17.184,2.3186,17.798,-4.7055,-4.8816,11.874,-0.83013,-4.1987,-9.3718,-18.606,-14.552
-12.874,-11.622,4.8913,13.56,-4.2675,-0.59183,4.617,1.7112,-0.48444,-6.4153,-15.918,-11.719
-9.4584,-5.4247,7.3491,8.7652,-3.6109,4.0011,-3.4581,4.5276,3.5637,-3.0568,-12.961,-8.6052
-5.4912,1.5168,9.7172,3.32,-2.7787,8.9273,-12.183,7.653,8.0466,0.80806,-9.689,-5.1864
-1.0033,9.2143,12.041,-2.7719,-1.874,14.181,-21.469,11.058,13.015,5.2636,-6.055,-1.4531
3.8979,17.587,14.357,-9.4274,-1.0128,19.714,-31.255,14.654,18.443,10.334,-2.0084,2.581
9.1099,26.487,16.67,-16.538,-0.27017,25.437,-41.499,18.318,24.227,15.949,2.496,6.8794
14.584,35.707,18.953,-23.99,0.34905,31.212,-52.135,21.926,30.206,21.933,7.4655,11.384
20.3,44.952,21.151,-31.636,0.90396,36.858,-63.001,25.367,36.182,28.035,12.817,16.009
26.194,53.861,23.19,-39.251,1.4869,42.18,-73.809,28.55,41.946,33.991,18.344,20.644
32.127,62.095,24.972,-46.561,2.1883,47.01,-84.197,31.399,47.301,39.6,23.761,25.162
37.9,69.414,26.385,-53.31,3.0726,51.224,-93.821,33.852,52.088,44.755,28.791,29.452
43.303,75.701,27.334,-59.315,4.1691,54.747,-102.44,35.866,56.211,49.429,33.254,33.429
48.167,80.951,27.792,-64.491,5.474,57.559,-109.98,37.427,59.648,53.651,37.094,37.044
52.406,85.251,27.822,-68.855,6.9603,59.71,-116.47,38.556,62.44,57.476,40.354,40.277
56.031,88.746,27.556,-72.501,8.5838,61.299,-121.97,39.301,64.664,60.959,43.138,43.133
59.128,91.593,27.118,-75.563,10.28,62.438,-126.45,39.72,66.4,64.131,45.555,45.63
61.829,93.913,26.57,-78.168,11.962,63.202,-129.7,39.863,67.701,66.974,47.676,47.783
64.265,95.758,25.895,-80.408,13.555,63.613,-131.46,39.758,68.597,69.425,49.52,49.602
66.504,97.099,25.034,-82.294,15.037,63.642,-131.64,39.399,69.086,71.387,51.046,51.079
68.499,97.824,23.927,-83.733,16.457,63.228,-130.33,38.746,69.139,72.738,52.178,52.196
70.072,97.757,22.53,-84.533,17.884,62.295,-127.78,37.729,68.693,73.343,52.817,52.916
71.012,96.707,20.815,-84.481,19.353,60.758,-124.17,36.262,67.659,73.064,52.878,53.193
71.201,94.527,18.755,-83.434,20.831,58.538,-119.67,34.261,65.959,71.792,52.304,52.979
70.642,91.136,16.33,-81.35,22.227,55.581,-114.4,31.673,63.552,69.493,51.077,52.234
69.395,86.534,13.539,-78.264,23.442,51.879,-108.48,28.489,60.438,66.234,49.221,50.94
67.505,80.789,10.425,-74.246,24.394,47.482,-102.0,24.76,56.635,62.153,46.787,49.098
64.98,74.011,7.0643,-69.374,25.035,42.475,-94.995,20.582,52.139,57.389,43.823,46.72
61.782,66.298,3.5456,-63.704,25.353,36.936,-87.528,16.088,46.911,52.02,40.342,43.822
57.846,57.71,-0.054959,-57.255,25.363,30.928,-79.655,11.426,40.912,46.047,36.312,40.407
53.11,48.302,-3.6546,-50.038,25.104,24.53,-71.459,6.7582,34.17,39.435,31.682,36.471
47.581,38.227,-7.1231,-42.127,24.614,17.909,-63.04,2.2372,26.857,32.191,26.435,32.014
41.371,27.814,-10.283,-33.714,23.919,11.344,-54.502,-2.0182,19.298,24.451,20.649,27.057
34.678,17.518,-12.981,-25.089,23.004,5.1456,-45.941,-5.9468,11.886,16.507,14.528,21.664
27.71,7.7595,-15.162,-16.557,21.806,-0.45677,-37.448,-9.5465,4.9492,8.7413,8.366,15.946
20.615,-1.2054,-16.871,-8.3508,20.234,-5.3819,-29.113,-12.855,-1.3293,1.4819,2.4489,10.067
13.507,-9.2723,-18.198,-0.63907,18.26,-9.6577,-21.021,-15.927,-6.8984,-5.075,-3.0271,4.2231
6.5616,-16.394,-19.227,6.4194,15.962,-13.347,-13.241,-18.809,-11.772,-10.856,-7.974,-1.3811
0.065303,-22.528,-20.022,12.656,13.508,-16.502,-5.8227,-21.538,-15.989,-15.862,-12.378,-6.5578
-5.682,-27.672,-20.619,17.962,11.055,-19.163,1.1677,-24.132,-19.604,-20.144,-16.267,-11.162
-10.552,-31.897,-21.039,22.353,8.6726,-21.371,7.6293,-26.607,-22.693,-23.794,-19.687,-15.117
-14.638,-35.377,-21.296,25.984,6.3253,-23.199,13.416,-28.971,-25.36,-26.929,-22.695,-18.417
-18.148,-38.313,-21.415,29.062,3.9651,-24.738,18.396,-31.228,-27.712,-29.659,-25.339,-21.118
-21.261,-40.87,-21.418,31.755,1.6267,-26.064,22.512,-33.377,-29.839,-32.074,-27.641,-23.297
-24.052,-43.158,-21.337,34.153,-0.57125,-27.236,25.808,-35.416,-31.804,-34.241,-29.621,-25.053
-26.518,-45.213,-21.194,36.299,-2.5003,-28.273,28.392,-37.348,-33.65,-36.204,-31.298,-26.488
-28.637,-47.057,-21.013,38.208,-4.0973,-29.182,30.394,-39.188,-35.416,-38.003,-32.705,-27.692
-30.427,-48.713,-20.808,39.908,-5.3946,-29.977,31.935,-40.971,-37.148,-39.674,-33.882,-28.736
-31.935,-50.216,-20.588,41.431,-6.4861,-30.684,33.12,-42.717,-38.887,-41.246,-34.868,-29.659
-33.214,-51.589,-20.368,42.8,-7.459,-31.328,34.043,-44.418,-40.661,-42.732,-35.69,-30.466
-34.303,-52.828,-20.168,44.011,-8.3532,-31.922,34.783,-46.032,-42.477,-44.125,-36.362,-31.146
-35.221,-53.907,-20.009,45.044,-9.1629,-32.459,35.405,-47.489,-44.317,-45.408,-36.884,-31.672
-35.961,-54.78,-19.909,45.866,-9.8518,-32.92,35.95,-48.72,-46.137,-46.55,-37.261,-32.023
-36.505,-55.41,-19.873,46.449,-10.375,-33.276,36.441,-49.689,-47.891,-47.523,-37.497,-32.191
-36.85,-55.787,-19.894,46.794,-10.714,-33.514,36.877,-50.404,-49.548,-48.324,-37.606,-32.186
-37.038,-55.953,-19.957,46.946,-10.902,-33.646,37.242,-50.921,-51.11,-48.982,-37.62,-32.038
-37.147,-56.0,-20.039,46.992,-11.023,-33.713,37.517,-51.322,-52.616,-49.552,-37.582,-31.792
-37.265,-56.046,-20.117,47.038,-11.174,-33.773,37.69,-51.695,-54.128,-50.102,-37.535,-31.507
-37.464,-56.196,-20.175,47.176,-11.424,-33.885,37.766,-52.113,-55.707,-50.688,-37.511,-31.236
-37.771,-56.51,-20.207,47.45,-11.777,-34.086,37.767,-52.619,-57.395,-51.345,-37.525,-31.021
-38.163,-56.987,-20.228,47.848,-12.173,-34.387,37.733,-53.22,-59.195,-52.073,-37.572,-30.885
-38.57,-57.579,-20.266,48.313,-12.509,-34.779,37.701,-53.864,-61.076,-52.84,-37.642,-30.832
-38.902,-58.193,-20.357,48.755,-12.678,-35.217,37.703,-54.45,-62.957,-53.596,-37.723,-30.86
-39.079,-58.729,-20.516,49.087,-12.624,-35.638,37.749,-54.842,-64.734,-54.284,-37.815,-30.968
-39.061,-59.093,-20.726,49.249,-12.372,-35.973,37.838,-54.872,-66.287,-54.827,-37.927,-31.159
-38.864,-59.203,-20.924,49.212,-12.033,-36.143,37.959,-54.336,-67.492,-55.13,-38.057,-31.429
-38.546,-59.01,-21.031,48.974,-11.744,-36.084,38.09,-53.013,-68.216,-55.08,-38.187,-31.754
-38.168,-58.491,-20.979,48.549,-11.595,-35.752,38.212,-50.769,-68.32,-54.551,-38.273,-32.09
-37.748,-57.65,-20.751,47.95,-11.57,-35.136,38.308,-47.923,-67.666,-53.438,-38.245,-32.376
-37.245,-56.53,-20.42,47.174,-11.525,-34.294,38.367,-46.117,-66.21,-51.691,-38.009,-32.548
-36.56,-55.214,-20.181,46.203,-11.218,-33.368,38.376,-49.212,-64.184,-49.383,-37.451,-32.541
-35.544,-53.822,-20.336,45.001,-10.405,-32.58,38.312,-59.783,-62.659,-46.863,-36.419,-32.277
-33.988,-52.473,-21.169,43.5,-9.1161,-32.191,38.126,-68.078,-65.03,-45.338,-34.684,-31.652
-31.582,-51.235,-22.666,41.572,-12.031,-32.408,37.725,-65.941,-75.978,-49.131,-31.941,-30.462
-28.058,-50.063,-24.113,38.964,-16.966,-33.287,36.941,-55.81,-82.499,-62.469,-28.916,-28.325
-26.204,-48.751,-22.863,35.2,-15.72,-34.643,35.463,-37.857,-73.181,-66.22,-35.45,-24.768
-32.966,-46.9,-20.505,29.556,-14.333,-36.087,32.729,-12.6,-54.585,-58.073,-50.528,-21.987
-31.025,-43.886,-16.345,21.987,-13.203,-37.217,27.987,18.391,-29.623,-44.021,-50.141,-32.57
-25.065,-38.722,-11.213,17.826,-11.989,-37.924,23.425,53.861,-0.007367,-24.324,-44.29,-38.167
-17.562,-29.742,-7.9946,17.788,-9.2472,-38.397,30.4,93.259,32.906,0.98713,-33.663,-33.423
-6.9403,-15.399,-10.719,10.607,-1.8783,-38.458,39.006,136.0,69.049,32.46,-16.958,-24.771
9.293,-5.278,-23.571,1.3021,14.637,-37.137,37.512,182.95,111.58,71.733,7.7449,-12.003
34.346,-10.579,-50.55,-9.7673,43.51,-33.943,31.581,240.36,167.04,121.17,43.001,6.0449
71.696,-15.107,-93.394,-25.24,84.016,-37.338,21.027,316.97,242.19,183.79,91.039,31.654
123.67,-17.358,-149.28,-48.699,136.85,-64.566,3.1296,418.89,340.73,264.3,153.0,68.231
190.49,-14.133,-213.53,-84.237,201.73,-94.826,-25.632,546.68,465.38,367.13,230.8,119.24
272.3,0.52248,-280.29,-135.64,276.19,-119.23,-68.666,693.05,612.71,491.88,327.38,186.61
367.06,34.417,-338.51,-204.13,353.12,-129.88,-126.49,841.95,770.28,632.19,442.65,270.9
467.75,94.46,-376.64,-287.09,422.45,-119.95,-195.16,969.9,917.98,776.12,572.39,371.63
563.3,181.88,-385.82,-378.74,473.98,-85.781,-268.97,1050.6,1031.9,907.98,709.03,484.28
640.76,286.63,-360.68,-469.28,498.76,-26.98,-340.46,1062.0,1090.3,1011.8,842.91,600.82
688.46,392.92,-302.06,-546.46,492.01,51.339,-400.34,993.62,1080.5,1075.6,963.5,711.45
699.16,486.74,-218.13,-598.92,455.03,138.17,-439.88,850.56,1002.3,1094.5,1061.3,806.04
671.87,554.48,-122.64,-619.22,394.64,218.55,-453.21,653.6,868.69,1071.2,1129.5,875.68
611.46,586.03,-31.109,-604.93,320.78,278.84,-438.66,433.96,701.63,1014.4,1163.8,913.58
526.27,576.86,43.458,-557.91,243.44,310.63,-398.44,224.7,525.64,934.27,1160.6,914.87
425.15,527.58,93.403,-482.64,170.05,310.8,-337.02,51.59,360.31,837.86,1115.7,875.93
315.5,443.04,117.0,-385.0,104.5,280.95,-259.73,-72.713,215.7,727.18,1024.2,794.65
203.03,331.42,117.32,-271.84,47.888,226.27,-172.4,-149.19,92.542,600.52,883.63,672.27
93.03,203.38,100.05,-151.13,0.15532,154.41,-81.773,-188.62,-13.537,456.83,698.53,515.94
-8.4564,71.047,71.132,-32.274,-38.164,74.304,4.6445,-205.59,-106.45,300.15,484.05,340.06
-94.54,-52.977,35.544,73.971,-65.581,-5.0363,79.747,-212.12,-186.34,141.59,264.42,164.51
-159.07,-157.02,-2.7589,157.73,-80.366,-75.501,138.57,-214.02,-249.93,-2.5244,66.949,9.9841
-198.32,-232.43,-40.456,213.49,-81.696,-131.2,178.8,-211.19,-291.93,-114.98,-85.725,-106.71
-211.93,-275.36,-74.297,240.97,-70.612,-169.4,199.82,-199.93,-307.63,-184.22,-180.04,-176.07
-203.17,-288.72,-101.2,243.74,-50.392,-189.91,202.84,-175.01,-296.08,-210.67,-217.86,-201.45
-178.05,-279.88,-119.73,227.59,-25.88,-194.24,191.38,-133.28,-261.58,-202.85,-211.73,-193.75
-144.21,-256.58,-130.38,199.51,-1.4915,-186.54,170.46,-83.201,-213.12,-173.32,-178.78,-166.64
-109.33,-225.23,-132.98,166.26,18.991,-170.88,144.13,-37.576,-160.98,-134.87,-136.69,-133.54
-78.085,-187.79,-127.97,131.02,32.261,-148.12,114.36,0.39488,-113.76,-97.667,-98.924,-104.48
-57.276,-152.26,-117.69,104.07,37.413,-121.6,92.839,30.287,-76.169,-67.233,-71.279,-83.432
-45.122,-130.54,-104.51,89.112,35.987,-102.27,79.702,50.272,-49.969,-47.236,-53.773,-66.517
-37.921,-114.75,-90.192,78.256,31.53,-88.984,70.707,58.792,-34.218,-42.494,-45.358,-55.949
-34.437,-102.07,-75.745,70.146,26.099,-78.243,64.752,54.874,-25.628,-36.842,-43.16,-54.103
-33.375,-91.757,-62.495,63.537,17.539,-69.471,60.276,36.296,-21.93,-33.002,-40.678,-51.681
-33.732,-82.432,-51.736,57.397,8.9309,-61.997,56.172,11.386,-24.745,-33.392,-39.28,-48.095
-33.598,-73.634,-43.268,52.209,6.1906,-55.195,52.297,-0.3137,-34.788,-35.734,-38.172,-43.757
-32.781,-66.255,-36.219,48.602,4.5903,-49.014,49.231,-1.5155,-39.358,-36.442,-36.648,-40.26
-31.896,-60.863,-30.053,46.075,2.4606,-43.814,47.134,-0.70405,-38.475,-35.639,-35.069,-38.045
-31.195,-56.936,-25.077,44.106,0.17053,-39.693,45.724,-1.2074,-36.987,-34.726,-33.809,-36.64
-30.718,-53.881,-22.09,42.518,-1.8072,-36.389,44.751,-3.3889,-36.042,-34.232,-32.972,-35.724
-30.419,-51.417,-20.672,41.251,-3.2901,-33.658,44.064,-6.6685,-35.691,-34.217,-32.547,-35.14
-30.231,-49.427,-19.621,40.26,-4.2995,-31.384,43.571,-10.357,-35.765,-34.568,-32.439,-34.777
-30.114,-47.847,-18.452,39.505,-4.9527,-29.515,43.202,-13.888,-36.057,-35.114,-32.516,-34.552
-30.065,-46.624,-17.172,38.952,-5.4136,-28.002,42.9,-16.912,-36.408,-35.701,-32.668,-34.404
-30.084,-45.695,-15.867,38.569,-5.8364,-26.786,42.628,-19.317,-36.738,-36.231,-32.827,-34.294
-30.151,-44.967,-14.599,38.293,-6.3054,-25.791,42.364,-21.159,-37.031,-36.663,-32.958,-34.195
-30.211,-44.325,-13.424,38.036,-6.8097,-24.937,42.11,-22.553,-37.297,-36.999,-33.047,-34.082
-30.199,-43.659,-12.393,37.712,-7.2703,-24.151,41.877,-23.595,-37.538,-37.261,-33.094,-33.934
-30.069,-42.9,-11.544,37.266,-7.5978,-23.392,41.678,-24.35,-37.741,-37.476,-33.11,-33.738
-29.815,-42.044,-10.873,36.699,-7.7471,-22.653,41.514,-24.859,-37.877,-37.662,-33.108,-33.492
-29.465,-41.141,-10.342,36.058,-7.7338,-21.944,41.373,-25.157,-37.912,-37.827,-33.102,-33.21
-29.067,-40.254,-9.896,35.406,-7.6101,-21.278,41.234,-25.285,-37.824,-37.964,-33.099,-32.911
-28.667,-39.432,-9.4916,34.795,-7.4337,-20.663,41.074,-25.291,-37.613,-38.059,-33.099,-32.621
-28.294,-38.693,-9.1027,34.249,-7.2462,-20.096,40.872,-25.225,-37.298,-38.093,-33.09,-32.367
-27.959,-38.046,-8.7221,33.777,-7.073,-19.578,40.617,-25.126,-36.915,-38.053,-33.055,-32.172
-27.671,-37.504,-8.356,33.39,-6.9328,-19.121,40.305,-25.023,-36.499,-37.935,-32.985,-32.053
-27.442,-37.09,-8.0191,33.104,-6.8394,-18.748,39.939,-24.93,-36.075,-37.746,-32.879,-32.014
-27.281,-36.822,-7.73,32.929,-6.7913,-18.479,39.528,-24.836,-35.655,-37.499,-32.748,-32.051
-27.184,-36.687,-7.4975,32.852,-6.7662,-18.31,39.088,-24.71,-35.24,-37.209,-32.609,-32.146
-27.121,-36.636,-7.316,32.833,-6.725,-18.214,38.636,-24.501,-34.818,-36.892,-32.475,-32.277
-27.054,-36.596,-7.1628,32.813,-6.6347,-18.142,38.182,-24.159,-34.374,-36.558,-32.356,-32.42
-26.943,-36.483,-6.9955,32.731,-6.485,-18.03,37.73,-23.662,-33.895,-36.203,-32.251,-32.551
-26.753,-36.201,-6.7639,32.524,-6.2914,-17.804,37.278,-23.019,-33.374,-35.811,-32.145,-32.646
-26.449,-35.654,-6.4165,32.131,-6.0842,-17.387,36.832,-22.274,-32.815,-35.359,-32.01,-32.68
-26.012,-34.777,-5.9097,31.513,-5.8993,-16.724,36.402,-21.485,-32.234,-34.838,-31.816,-32.631
-25.453,-33.563,-5.2156,30.673,-5.7776,-15.8,35.994,-20.715,-31.655,-34.265,-31.546,-32.487
-24.82,-32.081,-4.3281,29.669,-5.7554,-14.65,35.608,-20.011,-31.105,-33.672,-31.207,-32.249
-24.174,-30.441,-3.2676,28.583,-5.8439,-13.343,35.227,-19.393,-30.603,-33.093,-30.821,-31.93
-23.557,-28.751,-2.0861,27.486,-6.011,-11.957,34.83,-18.844,-30.15,-32.547,-30.415,-31.549
-22.958,-27.073,-0.86281,26.398,-6.1805,-10.55,34.393,-18.313,-29.724,-32.034,-30.014,-31.115
-22.325,-25.416,0.31901,25.293,-6.2625,-9.1591,33.898,-17.742,-29.287,-31.537,-29.622,-30.628
-21.607,-23.774,1.4074,24.147,-6.2006,-7.8084,33.328,-17.097,-28.803,-31.038,-29.234,-30.072
-20.813,-22.162,2.4101,22.974,-6.0081,-6.512,32.665,-16.392,-28.256,-30.527,-28.833,-29.435
-20.02,-20.616,3.3973,21.838,-5.7674,-5.2621,31.891,-15.689,-27.656,-30.014,-28.402,-28.713
-19.327,-19.142,4.4727,20.803,-5.5894,-4.01,30.996,-15.061,-27.021,-29.518,-27.924,-27.915
-18.786,-17.672,5.7284,19.863,-5.555,-2.6605,29.985,-14.563,-26.369,-29.061,-27.381,-27.052
-18.356,-16.064,7.2043,18.931,-5.6744,-1.0963,28.883,-14.202,-25.704,-28.658,-26.758,-26.135
-17.931,-14.151,8.8716,17.864,-5.8878,0.77914,27.73,-13.936,-25.027,-28.303,-26.046,-25.166
-17.388,-11.811,10.645,16.531,-6.1007,3.0018,26.564,-13.693,-24.326,-27.969,-25.245,-24.15
-16.638,-9.0159,12.415,14.865,-6.2332,5.5285,25.4,-13.392,-23.583,-27.61,-24.358,-23.091
-15.661,-5.8487,14.093,12.885,-6.2593,8.2459,24.228,-12.979,-22.771,-27.178,-23.396,-22.0
-14.519,-2.4901,15.634,10.707,-6.2181,11.005,23.008,-12.44,-21.865,-26.632,-22.371,-20.896
-13.339,0.84019,17.048,8.5061,-6.1947,13.67,21.684,-11.801,-20.855,-25.947,-21.296,-19.797
-12.268,3.9651,18.383,6.4482,-6.2788,16.162,20.204,-11.108,-19.746,-25.114,-20.168,-18.711
-11.41,6.8105,19.7,4.6277,-6.521,18.472,18.535,-10.404,-18.547,-24.134,-18.968,-17.629
-10.779,9.4169,21.042,3.0366,-6.9067,20.649,16.671,-9.7088,-17.261,-23.01,-17.666,-16.529
-10.295,11.909,22.418,1.5764,-7.3629,22.764,14.632,-9.0223,-15.873,-21.74,-16.234,-15.389
-9.8214,14.442,23.811,0.10584,-7.7927,24.887,12.451,-8.3245,-14.355,-20.318,-14.646,-14.189
-9.2404,17.147,25.201,-1.4977,-8.1178,27.063,10.158,-7.5811,-12.659,-18.736,-12.879,-12.911
-8.4966,20.103,26.591,-3.3037,-8.3099,29.324,7.7722,-6.7451,-10.724,-16.973,-10.896,-11.537
-7.5953,23.354,28.023,-5.3362,-8.3961,31.691,5.2947,-5.763,-8.4784,-14.977,-8.6397,-10.028
-6.5638,26.93,29.568,-7.6067,-8.4377,34.194,2.7077,-4.5861,-5.857,-12.652,-6.0335,-8.3228
-5.3995,30.878,31.31,-10.154,-8.4953,36.866,-0.020704,-3.1789,-2.8135,-9.8615,-2.9905,-6.3352
-4.031,35.273,33.309,-13.073,-8.5977,39.738,-2.9268,-1.5227,0.67365,-6.443,0.57238,-3.9657
-2.3208,40.193,35.573,-16.501,-8.728,42.824,-6.0423,0.38149,4.6025,-2.2552,4.7111,-1.1192
-0.11977,45.642,38.047,-20.55,-8.8362,46.095,-9.3905,2.509,8.9454,2.7619,9.4191,2.268
2.646,51.479,40.616,-25.204,-8.8718,49.475,-12.987,4.8159,13.65,8.529,14.6,6.1993
5.9096,57.431,43.16,-30.274,-8.8149,52.856,-16.84,7.2557,18.655,14.83,20.076,10.605
9.4688,63.203,45.606,-35.459,-8.6852,56.142,-20.946,9.8003,23.911,21.397,25.646,15.355
13.076,68.604,47.957,-40.48,-8.5238,59.286,-25.297,12.446,29.378,28.01,31.153,20.303
16.56,73.597,50.269,-45.195,-8.3626,62.301,-29.888,15.203,35.01,34.55,36.525,25.326
19.914,78.296,52.608,-49.64,-8.2012,65.266,-34.719,18.075,40.726,40.98,41.783,30.354
23.296,82.901,55.014,-53.983,-8.0069,68.298,-39.789,21.045,46.419,47.311,47.021,35.381
26.936,87.615,57.492,-58.427,-7.7401,71.527,-45.094,24.064,51.968,53.584,52.378,40.444
30.996,92.562,60.018,-63.087,-7.3859,75.047,-50.621,27.053,57.263,59.853,58.025,45.616
35.461,97.748,62.55,-67.925,-6.9717,78.882,-56.351,29.926,62.231,66.178,64.159,50.995
40.142,103.09,65.041,-72.797,-6.5558,82.976,-62.253,32.627,66.846,72.605,70.964,56.715
44.794,108.5,67.451,-77.548,-6.1968,87.219,-68.278,35.154,71.126,79.159,78.521,62.919
49.236,113.88,69.761,-82.082,-5.9226,91.478,-74.353,37.545,75.113,85.839,86.711,69.696
53.391,119.17,71.97,-86.371,-5.7175,95.634,-80.402,39.831,78.833,92.604,95.238,77.006
57.244,124.33,74.085,-90.42,-5.5353,99.59,-86.347,42.005,82.277,99.349,103.77,84.665
60.799,129.28,76.111,-94.228,-5.3279,103.28,-92.121,44.018,85.413,105.88,112.07,92.412
64.058,133.97,78.052,-97.793,-5.0712,106.69,-97.653,45.806,88.202,111.97,120.04,100.01
67.022,138.35,79.914,-101.11,-4.7752,109.8,-102.87,47.323,90.63,117.38,127.63,107.29
69.684,142.39,81.713,-104.18,-4.4799,112.63,-107.7,48.563,92.709,121.99,134.75,114.13
72.018,146.08,83.459,-106.96,-4.2419,115.2,-112.1,49.559,94.469,125.8,141.32,120.45
73.992,149.38,85.158,-109.43,-4.113,117.5,-116.03,50.371,95.954,128.9,147.19,126.15
75.606,152.3,86.805,-111.58,-4.1162,119.56,-119.52,51.073,97.215,131.43,152.32,131.22
76.911,154.89,88.374,-113.44,-4.2291,121.37,-122.61,51.737,98.304,133.54,156.73,135.69
78.001,157.21,89.834,-115.11,-4.3896,123.0,-125.36,52.413,99.267,135.36,160.54,139.63
78.972,159.35,91.159,-116.66,-4.5266,124.47,-127.83,53.115,100.13,136.95,163.85,143.17
79.886,161.33,92.347,-118.14,-4.5967,125.81,-130.07,53.813,100.92,138.36,166.79,146.38
80.753,163.14,93.422,-119.54,-4.6007,127.04,-132.09,54.456,101.61,139.59,169.41,149.31
81.542,164.73,94.416,-120.8,-4.5711,128.16,-133.92,54.985,102.19,140.62,171.73,151.98
82.216,166.08,95.349,-121.87,-4.5422,129.15,-135.56,55.364,102.65,141.43,173.72,154.37
82.758,167.15,96.214,-122.72,-4.5233,129.96,-137.01,55.591,102.99,142.02,175.39,156.45
83.18,167.92,96.97,-123.34,-4.4895,130.58,-138.27,55.698,103.23,142.4,176.73,158.18
83.514,168.43,97.555,-123.78,-4.3889,130.99,-139.35,55.748,103.41,142.6,177.78,159.57
83.801,168.7,97.91,-124.06,-4.1612,131.19,-140.24,55.812,103.56,142.65,178.57,160.62
84.068,168.78,97.986,-124.24,-3.7602,131.19,-140.93,55.949,103.7,142.58,179.16,161.38
84.32,168.69,97.751,-124.34,-3.17,131.0,-141.39,56.189,103.86,142.42,179.59,161.9
84.548,168.44,97.18,-124.36,-2.4091,130.63,-141.59,56.526,104.03,142.2,179.89,162.23
84.739,167.99,96.241,-124.28,-1.5212,130.07,-141.5,56.922,104.18,141.92,180.07,162.4
84.885,167.31,94.892,-124.07,-0.56056,129.27,-141.11,57.329,104.27,141.59,180.06,162.38
84.981,166.28,93.085,-123.67,0.42108,128.17,-140.41,57.695,104.26,141.16,179.79,162.11
85.011,164.79,90.787,-123.01,1.39,126.65,-139.43,57.987,104.1,140.59,179.13,161.48
84.939,162.69,87.991,-121.98,2.3469,124.57,-138.17,58.189,103.75,139.82,177.93,160.35
84.705,159.84,84.713,-120.5,3.326,121.81,-136.61,58.305,103.2,138.8,176.06,158.57
84.246,156.12,80.975,-118.49,4.368,118.25,-134.68,58.345,102.44,137.47,173.38,156.05
83.5,151.47,76.792,-115.91,5.4831,113.78,-132.25,58.311,101.46,135.78,169.81,152.68
82.425,145.88,72.168,-112.75,6.6371,108.37,-129.22,58.194,100.24,133.67,165.25,148.42
80.99,139.4,67.106,-109.02,7.7672,102.04,-125.5,57.978,98.788,131.06,159.68,143.28
79.187,132.18,61.616,-104.76,8.812,94.975,-121.05,57.654,97.066,127.9,153.11,137.29
77.02,124.47,55.738,-100.05,9.7344,87.507,-115.91,57.217,95.038,124.17,145.67,130.53
74.508,116.5,49.581,-94.952,10.528,80.012,-110.14,56.658,92.647,119.85,137.54,123.08
71.665,108.41,43.333,-89.523,11.211,72.753,-103.79,55.955,89.814,114.95,128.87,115.03
68.484,100.22,37.231,-83.752,11.808,65.797,-96.905,55.072,86.45,109.41,119.75,106.46
64.913,91.823,31.47,-77.574,12.333,59.044,-89.513,53.953,82.47,103.16,110.12,97.432
60.865,83.036,26.144,-70.887,12.781,52.312,-81.681,52.526,77.821,96.174,99.938,88.054
56.252,73.664,21.236,-63.589,13.13,45.404,-73.53,50.711,72.494,88.549,89.322,78.501
51.022,63.547,16.667,-55.61,13.353,38.171,-65.217,48.44,66.538,80.525,78.694,69.05
45.194,52.618,12.344,-46.958,13.431,30.571,-56.894,45.685,60.035,72.404,68.67,60.009
38.876,41.007,8.2049,-37.762,13.373,22.739,-48.66,42.47,53.075,64.401,59.681,51.587
32.282,29.135,4.2358,-28.344,13.216,14.988,-40.542,38.856,45.721,56.566,51.715,43.793
25.736,17.679,0.46121,-19.211,13.014,7.7268,-32.506,34.904,38.023,48.794,44.425,36.467
19.601,7.3341,-3.0729,-10.901,12.796,1.2794,-24.499,30.654,30.066,40.896,37.411,29.415
14.125,-1.5206,-6.3158,-3.7265,12.54,-4.2321,-16.506,26.135,22.023,32.708,30.397,22.54
9.2927,-8.9357,-9.2184,2.3557,12.188,-8.8836,-8.5863,21.405,14.16,24.227,23.275,15.89
4.8991,-15.22,-11.74,7.6144,11.687,-12.845,-0.90743,16.569,6.7561,15.691,16.077,9.5982
0.7446,-20.683,-13.86,12.311,11.038,-16.274,6.2707,11.778,0.010608,7.5185,8.9291,3.7961
-3.2354,-25.508,-15.594,16.572,10.293,-19.269,12.678,7.1879,-5.9883,0.10946,2.0233,-1.4334
-6.9939,-29.758,-16.992,20.411,9.5163,-21.878,18.152,2.8993,-11.243,-6.3184,-4.4311,-6.0518
-10.458,-33.457,-18.117,23.803,8.7421,-24.132,22.683,-1.0624,-15.804,-11.758,-10.26,-10.051
-13.592,-36.646,-19.033,26.756,7.9721,-26.074,26.366,-4.7231,-19.734,-16.328,-15.368,-13.446
-16.407,-39.408,-19.786,29.323,7.1821,-27.762,29.324,-8.1155,-23.1,-20.178,-19.742,-16.277
-18.952,-41.852,-20.416,31.595,6.3338,-29.269,31.678,-11.252,-25.976,-23.436,-23.436,-18.601
-21.275,-44.085,-20.955,33.659,5.395,-30.661,33.536,-14.124,-28.446,-26.198,-26.531,-20.496
-23.396,-46.171,-21.434,35.571,4.3685,-31.98,34.999,-16.711,-30.587,-28.537,-29.118,-22.037
-25.301,-48.129,-21.877,37.336,3.3067,-33.239,36.158,-18.995,-32.462,-30.521,-31.279,-23.297
-26.962,-49.942,-22.302,38.934,2.2985,-34.431,37.094,-20.965,-34.108,-32.207,-33.093,-24.339
-28.352,-51.584,-22.716,40.338,1.4364,-35.539,37.87,-22.62,-35.542,-33.644,-34.627,-25.211
-29.461,-53.03,-23.116,41.53,0.78246,-36.543,38.538,-23.973,-36.763,-34.862,-35.939,-25.947
-30.304,-54.263,-23.491,42.504,0.35059,-37.427,39.131,-25.056,-37.767,-35.879,-37.065,-26.569
-30.924,-55.284,-23.828,43.281,0.10618,-38.183,39.667,-25.918,-38.555,-36.712,-38.029,-27.095
-31.39,-56.12,-24.116,43.904,-0.021234,-38.819,40.148,-26.613,-39.143,-37.382,-38.848,-27.551
-31.779,-56.819,-24.352,44.434,-0.11685,-39.362,40.569,-27.187,-39.566,-37.919,-39.536,-27.975
-32.154,-57.437,-24.543,44.924,-0.25333,-39.842,40.927,-27.665,-39.861,-38.356,-40.112,-28.4
-32.542,-58.009,-24.701,45.402,-0.46068,-40.281,41.225,-28.047,-40.06,-38.718,-40.597,-28.842
-32.934,-58.543,-24.84,45.862,-0.70946,-40.683,41.476,-28.312,-40.181,-39.014,-41.013,-29.298
-33.291,-59.025,-24.977,46.28,-0.92492,-41.043,41.693,-28.437,-40.224,-39.246,-41.38,-29.748
-33.57,-59.441,-25.122,46.628,-1.0284,-41.358,41.885,-28.41,-40.183,-39.41,-41.711,-30.175
-33.738,-59.778,-25.275,46.887,-0.97943,-41.624,42.049,-28.237,-40.046,-39.501,-42.0,-30.571
-33.786,-60.029,-25.427,47.053,-0.79441,-41.838,42.18,-27.934,-39.803,-39.513,-42.211,-30.939
-33.732,-60.193,-25.562,47.136,-0.53681,-41.993,42.275,-27.529,-39.452,-39.439,-42.283,-31.284
-33.622,-60.275,-25.661,47.16,-0.29172,-42.085,42.339,-27.051,-39.001,-39.282,-42.139,-31.612
-33.513,-60.293,-25.71,47.155,-0.1355,-42.115,42.38,-26.533,-38.472,-39.058,-41.717,-31.924
-33.451,-60.264,-25.704,47.148,-0.11198,-42.089,42.408,-26.006,-37.896,-38.796,-40.987,-32.219
-33.459,-60.207,-25.645,47.153,-0.22313,-42.018,42.431,-25.497,-37.302,-38.532,-39.958,-32.49
-33.538,-60.138,-25.548,47.177,-0.43569,-41.917,42.449,-25.024,-36.718,-38.301,-38.669,-32.728
-33.666,-60.071,-25.43,47.219,-0.69678,-41.799,42.46,-24.595,-36.161,-38.129,-37.171,-32.921
-33.809,-60.01,-25.307,47.266,-0.94972,-41.673,42.459,-24.207,-35.632,-38.023,-35.522,-33.062
-33.926,-59.943,-25.194,47.3,-1.146,-41.539,42.439,-23.839,-35.121,-37.967,-33.812,-33.141
-33.978,-59.851,-25.103,47.293,-1.2544,-41.389,42.397,-23.47,-34.614,-37.927,-32.179,-33.154
-33.942,-59.711,-25.035,47.224,-1.2696,-41.215,42.33,-23.079,-34.1,-37.866,-30.756,-33.102
-33.823,-59.513,-24.982,47.087,-1.2188,-41.014,42.237,-22.659,-33.586,-37.76,-29.586,-32.993
-33.656,-59.262,-24.928,46.894,-1.1575,-40.793,42.119,-22.212,-33.087,-37.607,-28.628,-32.844
-33.483,-58.971,-24.857,46.667,-1.1458,-40.556,41.975,-21.746,-32.617,-37.423,-27.828,-32.671
-33.328,-58.644,-24.757,46.418,-1.2131,-40.301,41.806,-21.268,-32.173,-37.228,-27.161,-32.484
-33.183,-58.273,-24.634,46.143,-1.3337,-40.019,41.612,-20.775,-31.737,-37.034,-26.628,-32.286
-33.012,-57.844,-24.502,45.823,-1.4342,-39.702,41.391,-20.255,-31.272,-36.846,-26.238,-32.071
-32.772,-57.348,-24.381,45.441,-1.4278,-39.346,41.136,-19.692,-30.734,-36.656,-25.974,-31.826
-32.428,-56.776,-24.279,44.981,-1.2566,-38.942,40.833,-19.067,-30.084,-36.439,-25.779,-31.533
-31.962,-56.108,-24.186,44.432,-0.91626,-38.474,40.463,-18.361,-29.298,-36.158,-25.547,-31.158
-31.374,-55.315,-24.069,43.779,-0.4564,-37.909,40.009,-17.553,-28.379,-35.766,-25.163,-30.661
-30.672,-54.347,-23.876,43.004,0.040979,-37.199,39.453,-16.617,-27.361,-35.224,-24.558,-29.993
-29.868,-53.15,-23.552,42.08,0.49059,-36.293,38.778,-15.524,-26.3,-34.505,-23.787,-29.111
-28.97,-51.673,-23.04,40.983,0.828,-35.144,37.972,-14.242,-25.262,-33.6,-23.028,-27.985
-27.986,-49.887,-22.293,39.697,1.0249,-33.723,37.017,-12.747,-24.302,-32.508,-22.468,-26.603
-26.914,-47.782,-21.277,38.213,1.0989,-32.019,35.89,-11.028,-23.447,-31.236,-22.159,-24.982
-25.728,-45.349,-19.981,36.511,1.1146,-30.034,34.549,-9.0814,-22.688,-29.79,-21.974,-23.163
-24.35,-42.551,-18.428,34.538,1.1644,-27.764,32.923,-6.9094,-21.974,-28.165,-21.706,-21.2
-22.662,-39.315,-16.67,32.204,1.328,-25.193,30.891,-4.5131,-21.243,-26.343,-21.176,-19.141
-20.526,-35.548,-14.754,29.403,1.6329,-22.293,28.265,-1.9008,-20.438,-24.286,-20.272,-17.014
-17.835,-31.157,-12.695,26.039,2.0384,-19.029,24.797,0.90248,-19.523,-21.938,-18.928,-14.817
-14.554,-26.082,-10.462,22.057,2.4555,-15.364,20.23,3.8549,-18.479,-19.239,-17.117,-12.522
-10.743,-20.297,-7.9958,17.456,2.7942,-11.268,14.422,6.9141,-17.283,-16.129,-14.85,-10.088
-6.5265,-13.804,-5.2553,12.275,3.0096,-6.7164,7.456,10.058,-15.884,-12.569,-12.169,-7.4742
-2.0393,-6.6362,-2.2564,6.5777,3.1244,-1.7135,-0.40652,13.291,-14.194,-8.5444,-9.1371,-4.6544
2.6291,1.1347,0.90763,0.43827,3.223,3.6914,-8.9208,16.627,-12.101,-4.0637,-5.816,-1.6224
7.4634,9.4049,4.0937,-6.0742,3.4234,9.3975,-17.942,20.073,-9.4826,0.85257,-2.2444,1.6172
12.526,18.071,7.1677,-12.924,3.8353,15.284,-27.384,23.613,-6.2257,6.1948,1.582,5.0626
17.924,27.067,10.051,-20.122,4.5232,21.257,-37.193,27.207,-2.2473,11.967,5.7061,8.7152
23.734,36.338,12.728,-27.683,5.4881,27.252,-47.313,30.775,2.464,18.144,10.164,12.556
29.908,45.76,15.214,-35.534,6.6743,33.197,-57.618,34.198,7.7995,24.609,14.917,16.516
36.237,55.069,17.515,-43.462,7.9965,38.965,-67.887,37.334,13.518,31.127,19.81,20.467
42.423,63.913,19.597,-51.154,9.3776,44.378,-77.831,40.045,19.313,37.419,24.615,24.268
48.215,71.983,21.381,-58.33,10.789,49.26,-87.169,42.248,24.937,43.259,29.118,27.814
53.501,79.119,22.765,-64.842,12.272,53.49,-95.688,43.917,30.271,48.538,33.191,31.061
58.301,85.317,23.659,-70.685,13.925,57.021,-103.29,45.086,35.317,53.248,36.804,34.02
62.682,90.672,24.026,-75.934,15.835,59.872,-109.97,45.81,40.128,57.44,39.993,36.729
66.676,95.287,23.917,-80.656,18.004,62.096,-115.76,46.146,44.743,61.17,42.817,39.223
70.247,99.216,23.444,-84.855,20.321,63.756,-120.57,46.128,49.136,64.46,45.329,41.52
73.314,102.44,22.741,-88.459,22.609,64.904,-124.12,45.772,53.203,67.277,47.562,43.619
75.811,104.9,21.903,-91.364,24.709,65.565,-125.94,45.074,56.784,69.532,49.514,45.502
77.716,106.49,20.964,-93.477,26.529,65.73,-125.78,44.006,59.697,71.118,51.146,47.137
79.056,107.14,19.893,-94.743,28.049,65.353,-123.8,42.505,61.766,71.949,52.39,48.479
79.875,106.76,18.613,-95.142,29.304,64.366,-120.44,40.462,62.835,71.981,53.166,49.471
80.202,105.28,17.028,-94.66,30.352,62.695,-116.08,37.75,62.772,71.191,53.393,50.057
80.028,102.66,15.05,-93.26,31.241,60.282,-110.97,34.279,61.478,69.55,52.992,50.188
79.285,98.832,12.633,-90.865,31.98,57.094,-105.23,30.063,58.931,67.036,51.882,49.824
77.859,93.728,9.7968,-87.371,32.543,53.133,-98.906,25.253,55.214,63.648,49.998,48.927
75.619,87.331,6.6268,-82.7,32.883,48.432,-92.02,20.093,50.502,59.434,47.326,47.452
72.482,79.714,3.2575,-76.879,32.961,43.072,-84.607,14.824,44.995,54.49,43.927,45.355
68.473,71.069,-0.16189,-70.083,32.751,37.18,-76.721,9.6063,38.841,48.926,39.91,42.599
63.71,61.644,-3.5066,-62.568,32.25,30.903,-68.445,4.5272,32.115,42.819,35.371,39.185
58.329,51.653,-6.695,-54.545,31.474,24.384,-59.888,-0.3408,24.894,36.195,30.363,35.153
52.416,41.244,-9.6719,-46.131,30.446,17.761,-51.164,-4.8974,17.358,29.061,24.924,30.578
46.011,30.556,-12.38,-37.38,29.176,11.185,-42.383,-9.0376,9.8406,21.492,19.112,25.546
39.14,19.788,-14.757,-28.354,27.644,4.8354,-33.649,-12.71,2.743,13.711,13.046,20.15
31.852,9.2364,-16.76,-19.183,25.802,-1.0979,-25.063,-15.943,-3.6231,6.0945,6.9024,14.492
24.241,-0.72709,-18.386,-10.106,23.588,-6.4525,-16.708,-18.821,-9.1302,-0.94858,0.89952,8.699
16.479,-9.7462,-19.67,-1.4547,20.987,-11.126,-8.6539,-21.445,-13.822,-7.1337,-4.7491,2.9363
8.8297,-17.588,-20.652,6.4326,18.081,-15.09,-0.97501,-23.914,-17.838,-12.387,-9.8919,-2.6107
1.5922,-24.198,-21.361,13.334,15.036,-18.376,6.2254,-26.312,-21.346,-16.809,-14.469,-7.7798
-4.9843,-29.659,-21.817,19.196,12.024,-21.051,12.811,-28.706,-24.486,-20.578,-18.492,-12.469
-10.753,-34.113,-22.032,24.081,9.1587,-23.187,18.652,-31.125,-27.352,-23.854,-21.999,-16.635
-15.657,-37.693,-22.019,28.086,6.489,-24.854,23.67,-33.555,-29.984,-26.737,-25.014,-20.267
-19.705,-40.526,-21.809,31.318,4.0286,-26.122,27.857,-35.936,-32.393,-29.272,-27.554,-23.364
-22.971,-42.741,-21.442,33.889,1.7746,-27.065,31.271,-38.19,-34.584,-31.483,-29.647,-25.942
-25.586,-44.499,-20.977,35.946,-0.27709,-27.777,34.001,-40.24,-36.561,-33.405,-31.346,-28.039
-27.694,-45.951,-20.476,37.628,-2.124,-28.358,36.156,-42.056,-38.327,-35.089,-32.718,-29.712
-29.411,-47.207,-19.985,39.038,-3.7609,-28.861,37.836,-43.653,-39.898,-36.582,-33.827,-31.037
-30.815,-48.303,-19.523,40.238,-5.1895,-29.295,39.132,-45.087,-41.297,-37.925,-34.724,-32.086
-31.962,-49.241,-19.082,41.256,-6.4262,-29.651,40.116,-46.437,-42.562,-39.148,-35.455,-32.92
-32.905,-50.028,-18.634,42.115,-7.4992,-29.915,40.851,-47.771,-43.738,-40.269,-36.06,-33.587
-33.689,-50.679,-18.158,42.841,-8.4355,-30.087,41.393,-49.117,-44.86,-41.295,-36.569,-34.119
-34.339,-51.203,-17.649,43.449,-9.2465,-30.18,41.794,-50.46,-45.939,-42.224,-37.0,-34.532
-34.86,-51.595,-17.131,43.933,-9.925,-30.206,42.106,-51.73,-46.974,-43.045,-37.356,-34.835
-35.249,-51.846,-16.648,44.281,-10.456,-30.18,42.367,-52.845,-47.938,-43.751,-37.634,-35.029
-35.516,-51.958,-16.241,44.496,-10.839,-30.111,42.602,-53.747,-48.808,-44.349,-37.832,-35.118
-35.692,-51.959,-15.929,44.604,-11.105,-30.012,42.816,-54.412,-49.57,-44.846,-37.959,-35.114
-35.824,-51.895,-15.7,44.649,-11.319,-29.892,43.003,-54.87,-50.229,-45.258,-38.029,-35.042
-35.958,-51.816,-15.521,44.68,-11.551,-29.764,43.155,-55.19,-50.806,-45.605,-38.058,-34.931
-36.119,-51.763,-15.359,44.73,-11.846,-29.645,43.265,-55.446,-51.325,-45.911,-38.06,-34.814
-36.302,-51.763,-15.21,44.813,-12.195,-29.559,43.335,-55.705,-51.828,-46.195,-38.043,-34.712
-36.479,-51.826,-15.097,44.922,-12.539,-29.532,43.374,-56.001,-52.339,-46.473,-38.006,-34.639
-36.614,-51.958,-15.066,45.047,-12.797,-29.593,43.396,-56.33,-52.867,-46.756,-37.951,-34.601
-36.684,-52.161,-15.158,45.179,-12.908,-29.76,43.417,-56.645,-53.395,-47.054,-37.886,-34.609
-36.688,-52.422,-15.375,45.312,-12.863,-30.024,43.455,-56.849,-53.87,-47.363,-37.833,-34.675
-36.641,-52.709,-15.68,45.435,-12.705,-30.346,43.513,-56.796,-54.195,-47.654,-37.815,-34.814
-36.559,-52.939,-15.988,45.513,-12.512,-30.636,43.588,-56.295,-54.228,-47.856,-37.841,-35.026
-36.444,-53.003,-16.188,45.49,-12.359,-30.77,43.668,-55.111,-53.808,-47.851,-37.898,-35.298
-36.275,-52.78,-16.183,45.306,-12.286,-30.64,43.747,-53.036,-52.777,-47.489,-37.938,-35.591
-36.009,-52.189,-15.937,44.896,-12.26,-30.184,43.823,-50.163,-51.043,-46.618,-37.889,-35.853
-35.586,-51.208,-15.524,44.216,-12.165,-29.423,43.896,-47.667,-48.663,-45.13,-37.657,-36.026
-34.926,-49.906,-15.173,43.252,-11.819,-28.492,43.961,-49.106,-45.979,-43.021,-37.132,-36.058
-33.936,-48.445,-15.268,42.011,-11.045,-27.647,43.995,-58.41,-43.952,-40.445,-36.176,-35.893
-32.475,-47.052,-16.23,40.509,-9.8297,-27.224,43.943,-67.998,-45.34,-37.973,-34.582,-35.466
-30.288,-45.932,-18.194,38.718,-10.355,-27.536,43.716,-67.808,-55.654,-38.26,-32.03,-34.655
-26.955,-45.149,-20.471,36.472,-17.567,-28.714,43.174,-59.54,-67.38,-49.882,-28.528,-33.229
-23.005,-44.524,-19.782,33.349,-17.234,-30.57,42.114,-43.409,-62.138,-62.574,-29.649,-30.769
-27.317,-43.605,-17.236,28.549,-16.465,-32.59,40.2,-19.442,-46.436,-57.715,-46.823,-27.325
-31.912,-41.681,-13.629,21.16,-15.66,-34.159,36.954,10.693,-24.38,-45.325,-50.67,-30.961
-26.767,-37.712,-8.7996,13.872,-14.454,-35.042,33.87,45.319,3.2793,-27.171,-45.917,-41.081
-19.838,-30.013,-5.3505,16.736,-11.763,-35.619,38.66,84.066,35.955,-2.8721,-36.437,-37.659
-10.322,-16.389,-6.9615,12.965,-5.0885,-36.045,42.504,126.85,73.532,28.326,-21.142,-29.476
3.8906,-4.5288,-17.786,3.7614,9.4774,-35.331,40.296,173.27,116.89,67.389,1.8327,-17.28
25.663,-10.347,-42.537,-6.8045,35.711,-32.622,34.838,227.23,169.13,115.75,35.064,-0.24633
58.633,-14.994,-84.321,-21.044,73.549,-35.583,25.148,298.25,236.56,175.88,80.96,23.58
106.43,-17.658,-140.53,-42.41,123.31,-60.974,8.3526,394.1,326.81,251.91,140.87,57.323
171.13,-15.663,-205.01,-75.299,186.32,-91.594,-19.42,516.09,444.14,348.95,216.38,104.9
253.18,-2.8039,-272.49,-124.92,260.38,-118.07,-62.234,658.92,585.78,468.34,310.92,170.25
350.45,29.513,-332.46,-194.16,339.33,-131.39,-121.23,809.28,741.05,605.7,425.97,254.9
455.31,88.816,-373.87,-279.45,413.59,-123.71,-192.06,945.58,891.96,750.9,557.69,357.3
555.87,177.36,-387.17,-373.25,472.16,-91.012,-267.95,1041.5,1015.8,888.58,697.3,472.38
638.61,284.44,-366.14,-465.55,505.0,-33.192,-340.82,1072.7,1090.2,1001.3,833.96,591.09
691.36,391.47,-311.04,-544.14,505.75,44.266,-400.97,1024.9,1099.5,1075.0,956.85,703.32
706.35,485.3,-229.67,-597.86,473.86,130.5,-439.77,899.32,1039.8,1103.0,1056.5,798.89
682.01,553.28,-135.54,-619.22,414.8,211.23,-451.77,713.5,920.53,1086.8,1126.2,868.89
622.8,585.32,-43.968,-605.68,338.44,273.03,-435.76,497.22,762.02,1034.8,1161.7,906.57
536.99,576.72,32.098,-558.96,255.87,307.11,-394.14,284.05,588.65,957.3,1159.6,907.15
433.87,527.93,84.878,-483.46,176.36,309.94,-331.44,101.85,421.15,862.31,1115.8,867.2
321.5,443.4,112.36,-384.82,105.39,282.69,-252.96,-33.75,271.7,752.84,1025.1,784.78
206.16,330.79,116.98,-269.75,44.737,230.05,-164.4,-120.9,143.24,628.04,884.84,661.18
93.515,200.72,103.46,-146.7,-5.7136,159.16,-72.431,-168.65,32.542,487.08,699.51,503.65
-9.9047,66.225,77.113,-26.483,-45.686,78.857,15.135,-191.22,-64.858,333.26,484.27,326.94
-96.892,-58.713,43.21,79.071,-73.959,-1.4035,90.376,-201.37,-150.46,175.97,263.79,151.48
-161.56,-161.77,6.2697,160.91,-89.254,-72.825,147.72,-206.37,-221.22,29.326,65.858,-1.4839
-200.91,-235.03,-30.206,215.2,-91.131,-129.09,185.07,-207.27,-272.04,-90.312,-86.721,-115.28
-214.95,-276.03,-63.494,242.03,-81.022,-167.52,202.79,-200.77,-298.64,-168.85,-180.73,-182.02
-206.7,-288.18,-91.582,244.29,-62.586,-188.04,203.08,-183.15,-299.32,-204.6,-218.29,-205.38
-181.77,-278.48,-112.28,227.56,-40.037,-192.15,189.75,-151.87,-276.08,-204.11,-211.99,-196.32
-147.61,-254.61,-124.91,199.1,-16.388,-183.97,167.73,-106.65,-234.18,-178.63,-178.94,-168.33
-112.32,-222.88,-129.44,165.9,5.3233,-167.23,141.03,-57.787,-181.48,-140.82,-136.69,-134.42
-81.853,-184.08,-125.21,131.88,21.577,-140.65,112.99,-15.186,-128.19,-101.62,-98.587,-104.7
-60.371,-148.54,-113.08,105.97,30.696,-111.5,92.776,19.486,-82.865,-67.989,-70.444,-83.259
-47.012,-127.25,-96.968,90.174,33.754,-94.048,79.395,44.265,-49.504,-43.026,-52.551,-68.037
-39.107,-111.47,-82.48,78.762,32.596,-82.961,70.515,57.483,-29.003,-36.769,-44.013,-59.419
-34.848,-98.868,-70.375,70.465,29.032,-73.454,64.645,59.013,-18.298,-31.627,-41.642,-56.142
-32.726,-88.631,-58.777,63.75,21.633,-65.256,60.004,47.799,-13.597,-27.639,-39.284,-53.046
-32.448,-79.42,-48.279,57.418,8.0153,-58.127,55.514,23.559,-14.658,-27.47,-37.759,-49.166
-32.868,-70.977,-39.761,51.885,2.8961,-51.784,51.184,4.8145,-23.415,-29.161,-36.413,-43.939
-32.386,-64.214,-33.004,48.091,2.3553,-46.347,47.798,0.98317,-28.957,-29.849,-34.744,-39.029
-31.458,-59.453,-27.796,45.594,1.9032,-42.023,45.489,2.0359,-28.466,-29.387,-33.09,-35.764
-30.57,-56.02,-24.385,43.698,0.92034,-38.665,43.896,2.2561,-26.825,-28.629,-31.77,-33.629
-29.887,-53.308,-22.716,42.143,-0.34957,-35.946,42.752,0.60414,-25.489,-28.021,-30.862,-32.124
-29.443,-51.043,-21.882,40.858,-1.6235,-33.646,41.925,-2.4121,-24.83,-27.759,-30.352,-31.036
-29.194,-49.11,-21.092,39.8,-2.7712,-31.663,41.336,-6.0377,-24.861,-27.847,-30.145,-30.244
-29.062,-47.448,-20.15,38.924,-3.7527,-29.948,40.923,-9.5889,-25.367,-28.161,-30.106,-29.651
-28.982,-46.022,-19.111,38.194,-4.5592,-28.477,40.628,-12.609,-26.084,-28.565,-30.121,-29.181
-28.925,-44.817,-18.055,37.592,-5.2009,-27.227,40.396,-14.952,-26.834,-28.982,-30.133,-28.78
-28.891,-43.825,-17.027,37.119,-5.7056,-26.181,40.184,-16.7,-27.547,-29.395,-30.137,-28.424
-28.887,-43.032,-16.044,36.769,-6.1058,-25.313,39.961,-18.02,-28.221,-29.817,-30.161,-28.116
-28.908,-42.414,-15.109,36.53,-6.4268,-24.595,39.709,-19.062,-28.878,-30.261,-30.239,-27.873
-28.945,-41.941,-14.228,36.379,-6.6868,-24.003,39.42,-19.926,-29.532,-30.728,-30.388,-27.712
-28.988,-41.582,-13.409,36.288,-6.9022,-23.519,39.093,-20.66,-30.177,-31.198,-30.601,-27.635
-29.032,-41.309,-12.661,36.235,-7.0908,-23.124,38.733,-21.278,-30.789,-31.643,-30.849,-27.627
-29.08,-41.094,-11.989,36.2,-7.2734,-22.798,38.352,-21.78,-31.332,-32.03,-31.089,-27.658
-29.126,-40.9,-11.39,36.159,-7.4641,-22.509,37.971,-22.163,-31.764,-32.331,-31.282,-27.695
-29.154,-40.676,-10.857,36.078,-7.6642,-22.218,37.611,-22.425,-32.047,-32.521,-31.394,-27.705
-29.142,-40.373,-10.375,35.925,-7.8642,-21.887,37.29,-22.575,-32.156,-32.592,-31.406,-27.66
-29.084,-39.977,-9.9334,35.691,-8.0556,-21.505,37.005,-22.634,-32.097,-32.558,-31.322,-27.545
-28.999,-39.53,-9.524,35.41,-8.2411,-21.098,36.733,-22.638,-31.905,-32.461,-31.172,-27.365
-28.931,-39.114,-9.1447,35.15,-8.4326,-20.718,36.436,-22.629,-31.64,-32.356,-30.997,-27.137
-28.918,-38.8,-8.785,34.969,-8.6366,-20.406,36.08,-22.639,-31.367,-32.295,-30.84,-26.877
-28.971,-38.601,-8.4214,34.888,-8.8461,-20.164,35.646,-22.676,-31.138,-32.305,-30.72,-26.591
-29.063,-38.473,-8.0234,34.878,-9.037,-19.954,35.14,-22.724,-30.975,-32.385,-30.632,-26.269
-29.145,-38.334,-7.568,34.875,-9.1764,-19.72,34.585,-22.748,-30.872,-32.508,-30.547,-25.888
-29.158,-38.102,-7.0598,34.804,-9.2307,-19.41,34.016,-22.709,-30.799,-32.634,-30.423,-25.426
-29.049,-37.703,-6.528,34.593,-9.179,-18.993,33.467,-22.57,-30.72,-32.721,-30.221,-24.862
-28.779,-37.091,-6.0176,34.186,-9.017,-18.458,32.965,-22.304,-30.598,-32.736,-29.908,-24.183
-28.334,-36.253,-5.5681,33.556,-8.7622,-17.815,32.521,-21.902,-30.41,-32.66,-29.468,-23.39
-27.731,-35.226,-5.2029,32.722,-8.4521,-17.099,32.126,-21.375,-30.158,-32.498,-28.908,-22.495
-27.025,-34.095,-4.9169,31.752,-8.1386,-16.359,31.742,-20.761,-29.869,-32.276,-28.259,-21.536
-26.298,-32.975,-4.679,30.753,-7.875,-15.651,31.316,-20.118,-29.594,-32.039,-27.578,-20.565
-25.638,-31.967,-4.4348,29.835,-7.6953,-15.008,30.788,-19.513,-29.384,-31.837,-26.932,-19.646
-25.098,-31.107,-4.1215,29.063,-7.5952,-14.419,30.119,-18.993,-29.272,-31.707,-26.371,-18.826
-24.659,-30.339,-3.6842,28.416,-7.5259,-13.826,29.306,-18.566,-29.248,-31.655,-25.905,-18.109
-24.229,-29.529,-3.09,27.794,-7.414,-13.138,28.379,-18.194,-29.265,-31.65,-25.494,-17.45
-23.707,-28.533,-2.3342,27.071,-7.2042,-12.274,27.393,-17.814,-29.259,-31.639,-25.066,-16.763
-23.045,-27.27,-1.4371,26.169,-6.8951,-11.194,26.396,-17.377,-29.182,-31.57,-24.556,-15.959
-22.273,-25.747,-0.43235,25.088,-6.5456,-9.9166,25.416,-16.863,-29.015,-31.412,-23.927,-14.982
-21.469,-24.038,0.64841,23.884,-6.2495,-8.4974,24.46,-16.287,-28.766,-31.155,-23.174,-13.815
-20.716,-22.235,1.7847,22.63,-6.095,-6.9956,23.513,-15.674,-28.453,-30.808,-22.307,-12.486
-20.058,-20.405,2.9656,21.375,-6.1291,-5.4509,22.553,-15.044,-28.084,-30.389,-21.344,-11.054
-19.491,-18.576,4.1816,20.139,-6.3386,-3.8793,21.548,-14.407,-27.653,-29.921,-20.299,-9.5876
-18.97,-16.747,5.4195,18.917,-6.658,-2.2827,20.461,-13.759,-27.131,-29.422,-19.177,-8.1447
-18.444,-14.904,6.6684,17.699,-7.0,-0.66033,19.253,-13.09,-26.471,-28.893,-17.962,-6.7519
-17.883,-13.04,7.9319,16.492,-7.2937,0.98998,17.895,-12.387,-25.618,-28.32,-16.62,-5.3923
-17.302,-11.147,9.2355,15.314,-7.5096,2.681,16.375,-11.643,-24.525,-27.67,-15.094,-4.0062
-16.753,-9.2047,10.621,14.185,-7.6641,4.4455,14.696,-10.86,-23.16,-26.899,-13.324,-2.5055
-16.287,-7.1708,12.128,13.104,-7.8026,6.335,12.871,-10.044,-21.517,-25.958,-11.25,-0.7957
-15.923,-4.9771,13.778,12.029,-7.9781,8.4078,10.914,-9.1985,-19.617,-24.793,-8.828,1.2043
-15.635,-2.5431,15.571,10.892,-8.2339,10.715,8.8331,-8.3192,-17.49,-23.35,-6.0397,3.5506
-15.358,0.21149,17.487,9.6021,-8.591,13.288,6.6443,-7.3905,-15.167,-21.569,-2.89,6.2721
-14.992,3.3715,19.496,8.0536,-9.0348,16.139,4.3797,-6.3751,-12.642,-19.387,0.60564,9.3754
-14.407,7.0381,21.547,6.1147,-9.5047,19.263,2.0939,-5.2098,-9.858,-16.727,4.4438,12.849
-13.452,11.308,23.577,3.6429,-9.9072,22.625,-0.1515,-3.8175,-6.7064,-13.496,8.6344,16.654
-12.001,16.205,25.516,0.54101,-10.156,26.148,-2.32,-2.1363,-3.0705,-9.5905,13.172,20.714
-10.019,21.616,27.307,-3.1738,-10.217,29.71,-4.4273,-0.15049,1.1113,-4.931,18.0,24.921
-7.5905,27.29,28.938,-7.3404,-10.122,33.184,-6.548,2.0943,5.7958,0.49144,22.999,29.152
-4.911,32.937,30.459,-11.697,-9.9525,36.483,-8.7923,4.5017,10.834,6.5729,28.02,33.31
-2.2078,38.35,31.979,-15.991,-9.792,39.595,-11.263,6.9606,16.031,13.102,32.94,37.34
0.35502,43.499,33.636,-20.092,-9.6944,42.586,-14.019,9.3899,21.238,19.826,37.698,41.241
2.7543,48.519,35.562,-24.052,-9.6591,45.565,-17.059,11.771,26.408,26.543,42.316,45.06
5.1231,53.621,37.844,-28.073,-9.6303,48.64,-20.335,14.148,31.583,33.149,46.882,48.874
7.6857,58.964,40.485,-32.385,-9.5235,51.867,-23.794,16.601,36.824,39.634,51.531,52.767
10.646,64.562,43.383,-37.121,-9.2695,55.24,-27.406,19.194,42.134,46.046,56.433,56.816
14.109,70.297,46.353,-42.248,-8.8482,58.703,-31.182,21.942,47.425,52.454,61.778,61.078
18.06,75.997,49.204,-47.614,-8.2948,62.185,-35.163,24.794,52.538,58.932,67.75,65.606
22.4,81.523,51.804,-53.022,-7.684,65.626,-39.391,27.655,57.306,65.549,74.465,70.451
26.979,86.8,54.112,-58.306,-7.1034,68.99,-43.89,30.414,61.616,72.337,81.901,75.658
31.633,91.824,56.168,-63.363,-6.6276,72.28,-48.651,32.986,65.44,79.252,89.854,81.224
36.221,96.636,58.063,-68.153,-6.2974,75.53,-53.641,35.328,68.832,86.159,97.993,87.071
40.656,101.31,59.897,-72.686,-6.1048,78.796,-58.807,37.453,71.904,92.864,106.01,93.043
44.93,105.92,61.734,-77.007,-5.9893,82.129,-64.086,39.406,74.78,99.193,113.72,98.964
49.066,110.53,63.587,-81.158,-5.8573,85.546,-69.421,41.238,77.547,105.05,121.1,104.68
53.047,115.12,65.431,-85.131,-5.6241,89.003,-74.778,42.979,80.225,110.38,128.18,110.1
56.782,119.61,67.244,-88.865,-5.2536,92.413,-80.145,44.622,82.772,115.18,134.95,115.16
60.148,123.89,69.024,-92.277,-4.7688,95.686,-85.507,46.141,85.121,119.42,141.38,119.87
63.067,127.9,70.788,-95.329,-4.2338,98.781,-90.822,47.511,87.22,123.11,147.4,124.26
65.559,131.64,72.553,-98.06,-3.7229,101.71,-96.014,48.722,89.059,126.3,152.92,128.38
67.732,135.2,74.31,-100.58,-3.2938,104.5,-100.98,49.786,90.664,129.05,157.89,132.25
69.734,138.67,76.024,-103.01,-2.9698,107.19,-105.64,50.732,92.083,131.41,162.3,135.89
71.688,142.09,77.633,-105.45,-2.7355,109.78,-109.93,51.59,93.36,133.46,166.16,139.27
73.638,145.42,79.079,-107.89,-2.5472,112.2,-113.83,52.385,94.523,135.24,169.5,142.37
75.537,148.55,80.327,-110.26,-2.3514,114.4,-117.35,53.119,95.574,136.78,172.36,145.19
77.301,151.37,81.384,-112.43,-2.1012,116.33,-120.54,53.778,96.499,138.12,174.78,147.71
78.862,153.83,82.286,-114.35,-1.7676,117.99,-123.4,54.347,97.288,139.26,176.82,149.97
80.197,155.91,83.086,-115.97,-1.3473,119.41,-125.96,54.815,97.942,140.23,178.54,152.01
81.314,157.64,83.829,-117.33,-0.86409,120.62,-128.19,55.187,98.473,141.06,179.98,153.84
82.235,159.06,84.538,-118.45,-0.35987,121.66,-130.12,55.479,98.902,141.75,181.18,155.45
82.983,160.19,85.199,-119.36,0.12143,122.53,-131.74,55.719,99.257,142.32,182.15,156.82
83.588,161.06,85.76,-120.09,0.55293,123.22,-133.09,55.939,99.565,142.77,182.93,157.91
84.082,161.67,86.134,-120.67,0.93952,123.69,-134.14,56.176,99.849,143.13,183.54,158.7
84.496,162.04,86.222,-121.13,1.319,123.91,-134.91,56.461,100.12,143.39,184.0,159.17
84.853,162.21,85.956,-121.5,1.7436,123.88,-135.35,56.815,100.39,143.58,184.31,159.28
85.155,162.18,85.333,-121.77,2.2527,123.61,-135.41,57.235,100.62,143.69,184.48,159.0
85.39,161.95,84.401,-121.91,2.8554,123.12,-135.03,57.702,100.8,143.72,184.5,158.29
85.537,161.46,83.227,-121.88,3.5298,122.41,-134.18,58.181,100.91,143.66,184.33,157.1
85.568,160.63,81.851,-121.62,4.2367,121.42,-132.83,58.641,100.94,143.5,183.95,155.38
85.451,159.34,80.264,-121.04,4.9353,120.08,-130.97,59.054,100.89,143.22,183.31,153.05
85.157,157.45,78.398,-120.08,5.5979,118.24,-128.62,59.405,100.76,142.8,182.37,150.02
84.651,154.81,76.134,-118.66,6.2138,115.75,-125.78,59.693,100.54,142.19,181.05,146.14
83.894,151.29,73.336,-116.71,6.7801,112.42,-122.48,59.926,100.21,141.37,179.28,141.26
82.827,146.77,69.912,-114.15,7.2881,108.12,-118.75,60.115,99.765,140.28,176.88,135.23
81.355,141.18,65.851,-110.89,7.7153,102.81,-114.66,60.263,99.139,138.88,173.63,128.0
79.36,134.52,61.21,-106.85,8.0372,96.552,-110.24,60.364,98.285,137.08,169.29,119.69
76.75,126.94,56.058,-102.02,8.2496,89.602,-105.47,60.401,97.157,134.79,163.68,110.59
73.531,118.72,50.477,-96.513,8.3826,82.314,-100.23,60.356,95.736,131.94,156.86,101.08
69.834,110.22,44.622,-90.54,8.4908,75.048,-94.402,60.207,94.033,128.47,149.1,91.512
65.859,101.67,38.777,-84.316,8.6275,68.024,-87.879,59.933,92.07,124.4,140.76,82.165
61.782,93.169,33.249,-77.974,8.8264,61.279,-80.683,59.508,89.852,119.73,132.09,73.211
57.679,84.65,28.191,-71.546,9.097,54.721,-72.946,58.9,87.346,114.46,123.11,64.75
53.51,75.98,23.562,-64.967,9.4184,48.215,-64.864,58.068,84.474,108.52,113.73,56.802
49.122,66.977,19.242,-58.094,9.7318,41.628,-56.647,56.955,81.132,101.86,103.81,49.288
44.293,57.421,15.11,-50.718,9.9514,34.83,-48.486,55.485,77.208,94.491,93.342,42.032
38.823,47.104,11.076,-42.647,10.009,27.716,-40.527,53.57,72.622,86.583,82.595,34.815
32.652,35.954,7.0718,-33.814,9.9032,20.264,-32.854,51.129,67.354,78.423,72.119,27.462
25.944,24.198,3.0676,-24.412,9.7088,12.634,-25.487,48.116,61.443,70.312,62.469,19.921
19.08,12.46,-0.89609,-14.94,9.5211,5.1955,-18.407,44.521,54.959,62.405,53.851,12.298
12.523,1.5823,-4.6883,-6.0627,9.3906,-1.5909,-11.593,40.375,47.955,54.66,46.045,4.8275
6.6243,-7.7818,-8.1222,1.6951,9.2959,-7.3962,-5.0557,35.731,40.471,46.884,38.629,-2.1875
1.508,-15.444,-11.043,8.1593,9.1592,-12.147,1.1617,30.676,32.578,38.845,31.226,-8.4632
-2.8959,-21.589,-13.396,13.451,8.8817,-15.962,6.9937,25.334,24.441,30.422,23.657,-13.82
-6.7306,-26.528,-15.217,17.803,8.3825,-19.026,12.382,19.873,16.357,21.759,16.01,-18.225
-10.11,-30.541,-16.589,21.425,7.6322,-21.509,17.299,14.481,8.7064,13.304,8.6187,-21.773
-13.087,-33.834,-17.608,24.463,6.6653,-23.547,21.733,9.332,1.8197,5.601,1.8928,-24.619
-15.685,-36.565,-18.366,27.022,5.5578,-25.248,25.666,4.5486,-4.141,-1.0077,-3.9008,-26.922
-17.944,-38.874,-18.944,29.202,4.3853,-26.7,29.059,0.18282,-9.2088,-6.5005,-8.7376,-28.815
-19.953,-40.897,-19.405,31.117,3.1994,-27.983,31.879,-3.7742,-13.539,-11.076,-12.77,-30.398
-21.832,-42.764,-19.785,32.891,2.0334,-29.159,34.134,-7.3619,-17.308,-14.987,-16.2,-31.743
-23.672,-44.565,-20.102,34.617,0.91821,-30.265,35.882,-10.618,-20.646,-18.428,-19.19,-32.896
-25.488,-46.329,-20.357,36.322,-0.11443,-31.31,37.215,-13.56,-23.617,-21.503,-21.826,-33.881
-27.213,-48.025,-20.55,37.969,-1.0463,-32.276,38.236,-16.189,-26.247,-24.245,-24.137,-34.709
-28.743,-49.58,-20.684,39.476,-1.8745,-33.138,39.042,-18.495,-28.546,-26.657,-26.119,-35.385
-29.997,-50.922,-20.774,40.765,-2.5925,-33.875,39.711,-20.467,-30.522,-28.739,-27.77,-35.912
-30.95,-52.01,-20.842,41.792,-3.1795,-34.481,40.303,-22.1,-32.191,-30.503,-29.104,-36.294
-31.637,-52.852,-20.913,42.568,-3.6161,-34.974,40.85,-23.399,-33.576,-31.971,-30.154,-36.54
-32.121,-53.499,-21.01,43.145,-3.9029,-35.386,41.365,-24.391,-34.705,-33.175,-30.96,-36.67
-32.467,-54.016,-21.149,43.581,-4.0589,-35.751,41.847,-25.123,-35.611,-34.15,-31.563,-36.713
-32.717,-54.451,-21.336,43.922,-4.1076,-36.089,42.293,-25.655,-36.328,-34.934,-32.003,-36.704
-32.888,-54.826,-21.567,44.187,-4.069,-36.408,42.695,-26.05,-36.888,-35.561,-32.314,-36.675
-32.986,-55.142,-21.829,44.38,-3.96,-36.701,43.046,-26.364,-37.326,-36.063,-32.532,-36.651
-33.018,-55.402,-22.105,44.507,-3.8002,-36.965,43.34,-26.637,-37.67,-36.467,-32.694,-36.646
-33.006,-55.623,-22.379,44.589,-3.6157,-37.204,43.567,-26.894,-37.949,-36.796,-32.834,-36.665
-32.986,-55.839,-22.641,44.665,-3.4376,-37.438,43.724,-27.147,-38.186,-37.069,-32.983,-36.708
-33.001,-56.095,-22.886,44.781,-3.2934,-37.69,43.81,-27.392,-38.398,-37.302,-33.164,-36.776
-33.085,-56.425,-23.114,44.97,-3.1998,-37.977,43.828,-27.615,-38.595,-37.506,-33.382,-36.866
-33.254,-56.843,-23.323,45.25,-3.1595,-38.304,43.788,-27.796,-38.786,-37.684,-33.628,-36.976
-33.5,-57.336,-23.513,45.607,-3.1633,-38.66,43.702,-27.916,-38.97,-37.828,-33.875,-37.101
-33.788,-57.859,-23.683,46.0,-3.1919,-39.017,43.585,-27.959,-39.139,-37.916,-34.091,-37.234
-34.067,-58.344,-23.83,46.366,-3.2219,-39.337,43.448,-27.912,-39.277,-37.923,-34.244,-37.367
-34.286,-58.714,-23.947,46.643,-3.2376,-39.58,43.302,-27.774,-39.36,-37.826,-34.32,-37.494
-34.418,-58.919,-24.025,46.792,-3.2442,-39.721,43.148,-27.552,-39.365,-37.621,-34.322,-37.614
-34.474,-58.951,-24.053,46.814,-3.2715,-39.758,42.983,-27.271,-39.281,-37.321,-34.275,-37.729
-34.492,-58.846,-24.025,46.749,-3.3617,-39.712,42.803,-26.96,-39.106,-36.956,-34.204,-37.839
-34.515,-58.663,-23.939,46.65,-3.5434,-39.609,42.601,-26.651,-38.849,-36.558,-34.132,-37.939
-34.563,-58.45,-23.803,46.551,-3.8098,-39.471,42.373,-26.368,-38.525,-36.147,-34.059,-38.014
-34.625,-58.229,-23.629,46.463,-4.1167,-39.304,42.115,-26.123,-38.154,-35.737,-33.976,-38.045
-34.671,-58.0,-23.43,46.372,-4.4035,-39.105,41.824,-25.921,-37.765,-35.334,-33.867,-38.018
-34.67,-57.751,-23.212,46.26,-4.6224,-38.863,41.496,-25.758,-37.39,-34.946,-33.73,-37.932
-34.604,-57.465,-22.971,46.111,-4.7562,-38.566,41.125,-25.628,-37.06,-34.587,-33.572,-37.796
-34.474,-57.129,-22.695,45.92,-4.8197,-38.204,40.712,-25.518,-36.789,-34.272,-33.408,-37.627
-34.293,-56.731,-22.369,45.686,-4.8472,-37.769,40.26,-25.414,-36.571,-34.009,-33.249,-37.443
-34.078,-56.263,-21.983,45.41,-4.8729,-37.259,39.772,-25.3,-36.379,-33.8,-33.092,-37.252
-33.831,-55.708,-21.541,45.081,-4.9098,-36.672,39.253,-25.157,-36.167,-33.627,-32.919,-37.046
-33.531,-55.033,-21.058,44.665,-4.938,-36.0,38.705,-24.955,-35.883,-33.453,-32.69,-36.801
-33.135,-54.184,-20.555,44.109,-4.9126,-35.222,38.123,-24.652,-35.476,-33.222,-32.355,-36.478
-32.594,-53.096,-20.042,43.354,-4.788,-34.307,37.489,-24.21,-34.905,-32.872,-31.862,-36.032
-31.872,-51.712,-19.502,42.352,-4.5461,-33.215,36.771,-23.607,-34.149,-32.361,-31.173,-35.427
-30.955,-49.996,-18.89,41.08,-4.2112,-31.91,35.921,-22.847,-33.21,-31.671,-30.276,-34.646
-29.848,-47.94,-18.131,39.544,-3.8436,-30.367,34.88,-21.959,-32.106,-30.818,-29.186,-33.698
-28.577,-45.562,-17.143,37.775,-3.5139,-28.572,33.579,-20.976,-30.868,-29.83,-27.938,-32.614
-27.177,-42.894,-15.854,35.813,-3.2653,-26.523,31.948,-19.927,-29.522,-28.739,-26.567,-31.431
-25.671,-39.951,-14.228,33.683,-3.0848,-24.219,29.917,-18.815,-28.083,-27.556,-25.088,-30.179
-24.032,-36.707,-12.279,31.358,-2.9036,-21.649,27.408,-17.616,-26.549,-26.265,-23.483,-28.862
-22.166,-33.083,-10.078,28.752,-2.6265,-18.789,24.322,-16.283,-24.901,-24.82,-21.711,-27.458
-19.922,-28.958,-7.7482,25.728,-2.1723,-15.61,20.532,-14.76,-23.102,-23.149,-19.726,-25.916
-17.129,-24.213,-5.4239,22.133,-1.5051,-12.1,15.892,-12.994,-21.109,-21.175,-17.504,-24.179
-13.64,-18.77,-3.2114,17.843,-0.64847,-8.2771,10.297,-10.947,-18.876,-18.823,-15.046,-22.19
-9.3845,-12.626,-1.1571,12.806,0.32324,-4.1863,3.7503,-8.5964,-16.356,-16.03,-12.374,-19.906
-4.4308,-5.8583,0.75887,7.0779,1.3149,0.1155,-3.6338,-5.9354,-13.501,-12.75,-9.5086,-17.294
1.0113,1.4019,2.6035,0.80969,2.2531,4.5871,-11.712,-2.9789,-10.264,-8.9667,-6.4449,-14.336
6.6712,9.0259,4.4564,-5.808,3.116,9.2207,-20.38,0.23792,-6.6028,-4.6928,-3.1523,-11.02
12.365,16.954,6.3743,-12.643,3.9408,14.045,-29.564,3.6693,-2.4775,0.035275,0.42074,-7.3322
18.098,25.221,8.3718,-19.689,4.8252,19.107,-39.178,7.2791,2.1502,5.1877,4.3344,-3.2463
24.027,33.891,10.425,-27.03,5.9035,24.426,-49.127,11.053,7.3102,10.753,8.6353,1.2643
30.283,42.913,12.485,-34.698,7.2847,29.94,-59.284,14.98,12.99,16.707,13.32,6.1869
36.783,52.02,14.491,-42.531,8.9952,35.481,-69.464,19.008,19.085,22.94,18.295,11.421
43.202,60.787,16.369,-50.18,10.972,40.811,-79.41,23.007,25.369,29.236,23.374,16.771
49.138,68.817,18.029,-57.275,13.099,45.704,-88.829,26.786,31.536,35.318,28.331,21.997
54.345,75.889,19.37,-63.594,15.239,49.989,-97.469,30.157,37.295,40.953,32.971,26.895
58.83,81.964,20.299,-69.119,17.266,53.573,-105.18,32.998,42.459,46.021,37.184,31.348
62.765,87.124,20.77,-73.973,19.109,56.427,-111.93,35.282,46.961,50.508,40.935,35.324
66.346,91.489,20.798,-78.311,20.795,58.581,-117.71,37.043,50.826,54.466,44.24,38.855
69.666,95.147,20.44,-82.218,22.422,60.094,-122.49,38.337,54.108,57.949,47.133,41.991
72.687,98.111,19.761,-85.662,24.078,61.027,-126.14,39.203,56.842,60.965,49.647,44.764
75.281,100.32,18.819,-88.512,25.763,61.425,-128.37,39.646,59.017,63.454,51.802,47.175
77.32,101.71,17.659,-90.612,27.392,61.316,-128.86,39.652,60.579,65.305,53.591,49.192
78.743,102.2,16.323,-91.859,28.858,60.724,-127.48,39.195,61.45,66.401,54.981,50.778
79.557,101.79,14.841,-92.226,30.091,59.663,-124.39,38.244,61.55,66.649,55.918,51.904
79.811,100.5,13.223,-91.751,31.063,58.13,-119.98,36.768,60.803,65.986,56.345,52.562
79.569,98.313,11.447,-90.489,31.782,56.095,-114.64,34.733,59.141,64.368,56.206,52.753
78.88,95.202,9.4719,-88.459,32.287,53.499,-108.67,32.114,56.508,61.773,55.444,52.478
77.747,91.073,7.2571,-85.614,32.634,50.276,-102.23,28.924,52.886,58.215,54.007,51.728
76.109,85.836,4.7774,-81.861,32.88,46.39,-95.374,25.236,48.322,53.772,51.863,50.484
73.857,79.471,2.0224,-77.137,33.056,41.837,-88.084,21.185,42.94,48.578,49.021,48.721
70.913,72.045,-0.99919,-71.485,33.16,36.638,-80.317,16.929,36.904,42.784,45.532,46.404
67.285,63.634,-4.2428,-65.005,33.165,30.803,-72.083,12.589,30.348,36.494,41.443,43.5
63.012,54.252,-7.6023,-57.759,33.032,24.358,-63.481,8.221,23.352,29.732,36.765,39.994
58.083,43.909,-10.901,-49.74,32.713,17.432,-54.674,3.8546,15.997,22.496,31.47,35.896
52.44,32.791,-13.929,-40.979,32.15,10.332,-45.829,-0.45406,8.4644,14.874,25.545,31.247
46.067,21.419,-16.523,-31.697,31.299,3.5118,-37.065,-4.5955,1.0894,7.1375,19.057,26.126
39.117,10.549,-18.623,-22.364,30.135,-2.6102,-28.446,-8.437,-5.7307,-0.28672,12.213,20.661
31.924,0.82472,-20.263,-13.531,28.662,-7.8188,-20.011,-11.879,-11.705,-6.9935,5.3406,15.03
24.877,-7.4803,-21.525,-5.5838,26.918,-12.118,-11.808,-14.888,-16.751,-12.769,-1.198,9.4305
18.238,-14.436,-22.491,1.3668,24.963,-15.636,-3.9312,-17.493,-20.96,-17.62,-7.1277,4.0369
12.073,-20.273,-23.225,7.4145,22.848,-18.532,3.4756,-19.764,-24.501,-21.689,-12.323,-1.0284
6.3011,-25.239,-23.769,12.725,20.588,-20.95,10.231,-21.791,-27.541,-25.157,-16.8,-5.7063
0.80957,-29.535,-24.15,17.445,18.174,-23.008,16.166,-23.665,-30.216,-28.183,-20.65,-9.9891
-4.441,-33.296,-24.385,21.66,15.617,-24.79,21.184,-25.465,-32.614,-30.884,-23.981,-13.892
-9.3759,-36.592,-24.489,25.4,12.985,-26.339,25.293,-27.237,-34.791,-33.325,-26.869,-17.423
-13.834,-39.433,-24.474,28.645,10.399,-27.661,28.592,-28.99,-36.77,-35.538,-29.352,-20.564
-17.633,-41.781,-24.349,31.348,7.9907,-28.732,31.238,-30.691,-38.556,-37.529,-31.449,-23.277
-20.664,-43.609,-24.13,33.482,5.8583,-29.518,33.392,-32.293,-40.146,-39.295,-33.19,-25.531
-22.939,-44.937,-23.827,35.074,4.0417,-30.018,35.169,-33.758,-41.539,-40.838,-34.625,-27.333
-24.598,-45.865,-23.454,36.222,2.5163,-30.286,36.643,-35.076,-42.747,-42.172,-35.824,-28.726
-25.851,-46.548,-23.033,37.085,1.2143,-30.408,37.843,-36.278,-43.808,-43.339,-36.855,-29.788
-26.9,-47.152,-22.595,37.84,0.057404,-30.485,38.788,-37.417,-44.772,-44.394,-37.773,-30.599
-27.887,-47.797,-22.171,38.605,-1.0118,-30.593,39.507,-38.54,-45.686,-45.379,-38.608,-31.223
-28.838,-48.495,-21.789,39.397,-2.0041,-30.75,40.047,-39.664,-46.563,-46.309,-39.361,-31.697
-29.686,-49.154,-21.467,40.135,-2.8773,-30.909,40.466,-40.74,-47.384,-47.166,-40.012,-32.03
-30.324,-49.631,-21.208,40.69,-3.5596,-30.988,40.818,-41.674,-48.102,-47.91,-40.537,-32.219
-30.673,-49.805,-21.007,40.953,-3.9951,-30.923,41.139,-42.372,-48.678,-48.502,-40.925,-32.265
-30.722,-49.642,-20.854,40.895,-4.1835,-30.699,41.438,-42.785,-49.086,-48.937,-41.186,-32.181
-30.546,-49.221,-20.746,40.586,-4.1912,-30.364,41.702,-42.937,-49.34,-49.233,-41.357,-31.995
-30.279,-48.709,-20.683,40.177,-4.1311,-30.018,41.906,-42.906,-49.487,-49.43,-41.481,-31.746
-30.074,-48.309,-20.672,39.852,-4.1188,-29.774,42.033,-42.826,-49.594,-49.577,-41.597,-31.474
-30.048,-48.184,-20.722,39.753,-4.2221,-29.721,42.078,-42.81,-49.721,-49.716,-41.729,-31.203
-30.228,-48.388,-20.837,39.93,-4.4224,-29.884,42.059,-42.927,-49.897,-49.864,-41.881,-30.94
-30.537,-48.86,-21.019,40.319,-4.6186,-30.225,42.008,-43.187,-50.145,-50.018,-42.042,-30.677
-30.837,-49.461,-21.267,40.788,-4.6811,-30.664,41.959,-43.549,-50.453,-50.167,-42.2,-30.407
-31.012,-50.053,-21.565,41.205,-4.5257,-31.121,41.931,-43.926,-50.792,-50.3,-42.358,-30.14
-31.016,-50.554,-21.895,41.495,-4.16,-31.547,41.923,-44.202,-51.116,-50.415,-42.53,-29.905
-30.895,-50.957,-22.231,41.667,-3.682,-31.926,41.913,-44.226,-51.352,-50.497,-42.738,-29.749
-30.74,-51.282,-22.54,41.767,-3.2384,-32.27,41.877,-43.795,-51.384,-50.502,-42.994,-29.715
-30.633,-51.534,-22.79,41.835,-2.9654,-32.564,41.806,-42.666,-51.051,-50.334,-43.278,-29.809
-30.606,-51.667,-22.947,41.871,-2.9336,-32.755,41.706,-40.645,-50.176,-49.858,-43.534,-29.996
-30.622,-51.606,-22.991,41.827,-3.1091,-32.782,41.603,-37.797,-48.609,-48.912,-43.677,-30.194
-30.577,-51.283,-22.941,41.619,-3.3427,-32.605,41.523,-34.852,-46.312,-47.375,-43.606,-30.299
-30.313,-50.674,-22.888,41.159,-3.391,-32.261,41.477,-33.997,-43.438,-45.225,-43.225,-30.205
-29.641,-49.834,-23.013,40.379,-2.9676,-31.89,41.447,-40.243,-40.474,-42.623,-42.449,-29.806
-28.33,-48.894,-23.53,39.239,-1.7894,-31.72,41.378,-54.72,-38.962,-40.16,-41.19,-28.971
-26.05,-48.013,-24.534,37.697,0.077205,-32.002,41.174,-60.543,-44.207,-40.251,-39.34,-27.484
-22.281,-47.286,-25.776,35.629,-5.8363,-32.895,40.692,-54.835,-59.699,-50.487,-36.995,-24.941
-17.457,-46.636,-25.673,32.689,-6.8938,-34.348,39.716,-41.413,-61.782,-63.384,-37.269,-20.757
-22.119,-45.75,-23.592,28.194,-6.2811,-36.058,37.888,-20.895,-48.562,-59.506,-49.441,-15.87
-30.052,-44.048,-19.751,21.406,-6.3669,-37.58,34.601,5.7285,-28.39,-47.676,-53.388,-22.382
-25.784,-40.62,-14.263,14.789,-6.6408,-38.65,29.929,37.897,-2.2041,-30.013,-49.573,-35.081
-19.313,-33.979,-9.7092,16.953,-5.7802,-39.417,31.22,75.892,29.704,-5.864,-41.366,-31.978
-10.161,-21.858,-10.231,13.866,-0.69243,-39.898,39.274,119.08,66.94,25.483,-27.844,-24.128
3.7422,-7.8762,-20.514,4.9388,13.024,-39.125,40.119,164.58,109.45,64.441,-7.2167,-12.183
25.258,-10.327,-45.374,-5.3898,38.721,-35.838,36.04,212.73,158.99,111.73,23.411,5.2699
58.007,-14.906,-87.094,-19.116,76.346,-36.902,28.309,271.18,219.1,168.75,67.358,30.732
105.48,-17.607,-142.22,-39.448,126.34,-62.65,14.599,349.62,296.14,237.91,126.16,67.344
169.36,-15.839,-203.28,-70.013,188.71,-90.073,-8.6128,453.75,398.06,324.49,198.8,117.77
250.03,-5.7983,-262.35,-114.53,259.33,-111.71,-45.232,583.58,527.78,433.49,286.49,183.11
345.67,17.492,-314.02,-175.51,333.06,-124.31,-97.537,731.38,680.75,565.02,392.76,263.99
449.01,61.604,-354.5,-252.18,403.7,-122.44,-163.43,880.38,844.31,713.15,517.77,362.58
548.47,133.07,-373.96,-340.21,461.14,-99.81,-237.69,1006.3,997.94,865.66,656.7,477.04
630.8,228.45,-361.84,-431.55,494.58,-53.272,-313.34,1082.3,1116.7,1004.9,799.51,598.82
684.02,333.43,-312.78,-515.13,495.92,17.103,-380.32,1087.1,1177.7,1111.8,933.41,716.79
700.28,436.1,-229.44,-579.69,462.61,106.15,-428.31,1011.7,1166.7,1172.3,1046.8,820.38
677.64,523.97,-122.54,-616.17,398.69,201.19,-450.18,863.13,1083.3,1181.8,1131.0,900.51
620.27,583.83,-8.082,-619.38,313.59,286.06,-443.63,663.53,940.72,1144.5,1180.2,949.9
536.55,606.21,96.864,-588.65,219.37,348.37,-410.53,444.48,761.94,1070.0,1190.2,962.86
435.84,587.05,178.28,-527.18,127.55,379.53,-355.13,238.18,572.4,968.35,1157.0,934.8
325.98,527.65,227.9,-440.45,46.714,375.89,-282.46,68.755,393.13,846.81,1076.2,862.63
212.98,433.8,243.87,-334.88,-18.276,338.8,-197.82,-52.957,236.29,709.11,944.87,746.47
102.27,314.87,229.63,-217.83,-65.872,273.87,-107.23,-128.96,104.9,557.64,766.41,592.38
-0.049498,182.9,192.13,-98.104,-96.825,190.11,-17.785,-169.99,-4.0273,396.75,554.05,414.16
-87.278,51.076,140.26,14.305,-113.25,98.499,62.887,-189.35,-95.389,234.25,330.84,232.11
-153.66,-68.012,82.921,109.75,-117.68,9.842,128.3,-197.81,-172.98,81.663,124.27,68.082
-195.95,-164.1,27.281,181.3,-112.51,-65.728,174.65,-201.17,-236.56,-47.518,-41.978,-61.184
-213.74,-231.73,-21.775,225.83,-99.905,-121.76,200.97,-199.97,-281.19,-139.77,-153.11,-144.85
-209.5,-270.69,-60.885,243.82,-81.757,-158.21,208.63,-191.24,-301.12,-192.48,-207.63,-184.81
-188.21,-283.82,-88.998,239.07,-59.99,-178.39,200.84,-171.01,-293.35,-207.9,-215.52,-190.28
-156.53,-275.54,-108.26,217.85,-36.644,-186.17,181.96,-135.45,-259.42,-192.18,-191.32,-171.93
-121.84,-252.1,-120.11,187.45,-13.406,-183.44,156.94,-88.474,-207.29,-157.25,-151.79,-142.23
-90.45,-219.46,-124.59,152.64,6.8032,-171.11,130.34,-39.826,-149.88,-117.06,-112.49,-112.78
-68.009,-175.55,-124.23,118.15,21.423,-146.58,106.74,1.6374,-99.744,-81.607,-82.258,-89.881
-54.0,-138.88,-118.16,98.171,29.456,-110.59,89.053,32.751,-61.941,-53.862,-62.305,-72.077
-44.481,-120.68,-102.55,85.856,31.55,-89.615,77.292,51.357,-37.171,-44.202,-50.377,-52.606
-38.514,-106.75,-83.112,75.898,29.99,-78.912,70.112,56.601,-23.279,-40.398,-47.583,-50.155
-35.204,-94.76,-68.478,68.035,25.312,-69.878,65.162,48.672,-16.526,-34.978,-44.524,-48.927
-33.864,-84.47,-55.828,61.198,13.874,-61.726,60.901,29.833,-15.533,-32.86,-42.478,-46.124
-33.878,-74.982,-44.689,54.759,1.2467,-54.329,56.466,11.311,-21.907,-33.625,-41.341,-42.429
-33.519,-66.309,-35.752,49.374,-1.6406,-47.469,52.057,3.8583,-29.198,-34.201,-39.989,-39.1
-32.44,-59.232,-28.635,45.523,-2.4153,-41.292,48.73,3.7204,-29.97,-33.383,-38.296,-36.7
-31.289,-53.91,-23.048,42.712,-3.4644,-36.062,46.594,4.6318,-28.306,-32.089,-36.833,-35.01
-30.388,-49.874,-19.033,40.546,-4.8374,-31.783,45.203,4.0132,-26.557,-30.991,-35.785,-33.791
-29.851,-46.773,-16.325,38.934,-6.194,-28.301,44.24,1.7033,-25.295,-30.299,-35.145,-32.911
-29.672,-44.446,-14.056,37.839,-7.3747,-25.5,43.531,-1.7295,-24.68,-30.032,-34.84,-32.282
-29.739,-42.734,-11.67,37.147,-8.401,-23.286,42.978,-5.6244,-24.643,-30.095,-34.755,-31.815
-29.903,-41.424,-9.25,36.682,-9.3347,-21.526,42.533,-9.3732,-24.969,-30.341,-34.766,-31.424
-30.036,-40.291,-7.0268,36.268,-10.191,-20.057,42.181,-12.551,-25.431,-30.633,-34.773,-31.036
-30.08,-39.182,-5.116,35.796,-10.948,-18.746,41.924,-15.01,-25.882,-30.887,-34.718,-30.606
-30.04,-38.055,-3.5414,35.248,-11.584,-17.539,41.759,-16.817,-26.267,-31.075,-34.589,-30.125
-29.962,-36.979,-2.2982,34.686,-12.099,-16.467,41.668,-18.128,-26.596,-31.216,-34.413,-29.618
-29.914,-36.089,-1.3758,34.219,-12.514,-15.616,41.608,-19.097,-26.913,-31.351,-34.24,-29.129
-29.956,-35.523,-0.75661,33.956,-12.85,-15.069,41.529,-19.841,-27.262,-31.518,-34.113,-28.709
-30.112,-35.352,-0.41033,33.951,-13.115,-14.866,41.386,-20.432,-27.659,-31.737,-34.057,-28.387
-30.347,-35.534,-0.29303,34.17,-13.291,-14.965,41.158,-20.901,-28.084,-32.0,-34.064,-28.163
-30.579,-35.923,-0.34967,34.503,-13.35,-15.258,40.847,-21.245,-28.49,-32.276,-34.099,-27.994
-30.72,-36.344,-0.524,34.816,-13.274,-15.615,40.478,-21.451,-28.827,-32.53,-34.112,-27.817
-30.723,-36.664,-0.76326,35.014,-13.083,-15.935,40.083,-21.514,-29.065,-32.734,-34.06,-27.566
-30.604,-36.834,-1.0253,35.074,-12.841,-16.176,39.685,-21.451,-29.204,-32.885,-33.925,-27.197
-30.429,-36.884,-1.2786,35.037,-12.626,-16.346,39.291,-21.297,-29.275,-32.993,-33.707,-26.695
-30.279,-36.884,-1.4997,34.974,-12.495,-16.476,38.893,-21.094,-29.32,-33.076,-33.423,-26.076
-30.194,-36.884,-1.6789,34.929,-12.457,-16.587,38.478,-20.874,-29.377,-33.142,-33.092,-25.382
-30.146,-36.858,-1.8208,34.879,-12.448,-16.662,38.037,-20.645,-29.458,-33.181,-32.723,-24.655
-30.042,-36.699,-1.9303,34.725,-12.359,-16.634,37.579,-20.386,-29.54,-33.164,-32.311,-23.926
-29.763,-36.26,-1.999,34.338,-12.094,-16.413,37.122,-20.057,-29.577,-33.055,-31.842,-23.2
-29.232,-35.431,-1.9959,33.623,-11.629,-15.922,36.686,-19.626,-29.524,-32.828,-31.304,-22.469
-28.446,-34.199,-1.8728,32.573,-11.029,-15.145,36.267,-19.094,-29.357,-32.482,-30.696,-21.722
-27.487,-32.667,-1.5973,31.284,-10.413,-14.138,35.837,-18.494,-29.086,-32.045,-30.028,-20.959
-26.485,-31.016,-1.1784,29.91,-9.8957,-13.017,35.356,-17.882,-28.746,-31.559,-29.319,-20.189
-25.55,-29.42,-0.67564,28.595,-9.5307,-11.91,34.791,-17.312,-28.377,-31.063,-28.58,-19.414
-24.715,-27.973,-0.18035,27.402,-9.2884,-10.909,34.133,-16.814,-28.008,-30.582,-27.809,-18.619
-23.935,-26.681,0.22272,26.307,-9.0759,-10.049,33.403,-16.383,-27.643,-30.124,-26.996,-17.774
-23.134,-25.492,0.49217,25.246,-8.7894,-9.3176,32.633,-15.993,-27.271,-29.682,-26.133,-16.844
-22.261,-24.351,0.64743,24.169,-8.3675,-8.668,31.851,-15.612,-26.875,-29.247,-25.222,-15.809
-21.332,-23.227,0.76157,23.075,-7.8207,-8.0437,31.056,-15.221,-26.438,-28.811,-24.275,-14.671
-20.424,-22.131,0.93498,22.016,-7.2297,-7.3954,30.216,-14.826,-25.961,-28.366,-23.31,-13.468
-19.656,-21.104,1.2616,21.085,-6.7152,-6.6986,29.27,-14.461,-25.457,-27.91,-22.342,-12.27
-19.144,-20.207,1.7991,20.378,-6.3907,-5.9608,28.152,-14.166,-24.948,-27.442,-21.378,-11.164
-18.951,-19.489,2.5529,19.953,-6.3179,-5.2124,26.814,-13.965,-24.456,-26.966,-20.411,-10.239
-19.053,-18.951,3.4771,19.791,-6.482,-4.482,25.252,-13.845,-23.985,-26.48,-19.424,-9.5468
-19.325,-18.516,4.4943,19.781,-6.8004,-3.7727,23.511,-13.761,-23.522,-25.98,-18.386,-9.0829
-19.596,-18.051,5.5222,19.755,-7.1636,-3.0555,21.67,-13.649,-23.033,-25.456,-17.261,-8.7821
-19.719,-17.421,6.4986,19.56,-7.4882,-2.2904,19.804,-13.45,-22.477,-24.897,-16.018,-8.5425
-19.63,-16.56,7.3942,19.124,-7.7532,-1.4561,17.952,-13.128,-21.821,-24.301,-14.639,-8.2639
-19.372,-15.493,8.2107,18.482,-7.9963,-0.56176,16.102,-12.673,-21.05,-23.666,-13.122,-7.8776
-19.05,-14.301,8.9714,17.733,-8.2775,0.36866,14.224,-12.091,-20.161,-22.987,-11.462,-7.352
-18.755,-13.055,9.71,16.971,-8.6361,1.3235,12.296,-11.394,-19.157,-22.242,-9.6461,-6.6831
-18.505,-11.765,10.46,16.218,-9.0661,2.32,10.329,-10.595,-18.038,-21.393,-7.6492,-5.8818
-18.238,-10.383,11.246,15.424,-9.5192,3.4004,8.3515,-9.7043,-16.805,-20.399,-5.4454,-4.9643
-17.872,-8.8401,12.081,14.514,-9.922,4.6128,6.3829,-8.7407,-15.465,-19.229,-3.0236,-3.9438
-17.36,-7.0978,12.965,13.443,-10.2,5.9851,4.4043,-7.7277,-14.031,-17.875,-0.39303,-2.823
-16.706,-5.1694,13.893,12.217,-10.304,7.511,2.3613,-6.6851,-12.508,-16.343,2.4269,-1.5835
-15.936,-3.0908,14.856,10.864,-10.22,9.1633,0.19201,-5.6121,-10.87,-14.633,5.4305,-0.1726
-15.052,-0.85924,15.847,9.384,-9.9656,10.928,-2.137,-4.4734,-9.0452,-12.712,8.6459,1.5021
-14.005,1.6133,16.857,7.7071,-9.5767,12.829,-4.6113,-3.2017,-6.9154,-10.491,12.134,3.5583
-12.697,4.4938,17.885,5.6964,-9.097,14.93,-7.1779,-1.717,-4.3459,-7.8368,15.962,6.106
-11.016,7.9693,18.925,3.1916,-8.5713,17.301,-9.7756,0.045657,-1.228,-4.6048,20.169,9.2073
-8.8731,12.168,19.969,0.067439,-8.0402,19.977,-12.366,2.1104,2.4786,-0.68735,24.73,12.848
-6.2347,17.097,21.008,-3.7191,-7.5344,22.942,-14.95,4.4462,6.7212,3.9302,29.557,16.939
-3.1346,22.634,22.032,-8.111,-7.0683,26.127,-17.569,6.9725,11.367,9.1392,34.521,21.348
0.33333,28.572,23.044,-12.972,-6.6381,29.443,-20.294,9.5864,16.25,14.736,39.504,25.939
4.0506,34.694,24.06,-18.136,-6.2264,32.805,-23.201,12.197,21.234,20.498,44.444,30.61
7.9146,40.827,25.113,-23.449,-5.8113,36.155,-26.362,14.748,26.232,26.264,49.34,35.3
11.85,46.859,26.244,-28.786,-5.3765,39.466,-29.841,17.209,31.196,31.952,54.244,39.985
15.78,52.714,27.506,-34.036,-4.9245,42.732,-33.697,19.565,36.083,37.542,59.234,44.669
19.586,58.331,28.963,-39.079,-4.4848,45.954,-37.981,21.784,40.832,43.039,64.399,49.378
23.133,63.655,30.677,-43.811,-4.1059,49.128,-42.722,23.824,45.36,48.45,69.825,54.156
26.355,68.675,32.685,-48.198,-3.8247,52.25,-47.896,25.653,49.584,53.78,75.604,59.067
29.36,73.452,34.974,-52.333,-3.6341,55.338,-53.41,27.281,53.454,59.044,81.842,64.21
32.42,78.115,37.47,-56.409,-3.4794,58.43,-59.129,28.771,56.968,64.283,88.642,69.716
35.829,82.796,40.06,-60.61,-3.2907,61.583,-64.921,30.219,60.166,69.574,96.026,75.717
39.723,87.589,42.632,-65.013,-3.023,64.845,-70.692,31.706,63.092,75.006,103.85,82.263
44.007,92.532,45.112,-69.579,-2.6745,68.247,-76.393,33.269,65.759,80.632,111.81,89.245
48.444,97.625,47.484,-74.214,-2.2787,71.791,-82.0,34.882,68.129,86.429,119.6,96.397
52.793,102.82,49.778,-78.813,-1.8832,75.454,-87.489,36.47,70.113,92.266,127.02,103.39
56.874,108.03,52.044,-83.269,-1.5271,79.185,-92.827,37.935,71.601,97.924,133.93,109.93
60.579,113.11,54.321,-87.472,-1.2218,82.91,-97.963,39.191,72.51,103.16,140.27,115.86
63.857,117.93,56.615,-91.328,-0.94292,86.555,-102.84,40.193,72.815,107.78,145.97,121.09
66.722,122.41,58.893,-94.795,-0.64233,90.053,-107.42,40.942,72.555,111.72,150.97,125.67
69.232,126.54,61.103,-97.888,-0.27651,93.356,-111.65,41.48,71.812,115.0,155.27,129.69
71.467,130.35,63.191,-100.67,0.16625,96.431,-115.51,41.866,70.683,117.73,158.89,133.29
73.495,133.88,65.121,-103.2,0.65609,99.264,-119.0,42.166,69.265,120.04,161.96,136.57
75.346,137.13,66.876,-105.51,1.1338,101.85,-122.13,42.431,67.654,122.03,164.59,139.62
77.0,140.1,68.459,-107.62,1.5372,104.19,-124.95,42.702,65.954,123.76,166.88,142.46
78.422,142.77,69.881,-109.5,1.8284,106.29,-127.48,43.004,64.29,125.28,168.92,145.08
79.596,145.16,71.152,-111.16,2.0112,108.19,-129.72,43.357,62.791,126.61,170.76,147.45
80.564,147.31,72.267,-112.66,2.1315,109.91,-131.68,43.771,61.568,127.78,172.41,149.58
81.399,149.29,73.212,-114.06,2.2576,111.47,-133.34,44.25,60.686,128.83,173.9,151.45
82.159,151.16,73.968,-115.41,2.4433,112.9,-134.72,44.784,60.149,129.77,175.23,153.06
82.843,152.83,74.527,-116.67,2.6973,114.14,-135.87,45.355,59.913,130.57,176.38,154.42
83.401,154.17,74.888,-117.72,2.9807,115.1,-136.83,45.936,59.917,131.22,177.3,155.51
83.776,155.02,75.05,-118.42,3.2337,115.68,-137.65,46.509,60.121,131.66,178.0,156.3
83.934,155.28,75.014,-118.7,3.411,115.82,-138.33,47.079,60.532,131.88,178.45,156.81
83.885,154.92,74.779,-118.54,3.5051,115.49,-138.82,47.669,61.193,131.88,178.68,157.04
83.679,154.0,74.345,-118.02,3.5447,114.72,-139.06,48.309,62.148,131.69,178.73,157.0
83.375,152.64,73.701,-117.22,3.5797,113.55,-138.97,49.021,63.416,131.35,178.63,156.68
83.02,150.94,72.82,-116.26,3.6618,112.04,-138.51,49.802,64.972,130.93,178.36,156.03
82.63,149.01,71.672,-115.19,3.8263,110.24,-137.62,50.63,66.761,130.45,177.86,154.98
82.186,146.88,70.223,-114.03,4.078,108.18,-136.24,51.466,68.704,129.91,177.06,153.45
81.653,144.54,68.443,-112.76,4.3866,105.82,-134.31,52.273,70.718,129.29,175.89,151.38
80.973,141.87,66.283,-111.27,4.6978,103.09,-131.78,53.035,72.733,128.52,174.26,148.74
80.077,138.73,63.679,-109.46,4.9578,99.9,-128.59,53.756,74.695,127.54,172.12,145.51
78.9,134.99,60.565,-107.23,5.139,96.158,-124.75,54.456,76.554,126.27,169.34,141.62
77.397,130.59,56.911,-104.5,5.2515,91.854,-120.27,55.148,78.238,124.66,165.75,136.95
75.553,125.54,52.777,-101.24,5.3312,87.063,-115.19,55.828,79.639,122.59,161.14,131.34
73.364,119.9,48.346,-97.473,5.4119,81.927,-109.56,56.468,80.624,119.99,155.37,124.69
70.812,113.77,43.871,-93.194,5.4997,76.594,-103.42,57.027,81.073,116.74,148.41,117.0
67.834,107.17,39.559,-88.388,5.5663,71.156,-96.806,57.461,80.9,112.77,140.42,108.45
64.309,100.09,35.492,-82.988,5.5667,65.624,-89.769,57.732,80.068,108.06,131.6,99.35
60.101,92.442,31.642,-76.909,5.469,59.947,-82.341,57.813,78.584,102.61,122.13,90.047
55.14,84.12,27.939,-70.089,5.2744,54.033,-74.557,57.683,76.488,96.497,112.09,80.855
49.47,75.032,24.319,-62.523,5.0127,47.788,-66.47,57.318,73.841,89.865,101.54,72.005
43.256,65.154,20.742,-54.295,4.7193,41.166,-58.169,56.694,70.697,82.9,90.72,63.657
36.762,54.622,17.192,-45.616,4.4132,34.225,-49.759,55.777,67.083,75.79,80.12,55.874
30.289,43.801,13.675,-36.834,4.0877,27.169,-41.348,54.53,62.997,68.668,70.28,48.589
24.093,33.176,10.223,-28.33,3.7161,20.281,-33.022,52.914,58.413,61.563,61.44,41.626
18.281,23.124,6.8844,-20.349,3.2637,13.786,-24.854,50.886,53.295,54.412,53.426,34.782
12.797,13.757,3.6949,-12.909,2.7004,7.769,-16.922,48.405,47.606,47.098,45.871,27.912
7.4791,4.9752,0.67413,-5.8707,2.0127,2.1926,-9.3239,45.437,41.327,39.495,38.425,20.952
2.1705,-3.3565,-2.1578,0.92053,1.2131,-3.0036,-2.1807,41.969,34.484,31.506,30.829,13.913
-3.1589,-11.234,-4.7666,7.4828,0.34692,-7.8193,4.3865,38.032,27.191,23.133,22.919,6.87
-8.3449,-18.468,-7.1176,13.645,-0.51397,-12.179,10.292,33.714,19.682,14.555,14.651,-0.019893
-13.089,-24.8,-9.2009,19.136,-1.2976,-15.991,15.504,29.15,12.286,6.1606,6.1757,-6.52
-17.134,-30.084,-11.031,23.764,-1.9683,-19.221,20.032,24.481,5.3395,-1.5615,-2.1102,-12.363
-20.412,-34.374,-12.628,27.524,-2.5474,-21.913,23.908,19.815,-0.91518,-8.2409,-9.6739,-17.348
-23.031,-37.859,-14.005,30.563,-3.1008,-24.161,27.178,15.199,-6.3838,-13.759,-16.104,-21.411
-25.169,-40.762,-15.179,33.08,-3.6988,-26.076,29.903,10.657,-11.091,-18.208,-21.281,-24.624
-26.969,-43.266,-16.179,35.238,-4.3712,-27.752,32.162,6.2278,-15.116,-21.773,-25.331,-27.128
-28.508,-45.483,-17.047,37.131,-5.0839,-29.254,34.046,2.0063,-18.552,-24.635,-28.474,-29.077
-29.807,-47.463,-17.828,38.792,-5.7489,-30.621,35.636,-1.8775,-21.484,-26.945,-30.924,-30.599
-30.869,-49.218,-18.556,40.228,-6.2646,-31.867,36.996,-5.3101,-23.994,-28.822,-32.849,-31.796
-31.702,-50.751,-19.249,41.438,-6.5614,-32.996,38.168,-8.2378,-26.159,-30.358,-34.372,-32.739
-32.323,-52.065,-19.908,42.433,-6.6267,-34.005,39.179,-10.67,-28.035,-31.618,-35.58,-33.483
-32.768,-53.165,-20.523,43.225,-6.5022,-34.889,40.05,-12.654,-29.652,-32.649,-36.535,-34.063
-33.075,-54.052,-21.081,43.834,-6.2653,-35.64,40.804,-14.253,-31.019,-33.478,-37.282,-34.509
-33.283,-54.734,-21.568,44.284,-6.0038,-36.252,41.465,-15.528,-32.133,-34.122,-37.855,-34.84
-33.43,-55.233,-21.977,44.605,-5.7902,-36.733,42.057,-16.538,-32.994,-34.594,-38.282,-35.077
-33.55,-55.594,-22.32,44.842,-5.6622,-37.112,42.6,-17.337,-33.616,-34.907,-38.588,-35.237
-33.672,-55.885,-22.621,45.045,-5.6144,-37.436,43.103,-17.979,-34.028,-35.084,-38.797,-35.342
-33.81,-56.177,-22.907,45.258,-5.6023,-37.756,43.566,-18.516,-34.269,-35.156,-38.934,-35.418
-33.961,-56.519,-23.195,45.505,-5.5608,-38.109,43.984,-18.99,-34.378,-35.159,-39.02,-35.492
-34.103,-56.92,-23.485,45.778,-5.4305,-38.501,44.351,-19.43,-34.39,-35.13,-39.068,-35.584
-34.203,-57.344,-23.763,46.043,-5.1847,-38.906,44.665,-19.848,-34.328,-35.097,-39.085,-35.706
-34.236,-57.737,-24.012,46.259,-4.8435,-39.285,44.926,-20.24,-34.206,-35.071,-39.069,-35.855
-34.206,-58.05,-24.218,46.4,-4.4733,-39.596,45.133,-20.602,-34.035,-35.058,-39.022,-36.019
-34.147,-58.264,-24.365,46.471,-4.1702,-39.815,45.283,-20.937,-33.833,-35.055,-38.952,-36.183
-34.119,-58.393,-24.44,46.505,-4.0314,-39.937,45.364,-21.252,-33.62,-35.064,-38.875,-36.332
-34.17,-58.463,-24.431,46.54,-4.1168,-39.969,45.373,-21.558,-33.414,-35.087,-38.803,-36.459
-34.321,-58.496,-24.336,46.601,-4.4208,-39.923,45.311,-21.856,-33.222,-35.121,-38.743,-36.561
-34.551,-58.502,-24.163,46.688,-4.8721,-39.811,45.193,-22.142,-33.039,-35.159,-38.691,-36.641
-34.817,-58.477,-23.927,46.78,-5.3634,-39.643,45.037,-22.409,-32.856,-35.187,-38.641,-36.704
-35.061,-58.411,-23.649,46.849,-5.7949,-39.429,44.861,-22.647,-32.663,-35.194,-38.585,-36.757
-35.235,-58.286,-23.352,46.866,-6.1068,-39.171,44.678,-22.851,-32.453,-35.166,-38.516,-36.802
-35.31,-58.082,-23.056,46.808,-6.2897,-38.866,44.498,-23.007,-32.221,-35.09,-38.423,-36.83
-35.286,-57.789,-22.771,46.667,-6.3791,-38.513,44.322,-23.108,-31.965,-34.954,-38.296,-36.827
-35.191,-57.416,-22.501,46.457,-6.4426,-38.118,44.146,-23.151,-31.69,-34.753,-38.124,-36.774
-35.073,-56.997,-22.237,46.21,-6.56,-37.701,43.957,-23.151,-31.412,-34.498,-37.904,-36.657
-34.98,-56.577,-21.972,45.965,-6.7934,-37.289,43.739,-23.136,-31.156,-34.211,-37.642,-36.47
-34.935,-56.19,-21.7,45.747,-7.1531,-36.9,43.481,-23.138,-30.947,-33.923,-37.348,-36.216
-34.925,-55.842,-21.422,45.557,-7.5819,-36.538,43.181,-23.18,-30.805,-33.661,-37.035,-35.902
-34.902,-55.51,-21.148,45.369,-7.9704,-36.191,42.85,-23.259,-30.734,-33.438,-36.71,-35.535
-34.807,-55.149,-20.889,45.141,-8.1989,-35.836,42.5,-23.348,-30.715,-33.247,-36.372,-35.119
-34.583,-54.707,-20.651,44.825,-8.1849,-35.445,42.137,-23.395,-30.704,-33.06,-36.007,-34.648
-34.192,-54.122,-20.43,44.375,-7.9117,-34.984,41.757,-23.336,-30.639,-32.839,-35.593,-34.111
-33.62,-53.332,-20.201,43.753,-7.4291,-34.407,41.341,-23.113,-30.447,-32.543,-35.1,-33.494
-32.877,-52.275,-19.919,42.929,-6.8332,-33.661,40.865,-22.685,-30.068,-32.139,-34.501,-32.783
-31.984,-50.901,-19.528,41.882,-6.2373,-32.693,40.298,-22.038,-29.463,-31.605,-33.767,-31.969
-30.966,-49.185,-18.974,40.604,-5.7358,-31.467,39.607,-21.183,-28.626,-30.934,-32.877,-31.05
-29.837,-47.134,-18.217,39.099,-5.3726,-29.973,38.751,-20.155,-27.585,-30.13,-31.816,-30.038
-28.602,-44.785,-17.241,37.382,-5.127,-28.229,37.667,-19.0,-26.385,-29.204,-30.579,-28.949
-27.253,-42.187,-16.058,35.469,-4.921,-26.273,36.266,-17.764,-25.084,-28.17,-29.17,-27.8
-25.763,-39.371,-14.701,33.361,-4.6473,-24.142,34.427,-16.486,-23.727,-27.047,-27.601,-26.597
-24.092,-36.344,-13.214,31.046,-4.2187,-21.857,31.985,-15.188,-22.342,-25.847,-25.888,-25.335
-22.196,-33.083,-11.63,28.503,-3.6114,-19.421,28.721,-13.874,-20.926,-24.58,-24.044,-24.001
-20.049,-29.549,-9.9522,25.708,-2.878,-16.816,24.378,-12.537,-19.448,-23.248,-22.08,-22.578
-17.66,-25.701,-8.1565,22.648,-2.1282,-14.01,18.744,-11.16,-17.862,-21.843,-19.999,-21.058
-15.063,-21.489,-6.2048,19.313,-1.4853,-10.959,11.788,-9.7226,-16.114,-20.337,-17.793,-19.435
-12.287,-16.843,-4.0657,15.674,-1.0338,-7.6021,3.7315,-8.1942,-14.142,-18.674,-15.431,-17.697
-9.2894,-11.638,-1.7372,11.648,-0.77895,-3.8625,-5.1068,-6.5314,-11.878,-16.758,-12.854,-15.81
-5.9186,-5.6808,0.73738,7.0693,-0.63476,0.34969,-14.49,-4.6832,-9.2472,-14.461,-9.9709,-13.699
-1.923,1.2485,3.2731,1.7086,-0.45391,5.1055,-24.259,-2.6066,-6.1775,-11.639,-6.6839,-11.252
2.9483,9.2977,5.7729,-4.6399,-0.089378,10.412,-34.341,-0.28716,-2.619,-8.1685,-2.9217,-8.3518
8.7918,18.413,8.1664,-12.024,0.54617,16.177,-44.751,2.2495,1.4344,-3.992,1.3232,-4.9254
15.442,28.278,10.428,-20.239,1.4593,22.215,-55.464,4.9391,5.926,0.84192,5.9763,-0.98922
22.503,38.365,12.561,-28.85,2.5974,28.277,-66.283,7.6891,10.726,6.1692,10.892,3.332
29.485,48.087,14.567,-37.317,3.8858,34.105,-76.851,10.392,15.641,11.741,15.885,7.8313
35.962,56.959,16.414,-45.161,5.2551,39.464,-86.771,12.941,20.443,17.282,20.775,12.281
41.69,64.706,18.043,-52.095,6.6588,44.185,-95.746,15.247,24.932,22.556,25.418,16.497
46.663,71.285,19.381,-58.07,8.0878,48.183,-103.65,17.25,28.979,27.402,29.726,20.382
51.078,76.844,20.363,-63.233,9.5737,51.463,-110.5,18.922,32.547,31.75,33.667,23.932
55.204,81.63,20.962,-67.836,11.173,54.111,-116.37,20.271,35.672,35.602,37.252,27.209
59.242,85.902,21.201,-72.116,12.932,56.265,-121.26,21.329,38.417,39.002,40.514,30.29
63.228,89.832,21.15,-76.201,14.837,58.059,-125.05,22.138,40.834,41.992,43.48,33.213
67.026,93.463,20.896,-80.068,16.796,59.586,-127.51,22.726,42.93,44.589,46.163,35.96
70.402,96.701,20.515,-83.565,18.654,60.867,-128.43,23.096,44.651,46.768,48.547,38.46
73.133,99.37,20.047,-86.484,20.253,61.857,-127.71,23.216,45.883,48.46,50.599,40.624
75.088,101.27,19.487,-88.634,21.491,62.465,-125.49,23.024,46.478,49.552,52.273,42.367
76.24,102.24,18.777,-89.883,22.367,62.574,-122.06,22.441,46.279,49.898,53.505,43.631
76.625,102.1,17.824,-90.146,22.966,62.053,-117.76,21.379,45.146,49.338,54.217,44.376
76.29,100.73,16.518,-89.353,23.413,60.765,-112.78,19.768,42.983,47.742,54.321,44.568
75.288,97.994,14.764,-87.451,23.802,58.596,-107.26,17.583,39.767,45.053,53.736,44.166
73.676,93.824,12.512,-84.416,24.147,55.485,-101.21,14.872,35.572,41.31,52.413,43.129
71.5,88.232,9.7863,-80.267,24.404,51.439,-94.659,11.762,30.566,36.618,50.352,41.413
68.753,81.304,6.6906,-75.054,24.514,46.536,-87.665,8.4245,24.98,31.117,47.593,38.987
65.367,73.174,3.3825,-68.844,24.433,40.904,-80.316,5.0236,19.062,24.966,44.2,35.843
61.26,64.018,0.024521,-61.736,24.14,34.711,-72.679,1.6732,13.028,18.36,40.24,32.007
56.405,54.071,-3.2636,-53.885,23.638,28.161,-64.771,-1.5743,7.0445,11.542,35.78,27.552
50.882,43.645,-6.4116,-45.516,22.959,21.492,-56.586,-4.7057,1.2381,4.7956,30.881,22.606
44.876,33.128,-9.3732,-36.917,22.166,14.957,-48.141,-7.7188,-4.2855,-1.5874,25.613,17.338
38.636,22.939,-12.103,-28.419,21.325,8.7933,-39.508,-10.605,-9.4274,-7.3759,20.057,11.931
32.4,13.429,-14.553,-20.317,20.478,3.1659,-30.81,-13.351,-14.104,-12.45,14.316,6.5271
26.32,4.7797,-16.691,-12.784,19.614,-1.8671,-22.2,-15.948,-18.266,-16.809,8.5038,1.2155
20.432,-3.0051,-18.511,-5.8471,18.672,-6.3378,-13.842,-18.397,-21.91,-20.525,2.7484,-3.9497
14.708,-10.01,-20.031,0.54399,17.573,-10.316,-5.8914,-20.708,-25.069,-23.694,-2.809,-8.8956
9.1305,-16.308,-21.279,6.428,16.264,-13.864,1.5051,-22.898,-27.794,-26.406,-8.0158,-13.499
3.7427,-21.929,-22.285,11.797,14.754,-17.02,8.2181,-24.987,-30.15,-28.745,-12.734,-17.608
-1.3601,-26.885,-23.072,16.617,13.097,-19.805,14.154,-27.002,-32.203,-30.786,-16.875,-21.111
-6.0733,-31.196,-23.659,20.869,11.362,-22.242,19.273,-28.974,-34.022,-32.601,-20.42,-23.984
-10.319,-34.906,-24.062,24.564,9.6063,-24.353,23.593,-30.923,-35.669,-34.248,-23.403,-26.285
-14.067,-38.073,-24.305,27.741,7.8697,-26.163,27.179,-32.841,-37.191,-35.762,-25.886,-28.109
-17.331,-40.767,-24.415,30.463,6.1848,-27.703,30.121,-34.707,-38.615,-37.158,-27.936,-29.548
-20.151,-43.06,-24.427,32.798,4.5884,-29.003,32.51,-36.486,-39.956,-38.438,-29.619,-30.675
-22.564,-45.005,-24.378,34.793,3.1268,-30.084,34.439,-38.14,-41.209,-39.6,-30.986,-31.541
-24.584,-46.614,-24.306,36.466,1.8422,-30.944,35.994,-39.634,-42.347,-40.639,-32.077,-32.175
-26.203,-47.881,-24.236,37.81,0.75559,-31.584,37.248,-40.948,-43.343,-41.548,-32.923,-32.593
-27.42,-48.793,-24.173,38.811,-0.13084,-32.007,38.273,-42.078,-44.174,-42.334,-33.542,-32.811
-28.269,-49.377,-24.116,39.482,-0.8245,-32.247,39.12,-43.042,-44.836,-43.018,-33.961,-32.85
-28.817,-49.688,-24.064,39.882,-1.3411,-32.349,39.826,-43.879,-45.347,-43.628,-34.212,-32.739
-29.148,-49.824,-24.029,40.094,-1.7074,-32.385,40.412,-44.626,-45.743,-44.199,-34.328,-32.514
-29.344,-49.898,-24.026,40.211,-1.9526,-32.428,40.888,-45.304,-46.067,-44.761,-34.34,-32.213
-29.466,-50.005,-24.074,40.309,-2.0947,-32.537,41.263,-45.923,-46.364,-45.334,-34.273,-31.875
-29.544,-50.192,-24.178,40.426,-2.1349,-32.735,41.544,-46.471,-46.658,-45.921,-34.147,-31.54
-29.58,-50.451,-24.334,40.558,-2.0634,-33.004,41.741,-46.932,-46.958,-46.528,-33.977,-31.233
-29.56,-50.74,-24.519,40.679,-1.8745,-33.302,41.868,-47.3,-47.265,-47.144,-33.786,-30.973
-29.472,-51.005,-24.707,40.763,-1.583,-33.582,41.938,-47.593,-47.582,-47.756,-33.59,-30.776
-29.329,-51.216,-24.873,40.8,-1.2311,-33.814,41.967,-47.851,-47.912,-48.351,-33.406,-30.649
-29.167,-51.381,-25.007,40.812,-0.88058,-33.997,41.969,-48.129,-48.254,-48.916,-33.249,-30.591
-29.038,-51.533,-25.108,40.835,-0.58913,-34.154,41.96,-48.467,-48.622,-49.44,-33.124,-30.591
-28.98,-51.714,-25.194,40.902,-0.38363,-34.321,41.956,-48.863,-49.009,-49.912,-33.035,-30.628
-28.996,-51.947,-25.288,41.019,-0.24443,-34.528,41.966,-49.252,-49.378,-50.319,-32.982,-30.683
-29.049,-52.221,-25.414,41.16,-0.11635,-34.782,41.996,-49.5,-49.658,-50.639,-32.966,-30.745
-29.082,-52.495,-25.585,41.276,0.060842,-35.066,42.044,-49.393,-49.734,-50.829,-32.994,-30.819
-29.041,-52.706,-25.791,41.314,0.31772,-35.339,42.111,-48.673,-49.459,-50.818,-33.071,-30.919
-28.892,-52.784,-26.007,41.234,0.63792,-35.543,42.183,-47.093,-48.673,-50.511,-33.187,-31.061
-28.626,-52.688,-26.195,41.016,0.97145,-35.633,42.245,-44.562,-47.26,-49.799,-33.314,-31.25
-28.257,-52.41,-26.331,40.668,1.2779,-35.592,42.275,-41.463,-45.183,-48.596,-33.395,-31.472
-27.782,-51.989,-26.43,40.214,1.5833,-35.457,42.246,-39.256,-42.53,-46.85,-33.348,-31.681
-27.144,-51.491,-26.555,39.663,2.0275,-35.319,42.143,-41.4,-39.561,-44.6,-33.035,-31.794
-26.17,-51.0,-26.812,38.98,2.8859,-35.319,41.954,-52.032,-37.041,-42.104,-32.24,-31.685
-24.536,-50.568,-27.308,38.067,4.5802,-35.607,41.658,-63.426,-37.909,-40.478,-30.597,-31.159
-21.681,-50.184,-28.08,36.739,6.783,-36.29,41.201,-63.56,-49.519,-44.583,-27.532,-29.904
-16.921,-49.75,-28.979,34.683,0.50821,-37.381,40.462,-55.091,-62.146,-59.927,-23.351,-27.396
-11.98,-49.049,-28.97,31.391,1.6184,-38.749,39.202,-38.931,-55.192,-63.577,-30.41,-23.129
-20.07,-47.71,-27.458,26.086,4.2896,-40.122,36.978,-15.09,-38.484,-54.442,-48.946,-21.573
-27.513,-45.137,-24.069,18.278,7.349,-41.209,33.133,15.023,-15.406,-39.127,-47.971,-35.19
-22.6,-40.314,-19.986,12.342,10.635,-41.887,28.86,50.19,13.837,-17.418,-41.38,-36.087
-15.371,-31.31,-18.123,16.17,15.599,-42.044,32.833,90.078,48.489,11.002,-29.687,-29.79
-5.2893,-16.168,-23.143,11.76,24.592,-40.936,39.787,133.67,87.425,46.254,-11.371,-19.851
9.9149,-9.734,-39.891,2.4641,38.943,-37.17,39.262,180.07,132.49,89.582,16.054,-5.3985
33.698,-14.257,-70.138,-8.5183,61.787,-35.718,34.261,231.88,187.22,143.77,56.361,15.548
70.503,-17.724,-112.59,-23.561,95.747,-59.3,25.046,295.96,254.22,209.12,112.6,45.842
123.34,-17.817,-162.65,-45.856,141.54,-77.506,9.0458,381.63,342.55,289.16,182.89,88.445
190.89,-11.798,-214.46,-78.73,197.93,-85.782,-16.937,494.21,460.34,392.31,265.43,146.05
270.9,2.9712,-263.2,-125.27,261.47,-93.25,-55.966,631.02,608.24,522.18,365.49,218.24
360.74,33.706,-304.82,-187.2,326.05,-95.807,-109.35,781.18,778.78,676.17,485.74,304.14
454.23,93.535,-328.29,-263.65,383.0,-80.656,-174.93,926.01,955.38,844.86,623.73,406.3
541.59,193.33,-320.88,-350.91,422.28,-38.38,-248.28,1040.7,1113.6,1011.8,772.07,522.05
610.98,316.52,-274.75,-441.18,434.66,35.473,-322.27,1099.2,1226.2,1155.8,918.94,643.52
651.3,439.29,-189.97,-523.24,414.38,139.35,-386.88,1082.7,1270.3,1257.2,1051.0,760.28
655.58,554.25,-75.146,-585.62,361.3,257.98,-432.24,986.14,1235.1,1303.0,1156.9,861.48
623.12,648.34,54.338,-619.44,281.65,369.25,-451.62,821.02,1124.6,1291.2,1229.1,937.69
559.19,709.15,180.04,-620.1,186.74,460.0,-442.81,613.27,957.01,1229.3,1263.6,981.7
472.43,728.61,284.81,-587.21,89.821,518.88,-407.81,395.93,758.75,1130.2,1258.2,988.13
371.76,703.21,356.27,-523.85,2.6491,538.98,-351.17,199.38,556.58,1006.7,1209.8,952.78
264.26,633.67,388.46,-435.41,-67.18,518.53,-278.21,43.031,370.83,867.54,1114.4,872.82
154.99,525.24,381.94,-328.66,-116.93,460.64,-194.33,-67.43,212.04,716.55,969.61,748.79
48.61,388.11,342.74,-211.48,-147.55,372.83,-105.34,-136.74,81.946,555.3,779.66,587.54
-48.039,236.85,280.42,-92.975,-161.61,266.18,-17.797,-174.81,-23.159,387.59,558.79,403.84
-125.98,88.235,205.89,17.14,-161.87,153.78,61.513,-192.53,-108.7,222.06,330.48,218.82
-179.37,-41.949,129.36,110.11,-150.88,48.222,126.68,-199.69,-180.3,70.928,121.96,54.789
-207.31,-142.23,58.71,180.08,-131.38,-39.746,173.67,-202.26,-240.73,-53.84,-43.91,-71.367
-211.88,-210.82,-1.4748,224.02,-106.47,-103.18,200.9,-200.5,-284.51,-139.44,-151.4,-149.03
-197.29,-253.43,-49.164,241.67,-79.174,-143.05,209.46,-190.21,-303.47,-189.45,-202.42,-184.24
-169.81,-274.69,-83.339,236.44,-51.544,-164.84,202.49,-166.11,-293.5,-206.13,-210.45,-187.64
-136.76,-275.0,-104.84,214.88,-25.058,-175.65,184.33,-127.39,-256.98,-191.75,-188.0,-168.8
-104.12,-256.93,-116.9,184.6,-2.2258,-180.76,159.85,-85.893,-204.24,-157.27,-150.03,-139.2
-77.175,-226.92,-123.33,148.2,14.452,-176.93,133.61,-45.333,-148.92,-117.07,-111.37,-110.01
-60.178,-182.96,-125.42,110.59,24.961,-161.2,110.36,-8.1871,-102.17,-81.446,-80.827,-87.376
-48.842,-139.0,-123.09,92.639,30.448,-128.83,92.889,23.358,-66.855,-53.374,-60.509,-69.609
-41.177,-120.26,-113.99,82.485,31.916,-99.188,80.806,45.296,-42.988,-43.989,-48.288,-53.861
-36.605,-107.79,-97.823,73.759,30.562,-85.592,73.083,54.3,-28.76,-40.439,-46.197,-52.2
-34.169,-96.637,-80.879,66.46,26.696,-76.039,67.751,49.223,-21.29,-35.217,-43.406,-50.396
-33.361,-86.818,-65.732,59.98,15.679,-67.679,63.364,32.459,-19.607,-32.981,-41.41,-47.125
-33.104,-77.812,-53.404,54.262,6.5973,-60.194,59.013,15.001,-25.142,-33.559,-40.13,-43.123
-32.514,-69.721,-43.871,49.845,4.7159,-53.286,54.347,7.2925,-33.026,-34.285,-38.706,-39.748
-31.764,-63.113,-36.113,46.744,3.5684,-47.002,50.241,6.9903,-35.074,-33.85,-37.207,-37.401
-31.098,-58.102,-29.489,44.472,1.7643,-41.629,47.42,8.3685,-33.858,-32.874,-35.984,-35.759
-30.598,-54.259,-24.077,42.651,-0.51218,-37.262,45.581,8.5093,-32.175,-31.961,-35.122,-34.566
-30.268,-51.137,-20.396,41.118,-2.8622,-33.696,44.304,6.91,-30.784,-31.313,-34.584,-33.681
-30.083,-48.497,-18.261,39.815,-4.9995,-30.683,43.35,4.0138,-29.847,-30.951,-34.291,-32.998
-30.007,-46.241,-16.608,38.716,-6.7626,-28.092,42.6,0.41348,-29.35,-30.812,-34.147,-32.419
-30.003,-44.319,-14.836,37.798,-8.1036,-25.867,41.997,-3.3568,-29.176,-30.799,-34.066,-31.865
-30.038,-42.683,-12.946,37.039,-9.0819,-23.963,41.517,-6.8783,-29.172,-30.817,-33.995,-31.286
-30.092,-41.293,-11.059,36.419,-9.8179,-22.331,41.151,-9.9023,-29.21,-30.802,-33.92,-30.669
-30.152,-40.116,-9.2545,35.923,-10.422,-20.933,40.886,-12.366,-29.224,-30.731,-33.852,-30.039
-30.213,-39.145,-7.5982,35.543,-10.95,-19.756,40.695,-14.331,-29.196,-30.616,-33.814,-29.433
-30.267,-38.379,-6.1725,35.267,-11.399,-18.808,40.546,-15.895,-29.12,-30.483,-33.822,-28.889
-30.294,-37.811,-5.0596,35.073,-11.722,-18.096,40.407,-17.133,-28.982,-30.354,-33.871,-28.416
-30.258,-37.399,-4.3042,34.914,-11.865,-17.6,40.262,-18.08,-28.749,-30.231,-33.933,-27.993
-30.124,-37.071,-3.8937,34.733,-11.791,-17.27,40.109,-18.757,-28.379,-30.101,-33.965,-27.575
-29.875,-36.754,-3.7639,34.485,-11.515,-17.045,39.955,-19.195,-27.845,-29.938,-33.926,-27.12
-29.527,-36.404,-3.8195,34.159,-11.1,-16.872,39.803,-19.446,-27.158,-29.728,-33.788,-26.607
-29.126,-36.018,-3.9791,33.779,-10.639,-16.725,39.646,-19.584,-26.37,-29.468,-33.546,-26.05
-28.722,-35.628,-4.1869,33.388,-10.215,-16.602,39.467,-19.679,-25.56,-29.175,-33.215,-25.495
-28.358,-35.276,-4.425,33.026,-9.8751,-16.521,39.245,-19.78,-24.812,-28.876,-32.823,-24.997
-28.056,-35.004,-4.7025,32.726,-9.6224,-16.504,38.96,-19.9,-24.196,-28.598,-32.408,-24.603
-27.812,-34.828,-5.0301,32.494,-9.4226,-16.56,38.607,-20.021,-23.744,-28.358,-32.003,-24.33
-27.605,-34.733,-5.4003,32.318,-9.2275,-16.672,38.191,-20.105,-23.442,-28.152,-31.623,-24.153
-27.41,-34.675,-5.7778,32.171,-9.0012,-16.802,37.735,-20.112,-23.243,-27.961,-31.266,-24.018
-27.206,-34.601,-6.1035,32.023,-8.7368,-16.896,37.265,-20.026,-23.095,-27.761,-30.917,-23.861
-26.986,-34.461,-6.3159,31.849,-8.4577,-16.907,36.799,-19.858,-22.96,-27.533,-30.557,-23.632
-26.756,-34.22,-6.3687,31.635,-8.2064,-16.804,36.34,-19.647,-22.832,-27.275,-30.177,-23.311
-26.532,-33.87,-6.2439,31.382,-8.0271,-16.576,35.871,-19.442,-22.731,-27.007,-29.783,-22.909
-26.33,-33.422,-5.949,31.098,-7.9501,-16.234,35.36,-19.283,-22.687,-26.759,-29.391,-22.459
-26.149,-32.886,-5.5111,30.78,-7.9762,-15.794,34.778,-19.182,-22.716,-26.561,-29.019,-21.996
-25.96,-32.256,-4.9718,30.405,-8.072,-15.262,34.107,-19.124,-22.812,-26.424,-28.67,-21.544
-25.718,-31.509,-4.3738,29.934,-8.1843,-14.64,33.343,-19.071,-22.949,-26.338,-28.34,-21.113
-25.387,-30.627,-3.7482,29.337,-8.2668,-13.926,32.499,-18.987,-23.093,-26.277,-28.012,-20.706
-24.957,-29.614,-3.1055,28.616,-8.3015,-13.133,31.588,-18.851,-23.214,-26.206,-27.669,-20.322
-24.454,-28.508,-2.4357,27.804,-8.3017,-12.284,30.616,-18.667,-23.297,-26.094,-27.293,-19.954
-23.928,-27.367,-1.7186,26.958,-8.2979,-11.405,29.578,-18.45,-23.343,-25.922,-26.87,-19.586
-23.436,-26.253,-0.9407,26.139,-8.3183,-10.523,28.457,-18.226,-23.364,-25.688,-26.399,-19.195
-23.016,-25.216,-0.10827,25.391,-8.3748,-9.6576,27.239,-18.011,-23.372,-25.41,-25.884,-18.751
-22.674,-24.27,0.76118,24.723,-8.4584,-8.8158,25.919,-17.809,-23.371,-25.113,-25.332,-18.226
-22.375,-23.373,1.6435,24.1,-8.5439,-7.9769,24.511,-17.605,-23.344,-24.815,-24.745,-17.591
-22.054,-22.434,2.5256,23.446,-8.5999,-7.0905,23.053,-17.366,-23.257,-24.515,-24.104,-16.812
-21.635,-21.324,3.4101,22.662,-8.6,-6.0847,21.597,-17.046,-23.054,-24.187,-23.371,-15.851
-21.047,-19.916,4.3073,21.649,-8.5295,-4.8875,20.195,-16.6,-22.671,-23.789,-22.501,-14.666
-20.238,-18.116,5.2216,20.334,-8.3878,-3.4529,18.873,-15.99,-22.056,-23.278,-21.45,-13.226
-19.18,-15.89,6.1431,18.68,-8.1853,-1.7773,17.62,-15.196,-21.174,-22.618,-20.188,-11.516
-17.868,-13.265,7.0457,16.697,-7.9363,0.095169,16.387,-14.209,-20.011,-21.784,-18.687,-9.5453
-16.32,-10.333,7.8944,14.438,-7.6533,2.0804,15.099,-13.038,-18.571,-20.756,-16.934,-7.3417
-14.582,-7.2339,8.6574,11.997,-7.3438,4.0739,13.673,-11.707,-16.877,-19.527,-14.922,-4.9484
-12.729,-4.1289,9.3204,9.4958,-7.0105,5.9811,12.039,-10.254,-14.967,-18.094,-12.671,-2.4259
-10.86,-1.1588,9.8965,7.0551,-6.6556,7.7467,10.154,-8.7252,-12.884,-16.461,-10.219,0.14879
-9.081,1.5869,10.425,4.7744,-6.286,9.3665,8.0038,-7.1574,-10.663,-14.63,-7.6176,2.6911
-7.4787,4.091,10.963,2.7062,-5.9143,10.882,5.6001,-5.5636,-8.3047,-12.593,-4.9086,5.1329
-6.0836,6.4157,11.567,0.83438,-5.5508,12.365,2.9699,-3.9243,-5.7577,-10.308,-2.0953,7.4517
-4.8426,8.6988,12.274,-0.9356,-5.1942,13.904,0.15199,-2.1933,-2.9164,-7.6947,0.87012,9.6868
-3.6189,11.14,13.094,-2.7713,-4.8312,15.593,-2.8088,-0.31473,0.3526,-4.6397,4.0777,11.929
-2.2149,13.976,14.009,-4.8935,-4.4444,17.524,-5.8635,1.7596,4.1667,-1.0138,7.6323,14.287
-0.41246,17.452,14.995,-7.5403,-4.023,19.781,-8.9633,4.0593,8.5816,3.2929,11.614,16.855
1.9685,21.747,16.037,-10.903,-3.5746,22.42,-12.074,6.5861,13.557,8.3195,16.035,19.676
4.9913,26.895,17.146,-15.043,-3.1332,25.441,-15.203,9.3029,18.949,13.978,20.811,22.729
8.5362,32.724,18.353,-19.823,-2.7578,28.773,-18.415,12.131,24.548,20.044,25.779,25.942
12.316,38.898,19.698,-24.94,-2.5133,32.283,-21.834,14.963,30.149,26.226,30.753,29.221
15.992,45.041,21.218,-30.04,-2.4384,35.829,-25.608,17.693,35.596,32.282,35.596,32.48
19.313,50.862,22.924,-34.848,-2.5179,39.287,-29.875,20.243,40.799,38.089,40.256,35.667
22.183,56.215,24.803,-39.231,-2.6809,42.583,-34.718,22.575,45.714,43.636,44.753,38.766
24.664,61.092,26.816,-43.2,-2.8289,45.695,-40.126,24.691,50.321,48.983,49.16,41.805
26.929,65.592,28.915,-46.871,-2.8787,48.648,-46.001,26.62,54.614,54.214,53.586,44.847
29.189,69.861,31.061,-50.404,-2.7953,51.501,-52.185,28.399,58.597,59.408,58.165,47.985
31.621,74.044,33.248,-53.943,-2.6063,54.337,-58.516,30.064,62.279,64.639,63.057,51.324
34.311,78.249,35.511,-57.575,-2.3917,57.232,-64.871,31.639,65.677,69.97,68.425,54.964
37.252,82.549,37.906,-61.329,-2.2486,60.248,-71.169,33.141,68.818,75.441,74.384,58.978
40.399,86.997,40.477,-65.218,-2.2438,63.424,-77.364,34.583,71.736,81.05,80.939,63.397
43.74,91.641,43.226,-69.262,-2.375,66.79,-83.411,35.98,74.462,86.755,87.972,68.209
47.307,96.528,46.103,-73.483,-2.5632,70.368,-89.254,37.343,77.005,92.479,95.315,73.388
51.12,101.68,49.017,-77.869,-2.6831,74.171,-94.838,38.671,79.344,98.122,102.83,78.916
55.108,107.06,51.871,-82.352,-2.6151,78.181,-100.12,39.955,81.435,103.55,110.41,84.802
59.095,112.58,54.596,-86.805,-2.2941,82.334,-105.07,41.175,83.236,108.61,117.97,91.05
62.843,118.07,57.172,-91.061,-1.7333,86.506,-109.69,42.304,84.718,113.13,125.35,97.598
66.147,123.28,59.616,-94.944,-1.0191,90.541,-113.98,43.305,85.873,117.0,132.32,104.26
68.905,128.0,61.957,-98.329,-0.27959,94.293,-117.96,44.149,86.705,120.2,138.63,110.74
71.15,132.16,64.203,-101.2,0.36094,97.684,-121.63,44.824,87.246,122.77,144.17,116.73
73.028,135.78,66.338,-103.66,0.8297,100.72,-124.96,45.352,87.556,124.82,148.94,122.03
74.739,139.04,68.32,-105.87,1.1344,103.47,-127.93,45.787,87.732,126.52,153.11,126.65
76.452,142.11,70.108,-108.02,1.3545,106.01,-130.52,46.192,87.874,128.02,156.85,130.7
78.232,145.09,71.675,-110.18,1.5949,108.4,-132.73,46.611,88.055,129.4,160.27,134.33
80.03,147.98,73.02,-112.34,1.9284,110.62,-134.58,47.051,88.297,130.72,163.4,137.65
81.711,150.71,74.168,-114.43,2.358,112.67,-136.12,47.49,88.568,131.92,166.23,140.71
83.134,153.15,75.161,-116.31,2.8184,114.5,-137.43,47.891,88.813,132.97,168.7,143.48
84.201,155.2,76.047,-117.88,3.2091,116.06,-138.56,48.23,88.979,133.8,170.76,145.91
84.892,156.82,76.86,-119.1,3.4402,117.35,-139.58,48.504,89.03,134.42,172.4,147.95
85.25,158.03,77.616,-119.98,3.4695,118.37,-140.49,48.735,88.968,134.79,173.67,149.58
85.358,158.88,78.303,-120.58,3.3177,119.15,-141.29,48.964,88.83,134.96,174.62,150.84
85.305,159.46,78.89,-120.98,3.0542,119.71,-141.93,49.241,88.688,134.95,175.33,151.79
85.162,159.81,79.329,-121.22,2.7671,120.08,-142.38,49.607,88.616,134.81,175.87,152.49
84.97,159.9,79.575,-121.29,2.5332,120.22,-142.58,50.073,88.662,134.58,176.27,152.98
84.741,159.68,79.582,-121.17,2.4032,120.08,-142.54,50.617,88.824,134.28,176.54,153.23
84.468,159.07,79.316,-120.81,2.399,119.6,-142.24,51.196,89.061,133.88,176.63,153.15
84.14,158.0,78.743,-120.17,2.52,118.71,-141.65,51.764,89.311,133.39,176.47,152.58
83.745,156.43,77.823,-119.23,2.7476,117.34,-140.74,52.288,89.513,132.77,175.98,151.36
83.268,154.34,76.489,-118.01,3.0492,115.45,-139.45,52.751,89.629,132.0,175.1,149.32
82.691,151.71,74.67,-116.5,3.383,112.98,-137.71,53.155,89.641,131.04,173.76,146.36
81.983,148.54,72.336,-114.68,3.7048,109.91,-135.43,53.519,89.559,129.86,171.86,142.38
81.087,144.78,69.524,-112.51,3.9771,106.22,-132.57,53.869,89.397,128.42,169.28,137.27
79.904,140.36,66.307,-109.89,4.1822,101.91,-129.13,54.223,89.16,126.66,165.8,130.94
78.291,135.22,62.733,-106.69,4.3324,97.007,-125.13,54.581,88.823,124.52,161.19,123.39
76.11,129.35,58.802,-102.83,4.4632,91.582,-120.6,54.921,88.336,121.89,155.29,114.81
73.305,122.86,54.511,-98.322,4.6109,85.798,-115.57,55.211,87.638,118.67,148.14,105.61
69.936,115.92,49.921,-93.262,4.7886,79.858,-110.01,55.416,86.675,114.77,140.0,96.25
66.138,108.68,45.191,-87.792,4.9741,73.932,-103.92,55.5,85.394,110.16,131.19,87.08
62.034,101.25,40.529,-82.016,5.1135,68.092,-97.281,55.428,83.743,104.83,121.97,78.261
57.658,93.596,36.093,-75.95,5.1379,62.313,-90.127,55.165,81.654,98.83,112.44,69.815
52.955,85.63,31.937,-69.526,4.9905,56.504,-82.536,54.674,79.048,92.268,102.62,61.731
47.837,77.208,28.021,-62.641,4.6549,50.548,-74.622,53.92,75.842,85.331,92.603,54.007
42.273,68.196,24.276,-55.218,4.1699,44.333,-66.495,52.871,71.969,78.242,82.659,46.632
36.345,58.517,20.641,-47.263,3.6206,37.787,-58.235,51.499,67.402,71.185,73.176,39.535
30.227,48.215,17.085,-38.899,3.1068,30.916,-49.893,49.786,62.162,64.238,64.449,32.589
24.12,37.5,13.6,-30.347,2.7021,23.856,-41.514,47.718,56.318,57.37,56.517,25.692
18.166,26.748,10.201,-21.885,2.4244,16.862,-33.171,45.277,49.943,50.469,49.176,18.826
12.423,16.405,6.9229,-13.774,2.2323,10.231,-24.962,42.426,43.088,43.376,42.116,12.074
6.9042,6.8405,3.8139,-6.2115,2.0498,4.1866,-17.006,39.109,35.778,35.923,35.038,5.5785
1.6477,-1.737,0.9129,0.67682,1.8043,-1.175,-9.4282,35.278,28.064,28.004,27.729,-0.50654
-3.2386,-9.2608,-1.7699,6.8112,1.4593,-5.8607,-2.3508,30.939,20.095,19.685,20.122,-6.0463
-7.603,-15.743,-4.2511,12.142,1.0278,-9.923,4.1219,26.188,12.148,11.271,12.35,-10.939
-11.317,-21.228,-6.5546,16.651,0.56361,-13.42,9.9292,21.212,4.5898,3.2544,4.756,-15.128
-14.339,-25.787,-8.6883,20.367,0.13187,-16.405,15.063,16.245,-2.2501,-3.9038,-2.2213,-18.616
-16.732,-29.535,-10.636,23.383,-0.22741,-18.939,19.553,11.489,-8.1888,-9.9628,-8.2525,-21.461
-18.654,-32.644,-12.372,25.858,-0.5222,-21.107,23.44,7.0686,-13.216,-14.931,-13.239,-23.76
-20.301,-35.317,-13.879,27.991,-0.80267,-23.006,26.762,3.0182,-17.44,-18.967,-17.278,-25.63
-21.853,-37.743,-15.166,29.96,-1.133,-24.731,29.562,-0.68218,-21.008,-22.265,-20.559,-27.184
-23.416,-40.049,-16.256,31.882,-1.558,-26.342,31.892,-4.0675,-24.058,-24.997,-23.262,-28.517
-24.999,-42.275,-17.178,33.781,-2.082,-27.86,33.814,-7.1579,-26.695,-27.292,-25.521,-29.697
-26.536,-44.389,-17.957,35.608,-2.6684,-29.272,35.398,-9.95,-28.989,-29.238,-27.419,-30.762
-27.93,-46.322,-18.618,37.28,-3.2582,-30.55,36.716,-12.426,-30.984,-30.889,-29.002,-31.723
-29.112,-48.018,-19.179,38.729,-3.7953,-31.677,37.832,-14.571,-32.705,-32.281,-30.305,-32.582
-30.066,-49.461,-19.66,39.935,-4.2483,-32.657,38.792,-16.389,-34.164,-33.438,-31.363,-33.336
-30.833,-50.688,-20.081,40.935,-4.6197,-33.518,39.622,-17.908,-35.377,-34.391,-32.22,-33.994
-31.484,-51.773,-20.464,41.8,-4.9417,-34.305,40.331,-19.177,-36.369,-35.176,-32.924,-34.566
-32.096,-52.801,-20.823,42.611,-5.257,-35.063,40.919,-20.259,-37.171,-35.832,-33.521,-35.068
-32.714,-53.822,-21.168,43.418,-5.5938,-35.811,41.396,-21.208,-37.817,-36.393,-34.049,-35.509
-33.337,-54.832,-21.501,44.222,-5.9451,-36.541,41.781,-22.054,-38.33,-36.871,-34.529,-35.892
-33.919,-55.779,-21.817,44.976,-6.2687,-37.216,42.104,-22.796,-38.718,-37.262,-34.965,-36.21
-34.404,-56.596,-22.112,45.623,-6.5087,-37.799,42.397,-23.415,-38.986,-37.549,-35.351,-36.457
-34.749,-57.237,-22.383,46.121,-6.6242,-38.271,42.684,-23.888,-39.142,-37.719,-35.683,-36.631
-34.952,-57.702,-22.633,46.468,-6.6086,-38.645,42.972,-24.204,-39.201,-37.768,-35.96,-36.734
-35.048,-58.032,-22.867,46.701,-6.4934,-38.954,43.253,-24.373,-39.191,-37.713,-36.187,-36.778
-35.096,-58.297,-23.094,46.88,-6.3368,-39.241,43.509,-24.426,-39.143,-37.58,-36.372,-36.78
-35.157,-58.563,-23.317,47.063,-6.2021,-39.539,43.716,-24.407,-39.086,-37.405,-36.521,-36.765
-35.271,-58.869,-23.532,47.286,-6.1354,-39.856,43.854,-24.361,-39.043,-37.215,-36.639,-36.754
-35.445,-59.219,-23.73,47.552,-6.1487,-40.178,43.911,-24.322,-39.023,-37.028,-36.727,-36.761
-35.651,-59.58,-23.9,47.836,-6.2152,-40.474,43.889,-24.304,-39.023,-36.849,-36.782,-36.792
-35.841,-59.901,-24.035,48.089,-6.2815,-40.709,43.799,-24.3,-39.027,-36.672,-36.807,-36.842
-35.96,-60.126,-24.13,48.263,-6.292,-40.858,43.663,-24.284,-39.01,-36.486,-36.806,-36.902
-35.965,-60.213,-24.185,48.315,-6.2144,-40.905,43.505,-24.227,-38.943,-36.282,-36.782,-36.958
-35.847,-60.141,-24.197,48.233,-6.0538,-40.851,43.344,-24.104,-38.806,-36.055,-36.744,-36.999
-35.632,-59.925,-24.167,48.033,-5.8531,-40.713,43.189,-23.905,-38.587,-35.811,-36.697,-37.017
-35.374,-59.606,-24.095,47.758,-5.6773,-40.512,43.043,-23.64,-38.288,-35.557,-36.642,-37.01
-35.13,-59.231,-23.981,47.457,-5.5861,-40.265,42.901,-23.323,-37.918,-35.303,-36.577,-36.975
-34.928,-58.824,-23.829,47.156,-5.6038,-39.976,42.761,-22.97,-37.493,-35.056,-36.492,-36.908
-34.758,-58.375,-23.639,46.847,-5.7034,-39.626,42.622,-22.593,-37.026,-34.816,-36.373,-36.797
-34.571,-57.851,-23.414,46.493,-5.8167,-39.193,42.481,-22.201,-36.534,-34.583,-36.208,-36.631
-34.317,-57.223,-23.162,46.059,-5.8649,-38.667,42.33,-21.804,-36.038,-34.359,-35.995,-36.405
-33.962,-56.492,-22.895,45.529,-5.7916,-38.058,42.152,-21.413,-35.558,-34.147,-35.744,-36.123
-33.503,-55.689,-22.63,44.917,-5.5807,-37.4,41.925,-21.038,-35.104,-33.951,-35.468,-35.802
-32.968,-54.865,-22.381,44.262,-5.2564,-36.735,41.632,-20.682,-34.674,-33.769,-35.181,-35.46
-32.406,-54.078,-22.161,43.612,-4.8707,-36.104,41.265,-20.346,-34.253,-33.592,-34.895,-35.111
-31.868,-53.372,-21.976,43.013,-4.4865,-35.535,40.824,-20.032,-33.822,-33.411,-34.615,-34.76
-31.397,-52.774,-21.823,42.497,-4.1595,-35.039,40.321,-19.744,-33.364,-33.219,-34.347,-34.398
-31.013,-52.276,-21.697,42.071,-3.9181,-34.608,39.771,-19.484,-32.873,-33.007,-34.089,-34.009
-30.691,-51.829,-21.581,41.7,-3.7481,-34.206,39.197,-19.24,-32.34,-32.766,-33.831,-33.567
-30.369,-51.337,-21.457,41.309,-3.5945,-33.773,38.619,-18.975,-31.747,-32.48,-33.552,-33.045
-29.96,-50.684,-21.296,40.799,-3.3883,-33.239,38.051,-18.639,-31.068,-32.127,-33.22,-32.416
-29.386,-49.761,-21.061,40.078,-3.0841,-32.534,37.489,-18.178,-30.27,-31.684,-32.806,-31.664
-28.608,-48.5,-20.712,39.094,-2.6865,-31.608,36.898,-17.55,-29.326,-31.135,-32.289,-30.777
-27.63,-46.886,-20.201,37.842,-2.2478,-30.436,36.222,-16.736,-28.217,-30.464,-31.655,-29.759
-26.49,-44.944,-19.487,36.356,-1.8416,-29.015,35.388,-15.729,-26.934,-29.665,-30.897,-28.614
-25.234,-42.714,-18.54,34.676,-1.5283,-27.355,34.318,-14.54,-25.474,-28.733,-30.006,-27.353
-23.884,-40.226,-17.346,32.824,-1.3297,-25.465,32.931,-13.191,-23.84,-27.668,-28.971,-25.981
-22.425,-37.488,-15.916,30.792,-1.2226,-23.349,31.138,-11.716,-22.046,-26.476,-27.774,-24.497
-20.812,-34.48,-14.283,28.544,-1.1513,-21.004,28.835,-10.16,-20.112,-25.17,-26.398,-22.902
-18.978,-31.161,-12.482,26.028,-1.0523,-18.424,25.887,-8.5666,-18.061,-23.767,-24.828,-21.199
-16.86,-27.477,-10.543,23.192,-0.88015,-15.596,22.128,-6.9728,-15.912,-22.285,-23.055,-19.399
-14.419,-23.373,-8.4732,19.996,-0.62206,-12.498,17.393,-5.3884,-13.665,-20.737,-21.081,-17.516
-11.653,-18.804,-6.2647,16.418,-0.29967,-9.1081,11.591,-3.7918,-11.291,-19.122,-18.915,-15.555
-8.6042,-13.742,-3.9032,12.459,0.042171,-5.3987,4.7791,-2.1339,-8.7232,-17.417,-16.567,-13.501
-5.3298,-8.1659,-1.3817,8.1279,0.35508,-1.3424,-2.8581,-0.35191,-5.8651,-15.566,-14.033,-11.317
-1.8723,-2.0497,1.2907,3.4253,0.60823,3.0911,-11.133,1.6135,-2.6028,-13.48,-11.285,-8.9454
1.7763,4.6566,4.0851,-1.6825,0.80255,7.9302,-19.937,3.805,1.1648,-11.039,-8.2658,-6.3174
5.6811,12.015,6.9551,-7.2614,0.97093,13.182,-29.209,6.237,5.4909,-8.1129,-4.9084,-3.3757
9.9335,20.055,9.8469,-13.377,1.1618,18.804,-38.909,8.8866,10.347,-4.5999,-1.1741,-0.10058
14.596,28.716,12.713,-20.04,1.4129,24.691,-49.013,11.692,15.61,-0.46925,2.9117,3.466
19.641,37.782,15.522,-27.146,1.7309,30.669,-59.456,14.556,21.074,4.1969,7.2441,7.2154
24.918,46.875,18.253,-34.442,2.0878,36.522,-70.059,17.365,26.501,9.2002,11.658,10.995
30.162,55.531,20.877,-41.562,2.439,42.026,-80.509,19.997,31.667,14.275,15.973,14.651
35.098,63.35,23.331,-48.146,2.7533,47.001,-90.422,22.351,36.404,19.174,20.043,18.074
39.566,70.126,25.506,-53.979,3.0401,51.337,-99.463,24.36,40.618,23.737,23.791,21.223
43.583,75.873,27.262,-59.047,3.356,55.003,-107.44,26.005,44.284,27.91,27.214,24.131
47.307,80.766,28.485,-63.502,3.7873,58.048,-114.34,27.308,47.427,31.722,30.347,26.874
50.914,85.051,29.14,-67.561,4.4163,60.575,-120.21,28.316,50.094,35.226,33.229,29.523
54.488,88.947,29.306,-71.396,5.2914,62.706,-125.05,29.078,52.333,38.457,35.871,32.105
57.988,92.572,29.134,-75.074,6.4226,64.529,-128.74,29.634,54.164,41.403,38.248,34.586
61.302,95.932,28.775,-78.564,7.7918,66.081,-131.03,30.008,55.58,44.015,40.322,36.903
64.322,98.941,28.308,-81.771,9.351,67.337,-131.68,30.204,56.544,46.228,42.058,38.987
66.985,101.46,27.724,-84.581,11.026,68.226,-130.61,30.188,56.988,47.955,43.424,40.783
69.275,103.34,26.953,-86.884,12.755,68.646,-128.03,29.879,56.803,49.077,44.386,42.253
71.203,104.41,25.902,-88.588,14.525,68.488,-124.24,29.161,55.861,49.439,44.898,43.365
72.783,104.56,24.487,-89.607,16.372,67.646,-119.57,27.921,54.048,48.876,44.897,44.094
73.995,103.64,22.644,-89.852,18.332,66.04,-114.22,26.094,51.309,47.28,44.307,44.419
74.774,101.55,20.342,-89.223,20.381,63.627,-108.28,23.678,47.665,44.658,43.065,44.327
75.019,98.204,17.598,-87.608,22.398,60.409,-101.8,20.74,43.193,41.119,41.141,43.811
74.583,93.541,14.48,-84.886,24.191,56.426,-94.798,17.383,37.985,36.793,38.557,42.875
73.284,87.554,11.08,-80.954,25.578,51.736,-87.286,13.724,32.148,31.784,35.357,41.534
70.944,80.308,7.4901,-75.785,26.447,46.412,-79.309,9.8794,25.82,26.185,31.601,39.809
67.49,71.967,3.7731,-69.504,26.79,40.542,-70.918,5.967,19.204,20.134,27.361,37.727
63.052,62.798,-0.017363,-62.397,26.709,34.247,-62.172,2.1058,12.562,13.851,22.742,35.327
57.951,53.139,-3.79,-54.831,26.371,27.703,-53.146,-1.5978,6.1644,7.616,17.886,32.653
52.548,43.328,-7.3789,-47.127,25.907,21.135,-43.947,-5.072,0.21004,1.682,12.94,29.753
47.055,33.63,-10.576,-39.456,25.314,14.778,-34.721,-8.2907,-5.2116,-3.8036,8.0144,26.649
41.457,24.168,-13.227,-31.805,24.465,8.8147,-25.635,-11.266,-10.104,-8.8029,3.1591,23.336
35.566,14.962,-15.296,-24.048,23.183,3.3363,-16.841,-14.025,-14.506,-13.326,-1.6158,19.79
29.173,6.0345,-16.854,-16.093,21.335,-1.6371,-8.4498,-16.598,-18.454,-17.37,-6.2863,16.0
22.207,-2.4938,-18.016,-8.0304,18.907,-6.119,-0.55615,-19.008,-21.972,-20.914,-10.783,11.999
14.825,-10.418,-18.899,-0.14267,16.079,-10.13,6.7222,-21.274,-25.093,-23.96,-15.007,7.8759
7.3924,-17.533,-19.59,7.195,13.163,-13.688,13.248,-23.408,-27.869,-26.549,-18.865,3.7485
0.36032,-23.698,-20.149,13.679,10.447,-16.798,18.903,-25.422,-30.352,-28.758,-22.299,-0.26047
-5.8771,-28.887,-20.607,19.157,8.076,-19.481,23.642,-27.316,-32.602,-30.67,-25.287,-4.0423
-11.123,-33.166,-20.971,23.645,6.0453,-21.764,27.512,-29.083,-34.662,-32.346,-27.836,-7.4999
-15.408,-36.661,-21.237,27.278,4.2662,-23.688,30.621,-30.706,-36.561,-33.833,-29.956,-10.572
-18.898,-39.516,-21.392,30.234,2.6376,-25.278,33.098,-32.173,-38.312,-35.159,-31.659,-13.229
-21.766,-41.83,-21.423,32.651,1.0944,-26.549,35.079,-33.483,-39.914,-36.337,-32.941,-15.476
-24.115,-43.666,-21.337,34.612,-0.37896,-27.514,36.679,-34.658,-41.364,-37.376,-33.787,-17.344
-25.994,-45.062,-21.15,36.159,-1.7584,-28.191,37.991,-35.722,-42.667,-38.285,-34.176,-18.878
-27.449,-46.066,-20.889,37.33,-2.9977,-28.615,39.081,-36.709,-43.827,-39.083,-34.105,-20.126
-28.544,-46.757,-20.592,38.188,-4.0528,-28.849,39.988,-37.656,-44.854,-39.792,-33.616,-21.15
-29.37,-47.251,-20.298,38.828,-4.9063,-28.977,40.729,-38.606,-45.768,-40.451,-32.801,-22.007
-30.03,-47.683,-20.041,39.364,-5.5785,-29.096,41.309,-39.597,-46.597,-41.085,-31.818,-22.756
-30.623,-48.184,-19.849,39.907,-6.1172,-29.295,41.726,-40.656,-47.373,-41.712,-30.872,-23.449
-31.215,-48.834,-19.737,40.53,-6.5744,-29.625,41.985,-41.788,-48.123,-42.337,-30.183,-24.111
-31.819,-49.639,-19.706,41.245,-6.9834,-30.088,42.106,-42.97,-48.852,-42.95,-29.859,-24.737
-32.401,-50.527,-19.741,41.995,-7.3497,-30.633,42.123,-44.149,-49.567,-43.533,-29.838,-25.297
-32.897,-51.377,-19.821,42.685,-7.6567,-31.178,42.085,-45.261,-50.256,-44.062,-29.965,-25.752
-33.259,-52.073,-19.92,43.227,-7.8821,-31.643,42.037,-46.253,-50.904,-44.52,-30.103,-26.077
-33.472,-52.546,-20.015,43.575,-8.0173,-31.981,42.016,-47.111,-51.507,-44.9,-30.203,-26.266
-33.568,-52.8,-20.094,43.745,-8.0785,-32.186,42.043,-47.856,-52.073,-45.208,-30.286,-26.342
-33.608,-52.898,-20.162,43.801,-8.1015,-32.292,42.115,-48.536,-52.62,-45.463,-30.404,-26.351
-33.654,-52.946,-20.235,43.827,-8.1216,-32.366,42.219,-49.181,-53.168,-45.687,-30.595,-26.35
-33.749,-53.041,-20.342,43.895,-8.1549,-32.471,42.339,-49.767,-53.702,-45.899,-30.863,-26.397
-33.902,-53.246,-20.508,44.048,-8.1879,-32.656,42.456,-50.199,-54.169,-46.11,-31.175,-26.546
-34.083,-53.561,-20.734,44.276,-8.184,-32.92,42.561,-50.302,-54.474,-46.292,-31.489,-26.82
-34.231,-53.911,-20.996,44.514,-8.1024,-33.22,42.644,-49.838,-54.481,-46.381,-31.787,-27.213
-34.28,-54.186,-21.245,44.678,-7.9253,-33.478,42.694,-48.566,-54.042,-46.277,-32.131,-27.691
-34.19,-54.276,-21.417,44.694,-7.672,-33.606,42.691,-46.377,-53.025,-45.856,-32.658,-28.201
-33.949,-54.106,-21.468,44.517,-7.3784,-33.541,42.616,-43.689,-51.353,-44.995,-33.45,-28.681
-33.55,-53.643,-21.404,44.12,-7.0442,-33.268,42.457,-42.195,-49.082,-43.592,-34.403,-29.055
-32.946,-52.894,-21.321,43.477,-6.5808,-32.835,42.219,-45.735,-46.504,-41.611,-35.214,-29.218
-32.013,-51.9,-21.44,42.533,-5.7934,-32.371,41.919,-57.012,-44.547,-39.193,-35.51,-29.031
-30.513,-50.72,-22.039,41.186,-4.4599,-32.067,41.572,-66.02,-46.456,-37.255,-34.934,-28.286
-28.028,-49.403,-23.257,39.259,-4.8132,-32.142,41.154,-64.215,-59.084,-40.603,-33.178,-26.644
-24.231,-47.951,-24.771,36.45,-13.264,-32.755,40.565,-54.437,-69.296,-56.899,-30.775,-23.557
-22.746,-46.26,-24.573,32.268,-12.435,-33.896,39.579,-37.069,-60.503,-62.096,-36.182,-18.619
-30.881,-44.058,-22.307,26.044,-10.942,-35.298,37.771,-12.404,-42.852,-53.542,-50.969,-16.166
-29.92,-40.799,-18.264,17.904,-9.6277,-36.508,34.438,18.1,-19.414,-39.177,-50.956,-30.047
-24.077,-35.502,-12.807,13.303,-8.5625,-37.214,29.866,53.338,9.2138,-18.91,-45.308,-34.471
-16.542,-26.457,-8.7475,15.962,-6.5366,-37.505,32.643,92.991,42.706,7.6625,-34.894,-29.232
-5.8309,-12.029,-10.237,10.501,-0.23856,-37.329,40.362,136.02,81.122,40.979,-18.469,-20.452
10.584,-1.9826,-22.345,1.0044,15.293,-35.703,39.831,182.4,125.96,82.222,5.9163,-7.3402
35.953,-9.5077,-49.372,-10.385,43.925,-31.786,34.877,238.73,181.03,133.42,40.964,11.962
73.701,-14.304,-92.271,-26.039,85.024,-37.288,26.029,314.61,252.83,197.2,89.135,40.245
126.03,-16.41,-148.14,-49.292,138.49,-64.794,10.889,416.05,348.65,278.05,151.33,80.539
193.4,-13.172,-210.36,-83.892,202.96,-91.312,-13.889,543.66,472.16,380.56,228.58,134.64
275.59,0.099033,-273.16,-133.53,274.84,-113.23,-52.179,690.08,619.38,504.61,323.72,202.96
369.6,30.239,-328.97,-200.03,348.56,-124.56,-106.14,839.02,777.68,644.3,437.44,287.03
468.37,84.981,-367.69,-281.47,415.64,-117.3,-173.11,967.14,926.75,788.29,566.73,387.91
561.37,167.73,-376.55,-372.16,465.22,-86.28,-247.3,1048.5,1042.3,921.55,704.69,501.58
636.25,270.67,-347.56,-462.61,487.34,-29.597,-321.49,1061.1,1102.4,1028.4,841.24,620.03
681.74,378.11,-281.74,-540.94,476.49,49.364,-386.11,993.93,1093.8,1096.3,965.41,733.26
690.86,475.86,-188.39,-595.82,433.39,140.27,-431.75,851.76,1016.2,1118.8,1067.1,830.91
662.72,549.59,-82.612,-619.44,365.15,226.27,-451.78,654.97,882.46,1097.7,1139.0,903.88
602.24,588.09,18.359,-608.89,283.13,292.04,-443.79,434.69,714.61,1041.5,1176.7,945.26
517.62,585.95,99.602,-565.56,199.38,328.34,-409.36,224.21,537.34,960.92,1176.8,950.03
417.44,543.13,151.81,-493.52,123.18,331.37,-352.58,49.752,370.53,864.24,1135.5,914.23
308.84,463.95,172.62,-398.34,59.488,302.63,-278.6,-75.665,224.63,754.3,1047.7,835.25
197.31,356.06,166.03,-286.63,9.3087,247.5,-193.03,-152.88,100.71,629.89,910.61,713.69
87.995,229.78,139.02,-166.22,-29.15,173.85,-102.37,-192.66,-5.5675,490.14,728.08,556.28
-12.809,97.356,98.152,-46.651,-57.767,90.935,-14.041,-209.61,-98.576,338.56,514.6,377.4
-97.197,-28.24,49.764,61.175,-73.915,8.5199,64.552,-215.78,-179.04,183.68,293.98,197.41
-158.86,-135.33,0.0081577,147.39,-77.195,-64.542,127.78,-217.12,-243.62,37.832,93.22,37.687
-195.12,-215.59,-45.924,206.46,-69.037,-122.2,172.7,-213.73,-287.16,-83.226,-65.217,-85.272
-206.18,-265.38,-84.272,237.55,-50.88,-162.36,198.33,-201.84,-305.07,-163.51,-167.26,-161.91
-195.54,-286.49,-112.81,243.42,-26.498,-185.65,205.49,-175.68,-295.47,-201.11,-212.96,-194.94
-169.73,-284.18,-130.23,229.48,-1.6435,-194.29,197.1,-132.09,-261.39,-202.74,-213.32,-193.5
-136.98,-264.84,-137.62,202.79,19.088,-191.39,177.79,-82.858,-211.85,-179.3,-184.23,-169.79
-102.91,-235.23,-138.29,170.25,33.197,-179.38,152.61,-41.074,-158.3,-142.85,-143.2,-137.42
-69.386,-199.92,-134.12,133.86,40.554,-160.26,124.62,-6.0763,-109.97,-103.96,-104.72,-107.45
-52.268,-163.13,-124.91,104.69,41.649,-135.66,101.14,23.421,-71.503,-69.779,-75.883,-85.004
-43.024,-139.5,-111.72,90.339,37.869,-113.37,85.542,45.64,-44.56,-41.87,-57.464,-67.405
-36.733,-123.62,-96.857,79.973,32.3,-98.232,74.826,57.791,-28.18,-35.995,-47.71,-53.801
-33.755,-110.57,-82.406,71.754,26.146,-86.744,67.932,58.189,-19.231,-32.369,-45.598,-52.09
-33.014,-100.1,-69.927,65.094,19.651,-77.679,63.104,44.594,-15.377,-28.446,-42.804,-50.072
-32.947,-91.001,-59.969,59.105,16.98,-70.29,58.902,20.304,-17.79,-27.435,-41.267,-46.659
-32.389,-82.255,-52.029,54.104,16.631,-63.68,54.668,4.2355,-27.42,-27.94,-40.254,-42.568
-31.553,-74.224,-45.325,50.628,15.148,-57.388,50.869,0.63219,-32.385,-27.906,-38.826,-39.389
-30.795,-67.92,-39.232,48.278,12.392,-51.607,48.137,1.0364,-31.884,-27.225,-37.288,-37.405
-30.227,-63.397,-33.433,46.499,9.1084,-46.789,46.336,0.81899,-30.434,-26.445,-36.068,-36.169
-29.829,-60.032,-28.235,45.009,6.0084,-43.008,45.133,-0.97814,-29.289,-25.883,-35.236,-35.405
-29.543,-57.332,-24.832,43.703,3.5147,-40.002,44.301,-3.9786,-28.732,-25.696,-34.749,-34.975
-29.335,-55.093,-23.467,42.57,1.6875,-37.544,43.695,-7.5835,-28.777,-25.912,-34.519,-34.783
-29.222,-53.284,-22.83,41.655,0.37809,-35.538,43.21,-11.251,-29.277,-26.452,-34.456,-34.757
-29.241,-51.917,-22.185,41.008,-0.60184,-33.947,42.775,-14.569,-30.033,-27.212,-34.489,-34.844
-29.395,-50.954,-21.437,40.624,-1.405,-32.717,42.352,-17.32,-30.883,-28.103,-34.572,-35.006
-29.627,-50.273,-20.615,40.426,-2.1238,-31.744,41.933,-19.475,-31.725,-29.062,-34.671,-35.209
-29.836,-49.699,-19.733,40.283,-2.7879,-30.899,41.528,-21.106,-32.499,-30.039,-34.769,-35.426
-29.928,-49.059,-18.79,40.059,-3.3768,-30.063,41.155,-22.295,-33.173,-30.986,-34.851,-35.632
-29.849,-48.242,-17.792,39.667,-3.8562,-29.16,40.82,-23.104,-33.724,-31.859,-34.915,-35.812
-29.602,-47.22,-16.761,39.084,-4.2071,-28.169,40.514,-23.589,-34.142,-32.629,-34.958,-35.96
-29.24,-46.053,-15.727,38.355,-4.4454,-27.116,40.214,-23.813,-34.426,-33.28,-34.982,-36.078
-28.842,-44.846,-14.719,37.567,-4.6211,-26.056,39.886,-23.857,-34.593,-33.817,-34.988,-36.171
-28.483,-43.71,-13.755,36.812,-4.7944,-25.051,39.501,-23.805,-34.671,-34.25,-34.97,-36.242
-28.198,-42.7,-12.838,36.144,-5.0017,-24.133,39.041,-23.728,-34.686,-34.595,-34.914,-36.281
-27.964,-41.795,-11.953,35.552,-5.2362,-23.293,38.513,-23.66,-34.66,-34.864,-34.798,-36.27
-27.711,-40.909,-11.073,34.968,-5.4552,-22.48,37.947,-23.593,-34.603,-35.064,-34.602,-36.188
-27.358,-39.938,-10.17,34.307,-5.6059,-21.628,37.388,-23.493,-34.51,-35.195,-34.315,-36.021
-26.849,-38.808,-9.2287,33.505,-5.6555,-20.688,36.883,-23.316,-34.373,-35.259,-33.944,-35.764
-26.178,-37.499,-8.2562,32.542,-5.6037,-19.646,36.46,-23.036,-34.183,-35.258,-33.511,-35.428
-25.389,-36.061,-7.2835,31.456,-5.4799,-18.536,36.11,-22.651,-33.941,-35.203,-33.056,-35.03
-24.566,-34.602,-6.3528,30.33,-5.3312,-17.427,35.788,-22.192,-33.658,-35.106,-32.619,-34.592
-23.81,-33.254,-5.5005,29.276,-5.2047,-16.399,35.434,-21.709,-33.353,-34.98,-32.233,-34.132
-23.21,-32.131,-4.7388,28.395,-5.1294,-15.516,34.993,-21.252,-33.049,-34.825,-31.908,-33.651
-22.815,-31.278,-4.0433,27.744,-5.1086,-14.792,34.439,-20.855,-32.763,-34.639,-31.627,-33.136
-22.611,-30.659,-3.3677,27.314,-5.1225,-14.193,33.77,-20.527,-32.506,-34.411,-31.359,-32.566
-22.534,-30.18,-2.6603,27.039,-5.147,-13.654,33.005,-20.26,-32.285,-34.143,-31.078,-31.927
-22.506,-29.742,-1.8841,26.841,-5.172,-13.114,32.168,-20.033,-32.104,-33.847,-30.778,-31.229
-22.482,-29.287,-1.0238,26.664,-5.2095,-12.543,31.281,-19.826,-31.966,-33.549,-30.477,-30.505
-22.471,-28.814,-0.078643,26.5,-5.2935,-11.944,30.357,-19.616,-31.866,-33.275,-30.203,-29.797
-22.517,-28.343,0.94812,26.371,-5.4621,-11.329,29.394,-19.375,-31.784,-33.038,-29.981,-29.138
-22.649,-27.87,2.0482,26.277,-5.7378,-10.684,28.385,-19.072,-31.682,-32.832,-29.813,-28.531
-22.838,-27.332,3.197,26.168,-6.1126,-9.9681,27.328,-18.677,-31.511,-32.63,-29.672,-27.944
-23.008,-26.63,4.352,25.949,-6.5489,-9.1251,26.236,-18.171,-31.223,-32.399,-29.516,-27.324
-23.061,-25.669,5.4706,25.522,-6.9958,-8.1095,25.135,-17.558,-30.79,-32.108,-29.303,-26.611
-22.917,-24.397,6.5336,24.823,-7.4098,-6.8991,24.046,-16.865,-30.206,-31.742,-29.009,-25.766
-22.54,-22.818,7.5548,23.848,-7.7683,-5.5056,22.973,-16.142,-29.49,-31.31,-28.635,-24.782
-21.957,-21.005,8.5701,22.66,-8.0693,-3.9707,21.884,-15.441,-28.678,-30.834,-28.199,-23.688
-21.244,-19.07,9.616,21.368,-8.3182,-2.3539,20.729,-14.803,-27.813,-30.341,-27.723,-22.542
-20.488,-17.113,10.714,20.072,-8.5125,-0.7041,19.453,-14.239,-26.929,-29.852,-27.211,-21.4
-19.738,-15.167,11.868,18.815,-8.6363,0.97075,18.03,-13.712,-26.031,-29.361,-26.641,-20.293
-18.989,-13.174,13.081,17.558,-8.6673,2.7169,16.474,-13.155,-25.084,-28.832,-25.96,-19.207
-18.197,-11.02,14.362,16.211,-8.5938,4.615,14.839,-12.491,-24.018,-28.21,-25.101,-18.09
-17.331,-8.6073,15.728,14.701,-8.4311,6.7404,13.191,-11.666,-22.759,-27.438,-24.0,-16.869
-16.415,-5.9016,17.197,13.015,-8.2245,9.1273,11.582,-10.674,-21.259,-26.476,-22.61,-15.482
-15.514,-2.9411,18.784,11.211,-8.0379,11.76,10.02,-9.5566,-19.512,-25.309,-20.915,-13.886
-14.698,0.20787,20.491,9.3633,-7.9322,14.588,8.4784,-8.3816,-17.553,-23.942,-18.929,-12.066
-13.989,3.4974,22.307,7.5192,-7.9486,17.551,6.904,-7.2123,-15.434,-22.39,-16.685,-10.023
-13.354,6.9088,24.211,5.6739,-8.1004,20.585,5.2369,-6.0778,-13.194,-20.671,-14.221,-7.7716
-12.714,10.442,26.159,3.7789,-8.3697,23.623,3.4266,-4.9566,-10.829,-18.789,-11.563,-5.3257
-11.965,14.116,28.086,1.7478,-8.709,26.612,1.4512,-3.7784,-8.2639,-16.713,-8.6952,-2.6845
-10.995,17.986,29.917,-0.53119,-9.0531,29.53,-0.67537,-2.444,-5.3556,-14.349,-5.5479,0.18816
-9.7275,22.118,31.602,-3.1591,-9.3494,32.388,-2.9155,-0.85991,-1.9349,-11.537,-2.0046,3.3619
-8.1529,26.551,33.154,-6.1789,-9.5862,35.222,-5.2344,1.0289,2.1201,-8.0754,2.0552,6.9113
-6.3387,31.249,34.664,-9.5485,-9.7976,38.063,-7.6196,3.2215,6.8159,-3.7771,6.6992,10.872
-4.4028,36.108,36.276,-13.146,-10.036,40.93,-10.085,5.6594,12.018,1.4452,11.894,15.211
-2.4742,40.989,38.145,-16.814,-10.332,43.823,-12.661,8.248,17.486,7.505,17.493,19.825
-0.64559,45.791,40.386,-20.423,-10.675,46.739,-15.383,10.898,22.967,14.134,23.28,24.578
1.066,50.495,43.04,-23.945,-11.014,49.684,-18.282,13.566,28.303,20.985,29.049,29.35
2.7338,55.165,46.053,-27.457,-11.274,52.675,-21.383,16.266,33.476,27.79,34.675,34.072
4.5041,59.899,49.284,-31.104,-11.384,55.739,-24.715,19.039,38.564,34.432,40.13,38.729
6.5599,64.765,52.544,-35.032,-11.294,58.896,-28.325,21.912,43.642,40.919,45.461,43.352
9.087,69.777,55.666,-39.337,-10.996,62.161,-32.265,24.861,48.718,47.31,50.764,48.012
12.248,74.91,58.552,-44.046,-10.524,65.544,-36.577,27.808,53.711,53.666,56.17,52.817
16.148,80.142,61.172,-49.117,-9.9461,69.065,-41.252,30.652,58.505,60.044,61.858,57.916
20.776,85.483,63.546,-54.46,-9.3494,72.753,-46.233,33.311,63.013,66.503,68.037,63.496
25.957,90.975,65.725,-59.964,-8.8163,76.639,-51.432,35.753,67.216,73.095,74.878,69.739
31.41,96.655,67.764,-65.524,-8.4053,80.724,-56.776,37.994,71.151,79.83,82.405,76.715
36.867,102.52,69.717,-71.058,-8.1346,84.965,-62.232,40.075,74.879,86.644,90.435,84.279
42.16,108.48,71.621,-76.494,-7.9794,89.27,-67.792,42.028,78.447,93.421,98.656,92.07
47.198,114.41,73.504,-81.746,-7.883,93.523,-73.454,43.86,81.858,100.03,106.81,99.701
51.894,120.12,75.389,-86.688,-7.7805,97.603,-79.192,45.542,85.056,106.32,114.79,106.93
56.119,125.45,77.296,-91.169,-7.6236,101.41,-84.946,47.033,87.954,112.13,122.57,113.69
59.748,130.26,79.234,-95.071,-7.3912,104.89,-90.633,48.297,90.466,117.3,130.12,119.97
62.756,134.54,81.189,-98.374,-7.0886,108.04,-96.164,49.327,92.553,121.71,137.27,125.71
65.241,138.39,83.132,-101.18,-6.7492,110.89,-101.46,50.138,94.231,125.34,143.79,130.84
67.35,141.96,85.023,-103.64,-6.4366,113.49,-106.45,50.767,95.557,128.29,149.48,135.3
69.213,145.35,86.823,-105.92,-6.2293,115.9,-111.08,51.263,96.617,130.68,154.29,139.11
70.922,148.62,88.489,-108.13,-6.1842,118.14,-115.34,51.683,97.503,132.66,158.34,142.39
72.544,151.75,89.987,-110.31,-6.302,120.2,-119.21,52.078,98.3,134.34,161.79,145.28
74.116,154.66,91.287,-112.44,-6.5155,122.07,-122.69,52.477,99.065,135.81,164.83,147.92
75.637,157.27,92.374,-114.47,-6.7136,123.72,-125.78,52.881,99.818,137.14,167.55,150.41
77.073,159.54,93.262,-116.32,-6.7902,125.14,-128.52,53.272,100.55,138.35,170.03,152.78
78.377,161.42,93.987,-117.92,-6.6918,126.33,-130.91,53.618,101.23,139.43,172.24,155.02
79.505,162.9,94.604,-119.22,-6.4339,127.29,-133.0,53.888,101.82,140.37,174.15,157.08
80.426,164.01,95.166,-120.2,-6.0826,128.04,-134.82,54.07,102.32,141.16,175.73,158.9
81.129,164.79,95.709,-120.87,-5.718,128.61,-136.42,54.173,102.71,141.8,176.99,160.42
81.624,165.3,96.237,-121.28,-5.4023,129.04,-137.83,54.239,103.01,142.3,177.96,161.61
81.951,165.64,96.722,-121.52,-5.1616,129.36,-139.06,54.326,103.24,142.69,178.69,162.48
82.171,165.89,97.12,-121.69,-4.9835,129.6,-140.08,54.491,103.42,143.0,179.27,163.07
82.352,166.07,97.378,-121.87,-4.8266,129.77,-140.88,54.763,103.58,143.27,179.75,163.43
82.552,166.21,97.448,-122.1,-4.6319,129.85,-141.39,55.144,103.74,143.54,180.18,163.63
82.794,166.26,97.283,-122.34,-4.3378,129.81,-141.62,55.607,103.91,143.81,180.56,163.71
83.046,166.11,96.837,-122.53,-3.9002,129.59,-141.53,56.107,104.07,144.08,180.84,163.66
83.235,165.67,96.059,-122.54,-3.3123,129.11,-141.15,56.593,104.19,144.29,180.92,163.43
83.287,164.78,94.893,-122.27,-2.6102,128.27,-140.46,57.018,104.26,144.39,180.7,162.92
83.145,163.33,93.275,-121.6,-1.859,126.97,-139.41,57.354,104.21,144.31,180.11,162.02
82.766,161.18,91.149,-120.44,-1.1248,125.08,-137.95,57.598,104.03,144.0,179.09,160.67
82.107,158.19,88.488,-118.71,-0.45124,122.5,-136.0,57.779,103.68,143.43,177.57,158.79
81.118,154.26,85.307,-116.34,0.15127,119.09,-133.44,57.937,103.18,142.58,175.48,156.34
79.736,149.31,81.658,-113.29,0.69854,114.77,-130.21,58.103,102.53,141.44,172.67,153.23
77.889,143.33,77.599,-109.54,1.216,109.49,-126.27,58.281,101.74,139.98,168.96,149.35
75.508,136.41,73.17,-105.1,1.7241,103.28,-121.65,58.444,100.8,138.16,164.18,144.58
72.559,128.72,68.384,-100.03,2.2332,96.317,-116.39,58.548,99.699,135.9,158.29,138.84
69.071,120.5,63.232,-94.407,2.7443,88.875,-110.54,58.548,98.389,133.13,151.43,132.21
65.133,111.94,57.704,-88.344,3.2514,81.26,-104.11,58.406,96.82,129.78,143.84,124.84
60.857,103.16,51.83,-81.921,3.7382,73.707,-97.081,58.09,94.909,125.79,135.77,116.92
56.312,94.185,45.705,-75.171,4.1751,66.304,-89.454,57.566,92.544,121.06,127.27,108.54
51.502,84.916,39.488,-68.062,4.528,59.004,-81.274,56.787,89.6,115.43,118.25,99.711
46.397,75.232,33.374,-60.54,4.7826,51.678,-72.672,55.704,85.982,108.78,108.54,90.474
41.006,65.026,27.538,-52.577,4.9664,44.184,-63.827,54.279,81.667,101.14,98.086,81.04
35.404,54.248,22.087,-44.209,5.1465,36.421,-54.9,52.501,76.726,92.805,87.22,71.84
29.721,42.968,17.022,-35.557,5.3956,28.393,-45.985,50.387,71.287,84.256,76.668,63.328
24.094,31.441,12.272,-26.842,5.7459,20.274,-37.123,47.946,65.449,75.901,67.141,55.698
18.603,20.081,7.757,-18.324,6.165,12.378,-28.34,45.145,59.224,67.903,58.853,48.824
13.241,9.3158,3.4417,-10.213,6.5703,5.0213,-19.675,41.892,52.532,60.183,51.53,42.421
7.9743,-0.54629,-0.64894,-2.638,6.8721,-1.5957,-11.198,38.076,45.256,52.513,44.724,36.199
2.8433,-9.3296,-4.4564,4.295,7.0171,-7.4037,-3.0139,33.628,37.35,44.615,38.032,29.946
-2.0029,-16.958,-7.9197,10.477,7.0082,-12.414,4.726,28.598,28.946,36.268,31.191,23.555
-6.3713,-23.44,-10.997,15.829,6.8913,-16.678,11.829,23.187,20.394,27.452,24.111,17.063
-10.126,-28.862,-13.67,20.344,6.7257,-20.278,18.107,17.69,12.154,18.47,16.895,10.643
-13.236,-33.356,-15.947,24.086,6.5578,-23.308,23.449,12.389,4.6071,9.8733,9.7973,4.5404
-15.765,-37.073,-17.854,27.163,6.4036,-25.869,27.844,7.4627,-2.0663,2.178,3.1157,-1.0248
-17.84,-40.167,-19.434,29.709,6.2388,-28.061,31.373,2.9664,-7.8741,-4.3768,-2.9227,-5.9341
-19.614,-42.795,-20.738,31.869,6.004,-29.976,34.158,-1.1241,-12.918,-9.8319,-8.2204,-10.179
-21.243,-45.11,-21.814,33.787,5.6278,-31.694,36.332,-4.8623,-17.307,-14.365,-12.795,-13.825
-22.851,-47.248,-22.699,35.589,5.0592,-33.279,38.015,-8.2933,-21.126,-18.161,-16.724,-16.962
-24.497,-49.297,-23.425,37.352,4.2966,-34.767,39.31,-11.439,-24.441,-21.355,-20.09,-19.67
-26.155,-51.281,-24.015,39.085,3.4021,-36.165,40.305,-14.298,-27.314,-24.037,-22.951,-21.998
-27.733,-53.166,-24.492,40.74,2.4872,-37.458,41.077,-16.859,-29.799,-26.269,-25.348,-23.975
-29.139,-54.899,-24.877,42.257,1.6689,-38.625,41.69,-19.112,-31.943,-28.107,-27.321,-25.627
-30.326,-56.455,-25.191,43.601,1.0231,-39.664,42.193,-21.06,-33.781,-29.605,-28.925,-26.999
-31.304,-57.843,-25.456,44.779,0.56471,-40.598,42.615,-22.724,-35.34,-30.813,-30.218,-28.142
-32.106,-59.09,-25.696,45.809,0.26138,-41.459,42.976,-24.139,-36.647,-31.775,-31.259,-29.105
-32.763,-60.209,-25.926,46.699,0.061472,-42.261,43.289,-25.338,-37.724,-32.529,-32.094,-29.917
-33.295,-61.183,-26.156,47.441,-0.083201,-42.993,43.565,-26.346,-38.589,-33.099,-32.763,-30.593
-33.716,-61.984,-26.381,48.026,-0.20874,-43.628,43.814,-27.182,-39.265,-33.507,-33.296,-31.137
-34.045,-62.597,-26.594,48.458,-0.33756,-44.143,44.039,-27.859,-39.778,-33.776,-33.723,-31.56
-34.297,-63.035,-26.783,48.762,-0.47442,-44.534,44.239,-28.387,-40.163,-33.936,-34.073,-31.882
-34.484,-63.329,-26.938,48.966,-0.60187,-44.816,44.408,-28.771,-40.449,-34.02,-34.367,-32.13
-34.604,-63.512,-27.054,49.091,-0.68246,-45.01,44.538,-29.012,-40.653,-34.057,-34.617,-32.328
-34.646,-63.602,-27.128,49.143,-0.67234,-45.136,44.627,-29.107,-40.769,-34.059,-34.824,-32.487
-34.599,-63.606,-27.159,49.121,-0.54421,-45.202,44.676,-29.061,-40.783,-34.025,-34.981,-32.605
-34.469,-63.527,-27.15,49.028,-0.30611,-45.213,44.693,-28.896,-40.681,-33.943,-35.082,-32.673
-34.276,-63.373,-27.108,48.875,-0.00036017,-45.169,44.685,-28.651,-40.471,-33.798,-35.125,-32.684
-34.048,-63.153,-27.046,48.676,0.31452,-45.069,44.663,-28.373,-40.177,-33.583,-35.112,-32.64
-33.818,-62.882,-26.977,48.451,0.58121,-44.913,44.633,-28.102,-39.833,-33.297,-35.057,-32.557
-33.619,-62.591,-26.911,48.226,0.75197,-44.716,44.599,-27.867,-39.478,-32.959,-34.978,-32.461
-33.487,-62.322,-26.849,48.038,0.79564,-44.499,44.558,-27.682,-39.148,-32.595,-34.899,-32.385
-33.441,-62.108,-26.783,47.911,0.71185,-44.281,44.502,-27.537,-38.867,-32.239,-34.841,-32.351
-33.463,-61.948,-26.702,47.838,0.54526,-44.065,44.424,-27.4,-38.636,-31.907,-34.808,-32.363
-33.492,-61.796,-26.598,47.77,0.37897,-43.834,44.32,-27.222,-38.424,-31.596,-34.788,-32.398
-33.449,-61.589,-26.476,47.642,0.29904,-43.571,44.191,-26.957,-38.189,-31.283,-34.756,-32.419
-33.287,-61.283,-26.343,47.413,0.35029,-43.267,44.042,-26.597,-37.904,-30.945,-34.691,-32.387
-33.016,-60.88,-26.215,47.088,0.51152,-42.931,43.877,-26.172,-37.579,-30.572,-34.582,-32.278
-32.703,-60.429,-26.1,46.721,0.70322,-42.584,43.692,-25.741,-37.253,-30.181,-34.435,-32.098
-32.435,-59.991,-26.001,46.384,0.82367,-42.249,43.485,-25.365,-36.972,-29.804,-34.261,-31.876
-32.272,-59.603,-25.91,46.12,0.7968,-41.929,43.256,-25.082,-36.764,-29.472,-34.07,-31.651
-32.213,-59.252,-25.813,45.925,0.60992,-41.603,43.011,-24.888,-36.622,-29.202,-33.86,-31.458
-32.199,-58.882,-25.697,45.744,0.3234,-41.237,42.763,-24.74,-36.508,-28.99,-33.621,-31.315
-32.137,-58.43,-25.556,45.503,0.04642,-40.804,42.526,-24.572,-36.367,-28.815,-33.345,-31.217
-31.946,-57.86,-25.397,45.149,-0.11046,-40.3,42.308,-24.323,-36.153,-28.648,-33.024,-31.148
-31.592,-57.19,-25.233,44.675,-0.081839,-39.755,42.111,-23.963,-35.845,-28.463,-32.663,-31.087
-31.097,-56.475,-25.08,44.119,0.13001,-39.215,41.924,-23.505,-35.45,-28.243,-32.269,-31.02
-30.524,-55.786,-24.944,43.542,0.46275,-38.722,41.731,-22.99,-34.997,-27.983,-31.849,-30.939
-29.954,-55.167,-24.82,43.002,0.8212,-38.287,41.511,-22.465,-34.51,-27.691,-31.407,-30.842
-29.447,-54.613,-24.682,42.522,1.1104,-37.882,41.239,-21.958,-33.997,-27.378,-30.935,-30.723
-29.019,-54.057,-24.494,42.077,1.2657,-37.436,40.892,-21.464,-33.438,-27.053,-30.417,-30.57
-28.633,-53.389,-24.214,41.595,1.2746,-36.855,40.451,-20.941,-32.783,-26.711,-29.826,-30.356
-28.214,-52.486,-23.8,40.982,1.1827,-36.05,39.902,-20.319,-31.973,-26.329,-29.13,-30.043
-27.671,-51.25,-23.222,40.146,1.0766,-34.963,39.23,-19.523,-30.946,-25.875,-28.294,-29.586
-26.925,-49.627,-22.461,39.024,1.0443,-33.574,38.418,-18.495,-29.659,-25.305,-27.289,-28.945
-25.926,-47.611,-21.51,37.591,1.1301,-31.901,37.437,-17.21,-28.085,-24.573,-26.095,-28.088
-24.662,-45.231,-20.371,35.859,1.3151,-29.976,36.238,-15.688,-26.219,-23.639,-24.705,-27.002
-23.151,-42.511,-19.041,33.845,1.5336,-27.821,34.751,-13.975,-24.076,-22.471,-23.125,-25.684
-21.407,-39.448,-17.508,31.55,1.711,-25.426,32.865,-12.128,-21.68,-21.048,-21.367,-24.143
-19.429,-36.004,-15.742,28.942,1.7937,-22.756,30.424,-10.2,-19.065,-19.367,-19.444,-22.392
-17.21,-32.14,-13.713,25.991,1.7624,-19.773,27.211,-8.2338,-16.278,-17.457,-17.377,-20.455
-14.762,-27.854,-11.419,22.692,1.6354,-16.47,22.969,-6.2537,-13.36,-15.375,-15.196,-18.363
-12.112,-23.177,-8.9021,19.072,1.468,-12.877,17.483,-4.2451,-10.313,-13.182,-12.933,-16.145
-9.2591,-18.139,-6.2445,15.152,1.3409,-9.0369,10.715,-2.1446,-7.0649,-10.886,-10.593,-13.804
-6.1443,-12.715,-3.533,10.901,1.3357,-4.9711,2.8528,0.14772,-3.4628,-8.4056,-8.1372,-11.293
-2.6514,-6.7952,-0.82254,6.2196,1.5075,-0.64577,-5.851,2.73,0.6863,-5.5672,-5.4713,-8.5132
1.3588,-0.19669,1.8792,0.94864,1.8702,4.0279,-15.234,5.6553,5.5366,-2.1582,-2.4623,-5.3319
6.0056,7.2864,4.6005,-5.0767,2.3982,9.1646,-25.2,8.904,11.119,1.9915,1.0249,-1.6296
11.338,15.788,7.3753,-11.954,3.0405,14.846,-35.663,12.384,17.29,6.9203,5.074,2.6449
17.291,25.262,10.21,-19.64,3.7447,21.049,-46.537,15.963,23.77,12.485,9.6683,7.4286
23.689,35.421,13.06,-27.923,4.4855,27.602,-57.688,19.523,30.254,18.396,14.675,12.545
30.309,45.792,15.832,-36.476,5.288,34.212,-68.872,22.991,36.52,24.343,19.882,17.763
36.94,55.871,18.401,-44.957,6.2305,40.565,-79.744,26.336,42.448,30.097,25.056,22.872
43.422,65.278,20.635,-53.09,7.4197,46.418,-89.937,29.516,47.966,35.538,30.001,27.723
49.618,73.815,22.418,-60.698,8.9452,51.629,-99.168,32.449,52.997,40.618,34.584,32.226
55.401,81.421,23.69,-67.672,10.829,56.132,-107.29,35.014,57.436,45.3,38.726,36.331
60.648,88.093,24.471,-73.942,12.994,59.912,-114.3,37.093,61.184,49.53,42.401,40.018
65.274,93.853,24.85,-79.464,15.293,62.996,-120.27,38.621,64.189,53.235,45.617,43.292
69.255,98.734,24.937,-84.226,17.57,65.442,-125.27,39.601,66.474,56.34,48.406,46.18
72.627,102.79,24.813,-88.254,19.72,67.309,-129.23,40.097,68.126,58.79,50.806,48.713
75.466,106.06,24.51,-91.602,21.697,68.647,-131.98,40.207,69.252,60.565,52.838,50.909
77.847,108.61,24.021,-94.336,23.485,69.488,-133.29,40.021,69.925,61.66,54.498,52.761
79.812,110.45,23.327,-96.492,25.076,69.847,-133.05,39.571,70.134,62.047,55.75,54.23
81.319,111.5,22.417,-98.01,26.44,69.706,-131.38,38.805,69.755,61.619,56.52,55.26
82.23,111.59,21.281,-98.703,27.526,69.002,-128.54,37.585,68.57,60.199,56.692,55.794
82.364,110.44,19.899,-98.306,28.292,67.628,-124.8,35.751,66.361,57.64,56.136,55.787
81.606,107.85,18.231,-96.62,28.747,65.479,-120.33,33.198,63.021,53.973,54.77,55.216
79.984,103.78,16.231,-93.636,28.929,62.502,-115.21,29.929,58.612,49.403,52.616,54.064
77.649,98.368,13.878,-89.534,28.87,58.73,-109.47,26.042,53.3,44.143,49.795,52.307
74.758,91.871,11.192,-84.55,28.582,54.253,-103.11,21.699,47.244,38.295,46.43,49.93
71.381,84.495,8.2354,-78.857,28.062,49.172,-96.151,17.086,40.552,31.864,42.582,46.93
67.499,76.351,5.0863,-72.533,27.309,43.554,-88.612,12.394,33.323,24.848,38.248,43.325
63.057,67.454,1.8322,-65.587,26.328,37.432,-80.559,7.7824,25.714,17.342,33.398,39.138
58.015,57.784,-1.4232,-58.005,25.129,30.856,-72.098,3.359,17.97,9.5972,28.019,34.393
52.381,47.382,-4.5537,-49.795,23.734,23.964,-63.373,-0.82111,10.395,1.9927,22.157,29.127
46.223,36.471,-7.4394,-41.054,22.176,17.024,-54.54,-4.7319,3.2806,-5.074,15.958,23.413
39.666,25.501,-10.007,-32.022,20.503,10.384,-45.722,-8.3555,-3.1585,-11.325,9.6663,17.381
32.895,15.043,-12.235,-23.073,18.78,4.3462,-37.002,-11.677,-8.8148,-16.662,3.5646,11.21
26.118,5.5693,-14.127,-14.607,17.066,-0.92241,-28.426,-14.693,-13.686,-21.134,-2.1102,5.0906
19.511,-2.6899,-15.689,-6.8988,15.384,-5.3927,-20.043,-17.428,-17.851,-24.865,-7.2243,-0.81349
13.177,-9.7372,-16.933,-0.046275,13.711,-9.1295,-11.933,-19.938,-21.43,-28.004,-11.751,-6.374
7.1755,-15.711,-17.881,5.9806,12.007,-12.245,-4.2282,-22.293,-24.556,-30.696,-15.732,-11.473
1.583,-20.776,-18.57,11.246,10.266,-14.852,2.9153,-24.559,-27.342,-33.076,-19.235,-15.993
-3.5023,-25.103,-19.048,15.822,8.5287,-17.069,9.3445,-26.778,-29.856,-35.249,-22.311,-19.845
-7.9845,-28.823,-19.366,19.77,6.8678,-18.989,14.949,-28.945,-32.136,-37.285,-24.993,-23.013
-11.819,-32.046,-19.569,23.145,5.3359,-20.683,19.684,-31.037,-34.195,-39.205,-27.294,-25.55
-15.043,-34.825,-19.681,26.01,3.9282,-22.174,23.558,-33.017,-36.035,-41.006,-29.238,-27.562
-17.759,-37.191,-19.714,28.44,2.5893,-23.454,26.635,-34.862,-37.666,-42.677,-30.859,-29.159
-20.098,-39.162,-19.666,30.499,1.2599,-24.502,29.026,-36.573,-39.116,-44.214,-32.206,-30.438
-22.148,-40.757,-19.515,32.239,-0.087476,-25.297,30.86,-38.175,-40.425,-45.63,-33.333,-31.476
-23.95,-42.004,-19.237,33.698,-1.4541,-25.84,32.261,-39.707,-41.651,-46.953,-34.293,-32.328
-25.522,-42.951,-18.823,34.916,-2.8355,-26.157,33.321,-41.22,-42.834,-48.214,-35.137,-33.034
-26.888,-43.672,-18.279,35.938,-4.2135,-26.297,34.103,-42.743,-43.997,-49.436,-35.904,-33.626
-28.086,-44.253,-17.642,36.821,-5.5403,-26.327,34.647,-44.286,-45.146,-50.637,-36.626,-34.125
-29.147,-44.777,-16.958,37.617,-6.7464,-26.31,34.984,-45.819,-46.269,-51.81,-37.309,-34.546
-30.091,-45.294,-16.274,38.356,-7.7712,-26.291,35.145,-47.306,-47.344,-52.932,-37.944,-34.896
-30.914,-45.808,-15.604,39.041,-8.5893,-26.28,35.171,-48.714,-48.333,-53.974,-38.506,-35.175
-31.606,-46.279,-14.943,39.647,-9.2171,-26.252,35.108,-50.003,-49.224,-54.91,-38.974,-35.379
-32.152,-46.645,-14.261,40.137,-9.7029,-26.166,35.012,-51.148,-50.005,-55.722,-39.333,-35.503
-32.55,-46.853,-13.534,40.484,-10.112,-25.984,34.933,-52.143,-50.675,-56.409,-39.584,-35.552
-32.818,-46.891,-12.768,40.686,-10.51,-25.705,34.903,-53.002,-51.25,-56.982,-39.74,-35.54
-32.994,-46.79,-11.997,40.769,-10.945,-25.36,34.932,-53.754,-51.751,-57.463,-39.824,-35.489
-33.126,-46.611,-11.276,40.778,-11.43,-25.003,35.016,-54.433,-52.197,-57.871,-39.863,-35.423
-33.253,-46.426,-10.656,40.76,-11.933,-24.689,35.141,-55.062,-52.6,-58.216,-39.88,-35.362
-33.383,-46.269,-10.164,40.737,-12.395,-24.443,35.304,-55.631,-52.957,-58.497,-39.896,-35.317
-33.502,-46.143,-9.8045,40.707,-12.754,-24.257,35.509,-56.095,-53.233,-58.702,-39.926,-35.289
-33.581,-46.015,-9.5444,40.652,-12.981,-24.094,35.755,-56.356,-53.362,-58.82,-39.983,-35.278
-33.598,-45.85,-9.3255,40.554,-13.089,-23.909,36.038,-56.278,-53.258,-58.817,-40.073,-35.281
-33.548,-45.609,-9.054,40.396,-13.126,-23.648,36.339,-55.687,-52.811,-58.64,-40.188,-35.295
-33.434,-45.242,-8.6163,40.163,-13.153,-23.247,36.628,-54.383,-51.902,-58.206,-40.299,-35.314
-33.263,-44.698,-7.9303,39.835,-13.219,-22.649,36.877,-52.237,-50.413,-57.392,-40.354,-35.321
-33.026,-43.936,-7.0007,39.384,-13.323,-21.831,37.065,-49.547,-48.272,-56.055,-40.273,-35.288
-32.679,-42.943,-5.9925,38.766,-13.371,-20.843,37.184,-48.01,-45.548,-54.079,-39.96,-35.169
-32.13,-41.749,-5.2805,37.919,-13.159,-19.835,37.235,-51.998,-42.608,-51.503,-39.297,-34.89
-31.221,-40.433,-5.4242,36.759,-12.457,-19.067,37.21,-63.428,-40.737,-48.841,-38.134,-34.349
-29.68,-39.09,-7.0187,35.148,-11.398,-18.861,37.074,-69.936,-44.645,-48.215,-36.265,-33.378
-27.028,-37.757,-10.3,32.839,-15.248,-19.478,36.732,-65.967,-59.806,-55.696,-33.5,-31.687
-22.94,-36.329,-13.99,29.377,-19.448,-20.966,35.988,-53.996,-64.005,-67.33,-31.28,-28.79
-23.082,-34.5,-12.198,24.017,-19.468,-23.065,34.467,-34.411,-51.485,-64.835,-40.713,-24.332
-31.865,-31.722,-9.6477,16.018,-19.044,-25.275,31.502,-8.4651,-32.19,-54.458,-51.865,-23.362
-28.542,-27.105,-6.6356,7.7482,-18.668,-27.099,26.475,22.618,-7.729,-38.964,-49.831,-36.335
-22.375,-19.203,-3.1609,10.69,-17.966,-28.333,23.349,58.158,21.708,-17.953,-43.197,-36.746
-14.193,-6.3211,-1.3597,13.091,-15.667,-29.054,32.386,98.085,56.41,8.9635,-31.729,-30.436
-2.0703,8.0422,-4.4293,4.9037,-8.9496,-29.065,39.123,141.98,96.88,42.326,-13.993,-20.679
16.768,3.0367,-16.751,-5.4239,8.159,-27.569,36.484,190.24,144.58,83.993,12.04,-6.6249
45.737,-9.7309,-43.587,-18.913,43.318,-24.604,29.664,248.68,202.3,136.53,48.92,13.561
88.045,-14.205,-89.235,-38.611,90.195,-31.744,17.756,326.74,275.38,202.32,98.742,42.683
145.04,-14.478,-149.52,-67.979,147.83,-61.794,-2.0012,430.68,371.83,285.68,162.5,84.013
216.75,-6.7464,-214.67,-110.5,217.54,-91.945,-33.025,560.29,495.66,390.27,242.03,139.78
303.21,15.683,-281.14,-168.66,294.81,-115.52,-78.346,707.44,642.31,515.16,339.89,210.01
400.89,60.083,-338.81,-242.1,372.7,-123.86,-137.9,855.45,798.48,654.06,455.61,294.81
501.82,130.47,-376.36,-327.39,442.0,-110.22,-207.71,980.64,943.5,795.39,585.27,394.45
594.63,223.41,-384.96,-417.72,492.03,-71.68,-281.91,1057.0,1053.4,923.93,721.62,505.22
666.53,327.06,-359.16,-502.82,513.52,-9.1888,-352.27,1063.0,1106.9,1024.1,854.63,619.5
706.56,428.43,-299.79,-571.09,501.97,71.352,-409.21,989.19,1091.9,1083.9,973.33,727.32
708.74,514.05,-215.11,-612.42,459.24,158.36,-444.42,841.77,1009.1,1098.7,1068.3,818.46
673.42,570.49,-119.14,-620.75,393.26,235.54,-452.89,642.39,872.02,1071.7,1132.8,884.11
606.41,588.71,-27.674,-595.06,315.25,289.36,-433.72,422.62,702.92,1011.7,1162.9,917.57
516.47,565.84,45.962,-538.33,235.99,312.49,-389.53,215.12,526.16,928.92,1154.9,913.87
412.31,504.36,93.849,-455.62,162.85,303.34,-324.96,44.728,360.89,830.06,1104.2,869.26
301.03,410.41,114.43,-352.95,99.084,265.32,-245.47,-76.908,216.76,716.8,1006.2,781.72
188.25,292.78,111.82,-237.39,44.901,204.93,-157.12,-151.42,94.273,587.45,859.21,653.02
79.236,162.41,92.703,-117.46,-0.52937,130.13,-66.78,-189.79,-11.025,441.43,669.43,491.34
-20.127,31.723,62.907,-2.967,-37.278,49.446,18.138,-206.34,-103.07,283.65,453.13,312.19
-103.24,-86.75,26.737,96.243,-63.971,-28.432,90.657,-212.67,-182.13,125.97,234.94,136.58
-164.44,-182.33,-12.232,172.47,-78.376,-95.515,146.11,-214.34,-244.87,-15.449,41.954,-14.033
-200.57,-248.12,-50.446,221.7,-79.395,-146.26,182.62,-211.02,-286.14,-122.86,-103.5,-122.44
-211.45,-282.37,-84.313,243.79,-68.386,-178.76,199.96,-198.2,-301.41,-186.05,-188.61,-181.73
-200.33,-289.17,-110.02,242.18,-48.568,-193.57,199.81,-169.75,-289.43,-207.86,-218.06,-198.68
-173.49,-275.76,-125.82,222.86,-24.171,-193.22,186.0,-124.16,-254.17,-197.31,-206.1,-185.68
-139.07,-249.58,-132.81,193.04,0.20447,-182.34,163.66,-73.132,-204.12,-166.64,-170.58,-156.8
-104.65,-216.64,-131.58,159.22,20.233,-164.35,135.16,-29.285,-149.46,-127.91,-128.85,-124.87
-74.424,-179.14,-123.83,125.03,32.929,-140.02,103.88,6.7553,-101.05,-90.45,-92.711,-97.876
-54.79,-147.46,-112.17,100.75,38.183,-115.71,85.422,34.837,-62.892,-58.789,-66.471,-77.883
-42.798,-126.66,-98.779,85.918,36.489,-98.698,74.709,53.031,-36.774,-39.896,-49.601,-57.604
-35.928,-110.75,-84.927,75.273,30.86,-85.901,67.35,59.997,-22.678,-36.655,-43.165,-50.092
-32.688,-98.59,-71.463,67.521,23.629,-75.616,62.225,54.873,-16.985,-31.759,-41.001,-48.727
-31.654,-88.77,-59.64,60.987,13.998,-67.347,58.002,35.79,-17.859,-28.926,-38.899,-46.081
-31.811,-79.718,-50.082,54.85,8.5933,-60.241,54.001,13.388,-25.711,-29.201,-37.543,-41.984
-31.46,-71.276,-42.347,49.987,7.6808,-53.764,50.491,5.2181,-32.002,-29.894,-36.165,-37.875
-30.537,-64.626,-35.757,46.877,7.2688,-48.064,47.915,5.6013,-32.288,-29.479,-34.573,-35.007
-29.613,-60.11,-30.05,44.788,6.1096,-43.53,46.181,6.5029,-30.943,-28.576,-33.197,-33.159
-28.954,-56.991,-25.791,43.24,4.3706,-40.103,45.018,5.5276,-29.806,-27.804,-32.244,-31.966
-28.649,-54.681,-23.665,42.098,2.498,-37.451,44.236,2.8747,-29.282,-27.399,-31.743,-31.252
-28.656,-52.911,-22.875,41.294,0.75068,-35.334,43.724,-0.71232,-29.388,-27.383,-31.618,-30.886
-28.848,-51.527,-22.316,40.732,-0.78559,-33.622,43.402,-4.5242,-29.926,-27.642,-31.712,-30.729
-29.088,-50.407,-21.682,40.301,-2.0825,-32.227,43.209,-8.0027,-30.637,-28.025,-31.873,-30.654
-29.277,-49.451,-21.015,39.912,-3.1244,-31.075,43.093,-10.835,-31.335,-28.428,-32.003,-30.583
-29.371,-48.598,-20.376,39.515,-3.9215,-30.106,43.018,-12.985,-31.953,-28.817,-32.08,-30.498
-29.383,-47.833,-19.782,39.117,-4.5164,-29.282,42.954,-14.598,-32.52,-29.208,-32.134,-30.431
-29.369,-47.187,-19.222,38.772,-4.9715,-28.595,42.881,-15.867,-33.106,-29.637,-32.217,-30.435
-29.402,-46.716,-18.681,38.552,-5.3514,-28.052,42.784,-16.941,-33.781,-30.126,-32.373,-30.54
-29.531,-46.457,-18.143,38.505,-5.7004,-27.659,42.651,-17.896,-34.581,-30.673,-32.61,-30.742
-29.753,-46.389,-17.604,38.619,-6.0248,-27.397,42.477,-18.734,-35.493,-31.248,-32.902,-30.998
-30.01,-46.431,-17.065,38.821,-6.2947,-27.216,42.26,-19.422,-36.459,-31.801,-33.201,-31.251
-30.218,-46.462,-16.532,39.003,-6.4677,-27.05,42.004,-19.923,-37.403,-32.276,-33.454,-31.442
-30.303,-46.366,-16.008,39.062,-6.5228,-26.827,41.716,-20.229,-38.256,-32.629,-33.618,-31.523
-30.235,-46.069,-15.488,38.938,-6.4813,-26.5,41.403,-20.373,-38.972,-32.839,-33.668,-31.467
-30.04,-45.567,-14.963,38.63,-6.4083,-26.061,41.067,-20.415,-39.537,-32.916,-33.604,-31.271
-29.782,-44.92,-14.423,38.196,-6.389,-25.542,40.712,-20.427,-39.961,-32.897,-33.445,-30.956
-29.543,-44.227,-13.863,37.723,-6.4925,-24.998,40.342,-20.462,-40.263,-32.831,-33.221,-30.56
-29.377,-43.575,-13.284,37.289,-6.7393,-24.477,39.96,-20.535,-40.456,-32.765,-32.961,-30.125
-29.296,-43.008,-12.694,36.929,-7.0876,-24.002,39.573,-20.625,-40.54,-32.727,-32.685,-29.688
-29.265,-42.518,-12.106,36.634,-7.4511,-23.565,39.179,-20.687,-40.506,-32.724,-32.401,-29.273
-29.223,-42.062,-11.535,36.358,-7.7365,-23.144,38.775,-20.68,-40.341,-32.736,-32.106,-28.891
-29.105,-41.579,-10.999,36.042,-7.8723,-22.707,38.35,-20.586,-40.038,-32.724,-31.785,-28.532
-28.86,-41.006,-10.511,35.628,-7.8277,-22.225,37.9,-20.42,-39.6,-32.645,-31.419,-28.176
-28.463,-40.292,-10.065,35.074,-7.6199,-21.671,37.422,-20.212,-39.046,-32.466,-30.989,-27.801
-27.931,-39.422,-9.634,34.378,-7.32,-21.033,36.912,-20.005,-38.402,-32.187,-30.491,-27.393
-27.324,-38.43,-9.167,33.583,-7.0367,-20.315,36.362,-19.84,-37.704,-31.832,-29.934,-26.955
-26.735,-37.397,-8.6141,32.771,-6.8733,-19.543,35.759,-19.742,-36.981,-31.45,-29.348,-26.5
-26.251,-36.405,-7.9502,32.026,-6.8779,-18.753,35.094,-19.711,-36.25,-31.091,-28.767,-26.045
-25.907,-35.503,-7.1872,31.39,-7.0099,-17.97,34.362,-19.71,-35.505,-30.795,-28.217,-25.602
-25.655,-34.672,-6.3678,30.837,-7.148,-17.2,33.566,-19.676,-34.718,-30.57,-27.7,-25.16
-25.378,-33.838,-5.5502,30.281,-7.1503,-16.422,32.725,-19.537,-33.838,-30.386,-27.188,-24.689
-24.952,-32.902,-4.784,29.615,-6.9284,-15.601,31.868,-19.246,-32.814,-30.183,-26.626,-24.133
-24.31,-31.791,-4.0861,28.766,-6.4925,-14.7,31.027,-18.802,-31.618,-29.899,-25.948,-23.436
-23.477,-30.488,-3.4273,27.73,-5.9495,-13.703,30.227,-18.246,-30.27,-29.505,-25.111,-22.558
-22.559,-29.04,-2.741,26.576,-5.4605,-12.613,29.468,-17.643,-28.836,-29.015,-24.107,-21.5
-21.688,-27.515,-1.9524,25.399,-5.1766,-11.439,28.728,-17.054,-27.409,-28.474,-22.966,-20.3
-20.958,-25.968,-1.0103,24.274,-5.176,-10.189,27.966,-16.52,-26.071,-27.938,-21.741,-19.021
-20.386,-24.409,0.094513,23.216,-5.4309,-8.8613,27.139,-16.045,-24.87,-27.45,-20.492,-17.73
-19.903,-22.796,1.3303,22.177,-5.8183,-7.4424,26.215,-15.594,-23.794,-27.024,-19.267,-16.472
-19.369,-21.037,2.6404,21.049,-6.1684,-5.9063,25.181,-15.103,-22.774,-26.634,-18.078,-15.25
-18.631,-19.017,3.969,19.702,-6.3346,-4.214,24.045,-14.502,-21.7,-26.221,-16.896,-14.011
-17.593,-16.653,5.2887,18.052,-6.2553,-2.3305,22.819,-13.749,-20.463,-25.707,-15.657,-12.663
-16.286,-13.949,6.6171,16.116,-5.9811,-0.2484,21.505,-12.849,-18.993,-25.025,-14.287,-11.113
-14.87,-11.016,8.0079,14.026,-5.6509,2.0032,20.091,-11.849,-17.277,-24.134,-12.721,-9.3024
-13.564,-8.0132,9.5186,11.967,-5.4295,4.3708,18.561,-10.807,-15.345,-23.018,-10.919,-7.2203
-12.531,-5.0727,11.171,10.081,-5.4337,6.7991,16.899,-9.7646,-13.243,-21.672,-8.8514,-4.8956
-11.802,-2.2402,12.932,8.4026,-5.6819,9.2482,15.098,-8.7267,-11.013,-20.09,-6.5092,-2.3785
-11.274,0.53051,14.726,6.8523,-6.0888,11.701,13.15,-7.6583,-8.6648,-18.269,-3.8972,0.28032
-10.771,3.3431,16.467,5.2856,-6.5085,14.163,11.043,-6.4941,-6.1534,-16.204,-1.0351,3.0439
-10.113,6.3184,18.093,3.5491,-6.8039,16.656,8.7665,-5.1571,-3.3694,-13.868,2.0584,5.9002
-9.1626,9.567,19.584,1.5191,-6.9043,19.216,6.3226,-3.5818,-0.15877,-11.185,5.3861,8.8667
-7.8609,13.168,20.966,-0.87411,-6.8271,21.879,3.724,-1.7405,3.6224,-8.0211,8.9795,11.983
-6.2445,17.146,22.299,-3.63,-6.6607,24.663,0.98081,0.34017,8.0347,-4.2165,12.877,15.287
-4.4237,21.469,23.661,-6.687,-6.5221,27.568,-1.9118,2.5877,13.006,0.35185,17.092,18.791
-2.5052,26.085,25.124,-9.9778,-6.5044,30.579,-4.9665,4.9182,18.348,5.6944,21.588,22.482
-0.50429,30.986,26.741,-13.502,-6.6372,33.695,-8.1839,7.2794,23.835,11.673,26.291,26.334
1.677,36.222,28.539,-17.348,-6.8746,36.93,-11.543,9.6759,29.307,18.04,31.106,30.322
4.1924,41.84,30.527,-21.635,-7.116,40.295,-15.016,12.162,34.721,24.54,35.953,34.434
7.1587,47.807,32.696,-26.411,-7.2511,43.777,-18.6,14.805,40.111,31.015,40.798,38.67
10.579,53.978,35.029,-31.59,-7.2088,47.336,-22.347,17.634,45.519,37.424,45.658,43.035
14.318,60.124,37.51,-36.952,-6.9873,50.907,-26.357,20.602,50.912,43.796,50.579,47.531
18.144,66.016,40.126,-42.218,-6.6475,54.427,-30.749,23.583,56.168,50.168,55.623,52.154
21.842,71.52,42.87,-47.176,-6.2763,57.854,-35.606,26.421,61.119,56.559,60.872,56.926
25.325,76.644,45.729,-51.777,-5.9448,61.195,-40.925,29.006,65.631,62.976,66.452,61.917
28.667,81.521,48.676,-56.131,-5.6863,64.505,-46.614,31.307,69.663,69.419,72.528,67.269
32.036,86.322,51.665,-60.42,-5.4996,67.873,-52.535,33.374,73.265,75.87,79.251,73.142
35.577,91.182,54.643,-64.776,-5.3698,71.382,-58.563,35.289,76.541,82.276,86.636,79.609
39.334,96.163,57.561,-69.233,-5.2862,75.086,-64.628,37.125,79.599,88.556,94.477,86.557
43.263,101.28,60.391,-73.746,-5.2439,79.004,-70.695,38.919,82.506,94.641,102.44,93.7
47.283,106.51,63.123,-78.246,-5.2338,83.125,-76.738,40.672,85.275,100.5,110.27,100.75
51.305,111.86,65.772,-82.671,-5.2372,87.416,-82.716,42.353,87.863,106.11,117.89,107.53
55.214,117.3,68.364,-86.958,-5.2338,91.818,-88.576,43.92,90.199,111.43,125.31,114.01
58.876,122.76,70.925,-91.044,-5.2134,96.24,-94.26,45.336,92.227,116.31,132.53,120.15
62.176,128.16,73.471,-94.881,-5.1787,100.56,-99.712,46.579,93.922,120.62,139.42,125.86
65.064,133.38,75.998,-98.443,-5.1405,104.67,-104.88,47.645,95.298,124.28,145.74,131.02
67.558,138.28,78.475,-101.72,-5.1168,108.47,-109.71,48.544,96.389,127.3,151.3,135.51
69.709,142.75,80.855,-104.69,-5.1324,111.87,-114.17,49.301,97.239,129.75,156.0,139.33
71.575,146.69,83.085,-107.34,-5.2093,114.85,-118.25,49.949,97.903,131.76,159.92,142.55
73.207,150.04,85.122,-109.63,-5.3466,117.39,-121.97,50.522,98.436,133.43,163.2,145.31
74.66,152.86,86.944,-111.59,-5.5024,119.53,-125.34,51.05,98.889,134.86,166.02,147.75
75.992,155.23,88.55,-113.28,-5.6021,121.36,-128.36,51.556,99.306,136.12,168.53,149.99
77.261,157.29,89.954,-114.81,-5.572,122.93,-131.03,52.053,99.713,137.25,170.83,152.11
78.496,159.13,91.183,-116.23,-5.3771,124.31,-133.32,52.543,100.12,138.26,172.94,154.17
79.694,160.82,92.268,-117.6,-5.0379,125.55,-135.25,53.017,100.52,139.14,174.85,156.14
80.81,162.36,93.227,-118.9,-4.6197,126.64,-136.86,53.464,100.88,139.88,176.51,157.97
81.784,163.74,94.054,-120.11,-4.2007,127.59,-138.21,53.881,101.19,140.47,177.88,159.59
82.565,164.9,94.72,-121.17,-3.8378,128.36,-139.36,54.276,101.41,140.89,178.96,160.92
83.144,165.82,95.174,-122.06,-3.544,128.93,-140.34,54.672,101.56,141.17,179.76,161.93
83.551,166.48,95.37,-122.77,-3.2891,129.29,-141.15,55.1,101.66,141.35,180.34,162.63
83.842,166.87,95.274,-123.29,-3.0187,129.44,-141.75,55.583,101.77,141.46,180.75,163.07
84.059,166.94,94.87,-123.61,-2.6771,129.35,-142.08,56.121,101.89,141.54,181.01,163.31
84.212,166.65,94.144,-123.68,-2.2191,128.99,-142.14,56.687,102.03,141.6,181.12,163.36
84.282,165.91,93.072,-123.44,-1.6118,128.28,-141.89,57.234,102.16,141.58,181.03,163.2
84.248,164.68,91.607,-122.86,-0.84448,127.17,-141.35,57.713,102.22,141.44,180.63,162.74
84.102,162.9,89.693,-121.94,0.055766,125.58,-140.46,58.088,102.17,141.14,179.86,161.91
83.839,160.58,87.294,-120.67,1.0224,123.47,-139.18,58.347,101.97,140.65,178.68,160.64
83.437,157.74,84.434,-119.1,1.9719,120.81,-137.39,58.517,101.59,139.94,177.07,158.87
82.869,154.4,81.203,-117.25,2.8359,117.63,-134.99,58.647,101.05,139.01,175.0,156.57
82.112,150.6,77.723,-115.15,3.5811,113.94,-131.86,58.792,100.39,137.86,172.4,153.66
81.144,146.35,74.086,-112.8,4.2106,109.74,-127.95,58.983,99.663,136.46,169.15,150.01
79.91,141.59,70.312,-110.1,4.7512,105.01,-123.31,59.206,98.863,134.78,165.06,145.44
78.316,136.23,66.34,-106.95,5.2358,99.706,-118.03,59.415,97.956,132.73,159.9,139.82
76.238,130.15,62.054,-103.18,5.6907,93.832,-112.28,59.552,96.867,130.21,153.59,133.1
73.581,123.34,57.355,-98.69,6.1238,87.484,-106.15,59.562,95.498,127.06,146.18,125.41
70.317,115.88,52.258,-93.473,6.5182,80.867,-99.668,59.408,93.75,123.15,137.94,116.96
66.505,107.96,46.943,-87.632,6.8323,74.215,-92.773,59.065,91.537,118.39,129.11,107.97
62.233,99.757,41.691,-81.315,7.0065,67.687,-85.384,58.513,88.789,112.71,119.83,98.586
57.534,91.337,36.736,-74.612,6.9788,61.311,-77.48,57.726,85.46,106.12,110.07,88.907
52.349,82.639,32.192,-67.494,6.712,55.009,-69.157,56.665,81.529,98.732,99.763,79.106
46.607,73.504,28.066,-59.866,6.2224,48.649,-60.611,55.281,77.008,90.804,89.113,69.528
40.372,63.808,24.305,-51.711,5.5859,42.122,-52.037,53.528,71.949,82.705,78.699,60.587
33.912,53.603,20.84,-43.205,4.9081,35.413,-43.55,51.366,66.425,74.756,69.195,52.485
27.573,43.164,17.6,-34.681,4.273,28.634,-35.18,48.746,60.489,67.097,60.863,45.096
21.557,32.853,14.529,-26.442,3.7073,21.97,-26.924,45.596,54.128,59.665,53.473,38.114
15.842,22.943,11.596,-18.612,3.1846,15.596,-18.823,41.827,47.266,52.273,46.6,31.243
10.289,13.568,8.7894,-11.177,2.6605,9.6213,-10.999,37.371,39.817,44.685,39.874,24.283
4.8145,4.7961,6.111,-4.1145,2.1033,4.1007,-3.6497,32.254,31.792,36.677,33.034,17.146
-0.542,-3.3165,3.5618,2.5359,1.4975,-0.95067,3.0167,26.637,23.375,28.132,25.913,9.8796
-5.6375,-10.715,1.1332,8.6891,0.83571,-5.5438,8.8587,20.784,14.924,19.163,18.459,2.6904
-10.305,-17.354,-1.1858,14.256,0.12004,-9.6939,13.837,14.972,6.8464,10.171,10.791,-4.0977
-14.414,-23.195,-3.3944,19.169,-0.62571,-13.402,18.005,9.4018,-0.54268,1.722,3.2317,-10.163
-17.893,-28.217,-5.4739,23.389,-1.351,-16.66,21.474,4.1779,-7.0931,-5.7116,-3.7915,-15.314
-20.736,-32.432,-7.3985,26.91,-1.9941,-19.465,24.383,-0.66205,-12.789,-11.924,-9.9219,-19.532
-22.994,-35.899,-9.1508,29.777,-2.5105,-21.843,26.861,-5.0978,-17.685,-16.958,-15.011,-22.93
-24.765,-38.729,-10.728,32.081,-2.8937,-23.846,28.998,-9.1048,-21.863,-20.985,-19.116,-25.677
-26.178,-41.066,-12.139,33.951,-3.1777,-25.549,30.843,-12.667,-25.423,-24.21,-22.412,-27.943
-27.365,-43.074,-13.4,35.535,-3.4226,-27.04,32.412,-15.801,-28.483,-26.824,-25.097,-29.866
-28.438,-44.902,-14.533,36.969,-3.6912,-28.405,33.714,-18.559,-31.156,-28.985,-27.335,-31.541
-29.46,-46.646,-15.558,38.338,-4.0203,-29.699,34.766,-21.002,-33.532,-30.818,-29.239,-33.022
-30.438,-48.332,-16.491,39.662,-4.4006,-30.941,35.604,-23.175,-35.663,-32.406,-30.873,-34.332
-31.336,-49.927,-17.345,40.905,-4.7762,-32.116,36.278,-25.101,-37.565,-33.793,-32.271,-35.476
-32.104,-51.373,-18.124,42.016,-5.0682,-33.193,36.84,-26.785,-39.235,-34.993,-33.448,-36.45
-32.707,-52.625,-18.832,42.95,-5.21,-34.148,37.334,-28.235,-40.675,-35.998,-34.413,-37.254
-33.134,-53.658,-19.471,43.691,-5.1769,-34.97,37.792,-29.472,-41.901,-36.801,-35.175,-37.893
-33.408,-54.479,-20.045,44.249,-4.9963,-35.66,38.23,-30.526,-42.936,-37.407,-35.755,-38.382
-33.573,-55.113,-20.552,44.66,-4.7376,-36.224,38.652,-31.43,-43.806,-37.84,-36.188,-38.748
-33.683,-55.6,-20.989,44.967,-4.4864,-36.679,39.054,-32.206,-44.525,-38.132,-36.514,-39.022
-33.786,-55.984,-21.353,45.214,-4.315,-37.045,39.425,-32.86,-45.091,-38.32,-36.774,-39.238
-33.911,-56.312,-21.652,45.442,-4.2562,-37.352,39.752,-33.383,-45.494,-38.436,-36.994,-39.426
-34.061,-56.624,-21.909,45.671,-4.2881,-37.637,40.024,-33.756,-45.727,-38.499,-37.188,-39.607
-34.213,-56.948,-22.156,45.907,-4.3382,-37.935,40.237,-33.956,-45.787,-38.514,-37.353,-39.786
-34.327,-57.289,-22.421,46.131,-4.3136,-38.263,40.393,-33.969,-45.682,-38.472,-37.477,-39.951
-34.369,-57.632,-22.719,46.319,-4.1467,-38.621,40.508,-33.8,-45.433,-38.354,-37.542,-40.081
-34.324,-57.949,-23.041,46.451,-3.8267,-38.984,40.598,-33.471,-45.07,-38.151,-37.541,-40.152
-34.202,-58.211,-23.36,46.519,-3.4008,-39.318,40.682,-33.022,-44.626,-37.867,-37.477,-40.146
-34.036,-58.391,-23.649,46.524,-2.9515,-39.59,40.771,-32.491,-44.129,-37.524,-37.365,-40.059
-33.863,-58.473,-23.882,46.476,-2.5644,-39.772,40.865,-31.903,-43.597,-37.156,-37.227,-39.9
-33.709,-58.449,-24.045,46.384,-2.2993,-39.847,40.959,-31.269,-43.038,-36.792,-37.076,-39.682
-33.58,-58.317,-24.135,46.25,-2.1675,-39.809,41.043,-30.585,-42.453,-36.453,-36.916,-39.418
-33.457,-58.079,-24.161,46.065,-2.1232,-39.665,41.109,-29.842,-41.836,-36.146,-36.74,-39.118
-33.303,-57.741,-24.146,45.816,-2.075,-39.436,41.152,-29.028,-41.178,-35.863,-36.533,-38.784
-33.072,-57.319,-24.117,45.49,-1.9218,-39.155,41.171,-28.144,-40.469,-35.586,-36.281,-38.411
-32.736,-56.838,-24.101,45.087,-1.6009,-38.856,41.164,-27.21,-39.71,-35.295,-35.975,-37.996
-32.301,-56.333,-24.111,44.632,-1.1207,-38.567,41.129,-26.259,-38.917,-34.978,-35.619,-37.542
-31.811,-55.846,-24.144,44.166,-0.55917,-38.307,41.067,-25.328,-38.116,-34.638,-35.228,-37.059
-31.331,-55.409,-24.179,43.733,-0.032974,-38.074,40.977,-24.453,-37.339,-34.289,-34.83,-36.569
-30.929,-55.04,-24.185,43.373,0.3451,-37.857,40.862,-23.663,-36.618,-33.954,-34.451,-36.099
-30.652,-54.741,-24.133,43.104,0.50395,-37.635,40.72,-22.978,-35.982,-33.655,-34.114,-35.678
-30.514,-54.495,-24.005,42.923,0.4398,-37.39,40.547,-22.405,-35.444,-33.407,-33.827,-35.324
-30.485,-54.274,-23.798,42.805,0.22227,-37.111,40.337,-21.926,-34.995,-33.214,-33.58,-35.032
-30.501,-54.038,-23.526,42.705,-0.029123,-36.789,40.087,-21.5,-34.603,-33.063,-33.347,-34.772
-30.486,-53.744,-23.218,42.57,-0.196,-36.418,39.796,-21.081,-34.219,-32.923,-33.092,-34.493
-30.378,-53.349,-22.905,42.351,-0.2143,-35.992,39.459,-20.634,-33.794,-32.756,-32.776,-34.143
-30.148,-52.817,-22.603,42.012,-0.09716,-35.495,39.068,-20.143,-33.295,-32.524,-32.371,-33.69
-29.799,-52.111,-22.306,41.533,0.079645,-34.899,38.61,-19.604,-32.698,-32.2,-31.859,-33.121
-29.354,-51.194,-21.969,40.902,0.21231,-34.165,38.071,-19.01,-31.986,-31.768,-31.229,-32.438
-28.841,-50.036,-21.523,40.114,0.20707,-33.244,37.432,-18.344,-31.139,-31.214,-30.476,-31.652
-28.264,-48.605,-20.896,39.156,0.018548,-32.097,36.673,-17.577,-30.135,-30.529,-29.595,-30.765
-27.589,-46.869,-20.027,38.0,-0.31965,-30.693,35.766,-16.668,-28.946,-29.703,-28.581,-29.765
-26.744,-44.786,-18.886,36.595,-0.69493,-29.013,34.673,-15.58,-27.542,-28.728,-27.431,-28.627
-25.642,-42.325,-17.477,34.887,-0.96158,-27.058,33.337,-14.281,-25.895,-27.594,-26.137,-27.321
-24.228,-39.482,-15.832,32.852,-1.0117,-24.84,31.666,-12.767,-23.993,-26.292,-24.694,-25.823
-22.504,-36.293,-14.004,30.508,-0.82312,-22.389,29.522,-11.066,-21.841,-24.813,-23.095,-24.12
-20.525,-32.821,-12.043,27.905,-0.4552,-19.741,26.708,-9.2319,-19.466,-23.148,-21.333,-22.214
-18.356,-29.118,-9.9859,25.09,-0.0059729,-16.929,22.997,-7.3281,-16.91,-21.289,-19.394,-20.112
-16.018,-25.191,-7.8624,22.072,0.43618,-13.967,18.198,-5.397,-14.209,-19.221,-17.25,-17.823
-13.465,-20.983,-5.6974,18.8,0.82217,-10.846,12.255,-3.4292,-11.361,-16.921,-14.862,-15.345
-10.592,-16.371,-3.5137,15.161,1.1504,-7.5128,5.3018,-1.3473,-8.3024,-14.343,-12.178,-12.653
-7.2523,-11.175,-1.3293,11.0,1.4631,-3.8803,-2.4384,0.98326,-4.8858,-11.403,-9.1428,-9.6873
-3.2745,-5.1824,0.84085,6.129,1.8361,0.1626,-10.794,3.7182,-0.9003,-7.964,-5.6914,-6.3463
1.5145,1.8219,2.9812,0.35629,2.3595,4.7176,-19.679,6.9806,3.8735,-3.8383,-1.7561,-2.501
7.2262,9.9703,5.0767,-6.4557,3.1107,9.8311,-29.047,10.8,9.5693,1.1643,2.7155,1.9557
13.81,19.202,7.1193,-14.283,4.1336,15.448,-38.86,15.069,16.131,7.1383,7.72,7.0355
20.993,29.185,9.1081,-22.858,5.4328,21.397,-49.055,19.542,23.269,13.966,13.159,12.602
28.33,39.369,11.038,-31.7,6.9759,27.419,-59.503,23.921,30.544,21.283,18.833,18.396
35.359,49.154,12.879,-40.275,8.7038,33.232,-69.983,27.955,37.531,28.606,24.489,24.133
41.771,58.089,14.565,-48.18,10.557,38.591,-80.198,31.506,43.953,35.531,29.892,29.608
47.485,65.96,16.001,-55.24,12.511,43.33,-89.829,34.554,49.705,41.85,34.887,34.724
52.606,72.767,17.09,-61.476,14.585,47.37,-98.61,37.147,54.799,47.534,39.412,39.46
57.292,78.619,17.769,-67.002,16.807,50.706,-106.4,39.348,59.291,52.654,43.471,43.828
61.637,83.636,18.027,-71.928,19.17,53.379,-113.18,41.197,63.226,57.31,47.096,47.849
65.654,87.924,17.902,-76.325,21.607,55.456,-118.99,42.71,66.626,61.585,50.324,51.538
69.321,91.584,17.458,-80.249,24.011,57.019,-123.76,43.889,69.499,65.51,53.178,54.879
72.615,94.717,16.764,-83.76,26.271,58.156,-127.22,44.741,71.858,69.057,55.663,57.832
75.506,97.402,15.879,-86.896,28.301,58.944,-129.05,45.277,73.724,72.144,57.758,60.335
77.94,99.647,14.848,-89.63,30.046,59.428,-129.04,45.498,75.111,74.647,59.411,62.325
79.841,101.36,13.703,-91.851,31.48,59.603,-127.27,45.377,75.999,76.402,60.554,63.752
81.143,102.35,12.456,-93.38,32.608,59.402,-123.98,44.833,76.307,77.209,61.118,64.593
81.808,102.37,11.083,-94.018,33.463,58.698,-119.48,43.738,75.889,76.85,61.049,64.86
81.822,101.17,9.5241,-93.585,34.088,57.33,-114.07,41.949,74.57,75.156,60.309,64.596
81.166,98.527,7.6968,-91.935,34.522,55.139,-107.98,39.367,72.211,72.111,58.875,63.834
79.808,94.302,5.5292,-88.957,34.784,52.005,-101.38,35.995,68.776,67.898,56.741,62.545
77.703,88.458,2.9936,-84.607,34.874,47.873,-94.375,31.931,64.34,62.814,53.922,60.633
74.815,81.07,0.12849,-78.936,34.783,42.77,-86.986,27.322,59.023,57.109,50.448,58.002
71.129,72.31,-2.9622,-72.1,34.5,36.806,-79.214,22.311,52.914,50.898,46.355,54.629
66.658,62.417,-6.132,-64.31,34.025,30.176,-71.074,17.036,46.047,44.158,41.673,50.567
61.443,51.698,-9.2265,-55.802,33.365,23.156,-62.62,11.658,38.465,36.81,36.422,45.908
55.567,40.532,-12.113,-46.823,32.527,16.072,-53.946,6.3761,30.322,28.832,30.635,40.75
49.155,29.345,-14.697,-37.635,31.508,9.2424,-45.168,1.389,21.933,20.39,24.388,35.18
42.354,18.515,-16.924,-28.473,30.296,2.9012,-36.411,-3.1687,13.711,11.874,17.836,29.273
35.295,8.3067,-18.786,-19.515,28.871,-2.8284,-27.79,-7.2547,6.0115,3.7745,11.204,23.114
28.088,-1.1098,-20.308,-10.9,27.206,-7.9058,-19.392,-10.895,-0.96467,-3.5285,4.7518,16.827
20.856,-9.5921,-21.535,-2.7935,25.286,-12.325,-11.261,-14.142,-7.1662,-9.8618,-1.2931,10.583
13.764,-17.019,-22.507,4.6051,23.113,-16.1,-3.4352,-17.053,-12.625,-15.225,-6.779,4.595
6.991,-23.345,-23.261,11.132,20.719,-19.271,3.9924,-19.687,-17.401,-19.705,-11.648,-0.92964
0.68521,-28.628,-23.822,16.736,18.158,-21.909,10.849,-22.109,-21.565,-23.413,-15.914,-5.8374
-5.0625,-33.017,-24.207,21.483,15.502,-24.106,16.921,-24.39,-25.189,-26.47,-19.624,-10.068
-10.208,-36.695,-24.436,25.5,12.836,-25.957,22.064,-26.589,-28.359,-29.002,-22.829,-13.653
-14.724,-39.817,-24.526,28.928,10.253,-27.535,26.252,-28.733,-31.15,-31.135,-25.576,-16.677
-18.603,-42.513,-24.5,31.878,7.8346,-28.903,29.568,-30.82,-33.636,-32.98,-27.911,-19.24
-21.859,-44.87,-24.385,34.428,5.6353,-30.111,32.162,-32.824,-35.871,-34.609,-29.881,-21.419
-24.535,-46.948,-24.212,36.623,3.684,-31.175,34.185,-34.713,-37.892,-36.061,-31.53,-23.258
-26.687,-48.756,-24.01,38.491,1.9916,-32.091,35.776,-36.472,-39.723,-37.354,-32.904,-24.784
-28.371,-50.269,-23.804,40.03,0.5581,-32.835,37.049,-38.112,-41.385,-38.496,-34.049,-26.014
-29.648,-51.447,-23.615,41.227,-0.6243,-33.378,38.095,-39.663,-42.892,-39.496,-34.997,-26.961
-30.566,-52.256,-23.449,42.073,-1.5753,-33.698,38.985,-41.16,-44.261,-40.364,-35.772,-27.638
-31.187,-52.698,-23.296,42.59,-2.3374,-33.795,39.764,-42.611,-45.492,-41.113,-36.394,-28.063
-31.59,-52.831,-23.139,42.841,-2.9756,-33.706,40.455,-44.003,-46.587,-41.76,-36.882,-28.27
-31.868,-52.767,-22.969,42.926,-3.5541,-33.503,41.055,-45.313,-47.555,-42.327,-37.271,-28.321
-32.102,-52.647,-22.801,42.957,-4.1075,-33.28,41.546,-46.517,-48.413,-42.847,-37.591,-28.287
-32.345,-52.591,-22.668,43.022,-4.6244,-33.127,41.91,-47.587,-49.185,-43.339,-37.873,-28.235
-32.606,-52.67,-22.6,43.168,-5.0562,-33.103,42.139,-48.519,-49.894,-43.818,-38.138,-28.209
-32.859,-52.891,-22.609,43.392,-5.3439,-33.219,42.248,-49.333,-50.549,-44.287,-38.39,-28.219
-33.056,-53.199,-22.683,43.648,-5.4481,-33.439,42.271,-50.055,-51.169,-44.746,-38.615,-28.238
-33.155,-53.511,-22.791,43.874,-5.374,-33.692,42.251,-50.712,-51.762,-45.192,-38.794,-28.225
-33.145,-53.756,-22.896,44.025,-5.1765,-33.911,42.23,-51.334,-52.337,-45.628,-38.913,-28.148
-33.06,-53.908,-22.967,44.092,-4.9489,-34.058,42.232,-51.94,-52.908,-46.062,-38.973,-27.997
-32.964,-53.989,-22.992,44.109,-4.793,-34.135,42.27,-52.528,-53.489,-46.496,-38.99,-27.796
-32.925,-54.051,-22.974,44.135,-4.7813,-34.174,42.339,-53.061,-54.082,-46.927,-38.991,-27.592
-32.984,-54.145,-22.933,44.206,-4.926,-34.218,42.435,-53.465,-54.67,-47.34,-39.005,-27.443
-33.125,-54.27,-22.891,44.319,-5.1729,-34.279,42.555,-53.608,-55.183,-47.707,-39.056,-27.389
-33.279,-54.367,-22.857,44.419,-5.4248,-34.32,42.695,-53.308,-55.504,-47.981,-39.148,-27.44
-33.352,-54.32,-22.816,44.412,-5.5863,-34.273,42.856,-52.346,-55.474,-48.077,-39.268,-27.563
-33.259,-54.008,-22.727,44.199,-5.6085,-34.048,43.031,-50.512,-54.924,-47.883,-39.374,-27.696
-32.96,-53.349,-22.537,43.723,-5.5053,-33.569,43.207,-47.759,-53.713,-47.279,-39.406,-27.776
-32.47,-52.337,-22.213,42.99,-5.3316,-32.817,43.36,-44.68,-51.794,-46.169,-39.304,-27.763
-31.833,-51.066,-21.785,42.065,-5.1233,-31.863,43.463,-43.413,-49.285,-44.513,-39.008,-27.63
-31.066,-49.703,-21.401,41.026,-4.8237,-30.886,43.484,-48.197,-46.615,-42.368,-38.45,-27.334
-30.077,-48.437,-21.34,39.906,-4.2387,-30.143,43.396,-59.787,-44.887,-39.981,-37.52,-26.779
-28.605,-47.408,-21.919,38.637,-3.0854,-29.917,43.165,-66.68,-47.319,-38.317,-36.022,-25.773
-26.152,-46.645,-23.217,37.017,-3.2437,-30.42,42.733,-63.582,-59.419,-41.534,-33.66,-23.988
-22.094,-46.019,-24.615,34.666,-11.959,-31.671,41.989,-53.174,-68.867,-56.129,-30.578,-20.862
-18.754,-45.207,-23.226,30.935,-11.217,-33.391,40.716,-35.418,-60.545,-62.629,-33.291,-15.69
-28.348,-43.697,-20.465,24.856,-9.9396,-35.032,38.507,-10.497,-43.22,-54.837,-49.647,-10.074
-29.142,-40.761,-15.512,16.181,-9.0589,-36.047,34.926,20.324,-19.918,-40.779,-50.993,-19.453
-23.022,-35.301,-9.6543,12.344,-8.1834,-36.411,33.071,56.06,8.7117,-20.744,-45.418,-32.835
-15.152,-25.479,-6.3992,16.081,-5.2072,-36.657,39.399,96.251,42.226,5.4625,-34.942,-28.941
-4.0845,-10.271,-9.346,8.9351,3.1329,-36.817,42.135,139.5,80.538,38.099,-18.422,-20.794
12.645,-4.0613,-22.049,-0.75077,20.689,-35.752,39.123,185.81,124.95,78.16,5.9695,-8.5187
38.278,-11.35,-49.096,-12.537,49.924,-32.958,32.737,241.95,179.43,127.78,40.795,9.5241
76.442,-15.61,-93.019,-29.305,91.096,-38.166,21.51,317.62,250.88,190.38,88.633,35.856
129.85,-17.484,-150.17,-54.696,145.53,-65.288,2.5016,418.84,346.51,270.95,151.05,73.624
199.39,-13.189,-214.88,-92.96,212.99,-95.877,-28.101,546.19,469.59,373.72,229.54,125.97
285.13,4.0286,-281.38,-148.14,290.26,-121.14,-73.895,692.62,616.11,498.26,327.11,194.96
383.95,42.399,-339.6,-220.9,370.51,-131.9,-135.02,842.14,773.73,638.42,444.06,280.71
487.53,108.08,-378.88,-307.04,443.75,-120.93,-206.81,971.24,922.47,782.38,575.69,381.88
583.89,200.26,-389.65,-399.43,498.54,-84.767,-282.65,1053.4,1038.3,914.27,713.87,493.93
659.85,305.96,-365.97,-487.75,524.98,-24.189,-353.83,1066.6,1099.3,1017.8,848.33,609.02
704.2,409.71,-308.49,-560.26,517.78,54.65,-410.5,999.9,1092.2,1080.8,968.19,717.37
710.55,499.25,-225.36,-606.65,478.22,140.67,-444.46,858.46,1016.2,1098.4,1064.2,808.95
678.69,561.66,-130.28,-620.37,413.55,219.65,-451.17,662.76,883.97,1073.6,1129.7,875.04
613.95,587.25,-38.735,-599.63,334.42,278.5,-430.18,443.83,717.41,1015.4,1160.7,908.95
524.85,571.97,36.29,-546.73,251.63,308.9,-384.34,234.72,541.1,933.73,1153.5,905.73
420.28,516.96,87.156,-466.34,173.31,307.92,-318.28,61.314,374.94,835.75,1103.6,861.77
307.73,427.33,112.29,-364.33,103.79,277.35,-237.42,-63.581,229.53,723.25,1006.1,775.13
193.21,311.42,114.85,-247.84,44.374,222.21,-147.74,-140.93,106.0,594.55,859.34,647.49
82.41,180.44,100.03,-125.86,-4.8433,149.85,-56.168,-181.59,-0.034741,448.97,669.31,486.72
-18.429,47.535,72.949,-9.1363,-43.395,69.234,29.448,-199.96,-93.163,291.27,452.56,308.14
-102.67,-73.953,38.506,91.693,-70.046,-10.307,101.43,-207.71,-174.3,133.2,234.07,132.76
-164.72,-172.81,1.0413,168.99,-83.912,-80.332,154.85,-210.66,-239.92,-9.4648,41.11,-17.644
-201.41,-241.89,-36.034,219.26,-84.545,-134.92,188.26,-208.92,-284.47,-119.74,-104.14,-125.78
-212.59,-278.99,-69.857,242.42,-72.814,-171.57,202.37,-199.0,-303.56,-186.44,-189.07,-184.89
-201.48,-287.77,-97.853,241.61,-52.218,-190.29,199.6,-176.81,-295.97,-210.6,-218.33,-201.44
-174.27,-275.63,-117.63,222.73,-27.544,-192.82,183.98,-140.16,-264.89,-200.94,-206.24,-187.95
-139.24,-250.36,-128.95,193.17,-3.0076,-183.56,160.58,-93.564,-217.7,-169.99,-170.7,-158.49
-104.28,-217.6,-131.84,159.21,17.67,-166.15,132.09,-47.214,-163.87,-130.65,-129.13,-126.03
-74.208,-177.3,-126.76,123.5,31.198,-140.29,103.39,-7.2144,-113.39,-93.03,-93.553,-99.154
-54.885,-143.53,-116.12,99.192,36.715,-113.51,85.669,25.098,-72.771,-62.387,-68.143,-80.118
-43.291,-124.14,-102.71,85.487,35.872,-96.534,74.383,47.562,-44.643,-43.593,-51.985,-63.509
-36.745,-109.41,-88.606,75.351,31.789,-84.788,66.959,58.505,-28.474,-38.82,-45.636,-56.753
-33.779,-97.404,-74.39,67.711,26.511,-74.776,61.795,57.473,-20.482,-33.05,-43.552,-55.094
-33.178,-87.435,-60.832,61.369,18.936,-66.277,57.332,42.714,-18.001,-29.985,-41.271,-52.451
-33.973,-78.395,-49.455,55.658,9.2971,-58.892,52.98,18.372,-22.743,-30.966,-40.121,-48.674
-34.11,-70.246,-40.482,51.193,4.6219,-52.224,49.267,4.8241,-32.497,-33.31,-39.17,-44.345
-33.435,-63.853,-33.194,48.209,2.5746,-46.362,46.661,3.5259,-35.271,-33.844,-37.843,-41.034
-32.65,-59.299,-27.132,46.069,0.30114,-41.595,44.936,4.9096,-33.985,-33.033,-36.565,-38.928
-32.069,-55.908,-22.622,44.368,-2.1476,-37.847,43.768,4.8727,-32.425,-32.074,-35.624,-37.543
-31.774,-53.191,-20.188,42.998,-4.3119,-34.802,42.963,2.9638,-31.415,-31.43,-35.074,-36.582
-31.712,-50.941,-18.966,41.911,-6.0089,-32.23,42.409,-0.18891,-31.037,-31.196,-34.865,-35.892
-31.76,-49.06,-17.744,41.042,-7.2976,-30.034,42.02,-3.8553,-31.15,-31.303,-34.882,-35.363
-31.802,-47.482,-16.284,40.321,-8.2491,-28.17,41.729,-7.436,-31.536,-31.618,-35.005,-34.911
-31.771,-46.155,-14.762,39.695,-8.8807,-26.606,41.487,-10.548,-32.008,-32.026,-35.146,-34.479
-31.647,-45.04,-13.343,39.136,-9.221,-25.308,41.262,-13.051,-32.459,-32.459,-35.264,-34.035
-31.438,-44.092,-12.104,38.625,-9.3301,-24.234,41.043,-14.983,-32.854,-32.892,-35.353,-33.562
-31.158,-43.261,-11.069,38.141,-9.282,-23.335,40.83,-16.459,-33.188,-33.316,-35.424,-33.052
-30.818,-42.492,-10.232,37.655,-9.1444,-22.562,40.628,-17.586,-33.466,-33.723,-35.487,-32.5
-30.43,-41.741,-9.5774,37.141,-8.967,-21.875,40.439,-18.445,-33.69,-34.098,-35.541,-31.902
-30.004,-40.975,-9.0865,36.583,-8.7766,-21.237,40.266,-19.083,-33.852,-34.42,-35.582,-31.257
-29.545,-40.175,-8.7323,35.969,-8.5779,-20.627,40.107,-19.534,-33.945,-34.67,-35.597,-30.57
-29.053,-39.336,-8.4813,35.296,-8.3611,-20.03,39.953,-19.831,-33.966,-34.831,-35.573,-29.861
-28.532,-38.466,-8.2934,34.575,-8.1136,-19.442,39.791,-20.016,-33.918,-34.898,-35.499,-29.156
-27.992,-37.592,-8.1256,33.831,-7.8349,-18.869,39.6,-20.145,-33.819,-34.875,-35.369,-28.492
-27.462,-36.757,-7.9378,33.111,-7.5432,-18.326,39.357,-20.272,-33.696,-34.781,-35.182,-27.904
-26.995,-36.018,-7.6982,32.48,-7.2766,-17.839,39.043,-20.445,-33.582,-34.649,-34.948,-27.423
-26.645,-35.429,-7.386,31.999,-7.0815,-17.433,38.642,-20.689,-33.502,-34.523,-34.686,-27.077
-26.445,-35.008,-6.9926,31.69,-6.9892,-17.109,38.153,-20.995,-33.464,-34.44,-34.411,-26.884
-26.372,-34.709,-6.5239,31.519,-6.9978,-16.837,37.59,-21.317,-33.448,-34.414,-34.135,-26.843
-26.359,-34.441,-5.9945,31.4,-7.075,-16.56,36.981,-21.585,-33.418,-34.435,-33.861,-26.932
-26.331,-34.106,-5.4257,31.243,-7.1767,-16.224,36.351,-21.733,-33.331,-34.477,-33.59,-27.118
-26.244,-33.649,-4.8365,30.991,-7.2735,-15.802,35.716,-21.731,-33.161,-34.505,-33.327,-27.361
-26.103,-33.081,-4.2353,30.648,-7.3631,-15.308,35.07,-21.597,-32.911,-34.494,-33.077,-27.629
-25.954,-32.473,-3.625,30.27,-7.4687,-14.787,34.389,-21.39,-32.609,-34.428,-32.842,-27.898
-25.862,-31.922,-3.0045,29.938,-7.6226,-14.297,33.647,-21.188,-32.301,-34.308,-32.615,-28.156
-25.879,-31.511,-2.3722,29.722,-7.8449,-13.885,32.822,-21.062,-32.035,-34.15,-32.382,-28.408
-26.022,-31.283,-1.7273,29.655,-8.1326,-13.569,31.911,-21.053,-31.847,-33.979,-32.134,-28.669
-26.261,-31.211,-1.0717,29.716,-8.4554,-13.333,30.925,-21.156,-31.746,-33.825,-31.864,-28.956
-26.52,-31.201,-0.40963,29.828,-8.7614,-13.123,29.899,-21.324,-31.71,-33.704,-31.564,-29.269
-26.704,-31.119,0.25319,29.881,-8.9955,-12.868,28.882,-21.473,-31.687,-33.608,-31.22,-29.578
-26.741,-30.841,0.912,29.777,-9.1238,-12.502,27.918,-21.518,-31.614,-33.509,-30.812,-29.832
-26.6,-30.294,1.5639,29.458,-9.151,-11.988,27.026,-21.399,-31.436,-33.366,-30.315,-29.976
-26.296,-29.466,2.2078,28.916,-9.1168,-11.317,26.188,-21.102,-31.12,-33.137,-29.702,-29.963
-25.864,-28.386,2.8457,28.173,-9.0736,-10.505,25.367,-20.653,-30.664,-32.794,-28.948,-29.763
-25.331,-27.092,3.485,27.256,-9.0597,-9.5641,24.528,-20.096,-30.083,-32.326,-28.03,-29.358
-24.704,-25.605,4.1424,26.179,-9.0791,-8.4921,23.665,-19.479,-29.402,-31.738,-26.931,-28.747
-23.964,-23.917,4.8439,24.936,-9.1,-7.2666,22.796,-18.834,-28.649,-31.052,-25.65,-27.946
-23.086,-22.01,5.6184,23.517,-9.0714,-5.8621,21.944,-18.181,-27.846,-30.298,-24.208,-26.994
-22.069,-19.892,6.4859,21.938,-8.9514,-4.2756,21.121,-17.52,-27.015,-29.513,-22.649,-25.949
-20.949,-17.616,7.4491,20.254,-8.7276,-2.5386,20.306,-16.841,-26.166,-28.731,-21.031,-24.877
-19.782,-15.255,8.4916,18.538,-8.4179,-0.70281,19.46,-16.113,-25.288,-27.969,-19.394,-23.82
-18.615,-12.862,9.585,16.841,-8.0573,1.1866,18.544,-15.303,-24.336,-27.214,-17.737,-22.773
-17.465,-10.443,10.7,15.168,-7.6869,3.1109,17.533,-14.376,-23.246,-26.418,-16.004,-21.678
-16.326,-7.964,11.816,13.488,-7.3484,5.0784,16.425,-13.312,-21.943,-25.518,-14.104,-20.445
-15.192,-5.3878,12.927,11.767,-7.0817,7.1082,15.226,-12.107,-20.368,-24.454,-11.942,-18.976
-14.072,-2.6917,14.047,9.9944,-6.9174,9.2201,13.933,-10.774,-18.49,-23.183,-9.456,-17.202
-12.97,0.15607,15.198,8.1559,-6.8651,11.444,12.53,-9.3351,-16.306,-21.681,-6.6314,-15.091
-11.85,3.2382,16.41,6.1958,-6.9059,13.833,10.992,-7.7988,-13.833,-19.938,-3.493,-12.647
-10.625,6.6835,17.709,4.0088,-6.9987,16.453,9.2956,-6.1538,-11.08,-17.951,-0.092612,-9.9073
-9.2072,10.594,19.104,1.4937,-7.0998,19.336,7.4168,-4.372,-8.0375,-15.722,3.5032,-6.9214
-7.5697,14.967,20.593,-1.3765,-7.1828,22.448,5.3321,-2.4254,-4.6646,-13.25,7.2307,-3.7415
-5.773,19.678,22.163,-4.5312,-7.2456,25.698,3.0228,-0.30357,-0.90092,-10.508,11.052,-0.3967
-3.9243,24.543,23.806,-7.8427,-7.3032,28.977,0.48525,1.9791,3.3078,-7.4271,14.968,3.1247
-2.1139,29.398,25.514,-11.191,-7.3752,32.203,-2.2628,4.3885,7.969,-3.8988,19.004,6.8728
-0.38536,34.146,27.295,-14.498,-7.4788,35.332,-5.1926,6.8777,13.009,0.18996,23.182,10.906
1.2497,38.751,29.168,-17.73,-7.6278,38.36,-8.2873,9.3916,18.27,4.8972,27.48,15.247
2.7889,43.22,31.166,-20.881,-7.8298,41.301,-11.563,11.878,23.559,10.17,31.837,19.857
4.2523,47.593,33.325,-23.984,-8.0761,44.183,-15.07,14.308,28.724,15.839,36.176,24.648
5.7192,51.958,35.666,-27.139,-8.3329,47.047,-18.881,16.688,33.715,21.687,40.448,29.525
7.3328,56.43,38.186,-30.499,-8.5481,49.943,-23.066,19.053,38.58,27.546,44.653,34.43
9.2416,61.092,40.859,-34.197,-8.6778,52.913,-27.69,21.427,43.39,33.346,48.829,39.346
11.523,65.943,43.65,-38.27,-8.7116,55.978,-32.789,23.8,48.173,39.094,53.024,44.288
14.158,70.903,46.522,-42.644,-8.6779,59.133,-38.36,26.113,52.868,44.818,57.296,49.297
17.079,75.874,49.442,-47.189,-8.6229,62.373,-44.339,28.295,57.354,50.534,61.721,54.453
20.253,80.808,52.373,-51.813,-8.5805,65.708,-50.607,30.298,61.504,56.239,66.426,59.892
23.736,85.74,55.277,-56.504,-8.5523,69.182,-57.015,32.121,65.246,61.932,71.608,65.805
27.623,90.761,58.122,-61.304,-8.5124,72.862,-63.426,33.807,68.584,67.634,77.493,72.366
31.931,95.948,60.88,-66.219,-8.4307,76.792,-69.757,35.406,71.577,73.371,84.2,79.592
36.517,101.3,63.521,-71.168,-8.2948,80.939,-75.976,36.949,74.305,79.139,91.583,87.237
41.119,106.69,66.026,-75.994,-8.1164,85.176,-82.081,38.433,76.834,84.895,99.257,94.892
45.481,111.96,68.388,-80.534,-7.9179,89.333,-88.058,39.834,79.208,90.587,106.84,102.23
49.457,116.95,70.614,-84.681,-7.7092,93.276,-93.858,41.13,81.441,96.169,114.15,109.1
53.031,121.6,72.722,-88.417,-7.4756,96.944,-99.404,42.301,83.523,101.58,121.17,115.52
56.274,125.94,74.727,-91.802,-7.1895,100.34,-104.62,43.333,85.425,106.69,127.93,121.5
59.279,130.03,76.642,-94.93,-6.8352,103.51,-109.45,44.206,87.111,111.35,134.37,126.99
62.116,133.94,78.47,-97.887,-6.4246,106.47,-113.87,44.915,88.559,115.42,140.36,131.93
64.83,137.71,80.201,-100.74,-5.9889,109.24,-117.87,45.479,89.783,118.83,145.77,136.24
67.442,141.36,81.817,-103.51,-5.5605,111.84,-121.46,45.95,90.837,121.64,150.53,139.94
69.945,144.87,83.292,-106.2,-5.16,114.25,-124.65,46.405,91.804,124.0,154.69,143.11
72.288,148.19,84.611,-108.79,-4.7955,116.46,-127.44,46.911,92.757,126.04,158.33,145.88
74.398,151.27,85.769,-111.19,-4.4672,118.43,-129.85,47.502,93.732,127.89,161.6,148.38
76.222,154.02,86.774,-113.36,-4.1696,120.17,-131.89,48.174,94.727,129.64,164.59,150.71
77.762,156.42,87.639,-115.27,-3.8901,121.66,-133.58,48.891,95.705,131.3,167.35,152.91
79.057,158.45,88.375,-116.91,-3.6106,122.91,-134.98,49.601,96.619,132.86,169.88,154.95
80.157,160.13,88.994,-118.29,-3.3147,123.95,-136.12,50.253,97.42,134.27,172.12,156.79
81.086,161.43,89.501,-119.41,-2.998,124.77,-137.09,50.802,98.068,135.47,174.03,158.34
81.84,162.35,89.896,-120.24,-2.6738,125.37,-137.94,51.228,98.542,136.42,175.56,159.55
82.402,162.85,90.165,-120.74,-2.3624,125.7,-138.74,51.538,98.85,137.1,176.69,160.39
82.77,162.93,90.269,-120.93,-2.0691,125.76,-139.51,51.772,99.03,137.53,177.45,160.88
82.979,162.62,90.153,-120.85,-1.7684,125.52,-140.21,52.0,99.152,137.77,177.91,161.06
83.087,162.02,89.744,-120.59,-1.4109,125.01,-140.78,52.292,99.287,137.89,178.13,161.02
83.149,161.22,88.977,-120.26,-0.95056,124.23,-141.12,52.692,99.481,137.97,178.18,160.83
83.18,160.27,87.799,-119.9,-0.3753,123.2,-141.14,53.189,99.727,138.05,178.06,160.54
83.153,159.12,86.185,-119.48,0.28353,121.87,-140.75,53.724,99.971,138.12,177.72,160.1
83.012,157.66,84.142,-118.9,0.96706,120.18,-139.93,54.227,100.14,138.14,177.09,159.45
82.702,155.73,81.701,-118.05,1.6173,118.04,-138.66,54.645,100.15,138.03,176.04,158.51
82.187,153.18,78.909,-116.8,2.1999,115.34,-136.98,54.967,99.974,137.74,174.45,157.16
81.431,149.88,75.813,-115.07,2.7195,111.99,-134.89,55.209,99.59,137.2,172.14,155.31
80.398,145.77,72.441,-112.78,3.2228,107.96,-132.39,55.403,99.007,136.36,168.97,152.88
79.065,140.87,68.795,-109.92,3.7744,103.27,-129.37,55.572,98.237,135.17,164.78,149.78
77.438,135.28,64.843,-106.53,4.4142,97.979,-125.74,55.724,97.278,133.58,159.46,145.91
75.529,129.1,60.526,-102.67,5.1289,92.166,-121.4,55.846,96.112,131.51,153.02,141.14
73.301,122.38,55.786,-98.344,5.8531,85.901,-116.35,55.908,94.701,128.9,145.55,135.33
70.645,115.13,50.607,-93.489,6.4944,79.29,-110.63,55.861,92.993,125.67,137.21,128.43
67.417,107.37,45.069,-88.017,6.9682,72.486,-104.36,55.652,90.929,121.74,128.22,120.5
63.526,99.136,39.382,-81.88,7.232,65.64,-97.618,55.238,88.45,117.07,118.74,111.75
59.018,90.478,33.846,-75.137,7.3085,58.847,-90.415,54.592,85.516,111.64,108.88,102.5
54.102,81.486,28.71,-67.966,7.2797,52.121,-82.719,53.714,82.109,105.5,98.736,93.045
49.058,72.275,24.064,-60.603,7.2471,45.445,-74.502,52.608,78.226,98.759,88.541,83.664
44.083,62.938,19.848,-53.226,7.2793,38.805,-65.807,51.268,73.852,91.564,78.64,74.6
39.179,53.483,15.941,-45.858,7.3786,32.182,-56.794,49.651,68.955,84.084,69.376,66.051
34.183,43.806,12.226,-38.366,7.4864,25.545,-47.713,47.682,63.505,76.475,60.909,58.106
28.874,33.775,8.6265,-30.566,7.5226,18.87,-38.833,45.272,57.494,68.858,53.138,50.704
23.102,23.39,5.1042,-22.376,7.4312,12.209,-30.349,42.341,50.928,61.278,45.787,43.67
16.905,12.92,1.6613,-13.951,7.2016,5.7165,-22.324,38.826,43.811,53.681,38.54,36.799
10.573,2.8847,-1.6719,-5.7093,6.8634,-0.38393,-14.707,34.703,36.163,45.928,31.151,29.925
4.5621,-6.1678,-4.8513,1.8416,6.4713,-5.8923,-7.3911,30.012,28.09,37.854,23.518,22.961
-0.72715,-13.916,-7.832,8.3439,6.0898,-10.702,-0.31139,24.889,19.868,29.373,15.72,15.921
-5.1158,-20.335,-10.572,13.709,5.7743,-14.808,6.484,19.558,11.907,20.605,8.0072,8.9288
-8.6625,-25.608,-13.031,18.071,5.5496,-18.28,12.813,14.275,4.5969,11.912,0.70693,2.1902
-11.576,-29.988,-15.173,21.668,5.396,-21.219,18.441,9.2283,-1.8437,3.7656,-5.9004,-4.0586
-14.097,-33.707,-16.978,24.735,5.2598,-23.727,23.205,4.5061,-7.391,-3.4618,-11.651,-9.6161
-16.39,-36.922,-18.457,27.433,5.0843,-25.892,27.09,0.12178,-12.135,-9.6137,-16.497,-14.361
-18.512,-39.726,-19.656,29.835,4.8389,-27.784,30.19,-3.9246,-16.195,-14.725,-20.485,-18.268
-20.445,-42.18,-20.639,31.967,4.5289,-29.455,32.65,-7.6114,-19.671,-18.932,-23.714,-21.399
-22.162,-44.344,-21.474,33.848,4.1832,-30.953,34.61,-10.905,-22.651,-22.398,-26.313,-23.871
-23.661,-46.279,-22.211,35.51,3.8338,-32.319,36.183,-13.794,-25.216,-25.276,-28.412,-25.823
-24.968,-48.041,-22.877,36.995,3.4992,-33.583,37.459,-16.311,-27.449,-27.698,-30.133,-27.392
-26.124,-49.676,-23.476,38.345,3.1792,-34.765,38.499,-18.515,-29.417,-29.769,-31.571,-28.695
-27.166,-51.206,-24.0,39.592,2.8662,-35.872,39.35,-20.464,-31.158,-31.559,-32.797,-29.813
-28.104,-52.63,-24.446,40.742,2.5604,-36.906,40.048,-22.192,-32.683,-33.104,-33.85,-30.79
-28.932,-53.927,-24.815,41.782,2.2758,-37.863,40.622,-23.705,-33.987,-34.418,-34.749,-31.644
-29.641,-55.076,-25.117,42.695,2.0309,-38.737,41.1,-24.995,-35.067,-35.501,-35.505,-32.378
-30.238,-56.072,-25.368,43.476,1.8359,-39.528,41.507,-26.053,-35.937,-36.354,-36.123,-32.989
-30.739,-56.924,-25.587,44.137,1.6871,-40.233,41.868,-26.886,-36.627,-36.989,-36.612,-33.478
-31.166,-57.649,-25.79,44.695,1.5688,-40.849,42.205,-27.519,-37.175,-37.429,-36.985,-33.857
-31.533,-58.256,-25.981,45.163,1.4585,-41.365,42.535,-27.984,-37.614,-37.703,-37.261,-34.147
-31.851,-58.748,-26.153,45.548,1.3315,-41.771,42.867,-28.311,-37.965,-37.841,-37.456,-34.374
-32.126,-59.125,-26.289,45.854,1.1658,-42.06,43.199,-28.526,-38.229,-37.869,-37.584,-34.564
-32.364,-59.398,-26.372,46.09,0.94908,-42.241,43.523,-28.643,-38.402,-37.813,-37.66,-34.738
-32.575,-59.597,-26.4,46.278,0.68543,-42.346,43.825,-28.671,-38.475,-37.698,-37.697,-34.907
-32.769,-59.762,-26.376,46.443,0.39704,-42.414,44.089,-28.61,-38.452,-37.54,-37.705,-35.075
-32.956,-59.927,-26.314,46.61,0.11325,-42.48,44.303,-28.463,-38.342,-37.349,-37.691,-35.231
-33.145,-60.11,-26.224,46.792,-0.14588,-42.557,44.46,-28.241,-38.166,-37.121,-37.657,-35.361
-33.34,-60.305,-26.112,46.988,-0.37899,-42.633,44.558,-27.967,-37.95,-36.848,-37.604,-35.451
-33.539,-60.48,-25.98,47.181,-0.60001,-42.675,44.605,-27.662,-37.717,-36.519,-37.532,-35.494
-33.723,-60.584,-25.827,47.333,-0.8281,-42.638,44.615,-27.338,-37.471,-36.125,-37.442,-35.487
-33.864,-60.556,-25.653,47.403,-1.0788,-42.48,44.602,-26.99,-37.203,-35.663,-37.329,-35.434
-33.935,-60.356,-25.452,47.355,-1.3592,-42.178,44.577,-26.599,-36.89,-35.141,-37.192,-35.342
-33.929,-59.986,-25.22,47.185,-1.6671,-41.746,44.539,-26.15,-36.515,-34.588,-37.031,-35.223
-33.865,-59.499,-24.96,46.928,-1.9936,-41.23,44.48,-25.646,-36.074,-34.046,-36.855,-35.088
-33.782,-58.988,-24.679,46.649,-2.3268,-40.701,44.384,-25.111,-35.582,-33.562,-36.676,-34.948
-33.73,-58.547,-24.391,46.422,-2.6546,-40.226,44.232,-24.591,-35.072,-33.173,-36.507,-34.805
-33.746,-58.244,-24.109,46.297,-2.9665,-39.846,44.016,-24.131,-34.58,-32.887,-36.346,-34.651
-33.837,-58.085,-23.835,46.285,-3.2562,-39.556,43.737,-23.763,-34.129,-32.685,-36.183,-34.467
-33.98,-58.018,-23.559,46.347,-3.5224,-39.311,43.41,-23.49,-33.727,-32.529,-35.992,-34.225
-34.126,-57.952,-23.262,46.416,-3.7653,-39.044,43.06,-23.283,-33.365,-32.379,-35.749,-33.905
-34.22,-57.792,-22.93,46.414,-3.9826,-38.695,42.713,-23.096,-33.021,-32.203,-35.442,-33.491
-34.22,-57.473,-22.556,46.287,-4.1686,-38.236,42.39,-22.878,-32.673,-31.986,-35.069,-32.982
-34.111,-56.979,-22.157,46.016,-4.3167,-37.677,42.097,-22.594,-32.301,-31.727,-34.644,-32.39
-33.904,-56.343,-21.764,45.62,-4.4215,-37.059,41.82,-22.23,-31.892,-31.435,-34.186,-31.74
-33.629,-55.622,-21.418,45.139,-4.4796,-36.435,41.53,-21.793,-31.436,-31.119,-33.712,-31.059
-33.309,-54.868,-21.143,44.609,-4.4907,-35.84,41.192,-21.299,-30.923,-30.777,-33.221,-30.368
-32.957,-54.103,-20.934,44.046,-4.458,-35.277,40.779,-20.76,-30.338,-30.397,-32.693,-29.666
-32.563,-53.31,-20.745,43.444,-4.3859,-34.71,40.274,-20.172,-29.66,-29.959,-32.088,-28.933
-32.105,-52.439,-20.51,42.774,-4.2773,-34.076,39.67,-19.516,-28.87,-29.44,-31.361,-28.133
-31.553,-51.419,-20.156,41.996,-4.1319,-33.301,38.96,-18.765,-27.951,-28.822,-30.47,-27.227
-30.877,-50.178,-19.618,41.064,-3.9427,-32.319,38.132,-17.894,-26.895,-28.091,-29.383,-26.181
-30.043,-48.645,-18.849,39.93,-3.6951,-31.076,37.169,-16.876,-25.69,-27.228,-28.072,-24.962
-29.018,-46.757,-17.814,38.545,-3.3729,-29.537,36.043,-15.682,-24.32,-26.207,-26.511,-23.543
-27.766,-44.455,-16.5,36.86,-2.9683,-27.679,34.714,-14.283,-22.756,-24.993,-24.667,-21.901
-26.25,-41.689,-14.919,34.822,-2.4914,-25.49,33.115,-12.652,-20.962,-23.541,-22.514,-20.024
-24.433,-38.422,-13.108,32.382,-1.9684,-22.963,31.128,-10.778,-18.903,-21.807,-20.037,-17.918
-22.272,-34.631,-11.126,29.494,-1.4309,-20.1,28.576,-8.6688,-16.552,-19.749,-17.241,-15.602
-19.711,-30.297,-9.0345,26.111,-0.90243,-16.907,25.229,-6.3455,-13.889,-17.322,-14.137,-13.101
-16.682,-25.389,-6.8806,22.186,-0.38867,-13.388,20.853,-3.8305,-10.901,-14.487,-10.737,-10.435
-13.109,-19.861,-4.6848,17.664,0.12438,-9.5385,15.313,-1.1263,-7.5675,-11.203,-7.0455,-7.6132
-8.932,-13.647,-2.4425,12.494,0.6644,-5.3326,8.654,1.7962,-3.8454,-7.4377,-3.0684,-4.6401
-4.1226,-6.6697,-0.13255,6.6318,1.2654,-0.72352,1.0534,4.9918,0.33471,-3.1612,1.1784,-1.5116
1.307,1.1491,2.2694,0.048098,1.9636,4.3471,-7.3173,8.5163,5.0593,1.6601,5.6704,1.794
7.318,9.859,4.7761,-7.264,2.7951,9.9229,-16.353,12.392,10.396,7.0554,10.384,5.3247
13.838,19.414,7.3769,-15.253,3.7893,15.987,-25.978,16.572,16.336,13.016,15.298,9.1404
20.723,29.594,10.031,-23.751,4.9626,22.412,-36.109,20.927,22.749,19.448,20.372,13.272
27.739,40.006,12.666,-32.468,6.3182,28.962,-46.637,25.263,29.374,26.149,25.532,17.684
34.629,50.206,15.191,-41.074,7.8555,35.364,-57.386,29.37,35.896,32.861,30.664,22.263
41.212,59.864,17.509,-49.322,9.5748,41.4,-68.089,33.084,42.04,39.347,35.639,26.849
47.433,68.825,19.531,-57.101,11.467,46.95,-78.434,36.317,47.639,45.451,40.338,31.27
53.321,77.069,21.193,-64.402,13.505,51.956,-88.124,39.057,52.631,51.091,44.678,35.381
58.893,84.607,22.461,-71.231,15.647,56.387,-96.947,41.34,57.026,56.232,48.601,39.07
64.087,91.402,23.335,-77.533,17.849,60.211,-104.8,43.21,60.843,60.858,52.066,42.264
68.76,97.357,23.836,-83.175,20.062,63.388,-111.69,44.699,64.079,64.954,55.037,44.932
72.774,102.36,23.995,-88.015,22.226,65.892,-117.66,45.822,66.702,68.5,57.499,47.092
76.069,106.37,23.845,-91.977,24.267,67.728,-122.73,46.593,68.678,71.462,59.465,48.8
78.668,109.42,23.417,-95.08,26.117,68.937,-126.69,47.028,69.99,73.79,60.982,50.133
80.633,111.57,22.738,-97.392,27.727,69.577,-129.2,47.144,70.637,75.422,62.095,51.15
82.014,112.86,21.824,-98.959,29.074,69.686,-129.96,46.935,70.62,76.286,62.821,51.872
82.846,113.27,20.67,-99.776,30.161,69.255,-128.91,46.365,69.911,76.311,63.137,52.281
83.158,112.67,19.25,-99.794,31.012,68.222,-126.2,45.362,68.448,75.423,62.998,52.332
82.99,110.95,17.525,-98.962,31.667,66.504,-122.07,43.827,66.136,73.554,62.364,51.971
82.381,108.04,15.456,-97.25,32.172,64.036,-116.77,41.659,62.878,70.665,61.199,51.14
81.352,103.92,13.029,-94.635,32.566,60.799,-110.59,38.798,58.625,66.783,59.476,49.782
79.889,98.632,10.252,-91.088,32.868,56.807,-103.77,35.25,53.41,62.012,57.174,47.85
77.934,92.21,7.151,-86.567,33.075,52.081,-96.491,31.077,47.335,56.495,54.282,45.315
75.386,84.654,3.7748,-81.021,33.167,46.628,-88.876,26.363,40.512,50.346,50.803,42.17
72.104,75.94,0.20857,-74.419,33.118,40.46,-80.983,21.211,33.043,43.607,46.741,38.436
67.956,66.088,-3.4147,-66.798,32.914,33.653,-72.835,15.764,25.069,36.277,42.108,34.159
62.897,55.27,-6.9255,-58.314,32.547,26.415,-64.432,10.237,16.85,28.392,36.927,29.411
57.035,43.882,-10.16,-49.262,32.01,19.088,-55.775,4.8915,8.7769,20.125,31.234,24.295
50.616,32.48,-13.01,-40.024,31.281,12.053,-46.915,-0.04872,1.2624,11.834,25.087,18.947
43.916,21.573,-15.437,-30.952,30.325,5.5899,-37.966,-4.4715,-5.4091,3.9804,18.591,13.528
37.126,11.463,-17.455,-22.263,29.097,-0.17951,-29.086,-8.3829,-11.156,-3.0556,11.921,8.1967
30.322,2.2475,-19.1,-14.026,27.554,-5.2562,-20.421,-11.866,-16.06,-9.1112,5.3212,3.0829
23.516,-6.0769,-20.411,-6.2545,25.668,-9.6908,-12.065,-15.029,-20.281,-14.239,-0.94922,-1.7364
16.741,-13.516,-21.425,1.0091,23.442,-13.541,-4.0866,-17.971,-23.978,-18.604,-6.6835,-6.2239
10.099,-20.058,-22.186,7.6646,20.915,-16.861,3.4163,-20.758,-27.272,-22.384,-11.769,-10.359
3.7454,-25.701,-22.739,13.601,18.16,-19.702,10.271,-23.426,-30.244,-25.709,-16.184,-14.123
-2.1719,-30.48,-23.121,18.758,15.274,-22.113,16.262,-25.988,-32.942,-28.66,-19.959,-17.503
-7.5531,-34.479,-23.361,23.158,12.365,-24.144,21.231,-28.442,-35.398,-31.283,-23.15,-20.489
-12.343,-37.798,-23.475,26.874,9.5552,-25.832,25.17,-30.774,-37.639,-33.62,-25.816,-23.076
-16.512,-40.558,-23.472,30.004,6.9633,-27.225,28.202,-32.968,-39.687,-35.717,-28.019,-25.273
-20.045,-42.859,-23.365,32.636,4.6688,-28.377,30.507,-35.011,-41.553,-37.623,-29.831,-27.107
-22.951,-44.792,-23.177,34.835,2.691,-29.324,32.261,-36.895,-43.25,-39.376,-31.326,-28.631
-25.268,-46.404,-22.942,36.645,1.009,-30.097,33.596,-38.627,-44.792,-41.011,-32.576,-29.901
-27.059,-47.717,-22.694,38.102,-0.39868,-30.712,34.611,-40.224,-46.191,-42.549,-33.636,-30.954
-28.403,-48.744,-22.46,39.228,-1.5445,-31.181,35.386,-41.698,-47.459,-43.995,-34.534,-31.809
-29.384,-49.499,-22.246,40.056,-2.4498,-31.505,35.987,-43.068,-48.605,-45.348,-35.283,-32.468
-30.094,-50.016,-22.045,40.642,-3.1641,-31.694,36.462,-44.342,-49.653,-46.605,-35.894,-32.938
-30.629,-50.35,-21.838,41.058,-3.7592,-31.768,36.844,-45.531,-50.622,-47.772,-36.384,-33.245
-31.068,-50.571,-21.608,41.376,-4.3043,-31.759,37.151,-46.647,-51.533,-48.86,-36.788,-33.423
-31.465,-50.743,-21.353,41.658,-4.8382,-31.707,37.388,-47.693,-52.398,-49.888,-37.136,-33.513
-31.838,-50.91,-21.088,41.934,-5.3582,-31.649,37.559,-48.658,-53.221,-50.851,-37.45,-33.547
-32.173,-51.085,-20.84,42.202,-5.8289,-31.611,37.669,-49.511,-53.991,-51.733,-37.741,-33.542
-32.443,-51.25,-20.632,42.434,-6.2058,-31.596,37.726,-50.244,-54.68,-52.509,-38.006,-33.5
-32.626,-51.373,-20.472,42.595,-6.4643,-31.592,37.746,-50.853,-55.276,-53.158,-38.236,-33.409
-32.727,-51.427,-20.352,42.672,-6.62,-31.574,37.746,-51.363,-55.788,-53.681,-38.423,-33.261
-32.777,-51.415,-20.247,42.678,-6.7276,-31.528,37.744,-51.818,-56.238,-54.102,-38.569,-33.054
-32.818,-51.355,-20.129,42.645,-6.8564,-31.444,37.75,-52.27,-56.658,-54.46,-38.69,-32.809
-32.881,-51.268,-19.978,42.604,-7.0547,-31.32,37.774,-52.747,-57.079,-54.797,-38.811,-32.557
-32.964,-51.156,-19.784,42.565,-7.3229,-31.154,37.827,-53.226,-57.513,-55.14,-38.957,-32.34
-33.038,-51.013,-19.556,42.515,-7.6111,-30.95,37.913,-53.628,-57.935,-55.486,-39.145,-32.198
-33.054,-50.805,-19.306,42.418,-7.8451,-30.699,38.029,-53.803,-58.271,-55.797,-39.38,-32.164
-32.971,-50.495,-19.038,42.236,-7.9659,-30.376,38.169,-53.547,-58.409,-55.996,-39.65,-32.256
-32.776,-50.039,-18.731,41.942,-7.9605,-29.953,38.317,-52.63,-58.188,-55.976,-39.929,-32.461
-32.479,-49.404,-18.337,41.523,-7.8655,-29.389,38.468,-50.846,-57.433,-55.591,-40.162,-32.737
-32.103,-48.565,-17.81,40.971,-7.7387,-28.646,38.617,-48.189,-56.002,-54.696,-40.279,-33.023
-31.648,-47.525,-17.16,40.284,-7.6083,-27.729,38.759,-45.355,-53.855,-53.187,-40.205,-33.265
-31.08,-46.329,-16.519,39.456,-7.4258,-26.72,38.88,-44.614,-51.147,-51.047,-39.866,-33.419
-30.301,-45.071,-16.182,38.467,-7.0462,-25.801,38.957,-50.029,-48.379,-48.395,-39.178,-33.453
-29.121,-43.874,-16.553,37.264,-6.248,-25.232,38.946,-61.379,-46.898,-45.624,-38.027,-33.309
-27.205,-42.834,-17.931,35.73,-4.9804,-25.276,38.771,-67.181,-50.505,-44.032,-36.218,-32.878
-23.959,-41.953,-20.078,33.632,-9.4463,-26.083,38.299,-63.063,-63.562,-48.262,-33.544,-31.945
-18.783,-41.087,-21.19,30.538,-14.208,-27.578,37.296,-51.422,-69.577,-62.14,-31.143,-30.118
-16.791,-39.913,-18.387,25.702,-13.373,-29.429,35.343,-32.488,-58.807,-65.015,-39.428,-26.875
-29.038,-37.898,-15.476,18.139,-12.636,-31.148,31.748,-6.9999,-40.202,-56.168,-51.747,-24.024
-27.059,-34.196,-10.917,9.1378,-12.174,-32.379,26.603,24.011,-16.093,-41.471,-50.204,-34.495
-20.803,-27.385,-6.2787,10.966,-11.019,-33.201,27.477,60.011,12.998,-20.938,-43.774,-38.844
-12.572,-15.379,-4.912,14.078,-7.1776,-33.883,37.194,100.65,46.885,5.559,-32.439,-33.403
-0.55654,-0.79941,-10.114,5.9571,2.4973,-34.03,39.28,144.37,85.673,38.326,-14.816,-24.088
18.015,-4.3002,-25.243,-4.0312,21.915,-32.577,35.119,191.42,130.95,78.729,11.056,-10.542
46.829,-12.593,-54.916,-17.061,53.503,-30.43,27.018,248.89,186.74,129.38,47.658,8.5839
89.666,-16.294,-101.45,-36.327,97.724,-42.857,12.943,326.3,259.37,193.44,97.101,35.628
148.59,-16.442,-159.97,-65.734,156.13,-73.846,-10.162,429.52,356.01,275.61,160.63,73.838
223.84,-8.3119,-225.09,-109.68,227.13,-103.36,-45.769,558.43,480.15,380.15,240.58,126.96
315.06,15.237,-290.55,-171.29,306.28,-124.73,-96.233,705.2,627.42,506.63,340.3,197.61
417.69,61.662,-346.19,-249.24,386.2,-129.69,-160.17,853.41,784.73,648.75,459.68,285.39
522.0,135.27,-380.92,-338.43,456.91,-112.83,-232.96,979.45,931.54,794.2,594.18,388.65
614.96,231.85,-386.0,-430.88,507.36,-71.577,-307.8,1057.1,1043.6,926.27,735.01,502.83
682.86,337.19,-356.72,-515.43,527.79,-7.1493,-375.1,1064.7,1099.4,1027.9,870.3,619.36
714.84,437.7,-294.41,-580.27,512.9,73.837,-424.98,992.57,1086.4,1086.5,988.24,727.36
705.94,520.53,-207.58,-615.96,464.15,159.55,-450.14,846.61,1004.9,1097.8,1079.4,815.98
658.27,573.15,-110.21,-617.53,389.54,235.38,-447.48,648.14,868.6,1065.4,1137.5,876.21
579.43,587.35,-17.874,-584.89,300.93,289.08,-417.96,428.55,699.8,998.95,1158.4,901.45
479.25,560.59,56.537,-521.57,210.2,313.34,-365.28,220.61,522.86,908.38,1138.4,887.15
366.87,495.3,105.52,-432.92,126.27,305.99,-294.48,49.41,356.98,800.15,1073.1,830.19
249.72,397.68,127.67,-325.2,54.046,269.51,-211.15,-73.15,211.95,675.56,958.52,729.56
134.19,276.96,126.46,-205.95,-4.6699,209.8,-121.53,-148.65,88.43,533.5,794.99,588.58
26.855,144.83,107.61,-84.675,-49.691,134.91,-32.542,-188.09,-17.795,376.39,591.42,417.52
-65.785,14.358,76.819,27.701,-81.088,53.887,48.608,-205.59,-110.34,214.08,368.04,234.79
-138.52,-101.74,39.046,121.23,-98.686,-24.208,115.59,-212.55,-189.34,61.447,153.39,64.236
-187.94,-193.37,-1.4789,189.67,-102.64,-91.376,164.5,-214.63,-251.82,-66.471,-24.382,-72.114
-212.33,-254.43,-40.886,230.74,-93.973,-142.44,193.91,-211.82,-292.59,-155.94,-145.81,-161.23
-212.63,-283.98,-75.276,245.44,-74.598,-175.69,204.43,-200.28,-306.62,-202.31,-206.4,-202.89
-193.32,-286.88,-101.43,237.99,-48.311,-191.44,198.71,-174.77,-292.42,-210.17,-216.91,-206.41
-161.6,-270.84,-118.9,214.87,-21.057,-191.8,181.09,-133.56,-254.14,-189.7,-193.95,-184.97
-125.82,-243.35,-128.9,183.41,2.4886,-181.38,156.68,-85.792,-201.53,-153.6,-155.24,-151.73
-92.82,-209.16,-131.45,149.25,19.814,-163.27,128.19,-41.329,-146.62,-114.0,-115.68,-118.43
-67.083,-169.64,-126.74,117.46,30.167,-136.61,102.18,-2.8926,-99.049,-79.249,-83.781,-92.793
-50.384,-139.74,-116.22,96.867,34.554,-110.29,85.573,28.038,-63.162,-52.764,-61.629,-75.972
-40.386,-120.67,-102.21,83.283,34.303,-93.848,74.532,49.098,-39.766,-41.167,-47.877,-65.208
-35.027,-105.79,-87.53,73.509,31.45,-81.909,67.445,58.835,-26.456,-35.159,-43.93,-61.18
-32.302,-94.149,-73.152,66.193,26.794,-71.992,62.443,56.881,-19.468,-29.567,-41.272,-58.168
-31.476,-84.298,-59.799,59.674,19.091,-63.696,58.023,40.47,-17.248,-27.933,-39.389,-55.171
-32.139,-75.078,-48.714,53.516,9.0802,-56.349,53.648,14.15,-22.658,-29.906,-38.243,-51.073
-32.162,-66.841,-39.87,48.816,5.0473,-49.62,49.874,1.4382,-32.597,-32.326,-37.016,-45.833
-31.4,-60.603,-32.593,45.788,3.4542,-43.776,47.212,0.8444,-34.674,-32.486,-35.48,-41.742
-30.555,-56.228,-26.562,43.64,1.4747,-39.133,45.453,2.2922,-33.192,-31.525,-34.085,-39.335
-29.928,-52.979,-22.157,41.959,-0.79334,-35.551,44.267,2.1995,-31.585,-30.559,-33.036,-37.849
-29.616,-50.414,-19.841,40.641,-2.8823,-32.696,43.45,0.3075,-30.524,-29.937,-32.386,-36.861
-29.586,-48.35,-18.759,39.637,-4.6104,-30.346,42.88,-2.717,-30.074,-29.71,-32.108,-36.185
-29.731,-46.689,-17.725,38.883,-6.0264,-28.4,42.472,-6.1298,-30.088,-29.8,-32.105,-35.706
-29.943,-45.36,-16.473,38.314,-7.187,-26.805,42.162,-9.3432,-30.35,-30.081,-32.255,-35.341
-30.149,-44.311,-15.165,37.881,-8.0942,-25.528,41.901,-12.032,-30.68,-30.446,-32.462,-35.035
-30.314,-43.505,-13.957,37.564,-8.746,-24.54,41.655,-14.134,-30.983,-30.835,-32.665,-34.759
-30.438,-42.925,-12.932,37.358,-9.1669,-23.812,41.407,-15.743,-31.236,-31.23,-32.838,-34.502
-30.535,-42.551,-12.113,37.263,-9.4065,-23.314,41.148,-17.005,-31.464,-31.64,-32.984,-34.267
-30.622,-42.356,-11.489,37.267,-9.5248,-23.005,40.878,-18.043,-31.7,-32.078,-33.117,-34.061
-30.706,-42.293,-11.036,37.338,-9.5752,-22.832,40.6,-18.934,-31.966,-32.545,-33.255,-33.888
-30.776,-42.296,-10.731,37.429,-9.5915,-22.738,40.32,-19.713,-32.259,-33.03,-33.405,-33.746
-30.806,-42.293,-10.554,37.481,-9.5856,-22.676,40.041,-20.39,-32.555,-33.51,-33.566,-33.624
-30.769,-42.223,-10.487,37.445,-9.5529,-22.605,39.765,-20.972,-32.816,-33.956,-33.733,-33.508
-30.647,-42.047,-10.508,37.291,-9.4884,-22.5,39.49,-21.476,-33.007,-34.345,-33.896,-33.379
-30.441,-41.757,-10.58,37.02,-9.395,-22.351,39.209,-21.925,-33.105,-34.657,-34.042,-33.22
-30.17,-41.371,-10.662,36.656,-9.2846,-22.158,38.914,-22.341,-33.105,-34.888,-34.154,-33.022
-29.861,-40.917,-10.706,36.234,-9.1738,-21.922,38.598,-22.726,-33.024,-35.043,-34.218,-32.78
-29.54,-40.411,-10.666,35.781,-9.0781,-21.633,38.254,-23.067,-32.889,-35.133,-34.222,-32.501
-29.218,-39.851,-10.497,35.309,-9.0065,-21.27,37.879,-23.337,-32.736,-35.172,-34.165,-32.193
-28.901,-39.218,-10.165,34.816,-8.9609,-20.803,37.47,-23.505,-32.591,-35.172,-34.058,-31.864
-28.586,-38.495,-9.6497,34.292,-8.9361,-20.214,37.022,-23.556,-32.474,-35.143,-33.911,-31.519
-28.275,-37.684,-8.9535,33.74,-8.9294,-19.504,36.532,-23.487,-32.383,-35.095,-33.738,-31.16
-27.973,-36.803,-8.0913,33.166,-8.9406,-18.692,36.001,-23.312,-32.302,-35.03,-33.542,-30.782
-27.682,-35.868,-7.0932,32.58,-8.9723,-17.801,35.437,-23.05,-32.199,-34.945,-33.316,-30.375
-27.394,-34.883,-5.9988,31.979,-9.0248,-16.848,34.86,-22.719,-32.044,-34.827,-33.045,-29.919
-27.093,-33.848,-4.8554,31.356,-9.0934,-15.85,34.288,-22.337,-31.817,-34.664,-32.709,-29.384
-26.77,-32.77,-3.7142,30.706,-9.1722,-14.829,33.728,-21.923,-31.516,-34.456,-32.302,-28.738
-26.419,-31.662,-2.6189,30.029,-9.2565,-13.805,33.176,-21.489,-31.155,-34.211,-31.828,-27.958
-26.042,-30.534,-1.5938,29.328,-9.3427,-12.793,32.619,-21.042,-30.751,-33.945,-31.304,-27.033
-25.645,-29.397,-0.63828,28.605,-9.4327,-11.798,32.043,-20.581,-30.321,-33.674,-30.75,-25.968
-25.254,-28.274,0.27077,27.88,-9.5376,-10.825,31.434,-20.1,-29.878,-33.412,-30.191,-24.784
-24.907,-27.206,1.1702,27.193,-9.6775,-9.8808,30.773,-19.602,-29.427,-33.17,-29.649,-23.511
-24.646,-26.228,2.0996,26.587,-9.8703,-8.967,30.039,-19.091,-28.967,-32.95,-29.137,-22.174
-24.481,-25.337,3.0881,26.077,-10.115,-8.0694,29.213,-18.573,-28.483,-32.741,-28.647,-20.788
-24.373,-24.472,4.1387,25.623,-10.378,-7.1486,28.291,-18.045,-27.953,-32.518,-28.152,-19.34
-24.238,-23.523,5.2197,25.135,-10.6,-6.154,27.286,-17.502,-27.357,-32.251,-27.609,-17.8
-23.99,-22.398,6.2741,24.519,-10.725,-5.055,26.217,-16.941,-26.683,-31.918,-26.984,-16.142
-23.586,-21.07,7.2467,23.728,-10.733,-3.863,25.103,-16.371,-25.936,-31.512,-26.267,-14.363
-23.051,-19.591,8.1103,22.787,-10.653,-2.6249,23.948,-15.805,-25.126,-31.037,-25.472,-12.498
-22.455,-18.055,8.8792,21.767,-10.554,-1.3913,22.748,-15.252,-24.264,-30.502,-24.626,-10.61
-21.876,-16.535,9.6045,20.742,-10.509,-0.1773,21.493,-14.703,-23.342,-29.908,-23.75,-8.7629
-21.347,-15.018,10.356,19.731,-10.551,1.0616,20.184,-14.136,-22.331,-29.243,-22.84,-6.9885
-20.831,-13.393,11.197,18.675,-10.66,2.4245,18.827,-13.511,-21.186,-28.48,-21.865,-5.2601
-20.238,-11.496,12.167,17.461,-10.77,4.0249,17.434,-12.795,-19.859,-27.584,-20.773,-3.4928
-19.481,-9.1989,13.268,15.989,-10.806,5.933,16.003,-11.966,-18.317,-26.52,-19.503,-1.5763
-18.529,-6.4863,14.469,14.233,-10.728,8.1354,14.507,-11.034,-16.559,-25.264,-18.001,0.57827
-17.429,-3.4644,15.727,12.259,-10.551,10.54,12.901,-10.023,-14.613,-23.81,-16.23,3.0056
-16.276,-0.30282,17.0,10.185,-10.331,13.025,11.146,-8.9605,-12.515,-22.16,-14.165,5.6804
-15.159,2.8579,18.267,8.1167,-10.138,15.495,9.2311,-7.8491,-10.286,-20.309,-11.791,8.5335
-14.108,5.9789,19.52,6.0896,-10.022,17.917,7.1724,-6.6605,-7.8975,-18.237,-9.0959,11.479
-13.061,9.1535,20.758,4.03,-9.9889,20.325,5.0062,-5.3374,-5.2689,-15.887,-6.0762,14.446
-11.865,12.591,21.98,1.7562,-9.9994,22.803,2.7744,-3.8043,-2.2749,-13.165,-2.7238,17.399
-10.315,16.554,23.183,-0.9785,-9.9793,25.453,0.5119,-1.9849,1.225,-9.9311,0.98245,20.353
-8.222,21.246,24.369,-4.3919,-9.8592,28.348,-1.7688,0.17528,5.3392,-6.018,5.0767,23.358
-5.5198,26.676,25.553,-8.5472,-9.6119,31.482,-4.0974,2.6765,10.084,-1.2857,9.5789,26.466
-2.351,32.582,26.762,-13.255,-9.2708,34.749,-6.5572,5.4398,15.338,4.2914,14.451,29.7
0.93203,38.508,28.039,-18.102,-8.916,37.983,-9.2712,8.3139,20.851,10.554,19.578,33.04
3.9116,44.023,29.434,-22.634,-8.634,41.04,-12.36,11.13,26.343,17.185,24.799,36.451
6.3228,48.93,30.993,-26.587,-8.4648,43.865,-15.891,13.776,31.615,23.849,29.969,39.905
8.1945,53.314,32.738,-30.001,-8.3729,46.5,-19.859,16.235,36.612,30.327,35.013,43.403
9.823,57.44,34.653,-33.158,-8.2701,49.041,-24.198,18.571,41.389,36.555,39.923,46.969
11.612,61.583,36.676,-36.423,-8.0694,51.578,-28.833,20.877,46.03,42.584,44.739,50.646
13.885,65.892,38.72,-40.055,-7.7343,54.152,-33.712,23.219,50.581,48.5,49.54,54.475
16.761,70.349,40.707,-44.108,-7.3006,56.757,-38.822,25.602,55.022,54.384,54.426,58.501
20.149,74.821,42.594,-48.438,-6.859,59.352,-44.178,27.967,59.28,60.288,59.516,62.771
23.85,79.174,44.388,-52.833,-6.5083,61.909,-49.784,30.234,63.28,66.247,64.939,67.349
27.692,83.367,46.129,-57.143,-6.3024,64.44,-55.605,32.342,66.981,72.283,70.814,72.317
31.611,87.469,47.866,-61.348,-6.2228,67.003,-61.571,34.278,70.397,78.4,77.211,77.739
35.628,91.612,49.643,-65.514,-6.1898,69.687,-67.606,36.061,73.573,84.571,84.107,83.603
39.772,95.917,51.494,-69.719,-6.1019,72.573,-73.647,37.723,76.553,90.732,91.37,89.782
44.023,100.45,53.452,-73.997,-5.8813,75.711,-79.648,39.281,79.358,96.791,98.801,96.071
48.288,105.18,55.543,-78.305,-5.5008,79.111,-85.568,40.738,81.977,102.63,106.22,102.27
52.415,110.01,57.771,-82.533,-4.9857,82.729,-91.357,42.078,84.377,108.11,113.51,108.27
56.233,114.8,60.096,-86.528,-4.3917,86.461,-96.954,43.275,86.519,113.08,120.6,113.99
59.612,119.39,62.43,-90.152,-3.7745,90.16,-102.3,44.302,88.37,117.41,127.44,119.39
62.528,123.65,64.664,-93.357,-3.1653,93.681,-107.32,45.143,89.92,121.06,133.92,124.42
65.088,127.63,66.7,-96.226,-2.5611,96.948,-111.94,45.816,91.197,124.05,139.94,129.03
67.493,131.44,68.486,-98.951,-1.9343,99.979,-116.09,46.376,92.265,126.51,145.45,133.22
69.939,135.24,70.023,-101.73,-1.2608,102.85,-119.73,46.906,93.208,128.56,150.43,137.0
72.518,139.12,71.362,-104.67,-0.552,105.64,-122.84,47.48,94.105,130.32,154.89,140.38
75.165,143.01,72.578,-107.71,0.13805,108.36,-125.5,48.134,94.997,131.88,158.85,143.39
77.702,146.74,73.747,-110.67,0.74595,110.95,-127.78,48.858,95.887,133.25,162.33,146.08
79.937,150.12,74.907,-113.35,1.2461,113.34,-129.78,49.613,96.748,134.45,165.34,148.47
81.759,153.03,76.053,-115.63,1.6682,115.47,-131.55,50.356,97.546,135.47,167.93,150.62
83.168,155.45,77.135,-117.5,2.0765,117.28,-133.12,51.054,98.258,136.31,170.13,152.55
84.237,157.41,78.082,-119.0,2.5304,118.79,-134.5,51.692,98.872,136.99,172.0,154.25
85.046,158.98,78.83,-120.22,3.0479,119.99,-135.67,52.271,99.386,137.52,173.58,155.71
85.642,160.2,79.343,-121.18,3.5957,120.9,-136.64,52.802,99.805,137.92,174.9,156.9
86.045,161.07,79.615,-121.91,4.1116,121.53,-137.43,53.311,100.14,138.2,175.99,157.8
86.271,161.6,79.651,-122.43,4.545,121.87,-138.01,53.825,100.41,138.38,176.88,158.41
86.359,161.82,79.446,-122.73,4.8879,121.93,-138.38,54.373,100.65,138.46,177.59,158.77
86.361,161.74,78.968,-122.86,5.1829,121.69,-138.49,54.965,100.87,138.44,178.11,158.88
86.336,161.35,78.174,-122.83,5.5042,121.14,-138.29,55.591,101.06,138.32,178.44,158.79
86.316,160.62,77.031,-122.61,5.9208,120.22,-137.73,56.22,101.21,138.06,178.53,158.49
86.292,159.48,75.53,-122.16,6.4601,118.89,-136.78,56.812,101.28,137.64,178.33,157.95
86.214,157.8,73.676,-121.4,7.0928,117.05,-135.41,57.334,101.23,137.03,177.74,157.13
85.996,155.46,71.468,-120.21,7.7442,114.61,-133.62,57.769,101.04,136.19,176.68,155.91
85.539,152.33,68.887,-118.52,8.3264,111.48,-131.38,58.122,100.71,135.11,175.06,154.18
84.756,148.35,65.888,-116.25,8.7721,107.6,-128.61,58.411,100.24,133.78,172.82,151.79
83.59,143.53,62.425,-113.39,9.0606,102.99,-125.22,58.655,99.667,132.18,169.92,148.61
82.031,138.0,58.486,-110.01,9.2227,97.749,-121.11,58.87,99.002,130.29,166.28,144.54
80.106,131.97,54.117,-106.21,9.3234,92.075,-116.22,59.056,98.249,128.11,161.82,139.55
77.863,125.61,49.405,-102.09,9.4252,86.159,-110.57,59.199,97.387,125.62,156.44,133.62
75.328,118.99,44.459,-97.674,9.5535,80.131,-104.25,59.268,96.364,122.77,150.1,126.79
72.483,112.08,39.423,-92.902,9.6886,74.045,-97.395,59.223,95.099,119.44,142.8,119.13
69.253,104.76,34.488,-87.65,9.777,67.9,-90.153,59.014,93.489,115.51,134.61,110.73
65.524,96.905,29.831,-81.781,9.746,61.664,-82.627,58.593,91.417,110.82,125.61,101.78
61.164,88.423,25.535,-75.183,9.5337,55.281,-74.873,57.919,88.765,105.27,115.88,92.466
56.053,79.216,21.576,-67.781,9.1232,48.68,-66.912,56.954,85.432,98.848,105.49,83.008
50.133,69.221,17.88,-59.565,8.55,41.812,-58.764,55.657,81.351,91.719,94.66,73.615
43.469,58.467,14.379,-50.625,7.879,34.698,-50.471,53.974,76.506,84.164,83.838,64.478
36.27,47.13,11.03,-41.171,7.1723,27.442,-42.118,51.844,70.946,76.496,73.624,55.742
28.834,35.524,7.8022,-31.512,6.4666,20.211,-33.83,49.227,64.78,68.937,64.43,47.441
21.468,24.046,4.6789,-21.998,5.7746,13.188,-25.738,46.121,58.15,61.557,56.264,39.488
14.439,13.119,1.6616,-12.98,5.0975,6.5717,-17.93,42.563,51.182,54.3,48.838,31.725
7.9746,3.1622,-1.223,-4.7844,4.4304,0.56028,-10.433,38.601,43.954,47.042,41.792,24.031
2.2464,-5.5051,-3.9335,2.3517,3.758,-4.7014,-3.2418,34.269,36.502,39.645,34.836,16.414
-2.6864,-12.785,-6.4368,8.3632,3.0564,-9.1853,3.6109,29.589,28.865,32.011,27.783,9.0299
-6.8971,-18.823,-8.7236,13.372,2.3085,-12.985,10.004,24.605,21.127,24.144,20.544,2.107
-10.537,-23.896,-10.8,17.601,1.5202,-16.25,15.748,19.414,13.437,16.187,13.146,-4.1677
-13.756,-28.271,-12.67,21.269,0.72436,-19.114,20.679,14.164,5.9858,8.404,5.7461,-9.7142
-16.66,-32.134,-14.322,24.537,-0.028888,-21.659,24.742,9.0145,-1.0291,1.0896,-1.3713,-14.539
-19.296,-35.59,-15.745,27.495,-0.68796,-23.925,28.011,4.0973,-7.4383,-5.5276,-7.8702,-18.684
-21.659,-38.684,-16.942,30.174,-1.216,-25.93,30.627,-0.5013,-13.126,-11.32,-13.482,-22.189
-23.715,-41.425,-17.937,32.566,-1.6028,-27.693,32.749,-4.7208,-18.034,-16.242,-18.085,-25.093
-25.442,-43.822,-18.77,34.656,-1.8683,-29.246,34.512,-8.5068,-22.161,-20.31,-21.708,-27.443
-26.86,-45.91,-19.491,36.458,-2.0532,-30.634,36.012,-11.816,-25.563,-23.596,-24.485,-29.31
-28.033,-47.751,-20.152,38.016,-2.2008,-31.906,37.311,-14.643,-28.34,-26.222,-26.591,-30.778
-29.023,-49.397,-20.79,39.373,-2.3339,-33.094,38.449,-17.026,-30.606,-28.325,-28.198,-31.932
-29.854,-50.862,-21.426,40.541,-2.4418,-34.199,39.453,-19.024,-32.46,-30.027,-29.448,-32.842
-30.514,-52.115,-22.057,41.502,-2.4886,-35.195,40.35,-20.697,-33.971,-31.415,-30.448,-33.56
-30.982,-53.124,-22.663,42.231,-2.4434,-36.053,41.161,-22.093,-35.189,-32.547,-31.274,-34.124
-31.265,-53.884,-23.218,42.74,-2.3074,-36.766,41.898,-23.259,-36.16,-33.465,-31.982,-34.568
-31.411,-54.448,-23.703,43.083,-2.1196,-37.357,42.558,-24.246,-36.935,-34.205,-32.61,-34.924
-31.496,-54.909,-24.112,43.348,-1.9349,-37.878,43.132,-25.105,-37.573,-34.804,-33.183,-35.224
-31.59,-55.363,-24.457,43.623,-1.79,-38.388,43.61,-25.884,-38.129,-35.296,-33.716,-35.498
-31.731,-55.875,-24.759,43.956,-1.6821,-38.928,43.988,-26.613,-38.647,-35.703,-34.217,-35.763
-31.913,-56.457,-25.04,44.348,-1.5759,-39.504,44.273,-27.307,-39.144,-36.039,-34.689,-36.028
-32.107,-57.081,-25.316,44.766,-1.4353,-40.097,44.478,-27.963,-39.614,-36.307,-35.136,-36.285
-32.289,-57.712,-25.593,45.178,-1.2493,-40.673,44.623,-28.57,-40.032,-36.511,-35.557,-36.521
-32.453,-58.321,-25.864,45.563,-1.0381,-41.2,44.725,-29.109,-40.365,-36.652,-35.95,-36.722
-32.607,-58.889,-26.119,45.917,-0.83964,-41.659,44.797,-29.556,-40.582,-36.734,-36.311,-36.873
-32.764,-59.411,-26.343,46.241,-0.69311,-42.043,44.842,-29.89,-40.663,-36.763,-36.632,-36.963
-32.936,-59.887,-26.526,46.544,-0.6247,-42.364,44.856,-30.099,-40.606,-36.742,-36.904,-36.989
-33.124,-60.32,-26.666,46.83,-0.63559,-42.641,44.832,-30.188,-40.424,-36.671,-37.121,-36.949
-33.315,-60.701,-26.77,47.092,-0.69818,-42.889,44.769,-30.169,-40.135,-36.545,-37.274,-36.842
-33.489,-61.007,-26.845,47.31,-0.76728,-43.112,44.669,-30.063,-39.765,-36.359,-37.356,-36.666
-33.623,-61.218,-26.9,47.468,-0.80317,-43.295,44.542,-29.892,-39.339,-36.118,-37.369,-36.422
-33.714,-61.326,-26.94,47.559,-0.79352,-43.421,44.394,-29.678,-38.884,-35.837,-37.322,-36.116
-33.77,-61.338,-26.968,47.59,-0.76096,-43.474,44.225,-29.445,-38.431,-35.541,-37.231,-35.764
-33.808,-61.266,-26.981,47.571,-0.7522,-43.443,44.03,-29.21,-38.005,-35.259,-37.11,-35.388
-33.832,-61.111,-26.964,47.503,-0.81438,-43.319,43.803,-28.971,-37.615,-35.006,-36.964,-35.004
-33.831,-60.854,-26.894,47.373,-0.97087,-43.09,43.542,-28.709,-37.253,-34.78,-36.782,-34.62
-33.78,-60.466,-26.742,47.156,-1.21,-42.739,43.25,-28.395,-36.897,-34.563,-36.544,-34.229
-33.652,-59.923,-26.487,46.832,-1.4926,-42.256,42.938,-28.012,-36.526,-34.334,-36.235,-33.813
-33.44,-59.236,-26.116,46.405,-1.7736,-41.649,42.612,-27.57,-36.135,-34.081,-35.852,-33.359
-33.171,-58.455,-25.634,45.914,-2.0228,-40.944,42.278,-27.1,-35.737,-33.805,-35.415,-32.856
-32.894,-57.658,-25.063,45.418,-2.2342,-40.185,41.935,-26.639,-35.35,-33.512,-34.95,-32.303
-32.655,-56.912,-24.442,44.971,-2.4185,-39.413,41.582,-26.21,-34.987,-33.212,-34.485,-31.707
-32.468,-56.239,-23.815,44.59,-2.5891,-38.652,41.22,-25.811,-34.646,-32.907,-34.035,-31.075
-32.309,-55.608,-23.217,44.247,-2.7561,-37.898,40.85,-25.417,-34.305,-32.595,-33.599,-30.42
-32.133,-54.946,-22.648,43.882,-2.9306,-37.116,40.468,-24.989,-33.933,-32.263,-33.162,-29.76
-31.9,-54.171,-22.079,43.431,-3.1274,-36.26,40.065,-24.49,-33.496,-31.892,-32.701,-29.112
-31.586,-53.217,-21.458,42.844,-3.3582,-35.286,39.621,-23.892,-32.968,-31.453,-32.19,-28.492
-31.18,-52.042,-20.735,42.092,-3.6181,-34.166,39.113,-23.175,-32.328,-30.912,-31.599,-27.904
-30.676,-50.628,-19.883,41.163,-3.8822,-32.889,38.513,-22.329,-31.561,-30.233,-30.898,-27.336
-30.07,-48.981,-18.896,40.061,-4.1162,-31.459,37.796,-21.348,-30.656,-29.388,-30.061,-26.766
-29.36,-47.124,-17.782,38.8,-4.2931,-29.888,36.931,-20.229,-29.603,-28.357,-29.072,-26.173
-28.545,-45.082,-16.547,37.396,-4.3996,-28.186,35.885,-18.969,-28.395,-27.138,-27.926,-25.541
-27.612,-42.855,-15.188,35.845,-4.4328,-26.346,34.619,-17.557,-27.026,-25.738,-26.623,-24.853
-26.528,-40.407,-13.68,34.116,-4.3944,-24.334,33.082,-15.977,-25.49,-24.174,-25.165,-24.084
-25.238,-37.659,-11.983,32.148,-4.2877,-22.096,31.197,-14.214,-23.774,-22.463,-23.549,-23.203
-23.676,-34.516,-10.065,29.865,-4.1133,-19.575,28.846,-12.257,-21.855,-20.607,-21.764,-22.181
-21.769,-30.892,-7.9422,27.192,-3.8635,-16.732,25.849,-10.107,-19.7,-18.58,-19.785,-21.002
-19.45,-26.737,-5.6916,24.069,-3.5221,-13.571,21.98,-7.7748,-17.264,-16.329,-17.583,-19.667
-16.671,-22.056,-3.4359,20.471,-3.071,-10.138,17.034,-5.2748,-14.495,-13.777,-15.124,-18.191
-13.425,-16.909,-1.2909,16.408,-2.5006,-6.5112,10.931,-2.6062,-11.334,-10.836,-12.371,-16.586
-9.7422,-11.374,0.68024,11.923,-1.8123,-2.7604,3.7909,0.26171,-7.7049,-7.4219,-9.2872,-14.853
-5.6421,-5.4666,2.4862,7.0251,-1.01,1.1031,-4.1545,3.3944,-3.5153,-3.457,-5.8291,-12.961
-1.0696,0.94667,4.2023,1.6237,-0.089985,5.1735,-12.716,6.8758,1.3373,1.1165,-1.9486,-10.844
4.1158,8.1475,5.948,-4.4863,0.95702,9.6441,-21.795,10.768,6.9215,6.3149,2.3897,-8.4078
10.04,16.433,7.8473,-11.52,2.1322,14.722,-31.342,15.06,13.206,12.081,7.1741,-5.5494
16.667,25.883,9.9752,-19.516,3.4179,20.488,-41.33,19.632,20.014,18.263,12.318,-2.1999
23.746,36.183,12.315,-28.21,4.7799,26.787,-51.702,24.273,27.047,24.639,17.666,1.6429
30.904,46.673,14.758,-37.094,6.1791,33.242,-62.297,28.728,33.971,30.97,23.025,5.8974
37.802,56.643,17.146,-45.633,7.5951,39.415,-72.836,32.776,40.496,37.047,28.209,10.409
44.217,65.61,19.305,-53.455,9.0491,44.976,-82.98,36.268,46.419,42.716,33.072,14.988
50.044,73.407,21.069,-60.413,10.607,49.77,-92.422,39.155,51.631,47.873,37.519,19.45
55.275,80.113,22.316,-66.552,12.354,53.785,-100.95,41.47,56.116,52.468,41.51,23.652
59.974,85.945,23.018,-72.033,14.351,57.113,-108.47,43.298,59.93,56.503,45.052,27.502
64.233,91.144,23.259,-77.041,16.582,59.895,-115.0,44.739,63.167,60.031,48.182,30.954
68.112,95.878,23.181,-81.697,18.932,62.259,-120.59,45.869,65.907,63.12,50.943,33.987
71.61,100.18,22.909,-86.005,21.234,64.264,-125.23,46.725,68.177,65.81,53.366,36.595
74.669,103.94,22.486,-89.861,23.356,65.887,-128.72,47.307,69.947,68.074,55.455,38.783
77.224,107.01,21.885,-93.119,25.251,67.052,-130.74,47.592,71.145,69.797,57.185,40.569
79.251,109.25,21.045,-95.668,26.942,67.684,-131.01,47.545,71.694,70.821,58.516,41.974
80.787,110.59,19.906,-97.481,28.488,67.731,-129.45,47.126,71.518,70.99,59.409,43.014
81.913,111.02,18.417,-98.599,29.962,67.166,-126.26,46.283,70.54,70.203,59.847,43.681
82.704,110.51,16.536,-99.045,31.411,65.943,-121.8,44.938,68.666,68.406,59.816,43.937
83.167,108.88,14.239,-98.722,32.824,63.955,-116.41,42.978,65.791,65.575,59.285,43.707
83.216,105.8,11.543,-97.351,34.133,61.042,-110.38,40.275,61.833,61.723,58.192,42.898
82.683,100.93,8.5154,-94.574,35.234,57.084,-103.89,36.736,56.784,56.916,56.456,41.423
81.398,94.235,5.2439,-90.203,36.046,52.112,-97.035,32.371,50.742,51.277,54.005,39.226
79.282,86.048,1.7777,-84.408,36.561,46.297,-89.821,27.324,43.88,44.954,50.808,36.31
76.4,76.85,-1.888,-77.628,36.844,39.834,-82.221,21.834,36.397,38.071,46.883,32.735
72.9,66.998,-5.7557,-70.278,36.989,32.857,-74.202,16.159,28.496,30.723,42.292,28.609
68.896,56.661,-9.7301,-62.575,37.058,25.486,-65.758,10.518,20.396,23.006,37.115,24.054
64.391,45.944,-13.554,-54.566,37.038,17.929,-56.942,5.0867,12.363,15.073,31.44,19.195
59.296,35.017,-16.894,-46.237,36.835,10.525,-47.869,-0.0022789,4.6868,7.1793,25.363,14.154
53.51,24.153,-19.54,-37.601,36.303,3.6431,-38.701,-4.6636,-2.3774,-0.33594,18.998,9.0552
46.997,13.657,-21.489,-28.736,35.34,-2.4674,-29.606,-8.8657,-8.674,-7.1432,12.492,4.0315
39.834,3.7796,-22.867,-19.792,33.939,-7.7391,-20.725,-12.629,-14.176,-13.045,6.0215,-0.78838
32.189,-5.3158,-23.816,-10.967,32.142,-12.237,-12.173,-16.009,-18.963,-18.025,-0.23409,-5.299
24.278,-13.537,-24.449,-2.4801,29.968,-16.077,-4.0683,-19.084,-23.166,-22.205,-6.1289,-9.4367
16.32,-20.842,-24.84,5.4549,27.396,-19.375,3.4349,-21.933,-26.914,-25.759,-11.576,-13.18
8.5274,-27.224,-25.045,12.656,24.417,-22.228,10.157,-24.625,-30.31,-28.843,-16.542,-16.534
1.1091,-32.703,-25.104,18.997,21.084,-24.702,15.956,-27.217,-33.417,-31.575,-21.014,-19.514
-5.7384,-37.321,-25.039,24.42,17.497,-26.827,20.785,-29.734,-36.265,-34.029,-24.972,-22.13
-11.836,-41.116,-24.867,28.919,13.77,-28.598,24.703,-32.171,-38.862,-36.243,-28.377,-24.376
-17.014,-44.105,-24.589,32.509,10.055,-29.979,27.846,-34.486,-41.206,-38.236,-31.202,-26.243
-21.157,-46.326,-24.208,35.242,6.57,-30.944,30.375,-36.607,-43.291,-40.022,-33.463,-27.733
-24.278,-47.846,-23.738,37.212,3.5291,-31.509,32.424,-38.479,-45.114,-41.61,-35.234,-28.871
-26.538,-48.794,-23.203,38.561,1.0195,-31.721,34.094,-40.083,-46.701,-43.026,-36.621,-29.719
-28.179,-49.337,-22.62,39.472,-1.0048,-31.673,35.438,-41.457,-48.103,-44.305,-37.73,-30.36
-29.435,-49.66,-22.001,40.141,-2.6327,-31.478,36.494,-42.677,-49.383,-45.48,-38.645,-30.873
-30.482,-49.925,-21.351,40.723,-3.9413,-31.237,37.298,-43.823,-50.594,-46.571,-39.415,-31.316
-31.402,-50.226,-20.681,41.305,-4.9884,-31.015,37.898,-44.946,-51.767,-47.578,-40.063,-31.721
-32.2,-50.574,-20.007,41.894,-5.8158,-30.829,38.342,-46.041,-52.912,-48.48,-40.594,-32.1
-32.841,-50.918,-19.352,42.435,-6.4535,-30.665,38.672,-47.063,-54.006,-49.255,-41.012,-32.447
-33.294,-51.184,-18.738,42.858,-6.9327,-30.496,38.917,-47.955,-55.014,-49.893,-41.333,-32.758
-33.559,-51.315,-18.187,43.115,-7.2963,-30.299,39.096,-48.68,-55.906,-50.389,-41.573,-33.041
-33.665,-51.285,-17.709,43.195,-7.5958,-30.06,39.219,-49.234,-56.664,-50.75,-41.752,-33.308
-33.666,-51.11,-17.302,43.124,-7.8807,-29.783,39.295,-49.633,-57.288,-50.993,-41.888,-33.573
-33.617,-50.823,-16.953,42.949,-8.1835,-29.476,39.334,-49.923,-57.785,-51.138,-41.993,-33.838
-33.551,-50.457,-16.643,42.709,-8.5054,-29.146,39.353,-50.162,-58.18,-51.204,-42.066,-34.091
-33.468,-50.025,-16.36,42.42,-8.8123,-28.789,39.371,-50.383,-58.518,-51.21,-42.101,-34.306
-33.35,-49.537,-16.097,42.084,-9.0518,-28.408,39.41,-50.606,-58.838,-51.176,-42.086,-34.46
-33.186,-49.025,-15.86,41.719,-9.1846,-28.021,39.481,-50.843,-59.181,-51.133,-42.024,-34.545
-33.003,-48.565,-15.663,41.375,-9.2086,-27.679,39.583,-51.096,-59.587,-51.124,-41.935,-34.578
-32.855,-48.255,-15.517,41.129,-9.1576,-27.444,39.703,-51.333,-60.069,-51.189,-41.856,-34.593
-32.794,-48.166,-15.42,41.044,-9.0796,-27.359,39.819,-51.459,-60.585,-51.335,-41.825,-34.634
-32.827,-48.271,-15.346,41.113,-9.0127,-27.397,39.911,-51.29,-61.019,-51.508,-41.862,-34.73
-32.907,-48.449,-15.236,41.255,-8.9744,-27.454,39.973,-50.55,-61.191,-51.585,-41.948,-34.886
-32.953,-48.514,-15.019,41.342,-8.9612,-27.397,40.005,-48.94,-60.868,-51.376,-42.028,-35.07
-32.89,-48.304,-14.64,41.254,-8.947,-27.112,40.018,-46.34,-59.831,-50.68,-42.012,-35.226
-32.667,-47.739,-14.12,40.912,-8.8761,-26.562,40.019,-43.32,-57.965,-49.353,-41.807,-35.293
-32.25,-46.858,-13.618,40.303,-8.6551,-25.832,40.001,-42.13,-55.383,-47.363,-41.329,-35.213
-31.59,-45.797,-13.471,39.448,-8.1519,-25.132,39.94,-47.36,-52.639,-44.836,-40.502,-34.936
-30.561,-44.729,-14.124,38.346,-7.2099,-24.748,39.791,-59.642,-51.283,-42.166,-39.23,-34.387
-28.886,-43.77,-15.897,36.909,-5.9183,-24.949,39.483,-65.974,-55.454,-40.715,-37.351,-33.441
-26.036,-42.916,-18.519,34.913,-11.465,-25.877,38.898,-61.905,-68.607,-45.872,-34.698,-31.851
-21.698,-42.017,-20.083,31.93,-15.271,-27.461,37.817,-50.414,-73.147,-61.123,-32.554,-29.158
-22.509,-40.757,-17.431,27.248,-14.874,-29.396,35.841,-31.795,-61.944,-63.149,-41.233,-24.84
-31.54,-38.628,-14.746,20.047,-14.546,-31.238,32.279,-6.6741,-43.019,-53.947,-52.294,-22.022
-28.006,-34.82,-10.512,12.193,-14.213,-32.632,26.974,24.042,-18.579,-39.134,-50.49,-34.375
-21.86,-27.967,-6.1099,14.273,-12.97,-33.588,26.582,59.812,10.621,-18.465,-44.025,-37.327
-13.576,-16.113,-4.6827,14.335,-9.0434,-34.302,36.331,100.33,44.296,8.383,-32.697,-31.409
-1.2766,-1.9925,-9.6827,5.7596,0.69746,-34.413,39.36,144.02,82.728,41.772,-15.127,-21.965
17.726,-5.1836,-24.617,-4.4251,20.706,-32.898,35.387,190.95,127.89,83.026,10.674,-8.4328
46.934,-12.716,-53.894,-17.733,53.593,-30.48,27.455,248.23,183.91,134.47,47.261,10.745
89.812,-16.263,-99.98,-37.307,97.986,-42.371,13.712,325.39,256.79,199.06,96.781,38.14
147.95,-16.113,-158.27,-66.824,156.11,-73.245,-8.8932,428.31,353.49,281.64,160.32,77.193
222.04,-7.5909,-223.26,-110.41,226.86,-102.42,-43.878,557.02,477.69,386.41,240.09,131.49
312.81,16.299,-288.84,-171.39,306.02,-123.6,-93.714,703.79,625.08,512.9,339.56,202.93
415.96,63.188,-344.82,-249.19,386.06,-128.5,-157.21,852.22,782.63,654.84,458.7,291.01
521.49,137.18,-380.09,-338.85,456.74,-111.8,-229.76,978.61,929.76,799.79,593.01,394.28
615.68,233.54,-385.82,-431.7,507.04,-71.265,-304.69,1056.7,1042.2,930.85,733.78,507.91
684.33,338.32,-357.07,-516.26,527.51,-8.0776,-372.55,1064.8,1098.4,1031.0,869.09,623.42
716.54,438.34,-294.97,-580.91,513.06,71.856,-423.36,993.08,1085.6,1088.2,987.14,730.26
707.61,521.02,-207.96,-616.49,465.03,157.37,-449.65,847.58,1004.5,1098.5,1078.6,817.95
659.81,573.86,-110.09,-618.14,391.05,233.8,-448.13,649.47,868.34,1065.9,1137.1,877.59
580.89,588.4,-17.015,-585.68,302.67,288.54,-419.66,430.04,699.69,999.85,1158.6,902.53
480.81,561.93,58.254,-522.62,211.64,313.93,-367.9,222.0,522.86,910.05,1139.5,888.08
368.87,496.98,108.15,-434.45,126.99,307.57,-297.79,50.471,357.09,802.86,1075.3,831.15
252.34,399.96,131.15,-327.49,53.899,271.84,-214.74,-72.533,212.2,679.61,962.16,730.95
137.25,280.03,130.53,-209.05,-5.6678,212.68,-124.88,-148.39,88.846,539.18,800.31,590.98
29.713,148.53,111.81,-88.203,-51.408,138.19,-35.288,-187.9,-17.25,383.41,598.41,421.41
-63.729,18.204,80.765,24.299,-83.248,57.459,46.551,-205.26,-109.83,221.37,375.93,239.96
-137.4,-98.197,42.696,118.28,-100.94,-20.439,114.11,-212.1,-189.05,67.963,160.8,69.496
-187.63,-190.36,2.0846,187.37,-104.72,-87.548,163.5,-214.18,-251.82,-61.287,-18.691,-68.135
-212.72,-252.26,-37.214,229.45,-95.954,-138.87,193.34,-211.46,-292.85,-151.92,-142.35,-159.07
-213.51,-283.3,-71.574,245.36,-76.931,-173.04,204.25,-200.22,-307.21,-199.49,-204.79,-202.29
-194.18,-287.95,-98.096,238.81,-50.807,-190.47,198.83,-175.45,-293.46,-208.57,-216.76,-206.88
-161.98,-273.19,-116.37,216.08,-23.108,-192.67,181.4,-135.18,-255.69,-188.99,-194.77,-186.1
-125.77,-246.35,-127.34,184.74,0.92805,-183.45,157.05,-87.795,-203.64,-153.43,-156.58,-153.34
-92.891,-212.72,-130.92,150.49,18.692,-166.04,128.63,-43.253,-149.23,-113.87,-117.31,-120.23
-68.218,-173.94,-127.33,119.0,28.797,-140.09,102.24,-4.7943,-101.98,-78.63,-85.6,-94.352
-52.813,-144.6,-117.58,99.756,32.655,-113.35,85.251,26.368,-66.04,-50.672,-63.413,-77.096
-43.055,-126.1,-103.18,86.731,32.505,-96.567,74.085,48.0,-42.111,-38.967,-49.311,-65.664
-37.355,-111.05,-87.58,76.677,30.1,-84.793,67.026,58.404,-27.978,-33.865,-45.147,-61.411
-34.235,-98.957,-72.808,69.047,24.954,-74.82,62.139,56.905,-20.128,-28.395,-42.313,-58.104
-32.895,-88.911,-59.349,62.357,11.854,-66.459,57.904,40.871,-16.963,-26.414,-40.104,-54.804
-32.705,-79.589,-48.527,55.847,5.2552,-59.194,53.74,15.089,-20.946,-27.507,-38.675,-50.682
-32.024,-70.859,-40.191,50.397,5.0132,-52.578,50.13,1.9258,-30.668,-28.881,-37.167,-45.455
-30.84,-63.772,-33.447,46.709,4.9829,-46.711,47.559,0.68759,-33.449,-28.894,-35.351,-40.92
-29.729,-58.722,-27.961,44.203,4.332,-41.912,45.838,1.7921,-32.09,-28.258,-33.705,-37.984
-28.88,-55.08,-24.173,42.316,3.189,-38.15,44.66,1.5805,-30.402,-27.615,-32.437,-36.066
-28.307,-52.251,-22.228,40.821,1.8731,-35.134,43.842,-0.31523,-29.158,-27.219,-31.553,-34.693
-27.954,-49.945,-21.194,39.619,0.60016,-32.641,43.277,-3.3088,-28.446,-27.166,-30.997,-33.646
-27.747,-48.034,-20.265,38.64,-0.53495,-30.566,42.89,-6.7306,-28.179,-27.426,-30.676,-32.809
-27.629,-46.447,-19.277,37.833,-1.5176,-28.857,42.615,-10.043,-28.203,-27.892,-30.498,-32.113
-27.571,-45.141,-18.299,37.165,-2.383,-27.469,42.399,-12.93,-28.381,-28.462,-30.391,-31.516
-27.568,-44.079,-17.387,36.622,-3.1785,-26.351,42.205,-15.301,-28.623,-29.076,-30.311,-30.999
-27.619,-43.23,-16.549,36.195,-3.9303,-25.446,42.01,-17.203,-28.886,-29.706,-30.239,-30.561
-27.726,-42.577,-15.769,35.888,-4.6324,-24.711,41.804,-18.717,-29.15,-30.346,-30.171,-30.206
-27.889,-42.113,-15.034,35.71,-5.2581,-24.123,41.577,-19.91,-29.408,-30.989,-30.113,-29.945
-28.098,-41.827,-14.34,35.66,-5.7735,-23.67,41.316,-20.828,-29.651,-31.621,-30.069,-29.778
-28.326,-41.679,-13.69,35.713,-6.1489,-23.326,41.009,-21.5,-29.872,-32.221,-30.034,-29.692
-28.524,-41.589,-13.085,35.803,-6.3701,-23.043,40.649,-21.956,-30.055,-32.758,-29.99,-29.652
-28.641,-41.456,-12.519,35.85,-6.45,-22.754,40.242,-22.224,-30.179,-33.199,-29.912,-29.615
-28.645,-41.19,-11.971,35.78,-6.4378,-22.392,39.805,-22.335,-30.225,-33.519,-29.772,-29.536
-28.541,-40.742,-11.4,35.56,-6.414,-21.909,39.36,-22.321,-30.186,-33.711,-29.546,-29.385
-28.365,-40.114,-10.752,35.201,-6.466,-21.285,38.924,-22.217,-30.074,-33.788,-29.228,-29.152
-28.17,-39.349,-9.9865,34.745,-6.6522,-20.53,38.501,-22.064,-29.926,-33.785,-28.832,-28.843
-27.994,-38.508,-9.0885,34.242,-6.9717,-19.676,38.085,-21.903,-29.786,-33.741,-28.394,-28.477
-27.845,-37.642,-8.082,33.725,-7.3607,-18.766,37.657,-21.761,-29.689,-33.691,-27.957,-28.068
-27.697,-36.783,-7.019,33.204,-7.7239,-17.841,37.198,-21.651,-29.642,-33.65,-27.556,-27.623
-27.522,-35.951,-5.956,32.685,-7.9871,-16.936,36.689,-21.565,-29.629,-33.618,-27.211,-27.142
-27.321,-35.162,-4.9253,32.18,-8.1359,-16.073,36.114,-21.487,-29.613,-33.584,-26.918,-26.62
-27.124,-34.432,-3.9157,31.716,-8.2199,-15.258,35.468,-21.404,-29.56,-33.533,-26.657,-26.046
-26.983,-33.766,-2.8753,31.317,-8.3276,-14.472,34.756,-21.303,-29.444,-33.455,-26.394,-25.406
-26.935,-33.143,-1.7346,30.99,-8.5457,-13.676,33.99,-21.175,-29.253,-33.343,-26.093,-24.676
-26.981,-32.51,-0.44165,30.71,-8.9224,-12.815,33.193,-21.01,-28.986,-33.195,-25.722,-23.819
-27.082,-31.798,1.006,30.425,-9.4465,-11.842,32.391,-20.802,-28.651,-33.01,-25.266,-22.793
-27.181,-30.952,2.5489,30.081,-10.05,-10.743,31.602,-20.549,-28.258,-32.786,-24.729,-21.549
-27.214,-29.957,4.0791,29.639,-10.631,-9.549,30.828,-20.256,-27.818,-32.524,-24.133,-20.05
-27.135,-28.835,5.4749,29.082,-11.085,-8.3279,30.055,-19.935,-27.335,-32.222,-23.509,-18.282
-26.92,-27.639,6.6414,28.42,-11.345,-7.1568,29.251,-19.604,-26.809,-31.879,-22.885,-16.264
-26.577,-26.429,7.5427,27.681,-11.412,-6.0934,28.382,-19.284,-26.237,-31.496,-22.278,-14.059
-26.145,-25.259,8.2127,26.912,-11.345,-5.1544,27.42,-18.997,-25.618,-31.074,-21.685,-11.753
-25.67,-24.142,8.7368,26.146,-11.231,-4.3071,26.349,-18.752,-24.953,-30.606,-21.08,-9.4268
-25.172,-23.037,9.2122,25.379,-11.133,-3.4795,25.174,-18.541,-24.242,-30.077,-20.414,-7.127
-24.629,-21.862,9.7062,24.561,-11.065,-2.591,23.915,-18.333,-23.473,-29.458,-19.629,-4.8461
-23.995,-20.533,10.234,23.627,-10.988,-1.589,22.603,-18.086,-22.623,-28.717,-18.67,-2.5347
-23.23,-19.015,10.771,22.532,-10.84,-0.46769,21.271,-17.755,-21.657,-27.828,-17.501,-0.13344
-22.33,-17.326,11.279,21.278,-10.563,0.74276,19.942,-17.306,-20.537,-26.776,-16.109,2.3947
-21.31,-15.506,11.738,19.891,-10.139,2.0086,18.628,-16.715,-19.214,-25.556,-14.499,5.0481
-20.183,-13.569,12.156,18.389,-9.5883,3.325,17.325,-15.968,-17.634,-24.161,-12.678,7.7929
-18.948,-11.475,12.568,16.758,-8.9632,4.7311,16.011,-15.055,-15.746,-22.578,-10.642,10.58
-17.593,-9.1453,13.033,14.961,-8.3292,6.301,14.647,-13.979,-13.516,-20.782,-8.3708,13.365
-16.117,-6.496,13.611,12.956,-7.7517,8.1162,13.178,-12.756,-10.943,-18.742,-5.8449,16.118
-14.541,-3.4789,14.352,10.73,-7.2822,10.23,11.538,-11.413,-8.0657,-16.429,-3.0555,18.821
-12.913,-0.10585,15.278,8.3048,-6.9477,12.639,9.6628,-9.9926,-4.9499,-13.816,-0.015339,21.469
-11.28,3.5619,16.375,5.73,-6.7434,15.29,7.5078,-8.5289,-1.6621,-10.877,3.246,24.062
-9.663,7.451,17.602,3.0443,-6.6339,18.1,5.0705,-7.0341,1.7634,-7.5747,6.6963,26.596
-8.0357,11.508,18.905,0.25593,-6.567,20.989,2.3938,-5.4858,5.3431,-3.8586,10.311,29.073
-6.3541,15.701,20.237,-2.6461,-6.4984,23.905,-0.45053,-3.8329,9.1353,0.3181,14.074,31.497
-4.5893,20.013,21.575,-5.6697,-6.4099,26.821,-3.3882,-2.0141,13.211,4.9835,17.98,33.887
-2.7362,24.437,22.926,-8.8174,-6.3122,29.739,-6.3645,0.025288,17.625,10.137,22.026,36.28
-0.79314,28.994,24.32,-12.105,-6.2314,32.683,-9.357,2.3213,22.389,15.743,26.215,38.733
1.2569,33.734,25.802,-15.576,-6.1934,35.688,-12.376,4.8842,27.467,21.729,30.537,41.308
3.4446,38.704,27.419,-19.282,-6.2133,38.784,-15.453,7.6961,32.77,27.982,34.961,44.064
5.7951,43.908,29.21,-23.253,-6.2919,41.975,-18.636,10.712,38.173,34.354,39.432,47.043
8.3137,49.285,31.203,-27.465,-6.4137,45.236,-21.981,13.868,43.542,40.706,43.895,50.275
10.989,54.732,33.412,-31.854,-6.5466,48.532,-25.551,17.098,48.768,46.954,48.343,53.78
13.811,60.16,35.834,-36.353,-6.6467,51.838,-29.411,20.343,53.787,53.098,52.833,57.578
16.779,65.527,38.447,-40.917,-6.6723,55.149,-33.614,23.563,58.57,59.209,57.483,61.696
19.9,70.818,41.216,-45.525,-6.6015,58.483,-38.196,26.715,63.099,65.381,62.439,66.165
23.17,76.021,44.104,-50.143,-6.4439,61.86,-43.171,29.752,67.341,71.688,67.844,71.014
26.548,81.105,47.07,-54.711,-6.2361,65.292,-48.524,32.614,71.265,78.151,73.799,76.254
29.98,86.038,50.064,-59.163,-6.0258,68.772,-54.203,35.252,74.856,84.733,80.349,81.863
33.429,90.816,53.022,-63.464,-5.8509,72.285,-60.112,37.648,78.132,91.347,87.461,87.786
36.909,95.474,55.869,-67.63,-5.7259,75.82,-66.121,39.817,81.137,97.884,95.026,93.941
40.467,100.07,58.541,-71.712,-5.6385,79.371,-72.1,41.802,83.923,104.22,102.87,100.22
44.14,104.66,60.992,-75.748,-5.5585,82.932,-77.954,43.653,86.533,110.22,110.77,106.49
47.902,109.25,63.21,-79.729,-5.451,86.483,-83.646,45.401,88.979,115.74,118.53,112.6
51.66,113.81,65.217,-83.603,-5.2896,89.992,-89.177,47.054,91.252,120.7,126.01,118.41
55.29,118.31,67.068,-87.316,-5.0611,93.434,-94.556,48.604,93.337,125.04,133.1,123.84
58.701,122.74,68.837,-90.85,-4.7672,96.815,-99.767,50.035,95.221,128.8,139.76,128.86
61.852,127.11,70.599,-94.223,-4.426,100.16,-104.77,51.339,96.904,132.02,145.95,133.49
64.734,131.45,72.408,-97.453,-4.0704,103.48,-109.5,52.509,98.386,134.78,151.62,137.75
67.347,135.68,74.279,-100.53,-3.7417,106.73,-113.91,53.543,99.666,137.13,156.71,141.65
69.692,139.72,76.183,-103.4,-3.4729,109.82,-117.98,54.443,100.74,139.12,161.19,145.21
71.781,143.44,78.057,-106.01,-3.2723,112.65,-121.68,55.216,101.61,140.8,165.06,148.46
73.642,146.77,79.831,-108.35,-3.1152,115.15,-125.03,55.878,102.29,142.2,168.36,151.44
75.322,149.71,81.446,-110.45,-2.954,117.31,-128.05,56.451,102.83,143.38,171.18,154.23
76.87,152.32,82.869,-112.35,-2.7413,119.17,-130.77,56.96,103.27,144.38,173.62,156.88
78.317,154.67,84.098,-114.13,-2.4548,120.78,-133.18,57.425,103.66,145.24,175.76,159.43
79.661,156.82,85.155,-115.8,-2.1103,122.21,-135.31,57.858,104.03,146.0,177.69,161.9
80.874,158.77,86.076,-117.37,-1.7547,123.48,-137.18,58.262,104.38,146.68,179.44,164.32
81.928,160.52,86.894,-118.8,-1.44,124.61,-138.8,58.634,104.71,147.28,181.02,166.68
82.817,162.08,87.628,-120.1,-1.1915,125.62,-140.17,58.975,105.0,147.83,182.46,168.98
83.557,163.45,88.278,-121.25,-0.98795,126.51,-141.33,59.295,105.24,148.33,183.74,171.2
84.187,164.65,88.818,-122.29,-0.76614,127.28,-142.3,59.612,105.44,148.77,184.87,173.32
84.75,165.69,89.219,-123.23,-0.44975,127.94,-143.1,59.951,105.63,149.17,185.85,175.31
85.278,166.57,89.454,-124.06,0.015737,128.47,-143.76,60.327,105.83,149.52,186.69,177.12
85.79,167.28,89.511,-124.77,0.64178,128.87,-144.27,60.744,106.05,149.81,187.39,178.7
86.283,167.79,89.391,-125.35,1.3964,129.13,-144.63,61.191,106.3,150.03,187.96,180.0
86.743,168.07,89.09,-125.76,2.2186,129.23,-144.83,61.646,106.56,150.17,188.37,180.96
87.151,168.1,88.581,-125.99,3.0418,129.14,-144.83,62.087,106.8,150.24,188.62,181.53
87.489,167.82,87.808,-126.01,3.8176,128.82,-144.63,62.494,106.99,150.21,188.7,181.67
87.739,167.18,86.701,-125.81,4.5316,128.21,-144.18,62.857,107.11,150.08,188.58,181.32
87.881,166.14,85.203,-125.36,5.1995,127.26,-143.47,63.175,107.14,149.84,188.24,180.47
87.885,164.65,83.283,-124.64,5.8496,125.91,-142.46,63.46,107.1,149.49,187.67,179.13
87.705,162.66,80.929,-123.62,6.4996,124.09,-141.11,63.728,106.97,149.0,186.86,177.31
87.274,160.06,78.13,-122.22,7.1442,121.71,-139.38,63.991,106.77,148.37,185.81,175.06
86.523,156.74,74.858,-120.35,7.753,118.63,-137.24,64.251,106.49,147.56,184.47,172.4
85.387,152.54,71.068,-117.91,8.2791,114.68,-134.66,64.498,106.1,146.54,182.81,169.35
83.823,147.37,66.724,-114.8,8.6736,109.77,-131.65,64.711,105.58,145.27,180.74,165.91
81.809,141.21,61.853,-110.99,8.9064,103.9,-128.2,64.862,104.87,143.7,178.16,162.06
79.359,134.21,56.594,-106.53,8.9835,97.31,-124.32,64.927,103.93,141.78,174.91,157.78
76.522,126.66,51.183,-101.56,8.9482,90.371,-120.01,64.886,102.75,139.47,170.84,153.07
73.372,118.87,45.856,-96.244,8.8581,83.443,-115.25,64.724,101.28,136.73,165.83,147.94
69.953,110.99,40.757,-90.674,8.754,76.719,-110.04,64.423,99.493,133.48,159.86,142.37
66.25,103.03,35.922,-84.838,8.646,70.206,-104.37,63.96,97.335,129.62,153.01,136.33
62.192,94.856,31.323,-78.645,8.533,63.806,-98.252,63.312,94.736,125.05,145.39,129.8
57.708,86.331,26.92,-72.002,8.4287,57.399,-91.689,62.459,91.638,119.62,137.1,122.73
52.776,77.336,22.676,-64.861,8.3628,50.881,-84.707,61.389,88.007,113.28,128.18,115.11
47.456,67.798,18.562,-57.24,8.3587,44.168,-77.353,60.093,83.836,106.04,118.57,106.91
41.87,57.723,14.554,-49.234,8.4121,37.235,-69.704,58.558,79.127,98.087,108.19,98.173
36.173,47.243,10.642,-41.005,8.4846,30.139,-61.868,56.756,73.873,89.734,97.152,89.085
30.496,36.617,6.8368,-32.753,8.5144,23.032,-53.956,54.642,68.044,81.345,85.969,80.076
24.908,26.164,3.1709,-24.662,8.4424,16.113,-46.07,52.147,61.59,73.195,75.375,71.706
19.428,16.185,-0.30766,-16.882,8.2418,9.5757,-38.307,49.189,54.462,65.373,65.882,64.387
14.091,6.9241,-3.5363,-9.5482,7.9352,3.5744,-30.766,45.692,46.664,57.791,57.515,58.192
8.9844,-1.4245,-6.4513,-2.8024,7.5786,-1.7815,-23.546,41.627,38.306,50.268,49.954,52.925
4.2273,-8.7255,-9.0112,3.2232,7.222,-6.4287,-16.737,37.042,29.644,42.624,42.792,48.315
-0.074249,-14.922,-11.209,8.445,6.8793,-10.357,-10.396,32.077,21.04,34.774,35.687,44.137
-3.8531,-20.041,-13.066,12.845,6.532,-13.606,-4.5382,26.924,12.876,26.782,28.433,40.254
-7.0847,-24.181,-14.615,16.469,6.1499,-16.253,0.85988,21.784,5.4439,18.864,21.004,36.601
-9.7967,-27.501,-15.899,19.421,5.7062,-18.403,5.8357,16.821,-1.1063,11.308,13.576,33.153
-12.081,-30.206,-16.97,21.859,5.1808,-20.184,10.407,12.148,-6.7639,4.3755,6.4584,29.902
-14.082,-32.526,-17.883,23.974,4.5664,-21.741,14.555,7.8198,-11.605,-1.7732,-0.037526,26.837
-15.942,-34.67,-18.691,25.941,3.8814,-23.201,18.232,3.8491,-15.736,-7.0798,-5.7214,23.953
-17.746,-36.767,-19.428,27.864,3.1802,-24.647,21.404,0.23529,-19.252,-11.556,-10.541,21.248
-19.485,-38.848,-20.11,29.754,2.5478,-26.095,24.08,-3.0137,-22.229,-15.255,-14.537,18.731
-21.089,-40.859,-20.736,31.555,2.0699,-27.51,26.31,-5.8794,-24.725,-18.254,-17.79,16.406
-22.48,-42.722,-21.301,33.192,1.7913,-28.835,28.168,-8.3457,-26.786,-20.644,-20.395,14.261
-23.631,-44.373,-21.795,34.617,1.691,-30.016,29.73,-10.412,-28.458,-22.52,-22.447,12.259
-24.567,-45.788,-22.21,35.823,1.6871,-31.027,31.059,-12.096,-29.786,-23.974,-24.038,10.351
-25.352,-46.98,-22.541,36.837,1.6669,-31.867,32.204,-13.438,-30.824,-25.089,-25.259,8.4989
-26.062,-47.996,-22.792,37.709,1.5259,-32.563,33.196,-14.499,-31.631,-25.943,-26.199,6.6936
-26.763,-48.892,-22.976,38.499,1.2029,-33.155,34.055,-15.349,-32.265,-26.604,-26.934,4.9612
-27.491,-49.719,-23.108,39.248,0.70415,-33.681,34.802,-16.052,-32.774,-27.122,-27.525,3.3492
-28.234,-50.494,-23.206,39.967,0.10661,-34.163,35.461,-16.644,-33.177,-27.525,-28.006,1.9026
-28.936,-51.201,-23.282,40.628,-0.47365,-34.605,36.061,-17.126,-33.467,-27.818,-28.391,0.63502
-29.529,-51.807,-23.343,41.19,-0.93941,-35.0,36.624,-17.48,-33.62,-27.999,-28.681,-0.49252
-29.971,-52.288,-23.399,41.621,-1.2551,-35.339,37.161,-17.687,-33.616,-28.064,-28.879,-1.5727
-30.264,-52.644,-23.461,41.923,-1.4474,-35.626,37.667,-17.754,-33.455,-28.024,-28.995,-2.729
-30.454,-52.91,-23.54,42.13,-1.5763,-35.878,38.124,-17.713,-33.162,-27.901,-29.049,-4.08
-30.606,-53.147,-23.641,42.3,-1.7071,-36.125,38.502,-17.622,-32.784,-27.727,-29.069,-5.707
-30.786,-53.423,-23.76,42.495,-1.8968,-36.398,38.773,-17.546,-32.367,-27.531,-29.089,-7.6347
-31.028,-53.777,-23.883,42.752,-2.1767,-36.71,38.923,-17.533,-31.95,-27.328,-29.136,-9.8235
-31.322,-54.197,-23.996,43.063,-2.5288,-37.046,38.957,-17.595,-31.551,-27.118,-29.221,-12.177
-31.618,-54.627,-24.091,43.382,-2.88,-37.367,38.9,-17.708,-31.171,-26.883,-29.339,-14.57
-31.851,-55.001,-24.166,43.649,-3.1278,-37.636,38.792,-17.83,-30.806,-26.606,-29.467,-16.884
-31.973,-55.274,-24.227,43.826,-3.1853,-37.828,38.67,-17.917,-30.45,-26.278,-29.582,-19.039
-31.969,-55.434,-24.282,43.899,-3.0166,-37.944,38.562,-17.934,-30.098,-25.899,-29.662,-21.0
-31.849,-55.494,-24.344,43.878,-2.6453,-37.996,38.483,-17.865,-29.739,-25.473,-29.693,-22.766
-31.642,-55.47,-24.42,43.779,-2.1417,-38.001,38.433,-17.71,-29.364,-25.002,-29.663,-24.348
-31.383,-55.374,-24.512,43.618,-1.6027,-37.97,38.401,-17.482,-28.962,-24.488,-29.567,-25.764
-31.108,-55.213,-24.607,43.409,-1.1286,-37.906,38.366,-17.208,-28.53,-23.94,-29.405,-27.033
-30.844,-54.983,-24.688,43.158,-0.7957,-37.801,38.309,-16.915,-28.069,-23.373,-29.181,-28.176
-30.603,-54.674,-24.735,42.865,-0.62951,-37.645,38.218,-16.625,-27.579,-22.811,-28.898,-29.216
-30.378,-54.282,-24.733,42.524,-0.59579,-37.43,38.09,-16.347,-27.058,-22.283,-28.559,-30.171
-30.149,-53.819,-24.679,42.138,-0.61894,-37.163,37.929,-16.077,-26.507,-21.811,-28.167,-31.05
-29.895,-53.314,-24.579,41.716,-0.61713,-36.867,37.744,-15.796,-25.926,-21.404,-27.728,-31.85
-29.598,-52.804,-24.447,41.277,-0.53385,-36.568,37.542,-15.475,-25.322,-21.052,-27.248,-32.558
-29.246,-52.306,-24.297,40.833,-0.35574,-36.274,37.331,-15.079,-24.701,-20.721,-26.726,-33.153
-28.829,-51.792,-24.131,40.368,-0.10852,-35.961,37.112,-14.569,-24.061,-20.363,-26.149,-33.616
-28.331,-51.189,-23.934,39.84,0.16406,-35.569,36.878,-13.913,-23.382,-19.925,-25.489,-33.937
-27.728,-50.404,-23.674,39.186,0.41296,-35.027,36.612,-13.093,-22.627,-19.363,-24.714,-34.114
-27.01,-49.362,-23.309,38.358,0.58366,-34.276,36.282,-12.109,-21.755,-18.658,-23.794,-34.158
-26.202,-48.05,-22.799,37.354,0.62378,-33.299,35.848,-10.978,-20.731,-17.82,-22.715,-34.087
-25.362,-46.514,-22.116,36.214,0.50762,-32.119,35.262,-9.7217,-19.533,-16.878,-21.476,-33.923
-24.542,-44.819,-21.251,34.989,0.26844,-30.778,34.477,-8.3451,-18.138,-15.855,-20.076,-33.682
-23.722,-42.989,-20.218,33.681,0.01252,-29.306,33.452,-6.8171,-16.502,-14.738,-18.495,-33.366
-22.775,-40.964,-19.051,32.21,-0.11424,-27.696,32.148,-5.0748,-14.552,-13.463,-16.688,-32.96
-21.51,-38.615,-17.788,30.434,0.001516,-25.906,30.517,-3.0524,-12.201,-11.928,-14.597,-32.445
-19.756,-35.802,-16.45,28.209,0.37764,-23.88,28.465,-0.72405,-9.3794,-10.024,-12.184,-31.802
-17.445,-32.445,-15.028,25.462,0.92489,-21.58,25.832,1.8693,-6.0738,-7.6685,-9.4598,-31.024
-14.628,-28.548,-13.486,22.211,1.492,-18.998,22.398,4.6305,-2.3354,-4.8294,-6.4871,-30.112
-11.455,-24.19,-11.782,18.551,1.9376,-16.156,17.937,7.4539,1.7417,-1.5209,-3.3565,-29.065
-8.103,-19.465,-9.8884,14.601,2.1895,-13.082,12.328,10.284,6.071,2.2208,-0.13963,-27.876
-4.6838,-14.417,-7.8031,10.431,2.272,-9.7812,5.6538,13.148,10.623,6.3749,3.151,-26.516
-1.1651,-8.9693,-5.5415,6.0,2.3004,-6.2061,-1.8499,16.143,15.443,10.96,6.576,-24.928
2.6557,-2.909,-3.128,1.1213,2.4442,-2.2503,-9.9633,19.384,20.62,16.02,10.247,-23.027
7.0854,4.0688,-0.58412,-4.4924,2.8638,2.2327,-18.585,22.928,26.218,21.567,14.273,-20.711
12.385,12.223,2.0735,-11.101,3.6467,7.3686,-27.699,26.72,32.203,27.526,18.69,-17.88
18.592,21.57,4.8241,-18.756,4.7752,13.172,-37.326,30.586,38.413,33.718,23.423,-14.472
25.411,31.742,7.6269,-27.163,6.1397,19.469,-47.462,34.289,44.599,39.922,28.297,-10.497
32.299,42.059,10.412,-35.749,7.588,25.919,-57.994,37.629,50.52,45.95,33.103,-6.0571
38.738,51.832,13.084,-43.931,8.9909,32.129,-68.641,40.511,56.009,51.696,37.683,-1.3308
44.495,60.662,15.53,-51.384,10.302,37.815,-79.008,42.955,61.004,57.136,41.961,3.4823
49.674,68.521,17.637,-58.117,11.592,42.86,-88.699,45.05,65.513,62.298,45.932,8.2191
54.564,75.627,19.309,-64.365,13.035,47.29,-97.444,46.897,69.575,67.228,49.628,12.777
59.422,82.256,20.498,-70.394,14.822,51.197,-105.14,48.558,73.212,71.956,53.077,17.101
64.285,88.57,21.224,-76.327,17.038,54.665,-111.82,50.041,76.403,76.457,56.281,21.142
68.943,94.534,21.575,-82.058,19.573,57.718,-117.55,51.308,79.085,80.622,59.198,24.833
73.077,99.938,21.664,-87.303,22.152,60.315,-122.35,52.305,81.184,84.27,61.761,28.084
76.461,104.51,21.575,-91.761,24.499,62.369,-126.08,52.996,82.658,87.198,63.901,30.813
79.052,108.04,21.327,-95.255,26.476,63.793,-128.44,53.376,83.509,89.253,65.58,32.975
80.946,110.47,20.869,-97.782,28.092,64.532,-129.16,53.468,83.77,90.368,66.8,34.574
82.291,111.82,20.113,-99.449,29.447,64.563,-128.16,53.299,83.473,90.54,67.597,35.646
83.215,112.15,18.968,-100.38,30.668,63.881,-125.58,52.878,82.622,89.779,68.009,36.226
83.793,111.48,17.372,-100.66,31.849,62.479,-121.63,52.175,81.175,88.074,68.055,36.324
84.038,109.76,15.297,-100.23,33.021,60.327,-116.53,51.121,79.057,85.388,67.718,35.917
83.912,106.86,12.759,-98.993,34.151,57.385,-110.49,49.619,76.18,81.705,66.94,34.954
83.345,102.65,9.8106,-96.756,35.168,53.612,-103.76,47.574,72.487,77.072,65.629,33.371
82.246,97.042,6.539,-93.35,35.985,48.996,-96.546,44.911,67.971,71.627,63.677,31.112
80.518,90.072,3.0496,-88.693,36.511,43.569,-89.001,41.59,62.668,65.555,61.019,28.148
78.078,81.886,-0.54815,-82.853,36.691,37.424,-81.187,37.611,56.629,59.022,57.664,24.503
74.876,72.695,-4.1493,-76.032,36.545,30.713,-73.096,33.028,49.906,52.117,53.684,20.271
70.907,62.726,-7.6407,-68.475,36.153,23.658,-64.708,27.961,42.558,44.843,49.167,15.608
66.198,52.204,-10.883,-60.386,35.581,16.539,-56.038,22.595,34.696,37.169,44.185,10.704
60.805,41.374,-13.723,-51.91,34.837,9.6607,-47.176,17.14,26.524,29.12,38.795,5.7436
54.81,30.51,-16.044,-43.15,33.868,3.2955,-38.27,11.801,18.347,20.845,33.039,0.87839
48.307,19.913,-17.812,-34.208,32.59,-2.3651,-29.48,6.7364,10.503,12.629,26.954,-3.7839
41.396,9.9009,-19.076,-25.228,30.908,-7.232,-20.93,2.0452,3.2713,4.8081,20.584,-8.1671
34.188,0.77135,-19.922,-16.433,28.732,-11.305,-12.686,-2.2304,-3.1983,-2.3424,14.002,-12.207
26.827,-7.2419,-20.43,-8.1248,26.014,-14.642,-4.78,-6.0888,-8.8762,-8.6726,7.345,-15.844
19.518,-14.028,-20.658,-0.60522,22.78,-17.328,2.7376,-9.5518,-13.808,-14.144,0.81746,-19.029
12.483,-19.633,-20.639,5.9518,19.159,-19.463,9.7489,-12.655,-18.07,-18.793,-5.3455,-21.746
5.8671,-24.242,-20.394,11.571,15.348,-21.161,16.06,-15.443,-21.754,-22.695,-10.946,-24.018
-0.31337,-28.102,-19.945,16.425,11.541,-22.535,21.465,-17.964,-24.956,-25.958,-15.874,-25.896
-6.1062,-31.44,-19.315,20.712,7.8934,-23.684,25.848,-20.26,-27.774,-28.698,-20.106,-27.447
-11.508,-34.394,-18.535,24.551,4.5225,-24.666,29.245,-22.362,-30.289,-31.025,-23.677,-28.73
-16.397,-36.993,-17.629,27.954,1.5092,-25.489,31.813,-24.282,-32.552,-33.022,-26.643,-29.783
-20.578,-39.185,-16.613,30.853,-1.1058,-26.12,33.753,-26.016,-34.585,-34.744,-29.071,-30.625
-23.91,-40.896,-15.493,33.18,-3.3249,-26.511,35.253,-27.557,-36.388,-36.223,-31.03,-31.263
-26.401,-42.09,-14.266,34.923,-5.1851,-26.632,36.457,-28.911,-37.963,-37.481,-32.595,-31.704
-28.201,-42.807,-12.925,36.156,-6.7555,-26.494,37.461,-30.102,-39.322,-38.543,-33.843,-31.963
-29.519,-43.158,-11.472,37.009,-8.1323,-26.157,38.311,-31.174,-40.493,-39.442,-34.848,-32.071
-30.554,-43.292,-9.9312,37.635,-9.4059,-25.702,39.026,-32.177,-41.506,-40.216,-35.673,-32.056
-31.436,-43.342,-8.3499,38.151,-10.623,-25.214,39.61,-33.145,-42.385,-40.893,-36.368,-31.945
-32.216,-43.38,-6.795,38.614,-11.775,-24.746,40.071,-34.081,-43.134,-41.491,-36.964,-31.745
-32.872,-43.402,-5.3344,39.007,-12.808,-24.309,40.425,-34.957,-43.74,-42.012,-37.476,-31.446
-33.357,-43.355,-4.0227,39.278,-13.648,-23.886,40.697,-35.726,-44.18,-42.45,-37.904,-31.031
-33.638,-43.193,-2.8929,39.387,-14.241,-23.458,40.904,-36.359,-44.443,-42.802,-38.249,-30.486
-33.729,-42.913,-1.9541,39.339,-14.595,-23.025,41.057,-36.86,-44.545,-43.076,-38.513,-29.817
-33.693,-42.566,-1.1929,39.189,-14.792,-22.613,41.156,-37.267,-44.528,-43.297,-38.707,-29.052
-33.615,-42.227,-0.57666,39.016,-14.947,-22.254,41.2,-37.63,-44.448,-43.494,-38.847,-28.236
-33.564,-41.947,-0.05952,38.877,-15.156,-21.959,41.191,-37.985,-44.352,-43.688,-38.944,-27.419
-33.559,-41.717,0.40821,38.78,-15.446,-21.704,41.144,-38.333,-44.256,-43.889,-39.002,-26.634
-33.573,-41.474,0.86987,38.683,-15.767,-21.432,41.077,-38.64,-44.146,-44.088,-39.016,-25.888
-33.547,-41.137,1.3522,38.52,-16.02,-21.085,41.016,-38.842,-43.981,-44.262,-38.981,-25.171
-33.434,-40.655,1.857,38.246,-16.109,-20.632,40.977,-38.854,-43.71,-44.384,-38.9,-24.465
-33.224,-40.052,2.3575,37.867,-15.999,-20.099,40.969,-38.571,-43.284,-44.429,-38.783,-23.767
-32.955,-39.422,2.8028,37.444,-15.728,-19.563,40.988,-37.869,-42.666,-44.375,-38.657,-23.105
-32.695,-38.907,3.1312,37.078,-15.389,-19.133,41.021,-36.628,-41.824,-44.206,-38.551,-22.531
-32.525,-38.65,3.2874,36.873,-15.092,-18.912,41.058,-34.782,-40.737,-43.91,-38.492,-22.107
-32.5,-38.735,3.237,36.894,-14.92,-18.962,41.091,-32.392,-39.389,-43.482,-38.494,-21.875
-32.555,-28.69,3.7281,30.989,-17.167,-13.151,42.961,-49.557,-49.046,-59.09,-46.35,-6.4023
-34.541,-29.584,4.7954,32.731,-18.701,-13.064,40.805,-50.229,-50.803,-59.984,-45.769,-8.0624
-36.342,-29.163,6.9916,33.69,-20.741,-11.707,39.613,-50.789,-52.124,-60.626,-44.781,-9.3716
-37.032,-27.149,9.6697,33.206,-22.454,-9.2474,39.743,-50.271,-52.152,-60.682,-43.393,-9.8127
-36.785,-24.56,11.986,31.85,-23.451,-6.625,40.984,-47.532,-50.295,-59.947,-42.094,-9.51
-36.492,-23.066,13.161,30.896,-23.753,-5.1034,42.782,-41.202,-46.134,-58.26,-41.592,-9.1145
-37.039,-24.053,12.694,31.472,-23.552,-5.6597,44.59,-29.871,-39.306,-55.395,-42.419,-9.4607
-38.899,-28.089,10.491,34.093,-23.06,-8.6267,46.086,-12.693,-29.627,-51.157,-44.693,-11.191
-42.081,-34.853,6.8822,38.616,-22.484,-13.657,47.203,9.8524,-17.432,-45.628,-48.129,-14.454
-46.162,-43.254,2.5344,44.336,-21.973,-19.862,48.056,35.623,-3.7741,-39.325,-52.191,-18.776
