I,II,III,aVR,aVL,aVF,V1,V2,V3,V4,V5,V6
116.53,111.16,-2.3006,-115.7,60.36,52.691,-45.934,75.61,54.348,41.865,107.87,100.21
96.979,90.46,-3.4685,-94.933,50.587,41.253,-44.106,67.502,51.801,34.508,97.49,87.473
77.906,70.282,-4.5892,-74.867,41.131,30.151,-42.846,59.513,48.764,27.857,88.069,75.672
60.513,51.784,-5.7105,-56.767,32.654,19.998,-42.255,52.047,45.104,22.578,80.449,65.624
47.131,37.02,-7.1084,-42.761,26.425,11.737,-41.8,45.814,41.233,19.226,75.252,58.018
40.204,28.114,-9.1037,-34.976,23.771,6.299,-40.605,41.502,37.867,17.995,72.651,53.069
40.708,26.007,-11.731,-34.222,25.166,4.1207,-37.954,39.366,35.567,18.547,72.212,50.262
46.949,29.509,-14.486,-39.007,29.529,4.7937,-33.708,38.982,34.389,20.075,72.937,48.409
54.783,35.414,-16.43,-45.716,34.368,7.0764,-28.433,39.305,33.888,21.591,73.549,46.085
59.485,39.84,-16.721,-50.154,36.936,9.3297,-23.15,39.012,33.406,22.328,72.912,42.232
58.148,40.003,-15.235,-49.551,35.721,10.14,-18.893,36.985,32.419,22.011,70.403,36.589
37.912,14.955,-12.525,-26.526,24.811,-0.38594,-19.112,8.5303,13.407,9.2593,60.45,23.206
30.626,10.004,-13.128,-19.408,21.826,-2.1312,-17.152,5.6598,10.448,7.4539,57.247,17.005
23.477,5.9761,-13.676,-13.307,19.045,-3.7015,-14.936,3.2588,7.8391,6.1118,54.129,11.416
17.609,2.6406,-14.297,-8.6827,16.714,-5.1802,-12.589,1.1893,5.5462,5.0811,51.023,6.6563
13.29,-0.17637,-15.006,-5.2871,14.912,-6.5892,-10.286,-0.66608,3.5072,4.1994,47.864,2.6591
10.129,-2.5733,-15.684,-2.7398,13.464,-7.9201,-8.1728,-2.4043,1.6498,3.3259,44.617,-0.75438
7.512,-4.6237,-16.144,-0.70022,12.022,-9.1457,-6.3196,-4.0974,-0.086989,2.3737,41.273,-3.7241
4.9563,-6.405,-16.223,1.0922,10.281,-10.227,-4.7127,-5.7856,-1.738,1.3283,37.809,-6.3138
2.3658,-7.9855,-15.863,2.7489,8.1775,-11.128,-3.2765,-7.4756,-3.3084,0.23866,34.14,-8.5516
-0.034248,-9.407,-15.153,4.2514,5.9113,-11.847,-1.9264,-9.151,-4.7836,-0.8197,30.097,-10.477
-2.0712,-10.708,-14.306,5.5907,3.7694,-12.428,-0.62107,-10.789,-6.1456,-1.7863,25.546,-12.146
-3.8067,-11.955,-13.57,6.8419,1.9161,-12.951,0.62394,-12.374,-7.3863,-2.6374,20.64,-13.61
-5.3831,-13.231,-13.119,8.1001,0.3837,-13.492,1.763,-13.889,-8.509,-3.3808,15.9,-14.899
-6.8761,-14.589,-12.997,9.406,-0.84081,-14.101,2.7604,-15.311,-9.5207,-4.037,11.848,-16.022
-8.2795,-16.023,-13.14,10.732,-1.7806,-14.782,3.6162,-16.601,-10.423,-4.6217,8.6669,-16.977
-9.5378,-17.467,-13.435,12.004,-2.4678,-15.504,4.3638,-17.717,-11.213,-5.1413,6.2589,-17.76
-10.569,-18.823,-13.782,13.124,-2.932,-16.221,5.0455,-18.635,-11.89,-5.5973,4.4307,-18.385
-11.28,-19.976,-14.109,13.99,-3.1892,-16.881,5.6781,-19.366,-12.463,-5.9927,2.995,-18.881
-11.587,-20.817,-14.394,14.513,-3.2422,-17.434,6.2234,-19.953,-12.953,-6.3338,1.8028,-19.286
-11.443,-21.255,-14.674,14.641,-3.0847,-17.839,6.5784,-20.451,-13.381,-6.6301,0.75128,-19.628
-10.864,-21.245,-15.002,14.37,-2.7126,-18.065,6.602,-20.905,-13.761,-6.8914,-0.21765,-19.919
-9.9391,-20.825,-15.404,13.763,-2.1493,-18.11,6.1894,-21.33,-14.092,-7.1236,-1.1247,-20.143
-8.8392,-20.119,-15.868,12.951,-1.4672,-18.001,5.3587,-21.702,-14.352,-7.3243,-1.9649,-20.265
-7.785,-19.316,-16.355,12.12,-0.78638,-17.791,4.253,-21.967,-14.511,-7.4844,-2.7219,-20.249
-6.9981,-18.62,-16.791,11.468,-0.24781,-17.537,3.0658,-22.066,-14.544,-7.5963,-3.3852,-20.071
-6.6411,-18.184,-17.075,11.142,0.026375,-17.284,1.9787,-21.961,-14.452,-7.6612,-3.9595,-19.735
-6.7691,-18.067,-17.103,11.18,-0.028078,-17.056,1.1211,-21.65,-14.261,-7.6888,-4.464,-19.271
-7.3148,-18.212,-16.797,11.507,-0.39577,-16.84,0.54141,-21.171,-14.011,-7.6921,-4.9241,-18.726
-8.1025,-18.456,-16.104,11.968,-0.9851,-16.586,0.20751,-20.588,-13.747,-7.6821,-5.3616,-18.15
-8.8831,-18.576,-15.009,12.365,-1.6541,-16.207,0.038734,-19.975,-13.51,-7.6627,-5.7862,-17.582
-9.3983,-18.358,-13.544,12.492,-2.2508,-15.623,-0.045824,-19.388,-13.321,-7.6282,-6.1896,-17.039
-9.4673,-17.673,-11.798,12.201,-2.6586,-14.792,-0.091162,-18.847,-13.181,-7.5644,-6.5466,-16.509
-9.0567,-16.53,-9.9061,11.469,-2.8354,-13.733,-0.10165,-18.343,-13.08,-7.4578,-6.8278,-15.968
-8.299,-15.087,-8.0148,10.43,-2.8323,-12.528,-0.062648,-17.844,-13.003,-7.307,-7.0175,-15.397
-7.4504,-13.602,-6.2398,9.3297,-2.7782,-11.299,0.034574,-17.324,-12.938,-7.1291,-7.1248,-14.791
-6.7989,-12.343,-4.646,8.4396,-2.8281,-10.166,0.18449,-16.765,-12.87,-6.9516,-7.1797,-14.157
-6.5524,-11.483,-3.2482,7.9515,-3.0943,-9.2031,0.37818,-16.168,-12.77,-6.795,-7.2147,-13.503
-6.7605,-11.036,-2.0242,7.9027,-3.5983,-8.4081,0.61979,-15.536,-12.593,-6.6578,-7.2463,-12.825
-7.3106,-10.866,-0.93119,8.1746,-4.2692,-7.713,0.93113,-14.872,-12.289,-6.5161,-7.267,-12.113
-7.9942,-10.75,0.076375,8.5573,-4.9858,-7.018,1.3381,-14.179,-11.83,-6.3383,-7.2527,-11.354
-8.5959,-10.477,1.0315,8.8428,-5.6314,-6.236,1.8485,-13.465,-11.23,-6.1038,-7.1778,-10.544
-8.9688,-9.9366,1.9469,8.9014,-6.1325,-5.3307,2.4373,-12.748,-10.547,-5.8148,-7.0288,-9.6883
-9.0727,-9.1453,2.8151,8.7111,-6.4748,-4.3333,3.0502,-12.054,-9.8592,-5.4965,-6.8112,-8.8007
-8.9667,-8.227,3.6163,8.343,-6.6973,-3.3288,3.6241,-11.411,-9.2361,-5.1882,-6.5468,-7.897
-8.7646,-7.3478,4.3303,7.9158,-6.8625,-2.4179,4.1131,-10.836,-8.7136,-4.9274,-6.2637,-6.9878
-8.5698,-6.6386,4.948,7.5363,-7.0168,-1.6717,4.5037,-10.33,-8.2862,-4.7349,-5.9878,-6.0766
-8.425,-6.1402,5.478,7.2517,-7.1679,-1.1025,4.8096,-9.8763,-7.9173,-4.6089,-5.7373,-5.1641
-8.3078,-5.8004,5.9447,7.0412,-7.2922,-0.66486,5.0545,-9.4527,-7.5611,-4.529,-5.5216,-4.2523
-8.1649,-5.515,6.3846,6.8448,-7.3624,-0.2811,5.2565,-9.0405,-7.1819,-4.4657,-5.3403,-3.3432
-7.9575,-5.1825,6.8448,6.6077,-7.3766,0.12935,5.4258,-8.627,-6.7629,-4.3886,-5.1826,-2.4322
-7.6939,-4.7491,7.3839,6.3163,-7.3705,0.62724,5.5719,-8.203,-6.3034,-4.2712,-5.0296,-1.504
-7.4396,-4.2303,8.0616,6.0136,-7.4084,1.2379,5.7082,-7.7596,-5.8146,-4.097,-4.8649,-0.53761
-7.2971,-3.7038,8.9148,5.7862,-7.5575,1.9432,5.8453,-7.2905,-5.3181,-3.8657,-4.6886,0.4778
-7.3659,-3.2742,9.9314,5.7293,-7.861,2.6884,5.9789,-6.7985,-4.8447,-3.5955,-4.5246,1.5264
-7.7013,-3.0236,11.046,5.906,-8.3236,3.4068,6.0861,-6.2969,-4.4264,-3.3168,-4.4105,2.563
-8.2919,-2.9709,12.175,6.3164,-8.9164,4.0528,6.135,-5.8043,-4.0832,-3.0587,-4.3779,3.5293
-9.0637,-3.0584,13.257,6.8923,-9.5914,4.6267,6.1028,-5.3356,-3.8129,-2.8374,-4.4348,4.3789
-9.9031,-3.1665,14.283,7.5152,-10.296,5.1783,5.9895,-4.8961,-3.5921,-2.6527,-4.5627,5.0969
-10.686,-3.147,15.283,8.0467,-10.982,5.7888,5.8212,-4.4798,-3.3878,-2.4933,-4.7265,5.7057
-11.301,-2.8634,16.294,8.3611,-11.609,6.5374,5.6411,-4.073,-3.1719,-2.3439,-4.8879,6.256
-11.667,-2.2291,17.337,8.3714,-12.141,7.4672,5.4959,-3.6583,-2.93,-2.1908,-5.0155,6.8114
-11.74,-1.237,18.388,8.0469,-12.545,8.5596,5.4203,-3.2201,-2.6628,-2.0252,-5.0927,7.4303
-11.518,0.027221,19.379,7.4192,-12.79,9.729,5.4248,-2.7512,-2.3852,-1.8496,-5.1245,8.1471
-11.036,1.3937,20.217,6.576,-12.851,10.84,5.4883,-2.2589,-2.1267,-1.683,-5.1403,8.9554
-10.354,2.6494,20.819,5.6405,-12.72,11.747,5.5598,-1.767,-1.927,-1.5604,-5.189,9.7993
-9.547,3.6104,21.145,4.7352,-12.41,12.351,5.5748,-1.3104,-1.8231,-1.522,-5.323,10.584
-8.6808,4.2049,21.216,3.9378,-11.955,12.644,5.4828,-0.92222,-1.8303,-1.5939,-5.5719,11.21
-7.8039,4.5113,21.11,3.2574,-11.406,12.721,5.2744,-0.61851,-1.929,-1.7718,-5.9217,11.625
-6.9569,4.7076,20.929,2.6602,-10.821,12.737,4.9896,-0.39197,-2.0719,-2.0188,-6.3139,11.844
-6.1927,4.9629,20.758,2.1234,-10.265,12.836,4.6975,-0.21855,-2.2074,-2.283,-6.6736,11.946
-5.5874,5.3496,20.627,1.6743,-9.7986,13.078,4.4572,-0.072505,-2.3051,-2.5243,-6.9456,12.019
-5.2421,5.8151,20.497,1.3976,-9.4735,13.406,4.2824,0.058469,-2.3685,-2.7358,-7.1209,12.113
-5.2719,6.2002,20.292,1.4139,-9.3285,13.682,4.1302,0.16608,-2.4303,-2.9477,-7.2395,12.218
-5.7625,6.2977,19.949,1.8271,-9.3833,13.756,3.9243,0.22817,-2.53,-3.2088,-7.3685,12.288
-6.7053,5.9539,19.447,2.6521,-9.6308,13.545,3.5989,0.22603,-2.6878,-3.5584,-7.5658,12.278
-7.9522,5.1875,18.824,3.7596,-10.024,13.078,3.1366,0.15949,-2.8929,-4.0043,-7.8527,12.176
-9.2242,4.2397,18.153,4.8773,-10.469,12.497,2.5759,0.048243,-3.1137,-4.5204,-8.2076,12.006
-10.174,3.485,17.53,5.6645,-10.827,11.992,1.9874,-0.081171,-3.3195,-5.0602,-8.5804,11.802
-10.485,3.257,17.033,5.8319,-10.952,11.719,1.436,-0.21337,-3.5001,-5.5759,-8.9168,11.587
-9.9841,3.7049,16.679,5.2487,-10.73,11.732,0.95331,-0.35535,-3.6728,-6.0336,-9.1812,11.357
-8.7022,4.7457,16.41,3.9916,-10.121,11.972,0.53122,-0.53416,-3.874,-6.4217,-9.3694,11.08
-6.8753,6.1074,16.124,2.3203,-9.1745,12.297,0.13507,-0.78245,-4.1397,-6.7501,-9.5084,10.714
-4.8733,7.4269,15.715,0.59688,-8.0252,12.533,-0.27281,-1.1195,-4.4867,-7.0431,-9.6446,10.231
-3.0924,8.3638,15.124,-0.82057,-6.857,12.54,-0.71323,-1.5378,-4.9061,-7.3302,-9.8278,9.6361
-1.8471,8.7041,14.368,-1.676,-5.8543,12.261,-1.1809,-2.0022,-5.3668,-7.6362,-10.095,8.9714
-1.2955,8.4249,13.531,-1.8796,-5.1528,11.74,-1.6461,-2.46,-5.8259,-7.9711,-10.457,8.3031
-1.4183,7.6896,12.737,-1.5168,-4.8091,11.103,-2.0657,-2.8572,-6.2393,-8.3249,-10.893,7.7002
-2.0478,6.7761,12.092,-0.80187,-4.8009,10.501,-2.3998,-3.1559,-6.5729,-8.6707,-11.358,7.2093
-2.9301,5.9644,11.646,0.0014621,-5.0452,10.041,-2.6295,-3.3474,-6.8144,-8.9778,-11.804,6.837
-3.7999,5.4252,11.379,0.66673,-5.4166,9.7405,-2.7663,-3.4558,-6.9787,-9.2278,-12.211,6.5481
-4.4598,5.1465,11.218,1.0832,-5.7777,9.536,-2.8473,-3.5296,-7.1016,-9.4237,-12.596,6.2807
-4.8458,4.9529,11.068,1.3033,-6.0272,9.3294,-2.9183,-3.6214,-7.2244,-9.5849,-12.999,5.9735
-5.0374,4.6368,10.845,1.4935,-6.1293,9.0432,-3.0122,-3.7665,-7.3771,-9.7345,-13.459,5.5923
-5.1758,4.0966,10.495,1.7922,-6.106,8.638,-3.1349,-3.9687,-7.5705,-9.8874,-13.997,5.1419
-5.3632,3.36,10.008,2.2257,-6.0083,8.109,-3.2659,-4.202,-7.8008,-10.049,-14.61,4.6554
-5.628,2.5317,9.4184,2.7385,-5.8885,7.4895,-3.3707,-4.4254,-8.0583,-10.219,-15.276,4.1739
-5.935,1.7597,8.8027,3.2321,-5.7849,6.8567,-3.4171,-4.5993,-8.3307,-10.392,-15.971,3.7287
-6.1995,1.2192,8.2734,3.5773,-5.7134,6.323,-3.3847,-4.6973,-8.6004,-10.562,-16.669,3.3339
-6.3077,1.0729,7.9306,3.64,-5.6625,6.0007,-3.27,-4.7125,-8.8441,-10.72,-17.346,2.985
-6.1515,1.4075,7.8004,3.3294,-5.5924,5.9538,-3.0881,-4.6602,-9.0403,-10.858,-17.988,2.6575
-5.6765,2.1777,7.82,2.647,-5.4471,6.1617,-2.874,-4.5772,-9.1802,-10.979,-18.597,2.3085
-4.9156,3.1949,7.8735,1.7101,-5.1728,6.5142,-2.6752,-4.5138,-9.2719,-11.095,-19.189,1.887
-3.9686,4.1794,7.826,0.7193,-4.7192,6.845,-2.5381,-4.5173,-9.3359,-11.223,-19.786,1.3555
-2.9344,4.867,7.553,-0.13181,-4.0416,6.9927,-2.4917,-4.613,-9.3934,-11.375,-20.402,0.70978
-1.8764,5.1201,6.9914,-0.7454,-3.1417,6.8665,-2.5373,-4.793,-9.4538,-11.549,-21.027,-0.012703
-0.85775,4.9762,6.1843,-1.1314,-2.111,6.4878,-2.6474,-5.0202,-9.5072,-11.722,-21.624,-0.74661
0.017474,4.6003,5.2833,-1.3451,-1.1171,5.98,-2.7743,-5.2462,-9.5272,-11.86,-22.136,-1.4242
0.60881,4.1794,4.5043,-1.4202,-0.35749,5.508,-2.8685,-5.4331,-9.4868,-11.926,-22.511,-1.9982
0.77167,3.8282,4.0557,-1.3416,-0.015086,5.1991,-2.9004,-5.568,-9.3791,-11.902,-22.724,-2.4534
0.39211,3.5411,4.0642,-1.048,-0.2191,5.0849,-2.8753,-5.6666,-9.2274,-11.796,-22.789,-2.8059
-0.5771,3.2003,4.5218,-0.45422,-1.0044,5.092,-2.8311,-5.7646,-9.0781,-11.637,-22.75,-3.094
-2.0788,2.6374,5.2851,0.5026,-2.2757,5.0809,-2.8198,-5.8996,-8.9783,-11.458,-22.661,-3.361
-3.928,1.7351,6.1264,1.8015,-3.8065,4.9165,-2.8811,-6.0928,-8.9541,-11.282,-22.557,-3.6353
-5.8255,0.51546,6.81,3.2955,-5.2921,4.5346,-3.0236,-6.3377,-8.9987,-11.117,-22.448,-3.9175
-7.4266,-0.84368,7.1678,4.7349,-6.4383,3.9741,-3.2217,-6.6005,-9.0755,-10.953,-22.32,-4.1797
-8.4477,-2.0813,7.1505,5.8557,-7.054,3.3597,-3.4279,-6.8341,-9.1329,-10.77,-22.14,-4.3808
-8.7593,-2.967,6.8354,6.4809,-7.1082,2.8432,-3.5955,-6.9985,-9.1255,-10.545,-21.883,-4.4892
-8.4264,-3.3939,6.3838,6.5819,-6.7325,2.5345,-3.7005,-7.078,-9.0337,-10.264,-21.543,-4.5015
-7.6859,-3.4134,5.9755,6.281,-6.1684,2.4546,-3.7538,-7.0884,-8.8712,-9.9239,-21.149,-4.4488
-6.8627,-3.2029,5.7502,5.799,-5.6738,2.5297,-3.7966,-7.0664,-8.6752,-9.5403,-20.752,-4.385
-6.2431,-2.9751,5.7563,5.3622,-5.4198,2.6341,-3.8777,-7.0473,-8.4844,-9.1338,-20.4,-4.3614
-5.9622,-2.8706,5.9191,5.106,-5.4324,2.6598,-4.0262,-7.042,-8.3185,-8.7181,-20.113,-4.3998
-5.9738,-2.8999,6.0861,5.0331,-5.6091,2.5701,-4.2355,-7.03,-8.1722,-8.2928,-19.868,-4.481
-6.1128,-2.9701,6.1272,5.0445,-5.7907,2.4024,-4.4688,-6.9729,-8.0258,-7.8477,-19.619,-4.5585
-6.1937,-2.9617,5.9972,5.0139,-5.8399,2.2288,-4.6779,-6.8379,-7.8621,-7.3752,-19.328,-4.5856
-6.0944,-2.8023,5.7255,4.8568,-5.6842,2.1072,-4.824,-6.6145,-7.6797,-6.8813,-18.985,-4.5429
-5.7994,-2.5065,5.3749,4.5701,-5.3309,2.0522,-4.8906,-6.3199,-7.4978,-6.3884,-18.619,-4.4487
-5.4002,-2.1758,5.012,4.2349,-4.8692,2.0296,-4.8878,-5.994,-7.3509,-5.9311,-18.281,-4.3531
-5.0547,-1.9611,4.6917,3.9811,-4.4395,1.9718,-4.8452,-5.6889,-7.2762,-5.5462,-18.03,-4.3163
-4.9103,-1.9944,4.4461,3.924,-4.1681,1.81,-4.7957,-5.4524,-7.2974,-5.2589,-17.906,-4.3838
-5.0177,-2.318,4.2762,4.0961,-4.1005,1.5098,-4.7534,-5.3101,-7.4103,-5.0717,-17.916,-4.5679
-5.2958,-2.8539,4.1526,4.4216,-4.1783,1.0924,-4.6996,-5.2538,-7.5791,-4.9605,-18.035,-4.8442
-5.5814,-3.4426,4.0259,4.7582,-4.2743,0.62471,-4.5859,-5.2459,-7.7453,-4.8832,-18.215,-5.1652
-5.7238,-3.9252,3.8476,4.9759,-4.2649,0.18348,-4.3545,-5.2373,-7.8505,-4.7971,-18.406,-5.4816
-5.6616,-4.2211,3.5929,5.0235,-4.093,-0.18309,-3.9632,-5.1904,-7.8593,-4.6761,-18.578,-5.7638
-5.454,-4.3618,3.2757,4.9547,-3.7955,-0.47427,-3.4037,-5.0948,-7.7716,-4.5197,-18.736,-6.0108
-5.2606,-4.4691,2.9456,4.9074,-3.4899,-0.7275,-2.702,-4.9685,-7.6173,-4.3519,-18.908,-6.2453
-5.2715,-4.6856,2.6679,5.0369,-3.3257,-0.98754,-1.9036,-4.8465,-7.4373,-4.2078,-19.133,-6.4957
-5.6093,-5.0896,2.4959,5.4306,-3.4123,-1.271,-1.0522,-4.7635,-7.2641,-4.1162,-19.426,-6.7766
-6.2528,-5.6413,2.4503,6.0497,-3.7578,-1.547,-0.16978,-4.7394,-7.111,-4.0831,-19.77,-7.0782
-7.0313,-6.1932,2.5127,6.7349,-4.2549,-1.7469,0.7496,-4.7732,-6.9729,-4.0862,-20.113,-7.3694
-7.6953,-6.559,2.6353,7.2746,-4.728,-1.7982,1.7287,-4.8475,-6.8353,-4.0835,-20.39,-7.6127
-8.0179,-6.5993,2.7598,7.4909,-5.0081,-1.6626,2.7834,-4.9403,-6.6855,-4.033,-20.554,-7.7834
-7.8748,-6.2813,2.8374,7.3041,-4.9953,-1.3599,3.9017,-5.0379,-6.521,-3.9149,-20.605,-7.8845
-7.2815,-5.6874,2.8436,6.7545,-4.687,-0.96702,5.0404,-5.139,-6.3515,-3.7431,-20.592,-7.9489
-6.3802,-4.9765,2.7877,5.9817,-4.1721,-0.58941,6.1453,-5.2528,-6.1946,-3.5636,-20.595,-8.0271
-5.3853,-4.3137,2.7114,5.1667,-3.598,-0.31753,7.1817,-5.3924,-6.0698,-3.4394,-20.688,-8.1688
-4.5114,-3.8078,2.6779,4.4687,-3.1212,-0.18966,8.1603,-5.5694,-5.9899,-3.4241,-20.913,-8.404
-3.9151,-3.4857,2.7528,3.9845,-2.8574,-0.1805,9.1424,-5.789,-5.9535,-3.5352,-21.263,-8.7334
-3.6685,-3.311,2.9792,3.7418,-2.8548,-0.21923,10.227,-6.0437,-5.9392,-3.739,-21.675,-9.128
-3.7674,-3.2253,3.3568,3.7179,-3.0995,-0.22671,11.522,-6.3065,-5.9062,-3.9596,-22.043,-9.5371
-4.1639,-3.1921,3.8356,3.8746,-3.5445,-0.15453,13.098,-6.5315,-5.8061,-4.1081,-22.256,-9.9019
-4.8046,-3.2282,4.3336,4.1942,-4.1316,-0.0077473,14.945,-6.6657,-5.6025,-4.1158,-22.229,-10.172
-5.6459,-3.4058,4.7631,4.6939,-4.7952,0.15814,16.943,-6.6689,-5.2883,-3.9575,-21.945,-10.322
-6.6394,-3.8153,5.0473,5.4013,-5.4627,0.26195,18.887,-6.5283,-4.8897,-3.658,-21.452,-10.36
-7.6989,-4.502,5.1298,6.3025,-6.0544,0.23384,20.568,-6.2614,-4.4544,-3.2807,-20.841,-10.32
-8.6813,-5.4106,4.9865,7.2982,-6.4825,0.049736,21.846,-5.9087,-4.0312,-2.9033,-20.199,-10.252
-9.4001,-6.3712,4.6409,8.2023,-6.6622,-0.25301,22.666,-5.5216,-3.6539,-2.5897,-19.585,-10.196
-9.6814,-7.1448,4.1682,8.7966,-6.5438,-0.58684,23.031,-5.1512,-3.3344,-2.3686,-19.015,-10.179
-9.4325,-7.5091,3.6822,8.9112,-6.143,-0.8484,22.973,-4.8378,-3.0659,-2.2272,-18.476,-10.208
-8.6853,-7.3396,3.3095,8.486,-5.5478,-0.95879,22.539,-4.5998,-2.8302,-2.1231,-17.94,-10.276
-7.5918,-6.6494,3.1519,7.5919,-4.8949,-0.88729,21.789,-4.4289,-2.6053,-2.0089,-17.381,-10.367
-6.3789,-5.5795,3.2469,6.408,-4.3245,-0.65104,20.797,-4.2939,-2.371,-1.8554,-16.788,-10.464
-5.2806,-4.354,3.5492,5.1707,-3.9371,-0.30501,19.65,-4.1542,-2.1138,-1.6639,-16.169,-10.556
-4.4776,-3.2219,3.9451,4.1117,-3.768,0.064702,18.428,-3.9744,-1.8304,-1.4618,-15.548,-10.644
-4.065,-2.4011,4.2921,3.4069,-3.7877,0.35437,17.189,-3.7365,-1.5286,-1.2868,-14.956,-10.737
-4.0472,-2.034,4.4629,3.1453,-3.9194,0.47238,15.948,-3.4452,-1.225,-1.1689,-14.421,-10.851
-4.3501,-2.1632,4.3801,3.3202,-4.0655,0.36941,14.671,-3.126,-0.93812,-1.1191,-13.956,-11.0
-4.8426,-2.7297,4.0366,3.8407,-4.1376,0.049981,13.268,-2.8166,-0.68419,-1.1281,-13.554,-11.193
-5.3639,-3.5888,3.4939,4.5538,-4.0834,-0.43464,11.626,-2.5558,-0.47494,-1.1706,-13.206,-11.435
-5.761,-4.5436,2.8595,5.2772,-3.8999,-1.0039,9.6635,-2.3705,-0.31807,-1.2163,-12.913,-11.725
-5.9367,-5.3981,2.2533,5.8477,-3.6294,-1.5738,7.4091,-2.2683,-0.2196,-1.2488,-12.684,-12.064
-5.8893,-6.0245,1.774,6.1778,-3.3399,-2.083,5.006,-2.2404,-0.18845,-1.2842,-12.529,-12.448
-5.7099,-6.4049,1.4698,6.2854,-3.0978,-2.5008,2.6365,-2.2727,-0.23834,-1.3706,-12.443,-12.874
-5.5381,-6.6109,1.3287,6.2693,-2.9519,-2.8163,0.44781,-2.3538,-0.37951,-1.5614,-12.41,-13.332
-5.5165,-6.7466,1.2985,6.2621,-2.9357,-3.0377,-1.4632,-2.4718,-0.60155,-1.8761,-12.406,-13.812
-5.7617,-6.9104,1.323,6.3927,-3.0744,-3.1982,-3.0502,-2.6044,-0.86322,-2.2819,-12.403,-14.293
-6.3287,-7.1756,1.3626,6.747,-3.3747,-3.3419,-4.3168,-2.7156,-1.1015,-2.7114,-12.378,-14.748
-7.1627,-7.5606,1.3924,7.3176,-3.7989,-3.4935,-5.2968,-2.7672,-1.2544,-3.0965,-12.312,-15.145
-8.0796,-8.0004,1.3909,7.9737,-4.2494,-3.644,-6.0307,-2.7378,-1.2836,-3.3915,-12.195,-15.455
-8.8068,-8.3527,1.3367,8.4946,-4.5827,-3.7586,-6.5558,-2.6365,-1.1867,-3.5795,-12.02,-15.661
-9.0582,-8.44,1.2119,8.6496,-4.644,-3.7956,-6.9074,-2.5007,-0.99799,-3.6683,-11.781,-15.763
-8.6123,-8.1128,1.0049,8.2694,-4.3128,-3.7237,-7.1222,-2.3773,-0.77802,-3.6817,-11.478,-15.776
-7.3929,-7.3127,0.71182,7.2978,-3.5471,-3.5361,-7.2387,-2.2987,-0.59259,-3.6497,-11.114,-15.726
-5.5286,-6.1162,0.34035,5.8321,-2.4128,-3.2597,-7.2934,-2.269,-0.48687,-3.5986,-10.703,-15.633
-3.3406,-4.7283,-0.084647,4.1222,-1.0823,-2.9495,-7.3144,-2.2663,-0.4666,-3.5441,-10.26,-15.509
-1.255,-3.4226,-0.51683,2.5059,0.20384,-2.6705,-7.3146,-2.2566,-0.49824,-3.4888,-9.8024,-15.351
0.32238,-2.4544,-0.89329,1.307,1.2022,-2.475,-7.2879,-2.2063,-0.52682,-3.4249,-9.3469,-15.146
1.1146,-1.987,-1.1531,0.74165,1.7358,-2.3879,-7.212,-2.0899,-0.49823,-3.3393,-8.9092,-14.881
1.0362,-2.0542,-1.2663,0.86827,1.7473,-2.4032,-7.0576,-1.8954,-0.37499,-3.2179,-8.5003,-14.549
0.19994,-2.568,-1.2556,1.5895,1.3107,-2.4922,-6.8021,-1.6262,-0.14431,-3.0493,-8.1262,-14.157
-1.126,-3.36,-1.189,2.6962,0.6016,-2.6194,-6.4423,-1.3013,0.18035,-2.8288,-7.7899,-13.729
-2.5961,-4.2365,-1.1434,3.9312,-0.15109,-2.757,-5.9974,-0.94869,0.56489,-2.5605,-7.4935,-13.297
-3.8824,-5.0226,-1.163,5.0505,-0.73353,-2.8875,-5.5013,-0.59273,0.96822,-2.2566,-7.2371,-12.895
-4.7624,-5.5849,-1.2342,5.8656,-1.0347,-2.9919,-4.9866,-0.24148,1.3605,-1.9312,-7.0151,-12.547
-5.1659,-5.8384,-1.2901,6.2677,-1.0919,-3.0348,-4.4708,0.11468,1.7354,-1.5972,-6.8139,-12.258
-5.1505,-5.7445,-1.2439,6.2331,-1.0433,-2.9657,-3.9526,0.49163,2.1045,-1.2675,-6.6176,-12.017
-4.8287,-5.3111,-1.0336,5.8102,-1.019,-2.745,-3.4187,0.89667,2.4763,-0.96084,-6.4201,-11.806
-4.3051,-4.5971,-0.65946,5.0976,-1.0635,-2.3749,-2.8565,1.3224,2.8369,-0.70411,-6.2308,-11.611
-3.6506,-3.7103,-0.19604,4.219,-1.1295,-1.9081,-2.2608,1.7528,3.1493,-0.52242,-6.07,-11.436
-2.9039,-2.7828,0.23227,3.2961,-1.1205,-1.4284,-1.6307,2.1767,3.3771,-0.42086,-5.9539,-11.289
-2.0888,-1.9326,0.50149,2.4232,-0.94335,-1.0153,-0.95882,2.6025,3.5136,-0.37045,-5.8799,-11.181
-1.2363,-1.2351,0.53629,1.6591,-0.55291,-0.71719,-0.22479,3.0647,3.5978,-0.31166,-5.8214,-11.106
-0.40103,-0.72107,0.33498,1.0362,0.025235,-0.54566,0.6043,3.6213,3.7063,-0.1742,-5.7358,-11.045
0.3354,-0.3899,-0.032687,0.57629,0.69735,-0.48359,1.5685,4.3409,3.9303,0.10091,-5.5814,-10.969
0.87538,-0.22484,-0.44936,0.3005,1.3264,-0.4966,2.7102,5.2888,4.3553,0.54969,-5.3292,-10.85
1.1295,-0.20102,-0.78808,0.22744,1.7698,-0.54271,4.0708,6.5161,5.0523,1.1871,-4.964,-10.662
1.0427,-0.29044,-0.95493,0.36673,1.9213,-0.58299,5.6863,8.0539,6.0775,2.017,-4.477,-10.39
0.61659,-0.46647,-0.91833,0.70983,1.7475,-0.5932,7.5799,9.9119,7.474,3.0435,-3.8564,-10.027
-0.077025,-0.70502,-0.71208,1.2184,1.3061,-0.57018,9.7539,12.082,9.2735,4.2776,-3.0809,-9.5818
-0.894,-0.97757,-0.4227,1.8142,0.73559,-0.52661,12.188,14.551,11.497,5.739,-2.1121,-9.0704
-1.6303,-1.2354,-0.17232,2.3765,0.22387,-0.47495,14.85,17.318,14.154,7.4558,-0.88491,-8.5071
-2.0537,-1.3925,-0.082553,2.752,-0.039425,-0.4079,17.719,20.42,17.241,9.4607,0.69769,-7.894
-1.9568,-1.3242,-0.21607,2.7799,0.075324,-0.28462,20.801,23.939,20.735,11.782,2.7516,-7.2167
-1.2191,-0.89144,-0.53384,2.3288,0.5833,-0.032406,24.116,27.978,24.582,14.424,5.3673,-6.4508
0.1504,0.013596,-0.90687,1.3361,1.3782,0.43194,27.663,32.589,28.688,17.345,8.546,-5.5742
2.0056,1.4287,-1.1738,-0.16898,2.2749,1.1701,31.398,37.7,32.927,20.456,12.166,-4.5791
4.1013,3.3116,-1.2005,-2.0732,3.0729,2.1981,35.249,43.086,37.163,23.649,16.027,-3.4762
6.1806,5.5606,-0.91683,-4.2206,3.6201,3.4812,39.138,48.446,41.284,26.839,19.941,-2.2883
8.078,8.05,-0.33162,-6.4684,3.8648,4.9444,43.001,53.515,45.227,29.979,23.79,-1.0394
9.7777,10.657,0.47128,-8.7299,3.872,6.4902,46.764,58.148,48.965,33.052,27.532,0.25434
11.405,13.284,1.3599,-10.992,3.7958,8.0188,50.329,62.318,52.491,36.036,31.172,1.5902
13.174,15.879,2.1971,-13.313,3.8233,9.4534,53.586,66.062,55.792,38.891,34.729,2.9821
15.31,18.46,2.8857,-15.807,4.1117,10.764,56.447,69.417,58.842,41.553,38.212,4.4636
17.951,21.091,3.393,-18.584,4.7291,11.974,58.879,72.384,61.604,43.954,41.605,6.0873
21.043,23.822,3.7447,-21.659,5.6177,13.13,60.915,74.921,64.034,46.04,44.873,7.9114
24.293,26.591,3.9938,-24.856,6.6102,14.253,62.634,76.95,66.079,47.784,47.964,9.9691
27.268,29.183,4.183,-27.825,7.5121,15.298,64.104,78.369,67.674,49.181,50.826,12.229
29.62,31.311,4.318,-30.211,8.2119,16.167,65.324,79.069,68.753,50.243,53.421,14.583
31.279,32.786,4.3643,-31.865,8.7508,16.76,66.172,78.952,69.273,51.0,55.743,16.886
32.498,33.64,4.2661,-32.929,9.3122,17.038,66.359,77.949,69.25,51.503,57.812,19.035
33.736,34.114,3.9777,-33.756,10.147,17.052,65.442,76.047,68.755,51.821,59.673,21.035
35.44,34.539,3.4972,-34.742,11.482,16.916,62.997,73.326,67.904,52.031,61.389,22.996
37.796,35.184,2.879,-36.128,13.44,16.753,58.842,69.971,66.811,52.195,63.019,25.069
40.606,36.142,2.2103,-37.895,15.963,16.649,53.141,66.228,65.573,52.348,64.608,27.369
43.428,37.313,1.5649,-39.795,18.765,16.622,46.337,62.298,64.252,52.49,66.184,29.907
45.866,38.483,0.96536,-41.524,21.424,16.623,38.993,58.269,62.882,52.598,67.746,32.575
47.773,39.444,0.37679,-42.893,23.634,16.571,31.655,54.108,61.471,52.642,69.278,35.191
49.23,40.078,-0.26668,-43.874,25.386,16.396,24.765,49.701,60.007,52.597,70.752,37.579
50.436,40.401,-1.0204,-44.567,26.889,16.078,18.633,44.921,58.465,52.456,72.139,39.642
51.647,40.553,-1.9084,-45.162,28.398,15.656,13.394,39.692,56.817,52.229,73.425,41.374
53.109,40.739,-2.9434,-45.88,30.121,15.2,8.9612,34.081,55.036,51.938,74.614,42.837
54.962,41.109,-4.1576,-46.876,32.166,14.769,5.1137,28.352,53.104,51.609,75.716,44.12
57.154,41.656,-5.5993,-48.149,34.492,14.362,1.7177,22.901,51.006,51.248,76.729,45.283
59.441,42.193,-7.308,-49.514,36.889,13.909,-1.2549,18.075,48.73,50.836,77.616,46.331
61.463,42.4,-9.2914,-50.659,39.043,13.3,-3.8509,14.021,46.256,50.321,78.31,47.212
62.861,41.932,-11.478,-51.244,40.667,12.43,-6.1584,10.687,43.56,49.631,78.732,47.844
63.395,40.545,-13.668,-51.015,41.594,11.248,-8.2582,7.9342,40.627,48.689,78.821,48.16
63.015,38.217,-15.63,-49.894,41.813,9.7844,-10.192,5.62,37.485,47.43,78.561,48.131
61.85,35.185,-17.273,-48.002,41.467,8.1439,-11.965,3.6369,34.215,45.807,77.974,47.763
60.131,31.815,-18.65,-45.578,40.787,6.4482,-13.567,1.9031,30.916,43.78,77.089,47.067
58.099,28.378,-19.859,-42.834,40.027,4.7667,-14.997,0.34502,27.644,41.316,75.902,46.002
55.921,24.923,-20.984,-39.841,39.374,3.0881,-16.28,-1.1121,24.378,38.387,74.371,44.453
53.611,21.332,-22.074,-36.526,38.866,1.3599,-17.447,-2.5431,21.063,34.979,72.452,42.284
51.025,17.487,-23.139,-32.755,38.386,-0.44312,-18.521,-4.0128,17.658,31.105,70.141,39.444
47.956,13.395,-24.161,-28.41,37.75,-2.279,-19.51,-5.5644,14.18,26.793,67.468,36.003
44.237,9.232,-25.092,-23.445,36.786,-4.0526,-20.409,-7.2138,10.704,22.087,64.475,32.077
39.732,5.2949,-25.853,-17.989,35.342,-5.6614,-21.211,-8.9563,7.3384,17.101,61.185,27.773
34.315,1.8744,-26.34,-12.535,33.325,-7.0316,-21.91,-10.78,4.1869,12.081,57.613,23.245
28.116,-0.8834,-26.451,-7.8119,30.782,-8.1247,-22.503,-12.674,1.3105,7.3598,53.784,18.737
21.795,-3.0196,-26.124,-4.2026,27.898,-8.9357,-22.99,-14.635,-1.2869,3.1752,49.746,14.519
16.099,-4.6997,-25.35,-1.5314,24.861,-9.4937,-23.368,-16.659,-3.6518,-0.42583,45.581,10.76
11.221,-6.1267,-24.158,0.59859,21.729,-9.8651,-23.645,-18.748,-5.8599,-3.531,41.375,7.4826
6.9639,-7.4694,-22.611,2.4922,18.457,-10.131,-23.832,-20.903,-7.9929,-6.2633,37.161,4.6163
3.2022,-8.8085,-20.807,4.2632,15.028,-10.358,-23.942,-23.115,-10.119,-8.7341,32.889,2.0785
0.03343,-10.114,-18.884,5.8645,11.574,-10.569,-23.975,-25.348,-12.275,-11.044,28.425,-0.17948
-2.3741,-11.272,-17.001,7.1774,8.3647,-10.737,-23.925,-27.545,-14.451,-13.288,23.597,-2.1659
-3.9586,-12.146,-15.275,8.1036,5.6725,-10.813,-23.777,-29.61,-16.592,-15.551,18.345,-3.8679
-4.8247,-12.656,-13.707,8.6251,3.6379,-10.746,-23.529,-31.454,-18.622,-17.879,12.934,-5.2763
-5.2095,-12.823,-12.172,8.8255,2.1976,-10.522,-23.192,-33.025,-20.486,-20.262,7.987,-6.4002
-5.417,-12.771,-10.51,8.8736,1.1194,-10.169,-22.792,-34.327,-22.177,-22.652,4.0675,-7.2697
-5.742,-12.687,-8.6784,8.9756,0.12607,-9.7544,-22.35,-35.41,-23.738,-24.992,1.2873,-7.9334
-6.39,-12.747,-6.7911,9.3054,-0.97969,-9.3624,-21.873,-36.349,-25.239,-27.26,-0.59672,-8.4567
-7.4129,-13.066,-5.035,9.9421,-2.2463,-9.0708,-21.34,-37.234,-26.748,-29.481,-1.8996,-8.9073
-8.6975,-13.664,-3.5628,10.846,-3.5832,-8.9351,-20.711,-38.149,-28.32,-31.728,-2.8598,-9.3494
-10.017,-14.471,-2.4516,11.884,-4.8213,-8.9777,-19.929,-39.166,-29.979,-34.087,-3.6318,-9.8313
-11.113,-15.353,-1.7093,12.89,-5.7858,-9.1818,-18.939,-40.328,-31.712,-36.609,-4.3046,-10.374
-11.788,-16.139,-1.2922,13.707,-6.358,-9.4909,-17.707,-41.633,-33.461,-39.255,-4.919,-10.969
-11.971,-16.674,-1.1189,14.233,-6.5179,-9.823,-16.242,-43.026,-35.134,-41.879,-5.4838,-11.579
-11.746,-16.887,-1.0859,14.449,-6.355,-10.1,-14.608,-44.41,-36.641,-44.283,-5.9925,-12.155
-11.333,-16.841,-1.0858,14.44,-6.0535,-10.285,-12.906,-45.678,-37.92,-46.307,-6.4378,-12.654
-11.035,-16.736,-1.0277,14.408,-5.8502,-10.397,-11.25,-46.749,-38.96,-47.886,-6.824,-13.05
-11.158,-16.83,-0.85464,14.613,-5.962,-10.501,-9.7281,-47.586,-39.794,-49.054,-7.1712,-13.351
-11.905,-17.333,-0.55564,15.265,-6.5161,-10.669,-8.3881,-48.201,-40.49,-49.908,-7.5097,-13.592
-13.296,-18.316,-0.16122,16.418,-7.5122,-10.947,-7.2354,-48.641,-41.123,-50.571,-7.8698,-13.813
-15.151,-19.682,0.27451,17.943,-8.8208,-11.32,-6.2552,-48.973,-41.766,-51.148,-8.2712,-14.043
-17.139,-21.192,0.69231,19.571,-10.213,-11.717,-5.4371,-49.277,-42.47,-51.712,-8.7199,-14.289
-18.85,-22.517,1.038,20.97,-11.41,-12.033,-4.7892,-49.62,-43.262,-52.295,-9.2094,-14.544
-19.887,-23.322,1.2702,21.818,-12.15,-12.167,-4.3335,-50.058,-44.135,-52.897,-9.7229,-14.794
-19.989,-23.379,1.371,21.892,-12.274,-12.057,-4.0907,-50.612,-45.057,-53.488,-10.238,-15.023
-19.159,-22.659,1.3562,21.162,-11.785,-11.702,-4.0662,-51.258,-45.987,-54.022,-10.732,-15.222
-17.678,-21.347,1.2765,19.836,-10.865,-11.159,-4.247,-51.943,-46.889,-54.464,-11.188,-15.388
-16.016,-19.778,1.2082,18.302,-9.8158,-10.533,-4.6107,-52.598,-47.745,-54.802,-11.603,-15.521
-14.672,-18.329,1.2341,16.985,-8.9607,-9.9367,-5.1397,-53.165,-48.551,-55.051,-11.986,-15.619
-14.008,-17.301,1.42,16.209,-8.5315,-9.4584,-5.8335,-53.605,-49.312,-55.238,-12.355,-15.68
-14.152,-16.832,1.7937,16.097,-8.6026,-9.1349,-6.7121,-53.895,-50.024,-55.383,-12.716,-15.693
-14.974,-16.885,2.3332,16.557,-9.0965,-8.9453,-7.8088,-54.036,-50.673,-55.493,-13.06,-15.648
-16.122,-17.281,2.9689,17.334,-9.8585,-8.8302,-9.1503,-54.047,-51.239,-55.557,-13.36,-15.534
-17.195,-17.791,3.6036,18.129,-10.725,-8.7276,-10.731,-53.969,-51.717,-55.554,-13.587,-15.356
-17.967,-18.227,4.1406,18.733,-11.527,-8.6088,-12.497,-53.856,-52.131,-55.462,-13.723,-15.135
-18.417,-18.523,4.5076,19.093,-12.12,-8.4969,-14.349,-53.76,-52.533,-55.283,-13.78,-14.909
-18.629,-18.741,4.665,19.292,-12.458,-8.4621,-16.169,-53.719,-52.989,-55.075,-13.798,-14.725
-18.745,-19.01,4.6049,19.484,-12.594,-8.5923,-17.846,-53.745,-53.559,-54.936,-13.836,-14.636
-18.912,-19.439,4.3497,19.804,-12.615,-8.9498,-19.3,-53.812,-54.259,-54.967,-13.944,-14.684
-19.216,-20.045,3.9516,20.298,-12.589,-9.5294,-20.492,-53.849,-55.031,-55.194,-14.129,-14.881
-19.638,-20.737,3.4741,20.898,-12.539,-10.241,-21.417,-53.758,-55.743,-55.53,-14.326,-15.182
-20.072,-21.352,2.9655,21.446,-12.456,-10.934,-22.104,-53.457,-56.239,-55.782,-14.389,-15.478
-20.355,-21.721,2.4774,21.758,-12.303,-11.453,-22.618,-52.944,-56.417,-55.712,-14.118,-15.6
-20.299,-21.739,2.0796,21.689,-12.01,-11.718,-23.081,-52.349,-56.28,-55.108,-13.321,-15.356
-19.749,-21.41,1.7411,21.18,-11.471,-11.755,-23.681,-51.954,-55.935,-53.867,-11.898,-14.596
-18.659,-20.852,1.2275,20.278,-10.581,-11.703,-24.674,-52.15,-55.579,-52.23,-10.035,-13.277
-17.107,-20.252,0.21395,19.115,-9.2634,-11.786,-26.35,-53.342,-55.495,-51.424,-12.806,-11.559
-15.26,-19.786,-1.6731,17.851,-7.4642,-12.249,-28.96,-55.833,-56.025,-53.146,-30.939,-10.858
-13.359,-19.53,-6.0891,16.608,-5.1527,-13.255,-31.779,-59.792,-57.532,-56.396,-37.036,-22.954
-12.081,-19.4,-14.649,15.453,-4.8009,-14.874,-29.504,-65.387,-60.46,-58.634,-38.88,-39.729
-16.44,-19.182,-20.374,14.486,-5.512,-18.118,-26.912,-71.628,-65.412,-58.321,-35.15,-42.34
-25.884,-18.608,-22.057,14.268,-5.437,-21.745,-25.17,-72.221,-69.476,-54.473,-24.021,-39.587
-27.093,-17.471,-19.008,17.913,-7.1335,-17.815,-24.702,-68.975,-65.466,-46.375,-5.0279,-30.409
-26.499,-15.696,-12.161,26.242,-9.6908,-10.917,-27.38,-67.34,-58.407,-34.141,21.163,-13.812
-23.122,-13.311,-4.3933,23.194,-10.989,-4.1457,-35.549,-70.738,-52.837,-19.176,53.221,10.083
-15.158,-10.211,-0.97997,14.952,-7.7767,-0.96448,-51.515,-82.343,-52.128,-3.79,89.373,40.072
-0.71309,-5.2076,-8.2536,5.0075,3.8494,-4.8353,-76.557,-103.75,-59.456,9.7211,127.43,74.173
21.91,-4.1754,-30.774,-6.5106,27.29,-18.392,-110.0,-134.28,-76.633,20.133,165.55,110.52
54.142,-9.198,-70.895,-20.151,63.778,-42.14,-150.39,-172.34,-103.52,27.821,201.6,148.26
96.252,-16.419,-126.57,-37.05,112.02,-73.989,-196.82,-217.16,-138.39,32.675,237.21,187.8
147.25,-22.273,-187.78,-58.842,168.8,-108.25,-248.63,-269.64,-179.02,33.866,275.97,230.88
206.15,-22.427,-248.37,-87.042,229.65,-138.72,-305.75,-332.6,-223.73,33.225,312.73,281.13
271.68,-13.349,-302.53,-123.16,290.29,-159.93,-368.8,-410.43,-271.55,34.495,350.24,340.23
341.64,6.4385,-346.01,-168.82,347.43,-168.5,-439.02,-508.02,-322.24,35.321,390.38,406.16
413.33,37.913,-376.16,-223.22,398.43,-164.91,-517.35,-628.42,-376.67,20.676,438.77,482.11
484.46,83.998,-391.81,-284.83,440.98,-148.39,-603.82,-770.63,-436.3,17.346,499.5,570.17
552.31,146.58,-392.06,-352.26,473.28,-117.99,-696.68,-930.86,-501.79,24.427,573.76,668.92
613.59,222.62,-376.22,-422.88,494.21,-73.824,-791.64,-1102.5,-572.75,39.943,658.67,773.89
665.93,307.97,-345.38,-493.32,503.84,-17.865,-883.26,-1276.2,-649.32,64.434,746.1,876.89
708.78,396.18,-303.94,-559.6,504.07,45.009,-967.0,-1443.1,-733.15,90.98,822.89,966.34
742.2,477.25,-259.71,-616.73,498.4,106.55,-1040.1,-1598.0,-827.16,105.69,872.78,1028.7
764.95,538.66,-222.54,-658.29,490.97,155.93,-1101.1,-1737.9,-933.8,96.915,880.18,1050.8
773.48,567.75,-201.57,-676.64,484.68,182.22,-1148.1,-1859.3,-1051.9,57.985,835.0,1023.5
762.23,555.85,-201.1,-664.86,478.97,178.28,-1178.2,-1955.8,-1174.0,-11.709,736.47,944.21
725.71,502.18,-217.45,-619.87,469.16,144.61,-1187.3,-2019.0,-1286.9,-105.17,594.28,819.19
661.46,415.27,-239.46,-544.81,448.08,90.414,-1172.1,-2041.2,-1375.1,-209.07,425.92,662.48
571.29,310.78,-252.93,-448.6,409.23,30.406,-1131.4,-2018.5,-1427.3,-309.86,251.51,492.42
461.35,206.11,-247.22,-342.84,350.46,-21.032,-1067.5,-1953.6,-1439.8,-398.45,88.11,326.76
341.66,114.32,-219.82,-238.29,275.99,-55.106,-986.04,-1854.7,-1418.1,-472.44,-53.892,178.41
223.88,41.074,-176.39,-142.68,194.96,-70.767,-894.43,-1733.5,-1373.7,-535.06,-171.59,53.502
117.47,-14.711,-127.19,-59.673,117.49,-73.37,-800.04,-1602.1,-1319.3,-591.81,-267.84,-47.822
27.126,-58.227,-82.45,10.8,50.958,-71.286,-708.72,-1471.0,-1264.6,-646.46,-348.08,-129.4
-47.075,-95.409,-49.068,70.28,-1.2722,-71.791,-624.61,-1348.3,-1215.0,-698.72,-416.78,-196.54
-107.12,-130.4,-29.772,120.0,-38.753,-78.126,-550.93,-1240.7,-1171.6,-746.43,-475.61,-252.87
-152.98,-164.78,-23.763,161.37,-62.928,-90.56,-490.46,-1153.3,-1133.2,-786.3,-523.56,-299.33
-184.1,-198.14,-27.991,195.21,-76.564,-108.68,-444.99,-1086.1,-1097.3,-813.67,-558.13,-335.38
-203.08,-229.24,-38.915,221.12,-82.36,-130.76,-414.47,-1034.5,-1061.5,-825.17,-577.56,-360.55
-212.85,-256.64,-53.755,238.67,-80.832,-154.23,-396.93,-992.78,-1024.2,-820.23,-582.35,-375.18
-214.1,-278.33,-70.772,248.5,-72.801,-175.87,-389.61,-957.14,-984.16,-800.59,-574.93,-380.37
-207.47,-293.16,-89.446,252.1,-60.851,-194.03,-390.08,-923.85,-941.05,-769.76,-558.38,-377.54
-195.75,-302.59,-109.58,250.88,-45.063,-208.49,-395.36,-889.56,-895.13,-731.89,-535.76,-368.51
-181.07,-307.85,-129.87,246.26,-27.071,-219.18,-401.16,-852.23,-847.58,-690.66,-509.73,-355.6
-165.43,-308.78,-147.31,239.23,-11.009,-226.24,-402.7,-810.82,-799.26,-648.52,-481.93,-340.32
-150.14,-304.73,-157.82,229.61,1.6751,-229.25,-396.25,-764.58,-750.01,-606.6,-452.79,-323.01
-135.35,-295.04,-161.91,217.54,10.888,-226.91,-380.45,-712.9,-698.72,-564.89,-422.03,-303.76
-122.18,-279.33,-160.77,203.23,16.604,-218.2,-356.29,-655.66,-644.01,-522.69,-389.6,-282.8
-110.56,-257.97,-153.55,186.9,18.011,-203.49,-325.82,-593.39,-585.21,-479.21,-355.81,-260.49
-100.21,-232.58,-140.91,169.25,13.355,-184.39,-291.02,-527.61,-523.11,-434.14,-321.24,-237.23
-90.892,-205.6,-124.47,151.28,4.5314,-162.91,-253.97,-460.84,-459.9,-388.12,-286.73,-213.45
-82.328,-179.04,-105.95,133.82,-1.171,-140.83,-217.11,-396.08,-398.44,-342.7,-253.25,-189.71
-74.207,-153.92,-87.073,117.17,-3.8818,-119.48,-182.68,-335.91,-341.43,-299.42,-221.65,-166.81
-66.476,-130.62,-69.439,101.54,-5.5184,-99.569,-152.11,-281.95,-290.78,-259.4,-192.53,-145.49
-59.243,-109.38,-54.247,87.208,-6.4742,-81.469,-125.65,-234.78,-247.28,-223.33,-166.29,-126.12
-52.056,-90.488,-41.737,74.424,-6.8207,-65.44,-102.61,-194.15,-210.7,-191.58,-143.12,-108.82
-44.03,-74.197,-31.656,63.303,-6.7409,-51.77,-82.882,-159.34,-180.09,-164.34,-123.11,-93.569
-35.644,-60.54,-23.958,53.806,-6.4716,-40.649,-67.003,-129.48,-154.2,-141.58,-106.3,-80.377
-28.538,-49.326,-18.285,45.796,-6.2452,-31.974,-54.526,-103.75,-131.87,-123.02,-92.48,-69.239
-23.446,-40.318,-13.909,39.003,-6.2641,-25.366,-44.223,-81.396,-112.21,-108.11,-81.232,-60.025
-20.147,-33.15,-10.324,32.936,-6.6365,-20.369,-35.034,-61.788,-94.665,-96.109,-71.898,-52.374
-18.095,-27.1,-7.5269,27.114,-7.3449,-16.456,-26.354,-44.492,-78.958,-86.132,-63.723,-45.692
-16.773,-21.357,-5.8425,21.813,-8.2835,-13.018,-18.127,-29.257,-65.058,-77.272,-56.025,-39.307
-15.884,-16.745,-4.9268,18.004,-9.3173,-9.903,-11.744,-16.169,-53.173,-68.853,-48.432,-32.632
-15.298,-14.128,-2.538,15.725,-10.32,-7.512,-9.31,-7.3064,-43.661,-60.667,-41.1,-25.562
-14.883,-12.083,0.22529,14.235,-11.188,-5.2943,-7.9013,-6.1963,-36.97,-53.065,-34.638,-19.734
-14.475,-10.047,2.4561,13.02,-11.86,-3.078,-5.4293,-6.5375,-33.155,-47.061,-29.743,-15.958
-13.984,-8.0441,4.2162,11.891,-12.334,-0.99676,-2.7696,-5.0062,-29.655,-43.554,-26.534,-13.495
-13.42,-6.1801,5.6364,10.83,-12.647,0.84548,-0.41,-2.8782,-25.38,-41.54,-24.196,-11.774
-12.843,-4.5319,6.7953,9.8768,-12.838,2.4183,1.6067,-0.73449,-21.224,-39.499,-22.269,-10.52
-12.299,-3.0982,7.7509,9.0534,-12.924,3.7715,3.382,1.3717,-17.625,-36.966,-20.613,-9.5647
-11.79,-1.8093,8.5561,8.3381,-12.913,4.9999,5.0396,3.5422,-14.58,-34.0,-19.124,-8.777
-11.291,-0.58497,9.2583,7.6883,-12.815,6.1838,6.662,5.9059,-11.972,-30.744,-17.724,-8.0615
-10.784,0.60903,9.89,7.0737,-12.656,7.3411,8.2595,8.5587,-9.7163,-27.418,-16.398,-7.3726
-10.279,1.7422,10.457,6.4968,-12.472,8.4218,9.7776,11.518,-7.7676,-24.316,-15.185,-6.7164
-9.8105,2.7508,10.934,5.9816,-12.294,9.3485,11.137,14.7,-6.0977,-21.661,-14.144,-6.1335
-9.4028,3.5929,11.277,5.5435,-12.131,10.067,12.284,17.943,-4.672,-19.524,-13.316,-5.6688
-9.0568,4.2803,11.452,5.1726,-11.982,10.574,13.23,21.093,-3.4403,-17.842,-12.704,-5.3433
-8.7579,4.8651,11.465,4.8451,-11.835,10.909,14.048,24.083,-2.3391,-16.49,-12.279,-5.1406
-8.4975,5.3953,11.356,4.5482,-11.692,11.131,14.836,26.95,-1.3044,-15.336,-11.989,-5.0133
-8.2863,5.8662,11.171,4.297,-11.561,11.272,15.666,29.797,-0.28997,-14.279,-11.786,-4.9044
-8.1506,6.1975,10.937,4.1338,-11.462,11.315,16.551,32.725,0.71918,-13.267,-11.631,-4.7683
-8.1149,6.2658,10.652,4.1064,-11.409,11.202,17.452,35.795,1.7069,-12.292,-11.502,-4.581
-8.1783,5.9903,10.297,4.231,-11.397,10.878,18.309,39.025,2.6405,-11.372,-11.386,-4.3368
-8.296,5.4167,9.858,4.4617,-11.399,10.34,19.089,42.406,3.4987,-10.527,-11.267,-4.0352
-8.3868,4.7242,9.34,4.6991,-11.362,9.6594,19.816,45.934,4.3008,-9.7561,-11.12,-3.6672
-8.3685,4.1429,8.7691,4.838,-11.235,8.9646,20.57,49.603,5.1176,-9.0366,-10.917,-3.2094
-8.2024,3.8476,8.1806,4.8195,-10.991,8.3891,21.461,53.39,6.0552,-8.3281,-10.634,-2.6314
-7.9236,3.8889,7.6015,4.6623,-10.643,8.0067,22.569,57.232,7.2171,-7.5903,-10.272,-1.9107
-7.6351,4.1732,7.0386,4.4609,-10.243,7.793,23.904,61.036,8.6628,-6.8004,-9.8527,-1.0492
-7.4614,4.4931,6.4787,4.3458,-9.8675,7.6378,25.393,64.695,10.372,-5.9633,-9.415,-0.081065
-7.4825,4.6078,5.8976,4.4185,-9.5733,7.4014,26.909,68.124,12.227,-5.1091,-8.9972,0.93246
-7.6831,4.3629,5.2758,4.6901,-9.3645,6.9871,28.328,71.271,14.045,-4.281,-8.6213,1.9233
-7.9301,3.7992,4.6134,5.0487,-9.174,6.3962,29.588,74.128,15.647,-3.5176,-8.2821,2.8447
-7.9958,3.1677,3.9369,5.2764,-8.8868,5.7373,30.721,76.727,16.948,-2.837,-7.9494,3.6917
-7.6435,2.8149,3.2945,5.128,-8.395,5.1795,31.844,79.134,17.989,-2.2304,-7.5838,4.4997
-6.7425,3.0128,2.7401,4.4464,-7.6552,4.876,33.103,81.423,18.901,-1.6725,-7.158,5.3212
-5.3463,3.8402,2.3169,3.2493,-6.7204,4.8997,34.622,83.656,19.843,-1.1362,-6.671,6.1983
-3.6936,5.1677,2.0444,1.736,-5.7279,5.2247,36.441,85.863,20.943,-0.60064,-6.1474,7.1467
-2.1321,6.7374,1.9125,0.21526,-4.8545,5.7502,38.513,88.051,22.278,-0.049426,-5.6241,8.1562
-0.99927,8.2826,1.8834,-1.0095,-4.2557,6.3483,40.736,90.205,23.872,0.53581,-5.1343,9.1988
-0.50596,9.6287,1.9056,-1.7532,-4.0166,6.9119,43.008,92.312,25.702,1.1788,-4.6944,10.242
-0.66435,10.746,1.9345,-2.0218,-4.1308,7.3892,45.25,94.361,27.721,1.9075,-4.2987,11.264
-1.2727,11.747,1.9536,-2.0272,-4.5063,7.7977,47.404,96.356,29.871,2.7502,-3.9201,12.264
-1.9643,12.837,1.9821,-2.1298,-4.9872,8.2177,49.427,98.318,32.103,3.7315,-3.5181,13.27
-2.321,14.259,2.0669,-2.7198,-5.392,8.7707,51.307,100.29,34.38,4.8679,-3.0523,14.336
-2.0059,16.242,2.26,-4.0862,-5.5678,9.5785,53.056,102.31,36.681,6.1624,-2.4985,15.522
-0.86322,18.9,2.5927,-6.3224,-5.4351,10.709,54.682,104.41,38.987,7.5975,-1.8596,16.874
1.0443,22.151,3.0552,-9.2958,-4.994,12.142,56.155,106.6,41.269,9.1391,-1.1651,18.39
3.4922,25.749,3.5918,-12.717,-4.3001,13.772,57.399,108.88,43.501,10.752,-0.46013,20.02
6.2051,29.38,4.116,-16.274,-3.4379,15.456,58.317,111.24,45.669,12.419,0.21109,21.686
8.9225,32.757,4.5438,-19.714,-2.5108,17.053,58.84,113.69,47.778,14.15,0.8241,23.328
11.417,35.683,4.8313,-22.864,-1.6351,18.457,58.962,116.27,49.849,15.973,1.3873,24.942
13.52,38.069,4.9968,-25.634,-0.9258,19.618,58.736,119.03,51.911,17.919,1.9405,26.576
15.174,39.935,5.1106,-28.029,-0.47179,20.545,58.253,122.01,53.995,20.002,2.538,28.303
16.473,41.376,5.261,-30.15,-0.31296,21.292,57.603,125.24,56.125,22.204,3.2248,30.17
17.661,42.533,5.517,-32.148,-0.42749,21.945,56.844,128.71,58.309,24.477,4.0234,32.172
19.065,43.558,5.9023,-34.147,-0.73172,22.599,55.998,132.41,60.546,26.759,4.9392,34.254
20.944,44.583,6.3873,-36.166,-1.0991,23.333,55.072,136.33,62.828,28.999,5.9786,36.345
23.307,45.683,6.9007,-38.109,-1.3998,24.181,54.081,140.44,65.147,31.16,7.1632,38.382
25.887,46.858,7.3575,-39.861,-1.5458,25.129,53.055,144.75,67.493,33.204,8.532,40.329
28.359,48.052,7.6877,-41.353,-1.5112,26.14,52.038,149.27,69.86,35.095,10.137,42.183
30.574,49.21,7.8531,-42.573,-1.3097,27.195,51.086,154.0,72.246,36.812,12.034,43.969
32.601,50.351,7.8536,-43.585,-0.94964,28.317,50.278,158.97,74.663,38.357,14.267,45.728
34.633,51.609,7.7282,-44.528,-0.41632,29.568,49.709,164.19,77.137,39.755,16.827,47.49
36.836,53.186,7.5502,-45.573,0.30286,31.018,49.433,169.64,79.701,41.031,19.611,49.26
39.249,55.248,7.4086,-46.856,1.1857,32.694,49.432,175.27,82.373,42.197,22.426,51.016
41.784,57.811,7.3832,-48.423,2.1659,34.55,49.629,181.0,85.135,43.255,25.058,52.72
44.317,60.709,7.5221,-50.228,3.1473,36.486,49.928,186.72,87.921,44.203,27.363,54.345
46.755,63.7,7.8379,-52.163,4.0309,38.408,50.246,192.36,90.633,45.051,29.315,55.88
49.053,66.603,8.319,-54.117,4.7467,40.275,50.525,197.91,93.184,45.818,30.999,57.342
51.199,69.382,8.9382,-56.027,5.2864,42.097,50.724,203.39,95.521,46.534,32.568,58.772
53.209,72.138,9.6464,-57.91,5.7197,43.915,50.814,208.88,97.655,47.227,34.192,60.231
55.111,75.067,10.372,-59.869,6.1807,45.788,50.773,214.44,99.646,47.923,36.008,61.798
56.931,78.379,11.037,-62.073,6.8243,47.779,50.596,220.13,101.59,48.639,38.078,63.579
58.685,82.174,11.591,-64.749,7.775,49.933,50.308,225.93,103.56,49.381,40.359,65.701
60.387,86.368,12.029,-68.133,9.0946,52.256,49.955,231.75,105.62,50.141,42.72,68.303
62.099,90.722,12.397,-72.306,10.773,54.717,49.593,237.46,107.75,50.903,45.013,71.485
63.988,94.987,12.765,-76.984,12.731,57.269,49.252,242.94,109.89,51.645,47.125,75.222
66.294,99.036,13.185,-81.621,14.831,59.856,48.926,248.12,111.93,52.347,49.001,79.326
69.177,102.91,13.655,-85.858,16.922,62.435,48.576,252.93,113.77,52.986,50.645,83.53
72.604,106.79,14.116,-89.763,18.926,64.985,48.148,257.32,115.32,53.548,52.098,87.645
76.474,110.95,14.485,-93.686,20.896,67.511,47.593,261.27,116.57,54.029,53.425,91.622
80.788,115.6,14.702,-98.023,22.985,70.022,46.872,264.76,117.51,54.431,54.687,95.506
85.677,120.81,14.748,-103.03,25.349,72.513,45.956,267.8,118.18,54.759,55.923,99.372
91.268,126.45,14.643,-108.73,28.065,74.956,44.821,270.39,118.62,55.008,57.143,103.28
97.52,132.22,14.421,-114.89,31.093,77.305,43.457,272.53,118.86,55.169,58.338,107.28
104.17,137.8,14.126,-121.11,34.297,79.515,41.87,274.28,118.93,55.224,59.493,111.42
110.83,142.93,13.794,-127.0,37.491,81.562,40.089,275.7,118.87,55.162,60.602,115.71
117.21,147.56,13.45,-132.39,40.508,83.463,38.153,276.88,118.72,54.982,61.674,120.16
123.16,151.8,13.097,-137.28,43.242,85.272,36.095,277.87,118.51,54.694,62.729,124.73
128.66,155.87,12.721,-141.84,45.676,87.068,33.921,278.71,118.23,54.322,63.79,129.35
133.78,160.04,12.302,-146.29,47.876,88.915,31.607,279.35,117.87,53.889,64.87,134.01
138.64,164.49,11.823,-150.82,49.994,90.804,29.109,279.74,117.34,53.412,65.97,138.73
143.38,169.27,11.282,-155.54,52.238,92.638,26.382,279.8,116.56,52.89,67.056,143.58
148.11,174.07,10.693,-160.38,54.796,94.27,23.407,279.43,115.38,52.302,68.063,148.54
152.66,178.3,10.078,-164.94,57.667,95.594,20.217,278.6,113.7,51.614,68.912,153.52
156.63,181.54,9.4612,-168.73,60.537,96.595,16.895,277.25,111.43,50.793,69.548,158.33
159.71,183.78,8.8596,-171.53,62.978,97.325,13.55,275.35,108.53,49.818,69.97,162.8
161.97,185.3,8.2763,-173.51,64.829,97.867,10.29,272.85,105.02,48.686,70.229,166.88
163.74,186.46,7.7028,-175.04,66.259,98.312,7.1899,269.68,100.99,47.412,70.411,170.57
165.43,187.6,7.1247,-176.48,67.561,98.746,4.2883,265.8,96.586,46.03,70.614,173.97
167.4,188.9,6.528,-178.13,69.014,99.235,1.5827,261.15,92.016,44.592,70.917,177.16
169.9,190.47,5.906,-180.14,70.822,99.815,-0.96097,255.75,87.482,43.142,71.362,180.18
173.03,192.32,5.2651,-182.57,73.076,100.49,-3.3991,249.6,83.128,41.696,71.936,183.03
176.71,194.41,4.6256,-185.36,75.725,101.24,-5.8017,242.69,79.003,40.224,72.57,185.69
180.77,196.66,4.0148,-188.41,78.611,102.02,-8.2422,235.01,75.073,38.648,73.159,188.12
184.95,199.0,3.4552,-191.58,81.535,102.77,-10.783,226.54,71.262,36.879,73.593,190.29
189.02,201.33,2.9538,-194.69,84.334,103.44,-13.458,217.33,67.488,34.848,73.798,192.19
192.75,203.52,2.4992,-197.55,86.877,103.98,-16.262,207.52,63.683,32.541,73.758,193.83
195.85,205.4,2.0679,-199.9,89.02,104.36,-19.145,197.26,59.781,30.006,73.51,195.25
197.96,206.69,1.6369,-201.47,90.586,104.49,-22.033,186.73,55.712,27.346,73.113,196.44
198.73,207.09,1.1955,-201.95,91.394,104.29,-24.838,176.08,51.391,24.685,72.614,197.39
198.02,206.36,0.74807,-201.21,91.335,103.65,-27.479,165.44,46.724,22.136,72.004,198.04
196.03,204.53,0.30887,-199.37,90.445,102.57,-29.884,154.87,41.653,19.775,71.226,198.29
193.14,201.85,-0.10622,-196.74,88.914,101.13,-32.001,144.37,36.214,17.649,70.214,198.06
189.71,198.61,-0.48513,-193.55,86.996,99.417,-33.796,133.91,30.6,15.787,68.939,197.28
185.91,194.96,-0.82187,-189.96,84.89,97.509,-35.259,123.5,25.119,14.212,67.41,195.88
181.82,190.96,-1.1183,-186.01,82.695,95.421,-36.389,113.22,20.076,12.926,65.653,193.81
177.46,186.57,-1.3836,-181.72,80.431,93.147,-37.19,103.32,15.654,11.912,63.694,190.99
172.77,181.74,-1.6287,-177.02,78.09,90.659,-37.662,94.163,11.898,11.139,61.561,187.28
167.64,176.33,-1.8586,-171.78,75.672,87.924,-37.803,85.976,8.7595,10.569,59.281,182.56
162.02,170.27,-2.0688,-165.92,73.203,84.919,-37.622,78.784,6.1495,10.156,56.877,176.83
155.98,163.58,-2.2516,-159.49,70.712,81.652,-37.143,72.418,3.9734,9.8436,54.366,170.28
149.73,156.54,-2.408,-152.77,68.207,78.171,-36.407,66.601,2.1508,9.5696,51.752,163.3
143.63,149.58,-2.5592,-146.24,65.666,74.543,-35.467,60.981,0.62051,9.2817,49.021,156.29
138.04,143.21,-2.7525,-140.36,63.065,70.832,-34.37,55.17,-0.66222,8.9523,46.121,149.44
133.06,137.57,-3.0576,-135.17,60.412,67.068,-33.149,48.878,-1.7325,8.5822,42.963,142.72
128.3,132.25,-3.5524,-130.25,57.733,63.225,-31.824,42.131,-2.6228,8.1865,39.427,135.94
123.15,126.59,-4.2995,-124.91,55.053,59.202,-30.413,35.33,-3.3696,7.7762,35.414,128.82
117.04,119.96,-5.3223,-118.61,52.373,54.87,-28.941,28.988,-4.0159,7.3513,30.932,121.23
109.75,112.07,-6.5949,-111.1,49.685,50.164,-27.451,23.435,-4.6073,6.9074,26.191,113.27
101.53,103.06,-8.0613,-102.63,47.021,45.176,-25.995,18.746,-5.1822,6.442,21.541,105.24
93.093,93.521,-9.6705,-93.785,44.452,40.1,-24.628,14.83,-5.7626,5.9469,17.262,97.541
85.208,84.097,-11.388,-85.216,42.023,35.082,-23.4,11.529,-6.3536,5.3937,13.403,90.391
78.302,75.188,-13.173,-77.3,39.707,30.171,-22.348,8.6763,-6.9495,4.7308,9.8469,83.788
72.358,66.92,-14.956,-70.1,37.445,25.366,-21.496,6.1373,-7.5469,3.9017,6.4554,77.564
67.029,59.171,-16.662,-63.412,35.165,20.635,-20.85,3.8194,-8.156,2.874,3.181,71.504
61.811,51.613,-18.248,-56.873,32.781,15.926,-20.41,1.6661,-8.8038,1.6546,0.084637,65.438
56.235,43.858,-19.703,-50.134,30.202,11.235,-20.16,-0.36004,-9.5271,0.28747,-2.7276,59.356
50.056,35.77,-21.03,-43.099,27.367,6.7011,-20.072,-2.2896,-10.357,-1.1602,-5.1999,53.443
43.35,27.674,-22.23,-35.981,24.307,2.5979,-20.106,-4.1479,-11.303,-2.6147,-7.3588,47.869
36.351,20.019,-23.307,-28.884,21.162,-0.8367,-20.213,-5.9524,-12.348,-4.0098,-9.2658,42.559
29.242,13.087,-24.274,-21.63,18.177,-3.5413,-20.347,-7.7117,-13.448,-5.2965,-10.967,37.293
22.363,7.2849,-25.147,-14.561,15.631,-5.6107,-20.475,-9.4296,-14.554,-6.4457,-12.484,31.922
16.423,2.9487,-25.922,-8.7144,13.701,-7.1851,-20.579,-11.11,-15.62,-7.4493,-13.83,26.457
11.955,-0.025703,-26.581,-4.6462,12.342,-8.3827,-20.661,-12.761,-16.621,-8.3188,-15.019,21.054
8.8185,-2.0139,-27.094,-2.0647,11.32,-9.2981,-20.735,-14.395,-17.549,-9.0813,-16.076,15.975
6.5002,-3.4022,-27.439,-0.41123,10.353,-10.016,-20.823,-16.021,-18.418,-9.7701,-17.026,11.491
4.5848,-4.4775,-27.616,0.74428,9.2673,-10.609,-20.945,-17.637,-19.249,-10.411,-17.89,7.7669
2.9439,-5.3995,-27.659,1.6283,8.0781,-11.127,-21.105,-19.224,-20.06,-11.013,-18.679,4.7947
1.6441,-6.2143,-27.631,2.3197,6.9606,-11.587,-21.287,-20.74,-20.848,-11.56,-19.381,2.4572
0.76224,-6.8964,-27.6,2.8294,6.1131,-11.977,-21.46,-22.135,-21.598,-12.023,-19.972,0.61655
0.28558,-7.4079,-27.606,3.1609,5.6317,-12.286,-21.599,-23.377,-22.295,-12.378,-20.435,-0.83935
0.10862,-7.7521,-27.646,3.3492,5.4689,-12.518,-21.697,-24.468,-22.948,-12.621,-20.77,-1.9977
0.055942,-7.9962,-27.682,3.4785,5.461,-12.696,-21.771,-25.449,-23.585,-12.777,-21.002,-2.9335
-0.080277,-8.249,-27.663,3.6644,5.3946,-12.858,-21.849,-26.376,-24.249,-12.885,-21.173,-3.713
-0.47237,-8.612,-27.555,4.0075,5.0953,-13.038,-21.953,-27.285,-24.964,-12.987,-21.323,-4.3875
-1.1778,-9.1315,-27.354,4.5403,4.5062,-13.256,-22.086,-28.171,-25.721,-13.106,-21.478,-4.9881
-2.104,-9.78,-27.095,5.2067,3.7085,-13.512,-22.229,-28.983,-26.476,-13.241,-21.639,-5.5264
-3.0503,-10.468,-26.825,5.8829,2.8708,-13.786,-22.354,-29.641,-27.165,-13.366,-21.787,-5.9991
-3.7977,-11.081,-26.584,6.4299,2.1677,-14.04,-22.437,-30.074,-27.727,-13.449,-21.889,-6.3927
-4.1946,-11.524,-26.385,6.7477,1.7176,-14.236,-22.47,-30.243,-28.131,-13.462,-21.915,-6.6912
-4.2102,-11.76,-26.234,6.8136,1.5511,-14.346,-22.473,-30.17,-28.388,-13.403,-21.854,-6.8869
-3.9438,-11.824,-26.127,6.691,1.6018,-14.367,-22.482,-29.926,-28.544,-13.3,-21.718,-6.9894
-3.5881,-11.803,-26.032,6.506,1.7284,-14.312,-22.537,-29.604,-28.657,-13.193,-21.537,-7.0222
-3.3595,-11.793,-25.863,6.4013,1.7688,-14.192,-22.654,-29.271,-28.761,-13.117,-21.343,-7.0098
-3.429,-11.857,-25.495,6.4876,1.5898,-14.005,-22.816,-28.945,-28.852,-13.081,-21.15,-6.9625
-3.8765,-12.013,-24.798,6.8104,1.1156,-13.733,-22.971,-28.592,-28.887,-13.066,-20.945,-6.8715
-4.6737,-12.222,-23.679,7.3378,0.3422,-13.35,-23.059,-28.148,-28.804,-13.038,-20.699,-6.7152
-5.6919,-12.408,-22.097,7.9704,-0.66122,-12.834,-23.031,-27.555,-28.545,-12.961,-20.376,-6.4705
-6.7392,-12.475,-20.072,8.5712,-1.7692,-12.167,-22.859,-26.775,-28.066,-12.807,-19.948,-6.1211
-7.6169,-12.334,-17.686,9.0055,-2.8373,-11.348,-22.543,-25.81,-27.348,-12.562,-19.403,-5.6624
-8.1809,-11.933,-15.088,9.1812,-3.7493,-10.388,-22.111,-24.694,-26.404,-12.235,-18.748,-5.1035
-8.3847,-11.278,-12.467,9.076,-4.4521,-9.3194,-21.612,-23.493,-25.287,-11.851,-18.012,-4.4668
-8.2862,-10.433,-9.9851,8.7421,-4.9619,-8.1929,-21.101,-22.286,-24.078,-11.452,-17.235,-3.7846
-8.0178,-9.4965,-7.7222,8.2838,-5.3451,-7.0638,-20.625,-21.144,-22.863,-11.074,-16.457,-3.0928
-7.7364,-8.5693,-5.681,7.82,-5.6926,-5.9785,-20.213,-20.115,-21.707,-10.745,-15.709,-2.4198
-7.5769,-7.7249,-3.8293,7.4474,-6.093,-4.9627,-19.872,-19.215,-20.642,-10.474,-15.006,-1.7901
-7.6189,-6.9958,-2.1289,7.2188,-6.6088,-4.0177,-19.594,-18.434,-19.669,-10.255,-14.348,-1.2184
-7.871,-6.3736,-0.5491,7.135,-7.2566,-3.1254,-19.368,-17.739,-18.775,-10.068,-13.724,-0.7079
-8.2714,-5.8206,0.91898,7.151,-7.9969,-2.2597,-19.181,-17.09,-17.936,-9.8929,-13.119,-0.25053
-8.7094,-5.2901,2.2554,7.1951,-8.7431,-1.4008,-19.03,-16.451,-17.133,-9.7114,-12.522,0.16928
-9.0644,-4.7497,3.4194,7.197,-9.3926,-0.54439,-18.915,-15.798,-16.353,-9.5179,-11.927,0.56763
-9.2521,-4.1939,4.3685,7.1168,-9.8672,0.30257,-18.842,-15.122,-15.588,-9.317,-11.342,0.95895
-9.257,-3.6398,5.0878,6.9581,-10.142,1.1348,-18.811,-14.429,-14.835,-9.118,-10.776,1.3604
-9.1363,-3.1114,5.6111,6.7636,-10.252,1.9585,-18.822,-13.731,-14.093,-8.9291,-10.24,1.7945
-8.9945,-2.6226,6.0155,6.5948,-10.275,2.7872,-18.869,-13.048,-13.365,-8.755,-9.7387,2.281
-8.9396,-2.1657,6.3945,6.5038,-10.301,3.6295,-18.949,-12.402,-12.661,-8.5975,-9.278,2.8321
-9.0374,-1.7079,6.8299,6.5037,-10.394,4.4825,-19.047,-11.808,-11.998,-8.454,-8.8619,3.4466
-9.2799,-1.1905,7.3738,6.5488,-10.576,5.3398,-19.132,-11.274,-11.395,-8.3151,-8.4891,4.1097
-9.5813,-0.53889,8.0371,6.5391,-10.822,6.2061,-19.153,-10.795,-10.869,-8.1655,-8.148,4.8059
-9.8032,0.31675,8.7888,6.3534,-11.075,7.0974,-19.051,-10.36,-10.437,-7.992,-7.8202,5.5251
-9.7981,1.4134,9.5696,5.8942,-11.257,8.0223,-18.779,-9.9612,-10.115,-7.7939,-7.4889,6.2612
-9.455,2.73,10.314,5.1236,-11.296,8.9667,-18.323,-9.5997,-9.9148,-7.5858,-7.1491,7.0081
-8.7377,4.1817,10.969,4.0792,-11.146,9.8917,-17.69,-9.2832,-9.8354,-7.392,-6.8092,7.7568
-7.7052,5.6355,11.506,2.8718,-10.801,10.747,-16.9,-9.0205,-9.857,-7.2348,-6.4863,8.4973
-6.5033,6.942,11.923,1.6611,-10.302,11.487,-15.961,-8.816,-9.9418,-7.1263,-6.2004,9.2197
-5.3276,7.9723,12.244,0.61639,-9.7331,12.082,-14.867,-8.6652,-10.047,-7.0653,-5.9651,9.9139
-4.3711,8.6537,12.51,-0.12598,-9.192,12.528,-13.6,-8.5521,-10.128,-7.0354,-5.7802,10.581
-3.7737,8.9948,12.763,-0.49475,-8.767,12.849,-12.142,-8.4492,-10.153,-7.0081,-5.6266,11.239
-3.5961,9.0842,13.018,-0.49249,-8.5132,13.081,-10.479,-8.3254,-10.107,-6.9517,-5.4703,11.921
-3.8265,9.0601,13.263,-0.17992,-8.4515,13.262,-8.6169,-8.1595,-9.9918,-6.8447,-5.2757,12.667
-4.41,9.0597,13.465,0.35142,-8.579,13.418,-6.5887,-7.9515,-9.8286,-6.6879,-5.0222,13.505
-5.2714,9.1624,13.596,1.0033,-8.8769,13.558,-4.4557,-7.7196,-9.6518,-6.5086,-4.7157,14.427
-6.3149,9.3524,13.654,1.6804,-9.3113,13.676,-2.3008,-7.5011,-9.5011,-6.3546,-4.3885,15.373
-7.4089,9.5326,13.657,2.2965,-9.8279,13.755,-0.21148,-7.3338,-9.4119,-6.2784,-4.0897,16.24
-8.3828,9.5949,13.626,2.7788,-10.346,13.772,1.7432,-7.2426,-9.4084,-6.3188,-3.8687,16.899
-9.0427,9.5021,13.566,3.0569,-10.756,13.709,3.5351,-7.2332,-9.5004,-6.487,-3.7593,17.247
-9.2021,9.3215,13.445,3.0384,-10.93,13.561,5.1828,-7.2912,-9.6826,-6.764,-3.7644,17.228
-8.7302,9.2028,13.217,2.6144,-10.754,13.346,6.7381,-7.387,-9.9357,-7.1087,-3.8505,16.854
-7.6113,9.306,12.843,1.7234,-10.173,13.104,8.2557,-7.4852,-10.228,-7.4721,-3.9581,16.197
-5.9783,9.7134,12.315,0.42424,-9.2227,12.876,9.7604,-7.5565,-10.519,-7.8136,-4.0269,15.364
-4.0969,10.372,11.665,-1.0882,-8.0346,12.688,11.231,-7.5872,-10.772,-8.1105,-4.0218,14.462
-2.3066,11.107,10.949,-2.5329,-6.8024,12.525,12.611,-7.5791,-10.952,-8.3585,-3.9427,13.579
-0.93956,11.688,10.232,-3.624,-5.7313,12.343,13.846,-7.5399,-11.035,-8.5645,-3.8164,12.783
-0.23467,11.93,9.5671,-4.1543,-4.9823,12.094,14.915,-7.4702,-11.0,-8.7359,-3.6774,12.119
-0.27138,11.756,8.9842,-4.0566,-4.6246,11.755,15.844,-7.3593,-10.84,-8.8752,-3.5514,11.61
-0.94537,11.218,8.4816,-3.4216,-4.6169,11.339,16.676,-7.1914,-10.569,-8.9805,-3.4467,11.244
-1.9969,10.456,8.0283,-2.4641,-4.8254,10.881,17.434,-6.9575,-10.227,-9.0544,-3.3568,10.969
-3.0827,9.635,7.585,-1.4585,-5.0713,10.423,18.102,-6.6641,-9.872,-9.0999,-3.2696,10.697
-3.8773,8.8942,7.1397,-0.66168,-5.1961,10.007,18.638,-6.3326,-9.5661,-9.1254,-3.1708,10.336
-4.1838,8.312,6.731,-0.23249,-5.124,9.663,18.992,-5.9953,-9.3556,-9.1439,-3.0476,9.821
-4.014,7.8962,6.4357,-0.17038,-4.894,9.408,19.135,-5.691,-9.2608,-9.1697,-2.8959,9.1338
-3.5758,7.6007,6.332,-0.32926,-4.6416,9.2345,19.079,-5.459,-9.2752,-9.2163,-2.7278,8.3035
-3.1549,7.3531,6.464,-0.51664,-4.5349,9.1129,18.873,-5.3307,-9.3705,-9.2938,-2.5707,7.3898
-2.985,7.0713,6.8206,-0.57596,-4.6974,8.998,18.598,-5.3126,-9.5034,-9.4071,-2.4564,6.4646
-3.1876,6.6716,7.3307,-0.40166,-5.1612,8.8382,18.343,-5.3818,-9.6272,-9.5541,-2.4054,5.5931
-3.7658,6.0913,7.8795,0.055292,-5.863,8.5882,18.18,-5.4926,-9.7044,-9.724,-2.4174,4.8175
-4.6162,5.325,8.3446,0.76494,-6.6721,8.2288,18.142,-5.5914,-9.7167,-9.896,-2.469,4.1511
-5.5612,4.4419,8.6328,1.6168,-7.4294,7.7781,18.225,-5.6324,-9.6668,-10.041,-2.5216,3.5828
-6.4022,3.5549,8.699,2.4591,-7.9883,7.2798,18.392,-5.5919,-9.5734,-10.132,-2.5375,3.0858
-6.9805,2.759,8.5435,3.1586,-8.251,6.7699,18.581,-5.4753,-9.4649,-10.158,-2.4976,2.6236
-7.2255,2.0825,8.1983,3.6497,-8.1929,6.2506,18.723,-5.3145,-9.3707,-10.133,-2.4115,2.1567
-7.1661,1.4856,7.7101,3.9454,-7.8603,5.6947,18.756,-5.1547,-9.3117,-10.085,-2.3114,1.6535
-6.903,0.90345,7.1254,4.1094,-7.3434,5.0724,18.651,-5.0356,-9.2917,-10.051,-2.2393,1.1026
-6.5581,0.29322,6.4763,4.2141,-6.7385,4.375,18.416,-4.9781,-9.2931,-10.056,-2.2239,0.51333
-6.2339,-0.35021,5.773,4.315,-6.119,3.6151,18.095,-4.9816,-9.2936,-10.11,-2.2682,-0.095777
-5.9935,-1.0082,5.0107,4.4448,-5.5248,2.8137,17.742,-5.03,-9.2735,-10.208,-2.3527,-0.71091
-5.8568,-1.6543,4.1941,4.6145,-4.971,1.9922,17.41,-5.1019,-9.2249,-10.331,-2.4498,-1.3276
-5.8039,-2.2558,3.3604,4.8099,-4.4607,1.1776,17.13,-5.177,-9.1505,-10.453,-2.5382,-1.9476
-5.7812,-2.7657,2.5735,4.9875,-3.9901,0.41373,16.917,-5.2391,-9.0572,-10.546,-2.6064,-2.5701
-5.7128,-3.1177,1.8956,5.0791,-3.5491,-0.23533,16.775,-5.2761,-8.9401,-10.582,-2.6481,-3.1817
-5.5152,-3.2405,1.3614,5.0088,-3.1169,-0.70421,16.703,-5.2792,-8.7811,-10.534,-2.6572,-3.7533
-5.1196,-3.0934,0.96745,4.7227,-2.6611,-0.95566,16.701,-5.2445,-8.5576,-10.392,-2.6316,-4.2513
-4.5045,-2.7083,0.66998,4.2246,-2.1511,-1.0115,16.746,-5.1788,-8.2602,-10.174,-2.5734,-4.6584
-3.7282,-2.2089,0.39479,3.5971,-1.5799,-0.95985,16.789,-5.1039,-7.9073,-9.9223,-2.4978,-4.9894
-2.9242,-1.7839,0.070443,2.9875,-0.98046,-0.93181,16.755,-5.0547,-7.5432,-9.6917,-2.4404,-5.2915
-2.2529,-1.6112,-0.32986,2.5506,-0.41989,-1.0447,16.576,-5.0655,-7.2202,-9.5298,-2.4406,-5.6265
-1.8288,-1.7662,-0.76926,2.373,0.026687,-1.3457,16.226,-5.1534,-6.9741,-9.4568,-2.5198,-6.0424
-1.6767,-2.1849,-1.1647,2.4341,0.30674,-1.7895,15.744,-5.3081,-6.8078,-9.4593,-2.6656,-6.5511
-1.7537,-2.7161,-1.4282,2.646,0.40299,-2.2722,15.215,-5.5036,-6.6919,-9.4997,-2.8394,-7.1251
-2.0045,-3.2252,-1.5079,2.9249,0.32487,-2.6915,14.728,-5.7113,-6.5808,-9.5342,-3.0016,-7.7121
-2.4001,-3.6607,-1.4096,3.2394,0.093066,-2.9976,14.343,-5.9113,-6.4337,-9.5318,-3.1294,-8.2555
-2.9453,-4.0638,-1.1927,3.6174,-0.27044,-3.2075,14.075,-6.0956,-6.2301,-9.486,-3.2192,-8.7161
-3.6666,-4.5372,-0.94713,4.1259,-0.74349,-3.3884,13.898,-6.268,-5.9764,-9.414,-3.2836,-9.0826
-4.5824,-5.197,-0.76237,4.8343,-1.2983,-3.628,13.757,-6.4425,-5.7021,-9.3472,-3.344,-9.3739
-5.6684,-6.119,-0.70177,5.7683,-1.895,-3.9985,13.593,-6.6377,-5.4511,-9.3206,-3.4285,-9.6297
-6.8262,-7.2827,-0.78811,6.8672,-2.4728,-4.519,13.356,-6.8656,-5.2605,-9.3557,-3.5635,-9.891
-7.8732,-8.5432,-1.0031,7.9699,-2.9456,-5.1315,13.039,-7.1187,-5.14,-9.4435,-3.7487,-10.177
-8.5827,-9.6527,-1.2991,8.8454,-3.205,-5.7108,12.688,-7.3637,-5.0657,-9.5437,-3.9505,-10.471
-8.7617,-10.34,-1.6162,9.2718,-3.1544,-6.1071,12.385,-7.5493,-4.9878,-9.5917,-4.1092,-10.726
-8.3332,-10.413,-1.8954,9.1215,-2.7633,-6.2074,12.211,-7.6268,-4.8552,-9.5315,-4.1648,-10.887
-7.3775,-9.8455,-2.0847,8.4142,-2.0999,-5.9861,12.192,-7.5762,-4.6451,-9.347,-4.0868,-10.921
-6.1209,-8.7976,-2.1463,7.3196,-1.325,-5.5183,12.283,-7.4186,-4.3778,-9.0746,-3.8922,-10.844
-4.8716,-7.5586,-2.066,6.1102,-0.64499,-4.9494,12.387,-7.2078,-4.1083,-8.7895,-3.6388,-10.707
-3.9187,-6.4334,-1.857,5.0636,-0.23327,-4.4296,12.396,-7.0048,-3.8995,-8.5741,-3.4075,-10.574
-3.4124,-5.6129,-1.5559,4.3504,-0.15648,-4.048,12.245,-6.8518,-3.7938,-8.4847,-3.2724,-10.502
-3.3011,-5.105,-1.2166,3.9692,-0.34321,-3.8042,11.935,-6.7584,-3.7987,-8.5323,-3.2703,-10.515
-3.3784,-4.7691,-0.90458,3.7765,-0.61932,-3.637,11.517,-6.7029,-3.89,-8.6845,-3.3889,-10.606
-3.407,-4.4294,-0.68768,3.5927,-0.79173,-3.4765,11.059,-6.6451,-4.0279,-8.8851,-3.5724,-10.737
-3.2387,-3.9945,-0.6162,3.3104,-0.73651,-3.294,10.612,-6.5457,-4.176,-9.0818,-3.7494,-10.864
-2.8756,-3.5148,-0.69422,2.9489,-0.4554,-3.1131,10.202,-6.38,-4.313,-9.2458,-3.8658,-10.944
-2.4586,-3.1425,-0.86263,2.6311,-0.07392,-2.9924,9.8341,-6.1455,-4.4322,-9.3727,-3.9037,-10.953
-2.1895,-3.0535,-1.035,2.5193,0.23238,-2.9927,9.5078,-5.8586,-4.535,-9.4736,-3.8817,-10.882
-2.2281,-3.3691,-1.177,2.7397,0.34199,-3.1534,9.2238,-5.5466,-4.6247,-9.5677,-3.8438,-10.747
-2.6197,-4.1101,-1.3359,3.3297,0.24274,-3.4824,8.9791,-5.2396,-4.705,-9.6852,-3.8417,-10.579
-3.2954,-5.1893,-1.5756,4.2227,0.0066889,-3.9526,8.7602,-4.9645,-4.782,-9.8571,-3.9187,-10.425
-4.1211,-6.4399,-1.9032,5.2784,-0.27634,-4.5058,8.5359,-4.739,-4.8653,-10.1,-4.0976,-10.322
-4.956,-7.6722,-2.2566,6.3321,-0.5521,-5.067,8.2669,-4.5683,-4.9648,-10.404,-4.3716,-10.289
-5.6929,-8.7217,-2.5329,7.239,-0.81861,-5.5652,7.9151,-4.4463,-5.0927,-10.741,-4.7097,-10.326
-6.2769,-9.4862,-2.6277,7.9078,-1.1141,-5.9511,7.4564,-4.3632,-5.2586,-11.077,-5.0651,-10.413
-6.7146,-9.9452,-2.4707,8.3165,-1.4943,-6.2084,6.8899,-4.3173,-5.4683,-11.385,-5.3971,-10.524
-7.0591,-10.153,-2.0518,8.5083,-2.0052,-6.3515,6.2394,-4.3195,-5.7203,-11.657,-5.6901,-10.635
-7.3717,-10.205,-1.4321,8.566,-2.6512,-6.4152,5.5456,-4.3843,-6.0021,-11.894,-5.9572,-10.735
-7.6843,-10.2,-0.73179,8.5802,-3.3774,-6.4445,4.8532,-4.5151,-6.2897,-12.107,-6.2284,-10.82
-7.9986,-10.221,-0.096897,8.6221,-4.0858,-6.4874,4.1999,-4.6947,-6.5522,-12.31,-6.5344,-10.895
-8.3024,-10.328,0.34421,8.7356,-4.679,-6.5869,3.6126,-4.8891,-6.7592,-12.508,-6.8917,-10.968
-8.5914,-10.568,0.51918,8.9444,-5.0988,-6.7741,3.1082,-5.0587,-6.8873,-12.688,-7.2953,-11.043
-8.8844,-10.979,0.42982,9.2694,-5.3443,-7.0672,2.692,-5.1716,-6.9243,-12.819,-7.7203,-11.118
-9.2219,-11.594,0.13848,9.7344,-5.4631,-7.4751,2.3518,-5.2137,-6.8738,-12.865,-8.1337,-11.195
-9.638,-12.423,-0.27583,10.348,-5.5185,-7.9986,2.0551,-5.194,-6.7552,-12.804,-8.5094,-11.28
-10.122,-13.421,-0.76007,11.072,-5.5488,-8.6211,1.7557,-5.1409,-6.5979,-12.64,-8.8364,-11.384
-10.601,-14.481,-1.2911,11.81,-5.546,-9.2997,1.4094,-5.0935,-6.4323,-12.401,-9.1167,-11.514
-10.964,-15.452,-1.8483,12.435,-5.4722,-9.9686,0.98817,-5.0905,-6.2839,-12.122,-9.3598,-11.673
-11.115,-16.191,-2.3926,12.837,-5.2984,-10.553,0.48723,-5.1577,-6.1702,-11.832,-9.5786,-11.853
-11.017,-16.609,-2.8674,12.962,-5.034,-10.989,-0.076395,-5.2969,-6.0986,-11.552,-9.7855,-12.05
-10.713,-16.691,-3.2197,12.832,-4.7286,-11.235,-0.67001,-5.4818,-6.0623,-11.289,-9.9895,-12.255
-10.295,-16.484,-3.4241,12.521,-4.4449,-11.282,-1.2531,-5.6657,-6.037,-11.033,-10.191,-12.459
-9.8619,-16.063,-3.4876,12.117,-4.2262,-11.14,-1.7832,-5.7957,-5.9855,-10.751,-10.378,-12.647
-9.4881,-15.512,-3.4379,11.694,-4.0816,-10.84,-2.2231,-5.8291,-5.8688,-10.404,-10.526,-12.803
-9.2153,-14.913,-3.3118,11.306,-3.9988,-10.429,-2.5522,-5.7489,-5.6646,-9.9598,-10.612,-12.912
-9.0645,-14.34,-3.1393,10.992,-3.9674,-9.9631,-2.7749,-5.5714,-5.38,-9.4145,-10.627,-12.972
-9.0388,-13.846,-2.9265,10.772,-3.99,-9.494,-2.9192,-5.3408,-5.0509,-8.7944,-10.579,-12.998
-9.111,-13.437,-2.6542,10.628,-4.0738,-9.0495,-3.0213,-5.1114,-4.7267,-8.1429,-10.493,-13.008
-9.215,-13.063,-2.2986,10.504,-4.2125,-8.6254,-3.1106,-4.9243,-4.4511,-7.502,-10.398,-13.018
-9.255,-12.641,-1.8566,10.32,-4.3759,-8.1973,-3.2004,-4.8,-4.2469,-6.8984,-10.319,-13.033
-9.1367,-12.097,-1.3577,10.002,-4.5126,-7.7455,-3.2903,-4.7311,-4.1124,-6.3381,-10.278,-13.054
-8.8074,-11.417,-0.86195,9.5195,-4.5653,-7.2797,-3.3751,-4.6886,-4.0282,-5.8103,-10.287,-13.079
-8.2828,-10.666,-0.44962,8.9125,-4.4883,-6.8474,-3.455,-4.6365,-3.9705,-5.2964,-10.358,-13.107
-7.6462,-9.9738,-0.20393,8.2829,-4.2638,-6.5191,-3.5375,-4.5459,-3.9232,-4.7794,-10.49,-13.139
-7.0256,-9.4854,-0.18493,7.7631,-3.9143,-6.3604,-3.6325,-4.405,-3.8827,-4.2477,-10.68,-13.172
-6.5594,-9.3115,-0.40009,7.4744,-3.5086,-6.4039,-3.7461,-4.2223,-3.8561,-3.6956,-10.917,-13.203
-6.3648,-9.4947,-0.78786,7.4929,-3.1523,-6.6332,-3.8799,-4.0249,-3.8545,-3.1237,-11.193,-13.227
-6.5066,-9.9973,-1.2306,7.828,-2.9575,-6.9858,-4.0347,-3.852,-3.8872,-2.5397,-11.503,-13.246
-6.9719,-10.709,-1.5952,8.4156,-2.9983,-7.3714,-4.2152,-3.7447,-3.9581,-1.9581,-11.852,-13.272
-7.6608,-11.475,-1.783,9.1291,-3.2749,-7.6999,-4.4293,-3.7323,-4.0638,-1.3972,-12.248,-13.325
-8.4039,-12.127,-1.7631,9.8061,-3.7057,-7.9054,-4.6824,-3.8212,-4.1942,-0.87082,-12.697,-13.427
-9.0082,-12.531,-1.5763,10.289,-4.1562,-7.9607,-4.9726,-3.9941,-4.3346,-0.38136,-13.189,-13.593
-9.3197,-12.619,-1.3079,10.47,-4.4916,-7.882,-5.2923,-4.2219,-4.4717,0.078616,-13.707,-13.832
-9.2787,-12.413,-1.0481,10.327,-4.6291,-7.7201,-5.638,-4.4804,-4.6019,0.5137,-14.238,-14.149
-8.9415,-12.013,-0.85734,9.9336,-4.567,-7.5411,-6.0176,-4.7621,-4.7346,0.91365,-14.781,-14.555
-8.4561,-11.556,-0.74679,9.4245,-4.3778,-7.3985,-6.4484,-5.0756,-4.8883,1.254,-15.353,-15.062
-8.0034,-11.164,-0.68192,8.9491,-4.1757,-7.3144,-6.9491,-5.4356,-5.0798,1.5103,-15.977,-15.683
-7.7365,-10.912,-0.61009,8.6244,-4.0773,-7.279,-7.5293,-5.8553,-5.3151,1.6736,-16.673,-16.428
-7.7412,-10.826,-0.49131,8.5107,-4.167,-7.2661,-8.1827,-6.3365,-5.5855,1.759,-17.445,-17.303
-8.0182,-10.894,-0.30778,8.6092,-4.4696,-7.2519,-8.8856,-6.8725,-5.8697,1.8029,-18.276,-18.297
-8.4858,-11.083,-0.063149,8.8741,-4.9313,-7.2313,-9.602,-7.4435,-6.1393,1.8532,-19.126,-19.387
-8.9999,-11.36,0.20172,9.2302,-5.4216,-7.2253,-10.293,-8.0243,-6.3681,1.955,-19.948,-20.535
-9.3975,-11.697,0.38828,9.5942,-5.7692,-7.2745,-10.928,-8.5907,-6.5406,2.1369,-20.694,-21.693
-9.5562,-12.082,0.36337,9.9001,-5.8322,-7.4189,-11.49,-9.1247,-6.655,2.406,-21.336,-22.819
-9.4466,-12.512,0.040845,10.122,-5.568,-7.6741,-11.974,-9.6148,-6.7181,2.7531,-21.871,-23.876
-9.1507,-12.986,-0.5476,10.283,-5.0613,-8.0151,-12.381,-10.053,-6.7374,3.1666,-22.311,-24.831
-8.836,-13.49,-1.2487,10.443,-4.4979,-8.3775,-12.709,-10.432,-6.715,3.6444,-22.676,-25.657
-8.6959,-13.996,-1.8405,10.673,-4.1033,-8.6783,-12.955,-10.745,-6.6501,4.1928,-22.981,-26.332
-8.8788,-14.465,-2.1128,11.023,-4.0684,-8.844,-13.119,-10.991,-6.5481,4.81,-23.241,-26.854
-9.4325,-14.857,-1.9409,11.496,-4.4869,-8.8337,-13.215,-11.176,-6.4263,5.4703,-23.474,-27.244
-10.28,-15.128,-1.3239,12.036,-5.3225,-8.6441,-13.264,-11.312,-6.3111,6.1251,-23.701,-27.541
-11.238,-15.228,-0.37708,12.536,-6.4155,-8.302,-13.29,-11.413,-6.2276,6.7242,-23.943,-27.784
-12.064,-15.11,0.7084,12.871,-7.5265,-7.8515,-13.309,-11.491,-6.1894,7.2452,-24.203,-27.986
-12.535,-14.746,1.7229,12.929,-8.4085,-7.3402,-13.317,-11.545,-6.1916,7.7108,-24.464,-28.123
-12.52,-14.147,2.5028,12.654,-8.886,-6.8067,-13.297,-11.561,-6.2114,8.1877,-24.682,-28.133
-12.034,-13.366,2.9859,12.073,-8.9149,-6.2758,-13.222,-11.512,-6.2132,8.7672,-24.797,-27.938
-11.25,-12.51,3.2221,11.309,-8.602,-5.7632,-13.067,-11.371,-6.1615,9.5352,-24.748,-27.48
-10.448,-11.72,3.3305,10.557,-8.1712,-5.2848,-12.819,-11.124,-6.035,10.544,-24.504,-26.744
-9.9216,-11.131,3.4361,10.022,-7.8744,-4.8603,-12.479,-10.775,-5.8354,11.792,-24.075,-25.772
-9.8593,-10.83,3.6292,9.8396,-7.8846,-4.5077,-12.071,-10.353,-5.5855,13.215,-23.51,-24.642
-10.27,-10.809,3.9471,10.014,-8.2291,-4.234,-11.629,-9.9008,-5.3182,14.705,-22.877,-23.442
-10.987,-10.97,4.3511,10.423,-8.7888,-4.0314,-11.195,-9.4599,-5.0642,16.14,-22.237,-22.255
-11.734,-11.158,4.7268,10.865,-9.3549,-3.8825,-10.803,-9.0592,-4.846,17.415,-21.637,-21.144
-12.215,-11.222,4.9408,11.13,-9.7037,-3.7719,-10.477,-8.7116,-4.6753,18.456,-21.096,-20.144
-12.202,-11.063,4.9085,11.062,-9.6629,-3.6933,-10.224,-8.4148,-4.5528,19.229,-20.605,-19.259
-11.597,-10.663,4.6216,10.598,-9.1628,-3.6453,-10.035,-8.1524,-4.4666,19.753,-20.131,-18.468
-10.469,-10.067,4.1383,9.7852,-8.2608,-3.62,-9.8834,-7.895,-4.3909,20.101,-19.624,-17.735
-9.0284,-9.3628,3.5559,8.7586,-7.1233,-3.5953,-9.7221,-7.6013,-4.2882,20.391,-19.028,-17.013
-7.5645,-8.645,2.982,7.7034,-5.9681,-3.539,-9.4933,-7.2251,-4.1174,20.763,-18.303,-16.262
-6.3484,-7.9974,2.5091,6.8007,-4.9935,-3.4215,-9.1385,-6.7255,-3.8432,21.361,-17.442,-15.46
-5.5661,-7.4793,2.1943,6.1857,-4.3278,-3.2309,-8.6131,-6.0769,-3.4442,22.299,-16.483,-14.608
-5.2927,-7.1211,2.0484,5.9232,-4.0143,-2.978,-7.8936,-5.2741,-2.9173,23.625,-15.48,-13.727
-5.4938,-6.9169,2.0432,5.9945,-4.0268,-2.6887,-6.9753,-4.3301,-2.2746,25.301,-14.474,-12.842
-6.0369,-6.8126,2.1345,6.2947,-4.2846,-2.3847,-5.8597,-3.2649,-1.5342,27.241,-13.477,-11.968
-6.7114,-6.6996,2.2858,6.651,-4.656,-2.0631,-4.5395,-2.0905,-0.70603,29.35,-12.478,-11.116
-7.2658,-6.4286,2.4795,6.8611,-4.9804,-1.687,-2.9896,-0.7982,0.2194,31.544,-11.46,-10.28
-7.4581,-5.8454,2.7131,6.7352,-5.1202,-1.1937,-1.167,0.64472,1.2748,33.74,-10.4,-9.4408
-7.1184,-4.8368,2.989,6.1379,-5.0005,-0.51789,0.97931,2.2909,2.512,35.872,-9.2777,-8.5692
-6.1983,-3.3686,3.3043,5.0273,-4.6129,0.38017,3.4928,4.2085,3.9958,37.911,-8.0865,-7.6376
-4.7751,-1.4959,3.6407,3.468,-3.9937,1.4938,6.3909,6.4773,5.797,39.874,-6.8317,-6.6231
-3.0116,0.65591,3.9603,1.6031,-3.2018,2.764,9.6573,9.1845,7.9852,41.807,-5.5198,-5.5063
-1.0959,2.9295,4.2131,-0.39826,-2.3085,4.0909,13.259,12.417,10.62,43.762,-4.1425,-4.2675
0.81229,5.1824,4.3586,-2.3974,-1.3936,5.3656,17.175,16.26,13.747,45.772,-2.6654,-2.8835
2.6274,7.3333,4.3949,-4.3329,-0.54189,6.5145,21.404,20.786,17.399,47.849,-1.0266,-1.3278
4.3767,9.401,4.3752,-6.2528,0.17745,7.5363,25.943,26.045,21.587,49.989,0.85689,0.42684
6.2239,11.518,4.3883,-8.3255,0.74344,8.5044,30.749,31.994,26.274,52.18,3.0801,2.406
8.4493,13.895,4.509,-10.809,1.2166,9.5251,35.717,38.438,31.336,54.403,5.7403,4.6324
11.351,16.718,4.7532,-13.944,1.7377,10.672,40.68,45.011,36.537,56.626,8.9074,7.1202
15.058,20.013,5.0648,-17.771,2.4787,11.934,45.446,51.283,41.578,58.796,12.561,9.861
19.38,23.555,5.3352,-22.002,3.5664,13.21,49.853,56.915,46.196,60.844,16.529,12.81
23.881,26.961,5.4442,-26.143,5.0269,14.357,53.789,61.752,50.247,62.7,20.523,15.888
28.165,29.919,5.3101,-29.818,6.7945,15.268,57.194,65.798,53.718,64.33,24.282,19.009
32.065,32.352,4.9259,-32.937,8.7551,15.924,60.064,69.15,56.686,65.747,27.709,22.125
35.601,34.389,4.3632,-35.617,10.783,16.41,62.452,71.935,59.263,66.991,30.864,25.245
38.85,36.233,3.7406,-38.027,12.744,16.856,64.456,74.259,61.551,68.094,33.872,28.406
41.858,38.026,3.1759,-40.269,14.516,17.366,66.183,76.146,63.59,69.057,36.819,31.623
44.608,39.775,2.7497,-42.339,16.006,17.969,67.718,77.521,65.344,69.847,39.707,34.84
47.023,41.374,2.4901,-44.151,17.159,18.619,69.079,78.226,66.72,70.418,42.467,37.95
49.02,42.692,2.3772,-45.605,17.969,19.234,70.142,78.071,67.618,70.73,45.003,40.832
50.571,43.666,2.3653,-46.661,18.497,19.747,70.51,76.908,67.987,70.774,47.255,43.406
51.719,44.346,2.4122,-47.373,18.888,20.156,69.496,74.723,67.857,70.577,49.215,45.656
52.548,44.874,2.4993,-47.861,19.325,20.525,66.466,71.681,67.331,70.202,50.933,47.621
53.139,45.415,2.6288,-48.258,19.919,20.952,61.285,68.08,66.541,69.721,52.477,49.369
53.56,46.078,2.8049,-48.652,20.623,21.505,54.379,64.221,65.603,69.192,53.906,50.976
53.861,46.88,3.0184,-49.074,21.31,22.176,46.457,60.283,64.575,68.635,55.251,52.504
54.065,47.735,3.2442,-49.513,21.913,22.86,38.23,56.294,63.453,68.028,56.512,53.983
54.194,48.474,3.4422,-49.921,22.441,23.387,30.268,52.161,62.181,67.332,57.669,55.397
54.28,48.909,3.5628,-50.216,22.937,23.609,22.984,47.739,60.696,66.523,58.692,56.687
54.396,48.962,3.5555,-50.361,23.477,23.476,16.669,42.899,58.955,65.611,59.566,57.789
54.704,48.765,3.3749,-50.467,24.179,23.068,11.476,37.614,56.955,64.636,60.306,58.676
55.424,48.598,2.9837,-50.765,25.194,22.537,7.3074,32.047,54.736,63.654,60.96,59.38
56.689,48.703,2.3477,-51.452,26.653,22.015,3.8462,26.564,52.376,62.715,61.585,59.972
58.45,49.135,1.4234,-52.553,28.61,21.556,0.87717,21.606,49.978,61.841,62.219,60.52
60.487,49.737,0.13771,-53.89,30.984,21.109,-1.6285,17.457,47.636,61.014,62.853,61.054
62.467,50.206,-1.6226,-55.133,33.558,20.554,-3.7121,14.148,45.383,60.174,63.434,61.552
64.007,50.202,-3.9678,-55.907,36.034,19.749,-5.4896,11.523,43.143,59.233,63.88,61.942
64.782,49.462,-6.861,-55.925,38.122,18.585,-7.0899,9.3699,40.754,58.106,64.12,62.133
64.635,47.886,-9.9844,-55.076,39.637,17.038,-8.5965,7.5162,38.039,56.733,64.124,62.065
63.684,45.569,-12.899,-53.486,40.539,15.164,-10.027,5.8644,34.917,55.083,63.917,61.761
62.356,42.737,-15.38,-51.491,40.958,13.079,-11.35,4.3827,31.468,53.138,63.537,61.325
61.222,39.648,-17.481,-49.507,41.223,10.914,-12.514,3.0717,27.903,50.871,62.969,60.858
60.674,36.548,-19.369,-47.826,41.771,8.776,-13.489,1.9168,24.434,48.241,62.107,60.357
60.706,33.633,-21.175,-46.515,42.713,6.734,-14.279,0.87181,21.143,45.225,60.833,59.699
60.927,30.888,-22.897,-45.394,43.602,4.8398,-14.916,-0.13351,17.969,41.837,59.129,58.742
60.775,28.063,-24.438,-44.072,43.984,3.1437,-15.451,-1.1658,14.812,38.111,57.053,57.399
59.768,24.842,-25.685,-42.096,43.692,1.6543,-15.939,-2.264,11.631,34.02,54.639,55.645
57.592,21.054,-26.532,-39.053,42.634,0.30203,-16.429,-3.4359,8.488,29.464,51.87,53.461
54.063,16.805,-26.858,-34.658,40.722,-0.99342,-16.957,-4.6726,5.5061,24.375,48.71,50.798
49.14,12.436,-26.557,-29.004,37.971,-2.232,-17.535,-5.9665,2.7876,18.901,45.162,47.606
43.058,8.3565,-25.577,-22.744,34.573,-3.3309,-18.151,-7.3176,0.36127,13.425,41.308,43.884
36.453,4.9246,-23.947,-16.83,30.857,-4.1823,-18.774,-8.7316,-1.814,8.3366,37.305,39.733
30.205,2.3618,-21.792,-12.015,27.134,-4.7124,-19.362,-10.217,-3.8185,3.8221,33.299,35.337
24.901,0.68962,-19.33,-8.5207,23.574,-4.9187,-19.875,-11.784,-5.7422,-0.1239,29.314,30.854
20.478,-0.27111,-16.838,-6.0742,20.23,-4.8783,-20.286,-13.442,-7.6657,-3.5795,25.201,26.319
16.439,-0.82435,-14.578,-4.2189,17.137,-4.7254,-20.584,-15.196,-9.6478,-6.6195,20.704,21.686
12.331,-1.2862,-12.726,-2.63,14.274,-4.6093,-20.776,-17.028,-11.717,-9.3124,15.652,16.986
8.2341,-1.9029,-11.347,-1.1894,11.484,-4.6469,-20.874,-18.897,-13.863,-11.742,10.322,12.485
4.7319,-2.8206,-10.368,0.18922,8.6962,-4.8883,-20.888,-20.735,-16.038,-14.004,5.5645,8.5878
2.0136,-4.0759,-9.5699,1.6717,6.1296,-5.307,-20.823,-22.47,-18.16,-16.166,2.0727,5.5207
-0.33267,-5.5926,-8.7174,3.3693,3.9742,-5.8203,-20.685,-24.052,-20.145,-18.257,-0.21092,3.2133
-2.6235,-7.2056,-7.7677,5.2046,2.1618,-6.3271,-20.483,-25.467,-21.937,-20.28,-1.7038,1.464
-4.7894,-8.7078,-6.8105,6.9372,0.58344,-6.7499,-20.237,-26.748,-23.53,-22.247,-2.7462,0.087972
-6.5146,-9.9024,-5.9093,8.2738,-0.71156,-7.0629,-19.985,-27.969,-24.98,-24.191,-3.5362,-1.0482
-7.4367,-10.657,-5.1632,8.9757,-1.5232,-7.2928,-19.771,-29.213,-26.375,-26.168,-4.184,-2.0359
-7.3529,-10.945,-4.7418,8.9472,-1.6729,-7.4882,-19.632,-30.546,-27.8,-28.221,-4.7488,-2.9296
-6.362,-10.843,-4.7277,8.2877,-1.1769,-7.6789,-19.573,-31.981,-29.284,-30.349,-5.2543,-3.7466
-4.8307,-10.493,-5.0206,7.2628,-0.27172,-7.8559,-19.565,-33.461,-30.782,-32.482,-5.699,-4.4754
-3.2499,-10.056,-5.3904,6.2125,0.68142,-7.9804,-19.548,-34.877,-32.191,-34.49,-6.0689,-5.0929
-2.0907,-9.689,-5.5766,5.4541,1.3174,-8.0098,-19.462,-36.107,-33.396,-36.242,-6.3518,-5.5847
-1.6975,-9.5359,-5.3771,5.2132,1.3693,-7.927,-19.268,-37.076,-34.328,-37.658,-6.5498,-5.9593
-2.2286,-9.7023,-4.7095,5.5932,0.72455,-7.7572,-18.963,-37.785,-34.995,-38.745,-6.6871,-6.2493
-3.6413,-10.235,-3.6309,6.57,-0.57622,-7.5632,-18.588,-38.314,-35.478,-39.586,-6.8079,-6.5035
-5.7067,-11.104,-2.3129,8.0018,-2.3654,-7.4195,-18.205,-38.791,-35.904,-40.312,-6.9655,-6.7718
-8.0486,-12.191,-0.98128,9.6501,-4.3642,-7.3795,-17.878,-39.342,-36.407,-41.056,-7.2036,-7.0903
-10.219,-13.304,0.16324,11.223,-6.2232,-7.4523,-17.653,-40.046,-37.078,-41.905,-7.5375,-7.4704
-11.812,-14.226,1.0084,12.443,-7.6334,-7.5988,-17.542,-40.911,-37.937,-42.868,-7.9473,-7.8971
-12.599,-14.794,1.5482,13.134,-8.4427,-7.7529,-17.524,-41.876,-38.925,-43.881,-8.3905,-8.338
-12.611,-14.972,1.8517,13.288,-8.6856,-7.8577,-17.56,-42.845,-39.936,-44.847,-8.8228,-8.7566
-12.107,-14.87,1.9998,13.072,-8.5276,-7.8972,-17.611,-43.726,-40.865,-45.689,-9.2162,-9.1248
-11.456,-14.69,2.034,12.752,-8.1942,-7.9041,-17.656,-44.463,-41.647,-46.374,-9.5665,-9.4304
-11.004,-14.647,1.9701,12.593,-7.903,-7.9452,-17.696,-45.042,-42.27,-46.915,-9.8935,-9.6791
-10.981,-14.903,1.8376,12.777,-7.7923,-8.091,-17.746,-45.49,-42.768,-47.363,-10.232,-9.8894
-11.43,-15.508,1.6694,13.339,-7.8992,-8.3776,-17.823,-45.848,-43.196,-47.771,-10.617,-10.081
-12.227,-16.376,1.4899,14.162,-8.184,-8.7754,-17.93,-46.159,-43.605,-48.177,-11.06,-10.262
-13.148,-17.294,1.336,15.033,-8.5624,-9.1846,-18.055,-46.463,-44.029,-48.589,-11.543,-10.425
-13.936,-17.995,1.2631,15.71,-8.9332,-9.4674,-18.186,-46.793,-44.473,-48.986,-12.018,-10.55
-14.379,-18.246,1.3197,15.991,-9.1993,-9.5028,-18.319,-47.19,-44.929,-49.34,-12.433,-10.617
-14.361,-17.944,1.5171,15.781,-9.2901,-9.2395,-18.466,-47.704,-45.393,-49.653,-12.759,-10.621
-13.888,-17.157,1.8157,15.127,-9.1833,-8.7216,-18.654,-48.388,-45.886,-49.975,-13.013,-10.58
-13.087,-16.096,2.1339,14.201,-8.9079,-8.0772,-18.906,-49.269,-46.449,-50.399,-13.262,-10.536
-12.165,-15.041,2.3769,13.246,-8.5311,-7.4757,-19.224,-50.326,-47.128,-51.024,-13.604,-10.544
-11.351,-14.24,2.4794,12.495,-8.1419,-7.0657,-19.582,-51.472,-47.939,-51.902,-14.133,-10.656
-10.824,-13.832,2.4422,12.104,-7.8346,-6.9183,-19.927,-52.569,-48.839,-52.993,-14.896,-10.896
-10.671,-13.809,2.3417,12.104,-7.6913,-6.9987,-20.197,-53.473,-49.718,-54.16,-15.847,-11.244
-10.869,-14.042,2.3002,12.412,-7.764,-7.1809,-20.349,-54.095,-50.431,-55.198,-16.825,-11.628
-11.322,-14.348,2.4312,12.871,-8.0663,-7.3011,-20.395,-54.449,-50.868,-55.886,-17.577,-11.923
-11.909,-14.578,2.7842,13.333,-8.571,-7.2388,-20.427,-54.682,-51.018,-56.044,-17.824,-11.977
-12.533,-14.708,3.3059,13.73,-9.2067,-6.9877,-20.63,-55.062,-50.989,-55.62,-17.368,-11.643
-13.136,-14.846,3.8197,14.093,-9.8549,-6.6693,-21.268,-55.93,-50.994,-54.745,-16.183,-10.822
-13.682,-15.156,4.0474,14.504,-10.357,-6.5013,-22.643,-57.619,-51.321,-53.774,-14.636,-9.4717
-14.16,-15.742,3.7169,15.015,-10.531,-6.7363,-25.048,-60.385,-52.294,-53.402,-16.348,-7.6541
-14.685,-16.577,2.7583,15.618,-10.276,-7.5696,-28.493,-64.439,-54.259,-54.358,-31.761,-7.214
-16.194,-17.481,3.5722,16.312,-12.645,-9.0584,-28.928,-70.009,-57.699,-56.145,-39.337,-23.554
-25.76,-18.151,0.69277,17.358,-15.992,-11.236,-25.561,-74.389,-63.558,-56.902,-43.475,-38.263
-33.71,-18.239,-1.2344,20.29,-16.28,-14.735,-23.433,-72.283,-68.371,-54.722,-43.993,-39.878
-33.784,-17.455,0.053012,28.196,-17.302,-15.585,-22.42,-69.273,-63.346,-48.886,-38.452,-36.147
-31.753,-15.646,4.8841,30.576,-18.469,-11.883,-24.772,-70.337,-56.069,-40.864,-24.914,-26.201
-26.782,-12.787,10.839,24.415,-18.146,-6.3009,-32.814,-79.057,-51.91,-33.078,-2.8149,-9.4705
-17.466,-8.7986,13.081,15.136,-13.559,-1.247,-48.297,-96.911,-54.915,-26.825,26.716,13.858
-1.6084,-3.2125,6.126,3.8226,-1.183,0.036107,-72.264,-123.46,-67.747,-22.307,61.415,42.938
23.11,-0.62528,-14.252,-9.6357,22.133,-6.4306,-104.34,-157.76,-90.934,-19.228,98.575,76.326
58.219,-2.9024,-49.863,-25.943,57.737,-23.635,-143.36,-199.67,-123.24,-16.948,135.34,112.39
103.97,-8.2408,-99.655,-46.201,104.59,-51.326,-189.38,-250.25,-162.61,-15.024,169.74,150.18
159.23,-13.117,-159.57,-71.548,160.59,-84.746,-243.03,-311.91,-207.16,-13.706,201.27,189.91
221.78,-13.44,-223.47,-102.77,223.03,-116.86,-305.24,-388.14,-255.8,-13.147,229.13,232.63
288.93,-5.6574,-285.15,-140.19,287.61,-143.81,-377.35,-482.65,-308.38,-13.219,255.96,280.06
358.93,12.282,-339.5,-183.93,350.37,-162.44,-460.34,-598.2,-365.53,-15.318,287.05,335.39
430.64,40.979,-382.45,-234.33,408.19,-169.64,-553.08,-736.3,-428.11,-27.967,326.4,401.8
502.94,83.494,-410.59,-292.41,458.53,-162.16,-652.32,-896.28,-496.75,-29.256,377.96,481.06
575.45,148.18,-421.84,-358.69,500.07,-137.58,-753.59,-1072.3,-571.3,-23.364,443.26,572.79
646.95,228.55,-416.27,-431.6,532.58,-96.293,-852.25,-1253.8,-650.69,-11.382,520.01,673.27
714.41,315.51,-396.5,-507.22,556.13,-41.887,-945.03,-1431.5,-734.47,5.0488,601.26,775.06
774.33,403.97,-368.04,-579.77,571.66,18.611,-1031.1,-1600.5,-824.8,20.55,675.5,867.23
823.45,482.96,-339.01,-642.13,581.47,74.66,-1111.5,-1759.8,-925.84,25.836,727.95,936.51
858.36,539.76,-318.67,-686.44,588.44,113.68,-1186.9,-1908.7,-1040.2,9.8232,743.59,969.35
874.93,562.82,-314.42,-705.17,594.2,124.96,-1254.8,-2043.0,-1164.5,-36.627,711.39,955.07
868.51,544.79,-328.4,-692.55,597.47,104.37,-1308.3,-2152.8,-1287.5,-114.73,628.51,889.36
834.79,485.62,-355.26,-646.5,593.43,56.802,-1338.0,-2224.1,-1392.6,-212.47,502.41,776.81
771.2,394.52,-382.58,-570.29,574.83,-4.5485,-1335.2,-2244.5,-1463.8,-316.46,349.29,630.66
678.77,288.14,-395.1,-472.63,534.73,-62.557,-1296.2,-2208.4,-1492.2,-412.99,188.96,469.31
563.26,184.25,-381.6,-365.17,470.04,-103.6,-1223.6,-2120.6,-1479.3,-493.36,38.439,310.86
434.11,95.132,-339.53,-258.69,383.84,-122.32,-1126.0,-1994.3,-1435.4,-556.28,-92.498,168.29
301.96,24.877,-275.26,-160.34,285.11,-121.36,-1014.7,-1847.3,-1375.0,-606.87,-201.93,47.368
176.49,-29.009,-201.84,-73.328,185.52,-108.91,-900.63,-1696.3,-1311.5,-653.47,-293.13,-52.211
65.186,-72.192,-133.17,1.7852,95.465,-95.339,-792.64,-1553.5,-1253.6,-700.95,-370.69,-133.94
-27.386,-110.41,-78.93,65.782,21.96,-88.754,-696.09,-1425.9,-1204.5,-746.89,-437.43,-201.5
-99.766,-147.34,-44.186,119.71,-31.737,-91.985,-613.74,-1316.1,-1163.4,-785.89,-493.03,-257.16
-152.8,-183.75,-28.811,164.24,-65.875,-104.39,-546.92,-1224.1,-1127.2,-813.03,-535.78,-301.76
-188.2,-218.16,-28.872,199.53,-83.072,-123.85,-496.51,-1148.2,-1092.2,-824.87,-564.05,-335.39
-207.93,-248.37,-39.77,225.51,-86.856,-147.42,-462.82,-1086.1,-1054.9,-820.55,-577.21,-358.04
-215.19,-272.98,-57.428,242.49,-81.106,-169.48,-444.89,-1035.0,-1013.2,-801.86,-576.29,-370.1
-214.17,-291.29,-78.094,251.78,-70.219,-187.57,-440.24,-991.67,-967.13,-772.09,-563.85,-372.63
-207.63,-303.07,-98.834,254.91,-56.949,-203.38,-444.16,-952.12,-917.71,-734.9,-543.08,-367.28
-196.37,-308.92,-117.91,252.5,-42.108,-216.21,-450.18,-912.01,-866.68,-693.71,-516.95,-356.07
-180.6,-309.28,-134.45,245.0,-26.627,-224.2,-451.1,-867.4,-815.31,-650.92,-487.59,-340.87
-161.23,-303.5,-147.83,232.64,-10.862,-226.38,-441.0,-815.79,-763.36,-607.43,-455.8,-322.28
-139.7,-290.48,-156.15,215.37,3.6573,-222.35,-417.73,-756.42,-709.29,-563.1,-421.52,-299.92
-119.95,-270.12,-156.96,194.85,13.853,-211.79,-382.5,-689.64,-651.47,-517.66,-385.64,-274.5
-104.03,-244.29,-151.03,173.8,19.431,-195.17,-339.83,-616.91,-589.29,-471.01,-349.54,-248.3
-90.855,-215.87,-139.51,153.45,20.707,-174.12,-294.97,-541.06,-523.8,-423.23,-313.63,-222.87
-79.37,-187.38,-123.68,134.04,15.619,-150.87,-251.03,-465.82,-457.47,-374.97,-278.1,-198.39
-69.281,-160.35,-105.17,115.83,5.7707,-127.43,-210.18,-394.66,-393.41,-327.65,-243.76,-174.93
-61.019,-135.63,-85.73,99.451,-0.33063,-105.31,-173.87,-330.09,-334.48,-282.95,-211.65,-152.86
-55.121,-113.79,-66.88,85.574,-3.493,-85.525,-142.58,-273.4,-282.63,-242.15,-182.53,-132.63
-51.378,-95.176,-49.809,74.506,-5.8481,-68.584,-115.68,-224.78,-238.64,-205.97,-156.76,-114.49
-48.305,-79.751,-34.882,65.949,-7.7633,-54.52,-92.951,-183.59,-202.1,-174.73,-134.37,-98.525
-43.228,-67.045,-22.492,59.056,-9.1765,-43.06,-74.669,-148.69,-171.72,-148.51,-115.24,-84.663
-35.82,-56.352,-13.833,52.687,-10.048,-33.868,-60.05,-118.75,-145.93,-127.18,-99.253,-72.836
-29.22,-47.049,-9.0179,45.762,-10.411,-26.631,-47.732,-92.656,-123.44,-110.23,-86.182,-62.95
-24.484,-38.703,-6.8918,37.766,-10.371,-21.008,-36.666,-69.629,-103.48,-96.738,-75.515,-54.731
-21.072,-30.967,-6.0751,29.875,-10.084,-16.556,-26.294,-49.327,-85.741,-85.563,-66.47,-47.666
-18.521,-23.96,-5.6547,23.866,-9.6861,-12.823,-16.522,-31.69,-70.192,-75.676,-58.334,-41.238
-16.582,-19.315,-6.1956,19.839,-9.2601,-10.523,-8.2156,-16.783,-57.012,-66.389,-50.741,-35.256
-15.085,-17.176,-6.691,17.153,-8.8591,-10.03,-4.2216,-5.6106,-46.478,-57.452,-43.673,-29.812
-13.889,-15.953,-4.6472,15.314,-8.5171,-9.2256,-3.4775,-2.2558,-38.828,-49.164,-37.348,-25.179
-12.9,-14.95,-3.3327,13.988,-8.2576,-8.2106,-1.6097,-3.4275,-34.264,-42.414,-32.005,-21.645
-12.08,-13.956,-2.5542,12.947,-8.1168,-7.1947,0.92319,-2.7357,-31.096,-37.876,-27.741,-19.077
-11.435,-12.893,-1.8603,12.061,-8.1388,-6.1626,3.4533,-0.79859,-27.008,-34.37,-24.369,-17.14
-11.005,-11.777,-1.084,11.317,-8.3443,-5.09,5.8343,1.5318,-22.485,-30.316,-21.503,-15.59
-10.857,-10.706,-0.19978,10.781,-8.7296,-4.0102,8.0352,4.0268,-18.388,-26.129,-19.021,-14.311
-11.052,-9.8124,0.73879,10.536,-9.2778,-3.0047,10.03,6.6323,-15.023,-22.622,-16.946,-13.262
-11.575,-9.1958,1.6411,10.6,-9.9491,-2.1599,11.798,9.316,-12.358,-19.964,-15.286,-12.431
-12.299,-8.8633,2.421,10.887,-10.661,-1.5145,13.35,12.06,-10.242,-17.992,-13.994,-11.792
-12.993,-8.6986,3.0276,11.209,-11.289,-1.0287,14.746,14.894,-8.5125,-16.485,-12.981,-11.292
-13.38,-8.4927,3.4537,11.335,-11.689,-0.59597,16.081,17.905,-7.0317,-15.249,-12.133,-10.858
-13.229,-8.0267,3.7219,11.062,-11.74,-0.09328,17.449,21.201,-5.6993,-14.148,-11.346,-10.413
-12.441,-7.1692,3.8622,10.292,-11.392,0.56085,18.897,24.843,-4.4491,-13.111,-10.556,-9.9114
-11.107,-5.9408,3.8988,9.08,-10.694,1.3663,20.391,28.776,-3.2435,-12.134,-9.7619,-9.3468
-9.4879,-4.5189,3.8506,7.6382,-9.7959,2.2349,21.827,32.821,-2.0647,-11.257,-9.0105,-8.7558
-7.9368,-3.1771,3.739,6.2696,-8.902,3.0257,23.082,36.748,-0.9057,-10.531,-8.3678,-8.1963
-6.7918,-2.1781,3.6019,5.2653,-8.2137,3.6172,24.077,40.405,0.24208,-9.9813,-7.8818,-7.7171
-6.2662,-1.659,3.5024,4.7981,-7.871,3.9785,24.829,43.792,1.4008,-9.5861,-7.5554,-7.3299
-6.384,-1.5677,3.5145,4.8635,-7.915,4.1914,25.449,47.048,2.614,-9.2699,-7.3415,-6.9983
-6.989,-1.6905,3.6871,5.2953,-8.2837,4.4092,26.096,50.353,3.9445,-8.9308,-7.1618,-6.6506
-7.8185,-1.7479,4.0129,5.8431,-8.8382,4.7805,26.905,53.819,5.463,-8.481,-6.9399,-6.2092
-8.5994,-1.5005,4.4238,6.2634,-9.4004,5.3818,27.934,57.43,7.2324,-7.8802,-6.6316,-5.6228
-9.1214,-0.82217,4.8136,6.3834,-9.8007,6.1871,29.139,61.059,9.2884,-7.1469,-6.2384,-4.8837
-9.2698,0.27194,5.0793,6.1253,-9.9302,7.084,30.403,64.54,11.62,-6.347,-5.8033,-4.0285
-9.0249,1.6419,5.1607,5.5023,-9.7696,7.9308,31.586,67.748,14.158,-5.5686,-5.3924,-3.1216
-8.4384,3.0905,5.0593,4.5949,-9.3769,8.6246,32.588,70.628,16.793,-4.8914,-5.0704,-2.2328
-7.5906,4.469,4.828,3.5044,-8.8402,9.1474,33.388,73.196,19.416,-4.3546,-4.8751,-1.4131
-6.5406,5.7616,4.5404,2.2942,-8.2237,9.5669,34.038,75.517,21.975,-3.937,-4.7999,-0.68109
-5.2948,7.0785,4.2554,0.95845,-7.5379,9.9934,34.639,77.682,24.482,-3.5643,-4.795,-0.022565
-3.8224,8.5615,3.9922,-0.54813,-6.7486,10.513,35.286,79.77,26.993,-3.1451,-4.7926,0.59627
-2.1145,10.269,3.7238,-2.2393,-5.8153,11.132,36.022,81.823,29.549,-2.6163,-4.7414,1.2081
-0.24549,12.107,3.3949,-4.0319,-4.736,11.768,36.822,83.848,32.138,-1.9729,-4.6321,1.8276
1.6041,13.838,2.9599,-5.736,-3.5738,12.287,37.615,85.828,34.696,-1.2674,-4.4985,2.4472
3.1943,15.187,2.4189,-7.1202,-2.4495,12.576,38.332,87.743,37.148,-0.58251,-4.3975,3.0465
4.3248,15.98,1.8251,-8.0265,-1.5,12.596,38.951,89.597,39.454,0.011158,-4.3777,3.6089
4.92,16.248,1.2611,-8.4533,-0.82883,12.406,39.513,91.433,41.629,0.49499,-4.4533,4.135
5.0442,16.21,0.8032,-8.5457,-0.47572,12.13,40.109,93.328,43.733,0.91614,-4.5949,4.6478
4.8546,16.161,0.49572,-8.5177,-0.41826,11.901,40.828,95.365,45.825,1.3665,-4.7428,5.1848
4.5432,16.332,0.34062,-8.5726,-0.59419,11.802,41.711,97.593,47.926,1.9381,-4.8344,5.7821
4.2851,16.799,0.30494,-8.8431,-0.92631,11.838,42.727,100.01,50.01,2.6793,-4.8296,6.4587
4.1789,17.46,0.33976,-9.3371,-1.34,11.957,43.793,102.56,52.029,3.5708,-4.7216,7.2139
4.1966,18.104,0.40111,-9.916,-1.7754,12.089,44.818,105.18,53.939,4.5323,-4.531,8.0373
4.2086,18.545,0.46367,-10.369,-2.1908,12.194,45.741,107.83,55.721,5.4594,-4.2896,8.9227
4.0941,18.736,0.52517,-10.559,-2.5512,12.273,46.538,110.52,57.382,6.2712,-4.0264,9.8749
3.8403,18.779,0.60211,-10.505,-2.8109,12.377,47.224,113.27,58.949,6.9417,-3.7597,10.904
3.5629,18.855,0.71802,-10.358,-2.9086,12.571,47.835,116.12,60.467,7.5013,-3.4947,12.015
3.4626,19.141,0.88924,-10.318,-2.7881,12.915,48.414,119.11,61.988,8.0185,-3.223,13.204
3.7279,19.748,1.1178,-10.548,-2.4347,13.433,48.994,122.26,63.566,8.5771,-2.9241,14.463
4.4126,20.704,1.3957,-11.121,-1.9045,14.112,49.586,125.58,65.244,9.2589,-2.5719,15.791
5.383,21.973,1.7155,-12.0,-1.3227,14.907,50.175,129.1,67.043,10.127,-2.1418,17.217
6.3833,23.487,2.0802,-13.072,-0.84844,15.767,50.726,132.87,68.967,11.208,-1.6175,18.79
7.1577,25.176,2.505,-14.23,-0.62932,16.655,51.216,136.91,71.007,12.485,-0.99355,20.57
7.5527,26.976,3.0101,-15.436,-0.76386,17.553,51.647,141.23,73.147,13.914,-0.27199,22.601
7.5667,28.808,3.6088,-16.734,-1.2797,18.462,52.048,145.79,75.376,15.446,0.54405,24.887
7.3492,30.567,4.2983,-18.199,-2.1202,19.392,52.457,150.53,77.688,17.061,1.4561,27.397
7.1554,32.176,5.0586,-19.878,-3.142,20.382,52.902,155.39,80.089,18.77,2.4729,30.067
7.2727,33.67,5.8565,-21.781,-4.1413,21.502,53.397,160.36,82.59,20.607,3.6081,32.819
7.9445,35.202,6.6524,-23.907,-4.9111,22.839,53.941,165.41,85.193,22.585,4.8698,35.565
9.3083,36.945,7.4081,-26.258,-5.2985,24.44,54.522,170.57,87.868,24.672,6.2463,38.213
11.361,38.992,8.0938,-28.808,-5.2386,26.269,55.123,175.83,90.555,26.786,7.6947,40.685
13.954,41.308,8.6949,-31.479,-4.7595,28.202,55.721,181.16,93.174,28.829,9.1456,42.941
16.825,43.745,9.2159,-34.142,-3.9707,30.081,56.298,186.55,95.657,30.732,10.526,44.979
19.694,46.114,9.6795,-36.671,-3.0329,31.781,56.839,191.95,97.971,32.471,11.796,46.833
22.393,48.282,10.121,-39.001,-2.1129,33.274,57.335,197.38,100.14,34.065,12.975,48.559
24.976,50.247,10.577,-41.171,-1.3346,34.658,57.787,202.86,102.24,35.576,14.171,50.222
27.724,52.147,11.067,-43.316,-0.74987,36.141,58.202,208.47,104.38,37.089,15.568,51.899
31.005,54.206,11.591,-45.542,-0.34142,37.963,58.59,214.32,106.67,38.683,17.368,53.669
34.943,56.707,12.132,-47.811,-0.053115,40.28,58.963,220.45,109.16,40.394,19.691,55.615
39.143,59.998,12.676,-49.993,0.18419,43.058,59.332,226.85,111.77,42.194,22.481,57.81
42.926,64.326,13.221,-52.085,0.44298,46.076,59.704,233.38,114.39,44.006,25.506,60.296
45.889,69.397,13.773,-54.272,0.77708,49.055,60.075,239.81,116.87,45.735,28.48,63.065
48.071,74.39,14.345,-56.699,1.1978,51.801,60.433,245.9,119.1,47.309,31.198,66.065
49.746,78.679,14.952,-59.293,1.6934,54.264,60.775,251.46,121.03,48.694,33.58,69.233
51.265,82.254,15.613,-61.938,2.2798,56.533,61.106,256.4,122.72,49.903,35.655,72.528
52.973,85.542,16.343,-64.733,3.0242,58.785,61.44,260.76,124.23,50.983,37.516,75.947
55.148,89.068,17.148,-67.984,4.0231,61.207,61.781,264.65,125.67,51.996,39.284,79.515
57.931,93.239,18.015,-72.013,5.365,63.927,62.113,268.17,127.11,52.99,41.066,83.257
61.326,98.261,18.92,-76.991,7.1155,66.973,62.4,271.39,128.59,53.995,42.926,87.18
65.286,104.12,19.833,-82.846,9.3254,70.261,62.59,274.36,130.07,55.019,44.881,91.278
69.825,110.57,20.719,-89.249,12.008,73.626,62.641,277.09,131.52,56.057,46.916,95.553
74.925,117.15,21.54,-95.684,15.03,76.875,62.544,279.62,132.89,57.104,49.005,100.04
80.156,123.29,22.248,-101.61,18.043,79.858,62.323,281.97,134.17,58.153,51.122,104.81
84.839,128.61,22.796,-106.75,20.714,82.531,62.018,284.18,135.38,59.188,53.256,109.86
88.96,133.22,23.142,-111.31,23.04,84.987,61.659,286.26,136.53,60.187,55.411,115.09
93.274,137.72,23.26,-115.94,25.316,87.422,61.252,288.19,137.63,61.119,57.594,120.31
98.615,142.85,23.144,-121.31,27.874,89.991,60.787,289.93,138.64,61.947,59.791,125.32
105.35,148.91,22.815,-127.71,30.903,92.647,60.237,291.4,139.51,62.636,61.954,130.04
113.15,155.53,22.324,-134.84,34.398,95.183,59.545,292.56,140.16,63.171,64.024,134.45
121.26,161.98,21.74,-142.02,38.189,97.406,58.619,293.38,140.53,63.556,65.962,138.62
128.86,167.71,21.118,-148.61,42.001,99.235,57.362,293.9,140.59,63.804,67.771,142.6
135.5,172.53,20.49,-154.27,45.555,100.68,55.713,294.14,140.37,63.932,69.487,146.5
141.07,176.55,19.858,-159.0,48.666,101.78,53.665,294.15,139.9,63.945,71.156,150.38
145.69,180.0,19.206,-163.03,51.296,102.61,51.25,293.95,139.21,63.84,72.816,154.31
149.67,183.11,18.493,-166.66,53.559,103.26,48.497,293.53,138.35,63.605,74.481,158.31
153.42,186.11,17.672,-170.23,55.704,103.81,45.398,292.87,137.29,63.224,76.135,162.34
157.32,189.0,16.718,-173.93,58.063,104.31,41.891,291.9,136.0,62.69,77.742,166.35
161.45,191.63,15.645,-177.58,60.835,104.8,37.878,290.51,134.39,62.006,79.259,170.23
165.37,193.79,14.511,-180.75,63.765,105.24,33.302,288.62,132.34,61.195,80.64,173.9
168.51,195.41,13.421,-183.11,66.263,105.62,28.256,286.13,129.76,60.297,81.85,177.24
170.75,196.57,12.503,-184.76,68.006,105.92,23.014,282.99,126.61,59.358,82.863,180.14
172.42,197.49,11.842,-185.99,69.125,106.16,17.898,279.22,122.89,58.409,83.667,182.52
173.92,198.35,11.424,-187.12,69.939,106.32,13.093,274.82,118.6,57.452,84.262,184.39
175.53,199.28,11.133,-188.37,70.75,106.42,8.5937,269.73,113.71,56.459,84.658,185.79
177.34,200.31,10.784,-189.79,71.78,106.43,4.2959,263.76,108.16,55.387,84.879,186.88
179.31,201.39,10.21,-191.32,73.166,106.35,0.10382,256.72,101.98,54.202,84.968,187.81
181.35,202.35,9.3492,-192.78,74.932,106.19,-4.0378,248.5,95.388,52.908,84.983,188.68
183.34,203.02,8.2889,-194.0,76.89,105.97,-8.1428,239.24,88.762,51.548,84.988,189.55
185.02,203.29,7.2273,-194.83,78.646,105.67,-12.163,229.28,82.465,50.198,85.039,190.4
185.97,203.13,6.3829,-195.12,79.758,105.35,-15.986,219.04,76.709,48.942,85.166,191.14
185.74,202.51,5.8961,-194.65,79.891,105.03,-19.484,208.8,71.539,47.845,85.361,191.69
184.02,201.31,5.7685,-193.2,78.92,104.67,-22.57,198.67,66.891,46.922,85.572,192.03
180.96,199.5,5.8666,-190.77,77.058,104.19,-25.241,188.57,62.626,46.12,85.716,192.14
177.17,197.21,5.9791,-187.71,74.82,103.53,-27.571,178.37,58.55,45.333,85.698,192.01
173.37,194.64,5.9031,-184.48,72.768,102.6,-29.675,167.89,54.426,44.444,85.437,191.56
169.98,191.81,5.5266,-181.3,71.301,101.34,-31.632,157.06,49.997,43.364,84.877,190.61
167.24,188.6,4.8645,-178.23,70.561,99.669,-33.426,145.97,45.047,42.055,83.993,188.76
165.27,185.04,4.0318,-175.36,70.462,97.607,-34.965,134.83,39.512,40.526,82.778,185.55
163.94,181.48,3.1777,-172.74,70.782,95.35,-36.14,123.91,33.578,38.81,81.242,180.71
162.84,178.04,2.4196,-170.23,71.177,93.078,-36.895,113.51,27.647,36.947,79.409,174.45
161.34,174.43,1.7998,-167.47,71.146,90.716,-37.239,103.91,22.131,34.974,77.302,167.35
158.65,170.05,1.2675,-163.85,70.184,87.954,-37.245,95.296,17.262,32.897,74.928,159.99
154.26,164.25,0.69407,-158.82,68.128,84.429,-37.017,87.706,13.081,30.68,72.269,152.7
148.01,156.66,-0.06874,-152.12,65.302,79.901,-36.665,81.052,9.547,28.272,69.297,145.56
139.96,147.2,-1.1159,-143.66,62.085,74.36,-36.262,75.116,6.605,25.657,66.006,138.47
130.37,136.0,-2.4658,-133.51,58.647,67.977,-35.831,69.539,4.1935,22.908,62.421,131.27
120.13,123.59,-4.0876,-122.35,55.158,61.067,-35.356,63.912,2.2287,20.158,58.591,123.83
110.27,111.18,-5.9061,-111.35,51.792,54.135,-34.807,57.944,0.60344,17.518,54.548,116.14
101.17,99.72,-7.796,-101.16,48.643,47.664,-34.168,51.561,-0.79979,15.02,50.322,108.33
92.793,89.483,-9.6441,-91.877,45.816,41.872,-33.448,44.857,-2.0937,12.613,45.99,100.58
85.39,80.58,-11.419,-83.72,43.467,36.747,-32.682,37.965,-3.3702,10.214,41.672,93.052
79.34,73.103,-13.153,-76.959,41.646,32.16,-31.91,31.012,-4.6864,7.7581,37.454,85.84
74.358,66.662,-14.87,-71.237,40.126,27.843,-31.164,24.197,-6.0598,5.2589,33.285,78.933
69.478,60.125,-16.551,-65.425,38.485,23.252,-30.457,17.864,-7.4812,2.8162,28.898,72.199
64.106,52.412,-18.117,-58.611,36.4,18.083,-29.782,12.391,-8.9308,0.56971,23.851,65.543
58.664,44.225,-19.472,-51.526,33.812,13.298,-29.105,7.9685,-10.386,-1.389,17.893,59.236
53.662,37.328,-20.569,-45.711,30.918,9.6078,-28.381,4.5241,-11.824,-3.0585,11.723,53.73
48.899,31.42,-21.432,-40.938,28.05,6.6648,-27.573,1.8313,-13.232,-4.4933,6.6421,48.975
44.131,25.854,-22.122,-36.319,25.488,4.2024,-26.675,-0.35362,-14.618,-5.7532,3.0824,44.475
39.482,20.769,-22.697,-31.686,23.369,2.1482,-25.718,-2.2263,-16.02,-6.8813,0.63387,39.801
35.164,16.392,-23.184,-27.216,21.679,0.46691,-24.758,-3.9248,-17.49,-7.9082,-1.1674,34.801
31.211,12.756,-23.588,-22.999,20.271,-0.88435,-23.864,-5.5394,-19.08,-8.8632,-2.6056,29.557
27.438,9.7572,-23.918,-18.981,18.921,-1.9703,-23.096,-7.1271,-20.824,-9.7826,-3.8429,24.261
23.548,7.2481,-24.204,-15.113,17.424,-2.8833,-22.5,-8.7251,-22.74,-10.712,-4.9854,19.099
19.362,5.0916,-24.496,-11.491,15.713,-3.7297,-22.099,-10.36,-24.82,-11.698,-6.1102,14.216
15.12,3.1676,-24.819,-8.3445,13.903,-4.6009,-21.88,-12.045,-27.031,-12.783,-7.2687,9.738
11.384,1.3677,-25.153,-5.8005,12.194,-5.5437,-21.799,-13.777,-29.302,-13.983,-8.4812,5.7885
8.4403,-0.38872,-25.444,-3.7389,10.7,-6.548,-21.784,-15.521,-31.533,-15.275,-9.7327,2.4535
6.0733,-2.133,-25.624,-1.9206,9.3533,-7.5551,-21.754,-17.208,-33.609,-16.585,-10.975,-0.2609
3.9361,-3.8531,-25.628,-0.16559,8.0047,-8.4903,-21.639,-18.747,-35.434,-17.799,-12.144,-2.4226
1.8399,-5.5264,-25.41,1.5931,6.5601,-9.3063,-21.402,-20.059,-36.962,-18.803,-13.182,-4.1346
-0.2175,-7.147,-24.991,3.3387,5.0502,-10.01,-21.055,-21.117,-38.2,-19.541,-14.066,-5.5029
-2.1367,-8.7271,-24.492,5.0112,3.596,-10.659,-20.652,-21.964,-39.211,-20.042,-14.815,-6.6232
-3.7993,-10.273,-24.098,6.5319,2.3268,-11.323,-20.269,-22.695,-40.073,-20.399,-15.475,-7.5734
-5.1088,-11.758,-23.94,7.8188,1.3315,-12.045,-19.969,-23.414,-40.852,-20.719,-16.092,-8.4067
-6.0135,-13.111,-24.006,8.8085,0.64038,-12.806,-19.771,-24.191,-41.572,-21.07,-16.69,-9.1485
-6.5374,-14.243,-24.16,9.4846,0.20597,-13.527,-19.643,-25.04,-42.215,-21.465,-17.26,-9.801
-6.7897,-15.076,-24.207,9.8886,-0.095468,-14.103,-19.52,-25.917,-42.732,-21.855,-17.767,-10.353
-6.928,-15.577,-23.968,10.103,-0.41712,-14.444,-19.33,-26.737,-43.066,-22.158,-18.163,-10.79
-7.0993,-15.774,-23.343,10.223,-0.87405,-14.521,-19.02,-27.401,-43.171,-22.284,-18.405,-11.104
-7.398,-15.752,-22.357,10.336,-1.4984,-14.375,-18.57,-27.831,-43.029,-22.174,-18.477,-11.293
-7.8518,-15.64,-21.172,10.506,-2.2385,-14.103,-17.999,-27.995,-42.648,-21.826,-18.394,-11.373
-8.4277,-15.573,-20.039,10.767,-2.9907,-13.828,-17.352,-27.921,-42.06,-21.297,-18.198,-11.366
-9.0489,-15.645,-19.185,11.117,-3.6398,-13.645,-16.679,-27.677,-41.299,-20.671,-17.941,-11.301
-9.6165,-15.873,-18.706,11.511,-4.0938,-13.595,-16.005,-27.34,-40.393,-20.026,-17.658,-11.196
-10.035,-16.196,-18.544,11.873,-4.3111,-13.651,-15.324,-26.96,-39.348,-19.402,-17.361,-11.054
-10.236,-16.501,-18.563,12.122,-4.3142,-13.738,-14.606,-26.553,-38.164,-18.804,-17.043,-10.873
-10.195,-16.669,-18.621,12.194,-4.1748,-13.768,-13.82,-26.101,-36.841,-18.217,-16.691,-10.651
-9.932,-16.623,-18.581,12.063,-3.9765,-13.682,-12.964,-25.585,-35.399,-17.632,-16.306,-10.402
-9.5022,-16.351,-18.309,11.749,-3.7744,-13.473,-12.072,-24.994,-33.883,-17.053,-15.905,-10.148
-8.9743,-15.9,-17.76,11.304,-3.583,-13.178,-11.207,-24.338,-32.347,-16.492,-15.511,-9.9149
-8.4183,-15.348,-17.065,10.8,-3.3954,-12.853,-10.435,-23.643,-30.835,-15.958,-15.15,-9.7158
-7.9061,-14.785,-16.424,10.312,-3.2179,-12.542,-9.8004,-22.936,-29.367,-15.448,-14.832,-9.5482
-7.514,-14.287,-15.907,9.9146,-3.0891,-12.258,-9.3045,-22.238,-27.93,-14.954,-14.557,-9.3961
-7.3131,-13.906,-15.407,9.6618,-3.0707,-11.988,-8.9098,-21.553,-26.491,-14.471,-14.307,-9.2381
-7.3458,-13.655,-14.75,9.5767,-3.2187,-11.706,-8.5563,-20.871,-25.022,-13.994,-14.059,-9.0568
-7.61,-13.519,-13.825,9.6466,-3.5568,-11.39,-8.1885,-20.172,-23.513,-13.527,-13.794,-8.8478
-8.0608,-13.465,-12.623,9.8343,-4.0655,-11.037,-7.7744,-19.444,-21.99,-13.07,-13.508,-8.6207
-8.6257,-13.463,-11.214,10.094,-4.6882,-10.661,-7.3107,-18.682,-20.495,-12.621,-13.207,-8.3937
-9.2242,-13.488,-9.7144,10.38,-5.3475,-10.283,-6.8144,-17.883,-19.075,-12.167,-12.904,-8.1813
-9.785,-13.516,-8.2439,10.656,-5.9659,-9.921,-6.3107,-17.049,-17.757,-11.688,-12.607,-7.985
-10.259,-13.528,-6.8953,10.893,-6.4858,-9.582,-5.8201,-16.181,-16.543,-11.165,-12.312,-7.7906
-10.626,-13.506,-5.7166,11.073,-6.8814,-9.2566,-5.3514,-15.281,-15.414,-10.59,-12.013,-7.573
-10.887,-13.433,-4.7128,11.186,-7.1594,-8.9239,-4.8993,-14.354,-14.343,-9.9708,-11.696,-7.3038
-11.05,-13.286,-3.8581,11.223,-7.3476,-8.5543,-4.4463,-13.406,-13.308,-9.3245,-11.345,-6.9588
-11.123,-13.035,-3.1142,11.167,-7.4775,-8.1155,-3.9716,-12.444,-12.301,-8.6703,-10.947,-6.5264
-11.101,-12.647,-2.4469,11.001,-7.5694,-7.5828,-3.4628,-11.487,-11.327,-8.0229,-10.5,-6.0144
-10.975,-12.103,-1.836,10.712,-7.6259,-6.9494,-2.9233,-10.558,-10.405,-7.3908,-10.019,-5.4529
-10.729,-11.399,-1.2776,10.293,-7.6302,-6.2276,-2.3675,-9.683,-9.5547,-6.7736,-9.5273,-4.8861
-10.342,-10.543,-0.7797,9.7422,-7.552,-5.4414,-1.8076,-8.8759,-8.7852,-6.1601,-9.0489,-4.3546
-9.7981,-9.5504,-0.35064,9.0615,-7.3643,-4.6159,-1.2431,-8.1365,-8.0926,-5.5329,-8.5948,-3.8788
-9.1075,-8.4496,0.014655,8.2706,-7.0647,-3.7706,-0.66076,-7.45,-7.4643,-4.8803,-8.1611,-3.4505
-8.3194,-7.2843,0.34286,7.414,-6.6906,-2.919,-0.039654,-6.7984,-6.8863,-4.2076,-7.7337,-3.0421
-7.5178,-6.1126,0.67862,6.5575,-6.3127,-2.0693,0.64045,-6.1683,-6.3479,-3.5391,-7.2964,-2.623
-6.796,-4.9936,1.0696,5.7712,-6.0112,-1.228,1.3899,-5.5551,-5.8428,-2.9105,-6.8416,-2.1761
-6.2285,-3.9731,1.5481,5.1092,-5.8482,-0.40394,2.2,-4.9653,-5.3699,-2.3568,-6.378,-1.7077
-5.8545,-3.0778,2.119,4.6003,-5.85,0.39078,3.0409,-4.4143,-4.9316,-1.9006,-5.9318,-1.2463
-5.6771,-2.3179,2.7578,4.249,-6.0054,1.1413,3.871,-3.9199,-4.5297,-1.5427,-5.5372,-0.83181
-5.6746,-1.6957,3.4192,4.0462,-6.2766,1.8323,4.6534,-3.4924,-4.1612,-1.2607,-5.2234,-0.49848
-5.8168,-1.2179,4.0514,3.9808,-6.617,2.4472,5.3687,-3.1285,-3.8176,-1.0188,-5.004,-0.26129
-6.0799,-0.90094,4.6137,4.049,-6.9882,2.9704,6.0193,-2.8131,-3.4874,-0.78591,-4.8732,-0.10897
-6.4502,-0.76472,5.0923,4.2524,-7.3702,3.3923,6.6271,-2.528,-3.1592,-0.54929,-4.8084,-0.0098535
-6.914,-0.80928,5.5052,4.5839,-7.7592,3.7218,7.2272,-2.2603,-2.8226,-0.31543,-4.7759,0.079531
-7.4417,-0.99692,5.8948,5.0127,-8.1543,3.9907,7.8566,-2.0063,-2.4687,-0.10141,-4.7424,0.19619
-7.9791,-1.2529,6.3084,5.4792,-8.5428,4.2444,8.5361,-1.7715,-2.0929,0.073348,-4.6895,0.35554
-8.4558,-1.4884,6.777,5.9077,-8.8957,4.5194,9.2553,-1.569,-1.698,0.1905,-4.6248,0.54065
-8.8058,-1.6273,7.3024,6.2276,-9.1786,4.8297,9.9721,-1.4144,-1.2951,0.23685,-4.58,0.71097
-8.9872,-1.6169,7.8564,6.3879,-9.3656,5.1701,10.633,-1.3177,-0.89816,0.21393,-4.5974,0.82595
-8.9921,-1.4277,8.3951,6.3658,-9.4496,5.5323,11.198,-1.2741,-0.51677,0.14603,-4.7043,0.86902
-8.8497,-1.0496,8.8818,6.1687,-9.4473,5.917,11.656,-1.2639,-0.15673,0.075495,-4.9001,0.85651
-8.6223,-0.49881,9.3055,5.8341,-9.398,6.3315,12.022,-1.2615,0.18493,0.044639,-5.1548,0.8265
-8.3918,0.17667,9.6806,5.4241,-9.353,6.7787,12.31,-1.2474,0.51191,0.075498,-5.4218,0.81685
-8.2294,0.90397,10.025,5.0044,-9.3546,7.2459,12.522,-1.2176,0.82557,0.15993,-5.6591,0.84578
-8.1641,1.6094,10.335,4.621,-9.4124,7.7037,12.637,-1.1877,1.1239,0.26359,-5.8456,0.90686
-8.1665,2.2372,10.577,4.2859,-9.4935,8.1127,12.62,-1.1813,1.4005,0.3391,-5.9875,0.97672
-8.1599,2.758,10.711,3.982,-9.5338,8.4386,12.444,-1.2199,1.6444,0.34337,-6.1125,1.022
-8.0495,3.1701,10.711,3.6779,-9.4611,8.6659,12.101,-1.3151,1.8423,0.25417,-6.2524,1.0138
-7.7522,3.4938,10.581,3.3395,-9.2181,8.7995,11.615,-1.4652,1.9828,0.078459,-6.4317,0.93643
-7.223,3.7607,10.342,2.9382,-8.7766,8.8573,11.036,-1.6591,2.0579,-0.15405,-6.6594,0.78972
-6.4715,3.9979,10.018,2.4606,-8.1454,8.8552,10.417,-1.8821,2.0605,-0.4081,-6.9264,0.58343
-5.5709,4.2136,9.6198,1.9268,-7.3728,8.7988,9.7956,-2.1229,1.9813,-0.65516,-7.216,0.33027
-4.649,4.3895,9.1397,1.3993,-6.5384,8.6784,9.1819,-2.3783,1.8111,-0.89229,-7.5122,0.03888
-3.8665,4.474,8.5702,0.97825,-5.7441,8.4722,8.5585,-2.6569,1.5437,-1.1383,-7.8051,-0.28749
-3.3864,4.392,7.9275,0.78003,-5.0999,8.1544,7.8936,-2.9769,1.1789,-1.4257,-8.093,-0.65117
-3.335,4.0768,7.2734,0.90152,-4.7106,7.7156,7.1634,-3.3579,0.72304,-1.7838,-8.3793,-1.0532
-3.7584,3.5145,6.7049,1.3776,-4.6474,7.1813,6.3731,-3.8084,0.19097,-2.2196,-8.6674,-1.488
-4.5887,2.7674,6.3085,2.1513,-4.907,6.6122,5.5588,-4.3188,-0.39482,-2.7131,-8.957,-1.94
-5.6446,1.9546,6.1085,3.0783,-5.3963,6.0776,4.7677,-4.8662,-1.0096,-3.2296,-9.2456,-2.3906
-6.673,1.1952,6.0532,3.9708,-5.9498,5.6177,4.0309,-5.428,-1.636,-3.7416,-9.5337,-2.8307
-7.4182,0.56101,6.0395,4.6547,-6.379,5.2203,3.3506,-5.9954,-2.2705,-4.2408,-9.8306,-3.2692
-7.6938,0.062258,5.9535,5.0165,-6.5289,4.831,2.7026,-6.575,-2.9175,-4.7364,-10.15,-3.728
-7.4381,-0.32572,5.7131,5.0239,-6.3255,4.3884,2.056,-7.1799,-3.5825,-5.2409,-10.501,-4.2255
-6.733,-0.62976,5.297,4.7274,-5.7976,3.8634,1.3973,-7.8176,-4.263,-5.7564,-10.872,-4.7607
-5.7827,-0.87103,4.754,4.2504,-5.0688,3.2752,0.73855,-8.4863,-4.9429,-6.2695,-11.235,-5.3083
-4.8563,-1.0819,4.1901,3.7623,-4.3243,2.6786,0.10528,-9.1726,-5.5973,-6.7584,-11.552,-5.8305
-4.2174,-1.3135,3.7339,3.4378,-3.7598,2.1329,-0.47538,-9.8597,-6.1969,-7.2027,-11.789,-6.2956
-4.0612,-1.6264,3.4887,3.4143,-3.5272,1.6757,-0.98116,-10.532,-6.7222,-7.5956,-11.927,-6.6878
-4.4718,-2.0714,3.4868,3.7603,-3.6942,1.3108,-1.3943,-11.176,-7.1651,-7.9346,-11.97,-7.0101
-5.4022,-2.6713,3.6718,4.4577,-4.2203,1.0121,-1.7023,-11.777,-7.5298,-8.2239,-11.94,-7.2792
-6.6767,-3.4115,3.9187,5.403,-4.9625,0.73291,-1.9027,-12.32,-7.8312,-8.4716,-11.87,-7.5175
-8.0293,-4.2431,4.0833,6.4316,-5.7108,0.42137,-2.0108,-12.796,-8.0887,-8.6897,-11.792,-7.7466
-9.1686,-5.0908,4.059,7.3551,-6.2518,0.040122,-2.0599,-13.206,-8.319,-8.8959,-11.726,-7.9823
-9.8446,-5.8595,3.8146,8.0007,-6.4423,-0.41276,-2.0939,-13.557,-8.5322,-9.1054,-11.675,-8.2329
-9.9083,-6.4367,3.3974,8.2412,-6.2433,-0.89306,-2.1543,-13.867,-8.7301,-9.3283,-11.625,-8.498
-9.351,-6.7125,2.9051,8.0215,-5.7127,-1.3209,-2.2654,-14.152,-8.9091,-9.5686,-11.55,-8.7689
-8.3078,-6.6218,2.4462,7.3811,-4.9706,-1.6121,-2.4261,-14.423,-9.0628,-9.8138,-11.423,-9.031
-7.0224,-6.188,2.1078,6.4619,-4.1639,-1.7145,-2.6129,-14.681,-9.1854,-10.043,-11.233,-9.269
-5.7888,-5.5377,1.9363,5.4806,-3.4463,-1.6325,-2.7914,-14.918,-9.2732,-10.234,-10.987,-9.4735
-4.8857,-4.8687,1.9311,4.6798,-2.9522,-1.4256,-2.9308,-15.11,-9.3245,-10.373,-10.71,-9.6442
-4.5178,-4.3908,2.0497,4.268,-2.7733,-1.1874,-3.0133,-15.227,-9.3383,-10.456,-10.429,-9.7881
-4.7659,-4.2558,2.2222,4.3598,-2.9343,-1.0116,-3.0387,-15.241,-9.3136,-10.496,-10.168,-9.9184
-5.5593,-4.508,2.3723,4.932,-3.3777,-0.96271,-3.0253,-15.14,-9.2504,-10.515,-9.938,-10.048
-6.6837,-5.0697,2.4413,5.8233,-3.9689,-1.0581,-2.9995,-14.94,-9.1542,-10.537,-9.7338,-10.184
-7.8324,-5.7586,2.4097,6.7803,-4.5313,-1.2597,-2.9858,-14.677,-9.0299,-10.582,-9.5392,-10.323
-8.6713,-6.3268,2.3033,7.519,-4.9018,-1.4795,-2.9942,-14.385,-8.8806,-10.653,-9.3293,-10.451
-8.9133,-6.5212,2.174,7.7793,-4.97,-1.6028,-3.0086,-14.085,-8.7031,-10.735,-9.0743,-10.54
-8.4045,-6.171,2.0685,7.401,-4.687,-1.533,-2.9953,-13.77,-8.4938,-10.797,-8.7489,-10.56
-7.1905,-5.2616,1.9993,6.3953,-4.0679,-1.2338,-2.9234,-13.421,-8.2428,-10.8,-8.344,-10.49
-5.5144,-3.9518,1.9393,4.9618,-3.1962,-0.75225,-2.7871,-13.014,-7.9498,-10.728,-7.8682,-10.328
-3.7494,-2.5324,1.8446,3.4336,-2.2274,-0.21035,-2.6162,-12.54,-7.6307,-10.598,-7.3519,-10.104
-2.3007,-1.3522,1.6898,2.1861,-1.3631,0.23436,-2.468,-12.012,-7.3164,-10.45,-6.8391,-9.8596
-1.5,-0.71062,1.4905,1.5232,-0.80156,0.45073,-2.4042,-11.459,-7.0424,-10.337,-6.374,-9.6406
-1.4961,-0.74121,1.2997,1.5683,-0.66467,0.38895,-2.4649,-10.922,-6.8364,-10.292,-5.9882,-9.476
-2.1888,-1.3433,1.1815,2.2098,-0.93913,0.09871,-2.6516,-10.432,-6.709,-10.319,-5.6938,-9.367
-3.2442,-2.2103,1.1826,3.1341,-1.477,-0.29699,-2.9286,-10.014,-6.6525,-10.394,-5.4801,-9.2894
-4.2162,-2.9535,1.3148,3.9359,-2.056,-0.65478,-3.2397,-9.6754,-6.6465,-10.479,-5.3231,-9.2075
-4.7319,-3.2688,1.5542,4.2851,-2.4676,-0.86645,-3.5312,-9.4096,-6.6673,-10.547,-5.1951,-9.0924
-4.6454,-3.0721,1.848,4.0683,-2.5984,-0.89894,-3.7706,-9.1963,-6.6968,-10.586,-5.0737,-8.934
-4.0951,-2.5359,2.1292,3.4418,-2.4747,-0.80297,-3.9527,-9.0091,-6.7269,-10.601,-4.953,-8.7438
-3.4349,-2.0063,2.3331,2.7605,-2.2421,-0.6862,-4.0943,-8.824,-6.7579,-10.603,-4.8462,-8.5476
-3.0679,-1.8368,2.4151,2.4148,-2.0916,-0.6686,-4.2178,-8.6257,-6.7922,-10.605,-4.7765,-8.3741
-3.2841,-2.2478,2.3624,2.674,-2.177,-0.83816,-4.3365,-8.4076,-6.8265,-10.603,-4.7619,-8.2405
-4.1669,-3.2642,2.1947,3.6045,-2.5559,-1.2116,-4.4471,-8.1707,-6.8492,-10.585,-4.8022,-8.1404
-5.569,-4.7161,1.9537,5.0511,-3.1657,-1.7235,-4.5352,-7.9199,-6.8446,-10.525,-4.878,-8.0489
-7.1582,-6.2937,1.6879,6.6836,-3.843,-2.2567,-4.5885,-7.6692,-6.8023,-10.399,-4.9617,-7.9378
-8.5269,-7.6418,1.4375,8.1027,-4.3855,-2.6941,-4.6118,-7.4448,-6.7288,-10.201,-5.0348,-7.7959
-9.3155,-8.4659,1.2316,8.9645,-4.6287,-2.96,-4.6339,-7.2814,-6.6507,-9.9504,-5.0987,-7.6427
-9.3168,-8.6118,1.0939,9.0724,-4.5057,-3.0365,-4.6987,-7.2107,-6.6063,-9.6914,-5.1726,-7.5233
-8.5388,-8.1049,1.0493,8.4277,-4.0689,-2.9515,-4.8445,-7.2481,-6.6318,-9.4673,-5.2748,-7.4854
-7.2045,-7.129,1.1176,7.223,-3.4642,-2.7509,-5.0845,-7.3854,-6.7406,-9.298,-5.4087,-7.5521
-5.6696,-5.9529,1.295,5.7789,-2.8673,-2.4831,-5.399,-7.5926,-6.9135,-9.1679,-5.556,-7.7066
-4.2967,-4.8466,1.5396,4.4411,-2.4135,-2.2043,-5.7435,-7.8269,-7.104,-9.0372,-5.6879,-7.9016
-3.352,-4.0286,1.7795,3.4832,-2.164,-1.981,-6.0635,-8.044,-7.2546,-8.8596,-5.7784,-8.0795
-2.9714,-3.6351,1.939,3.0567,-2.1209,-1.8704,-6.3112,-8.2077,-7.3157,-8.6071,-5.8124,-8.1919
-3.1764,-3.7082,1.9701,3.1909,-2.2612,-1.8978,-6.4575,-8.2951,-7.2601,-8.2792,-5.7869,-8.2155
-3.8995,-4.2022,1.8703,3.8152,-2.5528,-2.05,-6.497,-8.2982,-7.0883,-7.897,-5.71,-8.1555
-4.9973,-4.9975,1.6795,4.7872,-2.948,-2.2832,-6.4416,-8.2197,-6.8225,-7.4875,-5.5965,-8.037
-6.2611,-5.9263,1.4604,5.9146,-3.3804,-2.5389,-6.3125,-8.0698,-6.4976,-7.0716,-5.4654,-7.8932
-7.4434,-6.802,1.2703,6.9795,-3.7759,-2.7654,-6.1372,-7.8653,-6.1536,-6.6621,-5.3377,-7.756
-8.3005,-7.457,1.1375,7.7682,-4.0584,-2.9349,-5.952,-7.6323,-5.8308,-6.2707,-5.2337,-7.6519
-8.6414,-7.7786,1.051,8.1146,-4.1501,-3.045,-5.8001,-7.4064,-5.5644,-5.9127,-5.1686,-7.598
-8.3749,-7.7284,0.97089,7.9425,-3.9865,-3.1044,-5.7212,-7.2262,-5.3778,-5.6051,-5.1462,-7.5973
-7.5416,-7.3396,0.85586,7.2899,-3.5477,-3.118,-5.733,-7.1191,-5.2751,-5.3587,-5.1567,-7.6346
-6.3167,-6.7061,0.69057,6.3058,-2.8887,-3.0839,-5.8216,-7.0886,-5.2395,-5.172,-5.1811,-7.6825
-4.9726,-5.9701,0.49802,5.217,-2.1399,-3.0024,-5.946,-7.1116,-5.2403,-5.0327,-5.2019,-7.7103
-3.8087,-5.2948,0.33151,4.2702,-1.4726,-2.8844,-6.0553,-7.1446,-5.2441,-4.9239,-5.2124,-7.6957
-3.0705,-4.8191,0.25203,3.6658,-1.0433,-2.7489,-6.1049,-7.1391,-5.2251,-4.8277,-5.216,-7.6305
-2.8887,-4.6159,0.30192,3.5069,-0.94329,-2.6133,-6.0663,-7.057,-5.1703,-4.7257,-5.219,-7.5188
-3.2581,-4.6771,0.48584,3.7834,-1.1761,-2.4875,-5.9312,-6.8838,-5.0802,-4.6007,-5.2229,-7.3725
-4.0573,-4.9306,0.76728,4.3924,-1.6678,-2.3762,-5.7125,-6.632,-4.9677,-4.4432,-5.2221,-7.2083
-5.0898,-5.2739,1.0827,5.1785,-2.2913,-2.2828,-5.4401,-6.3344,-4.8525,-4.2563,-5.2081,-7.0453
-6.1313,-5.6034,1.3663,5.9716,-2.8977,-2.208,-5.1516,-6.0313,-4.7548,-4.0568,-5.1745,-6.9011
-6.9747,-5.8321,1.5713,6.6155,-3.3578,-2.1465,-4.8803,-5.7587,-4.6901,-3.8706,-5.1204,-6.7862
-7.4704,-5.9005,1.6796,6.9891,-3.5993,-2.0852,-4.6479,-5.5406,-4.6659,-3.7237,-5.0515,-6.701
-7.5479,-5.7824,1.6982,7.0244,-3.6118,-2.0079,-4.4624,-5.3861,-4.6815,-3.6333,-4.979,-6.6358
-7.2164,-5.4872,1.647,6.7178,-3.4252,-1.9058,-4.3228,-5.2906,-4.7299,-3.6022,-4.9159,-6.5779
-6.55,-5.064,1.542,6.1308,-3.0835,-1.7907,-4.2286,-5.2403,-4.8046,-3.6235,-4.8744,-6.5208
-5.668,-4.6006,1.3814,5.3788,-2.6312,-1.7017,-4.1912,-5.2209,-4.9064,-3.6928,-4.8668,-6.4734
-4.7102,-4.205,1.1472,4.6032,-2.1118,-1.6943,-4.2362,-5.2257,-5.0457,-3.8152,-4.9058,-6.4589
-3.8087,-3.9669,0.82488,3.9321,-1.5713,-1.8123,-4.3898,-5.2563,-5.2338,-3.9976,-4.9997,-6.5021
-3.0668,-3.9192,0.42723,3.4479,-1.0595,-2.0575,-4.6569,-5.3148,-5.469,-4.2327,-5.1427,-6.611
-2.5535,-4.0295,0.0047247,3.1781,-0.62833,-2.3814,-5.009,-5.3949,-5.7293,-4.4895,-5.3093,-6.765
-2.3122,-4.2295,-0.36447,3.1146,-0.33347,-2.7071,-5.3928,-5.4772,-5.9789,-4.7215,-5.4618,-6.9203
-2.3774,-4.4651,-0.60187,3.2446,-0.23719,-2.9683,-5.7563,-5.5447,-6.1847,-4.8882,-5.5677,-7.0282
-2.7843,-4.735,-0.66021,3.5766,-0.39886,-3.141,-6.0745,-5.5919,-6.3324,-4.9768,-5.6184,-7.0593
-3.5553,-5.0934,-0.5436,4.1377,-0.84709,-3.2533,-6.3601,-5.6315,-6.4335,-5.01,-5.6363,-7.0175
-4.6623,-5.613,-0.30822,4.9395,-1.5489,-3.3687,-6.6521,-5.69,-6.5177,-5.0359,-5.6644,-6.937
-5.9856,-6.3251,-0.045145,5.9287,-2.3971,-3.5488,-6.988,-5.7906,-6.6138,-5.1011,-5.7414,-6.8612
-7.3017,-7.1664,0.15051,6.9596,-3.2241,-3.8118,-7.3754,-5.9336,-6.7295,-5.2215,-5.8769,-6.8168
-8.3203,-7.9707,0.21385,7.8137,-3.8397,-4.11,-7.7784,-6.0888,-6.8417,-5.3683,-6.0418,-6.798
-8.7763,-8.5232,0.13211,8.2709,-4.0895,-4.3469,-8.1307,-6.2047,-6.9065,-5.4814,-6.1817,-6.7708
-8.5401,-8.6543,-0.054988,8.1976,-3.9163,-4.425,-8.3687,-6.2327,-6.8835,-5.5023,-6.2457,-6.6955
-7.6802,-8.3208,-0.27149,7.6093,-3.3945,-4.2976,-8.4682,-6.1534,-6.7607,-5.4077,-6.2154,-6.5526
-6.4499,-7.6346,-0.42599,6.6762,-2.7147,-3.9944,-8.4614,-5.9896,-6.5652,-5.2251,-6.1167,-6.357
-5.2038,-6.8235,-0.43311,5.669,-2.1213,-3.6103,-8.4233,-5.8,-6.3535,-5.0248,-6.01,-6.1537
-4.2756,-6.139,-0.23664,4.8629,-1.8255,-3.2612,-8.4357,-5.6544,-6.1873,-4.8897,-5.9632,-5.9949
-3.8703,-5.7533,0.17424,4.4419,-1.9332,-3.0285,-8.5454,-5.6011,-6.1068,-4.8743,-6.0175,-5.9157
-4.0217,-5.7019,0.76587,4.4537,-2.4214,-2.9255,-8.7385,-5.6435,-6.1112,-4.975,-6.1663,-5.9145
-4.6224,-5.8997,1.4747,4.8249,-3.1732,-2.8993,-8.9429,-5.737,-6.1572,-5.1294,-6.3593,-5.9515
-5.4911,-6.2077,2.2246,5.416,-4.0441,-2.8659,-9.0554,-5.8102,-6.1744,-5.2446,-6.5274,-5.9669
-6.454,-6.5093,2.9407,6.0933,-4.9102,-2.7588,-8.9864,-5.7891,-6.0933,-5.2363,-6.6131,-5.9053
-7.4182,-6.7702,3.562,6.7971,-5.6877,-2.5615,-8.6985,-5.6255,-5.874,-5.0613,-6.5948,-5.7375
-8.3953,-7.0496,4.0483,7.5573,-6.3551,-2.3137,-8.2238,-5.3133,-5.5225,-4.734,-6.4964,-5.471
-9.4481,-7.4542,4.3809,8.4425,-6.9533,-2.0931,-7.6506,-4.8909,-5.0863,-4.3219,-6.3782,-5.1475
-10.594,-8.0632,4.5553,9.4721,-7.5322,-1.98,-7.0878,-4.4215,-4.635,-3.9219,-6.3111,-4.8283
-11.721,-8.852,4.5778,10.542,-8.0782,-2.0174,-6.6234,-3.9742,-4.237,-3.6254,-6.3461,-4.5741
-12.589,-9.6532,4.4683,11.423,-8.4912,-2.1778,-6.2927,-3.602,-3.9404,-3.4815,-6.4932,-4.4247
-12.913,-10.199,4.2624,11.843,-8.6281,-2.366,-6.072,-3.3272,-3.763,-3.4777,-6.7214,-4.3868
-12.488,-10.233,4.0061,11.6,-8.3731,-2.4629,-5.9022,-3.1394,-3.6938,-3.5533,-6.9777,-4.4391
-11.268,-9.6195,3.743,10.637,-7.6921,-2.3856,-5.727,-3.0075,-3.7075,-3.6383,-7.2165,-4.5493
-9.3971,-8.4099,3.5036,9.0705,-6.6604,-2.1251,-5.524,-2.9001,-3.7808,-3.6907,-7.4209,-4.6891
-7.1968,-6.8353,3.3012,7.1774,-5.4514,-1.744,-5.3084,-2.8002,-3.9017,-3.7093,-7.6039,-4.8399
-5.0936,-5.2352,3.136,5.3294,-4.2857,-1.3419,-5.1123,-2.7062,-4.0668,-3.7186,-7.7938,-4.9881
-3.4908,-3.9446,3.0037,3.886,-3.3639,-1.0161,-4.9563,-2.6189,-4.2697,-3.7429,-8.013,-5.1199
-2.6575,-3.1959,2.8996,3.0947,-2.8193,-0.83426,-4.8306,-2.5298,-4.4932,-3.7872,-8.265,-5.2212
-2.6881,-3.0756,2.8214,3.0463,-2.7088,-0.82332,-4.6978,-2.4224,-4.7104,-3.836,-8.5341,-5.2825
-3.5198,-3.5391,2.7711,3.6863,-3.0254,-0.97093,-4.5126,-2.2855,-4.8958,-3.8658,-8.7973,-5.3066
-4.9607,-4.4494,2.7555,4.848,-3.6949,-1.2384,-4.2459,-2.1238,-5.037,-3.8588,-9.0365,-5.31
-6.7112,-5.6104,2.7805,6.2873,-4.5659,-1.5732,-3.8995,-1.9538,-5.1408,-3.8102,-9.2445,-5.3179
-8.3928,-6.7874,2.8396,7.7077,-5.4356,-1.9186,-3.5054,-1.7936,-5.2313,-3.7295,-9.4239,-5.3543
-9.6135,-7.7322,2.9019,8.7963,-6.095,-2.2253,-3.1133,-1.6548,-5.3416,-3.6398,-9.5775,-5.4291
-10.092,-8.2541,2.9126,9.3076,-6.3791,-2.4548,-2.7726,-1.5482,-5.501,-3.5709,-9.7012,-5.5303
-9.7708,-8.2848,2.8146,9.1572,-6.2158,-2.5808,-2.513,-1.4807,-5.7228,-3.5467,-9.782,-5.6262
-8.8111,-7.8783,2.5839,8.4464,-5.6537,-2.5964,-2.3345,-1.4487,-5.9977,-3.5736,-9.8049,-5.6758
-7.5281,-7.1814,2.2567,7.4209,-4.8616,-2.527,-2.2115,-1.4359,-6.2989,-3.6398,-9.7624,-5.6451
-6.3085,-6.417,1.9249,6.4078,-4.0889,-2.4267,-2.1064,-1.4214,-6.594,-3.7256,-9.6629,-5.5202
-5.5019,-5.829,1.6944,5.7117,-3.5881,-2.3507,-1.9828,-1.3907,-6.8531,-3.8107,-9.528,-5.3093
-5.2906,-5.5757,1.6352,5.4875,-3.5146,-2.3258,-1.8125,-1.3381,-7.0486,-3.8723,-9.3786,-5.0338
-5.6232,-5.6457,1.7509,5.6834,-3.8462,-2.3349,-1.5778,-1.2605,-7.1537,-3.8805,-9.2214,-4.715
-6.2157,-5.8564,1.9676,6.0707,-4.3651,-2.3249,-1.2682,-1.1494,-7.147,-3.8009,-9.0427,-4.3653
-6.644,-5.9398,2.1533,6.3294,-4.7375,-2.2322,-0.87641,-0.98908,-7.0189,-3.6036,-8.8143,-3.9856
-6.5322,-5.6667,2.173,6.1799,-4.6645,-2.0126,-0.39465,-0.7621,-6.7739,-3.2732,-8.506,-3.5677
-5.7194,-4.951,1.9536,5.506,-4.0154,-1.661,0.18472,-0.45636,-6.4255,-2.8138,-8.0998,-3.1001
-4.3237,-3.8888,1.5214,4.4075,-2.8838,-1.2169,0.86645,-0.068495,-5.9887,-2.2484,-7.5991,-2.5772
-2.7033,-2.7198,0.99307,3.1646,-1.5583,-0.75093,1.6519,0.4007,-5.4758,-1.6125,-7.0293,-2.0053
-1.3317,-1.7309,0.5303,2.1342,-0.42149,-0.33818,2.5437,0.95507,-4.8939,-0.94451,-6.4287,-1.4044
-0.61228,-1.1367,0.27878,1.6054,0.19928,-0.025813,3.5536,1.6075,-4.2441,-0.27286,-5.8349,-0.80238
-0.70418,-0.98956,0.31292,1.6722,0.17314,0.18508,4.7067,2.3768,-3.5208,0.39361,-5.2727,-0.22561
-1.4515,-1.1608,0.60513,2.1891,-0.38045,0.33408,6.0422,3.2829,-2.7102,1.0698,-4.7472,0.31144
-2.4589,-1.4004,1.0349,2.8389,-1.1518,0.47816,7.6083,4.3492,-1.7888,1.7931,-4.2437,0.81092
-3.2503,-1.4366,1.4391,3.2631,-1.7786,0.66562,9.4516,5.6111,-0.72373,2.6171,-3.7314,1.2931
-3.4265,-1.0754,1.6821,3.1852,-1.9652,0.9219,11.603,7.1213,0.52676,3.6007,-3.17,1.7916
-2.7937,-0.26872,1.7087,2.4974,-1.577,1.2473,14.068,8.9434,2.0121,4.7963,-2.5183,2.3446
-1.4483,0.86608,1.5533,1.3042,-0.69884,1.6217,16.815,11.135,3.7879,6.2416,-1.7398,2.9863
0.24132,2.095,1.3095,-0.10909,0.39059,2.0121,19.796,13.73,5.9139,7.9605,-0.80271,3.7409
1.8035,3.1667,1.0802,-1.3964,1.351,2.3815,22.957,16.726,8.4494,9.9713,0.32733,4.6227
2.8904,3.9073,0.92937,-2.2964,1.954,2.6982,26.275,20.092,11.445,12.294,1.6951,5.6411
3.3878,4.2682,0.86338,-2.712,2.1654,2.9448,29.753,23.794,14.933,14.945,3.3567,6.8056
3.3811,4.3287,0.84723,-2.7116,2.0891,3.1245,33.414,27.833,18.92,17.918,5.3743,8.1305
3.0839,4.2633,0.83883,-2.4873,1.8735,3.2666,37.271,32.273,23.378,21.168,7.8116,9.6393
2.7789,4.2825,0.82836,-2.2906,1.6507,3.426,41.308,37.191,28.221,24.599,10.722,11.362
2.7504,4.5678,0.85415,-2.3611,1.5217,3.6687,45.474,42.566,33.281,28.071,14.102,13.314
3.1918,5.2171,0.97462,-2.8575,1.5423,4.0467,49.702,48.194,38.318,31.431,17.835,15.474
4.1224,6.2255,1.2199,-3.8064,1.7028,4.5735,53.921,53.725,43.091,34.561,21.685,17.761
5.4172,7.512,1.5616,-5.1197,1.9594,5.2168,58.06,58.826,47.432,37.404,25.402,20.059
6.98,8.9861,1.9155,-6.6984,2.3168,5.9147,62.041,63.314,51.283,39.955,28.827,22.26
8.8867,10.61,2.1724,-8.5392,2.8816,6.6061,65.8,67.173,54.674,42.253,31.92,24.309
11.367,12.421,2.2411,-10.753,3.8285,7.2587,69.31,70.489,57.687,44.356,34.735,26.225
14.656,14.502,2.0849,-13.488,5.3136,7.8795,72.585,73.388,60.415,46.326,37.374,28.09
18.802,16.922,1.7347,-16.821,7.395,8.5061,75.657,75.976,62.928,48.205,39.935,30.007
23.54,19.682,1.2756,-20.655,9.9599,9.1843,78.548,78.301,65.248,49.994,42.479,32.051
28.34,22.674,0.81462,-24.691,12.711,9.9401,81.245,80.334,67.349,51.657,45.006,34.232
32.691,25.686,0.44056,-28.532,15.277,10.759,83.681,81.977,69.162,53.127,47.459,36.479
36.353,28.483,0.18952,-31.876,17.414,11.582,85.746,83.096,70.595,54.333,49.739,38.664
39.385,30.912,0.031409,-34.642,19.113,12.336,87.296,83.553,71.56,55.217,51.746,40.641
42.009,32.951,-0.11068,-36.942,20.555,12.963,88.15,83.238,72.003,55.756,53.414,42.3
44.473,34.696,-0.31864,-38.967,21.981,13.448,88.064,82.069,71.928,55.977,54.732,43.605
46.938,36.29,-0.64115,-40.896,23.589,13.819,86.716,79.997,71.408,55.949,55.744,44.594
49.422,37.844,-1.0772,-42.813,25.44,14.125,83.79,77.052,70.556,55.764,56.527,45.355
51.782,39.369,-1.581,-44.669,27.424,14.402,79.139,73.402,69.487,55.502,57.16,45.99
53.782,40.75,-2.083,-46.291,29.287,14.654,72.907,69.316,68.272,55.205,57.688,46.575
55.195,41.807,-2.5219,-47.477,30.755,14.842,65.507,65.028,66.93,54.874,58.108,47.146
55.91,42.397,-2.8804,-48.099,31.675,14.914,57.472,60.616,65.444,54.491,58.394,47.709
55.997,42.494,-3.2011,-48.181,32.093,14.833,49.303,56.017,63.792,54.051,58.519,48.253
55.703,42.211,-3.5721,-47.891,32.224,14.602,41.439,51.123,61.979,53.57,58.487,48.771
55.363,41.74,-4.0976,-47.483,32.358,14.249,34.301,45.871,60.031,53.087,58.338,49.26
55.273,41.261,-4.8742,-47.197,32.749,13.808,28.247,40.306,57.989,52.637,58.125,49.714
55.604,40.863,-5.9747,-47.172,33.535,13.291,23.375,34.583,55.881,52.236,57.884,50.126
56.35,40.502,-7.4304,-47.401,34.688,12.678,19.398,28.916,53.704,51.867,57.617,50.48
57.34,40.025,-9.2114,-47.744,36.052,11.928,15.86,23.518,51.412,51.487,57.291,50.752
58.304,39.233,-11.22,-47.979,37.421,11.003,12.525,18.558,48.923,51.049,56.858,50.911
58.979,37.972,-13.31,-47.899,38.628,9.8884,9.4343,14.157,46.136,50.513,56.281,50.921
59.206,36.211,-15.327,-47.394,39.578,8.6044,6.6943,10.378,42.964,49.852,55.539,50.744
58.969,34.057,-17.174,-46.485,40.252,7.2044,4.3478,7.2217,39.377,49.055,54.624,50.347
58.372,31.685,-18.842,-45.289,40.695,5.7525,2.3704,4.6257,35.446,48.112,53.519,49.706
57.565,29.234,-20.389,-43.934,40.984,4.2995,0.70715,2.4895,31.355,47.009,52.186,48.797
56.691,26.746,-21.878,-42.488,41.203,2.8696,-0.7,0.70052,27.339,45.705,50.551,47.571
55.872,24.18,-23.353,-40.932,41.432,1.4675,-1.9003,-0.84727,23.582,44.131,48.488,45.928
55.184,21.47,-24.815,-39.173,41.755,0.097547,-2.9316,-2.2508,20.123,42.189,45.865,43.7
54.619,18.598,-26.222,-37.064,42.237,-1.2221,-3.8228,-3.6016,16.867,39.779,42.643,40.73
54.027,15.631,-27.514,-34.445,42.825,-2.4592,-4.5973,-4.9841,13.674,36.835,38.947,37.024
53.151,12.724,-28.658,-31.223,43.323,-3.5785,-5.2791,-6.467,10.471,33.347,34.96,32.803
51.733,10.059,-29.627,-27.46,43.534,-4.5513,-5.8971,-8.0923,7.2884,29.374,30.781,28.338
49.558,7.7545,-30.338,-23.417,43.303,-5.3614,-6.4877,-9.8758,4.2268,25.02,26.412,23.786
46.463,5.7994,-30.639,-19.425,42.465,-6.0108,-7.0932,-11.819,1.375,20.412,21.855,19.194
42.373,4.0721,-30.374,-15.689,40.891,-6.5243,-7.7551,-13.925,-1.2423,15.696,17.202,14.614
37.353,2.4126,-29.451,-12.22,38.544,-6.9468,-8.5025,-16.199,-3.663,11.044,12.654,10.164
31.603,0.69502,-27.877,-8.9399,35.476,-7.3303,-9.3396,-18.651,-5.9595,6.6446,8.432,6.0117
25.436,-1.1293,-25.773,-5.8097,31.799,-7.718,-10.24,-21.275,-8.2122,2.6601,4.6887,2.2955
19.247,-3.0283,-23.351,-2.8685,27.665,-8.1336,-11.152,-24.041,-10.497,-0.82331,1.4715,-0.9363
13.428,-4.9176,-20.888,-0.2031,23.267,-8.5842,-12.015,-26.897,-12.88,-3.8146,-1.2537,-3.7184
8.2963,-6.7056,-18.67,2.1096,18.857,-9.0698,-12.776,-29.769,-15.409,-6.3887,-3.5593,-6.1253
4.0249,-8.3336,-16.921,4.0463,14.717,-9.5896,-13.403,-32.577,-18.094,-8.6402,-5.5176,-8.2292
0.63639,-9.7962,-15.731,5.6504,11.04,-10.138,-13.883,-35.234,-20.876,-10.65,-7.1831,-10.082
-1.9571,-11.133,-15.011,7.0109,7.8358,-10.698,-14.202,-37.646,-23.625,-12.471,-8.5942,-11.713
-3.9087,-12.404,-14.492,8.2325,5.0568,-11.24,-14.344,-39.727,-26.169,-14.123,-9.7843,-13.143
-5.4418,-13.664,-13.799,9.4194,2.7288,-11.745,-14.302,-41.421,-28.369,-15.603,-10.79,-14.385
-6.8341,-14.961,-12.639,10.673,0.83808,-12.21,-14.093,-42.737,-30.192,-16.905,-11.653,-15.456
-8.2971,-16.337,-11.031,12.063,-0.76249,-12.656,-13.776,-43.756,-31.719,-18.054,-12.426,-16.389
-9.8569,-17.789,-9.3165,13.567,-2.2056,-13.111,-13.434,-44.61,-33.096,-19.103,-13.157,-17.24
-11.361,-19.234,-7.8778,15.061,-3.4848,-13.579,-13.145,-45.434,-34.462,-20.117,-13.886,-18.069
-12.578,-20.493,-6.8821,16.357,-4.4895,-14.022,-12.947,-46.32,-35.887,-21.139,-14.626,-18.928
-13.307,-21.348,-6.268,17.271,-5.1129,-14.363,-12.84,-47.303,-37.356,-22.189,-15.367,-19.839
-13.475,-21.644,-5.8572,17.692,-5.3422,-14.525,-12.79,-48.372,-38.803,-23.272,-16.088,-20.801
-13.185,-21.375,-5.4533,17.654,-5.2893,-14.47,-12.761,-49.488,-40.157,-24.397,-16.78,-21.799
-12.707,-20.704,-4.9038,17.349,-5.1619,-14.225,-12.723,-50.599,-41.382,-25.587,-17.452,-22.82
-12.388,-19.913,-4.1357,17.065,-5.1943,-13.871,-12.658,-51.646,-42.482,-26.864,-18.123,-23.852
-12.533,-19.307,-3.1654,17.086,-5.5662,-13.519,-12.555,-52.566,-43.487,-28.219,-18.812,-24.883
-13.304,-19.126,-2.0845,17.596,-6.3422,-13.269,-12.411,-53.313,-44.429,-29.604,-19.522,-25.895
-14.686,-19.488,-1.0267,18.628,-7.4567,-13.195,-12.23,-53.866,-45.331,-30.947,-20.243,-26.866
-16.499,-20.364,-0.12724,20.067,-8.7421,-13.322,-12.021,-54.238,-46.191,-32.179,-20.951,-27.77
-18.446,-21.596,0.51338,21.685,-9.9841,-13.62,-11.791,-54.455,-46.983,-33.252,-21.619,-28.579
-20.194,-22.953,0.85401,23.206,-10.984,-14.019,-11.542,-54.555,-47.668,-34.157,-22.22,-29.275
-21.484,-24.197,0.92493,24.388,-11.618,-14.421,-11.287,-54.589,-48.226,-34.933,-22.741,-29.862
-22.229,-25.154,0.82165,25.116,-11.876,-14.737,-11.051,-54.625,-48.672,-35.672,-23.192,-30.366
-22.543,-25.747,0.68068,25.428,-11.865,-14.908,-10.874,-54.736,-49.051,-36.487,-23.597,-30.83
-22.668,-25.986,0.64414,25.476,-11.76,-14.914,-10.782,-54.974,-49.415,-37.466,-23.981,-31.286
-22.846,-25.933,0.82053,25.426,-11.731,-14.759,-10.769,-55.339,-49.795,-38.63,-24.345,-31.731
-23.206,-25.649,1.2524,25.368,-11.865,-14.447,-10.784,-55.773,-50.186,-39.913,-24.664,-32.118
-23.712,-25.161,1.909,25.281,-12.144,-13.967,-10.746,-56.179,-50.555,-41.185,-24.889,-32.37
-24.211,-24.476,2.7105,25.079,-12.487,-13.311,-10.585,-56.467,-50.867,-42.318,-24.975,-32.414
-24.497,-23.608,3.5675,24.69,-12.805,-12.493,-10.265,-56.598,-51.105,-43.236,-24.904,-32.213
-24.408,-22.604,4.4103,24.096,-13.038,-11.56,-9.8086,-56.594,-51.283,-43.943,-24.7,-31.79
-23.948,-21.54,5.2006,23.34,-13.163,-10.58,-9.2766,-56.528,-51.439,-44.506,-24.424,-31.211
-23.283,-20.5,5.9305,22.52,-13.187,-9.6259,-8.7387,-56.48,-51.615,-45.017,-24.152,-30.565
-22.613,-19.557,6.6135,21.746,-13.146,-8.7527,-8.2381,-56.502,-51.844,-45.555,-23.959,-29.936
-22.072,-18.755,7.265,21.094,-13.088,-7.9881,-7.7757,-56.592,-52.137,-46.162,-23.899,-29.389
-21.708,-18.102,7.8862,20.586,-13.063,-7.3335,-7.3159,-56.701,-52.479,-46.833,-23.996,-28.962
-21.509,-17.584,8.4634,20.205,-13.113,-6.775,-6.807,-56.748,-52.829,-47.521,-24.241,-28.663
-21.439,-17.185,8.9843,19.924,-13.261,-6.2959,-6.2046,-56.649,-53.133,-48.147,-24.586,-28.466
-21.471,-16.903,9.4546,19.734,-13.515,-5.8806,-5.4902,-56.346,-53.333,-48.61,-24.946,-28.31
-21.607,-16.751,9.903,19.65,-13.875,-5.5118,-4.6834,-55.833,-53.386,-48.792,-25.195,-28.09
-21.869,-16.738,10.376,19.696,-14.333,-5.1663,-3.8511,-55.178,-53.278,-48.558,-25.172,-27.664
-22.255,-16.848,10.911,19.866,-14.851,-4.8185,-3.1115,-54.55,-53.038,-47.769,-24.702,-26.852
-22.687,-17.028,11.49,20.093,-15.324,-4.4572,-2.6357,-54.215,-52.746,-46.331,-23.64,-25.48
-22.979,-17.196,11.972,20.248,-15.586,-4.1126,-2.6361,-54.511,-52.555,-44.412,-22.02,-23.49
-22.879,-17.27,12.079,20.171,-15.471,-3.8816,-3.326,-55.778,-52.704,-42.803,-20.802,-21.189
-22.16,-17.185,11.453,19.725,-14.88,-3.9241,-4.8597,-58.272,-53.511,-42.484,-26.201,-19.849
-20.726,-16.894,9.7602,18.832,-13.775,-4.3946,-7.2724,-62.158,-55.352,-43.098,-38.596,-24.362
-18.737,-16.367,6.765,17.506,-12.326,-5.3489,-8.7035,-67.635,-58.774,-43.016,-44.002,-39.507
-17.225,-15.589,2.5507,15.887,-14.061,-6.8541,0.14156,-73.058,-64.624,-40.754,-46.939,-46.957
-23.161,-14.579,2.5018,14.363,-13.226,-9.1821,3.7545,-72.323,-68.527,-35.736,-46.317,-47.668
-28.89,-13.39,6.7422,14.322,-14.562,-8.3465,5.3671,-69.086,-63.277,-28.543,-39.868,-43.939
-30.466,-12.092,14.587,21.56,-18.894,-4.9525,5.5724,-68.071,-56.171,-20.662,-25.82,-34.292
-31.18,-10.713,23.221,27.394,-24.038,-0.24486,3.0229,-72.287,-51.7,-13.649,-3.6682,-17.47
-28.585,-9.1574,28.033,21.776,-25.935,3.729,-4.9511,-84.428,-53.259,-8.445,25.699,6.6896
-20.099,-6.9725,23.825,13.312,-20.189,4.4311,-23.11,-106.1,-63.494,-5.2328,60.37,36.921
-3.5486,-2.8467,6.3177,3.3415,-3.4712,-0.67333,-56.716,-136.82,-83.516,-3.4479,97.538,71.041
23.061,-4.9329,-26.732,-8.584,26.058,-14.382,-100.84,-175.05,-112.61,-2.0239,134.25,107.21
61.119,-11.858,-74.818,-23.941,68.514,-39.554,-145.96,-220.01,-148.64,-0.14793,168.65,144.72
110.69,-19.483,-134.31,-44.511,122.4,-74.658,-194.81,-272.64,-189.29,2.1513,200.19,183.93
170.76,-23.239,-199.61,-71.874,185.05,-109.46,-249.33,-335.72,-233.55,4.1127,228.74,225.99
239.18,-19.51,-265.0,-107.08,252.4,-139.64,-310.44,-413.52,-281.42,4.9501,255.19,272.89
312.46,-5.8976,-325.52,-150.68,320.0,-163.61,-379.38,-510.88,-332.93,3.5771,285.89,327.71
388.67,20.709,-377.04,-202.91,384.41,-177.8,-457.0,-631.37,-388.87,0.44658,324.61,393.51
467.92,63.667,-415.79,-263.85,443.14,-177.27,-543.11,-774.9,-450.45,1.448,375.22,472.12
548.73,124.15,-438.54,-333.18,494.01,-159.37,-636.08,-936.48,-517.86,4.6665,440.22,563.73
627.59,200.74,-443.24,-408.73,534.84,-123.31,-732.34,-1107.8,-590.03,12.465,518.5,665.55
701.62,287.58,-429.98,-487.45,564.55,-71.373,-827.14,-1280.5,-666.32,25.484,603.8,770.72
767.86,378.73,-402.69,-564.52,583.64,-9.8675,-916.26,-1448.0,-748.23,41.474,684.41,868.22
822.56,464.13,-368.61,-632.93,594.1,51.223,-997.09,-1606.7,-839.52,53.803,744.73,944.17
861.58,530.35,-337.64,-684.32,598.7,99.681,-1068.7,-1754.6,-943.89,51.237,768.54,984.13
880.58,563.8,-319.91,-710.15,600.0,124.03,-1130.7,-1888.7,-1061.4,22.349,743.38,976.46
875.49,555.02,-321.65,-703.58,598.88,117.54,-1181.5,-2002.1,-1185.5,-40.73,665.09,915.88
843.09,502.87,-341.21,-661.99,592.82,81.198,-1216.4,-2084.1,-1303.7,-136.11,540.43,806.22
781.44,416.18,-368.1,-588.53,575.5,24.496,-1229.2,-2123.1,-1399.9,-240.21,385.72,660.41
691.08,311.1,-386.46,-491.61,539.2,-37.125,-1214.5,-2112.0,-1460.6,-340.9,221.64,497.11
576.7,205.46,-382.08,-382.59,479.33,-87.974,-1170.8,-2051.6,-1479.3,-428.05,66.5,335.13
447.22,112.84,-349.03,-272.63,397.78,-118.0,-1101.8,-1951.1,-1459.2,-498.5,-68.567,188.26
313.64,39.125,-291.22,-169.98,302.16,-125.75,-1014.5,-1825.0,-1411.8,-555.76,-180.94,62.917
186.34,-16.846,-219.74,-79.149,202.87,-117.44,-917.62,-1688.7,-1351.6,-606.2,-274.27,-40.563
73.106,-60.231,-148.29,-1.5344,110.43,-103.02,-819.48,-1554.7,-1290.7,-654.7,-353.86,-124.97
-21.319,-96.946,-88.627,63.488,33.133,-91.673,-726.81,-1431.3,-1236.1,-702.65,-422.57,-194.02
-94.975,-131.37,-47.276,117.22,-24.712,-88.522,-644.04,-1322.8,-1189.7,-747.98,-480.76,-251.06
-148.02,-165.18,-25.438,160.52,-62.687,-94.872,-573.57,-1230.2,-1150.0,-786.0,-527.5,-297.77
-182.39,-197.91,-20.89,193.75,-82.725,-109.46,-516.69,-1152.5,-1114.2,-811.7,-561.19,-334.11
-201.46,-228.39,-29.571,217.64,-88.054,-129.12,-474.71,-1088.2,-1079.4,-821.83,-580.64,-359.56
-208.72,-254.96,-46.792,233.6,-82.8,-148.53,-447.91,-1035.4,-1042.7,-815.85,-586.18,-374.22
-207.19,-275.13,-68.118,242.79,-70.974,-164.74,-433.8,-991.34,-1001.9,-795.74,-579.53,-379.18
-199.71,-288.43,-90.054,246.14,-55.663,-180.33,-429.45,-952.35,-956.85,-764.85,-563.24,-376.27
-188.92,-297.38,-110.98,245.38,-39.632,-196.61,-431.8,-915.06,-908.62,-726.99,-540.28,-367.7
-176.8,-303.28,-129.17,242.06,-24.711,-211.09,-436.67,-877.1,-858.94,-685.7,-513.7,-355.28
-163.38,-305.64,-143.44,236.35,-10.973,-221.37,-439.6,-836.53,-808.85,-643.51,-485.87,-339.86
-148.03,-303.66,-153.72,228.13,2.2072,-226.69,-436.81,-791.33,-758.3,-601.53,-458.02,-321.9
-133.26,-296.57,-158.93,217.75,11.845,-226.45,-425.93,-739.67,-706.17,-559.67,-430.27,-301.89
-121.91,-284.0,-158.02,205.71,15.722,-220.09,-407.48,-680.73,-651.06,-517.28,-402.1,-280.43
-112.96,-266.23,-151.12,192.4,14.471,-207.8,-383.21,-615.34,-592.17,-473.67,-372.52,-258.08
-104.59,-244.06,-138.79,177.7,6.2119,-190.62,-353.04,-545.88,-530.11,-428.54,-340.67,-235.17
-95.467,-218.51,-122.26,161.14,-1.4555,-170.01,-317.5,-475.56,-466.87,-382.55,-307.02,-211.81
-85.283,-190.84,-103.45,142.72,-4.011,-147.59,-278.41,-407.61,-405.25,-337.07,-273.12,-188.41
-74.954,-162.83,-84.374,123.5,-5.1254,-124.92,-239.12,-344.61,-347.95,-293.62,-240.51,-165.86
-65.799,-136.5,-66.733,105.35,-5.9586,-103.39,-202.92,-288.21,-296.93,-253.41,-210.16,-145.0
-58.477,-113.34,-51.567,89.748,-6.7341,-84.046,-171.23,-239.07,-253.05,-217.33,-182.59,-126.24
-52.894,-93.976,-39.081,77.189,-7.5371,-67.438,-143.95,-196.98,-216.11,-185.82,-158.08,-109.65
-48.539,-78.313,-28.94,67.401,-8.3945,-53.696,-120.13,-161.18,-185.18,-159.06,-136.73,-95.114
-44.647,-65.786,-20.971,59.719,-9.27,-42.641,-98.754,-130.62,-158.98,-136.89,-118.49,-82.504
-40.454,-55.586,-15.031,53.315,-10.078,-33.94,-79.854,-104.24,-136.28,-118.9,-103.21,-71.716
-35.672,-46.94,-10.706,47.352,-10.717,-27.19,-64.521,-81.123,-116.16,-104.4,-90.561,-62.602
-30.688,-39.235,-7.5779,40.981,-11.116,-21.91,-53.231,-60.631,-98.071,-92.479,-80.057,-54.874
-26.089,-31.851,-5.426,33.597,-11.26,-17.528,-45.081,-42.406,-81.78,-82.161,-71.062,-48.08
-22.22,-24.463,-4.3384,26.286,-11.199,-13.605,-38.86,-26.351,-67.34,-72.584,-62.931,-41.724
-19.181,-19.16,-3.8374,21.015,-11.027,-11.19,-33.945,-12.661,-55.022,-63.21,-55.181,-35.466
-16.934,-16.444,-1.7911,17.679,-10.851,-10.256,-30.184,-2.8749,-45.156,-54.063,-47.667,-29.129
-15.369,-14.492,0.079551,15.491,-10.749,-8.903,-28.323,-0.054965,-37.865,-45.934,-40.67,-23.166
-14.325,-12.875,1.2717,13.996,-10.738,-7.4577,-26.881,-0.035081,-32.847,-40.029,-34.668,-18.571
-13.6,-11.52,2.1002,12.908,-10.767,-6.1761,-24.351,1.3587,-28.627,-36.196,-29.943,-15.389
-12.979,-10.314,2.7023,12.0,-10.749,-5.0664,-21.445,3.7387,-23.935,-32.642,-26.422,-13.136
-12.289,-9.129,3.1192,11.096,-10.604,-4.068,-18.736,6.5681,-19.399,-28.655,-23.702,-11.456
-11.455,-7.8843,3.3812,10.112,-10.296,-3.1288,-16.362,9.6835,-15.619,-24.835,-21.476,-10.16
-10.514,-6.587,3.5324,9.0649,-9.8512,-2.2348,-14.289,13.06,-12.637,-21.644,-19.657,-9.1472
-9.5883,-5.3222,3.6269,8.0508,-9.3528,-1.4099,-12.459,16.701,-10.29,-19.121,-18.208,-8.356
-8.8149,-4.2051,3.7129,7.19,-8.9092,-0.69089,-10.84,20.599,-8.4063,-17.143,-17.079,-7.7357
-8.2829,-3.314,3.8173,6.564,-8.6028,-0.094517,-9.4146,24.722,-6.8555,-15.584,-16.211,-7.2378
-7.9846,-2.642,3.9372,6.1728,-8.4426,0.40237,-8.1644,29.028,-5.5405,-14.351,-15.54,-6.8124
-7.8171,-2.0955,4.0404,5.9339,-8.3567,0.85616,-7.0558,33.469,-4.3838,-13.371,-15.009,-6.4131
-7.6339,-1.544,4.0766,5.7245,-8.2326,1.3266,-6.0447,37.978,-3.3211,-12.59,-14.574,-6.0081
-7.3181,-0.88856,3.9997,5.4415,-7.9783,1.8427,-5.0904,42.455,-2.3011,-11.964,-14.219,-5.5885
-6.8363,-0.11227,3.798,5.0456,-7.5704,2.3869,-4.166,46.768,-1.2871,-11.457,-13.946,-5.1674
-6.2505,0.71485,3.5163,4.5704,-7.0682,2.9091,-3.2574,50.804,-0.25788,-11.039,-13.76,-4.7645
-5.6816,1.4824,3.2497,4.0947,-6.5897,3.365,-2.3567,54.511,0.79435,-10.676,-13.646,-4.3861
-5.2419,2.116,3.1074,3.6866,-6.2543,3.7465,-1.4585,57.901,1.8685,-10.336,-13.566,-4.0135
-4.9712,2.6308,3.1654,3.3535,-6.1244,4.0829,-0.56076,61.023,2.961,-9.9894,-13.468,-3.6063
-4.8231,3.1231,3.4366,3.0364,-6.1808,4.4198,0.33658,63.936,4.0751,-9.6191,-13.309,-3.1173
-4.705,3.7133,3.87,2.6535,-6.3458,4.7964,1.2386,66.693,5.2291,-9.2179,-13.07,-2.5066
-4.5361,4.4836,4.3763,2.1519,-6.5288,5.2314,2.1633,69.348,6.4625,-8.7859,-12.754,-1.7481
-4.2889,5.4383,4.8616,1.5396,-6.6665,5.7151,3.1406,71.952,7.8315,-8.3257,-12.385,-0.83141
-4.003,6.4949,5.2561,0.89039,-6.7424,6.2093,4.2002,74.542,9.3964,-7.8403,-11.991,0.23863
-3.772,7.5032,5.5273,0.32573,-6.7875,6.6565,5.3558,77.133,11.202,-7.3317,-11.596,1.4424
-3.7029,8.2916,5.678,-0.023737,-6.8586,7.0,6.594,79.719,13.258,-6.8016,-11.211,2.7473
-3.8561,8.7386,5.7325,-0.077281,-6.9955,7.209,7.8734,82.274,15.524,-6.2494,-10.836,4.1145
-4.1866,8.8475,5.7186,0.13451,-7.1786,7.299,9.1365,84.766,17.917,-5.669,-10.456,5.513
-4.5272,8.7744,5.6542,0.44823,-7.3181,7.3304,10.328,87.171,20.344,-5.0457,-10.049,6.9368
-4.6464,8.7732,5.5401,0.61978,-7.2908,7.3822,11.414,89.484,22.738,-4.3583,-9.5927,8.4086
-4.3544,9.0848,5.3614,0.42733,-7.0016,7.5141,12.386,91.72,25.079,-3.5872,-9.0762,9.9644
-3.5901,9.8315,5.1024,-0.23643,-6.4347,7.7396,13.26,93.913,27.382,-2.7245,-8.5078,11.626
-2.447,10.972,4.7706,-1.3275,-5.669,8.0251,14.065,96.099,29.675,-1.7803,-7.9148,13.382
-1.139,12.33,4.4147,-2.6757,-4.8589,8.3139,14.831,98.307,31.977,-0.78304,-7.3312,15.182
0.077329,13.677,4.1139,-4.0543,-4.1846,8.5556,15.588,100.55,34.289,0.22823,-6.7831,16.956
0.99774,14.826,3.9368,-5.2644,-3.7858,8.7246,16.353,102.82,36.594,1.2173,-6.28,18.637
1.551,15.701,3.898,-6.2101,-3.7005,8.8225,17.127,105.09,38.862,2.1667,-5.8148,20.184
1.8322,16.361,3.9464,-6.9406,-3.8434,8.8713,17.885,107.32,41.056,3.0866,-5.3676,21.594
2.0782,16.97,3.9904,-7.641,-4.0371,8.9073,18.601,109.49,43.151,4.0086,-4.911,22.903
2.5991,17.74,3.9389,-8.5702,-4.0763,8.973,19.255,111.64,45.152,4.9653,-4.4135,24.173
3.6793,18.849,3.7343,-9.9657,-3.7965,9.1054,19.855,113.84,47.09,5.9685,-3.8458,25.473
5.4667,20.366,3.3665,-11.94,-3.1306,9.3209,20.427,116.19,49.011,6.9953,-3.1904,26.85
7.8831,22.211,2.8725,-14.404,-2.1372,9.6077,21.004,118.78,50.953,7.9913,-2.4486,28.304
10.611,24.176,2.3225,-17.076,-0.98643,9.9331,21.604,121.62,52.932,8.8923,-1.6444,29.785
13.203,26.012,1.7977,-19.59,0.10129,10.26,22.235,124.64,54.947,9.6553,-0.82083,31.217
15.274,27.537,1.3636,-21.666,0.94132,10.566,22.897,127.74,56.984,10.282,-0.026039,32.533
16.679,28.716,1.0524,-23.234,1.4535,10.852,23.592,130.85,59.025,10.825,0.70763,33.714
17.525,29.642,0.86359,-24.422,1.6734,11.137,24.322,133.9,61.059,11.362,1.3818,34.788
18.074,30.463,0.78057,-25.447,1.707,11.448,25.083,136.92,63.073,11.963,2.0319,35.813
18.595,31.311,0.79224,-26.496,1.6701,11.807,25.857,139.93,65.059,12.648,2.7097,36.85
19.272,32.266,0.90582,-27.666,1.6465,12.235,26.618,142.97,67.009,13.383,3.4646,37.945
20.164,33.353,1.1442,-28.957,1.6682,12.746,27.34,146.06,68.931,14.108,4.3352,39.135
21.204,34.559,1.5288,-30.308,1.7075,13.356,28.01,149.26,70.856,14.786,5.351,40.45
22.269,35.846,2.0589,-31.656,1.6908,14.071,28.629,152.59,72.834,15.434,6.5404,41.908
23.309,37.171,2.7005,-32.98,1.5455,14.885,29.21,156.14,74.934,16.126,7.9445,43.507
24.42,38.51,3.3903,-34.312,1.2527,15.787,29.773,159.96,77.222,16.982,9.6269,45.227
25.818,39.863,4.0507,-35.707,0.86839,16.763,30.346,164.13,79.761,18.138,11.664,47.052
27.7,41.243,4.6092,-37.199,0.50941,17.807,30.957,168.71,82.588,19.702,14.108,48.977
30.114,42.677,5.0129,-38.778,0.32404,18.917,31.626,173.71,85.7,21.71,16.938,51.009
32.945,44.241,5.2387,-40.442,0.46505,20.103,32.354,179.1,89.036,24.093,20.04,53.151
36.005,46.076,5.2948,-42.241,1.0725,21.383,33.116,184.8,92.487,26.686,23.239,55.398
39.145,48.348,5.2189,-44.275,2.2586,22.779,33.866,190.68,95.918,29.291,26.356,57.737
42.297,51.137,5.0723,-46.632,4.0686,24.295,34.553,196.61,99.205,31.753,29.26,60.147
45.459,54.364,4.9283,-49.311,6.3968,25.918,35.141,202.49,102.27,34.004,31.904,62.609
48.626,57.842,4.8521,-52.204,8.939,27.64,35.626,208.26,105.11,36.06,34.332,65.115
51.751,61.394,4.8792,-55.149,11.325,29.487,36.036,213.96,107.76,37.984,36.657,67.689
54.78,64.956,5.0054,-58.024,13.343,31.508,36.419,219.67,110.3,39.848,39.004,70.396
57.711,68.586,5.19,-60.823,15.019,33.754,36.818,225.46,112.8,41.703,41.463,73.329
60.578,72.42,5.3713,-63.663,16.557,36.247,37.26,231.37,115.29,43.554,44.048,76.579
63.404,76.623,5.4937,-66.769,18.221,38.97,37.756,237.35,117.77,45.366,46.709,80.192
66.199,81.327,5.5355,-70.477,20.241,41.877,38.306,243.31,120.23,47.085,49.361,84.139
69.056,86.506,5.5238,-75.156,22.711,44.888,38.904,249.11,122.63,48.659,51.921,88.309
72.272,91.912,5.5313,-80.828,25.444,47.894,39.525,254.64,124.94,50.042,54.325,92.547
76.193,97.182,5.6607,-86.738,27.933,50.797,40.122,259.8,127.1,51.2,56.537,96.705
80.422,102.04,6.0201,-91.874,29.625,53.575,40.643,264.54,129.06,52.115,58.543,100.67
83.993,106.38,6.681,-95.878,30.373,56.275,41.038,268.8,130.8,52.793,60.338,104.36
86.776,110.31,7.6247,-99.069,30.495,58.954,41.275,272.55,132.27,53.254,61.932,107.76
89.362,114.13,8.7232,-102.03,30.521,61.63,41.329,275.79,133.47,53.535,63.343,110.93
92.408,118.15,9.7701,-105.35,30.958,64.296,41.184,278.52,134.39,53.667,64.596,113.97
96.48,122.63,10.547,-109.48,32.163,66.933,40.824,280.8,135.07,53.674,65.718,117.02
101.98,127.67,10.903,-114.67,34.256,69.526,40.239,282.7,135.53,53.56,66.725,120.18
108.86,133.14,10.817,-120.8,37.127,72.049,39.421,284.27,135.84,53.315,67.626,123.49
116.43,138.63,10.405,-127.25,40.498,74.465,38.372,285.59,136.05,52.929,68.432,126.94
123.58,143.63,9.8706,-133.2,43.933,76.741,37.109,286.71,136.22,52.405,69.168,130.5
129.41,147.8,9.4331,-138.02,46.906,78.873,35.657,287.64,136.4,51.772,69.879,134.13
133.63,151.14,9.2337,-141.6,49.055,80.895,34.042,288.4,136.6,51.072,70.616,137.83
136.56,153.99,9.272,-144.34,50.349,82.851,32.27,289.0,136.77,50.349,71.414,141.63
138.83,156.85,9.4174,-146.85,51.036,84.758,30.325,289.39,136.85,49.631,72.277,145.55
141.23,160.16,9.4885,-149.79,51.569,86.581,28.173,289.57,136.73,48.918,73.172,149.57
144.51,164.13,9.3414,-153.63,52.587,88.255,25.786,289.48,136.31,48.188,74.049,153.62
149.02,168.56,8.9259,-158.39,54.765,89.726,23.156,289.1,135.52,47.4,74.869,157.6
154.17,172.88,8.2972,-163.4,58.246,90.965,20.304,288.4,134.33,46.506,75.617,161.37
158.79,176.47,7.5865,-167.71,62.093,91.971,17.292,287.36,132.77,45.465,76.303,164.88
162.11,179.12,6.9501,-170.82,65.085,92.782,14.228,286.0,130.88,44.255,76.965,168.12
164.09,180.96,6.5136,-172.82,66.777,93.482,11.245,284.32,128.72,42.892,77.661,171.16
165.15,182.35,6.3252,-174.09,67.523,94.178,8.45,282.31,126.32,41.436,78.45,174.07
165.85,183.64,6.337,-175.09,67.909,94.963,5.8841,279.93,123.69,39.974,79.374,176.93
166.77,185.12,6.4252,-176.27,68.429,95.896,3.523,277.09,120.79,38.599,80.444,179.74
168.51,187.07,6.441,-178.06,69.492,96.995,1.2989,273.66,117.57,37.37,81.631,182.45
171.63,189.66,6.2668,-180.86,71.469,98.241,-0.86942,269.54,113.97,36.292,82.876,185.01
176.37,192.91,5.8526,-184.81,74.568,99.58,-3.0549,264.61,109.95,35.303,84.098,187.34
182.37,196.59,5.2279,-189.54,78.629,100.93,-5.3109,258.77,105.49,34.297,85.213,189.41
188.73,200.25,4.4909,-194.37,83.094,102.18,-7.6675,251.98,100.63,33.158,86.155,191.21
194.52,203.48,3.7778,-198.66,87.243,103.24,-10.131,244.22,95.48,31.793,86.889,192.76
198.99,206.01,3.2186,-201.99,90.469,104.05,-12.682,235.58,90.195,30.162,87.407,194.11
201.72,207.68,2.8947,-204.08,92.419,104.57,-15.282,226.23,84.957,28.293,87.717,195.26
202.56,208.39,2.8131,-204.81,92.988,104.8,-17.874,216.4,79.921,26.279,87.831,196.24
201.63,208.12,2.9108,-204.21,92.288,104.74,-20.398,206.27,75.188,24.239,87.764,197.02
199.18,206.91,3.0846,-202.41,90.574,104.43,-22.8,195.98,70.788,22.275,87.532,197.58
195.58,204.82,3.2301,-199.6,88.188,103.85,-25.039,185.6,66.678,20.43,87.147,197.89
191.29,201.96,3.2694,-196.07,85.521,102.97,-27.087,175.11,62.746,18.692,86.607,197.9
186.79,198.52,3.1673,-192.19,82.919,101.74,-28.925,164.51,58.848,17.012,85.887,197.54
182.52,194.81,2.938,-188.35,80.588,100.12,-30.534,153.82,54.85,15.341,84.943,196.71
178.74,191.22,2.6375,-184.88,78.588,98.168,-31.886,143.11,50.667,13.659,83.724,195.28
175.52,187.99,2.3398,-181.88,76.867,96.044,-32.951,132.45,46.274,11.995,82.193,193.08
172.71,185.06,2.1057,-179.23,75.31,93.887,-33.699,121.93,41.688,10.415,80.347,189.94
170.02,182.01,1.9569,-176.54,73.785,91.687,-34.119,111.71,36.947,8.9837,78.228,185.75
167.02,178.34,1.8659,-173.31,72.186,89.32,-34.216,102.05,32.109,7.73,75.916,180.52
163.3,173.68,1.765,-169.11,70.423,86.652,-34.01,93.236,27.267,6.6364,73.496,174.44
158.62,167.96,1.5735,-163.81,68.428,83.604,-33.534,85.485,22.554,5.6523,71.024,167.8
153.06,161.41,1.2314,-157.64,66.201,80.151,-32.826,78.771,18.122,4.7216,68.516,160.91
146.99,154.3,0.72285,-151.0,63.797,76.302,-31.926,72.837,14.101,3.8021,65.95,154.01
140.75,146.93,0.078156,-144.23,61.255,72.099,-30.881,67.286,10.564,2.8685,63.276,147.13
134.54,139.51,-0.64414,-137.48,58.565,67.61,-29.735,61.675,7.5181,1.9061,60.426,140.18
128.4,132.17,-1.3834,-130.82,55.717,62.93,-28.529,55.607,4.9201,0.91348,57.322,132.94
122.15,124.89,-2.101,-124.12,52.78,58.182,-27.294,48.872,2.6993,-0.086385,53.893,125.22
115.43,117.47,-2.7939,-117.07,49.914,53.48,-26.04,41.579,0.77395,-1.0477,50.132,116.95
107.96,109.59,-3.4963,-109.36,47.288,48.866,-24.765,34.147,-0.93446,-1.9268,46.161,108.36
99.867,101.12,-4.2726,-101.05,44.952,44.26,-23.466,27.094,-2.4879,-2.7079,42.187,99.873
91.74,92.172,-5.2135,-92.494,42.78,39.514,-22.157,20.805,-3.9235,-3.4041,38.343,91.859
84.12,82.997,-6.4278,-84.097,40.536,34.512,-20.865,15.443,-5.2581,-4.0396,34.581,84.455
77.184,73.863,-7.9988,-76.042,38.033,29.271,-19.633,10.994,-6.5015,-4.6398,30.686,77.556
70.775,64.947,-9.8957,-68.308,35.224,23.991,-18.498,7.3408,-7.671,-5.234,26.388,70.944
64.566,56.289,-11.926,-60.78,32.164,18.942,-17.49,4.3169,-8.7988,-5.8575,21.575,64.451
58.25,47.878,-13.844,-53.383,28.937,14.246,-16.62,1.7509,-9.9297,-6.5391,16.516,58.055
51.677,39.724,-15.515,-46.128,25.625,9.8736,-15.884,-0.50521,-11.112,-7.2842,11.747,51.814
44.889,31.885,-16.935,-39.084,22.301,5.7999,-15.267,-2.5601,-12.387,-8.0671,7.6819,45.752
38.076,24.483,-18.159,-32.318,19.009,2.0832,-14.747,-4.4838,-13.777,-8.8413,4.4198,39.839
31.47,17.673,-19.247,-25.81,15.8,-1.1488,-14.303,-6.3191,-15.288,-9.5619,1.8415,34.026
25.163,11.581,-20.246,-19.429,12.812,-3.7768,-13.923,-8.094,-16.912,-10.207,-0.24052,28.235
19.047,6.3109,-21.185,-13.176,10.258,-5.7898,-13.607,-9.8286,-18.624,-10.785,-1.9927,22.361
13.214,2.0062,-22.064,-7.558,8.2766,-7.3193,-13.352,-11.533,-20.384,-11.332,-3.5268,16.397
8.289,-1.2821,-22.839,-3.2739,6.8227,-8.5564,-13.146,-13.197,-22.134,-11.887,-4.9049,10.619
4.7575,-3.7372,-23.421,-0.41416,5.702,-9.6346,-12.952,-14.786,-23.79,-12.472,-6.1606,5.5566
2.3385,-5.6491,-23.702,1.5299,4.6805,-10.583,-12.711,-16.236,-25.256,-13.065,-7.3088,1.5997
0.4224,-7.2225,-23.602,3.0834,3.5825,-11.357,-12.356,-17.47,-26.442,-13.601,-8.3443,-1.2799
-1.3751,-8.5246,-23.101,4.4985,2.3498,-11.893,-11.847,-18.432,-27.304,-14.003,-9.2497,-3.3557
-3.1079,-9.538,-22.271,5.7877,1.0561,-12.165,-11.195,-19.116,-27.864,-14.228,-10.016,-4.8979
-4.6218,-10.228,-21.267,6.8444,-0.13063,-12.203,-10.466,-19.58,-28.215,-14.301,-10.661,-6.1001
-5.6999,-10.577,-20.303,7.5382,-1.0193,-12.077,-9.7596,-19.931,-28.491,-14.304,-11.224,-7.0948
-6.1706,-10.594,-19.568,7.7742,-1.4721,-11.864,-9.1668,-20.285,-28.825,-14.342,-11.749,-7.9721
-5.9758,-10.309,-19.157,7.5273,-1.4537,-11.624,-8.7387,-20.732,-29.3,-14.5,-12.27,-8.7862
-5.199,-9.7765,-19.046,6.8571,-1.0399,-11.377,-8.4767,-21.312,-29.927,-14.823,-12.803,-9.562
-4.0502,-9.0753,-19.12,5.902,-0.39221,-11.122,-8.3446,-22.007,-30.651,-15.306,-13.345,-10.302
-2.8082,-8.3048,-19.222,4.8491,0.28765,-10.845,-8.2914,-22.748,-31.365,-15.899,-13.873,-10.993
-1.7365,-7.5675,-19.205,3.884,0.81747,-10.542,-8.2714,-23.434,-31.957,-16.509,-14.352,-11.611
-1.0037,-6.9515,-18.99,3.1439,1.0943,-10.227,-8.2549,-23.972,-32.337,-17.025,-14.741,-12.128
-0.64964,-6.5214,-18.599,2.6954,1.1251,-9.9324,-8.2291,-24.304,-32.466,-17.352,-15.011,-12.525
-0.61343,-6.3171,-18.141,2.5418,1.0032,-9.705,-8.1941,-24.421,-32.355,-17.447,-15.151,-12.804
-0.79474,-6.3528,-17.775,2.6466,0.84433,-9.5892,-8.1566,-24.356,-32.055,-17.335,-15.171,-12.985
-1.1059,-6.6171,-17.624,2.958,0.72518,-9.6093,-8.126,-24.166,-31.634,-17.089,-15.094,-13.101
-1.5005,-7.0696,-17.687,3.4264,0.65438,-9.7521,-8.1096,-23.906,-31.157,-16.786,-14.953,-13.183
-1.9834,-7.6429,-17.816,4.0127,0.57275,-9.9608,-8.1072,-23.614,-30.66,-16.477,-14.774,-13.249
-2.6002,-8.2526,-17.789,4.6894,0.37194,-10.15,-8.1102,-23.312,-30.148,-16.175,-14.573,-13.295
-3.4022,-8.8185,-17.408,5.4321,-0.059676,-10.236,-8.109,-22.998,-29.603,-15.864,-14.355,-13.304
-4.3948,-9.2836,-16.579,6.2056,-0.77098,-10.173,-8.1022,-22.663,-29.013,-15.523,-14.129,-13.267
-5.4951,-9.62,-15.345,6.9491,-1.7019,-9.9643,-8.1018,-22.297,-28.397,-15.144,-13.908,-13.182
-6.534,-9.8224,-13.874,7.5752,-2.6926,-9.6576,-8.1276,-21.898,-27.801,-14.736,-13.71,-13.069
-7.3013,-9.8909,-12.395,7.9838,-3.5384,-9.3152,-8.1925,-21.476,-27.283,-14.32,-13.543,-12.958
-7.6067,-9.813,-11.096,8.0844,-4.0553,-8.9847,-8.2865,-21.038,-26.878,-13.916,-13.401,-12.87
-7.3455,-9.559,-10.064,7.8222,-4.1398,-8.6778,-8.3713,-20.587,-26.574,-13.529,-13.26,-12.806
-6.5517,-9.0986,-9.2596,7.2059,-3.8131,-8.3698,-8.3902,-20.114,-26.311,-13.148,-13.092,-12.755
-5.4087,-8.4328,-8.5507,6.3271,-3.2254,-8.0168,-8.2911,-19.603,-26.003,-12.751,-12.881,-12.694
-4.204,-7.6176,-7.7703,5.353,-2.6086,-7.5806,-8.0493,-19.039,-25.56,-12.322,-12.627,-12.606
-3.2469,-6.7627,-6.797,4.4886,-2.2016,-7.049,-7.6807,-18.407,-24.924,-11.853,-12.35,-12.487
-2.7839,-6.008,-5.6184,3.9247,-2.1788,-6.4448,-7.246,-17.701,-24.081,-11.351,-12.074,-12.347
-2.9407,-5.488,-4.3199,3.7902,-2.609,-5.8216,-6.8237,-16.934,-23.073,-10.836,-11.818,-12.203
-3.6941,-5.2964,-3.0225,4.12,-3.4464,-5.2459,-6.4928,-16.131,-21.983,-10.328,-11.584,-12.065
-4.877,-5.4544,-1.844,4.8427,-4.5465,-4.775,-6.3122,-15.332,-20.912,-9.849,-11.359,-11.937
-6.2162,-5.8949,-0.87724,5.7927,-5.7011,-4.4391,-6.3107,-14.582,-19.94,-9.4102,-11.117,-11.806
-7.4063,-6.4704,-0.16289,6.7488,-6.6974,-4.2257,-6.4874,-13.919,-19.106,-9.0162,-10.84,-11.656
-8.2062,-6.9912,0.33014,7.4941,-7.3863,-4.0812,-6.8196,-13.36,-18.402,-8.6669,-10.521,-11.469
-8.5201,-7.2897,0.69296,7.8861,-7.7341,-3.9291,-7.2751,-12.905,-17.788,-8.3636,-10.169,-11.236
-8.4247,-7.2847,1.0403,7.9051,-7.8305,-3.7014,-7.8243,-12.535,-17.211,-8.1126,-9.81,-10.96
-8.131,-7.011,1.4739,7.6569,-7.8511,-3.3636,-8.4458,-12.212,-16.625,-7.9166,-9.4687,-10.655
-7.8962,-6.593,2.0561,7.3241,-7.9801,-2.9224,-9.1204,-11.89,-15.996,-7.7604,-9.1521,-10.337
-7.919,-6.1772,2.7897,7.0863,-8.3241,-2.4147,-9.8215,-11.522,-15.294,-7.6041,-8.8388,-10.007
-8.2664,-5.8642,3.5995,7.0489,-8.8632,-1.8902,-10.513,-11.071,-14.497,-7.3927,-8.4842,-9.6493
-8.862,-5.6714,4.3423,7.2107,-9.468,-1.3955,-11.156,-10.52,-13.595,-7.0768,-8.0402,-9.234
-9.5341,-5.5331,4.8642,7.4779,-9.9659,-0.95555,-11.72,-9.8725,-12.599,-6.6313,-7.4785,-8.733
-10.082,-5.3313,5.0775,7.7026,-10.211,-0.56109,-12.193,-9.1468,-11.539,-6.0633,-6.8037,-8.133
-10.316,-4.9358,5.0023,7.7192,-10.123,-0.1706,-12.582,-8.371,-10.456,-5.4081,-6.0531,-7.442
-10.093,-4.2475,4.7438,7.3801,-9.7048,0.26977,-12.914,-7.5757,-9.3947,-4.7202,-5.2868,-6.6913
-9.3559,-3.2377,4.4347,6.6139,-9.0268,0.79744,-13.227,-6.7922,-8.3923,-4.0617,-4.5781,-5.9331
-8.1757,-1.9698,4.1829,5.4807,-8.196,1.4105,-13.565,-6.0506,-7.4755,-3.4888,-4.0034,-5.2308
-6.705,-0.58216,4.0396,4.1434,-7.3029,2.0614,-13.951,-5.377,-6.6584,-3.0339,-3.6183,-4.6404
-5.0875,0.77236,3.9919,2.7588,-6.3906,2.6758,-14.371,-4.7883,-5.9407,-2.692,-3.4229,-4.188
-3.4161,1.9937,3.976,1.4067,-5.4637,3.1862,-14.769,-4.2867,-5.3073,-2.42,-3.3461,-3.8538
-1.7742,3.0531,3.9147,0.12009,-4.522,3.5595,-15.069,-3.8574,-4.7307,-2.1581,-3.2789,-3.5788
-0.29485,3.9476,3.7688,-1.038,-3.6025,3.804,-15.203,-3.4719,-4.175,-1.854,-3.1358,-3.2902
0.83037,4.6454,3.5686,-1.944,-2.8109,3.9561,-15.139,-3.0947,-3.6123,-1.4822,-2.8852,-2.9318
1.3929,5.0766,3.4072,-2.4445,-2.3079,4.0583,-14.89,-2.6922,-3.0261,-1.043,-2.5398,-2.475
1.2251,5.1657,3.3932,-2.4071,-2.2493,4.1468,-14.499,-2.2424,-2.4112,-0.54417,-2.1228,-1.9167
0.25942,4.8786,3.5963,-1.7656,-2.7253,4.2462,-14.02,-1.7357,-1.7685,0.019723,-1.6388,-1.2675
-1.4268,4.2535,4.0107,-0.55547,-3.7142,4.3668,-13.501,-1.1796,-1.1009,0.67158,-1.0648,-0.54337
-3.6005,3.4017,4.55,1.0646,-5.0568,4.5,-12.985,-0.59862,-0.41624,1.433,-0.37304,0.23115
-5.8978,2.4785,5.0762,2.8153,-6.4809,4.6199,-12.511,-0.032654,0.26296,2.2913,0.42292,1.0122
-7.8856,1.6522,5.4536,4.3467,-7.6782,4.6998,-12.118,0.46661,0.89212,3.1727,1.2342,1.7346
-9.1628,1.0852,5.6097,5.3355,-8.4015,4.7395,-11.838,0.845,1.4098,3.9471,1.9155,2.3307
-9.4698,0.92068,5.5621,5.5777,-8.5321,4.7809,-11.68,1.06,1.7595,4.4763,2.3355,2.7598
-8.7538,1.2608,5.3955,5.016,-8.0891,4.8943,-11.631,1.0933,1.9155,4.6795,2.4435,3.0225
-7.1678,2.1343,5.2081,3.7246,-7.198,5.1406,-11.661,0.95479,1.8955,4.5686,2.2837,3.1501
-5.0199,3.4625,5.0649,1.9006,-6.045,5.5348,-11.733,0.67704,1.752,4.2351,1.9561,3.1829
-2.696,5.056,4.9821,-0.15486,-4.8263,6.037,-11.816,0.30574,1.5513,3.8037,1.5567,3.1536
-0.5784,6.6552,4.938,-2.0968,-3.7124,6.5674,-11.88,-0.10966,1.3521,3.3896,1.1429,3.0812
1.0203,7.9997,4.9012,-3.6164,-2.8352,7.0371,-11.904,-0.52564,1.1905,3.0651,0.73766,2.9691
1.9006,8.8929,4.855,-4.5032,-2.2784,7.3761,-11.881,-0.9136,1.0731,2.8575,0.34687,2.8047
2.0068,9.2454,4.8006,-4.6845,-2.0665,7.5492,-11.825,-1.266,0.9778,2.7552,-0.029124,2.5616
1.4529,9.0938,4.7459,-4.2469,-2.1562,7.5564,-11.776,-1.5975,0.86265,2.7161,-0.39108,2.2087
0.51188,8.5866,4.692,-3.4253,-2.4321,7.4223,-11.786,-1.9399,0.67986,2.6725,-0.74367,1.7242
-0.46866,7.9242,4.6295,-2.5311,-2.7418,7.1806,-11.899,-2.3324,0.38841,2.5327,-1.1135,1.1073
-1.2045,7.2705,4.5446,-1.8232,-2.964,6.8587,-12.139,-2.8089,-0.027288,2.2068,-1.5762,0.37322
-1.6003,6.6846,4.4291,-1.3829,-3.0555,6.468,-12.506,-3.3868,-0.55597,1.6443,-2.2278,-0.45868
-1.7724,6.1127,4.2905,-1.0879,-3.0616,6.0038,-12.977,-4.0599,-1.1672,0.8596,-3.0958,-1.3631
-1.9525,5.4348,4.1522,-0.71836,-3.0942,5.4544,-13.521,-4.8013,-1.8266,-0.07721,-4.0995,-2.2957
-2.3641,4.529,4.0459,-0.093488,-3.2865,4.8145,-14.101,-5.5708,-2.507,-1.0713,-5.1046,-3.1972
-3.1396,3.3312,3.9963,0.85922,-3.7319,4.0944,-14.68,-6.3254,-3.1902,-2.0325,-6.0059,-4.0167
-4.262,1.8699,4.0038,2.0919,-4.4242,3.3199,-15.221,-7.0285,-3.8609,-2.8911,-6.7631,-4.7277
-5.5468,0.26857,4.0314,3.4491,-5.2318,2.5252,-15.681,-7.6572,-4.5039,-3.6039,-7.3777,-5.3218
-6.7027,-1.2889,4.0054,4.7094,-5.936,1.7457,-16.022,-8.2071,-5.1059,-4.1552,-7.8588,-5.7967
-7.4507,-2.6142,3.845,5.6549,-6.3217,1.0133,-16.219,-8.69,-5.6589,-4.5564,-8.2109,-6.1519
-7.6319,-3.5706,3.5105,6.1445,-6.2749,0.35672,-16.264,-9.1247,-6.162,-4.8406,-8.4379,-6.391
-7.266,-4.1131,3.0414,6.1623,-5.8337,-0.19954,-16.167,-9.5263,-6.6171,-5.0528,-8.5471,-6.5255
-6.5476,-4.2989,2.5574,5.8265,-5.1783,-0.63826,-15.948,-9.9008,-7.032,-5.236,-8.5496,-6.5749
-5.7832,-4.2627,2.214,5.35,-4.5631,-0.95418,-15.638,-10.244,-7.4142,-5.4181,-8.4636,-6.5641
-5.2807,-4.163,2.1354,4.9629,-4.2216,-1.1547,-15.264,-10.541,-7.7654,-5.6104,-8.3089,-6.515
-5.2377,-4.1237,2.3581,4.8314,-4.2774,-1.2565,-14.839,-10.769,-8.0764,-5.8014,-8.1024,-6.4384
-5.6869,-4.2019,2.8132,5.0117,-4.7072,-1.2824,-14.356,-10.897,-8.3276,-5.9649,-7.8564,-6.3311
-6.5132,-4.3913,3.3514,5.4562,-5.3703,-1.2624,-13.789,-10.901,-8.4992,-6.0759,-7.5818,-6.1813
-7.5145,-4.6494,3.798,6.0514,-6.0684,-1.2338,-13.103,-10.777,-8.5856,-6.1272,-7.2933,-5.9816
-8.4599,-4.9244,4.0139,6.6583,-6.5998,-1.2345,-12.267,-10.553,-8.6003,-6.1358,-7.0124,-5.7399
-9.1353,-5.1654,3.9382,7.1389,-6.8082,-1.2892,-11.252,-10.285,-8.5687,-6.1348,-6.765,-5.4835
-9.3805,-5.3203,3.5969,7.3775,-6.6234,-1.3978,-10.034,-10.041,-8.5145,-6.1568,-6.5782,-5.2549
-9.1238,-5.3374,3.0787,7.3019,-6.0742,-1.5348,-8.5945,-9.8717,-8.4517,-6.2208,-6.4695,-5.1018
-8.3928,-5.1758,2.4967,6.8948,-5.2618,-1.663,-6.9202,-9.8037,-8.384,-6.3271,-6.4426,-5.0636
-7.2919,-4.8174,1.9493,6.187,-4.3072,-1.7497,-5.0016,-9.8305,-8.3071,-6.4608,-6.4928,-5.1575
-5.959,-4.2743,1.4883,5.2493,-3.3028,-1.7776,-2.8235,-9.9215,-8.2116,-6.5977,-6.6063,-5.3706
-4.5375,-3.5939,1.1048,4.1846,-2.2963,-1.751,-0.3559,-10.034,-8.0867,-6.7127,-6.7667,-5.663
-3.1738,-2.8685,0.74493,3.1261,-1.317,-1.6977,2.443,-10.123,-7.9239,-6.7902,-6.9628,-5.984
-2.0253,-2.2313,0.35614,2.2293,-0.4169,-1.6641,5.6062,-10.155,-7.7228,-6.832,-7.1916,-6.291
-1.2586,-1.8343,-0.07316,1.6545,0.30665,-1.7041,9.1269,-10.115,-7.493,-6.8598,-7.4555,-6.5639
-1.0163,-1.8078,-0.50708,1.5329,0.73438,-1.8605,12.942,-10.01,-7.2531,-6.9018,-7.7563,-6.8074
-1.3644,-2.2132,-0.88539,1.9207,0.78391,-2.1499,16.956,-9.8618,-7.0233,-6.9805,-8.0915,-7.0454
-2.2404,-3.0037,-1.1503,2.7583,0.45627,-2.5534,21.081,-9.6989,-6.8196,-7.1014,-8.4517,-7.3071
-3.4429,-4.0184,-1.2679,3.8625,-0.15082,-3.0172,25.278,-9.5394,-6.6452,-7.249,-8.8224,-7.6134
-4.6732,-5.0247,-1.2408,4.9681,-0.8676,-3.4651,29.52,-9.3879,-6.4895,-7.3936,-9.1831,-7.9686
-5.6332,-5.8031,-1.1097,5.8188,-1.5037,-3.8264,33.759,-9.241,-6.3401,-7.5024,-9.5148,-8.3626
-6.1346,-6.2351,-0.94283,6.2619,-1.9135,-4.0667,37.889,-9.0998,-6.1943,-7.5565,-9.8069,-8.7779
-6.162,-6.3495,-0.81644,6.2997,-2.0474,-4.2038,41.746,-8.9758,-6.0628,-7.5598,-10.062,-9.1971
-5.8615,-6.2922,-0.79204,6.0743,-1.9558,-4.2979,45.158,-8.8852,-5.9612,-7.5327,-10.282,-9.6052
-5.4626,-6.2492,-0.89709,5.7949,-1.7537,-4.4212,48.007,-8.8342,-5.8954,-7.4969,-10.465,-9.9873
-5.1942,-6.3727,-1.1162,5.6594,-1.5727,-4.6258,50.272,-8.8077,-5.8527,-7.4611,-10.598,-10.326
-5.2139,-6.7409,-1.3972,5.7943,-1.5202,-4.9245,52.02,-8.7714,-5.8065,-7.4169,-10.663,-10.605
-5.5645,-7.3442,-1.6685,6.218,-1.6502,-5.2924,53.343,-8.6868,-5.7301,-7.3458,-10.643,-10.811
-6.1574,-8.0915,-1.8697,6.8343,-1.942,-5.6817,54.283,-8.5298,-5.6109,-7.2305,-10.538,-10.944
-6.7945,-8.8316,-1.9866,7.4627,-2.2911,-6.0409,54.808,-8.3001,-5.4553,-7.0631,-10.364,-11.012
-7.2264,-9.3942,-2.0702,7.8968,-2.5303,-6.3315,54.825,-8.018,-5.2838,-6.8479,-10.14,-11.025
-7.2463,-9.6479,-2.2079,7.9723,-2.4959,-6.5384,54.205,-7.7137,-5.1217,-6.5987,-9.8831,-10.995
-6.7861,-9.5558,-2.4667,7.6392,-2.1138,-6.6712,52.819,-7.4179,-4.9898,-6.334,-9.6071,-10.926
-5.9614,-9.1988,-2.8528,6.9966,-1.4496,-6.7553,50.587,-7.1573,-4.8999,-6.0705,-9.3203,-10.816
-5.0376,-8.7458,-3.3077,6.2628,-0.69227,-6.8176,47.54,-6.9497,-4.8514,-5.8181,-9.0274,-10.658
-4.3296,-8.3846,-3.7279,5.6941,-0.082754,-6.8756,43.857,-6.8007,-4.8322,-5.5761,-8.7325,-10.446
-4.0869,-8.2558,-3.9984,5.4912,0.17806,-6.9344,39.824,-6.7042,-4.8238,-5.3424,-8.4449,-10.18
-4.4051,-8.4166,-4.0399,5.7323,0.0055139,-6.9931,35.736,-6.649,-4.8115,-5.1189,-8.1834,-9.8732
-5.1993,-8.8389,-3.8641,6.3555,-0.53596,-7.054,31.792,-6.6291,-4.7949,-4.919,-7.9778,-9.5565
-6.234,-9.4273,-3.584,7.1866,-1.2555,-7.1279,28.059,-6.6489,-4.7885,-4.766,-7.8597,-9.2695
-7.199,-10.043,-3.3546,7.9987,-1.9044,-7.2267,24.514,-6.7179,-4.8186,-4.6812,-7.848,-9.045
-7.8042,-10.533,-3.2894,8.5738,-2.2645,-7.3463,21.105,-6.8394,-4.9053,-4.6682,-7.9339,-8.89
-7.8717,-10.76,-3.4074,8.7602,-2.2249,-7.4534,17.828,-7.0018,-5.0488,-4.7057,-8.0793,-8.7779
-7.3988,-10.647,-3.6273,8.5203,-1.8222,-7.4884,14.769,-7.1791,-5.2264,-4.7548,-8.2274,-8.6597
-6.5577,-10.206,-3.8028,7.9439,-1.2247,-7.3899,12.094,-7.3414,-5.4017,-4.7788,-8.3338,-8.4884
-5.6372,-9.5408,-3.788,7.2225,-0.66628,-7.1277,9.9573,-7.4676,-5.5427,-4.7632,-8.3863,-8.2434
-4.944,-8.8247,-3.5061,6.5894,-0.35943,-6.7232,8.4116,-7.555,-5.6373,-4.7265,-8.4117,-7.9428
-4.7062,-8.2474,-2.9861,6.2475,-0.42463,-6.2472,7.3925,-7.6215,-5.6982,-4.7173,-8.4642,-7.6377
-5.003,-7.9586,-2.3431,6.3025,-0.85796,-5.7944,6.7586,-7.6985,-5.754,-4.794,-8.5997,-7.3921
-5.7413,-8.0138,-1.7216,6.7215,-1.541,-5.4462,6.3483,-7.817,-5.8332,-4.9982,-8.8521,-7.2578
-6.6858,-8.3464,-1.2365,7.3469,-2.2831,-5.2387,6.0301,-7.9991,-5.9519,-5.3327,-9.2188,-7.2559
-7.5292,-8.7832,-0.93246,7.9532,-2.8807,-5.1486,5.7323,-8.2486,-6.1112,-5.7587,-9.6627,-7.3714
-7.9874,-9.1021,-0.76893,8.3175,-3.1868,-5.1034,5.4449,-8.5519,-6.3019,-6.2133,-10.126,-7.5611
-7.9073,-9.117,-0.64313,8.2907,-3.1743,-5.0134,5.1967,-8.8864,-6.5134,-6.6374,-10.551,-7.7719
-7.3381,-8.7588,-0.44219,7.8619,-2.9501,-4.8131,5.0224,-9.2308,-6.7398,-6.9986,-10.902,-7.9622
-6.5177,-8.1157,-0.094056,7.177,-2.7039,-4.4951,4.9366,-9.5716,-6.9813,-7.2984,-11.176,-8.116
-5.7827,-7.4094,0.41125,6.4926,-2.6311,-4.1202,4.9254,-9.9028,-7.2416,-7.5656,-11.403,-8.244
-5.4502,-6.916,1.0295,6.0865,-2.8733,-3.7936,4.9581,-10.218,-7.5203,-7.8366,-11.625,-8.3704
-5.7188,-6.8627,1.6835,6.1634,-3.4839,-3.6171,5.012,-10.503,-7.8041,-8.1336,-11.872,-8.5095
-6.6158,-7.3442,2.2884,6.7877,-4.4177,-3.6435,5.0943,-10.727,-8.0624,-8.4483,-12.141,-8.6525
-8.0002,-8.2937,2.775,7.8692,-5.5427,-3.8562,5.2464,-10.853,-8.2531,-8.7433,-12.395,-8.7623
-9.6153,-9.5187,3.1031,9.2026,-6.675,-4.1826,5.5226,-10.855,-8.3405,-8.9702,-12.581,-8.7904
-11.166,-10.777,3.2639,10.539,-7.6285,-4.531,5.9555,-10.736,-8.3159,-9.0965,-12.666,-8.7042
-12.394,-11.854,3.2761,11.654,-8.2677,-4.8274,6.5258,-10.539,-8.2074,-9.1255,-12.656,-8.5074
-13.136,-12.611,3.1796,12.395,-8.5446,-5.0361,7.1557,-10.333,-8.0731,-9.0978,-12.601,-8.2423
-13.343,-13.0,3.0292,12.7,-8.5046,-5.1585,7.7334,-10.189,-7.9785,-9.0735,-12.568,-7.9713
-13.087,-13.054,2.886,12.599,-8.2586,-5.213,8.1618,-10.151,-7.9726,-9.1047,-12.616,-7.749
-12.517,-12.846,2.8027,12.194,-7.9314,-5.2105,8.4083,-10.222,-8.0699,-9.212,-12.769,-7.5971
-11.802,-12.448,2.807,11.613,-7.6111,-5.1443,8.5227,-10.363,-8.247,-9.3758,-13.007,-7.4977
-11.074,-11.915,2.89,10.966,-7.3267,-5.0006,8.6123,-10.503,-8.4545,-9.5461,-13.281,-7.4057
-10.403,-11.288,3.0127,10.327,-7.0676,-4.7726,8.7958,-10.568,-8.6355,-9.6638,-13.529,-7.2702
-9.8185,-10.617,3.1324,9.7413,-6.8242,-4.4735,9.1618,-10.5,-8.7448,-9.6838,-13.7,-7.0514
-9.3551,-9.9769,3.2326,9.2617,-6.6241,-4.1304,9.7484,-10.283,-8.7619,-9.5926,-13.777,-6.7303
-9.0969,-9.4693,3.3365,8.9712,-6.5367,-3.7776,10.541,-9.9454,-8.6941,-9.4144,-13.779,-6.3121
-9.1595,-9.1935,3.4934,8.9605,-6.6461,-3.4485,11.484,-9.5516,-8.5719,-9.2033,-13.755,-5.8261
-9.6103,-9.2043,3.7509,9.272,-7.0063,-3.1643,12.497,-9.1775,-8.4373,-9.0236,-13.76,-5.3204
-10.39,-9.4711,4.1288,9.8499,-7.5957,-2.9246,13.498,-8.8867,-8.3297,-8.9274,-13.834,-4.8493
-11.298,-9.8634,4.6103,10.531,-8.2959,-2.7031,14.431,-8.7135,-8.2728,-8.9356,-13.985,-4.4575
-12.057,-10.182,5.1508,11.092,-8.9278,-2.4526,15.276,-8.6555,-8.267,-9.0312,-14.185,-4.1585
-12.427,-10.236,5.6994,11.329,-9.3315,-2.1227,16.049,-8.6791,-8.2934,-9.1685,-14.385,-3.9323
-12.302,-9.9219,6.2205,11.147,-9.4387,-1.6853,16.781,-8.737,-8.3267,-9.2952,-14.536,-3.7352
-11.758,-9.2737,6.7072,10.597,-9.301,-1.1521,17.487,-8.7877,-8.3513,-9.3768,-14.611,-3.5266
-11.025,-8.4485,7.1833,9.8673,-9.0712,-0.57267,18.156,-8.8082,-8.3701,-9.4093,-14.622,-3.2881
-10.409,-7.6616,7.6934,9.2068,-8.9461,-0.012382,18.763,-8.795,-8.3994,-9.4163,-14.605,-3.0265
-10.173,-7.1009,8.2853,8.8344,-9.0917,0.4781,19.294,-8.7567,-8.4567,-9.432,-14.6,-2.7634
-10.442,-6.8586,8.9891,8.8557,-9.5787,0.88423,19.76,-8.7058,-8.5481,-9.4835,-14.631,-2.5215
-11.162,-6.9036,9.7949,9.2307,-10.358,1.2286,20.197,-8.6563,-8.6661,-9.5803,-14.697,-2.3164
-12.129,-7.1072,10.64,9.8007,-11.284,1.5495,20.644,-8.6198,-8.7966,-9.7156,-14.778,-2.1548
-13.068,-7.3058,11.419,10.357,-12.167,1.8714,21.111,-8.604,-8.9294,-9.8746,-14.845,-2.0379
-13.723,-7.3705,12.022,10.717,-12.835,2.185,21.563,-8.6119,-9.066,-10.046,-14.878,-1.9639
-13.947,-7.2545,12.389,10.783,-13.176,2.4499,21.928,-8.6433,-9.2188,-10.225,-14.875,-1.9273
-13.736,-7.0018,12.533,10.564,-13.18,2.6157,22.125,-8.697,-9.4055,-10.414,-14.845,-1.9187
-13.223,-6.7184,12.53,10.163,-12.929,2.652,22.098,-8.7703,-9.641,-10.618,-14.81,-1.9269
-12.616,-6.5191,12.486,9.7299,-12.556,2.5599,21.84,-8.8559,-9.9282,-10.838,-14.789,-1.9404
-12.118,-6.4786,12.48,9.4045,-12.192,2.3729,21.401,-8.9357,-10.25,-11.066,-14.789,-1.9478
-11.855,-6.6085,12.539,9.2663,-11.918,2.1465,20.878,-8.9797,-10.567,-11.286,-14.8,-1.9332
-11.841,-6.8706,12.632,9.3221,-11.766,1.9385,20.397,-8.9507,-10.823,-11.471,-14.795,-1.8755
-12.018,-7.2112,12.71,9.5363,-11.733,1.7909,20.074,-8.8143,-10.963,-11.594,-14.743,-1.7528
-12.328,-7.5958,12.739,9.879,-11.819,1.7196,19.986,-8.5501,-10.954,-11.632,-14.617,-1.5519
-12.757,-8.017,12.728,10.347,-12.03,1.7138,20.143,-8.1571,-10.796,-11.578,-14.407,-1.2769
-13.32,-8.472,12.712,10.937,-12.361,1.7499,20.499,-7.6498,-10.516,-11.44,-14.113,-0.94609
-14.001,-8.9266,12.737,11.6,-12.785,1.8148,20.981,-7.0477,-10.149,-11.229,-13.734,-0.57851
-14.707,-9.2899,12.848,12.216,-13.25,1.9272,21.54,-6.3631,-9.7183,-10.946,-13.264,-0.17794
-15.273,-9.4205,13.076,12.619,-13.672,2.1393,22.171,-5.5938,-9.2225,-10.58,-12.689,0.2719
-15.51,-9.1689,13.429,12.644,-13.952,2.516,22.919,-4.7198,-8.6448,-10.111,-11.998,0.79832
-15.273,-8.44,13.879,12.184,-14.005,3.1001,23.848,-3.7059,-7.9643,-9.5327,-11.192,1.4242
-14.52,-7.2428,14.374,11.241,-13.784,3.8847,25.008,-2.5084,-7.167,-8.8456,-10.283,2.1567
-13.335,-5.7033,14.849,9.9306,-13.307,4.8058,26.413,-1.0829,-6.2488,-8.0574,-9.2874,2.9859
-11.908,-4.0292,15.251,8.4559,-12.647,5.7646,28.043,0.61166,-5.2097,-7.1696,-8.2159,3.8941
-10.471,-2.4383,15.552,7.0455,-11.914,6.6671,29.858,2.6182,-4.0425,-6.1674,-7.0664,4.8708
-9.232,-1.0793,15.753,5.8797,-11.216,7.4663,31.831,5.0007,-2.7192,-5.012,-5.8172,5.929
-8.3109,0.024438,15.871,5.0375,-10.626,8.1841,33.958,7.8709,-1.1767,-3.635,-4.4177,7.1163
-7.7185,0.98606,15.929,4.4821,-10.169,8.9009,36.266,11.404,0.6966,-1.9382,-2.7789,8.5109
-7.3784,2.0226,15.934,4.0836,-9.8205,9.7164,38.778,15.815,3.0704,0.20235,-0.76875,10.201
-7.1698,3.3974,15.882,3.6544,-9.5314,10.696,41.489,21.266,6.1623,2.9195,1.7805,12.251
-6.9413,5.3512,15.765,2.964,-9.2423,11.838,44.346,27.716,10.175,6.3038,5.0186,14.653
-6.4805,8.0146,15.576,1.7359,-8.8929,13.076,47.261,34.808,15.162,10.31,8.9538,17.31
-5.5098,11.295,15.307,-0.29954,-8.4277,14.322,50.132,41.973,20.897,14.692,13.349,20.037
-3.7967,14.846,14.948,-3.2203,-7.7972,15.493,52.857,48.712,26.914,19.102,17.819,22.633
-1.3297,18.244,14.496,-6.7454,-6.9551,16.518,55.347,54.771,32.728,23.281,22.069,24.953
1.6325,21.246,13.964,-10.373,-5.8695,17.36,57.529,60.119,38.036,27.151,25.998,26.948
4.7492,23.873,13.387,-13.747,-4.5435,18.041,59.375,64.813,42.731,30.755,29.632,28.658
7.8387,26.314,12.81,-16.846,-3.0133,18.645,60.926,68.908,46.825,34.143,33.02,30.17
10.955,28.808,12.258,-19.902,-1.3336,19.271,62.305,72.419,50.368,37.309,36.195,31.588
14.322,31.549,11.727,-23.233,0.42772,19.975,63.656,75.341,53.414,40.188,39.166,33.001
18.25,34.605,11.173,-27.109,2.1912,20.741,65.007,77.665,56.015,42.702,41.925,34.474
23.054,37.838,10.546,-31.587,3.8883,21.498,66.121,79.375,58.205,44.807,44.454,36.034
28.79,40.892,9.8228,-36.281,5.522,22.152,66.449,80.453,60.007,46.515,46.745,37.676
34.719,43.313,9.0317,-40.346,7.2653,22.633,65.29,80.86,61.423,47.879,48.81,39.37
39.524,44.808,8.2411,-43.036,9.4081,22.907,62.097,80.552,62.449,48.964,50.678,41.07
42.597,45.427,7.5081,-44.319,11.903,22.996,56.719,79.486,63.079,49.823,52.375,42.724
44.347,45.505,6.8443,-44.735,14.202,22.958,49.448,77.648,63.302,50.487,53.91,44.28
45.5,45.439,6.2162,-44.896,15.994,22.864,40.871,75.092,63.106,50.97,55.275,45.69
46.699,45.539,5.5635,-45.246,17.536,22.774,31.641,71.949,62.485,51.275,56.457,46.921
48.447,46.041,4.8232,-46.109,19.27,22.72,22.371,68.386,61.456,51.409,57.448,47.959
51.027,47.103,3.9572,-47.711,21.514,22.704,13.698,64.536,60.062,51.391,58.264,48.814
54.376,48.71,2.9728,-50.038,24.338,22.701,6.1699,60.466,58.377,51.251,58.944,49.516
58.093,50.612,1.9257,-52.762,27.567,22.669,-0.18203,56.195,56.486,51.029,59.542,50.11
61.602,52.406,0.9,-55.358,30.832,22.554,-5.8955,51.729,54.461,50.766,60.103,50.642
64.345,53.668,-0.031733,-57.318,33.68,22.286,-11.385,47.101,52.349,50.499,60.654,51.148
65.95,54.088,-0.85725,-58.319,35.737,21.799,-16.532,42.399,50.169,50.26,61.206,51.65
66.315,53.554,-1.6654,-58.277,36.892,21.06,-21.13,37.766,47.932,50.072,61.763,52.155
65.615,52.199,-2.6613,-57.318,37.32,20.105,-25.22,33.351,45.641,49.93,62.325,52.659
64.264,50.386,-4.1181,-55.746,37.382,19.026,-28.941,29.243,43.289,49.805,62.884,53.145
62.83,48.568,-6.1993,-54.015,37.486,17.911,-32.373,25.445,40.845,49.636,63.418,53.577
61.916,47.089,-8.7445,-52.669,37.964,16.778,-35.523,21.913,38.261,49.347,63.882,53.894
62.001,46.061,-11.37,-52.168,38.942,15.552,-38.367,18.629,35.497,48.861,64.208,53.995
63.053,45.251,-13.809,-52.47,40.279,14.104,-40.909,15.618,32.558,48.116,64.311,53.742
64.318,44.13,-16.018,-52.871,41.658,12.346,-43.238,12.92,29.502,47.08,64.095,52.996
65.027,42.32,-18.068,-52.717,42.804,10.297,-45.54,10.563,26.415,45.751,63.491,51.676
64.914,39.717,-20.031,-51.821,43.584,8.0408,-48.033,8.5315,23.359,44.142,62.481,49.772
63.994,36.31,-21.938,-50.189,43.947,5.674,-50.878,6.7743,20.349,42.258,61.083,47.315
62.411,32.181,-23.784,-47.888,43.902,3.2941,-54.127,5.2228,17.381,40.082,59.316,44.332
60.464,27.601,-25.535,-45.112,43.548,1.0178,-57.737,3.8093,14.463,37.568,57.168,40.843
58.533,23.006,-27.113,-42.14,43.075,-1.0222,-61.592,2.4759,11.639,34.652,54.589,36.891
56.922,18.811,-28.409,-39.183,42.703,-2.718,-65.549,1.1758,8.9645,31.284,51.522,32.581
55.711,15.242,-29.32,-36.271,42.532,-4.0284,-69.487,-0.12937,6.4751,27.463,47.97,28.072
54.674,12.291,-29.802,-33.265,42.412,-4.9934,-73.335,-1.4729,4.1722,23.272,44.053,23.513
53.396,9.8034,-29.884,-29.977,42.107,-5.7171,-77.018,-2.8814,2.0307,18.865,39.959,18.99
51.501,7.5898,-29.654,-26.224,41.478,-6.3318,-80.399,-4.3686,0.018484,14.438,35.825,14.549
48.644,5.5006,-29.211,-21.885,40.376,-6.9606,-83.313,-5.9285,-1.8897,10.173,31.649,10.268
44.455,3.4361,-28.63,-17.141,38.601,-7.6753,-85.688,-7.5352,-3.7106,6.2254,27.283,6.2999
38.778,1.3314,-27.946,-12.518,36.056,-8.4758,-87.597,-9.1519,-5.4571,2.7055,22.522,2.8024
32.037,-0.84037,-27.163,-8.4161,32.85,-9.3081,-89.206,-10.744,-7.1413,-0.33785,17.302,-0.14921
25.069,-3.0638,-26.267,-4.8285,29.198,-10.11,-90.675,-12.287,-8.7735,-2.9348,11.952,-2.5968
18.497,-5.2952,-25.251,-1.5733,25.31,-10.847,-92.112,-13.777,-10.361,-5.1754,7.1268,-4.6538
12.534,-7.4717,-24.145,1.4365,21.378,-11.522,-93.577,-15.215,-11.905,-7.1655,3.2874,-6.4423
7.263,-9.5045,-23.033,4.1242,17.576,-12.156,-95.099,-16.622,-13.41,-8.9941,0.41497,-8.0567
2.8366,-11.278,-22.048,6.3103,14.045,-12.767,-96.668,-18.02,-14.881,-10.727,-1.7525,-9.5569
-0.53146,-12.672,-21.324,7.8163,10.94,-13.347,-98.19,-19.426,-16.326,-12.417,-3.4626,-10.976
-2.661,-13.598,-20.937,8.5564,8.4229,-13.86,-99.391,-20.848,-17.752,-14.106,-4.8755,-12.331
-3.5253,-14.034,-20.875,8.5894,6.6151,-14.261,-99.774,-22.267,-19.145,-15.821,-6.0792,-13.629
-3.3574,-14.043,-21.042,8.1245,5.5691,-14.515,-98.727,-23.642,-20.467,-17.567,-7.1163,-14.862
-2.6445,-13.789,-21.283,7.4776,5.1749,-14.625,-95.801,-24.916,-21.659,-19.323,-8.0092,-16.014
-1.9625,-13.505,-21.443,6.9861,5.1057,-14.634,-90.904,-26.038,-22.666,-21.039,-8.7766,-17.069
-1.7618,-13.417,-21.431,6.9003,4.9625,-14.612,-84.308,-26.98,-23.464,-22.662,-9.4421,-18.021
-2.2285,-13.659,-21.257,7.3017,4.4815,-14.626,-76.584,-27.76,-24.079,-24.153,-10.034,-18.887
-3.2582,-14.229,-21.009,8.0884,3.6394,-14.721,-68.521,-28.432,-24.583,-25.527,-10.58,-19.712
-4.5188,-14.984,-20.804,9.0243,2.6385,-14.899,-60.925,-29.074,-25.08,-26.853,-11.104,-20.558
-5.5701,-15.694,-20.737,9.8153,1.8036,-15.12,-54.369,-29.75,-25.665,-28.233,-11.617,-21.485
-6.0294,-16.127,-20.846,10.202,1.4303,-15.321,-49.099,-30.495,-26.391,-29.751,-12.114,-22.524
-5.7312,-16.141,-21.092,10.057,1.6357,-15.441,-45.115,-31.296,-27.249,-31.413,-12.578,-23.665
-4.804,-15.75,-21.375,9.4494,2.2741,-15.449,-42.27,-32.099,-28.168,-33.125,-12.983,-24.85
-3.6289,-15.129,-21.567,8.6299,2.998,-15.355,-40.302,-32.827,-29.039,-34.723,-13.304,-25.99
-2.6872,-14.545,-21.546,7.9403,3.4388,-15.208,-38.892,-33.403,-29.764,-36.052,-13.528,-26.994
-2.3697,-14.25,-21.232,7.6889,3.3662,-15.069,-37.782,-33.787,-30.289,-37.026,-13.662,-27.812
-2.8471,-14.396,-20.619,8.037,2.7485,-14.986,-36.845,-33.991,-30.631,-37.653,-13.738,-28.447
-4.0314,-14.976,-19.802,8.9412,1.7322,-14.98,-36.073,-34.084,-30.866,-38.018,-13.803,-28.954
-5.6217,-15.843,-18.947,10.173,0.57469,-15.036,-35.52,-34.164,-31.095,-38.237,-13.894,-29.406
-7.2113,-16.753,-18.213,11.408,-0.44606,-15.104,-35.229,-34.324,-31.41,-38.426,-14.028,-29.878
-8.4097,-17.441,-17.658,12.333,-1.1187,-15.113,-35.204,-34.623,-31.868,-38.679,-14.193,-30.417
-8.9473,-17.69,-17.203,12.724,-1.3728,-14.986,-35.4,-35.079,-32.481,-39.055,-14.364,-31.027
-8.7478,-17.393,-16.683,12.496,-1.3034,-14.668,-35.735,-35.679,-33.219,-39.565,-14.514,-31.67
-7.9423,-16.589,-15.923,11.732,-1.1014,-14.145,-36.117,-36.388,-34.028,-40.165,-14.623,-32.296
-6.8052,-15.444,-14.796,10.648,-0.93122,-13.456,-36.47,-37.163,-34.846,-40.78,-14.681,-32.855
-5.6465,-14.193,-13.298,9.5274,-0.86173,-12.683,-36.753,-37.955,-35.617,-41.331,-14.689,-33.313
-4.7289,-13.082,-11.603,8.6246,-0.89153,-11.934,-36.96,-38.718,-36.308,-41.767,-14.661,-33.656
-4.2336,-12.324,-10.019,8.1192,-1.0076,-11.317,-37.117,-39.423,-36.91,-42.089,-14.618,-33.893
-4.2577,-12.063,-8.8023,8.1034,-1.2181,-10.92,-37.257,-40.05,-37.441,-42.347,-14.592,-34.048
-4.8178,-12.35,-8.0228,8.5823,-1.5531,-10.793,-37.399,-40.597,-37.929,-42.637,-14.616,-34.167
-5.8422,-13.12,-7.582,9.4701,-2.04,-10.926,-37.537,-41.055,-38.401,-43.07,-14.71,-34.307
-7.1657,-14.192,-7.3063,10.598,-2.6726,-11.243,-37.639,-41.407,-38.859,-43.737,-14.878,-34.524
-8.5476,-15.296,-7.0337,11.737,-3.401,-11.611,-37.659,-41.626,-39.269,-44.632,-15.098,-34.838
-9.7211,-16.143,-6.6715,12.639,-4.1427,-11.89,-37.556,-41.698,-39.568,-45.615,-15.318,-35.209
-10.466,-16.517,-6.2083,13.109,-4.7995,-11.977,-37.319,-41.649,-39.689,-46.459,-15.44,-35.539
-10.669,-16.355,-5.6778,13.067,-5.2734,-11.845,-36.98,-41.571,-39.6,-46.935,-15.329,-35.698
-10.351,-15.761,-5.1326,12.578,-5.4854,-11.539,-36.631,-41.631,-39.319,-46.839,-14.823,-35.534
-9.647,-14.949,-4.6927,11.821,-5.3901,-11.163,-36.409,-42.07,-38.931,-46.004,-13.788,-34.86
-8.7519,-14.173,-4.5987,11.025,-4.9777,-10.861,-36.475,-43.18,-38.61,-44.4,-12.23,-33.439
-7.8601,-13.667,-5.1626,10.393,-4.2553,-10.802,-36.98,-45.261,-38.632,-42.614,-10.985,-31.165
-7.0991,-13.568,-6.8318,10.043,-3.205,-11.147,-38.06,-48.581,-39.354,-42.451,-20.825,-29.355
-6.4769,-13.864,-10.67,9.961,-1.6883,-12.012,-39.333,-53.349,-41.157,-45.015,-34.152,-34.436
-5.8682,-14.38,-18.891,10.001,-0.24222,-13.453,-36.583,-59.855,-44.41,-48.302,-38.99,-46.923
-6.5801,-14.812,-22.752,9.9172,-5.8067,-15.938,-32.738,-68.082,-49.744,-49.602,-40.359,-52.937
-19.14,-14.823,-23.601,9.4437,-5.9815,-20.473,-30.286,-71.241,-58.707,-47.335,-36.045,-54.292
-24.031,-14.164,-21.281,8.7204,-6.6974,-17.81,-28.923,-68.07,-63.311,-41.054,-24.165,-50.42
-22.222,-12.778,-16.031,11.603,-8.1687,-11.434,-30.561,-66.024,-57.233,-31.54,-4.1561,-39.705
-18.019,-10.781,-9.7687,19.28,-8.7885,-4.8153,-37.664,-68.757,-50.962,-20.416,23.196,-21.458
-10.242,-8.2911,-6.7764,14.02,-5.6153,-0.74423,-52.646,-79.411,-48.492,-9.3071,56.484,3.7477
2.725,-5.036,-12.302,4.3896,5.0203,-1.537,-76.845,-99.574,-52.872,0.58688,93.758,34.419
22.87,-0.63264,-29.51,-6.3116,26.296,-9.4612,-109.54,-128.45,-66.281,8.7901,132.11,68.961
51.886,-3.9357,-61.065,-18.22,59.322,-26.855,-149.05,-164.56,-89.552,15.762,168.61,106.2
90.298,-11.633,-110.22,-32.794,102.83,-54.142,-194.34,-207.58,-122.01,21.534,202.1,145.65
137.75,-19.606,-167.63,-51.809,154.17,-87.115,-244.91,-258.86,-161.85,24.212,235.74,187.62
193.8,-23.215,-228.17,-76.49,210.15,-119.97,-300.83,-321.21,-206.86,23.526,272.25,233.24
257.03,-18.843,-285.87,-108.48,268.01,-148.2,-362.84,-398.68,-255.33,23.33,306.26,284.83
325.44,-4.0976,-336.46,-151.26,325.54,-167.86,-432.05,-495.99,-306.7,23.38,343.25,345.42
397.4,22.963,-376.48,-206.09,380.59,-175.11,-509.0,-616.6,-361.89,15.148,389.87,417.38
470.69,64.591,-403.29,-268.4,430.69,-166.73,-593.37,-759.61,-422.43,12.546,448.96,501.73
542.92,123.29,-414.83,-336.41,473.21,-142.23,-683.59,-919.08,-488.94,18.33,521.62,597.91
611.58,198.23,-409.78,-408.43,505.72,-102.43,-776.18,-1087.7,-560.82,29.447,605.57,702.48
673.57,283.0,-388.42,-481.83,526.36,-49.619,-866.74,-1258.4,-637.99,47.357,693.75,808.12
725.27,371.82,-353.59,-552.55,534.82,11.497,-951.44,-1424.8,-722.27,69.499,774.41,903.9
764.04,455.38,-311.41,-614.83,533.17,73.168,-1027.7,-1582.7,-816.78,85.977,832.61,976.59
788.32,521.77,-270.9,-661.48,525.25,125.1,-1093.8,-1729.5,-924.0,82.99,853.22,1012.7
796.23,558.37,-241.77,-684.75,514.93,157.04,-1147.9,-1861.6,-1043.1,51.173,824.93,1001.6
785.05,555.4,-230.68,-678.28,504.24,161.94,-1186.3,-1971.7,-1167.7,-12.705,744.25,938.4
751.72,510.24,-237.83,-639.15,491.92,138.26,-1203.9,-2049.7,-1285.0,-104.71,617.65,827.06
693.94,429.99,-255.76,-569.37,473.14,91.925,-1195.6,-2084.9,-1379.7,-208.13,460.23,679.73
611.88,329.44,-271.95,-476.38,441.24,35.587,-1159.1,-2071.4,-1438.7,-308.65,291.15,514.0
509.62,225.55,-274.18,-371.23,391.48,-16.531,-1096.3,-2010.6,-1456.7,-397.27,127.79,348.02
394.74,131.76,-255.81,-264.96,324.05,-54.456,-1013.9,-1911.9,-1438.0,-471.36,-18.534,196.04
276.23,54.746,-218.26,-165.58,244.36,-75.35,-920.61,-1789.4,-1393.6,-534.09,-143.73,65.882
162.3,-5.6339,-169.38,-77.122,160.89,-82.709,-825.02,-1657.4,-1336.9,-590.89,-249.13,-41.072
59.217,-53.646,-119.43,-0.53094,82.402,-83.271,-733.41,-1527.4,-1279.3,-645.27,-338.37,-127.79
-28.948,-94.495,-77.273,64.773,15.772,-84.038,-649.55,-1406.8,-1227.2,-697.54,-414.48,-198.69
-99.935,-132.12,-48.239,119.49,-35.003,-89.697,-575.51,-1299.5,-1182.3,-745.87,-478.47,-257.33
-152.97,-168.13,-33.924,163.73,-68.825,-101.38,-512.65,-1207.7,-1143.2,-786.26,-530.31,-305.22
-188.64,-202.0,-33.003,197.38,-86.92,-118.55,-462.13,-1132.3,-1107.1,-813.86,-567.64,-342.2
-208.35,-232.46,-42.453,221.23,-91.903,-139.63,-424.79,-1072.4,-1071.3,-825.48,-588.5,-367.68
-214.87,-258.66,-58.823,237.22,-87.023,-162.44,-400.63,-1024.2,-1033.6,-820.46,-593.15,-381.9
-212.68,-280.16,-79.262,247.12,-75.024,-182.89,-388.84,-983.21,-992.65,-800.51,-584.06,-386.19
-205.31,-295.73,-101.28,251.4,-58.864,-198.91,-387.43,-945.45,-948.09,-769.19,-565.25,-382.52
-193.82,-304.72,-122.62,250.09,-42.127,-211.52,-392.74,-908.02,-900.9,-730.78,-540.67,-372.75
-178.48,-308.3,-141.43,244.24,-25.504,-221.56,-399.82,-869.06,-852.35,-688.92,-513.13,-358.89
-160.23,-307.0,-157.14,234.9,-8.8464,-228.54,-403.49,-827.26,-803.07,-646.0,-484.21,-342.89
-139.76,-300.52,-168.33,222.42,5.6252,-231.24,-399.32,-781.23,-752.74,-603.1,-454.72,-325.86
-121.11,-288.79,-173.18,207.65,15.305,-228.47,-384.89,-729.45,-700.27,-560.3,-424.9,-308.25
-106.43,-272.27,-170.75,191.69,20.462,-219.83,-360.6,-671.08,-644.4,-517.05,-394.57,-290.21
-94.033,-251.7,-161.35,174.93,21.765,-205.79,-329.12,-606.81,-584.62,-472.71,-363.22,-271.64
-82.703,-228.02,-146.85,157.35,17.627,-187.66,-293.51,-538.88,-521.71,-427.05,-330.32,-252.15
-72.207,-202.4,-129.73,139.12,9.3035,-167.2,-256.2,-470.28,-457.79,-380.6,-296.2,-231.31
-63.036,-176.3,-112.22,120.98,4.307,-146.25,-219.2,-404.04,-395.73,-334.67,-262.16,-209.13
-55.883,-151.21,-95.793,104.08,2.1067,-126.15,-184.35,-342.62,-338.27,-290.8,-229.64,-186.3
-50.962,-128.33,-81.057,89.553,0.81754,-107.52,-153.13,-287.6,-287.39,-250.27,-199.63,-164.08
-47.365,-108.55,-67.949,78.082,-0.20894,-90.558,-126.17,-239.55,-243.92,-214.02,-172.7,-143.58
-43.121,-92.363,-56.005,69.62,-1.3743,-75.438,-103.25,-198.24,-207.6,-182.58,-149.13,-125.33
-37.325,-79.576,-44.939,63.306,-2.7921,-62.465,-84.241,-162.95,-177.4,-156.11,-129.02,-109.36
-31.3,-69.211,-35.045,57.806,-4.2317,-51.769,-68.789,-132.72,-151.92,-134.41,-112.25,-95.485
-26.134,-60.002,-26.752,51.86,-5.3815,-42.997,-55.999,-106.63,-129.82,-116.91,-98.426,-83.539
-21.841,-51.036,-20.073,44.601,-6.0855,-35.489,-44.873,-83.893,-110.12,-102.74,-87.002,-73.367
-18.169,-41.915,-14.816,35.93,-6.3909,-28.745,-34.706,-63.948,-92.357,-90.908,-77.315,-64.779
-15.012,-32.672,-10.879,27.188,-6.4719,-22.552,-25.205,-46.425,-76.46,-80.47,-68.708,-57.485
-12.424,-23.93,-8.0577,20.214,-6.5364,-16.907,-16.618,-31.126,-62.616,-70.691,-60.635,-51.115
-10.505,-17.11,-6.2385,15.417,-6.7507,-12.079,-10.259,-18.092,-51.137,-61.202,-52.826,-45.336
-9.3053,-12.841,-5.5873,12.292,-7.1889,-8.6969,-7.1686,-8.2939,-42.217,-52.092,-45.375,-40.006
-8.7651,-10.244,-4.6529,10.339,-7.8179,-6.8412,-5.4419,-4.2588,-35.685,-43.873,-38.654,-35.151
-8.7184,-8.4811,-2.4679,9.1997,-8.5194,-5.5255,-3.405,-4.3642,-30.843,-37.108,-33.015,-30.696
-8.9322,-7.1692,-0.19842,8.5883,-9.1384,-4.2198,-1.0245,-3.9696,-26.095,-31.844,-28.508,-26.507
-9.162,-6.1401,1.312,8.2604,-9.5396,-2.979,1.4547,-2.4724,-20.838,-27.217,-24.816,-22.703
-9.2109,-5.3014,2.12,8.0168,-9.6538,-1.9141,3.8784,-0.51728,-16.096,-22.531,-21.621,-19.53
-8.9808,-4.5951,2.4732,7.7279,-9.5025,-1.0711,6.1331,1.5804,-12.432,-18.546,-18.976,-17.068
-8.4979,-3.9979,2.5873,7.3484,-9.1906,-0.45451,8.1277,3.7246,-9.7532,-15.728,-16.942,-15.219
-7.8914,-3.5141,2.6424,6.9086,-8.8694,-0.042146,9.8062,5.8736,-7.7938,-13.795,-15.419,-13.823
-7.3345,-3.155,2.7746,6.4852,-8.682,0.20794,11.159,7.9824,-6.3224,-12.393,-14.262,-12.728
-6.9783,-2.9281,3.052,6.1686,-8.7164,0.34495,12.222,10.006,-5.1792,-11.302,-13.348,-11.819
-6.9087,-2.8423,3.4581,6.0339,-8.9843,0.40761,13.061,11.924,-4.2525,-10.41,-12.6,-11.023
-7.1364,-2.9108,3.907,6.1233,-9.4374,0.41365,13.754,13.764,-3.454,-9.6692,-11.983,-10.299
-7.6201,-3.1476,4.2921,6.4456,-10.006,0.36422,14.381,15.598,-2.7061,-9.0578,-11.49,-9.6315
-8.3076,-3.5582,4.5424,6.989,-10.629,0.25982,15.028,17.528,-1.9399,-8.5548,-11.12,-9.0119
-9.1623,-4.1285,4.6513,7.7314,-11.26,0.1163,15.78,19.667,-1.097,-8.1236,-10.86,-8.425
-10.154,-4.8126,4.6651,8.6321,-11.873,-0.029805,16.719,22.11,-0.13211,-7.7117,-10.678,-7.8426
-11.219,-5.5235,4.6501,9.6097,-12.448,-0.12887,17.886,24.911,0.98386,-7.2641,-10.525,-7.2289
-12.23,-6.1333,4.6584,10.526,-12.946,-0.13309,19.261,28.049,2.2586,-6.7442,-10.359,-6.5544
-12.998,-6.4909,4.7059,11.194,-13.296,-0.012019,20.745,31.42,3.6701,-6.1482,-10.152,-5.8111
-13.324,-6.4598,4.7696,11.427,-13.408,0.23684,22.191,34.856,5.1615,-5.5088,-9.9087,-5.0198
-13.064,-5.9651,4.8043,11.098,-13.215,0.5872,23.453,38.182,6.6473,-4.8849,-9.656,-4.2264
-12.183,-5.026,4.7735,10.19,-12.709,0.9933,24.441,41.283,8.0421,-4.34,-9.4361,-3.4861
-10.782,-3.7555,4.6757,8.8116,-11.953,1.4057,25.147,44.143,9.301,-3.9148,-9.2885,-2.8418
-9.0726,-2.3248,4.5461,7.1626,-11.066,1.788,25.641,46.847,10.449,-3.6076,-9.2373,-2.3047
-7.3238,-0.91146,4.4348,5.4799,-10.187,2.1276,26.047,49.527,11.575,-3.3719,-9.2809,-1.8478
-5.7843,0.34355,4.378,3.9805,-9.434,2.4338,26.505,52.311,12.804,-3.1314,-9.3917,-1.4129
-4.627,1.3555,4.38,2.8207,-8.873,2.7254,27.123,55.27,14.256,-2.8045,-9.5239,-0.92739
-3.9289,2.0951,4.4103,2.0803,-8.5135,3.0178,27.943,58.393,16.015,-2.329,-9.6301,-0.32675
-3.6886,2.5769,4.416,1.7707,-8.3305,3.317,28.931,61.603,18.109,-1.6801,-9.6799,0.42662
-3.86,2.8462,4.3444,1.8561,-8.285,3.6181,29.989,64.795,20.495,-0.87788,-9.67,1.332
-4.376,2.9694,4.1702,2.269,-8.3353,3.9066,30.995,67.888,23.077,0.015255,-9.6207,2.3508
-5.147,3.0263,3.9131,2.9115,-8.4488,4.167,31.847,70.841,25.74,0.90962,-9.5618,3.4202
-6.0488,3.0978,3.6366,3.6478,-8.612,4.398,32.491,73.649,28.394,1.7169,-9.5169,4.4755
-6.9231,3.2526,3.4259,4.3073,-8.8181,4.6252,32.919,76.329,30.997,2.3841,-9.4949,5.4727
-7.5952,3.5454,3.3534,4.716,-9.0417,4.8927,33.154,78.899,33.529,2.9121,-9.4902,6.3956
-7.9007,4.0161,3.4467,4.7476,-9.2179,5.2355,33.22,81.373,35.959,3.3438,-9.4903,7.2446
-7.7054,4.6786,3.6734,4.3495,-9.2465,5.6521,33.127,83.746,38.227,3.7328,-9.4835,8.0196
-6.9273,5.5152,3.9512,3.5202,-9.0276,6.0983,32.866,86.0,40.262,4.1131,-9.4624,8.7127
-5.58,6.4887,4.1831,2.2934,-8.5124,6.5109,32.431,88.117,42.02,4.4894,-9.4225,9.3205
-3.8146,7.5612,4.3009,0.76332,-7.7398,6.8487,31.839,90.102,43.52,4.8522,-9.357,9.8652
-1.9073,8.6972,4.297,-0.89192,-6.8337,7.1261,31.157,92.008,44.863,5.2039,-9.2515,10.408
-0.18939,9.8571,4.2248,-2.4409,-5.9684,7.4095,30.502,93.934,46.207,5.5789,-9.0859,11.042
1.036,11.004,4.1697,-3.6681,-5.3243,7.7818,30.013,96.007,47.73,6.0433,-8.8421,11.866
1.5566,12.126,4.2105,-4.4335,-5.0468,8.3,29.807,98.355,49.554,6.6759,-8.5135,12.954
1.3026,13.247,4.3872,-4.7133,-5.205,8.9699,29.933,101.08,51.699,7.5425,-8.1096,14.341
0.38972,14.423,4.6848,-4.6271,-5.7536,9.7389,30.367,104.24,54.083,8.6749,-7.65,16.014
-0.88585,15.694,5.0367,-4.4251,-6.5229,10.52,31.015,107.84,56.569,10.055,-7.1526,17.929
-2.1108,17.063,5.3498,-4.4264,-7.256,11.246,31.755,111.78,59.027,11.605,-6.6253,20.023
-2.8471,18.553,5.5504,-4.9328,-7.6899,11.925,32.472,115.96,61.38,13.207,-6.0634,22.231
-2.7535,20.254,5.6287,-6.1363,-7.6506,12.64,33.09,120.24,63.597,14.733,-5.4538,24.492
-1.7066,22.285,5.6553,-8.0564,-7.1164,13.497,33.581,124.49,65.684,16.1,-4.782,26.75
0.1695,24.71,5.7555,-10.564,-6.2196,14.574,33.966,128.66,67.674,17.284,-4.0385,28.971
2.5928,27.507,6.0581,-13.481,-5.1879,15.897,34.306,132.72,69.623,18.325,-3.2204,31.143
5.2595,30.594,6.6435,-16.683,-4.258,17.447,34.683,136.7,71.604,19.305,-2.3266,33.283
7.9523,33.863,7.5097,-20.126,-3.6001,19.174,35.181,140.71,73.686,20.321,-1.3526,35.415
10.598,37.188,8.5663,-23.801,-3.2843,21.011,35.856,144.83,75.915,21.458,-0.28627,37.557
13.28,40.412,9.6619,-27.642,-3.2892,22.884,36.72,149.17,78.316,22.763,0.89457,39.712
16.18,43.355,10.637,-31.461,-3.5248,24.725,37.739,153.77,80.893,24.245,2.2252,41.882
19.448,45.865,11.376,-34.985,-3.8476,26.485,38.858,158.64,83.647,25.873,3.7558,44.068
23.082,47.911,11.832,-38.017,-4.0754,28.15,40.011,163.78,86.584,27.589,5.5449,46.266
26.961,49.638,12.026,-40.56,-4.0321,29.739,41.139,169.14,89.702,29.319,7.6388,48.459
30.942,51.316,12.02,-42.77,-3.6002,31.292,42.19,174.69,92.975,30.978,10.039,50.619
34.894,53.219,11.896,-44.844,-2.7394,32.85,43.129,180.38,96.352,32.497,12.681,52.723
38.738,55.559,11.719,-46.981,-1.466,34.443,43.942,186.18,99.751,33.84,15.443,54.78
42.456,58.483,11.52,-49.351,0.18907,36.101,44.632,192.08,103.07,35.019,18.2,56.832
46.039,62.033,11.283,-52.055,2.2059,37.834,45.207,198.03,106.2,36.071,20.872,58.943
49.469,66.05,10.969,-55.087,4.5543,39.611,45.667,203.95,109.04,37.033,23.434,61.167
52.702,70.167,10.562,-58.32,7.1228,41.344,45.993,209.75,111.52,37.92,25.9,63.514
55.637,73.963,10.081,-61.512,9.6863,42.918,46.162,215.33,113.61,38.727,28.296,65.954
58.155,77.173,9.5713,-64.402,12.013,44.254,46.162,220.67,115.35,39.441,30.651,68.451
60.226,79.807,9.0744,-66.873,14.032,45.371,46.004,225.78,116.84,40.063,32.987,71.01
61.997,82.137,8.6145,-69.07,15.875,46.398,45.723,230.76,118.21,40.611,35.311,73.707
63.751,84.579,8.2028,-71.373,17.779,47.542,45.36,235.71,119.57,41.121,37.614,76.653
65.769,87.523,7.8524,-74.233,19.942,49.006,44.942,240.72,120.99,41.626,39.873,79.939
68.233,91.145,7.5867,-77.949,22.395,50.897,44.462,245.77,122.44,42.142,42.055,83.558
71.2,95.327,7.4316,-82.462,24.97,53.16,43.882,250.71,123.86,42.66,44.128,87.399
74.628,99.744,7.3976,-87.331,27.386,55.588,43.143,255.37,125.12,43.149,46.071,91.316
78.435,104.04,7.4647,-92.022,29.401,57.933,42.195,259.57,126.14,43.575,47.886,95.217
82.48,108.02,7.5832,-96.245,30.934,60.038,41.014,263.2,126.88,43.908,49.594,99.092
86.551,111.7,7.6927,-100.04,32.086,61.903,39.599,266.28,127.34,44.136,51.222,102.99
90.552,115.32,7.7487,-103.66,33.108,63.653,37.971,268.86,127.54,44.258,52.79,106.98
94.733,119.16,7.7378,-107.46,34.341,65.461,36.16,271.05,127.56,44.284,54.309,111.09
99.574,123.47,7.6714,-111.79,36.105,67.48,34.199,272.93,127.45,44.233,55.785,115.33
105.38,128.34,7.5663,-116.88,38.535,69.783,32.117,274.53,127.23,44.121,57.225,119.64
112.01,133.69,7.4282,-122.68,41.499,72.327,29.927,275.87,126.88,43.955,58.627,123.9
118.97,139.26,7.2433,-128.88,44.703,74.959,27.627,276.93,126.35,43.723,59.987,128.03
125.74,144.68,6.9795,-135.0,47.902,77.477,25.203,277.69,125.58,43.402,61.293,131.96
132.02,149.66,6.601,-140.72,50.988,79.728,22.651,278.15,124.52,42.966,62.538,135.7
137.75,154.15,6.0919,-145.89,53.946,81.678,19.995,278.32,123.16,42.402,63.728,139.3
142.99,158.28,5.4771,-150.63,56.787,83.412,17.29,278.23,121.5,41.722,64.878,142.89
147.8,162.34,4.8277,-155.13,59.537,85.076,14.607,277.88,119.59,40.951,66.003,146.58
152.3,166.6,4.2455,-159.59,62.235,86.803,11.998,277.28,117.43,40.123,67.106,150.47
156.62,171.14,3.8318,-164.1,64.874,88.645,9.4881,276.39,115.01,39.266,68.183,154.56
160.77,175.74,3.6499,-168.51,67.299,90.545,7.0737,275.14,112.25,38.385,69.221,158.73
164.46,180.01,3.6941,-172.48,69.228,92.363,4.7304,273.45,109.1,37.467,70.213,162.8
167.4,183.59,3.8852,-175.71,70.571,93.962,2.4246,271.22,105.51,36.481,71.162,166.58
169.71,186.45,4.1004,-178.23,71.627,95.275,0.11715,268.35,101.45,35.394,72.086,169.99
171.87,188.75,4.2202,-180.35,72.852,96.323,-2.2348,264.67,96.995,34.178,73.008,173.05
174.37,190.77,4.1679,-182.46,74.551,97.186,-4.6744,260.01,92.241,32.812,73.948,175.86
177.48,192.75,3.9251,-184.8,76.78,97.956,-7.2346,254.24,87.365,31.283,74.902,178.47
181.15,194.79,3.5237,-187.46,79.411,98.706,-9.9208,247.32,82.576,29.598,75.853,180.92
185.13,196.86,3.0267,-190.3,82.252,99.466,-12.695,239.45,78.038,27.799,76.774,183.19
189.02,198.81,2.5135,-193.06,85.087,100.23,-15.483,230.9,73.824,25.964,77.641,185.23
192.47,200.48,2.0695,-195.5,87.659,100.95,-18.197,221.98,69.915,24.18,78.439,186.99
195.15,201.8,1.7727,-197.42,89.689,101.6,-20.773,212.85,66.237,22.513,79.153,188.47
196.85,202.74,1.6787,-198.69,90.952,102.14,-23.18,203.59,62.687,20.987,79.774,189.72
197.49,203.32,1.8081,-199.28,91.342,102.56,-25.413,194.18,59.148,19.597,80.301,190.81
197.08,203.6,2.1439,-199.23,90.841,102.86,-27.476,184.6,55.488,18.32,80.743,191.79
195.65,203.57,2.6332,-198.55,89.491,103.05,-29.366,174.82,51.564,17.127,81.105,192.71
193.25,203.15,3.1972,-197.23,87.428,103.12,-31.074,164.82,47.238,15.987,81.37,193.55
190.07,202.18,3.7489,-195.27,84.91,103.02,-32.581,154.62,42.417,14.872,81.479,194.19
186.51,200.55,4.2156,-192.85,82.274,102.64,-33.861,144.27,37.118,13.76,81.33,194.48
182.94,198.32,4.5538,-190.21,79.821,101.87,-34.89,133.82,31.511,12.64,80.799,194.16
179.52,195.66,4.7477,-187.49,77.706,100.66,-35.654,123.35,25.904,11.525,79.785,193.03
176.06,192.58,4.8,-184.5,75.87,99.021,-36.15,112.97,20.635,10.445,78.253,190.87
172.17,188.76,4.7225,-180.79,74.077,96.946,-36.39,102.95,15.947,9.441,76.242,187.58
167.39,183.72,4.5332,-175.84,72.061,94.327,-36.396,93.686,11.936,8.5487,73.849,183.11
161.5,177.13,4.2547,-169.44,69.672,91.021,-36.198,85.521,8.5831,7.7823,71.181,177.56
154.62,169.04,3.9033,-161.77,66.91,86.951,-35.821,78.488,5.8193,7.1363,68.325,171.15
147.1,159.91,3.4749,-153.36,63.854,82.171,-35.285,72.294,3.5603,6.5928,65.342,164.22
139.38,150.42,2.9445,-144.83,60.619,76.862,-34.602,66.5,1.7182,6.1261,62.262,157.07
131.89,141.18,2.2846,-136.62,57.362,71.288,-33.778,60.716,0.20283,5.7027,59.095,149.95
124.91,132.59,1.483,-129.02,54.249,65.728,-32.817,54.689,-1.0706,5.283,55.844,142.95
118.57,124.77,0.5399,-122.1,51.406,60.408,-31.726,48.292,-2.1731,4.8275,52.517,136.03
112.72,117.55,-0.54865,-115.67,48.903,55.422,-30.513,41.517,-3.1582,4.3081,49.124,129.02
107.01,110.54,-1.7954,-109.36,46.781,50.711,-29.192,34.499,-4.0634,3.7186,45.666,121.74
101.02,103.27,-3.2134,-102.78,45.061,46.118,-27.784,27.565,-4.916,3.074,42.109,114.09
94.429,95.455,-4.8032,-95.657,43.701,41.445,-26.31,21.161,-5.7382,2.4004,38.367,106.18
87.261,87.059,-6.5409,-87.97,42.535,36.466,-24.795,15.656,-6.5477,1.7235,34.308,98.276
80.073,78.255,-8.3706,-79.912,41.296,31.103,-23.258,11.186,-7.3535,1.0621,29.809,90.678
73.617,69.299,-10.213,-71.837,39.743,25.754,-21.712,7.6643,-8.1519,0.42685,24.88,83.531
68.239,60.761,-11.992,-64.347,37.775,20.974,-20.163,4.9,-8.9304,-0.1797,19.775,76.81
63.73,53.221,-13.657,-57.897,35.465,16.872,-18.616,2.6904,-9.6773,-0.76139,14.921,70.468
59.656,46.684,-15.18,-52.431,32.993,13.261,-17.081,0.8659,-10.395,-1.3268,10.686,64.555
55.631,40.768,-16.548,-47.578,30.533,9.9629,-15.576,-0.70532,-11.106,-1.8877,7.2118,59.125
51.39,35.093,-17.752,-42.92,28.159,6.8904,-14.13,-2.1248,-11.852,-2.4583,4.426,54.104
46.771,29.421,-18.79,-38.117,25.824,4.0224,-12.779,-3.4705,-12.683,-3.0562,2.1596,49.307
41.669,23.654,-19.684,-32.934,23.422,1.3667,-11.566,-4.7988,-13.645,-3.702,0.24762,44.532
36.014,17.831,-20.477,-27.2,20.857,-1.069,-10.527,-6.1448,-14.78,-4.4165,-1.4233,39.614
29.768,12.142,-21.222,-20.838,18.101,-3.2878,-9.6861,-7.5258,-16.117,-5.2139,-2.91,34.44
23.005,6.9171,-21.943,-14.141,15.225,-5.298,-9.0402,-8.9455,-17.669,-6.0954,-4.2361,28.981
16.194,2.4839,-22.639,-7.9875,12.434,-7.1016,-8.5578,-10.397,-19.42,-7.0475,-5.4212,23.345
10.246,-1.0197,-23.289,-3.2394,9.9765,-8.6887,-8.181,-11.863,-21.314,-8.0427,-6.4893,17.787
5.7902,-3.6676,-23.866,-0.038003,7.9655,-10.045,-7.8407,-13.314,-23.253,-9.0449,-7.4577,12.616
2.7627,-5.643,-24.349,1.9835,6.3614,-11.173,-7.4787,-14.713,-25.12,-10.016,-8.3287,8.066
0.78564,-7.1511,-24.735,3.2519,5.0953,-12.109,-7.0664,-16.029,-26.82,-10.924,-9.0967,4.2477
-0.49894,-8.3776,-25.055,4.0958,4.1261,-12.917,-6.611,-17.245,-28.313,-11.757,-9.7594,1.1479
-1.3579,-9.4666,-25.375,4.744,3.4236,-13.656,-6.1448,-18.359,-29.61,-12.517,-10.326,-1.3315
-1.9883,-10.505,-25.742,5.3448,2.9409,-14.351,-5.7067,-19.379,-30.75,-13.217,-10.812,-3.3231
-2.5368,-11.512,-26.123,5.9738,2.6037,-14.983,-5.3242,-20.315,-31.781,-13.867,-11.238,-4.9475
-3.1026,-12.452,-26.399,6.6413,2.3169,-15.502,-5.0063,-21.171,-32.739,-14.47,-11.617,-6.2914
-3.7375,-13.258,-26.421,7.3124,1.9822,-15.853,-4.7489,-21.953,-33.657,-15.026,-11.965,-7.4116
-4.4496,-13.866,-26.073,7.9328,1.5203,-15.999,-4.5455,-22.673,-34.553,-15.542,-12.3,-8.3505
-5.2038,-14.234,-25.316,8.4452,0.89785,-15.931,-4.3943,-23.353,-35.432,-16.032,-12.643,-9.1478
-5.9179,-14.338,-24.208,8.793,0.15206,-15.672,-4.2923,-24.008,-36.261,-16.501,-13.005,-9.8391
-6.4736,-14.176,-22.897,8.9257,-0.60609,-15.26,-4.2271,-24.637,-36.974,-16.936,-13.381,-10.448
-6.7591,-13.773,-21.59,8.8196,-1.2292,-14.751,-4.1759,-25.212,-37.486,-17.296,-13.749,-10.982
-6.7226,-13.199,-20.482,8.5009,-1.5973,-14.211,-4.1146,-25.695,-37.733,-17.53,-14.08,-11.434
-6.4033,-12.566,-19.68,8.0539,-1.6709,-13.708,-4.028,-26.051,-37.694,-17.603,-14.358,-11.793
-5.9245,-12.0,-19.187,7.6021,-1.5067,-13.291,-3.9152,-26.265,-37.387,-17.514,-14.583,-12.053
-5.4532,-11.61,-18.936,7.2689,-1.2332,-12.981,-3.7886,-26.345,-36.861,-17.299,-14.766,-12.219
-5.1421,-11.456,-18.823,7.1355,-0.99738,-12.771,-3.6697,-26.314,-36.178,-17.013,-14.929,-12.302
-5.0722,-11.53,-18.681,7.2121,-0.90608,-12.635,-3.5838,-26.207,-35.402,-16.707,-15.086,-12.324
-5.2212,-11.76,-18.279,7.4359,-0.98922,-12.535,-3.5558,-26.057,-34.595,-16.418,-15.246,-12.31
-5.4771,-12.03,-17.456,7.6931,-1.2025,-12.432,-3.6074,-25.898,-33.807,-16.173,-15.416,-12.291
-5.6948,-12.207,-16.292,7.8598,-1.4666,-12.295,-3.753,-25.755,-33.074,-15.986,-15.602,-12.29
-5.7711,-12.194,-15.043,7.8526,-1.7181,-12.097,-3.993,-25.637,-32.407,-15.852,-15.806,-12.319
-5.6962,-11.957,-13.872,7.6678,-1.9456,-11.814,-4.3089,-25.528,-31.781,-15.743,-16.015,-12.366
-5.5633,-11.551,-12.753,7.3908,-2.1949,-11.434,-4.6678,-25.39,-31.14,-15.613,-16.205,-12.402
-5.5372,-11.096,-11.574,7.1691,-2.5479,-10.968,-5.0328,-25.172,-30.41,-15.416,-16.337,-12.389
-5.7935,-10.741,-10.257,7.1618,-3.0856,-10.451,-5.373,-24.822,-29.525,-15.122,-16.375,-12.295
-6.4512,-10.607,-8.8061,7.4842,-3.8487,-9.9348,-5.6674,-24.297,-28.441,-14.728,-16.296,-12.106
-7.5193,-10.747,-7.2856,8.162,-4.8099,-9.4611,-5.9022,-23.574,-27.15,-14.255,-16.091,-11.829
-8.8704,-11.118,-5.7914,9.1055,-5.867,-9.0515,-6.0672,-22.658,-25.68,-13.736,-15.774,-11.485
-10.255,-11.594,-4.4239,10.116,-6.8615,-8.7001,-6.1567,-21.58,-24.094,-13.199,-15.373,-11.102
-11.361,-11.997,-3.2686,10.937,-7.6243,-8.3786,-6.1749,-20.404,-22.491,-12.66,-14.917,-10.707
-11.908,-12.141,-2.3745,11.328,-8.0272,-8.0446,-6.1442,-19.213,-20.979,-12.135,-14.44,-10.324
-11.719,-11.878,-1.7359,11.138,-8.0184,-7.6514,-6.1041,-18.093,-19.656,-11.64,-13.97,-9.9723
-10.785,-11.138,-1.2913,10.339,-7.6326,-7.1599,-6.0986,-17.104,-18.571,-11.193,-13.523,-9.6652
-9.2751,-9.962,-0.94785,9.0397,-6.9812,-6.5528,-6.1565,-16.269,-17.712,-10.798,-13.096,-9.4007
-7.5049,-8.4994,-0.61833,7.4716,-6.2246,-5.8455,-6.276,-15.564,-17.017,-10.443,-12.668,-9.1624
-5.8385,-6.972,-0.24765,5.9274,-5.5336,-5.0864,-6.422,-14.939,-16.396,-10.106,-12.215,-8.926
-4.5912,-5.6119,0.18176,4.6823,-5.0506,-4.3405,-6.5366,-14.327,-15.757,-9.7631,-11.726,-8.6688
-3.97,-4.6005,0.66371,3.9332,-4.8716,-3.6656,-6.5587,-13.669,-15.039,-9.3958,-11.204,-8.3774
-4.0641,-4.0314,1.1873,3.7741,-5.0508,-3.0908,-6.4462,-12.936,-14.217,-8.9977,-10.671,-8.0512
-4.8493,-3.8962,1.7491,4.1894,-5.5994,-2.6075,-6.1894,-12.131,-13.31,-8.5715,-10.149,-7.6986
-6.1822,-4.0937,2.3537,5.0563,-6.4633,-2.1701,-5.8133,-11.285,-12.366,-8.125,-9.6565,-7.3347
-7.7965,-4.4566,3.006,6.1583,-7.5104,-1.713,-5.3689,-10.445,-11.443,-7.668,-9.1966,-6.9761
-9.3308,-4.781,3.7003,7.2154,-8.549,-1.1753,-4.9167,-9.6547,-10.592,-7.2121,-8.764,-6.6363
-10.393,-4.8549,4.4147,7.9288,-9.3644,-0.51866,-4.5068,-8.9477,-9.8482,-6.771,-8.35,-6.3238
-10.674,-4.5068,5.1124,8.0486,-9.775,0.2592,-4.1629,-8.3413,-9.2242,-6.3597,-7.9471,-6.0407
-10.073,-3.6678,5.7488,7.4638,-9.6989,1.1236,-3.8795,-7.84,-8.7148,-5.9943,-7.5569,-5.7844
-8.7511,-2.4147,6.2855,6.2661,-9.1983,2.0037,-3.6334,-7.4431,-8.3072,-5.6932,-7.1957,-5.5551
-7.0753,-0.95792,6.7116,4.7319,-8.473,2.8118,-3.4046,-7.1495,-7.9876,-5.4742,-6.8967,-5.3599
-5.4976,0.42746,7.0649,3.2295,-7.7945,3.4681,-3.1772,-6.9526,-7.7418,-5.3447,-6.6964,-5.2089
-4.4102,1.5029,7.4254,2.0931,-7.406,3.94,-2.9399,-6.831,-7.5486,-5.2899,-6.6117,-5.1014
-4.0316,2.1541,7.8779,1.5168,-7.4423,4.2611,-2.6769,-6.7431,-7.3758,-5.2704,-6.6233,-5.0133
-4.3644,2.4166,8.4533,1.5114,-7.8974,4.5179,-2.3663,-6.6335,-7.1876,-5.2322,-6.6779,-4.898
-5.2274,2.4344,9.0975,1.9346,-8.6382,4.8002,-1.9863,-6.4517,-6.9513,-5.1274,-6.7099,-4.6981
-6.3296,2.3811,9.6866,2.5646,-9.4487,5.1507,-1.5303,-6.1746,-6.6568,-4.9338,-6.6734,-4.3706
-7.3516,2.3848,10.07,3.1769,-10.085,5.5386,-1.0202,-5.8208,-6.3252,-4.6683,-6.5657,-3.9067
-8.0214,2.4806,10.123,3.6036,-10.339,5.87,-0.50884,-5.4455,-6.0019,-4.3852,-6.4271,-3.3402
-8.1788,2.6071,9.7932,3.769,-10.106,6.032,-0.065547,-5.1116,-5.7367,-4.1577,-6.3224,-2.7401
-7.8148,2.6536,9.1336,3.6944,-9.4235,5.9524,0.25027,-4.8743,-5.5627,-4.0482,-6.3087,-2.1872
-7.0579,2.5533,8.2917,3.4563,-8.4502,5.6418,0.41407,-4.7547,-5.4848,-4.081,-6.4038,-1.7413
-6.1059,2.3507,7.4632,3.1223,-7.4059,5.1927,0.44433,-4.7364,-5.4799,-4.2334,-6.5811,-1.4163
-5.1442,2.1824,6.821,2.7189,-6.491,4.7429,0.38923,-4.7772,-5.509,-4.4515,-6.7843,-1.1794
-4.2967,2.1914,6.4543,2.2492,-5.821,4.4208,0.30241,-4.8278,-5.5329,-4.6751,-6.9531,-0.96989
-3.6198,2.4491,6.3396,1.7248,-5.4033,4.3014,0.22238,-4.8493,-5.5252,-4.8589,-7.0468,-0.72824
-3.1232,2.9266,6.3638,1.1818,-5.1673,4.3778,0.16274,-4.825,-5.4786,-4.9838,-7.0564,-0.4188
-2.8049,3.5002,6.3852,0.68661,-5.0278,4.5645,0.11119,-4.7657,-5.4053,-5.0589,-7.0057,-0.037016
-2.6789,3.9838,6.2923,0.33542,-4.9281,4.7313,0.035303,-4.7037,-5.332,-5.1179,-6.9414,0.39209
-2.7734,4.1862,6.0397,0.23359,-4.8415,4.756,-0.10285,-4.6777,-5.2883,-5.2051,-6.9128,0.82434
-3.0943,4.0047,5.6511,0.43953,-4.7662,4.5874,-0.32328,-4.7122,-5.2918,-5.3512,-6.9475,1.2174
-3.575,3.5154,5.2028,0.89435,-4.7081,4.2805,-0.60306,-4.8017,-5.3334,-5.5493,-7.0298,1.5566
-4.0564,2.9773,4.79,1.4017,-4.6512,3.9838,-0.88007,-4.9117,-5.3781,-5.7553,-7.0997,1.8676
-4.3349,2.7124,4.4925,1.7029,-4.5526,3.8606,-1.0852,-5.0008,-5.3849,-5.9057,-7.0879,2.1987
-4.2566,2.9282,4.3433,1.6062,-4.3699,3.9921,-1.1868,-5.0504,-5.3373,-5.9632,-6.9598,2.5781
-3.7971,3.5885,4.312,1.0936,-4.0927,4.3145,-1.2214,-5.0823,-5.2574,-5.9463,-6.7431,2.9756
-3.0951,4.3971,4.3145,0.35881,-3.7525,4.6374,-1.2841,-5.151,-5.2109,-5.926,-6.5214,3.2977
-2.4035,4.9399,4.2502,-0.27225,-3.4043,4.7355,-1.4817,-5.315,-5.27,-5.9916,-6.3951,3.4303
-1.9338,4.937,4.05,-0.55011,-3.0897,4.4651,-1.876,-5.6059,-5.4773,-6.204,-6.4347,3.2969
-1.7014,4.4156,3.7048,-0.48008,-2.8041,3.8384,-2.4504,-6.0122,-5.8261,-6.5658,-6.6517,2.9014
-1.5487,3.6471,3.2576,-0.27272,-2.5013,3.0132,-3.1164,-6.4882,-6.2655,-7.0244,-6.9949,2.3263
-1.3138,2.9369,2.7746,-0.13925,-2.1348,2.2031,-3.7547,-6.9681,-6.7224,-7.4993,-7.3758,1.6944
-0.95233,2.4603,2.3166,-0.15901,-1.6976,1.5676,-4.2633,-7.3931,-7.1296,-7.915,-7.7101,1.1184
-0.5469,2.2186,1.9159,-0.2754,-1.2369,1.1512,-4.5949,-7.7324,-7.4484,-8.2264,-7.95,0.66294
-0.2654,2.0664,1.5705,-0.33695,-0.84347,0.88984,-4.768,-7.9924,-7.6787,-8.428,-8.099,0.3323
-0.3064,1.7769,1.2531,-0.14667,-0.62682,0.65745,-4.851,-8.2081,-7.8521,-8.5489,-8.2019,0.082266
-0.83316,1.1345,0.93596,0.47024,-0.6791,0.32732,-4.9261,-8.4221,-8.0103,-8.6368,-8.3179,-0.15159
-1.9015,0.03745,0.61741,1.5804,-1.0368,-0.16509,-5.057,-8.6607,-8.182,-8.7373,-8.4915,-0.4249
-3.4003,-1.4237,0.32387,3.0707,-1.6518,-0.78956,-5.2657,-8.9212,-8.3666,-8.8738,-8.7338,-0.76739
-5.0366,-2.9649,0.093989,4.6438,-2.3824,-1.432,-5.5313,-9.1763,-8.5447,-9.0458,-9.0271,-1.1816
-6.4049,-4.2081,-0.043822,5.9118,-3.0234,-1.9459,-5.8075,-9.3921,-8.6909,-9.2303,-9.3358,-1.6534
-7.1321,-4.8427,-0.086113,6.5469,-3.3757,-2.2209,-6.0526,-9.5498,-8.7939,-9.3951,-9.6251,-2.1665
-7.0218,-4.7558,-0.056633,6.4043,-3.3274,-2.2352,-6.2577,-9.6617,-8.8694,-9.5259,-9.8795,-2.7134
-6.1193,-4.0679,0.0020649,5.5638,-2.8942,-2.0649,-6.4572,-9.7694,-8.9563,-9.631,-10.112,-3.2959
-4.6791,-3.0684,0.042378,4.2796,-2.1976,-1.8441,-6.7059,-9.9245,-9.0969,-9.7389,-10.353,-3.915
-3.0547,-2.0839,0.024165,2.8758,-1.4006,-1.6972,-7.0423,-10.16,-9.3095,-9.8708,-10.63,-4.5584
-1.5786,-1.3605,-0.073958,1.6506,-0.64918,-1.692,-7.4562,-10.469,-9.5721,-10.02,-10.946,-5.1949
-0.49183,-1.0211,-0.25213,0.81811,-0.036203,-1.8337,-7.8845,-10.803,-9.8179,-10.152,-11.277,-5.7824
0.066529,-1.0877,-0.49295,0.48615,0.39023,-2.0907,-8.2382,-11.092,-9.9657,-10.227,-11.582,-6.2839
0.040843,-1.5307,-0.76951,0.6736,0.59936,-2.429,-8.4437,-11.275,-9.9582,-10.222,-11.824,-6.6839
-0.56083,-2.3129,-1.056,1.3489,0.56171,-2.8352,-8.4739,-11.329,-9.7882,-10.149,-11.998,-6.9943
-1.6688,-3.4019,-1.3354,2.4474,0.26518,-3.3213,-8.3547,-11.278,-9.4985,-10.04,-12.122,-7.2492
-3.1482,-4.7478,-1.6024,3.8695,-0.25317,-3.9067,-8.1494,-11.173,-9.1589,-9.9331,-12.232,-7.4907
-4.8102,-6.2551,-1.8591,5.4723,-0.90531,-4.5915,-7.9313,-11.08,-8.8364,-9.8552,-12.353,-7.7521
-6.4364,-7.7739,-2.1047,7.0656,-1.5794,-5.3297,-7.7568,-11.051,-8.5732,-9.8142,-12.491,-8.044
-7.7949,-9.1131,-2.3252,8.4203,-2.1642,-6.0231,-7.6464,-11.104,-8.3779,-9.7951,-12.622,-8.3495
-8.667,-10.079,-2.4977,9.3144,-2.56,-6.5577,-7.5854,-11.225,-8.2337,-9.7702,-12.71,-8.635
-8.9009,-10.534,-2.6106,9.6079,-2.6895,-6.8598,-7.542,-11.383,-8.1158,-9.7185,-12.726,-8.8693
-8.48,-10.457,-2.6839,9.2987,-2.519,-6.9262,-7.487,-11.544,-8.0097,-9.6369,-12.667,-9.0416
-7.5422,-9.9632,-2.7628,8.5272,-2.08,-6.8182,-7.41,-11.691,-7.9217,-9.5466,-12.556,-9.1666
-6.3359,-9.2564,-2.8871,7.5251,-1.4682,-6.6277,-7.3159,-11.821,-7.8668,-9.4757,-12.427,-9.2736
-5.1385,-8.55,-3.0629,6.5392,-0.81514,-6.4365,-7.2129,-11.942,-7.8521,-9.4437,-12.309,-9.3903
-4.1769,-7.9944,-3.2545,5.757,-0.25022,-6.2887,-7.1007,-12.055,-7.8706,-9.4526,-12.206,-9.53
-3.576,-7.6419,-3.3982,5.2653,0.12991,-6.1818,-6.9676,-12.162,-7.9021,-9.4801,-12.107,-9.6882
-3.3551,-7.4558,-3.4264,5.0507,0.27246,-6.0798,-6.7949,-12.258,-7.9242,-9.4905,-11.984,-9.8466
-3.4512,-7.3523,-3.2927,5.0349,0.17166,-5.9381,-6.5689,-12.339,-7.9213,-9.4496,-11.814,-9.9824
-3.7568,-7.2581,-2.9895,5.1251,-0.13246,-5.7337,-6.2931,-12.406,-7.8919,-9.3431,-11.592,-10.077
-4.1532,-7.153,-2.5588,5.2517,-0.55413,-5.4847,-5.9956,-12.469,-7.8478,-9.1855,-11.336,-10.124
-4.5377,-7.0755,-2.0937,5.3829,-0.97953,-5.2472,-5.7211,-12.542,-7.8067,-9.0134,-11.074,-10.132
-4.8503,-7.097,-1.716,5.5222,-1.3003,-5.0892,-5.5116,-12.633,-7.7809,-8.8661,-10.833,-10.116
-5.0924,-7.2838,-1.5291,5.7054,-1.454,-5.0603,-5.3862,-12.741,-7.7696,-8.7655,-10.634,-10.088
-5.3212,-7.6713,-1.5675,5.9852,-1.4511,-5.1753,-5.3346,-12.843,-7.7605,-8.7079,-10.478,-10.056
-5.6219,-8.2506,-1.7761,6.41,-1.3756,-5.4105,-5.3242,-12.911,-7.7381,-8.6671,-10.352,-10.023
-6.0714,-8.9703,-2.0313,7.0,-1.3582,-5.71,-5.3147,-12.921,-7.6919,-8.6066,-10.24,-9.9873
-6.6967,-9.7409,-2.1925,7.7234,-1.5211,-5.9985,-5.2719,-12.857,-7.62,-8.4929,-10.124,-9.9412
-7.4407,-10.441,-2.1586,8.4845,-1.9172,-6.1985,-5.1773,-12.718,-7.5286,-8.307,-9.9877,-9.8708
-8.1625,-10.935,-1.9053,9.1366,-2.4921,-6.2497,-5.0317,-12.521,-7.4284,-8.0495,-9.8193,-9.7598
-8.6712,-11.1,-1.4882,9.5203,-3.0933,-6.1213,-4.849,-12.291,-7.3274,-7.737,-9.6112,-9.5933
-8.7906,-10.86,-1.0189,9.5097,-3.5243,-5.8148,-4.6423,-12.051,-7.2243,-7.3897,-9.3572,-9.363
-8.4226,-10.207,-0.61824,9.0552,-3.6225,-5.3597,-4.4124,-11.808,-7.1058,-7.0255,-9.0528,-9.0705
-7.5934,-9.213,-0.36754,8.2087,-3.3261,-4.8053,-4.1468,-11.558,-6.9531,-6.6539,-8.6988,-8.7292
-6.4589,-8.0213,-0.27789,7.1209,-2.7036,-4.2124,-3.8337,-11.291,-6.7542,-6.2794,-8.3084,-8.3658
-5.2667,-6.8178,-0.28888,6.0051,-1.9337,-3.6439,-3.4768,-11.001,-6.5183,-5.9064,-7.9093,-8.0161
-4.2842,-5.7816,-0.29845,5.0759,-1.2455,-3.1494,-3.1004,-10.695,-6.2727,-5.5395,-7.5364,-7.7135
-3.7188,-5.0338,-0.20862,4.4848,-0.84016,-2.7515,-2.7404,-10.381,-6.0493,-5.1815,-7.2158,-7.4751
-3.6538,-4.6077,0.034998,4.2792,-0.82496,-2.4435,-2.4331,-10.07,-5.8713,-4.8341,-6.9573,-7.2956
-4.0208,-4.4527,0.4255,4.3967,-1.1784,-2.204,-2.2085,-9.7755,-5.7474,-4.505,-6.7529,-7.1541
-4.6057,-4.4644,0.89729,4.6869,-1.7515,-2.0194,-2.0889,-9.5117,-5.6766,-4.2146,-6.5875,-7.0315
-5.1071,-4.5325,1.34,4.9578,-2.305,-1.9017,-2.0878,-9.3001,-5.6565,-3.996,-6.4533,-6.926
-5.2594,-4.5916,1.6263,5.052,-2.5936,-1.8913,-2.2083,-9.1625,-5.6885,-3.8857,-6.3572,-6.8567
-4.9667,-4.6526,1.66,4.9256,-2.4861,-2.0401,-2.4372,-9.113,-5.7773,-3.9091,-6.3177,-6.8546
-4.3582,-4.8018,1.4263,4.6796,-2.0418,-2.3806,-2.7393,-9.1477,-5.9209,-4.0643,-6.3504,-6.9422
-3.747,-5.168,1.0089,4.5289,-1.4853,-2.9007,-3.0559,-9.2388,-6.0999,-4.3156,-6.4543,-7.1135
-3.5068,-5.8662,0.5608,4.7142,-1.1077,-3.5427,-3.3146,-9.3364,-6.2745,-4.6017,-6.6042,-7.3285
-3.9137,-6.9418,0.24767,5.3969,-1.1478,-4.2257,-3.453,-9.3817,-6.3965,-4.8562,-6.7574,-7.5252
-5.0642,-8.3517,0.18798,6.6113,-1.7159,-4.8752,-3.4419,-9.3292,-6.4282,-5.0294,-6.8705,-7.6446
-6.899,-9.9835,0.41412,8.2847,-2.7944,-5.4406,-3.2965,-9.1643,-6.3595,-5.1027,-6.916,-7.6527
-9.243,-11.685,0.86722,10.268,-4.2565,-5.8969,-3.0674,-8.907,-6.2113,-5.0905,-6.8907,-7.5508
-11.805,-13.285,1.4266,12.335,-5.8733,-6.237,-2.82,-8.6027,-6.0268,-5.032,-6.8139,-7.3715
-14.171,-14.602,1.9562,14.168,-7.3513,-6.4613,-2.6128,-8.3047,-5.856,-4.9756,-6.719,-7.1654
-15.866,-15.452,2.3442,15.395,-8.4084,-6.5682,-2.4812,-8.0578,-5.7374,-4.9609,-6.6407,-6.9843
-16.476,-15.663,2.5235,15.707,-8.8312,-6.5446,-2.426,-7.885,-5.6837,-5.0008,-6.5997,-6.8626
-15.78,-15.124,2.4784,14.977,-8.505,-6.3635,-2.4097,-7.7817,-5.6755,-5.0718,-6.5904,-6.8021
-13.839,-13.825,2.241,13.277,-7.4451,-5.9971,-2.3662,-7.7181,-5.6695,-5.1219,-6.581,-6.7693
-11.013,-11.901,1.8772,10.875,-5.822,-5.4435,-2.2278,-7.6524,-5.6191,-5.0958,-6.5299,-6.7115
-7.8442,-9.6304,1.4649,8.1871,-3.9248,-4.7523,-1.9569,-7.5493,-5.4992,-4.9641,-6.4097,-6.5826
-4.8984,-7.3786,1.075,5.671,-2.0696,-4.0247,-1.5627,-7.3941,-5.3203,-4.7393,-6.224,-6.3658
-2.6298,-5.5073,0.75627,3.7187,-0.52662,-3.3828,-1.091,-7.192,-5.1202,-4.467,-6.0055,-6.0768
-1.315,-4.2721,0.52678,2.5703,0.51287,-2.9216,-0.59203,-6.9538,-4.9386,-4.1991,-5.7952,-5.7486
-1.0363,-3.7505,0.3833,2.2732,0.94438,-2.6702,-0.08911,-6.6807,-4.792,-3.9644,-5.6184,-5.4099
-1.6798,-3.8357,0.32347,2.7009,0.76171,-2.5846,0.4315,-6.3623,-4.6655,-3.7565,-5.4719,-5.0716
-2.9491,-4.3061,0.34506,3.6093,0.12225,-2.5791,1.0028,-5.9857,-4.5274,-3.5436,-5.3312,-4.7307
-4.421,-4.9186,0.41201,4.6956,-0.6688,-2.5733,1.6428,-5.5573,-4.3543,-3.2948,-5.1708,-4.3852
-5.6462,-5.4729,0.43885,5.658,-1.2825,-2.5285,2.3249,-5.1087,-4.152,-3.006,-4.9819,-4.0481
-6.2812,-5.8479,0.33419,6.2665,-1.473,-2.4575,2.9732,-4.6918,-3.958,-2.7092,-4.7768,-3.7474
-6.2186,-6.0217,0.065988,6.4319,-1.1888,-2.4037,3.4908,-4.3631,-3.8248,-2.4611,-4.5799,-3.5114
-5.6348,-6.0568,-0.30744,6.2329,-0.61328,-2.4042,3.8042,-4.1636,-3.7953,-2.3171,-4.4127,-3.3522
-4.8841,-6.0461,-0.65138,5.8641,-0.049669,-2.4614,3.8944,-4.1011,-3.882,-2.306,-4.2844,-3.261
-4.3177,-6.0575,-0.80048,5.5371,0.23015,-2.5394,3.7982,-4.1459,-4.0627,-2.4193,-4.1918,-3.2176
-4.1676,-6.1174,-0.62056,5.4085,0.068207,-2.5821,3.5904,-4.242,-4.2889,-2.6177,-4.1235,-3.2027
-4.5177,-6.2171,-0.064221,5.5498,-0.56308,-2.5337,3.363,-4.3272,-4.5015,-2.8472,-4.0635,-3.2018
-5.3125,-6.3227,0.80611,5.9404,-1.5789,-2.3549,3.2061,-4.3488,-4.6457,-3.0535,-3.9923,-3.2016
-6.3887,-6.3874,1.8395,6.4857,-2.81,-2.0324,3.1902,-4.2747,-4.6842,-3.1941,-3.8901,-3.185
-7.527,-6.3764,2.8455,7.0603,-4.0331,-1.5885,3.3461,-4.098,-4.6081,-3.2484,-3.7447,-3.1323
-8.5092,-6.289,3.6429,7.5533,-5.0161,-1.0844,3.6511,-3.8408,-4.442,-3.2276,-3.563,-3.0381
-9.1636,-6.1636,4.0994,7.8913,-5.5817,-0.61031,4.0307,-3.551,-4.2375,-3.1732,-3.3755,-2.9223
-9.3954,-6.0489,4.165,8.0381,-5.6616,-0.2535,4.3871,-3.2875,-4.053,-3.14,-3.2263,-2.8282
-9.1989,-5.9703,3.8911,7.9846,-5.3096,-0.057949,4.6415,-3.0989,-3.9304,-3.169,-3.152,-2.8061
-8.6486,-5.906,3.4161,7.7424,-4.6765,0.00033147,4.7665,-3.0076,-3.8805,-3.2693,-3.1639,-2.889
-7.8704,-5.7974,2.9241,7.3376,-3.9594,-0.00062801,4.7878,-3.003,-3.8859,-3.4218,-3.2471,-3.0797
-7.0015,-5.5785,2.5904,6.8051,-3.3362,0.025674,4.7603,-3.0571,-3.9175,-3.5976,-3.3755,-3.3546
-6.1563,-5.214,2.5193,6.1864,-2.9115,0.13211,4.7378,-3.1419,-3.9525,-3.775,-3.5293,-3.6777
-5.4184,-4.7268,2.7031,5.5392,-2.7021,0.31752,4.7567,-3.2386,-3.9822,-3.9435,-3.7003,-4.0106
-4.8551,-4.2038,3.0437,4.9484,-2.6688,0.54083,4.8331,-3.333,-4.0102,-4.099,-3.8883,-4.3193
-4.5342,-3.7804,3.4209,4.5241,-2.7723,0.74192,4.9645,-3.4157,-4.0439,-4.2383,-4.0949,-4.5791
-4.5297,-3.6071,3.7516,4.3865,-3.0107,0.85957,5.1306,-3.4854,-4.0903,-4.36,-4.3214,-4.7828
-4.9093,-3.8086,4.0049,4.639,-3.4095,0.84771,5.296,-3.5501,-4.154,-4.4666,-4.5699,-4.9455
-5.7087,-4.4441,4.1909,5.3353,-3.9915,0.69058,5.4216,-3.6234,-4.2356,-4.5649,-4.8411,-5.0988
-6.9041,-5.4819,4.349,6.4515,-4.762,0.41149,5.4846,-3.7139,-4.3289,-4.6598,-5.1288,-5.2736
-8.3993,-6.7963,4.5359,7.8758,-5.7018,0.070161,5.4946,-3.8156,-4.4197,-4.748,-5.4155,-5.4808
-10.033,-8.1926,4.8088,9.4228,-6.7607,-0.25245,5.4925,-3.9086,-4.4892,-4.8156,-5.6753,-5.7024
-11.609,-9.4554,5.2039,10.873,-7.8581,-0.48037,5.5281,-3.9698,-4.5246,-4.8462,-5.8833,-5.8999
-12.94,-10.408,5.719,12.028,-8.8932,-0.57085,5.6291,-3.9858,-4.528,-4.832,-6.0281,-6.0363
-13.889,-10.956,6.3063,12.757,-9.7643,-0.52789,5.7855,-3.9613,-4.5201,-4.7808,-6.1162,-6.0933
-14.393,-11.099,6.8838,13.023,-10.392,-0.38898,5.9597,-3.9148,-4.5292,-4.7093,-6.1645,-6.0792
-14.47,-10.903,7.3723,12.88,-10.737,-0.19298,6.1166,-3.8642,-4.5725,-4.6274,-6.1855,-6.0164
-14.202,-10.456,7.7325,12.443,-10.802,0.047301,6.2508,-3.8112,-4.6387,-4.5242,-6.1742,-5.9223
-13.706,-9.8454,7.9737,11.843,-10.629,0.34918,6.3924,-3.7353,-4.6875,-4.3686,-6.1075,-5.7961
-13.099,-9.1371,8.1296,11.197,-10.28,0.74581,6.5857,-3.603,-4.6682,-4.1268,-5.9589,-5.6198
-12.469,-8.3847,8.2285,10.581,-9.8199,1.2586,6.8554,-3.3848,-4.546,-3.7843,-5.7187,-5.3748
-11.869,-7.6335,8.2795,10.032,-9.3144,1.8761,7.1839,-3.0743,-4.3223,-3.3573,-5.4063,-5.0599
-11.324,-6.9255,8.2815,9.5522,-8.8229,2.5483,7.5134,-2.6921,-4.0346,-2.8881,-5.0668,-4.7003
-10.85,-6.2932,8.2458,9.1194,-8.4013,3.2019,7.7722,-2.2801,-3.7411,-2.4268,-4.7517,-4.3429
-10.458,-5.7426,8.2086,8.7082,-8.092,3.7792,7.9095,-1.8873,-3.4961,-2.0082,-4.4963,-4.0398
-10.125,-5.2315,8.2209,8.2809,-7.9057,4.2664,7.9224,-1.5521,-3.3272,-1.6359,-4.3041,-3.827
-9.7732,-4.6694,8.3233,7.7717,-7.8087,4.6978,7.8606,-1.286,-3.224,-1.28,-4.1481,-3.7088
-9.3106,-3.9641,8.5248,7.1158,-7.7345,5.1338,7.8114,-1.0664,-3.1443,-0.89077,-3.9874,-3.656
-8.6914,-3.0905,8.7981,6.3073,-7.6161,5.6253,7.8725,-0.84463,-3.0329,-0.41916,-3.7866,-3.6202
-7.9601,-2.1292,9.0896,5.4322,-7.4203,6.1797,8.1259,-0.5642,-2.8455,0.16605,-3.5315,-3.5554
-7.2483,-1.2503,9.3378,4.6521,-7.1653,6.7493,8.6212,-0.18079,-2.5617,0.87078,-3.2337,-3.4369
-6.7342,-0.65395,9.4945,4.1528,-6.9149,7.2512,9.374,0.32891,-2.1847,1.6824,-2.9225,-3.2667
-6.5785,-0.49046,9.546,4.0767,-6.7526,7.61,10.381,0.97346,-1.7262,2.5902,-2.6246,-3.0638
-6.8617,-0.79063,9.5228,4.465,-6.7483,7.8011,11.644,1.7632,-1.1864,3.6114,-2.3412,-2.8451
-7.5487,-1.4381,9.4952,5.2336,-6.9319,7.8715,13.182,2.7269,-0.54134,4.8066,-2.0329,-2.608
-8.4957,-2.1999,9.5551,6.1931,-7.286,7.9273,15.027,3.9205,0.25742,6.2722,-1.6228,-2.3282
-9.4904,-2.7986,9.7896,7.1023,-7.7542,8.0952,17.2,5.4233,1.2722,8.1086,-1.0139,-1.9674
-10.304,-2.9902,10.251,7.7288,-8.2556,8.4785,19.675,7.3189,2.5615,10.374,-0.1105,-1.4901
-10.744,-2.6223,10.93,7.9009,-8.6961,9.1265,22.386,9.6664,4.1617,13.04,1.1669,-0.88021
-10.691,-1.6538,11.755,7.5406,-8.9843,10.03,25.262,12.476,6.0769,15.994,2.8729,-0.14573
-10.136,-0.13814,12.623,6.6743,-9.0568,11.141,28.291,15.718,8.2917,19.088,5.0388,0.69243
-9.1837,1.8177,13.458,5.419,-8.9042,12.404,31.531,19.365,10.809,22.226,7.6815,1.6232
-8.0184,4.0934,14.249,3.9421,-8.5805,13.788,35.076,23.439,13.685,25.394,10.808,2.6646
-6.8465,6.5824,15.054,2.4098,-8.1854,15.287,38.987,28.016,17.037,28.627,14.394,3.8661
-5.8305,9.2053,15.964,0.94045,-7.8239,16.907,43.239,33.163,20.984,31.941,18.339,5.2936
-5.0479,11.905,17.044,-0.41705,-7.5637,18.636,47.715,38.852,25.567,35.304,22.472,7.0038
-4.4843,14.643,18.285,-1.6745,-7.4154,20.445,52.252,44.905,30.669,38.641,26.618,9.0229
-4.05,17.425,19.622,-2.8932,-7.3441,22.304,56.706,51.042,36.021,41.866,30.668,11.34
-3.6184,20.302,20.985,-4.1785,-7.3003,24.2,60.977,56.993,41.31,44.902,34.569,13.918
-3.0809,23.321,22.323,-5.6445,-7.247,26.123,65.007,62.578,46.291,47.705,38.284,16.709
-2.3983,26.425,23.596,-7.3382,-7.1751,28.031,68.757,67.725,50.841,50.264,41.781,19.649
-1.6262,29.425,24.769,-9.172,-7.1062,29.816,72.204,72.427,54.937,52.597,45.037,22.64
-0.90115,32.067,25.823,-10.924,-7.0851,31.33,75.348,76.697,58.602,54.729,48.044,25.556
-0.38248,34.141,26.746,-12.336,-7.161,32.454,78.228,80.518,61.867,56.674,50.813,28.278
-0.17381,35.577,27.53,-13.265,-7.3597,33.174,80.897,83.841,64.747,58.428,53.351,30.747
-0.26865,36.474,28.166,-13.773,-7.662,33.62,83.387,86.605,67.252,59.98,55.653,32.986
-0.55419,37.059,28.646,-14.11,-7.9991,33.999,85.661,88.777,69.395,61.329,57.704,35.078
-0.85881,37.584,28.967,-14.598,-8.2738,34.504,87.609,90.368,71.2,62.48,59.493,37.122
-1.0162,38.207,29.143,-15.495,-8.3989,35.23,89.083,91.418,72.693,63.445,61.036,39.184
-0.93157,38.922,29.203,-16.84,-8.3366,36.134,89.942,91.967,73.887,64.228,62.365,41.274
-0.63926,39.593,29.187,-18.359,-8.1192,37.034,90.076,92.017,74.767,64.827,63.512,43.339
-0.30984,40.055,29.133,-19.574,-7.8344,37.702,89.364,91.505,75.283,65.23,64.489,45.297
-0.1354,40.208,29.075,-20.086,-7.5746,37.977,87.597,90.312,75.376,65.429,65.287,47.064
-0.14085,40.081,29.03,-19.833,-7.3779,37.857,84.472,88.316,75.009,65.433,65.892,48.6
-0.13167,39.851,28.996,-19.165,-7.2075,37.494,79.76,85.508,74.212,65.284,66.316,49.916
0.14576,39.789,28.948,-18.689,-6.9878,37.116,73.512,82.055,73.085,65.048,66.608,51.074
0.82667,40.126,28.857,-18.955,-6.6655,36.912,66.061,78.212,71.76,64.792,66.849,52.159
1.8837,40.929,28.699,-20.186,-6.2505,36.941,57.851,74.179,70.352,64.559,67.113,53.24
3.1745,42.015,28.453,-22.198,-5.8148,37.094,49.356,70.044,68.922,64.338,67.435,54.339
4.5109,43.017,28.075,-24.494,-5.4581,37.135,41.065,65.81,67.477,64.082,67.791,55.416
5.7363,43.561,27.515,-26.482,-5.2497,36.799,33.475,61.425,65.992,63.724,68.107,56.384
6.8226,43.447,26.765,-27.792,-5.167,35.912,27.026,56.806,64.431,63.215,68.298,57.145
7.9627,42.739,25.915,-28.457,-5.0573,34.477,21.925,51.865,62.766,62.545,68.32,57.645
9.5604,41.711,25.246,-28.833,-4.6373,32.709,17.916,46.546,60.986,61.74,68.198,57.91
12.057,40.698,25.426,-29.356,-3.5206,30.985,14.416,40.897,59.085,60.844,68.009,58.032
15.679,39.933,26.972,-30.313,-1.2904,29.693,11.09,35.089,57.04,59.883,67.82,58.117
20.287,39.431,27.692,-31.731,2.2931,28.913,7.9949,29.368,54.803,58.845,67.638,58.216
25.45,38.987,24.995,-33.412,7.0015,28.158,5.2512,23.977,52.296,57.684,67.386,58.279
30.663,38.271,19.918,-35.049,12.23,26.733,2.8801,19.1,49.436,56.34,66.931,58.166
35.52,36.987,13.814,-36.373,17.48,24.357,0.84105,14.854,46.167,54.763,66.142,57.713
39.782,35.016,7.1057,-37.258,22.548,21.184,-0.91207,11.282,42.497,52.932,64.95,56.812
43.395,32.466,-0.17716,-37.752,27.408,17.531,-2.4113,8.357,38.522,50.85,63.349,55.433
46.458,29.6,-8.0866,-37.997,32.075,13.712,-3.6823,5.9955,34.407,48.52,61.359,53.586
49.112,26.663,-16.557,-38.099,36.523,9.9512,-4.7594,4.08,30.314,45.916,58.96,51.26
51.443,23.747,-25.226,-38.058,40.638,6.3672,-5.6972,2.4749,26.327,42.974,56.069,48.401
53.461,20.786,-33.308,-37.764,44.206,3.0066,-6.5731,1.0406,22.419,39.597,52.585,44.935
55.179,17.669,-39.616,-36.999,47.018,-0.097863,-7.4788,-0.35338,18.494,35.693,48.508,40.852
56.624,14.392,-43.151,-35.464,49.056,-2.8855,-8.5022,-1.8135,14.484,31.216,43.993,36.252
57.67,11.14,-44.181,-32.962,50.544,-5.272,-9.7049,-3.4093,10.426,26.195,39.268,31.296
58.013,8.1794,-44.01,-29.713,51.609,-7.2083,-11.106,-5.1693,6.4661,20.73,34.493,26.11
57.428,5.662,-43.55,-26.208,52.019,-8.7394,-12.685,-7.0894,2.7697,15.04,29.644,20.782
55.862,3.5318,-42.976,-22.717,51.621,-9.9902,-14.395,-9.1464,-0.57745,9.5018,24.546,15.451
53.268,1.5848,-42.25,-19.208,50.494,-11.097,-16.184,-11.311,-3.601,4.5127,19.072,10.371
49.553,-0.42652,-41.411,-15.55,48.781,-12.16,-18.003,-13.552,-6.3985,0.26772,13.349,5.8192
44.641,-2.6908,-40.458,-11.643,46.582,-13.234,-19.801,-15.84,-9.0806,-3.2875,7.7591,1.9324
38.597,-5.2624,-39.354,-7.5108,43.943,-14.333,-21.527,-18.135,-11.727,-6.327,2.6994,-1.3263
31.751,-8.0399,-38.178,-3.3479,40.944,-15.435,-23.13,-20.387,-14.366,-9.0196,-1.6345,-4.0791
24.714,-10.807,-37.166,0.52962,37.829,-16.496,-24.566,-22.539,-16.976,-11.48,-5.2586,-6.4453
18.202,-13.312,-36.562,3.7986,34.986,-17.467,-25.809,-24.543,-19.507,-13.77,-8.279,-8.5086
12.754,-15.345,-36.473,6.2352,32.764,-18.308,-26.857,-26.378,-21.914,-15.922,-10.804,-10.322
8.6029,-16.802,-36.804,7.7632,31.297,-18.996,-27.729,-28.064,-24.178,-17.952,-12.929,-11.925
5.7401,-17.691,-37.296,8.4498,30.465,-19.522,-28.46,-29.648,-26.299,-19.88,-14.748,-13.363
4.0053,-18.111,-37.679,8.4865,29.962,-19.886,-29.077,-31.179,-28.281,-21.721,-16.356,-14.684
3.1078,-18.204,-37.809,8.1469,29.428,-20.082,-29.593,-32.676,-30.107,-23.473,-17.827,-15.935
2.674,-18.104,-37.677,7.7055,28.61,-20.096,-30.0,-34.12,-31.747,-25.109,-19.196,-17.147
2.3742,-17.905,-37.339,7.3501,27.469,-19.916,-30.282,-35.473,-33.178,-26.579,-20.452,-18.328
2.02,-17.642,-36.831,7.1434,26.152,-19.543,-30.429,-36.696,-34.399,-27.838,-21.563,-19.459
1.5691,-17.306,-36.138,7.0482,24.851,-19.002,-30.443,-37.777,-35.443,-28.871,-22.505,-20.514
1.0677,-16.889,-35.239,6.9877,23.711,-18.345,-30.347,-38.733,-36.365,-29.715,-23.286,-21.477
0.5823,-16.414,-34.167,6.9091,22.788,-17.649,-30.181,-39.602,-37.227,-30.453,-23.942,-22.353
0.15493,-15.952,-33.006,6.8202,22.033,-16.997,-29.99,-40.427,-38.075,-31.186,-24.528,-23.178
-0.21992,-15.599,-31.838,6.7851,21.267,-16.464,-29.814,-41.24,-38.93,-32.0,-25.095,-24.003
-0.6034,-15.45,-30.704,6.8878,20.228,-16.097,-29.676,-42.045,-39.78,-32.921,-25.673,-24.865
-1.0895,-15.555,-29.605,7.1934,18.702,-15.905,-29.573,-42.819,-40.588,-33.907,-26.261,-25.769
-1.7409,-15.903,-28.538,7.7225,16.656,-15.865,-29.482,-43.516,-41.31,-34.858,-26.822,-26.68
-2.547,-16.435,-27.528,8.4442,14.265,-15.934,-29.373,-44.089,-41.909,-35.659,-27.306,-27.536
-3.4551,-17.082,-26.622,9.2954,11.838,-16.071,-29.225,-44.51,-42.376,-36.227,-27.671,-28.279
-4.4222,-17.791,-25.848,10.213,9.6653,-16.246,-29.037,-44.789,-42.73,-36.544,-27.901,-28.877
-5.4348,-18.545,-25.191,11.159,7.8571,-16.443,-28.835,-44.97,-43.01,-36.652,-28.01,-29.335
-6.4951,-19.337,-24.604,12.113,6.3385,-16.65,-28.66,-45.115,-43.263,-36.624,-28.032,-29.688
-7.5892,-20.141,-24.027,13.054,4.9559,-16.847,-28.548,-45.285,-43.536,-36.546,-28.011,-29.991
-8.6541,-20.903,-23.414,13.929,3.6015,-17.004,-28.521,-45.533,-43.871,-36.498,-27.983,-30.3
-9.5676,-21.535,-22.749,14.655,2.2863,-17.087,-28.576,-45.893,-44.298,-36.547,-27.973,-30.657
-10.18,-21.94,-22.045,15.139,1.1321,-17.068,-28.687,-46.382,-44.833,-36.741,-27.986,-31.071
-10.375,-22.034,-21.336,15.309,0.28939,-16.932,-28.821,-46.992,-45.46,-37.098,-28.003,-31.514
-10.125,-21.782,-20.653,15.147,-0.15767,-16.679,-28.94,-47.694,-46.134,-37.598,-27.994,-31.926
-9.5211,-21.219,-20.013,14.701,-0.24145,-16.322,-29.017,-48.438,-46.79,-38.179,-27.922,-32.232
-8.7541,-20.453,-19.399,14.095,-0.1028,-15.886,-29.041,-49.171,-47.366,-38.752,-27.762,-32.375
-8.0753,-19.654,-18.748,13.507,0.056416,-15.41,-29.014,-49.841,-47.823,-39.232,-27.506,-32.332
-7.7256,-19.01,-17.984,13.127,0.037271,-14.945,-28.949,-50.41,-48.157,-39.566,-27.175,-32.124
-7.8662,-18.678,-17.072,13.101,-0.29549,-14.551,-28.865,-50.864,-48.395,-39.759,-26.82,-31.814
-8.5313,-18.751,-16.054,13.488,-0.97159,-14.286,-28.782,-51.214,-48.596,-39.892,-26.515,-31.501
-9.6182,-19.237,-15.054,14.249,-1.905,-14.201,-28.717,-51.494,-48.823,-40.104,-26.349,-31.307
-10.915,-20.053,-14.241,15.264,-2.9212,-14.321,-28.684,-51.748,-49.127,-40.545,-26.396,-31.353
-12.159,-21.045,-13.754,16.361,-3.8145,-14.631,-28.687,-52.012,-49.513,-41.298,-26.68,-31.707
-13.108,-22.015,-13.633,17.353,-4.4183,-15.067,-28.729,-52.307,-49.932,-42.296,-27.142,-32.331
-13.622,-22.772,-13.772,18.087,-4.6634,-15.525,-28.809,-52.643,-50.305,-43.313,-27.622,-33.06
-13.698,-23.198,-13.963,18.484,-4.5985,-15.898,-28.948,-53.04,-50.559,-44.031,-27.893,-33.642
-13.469,-23.296,-13.98,18.574,-4.3606,-16.126,-29.198,-53.556,-50.675,-44.141,-27.711,-33.817
-13.139,-23.18,-13.694,18.474,-4.1038,-16.214,-29.661,-54.307,-50.702,-43.404,-26.872,-33.363
-12.892,-23.027,-13.227,18.327,-3.9197,-16.224,-30.474,-55.463,-50.758,-41.742,-25.315,-32.089
-12.802,-22.99,-13.059,18.221,-3.783,-16.259,-31.787,-57.213,-51.025,-39.58,-23.991,-29.948
-12.834,-23.134,-13.929,18.145,-3.5506,-16.447,-33.732,-59.723,-51.739,-38.361,-29.904,-28.11
-12.995,-23.396,-16.509,18.047,-3.0203,-16.891,-35.994,-63.151,-53.178,-39.564,-40.84,-32.606
-14.204,-23.592,-24.775,18.045,-4.0267,-17.618,-34.639,-67.797,-55.709,-42.232,-46.264,-45.466
-23.901,-23.477,-27.741,18.934,-9.1704,-18.661,-30.886,-73.264,-60.075,-43.635,-49.591,-52.131
-30.871,-22.81,-27.795,23.485,-9.6185,-21.377,-28.664,-73.506,-66.698,-41.64,-49.132,-54.076
-31.218,-21.422,-25.783,31.069,-10.985,-25.522,-27.496,-69.841,-66.122,-35.711,-42.752,-51.248
-29.478,-19.238,-21.604,30.109,-12.69,-20.54,-29.714,-69.138,-58.494,-27.285,-28.844,-42.168
-24.547,-16.259,-16.915,23.708,-12.78,-12.578,-37.78,-75.794,-52.348,-18.724,-6.8795,-25.97
-15.154,-12.45,-14.767,14.87,-8.2894,-5.5486,-53.016,-91.352,-52.683,-11.527,22.477,-2.72
0.79736,-7.3583,-18.32,4.0207,4.2385,-2.3864,-75.871,-115.24,-62.886,-6.2541,57.455,26.543
25.85,-1.5437,-31.638,-9.3978,27.975,-6.1278,-106.25,-146.7,-83.702,-3.0549,95.125,60.08
61.655,-1.3123,-59.734,-25.94,64.47,-20.504,-143.98,-186.02,-113.94,-1.4138,132.28,96.106
108.3,-5.241,-108.18,-46.307,112.51,-46.162,-189.34,-234.66,-151.59,-0.48165,167.0,133.62
164.39,-10.077,-166.3,-71.58,169.24,-78.795,-242.87,-295.34,-194.67,-0.39128,198.71,172.89
227.47,-11.538,-230.63,-102.69,232.1,-112.08,-305.35,-371.69,-242.12,-1.7037,226.86,215.77
294.38,-6.1165,-296.18,-139.86,297.63,-141.31,-377.67,-467.37,-294.37,-3.4361,253.88,264.99
363.48,8.3106,-357.07,-182.7,361.38,-163.71,-460.67,-584.95,-352.54,-5.5018,284.27,321.12
433.89,32.964,-407.15,-231.49,419.67,-175.91,-553.58,-725.49,-416.84,-10.879,322.37,386.1
504.69,70.812,-440.46,-287.72,469.84,-173.66,-653.02,-887.1,-486.56,-12.92,372.57,463.6
574.77,129.53,-452.79,-352.21,510.17,-153.83,-754.28,-1063.0,-560.88,-10.154,436.9,554.42
642.06,209.56,-443.74,-423.92,538.9,-115.59,-852.68,-1243.4,-638.94,-1.9748,513.47,655.31
705.25,297.27,-416.65,-499.9,556.82,-61.815,-945.04,-1419.7,-720.64,11.189,595.41,758.76
763.38,388.21,-379.47,-575.09,567.56,0.52936,-1030.4,-1587.8,-808.39,24.943,670.99,853.35
814.42,472.02,-343.06,-642.34,575.56,60.82,-1109.6,-1746.7,-906.82,31.138,725.15,925.15
854.55,535.53,-318.5,-692.97,584.32,106.74,-1183.2,-1896.1,-1019.2,19.154,742.61,960.13
878.25,566.06,-313.72,-718.14,594.91,127.31,-1249.3,-2031.5,-1142.9,-22.839,712.15,947.49
878.93,555.05,-330.11,-710.86,604.49,116.59,-1301.9,-2142.7,-1267.1,-101.9,630.73,883.06
850.6,501.81,-360.72,-668.47,606.14,76.827,-1331.9,-2215.7,-1375.3,-201.35,505.59,771.6
790.38,415.04,-391.72,-594.32,591.2,18.753,-1330.6,-2238.0,-1451.1,-306.22,352.72,626.41
699.45,310.38,-407.4,-496.8,552.83,-41.996,-1294.2,-2203.8,-1484.9,-404.25,191.89,465.78
582.97,205.08,-395.84,-386.75,488.25,-90.552,-1225.1,-2117.8,-1476.9,-486.39,40.4,307.72
449.9,112.33,-353.41,-275.0,400.26,-118.05,-1131.5,-1993.2,-1436.7,-550.73,-91.472,165.27
311.86,38.148,-287.29,-170.13,297.8,-124.04,-1024.1,-1847.5,-1378.8,-602.19,-201.48,44.319
180.4,-18.487,-211.39,-77.088,193.57,-115.12,-913.27,-1697.4,-1316.4,-649.71,-292.87,-55.428
64.448,-62.715,-139.81,2.3776,99.399,-101.25,-807.06,-1555.0,-1258.4,-698.17,-370.37,-137.44
-30.535,-100.19,-82.645,68.146,22.882,-91.172,-710.53,-1427.4,-1208.4,-744.57,-436.88,-205.19
-102.43,-134.86,-45.128,121.05,-32.419,-89.357,-626.65,-1317.4,-1165.9,-783.8,-492.2,-260.7
-152.27,-168.5,-27.589,162.76,-66.51,-96.88,-557.37,-1225.1,-1128.4,-811.56,-534.75,-304.98
-183.45,-201.23,-26.411,194.87,-82.656,-112.54,-504.34,-1149.1,-1092.5,-824.34,-563.14,-338.59
-200.5,-232.27,-36.649,218.53,-85.581,-133.74,-468.18,-1086.7,-1055.0,-820.8,-577.0,-361.88
-207.87,-260.37,-54.074,235.22,-79.615,-156.06,-448.08,-1035.1,-1013.7,-802.62,-577.28,-375.29
-208.66,-282.88,-75.241,246.19,-68.504,-175.74,-442.13,-991.42,-967.95,-773.34,-566.1,-379.44
-204.34,-297.8,-96.97,251.35,-55.519,-193.38,-445.87,-951.94,-918.81,-736.74,-545.98,-375.04
-194.78,-306.18,-117.02,250.47,-41.561,-208.79,-452.39,-912.79,-867.95,-696.22,-519.93,-363.69
-180.16,-309.24,-134.31,244.71,-26.548,-220.15,-454.94,-870.65,-816.62,-654.18,-491.09,-348.05
-162.54,-306.69,-147.9,235.1,-10.93,-226.03,-448.74,-822.91,-764.66,-611.65,-461.17,-329.88
-143.93,-297.64,-157.44,221.48,2.3211,-225.7,-431.27,-767.89,-710.66,-568.6,-430.44,-309.83
-126.59,-281.46,-160.64,203.99,11.292,-218.84,-402.03,-705.02,-653.06,-524.56,-398.62,-288.33
-111.12,-258.3,-157.19,183.59,16.737,-205.47,-363.3,-635.23,-591.26,-479.13,-365.44,-265.85
-96.278,-229.72,-147.92,161.41,18.537,-186.38,-319.84,-561.13,-526.23,-432.23,-330.93,-242.73
-81.865,-198.8,-134.05,139.03,14.37,-163.39,-275.4,-486.41,-460.36,-384.61,-295.78,-219.13
-68.989,-168.81,-117.26,118.21,8.0327,-138.96,-232.55,-414.72,-396.64,-337.84,-261.22,-195.34
-58.833,-141.79,-99.304,100.1,4.6609,-115.46,-193.46,-348.81,-337.85,-293.52,-228.42,-172.04
-51.659,-118.25,-81.678,84.971,2.7049,-94.42,-159.4,-290.3,-285.94,-252.77,-198.19,-150.02
-46.883,-98.086,-65.497,72.727,1.091,-76.296,-130.23,-239.71,-241.75,-216.2,-171.0,-129.88
-42.97,-81.202,-51.423,63.083,-0.28087,-60.963,-105.18,-196.66,-204.97,-184.16,-147.05,-111.9
-36.461,-67.31,-39.453,55.299,-1.3513,-48.239,-84.558,-160.22,-174.45,-156.8,-126.39,-96.135
-26.279,-55.721,-29.284,48.184,-2.1831,-37.932,-68.242,-129.14,-148.62,-134.16,-108.91,-82.559
-18.779,-45.704,-20.921,40.517,-2.8931,-29.753,-55.027,-102.23,-126.04,-115.94,-94.401,-71.1
-14.957,-36.842,-14.604,31.369,-3.5534,-23.352,-43.757,-78.544,-105.82,-101.5,-82.507,-61.605
-12.901,-28.698,-10.435,22.704,-4.2009,-18.302,-33.722,-57.587,-87.641,-89.854,-72.659,-53.72
-11.732,-21.214,-8.0359,17.66,-4.8688,-14.052,-24.509,-39.156,-71.545,-79.938,-64.122,-46.86
-11.14,-16.971,-6.8234,15.079,-5.5775,-10.703,-16.239,-23.245,-57.784,-70.838,-56.193,-40.451
-10.956,-15.344,-7.9758,13.645,-6.3046,-9.7459,-11.467,-10.463,-46.756,-62.074,-48.537,-34.374
-11.025,-14.3,-10.134,12.823,-6.9833,-9.0411,-10.923,-4.4391,-38.817,-53.768,-41.372,-28.964
-11.191,-13.46,-9.0994,12.351,-7.5294,-7.9066,-9.153,-4.851,-34.052,-46.699,-35.23,-24.511
-11.318,-12.791,-6.7649,12.058,-7.8773,-6.8258,-6.5045,-4.2826,-30.577,-42.027,-30.626,-21.067
-11.309,-12.247,-5.1102,11.813,-8.0081,-5.9494,-4.0621,-2.3622,-26.304,-39.503,-27.659,-18.482
-11.118,-11.735,-4.2334,11.511,-7.9602,-5.2519,-2.031,-0.092078,-21.769,-37.216,-25.547,-16.531
-10.75,-11.141,-3.7242,11.079,-7.8181,-4.6279,-0.35838,2.2464,-17.753,-34.256,-23.687,-15.011
-10.248,-10.367,-3.2538,10.487,-7.6802,-3.9488,1.0655,4.6606,-14.469,-30.942,-21.978,-13.772
-9.6859,-9.3724,-2.6457,9.7525,-7.621,-3.1212,2.3479,7.2179,-11.843,-27.741,-20.413,-12.71
-9.1396,-8.2025,-1.8622,8.9402,-7.6709,-2.129,3.5573,9.9518,-9.7314,-24.897,-18.986,-11.768
-8.6788,-6.9795,-0.96326,8.1475,-7.8214,-1.04,4.7076,12.82,-8.0174,-22.494,-17.702,-10.93
-8.3564,-5.8612,-0.054834,7.4755,-8.0476,0.02575,5.7686,15.711,-6.6149,-20.53,-16.581,-10.198
-8.2048,-4.9826,0.76349,7.0015,-8.3299,0.94907,6.6962,18.504,-5.4558,-18.967,-15.641,-9.5831
-8.2331,-4.4056,1.4415,6.7573,-8.6628,1.6632,7.466,21.139,-4.4729,-17.743,-14.88,-9.0828
-8.4235,-4.0973,1.9939,6.7218,-9.0502,2.182,8.0981,23.665,-3.5908,-16.781,-14.27,-8.6757
-8.7331,-3.9469,2.4814,6.8292,-9.496,2.5916,8.6626,26.234,-2.7282,-15.989,-13.76,-8.3211
-9.1076,-3.8143,2.974,6.9965,-9.9962,3.0108,9.2636,29.055,-1.8074,-15.271,-13.288,-7.9677
-9.5044,-3.5922,3.5174,7.1599,-10.537,3.5363,10.003,32.307,-0.76898,-14.541,-12.801,-7.5695
-9.9094,-3.2523,4.1133,7.3005,-11.097,4.1952,10.938,36.05,0.41499,-13.75,-12.283,-7.104
-10.328,-2.8545,4.7141,7.4406,-11.641,4.9251,12.045,40.156,1.73,-12.901,-11.755,-6.5824
-10.753,-2.5061,5.2307,7.608,-12.115,5.5999,13.229,44.36,3.1194,-12.03,-11.264,-6.0395
-11.127,-2.2818,5.5598,7.7893,-12.447,6.1037,14.372,48.398,4.5096,-11.181,-10.847,-5.507
-11.347,-2.1452,5.6307,7.9051,-12.553,6.4075,15.403,52.137,5.8602,-10.372,-10.505,-4.9854
-11.29,-1.9365,5.4461,7.8267,-12.377,6.5916,16.335,55.597,7.2012,-9.5965,-10.197,-4.4368
-10.866,-1.4416,5.0872,7.4253,-11.912,6.7993,17.238,58.874,8.6223,-8.8313,-9.8658,-3.806
-10.055,-0.49441,4.6763,6.6245,-11.211,7.1569,18.188,62.061,10.223,-8.0598,-9.4718,-3.0556
-8.9193,0.94719,4.3292,5.431,-10.375,7.7158,19.211,65.2,12.063,-7.2822,-9.0109,-2.1918
-7.5839,2.784,4.1182,3.9421,-9.5208,8.4448,20.273,68.284,14.151,-6.5137,-8.512,-1.2634
-6.2078,4.8242,4.0576,2.3207,-8.7477,9.2657,21.31,71.282,16.455,-5.7696,-8.0158,-0.33829
-4.9298,6.879,4.1123,0.7321,-8.1082,10.102,22.269,74.169,18.941,-5.0496,-7.5507,0.5318
-3.8144,8.8498,4.2194,-0.73166,-7.589,10.914,23.136,76.942,21.583,-4.3356,-7.1195,1.3329
-2.8354,10.747,4.3091,-2.0802,-7.1238,11.695,23.938,79.622,24.357,-3.6038,-6.7052,2.0874
-1.9165,12.637,4.3226,-3.3842,-6.6335,12.458,24.714,82.241,27.214,-2.8406,-6.2878,2.8351
-0.99735,14.565,4.232,-4.7046,-6.0708,13.201,25.495,84.828,30.076,-2.0497,-5.8619,3.6122
-0.081578,16.499,4.0515,-6.0355,-5.4466,13.902,26.291,87.388,32.856,-1.2484,-5.4419,4.4385
0.74957,18.313,3.8342,-7.2784,-4.8304,14.522,27.093,89.906,35.489,-0.46092,-5.0565,5.3118
1.3625,19.818,3.6534,-8.2592,-4.3279,15.023,27.88,92.351,37.949,0.2875,-4.7363,6.2075
1.631,20.829,3.5778,-8.7957,-4.0426,15.377,28.617,94.699,40.236,0.97349,-4.5013,7.0841
1.5073,21.239,3.6494,-8.796,-4.0328,15.586,29.268,96.951,42.37,1.5809,-4.3529,7.8979
1.0619,21.088,3.8675,-8.3326,-4.2818,15.674,29.812,99.14,44.389,2.1105,-4.2709,8.6256
0.46193,20.573,4.1869,-7.6311,-4.6992,15.687,30.254,101.34,46.346,2.5882,-4.2172,9.2829
-0.10229,19.982,4.5326,-6.9633,-5.1579,15.677,30.626,103.63,48.292,3.0608,-4.1486,9.9242
-0.50048,19.557,4.8225,-6.5139,-5.5448,15.683,30.959,106.11,50.256,3.5747,-4.0356,10.617
-0.71228,19.386,4.9915,-6.3096,-5.801,15.704,31.265,108.8,52.236,4.1517,-3.8767,11.408
-0.82702,19.389,5.0112,-6.2445,-5.9389,15.709,31.538,111.69,54.204,4.7834,-3.6969,12.301
-0.99178,19.403,4.9019,-6.17,-6.0327,15.661,31.768,114.71,56.13,5.4477,-3.531,13.263
-1.3268,19.286,4.7269,-5.9835,-6.1773,15.55,31.972,117.79,58.002,6.1313,-3.4026,14.244
-1.851,19.009,4.5642,-5.6743,-6.429,15.402,32.189,120.88,59.823,6.8375,-3.3126,15.205
-2.4477,18.694,4.4715,-5.3506,-6.7604,15.284,32.468,123.96,61.604,7.5832,-3.2401,16.137
-2.8801,18.596,4.4615,-5.2529,-7.0586,15.282,32.85,127.08,63.362,8.3934,-3.1514,17.078
-2.8569,19.027,4.5056,-5.7008,-7.173,15.479,33.35,130.31,65.119,9.3,-3.0101,18.114
-2.1363,20.229,4.5605,-6.9745,-6.984,15.937,33.955,133.73,66.906,10.338,-2.7857,19.364
-0.62318,22.275,4.5978,-9.1946,-6.456,16.678,34.635,137.42,68.761,11.542,-2.4607,20.945
1.5846,25.022,4.613,-12.257,-5.6502,17.689,35.357,141.4,70.728,12.931,-2.0326,22.928
4.2267,28.164,4.6182,-15.858,-4.697,18.932,36.102,145.62,72.857,14.507,-1.5104,25.306
6.9846,31.365,4.6353,-19.625,-3.7461,20.36,36.876,150.05,75.206,16.251,-0.90429,27.983
9.6073,34.385,4.6991,-23.272,-2.9222,21.946,37.704,154.65,77.832,18.134,-0.21464,30.81
11.981,37.128,4.8621,-26.666,-2.3014,23.695,38.62,159.43,80.773,20.133,0.57471,33.631
14.116,39.608,5.1867,-29.793,-1.9071,25.634,39.636,164.4,84.02,22.224,1.4914,36.329
16.1,41.898,5.726,-32.692,-1.7183,27.769,40.731,169.53,87.489,24.378,2.5618,38.847
18.041,44.099,6.5065,-35.415,-1.6845,30.063,41.861,174.79,91.04,26.554,3.8009,41.184
20.035,46.304,7.5228,-38.007,-1.7451,32.441,42.979,180.1,94.532,28.705,5.2154,43.382
22.131,48.569,8.7448,-40.482,-1.8495,34.841,44.052,185.43,97.877,30.784,6.8169,45.493
24.294,50.901,10.13,-42.804,-1.9734,37.233,45.066,190.73,101.06,32.748,8.6268,47.556
26.404,53.261,11.627,-44.892,-2.126,39.606,46.022,196.04,104.11,34.558,10.66,49.589
28.319,55.592,13.177,-46.659,-2.3384,41.931,46.923,201.37,107.06,36.192,12.892,51.589
30.002,57.856,14.708,-48.061,-2.6312,44.158,47.774,206.79,109.95,37.657,15.247,53.555
31.591,60.096,16.148,-49.139,-2.9852,46.253,48.576,212.36,112.78,38.99,17.636,55.5
33.358,62.494,17.449,-50.03,-3.3394,48.244,49.335,218.12,115.58,40.26,20.02,57.462
35.525,65.359,18.599,-50.945,-3.6178,50.229,50.056,224.12,118.33,41.545,22.436,59.502
38.07,68.962,19.608,-52.135,-3.759,52.323,50.738,230.28,121.04,42.895,24.953,61.708
40.724,73.25,20.48,-53.85,-3.7279,54.571,51.36,236.44,123.65,44.303,27.579,64.17
43.222,77.746,21.189,-56.239,-3.5012,56.897,51.893,242.35,126.09,45.698,30.215,66.952
45.515,81.896,21.69,-59.184,-3.0426,59.151,52.304,247.8,128.3,46.988,32.681,70.048
47.738,85.464,21.945,-62.361,-2.2937,61.21,52.566,252.69,130.24,48.096,34.812,73.366
50.075,88.585,21.959,-65.539,-1.1894,63.053,52.673,257.05,131.9,48.984,36.524,76.768
52.693,91.61,21.78,-68.791,0.32476,64.779,52.636,260.99,133.27,49.66,37.841,80.152
55.73,94.94,21.474,-72.42,2.29,66.544,52.479,264.58,134.4,50.171,38.861,83.507
59.278,98.888,21.101,-76.732,4.7358,68.476,52.218,267.82,135.31,50.589,39.717,86.896
63.38,103.57,20.701,-81.822,7.6656,70.61,51.855,270.72,136.05,50.996,40.542,90.403
68.024,108.85,20.284,-87.499,11.023,72.887,51.382,273.29,136.69,51.456,41.441,94.099
73.104,114.41,19.848,-93.372,14.651,75.21,50.801,275.57,137.27,52.003,42.471,98.034
78.33,119.84,19.394,-99.019,18.298,77.498,50.125,277.62,137.81,52.63,43.619,102.24
83.31,124.87,18.931,-104.17,21.705,79.704,49.368,279.48,138.32,53.293,44.813,106.71
87.886,129.44,18.478,-108.82,24.727,81.815,48.528,281.19,138.79,53.934,45.957,111.38
92.306,133.76,18.052,-113.26,27.386,83.843,47.599,282.74,139.17,54.504,46.986,116.14
97.032,138.18,17.676,-117.86,29.819,85.82,46.574,284.13,139.46,54.982,47.901,120.82
102.44,142.97,17.379,-122.95,32.192,87.786,45.458,285.34,139.63,55.376,48.756,125.34
108.66,148.24,17.179,-128.64,34.629,89.764,44.262,286.38,139.69,55.716,49.632,129.67
115.47,153.85,17.075,-134.77,37.181,91.726,42.976,287.2,139.62,56.029,50.585,133.82
122.4,159.44,17.027,-140.94,39.824,93.584,41.56,287.77,139.41,56.322,51.629,137.87
128.96,164.58,16.976,-146.72,42.489,95.234,39.939,288.06,139.0,56.577,52.729,141.87
134.77,169.0,16.857,-151.79,45.112,96.623,38.037,288.04,138.37,56.761,53.838,145.86
139.78,172.71,16.628,-156.15,47.685,97.786,35.804,287.74,137.5,56.844,54.927,149.87
144.15,175.99,16.278,-160.0,50.273,98.843,33.251,287.2,136.45,56.818,56.01,153.91
148.14,179.13,15.82,-163.65,52.961,99.927,30.446,286.47,135.26,56.698,57.128,157.99
152.0,182.33,15.278,-167.29,55.742,101.11,27.472,285.55,134.01,56.508,58.319,162.04
155.79,185.56,14.672,-170.89,58.457,102.34,24.375,284.36,132.68,56.259,59.585,166.02
159.42,188.73,14.011,-174.35,60.907,103.5,21.145,282.73,131.16,55.936,60.882,169.82
162.81,191.72,13.293,-177.65,63.013,104.47,17.763,280.44,129.28,55.509,62.146,173.4
166.07,194.43,12.508,-180.83,64.877,105.2,14.274,277.29,126.86,54.96,63.319,176.7
169.36,196.81,11.656,-183.89,66.711,105.7,10.78,273.15,123.8,54.295,64.381,179.69
172.77,198.8,10.742,-186.73,68.714,106.0,7.3676,268.03,120.09,53.544,65.343,182.32
176.24,200.41,9.7747,-189.3,70.978,106.18,4.0675,262.0,115.83,52.743,66.227,184.54
179.6,201.62,8.7649,-191.49,73.459,106.24,0.87648,255.14,111.13,51.911,67.045,186.31
182.66,202.4,7.7358,-193.22,75.996,106.2,-2.208,247.53,106.11,51.048,67.796,187.69
185.17,202.75,6.7326,-194.43,78.359,106.06,-5.1925,239.24,100.9,50.135,68.474,188.75
186.98,202.75,5.8183,-195.12,80.315,105.84,-8.1078,230.31,95.637,49.144,69.071,189.62
188.02,202.49,5.0537,-195.34,81.665,105.55,-11.01,220.77,90.399,48.049,69.583,190.43
188.23,202.06,4.4729,-195.13,82.23,105.19,-13.963,210.66,85.222,46.818,70.004,191.27
187.46,201.39,4.0719,-194.39,81.879,104.72,-17.006,200.06,80.118,45.41,70.341,192.19
185.67,200.26,3.8196,-193.03,80.694,104.05,-20.123,189.06,75.114,43.784,70.605,193.12
183.22,198.58,3.6763,-191.12,79.079,103.1,-23.224,177.79,70.245,41.923,70.807,193.86
180.69,196.57,3.603,-189.03,77.521,101.93,-26.17,166.39,65.535,39.86,70.926,194.11
178.41,194.63,3.5563,-187.02,76.248,100.73,-28.827,154.96,60.976,37.671,70.888,193.62
176.31,192.68,3.4841,-185.0,75.181,99.574,-31.112,143.61,56.528,35.425,70.597,192.33
174.02,190.21,3.3287,-182.54,74.103,98.255,-33.014,132.36,52.112,33.158,69.977,190.25
171.01,186.62,3.0327,-179.14,72.807,96.435,-34.575,121.22,47.61,30.887,69.003,187.35
166.82,181.44,2.5426,-174.33,71.17,93.86,-35.85,110.35,42.912,28.647,67.69,183.46
161.17,174.48,1.8161,-167.86,69.196,90.405,-36.878,100.13,38.002,26.492,66.077,178.4
154.27,165.94,0.83289,-159.97,67.018,86.088,-37.663,91.037,33.014,24.476,64.19,172.19
146.94,156.57,-0.39876,-151.53,64.853,81.091,-38.188,83.187,28.164,22.619,62.035,165.16
140.22,147.43,-1.8498,-143.65,62.915,75.76,-38.44,76.35,23.62,20.89,59.622,157.85
134.73,139.43,-3.4892,-137.05,61.316,70.5,-38.418,70.146,19.433,19.206,57.017,150.69
130.45,132.93,-5.3006,-131.81,59.992,65.635,-38.147,64.202,15.583,17.459,54.306,143.85
126.79,127.57,-7.284,-127.41,58.721,61.254,-37.669,58.154,12.047,15.565,51.53,137.23
122.91,122.48,-9.4309,-122.95,57.223,57.146,-37.035,51.636,8.833,13.499,48.648,130.54
117.97,116.54,-11.683,-117.47,55.318,52.914,-36.285,44.398,5.9739,11.32,45.546,123.43
111.39,108.93,-13.925,-110.33,53.038,48.218,-35.435,36.576,3.4992,9.1562,42.067,115.71
103.3,99.612,-16.048,-101.65,50.592,42.917,-34.475,28.827,1.4131,7.1547,38.065,107.52
94.642,89.433,-18.011,-92.353,48.201,37.107,-33.373,21.973,-0.31297,5.4357,33.521,99.313
86.65,79.406,-19.823,-83.427,46.016,31.226,-32.099,16.466,-1.7316,4.0568,28.684,91.591
80.027,70.268,-21.489,-75.503,44.103,25.818,-30.65,12.257,-2.907,2.9999,24.025,84.596
74.707,62.319,-23.018,-68.735,42.439,21.07,-29.068,9.0293,-3.9109,2.1747,19.878,78.296
70.173,55.311,-24.425,-62.804,40.922,16.822,-27.447,6.4331,-4.8216,1.4359,16.216,72.5
65.839,48.682,-25.736,-57.15,39.403,12.822,-25.9,4.1863,-5.7199,0.62285,12.774,66.943
61.253,41.903,-26.978,-51.282,37.736,8.8899,-24.515,2.1018,-6.675,-0.37872,9.3188,61.405
56.2,34.753,-28.159,-45.033,35.8,5.0372,-23.32,0.086423,-7.7308,-1.5879,5.8386,55.825
50.78,27.466,-29.25,-38.662,33.553,1.501,-22.282,-1.8782,-8.8998,-2.934,2.5607,50.32
45.242,20.45,-30.194,-32.433,31.068,-1.4341,-21.333,-3.7721,-10.172,-4.3107,-0.2537,45.007
39.643,13.981,-30.934,-26.083,28.503,-3.7024,-20.417,-5.5753,-11.53,-5.6315,-2.5249,39.817
33.9,8.5096,-31.436,-19.542,26.018,-5.4285,-19.511,-7.2872,-12.957,-6.8494,-4.347,34.56
28.152,4.3762,-31.697,-13.588,23.688,-6.7493,-18.634,-8.9263,-14.443,-7.9519,-5.8597,29.133
22.723,1.443,-31.738,-8.887,21.496,-7.7603,-17.822,-10.518,-15.974,-8.9471,-7.1775,23.63
17.823,-0.62481,-31.603,-5.4496,19.374,-8.5358,-17.112,-12.083,-17.534,-9.8541,-8.3826,18.275
13.527,-2.1218,-31.353,-3.0054,17.266,-9.144,-16.514,-13.626,-19.1,-10.695,-9.5325,13.307
9.9074,-3.2588,-31.049,-1.2917,15.175,-9.6455,-16.006,-15.135,-20.651,-11.492,-10.662,8.9038
7.0455,-4.1837,-30.735,-0.09162,13.167,-10.086,-15.538,-16.591,-22.163,-12.262,-11.783,5.153
4.9178,-5.0036,-30.42,0.7941,11.33,-10.492,-15.056,-17.982,-23.623,-13.009,-12.885,2.0427
3.345,-5.7974,-30.088,1.5414,9.7143,-10.88,-14.526,-19.307,-25.026,-13.725,-13.942,-0.50596
2.0881,-6.6192,-29.722,2.2787,8.297,-11.258,-13.944,-20.575,-26.368,-14.39,-14.922,-2.5938
0.95846,-7.5011,-29.328,3.076,7.0184,-11.638,-13.342,-21.793,-27.65,-14.979,-15.795,-4.3147
-0.14035,-8.4478,-28.937,3.9489,5.8313,-12.024,-12.764,-22.957,-28.865,-15.473,-16.544,-5.7457
-1.2196,-9.4283,-28.574,4.8661,4.7288,-12.411,-12.247,-24.043,-30.003,-15.86,-17.169,-6.947
-2.2375,-10.376,-28.225,5.7636,3.7353,-12.77,-11.797,-25.009,-31.041,-16.136,-17.676,-7.9644
-3.1431,-11.211,-27.842,6.5711,2.8725,-13.061,-11.395,-25.81,-31.944,-16.307,-18.074,-8.833
-3.9146,-11.87,-27.371,7.2429,2.1315,-13.245,-11.0,-26.416,-32.681,-16.39,-18.373,-9.5798
-4.5733,-12.339,-26.773,7.7754,1.4694,-13.304,-10.579,-26.824,-33.23,-16.412,-18.583,-10.224
-5.1709,-12.657,-26.038,8.2045,0.82892,-13.253,-10.113,-27.06,-33.592,-16.407,-18.714,-10.779
-5.758,-12.891,-25.187,8.5816,0.16803,-13.134,-9.6126,-27.169,-33.791,-16.399,-18.776,-11.25
-6.3493,-13.108,-24.279,8.9427,-0.51583,-13.001,-9.1084,-27.201,-33.862,-16.402,-18.773,-11.637
-6.9038,-13.339,-23.4,9.2843,-1.1769,-12.898,-8.6456,-27.198,-33.85,-16.411,-18.706,-11.942
-7.3365,-13.559,-22.641,9.5605,-1.7353,-12.844,-8.2679,-27.179,-33.795,-16.416,-18.577,-12.165
-7.5552,-13.698,-22.068,9.7007,-2.1111,-12.826,-7.9984,-27.138,-33.71,-16.398,-18.382,-12.311
-7.5071,-13.672,-21.694,9.645,-2.2616,-12.805,-7.8243,-27.03,-33.574,-16.335,-18.111,-12.379
-7.2148,-13.44,-21.473,9.3835,-2.2078,-12.734,-7.6967,-26.794,-33.334,-16.202,-17.75,-12.361
-6.7857,-13.038,-21.33,8.982,-2.0359,-12.592,-7.5507,-26.378,-32.935,-15.991,-17.297,-12.249
-6.3867,-12.587,-21.19,8.5733,-1.8698,-12.4,-7.3363,-25.776,-32.353,-15.714,-16.773,-12.043
-6.1806,-12.248,-21.026,8.3067,-1.8179,-12.216,-7.0418,-25.027,-31.609,-15.4,-16.222,-11.761
-6.2513,-12.156,-20.869,8.279,-1.9191,-12.104,-6.6996,-24.213,-30.76,-15.087,-15.693,-11.432
-6.5576,-12.348,-20.789,8.4873,-2.1154,-12.108,-6.3711,-23.415,-29.878,-14.799,-15.225,-11.091
-6.9439,-12.744,-20.853,8.8271,-2.2777,-12.217,-6.117,-22.689,-29.02,-14.54,-14.827,-10.767
-7.2063,-13.166,-21.071,9.1316,-2.2712,-12.36,-5.9643,-22.045,-28.198,-14.289,-14.473,-10.464
-7.182,-13.4,-21.368,9.2355,-2.0259,-12.422,-5.8886,-21.439,-27.37,-14.005,-14.108,-10.163
-6.8211,-13.281,-21.586,9.0436,-1.5767,-12.284,-5.8226,-20.804,-26.455,-13.646,-13.673,-9.8312
-6.2144,-12.755,-21.52,8.5732,-1.0628,-11.868,-5.687,-20.078,-25.377,-13.192,-13.134,-9.441
-5.5663,-11.905,-20.967,7.9503,-0.68407,-11.174,-5.4267,-19.237,-24.105,-12.662,-12.502,-8.9871
-5.1195,-10.907,-19.785,7.3564,-0.62658,-10.268,-5.033,-18.298,-22.669,-12.104,-11.826,-8.4911
-5.0492,-9.9581,-17.956,6.9491,-0.98069,-9.2596,-4.5436,-17.315,-21.157,-11.576,-11.176,-7.9918
-5.3724,-9.187,-15.628,6.7897,-1.6933,-8.2485,-4.0235,-16.346,-19.672,-11.118,-10.609,-7.5308
-5.9293,-8.6009,-13.093,6.8129,-2.5847,-7.2946,-3.5384,-15.439,-18.3,-10.739,-10.15,-7.1362
-6.4582,-8.09,-10.661,6.8558,-3.4243,-6.4014,-3.129,-14.614,-17.076,-10.414,-9.7859,-6.81
-6.719,-7.4859,-8.5123,6.7359,-4.0243,-5.5267,-2.793,-13.854,-15.978,-10.092,-9.466,-6.521
-6.5934,-6.649,-6.6532,6.3381,-4.3107,-4.6105,-2.4835,-13.116,-14.941,-9.7146,-9.1205,-6.2128
-6.134,-5.5466,-4.9943,5.675,-4.3498,-3.6096,-2.1293,-12.348,-13.889,-9.2429,-8.6917,-5.8269
-5.5536,-4.2842,-3.4377,4.8942,-4.3223,-2.5291,-1.6684,-11.513,-12.776,-8.6714,-8.1609,-5.3295
-5.1485,-3.0731,-1.9322,4.2273,-4.4453,-1.434,-1.0767,-10.606,-11.601,-8.0331,-7.5559,-4.7275
-5.1712,-2.1465,-0.51977,3.8944,-4.8686,-0.42912,-0.37748,-9.6547,-10.402,-7.386,-6.9383,-4.0657
-5.7067,-1.6582,0.70894,4.0009,-5.6001,0.3869,0.37291,-8.7071,-9.2332,-6.7892,-6.3757,-3.4061
-6.6227,-1.6099,1.703,4.4805,-6.501,0.96963,1.1104,-7.8079,-8.1368,-6.2787,-5.9151,-2.8013
-7.6219,-1.8456,2.4472,5.1189,-7.3498,1.35,1.7879,-6.9878,-7.136,-5.8532,-5.5666,-2.2728
-8.3569,-2.1176,2.937,5.6394,-7.9303,1.6156,2.3886,-6.2588,-6.2331,-5.4736,-5.3028,-1.8041
-8.5514,-2.1872,3.1883,5.8029,-8.1038,1.8671,2.9245,-5.6155,-5.4168,-5.0819,-5.0705,-1.3527
-8.0983,-1.914,3.249,5.4903,-7.8534,2.175,3.4234,-5.0395,-4.6687,-4.6271,-4.8117,-0.87251
-7.107,-1.3028,3.1963,4.7482,-7.2887,2.561,3.9144,-4.5026,-3.9679,-4.086,-4.4841,-0.33516
-5.873,-0.48943,3.1201,3.777,-6.6091,3.0047,4.4179,-3.9779,-3.2927,-3.4692,-4.074,0.261
-4.7729,0.32779,3.1032,2.8562,-6.0378,3.4656,4.9412,-3.4501,-2.6253,-2.8123,-3.599,0.89482
-4.1339,0.96762,3.2048,2.2449,-5.7538,3.9037,5.477,-2.919,-1.9589,-2.1605,-3.1005,1.5323
-4.1423,1.3144,3.4512,2.1065,-5.8485,4.2919,6.0055,-2.3976,-1.3023,-1.553,-2.6297,2.1369
-4.8047,1.3362,3.8349,2.4702,-6.3157,4.6201,6.5001,-1.9064,-0.67914,-1.0125,-2.2345,2.678
-5.9496,1.093,4.3195,3.2219,-7.0582,4.8997,6.9393,-1.4656,-0.12,-0.54066,-1.9481,3.1397
-7.2672,0.73957,4.85,4.1296,-7.903,5.1674,7.3201,-1.0881,0.35253,-0.11717,-1.7794,3.5279
-8.3761,0.50363,5.3656,4.8978,-8.6331,5.4832,7.6656,-0.77235,0.73955,0.29681,-1.7045,3.8693
-8.9217,0.62065,5.8178,5.2416,-9.0506,5.915,8.0188,-0.501,1.0715,0.74351,-1.6697,4.2018
-8.7053,1.2359,6.1867,4.9845,-9.05,6.5102,8.4222,-0.25001,1.3946,1.2438,-1.6142,4.5573
-7.7737,2.3297,6.487,4.1414,-8.6598,7.2653,8.8899,-0.0069355,1.7431,1.7748,-1.5057,4.9368
-6.4045,3.7111,6.758,2.9233,-8.0309,8.1138,9.3891,0.21411,2.1148,2.2666,-1.3658,5.2967
-4.9971,5.0806,7.0458,1.6592,-7.3804,8.9431,9.8483,0.37509,2.4682,2.6276,-1.2641,5.5619
-3.9294,6.1393,7.3899,0.67537,-6.9156,9.6396,10.193,0.43688,2.7442,2.7915,-1.2766,5.6631
-3.437,6.71,7.8169,0.18081,-6.767,10.143,10.387,0.38671,2.9007,2.7564,-1.4415,5.5774
-3.5576,6.812,8.3376,0.20109,-6.9581,10.473,10.456,0.24961,2.9327,2.5905,-1.7401,5.345
-4.1522,6.6424,8.941,0.59353,-7.4149,10.72,10.47,0.076845,2.8785,2.4001,-2.1126,5.0509
-4.978,6.4784,9.5864,1.1237,-8.0055,10.989,10.508,-0.079166,2.796,2.2833,-2.4897,4.7865
-5.7751,6.5568,10.204,1.5571,-8.5834,11.343,10.617,-0.18853,2.735,2.2914,-2.8217,4.6135
-6.345,6.9743,10.707,1.7379,-9.0216,11.771,10.793,-0.25251,2.7164,2.4073,-3.0967,4.5385
-6.6034,7.6381,11.02,1.6376,-9.2466,12.186,10.978,-0.30742,2.7247,2.5483,-3.3419,4.5127
-6.5922,8.2997,11.106,1.3606,-9.2621,12.464,11.093,-0.4045,2.7154,2.5985,-3.6095,4.4549
-6.4406,8.6828,10.98,1.0846,-9.1361,12.505,11.077,-0.58646,2.6372,2.4661,-3.9458,4.2899
-6.2835,8.6416,10.705,0.95227,-8.9514,12.285,10.927,-0.86718,2.4583,2.1332,-4.3674,3.987
-6.1808,8.2255,10.359,0.98949,-8.753,11.858,10.694,-1.2242,2.1815,1.6645,-4.8512,3.572
-6.0968,7.6197,9.997,1.1141,-8.5263,11.33,10.454,-1.6085,1.8401,1.1707,-5.344,3.1091
-5.938,7.0258,9.6311,1.2081,-8.211,10.805,10.267,-1.9669,1.4775,0.75,-5.7893,2.6673
-5.6105,6.5748,9.232,1.1786,-7.7348,10.34,10.148,-2.2647,1.1272,0.45447,-6.1494,2.2924
-5.0678,6.2955,8.7462,0.99147,-7.0548,9.9226,10.059,-2.4978,0.802,0.27952,-6.4172,1.9951
-4.3441,6.1234,8.1235,0.68433,-6.1909,9.4877,9.9331,-2.6895,0.49466,0.17303,-6.6169,1.7515
-3.5613,5.9378,7.3499,0.36065,-5.2333,8.9593,9.7042,-2.876,0.18504,0.059573,-6.7926,1.5149
-2.8976,5.6169,6.4733,0.15742,-4.3218,8.2974,9.3448,-3.0875,-0.14923,-0.12654,-6.9874,1.2359
-2.5277,5.0985,5.6051,0.19049,-3.6083,7.5286,8.8786,-3.3344,-0.52105,-0.41087,-7.2225,0.88444
-2.5627,4.4053,4.8857,0.50737,-3.2147,6.7399,8.3685,-3.6034,-0.92722,-0.76777,-7.4862,0.46334
-3.0168,3.6165,4.4268,1.0769,-3.1972,6.0349,7.8821,-3.8656,-1.3532,-1.1373,-7.7437,0.0040048
-3.8067,2.8166,4.2639,1.8114,-3.5267,5.4802,7.4581,-4.0942,-1.7865,-1.4594,-7.9574,-0.45186
-4.7707,2.0621,4.3437,2.5957,-4.0895,5.0757,7.0867,-4.2788,-2.2229,-1.7033,-8.1066,-0.87214
-5.7028,1.3817,4.5467,3.3104,-4.712,4.7648,6.7272,-4.4277,-2.6661,-1.8776,-8.1998,-1.2439
-6.4038,0.79195,4.7323,3.8532,-5.2093,4.4736,6.3433,-4.5587,-3.1219,-2.0195,-8.2623,-1.5723
-6.7431,0.3087,4.7925,4.1641,-5.4458,4.1521,5.9265,-4.6861,-3.5863,-2.173,-8.3253,-1.8752
-6.6999,-0.052185,4.6913,4.2405,-5.3839,3.7978,5.5056,-4.8145,-4.0397,-2.3665,-8.4108,-2.1754
-6.3593,-0.27957,4.4694,4.1305,-5.0904,3.4515,5.1312,-4.9373,-4.4586,-2.6067,-8.5246,-2.4948
-5.8738,-0.37751,4.2142,3.9149,-4.701,3.1716,4.8505,-5.0456,-4.8221,-2.8713,-8.6565,-2.8492
-5.4145,-0.3756,4.0147,3.6873,-4.3629,2.9976,4.681,-5.1361,-5.123,-3.1272,-8.7899,-3.2456
-5.1256,-0.33107,3.9225,3.5338,-4.1836,2.9238,4.599,-5.2144,-5.3738,-3.347,-8.9095,-3.6809
-5.0871,-0.31201,3.9318,3.5121,-4.1986,2.8987,4.5487,-5.2945,-5.6015,-3.5181,-9.0074,-4.1432
-5.2897,-0.36837,3.9833,3.6331,-4.3678,2.8521,4.4688,-5.3925,-5.8346,-3.6464,-9.0852,-4.613
-5.6398,-0.50856,3.9942,3.8526,-4.5903,2.7303,4.319,-5.5207,-6.0907,-3.7462,-9.1519,-5.0685
-5.9894,-0.69698,3.8978,4.0855,-4.7406,2.5187,4.0927,-5.6821,-6.3719,-3.8373,-9.2154,-5.4932
-6.1823,-0.87227,3.6693,4.233,-4.7092,2.24,3.812,-5.8715,-6.6683,-3.9405,-9.2824,-5.8822
-6.0991,-0.97337,3.3226,4.2168,-4.4337,1.9361,3.51,-6.0786,-6.9637,-4.0774,-9.3639,-6.2441
-5.6902,-0.97013,2.8931,4.0001,-3.9156,1.6432,3.214,-6.2919,-7.2437,-4.2561,-9.4688,-6.5967
-4.992,-0.87586,2.4219,3.6,-3.217,1.3758,2.9376,-6.5025,-7.5008,-4.4714,-9.6007,-6.9598
-4.1201,-0.74749,1.9447,3.0875,-2.44,1.1194,2.6816,-6.7065,-7.7365,-4.7058,-9.756,-7.3484
-3.2374,-0.66722,1.4888,2.5705,-1.6987,0.84186,2.4388,-6.9074,-7.9581,-4.9363,-9.9247,-7.768
-2.5097,-0.71417,1.0762,2.1648,-1.0941,0.51276,2.1993,-7.1124,-8.1716,-5.1442,-10.092,-8.21
-2.068,-0.93346,0.72942,1.9639,-0.69777,0.12523,1.9557,-7.332,-8.3741,-5.3206,-10.24,-8.6549
-1.9897,-1.3294,0.47516,2.022,-0.54925,-0.29454,1.7113,-7.5701,-8.5492,-5.4663,-10.354,-9.0737
-2.2933,-1.8762,0.3412,2.3538,-0.66171,-0.70031,1.479,-7.8185,-8.6724,-5.5876,-10.42,-9.4351
-2.9474,-2.5364,0.34514,2.9388,-1.0225,-1.047,1.2736,-8.0578,-8.715,-5.691,-10.437,-9.7141
-3.8766,-3.2705,0.48153,3.7306,-1.5875,-1.312,1.1117,-8.2621,-8.6604,-5.7794,-10.41,-9.8993
-4.9716,-4.0408,0.71653,4.6552,-2.2804,-1.5001,1.0035,-8.4064,-8.5226,-5.853,-10.355,-9.9962
-6.0978,-4.8043,0.99821,5.616,-3.0051,-1.6363,0.94915,-8.4743,-8.3302,-5.907,-10.297,-10.024
-7.1143,-5.5076,1.2789,6.4997,-3.67,-1.7486,0.93781,-8.4644,-8.1256,-5.9417,-10.252,-10.011
-7.8976,-6.0877,1.5358,7.1947,-4.2114,-1.8491,0.94754,-8.3926,-7.9492,-5.9603,-10.225,-9.978
-8.3647,-6.4776,1.7771,7.6117,-4.6052,-1.9232,0.94657,-8.2896,-7.8254,-5.9694,-10.209,-9.9421
-8.4826,-6.6208,2.0299,7.7017,-4.8573,-1.9349,0.8995,-8.191,-7.7559,-5.9749,-10.186,-9.9047
-8.2746,-6.4899,2.3191,7.4685,-4.9845,-1.8444,0.77941,-8.1235,-7.7205,-5.9857,-10.136,-9.8542
-7.8132,-6.1019,2.6496,6.9718,-5.0054,-1.63,0.58132,-8.0934,-7.6849,-6.004,-10.039,-9.7736
-7.2078,-5.5251,2.9995,6.314,-4.9405,-1.3038,0.32705,-8.0822,-7.6129,-6.023,-9.8882,-9.646
-6.587,-4.8673,3.3266,5.6251,-4.818,-0.9144,0.055198,-8.0553,-7.4808,-6.0301,-9.6925,-9.464
-6.0785,-4.2605,3.584,5.0391,-4.6775,-0.5393,-0.19904,-7.9774,-7.2889,-6.0129,-9.474,-9.2374
-5.7878,-3.8277,3.7403,4.669,-4.5658,-0.25911,-0.42202,-7.8291,-7.0646,-5.9755,-9.2654,-8.9931
-5.7752,-3.6488,3.7929,4.5802,-4.5256,-0.1309,-0.6289,-7.6163,-6.8514,-5.9346,-9.0987,-8.7661
-6.0353,-3.7338,3.7677,4.77,-4.581,-0.16551,-0.85777,-7.3675,-6.6924,-5.913,-8.9921,-8.5877
-6.49,-4.0209,3.7021,5.1645,-4.7254,-0.32844,-1.1545,-7.1253,-6.6163,-5.9288,-8.9445,-8.4764
-7.002,-4.4001,3.6236,5.638,-4.9171,-0.56184,-1.555,-6.9366,-6.633,-5.99,-8.9389,-8.4375
-7.4069,-4.7587,3.5355,6.0465,-5.0853,-0.81623,-2.0705,-6.8314,-6.7366,-6.0931,-8.9508,-8.4653
-7.5582,-5.0208,3.415,6.2698,-5.1478,-1.0734,-2.683,-6.8169,-6.9125,-6.2275,-8.9579,-8.5433
-7.3793,-5.1721,3.2224,6.2496,-5.0345,-1.3462,-3.3507,-6.8761,-7.1439,-6.3817,-8.9484,-8.6527
-6.8947,-5.2594,2.9174,6.0136,-4.7149,-1.6623,-4.0221,-6.9763,-7.4165,-6.5484,-8.9261,-8.7789
-6.2308,-5.3693,2.4794,5.6686,-4.2174,-2.0404,-4.6544,-7.0837,-7.7185,-6.7253,-8.9083,-8.9163
-5.5771,-5.5872,1.9282,5.3657,-3.6313,-2.4771,-5.2206,-7.1744,-8.034,-6.9108,-8.9147,-9.0655
-5.1321,-5.9655,1.3315,5.2492,-3.0864,-2.9426,-5.7094,-7.2381,-8.3465,-7.0987,-8.9512,-9.2252
-5.0491,-6.5062,0.79101,5.416,-2.7171,-3.3868,-6.1199,-7.2752,-8.6353,-7.2772,-9.0085,-9.3861
-5.3999,-7.1626,0.40948,5.8923,-2.6242,-3.7529,-6.456,-7.2917,-8.881,-7.4315,-9.0611,-9.5304
-6.1568,-7.8548,0.25492,6.6288,-2.8463,-3.9963,-6.723,-7.2951,-9.0755,-7.5498,-9.0788,-9.6358
-7.1961,-8.4894,0.33667,7.5087,-3.3451,-4.1007,-6.9291,-7.295,-9.2297,-7.6331,-9.0409,-9.6885
-8.3139,-8.9774,0.60327,8.3659,-4.0075,-4.0847,-7.09,-7.3074,-9.3747,-7.6939,-8.9468,-9.6916
-9.2645,-9.2459,0.96221,9.016,-4.6696,-3.9927,-7.232,-7.3554,-9.5546,-7.7592,-8.8196,-9.6664
-9.8153,-9.2439,1.3127,9.3023,-5.1622,-3.8734,-7.3877,-7.4648,-9.8127,-7.8631,-8.6968,-9.6479
-9.8026,-8.9489,1.5776,9.132,-5.3569,-3.7552,-7.5821,-7.654,-10.174,-8.0302,-8.6106,-9.6688
-9.1802,-8.3705,1.7226,8.4984,-5.1989,-3.6348,-7.8177,-7.9235,-10.627,-8.2605,-8.5691,-9.7412
-8.0443,-7.5614,1.7553,7.4922,-4.7168,-3.4919,-8.0695,-8.249,-11.12,-8.5229,-8.5501,-9.8479
-6.6161,-6.6292,1.7082,6.2928,-4.0129,-3.3162,-8.295,-8.5816,-11.573,-8.7658,-8.5107,-9.9482
-5.1843,-5.7305,1.6152,5.1305,-3.235,-3.1268,-8.4527,-8.8585,-11.902,-8.9378,-8.409,-9.9954
-4.0301,-5.0421,1.4942,4.2315,-2.536,-2.9726,-8.5208,-9.0225,-12.063,-9.011,-8.2268,-9.956
-3.3654,-4.7204,1.3437,3.7698,-2.0379,-2.9169,-8.5081,-9.0426,-12.069,-8.9951,-7.982,-9.8246
-3.2998,-4.8635,1.1494,3.8369,-1.8095,-3.0172,-8.4537,-8.9313,-11.987,-8.934,-7.7237,-9.6249
-3.8308,-5.4869,0.89748,4.4293,-1.8624,-3.3073,-8.4164,-8.7398,-11.904,-8.8862,-7.5131,-9.4047
-4.8513,-6.5169,0.58862,5.4506,-2.1611,-3.7861,-8.4558,-8.5381,-11.891,-8.9018,-7.4002,-9.22
-6.1701,-7.8024,0.2493,6.728,-2.6341,-4.4158,-8.6107,-8.3889,-11.982,-9.0037,-7.4023,-9.1165
-7.5434,-9.1386,-0.070291,8.0398,-3.1863,-5.1233,-8.8827,-8.326,-12.168,-9.1814,-7.4962,-9.1117
-8.7169,-10.301,-0.31317,9.1507,-3.7188,-5.8096,-9.2321,-8.3457,-12.404,-9.3948,-7.6289,-9.1841
-9.4752,-11.097,-0.4382,9.8625,-4.1489,-6.3721,-9.5936,-8.4131,-12.63,-9.5915,-7.7405,-9.281
-9.6961,-11.431,-0.43779,10.071,-4.4153,-6.7366,-9.907,-8.4809,-12.795,-9.7291,-7.7902,-9.3427
-9.3877,-11.334,-0.34894,9.8037,-4.4803,-6.8875,-10.145,-8.5104,-12.882,-9.7927,-7.7702,-9.3292
-8.6886,-10.95,-0.25049,9.2144,-4.3392,-6.876,-10.322,-8.4843,-12.911,-9.799,-7.7059,-9.2334
-7.8271,-10.491,-0.23325,8.5332,-4.0351,-6.8014,-10.475,-8.4071,-12.92,-9.784,-7.6401,-9.0776
-7.059,-10.175,-0.35252,7.9989,-3.6619,-6.7678,-10.637,-8.2952,-12.943,-9.7809,-7.6121,-8.899
-6.5983,-10.161,-0.59506,7.7885,-3.3458,-6.8394,-10.82,-8.1655,-12.987,-9.8018,-7.6404,-8.7311
-6.5613,-10.497,-0.88049,7.9681,-3.207,-7.0179,-11.004,-8.0285,-13.034,-9.8324,-7.7146,-8.5924
-6.9449,-11.112,-1.0921,8.4851,-3.3209,-7.2509,-11.157,-7.8895,-13.055,-9.8429,-7.8022,-8.4844
-7.6432,-11.846,-1.1205,9.2021,-3.6972,-7.4595,-11.256,-7.7556,-13.041,-9.8104,-7.8647,-8.3992
-8.4897,-12.517,-0.90319,9.9504,-4.2832,-7.5731,-11.313,-7.6446,-13.017,-9.7376,-7.8768,-8.3302
-9.3089,-12.981,-0.44595,10.582,-4.9825,-7.5584,-11.371,-7.5889,-13.048,-9.6546,-7.8384,-8.2784
-9.964,-13.175,0.18025,11.004,-5.6827,-7.4292,-11.493,-7.6259,-13.208,-9.6039,-7.7723,-8.2509
-10.392,-13.131,0.86407,11.206,-6.2867,-7.2363,-11.725,-7.7802,-13.547,-9.6204,-7.7107,-8.2542
-10.618,-12.955,1.4893,11.251,-6.7393,-7.0464,-12.079,-8.0466,-14.07,-9.7175,-7.6813,-8.2892
-10.736,-12.792,1.9681,11.254,-7.042,-6.9236,-12.531,-8.386,-14.722,-9.886,-7.6995,-8.3511
-10.872,-12.775,2.2604,11.339,-7.2456,-6.915,-13.035,-8.7466,-15.406,-10.104,-7.7701,-8.4338
-11.133,-12.985,2.3744,11.593,-7.4221,-7.0377,-13.543,-9.0849,-16.014,-10.344,-7.8892,-8.5315
-11.554,-13.417,2.3489,12.025,-7.6236,-7.2695,-14.022,-9.3807,-16.459,-10.583,-8.0442,-8.6364
-12.078,-13.983,2.2304,12.559,-7.8504,-7.5514,-14.453,-9.6381,-16.697,-10.799,-8.2143,-8.7373
-12.573,-14.531,2.0556,13.051,-8.0451,-7.8067,-14.84,-9.8756,-16.733,-10.982,-8.3743,-8.8216
-12.879,-14.911,1.8439,13.351,-8.1174,-7.9709,-15.201,-10.113,-16.609,-11.13,-8.5025,-8.879
-12.865,-15.02,1.5967,13.356,-7.983,-8.0165,-15.557,-10.362,-16.378,-11.249,-8.5877,-8.9028
-12.481,-14.845,1.2991,13.045,-7.5984,-7.9599,-15.924,-10.619,-16.081,-11.343,-8.6347,-8.8902
-11.769,-14.452,0.92996,12.478,-6.9793,-7.8493,-16.308,-10.87,-15.739,-11.424,-8.6635,-8.8444
-10.846,-13.954,0.48172,11.763,-6.197,-7.7408,-16.703,-11.102,-15.36,-11.508,-8.7015,-8.776
-9.856,-13.451,-0.020049,11.019,-5.3549,-7.6704,-17.095,-11.306,-14.946,-11.614,-8.7716,-8.6995
-8.9268,-12.994,-0.51204,10.326,-4.5585,-7.6355,-17.46,-11.479,-14.499,-11.75,-8.8785,-8.6263
-8.1388,-12.571,-0.90737,9.7195,-3.8922,-7.5971,-17.767,-11.618,-14.02,-11.907,-9.0035,-8.5574
-7.5298,-12.141,-1.1239,9.1958,-3.4121,-7.5058,-17.993,-11.719,-13.517,-12.059,-9.112,-8.4841
-7.1151,-11.675,-1.1156,8.7476,-3.1481,-7.3338,-18.129,-11.781,-13.001,-12.179,-9.1718,-8.3968
-6.9034,-11.191,-0.89138,8.3869,-3.1072,-7.0925,-18.187,-11.813,-12.492,-12.25,-9.1688,-8.2935
-6.8992,-10.753,-0.51405,8.1482,-3.271,-6.8283,-18.194,-11.828,-12.004,-12.275,-9.1113,-8.1799
-7.0951,-10.45,-0.079397,8.0745,-3.5917,-6.6024,-18.184,-11.842,-11.542,-12.266,-9.0214,-8.0647
-7.4627,-10.355,0.31179,8.1962,-3.9939,-6.4675,-18.179,-11.861,-11.098,-12.237,-8.9217,-7.9532
-7.9505,-10.507,0.57869,8.5125,-4.3897,-6.4497,-18.182,-11.877,-10.648,-12.191,-8.8238,-7.8443
-8.4914,-10.887,0.67751,8.9847,-4.7005,-6.5389,-18.164,-11.869,-10.164,-12.114,-8.7235,-7.7293
-9.0164,-11.421,0.6085,9.5427,-4.8786,-6.6911,-18.071,-11.802,-9.623,-11.98,-8.6038,-7.5942
-9.4674,-11.996,0.41068,10.101,-4.9177,-6.8426,-17.84,-11.637,-9.0222,-11.766,-8.4465,-7.4269
-9.8037,-12.497,0.14817,10.579,-4.8509,-6.9328,-17.435,-11.354,-8.3898,-11.469,-8.247,-7.2279
-10.002,-12.833,-0.10388,10.911,-4.7366,-6.9246,-16.87,-10.97,-7.7821,-11.115,-8.0241,-7.0185
-10.05,-12.946,-0.27326,11.046,-4.6349,-6.8119,-16.216,-10.539,-7.2661,-10.752,-7.8175,-6.838
-9.9363,-12.804,-0.30803,10.951,-4.5811,-6.6096,-15.572,-10.135,-6.896,-10.432,-7.6709,-6.7307
-9.6448,-12.385,-0.18991,10.606,-4.5672,-6.333,-15.028,-9.8201,-6.6951,-10.196,-7.6113,-6.727
-9.1525,-11.676,0.067338,10.008,-4.5467,-5.9837,-14.631,-9.624,-6.6473,-10.055,-7.6355,-6.8273
-8.449,-10.687,0.43195,9.1753,-4.4614,-5.5492,-14.365,-9.5344,-6.6992,-9.9819,-7.7141,-6.9985
-7.5605,-9.4619,0.86708,8.1583,-4.2748,-5.0166,-14.154,-9.5,-6.7726,-9.9216,-7.8053,-7.1864
-6.5664,-8.1006,1.3336,7.05,-3.9946,-4.3967,-13.907,-9.4506,-6.7883,-9.813,-7.8744,-7.3391
-5.6001,-6.7617,1.787,5.988,-3.674,-3.7416,-13.558,-9.3293,-6.6948,-9.6216,-7.9116,-7.432
-4.8266,-5.647,2.1787,5.138,-3.3952,-3.144,-13.108,-9.1196,-6.4882,-9.3595,-7.9391,-7.4796
-4.3961,-4.9493,2.4646,4.653,-3.2402,-2.708,-12.619,-8.8496,-6.2084,-9.0778,-7.9991,-7.5245
-4.3885,-4.7806,2.6198,4.617,-3.2607,-2.5042,-12.178,-8.5727,-5.9125,-8.8354,-8.1266,-7.6102
-4.7795,-5.1245,2.6474,5.0098,-3.4566,-2.5376,-11.848,-8.3391,-5.6456,-8.6681,-8.3269,-7.7566
-5.4509,-5.848,2.5766,5.7159,-3.7785,-2.7519,-11.65,-8.1797,-5.4273,-8.5779,-8.5741,-7.9523
-6.2388,-6.7636,2.4505,6.5721,-4.152,-3.0675,-11.566,-8.1022,-5.256,-8.5443,-8.8303,-8.168
-6.9921,-7.7021,2.3119,7.4252,-4.511,-3.4236,-11.563,-8.1013,-5.1221,-8.5449,-9.0676,-8.3744
-7.6184,-8.5586,2.1939,8.1738,-4.8228,-3.7974,-11.609,-8.1661,-5.018,-8.5697,-9.281,-8.5558
-8.1022,-9.3017,2.1195,8.7821,-5.0955,-4.1928,-11.684,-8.2867,-4.9413,-8.6225,-9.4848,-8.711
-8.4909,-9.9514,2.1043,9.2691,-5.3665,-4.6095,-11.779,-8.4532,-4.8906,-8.7104,-9.696,-8.8455
-8.8562,-10.541,2.1564,9.6801,-5.6767,-5.0205,-11.882,-8.6484,-4.8584,-8.8294,-9.9172,-8.9614
-9.2516,-11.085,2.2722,10.056,-6.0442,-5.378,-11.969,-8.8418,-4.8255,-8.9579,-10.128,-9.0513
-9.6899,-11.569,2.433,10.415,-6.4512,-5.6395,-12.011,-8.9903,-4.7637,-9.0622,-10.291,-9.0998
-10.146,-11.97,2.6059,10.758,-6.8504,-5.7863,-11.976,-9.0517,-4.6478,-9.1098,-10.369,-9.0893
-10.571,-12.274,2.7511,11.069,-7.1845,-5.8243,-11.828,-8.9993,-4.465,-9.0784,-10.34,-9.0046
-10.912,-12.479,2.8363,11.323,-7.4067,-5.7744,-11.536,-8.8284,-4.2135,-8.9557,-10.2,-8.8346
-11.118,-12.582,2.8497,11.487,-7.4923,-5.6616,-11.069,-8.5494,-3.8944,-8.736,-9.9559,-8.5736
-11.145,-12.557,2.8028,11.517,-7.4359,-5.5025,-10.407,-8.1775,-3.5073,-8.4195,-9.6185,-8.2218
-10.956,-12.351,2.7214,11.36,-7.2421,-5.2963,-9.5494,-7.7238,-3.0516,-8.0132,-9.1929,-7.7858
-10.525,-11.895,2.6349,10.965,-6.9163,-5.0233,-8.5119,-7.192,-2.5289,-7.5277,-8.6776,-7.2765
-9.8464,-11.13,2.5719,10.304,-6.4674,-4.6525,-7.31,-6.574,-1.9396,-6.9692,-8.0624,-6.7036
-8.9502,-10.037,2.5582,9.3844,-5.9156,-4.1567,-5.9438,-5.8477,-1.2759,-6.3306,-7.3303,-6.0698
-7.8977,-8.6593,2.6061,8.2645,-5.2949,-3.5307,-4.3904,-4.9771,-0.51529,-5.5898,-6.4614,-5.3682
-6.7655,-7.1003,2.6997,7.038,-4.6435,-2.8033,-2.6086,-3.918,0.38013,-4.7132,-5.4359,-4.5836
-5.614,-5.4962,2.7932,5.8036,-3.9798,-2.0332,-0.54778,-2.6215,1.4676,-3.6584,-4.2291,-3.6931
-4.4583,-3.9639,2.8247,4.6238,-3.2847,-1.2854,1.8481,-1.033,2.8341,-2.3699,-2.7971,-2.6666
-3.2469,-2.545,2.7362,3.4893,-2.4999,-0.59925,4.6408,0.91169,4.6094,-0.77131,-1.0619,-1.4664
-1.8468,-1.1772,2.4859,2.3015,-1.5379,0.033673,7.8981,3.2901,6.9669,1.2344,1.0887,-0.05201
-0.05627,0.28841,2.0592,0.8861,-0.3119,0.66723,11.679,6.1938,10.095,3.7455,3.7725,1.6072
2.3252,2.0222,1.4808,-0.95038,1.2211,1.3704,15.985,9.7168,14.115,6.8186,7.0515,3.5139
5.3806,4.1252,0.8184,-3.3264,3.0171,2.1837,20.707,13.921,18.962,10.415,10.864,5.6253
8.9587,6.5544,0.17256,-6.1815,4.9296,3.0904,25.632,18.79,24.318,14.377,15.01,7.8501
12.659,9.1163,-0.3454,-9.2435,6.74,4.0291,30.549,24.205,29.731,18.479,19.224,10.073
16.007,11.567,-0.6409,-12.153,8.2242,4.9369,35.35,29.984,34.851,22.526,23.284,12.205
18.735,13.769,-0.66211,-14.693,9.2517,5.7927,40.027,35.964,39.569,26.427,27.085,14.237
20.951,15.787,-0.41629,-16.943,9.868,6.6336,44.612,42.036,43.974,30.181,30.635,16.253
23.099,17.863,0.028759,-19.239,10.288,7.5368,49.119,48.122,48.215,33.821,34.012,18.406
25.72,20.281,0.55929,-21.989,10.81,8.5713,53.526,54.113,52.399,37.352,37.298,20.835
29.109,23.191,1.0452,-25.398,11.688,9.7445,57.775,59.865,56.541,40.739,40.524,23.59
33.04,26.452,1.3797,-29.24,13.013,10.977,61.791,65.231,60.59,43.928,43.651,26.574
36.855,29.628,1.5148,-32.891,14.652,12.123,65.492,70.113,64.473,46.875,46.592,29.573
39.944,32.231,1.4738,-35.765,16.323,13.045,68.815,74.45,68.125,49.558,49.258,32.357
42.104,34.044,1.3338,-37.69,17.771,13.692,71.754,78.191,71.495,51.969,51.601,34.787
43.505,35.214,1.1919,-38.885,18.876,14.14,74.363,81.298,74.555,54.12,53.625,36.863
44.516,36.105,1.1287,-39.743,19.664,14.548,76.717,83.77,77.294,56.032,55.371,38.685
45.543,37.105,1.1789,-40.659,20.274,15.069,78.84,85.636,79.703,57.727,56.897,40.371
46.904,38.452,1.3113,-41.901,20.903,15.769,80.663,86.933,81.739,59.212,58.247,41.985
48.718,40.143,1.4354,-43.526,21.729,16.592,82.02,87.672,83.31,60.474,59.44,43.514
50.867,41.959,1.4452,-45.372,22.823,17.401,82.672,87.83,84.296,61.482,60.469,44.895
53.045,43.586,1.281,-47.139,24.108,18.044,82.326,87.357,84.614,62.222,61.325,46.073
54.892,44.756,0.96581,-48.52,25.391,18.432,80.666,86.197,84.283,62.709,62.015,47.047
56.135,45.376,0.59633,-49.333,26.462,18.587,77.457,84.321,83.442,62.998,62.586,47.873
56.689,45.547,0.29833,-49.589,27.193,18.622,72.67,81.768,82.295,63.17,63.112,48.659
56.658,45.5,0.17084,-49.457,27.584,18.677,66.518,78.669,81.037,63.308,63.679,49.514
56.257,45.471,0.24488,-49.169,27.742,18.851,59.41,75.208,79.79,63.472,64.362,50.515
55.721,45.621,0.47166,-48.94,27.794,19.172,51.867,71.557,78.587,63.677,65.195,51.67
55.278,46.03,0.74045,-48.937,27.844,19.592,44.449,67.821,77.384,63.9,66.163,52.927
55.156,46.709,0.9133,-49.285,27.998,20.015,37.706,64.021,76.103,64.1,67.199,54.193
55.554,47.59,0.85889,-50.028,28.409,20.33,32.104,60.115,74.672,64.25,68.207,55.376
56.529,48.53,0.47421,-51.092,29.247,20.451,27.877,56.029,73.071,64.347,69.112,56.406
57.914,49.355,-0.30192,-52.285,30.621,20.352,24.781,51.681,71.34,64.415,69.887,57.262
59.422,49.927,-1.4726,-53.391,32.493,20.063,22.109,47.015,69.554,64.486,70.56,57.96
60.867,50.209,-2.9829,-54.288,34.714,19.64,19.336,42.042,67.775,64.577,71.182,58.545
62.308,50.284,-4.779,-55.011,37.138,19.133,16.525,36.865,66.022,64.682,71.792,59.051
63.939,50.305,-6.8826,-55.706,39.69,18.554,13.941,31.657,64.262,64.761,72.372,59.481
65.833,50.365,-9.3588,-56.497,42.34,17.876,11.699,26.602,62.419,64.74,72.849,59.804
67.821,50.391,-12.169,-57.351,44.999,17.038,9.7737,21.88,60.4,64.531,73.122,59.984
69.595,50.183,-15.072,-58.072,47.498,15.967,8.1113,17.647,58.117,64.057,73.095,60.003
70.842,49.531,-17.768,-58.398,49.667,14.621,6.6719,14.004,55.509,63.278,72.709,59.863
71.298,48.294,-20.142,-58.111,51.4,13.001,5.4316,10.962,52.566,62.186,71.911,59.553
70.8,46.393,-22.243,-57.082,52.596,11.143,4.3672,8.4506,49.325,60.795,70.616,59.011
69.372,43.795,-24.121,-55.298,53.106,9.0947,3.448,6.3453,45.849,59.12,68.696,58.107
67.325,40.524,-25.804,-52.889,52.773,6.8989,2.6339,4.5043,42.162,57.157,66.06,56.661
65.244,36.677,-27.349,-50.099,51.619,4.616,1.8767,2.7918,38.201,54.88,62.739,54.534
63.626,32.394,-28.787,-47.165,50.094,2.3382,1.1238,1.095,33.827,52.243,58.859,51.701
62.409,27.819,-30.074,-44.159,48.724,0.17145,0.32581,-0.66435,28.915,49.206,54.548,48.216
61.185,23.093,-31.273,-40.997,47.708,-1.8049,-0.55278,-2.5281,23.484,45.749,49.912,44.147
59.698,18.387,-32.495,-37.565,47.277,-3.5542,-1.5214,-4.5098,17.78,41.882,45.077,39.564
57.82,13.916,-33.625,-33.77,47.473,-5.0618,-2.5553,-6.6033,12.219,37.637,40.199,34.578
55.23,9.8533,-34.287,-29.396,47.641,-6.3113,-3.5968,-8.7861,7.1934,33.064,35.392,29.328
51.322,6.2582,-34.038,-24.102,46.699,-7.2861,-4.5674,-11.015,2.898,28.217,30.624,23.942
45.503,3.1136,-32.579,-17.921,43.907,-7.9865,-5.3888,-13.222,-0.67092,23.149,25.707,18.55
37.663,0.36942,-29.867,-11.658,39.189,-8.4413,-6.0074,-15.328,-3.6239,17.975,20.407,13.36
28.428,-2.063,-26.105,-6.1683,32.927,-8.7045,-6.4089,-17.259,-6.0966,12.944,14.67,8.6759
19.012,-4.277,-21.713,-1.6226,25.792,-8.8404,-6.6167,-18.965,-8.2153,8.4054,8.9241,4.7701
10.572,-6.3092,-17.376,2.1678,18.781,-8.9085,-6.6735,-20.439,-10.09,4.6138,3.9854,1.7161
3.7166,-8.111,-13.816,5.2801,12.746,-8.9512,-6.6243,-21.711,-11.812,1.5929,0.33936,-0.62175
-1.3983,-9.5657,-11.401,7.6153,8.0795,-8.9859,-6.5072,-22.837,-13.449,-0.7924,-2.1734,-2.4521
-4.7668,-10.539,-10.102,9.0242,4.9817,-9.0042,-6.3532,-23.885,-15.042,-2.7037,-3.9453,-3.9425
-6.4182,-10.94,-9.6555,9.4326,3.338,-8.9778,-6.1863,-24.908,-16.609,-4.266,-5.276,-5.1924
-6.5171,-10.766,-9.5756,8.9244,2.4928,-8.8743,-6.0231,-25.936,-18.149,-5.5664,-6.3372,-6.2543
-5.4563,-10.126,-9.0889,7.7625,1.9335,-8.6787,-5.8746,-26.963,-19.646,-6.6734,-7.2263,-7.161
-3.8066,-9.2197,-7.8337,6.329,1.8184,-8.4124,-5.7534,-27.967,-21.08,-7.651,-8.011,-7.9445
-2.1634,-8.307,-6.5185,5.0137,2.0986,-8.1373,-5.6798,-28.925,-22.433,-8.5639,-8.7514,-8.6434
-0.98386,-7.6473,-5.683,4.1198,2.4186,-7.94,-5.6769,-29.827,-23.696,-9.4705,-9.5022,-9.2989
-0.51479,-7.4389,-5.2801,3.8215,2.5294,-7.8987,-5.7545,-30.675,-24.861,-10.411,-10.301,-9.9427
-0.81928,-7.7695,-5.1698,4.1618,2.3393,-8.0491,-5.893,-31.461,-25.909,-11.394,-11.154,-10.583
-1.8236,-8.6017,-5.25,5.0698,1.8281,-8.3663,-6.0431,-32.154,-26.809,-12.395,-12.028,-11.2
-3.3499,-9.8013,-5.4109,6.3935,1.0276,-8.7762,-6.149,-32.705,-27.532,-13.37,-12.871,-11.759
-5.1493,-11.19,-5.5179,7.939,0.056028,-9.1897,-6.1801,-33.082,-28.081,-14.276,-13.642,-12.237
-6.9436,-12.583,-5.4521,9.5004,-0.92384,-9.5352,-6.1505,-33.303,-28.499,-15.102,-14.331,-12.644
-8.4803,-13.812,-5.1672,10.88,-1.7887,-9.7711,-6.1137,-33.436,-28.869,-15.871,-14.967,-13.018
-9.5895,-14.74,-4.6991,11.915,-2.4949,-9.879,-6.1354,-33.577,-29.286,-16.625,-15.592,-13.41
-10.207,-15.284,-4.1207,12.507,-3.0471,-9.8514,-6.2626,-33.815,-29.827,-17.4,-16.242,-13.86
-10.355,-15.417,-3.4925,12.646,-3.4482,-9.6864,-6.5071,-34.207,-30.53,-18.22,-16.934,-14.385
-10.128,-15.175,-2.842,12.412,-3.7063,-9.3933,-6.8504,-34.773,-31.386,-19.093,-17.664,-14.984
-9.687,-14.654,-2.1677,11.95,-3.8708,-8.9964,-7.2608,-35.501,-32.351,-20.012,-18.423,-15.64
-9.2235,-13.993,-1.4528,11.432,-4.0319,-8.5332,-7.7102,-36.359,-33.366,-20.96,-19.2,-16.332
-8.9071,-13.338,-0.68051,11.011,-4.2831,-8.0457,-8.1821,-37.302,-34.378,-21.916,-19.991,-17.034
-8.8417,-12.8,0.15176,10.786,-4.6829,-7.5708,-8.6698,-38.279,-35.352,-22.857,-20.79,-17.72
-9.0515,-12.435,1.0214,10.788,-5.2373,-7.1329,-9.1707,-39.24,-36.267,-23.758,-21.576,-18.371
-9.4899,-12.249,1.8796,10.986,-5.9043,-6.7441,-9.6846,-40.136,-37.113,-24.591,-22.313,-18.971
-10.068,-12.214,2.6612,11.316,-6.6151,-6.4125,-10.213,-40.933,-37.886,-25.328,-22.953,-19.508
-10.694,-12.307,3.3016,11.717,-7.2983,-6.1506,-10.76,-41.618,-38.593,-25.949,-23.458,-19.975
-11.31,-12.524,3.7555,12.158,-7.9005,-5.9788,-11.325,-42.197,-39.258,-26.461,-23.815,-20.362
-11.907,-12.884,4.0109,12.65,-8.4005,-5.9187,-11.908,-42.694,-39.912,-26.895,-24.04,-20.666
-12.518,-13.413,4.0927,13.224,-8.813,-5.9826,-12.5,-43.14,-40.588,-27.305,-24.169,-20.889
-13.179,-14.107,4.0523,13.898,-9.1716,-6.1647,-13.091,-43.562,-41.312,-27.748,-24.251,-21.052
-13.888,-14.915,3.9487,14.642,-9.4981,-6.4375,-13.668,-43.979,-42.096,-28.283,-24.334,-21.193
-14.578,-15.736,3.8269,15.371,-9.7775,-6.7541,-14.214,-44.397,-42.942,-28.968,-24.462,-21.368
-15.13,-16.432,3.7038,15.961,-9.9577,-7.0578,-14.701,-44.813,-43.838,-29.86,-24.667,-21.637
-15.409,-16.87,3.57,16.286,-9.9721,-7.2956,-15.1,-45.209,-44.757,-30.995,-24.963,-22.048
-15.319,-16.957,3.4091,16.26,-9.7761,-7.4282,-15.384,-45.553,-45.651,-32.337,-25.329,-22.613
-14.845,-16.664,3.2249,15.869,-9.3759,-7.427,-15.534,-45.805,-46.444,-33.721,-25.69,-23.276
-14.072,-16.032,3.0562,15.174,-8.8363,-7.2655,-15.546,-45.929,-47.039,-34.826,-25.901,-23.888
-13.164,-15.152,2.9669,14.298,-8.2639,-6.9182,-15.444,-45.933,-47.355,-35.234,-25.755,-24.21
-12.306,-14.147,3.014,13.39,-7.7721,-6.3766,-15.305,-45.907,-47.362,-34.555,-25.018,-23.967
-11.647,-13.151,3.2088,12.599,-7.4385,-5.6753,-15.273,-46.054,-47.126,-32.637,-23.536,-22.95
-11.257,-12.288,3.4804,12.026,-7.2703,-4.9127,-15.568,-46.687,-46.836,-29.962,-21.524,-21.162
-11.109,-11.652,3.6572,11.699,-7.1906,-4.2559,-16.462,-48.183,-46.818,-27.92,-21.08,-19.065
-11.093,-11.27,3.5225,11.547,-7.0466,-3.9184,-18.256,-50.911,-47.497,-27.883,-31.033,-18.36
-11.057,-11.081,3.0148,11.42,-6.6428,-4.0906,-21.201,-55.201,-49.336,-29.581,-40.177,-25.632
-10.86,-10.927,3.5424,11.119,-6.0632,-4.8563,-22.506,-61.473,-52.899,-30.991,-44.383,-41.095
-10.753,-10.586,2.3839,10.427,-10.481,-6.367,-18.115,-69.448,-59.436,-30.064,-46.285,-46.477
-17.624,-9.858,1.5469,9.1411,-11.502,-9.0637,-14.639,-71.042,-66.532,-26.222,-44.125,-46.449
-27.271,-8.6669,3.6921,7.2903,-12.376,-7.5688,-12.268,-67.554,-62.296,-20.332,-35.841,-41.977
-26.506,-7.0697,8.7525,8.8563,-13.986,-3.7443,-12.957,-66.243,-55.044,-13.713,-20.105,-31.686
-23.19,-5.1652,14.8,19.195,-15.177,0.86517,-19.198,-70.533,-50.457,-7.411,3.0302,-14.422
-16.192,-2.9038,17.75,13.27,-13.429,4.3867,-33.937,-82.76,-51.935,-2.2238,32.351,9.9477
-3.7886,0.39845,12.415,3.2795,-5.0413,4.5114,-60.124,-104.31,-62.024,1.3193,66.206,40.153
15.753,4.0118,-5.304,-7.6842,13.449,-1.4599,-97.428,-135.12,-81.833,3.4709,102.53,74.163
43.81,-0.87465,-37.615,-19.915,43.307,-16.665,-140.71,-173.84,-110.76,5.3442,138.65,110.3
81.41,-8.992,-84.36,-35.024,84.068,-44.173,-188.62,-219.45,-146.87,7.7382,172.35,147.89
129.03,-16.764,-142.24,-54.857,135.27,-80.927,-242.03,-272.7,-187.99,9.9531,203.01,187.34
186.89,-19.658,-206.26,-80.712,195.39,-115.62,-300.94,-336.27,-232.99,10.974,230.72,229.84
254.75,-14.152,-271.22,-114.44,261.38,-144.89,-366.04,-414.44,-281.59,11.131,256.87,277.15
329.8,1.9045,-332.28,-160.41,329.65,-166.68,-438.9,-512.11,-333.96,8.8451,287.92,332.37
410.06,30.827,-384.86,-218.18,396.71,-177.91,-520.89,-632.83,-391.04,1.1215,327.53,398.63
493.29,75.836,-424.44,-281.89,458.96,-175.17,-610.98,-776.63,-453.72,-1.1582,379.48,477.73
576.6,138.96,-447.04,-353.17,512.63,-155.53,-705.21,-938.51,-521.81,2.4921,445.85,569.63
656.34,216.77,-450.4,-430.26,554.66,-117.83,-799.32,-1109.8,-594.21,12.529,524.94,671.09
728.91,303.5,-435.2,-509.38,583.76,-64.489,-889.87,-1282.1,-670.56,28.503,610.1,774.86
791.2,393.06,-405.77,-585.29,600.47,-2.2962,-974.31,-1449.1,-752.66,46.374,689.71,869.86
840.04,475.26,-369.91,-651.09,606.95,58.314,-1051.4,-1607.4,-844.47,58.512,748.48,942.43
872.17,537.44,-337.83,-698.6,606.7,105.07,-1120.4,-1755.1,-949.81,53.74,770.43,978.56
884.6,566.9,-319.68,-719.82,603.39,126.79,-1179.8,-1888.8,-1068.5,21.342,743.35,967.13
874.68,554.91,-321.4,-708.95,598.79,117.36,-1225.4,-2001.3,-1193.4,-45.257,663.43,903.49
839.7,500.87,-340.99,-664.25,590.76,78.828,-1250.7,-2081.6,-1311.0,-140.95,537.75,791.95
777.45,413.73,-367.67,-589.13,572.96,21.433,-1249.2,-2118.5,-1405.0,-245.02,382.78,645.67
688.13,309.33,-385.65,-491.84,537.57,-39.445,-1217.2,-2105.1,-1462.1,-345.01,219.13,483.18
575.86,204.87,-380.95,-383.27,479.45,-88.663,-1155.9,-2043.0,-1477.0,-431.05,64.794,322.85
448.27,113.23,-347.43,-273.79,399.05,-117.01,-1071.9,-1941.4,-1453.9,-500.64,-69.659,178.0
315.33,40.089,-288.64,-171.12,303.02,-123.84,-974.43,-1815.0,-1404.8,-557.6,-181.95,54.77
187.51,-15.492,-215.62,-80.019,202.31,-115.45,-872.72,-1678.7,-1344.0,-608.09,-275.42,-46.782
73.457,-58.537,-143.05,-2.2998,108.64,-101.36,-774.18,-1544.7,-1283.3,-656.53,-354.92,-129.86
-21.425,-95.183,-83.791,62.586,30.995,-90.427,-683.85,-1421.1,-1229.3,-704.2,-423.52,-198.26
-94.882,-129.85,-43.879,116.11,-26.362,-87.702,-604.86,-1312.2,-1183.4,-749.06,-481.56,-254.81
-147.17,-163.99,-23.997,159.23,-63.4,-94.494,-539.05,-1219.9,-1144.2,-786.43,-527.58,-300.83
-180.81,-196.99,-21.909,192.29,-82.291,-109.49,-487.14,-1143.7,-1108.8,-811.36,-559.98,-336.46
-199.63,-227.53,-33.116,216.13,-86.458,-129.68,-448.31,-1081.6,-1074.0,-820.76,-578.12,-361.53
-206.94,-253.9,-52.065,232.15,-80.152,-150.39,-422.43,-1030.6,-1037.0,-814.21,-582.7,-376.23
-205.47,-274.06,-74.088,241.53,-67.481,-168.68,-409.68,-987.48,-995.72,-793.58,-575.55,-381.4
-198.15,-288.17,-96.031,245.52,-51.956,-185.91,-407.88,-948.37,-950.26,-762.1,-559.11,-378.38
-187.8,-298.18,-115.92,245.52,-36.401,-202.18,-412.53,-910.01,-902.04,-723.53,-536.13,-369.0
-176.15,-304.5,-132.66,242.63,-22.215,-215.28,-418.28,-870.09,-852.73,-681.32,-509.31,-355.43
-163.85,-306.68,-145.7,237.31,-9.771,-223.73,-420.13,-826.89,-803.11,-637.93,-480.53,-339.19
-150.94,-303.98,-154.62,229.62,-1.1684,-226.95,-414.22,-778.85,-752.76,-594.47,-450.6,-320.91
-138.53,-295.46,-157.5,219.45,5.3007,-224.39,-398.41,-724.46,-700.44,-551.03,-419.69,-301.0
-128.2,-280.57,-154.15,206.71,6.0632,-215.49,-373.21,-662.99,-644.78,-507.23,-387.79,-279.92
-118.95,-259.82,-145.25,191.72,1.3514,-200.54,-340.79,-595.48,-585.23,-462.62,-354.76,-258.06
-109.3,-234.62,-131.64,174.65,-3.2892,-180.92,-303.55,-524.66,-522.57,-416.97,-320.63,-235.5
-98.265,-206.65,-114.9,155.54,-4.4673,-158.61,-264.09,-454.0,-458.87,-370.8,-286.1,-212.24
-85.936,-177.66,-96.902,134.99,-4.4283,-135.54,-225.21,-386.71,-396.98,-325.43,-252.35,-188.67
-73.651,-149.57,-79.125,114.65,-4.2761,-113.16,-189.23,-325.16,-339.65,-282.38,-220.48,-165.7
-63.147,-124.1,-62.679,96.465,-4.3375,-92.54,-157.43,-270.65,-288.87,-242.91,-191.22,-144.27
-55.309,-102.35,-48.39,81.606,-4.7474,-74.455,-129.95,-223.51,-245.46,-207.81,-165.01,-124.9
-50.038,-84.666,-36.623,70.237,-5.522,-59.328,-106.35,-183.31,-209.17,-177.48,-142.09,-107.73
-46.563,-70.838,-27.253,61.892,-6.5624,-47.16,-86.499,-149.16,-178.98,-151.9,-122.47,-92.737
-43.43,-60.108,-19.93,55.628,-7.6894,-37.628,-70.254,-119.96,-153.47,-130.83,-105.96,-79.868
-38.554,-51.313,-14.289,50.111,-8.7025,-30.229,-56.898,-94.597,-131.32,-113.75,-92.227,-69.025
-31.355,-43.31,-10.043,43.854,-9.4416,-24.373,-45.468,-72.1,-111.59,-99.917,-80.838,-60.0
-24.554,-35.21,-6.9889,35.362,-9.8291,-19.393,-35.187,-51.866,-93.871,-88.325,-71.202,-52.379
-19.807,-26.281,-4.9138,25.405,-9.8841,-14.621,-25.634,-33.748,-78.079,-77.945,-62.605,-45.555
-16.579,-18.096,-3.658,18.401,-9.706,-10.045,-16.921,-17.984,-64.379,-68.019,-54.383,-38.985
-14.236,-13.541,-2.3657,14.42,-9.4362,-7.095,-10.288,-5.2622,-53.054,-58.316,-46.278,-32.472
-12.529,-10.673,0.027518,11.911,-9.2083,-5.129,-7.1358,2.0928,-44.275,-49.254,-38.708,-26.278
-11.386,-8.5399,1.8321,10.274,-9.1064,-3.3513,-5.7047,3.6394,-37.93,-41.726,-32.438,-21.225
-10.727,-7.014,2.9039,9.2621,-9.1452,-1.8846,-3.9073,4.4681,-33.661,-36.22,-27.885,-17.598
-10.407,-5.9707,3.618,8.6804,-9.2798,-0.75107,-1.7368,6.4997,-30.288,-31.992,-24.688,-15.015
-10.247,-5.2299,4.1439,8.3326,-9.4387,0.12484,0.42676,9.406,-26.417,-27.786,-22.151,-13.099
-10.093,-4.6227,4.5507,8.0557,-9.5591,0.83314,2.4163,12.903,-22.19,-23.443,-20.056,-11.62
-9.8656,-4.0536,4.8733,7.7575,-9.6098,1.4277,4.1819,16.853,-18.331,-19.732,-18.38,-10.447
-9.5674,-3.5229,5.1305,7.4298,-9.5991,1.9109,5.7048,21.098,-15.187,-16.994,-17.084,-9.5037
-9.2683,-3.107,5.3271,7.1343,-9.5674,2.2478,6.9666,25.404,-12.77,-15.062,-16.106,-8.7389
-9.0723,-2.9093,5.453,6.9663,-9.5665,2.3954,7.9502,29.514,-10.956,-13.692,-15.374,-8.1142
-9.0727,-3.0039,5.4898,7.0089,-9.6366,2.3344,8.6562,33.27,-9.5935,-12.708,-14.814,-7.5928
-9.3149,-3.3976,5.4275,7.2978,-9.7947,2.0922,9.1191,36.679,-8.5379,-11.988,-14.35,-7.1367
-9.7888,-4.0257,5.2838,7.8118,-10.04,1.7421,9.4119,39.889,-7.662,-11.437,-13.927,-6.7108
-10.448,-4.7808,5.11,8.4899,-10.368,1.3789,9.6324,43.085,-6.8632,-10.983,-13.519,-6.2902
-11.227,-5.5514,4.975,9.2522,-10.769,1.0852,9.8774,46.388,-6.0728,-10.582,-13.134,-5.8669
-12.041,-6.2438,4.9339,10.007,-11.226,0.90679,10.22,49.805,-5.2586,-10.213,-12.794,-5.4488
-12.779,-6.7801,5.0004,10.647,-11.691,0.85024,10.695,53.246,-4.4182,-9.8735,-12.518,-5.0537
-13.306,-7.0863,5.1389,11.059,-12.085,0.8969,11.3,56.592,-3.5668,-9.5685,-12.305,-4.6994
-13.497,-7.0937,5.2816,11.146,-12.314,1.0233,12.005,59.752,-2.7239,-9.3023,-12.133,-4.3955
-13.282,-6.7565,5.3649,10.858,-12.308,1.2158,12.768,62.687,-1.8991,-9.0718,-11.966,-4.1383
-12.673,-6.0725,5.3633,10.216,-12.054,1.4746,13.552,65.409,-1.0813,-8.8657,-11.771,-3.9129
-11.769,-5.0918,5.3007,9.3078,-11.603,1.809,14.334,67.974,-0.23475,-8.6683,-11.53,-3.7002
-10.725,-3.9115,5.2332,8.2662,-11.051,2.2261,15.111,70.459,0.69341,-8.4682,-11.253,-3.487
-9.7119,-2.658,5.2157,7.2363,-10.51,2.7176,15.898,72.941,1.7581,-8.2626,-10.97,-3.2703
-8.8732,-1.4595,5.2712,6.3414,-10.072,3.2536,16.718,75.463,3.0036,-8.0559,-10.725,-3.0557
-8.2861,-0.41387,5.3778,5.6538,-9.7761,3.7872,17.597,78.026,4.4589,-7.8514,-10.548,-2.849
-7.9387,0.43788,5.4737,5.1756,-9.5942,4.2688,18.549,80.606,6.1387,-7.6441,-10.445,-2.6491
-7.7346,1.1225,5.4797,4.8384,-9.4444,4.6627,19.572,83.175,8.0432,-7.4201,-10.389,-2.4443
-7.5272,1.7187,5.3282,4.5282,-9.2197,4.9563,20.643,85.717,10.155,-7.1619,-10.334,-2.2148
-7.1754,2.3183,4.9867,4.1291,-8.8275,5.156,21.718,88.227,12.433,-6.8573,-10.231,-1.9386
-6.596,2.9768,4.4685,3.5713,-8.2247,5.2721,22.743,90.708,14.812,-6.5088,-10.053,-1.6002
-5.7975,3.6792,3.8263,2.8621,-7.4386,5.3048,23.663,93.158,17.218,-6.138,-9.8038,-1.1962
-4.8803,4.3394,3.1334,2.0879,-6.563,5.2424,24.432,95.575,19.595,-5.7821,-9.5123,-0.73609
-3.997,4.8454,2.4593,1.3763,-5.7223,5.0739,25.017,97.963,21.932,-5.478,-9.2167,-0.23581
-3.281,5.1294,1.8511,0.83107,-5.0139,4.8079,25.412,100.35,24.274,-5.241,-8.944,0.2934
-2.7811,5.2156,1.3259,0.47576,-4.4645,4.4825,25.638,102.78,26.709,-5.0507,-8.6956,0.85651
-2.4478,5.2074,0.87154,0.24764,-4.0278,4.1534,25.743,105.32,29.337,-4.8557,-8.4456,1.4784
-2.178,5.2264,0.45443,0.043304,-3.6247,3.87,25.781,108.0,32.22,-4.5968,-8.1518,2.1976
-1.8776,5.353,0.037273,-0.22333,-3.1947,3.6572,25.793,110.78,35.332,-4.2319,-7.7732,3.0538
-1.5029,5.6075,-0.39946,-0.58809,-2.7256,3.5181,25.8,113.6,38.55,-3.7492,-7.2837,4.0789
-1.0623,5.9777,-0.84428,-1.0435,-2.2512,3.4529,25.804,116.36,41.708,-3.1624,-6.675,5.2972
-0.58568,6.4699,-1.2558,-1.577,-1.8268,3.4805,25.809,119.02,44.681,-2.4949,-5.9501,6.7325
-0.082598,7.1445,-1.5752,-2.2156,-1.5005,3.6434,25.842,121.61,47.432,-1.7624,-5.1158,8.4113
0.48395,8.1057,-1.745,-3.0429,-1.2943,3.9916,25.959,124.24,50.004,-0.9649,-4.1805,10.351
1.1865,9.4393,-1.729,-4.1647,-1.2005,4.5515,26.231,127.05,52.48,-0.09224,-3.1581,12.539
2.0767,11.134,-1.5265,-5.624,-1.1887,5.3024,26.716,130.12,54.933,0.86038,-2.0748,14.913
3.1127,13.054,-1.1748,-7.3267,-1.2145,6.1801,27.433,133.47,57.399,1.8796,-0.97237,17.372
4.1613,15.009,-0.7378,-9.0773,-1.2271,7.107,28.356,137.03,59.875,2.9348,0.10171,19.809
5.1178,16.881,-0.28657,-10.723,-1.1665,8.0283,29.42,140.7,62.325,3.9938,1.1167,22.154
6.0243,18.679,0.122,-12.269,-0.96739,8.9326,30.551,144.36,64.71,5.0432,2.0799,24.398
7.0494,20.524,0.4604,-13.862,-0.58518,9.852,31.688,147.98,67.014,6.1034,3.0414,26.581
8.3648,22.577,0.73393,-15.695,-0.029614,10.843,32.812,151.58,69.261,7.2312,4.0782,28.772
10.041,24.969,0.97086,-17.916,0.62414,11.955,33.944,155.24,71.513,8.5057,5.2673,31.029
12.029,27.717,1.206,-20.575,1.2547,13.192,35.128,159.06,73.85,10.003,6.6575,33.367
14.185,30.656,1.4675,-23.564,1.7271,14.495,36.4,163.13,76.348,11.767,8.2478,35.751
16.292,33.443,1.7731,-26.59,1.9262,15.759,37.77,167.46,79.053,13.781,9.9797,38.105
18.079,35.703,2.1315,-29.234,1.7879,16.881,39.208,172.04,81.963,15.969,11.756,40.357
19.307,37.253,2.5484,-31.181,1.3249,17.815,40.648,176.77,85.002,18.22,13.489,42.46
19.92,38.204,3.0313,-32.429,0.63543,18.604,42.01,181.57,88.042,20.433,15.144,44.405
20.128,38.891,3.5877,-33.275,-0.11118,19.373,43.227,186.4,90.951,22.55,16.762,46.217
20.358,39.709,4.2161,-34.149,-0.71615,20.284,44.264,191.26,93.68,24.563,18.429,47.934
21.088,40.963,4.8974,-35.419,-1.0159,21.475,45.125,196.26,96.281,26.49,20.218,49.592
22.642,42.764,5.5959,-37.247,-0.94908,23.012,45.844,201.5,98.874,28.343,22.134,51.208
25.046,45.015,6.2754,-39.528,-0.58722,24.861,46.465,207.05,101.56,30.115,24.107,52.783
28.028,47.483,6.9248,-41.94,-0.1047,26.906,47.016,212.92,104.36,31.791,26.03,54.315
31.119,49.917,7.5711,-44.114,0.29897,29.01,47.507,219.01,107.22,33.366,27.827,55.813
33.864,52.169,8.265,-45.838,0.4822,31.091,47.927,225.14,110.01,34.86,29.488,57.307
36.093,54.259,9.0471,-47.144,0.41583,33.151,48.252,231.15,112.62,36.314,31.075,58.855
37.976,56.381,9.9179,-48.249,0.19241,35.263,48.462,236.88,114.99,37.766,32.689,60.54
39.848,58.833,10.833,-49.442,-0.010265,37.509,48.542,242.3,117.13,39.231,34.423,62.469
41.979,61.907,11.729,-50.995,0.0055964,39.938,48.499,247.44,119.1,40.69,36.323,64.764
44.466,65.755,12.55,-53.101,0.38869,42.545,48.357,252.37,120.99,42.093,38.367,67.552
47.251,70.294,13.278,-55.842,1.1895,45.284,48.153,257.1,122.85,43.383,40.47,70.916
50.199,75.222,13.921,-59.181,2.3516,48.086,47.919,261.63,124.72,44.513,42.518,74.812
53.156,80.167,14.511,-62.973,3.7484,50.867,47.668,265.87,126.54,45.457,44.416,79.029
55.985,84.86,15.086,-67.017,5.2456,53.553,47.393,269.75,128.24,46.217,46.129,83.286
58.616,89.233,15.68,-71.149,6.7637,56.122,47.078,273.22,129.76,46.824,47.685,87.399
61.11,93.413,16.311,-75.339,8.3173,58.635,46.707,276.3,131.04,47.325,49.157,91.348
63.671,97.633,16.967,-79.682,10.017,61.205,46.276,279.03,132.11,47.772,50.63,95.226
66.589,102.11,17.605,-84.275,12.019,63.916,45.786,281.49,132.99,48.199,52.169,99.16
70.092,106.92,18.163,-89.094,14.402,66.762,45.231,283.74,133.76,48.616,53.801,103.24
74.143,112.01,18.589,-94.005,17.062,69.645,44.595,285.82,134.45,49.007,55.514,107.49
78.463,117.21,18.862,-98.894,19.748,72.441,43.85,287.74,135.09,49.349,57.279,111.87
82.863,122.39,19.001,-103.76,22.271,75.084,42.971,289.47,135.68,49.624,59.063,116.28
87.424,127.49,19.049,-108.67,24.623,77.579,41.943,290.98,136.18,49.832,60.853,120.66
92.349,132.53,19.038,-113.73,26.926,79.967,40.764,292.23,136.57,49.984,62.65,125.0
97.778,137.56,18.967,-119.0,29.329,82.27,39.435,293.21,136.85,50.094,64.469,129.29
103.74,142.56,18.798,-124.45,31.945,84.474,37.952,293.91,136.98,50.164,66.322,133.57
110.16,147.52,18.492,-130.01,34.818,86.556,36.296,294.35,136.96,50.188,68.215,137.86
116.86,152.45,18.033,-135.62,37.916,88.505,34.432,294.52,136.78,50.152,70.14,142.18
123.57,157.35,17.444,-141.2,41.159,90.327,32.316,294.45,136.41,50.048,72.084,146.53
129.99,162.19,16.771,-146.67,44.452,92.031,29.909,294.12,135.84,49.88,74.02,150.86
135.93,166.86,16.058,-151.95,47.711,93.62,27.189,293.52,135.08,49.663,75.906,155.08
141.36,171.25,15.327,-156.92,50.866,95.087,24.177,292.61,134.09,49.414,77.686,159.09
146.31,175.28,14.581,-161.49,53.857,96.432,20.945,291.36,132.87,49.14,79.303,162.83
150.84,178.98,13.819,-165.66,56.644,97.673,17.607,289.77,131.45,48.834,80.722,166.3
155.09,182.5,13.044,-169.56,59.238,98.834,14.273,287.82,129.8,48.468,81.938,169.55
159.23,185.98,12.27,-173.41,61.706,99.928,11.01,285.49,127.9,48.011,82.974,172.65
163.42,189.47,11.516,-177.36,64.144,100.94,7.8408,282.74,125.69,47.441,83.871,175.65
167.66,192.8,10.805,-181.3,66.615,101.83,4.7557,279.48,123.09,46.764,84.672,178.51
171.74,195.68,10.152,-184.9,69.082,102.55,1.7402,275.62,120.05,46.014,85.415,181.18
175.34,197.92,9.5609,-187.85,71.412,103.12,-1.2097,271.08,116.52,45.233,86.115,183.56
178.25,199.49,9.0254,-190.03,73.449,103.56,-4.0879,265.78,112.5,44.449,86.759,185.66
180.41,200.47,8.5297,-191.46,75.081,103.9,-6.8946,259.66,108.0,43.647,87.31,187.49
181.79,200.96,8.0592,-192.23,76.25,104.13,-9.6486,252.71,103.07,42.778,87.725,189.12
182.43,201.03,7.6117,-192.41,76.938,104.23,-12.385,244.94,97.813,41.767,87.966,190.59
182.36,200.7,7.2004,-192.08,77.165,104.17,-15.136,236.37,92.331,40.549,88.015,191.92
181.74,200.08,6.844,-191.38,76.991,103.94,-17.912,227.09,86.775,39.085,87.876,193.13
180.73,199.27,6.55,-190.47,76.514,103.55,-20.682,217.21,81.316,37.378,87.57,194.19
179.55,198.39,6.3039,-189.51,75.873,103.04,-23.372,206.87,76.112,35.469,87.118,195.09
178.45,197.52,6.0712,-188.64,75.241,102.44,-25.884,196.25,71.248,33.418,86.535,195.74
177.6,196.64,5.8114,-187.91,74.762,101.73,-28.122,185.48,66.707,31.274,85.802,195.98
176.96,195.65,5.4965,-187.2,74.457,100.88,-30.015,174.71,62.409,29.041,84.868,195.6
176.21,194.3,5.1224,-186.24,74.189,99.834,-31.539,164.01,58.255,26.682,83.655,194.37
174.82,192.18,4.7057,-184.53,73.72,98.461,-32.707,153.41,54.143,24.147,82.08,192.09
172.24,188.81,4.2703,-181.54,72.8,96.615,-33.558,142.86,49.949,21.442,80.091,188.63
168.04,183.83,3.8337,-176.85,71.263,94.163,-34.135,132.33,45.523,18.682,77.701,183.97
162.21,177.19,3.3963,-170.43,69.102,91.05,-34.469,121.81,40.716,16.063,74.997,178.18
155.27,169.29,2.9364,-162.83,66.492,87.329,-34.575,111.41,35.448,13.762,72.11,171.51
148.1,160.83,2.4159,-154.91,63.726,83.146,-34.461,101.46,29.805,11.827,69.142,164.34
141.4,152.5,1.797,-147.4,61.077,78.682,-34.134,92.324,24.07,10.176,66.151,157.06
135.5,144.77,1.063,-140.66,58.679,74.117,-33.601,84.207,18.627,8.6647,63.156,149.94
130.33,137.83,0.22965,-134.69,56.513,69.612,-32.868,77.019,13.811,7.1865,60.178,143.05
125.56,131.56,-0.65845,-129.27,54.466,65.278,-31.937,70.475,9.7991,5.7261,57.25,136.27
120.79,125.61,-1.5476,-124.01,52.416,61.124,-30.807,64.218,6.6064,4.35,54.412,129.4
115.61,119.55,-2.3992,-118.49,50.293,57.068,-29.485,57.899,4.1303,3.1436,51.671,122.23
109.74,113.02,-3.2061,-112.41,48.103,52.977,-27.994,51.241,2.22,2.1524,48.952,114.71
103.14,105.91,-3.9966,-105.71,45.909,48.723,-26.382,44.135,0.72077,1.3631,46.092,106.95
96.007,98.382,-4.8295,-98.578,43.779,44.223,-24.725,36.748,-0.50783,0.72227,42.922,99.209
88.805,90.677,-5.7887,-91.297,41.769,39.479,-23.116,29.488,-1.5863,0.16209,39.355,91.733
82.152,82.955,-6.9606,-84.103,39.932,34.696,-21.642,22.804,-2.612,-0.38084,35.424,84.66
76.495,75.375,-8.3633,-77.222,38.29,30.274,-20.36,16.98,-3.6545,-0.95605,31.247,78.002
71.851,68.216,-9.8704,-70.859,36.798,26.463,-19.289,12.076,-4.7539,-1.5925,26.943,71.743
67.942,61.729,-11.281,-65.09,35.34,23.159,-18.413,7.997,-5.9253,-2.2943,22.585,65.864
64.466,55.942,-12.503,-59.844,33.77,20.117,-17.695,4.5896,-7.1682,-3.0452,18.226,60.308
61.179,50.593,-13.597,-54.99,31.958,17.138,-17.103,1.7011,-8.477,-3.8227,13.972,54.98
57.82,45.218,-14.685,-50.337,29.832,14.107,-16.621,-0.79214,-9.8486,-4.6133,9.9936,49.776
54.039,39.437,-15.85,-45.621,27.402,10.985,-16.253,-2.9827,-11.287,-5.4173,6.4408,44.598
49.489,33.223,-17.096,-40.584,24.724,7.7968,-16.007,-4.939,-12.799,-6.2411,3.3687,39.366
43.985,26.87,-18.359,-35.087,21.862,4.6186,-15.871,-6.7089,-14.381,-7.0822,0.74829,34.027
37.606,20.713,-19.544,-29.166,18.874,1.5505,-15.81,-8.3222,-16.001,-7.9199,-1.4766,28.572
30.655,14.949,-20.57,-22.982,15.84,-1.2973,-15.771,-9.7955,-17.599,-8.7196,-3.3501,23.058
23.532,9.632,-21.39,-16.751,12.859,-3.8235,-15.708,-11.145,-19.107,-9.4519,-4.903,17.632
16.603,4.7449,-21.999,-10.689,10.039,-5.9634,-15.607,-12.402,-20.477,-10.11,-6.1694,12.537
10.175,0.27877,-22.429,-5.0416,7.4651,-7.7151,-15.49,-13.615,-21.702,-10.715,-7.1987,8.0381
4.5664,-3.6853,-22.716,-0.1438,5.1925,-9.1412,-15.397,-14.84,-22.818,-11.298,-8.0521,4.3048
0.089329,-6.982,-22.878,3.6667,3.2501,-10.334,-15.365,-16.124,-23.884,-11.885,-8.7875,1.341
-3.1245,-9.5017,-22.898,6.2896,1.6425,-11.355,-15.405,-17.48,-24.96,-12.484,-9.4441,-0.98003
-5.1955,-11.273,-22.743,7.9024,0.35595,-12.196,-15.5,-18.88,-26.087,-13.086,-10.037,-2.8182
-6.3613,-12.401,-22.396,8.7631,-0.63489,-12.808,-15.609,-20.259,-27.275,-13.672,-10.564,-4.3028
-6.8522,-12.992,-21.874,9.08,-1.3639,-13.153,-15.685,-21.54,-28.5,-14.222,-11.02,-5.5209
-6.871,-13.145,-21.224,9.0152,-1.8738,-13.24,-15.687,-22.659,-29.705,-14.719,-11.413,-6.531
-6.6097,-12.98,-20.509,8.7198,-2.2165,-13.129,-15.6,-23.587,-30.815,-15.149,-11.764,-7.3779
-6.2556,-12.653,-19.795,8.3512,-2.451,-12.919,-15.442,-24.338,-31.764,-15.505,-12.109,-8.1042
-5.984,-12.355,-19.16,8.0723,-2.6428,-12.729,-15.262,-24.964,-32.511,-15.799,-12.491,-8.7541
-5.9424,-12.275,-18.671,8.0322,-2.8609,-12.67,-15.123,-25.534,-33.059,-16.058,-12.945,-9.3688
-6.2244,-12.546,-18.352,8.332,-3.1633,-12.81,-15.072,-26.108,-33.437,-16.317,-13.489,-9.9719
-6.8394,-13.196,-18.172,8.9859,-3.5723,-13.154,-15.122,-26.713,-33.673,-16.589,-14.1,-10.555
-7.6989,-14.136,-18.082,9.9051,-4.0534,-13.642,-15.241,-27.327,-33.77,-16.851,-14.718,-11.074
-8.6411,-15.199,-18.05,10.921,-4.5197,-14.181,-15.372,-27.891,-33.696,-17.048,-15.263,-11.467
-9.4914,-16.206,-18.074,11.851,-4.8682,-14.685,-15.457,-28.332,-33.411,-17.119,-15.665,-11.678
-10.133,-17.035,-18.17,12.569,-5.0285,-15.095,-15.462,-28.593,-32.892,-17.036,-15.898,-11.688
-10.547,-17.645,-18.35,13.053,-4.9969,-15.393,-15.387,-28.658,-32.152,-16.82,-15.977,-11.517
-10.798,-18.051,-18.596,13.362,-4.8375,-15.587,-15.259,-28.541,-31.238,-16.532,-15.946,-11.212
-10.965,-18.285,-18.842,13.56,-4.65,-15.687,-15.107,-28.277,-30.215,-16.241,-15.855,-10.826
-11.079,-18.349,-18.992,13.653,-4.517,-15.677,-14.953,-27.901,-29.146,-15.994,-15.745,-10.403
-11.09,-18.187,-18.966,13.57,-4.4582,-15.514,-14.805,-27.457,-28.086,-15.801,-15.637,-9.973
-10.884,-17.701,-18.727,13.205,-4.4174,-15.138,-14.669,-26.976,-27.071,-15.642,-15.528,-9.5552
-10.33,-16.795,-18.289,12.468,-4.2926,-14.51,-14.549,-26.495,-26.12,-15.484,-15.392,-9.1543
-9.3427,-15.44,-17.689,11.321,-3.9887,-13.628,-14.45,-26.045,-25.238,-15.295,-15.195,-8.7612
-7.9338,-13.704,-16.957,9.8048,-3.4652,-12.545,-14.374,-25.646,-24.41,-15.055,-14.909,-8.3613
-6.2433,-11.754,-16.104,8.0597,-2.7591,-11.354,-14.311,-25.291,-23.604,-14.762,-14.53,-7.9455
-4.5197,-9.821,-15.117,6.3103,-1.9822,-10.163,-14.242,-24.937,-22.768,-14.432,-14.072,-7.5147
-3.059,-8.1449,-13.973,4.8177,-1.2915,-9.0682,-14.145,-24.511,-21.838,-14.085,-13.566,-7.0786
-2.1239,-6.9123,-12.65,3.8049,-0.84615,-8.1271,-13.994,-23.932,-20.762,-13.742,-13.046,-6.6491
-1.8762,-6.2132,-11.152,3.398,-0.76314,-7.3563,-13.776,-23.148,-19.524,-13.413,-12.54,-6.2335
-2.3399,-6.0307,-9.5362,3.6003,-1.0856,-6.7372,-13.494,-22.166,-18.165,-13.1,-12.062,-5.8366
-3.3966,-6.2566,-7.9012,4.2985,-1.773,-6.2304,-13.176,-21.06,-16.777,-12.797,-11.616,-5.4635
-4.8113,-6.7183,-6.3411,5.2916,-2.7138,-5.7887,-12.863,-19.941,-15.471,-12.494,-11.2,-5.1233
-6.2867,-7.2103,-4.9038,6.3355,-3.7526,-5.3654,-12.599,-18.914,-14.333,-12.182,-10.81,-4.8312
-7.54,-7.5355,-3.5962,7.1971,-4.7314,-4.9202,-12.412,-18.04,-13.402,-11.851,-10.438,-4.6034
-8.3841,-7.5595,-2.4084,7.7121,-5.5393,-4.4244,-12.307,-17.324,-12.664,-11.495,-10.074,-4.4502
-8.771,-7.2518,-1.3329,7.8265,-6.1384,-3.8691,-12.272,-16.728,-12.071,-11.119,-9.7094,-4.37
-8.7688,-6.6762,-0.3718,7.5936,-6.5495,-3.2659,-12.275,-16.188,-11.561,-10.733,-9.3434,-4.349
-8.5033,-5.9463,0.4657,7.1346,-6.8174,-2.6398,-12.274,-15.636,-11.077,-10.355,-8.9824,-4.3644
-8.1149,-5.1861,1.1703,6.5924,-6.9866,-2.0156,-12.228,-15.02,-10.585,-9.9971,-8.6377,-4.3931
-7.7263,-4.5028,1.7406,6.0933,-7.0915,-1.411,-12.107,-14.323,-10.072,-9.6564,-8.3208,-4.4202
-7.4183,-3.969,2.188,5.7198,-7.1533,-0.84139,-11.906,-13.565,-9.5544,-9.3197,-8.0402,-4.4436
-7.2174,-3.6161,2.5364,5.4995,-7.183,-0.32851,-11.642,-12.792,-9.0632,-8.9702,-7.7995,-4.4688
-7.1002,-3.4281,2.817,5.4061,-7.1844,0.10255,-11.341,-12.061,-8.6315,-8.5945,-7.5964,-4.5029
-7.0099,-3.3377,3.0638,5.3685,-7.1603,0.44016,-11.025,-11.416,-8.2729,-8.1853,-7.423,-4.5459
-6.888,-3.2362,3.3154,5.2963,-7.1226,0.70466,-10.7,-10.866,-7.974,-7.7413,-7.2689,-4.5867
-6.7103,-3.0183,3.6174,5.1235,-7.1017,0.95155,-10.35,-10.388,-7.6991,-7.2672,-7.1227,-4.6074
-6.5146,-2.6421,4.0135,4.8513,-7.1476,1.2447,-9.9565,-9.9418,-7.4083,-6.7754,-6.9788,-4.5912
-6.405,-2.1702,4.525,4.5672,-7.3218,1.6141,-9.5145,-9.4894,-7.0789,-6.2872,-6.8421,-4.5322
-6.5254,-1.7573,5.1326,4.4239,-7.6802,2.0328,-9.0437,-9.0166,-6.7185,-5.8317,-6.7277,-4.4408
-6.998,-1.5828,5.7781,4.5788,-8.2462,2.4307,-8.581,-8.5318,-6.361,-5.4348,-6.6552,-4.3388
-7.8465,-1.7557,6.3837,5.11,-8.9816,2.74,-8.1557,-8.0517,-6.0451,-5.1045,-6.634,-4.2431
-8.9546,-2.2456,6.8805,5.9563,-9.7777,2.9424,-7.7685,-7.5853,-5.7931,-4.8223,-6.6538,-4.154
-10.091,-2.8785,7.2325,6.9244,-10.484,3.0842,-7.3932,-7.1331,-5.6031,-4.5519,-6.6861,-4.0564
-10.99,-3.4075,7.4499,7.7578,-10.959,3.2518,-6.9974,-6.6954,-5.4584,-4.2621,-6.6979,-3.9308
-11.432,-3.6026,7.5852,8.2236,-11.119,3.528,-6.5656,-6.2798,-5.3399,-3.9465,-6.6664,-3.7665
-11.308,-3.3214,7.7139,8.177,-10.96,3.9633,-6.1053,-5.8978,-5.2324,-3.6254,-6.5838,-3.5666
-10.642,-2.5333,7.9088,7.5913,-10.55,4.5726,-5.6326,-5.5548,-5.1218,-3.3289,-6.4541,-3.3427
-9.5685,-1.3068,8.2162,6.5549,-9.9941,5.3427,-5.1618,-5.2453,-4.9916,-3.0747,-6.2856,-3.1046
-8.2926,0.21853,8.6432,5.2398,-9.4085,6.2388,-4.6992,-4.9552,-4.8261,-2.8611,-6.0867,-2.8565
-7.0329,1.8662,9.159,3.8557,-8.8885,7.2035,-4.244,-4.67,-4.6168,-2.6698,-5.8655,-2.6007
-5.9706,3.4541,9.7081,2.5997,-8.4933,8.1621,-3.7953,-4.3799,-4.3682,-2.4823,-5.629,-2.3407
-5.2146,4.8297,10.229,1.6126,-8.2405,9.0378,-3.3566,-4.0806,-4.1005,-2.2889,-5.3847,-2.0803
-4.7922,5.8941,10.672,0.95953,-8.1116,9.7708,-2.9387,-3.7776,-3.8416,-2.0929,-5.1402,-1.8251
-4.6609,6.606,11.009,0.63459,-8.0677,10.327,-2.5621,-3.4821,-3.6225,-1.9132,-4.9074,-1.5848
-4.7321,6.9785,11.236,0.5786,-8.0639,10.7,-2.2536,-3.2122,-3.471,-1.7824,-4.7043,-1.3768
-4.895,7.0779,11.371,0.69358,-8.06,10.911,-2.0339,-2.9827,-3.4007,-1.7357,-4.5464,-1.2201
-5.0439,7.0141,11.44,0.8605,-8.0297,10.998,-1.9014,-2.7932,-3.404,-1.7942,-4.435,-1.1227
-5.1115,6.8962,11.458,0.97966,-7.9662,10.997,-1.8255,-2.6288,-3.4565,-1.9525,-4.3507,-1.0724
-5.0999,6.7746,11.425,1.0235,-7.8828,10.922,-1.7562,-2.4737,-3.5321,-2.1775,-4.2632,-1.042
-5.0798,6.6249,11.328,1.0524,-7.8081,10.761,-1.6451,-2.3258,-3.6134,-2.4191,-4.1509,-1.005
-5.1543,6.3775,11.149,1.1687,-7.7767,10.493,-1.4694,-2.2017,-3.6948,-2.6326,-4.0133,-0.95131
-5.4154,5.9421,10.873,1.4681,-7.8178,10.088,-1.2473,-2.1308,-3.782,-2.8017,-3.8776,-0.8967
-5.9076,5.2194,10.484,2.0138,-7.9424,9.5064,-1.033,-2.1444,-3.8905,-2.9483,-3.7945,-0.87819
-6.5956,4.1493,9.973,2.8029,-8.1273,8.7077,-0.89165,-2.2605,-4.0392,-3.1196,-3.819,-0.93633
-7.3498,2.791,9.3391,3.7301,-8.3096,7.6874,-0.86491,-2.4737,-4.2402,-3.3602,-3.9819,-1.0935
-7.968,1.3451,8.5973,4.5944,-8.3922,6.5032,-0.94976,-2.7561,-4.4914,-3.6927,-4.2702,-1.3417
-8.2406,0.081268,7.7844,5.1696,-8.2751,5.2685,-1.0995,-3.0687,-4.7779,-4.106,-4.6328,-1.6463
-8.0353,-0.78179,6.9531,5.3004,-7.8959,4.1161,-1.2453,-3.378,-5.0796,-4.5636,-5.0076,-1.9623
-7.3554,-1.1667,6.1526,4.9689,-7.2574,3.1496,-1.3294,-3.6687,-5.3829,-5.0223,-5.3509,-2.254
-6.3487,-1.161,5.4085,4.3049,-6.4303,2.4009,-1.3256,-3.9492,-5.688,-5.4482,-5.6526,-2.509
-5.2684,-0.9814,4.7163,3.5469,-5.5359,1.8192,-1.2487,-4.2452,-6.0082,-5.8283,-5.9346,-2.7378
-4.4023,-0.9003,4.051,2.9713,-4.7146,1.2969,-1.1423,-4.5845,-6.3644,-6.1649,-6.2364,-2.9603
-3.9863,-1.1562,3.3865,2.8088,-4.0901,0.71912,-1.0522,-4.9803,-6.7679,-6.4665,-6.5904,-3.1876
-4.1259,-1.8691,2.7105,3.1657,-3.7309,0.014265,-1.0013,-5.4233,-7.214,-6.7388,-7.0048,-3.4109
-4.7534,-2.991,2.0294,3.979,-3.6232,-0.81513,-0.97584,-5.8837,-7.6775,-6.9785,-7.454,-3.6007
-5.6412,-4.3165,1.3597,5.0309,-3.6644,-1.6977,-0.93384,-6.3239,-8.1182,-7.1733,-7.8842,-3.7186
-6.4761,-5.5585,0.71903,6.0251,-3.6979,-2.53,-0.82993,-6.7147,-8.4953,-7.3098,-8.2395,-3.739
-6.9703,-6.4576,0.12429,6.6927,-3.5754,-3.2248,-0.64632,-7.0507,-8.7957,-7.386,-8.4876,-3.669
-6.9687,-6.8817,-0.40573,6.888,-3.2264,-3.7449,-0.41052,-7.3552,-9.0439,-7.4169,-8.6353,-3.5545
-6.5094,-6.8747,-0.85099,6.6384,-2.6957,-4.1096,-0.18841,-7.671,-9.2923,-7.436,-8.7227,-3.4646
-5.8042,-6.6266,-1.1946,6.1263,-2.1254,-4.3745,-0.055009,-8.041,-9.5969,-7.477,-8.8,-3.4599
-5.1381,-6.3761,-1.4254,5.6023,-1.6888,-4.602,-0.059004,-8.4866,-9.9901,-7.556,-8.8996,-3.563
-4.7342,-6.3071,-1.5421,5.2741,-1.505,-4.8403,-0.20053,-8.9966,-10.466,-7.6632,-9.0206,-3.7489
-4.6702,-6.4921,-1.5704,5.2337,-1.5816,-5.1095,-0.43107,-9.5305,-10.98,-7.7681,-9.1283,-3.9602
-4.8834,-6.8936,-1.5698,5.4514,-1.8224,-5.3959,-0.67237,-10.033,-11.465,-7.8342,-9.173,-4.1329
-5.241,-7.407,-1.606,5.8238,-2.0888,-5.6621,-0.8449,-10.451,-11.852,-7.8364,-9.1101,-4.2222
-5.6205,-7.923,-1.7081,6.2434,-2.2741,-5.8692,-0.89588,-10.752,-12.094,-7.768,-8.9264,-4.2181
-5.9609,-8.3803,-1.8537,6.6485,-2.3499,-5.9991,-0.81798,-10.937,-12.183,-7.6467,-8.6571,-4.1499
-6.2723,-8.7766,-1.9788,7.0339,-2.3702,-6.0589,-0.65212,-11.036,-12.157,-7.508,-8.3735,-4.078
-6.6091,-9.1425,-1.9984,7.4256,-2.4406,-6.0707,-0.47107,-11.106,-12.078,-7.3911,-8.1549,-4.074
-7.0196,-9.4974,-1.832,7.8387,-2.6654,-6.0515,-0.34805,-11.207,-12.011,-7.3237,-8.0572,-4.1942
-7.4981,-9.8135,-1.4311,8.2448,-3.0921,-5.996,-0.32414,-11.381,-11.996,-7.3123,-8.092,-4.4563
-7.9725,-10.017,-0.80432,8.5701,-3.6798,-5.8781,-0.39195,-11.646,-12.042,-7.3445,-8.2287,-4.8319
-8.3363,-10.026,-0.024729,8.7295,-4.3132,-5.6707,-0.50455,-11.993,-12.126,-7.4006,-8.4178,-5.2666
-8.5057,-9.8016,0.78763,8.6738,-4.8563,-5.3731,-0.60166,-12.39,-12.217,-7.4674,-8.6178,-5.7071
-8.4634,-9.3803,1.5062,8.4199,-5.2144,-5.0209,-0.63574,-12.793,-12.286,-7.5394,-8.8118,-6.1222
-8.2806,-8.8765,2.0436,8.0603,-5.3764,-4.6744,-0.58306,-13.158,-12.316,-7.6179,-9.0102,-6.5059
-8.1038,-8.4496,2.3773,7.7441,-5.4141,-4.3965,-0.4402,-13.447,-12.303,-7.704,-9.2378,-6.8673
-8.105,-8.2519,2.5437,7.6283,-5.4516,-4.2314,-0.22044,-13.637,-12.248,-7.7929,-9.519,-7.2185
-8.4031,-8.3774,2.6072,7.8154,-5.6048,-4.1957,0.055104,-13.724,-12.151,-7.877,-9.8686,-7.5681
-8.9931,-8.8254,2.6235,8.3003,-5.9146,-4.2813,0.35976,-13.725,-12.016,-7.947,-10.28,-7.9214
-9.7217,-9.4934,2.6139,8.9581,-6.3087,-4.4637,0.6633,-13.674,-11.862,-7.9988,-10.729,-8.279
-10.328,-10.197,2.5585,9.579,-6.6169,-4.7082,0.93876,-13.603,-11.713,-8.033,-11.183,-8.635
-10.535,-10.719,2.409,9.9357,-6.6431,-4.9705,1.1723,-13.536,-11.591,-8.0499,-11.605,-8.9704
-10.164,-10.885,2.1215,9.8661,-6.2633,-5.2025,1.3669,-13.477,-11.503,-8.0474,-11.967,-9.2563
-9.2283,-10.64,1.6977,9.3488,-5.4954,-5.3655,1.5343,-13.412,-11.44,-8.0243,-12.253,-9.4703
-7.9571,-10.088,1.2033,8.5332,-4.505,-5.4422,1.6836,-13.324,-11.381,-7.9853,-12.472,-9.6067
-6.7245,-9.4482,0.74839,7.6932,-3.5523,-5.4444,1.8169,-13.194,-11.304,-7.9405,-12.648,-9.6794
-5.917,-8.9585,0.44038,7.1252,-2.905,-5.4052,1.9362,-13.008,-11.184,-7.8979,-12.803,-9.7121
-5.7916,-8.7841,0.33876,7.036,-2.743,-5.3606,2.0521,-12.752,-11.002,-7.8558,-12.939,-9.7241
-6.388,-8.968,0.43431,7.466,-3.0945,-5.329,2.184,-12.419,-10.75,-7.8009,-13.041,-9.7215
-7.5232,-9.4245,0.65846,8.2758,-3.8265,-5.3032,2.3477,-12.011,-10.436,-7.7155,-13.073,-9.698
-8.8567,-9.9714,0.91201,9.1994,-4.6885,-5.2584,2.538,-11.547,-10.081,-7.588,-13.009,-9.6454
-9.9818,-10.385,1.0969,9.9322,-5.3852,-5.165,2.7212,-11.062,-9.7203,-7.4203,-12.835,-9.5646
-10.518,-10.462,1.1412,10.208,-5.6615,-5.0041,2.8442,-10.592,-9.3856,-7.2266,-12.568,-9.4682
-10.212,-10.083,1.0157,9.8612,-5.3769,-4.7757,2.8561,-10.165,-9.1003,-7.0268,-12.244,-9.3799
-9.0375,-9.2448,0.74069,8.8799,-4.5494,-4.4997,2.7289,-9.793,-8.8725,-6.8436,-11.908,-9.3244
-7.2216,-8.0715,0.37897,7.4244,-3.3521,-4.2069,2.4675,-9.472,-8.6959,-6.6948,-11.597,-9.3222
-5.172,-6.7722,0.015415,5.783,-2.0562,-3.9289,2.1035,-9.1873,-8.5536,-6.5887,-11.33,-9.3841
-3.3346,-5.5813,-0.27057,4.2833,-0.94065,-3.6921,1.6873,-8.9189,-8.4213,-6.5197,-11.104,-9.5061
-2.0573,-4.694,-0.43051,3.1946,-0.20704,-3.5161,1.2739,-8.6445,-8.2775,-6.4684,-10.894,-9.6686
-1.5145,-4.2225,-0.45972,2.6645,0.063868,-3.4143,0.91211,-8.3445,-8.1065,-6.4077,-10.673,-9.8406
-1.7027,-4.1833,-0.39367,2.7055,-0.094375,-3.3922,0.63963,-8.0069,-7.9022,-6.312,-10.42,-9.9894
-2.4784,-4.5157,-0.29432,3.2213,-0.57027,-3.4485,0.47997,-7.6328,-7.6692,-6.1672,-10.134,-10.092
-3.6083,-5.116,-0.23286,4.0517,-1.2026,-3.5782,0.44081,-7.2362,-7.4226,-5.9781,-9.8356,-10.146
-4.8161,-5.8658,-0.26922,5.0126,-1.8007,-3.7775,0.51368,-6.84,-7.1854,-5.7695,-9.5623,-10.171
-5.8356,-6.6437,-0.42848,5.9223,-2.1982,-4.0385,0.67822,-6.4678,-6.9816,-5.5782,-9.3505,-10.196
-6.4735,-7.327,-0.68567,6.6215,-2.3192,-4.3377,0.91147,-6.1353,-6.8267,-5.4355,-9.2183,-10.245
-6.6627,-7.8033,-0.97041,7.003,-2.2006,-4.6234,1.1967,-5.8469,-6.7222,-5.353,-9.1549,-10.326
-6.4647,-7.9965,-1.1885,7.0353,-1.9528,-4.8247,1.5251,-5.598,-6.6556,-5.3193,-9.1257,-10.429
-6.0247,-7.893,-1.2516,6.7702,-1.7045,-4.8817,1.8883,-5.3816,-6.6088,-5.3101,-9.0913,-10.536
-5.5251,-7.5554,-1.1091,6.3287,-1.5704,-4.7791,2.2698,-5.1921,-6.5668,-5.3044,-9.0278,-10.628
-5.1417,-7.1124,-0.77258,5.8693,-1.6276,-4.5587,2.6438,-5.022,-6.522,-5.2953,-8.9385,-10.695
-4.9931,-6.7181,-0.32009,5.5366,-1.8888,-4.3044,2.9852,-4.8656,-6.4743,-5.2901,-8.8504,-10.731
-5.105,-6.4955,0.12754,5.4154,-2.2943,-4.106,3.2828,-4.712,-6.4249,-5.303,-8.799,-10.739
-5.4146,-6.4967,0.45094,5.5127,-2.7338,-4.0234,3.5464,-4.5468,-6.3709,-5.3447,-8.8091,-10.721
-5.8079,-6.6969,0.57664,5.7713,-3.0894,-4.0681,3.8012,-4.354,-6.3038,-5.4177,-8.884,-10.68
-6.1639,-7.0186,0.4977,6.1001,-3.2736,-4.2087,4.0754,-4.1252,-6.2141,-5.5156,-9.0051,-10.624
-6.3885,-7.3656,0.26248,6.4049,-3.2503,-4.3933,4.389,-3.8651,-6.0976,-5.627,-9.1401,-10.562
-6.4354,-7.6548,-0.057235,6.613,-3.0363,-4.5748,4.7471,-3.5913,-5.9584,-5.7383,-9.2546,-10.503
-6.3159,-7.8407,-0.39747,6.6915,-2.6912,-4.7283,5.1371,-3.3301,-5.8086,-5.8382,-9.3224,-10.454
-6.0953,-7.9274,-0.71661,6.6576,-2.3015,-4.8551,5.5302,-3.109,-5.6647,-5.9201,-9.332,-10.421
-5.8707,-7.9607,-0.9941,6.5696,-1.9584,-4.9728,5.8905,-2.9483,-5.5397,-5.9825,-9.2866,-10.401
-5.7317,-7.9982,-1.2241,6.4991,-1.731,-5.0968,6.1904,-2.8518,-5.4359,-6.0278,-9.1979,-10.385
-5.7206,-8.0747,-1.4107,6.4952,-1.6411,-5.2278,6.4199,-2.8058,-5.3429,-6.0607,-9.0785,-10.354
-5.8147,-8.1845,-1.5676,6.5625,-1.6554,-5.3508,6.5849,-2.7863,-5.244,-6.0884,-8.9377,-10.291
-5.9398,-8.2899,-1.7194,6.6627,-1.7017,-5.4435,6.6974,-2.7715,-5.1271,-6.1194,-8.7812,-10.193
-6.0071,-8.3446,-1.8902,6.7384,-1.7029,-5.4854,6.7657,-2.7524,-4.9929,-6.1612,-8.6123,-10.074
-5.9497,-8.3157,-2.0828,6.7384,-1.6098,-5.4652,6.7891,-2.7337,-4.8559,-6.2174,-8.4329,-9.9603
-5.7409,-8.1887,-2.2662,6.6329,-1.4177,-5.3824,6.7624,-2.7299,-4.7384,-6.2851,-8.2429,-9.8755
-5.3918,-7.9609,-2.3907,6.4125,-1.16,-5.2404,6.6849,-2.7505,-4.6592,-6.3536,-8.0365,-9.8264
-4.9403,-7.6303,-2.4136,6.0845,-0.89042,-5.0369,6.5697,-2.7947,-4.6247,-6.4059,-7.802,-9.7972
-4.4464,-7.1996,-2.3127,5.6756,-0.66537,-4.7641,6.4445,-2.8499,-4.6251,-6.4231,-7.5279,-9.7561
-3.9919,-6.6937,-2.0826,5.2398,-0.53827,-4.421,6.3412,-2.9002,-4.6402,-6.3922,-7.2138,-9.672
-3.6799,-6.1761,-1.7278,4.8615,-0.56239,-4.0271,6.2817,-2.9301,-4.6505,-6.3132,-6.8776,-9.5311
-3.6183,-5.746,-1.261,4.6434,-0.78796,-3.6259,6.267,-2.9363,-4.6485,-6.2025,-6.554,-9.3448
-3.8888,-5.5102,-0.70916,4.6766,-1.2434,-3.2735,6.2763,-2.9316,-4.6429,-6.0894,-6.2837,-9.1475
-4.5055,-5.5394,-0.11797,5.0007,-1.9086,-3.0182,6.2764,-2.9401,-4.653,-6.0063,-6.0982,-8.9841
-5.3874,-5.8312,0.45297,5.5752,-2.7023,-2.8815,6.2367,-2.9865,-4.6964,-5.9733,-6.0068,-8.894
-6.37,-6.3059,0.94659,6.284,-3.4988,-2.8511,6.1411,-3.0831,-4.7756,-5.987,-5.9915,-8.8946
-7.2553,-6.8339,1.3277,6.972,-4.1723,-2.8853,5.9906,-3.2232,-4.8741,-6.0195,-6.0141,-8.9718
-7.8781,-7.2814,1.5939,7.4975,-4.6407,-2.9272,5.7992,-3.3838,-4.961,-6.0291,-6.031,-9.0827
-8.1576,-7.5533,1.7702,7.7757,-4.8879,-2.9239,5.5839,-3.534,-5.004,-5.9772,-6.0117,-9.1724
-8.1143,-7.6203,1.8916,7.8014,-4.954,-2.8459,5.3534,-3.647,-4.9843,-5.8459,-5.952,-9.1984
-7.8527,-7.5228,1.9855,7.6434,-4.9107,-2.7007,5.0999,-3.7095,-4.908,-5.6482,-5.878,-9.1534
-7.5243,-7.3526,2.0655,7.419,-4.8397,-2.5334,4.7979,-3.7258,-4.8055,-5.427,-5.8355,-9.0693
-7.2845,-7.2174,2.1399,7.2549,-4.8196,-2.4033,4.4184,-3.7122,-4.718,-5.2389,-5.8699,-9.0031
-7.2496,-7.193,2.2295,7.2428,-4.9154,-2.3472,3.9505,-3.6853,-4.6758,-5.1287,-6.0039,-9.0086
-7.459,-7.2837,2.3744,7.4023,-5.1605,-2.3479,3.4205,-3.6507,-4.6815,-5.1073,-6.2224,-9.1103
-7.8571,-7.4099,2.6167,7.6689,-5.5389,-2.3329,2.89,-3.5992,-4.7068,-5.1444,-6.4731,-9.2932
-8.3102,-7.4392,2.9718,7.918,-5.9802,-2.2089,2.4361,-3.5119,-4.7054,-5.1827,-6.6844,-9.51
-8.6555,-7.2433,3.4135,8.0164,-6.3812,-1.9048,2.1207,-3.3748,-4.633,-5.165,-6.7943,-9.7007
-8.7622,-6.757,3.8788,7.8767,-6.6418,-1.4041,1.9669,-3.1875,-4.4647,-5.0599,-6.7753,-9.8145
-8.5779,-6.0075,4.2892,7.4905,-6.7023,-0.74966,1.9532,-2.9629,-4.2029,-4.872,-6.641,-9.8254
-8.1426,-5.1012,4.5787,6.9277,-6.5632,-0.024803,2.0276,-2.7192,-3.8711,-4.6342,-6.433,-9.7353
-7.5645,-4.181,4.7172,6.3038,-6.2804,0.67662,2.1305,-2.4682,-3.5019,-4.3911,-6.1983,-9.5665
-6.9728,-3.3769,4.7188,5.7327,-5.9379,1.2794,2.2168,-2.2106,-3.124,-4.1811,-5.97,-9.3501
-6.4669,-2.764,4.6337,5.2832,-5.6166,1.7464,2.27,-1.9374,-2.7531,-4.0233,-5.7587,-9.1136
-6.0817,-2.3344,4.533,4.9554,-5.3663,2.0895,2.307,-1.6361,-2.3886,-3.9103,-5.5519,-8.8694
-5.7785,-1.9939,4.4889,4.6807,-5.1944,2.3673,2.3718,-1.2948,-2.0148,-3.8104,-5.3202,-8.6103
-5.4694,-1.6003,4.5518,4.3519,-5.0718,2.6599,2.5173,-0.9074,-1.6099,-3.6801,-5.0291,-8.3146
-5.0681,-1.0402,4.7284,3.8815,-4.9516,3.0238,2.7782,-0.47842,-1.1605,-3.4853,-4.6577,-7.9634
-4.542,-0.30192,4.9734,3.2568,-4.7915,3.4539,3.1545,-0.024769,-0.67136,-3.2191,-4.2128,-7.5575
-3.934,0.51033,5.2034,2.5574,-4.5712,3.8819,3.6173,0.43354,-0.1608,-2.8995,-3.7263,-7.1185
-3.3474,1.2294,5.3334,1.9227,-4.2991,4.218,4.1381,0.89242,0.36028,-2.548,-3.2328,-6.6713
-2.9063,1.7083,5.3153,1.4941,-4.0102,4.4047,4.7197,1.3815,0.91354,-2.1628,-2.7423,-6.2201
-2.7108,1.8853,5.155,1.3606,-3.7533,4.4512,5.4092,1.969,1.5645,-1.7062,-2.225,-5.7393
-2.8018,1.8032,4.8999,1.5289,-3.5716,4.4256,6.2831,2.7496,2.4125,-1.1122,-1.618,-5.1839
-3.1405,1.5857,4.6101,1.9218,-3.4807,4.4173,7.4128,3.8226,3.5674,-0.30946,-0.84851,-4.5117
-3.6099,1.3879,4.3308,2.3973,-3.4582,4.4887,8.8277,5.2635,5.1214,0.75086,0.13554,-3.7038
-4.0371,1.3383,4.0799,2.7835,-3.4465,4.6435,10.49,7.0937,7.1173,2.0699,1.3311,-2.776
-4.2427,1.4932,3.8537,2.9304,-3.3738,4.8331,12.3,9.2514,9.5145,3.5894,2.6547,-1.7813
-4.109,1.8327,3.6471,2.7654,-3.1796,4.9952,14.127,11.595,12.182,5.2096,3.9602,-0.79824
-3.6194,2.3102,3.4705,2.3037,-2.8379,5.0969,15.882,13.964,14.949,6.835,5.1164,0.10172
-2.8208,2.9188,3.3468,1.5901,-2.3594,5.1541,17.557,16.282,17.704,8.4255,6.0947,0.89581
-1.752,3.7033,3.2916,0.63732,-1.7656,5.2235,19.243,18.616,20.464,10.02,6.9948,1.6304
-0.4314,4.7075,3.2926,-0.55307,-1.0655,5.3729,21.089,21.168,23.375,11.727,8.0019,2.4039
1.0873,5.916,3.3059,-1.9295,-0.2642,5.6425,23.245,24.211,26.644,13.694,9.3224,3.3314
2.6746,7.2387,3.2738,-3.3678,0.60481,6.0274,25.809,28.01,30.431,16.072,11.138,4.516
4.1348,8.5342,3.1549,-4.6977,1.4546,6.4838,28.784,32.718,34.749,18.954,13.56,6.0352
5.2542,9.6482,2.946,-5.748,2.1557,6.9458,32.061,38.259,39.41,22.304,16.565,7.9297
5.8766,10.466,2.6832,-6.4023,2.5841,7.3494,35.47,44.278,44.111,25.936,19.955,10.194
5.998,10.986,2.4264,-6.674,2.6858,7.6651,38.857,50.296,48.597,29.601,23.445,12.78
5.8413,11.374,2.2395,-6.7713,2.5191,7.9284,42.144,55.956,52.758,33.12,26.835,15.628
5.8601,11.952,2.1728,-7.0985,2.2496,8.2364,45.31,61.129,56.605,36.421,30.08,18.694
6.6477,13.083,2.2507,-8.1551,2.1079,8.7042,48.344,65.825,60.199,39.484,33.222,21.946
8.7441,15.003,2.4653,-10.335,2.3336,9.408,51.208,70.069,63.588,42.295,36.279,25.314
12.319,17.691,2.7751,-13.675,3.1087,10.347,53.833,73.828,66.778,44.841,39.207,28.661
16.894,20.846,3.1127,-17.733,4.4585,11.442,56.143,77.024,69.73,47.11,41.908,31.805
21.559,24.019,3.4008,-21.797,6.1693,12.563,58.095,79.586,72.379,49.101,44.301,34.597
25.616,26.84,3.571,-25.317,7.905,13.583,59.709,81.505,74.663,50.829,46.372,36.991
28.918,29.162,3.5753,-28.14,9.4784,14.429,61.06,82.851,76.558,52.335,48.191,39.06
31.721,31.087,3.3908,-30.465,10.965,15.103,62.233,83.736,78.095,53.67,49.889,40.954
34.45,32.882,3.0221,-32.667,12.584,15.674,63.245,84.232,79.334,54.875,51.594,42.826
37.496,34.833,2.5021,-35.106,14.529,16.229,63.949,84.295,80.324,55.959,53.375,44.771
41.029,37.081,1.8889,-37.947,16.848,16.826,63.949,83.725,81.062,56.893,55.212,46.781
44.884,39.512,1.2553,-41.042,19.418,17.458,62.655,82.255,81.482,57.63,57.01,48.755
48.599,41.786,0.67243,-43.965,21.991,18.059,59.545,79.748,81.484,58.126,58.652,50.559
51.622,43.519,0.19135,-46.239,24.261,18.528,54.497,76.347,80.977,58.353,60.043,52.082
53.58,44.483,-0.17404,-47.583,25.982,18.771,47.895,72.378,79.916,58.312,61.13,53.279
54.442,44.672,-0.45699,-48.009,27.071,18.726,40.425,68.094,78.311,58.029,61.905,54.165
54.501,44.265,-0.73337,-47.761,27.663,18.392,32.769,63.565,76.235,57.552,62.397,54.797
54.214,43.558,-1.1036,-47.212,28.049,17.838,25.46,58.753,73.812,56.945,62.665,55.253
54.022,42.873,-1.6719,-46.738,28.533,17.174,18.9,53.622,71.187,56.271,62.781,55.611
54.219,42.439,-2.5294,-46.611,29.313,16.498,13.334,48.176,68.488,55.576,62.81,55.928
54.884,42.302,-3.7299,-46.907,30.418,15.85,8.7617,42.466,65.796,54.879,62.783,56.227
55.876,42.305,-5.2542,-47.485,31.734,15.201,4.9622,36.591,63.138,54.166,62.7,56.496
56.903,42.159,-7.0152,-48.052,33.077,14.473,1.6811,30.711,60.493,53.409,62.539,56.704
57.671,41.565,-8.9387,-48.302,34.292,13.568,-1.2369,25.06,57.804,52.582,62.278,56.824
58.031,40.344,-11.013,-48.059,35.325,12.414,-3.8769,19.882,54.984,51.669,61.91,56.85
58.031,38.511,-13.223,-47.345,36.235,11.002,-6.306,15.357,51.936,50.663,61.433,56.792
57.852,36.253,-15.477,-46.348,37.136,9.3894,-8.5783,11.534,48.561,49.542,60.832,56.668
57.681,33.824,-17.652,-45.296,38.118,7.6773,-10.728,8.3701,44.785,48.259,60.059,56.478
57.619,31.417,-19.683,-44.336,39.189,5.9731,-12.771,5.7704,40.593,46.743,59.02,56.199
57.664,29.093,-21.567,-43.475,40.282,4.3535,-14.707,3.6237,36.066,44.921,57.588,55.776
57.745,26.799,-23.311,-42.6,41.291,2.8483,-16.532,1.8161,31.374,42.73,55.672,55.118
57.759,24.439,-24.928,-41.551,42.128,1.4551,-18.239,0.23962,26.71,40.131,53.282,54.128
57.599,21.957,-26.438,-40.187,42.755,0.16851,-19.824,-1.1972,22.223,37.11,50.516,52.73
57.176,19.368,-27.838,-38.436,43.177,-1.0065,-21.281,-2.5643,17.99,33.67,47.46,50.874
56.443,16.745,-29.085,-36.281,43.398,-2.0691,-22.611,-3.9115,14.042,29.826,44.122,48.524
55.364,14.168,-30.138,-33.722,43.399,-3.0361,-23.823,-5.2757,10.394,25.607,40.438,45.629
53.88,11.68,-30.97,-30.737,43.137,-3.9261,-24.943,-6.6867,7.0619,21.085,36.344,42.141
51.873,9.2944,-31.523,-27.301,42.552,-4.7364,-25.997,-8.169,4.0488,16.393,31.856,38.069
49.182,7.0491,-31.685,-23.472,41.585,-5.4382,-27.005,-9.7417,1.326,11.716,27.105,33.534
45.7,5.0218,-31.326,-19.478,40.192,-5.9896,-27.967,-11.418,-1.1744,7.223,22.256,28.758
41.501,3.2913,-30.354,-15.669,38.349,-6.3586,-28.861,-13.204,-3.5416,3.0269,17.422,23.956
36.745,1.8777,-28.765,-12.284,36.023,-6.5462,-29.647,-15.098,-5.8633,-0.81088,12.653,19.262
31.533,0.71609,-26.66,-9.3534,33.185,-6.6016,-30.293,-17.093,-8.2163,-4.2667,8.0033,14.76
25.982,-0.32625,-24.254,-6.8038,29.868,-6.6192,-30.792,-19.183,-10.672,-7.3691,3.5973,10.547
20.335,-1.4154,-21.833,-4.5217,26.177,-6.7115,-31.164,-21.363,-13.296,-10.213,-0.39074,6.7236
14.872,-2.7063,-19.669,-2.3573,22.222,-6.974,-31.445,-23.62,-16.13,-12.938,-3.8541,3.3453
9.7685,-4.2953,-17.941,-0.16482,18.097,-7.4542,-31.671,-25.926,-19.157,-15.671,-6.8275,0.41119
5.1274,-6.1896,-16.712,2.1267,13.909,-8.1394,-31.861,-28.223,-22.27,-18.479,-9.421,-2.1101
1.0539,-8.3064,-15.931,4.4812,9.8187,-8.9642,-32.015,-30.425,-25.295,-21.332,-11.712,-4.2515
-2.355,-10.5,-15.407,6.7802,6.0676,-9.8341,-32.113,-32.44,-28.047,-24.123,-13.715,-6.0404
-5.0711,-12.605,-14.84,8.8853,2.9331,-10.658,-32.131,-34.2,-30.411,-26.724,-15.419,-7.5069
-7.1509,-14.494,-13.97,10.697,0.56502,-11.377,-32.059,-35.701,-32.374,-29.064,-16.837,-8.6945
-8.7033,-16.108,-12.787,12.182,-1.1061,-11.98,-31.905,-37.005,-34.015,-31.17,-18.023,-9.6646
-9.8501,-17.456,-11.522,13.372,-2.2696,-12.5,-31.706,-38.217,-35.458,-33.132,-19.064,-10.49
-10.699,-18.578,-10.423,14.329,-3.1106,-12.981,-31.508,-39.446,-36.824,-35.043,-20.046,-11.241
-11.327,-19.492,-9.5927,15.115,-3.756,-13.442,-31.347,-40.763,-38.182,-36.941,-21.016,-11.966
-11.768,-20.165,-8.99,15.751,-4.2689,-13.847,-31.226,-42.172,-39.532,-38.778,-21.964,-12.681
-12.028,-20.52,-8.498,16.206,-4.6681,-14.116,-31.099,-43.608,-40.812,-40.441,-22.82,-13.366
-12.1,-20.489,-7.987,16.413,-4.963,-14.161,-30.897,-44.975,-41.939,-41.817,-23.497,-13.983
-12.007,-20.08,-7.3556,16.337,-5.1858,-13.938,-30.56,-46.193,-42.855,-42.853,-23.941,-14.495
-11.83,-19.41,-6.5546,16.039,-5.4018,-13.481,-30.065,-47.236,-43.555,-43.592,-24.166,-14.9
-11.707,-18.685,-5.5952,15.68,-5.6912,-12.882,-29.443,-48.141,-44.086,-44.148,-24.246,-15.235
-11.786,-18.123,-4.5404,15.463,-6.114,-12.259,-28.76,-48.971,-44.52,-44.652,-24.284,-15.562
-12.153,-17.866,-3.4807,15.53,-6.6759,-11.708,-28.085,-49.771,-44.916,-45.194,-24.364,-15.933
-12.775,-17.927,-2.5001,15.902,-7.3153,-11.269,-27.462,-50.541,-45.299,-45.786,-24.523,-16.366
-13.512,-18.187,-1.6502,16.466,-7.9264,-10.912,-26.896,-51.241,-45.656,-46.376,-24.741,-16.836
-14.178,-18.455,-0.93597,17.027,-8.4118,-10.568,-26.36,-51.829,-45.959,-46.894,-24.969,-17.292
-14.631,-18.556,-0.31494,17.409,-8.736,-10.163,-25.825,-52.29,-46.196,-47.303,-25.165,-17.687
-14.848,-18.413,0.28856,17.541,-8.9512,-9.6626,-25.286,-52.66,-46.388,-47.63,-25.33,-18.012
-14.951,-18.078,0.95834,17.497,-9.1835,-9.0812,-24.765,-53.011,-46.584,-47.952,-25.508,-18.301
-15.168,-17.7,1.7592,17.464,-9.5857,-8.4781,-24.308,-53.426,-46.844,-48.358,-25.773,-18.62
-15.726,-17.452,2.7151,17.642,-10.271,-7.9265,-23.958,-53.962,-47.21,-48.906,-26.191,-19.035
-16.737,-17.444,3.7981,18.147,-11.254,-7.4765,-23.731,-54.621,-47.682,-49.586,-26.783,-19.581
-18.132,-17.673,4.9312,18.943,-12.443,-7.1302,-23.603,-55.345,-48.208,-50.322,-27.502,-20.236
-19.668,-18.031,6.0095,19.847,-13.671,-6.844,-23.518,-56.04,-48.704,-50.999,-28.249,-20.927
-21.025,-18.365,6.9332,20.621,-14.763,-6.5584,-23.407,-56.627,-49.092,-51.512,-28.91,-21.542
-21.953,-18.557,7.6382,21.081,-15.584,-6.2357,-23.219,-57.071,-49.332,-51.807,-29.411,-21.98
-22.387,-18.585,8.1114,21.197,-16.081,-5.8833,-22.943,-57.397,-49.444,-51.897,-29.741,-22.2
-22.454,-18.516,8.3825,21.08,-16.28,-5.5518,-22.611,-57.683,-49.497,-51.857,-29.954,-22.237
-22.368,-18.459,8.501,20.894,-16.259,-5.3118,-22.284,-58.02,-49.588,-51.804,-30.144,-22.197
-22.298,-18.481,8.5092,20.754,-16.095,-5.2197,-22.013,-58.476,-49.801,-51.867,-30.412,-22.208
-22.288,-18.564,8.4244,20.68,-15.823,-5.287,-21.816,-59.061,-50.18,-52.144,-30.833,-22.383
-22.25,-18.606,8.2383,20.595,-15.437,-5.4693,-21.66,-59.712,-50.698,-52.665,-31.422,-22.788
-22.005,-18.472,7.9389,20.373,-14.922,-5.6843,-21.478,-60.321,-51.253,-53.356,-32.121,-23.414
-21.386,-18.066,7.5418,19.901,-14.282,-5.8464,-21.206,-60.783,-51.699,-54.058,-32.809,-24.178
-20.359,-17.383,7.1047,19.157,-13.568,-5.8987,-20.824,-61.053,-51.912,-54.579,-33.334,-24.922
-19.083,-16.53,6.7053,18.244,-12.872,-5.8291,-20.385,-61.178,-51.844,-54.747,-33.548,-25.442
-17.853,-15.699,6.3982,17.362,-12.301,-5.6737,-20.028,-61.305,-51.537,-54.442,-33.331,-25.525
-16.949,-15.112,6.1729,16.728,-11.936,-5.5133,-19.957,-61.649,-51.106,-53.618,-32.589,-24.984
-16.511,-14.949,5.9326,16.487,-11.789,-5.4652,-20.421,-62.452,-50.731,-52.381,-31.306,-23.699
-16.484,-15.294,5.5028,16.654,-11.783,-5.6678,-21.674,-63.92,-50.679,-51.282,-30.61,-21.781
-16.66,-16.104,4.702,17.105,-11.755,-6.2566,-23.961,-66.195,-51.276,-51.595,-37.022,-20.218
-16.793,-17.21,3.4762,17.61,-11.503,-7.3296,-27.218,-69.428,-52.874,-53.729,-45.524,-23.998
-16.821,-18.337,2.6737,17.904,-11.226,-8.9265,-26.908,-73.549,-55.888,-55.897,-50.886,-40.088
-17.548,-19.151,1.0148,17.777,-15.151,-11.216,-23.665,-75.775,-61.112,-56.061,-54.178,-47.925
-25.124,-19.352,0.1475,17.23,-15.526,-14.151,-21.368,-73.662,-67.225,-52.887,-53.177,-49.207
-32.916,-18.786,2.2315,16.995,-16.276,-12.926,-20.189,-70.98,-65.006,-45.9,-45.602,-45.368
-33.043,-17.479,6.7728,22.15,-18.057,-9.0009,-21.915,-70.772,-58.214,-35.875,-30.005,-34.782
-30.918,-15.546,11.619,29.497,-19.679,-3.9681,-28.878,-75.568,-52.462,-24.438,-6.3213,-16.905
-25.557,-13.004,13.035,22.617,-18.918,-0.051327,-43.902,-88.043,-50.856,-13.159,24.494,7.4679
-15.477,-8.8999,6.552,12.561,-12.539,-0.38597,-68.925,-110.01,-56.281,-3.1144,61.153,37.061
1.3264,-4.2447,-11.633,1.6998,3.0002,-8.4319,-102.57,-140.66,-70.713,5.5257,101.34,70.8
27.164,-8.5562,-43.443,-10.265,30.205,-26.751,-142.14,-178.25,-94.734,13.462,142.03,107.91
63.856,-16.476,-88.22,-25.238,69.701,-55.369,-187.07,-222.21,-127.53,20.189,180.78,147.98
111.88,-23.512,-142.65,-45.684,120.93,-89.602,-237.26,-273.79,-167.36,22.897,217.19,190.91
170.27,-24.974,-201.89,-73.512,182.18,-122.48,-292.86,-335.95,-212.25,21.316,253.3,237.4
237.86,-17.234,-260.62,-109.65,247.65,-148.77,-354.72,-412.92,-260.63,19.731,289.73,290.29
313.68,1.7695,-314.23,-155.27,312.06,-165.31,-423.84,-509.39,-311.92,18.374,329.67,352.51
393.7,33.551,-358.92,-211.93,373.59,-169.16,-500.53,-628.74,-366.95,10.51,377.28,425.82
474.16,80.063,-390.92,-276.98,429.64,-157.95,-584.51,-770.69,-427.2,11.979,436.3,511.15
552.35,142.56,-406.27,-347.65,476.7,-131.15,-674.68,-930.31,-493.39,17.833,508.55,608.09
624.3,219.09,-402.45,-421.19,511.33,-89.364,-767.7,-1099.8,-565.1,29.585,591.87,713.01
686.51,305.19,-379.75,-494.24,531.58,-34.717,-858.95,-1271.2,-642.05,49.287,679.17,818.42
736.51,394.2,-341.79,-562.85,537.94,28.115,-944.49,-1437.8,-725.73,73.391,758.64,913.34
772.29,475.91,-295.79,-621.71,533.16,91.037,-1021.8,-1595.9,-819.36,89.22,815.12,984.56
791.88,537.72,-252.14,-663.76,521.46,142.86,-1089.2,-1742.9,-925.82,82.763,833.08,1018.7
793.4,566.97,-221.96,-681.33,507.15,171.69,-1144.7,-1875.5,-1044.6,46.26,800.88,1005.1
774.97,554.95,-212.64,-668.25,492.76,169.45,-1184.7,-1986.4,-1169.5,-21.78,715.3,939.27
734.69,501.01,-223.95,-622.41,477.39,136.2,-1203.8,-2065.1,-1288.1,-115.36,583.81,825.11
671.34,413.98,-246.95,-547.38,456.46,81.299,-1196.8,-2100.7,-1384.5,-219.12,422.93,675.19
586.11,309.69,-267.1,-451.9,423.81,20.302,-1161.1,-2087.0,-1445.1,-319.53,252.99,507.59
483.55,205.52,-270.5,-347.35,374.82,-31.265,-1098.6,-2025.5,-1464.3,-407.37,91.842,340.9
370.71,114.56,-249.8,-244.33,309.03,-63.945,-1016.0,-1925.4,-1445.8,-480.2,-49.58,189.56
255.59,42.37,-206.81,-149.93,230.92,-76.856,-922.17,-1801.0,-1400.9,-541.45,-168.17,61.273
145.89,-12.411,-150.79,-67.229,148.65,-76.011,-825.91,-1667.1,-1343.3,-596.83,-266.4,-43.044
47.978,-55.149,-94.165,3.7161,71.602,-70.423,-733.7,-1535.4,-1284.4,-649.95,-348.7,-127.06
-34.134,-91.958,-47.876,64.215,7.5092,-68.086,-649.47,-1413.6,-1231.2,-700.73,-418.81,-195.77
-99.434,-127.21,-18.181,115.79,-39.95,-72.79,-575.25,-1306.0,-1185.7,-747.62,-478.5,-252.89
-148.99,-162.39,-6.0225,159.42,-71.147,-84.724,-512.35,-1214.5,-1146.7,-787.11,-527.1,-299.84
-184.45,-196.73,-8.5156,195.01,-88.52,-103.33,-461.94,-1139.0,-1111.3,-814.26,-562.5,-336.41
-207.3,-228.6,-20.899,221.67,-94.7,-126.56,-424.78,-1077.7,-1076.8,-825.75,-583.01,-362.03
-218.18,-256.16,-38.839,239.13,-91.555,-150.58,-400.7,-1027.7,-1040.0,-821.02,-588.71,-376.77
-217.55,-277.44,-60.144,248.82,-81.337,-172.01,-388.97,-985.43,-999.14,-801.8,-581.51,-381.71
-209.17,-292.35,-83.132,252.6,-65.589,-190.5,-387.68,-947.15,-954.03,-771.4,-564.49,-378.59
-196.87,-302.47,-105.91,251.63,-47.105,-206.05,-393.1,-909.88,-906.21,-733.77,-541.1,-369.53
-181.81,-308.13,-127.09,247.05,-28.952,-217.81,-400.2,-871.61,-857.29,-692.5,-514.38,-356.63
-165.23,-308.96,-144.84,239.31,-12.087,-225.36,-403.57,-830.9,-807.99,-650.05,-486.39,-341.21
-147.6,-304.29,-156.66,227.93,1.3509,-228.78,-398.67,-786.24,-757.91,-607.58,-458.06,-323.81
-130.19,-293.29,-161.13,213.18,10.641,-227.43,-383.53,-735.96,-705.84,-565.14,-429.48,-304.8
-115.07,-275.94,-160.41,196.23,16.821,-220.16,-359.24,-679.01,-650.48,-522.16,-400.37,-284.58
-102.06,-253.53,-155.02,178.41,20.263,-206.65,-328.44,-615.86,-591.23,-478.05,-369.96,-263.43
-90.519,-228.22,-144.09,160.59,20.58,-188.11,-293.52,-548.47,-528.8,-432.57,-337.43,-241.45
-80.016,-202.08,-128.65,143.11,14.99,-166.74,-256.52,-479.77,-465.2,-386.31,-303.23,-218.69
-70.414,-176.32,-110.68,126.0,5.4225,-144.77,-219.57,-412.85,-403.19,-340.6,-268.92,-195.47
-62.075,-151.64,-92.097,109.56,0.23624,-123.71,-184.75,-350.34,-345.56,-296.96,-236.04,-172.6
-55.67,-128.84,-74.466,94.667,-2.1594,-104.34,-153.6,-294.0,-294.33,-256.55,-205.59,-151.09
-51.34,-109.0,-58.945,82.379,-3.7993,-87.119,-126.64,-244.58,-250.41,-220.14,-178.07,-131.57
-48.234,-92.981,-46.049,73.255,-5.214,-72.401,-103.58,-202.01,-213.6,-188.23,-153.76,-114.21
-44.941,-80.976,-35.534,67.084,-6.5549,-60.402,-84.385,-165.67,-182.9,-161.1,-132.78,-98.977
-40.667,-72.284,-26.946,62.916,-7.8233,-50.955,-68.884,-134.63,-156.95,-138.67,-115.12,-85.797
-35.92,-65.394,-20.028,59.268,-8.9292,-43.392,-56.148,-107.87,-134.42,-120.54,-100.52,-74.588
-31.522,-58.62,-14.589,54.523,-9.7653,-36.819,-45.063,-84.532,-114.4,-105.95,-88.5,-65.18
-27.712,-50.831,-10.46,47.633,-10.252,-30.598,-34.884,-63.957,-96.487,-93.976,-78.396,-57.258
-24.253,-41.765,-7.4957,39.122,-10.343,-24.504,-25.35,-45.74,-80.668,-83.73,-69.514,-50.363
-20.838,-31.978,-5.6764,30.694,-10.036,-18.617,-16.709,-29.704,-67.062,-74.441,-61.273,-44.06
-17.343,-23.072,-5.7277,23.452,-9.3947,-13.558,-10.226,-15.925,-55.814,-65.638,-53.373,-38.165
-13.893,-16.488,-5.0732,17.606,-8.5514,-10.51,-7.3193,-5.3832,-46.982,-57.313,-45.889,-32.772
-10.782,-12.048,-2.823,13.098,-7.6854,-8.901,-6.0705,-0.99506,-40.699,-49.85,-39.175,-28.021
-8.3216,-9.1107,-0.84602,9.8734,-6.966,-7.6048,-4.2986,-1.285,-37.45,-43.787,-33.572,-23.967
-6.7001,-7.2759,0.42104,7.8394,-6.4997,-6.4224,-2.104,-1.0637,-36.126,-39.608,-29.227,-20.589
-5.9293,-6.2767,1.2283,6.8184,-6.3166,-5.4086,0.13828,0.37443,-34.113,-37.102,-26.016,-17.818
-5.883,-5.8858,1.7877,6.5768,-6.4051,-4.5861,2.3151,2.4267,-30.847,-34.947,-23.464,-15.567
-6.3864,-5.9113,2.2181,6.8933,-6.7505,-3.9274,4.4142,4.8421,-26.967,-31.955,-21.22,-13.747
-7.2897,-6.1928,2.6118,7.5966,-7.3353,-3.3706,6.4227,7.5953,-23.078,-28.297,-19.278,-12.27
-8.4771,-6.5846,3.0803,8.5454,-8.1305,-2.8455,8.2914,10.696,-19.56,-24.805,-17.672,-11.057
-9.8298,-6.9514,3.7406,9.5922,-9.1051,-2.2985,9.936,14.081,-16.586,-21.936,-16.362,-10.039
-11.193,-7.1716,4.6642,10.564,-10.212,-1.6976,11.271,17.59,-14.172,-19.696,-15.283,-9.1566
-12.371,-7.1369,5.8345,11.268,-11.351,-1.0255,12.262,21.035,-12.242,-17.933,-14.375,-8.3644
-13.149,-6.7553,7.1416,11.532,-12.36,-0.28042,12.948,24.297,-10.684,-16.5,-13.598,-7.6245
-13.354,-5.9785,8.4122,11.257,-13.059,0.51631,13.438,27.374,-9.3842,-15.292,-12.939,-6.91
-12.922,-4.8378,9.468,10.454,-13.32,1.3197,13.867,30.354,-8.2464,-14.237,-12.392,-6.2059
-11.932,-3.4505,10.19,9.2496,-13.118,2.075,14.353,33.347,-7.2026,-13.28,-11.955,-5.5077
-10.578,-1.9857,10.558,7.8466,-12.542,2.7402,14.97,36.433,-6.215,-12.379,-11.611,-4.8165
-9.1227,-0.60928,10.658,6.4678,-11.762,3.3057,15.742,39.652,-5.2713,-11.498,-11.322,-4.1304
-7.8248,0.56553,10.639,5.3018,-10.98,3.8008,16.655,43.022,-4.3708,-10.612,-11.035,-3.4381
-6.8767,1.5065,10.66,4.4605,-10.356,4.2812,17.688,46.554,-3.5094,-9.6971,-10.695,-2.7162
-6.3547,2.2612,10.814,3.9598,-9.9675,4.8014,18.825,50.253,-2.6707,-8.7421,-10.263,-1.9342
-6.2099,2.9297,11.076,3.7285,-9.7825,5.3827,20.052,54.088,-1.8284,-7.75,-9.7363,-1.0674
-6.3016,3.6213,11.305,3.6427,-9.698,5.9935,21.338,57.967,-0.95703,-6.7441,-9.1446,-0.11345
-6.4563,4.4075,11.336,3.568,-9.5928,6.5579,22.63,61.758,-0.044013,-5.7663,-8.544,0.89877
-6.5207,5.2845,11.066,3.3982,-9.3692,6.991,23.856,65.341,0.90377,-4.867,-7.9926,1.9141
-6.3971,6.1647,10.518,3.0848,-8.9837,7.241,24.949,68.647,1.8595,-4.0889,-7.5295,2.8695
-6.0635,6.9267,9.824,2.6468,-8.4696,7.3142,25.864,71.658,2.7824,-3.4504,-7.1646,3.716
-5.5619,7.5061,9.1604,2.1373,-7.9153,7.275,26.58,74.389,3.6296,-2.9373,-6.8763,4.4374
-4.9472,7.956,8.6694,1.5796,-7.4053,7.2215,27.112,76.876,4.3743,-2.5054,-6.6166,5.059
-4.241,8.4205,8.4126,0.94,-6.9738,7.2484,27.508,79.171,5.0235,-2.0935,-6.3245,5.6445
-3.4375,9.0467,8.3647,0.16781,-6.6023,7.4121,27.847,81.336,5.6259,-1.6407,-5.9471,6.2781
-2.5454,9.9081,8.4363,-0.74771,-6.2512,7.7134,28.216,83.434,6.261,-1.102,-5.4605,7.0384
-1.6179,10.981,8.5151,-1.7536,-5.896,8.1026,28.681,85.516,7.0173,-0.45729,-4.8779,7.9732
-0.75528,12.159,8.5112,-2.7433,-5.5489,8.5003,29.255,87.616,7.9683,0.2864,-4.2451,9.0819
-0.085117,13.283,8.39,-3.5814,-5.2597,8.8237,29.889,89.754,9.1547,1.0986,-3.625,10.312
0.27009,14.17,8.179,-4.1319,-5.1007,9.0119,30.488,91.943,10.577,1.9351,-3.0782,11.577
0.23269,14.674,7.9462,-4.2952,-5.1323,9.0448,30.957,94.195,12.2,2.7571,-2.6445,12.787
-0.18403,14.759,7.7618,-4.0612,-5.3616,8.9506,31.233,96.522,13.979,3.5535,-2.3295,13.888
-0.83625,14.543,7.6624,-3.5585,-5.7157,8.7942,31.305,98.925,15.87,4.3504,-2.1022,14.885
-1.458,14.254,7.6339,-3.0421,-6.0536,8.6483,31.201,101.38,17.855,5.1915,-1.9086,15.824
-1.7509,14.123,7.6185,-2.7933,-6.216,8.5589,30.963,103.84,19.924,6.099,-1.6966,16.774
-1.5133,14.281,7.5404,-2.9904,-6.0885,8.5286,30.626,106.23,22.066,7.0443,-1.4381,17.796
-0.72415,14.723,7.3402,-3.6368,-5.6466,8.5264,30.214,108.51,24.262,7.956,-1.1355,18.928
0.46321,15.354,7.0018,-4.5911,-4.9644,8.5162,29.751,110.7,26.498,8.7649,-0.80915,20.192
1.7973,16.056,6.5615,-5.6574,-4.1878,8.4836,29.279,112.9,28.794,9.4558,-0.46985,21.602
3.0291,16.749,6.0927,-6.672,-3.4804,8.4461,28.871,115.25,31.214,10.09,-0.094897,23.172
4.0018,17.43,5.6746,-7.5608,-2.9637,8.4467,28.613,117.92,33.839,10.783,0.37249,24.904
4.708,18.174,5.3619,-8.3691,-2.6753,8.5354,28.578,121.04,36.715,11.655,1.0025,26.769
5.2995,19.104,5.1682,-9.2586,-2.5629,8.7517,28.791,124.6,39.797,12.785,1.8487,28.705
6.0578,20.357,5.0691,-10.471,-2.5092,9.1191,29.22,128.48,42.965,14.186,2.921,30.641
7.3385,22.048,5.021,-12.27,-2.3731,9.6505,29.787,132.51,46.07,15.795,4.1733,32.519
9.4875,24.236,4.9867,-14.854,-2.0327,10.349,30.396,136.5,48.997,17.482,5.5146,34.318
12.71,26.873,4.9507,-18.244,-1.4188,11.192,30.949,140.34,51.678,19.073,6.8326,36.029
16.922,29.777,4.9178,-22.198,-0.53078,12.118,31.363,143.95,54.085,20.397,8.0177,37.642
21.697,32.684,4.9039,-26.279,0.58122,13.035,31.591,147.32,56.228,21.358,8.9972,39.142
26.442,35.37,4.9223,-30.068,1.8591,13.867,31.639,150.53,58.158,21.98,9.7791,40.544
30.7,37.746,4.972,-33.364,3.2616,14.6,31.587,153.72,59.965,22.423,10.483,41.905
34.341,39.885,5.0359,-36.213,4.7297,15.304,31.576,157.08,61.765,22.942,11.335,43.322
37.507,41.941,5.0908,-38.792,6.1531,16.087,31.761,160.82,63.669,23.792,12.617,44.885
40.446,44.027,5.1114,-41.262,7.4383,17.033,32.255,165.06,65.745,25.133,14.589,46.644
43.353,46.144,5.0565,-43.68,8.6014,18.155,33.075,169.82,68.008,26.966,17.37,48.587
46.289,48.23,4.872,-45.997,9.7556,19.401,34.138,175.04,70.424,29.131,20.805,50.665
49.174,50.247,4.5282,-48.13,11.009,20.698,35.299,180.55,72.934,31.39,24.47,52.824
51.849,52.199,4.0573,-50.011,12.375,21.995,36.412,186.23,75.467,33.539,27.913,55.014
54.151,54.087,3.5706,-51.615,13.753,23.263,37.371,191.96,77.963,35.476,30.889,57.194
55.963,55.887,3.2463,-52.953,14.975,24.498,38.126,197.66,80.378,37.193,33.365,59.33
57.246,57.607,3.2766,-54.068,15.876,25.742,38.674,203.29,82.694,38.725,35.428,61.415
58.044,59.343,3.7981,-55.049,16.365,27.097,39.038,208.83,84.915,40.125,37.219,63.493
58.486,61.326,4.8363,-56.047,16.487,28.705,39.256,214.27,87.078,41.446,38.894,65.677
58.764,63.882,6.2796,-57.283,16.433,30.71,39.374,219.65,89.247,42.741,40.607,68.146
59.1,67.33,7.8997,-59.036,16.471,33.208,39.435,225.02,91.502,44.051,42.473,71.121
59.729,71.785,9.4176,-61.619,16.835,36.166,39.47,230.41,93.914,45.39,44.533,74.771
60.91,76.951,10.592,-65.272,17.644,39.362,39.492,235.82,96.512,46.735,46.749,79.081
62.908,82.17,11.302,-69.845,18.907,42.446,39.5,241.21,99.275,48.046,49.04,83.782
65.798,86.836,11.577,-74.66,20.536,45.127,39.487,246.56,102.14,49.282,51.323,88.501
69.258,90.723,11.566,-79.023,22.367,47.326,39.44,251.82,105.04,50.414,53.561,93.011
72.802,93.991,11.473,-82.729,24.253,49.186,39.342,256.94,107.87,51.425,55.763,97.271
76.23,97.047,11.483,-86.029,26.16,50.967,39.151,261.79,110.53,52.298,57.952,101.32
79.743,100.39,11.67,-89.41,28.174,52.91,38.806,266.19,112.91,53.017,60.133,105.23
83.765,104.42,11.928,-93.372,30.453,55.147,38.229,269.94,114.89,53.581,62.275,109.07
88.706,109.33,12.053,-98.241,33.15,57.651,37.356,272.97,116.4,53.997,64.342,112.9
94.749,114.96,11.889,-104.03,36.296,60.257,36.156,275.31,117.43,54.272,66.295,116.77
101.71,120.91,11.389,-110.39,39.765,62.744,34.629,277.09,118.05,54.405,68.114,120.68
109.09,126.63,10.608,-116.73,43.357,64.957,32.803,278.48,118.37,54.395,69.805,124.59
116.24,131.71,9.663,-122.52,46.886,66.858,30.73,279.62,118.52,54.245,71.409,128.48
122.73,135.99,8.69,-127.52,50.211,68.534,28.483,280.59,118.59,53.975,72.982,132.31
128.42,139.65,7.7983,-131.89,53.247,70.139,26.131,281.43,118.61,53.611,74.577,136.1
133.53,143.15,7.0535,-136.08,55.987,71.836,23.721,282.13,118.53,53.179,76.227,139.89
138.4,146.98,6.471,-140.58,58.494,73.729,21.264,282.64,118.25,52.692,77.93,143.74
143.29,151.46,6.0211,-145.62,60.887,75.833,18.751,282.88,117.6,52.149,79.64,147.66
148.3,156.51,5.6461,-151.07,63.296,78.051,16.173,282.82,116.43,51.535,81.269,151.64
153.34,161.74,5.2865,-156.6,65.801,80.195,13.541,282.42,114.63,50.832,82.717,155.58
158.14,166.67,4.9029,-161.78,68.392,82.055,10.887,281.7,112.16,50.02,83.911,159.33
162.37,170.89,4.4798,-166.26,70.971,83.519,8.2417,280.7,109.09,49.091,84.828,162.75
165.86,174.3,4.0183,-169.86,73.389,84.629,5.6267,279.43,105.55,48.041,85.503,165.77
168.63,177.04,3.5295,-172.69,75.533,85.536,3.0502,277.91,101.68,46.877,86.013,168.48
170.92,179.41,3.0322,-175.0,77.403,86.407,0.51207,276.05,97.63,45.621,86.453,171.05
173.04,181.72,2.5493,-177.12,79.122,87.374,-1.997,273.73,93.542,44.315,86.906,173.63
175.34,184.2,2.1009,-179.33,80.864,88.522,-4.5,270.71,89.499,43.008,87.423,176.33
178.03,186.89,1.6972,-181.79,82.747,89.856,-7.0344,266.72,85.542,41.733,88.005,179.1
181.1,189.69,1.337,-184.45,84.781,91.278,-9.6388,261.56,81.672,40.485,88.616,181.86
184.39,192.37,1.0127,-187.15,86.872,92.634,-12.331,255.22,77.887,39.223,89.201,184.44
187.66,194.78,0.71834,-189.72,88.881,93.801,-15.096,247.85,74.19,37.886,89.715,186.73
190.72,196.9,0.45545,-192.1,90.687,94.732,-17.895,239.65,70.591,36.417,90.127,188.67
193.41,198.73,0.23306,-194.23,92.203,95.426,-20.682,230.84,67.091,34.776,90.422,190.3
195.58,200.29,0.062659,-196.01,93.368,95.895,-23.422,221.58,63.669,32.95,90.593,191.66
197.06,201.5,-0.049603,-197.33,94.125,96.14,-26.086,211.99,60.276,30.95,90.645,192.83
197.68,202.26,-0.11159,-198.05,94.417,96.17,-28.643,202.15,56.833,28.811,90.593,193.85
197.35,202.44,-0.15059,-198.08,94.206,96.001,-31.054,192.1,53.24,26.595,90.455,194.72
196.11,201.88,-0.2092,-197.38,93.523,95.627,-33.274,181.86,49.407,24.391,90.24,195.37
194.17,200.41,-0.33097,-195.97,92.494,94.96,-35.251,171.44,45.306,22.302,89.938,195.65
191.79,197.97,-0.54472,-193.94,91.289,93.817,-36.937,160.9,41.01,20.396,89.516,195.32
189.18,194.72,-0.85661,-191.41,90.034,92.079,-38.297,150.25,36.664,18.672,88.936,194.16
186.39,190.93,-1.2495,-188.46,88.762,89.841,-39.309,139.54,32.418,17.07,88.172,192.09
183.38,186.78,-1.6805,-185.16,87.413,87.283,-39.979,128.76,28.362,15.523,87.206,189.14
180.07,182.25,-2.0819,-181.46,85.876,84.517,-40.33,117.95,24.539,13.995,86.004,185.37
176.32,177.18,-2.3893,-177.21,84.054,81.586,-40.399,107.31,20.975,12.502,84.516,180.8
172.02,171.44,-2.5985,-172.22,81.938,78.501,-40.218,97.317,17.697,11.083,82.71,175.41
167.12,165.02,-2.7885,-166.39,79.659,75.246,-39.811,88.493,14.719,9.7681,80.589,169.22
161.69,158.11,-3.0764,-159.88,77.444,71.793,-39.189,80.978,12.024,8.5616,78.195,162.39
155.95,151.08,-3.5441,-153.12,75.478,68.134,-38.361,74.445,9.5828,7.4493,75.587,155.23
150.24,144.36,-4.1942,-146.67,73.784,64.306,-37.34,68.386,7.385,6.406,72.83,148.03
144.85,138.22,-4.9528,-140.85,72.195,60.386,-36.143,62.347,5.4371,5.4017,69.994,140.87
139.75,132.56,-5.7029,-135.58,70.421,56.455,-34.796,55.999,3.7408,4.4082,67.114,133.65
134.61,126.95,-6.3298,-130.38,68.139,52.524,-33.328,49.152,2.2737,3.4057,64.178,126.13
128.88,120.81,-6.7637,-124.61,65.107,48.508,-31.774,41.813,0.98982,2.3869,61.127,118.14
122.03,113.67,-7.0125,-117.72,61.3,44.291,-30.17,34.233,-0.16757,1.3582,57.887,109.69
113.8,105.41,-7.1712,-109.57,56.991,39.844,-28.547,26.87,-1.2505,0.33645,54.386,101.08
104.62,96.355,-7.393,-100.59,52.665,35.255,-26.93,20.212,-2.2977,-0.65513,50.588,92.749
95.44,87.067,-7.8282,-91.541,48.777,30.663,-25.333,14.572,-3.3343,-1.597,46.518,84.975
87.102,78.016,-8.5565,-83.003,45.562,26.177,-23.769,9.9963,-4.3766,-2.4853,42.273,77.754
79.894,69.423,-9.5517,-75.177,42.961,21.842,-22.256,6.3346,-5.4396,-3.3391,37.971,70.896
73.609,61.283,-10.707,-67.944,40.689,17.651,-20.828,3.3577,-6.5409,-4.1973,33.689,64.196
67.748,53.423,-11.905,-60.991,38.361,13.572,-19.531,0.84719,-7.7017,-5.1025,29.401,57.533
61.717,45.61,-13.074,-53.964,35.649,9.5839,-18.407,-1.3672,-8.9425,-6.0817,24.974,50.896
55.076,37.716,-14.184,-46.686,32.416,5.7154,-17.478,-3.3992,-10.276,-7.1321,20.226,44.366
47.801,29.863,-15.212,-39.297,28.773,2.0758,-16.734,-5.3103,-11.7,-8.2192,15.075,38.027
40.246,22.347,-16.132,-32.042,25.019,-1.1475,-16.134,-7.1184,-13.189,-9.2849,9.7606,31.832
32.742,15.367,-16.956,-24.827,21.471,-3.7807,-15.628,-8.8139,-14.702,-10.263,4.8928,25.569
25.42,9.0977,-17.735,-17.469,18.275,-5.8173,-15.178,-10.384,-16.2,-11.103,1.0202,19.104
18.477,3.8729,-18.502,-10.549,15.398,-7.4392,-14.779,-11.836,-17.67,-11.799,-1.7894,12.769
12.331,-0.15302,-19.264,-5.0434,12.771,-8.8579,-14.457,-13.209,-19.143,-12.394,-3.823,7.2332
7.4218,-3.1716,-20.004,-1.2893,10.407,-10.189,-14.244,-14.567,-20.674,-12.97,-5.4053,2.8592
3.9896,-5.4576,-20.656,1.0052,8.3935,-11.446,-14.152,-15.969,-22.309,-13.611,-6.7639,-0.47175
1.9302,-7.2128,-21.087,2.3277,6.8032,-12.578,-14.155,-17.446,-24.048,-14.367,-8.0266,-3.0417
0.81781,-8.578,-21.137,3.1427,5.5971,-13.506,-14.192,-18.98,-25.828,-15.24,-9.2474,-5.0745
0.087655,-9.6761,-20.698,3.8218,4.5709,-14.176,-14.187,-20.508,-27.541,-16.168,-10.427,-6.703
-0.74451,-10.634,-19.775,4.6233,3.4749,-14.599,-14.068,-21.935,-29.067,-17.038,-11.533,-7.9974
-1.9669,-11.591,-18.485,5.6969,2.1613,-14.854,-13.784,-23.168,-30.312,-17.711,-12.514,-8.9935
-3.6955,-12.683,-17.007,7.1166,0.58046,-15.049,-13.319,-24.139,-31.221,-18.083,-13.327,-9.7142
-5.9459,-14.007,-15.531,8.9079,-1.2574,-15.271,-12.69,-24.834,-31.791,-18.139,-13.959,-10.187
-8.646,-15.566,-14.234,11.034,-3.2581,-15.565,-11.953,-25.286,-32.067,-17.968,-14.437,-10.456
-11.57,-17.258,-13.232,13.336,-5.2321,-15.923,-11.176,-25.57,-32.136,-17.713,-14.814,-10.573
-14.276,-18.868,-12.554,15.477,-6.9155,-16.285,-10.415,-25.761,-32.095,-17.493,-15.149,-10.591
-16.19,-20.076,-12.147,16.986,-8.0026,-16.545,-9.6889,-25.909,-32.012,-17.35,-15.469,-10.541
-16.804,-20.533,-11.898,17.444,-8.2317,-16.576,-8.9715,-26.02,-31.901,-17.252,-15.762,-10.432
-15.863,-19.979,-11.675,16.639,-7.5071,-16.273,-8.2181,-26.076,-31.73,-17.122,-15.985,-10.252
-13.46,-18.362,-11.414,14.625,-5.9471,-15.605,-7.3979,-26.065,-31.464,-16.895,-16.092,-9.9863
-10.016,-15.903,-11.183,11.727,-3.8221,-14.643,-6.5214,-25.998,-31.095,-16.547,-16.063,-9.64
-6.1601,-13.036,-11.111,8.4714,-1.4607,-13.537,-5.6366,-25.907,-30.651,-16.11,-15.919,-9.24
-2.5619,-10.277,-11.281,5.4344,0.80584,-12.463,-4.8009,-25.814,-30.165,-15.644,-15.706,-8.8242
0.24394,-8.0562,-11.7,3.0781,2.6853,-11.565,-4.0488,-25.711,-29.65,-15.211,-15.473,-8.4242
1.9561,-6.6142,-12.325,1.6342,3.9858,-10.919,-3.3796,-25.558,-29.081,-14.835,-15.246,-8.0527
2.5223,-5.9638,-13.069,1.0884,4.6323,-10.534,-2.7678,-25.3,-28.41,-14.505,-15.024,-7.7045
2.1079,-5.9277,-13.808,1.2555,4.6134,-10.359,-2.1825,-24.892,-27.589,-14.178,-14.786,-7.3679
1.0331,-6.2473,-14.404,1.8865,4.055,-10.307,-1.6034,-24.319,-26.594,-13.809,-14.503,-7.0374
-0.31731,-6.7067,-14.745,2.7342,3.2585,-10.291,-1.03,-23.602,-25.446,-13.378,-14.158,-6.72
-1.5835,-7.1789,-14.776,3.585,2.5304,-10.271,-0.48442,-22.792,-24.21,-12.904,-13.752,-6.4322
-2.517,-7.6197,-14.5,4.2995,2.0478,-10.249,-0.0048899,-21.955,-22.981,-12.425,-13.3,-6.191
-3.0946,-8.0579,-13.96,4.8643,1.7605,-10.257,0.36754,-21.152,-21.852,-11.982,-12.828,-6.008
-3.5314,-8.5713,-13.221,5.3829,1.4426,-10.325,0.60628,-20.424,-20.884,-11.603,-12.365,-5.885
-4.0598,-9.2184,-12.345,5.9669,0.93797,-10.462,0.71458,-19.774,-20.09,-11.301,-11.933,-5.8121
-4.7379,-9.9759,-11.369,6.6391,0.26001,-10.638,0.73099,-19.167,-19.43,-11.068,-11.542,-5.7672
-5.4984,-10.741,-10.301,7.3453,-0.50588,-10.786,0.71887,-18.541,-18.824,-10.879,-11.188,-5.719
-6.2632,-11.378,-9.1245,8.0074,-1.2993,-10.814,0.74096,-17.837,-18.191,-10.699,-10.853,-5.6416
-6.9687,-11.766,-7.8363,8.545,-2.0971,-10.644,0.83115,-17.03,-17.483,-10.502,-10.519,-5.5257
-7.5529,-11.827,-6.4605,8.8873,-2.8809,-10.236,0.9818,-16.146,-16.706,-10.281,-10.186,-5.3822
-7.9603,-11.543,-5.0475,8.99,-3.6183,-9.6041,1.1566,-15.244,-15.905,-10.046,-9.8632,-5.2309
-8.1574,-10.952,-3.6598,8.8476,-4.2675,-8.7973,1.3199,-14.378,-15.131,-9.8095,-9.5639,-5.0813
-8.1442,-10.134,-2.3577,8.492,-4.7912,-7.8818,1.4621,-13.579,-14.408,-9.5714,-9.2869,-4.9199
-7.9545,-9.1825,-1.1849,7.9827,-5.1719,-6.9177,1.6052,-12.845,-13.726,-9.3166,-9.0158,-4.7143
-7.6498,-8.1874,-0.15625,7.3949,-5.4225,-5.9467,1.7888,-12.152,-13.053,-9.0258,-8.7288,-4.4286
-7.3104,-7.2224,0.74529,6.8085,-5.5868,-4.9915,2.0513,-11.47,-12.354,-8.6887,-8.4118,-4.041
-7.02,-6.3405,1.5611,6.2974,-5.7281,-4.0587,2.4169,-10.772,-11.608,-8.3102,-8.0655,-3.5506
-6.843,-5.5662,2.3403,5.9132,-5.9035,-3.143,2.8948,-10.042,-10.814,-7.9052,-7.7024,-2.974
-6.8039,-4.8867,3.1202,5.6691,-6.1404,-2.2303,3.4845,-9.272,-9.9957,-7.4876,-7.3393,-2.3371
-6.8818,-4.2536,3.9122,5.5364,-6.4284,-1.3042,4.1815,-8.4665,-9.1875,-7.0611,-6.9874,-1.6681
-7.0274,-3.5997,4.7051,5.4596,-6.7361,-0.35462,4.9791,-7.6378,-8.4264,-6.6173,-6.6474,-0.99215
-7.1907,-2.865,5.4815,5.3809,-7.0349,0.61764,5.8645,-6.805,-7.7391,-6.1403,-6.3095,-0.3273
-7.3412,-2.0207,6.2347,5.2599,-7.3156,1.6011,6.8125,-5.9907,-7.1368,-5.6176,-5.9586,0.31604
-7.4687,-1.0801,6.9742,5.0801,-7.5869,2.5782,7.7802,-5.2192,-6.6163,-5.0499,-5.5811,0.93331
-7.5672,-0.090495,7.7175,4.8418,-7.8593,3.5326,8.7105,-4.5144,-6.1654,-4.4559,-5.1736,1.5223
-7.6138,0.89492,8.4746,4.5464,-8.1231,4.456,9.5441,-3.8927,-5.7667,-3.867,-4.7425,2.0809
-7.5543,1.8532,9.2342,4.1782,-8.3311,5.3518,10.243,-3.3554,-5.3983,-3.3148,-4.2989,2.6086
-7.3077,2.8136,9.9601,3.6941,-8.4055,6.2336,10.806,-2.885,-5.0359,-2.8158,-3.8522,3.1111
-6.8003,3.8494,10.599,3.0387,-8.2691,7.1207,11.278,-2.4498,-4.6527,-2.3606,-3.405,3.6087
-6.0121,5.0401,11.106,2.1801,-7.889,8.03,11.736,-2.0136,-4.2234,-1.9137,-2.9509,4.1393
-5.0097,6.423,11.464,1.145,-7.3058,8.9638,12.257,-1.5435,-3.731,-1.4266,-2.4783,4.7498
-3.9474,7.9504,11.699,0.032993,-6.634,9.8942,12.887,-1.0289,-3.1763,-0.86215,-1.9813,5.4748
-3.0347,9.4668,11.863,-0.99408,-6.0319,10.758,13.606,-0.48646,-2.5851,-0.22105,-1.4731,6.3086
-2.474,10.733,12.01,-1.7435,-5.652,11.472,14.33,0.041792,-2.0074,0.44663,-0.98994,7.1906
-2.3865,11.514,12.168,-2.057,-5.5845,11.967,14.932,0.504,-1.5051,1.0534,-0.5788,8.0175
-2.7478,11.717,12.335,-1.9016,-5.8175,12.224,15.299,0.86274,-1.1299,1.5087,-0.27338,8.6816
-3.3694,11.463,12.485,-1.4298,-6.2356,12.292,15.375,1.1122,-0.90103,1.7592,-0.076717,9.1156
-3.9609,11.038,12.582,-0.92943,-6.6589,12.256,15.178,1.2761,-0.79873,1.812,0.034749,9.3192
-4.2545,10.736,12.598,-0.6771,-6.9095,12.2,14.784,1.3882,-0.77742,1.7264,0.094093,9.3509
-4.1202,10.717,12.511,-0.79967,-6.8765,12.17,14.288,1.4716,-0.78652,1.5838,0.12954,9.2986
-3.6175,10.946,12.312,-1.2244,-6.5587,12.157,13.771,1.5297,-0.78673,1.4537,0.15716,9.2453
-2.9698,11.218,12.008,-1.7214,-6.0635,12.1,13.282,1.5514,-0.75846,1.373,0.17618,9.241
-2.4753,11.247,11.622,-2.0021,-5.5643,11.905,12.832,1.5212,-0.70423,1.3394,0.16706,9.2903
-2.3889,10.78,11.18,-1.8337,-5.2305,11.491,12.406,1.4298,-0.64416,1.3199,0.098525,9.3565
-2.8197,9.7149,10.717,-1.1338,-5.1632,10.831,11.979,1.2792,-0.60419,1.2694,-0.055798,9.3792
-3.6851,8.1733,10.266,-0.013754,-5.3636,9.9791,11.533,1.0835,-0.60342,1.1504,-0.29866,9.2952
-4.743,6.4517,9.8548,1.2572,-5.7407,9.0447,11.062,0.86154,-0.64946,0.94152,-0.60791,9.0521
-5.6843,4.8905,9.4907,2.3579,-6.1506,8.143,10.571,0.62778,-0.74356,0.64428,-0.95075,8.6157
-6.2442,3.7321,9.1581,3.0353,-6.4489,7.3412,10.064,0.38523,-0.88522,0.27375,-1.3059,7.9774
-6.2944,3.0416,8.8225,3.1924,-6.5363,6.6389,9.5443,0.12479,-1.0837,-0.14961,-1.6704,7.1636
-5.8886,2.703,8.4417,2.9212,-6.3891,5.985,9.0121,-0.16868,-1.351,-0.60738,-2.0551,6.2303
-5.2455,2.4854,7.9826,2.4654,-6.0666,5.3123,8.4687,-0.50988,-1.6934,-1.0877,-2.4724,5.2437
-4.6642,2.1456,7.4335,2.1187,-5.6875,4.5681,7.9167,-0.89901,-2.1018,-1.5837,-2.926,4.2608
-4.4106,1.515,6.8087,2.1159,-5.3837,3.7309,7.3647,-1.3215,-2.55,-2.0886,-3.407,3.3246
-4.6317,0.53838,6.1441,2.5705,-5.2504,2.8158,6.834,-1.7522,-3.0004,-2.5927,-3.8964,2.4651
-5.3186,-0.7203,5.4862,3.4546,-5.3136,1.8753,6.3593,-2.1637,-3.4137,-3.0849,-4.37,1.6992
-6.3153,-2.0937,4.8741,4.6076,-5.5217,0.98774,5.9804,-2.5338,-3.7581,-3.554,-4.8038,1.0283
-7.3656,-3.3569,4.3247,5.7818,-5.7607,0.2333,5.7258,-2.8505,-4.0165,-3.9907,-5.1808,0.44043
-8.1854,-4.2976,3.8263,6.7154,-5.8887,-0.33469,5.5959,-3.1153,-4.1921,-4.389,-5.4971,-0.086338
-8.5408,-4.785,3.3486,7.2062,-5.7827,-0.70866,5.5565,-3.3415,-4.3096,-4.7504,-5.7631,-0.57848
-8.3161,-4.8125,2.8613,7.1682,-5.3832,-0.92806,5.5439,-3.5506,-4.4094,-5.0856,-6.0009,-1.0602
-7.5513,-4.4902,2.3499,6.6537,-4.7152,-1.0647,5.4841,-3.7657,-4.5367,-5.4106,-6.2375,-1.5461
-6.4192,-3.9854,1.8242,5.8217,-3.8747,-1.1903,5.3196,-4.0051,-4.7263,-5.7457,-6.4933,-2.036
-5.1457,-3.4425,1.3148,4.8621,-2.9864,-1.3404,5.0351,-4.2739,-4.9899,-6.1021,-6.7714,-2.5128
-3.9203,-2.927,0.86488,3.9221,-2.1601,-1.4918,4.6635,-4.5605,-5.3099,-6.4736,-7.0517,-2.9478
-2.8575,-2.4246,0.51628,3.0793,-1.4634,-1.5776,4.2744,-4.8393,-5.6439,-6.8357,-7.3011,-3.3106
-2.0106,-1.8867,0.29559,2.3603,-0.923,-1.5296,3.9467,-5.0809,-5.9353,-7.1529,-7.488,-3.5799
-1.4066,-1.2873,0.20417,1.777,-0.54587,-1.3179,3.7391,-5.2644,-6.1395,-7.3897,-7.5984,-3.7511
-1.0673,-0.66019,0.21725,1.3527,-0.33656,-0.96954,3.6728,-5.3862,-6.2377,-7.524,-7.6443,-3.8386
-1.0109,-0.10337,0.29051,1.1282,-0.29264,-0.56608,3.7263,-5.4613,-6.2471,-7.5592,-7.6571,-3.8722
-1.2434,0.24596,0.37038,1.1491,-0.38926,-0.21964,3.8455,-5.5173,-6.2085,-7.5206,-7.6717,-3.8875
-1.7483,0.26763,0.40435,1.4403,-0.57623,-0.035636,3.9623,-5.582,-6.1688,-7.4457,-7.7101,-3.9138
-2.4423,-0.059075,0.35203,1.9567,-0.7776,-0.070477,4.0182,-5.6703,-6.1613,-7.3688,-7.7709,-3.9614
-3.1142,-0.59843,0.19549,2.5286,-0.89014,-0.29971,3.9825,-5.7795,-6.1942,-7.3079,-7.8316,-4.0193
-3.4675,-1.0952,-0.053904,2.8919,-0.80105,-0.62148,3.8592,-5.8918,-6.2509,-7.2588,-7.862,-4.0633
-3.2752,-1.2973,-0.35721,2.823,-0.43827,-0.90104,3.6785,-5.986,-6.3014,-7.2005,-7.8362,-4.0708
-2.5085,-1.084,-0.66103,2.266,0.18594,-1.036,3.4738,-6.0509,-6.3183,-7.1105,-7.7464,-4.0356
-1.3601,-0.52714,-0.91828,1.3654,0.95936,-1.0079,3.2595,-6.094,-6.2924,-6.9803,-7.6139,-3.9747
-0.17372,0.1325,-1.1093,0.4134,1.7023,-0.89328,3.0216,-6.1405,-6.2365,-6.8234,-7.4781,-3.9235
0.67073,0.57406,-1.2484,-0.25247,2.2255,-0.82929,2.7281,-6.2235,-6.1791,-6.6706,-7.3787,-3.9209
0.88522,0.52358,-1.3711,-0.36496,2.3976,-0.95091,2.3487,-6.3691,-6.1505,-6.5573,-7.3382,-3.9918
0.3747,-0.13248,-1.5115,0.17128,2.1863,-1.3294,1.8739,-6.59,-6.1715,-6.5086,-7.3535,-4.1369
-0.7289,-1.2945,-1.6835,1.2403,1.6671,-1.934,1.3245,-6.8781,-6.2448,-6.5291,-7.3974,-4.3303
-2.1146,-2.684,-1.8726,2.5573,0.99754,-2.6408,0.74848,-7.2059,-6.3529,-6.5935,-7.429,-4.5301
-3.4019,-3.9506,-2.043,3.7747,0.36698,-3.2815,0.20385,-7.534,-6.4625,-6.6579,-7.4089,-4.692
-4.272,-4.802,-2.1519,4.6046,-0.06339,-3.712,-0.2622,-7.8238,-6.5372,-6.6723,-7.3162,-4.7861
-4.5811,-5.1136,-2.1701,4.917,-0.22638,-3.8668,-0.62874,-8.0515,-6.5524,-6.6057,-7.1557,-4.8098
-4.4088,-4.9671,-2.0976,4.78,-0.1817,-3.7738,-0.90453,-8.2145,-6.5087,-6.4586,-6.9556,-4.7874
-4.0095,-4.5936,-1.9645,4.4124,-0.075829,-3.5335,-1.1174,-8.329,-6.4268,-6.2611,-6.7545,-4.7562
-3.6737,-4.2549,-1.8151,4.0728,-0.05247,-3.2767,-1.3007,-8.4199,-6.3322,-6.0601,-6.5872,-4.75
-3.606,-4.1394,-1.6856,3.9532,-0.18867,-3.1119,-1.4844,-8.5099,-6.2493,-5.8955,-6.4699,-4.7871
-3.8614,-4.3107,-1.5902,4.1128,-0.48275,-3.0841,-1.6894,-8.6133,-6.1971,-5.7872,-6.4038,-4.8685
-4.3325,-4.6836,-1.5181,4.4605,-0.86468,-3.1594,-1.9234,-8.7337,-6.1875,-5.7303,-6.3789,-4.9823
-4.7869,-5.0518,-1.4407,4.7938,-1.2137,-3.2436,-2.1763,-8.8662,-6.2238,-5.6994,-6.3784,-5.1039
-4.9584,-5.1665,-1.3236,4.8825,-1.3959,-3.2233,-2.4211,-8.9997,-6.2974,-5.6612,-6.3813,-5.2025
-4.6683,-4.8452,-1.1425,4.5655,-1.324,-3.014,-2.6255,-9.12,-6.3888,-5.5898,-6.3665,-5.2562
-3.9117,-4.0648,-0.89556,3.832,-1.001,-2.6001,-2.7702,-9.2132,-6.4744,-5.4793,-6.3249,-5.2591
-2.8743,-2.9891,-0.60446,2.8438,-0.52771,-2.0479,-2.8591,-9.2684,-6.5346,-5.3462,-6.2636,-5.2225
-1.8669,-1.9127,-0.30495,1.8828,-0.067435,-1.4826,-2.9125,-9.2776,-6.5588,-5.2198,-6.1999,-5.1673
-1.2172,-1.1483,-0.031634,1.2517,0.20721,-1.0395,-2.9512,-9.2336,-6.5461,-5.1278,-6.156,-5.1113
-1.1558,-0.91623,0.19155,1.1634,0.17499,-0.81455,-2.9839,-9.1313,-6.5048,-5.0835,-6.1514,-5.0626
-1.7358,-1.2759,0.35209,1.6687,-0.19201,-0.83657,-3.007,-8.972,-6.4505,-5.0812,-6.1963,-5.02
-2.8191,-2.1208,0.4444,2.6466,-0.81527,-1.0671,-3.0153,-8.7665,-6.4028,-5.1017,-6.2898,-4.9802
-4.1283,-3.2316,0.46625,3.8548,-1.538,-1.4294,-3.0154,-8.5349,-6.3828,-5.1236,-6.4213,-4.9475
-5.3375,-4.354,0.4197,5.0106,-2.1808,-1.8437,-3.0314,-8.3064,-6.4091,-5.1375,-6.576,-4.9371
-6.1676,-5.2658,0.31862,5.8686,-2.6013,-2.2469,-3.097,-8.111,-6.4937,-5.1486,-6.7393,-4.9742
-6.4685,-5.8323,0.19356,6.285,-2.7415,-2.5975,-3.2385,-7.9687,-6.6376,-5.1771,-6.8999,-5.0757
-6.2694,-6.044,0.08889,6.263,-2.6471,-2.872,-3.4648,-7.8814,-6.8296,-5.2409,-7.051,-5.2426
-5.77,-6.02,0.048944,5.9531,-2.4483,-3.0654,-3.7663,-7.8321,-7.0524,-5.3448,-7.193,-5.4594
-5.2552,-5.9539,0.097217,5.5932,-2.3026,-3.1968,-4.1227,-7.7917,-7.2865,-5.4778,-7.3331,-5.7013
-4.9821,-6.0301,0.21997,5.4125,-2.3256,-3.3131,-4.5103,-7.7313,-7.5201,-5.6209,-7.4809,-5.944
-5.0978,-6.3682,0.36869,5.5608,-2.5523,-3.4761,-4.9051,-7.6339,-7.7453,-5.7576,-7.6472,-6.17
-5.621,-7.0005,0.48463,6.0789,-2.9454,-3.7305,-5.286,-7.501,-7.9544,-5.8814,-7.8357,-6.3717
-6.4663,-7.8773,0.53143,6.9024,-3.435,-4.0831,-5.6421,-7.3525,-8.1392,-5.9981,-8.0402,-6.5531
-7.4874,-8.8889,0.51531,7.8958,-3.9551,-4.5053,-5.9808,-7.2192,-8.2949,-6.1231,-8.2482,-6.7337
-8.5212,-9.8974,0.48165,8.8975,-4.4593,-4.9482,-6.3288,-7.1329,-8.425,-6.275,-8.4481,-6.9453
-9.4196,-10.766,0.49074,9.7567,-4.9229,-5.3574,-6.7191,-7.1161,-8.5447,-6.4688,-8.6347,-7.2172
-10.075,-11.389,0.58755,10.36,-5.3368,-5.6854,-7.1726,-7.1758,-8.677,-6.7112,-8.8103,-7.5638
-10.432,-11.715,0.7822,10.652,-5.6976,-5.9015,-7.6849,-7.301,-8.8435,-6.9978,-8.9806,-7.9739
-10.501,-11.763,1.0489,10.652,-5.9963,-5.9995,-8.2276,-7.4639,-9.0532,-7.3129,-9.1481,-8.4116
-10.342,-11.619,1.3373,10.442,-6.2174,-5.9991,-8.7613,-7.6267,-9.2953,-7.6325,-9.3083,-8.8286
-10.059,-11.405,1.5822,10.146,-6.3452,-5.9406,-9.2526,-7.7523,-9.5399,-7.9313,-9.4507,-9.182
-9.7633,-11.253,1.7134,9.8973,-6.3728,-5.8748,-9.6815,-7.8146,-9.7471,-8.1899,-9.5643,-9.4483
-9.5583,-11.265,1.6766,9.8007,-6.3138,-5.8461,-10.039,-7.8055,-9.8818,-8.3993,-9.6439,-9.6299
-9.5172,-11.488,1.4663,9.9172,-6.2097,-5.8747,-10.32,-7.738,-9.9242,-8.5614,-9.6913,-9.7505
-9.6748,-11.902,1.1433,10.25,-6.1261,-5.9455,-10.518,-7.6395,-9.871,-8.6837,-9.7118,-9.8414
-10.022,-12.42,0.82283,10.741,-6.1329,-6.0111,-10.625,-7.5408,-9.7301,-8.7725,-9.7095,-9.9236
-10.504,-12.906,0.63803,11.282,-6.2786,-6.0061,-10.643,-7.4662,-9.5162,-8.8292,-9.6857,-10.004
-11.032,-13.206,0.69455,11.739,-6.5711,-5.8683,-10.587,-7.4286,-9.252,-8.8534,-9.6415,-10.074
-11.495,-13.196,1.031,11.986,-6.9695,-5.5637,-10.483,-7.4294,-8.969,-8.848,-9.581,-10.124
-11.775,-12.818,1.6033,11.931,-7.3924,-5.1025,-10.368,-7.466,-8.7037,-8.82,-9.5115,-10.149
-11.778,-12.101,2.3015,11.541,-7.7391,-4.5363,-10.273,-7.531,-8.4894,-8.7777,-9.4405,-10.152
-11.459,-11.144,2.9891,10.857,-7.9193,-3.9392,-10.217,-7.6124,-8.3483,-8.7267,-9.3716,-10.148
-10.841,-10.094,3.5441,9.9823,-7.8805,-3.3861,-10.206,-7.6949,-8.2889,-8.6684,-9.3044,-10.156
-10.02,-9.1065,3.8869,9.061,-7.6252,-2.9397,-10.229,-7.7662,-8.3068,-8.601,-9.2392,-10.197
-9.1379,-8.3228,3.9929,8.2448,-7.2125,-2.644,-10.274,-7.8232,-8.3888,-8.524,-9.1827,-10.29
-8.3573,-7.8437,3.8914,7.6623,-6.7454,-2.519,-10.326,-7.873,-8.516,-8.4404,-9.1491,-10.442
-7.8211,-7.7155,3.6535,7.3952,-6.3438,-2.5582,-10.383,-7.9272,-8.6671,-8.3559,-9.1553,-10.645
-7.6244,-7.9233,3.3745,7.4657,-6.1115,-2.729,-10.452,-7.9926,-8.8209,-8.2739,-9.2107,-10.876
-7.7953,-8.3971,3.1503,7.8368,-6.1087,-2.9786,-10.546,-8.0669,-8.9605,-8.1932,-9.3107,-11.104
-8.2938,-9.0325,3.0518,8.4285,-6.3412,-3.246,-10.677,-8.1407,-9.0786,-8.1091,-9.4373,-11.308
-9.0308,-9.7196,3.1037,9.1441,-6.7683,-3.478,-10.854,-8.2053,-9.1832,-8.0182,-9.5676,-11.48
-9.9003,-10.37,3.2825,9.8976,-7.3202,-3.6403,-11.077,-8.2572,-9.2969,-7.9219,-9.6852,-11.628
-10.806,-10.93,3.5366,10.628,-7.914,-3.7201,-11.343,-8.2989,-9.4488,-7.8263,-9.787,-11.771
-11.667,-11.375,3.8107,11.294,-8.4704,-3.7228,-11.649,-8.3362,-9.6615,-7.7401,-9.8817,-11.925
-12.408,-11.685,4.0577,11.851,-8.9243,-3.6668,-11.988,-8.3761,-9.9417,-7.6711,-9.9839,-12.097
-12.945,-11.836,4.2428,12.236,-9.2261,-3.572,-12.357,-8.4265,-10.281,-7.6234,-10.107,-12.286
-13.187,-11.795,4.3514,12.369,-9.3404,-3.4458,-12.749,-8.4964,-10.665,-7.5979,-10.262,-12.484
-13.067,-11.527,4.3927,12.184,-9.2504,-3.2781,-13.158,-8.5927,-11.081,-7.5927,-10.451,-12.685
-12.558,-11.005,4.3945,11.652,-8.961,-3.0481,-13.577,-8.7167,-11.52,-7.6038,-10.667,-12.882
-11.693,-10.23,4.3882,10.798,-8.4992,-2.7388,-13.997,-8.8651,-11.976,-7.625,-10.895,-13.071
-10.557,-9.2464,4.3935,9.7004,-7.9096,-2.3549,-14.409,-9.0304,-12.44,-7.6496,-11.118,-13.248
-9.2781,-8.154,4.4072,8.4848,-7.2493,-1.9352,-14.812,-9.2109,-12.902,-7.676,-11.326,-13.42
-8.0158,-7.1007,4.4021,7.3112,-6.5832,-1.5518,-15.214,-9.4151,-13.354,-7.712,-11.528,-13.602
-6.9403,-6.2594,4.3407,6.3525,-5.982,-1.2921,-15.638,-9.6595,-13.792,-7.7769,-11.75,-13.812
-6.2106,-5.7884,4.1981,5.7637,-5.5196,-1.2306,-16.115,-9.9599,-14.211,-7.8975,-12.026,-14.065
-5.9406,-5.7894,3.9793,5.6454,-5.2633,-1.4038,-16.666,-10.321,-14.605,-8.0984,-12.382,-14.367
-6.17,-6.2791,3.7182,6.0189,-5.2564,-1.7984,-17.295,-10.732,-14.96,-8.39,-12.822,-14.713
-6.8518,-7.1905,3.4606,6.8232,-5.4999,-2.3603,-17.976,-11.164,-15.252,-8.7613,-13.324,-15.091
-7.8673,-8.4018,3.2435,7.9375,-5.9489,-3.0179,-18.667,-11.588,-15.463,-9.1833,-13.845,-15.484
-9.0621,-9.7775,3.0807,9.2201,-6.528,-3.7091,-19.332,-11.986,-15.585,-9.6215,-14.343,-15.88
-10.289,-11.202,2.9621,10.544,-7.1551,-4.3974,-19.954,-12.365,-15.633,-10.05,-14.787,-16.266
-11.44,-12.591,2.8636,11.814,-7.7658,-5.0692,-20.533,-12.754,-15.641,-10.46,-15.166,-16.638
-12.463,-13.884,2.7682,12.969,-8.3283,-5.7161,-21.082,-13.191,-15.647,-10.853,-15.486,-16.988
-13.352,-15.031,2.6872,13.973,-8.8467,-6.3144,-21.598,-13.701,-15.679,-11.235,-15.752,-17.305
-14.128,-15.975,2.6673,14.8,-9.3482,-6.8185,-22.065,-14.278,-15.734,-11.602,-15.962,-17.567
-14.806,-16.656,2.7711,15.428,-9.8583,-7.1689,-22.45,-14.88,-15.772,-11.938,-16.103,-17.739
-15.374,-17.014,3.0412,15.832,-10.373,-7.3118,-22.716,-15.442,-15.734,-12.218,-16.154,-17.791
-15.783,-17.021,3.468,15.984,-10.842,-7.2217,-22.833,-15.903,-15.565,-12.415,-16.102,-17.707
-15.966,-16.686,3.979,15.861,-11.179,-6.9176,-22.787,-16.226,-15.246,-12.51,-15.947,-17.499
-15.856,-16.068,4.4562,15.463,-11.29,-6.4624,-22.577,-16.412,-14.802,-12.499,-15.699,-17.203
-15.422,-15.255,4.7772,14.823,-11.112,-5.9401,-22.211,-16.487,-14.284,-12.385,-15.373,-16.859
-14.686,-14.346,4.8661,14.005,-10.646,-5.4251,-21.703,-16.488,-13.751,-12.18,-14.984,-16.492
-13.735,-13.425,4.7284,13.093,-9.9601,-4.9591,-21.069,-16.444,-13.244,-11.9,-14.538,-16.107
-12.701,-12.544,4.452,12.17,-9.1757,-4.5457,-20.32,-16.368,-12.78,-11.559,-14.046,-15.691
-11.726,-11.724,4.1732,11.308,-8.4358,-4.1602,-19.469,-16.252,-12.35,-11.171,-13.522,-15.223
-10.913,-10.959,4.022,10.548,-7.8628,-3.7663,-18.522,-16.077,-11.932,-10.745,-12.987,-14.697
-10.297,-10.224,4.0695,9.8956,-7.5151,-3.3341,-17.484,-15.823,-11.497,-10.285,-12.465,-14.119
-9.8347,-9.4991,4.3013,9.328,-7.3636,-2.8594,-16.371,-15.481,-11.033,-9.795,-11.976,-13.51
-9.4365,-8.7882,4.6227,8.8122,-7.304,-2.3758,-15.209,-15.059,-10.546,-9.2804,-11.536,-12.899
-9.0092,-8.1322,4.8917,8.3292,-7.2026,-1.9499,-14.036,-14.576,-10.063,-8.7536,-11.152,-12.316
-8.5055,-7.5989,4.9748,7.8883,-6.9587,-1.6565,-12.883,-14.056,-9.6068,-8.2292,-10.825,-11.783
-7.9508,-7.2566,4.8077,7.5289,-6.5516,-1.5441,-11.765,-13.512,-9.1854,-7.715,-10.54,-11.309
-7.4405,-7.1463,4.4313,7.3074,-6.0528,-1.6098,-10.673,-12.937,-8.779,-7.2056,-10.275,-10.888
-7.1094,-7.2654,3.9786,7.2765,-5.6032,-1.7982,-9.5794,-12.315,-8.3463,-6.684,-10.002,-10.492
-7.0822,-7.5667,3.6235,7.4635,-5.3632,-2.0219,-8.4525,-11.623,-7.8409,-6.1289,-9.7002,-10.092
-7.4223,-7.968,3.5136,7.8527,-5.4478,-2.1893,-7.2599,-10.841,-7.2274,-5.5207,-9.3581,-9.6641
-8.0973,-8.3667,3.7128,8.379,-5.8736,-2.2289,-5.9661,-9.9577,-6.4886,-4.84,-8.9682,-9.1964
-8.9799,-8.6593,4.1732,8.9383,-6.5446,-2.1022,-4.5235,-8.9554,-5.6185,-4.0603,-8.5201,-8.6869
-9.8837,-8.7623,4.7577,9.4141,-7.2863,-1.8076,-2.8683,-7.814,-4.6095,-3.1407,-7.996,-8.1326
-10.613,-8.6285,5.2993,9.7052,-7.9029,-1.3747,-0.92927,-6.5111,-3.4411,-2.0277,-7.3714,-7.5244
-11.002,-8.2479,5.6611,9.7386,-8.2337,-0.85264,1.3551,-5.0273,-2.0764,-0.66532,-6.6222,-6.848
-10.935,-7.6356,5.7717,9.4664,-8.1871,-0.29264,4.0131,-3.349,-0.46825,0.98515,-5.7328,-6.09
-10.362,-6.8082,5.6353,8.8598,-7.7516,0.27196,7.0243,-1.469,1.4293,2.9283,-4.7005,-5.2464
-9.2994,-5.7581,5.3228,7.9085,-6.9815,0.84536,10.332,0.6191,3.6561,5.1365,-3.5306,-4.3218
-7.8108,-4.4351,4.9473,6.6131,-5.9684,1.4803,13.89,2.937,6.2619,7.5876,-2.2172,-3.3184
-5.9658,-2.7463,4.63,4.9652,-4.8053,2.2682,17.711,5.5525,9.3401,10.317,-0.71601,-2.22
-3.7993,-0.5809,4.4615,2.9286,-3.5572,3.3035,21.869,8.6105,13.042,13.434,1.0741,-0.98535
-1.2769,2.1461,4.4678,0.43376,-2.2493,4.6339,26.434,12.336,17.528,17.05,3.3056,0.4426
1.7173,5.4465,4.6008,-2.6136,-0.87301,6.2212,31.4,16.979,22.842,21.154,6.1349,2.1158
5.3068,9.2072,4.7704,-6.2687,0.58986,7.9385,36.645,22.688,28.782,25.529,9.6186,4.0605
9.3967,13.147,4.8916,-10.389,2.1159,9.6108,41.968,29.346,34.918,29.842,13.603,6.2654
13.526,16.864,4.9054,-14.54,3.5997,11.081,47.168,36.527,40.813,33.852,17.765,8.6858
17.203,20.04,4.7771,-18.243,4.9324,12.265,52.09,43.687,46.212,37.488,21.81,11.264
20.368,22.657,4.4969,-21.378,6.1415,13.181,56.639,50.403,51.055,40.783,25.619,13.954
23.377,24.98,4.0885,-24.23,7.3954,13.932,60.784,56.48,55.38,43.791,29.203,16.73
26.674,27.35,3.6126,-27.198,8.8689,14.645,64.534,61.885,59.247,46.548,32.615,19.577
30.46,29.956,3.1543,-30.475,10.613,15.409,67.919,66.635,62.698,49.076,35.881,22.463
34.535,32.711,2.8002,-33.914,12.508,16.227,70.966,70.731,65.742,51.376,38.977,25.327
38.383,35.303,2.6105,-37.109,14.309,17.024,73.692,74.14,68.354,53.426,41.84,28.085
41.47,37.367,2.5972,-39.631,15.753,17.682,76.108,76.815,70.487,55.19,44.399,30.663
43.516,38.672,2.7164,-41.241,16.712,18.104,78.208,78.729,72.094,56.636,46.615,33.032
44.599,39.219,2.8804,-41.976,17.268,18.253,79.935,79.887,73.156,57.76,48.501,35.216
45.072,39.23,2.9878,-42.113,17.678,18.169,81.127,80.305,73.699,58.598,50.123,37.281
45.37,39.04,2.9592,-42.032,18.216,17.949,81.482,79.972,73.781,59.21,51.575,39.297
45.818,38.934,2.7596,-42.047,19.027,17.694,80.588,78.836,73.461,59.654,52.937,41.297
46.555,39.037,2.3984,-42.31,20.096,17.463,78.024,76.828,72.768,59.958,54.237,43.252
47.563,39.305,1.9122,-42.81,21.337,17.247,73.529,73.946,71.7,60.11,55.442,45.077
48.734,39.581,1.343,-43.43,22.65,16.991,67.181,70.318,70.253,60.073,56.475,46.673
49.915,39.693,0.72058,-44.021,23.93,16.629,59.448,66.175,68.454,59.821,57.264,47.979
50.973,39.541,0.050037,-44.47,25.116,16.129,50.996,61.715,66.38,59.37,57.785,48.999
51.877,39.166,-0.69614,-44.77,26.277,15.507,42.45,57.04,64.158,58.785,58.084,49.801
52.742,38.767,-1.581,-45.065,27.601,14.826,34.331,52.171,61.933,58.161,58.255,50.491
53.744,38.586,-2.7,-45.543,29.23,14.158,27.13,47.118,59.825,57.583,58.408,51.169
54.926,38.702,-4.1691,-46.247,31.131,13.528,21.254,41.911,57.898,57.089,58.618,51.89
56.125,38.937,-6.081,-46.99,33.106,12.889,16.818,36.627,56.144,56.663,58.9,52.651
57.091,38.982,-8.4067,-47.511,34.941,12.158,13.5,31.397,54.504,56.257,59.215,53.4
57.663,38.618,-10.926,-47.66,36.527,11.277,10.764,26.395,52.899,55.823,59.505,54.082
57.879,37.839,-13.349,-47.483,37.882,10.253,8.2727,21.81,51.264,55.333,59.723,54.659
57.968,36.837,-15.52,-47.184,39.129,9.1535,5.9807,17.782,49.564,54.784,59.857,55.126
58.239,35.872,-17.45,-47.037,40.433,8.0681,3.9623,14.368,47.791,54.182,59.917,55.49
58.93,35.15,-19.22,-47.251,41.931,7.0668,2.2826,11.55,45.949,53.525,59.921,55.766
60.105,34.72,-20.897,-47.875,43.661,6.1738,0.96768,9.2712,44.048,52.8,59.875,55.958
61.625,34.467,-22.513,-48.78,45.544,5.365,0.0058499,7.4561,42.097,51.979,59.765,56.059
63.189,34.147,-24.06,-49.688,47.403,4.5833,-0.64998,6.0224,40.104,51.027,59.552,56.043
64.428,33.467,-25.51,-50.268,49.009,3.7606,-1.076,4.8793,38.063,49.9,59.175,55.865
65.027,32.176,-26.823,-50.241,50.129,2.8461,-1.3621,3.9339,35.945,48.547,58.563,55.474
64.849,30.157,-27.954,-49.48,50.584,1.8306,-1.5896,3.1031,33.713,46.907,57.642,54.83
63.991,27.472,-28.849,-48.022,50.325,0.75607,-1.8135,2.3238,31.345,44.916,56.32,53.889
62.717,24.344,-29.458,-45.99,49.533,-0.3061,-2.0609,1.5535,28.839,42.507,54.466,52.565
61.28,21.073,-29.762,-43.456,48.545,-1.2948,-2.3455,0.76291,26.187,39.62,51.915,50.686
59.763,17.943,-29.783,-40.432,47.522,-2.1878,-2.6836,-0.069527,23.347,36.222,48.599,48.029
58.107,15.122,-29.563,-37.107,46.426,-3.0026,-3.0992,-0.97068,20.251,32.331,44.688,44.479
56.144,12.593,-29.13,-33.776,45.248,-3.7706,-3.6119,-1.9638,16.859,28.017,40.511,40.196
53.539,10.171,-28.488,-30.296,43.872,-4.5125,-4.2198,-3.0544,13.233,23.383,36.305,35.509
49.866,7.6547,-27.626,-26.152,41.989,-5.2369,-4.8899,-4.2175,9.5562,18.534,32.115,30.659
44.795,4.9719,-26.543,-21.042,39.299,-5.9545,-5.568,-5.4034,6.0714,13.612,27.851,25.735
38.226,2.1614,-25.255,-15.25,35.729,-6.6815,-6.1992,-6.5593,2.9638,8.8592,23.368,20.779
30.379,-0.72867,-23.81,-9.4466,31.426,-7.4348,-6.743,-7.6512,0.29192,4.5584,18.569,15.897
21.876,-3.6482,-22.3,-4.139,26.675,-8.2206,-7.1749,-8.6681,-1.9943,0.87578,13.529,11.274
13.65,-6.4771,-20.851,0.45494,21.868,-9.0187,-7.48,-9.6114,-3.9899,-2.1892,8.5782,7.111
6.5841,-9.0023,-19.59,4.1731,17.411,-9.7721,-7.649,-10.483,-5.7822,-4.7236,4.191,3.5451
1.2568,-10.98,-18.606,6.8408,13.604,-10.4,-7.6817,-11.285,-7.4308,-6.8193,0.68763,0.60387
-2.1177,-12.238,-17.927,8.3643,10.601,-10.835,-7.5969,-12.032,-8.9739,-8.5509,-1.9174,-1.776
-3.6688,-12.752,-17.518,8.8147,8.4177,-11.058,-7.4375,-12.754,-10.444,-9.9888,-3.8041,-3.6994
-3.8158,-12.666,-17.295,8.4434,6.9606,-11.111,-7.2628,-13.497,-11.878,-11.214,-5.1893,-5.2725
-3.1495,-12.245,-17.158,7.6337,6.073,-11.077,-7.1273,-14.302,-13.314,-12.316,-6.258,-6.5849
-2.2724,-11.787,-17.018,6.7971,5.572,-11.045,-7.0592,-15.187,-14.776,-13.381,-7.1544,-7.7063
-1.6451,-11.529,-16.846,6.2488,5.245,-11.088,-7.0516,-16.137,-16.262,-14.471,-7.9833,-8.6934
-1.4954,-11.584,-16.689,6.1282,4.8897,-11.24,-7.0723,-17.113,-17.745,-15.617,-8.8068,-9.5911
-1.8222,-11.937,-16.625,6.4018,4.4019,-11.501,-7.081,-18.067,-19.179,-16.814,-9.6428,-10.429
-2.4672,-12.478,-16.681,6.924,3.8006,-11.833,-7.0446,-18.955,-20.516,-18.024,-10.473,-11.216
-3.2078,-13.061,-16.816,7.5144,3.1855,-12.18,-6.9482,-19.747,-21.708,-19.176,-11.258,-11.941
-3.8414,-13.565,-16.949,8.0294,2.6797,-12.493,-6.7994,-20.434,-22.72,-20.194,-11.957,-12.581
-4.2567,-13.955,-16.997,8.4131,2.369,-12.75,-6.6272,-21.036,-23.543,-21.023,-12.548,-13.116
-4.4806,-14.3,-16.895,8.7166,2.2325,-12.973,-6.4714,-21.592,-24.198,-21.662,-13.038,-13.549
-4.6741,-14.741,-16.599,9.0734,2.1244,-13.21,-6.3682,-22.155,-24.737,-22.164,-13.463,-13.908
-5.0468,-15.411,-16.079,9.6314,1.8682,-13.506,-6.3367,-22.762,-25.222,-22.607,-13.872,-14.238
-5.7336,-16.353,-15.315,10.468,1.3728,-13.869,-6.3708,-23.422,-25.703,-23.049,-14.303,-14.584
-6.7352,-17.485,-14.314,11.545,0.64909,-14.257,-6.4423,-24.108,-26.199,-23.504,-14.768,-14.967
-7.9429,-18.63,-13.082,12.721,-0.24515,-14.572,-6.5146,-24.771,-26.697,-23.936,-15.244,-15.377
-9.1925,-19.579,-11.622,13.808,-1.246,-14.701,-6.5636,-25.372,-27.176,-24.302,-15.686,-15.78
-10.314,-20.153,-9.9508,14.636,-2.2885,-14.558,-6.5952,-25.904,-27.624,-24.584,-16.051,-16.135
-11.168,-20.252,-8.1331,15.094,-3.3014,-14.117,-6.6477,-26.401,-28.056,-24.811,-16.318,-16.42
-11.68,-19.874,-6.2711,15.155,-4.2126,-13.419,-6.7742,-26.919,-28.501,-25.049,-16.497,-16.637
-11.842,-19.105,-4.4804,14.869,-4.962,-12.55,-7.0147,-27.512,-28.993,-25.36,-16.619,-16.809
-11.719,-18.095,-2.8599,14.345,-5.5188,-11.613,-7.3754,-28.208,-29.55,-25.773,-16.717,-16.96
-11.421,-17.01,-1.4713,13.719,-5.8929,-10.699,-7.8258,-29.003,-30.169,-26.269,-16.809,-17.099
-11.081,-16.005,-0.33537,13.12,-6.1333,-9.8794,-8.3153,-29.864,-30.83,-26.786,-16.892,-17.215
-10.818,-15.191,0.56022,12.648,-6.3107,-9.1848,-8.7959,-30.745,-31.5,-27.245,-16.945,-17.275
-10.71,-14.621,1.2474,12.356,-6.4903,-8.6124,-9.2407,-31.605,-32.149,-27.569,-16.944,-17.244
-10.783,-14.3,1.7576,12.255,-6.7074,-8.1372,-9.6499,-32.422,-32.769,-27.714,-16.883,-17.096
-11.007,-14.193,2.1141,12.319,-6.9551,-7.7318,-10.046,-33.198,-33.381,-27.692,-16.776,-16.837
-11.309,-14.248,2.3354,12.497,-7.1898,-7.3834,-10.457,-33.956,-34.037,-27.582,-16.664,-16.505
-11.596,-14.401,2.4326,12.719,-7.3508,-7.0954,-10.907,-34.738,-34.802,-27.521,-16.608,-16.164
-11.775,-14.58,2.4084,12.906,-7.3864,-6.8787,-11.405,-35.587,-35.734,-27.668,-16.68,-15.889
-11.782,-14.708,2.274,12.981,-7.2783,-6.737,-11.943,-36.53,-36.858,-28.157,-16.938,-15.743
-11.604,-14.71,2.0795,12.893,-7.0572,-6.6512,-12.506,-37.57,-38.136,-29.046,-17.412,-15.761
-11.285,-14.534,1.9276,12.633,-6.8022,-6.5691,-13.076,-38.675,-39.462,-30.244,-18.067,-15.924
-10.911,-14.151,1.9461,12.233,-6.6181,-6.4118,-13.638,-39.8,-40.681,-31.472,-18.786,-16.148
-10.575,-13.567,2.2283,11.751,-6.592,-6.1023,-14.201,-40.923,-41.651,-32.296,-19.359,-16.283
-10.341,-12.828,2.7803,11.251,-6.7472,-5.6054,-14.823,-42.089,-42.312,-32.261,-19.519,-16.138
-10.22,-12.02,3.4973,10.787,-7.0205,-4.9578,-15.628,-43.435,-42.727,-31.077,-19.019,-15.54
-10.171,-11.259,4.1692,10.396,-7.2762,-4.2751,-16.801,-45.193,-43.084,-28.856,-17.766,-14.408
-10.126,-10.661,4.5214,10.097,-7.3475,-3.7356,-18.567,-47.647,-43.673,-26.373,-16.163,-12.817
-10.03,-10.308,4.3194,9.8914,-7.074,-3.5437,-21.164,-51.086,-44.85,-24.85,-18.194,-11.199
-9.8785,-10.217,3.5447,9.7552,-6.3418,-3.8737,-24.682,-55.777,-46.978,-24.954,-32.779,-12.793
-9.8151,-10.309,3.9898,9.625,-5.9392,-4.812,-26.001,-62.118,-50.457,-25.963,-39.809,-29.748
-11.754,-10.408,2.0993,9.3951,-10.895,-6.4383,-22.493,-70.088,-56.195,-26.125,-43.763,-40.802
-24.945,-10.28,0.85453,9.0204,-11.108,-9.2764,-20.174,-71.836,-64.645,-24.116,-44.344,-41.914
-28.194,-9.7011,2.7101,9.8017,-11.79,-9.8606,-18.793,-68.238,-63.925,-20.032,-39.26,-38.371
-26.695,-8.5055,7.3808,18.202,-13.224,-6.9237,-20.598,-67.478,-56.656,-14.933,-26.563,-29.082
-22.867,-6.5593,12.687,19.97,-14.187,-2.9796,-28.328,-73.629,-51.107,-9.786,-5.4077,-12.732
-15.305,-3.578,14.657,12.044,-11.931,0.7099,-44.067,-88.241,-51.554,-5.1404,23.638,11.07
-1.9853,1.3215,8.3521,1.9771,-2.8428,1.8271,-68.799,-111.09,-61.269,-1.3527,58.652,41.08
19.142,2.9035,-10.568,-9.6031,16.3,-2.9345,-101.86,-141.63,-81.541,1.5009,96.438,74.948
49.593,-1.1753,-44.145,-23.301,47.575,-17.217,-141.73,-180.05,-111.61,3.8936,133.6,110.72
90.253,-7.1819,-91.267,-40.632,91.291,-43.928,-188.23,-227.85,-149.4,6.3608,168.22,147.73
141.25,-12.368,-147.92,-63.365,145.43,-80.006,-241.8,-287.94,-192.52,8.3991,199.8,186.47
201.54,-12.865,-208.73,-92.875,206.42,-114.22,-303.22,-364.11,-239.57,8.9716,227.79,228.13
269.04,-5.7291,-269.23,-129.87,270.73,-142.04,-373.94,-459.97,-290.9,8.2327,254.59,274.76
341.6,10.382,-325.16,-174.54,335.43,-161.43,-455.26,-577.76,-347.83,5.6544,285.1,329.39
417.49,36.987,-372.27,-226.42,397.5,-169.6,-546.85,-718.21,-410.96,0.57148,323.41,394.78
495.62,78.988,-406.64,-286.29,453.98,-164.0,-645.55,-879.49,-479.56,0.81164,373.76,472.96
574.24,142.08,-424.79,-354.94,502.13,-142.22,-746.57,-1054.9,-552.51,4.4132,438.24,564.06
650.14,220.29,-424.72,-430.36,539.48,-103.46,-845.2,-1234.8,-629.01,12.238,515.07,664.88
719.65,306.86,-407.32,-508.52,565.08,-50.254,-938.0,-1410.8,-709.19,24.519,597.48,768.24
779.94,396.35,-377.51,-583.83,580.31,10.654,-1023.7,-1578.8,-795.35,38.095,673.77,863.08
829.04,478.27,-344.36,-649.59,588.48,68.998,-1103.1,-1737.7,-891.86,46.886,728.89,935.75
864.36,539.88,-318.94,-698.0,593.5,112.86,-1176.8,-1887.2,-1002.1,42.338,747.5,972.23
881.99,568.71,-310.25,-720.87,597.88,131.66,-1243.0,-2023.0,-1124.2,13.525,718.26,961.39
877.08,556.29,-321.07,-711.62,600.59,119.95,-1296.0,-2134.9,-1248.7,-53.282,637.92,898.53
844.91,502.08,-345.75,-667.87,596.54,80.396,-1326.8,-2209.1,-1359.8,-151.23,513.46,787.83
782.54,414.79,-371.67,-592.91,578.07,23.354,-1327.0,-2232.9,-1440.8,-255.93,360.64,642.28
690.3,309.9,-384.05,-494.86,537.71,-36.56,-1292.2,-2200.4,-1480.4,-356.96,199.29,480.3
572.97,204.39,-371.51,-384.36,471.93,-85.072,-1224.7,-2115.9,-1477.5,-443.83,46.959,320.39
439.82,111.35,-330.57,-272.18,383.97,-113.29,-1132.2,-1992.6,-1440.7,-513.32,-85.777,176.16
302.72,37.026,-267.19,-167.14,283.2,-120.51,-1025.3,-1847.8,-1384.2,-569.1,-196.41,53.961
173.08,-19.106,-193.94,-74.662,181.71,-112.87,-914.44,-1698.0,-1321.8,-617.78,-288.03,-46.337
59.531,-62.03,-124.41,3.4145,90.548,-99.709,-807.77,-1555.7,-1262.9,-663.9,-365.36,-128.33
-32.917,-97.94,-68.744,67.58,17.151,-89.147,-710.61,-1427.9,-1211.8,-707.55,-431.51,-195.96
-102.79,-131.37,-32.207,119.27,-35.34,-85.789,-626.19,-1317.5,-1168.2,-745.94,-486.93,-251.88
-151.47,-164.16,-15.403,160.19,-67.641,-91.587,-556.68,-1224.9,-1129.7,-774.97,-530.23,-297.25
-182.32,-196.07,-15.441,191.78,-82.865,-105.67,-503.61,-1148.6,-1092.9,-790.57,-559.7,-332.01
-199.48,-225.95,-27.865,215.13,-84.917,-125.43,-467.36,-1086.2,-1054.8,-790.39,-574.49,-355.65
-206.49,-252.71,-48.104,231.41,-77.97,-147.56,-447.27,-1034.9,-1013.2,-775.1,-575.26,-368.2
-206.12,-274.51,-72.092,241.61,-66.58,-168.86,-441.51,-991.53,-967.45,-748.21,-564.33,-370.8
-200.09,-289.92,-96.402,246.12,-53.249,-188.52,-445.37,-952.2,-918.23,-714.03,-544.83,-365.54
-189.31,-300.14,-118.5,245.84,-38.16,-205.48,-451.89,-912.72,-867.15,-675.89,-519.8,-354.75
-175.46,-306.12,-136.55,242.33,-22.112,-217.85,-454.32,-869.2,-815.55,-635.31,-491.57,-340.22
-160.65,-306.78,-149.12,236.04,-7.351,-224.25,-447.51,-818.62,-763.39,-591.71,-461.31,-322.45
-144.72,-300.14,-155.23,225.3,3.5976,-223.79,-428.41,-759.86,-709.27,-543.88,-429.06,-300.66
-128.99,-284.61,-154.53,208.84,9.8804,-215.86,-397.0,-693.53,-651.6,-493.21,-394.76,-274.62
-115.11,-260.2,-148.03,187.95,11.42,-200.63,-357.02,-621.38,-589.82,-442.53,-359.22,-246.96
-101.86,-229.27,-136.71,165.13,7.5192,-179.33,-313.68,-546.23,-524.95,-393.05,-323.48,-220.45
-88.583,-195.76,-121.18,142.2,1.5855,-154.09,-270.02,-471.52,-459.29,-345.31,-288.23,-195.66
-75.719,-163.34,-102.32,120.45,-1.0513,-127.74,-228.08,-400.48,-395.74,-300.07,-254.13,-172.44
-64.379,-134.39,-82.109,101.03,-1.9848,-103.18,-189.77,-335.59,-337.06,-258.19,-221.95,-150.83
-55.623,-109.95,-63.088,84.883,-2.7424,-82.177,-156.25,-278.25,-285.23,-220.42,-192.37,-131.03
-49.864,-90.193,-47.176,72.442,-3.7652,-65.058,-127.15,-228.84,-241.13,-187.21,-165.83,-113.21
-46.727,-75.058,-34.786,63.696,-5.1266,-51.473,-102.0,-186.89,-204.49,-158.82,-142.57,-97.426
-44.972,-64.341,-25.2,58.188,-6.7359,-41.074,-81.86,-151.4,-174.13,-135.4,-122.62,-83.698
-42.073,-57.039,-17.875,54.657,-8.4062,-33.423,-66.431,-121.12,-148.46,-116.67,-105.9,-71.998
-36.061,-51.16,-12.616,50.95,-9.9082,-27.756,-54.045,-94.761,-126.04,-101.76,-92.122,-62.213
-29.681,-44.722,-9.1053,44.331,-11.029,-23.138,-43.358,-71.364,-105.96,-89.417,-80.807,-54.032
-25.377,-36.491,-6.7955,33.863,-11.623,-18.69,-33.686,-50.48,-87.929,-78.427,-71.232,-46.879
-22.331,-26.839,-5.2646,25.427,-11.639,-13.95,-24.791,-32.059,-72.041,-67.918,-62.608,-40.182
-19.53,-20.669,-5.0409,20.405,-11.137,-10.478,-17.363,-16.293,-58.553,-57.598,-54.403,-33.866
-16.715,-16.765,-4.5581,16.669,-10.285,-8.4224,-14.792,-4.2707,-47.816,-47.991,-46.626,-28.388
-14.097,-13.46,-2.4552,13.583,-9.3274,-6.39,-14.576,0.19946,-40.193,-40.198,-39.739,-24.151
-12.01,-10.786,-0.94704,11.205,-8.516,-4.6178,-12.457,-0.030879,-36.133,-34.533,-34.169,-21.041
-10.69,-8.9028,-0.067552,9.6612,-8.0294,-3.2387,-9.8818,1.0837,-34.006,-29.859,-30.13,-18.704
-10.185,-7.822,0.55362,8.946,-7.9408,-2.2175,-7.5933,3.5697,-31.138,-25.426,-27.5,-16.848
-10.36,-7.3937,1.1074,8.9093,-8.2453,-1.4396,-5.6377,6.8998,-27.333,-21.527,-25.612,-15.288
-10.994,-7.3779,1.6768,9.3387,-8.8905,-0.76695,-3.9241,10.994,-23.211,-18.392,-23.896,-13.922
-11.903,-7.5392,2.2803,10.039,-9.7655,-0.086209,-2.372,15.845,-19.272,-15.943,-22.202,-12.7
-12.93,-7.7011,2.8897,10.833,-10.704,0.65288,-0.93709,21.294,-15.823,-14.025,-20.594,-11.606
-13.874,-7.7384,3.4489,11.535,-11.537,1.4293,0.39364,26.994,-12.979,-12.511,-19.175,-10.636
-14.499,-7.5577,3.8997,11.954,-12.129,2.1853,1.6213,32.54,-10.703,-11.298,-18.005,-9.7849
-14.626,-7.0964,4.2087,11.941,-12.4,2.8833,2.7575,37.654,-8.8825,-10.305,-17.075,-9.0328
-14.196,-6.3188,4.3839,11.439,-12.325,3.5397,3.8392,42.272,-7.3853,-9.4685,-16.326,-8.341
-13.282,-5.2142,4.4704,10.49,-11.947,4.213,4.9249,46.498,-6.092,-8.7398,-15.685,-7.6622
-12.051,-3.8142,4.5279,9.2193,-11.361,4.9626,6.0764,50.499,-4.9046,-8.0849,-15.089,-6.953
-10.703,-2.2052,4.6021,7.8007,-10.687,5.8116,7.3367,54.408,-3.7481,-7.4797,-14.498,-6.1867
-9.4189,-0.51327,4.7062,6.4037,-10.035,6.7324,8.7178,58.283,-2.5705,-6.909,-13.901,-5.3586
-8.3226,1.127,4.8193,5.1611,-9.4785,7.6567,10.201,62.107,-1.3394,-6.3626,-13.305,-4.4857
-7.482,2.5998,4.9057,4.1538,-9.0514,8.5043,11.744,65.821,-0.038114,-5.8309,-12.727,-3.6002
-6.916,3.8303,4.9453,3.4096,-8.7565,9.2197,13.294,69.359,1.3399,-5.3014,-12.178,-2.7414
-6.5928,4.8034,4.9498,2.9064,-8.5734,9.7968,14.801,72.671,2.7958,-4.7592,-11.659,-1.9421
-6.426,5.5741,4.9499,2.575,-8.4574,10.279,16.226,75.72,4.3325,-4.1915,-11.16,-1.2144
-6.2905,6.249,4.9688,2.3118,-8.3438,10.73,17.549,78.493,5.9624,-3.595,-10.671,-0.54183
-6.0658,6.9319,5.0036,2.0129,-8.1663,11.194,18.765,80.997,7.7101,-2.9833,-10.186,0.11027
-5.6909,7.6585,5.0251,1.6228,-7.8855,11.665,19.87,83.265,9.6032,-2.3876,-9.7101,0.77203
-5.1991,8.3664,4.9922,1.1703,-7.512,12.09,20.86,85.351,11.659,-1.8471,-9.2608,1.448
-4.711,8.9252,4.8742,0.76216,-7.1086,12.399,21.738,87.318,13.876,-1.3892,-8.8637,2.1142
-4.3863,9.2126,4.6714,0.53347,-6.7705,12.544,22.524,89.237,16.246,-1.0101,-8.5406,2.7353
-4.3575,9.1862,4.4258,0.57995,-6.5944,12.525,23.263,91.187,18.775,-0.66933,-8.297,3.2887
-4.6805,8.9091,4.2134,0.91462,-6.6481,12.401,24.011,93.25,21.489,-0.30206,-8.1175,3.7793
-5.3182,8.5208,4.1167,1.4651,-6.9505,12.262,24.817,95.5,24.409,0.15394,-7.9731,4.2339
-6.1501,8.1813,4.1876,2.0986,-7.4618,12.196,25.689,97.981,27.51,0.72937,-7.8354,4.6816
-7.001,8.0188,4.4209,2.658,-8.0872,12.252,26.589,100.69,30.701,1.4067,-7.689,5.1356
-7.6804,8.1015,4.7505,2.9989,-8.6948,12.427,27.448,103.57,33.853,2.1237,-7.5336,5.5892
-8.0275,8.4325,5.0723,3.0237,-9.1476,12.674,28.195,106.53,36.854,2.7965,-7.3789,6.0233
-7.951,8.9693,5.2819,2.7008,-9.3407,12.931,28.784,109.47,39.651,3.3567,-7.236,6.4206
-7.45,9.6597,5.3139,2.0625,-9.2306,13.149,29.211,112.33,42.267,3.7863,-7.1079,6.7799
-6.6117,10.474,5.1656,1.1858,-8.8481,13.319,29.52,115.12,44.776,4.1304,-6.9843,7.1248
-5.5889,11.41,4.8945,0.17311,-8.2905,13.48,29.801,117.93,47.269,4.4767,-6.8437,7.4992
-4.561,12.469,4.5917,-0.86405,-7.6915,13.689,30.154,120.9,49.805,4.9133,-6.6629,7.9477
-3.6869,13.629,4.3426,-1.8222,-7.1744,13.991,30.657,124.15,52.384,5.4899,-6.4277,8.495
-3.0608,14.842,4.1903,-2.628,-6.8053,14.386,31.338,127.69,54.955,6.1984,-6.1383,9.1351
-2.6844,16.051,4.1185,-3.2641,-6.5713,14.832,32.169,131.47,57.443,6.9784,-5.8078,9.8369
-2.468,17.233,4.0626,-3.792,-6.3965,15.272,33.081,135.34,59.795,7.7478,-5.4524,10.562
-2.2639,18.434,3.9498,-4.3498,-6.1884,15.673,34.001,139.16,61.994,8.4461,-5.0799,11.284
-1.9311,19.741,3.7511,-5.1015,-5.8871,16.042,34.874,142.83,64.067,9.0673,-4.6815,12.0
-1.4035,21.21,3.5084,-6.1493,-5.4956,16.417,35.68,146.32,66.065,9.6613,-4.235,12.725
-0.72944,22.802,3.3174,-7.4571,-5.0848,16.839,36.42,149.67,68.044,10.307,-3.7164,13.485
-0.058179,24.384,3.2779,-8.8401,-4.7658,17.327,37.105,152.95,70.046,11.075,-3.1097,14.31
0.43113,25.805,3.4454,-10.051,-4.6348,17.87,37.742,156.24,72.091,11.997,-2.4101,15.236
0.63441,26.975,3.8081,-10.923,-4.7196,18.442,38.328,159.63,74.183,13.067,-1.6186,16.313
0.59037,27.92,4.2935,-11.475,-4.9613,19.018,38.858,163.2,76.327,14.257,-0.73143,17.602
0.45658,28.768,4.7975,-11.898,-5.244,19.593,39.337,166.99,78.533,15.544,0.26937,19.173
0.41997,29.693,5.2234,-12.457,-5.4498,20.184,39.789,171.01,80.828,16.92,1.417,21.071
0.61607,30.836,5.5159,-13.38,-5.507,20.823,40.256,175.23,83.249,18.392,2.7509,23.285
1.0983,32.255,5.6774,-14.809,-5.4113,21.553,40.785,179.62,85.838,19.963,4.3024,25.73
1.8486,33.913,5.7612,-16.775,-5.219,22.413,41.414,184.15,88.626,21.622,6.0822,28.278
2.8079,35.692,5.8472,-19.194,-5.0205,23.437,42.153,188.82,91.609,23.339,8.0792,30.804
3.9177,37.456,6.01,-21.882,-4.9008,24.643,42.972,193.61,94.729,25.069,10.27,33.23
5.1736,39.127,6.2908,-24.626,-4.8993,26.036,43.814,198.54,97.88,26.754,12.631,35.54
6.6774,40.738,6.6816,-27.306,-4.984,27.625,44.623,203.59,100.95,28.352,15.15,37.777
8.6462,42.427,7.1332,-29.947,-5.0576,29.433,45.367,208.76,103.89,29.855,17.831,40.023
11.344,44.396,7.5842,-32.673,-4.9943,31.506,46.053,214.08,106.71,31.299,20.677,42.356
14.942,46.839,7.9943,-35.591,-4.6885,33.878,46.713,219.54,109.48,32.726,23.665,44.812
19.367,49.874,8.3563,-38.703,-4.0957,36.52,47.376,225.15,112.25,34.151,26.725,47.362
24.266,53.484,8.6907,-41.911,-3.2512,39.314,48.052,230.85,115.02,35.537,29.757,49.94
29.156,57.497,9.0366,-45.066,-2.2587,42.108,48.723,236.56,117.75,36.818,32.671,52.475
33.662,61.678,9.4466,-48.053,-1.2502,44.808,49.367,242.19,120.38,37.949,35.426,54.928
37.657,65.891,9.9791,-50.844,-0.33454,47.431,49.97,247.68,122.89,38.929,38.032,57.304
41.233,70.171,10.682,-53.521,0.43681,50.076,50.535,252.96,125.26,39.804,40.531,59.657
44.563,74.651,11.571,-56.244,1.0701,52.86,51.07,257.98,127.53,40.631,42.961,62.075
47.762,79.403,12.622,-59.187,1.603,55.85,51.574,262.65,129.7,41.446,45.332,64.658
50.808,84.329,13.775,-62.474,2.0766,59.029,52.03,266.93,131.77,42.242,47.618,67.487
53.571,89.22,14.963,-66.125,2.5214,62.307,52.407,270.79,133.69,42.979,49.774,70.587
55.926,93.883,16.138,-70.025,2.9541,65.554,52.669,274.26,135.46,43.611,51.761,73.923
57.834,98.227,17.288,-73.963,3.3787,68.661,52.791,277.43,137.08,44.114,53.567,77.408
59.357,102.27,18.423,-77.727,3.7898,71.583,52.764,280.36,138.56,44.498,55.215,80.952
60.628,106.13,19.564,-81.221,4.1846,74.34,52.594,283.12,139.93,44.793,56.744,84.498
61.816,109.96,20.712,-84.493,4.5855,76.987,52.296,285.74,141.23,45.034,58.202,88.03
63.101,113.9,21.838,-87.689,5.0607,79.566,51.89,288.23,142.46,45.238,59.617,91.569
64.661,118.03,22.877,-90.98,5.7279,82.078,51.387,290.57,143.6,45.408,60.998,95.158
66.667,122.37,23.747,-94.506,6.7351,84.483,50.793,292.72,144.62,45.534,62.33,98.84
69.278,126.83,24.369,-98.337,8.2314,86.72,50.102,294.64,145.49,45.605,63.59,102.65
72.63,131.3,24.69,-102.46,10.335,88.735,49.299,296.31,146.2,45.615,64.755,106.59
76.766,135.64,24.696,-106.81,13.069,90.504,48.363,297.73,146.72,45.556,65.819,110.66
81.494,139.78,24.426,-111.24,16.249,92.044,47.275,298.93,147.09,45.421,66.803,114.82
86.401,143.72,23.951,-115.65,19.468,93.423,46.033,299.96,147.33,45.21,67.759,119.06
91.198,147.6,23.353,-120.04,22.354,94.721,44.65,300.84,147.49,44.929,68.754,123.35
95.988,151.58,22.688,-124.5,24.862,95.991,43.144,301.62,147.58,44.589,69.844,127.64
101.11,155.8,21.981,-129.18,27.218,97.23,41.516,302.27,147.62,44.192,71.048,131.94
106.81,160.21,21.234,-134.16,29.702,98.389,39.735,302.78,147.59,43.726,72.342,136.23
113.1,164.62,20.433,-139.36,32.487,99.42,37.751,303.09,147.44,43.161,73.672,140.52
119.77,168.84,19.544,-144.62,35.627,100.31,35.512,303.14,147.13,42.465,74.988,144.82
126.54,172.79,18.547,-149.79,39.072,101.08,32.997,302.91,146.66,41.617,76.269,149.13
133.13,176.48,17.471,-154.79,42.685,101.8,30.232,302.4,146.03,40.62,77.539,153.44
139.3,179.93,16.399,-159.55,46.272,102.51,27.284,301.59,145.27,39.501,78.839,157.73
144.84,183.13,15.429,-163.97,49.624,103.25,24.225,300.53,144.41,38.292,80.203,161.98
149.66,186.05,14.63,-167.96,52.569,104.02,21.109,299.2,143.47,37.015,81.635,166.12
153.77,188.72,14.015,-171.53,55.014,104.79,17.954,297.58,142.41,35.669,83.109,170.06
157.37,191.22,13.552,-174.79,56.98,105.52,14.761,295.63,141.18,34.222,84.582,173.78
160.75,193.68,13.177,-177.99,58.606,106.21,11.535,293.25,139.68,32.618,86.006,177.27
164.22,196.2,12.822,-181.34,60.124,106.83,8.2936,290.34,137.83,30.791,87.338,180.55
167.92,198.7,12.422,-184.81,61.766,107.39,5.0475,286.78,135.53,28.674,88.539,183.61
171.55,200.97,11.928,-188.05,63.634,107.88,1.7838,282.48,132.72,26.214,89.583,186.39
174.67,202.76,11.308,-190.64,65.619,108.26,-1.5322,277.36,129.4,23.388,90.449,188.81
177.11,203.93,10.569,-192.43,67.526,108.48,-4.9288,271.34,125.59,20.234,91.126,190.81
178.88,204.54,9.7566,-193.54,69.179,108.51,-8.4013,264.39,121.33,16.871,91.61,192.39
179.92,204.64,8.9401,-194.04,70.367,108.33,-11.907,256.5,116.67,13.482,91.896,193.56
179.95,204.23,8.1717,-193.83,70.872,107.95,-15.38,247.74,111.68,10.25,91.981,194.39
178.84,203.26,7.4466,-192.79,70.706,107.35,-18.746,238.31,106.4,7.2899,91.862,194.92
176.88,201.7,6.7103,-191.01,70.19,106.56,-21.934,228.43,100.91,4.6302,91.551,195.2
174.68,199.7,5.9032,-188.8,69.705,105.59,-24.883,218.34,95.293,2.246,91.071,195.26
172.8,197.49,4.9893,-186.6,69.522,104.5,-27.544,208.18,89.694,0.094166,90.46,195.09
171.54,195.33,3.9484,-184.75,69.817,103.33,-29.888,197.98,84.245,-1.8714,89.751,194.68
171.05,193.43,2.7766,-183.43,70.674,102.1,-31.906,187.69,79.05,-3.6986,88.958,193.95
171.35,191.89,1.5106,-182.71,72.041,100.82,-33.59,177.22,74.161,-5.4336,88.059,192.77
172.27,190.7,0.24103,-182.49,73.691,99.526,-34.926,166.51,69.578,-7.1167,87.005,190.98
173.35,189.65,-0.90595,-182.41,75.226,98.217,-35.899,155.56,65.256,-8.7822,85.721,188.4
173.81,188.3,-1.8128,-181.89,76.162,96.871,-36.499,144.47,61.1,-10.464,84.133,184.86
172.77,186.05,-2.4204,-180.15,76.055,95.379,-36.739,133.39,56.981,-12.2,82.196,180.24
169.49,182.32,-2.7657,-176.53,74.655,93.551,-36.654,122.5,52.752,-14.025,79.939,174.54
163.9,176.86,-2.9933,-170.89,72.078,91.184,-36.293,112.15,48.296,-15.967,77.47,167.97
156.74,169.92,-3.3323,-163.79,68.814,88.143,-35.713,102.84,43.581,-18.038,74.914,160.88
149.05,162.02,-4.0431,-155.99,65.474,84.395,-34.97,94.924,38.682,-20.247,72.344,153.63
141.56,153.64,-5.3235,-148.05,62.485,79.991,-34.109,88.341,33.757,-22.611,69.75,146.41
134.59,145.12,-7.1629,-140.25,59.947,75.039,-33.17,82.682,28.963,-25.163,67.07,139.23
128.12,136.6,-9.2705,-132.72,57.668,69.673,-32.187,77.485,24.404,-27.945,64.229,131.98
121.87,128.13,-11.301,-125.36,55.353,64.026,-31.189,72.387,20.12,-30.977,61.161,124.5
115.4,119.54,-13.134,-117.85,52.809,58.23,-30.207,67.143,16.115,-34.227,57.829,116.69
108.31,110.61,-14.847,-109.87,50.039,52.423,-29.268,61.601,12.39,-37.583,54.246,108.58
100.49,101.27,-16.547,-101.32,47.229,46.738,-28.395,55.67,8.9613,-40.877,50.487,100.41
92.261,91.785,-18.281,-92.545,44.693,41.247,-27.601,49.3,5.8513,-43.954,46.67,92.496
84.287,82.461,-20.047,-84.014,42.65,35.909,-26.892,42.497,3.0796,-46.733,42.895,85.059
77.107,73.476,-21.822,-75.989,40.985,30.607,-26.266,35.384,0.648,-49.217,39.168,78.086
70.9,64.835,-23.565,-68.41,39.393,25.24,-25.713,28.286,-1.4687,-51.458,35.377,71.412
65.486,56.436,-25.204,-61.124,37.63,19.859,-25.22,21.67,-3.3227,-53.518,31.312,64.919
60.445,48.237,-26.661,-54.127,35.567,14.711,-24.771,15.931,-4.9792,-55.458,26.748,58.699
55.359,40.378,-27.898,-47.532,33.17,10.065,-24.353,11.196,-6.4996,-57.333,21.642,52.93
49.99,33.025,-28.937,-41.365,30.499,6.0292,-23.951,7.3585,-7.9337,-59.202,16.323,47.591
44.293,26.175,-29.832,-35.442,27.71,2.6035,-23.55,4.208,-9.3245,-61.145,11.388,42.436
38.343,19.723,-30.645,-29.437,24.997,-0.2519,-23.145,1.5361,-10.719,-63.279,7.2824,37.19
32.282,13.73,-31.41,-23.173,22.493,-2.6191,-22.744,-0.82406,-12.172,-65.775,4.0729,31.698
26.264,8.4519,-32.119,-16.88,20.198,-4.6066,-22.369,-2.9936,-13.744,-68.848,1.5793,25.998
20.429,4.0927,-32.737,-11.09,17.997,-6.3125,-22.052,-5.0572,-15.478,-72.73,-0.42856,20.301
14.943,0.66183,-33.243,-6.3074,15.752,-7.8097,-21.819,-7.0755,-17.389,-77.6,-2.1394,14.896
10.086,-1.9788,-33.647,-2.7524,13.425,-9.1541,-21.692,-9.0953,-19.455,-83.464,-3.6872,10.029
6.2126,-4.0319,-33.985,-0.33074,11.135,-10.389,-21.679,-11.153,-21.624,-89.972,-5.1598,5.8297
3.518,-5.7111,-34.29,1.2528,9.1,-11.542,-21.767,-13.271,-23.814,-96.382,-6.6049,2.3077
1.8272,-7.2089,-34.577,2.3602,7.4779,-12.622,-21.917,-15.445,-25.921,-101.93,-8.0291,-0.60616
0.69328,-8.6771,-34.833,3.3238,6.2493,-13.637,-22.072,-17.638,-27.837,-106.3,-9.4,-3.0047
-0.33176,-10.218,-35.035,4.3861,5.2623,-14.604,-22.178,-19.781,-29.475,-109.59,-10.663,-4.9737
-1.5392,-11.888,-35.161,5.6779,4.3506,-15.548,-22.203,-21.802,-30.801,-112.09,-11.77,-6.5871
-3.0452,-13.697,-35.209,7.2275,3.41,-16.485,-22.15,-23.648,-31.836,-114.07,-12.701,-7.9118
-4.8225,-15.596,-35.192,8.9754,2.4181,-17.404,-22.051,-25.301,-32.64,-115.67,-13.466,-9.0109
-6.7336,-17.468,-35.134,10.782,1.4248,-18.263,-21.947,-26.766,-33.279,-116.96,-14.094,-9.9405
-8.5591,-19.129,-35.05,12.442,0.52917,-18.992,-21.865,-28.051,-33.8,-117.96,-14.616,-10.745
-10.035,-20.368,-34.948,13.711,-0.15016,-19.506,-21.807,-29.153,-34.227,-118.69,-15.056,-11.453
-10.91,-20.989,-34.817,14.366,-0.5124,-19.723,-21.752,-30.062,-34.567,-119.18,-15.425,-12.082
-11.015,-20.873,-34.639,14.269,-0.51097,-19.591,-21.663,-30.772,-34.812,-119.47,-15.719,-12.634
-10.316,-20.018,-34.395,13.417,-0.17223,-19.108,-21.5,-31.289,-34.945,-119.62,-15.919,-13.102
-8.9359,-18.553,-34.074,11.956,0.41812,-18.329,-21.229,-31.63,-34.941,-119.67,-16.0,-13.473
-7.1147,-16.706,-33.687,10.134,1.1519,-17.358,-20.83,-31.817,-34.774,-119.65,-15.937,-13.736
-5.1409,-14.751,-33.265,8.2387,1.9309,-16.325,-20.306,-31.869,-34.435,-119.59,-15.732,-13.892
-3.2795,-12.941,-32.856,6.5148,2.6809,-15.365,-19.678,-31.8,-33.937,-119.53,-15.415,-13.96
-1.7224,-11.465,-32.51,5.1242,3.3535,-14.587,-18.976,-31.62,-33.316,-119.49,-15.046,-13.974
-0.57697,-10.423,-32.267,4.1404,3.9201,-14.052,-18.223,-31.332,-32.614,-119.49,-14.691,-13.97
0.11489,-9.8101,-32.115,3.5729,4.3562,-13.752,-17.421,-30.922,-31.855,-119.53,-14.393,-13.969
0.35523,-9.547,-31.996,3.3903,4.6271,-13.618,-16.554,-30.361,-31.036,-119.61,-14.158,-13.965
0.17652,-9.5297,-31.824,3.5383,4.6888,-13.551,-15.604,-29.619,-30.134,-119.69,-13.958,-13.939
-0.37063,-9.6841,-31.523,3.9616,4.5037,-13.476,-14.571,-28.683,-29.13,-119.76,-13.755,-13.87
-1.2297,-9.9867,-31.046,4.6202,4.0594,-13.366,-13.486,-27.582,-28.037,-119.82,-13.521,-13.748
-2.3422,-10.45,-30.38,5.4885,3.3784,-13.24,-12.407,-26.39,-26.905,-119.86,-13.25,-13.584
-3.6351,-11.083,-29.556,6.5284,2.5215,-13.141,-11.402,-25.212,-25.802,-119.91,-12.961,-13.4
-4.991,-11.855,-28.65,7.6516,1.584,-13.1,-10.521,-24.133,-24.787,-119.96,-12.684,-13.219
-6.2298,-12.663,-27.758,8.7041,0.68352,-13.109,-9.7771,-23.195,-23.876,-120.03,-12.439,-13.05
-7.1421,-13.339,-26.942,9.4979,-0.061502,-13.108,-9.1428,-22.387,-23.036,-120.11,-12.229,-12.887
-7.5684,-13.701,-26.2,9.8759,-0.56788,-12.999,-8.5651,-21.654,-22.201,-120.19,-12.032,-12.704
-7.4737,-13.617,-25.466,9.7739,-0.8268,-12.686,-7.9834,-20.931,-21.299,-120.27,-11.808,-12.47
-6.9709,-13.067,-24.621,9.2501,-0.92032,-12.114,-7.3528,-20.167,-20.291,-120.32,-11.52,-12.163
-6.2848,-12.155,-23.529,8.4715,-0.99495,-11.297,-6.658,-19.346,-19.184,-120.33,-11.152,-11.779
-5.6755,-11.075,-22.066,7.6601,-1.2022,-10.306,-5.9153,-18.489,-18.032,-120.31,-10.711,-11.332
-5.3519,-10.042,-20.179,7.0205,-1.6379,-9.2449,-5.1607,-17.632,-16.905,-120.25,-10.228,-10.85
-5.4109,-9.2168,-17.918,6.6784,-2.3108,-8.2106,-4.4319,-16.813,-15.864,-120.18,-9.7445,-10.362
-5.8231,-8.6689,-15.438,6.6532,-3.1507,-7.2704,-3.7536,-16.054,-14.939,-120.09,-9.2938,-9.8865
-6.4629,-8.3658,-12.943,6.8686,-4.0467,-6.4477,-3.1297,-15.357,-14.123,-120.02,-8.8955,-9.4316
-7.1638,-8.2056,-10.594,7.194,-4.8928,-5.7231,-2.5455,-14.705,-13.382,-119.95,-8.5507,-8.9921
-7.7782,-8.0665,-8.4581,7.4965,-5.6238,-5.0496,-1.9784,-14.074,-12.668,-119.9,-8.2474,-8.558
-8.224,-7.8577,-6.5201,7.6862,-6.2322,-4.3794,-1.4105,-13.445,-11.951,-119.85,-7.9697,-8.1226
-8.5054,-7.5513,-4.7412,7.7397,-6.7628,-3.6889,-0.83583,-12.814,-11.22,-119.81,-7.7081,-7.6857
-8.6983,-7.185,-3.1055,7.6979,-7.2836,-2.9923,-0.25935,-12.198,-10.497,-119.75,-7.4651,-7.2557
-8.9062,-6.8389,-1.6414,7.6399,-7.8474,-2.3365,0.30966,-11.621,-9.8141,-119.68,-7.2534,-6.8456
-9.2061,-6.5905,-0.39212,7.6428,-8.4657,-1.7711,0.86468,-11.104,-9.2003,-119.6,-7.0876,-6.465
-9.6141,-6.4709,0.62841,7.7441,-9.1065,-1.318,1.4173,-10.648,-8.6617,-119.5,-6.9689,-6.1111
-10.085,-6.4471,1.4355,7.9283,-9.7105,-0.95224,1.9962,-10.231,-8.1763,-119.4,-6.8779,-5.7649
-10.535,-6.4444,2.0535,8.1406,-10.214,-0.61625,2.637,-9.8171,-7.7059,-119.28,-6.7797,-5.398
-10.884,-6.3921,2.5046,8.3187,-10.566,-0.25621,3.3624,-9.3806,-7.2151,-119.15,-6.6417,-4.988
-11.075,-6.2611,2.8062,8.4215,-10.741,0.144,4.1648,-8.9207,-6.692,-119.02,-6.4518,-4.5335
-11.097,-6.0703,2.9744,8.437,-10.745,0.55838,5.0046,-8.4598,-6.1519,-118.89,-6.2235,-4.0569
-10.965,-5.8545,3.0324,8.3681,-10.6,0.94422,5.827,-8.0298,-5.6243,-118.76,-5.984,-3.5892
-10.698,-5.6176,3.0167,8.2086,-10.34,1.2805,6.5903,-7.6521,-5.1334,-118.63,-5.7537,-3.1507
-10.302,-5.3109,2.9749,7.9314,-9.9948,1.5898,7.2826,-7.3272,-4.6871,-118.5,-5.5324,-2.7355
-9.7804,-4.8561,2.956,7.5026,-9.5919,1.9241,7.9171,-7.0381,-4.2782,-118.36,-5.3033,-2.3149
-9.1497,-4.1953,2.9996,6.9107,-9.1636,2.3304,8.5112,-6.7639,-3.8932,-118.2,-5.0476,-1.8561
-8.4628,-3.3275,3.13,6.188,-8.7517,2.8291,9.071,-6.4904,-3.521,-118.04,-4.7555,-1.3398
-7.8053,-2.311,3.3562,5.4094,-8.4054,3.413,9.5936,-6.2126,-3.1563,-117.89,-4.4311,-0.76724
-7.2756,-1.2484,3.6718,4.675,-8.1717,4.0582,10.076,-5.9318,-2.801,-117.77,-4.0919,-0.15887
-6.9522,-0.26074,4.052,4.0826,-8.0793,4.7218,10.511,-5.6564,-2.4691,-117.71,-3.7684,0.44474
-6.8649,0.53181,4.4516,3.7027,-8.124,5.3383,10.879,-5.4048,-2.1912,-117.71,-3.5047,0.98404
-6.9775,1.031,4.8127,3.5611,-8.2634,5.8282,11.134,-5.2062,-2.0096,-117.76,-3.3502,1.388
-7.1891,1.1964,5.0858,3.6236,-8.4268,6.1255,11.225,-5.0908,-1.96,-117.84,-3.3378,1.5976
-7.3563,1.0888,5.2544,3.785,-8.5401,6.2203,11.127,-5.0738,-2.0462,-117.94,-3.4602,1.6022
-7.3416,0.8816,5.3478,3.8879,-8.5514,6.1837,10.871,-5.1421,-2.23,-118.05,-3.6661,1.4561
-7.0741,0.79239,5.4321,3.7918,-8.4489,6.1444,10.539,-5.2546,-2.4422,-118.13,-3.8818,1.2607
-6.592,0.96962,5.5856,3.4553,-8.2688,6.2353,10.227,-5.3561,-2.6101,-118.02,-4.0456,1.1207
-6.042,1.4169,5.8665,2.9692,-8.0891,6.5313,10.005,-5.3977,-2.6832,-117.14,-4.1312,1.104
-5.6413,2.0046,6.2868,2.5245,-8.0075,7.0199,9.8992,-5.3587,-2.6482,-116.39,-4.1521,1.2251
-5.6118,2.5407,6.8067,2.3429,-8.1113,7.6135,9.8851,-5.2474,-2.529,-120.89,-4.1541,1.4502
-6.1043,2.8415,7.3527,2.596,-8.4485,8.1862,9.8996,-5.1005,-2.3775,-127.11,-4.1938,1.7131
-7.1248,2.7881,7.8517,3.3308,-9.0063,8.6188,9.8597,-4.9691,-2.2543,-132.84,-4.3204,1.931
-8.4984,2.3777,8.2587,4.4215,-9.7046,8.8502,9.6863,-4.9,-2.2113,-135.42,-4.5588,2.0225
-9.9029,1.7566,8.5675,5.5912,-10.407,8.9072,9.329,-4.9191,-2.2758,-131.57,-4.8954,1.9368
-10.951,1.1998,8.8042,6.4958,-10.951,8.8956,8.7821,-5.0233,-2.4418,-118.28,-5.278,1.6724
-11.295,1.0222,9.0115,6.8119,-11.193,8.9516,8.0881,-5.1843,-2.6756,-94.216,-5.6362,1.277
-10.744,1.4504,9.2288,6.3331,-11.052,9.1769,7.3228,-5.362,-2.9324,-60.805,-5.9133,0.82439
-9.3541,2.5191,9.472,5.0691,-10.54,9.5951,6.5647,-5.5215,-3.1723,-22.111,-6.0904,0.38271
-7.4284,4.0391,9.719,3.2744,-9.764,10.144,5.8656,-5.6452,-3.3709,15.919,-6.1893,-0.0072294
-5.4179,5.6593,9.9101,1.37,-8.8911,10.691,5.2405,-5.7385,-3.5206,47.131,-6.2611,-0.33721
-3.7813,6.9814,9.9714,-0.19191,-8.0989,11.084,4.6807,-5.8231,-3.6256,68.015,-6.3642,-0.62195
-2.8575,7.685,9.8511,-1.0594,-7.5273,11.204,4.1781,-5.922,-3.6923,78.151,-6.5386,-0.88152
-2.7885,7.6248,9.546,-1.072,-7.2476,11.017,3.7401,-6.0446,-3.7237,79.18,-6.7884,-1.1255
-3.5003,6.869,9.1008,-0.29293,-7.2507,10.576,3.3846,-6.1812,-3.7223,73.78,-7.0798,-1.348
-4.734,5.6702,8.5834,1.0195,-7.4523,9.9975,3.1176,-6.3115,-3.6967,64.077,-7.3577,-1.5345
-6.1127,4.3859,8.0542,2.489,-7.7103,9.4085,2.918,-6.4183,-3.6657,53.166,-7.5704,-1.6752
-7.2315,3.3674,7.5442,3.7179,-7.8609,8.9035,2.7335,-6.498,-3.6567,53.444,-7.6884,-1.7745
-7.7704,2.8299,7.0501,4.3924,-7.7701,8.5111,2.4959,-6.565,-3.698,56.806,-7.7184,-1.8537
-7.6063,2.7626,6.5537,4.3919,-7.3854,8.1936,2.151,-6.6481,-3.8152,59.084,-7.6977,-1.9486
-6.8601,2.9736,6.0533,3.8372,-6.7596,7.8821,1.6768,-6.7785,-4.0161,60.413,-7.6805,-2.0994
-5.8307,3.239,5.5772,3.0058,-6.0287,7.5138,1.0884,-6.9762,-4.2864,61.054,-7.7168,-2.339
-4.8599,3.389,5.1639,2.195,-5.356,7.0514,0.42878,-7.2434,-4.5944,61.225,-7.8404,-2.6839
-4.2061,3.3075,4.83,1.6407,-4.8638,6.4881,-0.24339,-7.567,-4.9088,61.094,-8.059,-3.1301
-3.9649,2.9465,4.556,1.461,-4.5858,5.848,-0.86702,-7.927,-5.2065,60.809,-8.3492,-3.6506
-4.0622,2.3565,4.2963,1.6237,-4.4637,5.1799,-1.3926,-8.3018,-5.4725,60.487,-8.6646,-4.2004
-4.3111,1.6701,3.9995,1.9805,-4.3803,4.541,-1.7934,-8.6735,-5.697,60.198,-8.9582,-4.7293
-4.5022,1.0423,3.6304,2.346,-4.217,3.9768,-2.0698,-9.0311,-5.8758,59.956,-9.1983,-5.1976
-4.487,0.58489,3.1851,2.5715,-3.9037,3.5089,-2.2455,-9.3727,-6.0115,59.734,-9.3778,-5.5842
-4.2306,0.32648,2.6961,2.598,-3.4465,3.1301,-2.3568,-9.7035,-6.1138,59.489,-9.5163,-5.8893
-3.8227,0.2032,2.2216,2.4712,-2.9277,2.8106,-2.4418,-10.032,-6.1981,59.173,-9.6471,-6.1305
-3.4455,0.081226,1.8257,2.3251,-2.4791,2.5063,-2.5348,-10.365,-6.2826,58.743,-9.8044,-6.3371
-3.3055,-0.19479,1.5572,2.3308,-2.237,2.1676,-2.6659,-10.712,-6.3865,58.168,-10.015,-6.5429
-3.5488,-0.74097,1.4331,2.624,-2.2912,1.7501,-2.8631,-11.086,-6.5286,57.433,-10.292,-6.7788
-4.1937,-1.587,1.434,3.2422,-2.6456,1.2254,-3.1507,-11.504,-6.7239,56.538,-10.638,-7.07
-5.112,-2.6525,1.5094,4.0989,-3.2075,0.59816,-3.5401,-11.984,-6.9778,55.513,-11.041,-7.4282
-6.071,-3.7671,1.5944,5.0119,-3.8144,-0.085793,-4.0184,-12.531,-7.2782,54.399,-11.475,-7.8428
-6.8265,-4.7329,1.6353,5.7762,-4.2967,-0.74967,-4.5461,-13.133,-7.5924,53.247,-11.904,-8.2773
-7.2188,-5.4076,1.6091,6.2463,-4.5432,-1.3172,-5.0648,-13.755,-7.8746,52.103,-12.289,-8.6781
-7.236,-5.7673,1.527,6.3959,-4.5459,-1.7492,-5.5177,-14.35,-8.0848,50.995,-12.597,-8.994
-7.0125,-5.9109,1.4194,6.3249,-4.3945,-2.0602,-5.8669,-14.87,-8.1955,49.926,-12.815,-9.1936
-6.7628,-6.0078,1.3141,6.2092,-4.2249,-2.3068,-6.0997,-15.272,-8.202,48.881,-12.945,-9.2722
-6.6794,-6.2128,1.2216,6.2196,-4.1498,-2.5526,-6.2223,-15.525,-8.1169,47.844,-12.996,-9.2438
-6.8506,-6.5971,1.1327,6.4479,-4.2061,-2.8315,-6.2493,-15.612,-7.958,46.821,-12.975,-9.1308
-7.2363,-7.1266,1.0247,6.8753,-4.3487,-3.1336,-6.1978,-15.532,-7.7419,45.833,-12.883,-8.9517
-7.7008,-7.6921,0.87003,7.3931,-4.4808,-3.418,-6.0897,-15.308,-7.4849,44.905,-12.72,-8.7216
-8.0722,-8.1601,0.64593,7.8506,-4.4983,-3.6417,-5.9567,-14.989,-7.2081,44.031,-12.494,-8.4601
-8.1987,-8.4165,0.34812,8.1041,-4.3265,-3.7798,-5.8378,-14.636,-6.9368,43.164,-12.226,-8.1938
-7.9873,-8.3861,0.0026693,8.0505,-3.9428,-3.8256,-5.7677,-14.3,-6.6922,42.228,-11.943,-7.9505
-7.4241,-8.038,-0.3335,7.6477,-3.3825,-3.7805,-5.761,-14.006,-6.4819,41.152,-11.666,-7.7471
-6.5785,-7.3896,-0.58894,6.9257,-2.7316,-3.6459,-5.8071,-13.744,-6.2968,39.895,-11.394,-7.5839
-5.5898,-6.5157,-0.70473,5.9873,-2.1058,-3.43,-5.8805,-13.49,-6.1203,38.463,-11.121,-7.4514
-4.6343,-5.5477,-0.65978,4.9895,-1.6206,-3.1596,-5.9587,-13.214,-5.9397,36.895,-10.844,-7.3426
-3.8733,-4.6443,-0.48013,4.1017,-1.351,-2.882,-6.0324,-12.896,-5.7531,35.257,-10.573,-7.2611
-3.3907,-3.9403,-0.23297,3.4459,-1.2935,-2.6521,-6.1001,-12.526,-5.5656,33.623,-10.328,-7.2169
-3.1551,-3.4968,-0.012475,3.0539,-1.3518,-2.5108,-6.1575,-12.103,-5.3814,32.07,-10.124,-7.215
-3.0445,-3.2938,0.085085,2.8721,-1.3729,-2.4728,-6.1894,-11.634,-5.1971,30.656,-9.9614,-7.2447
-2.9306,-3.2697,-0.0036273,2.8168,-1.2266,-2.5308,-6.1743,-11.131,-5.0038,29.415,-9.8187,-7.2827
-2.7598,-3.3789,-0.28271,2.8366,-0.87871,-2.6722,-6.0969,-10.613,-4.7952,28.328,-9.6699,-7.3067
-2.586,-3.6246,-0.69612,2.9468,-0.41478,-2.8948,-5.9627,-10.105,-4.5773,27.323,-9.499,-7.3106
-2.545,-4.0502,-1.1485,3.2175,-0.0039339,-3.2066,-5.8003,-9.6361,-4.3681,26.306,-9.3079,-7.3088
-2.7883,-4.6994,-1.5331,3.7278,0.17379,-3.6116,-5.6527,-9.2352,-4.1945,25.198,-9.1095,-7.3293
-3.4011,-5.5692,-1.7624,4.5057,0.0028782,-4.0941,-5.561,-8.9211,-4.0794,23.967,-8.9231,-7.3991
-4.3458,-6.5888,-1.7969,5.488,-0.51892,-4.6179,-5.5512,-8.6978,-4.0342,22.629,-8.7668,-7.5337
-5.4604,-7.6316,-1.6657,6.5275,-1.2738,-5.1379,-5.6282,-8.5548,-4.0576,21.222,-8.6553,-7.7332
-6.5132,-8.5548,-1.4601,7.4409,-2.0629,-5.6125,-5.775,-8.4682,-4.1365,19.788,-8.5973,-7.9849
-7.2898,-9.2416,-1.2995,8.0723,-2.679,-6.01,-5.9555,-8.4059,-4.2481,18.379,-8.5906,-8.2666
-7.6673,-9.6373,-1.2803,8.347,-2.9847,-6.314,-6.1237,-8.3341,-4.3639,17.055,-8.6202,-8.5496
-7.6498,-9.767,-1.4354,8.2959,-2.964,-6.5285,-6.2372,-8.2286,-4.4575,15.868,-8.6618,-8.8066
-7.359,-9.7314,-1.7181,8.0426,-2.7226,-6.6766,-6.2705,-8.0828,-4.5141,14.845,-8.6912,-9.0193
-6.9807,-9.6681,-2.017,7.7531,-2.4354,-6.7914,-6.2217,-7.9084,-4.5351,13.964,-8.6933,-9.1827
-6.6817,-9.692,-2.2136,7.566,-2.2577,-6.9023,-6.1091,-7.7275,-4.5347,13.165,-8.6666,-9.3031
-6.5337,-9.8481,-2.2625,7.5379,-2.2428,-7.0259,-5.9601,-7.562,-4.5318,12.373,-8.6207,-9.3929
-6.4952,-10.102,-2.2196,7.6327,-2.3222,-7.1628,-5.7996,-7.4252,-4.5418,11.518,-8.5698,-9.4628
-6.4603,-10.367,-2.1875,7.7531,-2.3635,-7.3014,-5.6413,-7.3177,-4.5706,10.561,-8.5255,-9.5182
-6.3319,-10.552,-2.2382,7.7967,-2.2578,-7.4225,-5.4851,-7.2271,-4.6136,9.498,-8.492,-9.5567
-6.0794,-10.603,-2.3749,7.7088,-1.9833,-7.5045,-5.3205,-7.1321,-4.6594,8.3562,-8.4658,-9.5696
-5.7667,-10.53,-2.5342,7.518,-1.6224,-7.5296,-5.1375,-7.0105,-4.6969,7.1724,-8.4403,-9.5472
-5.544,-10.411,-2.6149,7.3361,-1.333,-7.4924,-4.9378,-6.8499,-4.7224,5.9741,-8.4122,-9.4841
-5.5969,-10.364,-2.5189,7.3191,-1.293,-7.4051,-4.7414,-6.6544,-4.7428,4.7758,-8.3855,-9.3844
-6.0642,-10.494,-2.1921,7.5988,-1.6307,-7.295,-4.5797,-6.4417,-4.7723,3.5895,-8.3705,-9.2626
-6.9558,-10.842,-1.65,8.2116,-2.3588,-7.1901,-4.4793,-6.2374,-4.8246,2.4378,-8.3759,-9.1384
-8.1173,-11.349,-0.97622,9.0601,-3.3476,-7.0994,-4.4421,-6.0566,-4.9027,1.3581,-8.3984,-9.0243
-9.2713,-11.864,-0.29193,9.935,-4.3623,-6.9998,-4.435,-5.8924,-4.9916,0.39498,-8.4163,-8.915
-10.118,-12.191,0.2917,10.591,-5.1518,-6.8422,-4.3988,-5.7162,-5.062,-0.41254,-8.3932,-8.7859
-10.448,-12.179,0.71515,10.84,-5.5475,-6.5778,-4.2755,-5.4931,-5.083,-1.0462,-8.2933,-8.6048
-10.219,-11.784,0.98709,10.624,-5.5269,-6.1871,-4.0385,-5.2016,-5.0398,-1.52,-8.1014,-8.3524
-9.5708,-11.09,1.1696,10.036,-5.2156,-5.6956,-3.707,-4.8468,-4.9441,-1.882,-7.8345,-8.0349
-8.7598,-10.263,1.3436,9.2682,-4.8218,-5.1626,-3.3347,-4.4589,-4.83,-2.2004,-7.537,-7.6835
-8.05,-9.4676,1.5769,8.5329,-4.5395,-4.6481,-2.9797,-4.0772,-4.7364,-2.5368,-7.2619,-7.3394
-7.6085,-8.7994,1.9104,7.974,-4.4785,-4.1808,-2.677,-3.7328,-4.688,-2.9202,-7.0501,-7.0367
-7.4668,-8.2686,2.3514,7.6329,-4.6488,-3.7516,-2.43,-3.4377,-4.6879,-3.3396,-6.9176,-6.7937
-7.5468,-7.83,2.867,7.4652,-4.9835,-3.3373,-2.2203,-3.1866,-4.723,-3.7588,-6.8555,-6.6136
-7.7153,-7.4314,3.3867,7.3861,-5.3729,-2.9306,-2.0245,-2.966,-4.7765,-4.1432,-6.8398,-6.4908
-7.835,-7.0449,3.8203,7.3122,-5.6962,-2.5531,-1.8254,-2.7647,-4.8378,-4.479,-6.8449,-6.4164
-7.805,-6.6778,4.0855,7.187,-5.8518,-2.2463,-1.6153,-2.5779,-4.9034,-4.7758,-6.853,-6.3783
-7.5884,-6.3619,4.1332,6.994,-5.7876,-2.0523,-1.3972,-2.4088,-4.9733,-5.0557,-6.8552,-6.3643
-7.2258,-6.1406,3.9646,6.7602,-5.5216,-1.9981,-1.1845,-2.2597,-5.0459,-5.339,-6.8489,-6.3615
-6.8247,-6.0572,3.631,6.5489,-5.138,-2.088,-0.99879,-2.132,-5.1179,-5.6358,-6.8359,-6.3605
-6.5233,-6.1422,3.2177,6.4399,-4.7593,-2.3019,-0.86171,-2.025,-5.1855,-5.9438,-6.822,-6.359
-6.4367,-6.399,2.8148,6.4972,-4.499,-2.6004,-0.78408,-1.9355,-5.2464,-6.2519,-6.8144,-6.3635
-6.6096,-6.7952,2.4874,6.7387,-4.4191,-2.9361,-0.75909,-1.8611,-5.3007,-6.5473,-6.8177,-6.3845
-6.9997,-7.2709,2.2582,7.1263,-4.5103,-3.2703,-0.76507,-1.7985,-5.3528,-6.8222,-6.8289,-6.4315
-7.4958,-7.7606,2.1061,7.5798,-4.7027,-3.5867,-0.77684,-1.7503,-5.4129,-7.0791,-6.8387,-6.5097
-7.9528,-8.2101,1.9789,8.0017,-4.8929,-3.8925,-0.77825,-1.7251,-5.4959,-7.3296,-6.8359,-6.6185
-8.2298,-8.5766,1.815,8.3004,-4.9739,-4.2034,-0.76786,-1.7357,-5.6152,-7.5872,-6.8105,-6.7512
-8.2241,-8.8248,1.5662,8.4067,-4.8641,-4.5235,-0.75442,-1.7936,-5.7745,-7.8571,-6.756,-6.8941
-7.9057,-8.9284,1.2188,8.2921,-4.5364,-4.8336,-0.74425,-1.9008,-5.962,-8.1301,-6.6707,-7.0261
-7.3349,-8.8804,0.80565,7.9819,-4.0372,-5.098,-0.728,-2.0397,-6.1483,-8.3842,-6.5572,-7.1211
-6.6525,-8.7016,0.40224,7.5553,-3.4807,-5.2768,-0.67582,-2.1718,-6.292,-8.5907,-6.418,-7.1527
-6.0413,-8.4447,0.1012,7.128,-3.0153,-5.3418,-0.54527,-2.2495,-6.3517,-8.7235,-6.2519,-7.1016
-5.6718,-8.184,-0.029262,6.8202,-2.7694,-5.2922,-0.29841,-2.2358,-6.3006,-8.7693,-6.0568,-6.964
-5.6475,-7.9948,0.018157,6.7204,-2.799,-5.1607,0.08005,-2.1204,-6.1385,-8.7363,-5.8357,-6.7553
-5.9701,-7.9249,0.18329,6.8547,-3.0668,-5.0038,0.57213,-1.9238,-5.8926,-8.6539,-5.6021,-6.5078
-6.536,-7.9703,0.3669,7.1719,-3.4563,-4.8768,1.1292,-1.6889,-5.6068,-8.5617,-5.3774,-6.259
-7.1606,-8.0661,0.47516,7.55,-3.8103,-4.8058,1.6891,-1.4647,-5.3246,-8.4923,-5.1806,-6.0376
-7.6232,-8.0987,0.45486,7.8254,-3.9769,-4.7727,2.2007,-1.2878,-5.0752,-8.4589,-5.0165,-5.8514
-7.7245,-7.9407,0.30496,7.8389,-3.8552,-4.7234,2.6434,-1.1694,-4.8682,-8.4549,-4.8727,-5.6817
-7.3464,-7.4998,0.068234,7.485,-3.4271,-4.5965,3.0307,-1.1004,-4.697,-8.4637,-4.7288,-5.4983
-6.4906,-6.7581,-0.18818,6.748,-2.7586,-4.3557,3.3961,-1.0586,-4.5469,-8.4706,-4.5714,-5.2786
-5.2732,-5.7855,-0.40659,5.7066,-1.9595,-4.0111,3.7739,-1.0189,-4.4037,-8.4701,-4.4033,-5.0196
-3.8756,-4.7199,-0.57672,4.5083,-1.1293,-3.6163,4.1845,-0.95768,-4.2572,-8.4674,-4.2384,-4.7358
-2.487,-3.7212,-0.74095,3.3253,-0.33056,-3.2441,4.6311,-0.8562,-4.103,-8.4729,-4.0911,-4.4486
-1.2653,-2.9202,-0.95586,2.3096,0.4005,-2.9534,5.1022,-0.70386,-3.9411,-8.4968,-3.9687,-4.1759
-0.31942,-2.3824,-1.2458,1.5605,1.0341,-2.7667,5.5753,-0.503,-3.7758,-8.5454,-3.8689,-3.9271
0.28556,-2.1052,-1.5815,1.1184,1.5323,-2.6669,6.019,-0.26952,-3.6151,-8.6233,-3.7835,-3.7043
0.51763,-2.0428,-1.8863,0.98008,1.8414,-2.6124,6.3959,-0.0275,-3.4694,-8.7361,-3.7029,-3.5062
0.36683,-2.1409,-2.0576,1.1223,1.895,-2.5586,6.6708,0.19958,-3.3485,-8.8903,-3.6198,-3.333
-0.15664,-2.361,-1.9985,1.5165,1.6356,-2.476,6.8219,0.39456,-3.2594,-9.0902,-3.5311,-3.1894
-1.0164,-2.6858,-1.6522,2.1292,1.0413,-2.3584,6.8481,0.54695,-3.2061,-9.3349,-3.4389,-3.0861
-2.137,-3.11,-1.0297,2.9106,0.14454,-2.2241,6.7677,0.65078,-3.1917,-9.618,-3.3523,-3.0387
-3.3883,-3.6201,-0.21348,3.78,-0.95948,-2.1059,6.6132,0.70524,-3.2176,-9.9281,-3.285,-3.0615
-4.589,-4.1763,0.66609,4.6231,-2.1199,-2.0328,6.4295,0.72052,-3.2783,-10.248,-3.2484,-3.1577
-5.552,-4.7102,1.4724,5.3185,-3.1638,-2.0131,6.2783,0.7263,-3.3535,-10.552,-3.2407,-3.3116
-6.1558,-5.1464,2.1041,5.7825,-3.9471,-2.029,6.2388,0.77566,-3.4049,-10.807,-3.2407,-3.4868
-6.3929,-5.4357,2.5226,6.0029,-4.4079,-2.0459,6.3994,0.9382,-3.384,-10.976,-3.2114,-3.6349
-6.3714,-5.5792,2.7564,6.0454,-4.5946,-2.0293,6.8389,1.2841,-3.2468,-11.032,-3.1119,-3.7106
-6.2803,-5.6297,2.8794,6.0351,-4.6477,-1.9574,7.6066,1.8677,-2.9677,-10.962,-2.9119,-3.6857
-6.3276,-5.6674,2.979,6.1169,-4.7352,-1.824,8.7138,2.7183,-2.5434,-10.77,-2.5998,-3.5582
-6.6551,-5.7513,3.1264,6.392,-4.9726,-1.6291,10.143,3.8429,-1.9855,-10.464,-2.1798,-3.3462
-7.2611,-5.869,3.3538,6.8527,-5.3673,-1.3649,11.871,5.2391,-1.3076,-10.055,-1.6567,-3.0725
-7.9821,-5.9122,3.6425,7.3571,-5.8148,-1.0037,13.891,6.9185,-0.5112,-9.5423,-1.0167,-2.7465
-8.5426,-5.6936,3.9346,7.6641,-6.1433,-0.49879,16.22,8.9335,0.42303,-8.9132,-0.20884,-2.353
-8.6329,-5.0023,4.1641,7.501,-6.1745,0.19654,18.885,11.395,1.5381,-8.142,0.85836,-1.8557
-7.9918,-3.678,4.2838,6.6398,-5.7821,1.1024,21.901,14.462,2.8953,-7.1962,2.302,-1.2106
-6.4871,-1.6781,4.2795,4.97,-4.9316,2.1936,25.262,18.299,4.5636,-6.0389,4.2304,-0.38219
-4.1704,0.8902,4.1723,2.551,-3.6929,3.4024,28.942,22.987,6.6027,-4.6279,6.6886,0.64842
-1.2744,3.7962,4.0132,-0.38922,-2.2193,4.6432,32.903,28.445,9.0457,-2.9181,9.6058,1.8801
1.8666,6.7717,3.8697,-3.5358,-0.69946,5.8471,37.077,34.412,11.886,-0.8741,12.8,3.2943
4.954,9.6263,3.8046,-6.6228,0.70524,6.9933,41.369,40.555,15.082,1.5167,16.079,4.8639
7.8629,12.333,3.8493,-9.5602,1.9171,8.1173,45.683,46.609,18.583,4.2512,19.343,6.5677
10.718,15.041,3.9846,-12.488,2.9708,9.2845,49.942,52.443,22.353,7.3343,22.613,8.3992
13.873,17.992,4.1422,-15.727,4.0061,10.539,54.093,58.019,26.355,10.781,25.954,10.364
17.76,21.386,4.2255,-19.621,5.2326,11.861,58.093,63.319,30.52,14.577,29.401,12.467
22.58,25.192,4.1459,-24.238,6.8698,13.154,61.896,68.315,34.714,18.635,32.91,14.699
27.97,29.043,3.8585,-29.116,9.0274,14.292,65.45,72.961,38.747,22.773,36.363,17.032
33.12,32.406,3.3823,-33.47,11.574,15.181,68.697,77.204,42.425,26.772,39.612,19.419
37.375,34.966,2.795,-36.8,14.146,15.813,71.599,80.976,45.607,30.448,42.533,21.805
40.599,36.785,2.2065,-39.139,16.363,16.267,74.167,84.196,48.228,33.707,45.061,24.14
43.038,38.139,1.7231,-40.803,18.03,16.667,76.47,86.778,50.285,36.531,47.211,26.389
45.059,39.32,1.4116,-42.143,19.157,17.126,78.624,88.676,51.793,38.944,49.047,28.53
46.978,40.532,1.2755,-43.433,19.875,17.69,80.746,89.886,52.759,40.97,50.642,30.54
48.956,41.843,1.2601,-44.817,20.366,18.319,82.814,90.414,53.168,42.61,52.04,32.391
50.938,43.18,1.2883,-46.269,20.788,18.915,84.415,90.222,52.997,43.851,53.239,34.051
52.7,44.378,1.3046,-47.622,21.225,19.383,84.688,89.208,52.25,44.69,54.205,35.511
53.993,45.27,1.3013,-48.678,21.675,19.677,82.797,87.289,50.973,45.158,54.913,36.798
54.665,45.766,1.3172,-49.298,22.069,19.815,78.477,84.524,49.258,45.319,55.374,37.97
54.685,45.863,1.4124,-49.431,22.31,19.851,72.029,81.109,47.206,45.251,55.635,39.095
54.084,45.612,1.6335,-49.082,22.309,19.831,63.991,77.242,44.898,45.016,55.751,40.208
52.937,45.076,1.9834,-48.298,22.03,19.775,54.907,73.049,42.38,44.653,55.775,41.3
51.394,44.335,2.4059,-47.193,21.506,19.669,45.268,68.597,39.654,44.171,55.741,42.33
49.719,43.493,2.7936,-45.957,20.874,19.484,35.51,63.926,36.681,43.566,55.662,43.246
48.252,42.668,3.0164,-44.821,20.371,19.186,26.058,59.053,33.398,42.823,55.521,44.02
47.307,41.964,2.957,-43.996,20.273,18.752,17.388,53.961,29.746,41.93,55.291,44.66
47.096,41.453,2.5393,-43.633,20.789,18.18,10.021,48.584,25.727,40.879,54.95,45.21
47.705,41.164,1.7368,-43.791,22.0,17.494,4.3536,42.814,21.445,39.668,54.499,45.728
49.065,41.062,0.55495,-44.413,23.856,16.73,0.40116,36.591,17.118,38.304,53.954,46.263
50.947,41.051,-1.0004,-45.32,26.209,15.916,-2.3517,30.072,13.034,36.805,53.336,46.839
53.023,40.99,-2.9496,-46.275,28.85,15.048,-4.6091,23.733,9.4427,35.197,52.655,47.442
54.98,40.727,-5.3301,-47.058,31.542,14.085,-6.6878,18.166,6.4581,33.501,51.914,48.023
56.606,40.142,-8.1139,-47.535,34.077,12.977,-8.5855,13.703,4.0464,31.714,51.106,48.517
57.81,39.182,-11.084,-47.67,36.305,11.697,-10.248,10.303,2.0842,29.806,50.219,48.862
58.581,37.876,-13.879,-47.491,38.121,10.27,-11.637,7.731,0.43231,27.74,49.219,49.025
58.951,36.304,-16.249,-47.055,39.455,8.7679,-12.735,5.7391,-1.0246,25.507,48.028,49.007
58.996,34.545,-18.204,-46.415,40.311,7.2839,-13.56,4.1361,-2.3735,23.137,46.515,48.812
58.848,32.625,-19.884,-45.588,40.836,5.8927,-14.165,2.7793,-3.6881,20.671,44.526,48.402
58.627,30.499,-21.388,-44.514,41.318,4.6174,-14.63,1.5504,-5.0419,18.115,41.983,47.646
58.31,28.06,-22.699,-43.033,41.953,3.4319,-15.041,0.34513,-6.5076,15.432,38.923,46.328
57.66,25.211,-23.788,-40.934,42.483,2.2857,-15.462,-0.91831,-8.14,12.586,35.421,44.228
56.38,21.929,-24.697,-38.075,42.554,1.1338,-15.93,-2.2867,-9.9507,9.6051,31.486,41.245
54.272,18.328,-25.406,-34.433,42.089,-0.039607,-16.448,-3.7713,-11.894,6.5952,27.113,37.468
51.162,14.626,-25.763,-30.069,40.977,-1.2078,-17.002,-5.3604,-13.877,3.683,22.402,33.165
46.834,11.055,-25.575,-25.125,38.967,-2.3081,-17.578,-7.0357,-15.795,0.94674,17.638,28.685
41.167,7.7701,-24.695,-19.887,35.883,-3.2665,-18.172,-8.7805,-17.564,-1.6093,13.168,24.319
34.366,4.8302,-23.056,-14.749,31.767,-4.0265,-18.79,-10.591,-19.146,-4.0328,9.1863,20.216
26.979,2.2186,-20.706,-9.9978,26.854,-4.5685,-19.435,-12.473,-20.533,-6.3865,5.6619,16.368
19.62,-0.118,-17.834,-5.7191,21.511,-4.9148,-20.097,-14.435,-21.727,-8.7206,2.4484,12.676
12.72,-2.2314,-14.761,-1.9052,16.179,-5.1207,-20.745,-16.483,-22.731,-11.063,-0.58905,9.0299
6.5617,-4.1442,-11.844,1.4148,11.262,-5.2583,-21.339,-18.614,-23.54,-13.427,-3.5077,5.3998
1.4017,-5.8444,-9.3283,4.152,7.021,-5.395,-21.837,-20.817,-24.158,-15.829,-6.2815,1.9016
-2.5226,-7.306,-7.2936,6.2314,3.5738,-5.5739,-22.207,-23.07,-24.6,-18.301,-8.843,-1.2435
-5.1449,-8.5123,-5.6956,7.6664,0.96258,-5.8045,-22.427,-25.341,-24.888,-20.887,-11.145,-3.8597
-6.6579,-9.4623,-4.4181,8.558,-0.83077,-6.0632,-22.491,-27.588,-25.042,-23.616,-13.194,-5.9333
-7.404,-10.161,-3.3487,9.0425,-1.9494,-6.3039,-22.404,-29.763,-25.068,-26.473,-15.027,-7.5758
-7.713,-10.616,-2.4582,9.2486,-2.6465,-6.4764,-22.183,-31.824,-24.96,-29.395,-16.678,-8.9201
-7.8235,-10.849,-1.7519,9.2828,-3.1584,-6.5519,-21.853,-33.746,-24.706,-32.287,-18.166,-10.068
-7.8752,-10.913,-1.1887,9.231,-3.6131,-6.5406,-21.448,-35.521,-24.302,-35.061,-19.498,-11.087
-7.9282,-10.887,-0.72529,9.162,-4.0354,-6.4892,-21.005,-37.159,-23.764,-37.66,-20.685,-12.014
-7.9884,-10.86,-0.36689,9.1259,-4.3923,-6.4579,-20.557,-38.669,-23.126,-40.056,-21.739,-12.864
-8.0349,-10.903,-0.15215,9.1514,-4.6346,-6.4923,-20.123,-40.052,-22.443,-42.238,-22.672,-13.634
-8.0481,-11.05,-0.11338,9.2489,-4.7296,-6.608,-19.708,-41.294,-21.786,-44.203,-23.492,-14.316
-8.0366,-11.305,-0.24422,9.4219,-4.6878,-6.7909,-19.309,-42.38,-21.229,-45.951,-24.203,-14.911
-8.0514,-11.665,-0.48617,9.6846,-4.5739,-7.0133,-18.927,-43.308,-20.833,-47.48,-24.809,-15.438
-8.1799,-12.135,-0.74177,10.068,-4.497,-7.2532,-18.574,-44.104,-20.634,-48.798,-25.319,-15.938
-8.518,-12.728,-0.90628,10.612,-4.5782,-7.5065,-18.275,-44.828,-20.647,-49.93,-25.758,-16.454
-9.1294,-13.451,-0.89709,11.335,-4.9089,-7.7838,-18.057,-45.556,-20.87,-50.917,-26.158,-17.027
-10.013,-14.282,-0.67118,12.219,-5.5191,-8.0929,-17.941,-46.357,-21.294,-51.808,-26.549,-17.676
-11.094,-15.147,-0.23169,13.202,-6.3657,-8.4217,-17.931,-47.266,-21.899,-52.648,-26.951,-18.392
-12.252,-15.943,0.37538,14.191,-7.3461,-8.7344,-18.011,-48.273,-22.653,-53.466,-27.358,-19.136
-13.355,-16.574,1.0735,15.093,-8.3303,-8.9845,-18.146,-49.329,-23.503,-54.258,-27.742,-19.848
-14.306,-16.994,1.7732,15.838,-9.2027,-9.1377,-18.294,-50.361,-24.379,-54.998,-28.061,-20.459
-15.073,-17.245,2.3907,16.416,-9.899,-9.1946,-18.417,-51.302,-25.21,-55.645,-28.276,-20.918
-15.707,-17.444,2.8654,16.893,-10.424,-9.1971,-18.507,-52.115,-25.946,-56.178,-28.371,-21.207
-16.333,-17.756,3.1751,17.407,-10.849,-9.213,-18.585,-52.807,-26.584,-56.602,-28.355,-21.349
-17.111,-18.324,3.3433,18.106,-11.277,-9.3078,-18.695,-53.414,-27.164,-56.947,-28.263,-21.392
-18.158,-19.209,3.4351,19.076,-11.803,-9.5109,-18.881,-53.983,-27.745,-57.25,-28.133,-21.383
-19.493,-20.334,3.5414,20.285,-12.471,-9.791,-19.161,-54.542,-28.368,-57.541,-27.987,-21.346
-20.997,-21.497,3.7569,21.571,-13.252,-10.054,-19.518,-55.097,-29.033,-57.833,-27.832,-21.282
-22.436,-22.418,4.1499,22.684,-14.053,-10.172,-19.911,-55.635,-29.703,-58.125,-27.659,-21.174
-23.52,-22.835,4.7328,23.361,-14.753,-10.032,-20.294,-56.139,-30.326,-58.403,-27.457,-21.004
-24.008,-22.6,5.4523,23.425,-15.246,-9.5838,-20.645,-56.601,-30.864,-58.646,-27.222,-20.765
-23.832,-21.742,6.2091,22.866,-15.475,-8.8621,-20.978,-57.031,-31.322,-58.848,-26.969,-20.476
-23.143,-20.466,6.8949,21.864,-15.454,-7.9816,-21.338,-57.459,-31.745,-59.023,-26.737,-20.184
-22.238,-19.076,7.4255,20.712,-15.26,-7.099,-21.776,-57.921,-32.211,-59.214,-26.583,-19.95
-21.419,-17.864,7.7579,19.692,-14.995,-6.3585,-22.312,-58.435,-32.794,-59.48,-26.571,-19.837
-20.868,-16.997,7.8915,18.953,-14.74,-5.8411,-22.915,-58.974,-33.529,-59.873,-26.747,-19.886
-20.589,-16.478,7.8611,18.482,-14.521,-5.5422,-23.506,-59.468,-34.377,-60.411,-27.116,-20.108
-20.411,-16.177,7.7288,18.134,-14.312,-5.3841,-23.991,-59.825,-35.231,-61.057,-27.632,-20.478
-20.058,-15.9,7.5726,17.713,-14.07,-5.2534,-24.309,-59.977,-35.942,-61.712,-28.192,-20.935
-19.344,-15.483,7.4643,17.078,-13.762,-5.049,-24.471,-59.922,-36.383,-62.208,-28.661,-21.392
-18.315,-14.868,7.4414,16.238,-13.379,-4.7292,-24.584,-59.759,-36.517,-62.359,-28.9,-21.737
-17.18,-14.135,7.4879,15.32,-12.929,-4.3353,-24.847,-59.69,-36.424,-62.07,-28.781,-21.847
-16.123,-13.45,7.5154,14.487,-12.415,-3.9793,-25.509,-59.99,-36.297,-61.448,-28.181,-21.581
-15.23,-12.989,7.3526,13.859,-11.832,-3.8121,-26.803,-60.929,-36.4,-60.782,-26.995,-20.792
-14.487,-12.863,6.7744,13.473,-11.174,-3.9874,-28.883,-62.677,-37.02,-60.467,-25.63,-19.41
-13.808,-13.092,5.6139,13.284,-10.423,-4.6244,-31.725,-65.29,-38.43,-61.007,-29.288,-17.792
-13.1,-13.604,3.9809,13.187,-9.5258,-5.7795,-33.506,-68.803,-40.862,-62.734,-41.466,-18.857
-12.468,-14.267,2.7755,13.079,-8.8889,-7.477,-30.44,-73.009,-44.54,-64.89,-47.627,-34.794
-13.259,-14.909,0.28033,12.94,-13.02,-9.924,-28.137,-75.282,-50.009,-65.81,-51.599,-46.117
-25.199,-15.361,-0.26048,13.027,-13.026,-12.091,-26.446,-73.31,-58.587,-64.06,-51.302,-48.352
-31.198,-15.489,2.4706,15.092,-15.174,-10.213,-26.042,-70.621,-62.909,-58.783,-44.118,-45.011
-32.557,-15.204,8.1473,26.436,-19.438,-6.3874,-28.909,-70.423,-57.123,-50.164,-28.809,-34.399
-32.185,-14.407,14.313,28.678,-23.51,-1.9196,-37.461,-75.504,-51.074,-39.678,-5.6769,-16.385
-28.184,-12.863,16.62,21.663,-23.787,0.99686,-53.821,-88.337,-48.789,-29.144,24.599,7.933
-18.13,-9.5425,9.8942,12.835,-16.679,-0.28973,-78.928,-110.44,-53.457,-19.563,60.933,37.492
0.37705,-6.5066,-10.326,2.4037,1.0357,-8.6447,-112.11,-141.35,-67.331,-10.525,101.03,71.575
29.174,-11.089,-45.83,-10.559,32.092,-26.883,-152.23,-179.52,-91.161,-0.65915,142.21,109.61
69.507,-18.221,-94.997,-27.522,77.254,-55.431,-198.41,-224.22,-124.14,9.3515,182.18,151.0
121.65,-24.202,-153.74,-50.306,134.18,-88.875,-250.19,-276.43,-164.38,14.883,220.41,195.15
184.28,-24.716,-216.93,-80.509,198.81,-121.02,-307.82,-339.08,-209.72,13.74,257.55,242.66
255.11,-16.23,-279.98,-118.97,267.43,-147.74,-372.25,-416.56,-258.38,9.7713,294.4,296.54
332.09,3.3576,-336.86,-166.0,335.85,-165.49,-444.72,-513.72,-309.78,6.5495,335.1,359.83
412.21,35.47,-382.13,-221.33,399.1,-171.76,-526.11,-634.01,-364.87,4.0012,383.74,434.45
490.98,81.744,-411.88,-283.85,452.99,-163.17,-615.94,-776.9,-425.28,9.1725,443.86,521.61
564.79,143.34,-423.43,-351.77,494.99,-137.99,-711.32,-937.21,-491.55,15.576,516.93,620.49
631.38,218.77,-415.99,-423.01,523.89,-96.894,-807.55,-1107.3,-563.08,25.727,600.47,726.84
689.1,304.04,-391.28,-494.94,539.79,-42.826,-899.89,-1279.1,-640.22,42.572,686.94,832.63
736.49,392.56,-354.17,-563.71,544.43,18.614,-985.16,-1445.9,-725.15,63.88,763.97,926.49
772.24,473.99,-312.69,-623.71,541.13,78.937,-1061.7,-1603.8,-820.76,77.511,816.04,994.87
794.88,535.65,-276.88,-667.51,534.07,127.29,-1127.9,-1750.0,-929.06,69.686,827.9,1024.4
801.84,564.99,-256.01,-686.95,526.62,152.78,-1181.4,-1881.0,-1048.6,32.354,788.93,1005.0
789.24,553.39,-254.76,-675.48,519.28,148.56,-1217.7,-1989.5,-1171.9,-36.899,697.12,933.04
753.12,500.12,-270.19,-630.81,508.53,115.4,-1231.7,-2065.0,-1285.8,-132.07,560.8,813.8
691.76,413.82,-291.83,-556.54,488.08,62.282,-1218.9,-2097.1,-1374.8,-236.01,396.82,660.65
606.99,310.15,-305.55,-461.55,451.91,3.9055,-1177.6,-2080.4,-1427.4,-335.82,225.61,492.05
503.88,206.3,-299.71,-357.14,397.15,-44.938,-1111.0,-2016.9,-1440.0,-422.33,65.069,326.47
389.6,115.17,-270.1,-253.56,325.6,-75.18,-1026.2,-1916.0,-1418.2,-493.29,-73.8,177.76
272.23,42.52,-220.96,-157.77,243.34,-86.125,-931.99,-1791.5,-1373.6,-552.28,-187.93,52.725
159.41,-12.718,-162.15,-73.011,158.75,-83.921,-836.13,-1657.7,-1318.9,-605.13,-280.3,-48.641
57.232,-55.868,-104.67,0.32131,80.054,-77.562,-744.01,-1525.9,-1263.9,-655.7,-356.99,-130.62
-30.144,-92.993,-57.193,63.197,13.467,-74.182,-659.2,-1404.1,-1213.9,-704.54,-423.41,-198.22
-100.27,-128.14,-24.649,116.47,-37.413,-76.426,-584.26,-1296.6,-1169.9,-750.28,-480.86,-254.62
-152.43,-162.68,-8.3003,160.24,-71.501,-85.805,-520.95,-1205.6,-1130.7,-788.75,-527.27,-300.77
-187.62,-196.1,-6.7442,194.16,-89.752,-102.83,-470.34,-1131.0,-1093.9,-814.93,-560.07,-336.34
-207.55,-226.99,-17.236,218.57,-94.712,-124.58,-433.01,-1071.1,-1057.0,-825.84,-578.25,-361.09
-214.45,-253.15,-36.386,234.78,-89.834,-146.73,-408.99,-1022.7,-1018.1,-821.02,-582.7,-375.5
-211.86,-272.65,-60.016,244.08,-77.535,-166.89,-397.79,-981.87,-976.2,-802.05,-575.58,-380.64
-203.3,-286.83,-84.536,247.63,-60.392,-185.32,-397.23,-944.39,-931.4,-772.04,-559.47,-377.74
-191.1,-297.66,-108.33,247.14,-42.421,-201.61,-403.01,-907.27,-884.53,-734.77,-536.95,-368.48
-177.11,-304.81,-129.9,244.0,-25.17,-214.77,-409.81,-868.57,-836.65,-693.74,-510.67,-355.26
-162.67,-307.83,-147.66,238.35,-9.2227,-223.95,-412.66,-826.98,-788.17,-651.48,-482.8,-339.95
-148.12,-306.19,-159.76,230.17,3.1413,-229.04,-407.66,-781.24,-738.5,-609.29,-454.13,-322.94
-134.65,-299.23,-164.74,219.78,10.451,-229.42,-392.66,-730.04,-686.39,-567.26,-424.38,-304.21
-123.66,-286.54,-163.54,207.28,13.933,-223.89,-368.0,-672.55,-630.65,-524.68,-393.12,-283.82
-114.15,-268.3,-156.78,192.8,14.345,-212.0,-335.85,-609.07,-570.93,-480.72,-360.16,-261.99
-104.66,-245.33,-144.56,176.35,9.1252,-194.6,-298.89,-541.37,-508.29,-435.05,-325.74,-239.07
-94.156,-218.95,-128.33,157.95,1.1668,-173.57,-259.89,-472.35,-445.02,-388.34,-290.82,-215.5
-82.565,-191.03,-110.44,138.24,-1.1812,-151.17,-221.43,-405.31,-383.99,-342.16,-256.68,-191.84
-71.034,-163.56,-93.076,118.65,-1.4989,-129.28,-185.7,-343.03,-327.81,-298.15,-224.38,-168.86
-61.003,-138.03,-77.574,100.69,-1.4365,-108.98,-154.07,-287.28,-278.27,-257.48,-194.65,-147.34
-53.09,-115.24,-64.161,85.312,-1.3709,-90.614,-126.81,-238.73,-236.05,-220.89,-167.96,-127.8
-46.981,-95.612,-52.39,72.785,-1.5199,-74.169,-103.36,-197.12,-200.72,-188.82,-144.48,-110.45
-41.707,-79.202,-41.704,62.856,-2.0062,-59.712,-83.448,-161.61,-171.17,-161.44,-124.23,-95.288
-35.967,-65.69,-31.877,54.88,-2.8197,-47.413,-67.142,-131.12,-146.04,-138.67,-107.12,-82.218
-29.173,-54.469,-23.193,47.985,-3.8459,-37.359,-54.026,-104.73,-124.18,-120.18,-92.966,-71.157
-22.573,-44.923,-16.171,41.231,-4.9228,-29.394,-43.174,-81.718,-104.84,-105.39,-81.393,-61.962
-17.724,-36.576,-11.097,33.579,-5.893,-23.155,-33.647,-61.594,-87.627,-93.475,-71.797,-54.316
-14.733,-28.892,-7.7501,24.904,-6.6456,-18.214,-24.875,-44.037,-72.458,-83.503,-63.449,-47.733
-12.954,-21.567,-5.7471,18.224,-7.1448,-14.203,-16.967,-28.871,-59.45,-74.589,-55.741,-41.706
-11.852,-16.629,-4.8828,14.725,-7.4365,-11.266,-11.818,-16.129,-48.805,-66.125,-48.365,-35.943
-11.147,-14.465,-4.8126,12.917,-7.6287,-10.158,-10.665,-7.5225,-40.644,-57.951,-41.394,-30.452
-10.719,-13.101,-4.2461,11.876,-7.8437,-9.5066,-9.3846,-6.4298,-35.026,-50.492,-35.217,-25.547
-10.5,-11.941,-2.4708,11.2,-8.1639,-8.4838,-6.9166,-7.2382,-31.4,-44.963,-30.248,-21.664
-10.412,-10.852,-0.59279,10.674,-8.5964,-7.3297,-4.2311,-5.9327,-27.49,-42.344,-26.676,-18.799
-10.363,-9.7736,0.87293,10.172,-9.0793,-6.192,-1.6943,-3.7627,-22.965,-40.802,-23.996,-16.682
-10.266,-8.7013,2.0523,9.6394,-9.5207,-5.1406,0.62922,-1.4513,-18.781,-38.321,-21.742,-15.076
-10.078,-7.6854,2.9825,9.0849,-9.8418,-4.2322,2.733,0.8739,-15.33,-34.989,-19.813,-13.826
-9.8063,-6.7942,3.6208,8.5545,-10.003,-3.5017,4.633,3.2635,-12.568,-31.488,-18.179,-12.818
-9.4993,-6.0727,3.9581,8.1046,-10.013,-2.9423,6.3783,5.8221,-10.319,-28.209,-16.779,-11.956
-9.2265,-5.5248,4.0564,7.7795,-9.9186,-2.5083,8.0439,8.6714,-8.4139,-25.262,-15.534,-11.159
-9.0543,-5.1251,4.0266,7.5997,-9.7955,-2.1391,9.6994,11.907,-6.7294,-22.638,-14.373,-10.37
-9.021,-4.8385,3.985,7.5552,-9.7154,-1.7885,11.374,15.537,-5.1909,-20.308,-13.259,-9.5664
-9.1141,-4.6307,4.0133,7.6022,-9.7163,-1.4428,13.037,19.441,-3.7663,-18.252,-12.198,-8.7622
-9.262,-4.4631,4.1352,7.6668,-9.7825,-1.1206,14.61,23.388,-2.4536,-16.463,-11.232,-7.9992
-9.3457,-4.2851,4.3179,7.6553,-9.8523,-0.85275,15.995,27.121,-1.2617,-14.938,-10.409,-7.3274
-9.2374,-4.0346,4.4998,7.4745,-9.8491,-0.65476,17.132,30.471,-0.18734,-13.657,-9.7575,-6.7808
-8.8538,-3.6577,4.6292,7.0661,-9.7183,-0.51256,18.025,33.42,0.79832,-12.577,-9.267,-6.3583
-8.1965,-3.1354,4.6895,6.4383,-9.4498,-0.39003,18.743,36.105,1.7522,-11.629,-8.8875,-6.021
-7.3612,-2.4993,4.6942,5.6735,-9.0816,-0.25014,19.396,38.765,2.7528,-10.736,-8.5452,-5.7024
-6.5132,-1.8278,4.6665,4.9083,-8.6861,-0.074533,20.094,41.662,3.8896,-9.8365,-8.1684,-5.33
-5.8457,-1.2266,4.6228,4.3001,-8.3505,0.12803,20.905,44.98,5.2471,-8.9023,-7.7142,-4.848
-5.537,-0.80169,4.5698,3.9923,-8.1567,0.32544,21.834,48.734,6.8806,-7.9432,-7.1861,-4.2357
-5.7079,-0.63156,4.5082,4.0791,-8.1622,0.47561,22.825,52.755,8.7856,-7.0004,-6.632,-3.5132
-6.3738,-0.74009,4.4379,4.5654,-8.3827,0.54589,23.786,56.763,10.879,-6.129,-6.1233,-2.7332
-7.402,-1.0749,4.3615,5.3319,-8.7764,0.53314,24.632,60.51,13.015,-5.3769,-5.7245,-1.9607
-8.521,-1.4958,4.2837,6.1451,-9.2394,0.47601,25.319,63.858,15.039,-4.7643,-5.4655,-1.2481
-9.3901,-1.7823,4.2061,6.7182,-9.6163,0.44942,25.856,66.787,16.85,-4.2703,-5.3251,-0.61347
-9.6652,-1.6784,4.1169,6.7757,-9.7256,0.5389,26.288,69.357,18.421,-3.8368,-5.2362,-0.031243
-9.0821,-0.97904,3.9851,6.1101,-9.4113,0.8059,26.675,71.671,19.783,-3.3928,-5.1181,0.5537
-7.572,0.38255,3.7695,4.6643,-8.6096,1.2604,27.059,73.831,20.993,-2.8869,-4.9173,1.194
-5.3114,2.2972,3.4414,2.5784,-7.3878,1.8523,27.449,75.906,22.106,-2.3102,-4.6335,1.9078
-2.665,4.506,3.0085,0.15442,-5.9325,2.486,27.822,77.918,23.155,-1.6986,-4.3174,2.6669
-0.080462,6.6709,2.5248,-2.2294,-4.5001,3.0566,28.149,79.874,24.157,-1.1141,-4.0456,3.4093
2.0098,8.4701,2.0778,-4.2082,-3.3521,3.4925,28.419,81.789,25.129,-0.61324,-3.8838,4.0717
3.2709,9.6931,1.7567,-5.5092,-2.6811,3.7809,28.654,83.697,26.115,-0.21954,-3.8554,4.6206
3.5557,10.305,1.6142,-6.0293,-2.5383,3.9638,28.896,85.631,27.183,0.088078,-3.9304,5.0643
3.0087,10.465,1.6378,-5.9023,-2.7937,4.1097,29.181,87.605,28.391,0.36444,-4.039,5.4448
2.0923,10.48,1.746,-5.5038,-3.1722,4.285,29.519,89.612,29.748,0.67362,-4.0996,5.821
1.429,10.712,1.8225,-5.3413,-3.3628,4.5383,29.884,91.643,31.209,1.0662,-4.0457,6.2556
1.5279,11.444,1.7727,-5.8552,-3.1471,4.8962,30.234,93.711,32.695,1.5677,-3.8419,6.8034
2.5693,12.779,1.5756,-7.2249,-2.4892,5.3622,30.527,95.856,34.144,2.1787,-3.4877,7.498
4.3458,14.616,1.3028,-9.3092,-1.567,5.9209,30.742,98.129,35.55,2.8866,-3.0076,8.3475
6.3887,16.701,1.0912,-11.775,-0.71901,6.5439,30.885,100.57,36.975,3.6813,-2.4318,9.3425
8.182,18.694,1.0813,-14.203,-0.30285,7.194,30.988,103.18,38.524,4.5638,-1.7859,10.462
9.252,20.248,1.3532,-16.07,-0.5281,7.83,31.091,105.97,40.279,5.538,-1.1023,11.664
9.2901,21.183,1.8862,-16.991,-1.3461,8.4186,31.231,108.95,42.26,6.5995,-0.43448,12.887
8.4263,21.61,2.5592,-17.079,-2.4576,8.9498,31.426,112.1,44.402,7.7383,0.1573,14.07
7.2811,21.896,3.1927,-16.891,-3.4283,9.4475,31.676,115.41,46.596,8.9526,0.651,15.189
6.6924,22.491,3.6243,-17.102,-3.855,9.9645,31.966,118.84,48.729,10.249,1.0956,16.276
7.3174,23.714,3.785,-18.214,-3.5208,10.561,32.285,122.35,50.736,11.628,1.5936,17.426
9.3217,25.644,3.7276,-20.349,-2.4854,11.278,32.639,125.93,52.629,13.079,2.2509,18.776
12.355,28.134,3.5895,-23.26,-1.0591,12.128,33.065,129.67,54.493,14.604,3.1401,20.479
15.835,30.909,3.5191,-26.544,0.33568,13.091,33.619,133.66,56.452,16.239,4.3034,22.653
19.268,33.667,3.6087,-29.818,1.3396,14.115,34.357,138.0,58.611,18.046,5.7732,25.325
22.376,36.131,3.8603,-32.76,1.7803,15.125,35.305,142.75,61.018,20.069,7.5702,28.394
25.093,38.092,4.1898,-35.125,1.706,16.039,36.439,147.89,63.652,22.295,9.6705,31.652
27.489,39.448,4.4655,-36.818,1.3419,16.796,37.692,153.32,66.447,24.653,11.983,34.872
29.716,40.3,4.5719,-37.974,0.99815,17.396,38.973,158.92,69.319,27.056,14.388,37.901
32.002,40.972,4.468,-38.951,0.96358,17.923,40.197,164.56,72.19,29.427,16.798,40.684
34.579,41.889,4.2056,-40.158,1.4062,18.525,41.302,170.17,74.993,31.696,19.19,43.23
37.541,43.368,3.9002,-41.85,2.3308,19.358,42.246,175.68,77.68,33.777,21.555,45.557
40.811,45.495,3.6768,-44.068,3.6164,20.504,43.006,181.09,80.225,35.584,23.853,47.669
44.197,48.136,3.6218,-46.685,5.0771,21.93,43.569,186.36,82.613,37.06,26.004,49.559
47.412,51.01,3.7552,-49.434,6.5333,23.494,43.934,191.53,84.846,38.209,27.945,51.228
50.179,53.787,4.0338,-51.986,7.8766,25.011,44.113,196.62,86.936,39.096,29.677,52.707
52.387,56.192,4.3803,-54.088,9.0569,26.344,44.135,201.71,88.917,39.826,31.271,54.056
54.113,58.121,4.7253,-55.677,10.044,27.456,44.043,206.89,90.849,40.512,32.846,55.358
55.492,59.689,5.0386,-56.86,10.853,28.446,43.891,212.25,92.831,41.251,34.54,56.704
56.608,61.206,5.3291,-57.826,11.579,29.526,43.729,217.84,94.985,42.099,36.475,58.188
57.484,63.146,5.6207,-58.844,12.378,30.96,43.592,223.71,97.414,43.069,38.697,59.905
58.201,66.042,5.9275,-60.314,13.396,32.972,43.483,229.78,100.14,44.122,41.13,61.968
58.978,70.166,6.2389,-62.709,14.684,35.61,43.366,235.88,103.05,45.184,43.584,64.507
60.125,75.136,6.5212,-66.224,16.206,38.636,43.184,241.79,105.94,46.166,45.848,67.606
61.873,80.13,6.7377,-70.478,17.894,41.651,42.875,247.26,108.59,46.998,47.787,71.207
64.245,84.59,6.8792,-74.83,19.694,44.391,42.394,252.13,110.84,47.65,49.387,75.1
67.129,88.497,6.982,-78.934,21.553,46.824,41.726,256.37,112.64,48.134,50.722,79.061
70.457,92.158,7.114,-82.853,23.438,49.07,40.886,260.02,114.05,48.503,51.921,82.985
74.276,95.958,7.337,-86.856,25.351,51.299,39.914,263.23,115.17,48.829,53.118,86.904
78.657,100.22,7.6708,-91.22,27.341,53.656,38.865,266.11,116.13,49.175,54.426,90.912
83.577,105.11,8.0798,-96.117,29.47,56.218,37.793,268.81,117.04,49.579,55.9,95.109
88.928,110.6,8.4879,-101.56,31.778,58.979,36.726,271.38,117.95,50.034,57.534,99.56
94.641,116.49,8.8142,-107.37,34.265,61.859,35.654,273.83,118.89,50.493,59.269,104.27
100.72,122.44,9.007,-113.29,36.892,64.743,34.533,276.15,119.8,50.891,61.017,109.17
107.09,128.14,9.0558,-119.07,39.591,67.538,33.306,278.28,120.64,51.17,62.699,114.13
113.53,133.43,8.9798,-124.59,42.288,70.202,31.921,280.16,121.36,51.294,64.272,119.05
119.8,138.3,8.8079,-129.88,44.945,72.754,30.35,281.78,121.92,51.261,65.748,123.86
125.81,142.93,8.5653,-135.05,47.586,75.255,28.591,283.12,122.32,51.104,67.18,128.55
131.6,147.58,8.2696,-140.28,50.271,77.775,26.654,284.21,122.54,50.868,68.64,133.18
137.22,152.49,7.9323,-145.68,53.048,80.339,24.551,285.05,122.56,50.592,70.171,137.82
142.66,157.7,7.5575,-151.2,55.912,82.879,22.279,285.64,122.31,50.278,71.759,142.51
147.82,162.98,7.1453,-156.6,58.787,85.234,19.827,285.95,121.71,49.891,73.329,147.24
152.52,167.88,6.7027,-161.52,61.531,87.233,17.205,285.95,120.65,49.368,74.775,151.9
156.57,172.06,6.257,-165.69,63.97,88.808,14.457,285.6,119.06,48.65,76.019,156.33
159.91,175.5,5.8518,-169.09,66.002,90.029,11.666,284.86,116.87,47.701,77.042,160.43
162.72,178.41,5.5219,-171.94,67.681,91.043,8.9325,283.68,114.05,46.524,77.888,164.19
165.31,181.1,5.2682,-174.55,69.2,91.994,6.3314,282.03,110.63,45.152,78.633,167.68
167.99,183.77,5.055,-177.17,70.796,92.965,3.895,279.82,106.65,43.641,79.345,170.97
170.96,186.48,4.8271,-179.91,72.664,93.97,1.6113,276.99,102.25,42.062,80.066,174.08
174.26,189.11,4.5315,-182.71,74.886,94.971,-0.56194,273.52,97.589,40.482,80.799,176.98
177.74,191.54,4.1332,-185.42,77.404,95.919,-2.6805,269.38,92.836,38.934,81.523,179.63
181.16,193.65,3.6264,-187.89,80.034,96.784,-4.8018,264.49,88.102,37.398,82.199,182.01
184.26,195.44,3.0379,-190.02,82.536,97.562,-6.9786,258.75,83.452,35.806,82.796,184.14
186.92,196.97,2.4216,-191.82,84.715,98.263,-9.2539,252.02,78.906,34.064,83.295,186.08
189.12,198.33,1.8418,-193.35,86.493,98.887,-11.657,244.23,74.449,32.089,83.694,187.9
190.98,199.58,1.3543,-194.7,87.922,99.419,-14.2,235.44,70.048,29.836,83.994,189.64
192.63,200.73,0.99377,-195.94,89.103,99.823,-16.867,225.84,65.669,27.321,84.194,191.31
194.09,201.73,0.7684,-197.04,90.087,100.07,-19.608,215.69,61.284,24.623,84.286,192.87
195.19,202.46,0.65141,-197.87,90.779,100.13,-22.346,205.24,56.86,21.864,84.251,194.26
195.67,202.79,0.57913,-198.28,90.959,99.987,-24.992,194.69,52.327,19.16,84.065,195.35
195.33,202.64,0.4717,-198.17,90.473,99.639,-27.468,184.14,47.568,16.591,83.703,196.0
194.24,201.95,0.27289,-197.54,89.414,99.067,-29.714,173.61,42.443,14.206,83.149,196.1
192.6,200.72,-0.015977,-196.42,88.036,98.25,-31.687,163.09,36.902,12.05,82.387,195.59
190.49,198.89,-0.32861,-194.8,86.509,97.165,-33.354,152.58,31.103,10.175,81.417,194.4
187.84,196.38,-0.55646,-192.55,84.805,95.794,-34.685,142.09,25.453,8.6191,80.261,192.48
184.43,193.05,-0.59312,-189.52,82.769,94.124,-35.656,131.72,20.406,7.3972,78.955,189.76
180.07,188.8,-0.37844,-185.56,80.245,92.14,-36.254,121.59,16.222,6.4944,77.53,186.13
174.62,183.58,0.07708,-180.56,77.171,89.831,-36.476,111.88,12.899,5.8735,75.993,181.49
168.15,177.49,0.69571,-174.56,73.624,87.214,-36.336,102.82,10.272,5.4687,74.318,175.87
160.97,170.78,1.3582,-167.78,69.813,84.348,-35.86,94.593,8.1374,5.1962,72.47,169.47
153.57,163.75,1.9392,-160.61,65.999,81.3,-35.086,87.31,6.3262,4.9674,70.433,162.69
146.48,156.71,2.3404,-153.49,62.399,78.1,-34.05,80.978,4.7336,4.7104,68.22,155.88
140.09,149.94,2.5108,-146.8,59.14,74.733,-32.784,75.451,3.3119,4.3872,65.856,149.21
134.48,143.58,2.4517,-140.75,56.26,71.161,-31.305,70.405,2.0454,3.9969,63.339,142.65
129.48,137.6,2.2053,-135.29,53.698,67.357,-29.621,65.418,0.92742,3.5639,60.624,135.96
124.63,131.78,1.8345,-130.09,51.293,63.337,-27.742,60.123,-0.054043,3.1244,57.63,128.93
119.36,125.75,1.4001,-124.69,48.866,59.172,-25.699,54.362,-0.92112,2.7201,54.276,121.42
113.25,119.23,0.94066,-118.66,46.37,54.951,-23.552,48.229,-1.7078,2.3897,50.54,113.54
106.19,112.1,0.46592,-111.89,43.901,50.727,-21.383,41.972,-2.4584,2.1542,46.505,105.6
98.568,104.5,-0.02988,-104.55,41.578,46.502,-19.269,35.841,-3.2212,2.0006,42.324,97.925
91.022,96.637,-0.5608,-97.009,39.482,42.231,-17.272,29.987,-4.0385,1.8784,38.132,90.7
84.145,88.745,-1.162,-89.579,37.638,37.86,-15.435,24.486,-4.9363,1.716,33.967,83.937
78.201,80.957,-1.8927,-82.463,35.992,33.371,-13.782,19.393,-5.921,1.4488,29.76,77.514
73.118,73.32,-2.8075,-75.72,34.42,28.827,-12.318,14.778,-6.9857,1.0433,25.364,71.26
68.62,65.816,-3.9203,-69.281,32.764,24.37,-11.036,10.7,-8.1091,0.50185,20.594,65.027
64.374,58.438,-5.1915,-63.034,30.869,20.156,-9.9285,7.1726,-9.2694,-0.14908,15.353,58.791
60.105,51.296,-6.5388,-56.946,28.615,16.279,-8.9923,4.1569,-10.454,-0.87449,9.8715,52.703
55.634,44.581,-7.862,-51.116,25.956,12.749,-8.2254,1.5688,-11.666,-1.6423,4.803,46.949
50.828,38.329,-9.0751,-45.619,22.932,9.5186,-7.6233,-0.69669,-12.929,-2.4323,0.77036,41.5
45.57,32.337,-10.137,-40.322,19.668,6.5481,-7.1718,-2.7455,-14.28,-3.2289,-2.1439,36.099
39.83,26.429,-11.066,-34.97,16.367,3.8309,-6.8398,-4.6676,-15.74,-4.0198,-4.2458,30.522
33.754,20.702,-11.933,-29.41,13.292,1.3931,-6.5799,-6.5237,-17.294,-4.7913,-5.855,24.771
27.625,15.408,-12.814,-23.68,10.674,-0.7309,-6.3405,-8.3388,-18.878,-5.5255,-7.1711,19.057
21.731,10.747,-13.738,-17.967,8.614,-2.5333,-6.0837,-10.105,-20.4,-6.2052,-8.299,13.695
16.309,6.7936,-14.67,-12.6,7.0577,-4.052,-5.7979,-11.795,-21.775,-6.8206,-9.2972,9.0135
11.57,3.5208,-15.536,-7.9633,5.8606,-5.3538,-5.4962,-13.382,-22.966,-7.3739,-10.207,5.2178
7.6642,0.81172,-16.266,-4.2688,4.8561,-6.4993,-5.204,-14.849,-23.986,-7.8772,-11.063,2.2914
4.5495,-1.4899,-16.806,-1.4159,3.9001,-7.5238,-4.9441,-16.201,-24.892,-8.3462,-11.889,0.052919
2.0009,-3.5032,-17.13,0.85319,2.8965,-8.4406,-4.7298,-17.46,-25.756,-8.7932,-12.699,-1.7052
-0.18756,-5.2686,-17.253,2.7211,1.8218,-9.253,-4.5677,-18.658,-26.649,-9.2254,-13.494,-3.1379
-2.0435,-6.76,-17.247,4.216,0.744,-9.9669,-4.4671,-19.837,-27.632,-9.6465,-14.277,-4.3438
-3.4312,-7.9248,-17.215,5.2681,-0.18973,-10.596,-4.4449,-21.037,-28.746,-10.061,-15.052,-5.387
-4.1877,-8.7257,-17.256,5.8103,-0.81203,-11.159,-4.5211,-22.286,-30.002,-10.477,-15.83,-6.3143
-4.2707,-9.1738,-17.428,5.8606,-1.0212,-11.67,-4.7086,-23.584,-31.372,-10.904,-16.619,-7.1601
-3.8226,-9.3495,-17.735,5.5565,-0.8416,-12.141,-5.0056,-24.896,-32.797,-11.349,-17.415,-7.9461
-3.1351,-9.4026,-18.139,5.1301,-0.42274,-12.579,-5.3955,-26.157,-34.199,-11.809,-18.196,-8.682
-2.5624,-9.5275,-18.576,4.8493,0.010698,-13.005,-5.853,-27.29,-35.51,-12.274,-18.928,-9.3695
-2.434,-9.9239,-18.977,4.9595,0.22191,-13.464,-6.3513,-28.225,-36.686,-12.722,-19.574,-10.007
-2.9829,-10.746,-19.297,5.6334,0.023926,-14.011,-6.865,-28.919,-37.706,-13.131,-20.107,-10.59
-4.2716,-12.054,-19.529,6.9137,-0.65466,-14.683,-7.3681,-29.363,-38.558,-13.479,-20.515,-11.112
-6.1332,-13.774,-19.704,8.6676,-1.7219,-15.474,-7.8345,-29.58,-39.23,-13.748,-20.797,-11.557
-8.1897,-15.7,-19.882,10.601,-2.9315,-16.332,-8.2442,-29.624,-39.715,-13.933,-20.961,-11.913
-9.9577,-17.527,-20.136,12.335,-3.9514,-17.168,-8.5916,-29.569,-40.016,-14.045,-21.015,-12.172
-11.006,-18.932,-20.525,13.516,-4.4787,-17.879,-8.8846,-29.486,-40.148,-14.102,-20.964,-12.336
-11.112,-19.675,-21.053,13.918,-4.3648,-18.369,-9.1358,-29.419,-40.126,-14.115,-20.802,-12.41
-10.339,-19.685,-21.637,13.532,-3.6827,-18.577,-9.3527,-29.369,-39.956,-14.08,-20.521,-12.398
-9.0107,-19.072,-22.115,12.567,-2.7013,-18.486,-9.5338,-29.307,-39.631,-13.986,-20.115,-12.302
-7.597,-18.083,-22.3,11.38,-1.7874,-18.12,-9.67,-29.181,-39.132,-13.818,-19.589,-12.126
-6.5574,-17.017,-22.035,10.356,-1.2771,-17.542,-9.7523,-28.949,-38.442,-13.571,-18.962,-11.878
-6.1821,-16.134,-21.252,9.7598,-1.3583,-16.833,-9.7812,-28.592,-37.56,-13.255,-18.268,-11.577
-6.4994,-15.566,-20.011,9.6523,-2.0048,-16.078,-9.7703,-28.129,-36.51,-12.894,-17.548,-11.245
-7.2937,-15.283,-18.487,9.897,-2.9949,-15.338,-9.7374,-27.606,-35.346,-12.517,-16.841,-10.906
-8.1972,-15.126,-16.909,10.239,-4.0057,-14.636,-9.6936,-27.077,-34.132,-12.147,-16.171,-10.574
-8.8132,-14.88,-15.457,10.4,-4.7285,-13.968,-9.6379,-26.581,-32.93,-11.796,-15.542,-10.261
-8.8559,-14.362,-14.196,10.172,-4.9704,-13.302,-9.5636,-26.135,-31.782,-11.466,-14.953,-9.9706
-8.2597,-13.512,-13.068,9.5083,-4.7272,-12.599,-9.4664,-25.734,-30.707,-11.156,-14.404,-9.7126
-7.2121,-12.431,-11.941,8.5457,-4.1931,-11.851,-9.3484,-25.355,-29.702,-10.865,-13.907,-9.4934
-6.0907,-11.344,-10.661,7.5548,-3.6762,-11.096,-9.2147,-24.966,-28.74,-10.59,-13.476,-9.3107
-5.3138,-10.505,-9.1451,6.8412,-3.4559,-10.406,-9.0685,-24.538,-27.783,-10.324,-13.118,-9.1491
-5.1686,-10.097,-7.495,6.6288,-3.6711,-9.8437,-8.9127,-24.051,-26.797,-10.061,-12.833,-8.985
-5.7233,-10.175,-5.9552,6.9828,-4.2965,-9.4414,-8.7565,-23.502,-25.778,-9.8033,-12.61,-8.799
-6.846,-10.656,-4.7016,7.8035,-5.1931,-9.1875,-8.6185,-22.91,-24.755,-9.5587,-12.44,-8.5836
-8.275,-11.36,-3.7568,8.8727,-6.179,-9.0268,-8.5175,-22.292,-23.772,-9.335,-12.304,-8.3407
-9.697,-12.047,-3.053,9.9244,-7.0777,-8.8673,-8.4591,-21.657,-22.859,-9.132,-12.182,-8.074
-10.817,-12.477,-2.4918,10.71,-7.7491,-8.6034,-8.4305,-20.999,-22.018,-8.9421,-12.052,-7.7856
-11.417,-12.472,-1.9795,11.047,-8.1192,-8.1524,-8.4092,-20.31,-21.237,-8.7602,-11.902,-7.4801
-11.4,-11.961,-1.4575,10.857,-8.1929,-7.4868,-8.3784,-19.59,-20.51,-8.5906,-11.732,-7.1687
-10.813,-10.997,-0.9159,10.182,-8.0331,-6.6426,-8.3372,-18.862,-19.85,-8.4466,-11.558,-6.8676
-9.8179,-9.7299,-0.37692,9.1653,-7.727,-5.7013,-8.2997,-18.153,-19.283,-8.3424,-11.395,-6.5897
-8.6325,-8.3388,0.13464,7.9967,-7.3584,-4.7533,-8.2821,-17.49,-18.827,-8.2842,-11.25,-6.3343
-7.4585,-6.9746,0.61018,6.848,-6.9952,-3.8611,-8.2898,-16.879,-18.477,-8.2658,-11.115,-6.0839
-6.4413,-5.7206,1.0636,5.8316,-6.6896,-3.0417,-8.3101,-16.305,-18.198,-8.2718,-10.967,-5.8105
-5.664,-4.5946,1.5297,4.9972,-6.4837,-2.2733,-8.3178,-15.737,-17.935,-8.2861,-10.782,-5.488
-5.1668,-3.5821,2.0513,4.3562,-6.4136,-1.5207,-8.2891,-15.141,-17.635,-8.2989,-10.545,-5.1035
-4.9676,-2.6761,2.6566,3.9103,-6.5086,-0.76337,-8.215,-14.499,-17.263,-8.3105,-10.259,-4.6635
-5.064,-1.9013,3.3391,3.6661,-6.7794,-0.0127,-8.1054,-13.815,-16.815,-8.3287,-9.9517,-4.1928
-5.4203,-1.3103,4.0509,3.6302,-7.203,0.68718,-7.9832,-13.119,-16.319,-8.3637,-9.6607,-3.7281
-5.9541,-0.95794,4.7124,3.7909,-7.712,1.2729,-7.8772,-12.452,-15.824,-8.4246,-9.4224,-3.308
-6.539,-0.87181,5.2322,4.1029,-8.2014,1.6824,-7.8176,-11.856,-15.384,-8.5185,-9.2571,-2.9627
-7.0333,-1.0372,5.5319,4.4892,-8.5551,1.8762,-7.8317,-11.37,-15.055,-8.6501,-9.1623,-2.704
-7.3286,-1.3991,5.573,4.8636,-8.6871,1.8545,-7.9373,-11.015,-14.872,-8.8191,-9.1172,-2.5209
-7.3889,-1.8775,5.3771,5.1598,-8.5781,1.6603,-8.1361,-10.791,-14.839,-9.0207,-9.0949,-2.3853
-7.2592,-2.391,5.0255,5.351,-8.2867,1.3628,-8.4176,-10.675,-14.939,-9.2506,-9.0782,-2.2673
-7.0472,-2.8846,4.6343,5.4561,-7.93,1.0259,-8.7715,-10.638,-15.141,-9.5131,-9.0728,-2.154
-6.8878,-3.3466,4.3124,5.5323,-7.6412,0.6828,-9.2,-10.662,-15.425,-9.8238,-9.1085,-2.0607
-6.8992,-3.7999,4.1238,5.6522,-7.5242,0.33478,-9.7153,-10.742,-15.789,-10.201,-9.2251,-2.0245
-7.1447,-4.272,4.0746,5.8734,-7.6219,-0.024997,-10.326,-10.888,-16.237,-10.65,-9.4495,-2.0829
-7.6136,-4.7681,4.1282,6.2148,-7.9115,-0.3896,-11.023,-11.109,-16.764,-11.156,-9.778,-2.2508
-8.2293,-5.2676,4.2286,6.6523,-8.3194,-0.741,-11.78,-11.408,-17.349,-11.685,-10.176,-2.5113
-8.8749,-5.745,4.3137,7.1312,-8.7452,-1.0701,-12.566,-11.779,-17.966,-12.204,-10.594,-2.8257
-9.425,-6.1887,4.3239,7.5852,-9.0872,-1.3885,-13.364,-12.22,-18.596,-12.698,-10.991,-3.1536
-9.7738,-6.5994,4.2157,7.9506,-9.2654,-1.7209,-14.179,-12.727,-19.24,-13.178,-11.352,-3.4704
-9.8585,-6.9741,3.9763,8.1777,-9.2399,-2.0847,-15.023,-13.297,-19.907,-13.671,-11.686,-3.771
-9.6724,-7.2916,3.6318,8.2372,-9.0189,-2.4695,-15.899,-13.915,-20.598,-14.199,-12.011,-4.0611
-9.2676,-7.5119,3.2421,8.1278,-8.653,-2.8289,-16.776,-14.545,-21.285,-14.758,-12.337,-4.3421
-8.7385,-7.5913,2.8821,7.8787,-8.2165,-3.0914,-17.584,-15.133,-21.903,-15.302,-12.647,-4.5985
-8.1964,-7.5036,2.6152,7.5469,-7.7842,-3.1908,-18.235,-15.615,-22.372,-15.755,-12.906,-4.7981
-7.7489,-7.2622,2.4703,7.2136,-7.4157,-3.0981,-18.665,-15.947,-22.636,-16.047,-13.073,-4.9083
-7.4942,-6.9312,2.4332,6.9806,-7.1527,-2.8386,-18.867,-16.131,-22.703,-16.157,-13.132,-4.9182
-7.5135,-6.6139,2.463,6.9485,-7.0249,-2.4867,-18.911,-16.222,-22.656,-16.135,-13.105,-4.852
-7.8391,-6.4135,2.5198,7.1658,-7.0481,-2.1392,-18.907,-16.311,-22.616,-16.073,-13.041,-4.7645
-8.4123,-6.3771,2.5862,7.5769,-7.21,-1.874,-18.961,-16.485,-22.7,-16.066,-13.002,-4.7211
-9.0648,-6.4445,2.6676,8.0195,-7.4503,-1.7098,-19.128,-16.804,-22.975,-16.176,-13.027,-4.7668
-9.5399,-6.4399,2.7786,8.269,-7.6564,-1.5917,-19.387,-17.275,-23.434,-16.417,-13.122,-4.9036
-9.5572,-6.1281,2.9284,8.0926,-7.6895,-1.4173,-19.65,-17.857,-24.012,-16.757,-13.252,-5.0902
-8.9219,-5.3264,3.1136,7.3301,-7.4391,-1.0927,-19.802,-18.473,-24.603,-17.131,-13.367,-5.2658
-7.6288,-4.016,3.3167,5.9875,-6.8771,-0.58639,-19.755,-19.04,-25.111,-17.464,-13.421,-5.3802
-5.891,-2.3832,3.5073,4.2734,-6.079,0.044925,-19.485,-19.496,-25.485,-17.708,-13.397,-5.4147
-4.0786,-0.76474,3.6448,2.5421,-5.1997,0.67301,-19.035,-19.824,-25.734,-17.857,-13.316,-5.3853
-2.5948,0.47168,3.6859,1.1757,-4.4185,1.1458,-18.494,-20.051,-25.912,-17.947,-13.227,-5.3335
-1.7474,1.0504,3.5984,0.46189,-3.8808,1.3431,-17.957,-20.234,-26.09,-18.029,-13.184,-5.3084
-1.6688,0.86841,3.3768,0.51518,-3.6606,1.2183,-17.495,-20.435,-26.317,-18.142,-13.227,-5.35
-2.2989,0.016787,3.05,1.2577,-3.7517,0.81361,-17.137,-20.692,-26.605,-18.298,-13.367,-5.4752
-3.4204,-1.2538,2.6754,2.4547,-4.0812,0.24154,-16.866,-21.012,-26.92,-18.478,-13.587,-5.6729
-4.7292,-2.6161,2.3221,3.7917,-4.5356,-0.35992,-16.638,-21.374,-27.201,-18.649,-13.847,-5.9124
-5.9255,-3.772,2.0493,4.9717,-4.9928,-0.88101,-16.414,-21.744,-27.399,-18.789,-14.108,-6.1625
-6.8017,-4.5498,1.8878,5.8003,-5.3577,-1.2765,-16.184,-22.106,-27.507,-18.905,-14.341,-6.4101
-7.2941,-4.9528,1.8307,6.2322,-5.591,-1.5642,-15.976,-22.471,-27.57,-19.031,-14.546,-6.6669
-7.4744,-5.124,1.8393,6.3562,-5.7113,-1.7935,-15.847,-22.874,-27.669,-19.213,-14.743,-6.9596
-7.4812,-5.2399,1.8609,6.3231,-5.7692,-2.0192,-15.849,-23.353,-27.885,-19.494,-14.96,-7.314
-7.4377,-5.427,1.8461,6.2689,-5.8101,-2.2919,-16.008,-23.933,-28.274,-19.897,-15.219,-7.743
-7.4004,-5.749,1.7574,6.2746,-5.8442,-2.6482,-16.303,-24.617,-28.846,-20.419,-15.532,-8.2415
-7.35,-6.211,1.5704,6.3526,-5.837,-3.0967,-16.678,-25.384,-29.571,-21.038,-15.894,-8.7891
-7.2169,-6.756,1.2755,6.4537,-5.7253,-3.6166,-17.061,-26.195,-30.383,-21.719,-16.294,-9.3569
-6.9343,-7.2854,0.88328,6.5028,-5.4572,-4.1672,-17.401,-27.01,-31.2,-22.424,-16.72,-9.9185
-6.4937,-7.7081,0.42957,6.4527,-5.0335,-4.7014,-17.673,-27.799,-31.947,-23.115,-17.161,-10.458
-5.9729,-7.991,-0.027718,6.3222,-4.5224,-5.179,-17.885,-28.55,-32.571,-23.75,-17.605,-10.973
-5.5238,-8.1856,-0.42214,6.202,-4.0456,-5.5797,-18.06,-29.266,-33.055,-24.277,-18.037,-11.468
-5.3411,-8.4218,-0.69766,6.2387,-3.7507,-5.9137,-18.214,-29.951,-33.416,-24.648,-18.442,-11.954
-5.6197,-8.8692,-0.82364,6.6013,-3.7777,-6.2212,-18.348,-30.599,-33.684,-24.83,-18.808,-12.435
-6.491,-9.671,-0.80352,7.424,-4.2151,-6.5587,-18.453,-31.185,-33.894,-24.83,-19.132,-12.912
-7.9467,-10.876,-0.67978,8.7336,-5.051,-6.9743,-18.519,-31.677,-34.08,-24.691,-19.417,-13.377
-9.7925,-12.399,-0.52937,10.398,-6.1485,-7.4815,-18.54,-32.052,-34.276,-24.482,-19.667,-13.816
-11.676,-14.033,-0.43864,12.139,-7.2716,-8.0464,-18.515,-32.321,-34.52,-24.279,-19.888,-14.218
-13.186,-15.493,-0.46271,13.605,-8.159,-8.5929,-18.453,-32.53,-34.839,-24.144,-20.083,-14.576
-13.974,-16.484,-0.59439,14.486,-8.6118,-9.0196,-18.366,-32.747,-35.243,-24.108,-20.249,-14.893
-13.872,-16.789,-0.76465,14.594,-8.5584,-9.2259,-18.256,-33.027,-35.718,-24.165,-20.376,-15.171
-12.956,-16.344,-0.87339,13.94,-8.0745,-9.1483,-18.112,-33.395,-36.23,-24.275,-20.447,-15.415
-11.528,-15.281,-0.8302,12.733,-7.357,-8.7923,-17.915,-33.828,-36.736,-24.376,-20.45,-15.628
-10.018,-13.893,-0.58686,11.331,-6.6587,-8.2419,-17.649,-34.273,-37.205,-24.406,-20.382,-15.816
-8.8461,-12.55,-0.15417,10.124,-6.2033,-7.6358,-17.302,-34.655,-37.609,-24.325,-20.25,-15.985
-8.2866,-11.57,0.40066,9.4023,-6.1125,-7.1172,-16.865,-34.896,-37.922,-24.115,-20.062,-16.131
-8.3993,-11.124,0.97758,9.2713,-6.3801,-6.7796,-16.326,-34.928,-38.102,-23.767,-19.821,-16.231
-9.0476,-11.193,1.4795,9.6432,-6.9004,-6.636,-15.67,-34.698,-38.094,-23.264,-19.517,-16.252
-9.9773,-11.611,1.8425,10.305,-7.521,-6.6266,-14.892,-34.187,-37.842,-22.593,-19.14,-16.156
-10.921,-12.145,2.0459,11.018,-8.0815,-6.6594,-14.007,-33.42,-37.323,-21.768,-18.688,-15.932
-11.676,-12.601,2.1043,11.606,-8.4471,-6.6613,-13.052,-32.47,-36.567,-20.846,-18.178,-15.601
-12.127,-12.884,2.0503,11.976,-8.5521,-6.6119,-12.083,-31.45,-35.668,-19.915,-17.653,-15.217
-12.242,-12.998,1.9188,12.114,-8.418,-6.5465,-11.168,-30.479,-34.758,-19.067,-17.166,-14.847
-12.065,-13.009,1.7383,12.056,-8.1238,-6.5277,-10.368,-29.656,-33.963,-18.365,-16.761,-14.546
-11.682,-12.98,1.5258,11.858,-7.7498,-6.6029,-9.7249,-29.033,-33.367,-17.834,-16.458,-14.345
-11.174,-12.938,1.2862,11.571,-7.3407,-6.7759,-9.2541,-28.607,-32.978,-17.461,-16.253,-14.244
-10.601,-12.866,1.0196,11.225,-6.9085,-7.0088,-8.9391,-28.338,-32.737,-17.215,-16.127,-14.218
-10.007,-12.739,0.73503,10.841,-6.4618,-7.2488,-8.7365,-28.161,-32.546,-17.052,-16.061,-14.228
-9.4407,-12.563,0.45779,10.452,-6.0318,-7.4566,-8.5876,-28.014,-32.306,-16.935,-16.034,-14.24
-8.9713,-12.385,0.22332,10.109,-5.6771,-7.6219,-8.4379,-27.854,-31.958,-16.833,-16.038,-14.232
-8.6845,-12.287,0.060141,9.8908,-5.4667,-7.7645,-8.2559,-27.672,-31.496,-16.734,-16.069,-14.202
-8.663,-12.363,-0.025774,9.8786,-5.4515,-7.9241,-8.0434,-27.487,-30.966,-16.64,-16.13,-14.169
-8.9514,-12.677,-0.054869,10.13,-5.6412,-8.1421,-7.8296,-27.331,-30.439,-16.563,-16.222,-14.161
-9.5284,-13.244,-0.062875,10.647,-5.9978,-8.4403,-7.6534,-27.229,-29.97,-16.505,-16.338,-14.196
-10.308,-14.01,-0.080855,11.369,-6.449,-8.8065,-7.5417,-27.183,-29.574,-16.453,-16.455,-14.274
-11.163,-14.872,-0.11899,12.188,-6.9117,-9.1957,-7.4988,-27.171,-29.216,-16.381,-16.544,-14.374
-11.968,-15.709,-0.16418,12.987,-7.3177,-9.5493,-7.5117,-27.159,-28.841,-16.274,-16.587,-14.47
-12.623,-16.422,-0.19158,13.668,-7.6292,-9.8202,-7.566,-27.128,-28.409,-16.14,-16.591,-14.545
-13.08,-16.951,-0.17919,14.173,-7.8426,-9.9887,-7.6585,-27.083,-27.926,-16.016,-16.588,-14.604
-13.34,-17.281,-0.11362,14.488,-7.9797,-10.059,-7.7951,-27.049,-27.439,-15.943,-16.622,-14.67
-13.44,-17.419,0.01373,14.631,-8.0729,-10.043,-7.9779,-27.056,-27.006,-15.939,-16.72,-14.765
-13.431,-17.377,0.21072,14.633,-8.1481,-9.9402,-8.1903,-27.108,-26.66,-15.989,-16.874,-14.893
-13.352,-17.153,0.48169,14.517,-8.2117,-9.7323,-8.3925,-27.176,-26.387,-16.038,-17.042,-15.038
-13.211,-16.744,0.82008,14.284,-8.2508,-9.3936,-8.5305,-27.206,-26.129,-16.018,-17.157,-15.165
-13.002,-16.165,1.2043,13.937,-8.2506,-8.9173,-8.5583,-27.139,-25.82,-15.877,-17.165,-15.239
-12.743,-15.484,1.6025,13.516,-8.2145,-8.3356,-8.4575,-26.948,-25.42,-15.61,-17.049,-15.247
-12.495,-14.811,1.9839,13.107,-8.1711,-7.7178,-8.2412,-26.638,-24.927,-15.256,-16.836,-15.195
-12.346,-14.253,2.3299,12.801,-8.1603,-7.1396,-7.94,-26.239,-24.374,-14.866,-16.575,-15.103
-12.346,-13.856,2.6382,12.638,-8.2082,-6.6468,-7.5837,-25.774,-23.797,-14.476,-16.313,-14.986
-12.463,-13.57,2.9183,12.571,-8.3052,-6.2352,-7.1913,-25.248,-23.223,-14.09,-16.071,-14.85
-12.583,-13.281,3.179,12.486,-8.402,-5.8641,-6.7723,-24.652,-22.671,-13.69,-15.846,-14.689
-12.56,-12.865,3.4155,12.253,-8.4272,-5.492,-6.334,-23.981,-22.155,-13.259,-15.622,-14.501
-12.278,-12.263,3.6047,11.787,-8.3161,-5.1115,-5.8915,-23.248,-21.693,-12.797,-15.385,-14.296
-11.698,-11.504,3.7096,11.086,-8.0351,-4.7604,-5.4724,-22.498,-21.309,-12.331,-15.134,-14.095
-10.865,-10.701,3.6897,10.232,-7.5909,-4.507,-5.1152,-21.789,-21.03,-11.904,-14.886,-13.93
-9.8947,-10.004,3.5133,9.3627,-7.0235,-4.4207,-4.8607,-21.177,-20.871,-11.556,-14.666,-13.826
-8.9313,-9.5429,3.169,8.6219,-6.3907,-4.5441,-4.7398,-20.692,-20.827,-11.309,-14.5,-13.794
-8.1114,-9.3969,2.674,8.1248,-5.7558,-4.8774,-4.7601,-20.333,-20.869,-11.158,-14.397,-13.825
-7.537,-9.5811,2.0759,7.9347,-5.179,-5.3794,-4.8991,-20.064,-20.951,-11.069,-14.351,-13.893
-7.2664,-10.058,1.4423,8.0603,-4.7135,-5.9838,-5.1088,-19.833,-21.021,-10.996,-14.339,-13.965
-7.3178,-10.766,0.84315,8.4719,-4.4041,-6.6227,-5.3339,-19.587,-21.035,-10.897,-14.331,-14.011
-7.6845,-11.649,0.3352,9.1297,-4.2876,-7.247,-5.5351,-19.292,-20.979,-10.752,-14.307,-14.023
-8.3497,-12.678,-0.045342,10.006,-4.3926,-7.8352,-5.7051,-18.946,-20.873,-10.57,-14.269,-14.012
-9.2897,-13.838,-0.28278,11.082,-4.7319,-8.3879,-5.8666,-18.573,-20.763,-10.386,-14.241,-14.007
-10.456,-15.101,-0.37762,12.32,-5.2908,-8.9099,-6.0539,-18.21,-20.704,-10.235,-14.249,-14.038
-11.749,-16.388,-0.34059,13.629,-6.0148,-9.3883,-6.2892,-17.887,-20.731,-10.138,-14.309,-14.12
-13.013,-17.563,-0.18626,14.854,-6.8064,-9.7811,-6.5675,-17.617,-20.841,-10.085,-14.411,-14.242
-14.063,-18.455,0.071928,15.815,-7.5427,-10.025,-6.8596,-17.394,-20.999,-10.041,-14.524,-14.376
-14.744,-18.916,0.42269,16.364,-8.1143,-10.061,-7.1302,-17.207,-21.155,-9.9681,-14.623,-14.488
-14.99,-18.881,0.85264,16.441,-8.4627,-9.866,-7.3565,-17.049,-21.264,-9.8457,-14.697,-14.56
-14.847,-18.399,1.3395,16.1,-8.5976,-9.4688,-7.5375,-16.921,-21.308,-9.681,-14.759,-14.592
-14.459,-17.621,1.8494,15.494,-8.5838,-8.9482,-7.6918,-16.828,-21.291,-9.502,-14.84,-14.603
-14.01,-16.751,2.3422,14.821,-8.5104,-8.4035,-7.8467,-16.771,-21.239,-9.341,-14.967,-14.618
-13.659,-15.974,2.78,14.253,-8.455,-7.9206,-8.0212,-16.737,-21.178,-9.2153,-15.15,-14.657
-13.485,-15.403,3.1353,13.88,-8.4583,-7.544,-8.21,-16.694,-21.114,-9.1137,-15.366,-14.717
-13.47,-15.056,3.3951,13.694,-8.5159,-7.2651,-8.3772,-16.59,-21.018,-8.9971,-15.559,-14.77
-13.524,-14.867,3.5616,13.618,-8.5878,-7.0339,-8.4664,-16.377,-20.831,-8.815,-15.66,-14.764
-13.536,-14.739,3.6461,13.554,-8.6162,-6.7932,-8.427,-16.023,-20.5,-8.5307,-15.618,-14.656
-13.43,-14.608,3.6538,13.443,-8.5465,-6.5191,-8.2445,-15.539,-20.007,-8.1428,-15.428,-14.435
-13.192,-14.473,3.5746,13.286,-8.3481,-6.2396,-7.9569,-14.978,-19.399,-7.6885,-15.14,-14.133
-12.861,-14.39,3.3941,13.125,-8.0295,-6.021,-7.6452,-14.412,-18.764,-7.231,-14.839,-13.813
-12.503,-14.41,3.1209,13.007,-7.642,-5.9286,-7.3995,-13.904,-18.193,-6.8356,-14.598,-13.537
-12.178,-14.527,2.8081,12.949,-7.2632,-5.9763,-7.2775,-13.489,-17.739,-6.5424,-14.45,-13.341
-11.916,-14.644,2.5539,12.918,-6.9686,-6.0939,-7.2773,-13.158,-17.391,-6.3469,-14.362,-13.217
-11.711,-14.61,2.4752,12.838,-6.8087,-6.1442,-7.3407,-12.869,-17.084,-6.2005,-14.252,-13.118
-11.532,-14.293,2.6643,12.632,-6.8042,-5.9872,-7.3834,-12.559,-16.722,-6.034,-14.029,-12.976
-11.365,-13.656,3.1493,12.276,-6.9581,-5.5516,-7.3359,-12.18,-16.223,-5.7924,-13.639,-12.741
-11.255,-12.791,3.8792,11.843,-7.2679,-4.8695,-7.1734,-11.71,-15.555,-5.461,-13.097,-12.402
-11.301,-11.89,4.7368,11.486,-7.7242,-4.061,-6.9181,-11.162,-14.74,-5.0723,-12.476,-11.996
-11.586,-11.169,5.5738,11.354,-8.2945,-3.2836,-6.616,-10.571,-13.839,-4.6894,-11.872,-11.583
-12.101,-10.766,6.2566,11.488,-8.9058,-2.667,-6.3023,-9.9747,-12.921,-4.3765,-11.359,-11.225
-12.716,-10.676,6.7046,11.796,-9.441,-2.2631,-5.9775,-9.3941,-12.028,-4.1686,-10.955,-10.952
-13.2,-10.746,6.9064,12.084,-9.7587,-2.0309,-5.6044,-8.8275,-11.171,-4.0549,-10.621,-10.752
-13.293,-10.733,6.911,12.118,-9.733,-1.8639,-5.1242,-8.2533,-10.328,-3.9844,-10.282,-10.579
-12.798,-10.4,6.8033,11.701,-9.3023,-1.6434,-4.4831,-7.6421,-9.467,-3.891,-9.8608,-10.369
-11.674,-9.6126,6.6708,10.749,-8.5006,-1.2938,-3.6573,-6.9706,-8.5598,-3.727,-9.3203,-10.072
-10.065,-8.4014,6.5731,9.3479,-7.4556,-0.81804,-2.6618,-6.2293,-7.5994,-3.4852,-8.6786,-9.6713
-8.2737,-6.9655,6.5199,7.7428,-6.3535,-0.29621,-1.535,-5.4184,-6.5949,-3.1973,-7.9958,-9.1888
-6.6655,-5.5995,6.4766,6.2639,-5.3861,0.1598,-0.30111,-4.5318,-5.554,-2.907,-7.3356,-8.6631
-5.5556,-4.5745,6.4033,5.2115,-4.7026,0.47228,1.0709,-3.5389,-4.4629,-2.6325,-6.7253,-8.1208
-5.1134,-4.0296,6.2962,4.7544,-4.3739,0.64242,2.6886,-2.3756,-3.2732,-2.3418,-6.1348,-7.5548
-5.3258,-3.9282,6.1835,4.8872,-4.3767,0.74867,4.7193,-0.94725,-1.9024,-1.9579,-5.4858,-6.9239
-6.0221,-4.0934,6.0863,5.4555,-4.5987,0.90821,7.3348,0.85565,-0.2445,-1.3889,-4.6826,-6.1725
-6.9316,-4.289,5.9903,6.2163,-4.864,1.2221,10.634,3.1359,1.8096,-0.56536,-3.6495,-5.2575
-7.7421,-4.2955,5.8509,6.8935,-4.9804,1.7237,14.572,5.9649,4.3444,0.53303,-2.3574,-4.17
-8.1509,-3.953,5.6233,7.2157,-4.7989,2.362,18.955,9.3669,7.3912,1.8701,-0.82933,-2.9367
-7.9219,-3.1731,5.3015,6.9603,-4.2583,3.0486,23.529,13.332,10.925,3.3723,0.88303,-1.6021
-6.9404,-1.9307,4.9413,6.0098,-3.3878,3.7332,28.134,17.866,14.903,4.9719,2.7437,-0.19567
-5.2331,-0.23373,4.6502,4.3725,-2.2719,4.4392,32.759,23.032,19.317,6.6572,4.7743,1.297
-2.933,1.9092,4.5361,2.1448,-1.0043,5.246,37.481,28.933,24.201,8.4982,7.0676,2.9434
-0.21423,4.4806,4.6474,-0.54059,0.34005,6.2407,42.366,35.58,29.559,10.621,9.7591,4.847
2.7635,7.4215,4.9426,-3.5464,1.7168,7.4615,47.391,42.741,35.265,13.141,12.957,7.1096
5.8911,10.619,5.3002,-6.7518,3.1249,8.8619,52.451,49.947,41.055,16.09,16.66,9.7867
9.1333,13.932,5.5559,-10.075,4.6137,10.318,57.403,56.746,46.646,19.38,20.713,12.856
12.54,17.218,5.5615,-13.492,6.267,11.672,62.107,62.917,51.863,22.838,24.877,16.219
16.23,20.378,5.2483,-17.03,8.1668,12.802,66.461,68.463,56.668,26.283,28.936,19.741
20.319,23.371,4.66,-20.733,10.356,13.664,70.424,73.467,61.103,29.586,32.77,23.307
24.798,26.209,3.9361,-24.582,12.812,14.309,74.019,77.987,65.234,32.674,36.353,26.845
29.433,28.904,3.2553,-28.422,15.426,14.845,77.324,82.015,69.112,35.502,39.702,30.309
33.824,31.426,2.7667,-31.993,18.001,15.377,80.423,85.48,72.74,38.027,42.833,33.641
37.619,33.709,2.5332,-35.072,20.305,15.95,83.371,88.268,76.056,40.187,45.733,36.754
40.685,35.676,2.5083,-37.569,22.175,16.524,86.152,90.265,78.938,41.906,48.353,39.542
43.096,37.244,2.5637,-39.509,23.614,16.989,88.651,91.416,81.24,43.114,50.641,41.923
45.041,38.349,2.5506,-40.974,24.775,17.224,90.596,91.737,82.858,43.782,52.574,43.879
46.737,38.973,2.3543,-42.07,25.881,17.168,91.54,91.265,83.783,43.94,54.187,45.473
48.362,39.186,1.912,-42.917,27.135,16.84,90.989,89.962,84.096,43.672,55.563,46.822
49.998,39.125,1.2069,-43.635,28.645,16.32,88.597,87.73,83.913,43.092,56.789,48.051
51.616,38.935,0.26141,-44.302,30.373,15.69,84.26,84.555,83.332,42.299,57.921,49.237
53.09,38.673,-0.87672,-44.906,32.163,15.008,78.095,80.628,82.412,41.344,58.969,50.394
54.237,38.278,-2.1695,-45.331,33.822,14.283,70.409,76.277,81.187,40.229,59.909,51.48
54.896,37.627,-3.6376,-45.43,35.183,13.489,61.663,71.774,79.677,38.914,60.713,52.437
55.013,36.638,-5.3682,-45.13,36.165,12.585,52.411,67.207,77.899,37.359,61.363,53.225
54.682,35.335,-7.4265,-44.486,36.812,11.541,43.201,62.526,75.889,35.545,61.862,53.842
54.122,33.855,-9.7348,-43.679,37.293,10.363,34.548,57.655,73.727,33.489,62.229,54.318
53.615,32.393,-12.092,-42.947,37.847,9.1015,26.977,52.556,71.529,31.23,62.491,54.703
53.437,31.126,-14.338,-42.512,38.734,7.8301,21.048,47.249,69.427,28.822,62.671,55.047
53.781,30.17,-16.438,-42.512,40.171,6.6196,17.121,41.849,67.538,26.318,62.788,55.386
44.675,26.127,-13.949,-34.112,34.867,6.7969,-3.037,25.565,51.389,16.251,54.995,52.332
52.106,29.55,-17.923,-39.244,40.698,6.3044,-4.3016,24.786,52.032,16.773,56.583,55.571
59.782,32.435,-22.682,-44.283,47.073,5.2665,-3.7671,25.492,54.205,17.659,58.89,59.691
65.768,33.785,-27.285,-47.777,52.465,3.6657,-1.8004,27.051,57.208,18.493,61.586,63.77
69.657,33.778,-31.148,-49.624,56.34,1.8699,1.2834,29.067,60.471,19.123,64.247,67.066
72.217,33.365,-34.087,-50.713,59.03,0.41793,5.1252,31.363,63.574,19.539,66.414,69.161
74.429,33.488,-36.144,-52.052,61.148,-0.28516,9.2545,33.859,66.212,19.735,67.697,69.958
76.806,34.517,-37.46,-54.112,63.123,-0.16871,13.164,36.464,68.204,19.668,67.905,69.604
79.407,36.284,-38.261,-56.824,65.137,0.54294,16.543,39.09,69.573,19.333,67.154,68.432
82.255,38.476,-38.884,-59.972,67.318,1.5268,19.496,41.713,70.598,18.85,65.872,66.912
