I,II,III,aVR,aVL,aVF,V1,V2,V3,V4,V5,V6
-8.2194,8.2086,33.018,-2.1003,-19.588,19.003,43.994,-46.484,-82.164,-66.581,-37.434,-83.234
-23.05,-4.2749,35.257,11.861,-28.839,12.89,37.344,-41.589,-79.716,-65.224,-36.482,-76.265
-34.095,-13.898,36.57,22.579,-35.485,7.9012,31.555,-38.304,-77.781,-64.212,-35.472,-69.246
-39.687,-19.435,36.518,28.618,-38.347,4.5338,27.012,-37.783,-76.785,-63.862,-34.552,-62.289
-39.793,-21.32,34.63,30.117,-37.215,2.3559,23.48,-40.453,-77.057,-64.473,-34.172,-55.781
-36.125,-21.319,30.855,28.705,-33.083,0.41963,20.294,-45.722,-78.579,-66.149,-34.826,-50.202
-32.036,-21.769,26.208,27.124,-28.331,-1.9951,16.788,-51.994,-80.792,-68.578,-36.628,-45.804
-31.901,-24.846,22.889,28.594,-26.396,-4.9282,12.65,-57.191,-82.694,-71.002,-39.102,-42.413
-39.295,-31.753,23.27,35.529,-30.319,-7.8331,8.0413,-59.579,-83.236,-72.448,-41.333,-39.497
-54.438,-41.855,28.204,47.817,-40.611,-10.006,3.4928,-58.428,-81.747,-72.083,-42.369,-36.422
-72.995,-52.533,35.976,62.11,-54.148,-11.042,-0.35506,-54.209,-78.211,-69.564,-41.645,-32.743
-37.946,-30.233,18.985,33.804,-26.998,-7.2949,2.4383,-37.705,-62.297,-49.924,-26.755,-25.611
-39.157,-31.479,18.781,35.096,-27.438,-8.0205,1.1342,-37.162,-61.092,-48.344,-25.929,-23.03
-38.761,-31.899,17.946,35.259,-26.722,-8.6156,0.1111,-36.577,-59.611,-46.367,-24.845,-20.785
-36.859,-31.606,16.469,34.349,-24.953,-9.1626,-0.69169,-35.977,-57.858,-43.952,-23.551,-18.9
-33.792,-30.754,14.509,32.56,-22.473,-9.6957,-1.3258,-35.328,-55.832,-41.057,-22.085,-17.362
-30.05,-29.493,12.355,30.16,-19.717,-10.17,-1.8146,-34.535,-53.482,-37.626,-20.44,-16.118
-26.167,-27.922,10.342,27.415,-17.09,-10.481,-2.1555,-33.472,-50.71,-33.632,-18.58,-15.091
-22.569,-26.087,8.7431,24.539,-14.872,-10.513,-2.3368,-32.049,-47.413,-29.145,-16.485,-14.217
-19.437,-24.012,7.6875,21.683,-13.157,-10.194,-2.3582,-30.255,-43.555,-24.372,-14.187,-13.463
-16.692,-21.739,7.1325,18.927,-11.813,-9.5275,-2.2432,-28.173,-39.216,-19.596,-11.754,-12.833
-14.145,-19.345,6.9029,16.296,-10.588,-8.5875,-2.0418,-25.938,-34.587,-15.04,-9.2579,-12.338
-11.704,-16.911,6.7873,13.783,-9.3343,-7.5035,-1.8251,-23.682,-29.89,-10.796,-6.7403,-11.982
-9.4114,-14.514,6.6236,11.385,-8.0727,-6.4259,-1.6736,-21.493,-25.302,-6.8191,-4.2107,-11.746
-7.2861,-12.238,6.31,9.1032,-6.8344,-5.4888,-1.661,-19.397,-20.894,-2.9811,-1.6507,-11.585
-5.2658,-10.169,5.7848,6.9433,-5.5882,-4.7787,-1.8382,-17.367,-16.646,0.90205,0.98289,-11.436
-3.2797,-8.3626,5.026,4.9136,-4.2901,-4.3229,-2.2257,-15.348,-12.485,5.061,3.7587,-11.219
-1.317,-6.8473,4.0614,3.0351,-2.9362,-4.1005,-2.8165,-13.293,-8.3348,9.7813,6.774,-10.864
0.56299,-5.6337,2.9615,1.3482,-1.5741,-4.0698,-3.5899,-11.188,-4.1335,15.4,10.16,-10.323
2.2608,-4.7274,1.8126,-0.094319,-0.28015,-4.195,-4.531,-9.0531,0.17618,22.237,14.089,-9.5895
3.6806,-4.1295,0.68506,-1.2456,0.87586,-4.458,-5.6486,-6.9301,4.6683,30.409,18.774,-8.6887
4.7739,-3.8252,-0.3849,-2.0893,1.8609,-4.8479,-6.9792,-4.8787,9.4487,39.579,24.428,-7.6622
5.5707,-3.7654,-1.3952,-2.6625,2.6961,-5.3387,-8.5747,-2.9555,14.668,49.039,31.124,-6.5323
6.1988,-3.8478,-2.3675,-3.0664,3.4647,-5.8719,-10.486,-1.1849,20.537,58.24,38.603,-5.2774
6.8922,-3.9221,-3.3421,-3.4566,4.3207,-6.363,-12.759,0.46097,27.303,67.115,46.295,-3.8308
8.0116,-3.8305,-4.381,-4.0146,5.5116,-6.7319,-15.44,2.0482,35.123,75.882,53.686,-2.1065
10.099,-3.4586,-5.5721,-4.9297,7.4274,-6.9369,-18.578,3.6396,43.844,84.71,60.641,-0.035102
13.905,-2.7516,-7.023,-6.4377,10.612,-6.9864,-22.196,5.2584,52.957,93.551,67.34,2.4153
20.042,-1.6675,-8.8312,-8.8808,15.484,-6.912,-26.256,6.8826,61.966,102.21,74.023,5.2524
28.09,-0.10702,-11.018,-12.603,21.7,-6.7247,-30.624,8.4658,70.689,110.57,80.861,8.5033
36.617,2.1116,-13.474,-17.626,28.202,-6.3919,-35.12,9.9605,79.136,118.76,87.937,12.27
44.731,5.2065,-16.0,-23.603,34.255,-5.8548,-39.608,11.329,87.311,127.16,95.245,16.762
52.626,9.3385,-18.474,-30.268,39.859,-5.0674,-44.054,12.546,95.213,136.14,102.71,22.231
60.882,14.499,-20.96,-37.655,45.358,-4.0257,-48.503,13.603,102.89,145.85,110.26,28.705
69.886,20.433,-23.679,-45.849,51.05,-2.7716,-53.003,14.51,110.44,156.06,117.84,35.769
79.606,26.677,-26.836,-54.714,56.971,-1.372,-57.548,15.287,117.94,166.35,125.44,42.877
89.573,32.747,-30.436,-63.836,62.862,0.10655,-62.076,15.958,125.43,176.35,133.05,49.822
99.069,38.377,-34.195,-72.641,68.313,1.6075,-66.487,16.547,132.89,185.85,140.6,56.72
107.42,43.622,-37.661,-80.587,72.985,3.0709,-70.707,17.067,140.24,194.79,148.02,63.721
114.27,48.729,-40.477,-87.294,76.733,4.4163,-74.766,17.489,147.33,203.21,155.22,70.8
119.62,53.909,-42.562,-92.681,79.609,5.544,-78.784,17.742,154.01,211.26,162.18,77.754
123.78,59.088,-44.098,-96.956,81.805,6.3518,-82.873,17.731,160.11,219.1,168.95,84.349
127.19,63.821,-45.387,-100.4,83.574,6.764,-87.082,17.378,165.5,226.82,175.56,90.455
130.17,67.586,-46.698,-103.17,85.17,6.7675,-91.378,16.655,170.04,234.35,182.03,96.056
132.89,70.191,-48.162,-105.34,86.809,6.4414,-95.663,15.59,173.54,241.47,188.31,101.19
135.41,71.867,-49.73,-107.04,88.612,5.9572,-99.795,14.258,175.85,247.76,194.25,105.92
137.79,73.015,-51.195,-108.55,90.55,5.5402,-103.6,12.755,176.85,252.78,199.63,110.32
140.17,73.953,-52.286,-110.08,92.456,5.41,-106.91,11.186,176.53,256.12,204.17,114.46
142.61,74.91,-52.781,-111.68,94.128,5.7179,-109.55,9.6521,174.98,257.47,207.56,118.33
144.98,76.09,-52.597,-113.29,95.43,6.4996,-111.42,8.2257,172.33,256.7,209.5,121.73
147.11,77.601,-51.816,-114.83,96.327,7.6501,-112.48,6.933,168.75,253.96,209.89,124.3
148.79,79.317,-50.633,-116.23,96.85,8.9346,-112.75,5.7534,164.38,249.6,208.79,125.8
149.83,80.901,-49.257,-117.29,97.042,10.055,-112.07,4.6555,159.39,244.01,206.41,126.24
149.99,81.975,-47.784,-117.71,96.873,10.762,-110.08,3.6442,153.9,237.45,202.92,125.8
148.99,82.266,-46.139,-117.21,96.185,10.953,-106.68,2.7749,148.01,230.04,198.41,124.63
146.55,81.713,-44.09,-115.66,94.714,10.716,-102.29,2.132,141.76,221.78,192.89,122.83
142.54,80.481,-41.352,-113.06,92.21,10.296,-97.483,1.7978,135.15,212.62,186.31,120.43
137.03,78.855,-37.718,-109.52,88.586,10.023,-92.39,1.829,128.18,202.54,178.66,117.39
130.36,77.056,-33.227,-105.19,83.98,10.195,-86.822,2.2356,120.86,191.65,170.01,113.66
123.1,75.162,-28.229,-100.31,78.685,10.986,-80.601,2.9676,113.26,180.19,160.52,109.23
115.77,73.248,-23.194,-95.235,73.031,12.408,-73.702,3.9215,105.5,168.47,150.46,104.26
108.66,71.48,-18.417,-90.329,67.269,14.322,-66.246,4.9698,97.739,156.72,140.19,98.948
101.76,69.867,-13.948,-85.777,61.465,16.433,-58.416,5.9966,90.088,144.98,130.07,93.433
94.83,67.938,-9.7601,-81.38,55.46,18.348,-50.374,6.9208,82.51,133.27,120.25,87.757
87.392,64.835,-5.9039,-76.442,48.954,19.684,-42.26,7.7012,74.815,121.67,110.69,81.908
78.9,59.886,-2.5231,-70.048,41.657,20.17,-34.234,8.3314,66.811,110.26,101.23,75.847
68.993,53.17,0.22807,-61.715,33.53,19.699,-26.512,8.8303,58.488,99.11,91.778,69.534
57.871,45.475,2.2645,-52.031,25.129,18.332,-19.388,9.2267,50.16,88.265,82.364,62.986
46.505,37.703,3.5949,-42.374,17.55,16.245,-13.251,9.5387,42.368,77.882,73.145,56.378
36.179,30.439,4.306,-33.819,11.617,13.671,-8.4812,9.7567,35.55,68.144,64.319,50.009
27.627,23.947,4.5407,-26.685,7.421,10.911,-5.0863,9.85,29.796,59.136,56.002,44.1
20.799,18.344,4.491,-20.839,4.627,8.3268,-2.5902,9.7994,24.934,50.751,48.149,38.662
15.308,13.784,4.3979,-16.061,2.8197,6.2955,-0.45434,9.6315,20.756,42.698,40.567,33.589
10.909,10.451,4.5213,-12.243,1.6102,5.1143,1.6118,9.4149,17.154,34.639,33.022,28.829
7.5597,8.3892,5.0742,-9.3612,0.64344,4.8708,3.6839,9.2268,14.113,26.624,25.575,24.487
5.1351,7.3513,6.1517,-7.3075,-0.37148,5.3982,5.7511,9.1214,11.637,19.559,19.02,20.783
3.2882,6.8868,7.6927,-5.7981,-1.6011,6.3653,7.7887,9.1216,9.6849,14.461,14.27,17.858
1.6576,6.5865,9.4958,-4.5241,-3.0534,7.4296,9.7752,9.2254,8.1624,11.265,11.238,15.637
0.062972,6.2281,11.288,-3.3035,-4.6034,8.3461,11.692,9.4134,6.9616,9.2611,9.2682,13.917
-1.4936,5.7237,12.82,-2.0795,-6.0688,8.9845,13.528,9.6537,5.9912,7.8784,7.8739,12.504
-2.9246,5.0362,13.945,-0.85808,-7.2977,9.3007,15.273,9.9098,5.1892,6.8195,6.8161,11.274
-4.1547,4.1546,14.641,0.33929,-8.2271,9.3097,16.914,10.148,4.5156,5.9482,5.983,10.164
-5.1824,3.0909,14.975,1.5056,-8.895,9.0571,18.414,10.34,3.9389,5.197,5.3073,9.1366
-6.1,1.8672,15.053,2.6665,-9.4181,8.5901,19.716,10.473,3.4268,4.5224,4.7322,8.1684
-7.0717,0.50044,14.988,3.8833,-9.9509,7.949,20.76,10.551,2.9468,3.8901,4.2042,7.247
-8.2744,-0.99601,14.913,5.2323,-10.641,7.1846,21.516,10.599,2.4741,3.2735,3.6803,6.3759
-9.8282,-2.5974,14.966,6.7658,-11.587,6.3723,21.999,10.654,1.9958,2.6557,3.137,5.5736
-11.757,-4.262,15.248,8.4838,-12.805,5.6028,22.268,10.746,1.5102,2.0293,2.5699,4.8671
-13.99,-5.9439,15.786,10.339,-14.229,4.947,22.397,10.889,1.0219,1.3939,1.9841,4.2836
-16.407,-7.6143,16.528,12.27,-15.754,4.4229,22.451,11.074,0.54048,0.75212,1.3816,3.8431
-18.873,-9.2752,17.364,14.228,-17.277,3.9849,22.468,11.282,0.079804,0.10768,0.75664,3.5527
-21.265,-10.956,18.134,16.175,-18.687,3.5343,22.458,11.49,-0.33957,-0.53337,0.10373,3.4068
-23.441,-12.69,18.64,18.059,-19.856,2.9471,22.406,11.677,-0.69214,-1.1605,-0.57124,3.397
-25.217,-14.475,18.674,19.777,-20.631,2.1149,22.285,11.814,-0.95475,-1.7583,-1.2486,3.5253
-26.375,-16.226,18.084,21.172,-20.869,0.99447,22.079,11.874,-1.1165,-2.3091,-1.9005,3.8099
-26.719,-17.774,16.851,22.075,-20.478,-0.34855,21.801,11.847,-1.1841,-2.7955,-2.4972,4.2789
-26.164,-18.894,15.152,22.356,-19.483,-1.7301,21.496,11.753,-1.1786,-3.2034,-3.0123,4.9576
-24.822,-19.379,13.335,21.98,-18.073,-2.8891,21.238,11.635,-1.125,-3.5241,-3.4266,5.8538
-23.007,-19.09,11.82,21.015,-16.579,-3.5695,21.097,11.543,-1.0429,-3.7553,-3.7307,6.944
-21.111,-18.004,10.951,19.61,-15.363,-3.6073,21.118,11.515,-0.94588,-3.903,-3.9287,8.1665
-19.417,-16.231,10.85,17.93,-14.634,-2.9887,21.288,11.553,-0.84809,-3.9823,-4.0425,9.4235
-17.969,-13.993,11.346,16.106,-14.328,-1.8669,21.538,11.619,-0.76887,-4.0174,-4.1117,10.596
-16.584,-11.56,12.031,14.195,-14.129,-0.53139,21.762,11.654,-0.7244,-4.0312,-4.1805,11.571
-14.966,-9.1818,12.425,12.187,-13.629,0.6782,21.868,11.623,-0.71229,-4.0303,-4.2721,12.276
-12.88,-7.0513,12.152,10.061,-12.527,1.4797,21.823,11.531,-0.70452,-3.9946,-4.3666,12.691
-10.294,-5.325,11.044,7.8607,-10.753,1.7156,21.648,11.42,-0.65925,-3.8869,-4.4075,12.842
-7.4053,-4.1405,9.1478,5.7327,-8.4541,1.3505,21.38,11.343,-0.54374,-3.6807,-4.3416,12.771
-4.5454,-3.5923,6.6969,3.8911,-5.9174,0.44218,21.029,11.355,-0.3473,-3.379,-4.1599,12.514
-2.064,-3.6761,4.0571,2.5262,-3.4837,-0.86958,20.596,11.522,-0.07426,-3.0065,-3.897,12.089
-0.22399,-4.2508,1.6269,1.722,-1.4611,-2.3686,20.103,11.913,0.27022,-2.5885,-3.5997,11.497
0.8737,-5.0609,-0.27041,1.4196,-0.048943,-3.797,19.612,12.58,0.68322,-2.1397,-3.2999,10.702
1.316,-5.8102,-1.4607,1.4407,0.71297,-4.917,19.216,13.521,1.1555,-1.6691,-3.0122,9.6435
1.3377,-6.2474,-1.9449,1.5516,0.94056,-5.5654,19.012,14.67,1.6651,-1.1885,-2.7429,8.2649
1.2273,-6.2301,-1.8809,1.5428,0.84625,-5.6957,19.075,15.917,2.1844,-0.71478,-2.4974,6.551
1.2168,-5.7577,-1.5147,1.2982,0.64822,-5.3958,19.434,17.143,2.6936,-0.26581,-2.2807,4.5406
1.3947,-4.9729,-1.0721,0.83748,0.48776,-4.8469,20.074,18.265,3.1924,0.14772,-2.092,2.3135
1.677,-4.1234,-0.67837,0.31724,0.39145,-4.2423,20.948,19.252,3.7005,0.52906,-1.918,-0.029882
1.8508,-3.487,-0.35177,-0.025169,0.28936,-3.723,21.988,20.118,4.2479,0.89647,-1.7286,-2.3906
1.6793,-3.2782,-0.047262,0.024991,0.068411,-3.3583,23.106,20.891,4.8572,1.274,-1.4843,-4.694
1.0285,-3.576,0.29407,0.55614,-0.36137,-3.1605,24.197,21.588,5.5261,1.6761,-1.156,-6.9068
-0.054894,-4.301,0.70667,1.4856,-1.0092,-3.1013,25.16,22.223,6.2239,2.0976,-0.74256,-9.0378
-1.3609,-5.2387,1.1871,2.5902,-1.7908,-3.1173,25.934,22.807,6.9021,2.5179,-0.2718,-11.117
-2.6,-6.0927,1.7081,3.5839,-2.5656,-3.1157,26.515,23.352,7.5121,2.9131,0.21339,-13.168
-3.5037,-6.5652,2.242,4.2081,-3.1953,-2.9901,26.947,23.857,8.016,3.2664,0.67051,-15.181
-3.9156,-6.4527,2.7841,4.3147,-3.6031,-2.6459,27.283,24.301,8.3934,3.5729,1.0678,-17.11
-3.8403,-5.7169,3.3631,3.9138,-3.8062,-2.0289,27.555,24.662,8.643,3.8397,1.3895,-18.876
-3.4278,-4.4957,4.0299,3.1651,-3.9011,-1.1492,27.746,24.924,8.7816,4.0819,1.6351,-20.387
-2.9054,-3.0561,4.8253,2.3159,-4.0125,-0.091308,27.795,25.08,8.8348,4.3149,1.8136,-21.566
-2.4954,-1.7107,5.7417,1.6193,-4.2395,1.0,27.625,25.113,8.823,4.5442,1.9324,-22.371
-2.3549,-0.7323,6.7023,1.2649,-4.619,1.9506,27.163,24.991,8.7483,4.7581,1.9884,-22.819
-2.552,-0.30128,7.5737,1.344,-5.1194,2.5961,26.364,24.667,8.5952,4.9292,1.9669,-22.978
-3.0809,-0.48794,8.2144,1.8534,-5.6664,2.8255,25.234,24.104,8.3451,5.0272,1.8528,-22.927
-3.898,-1.2586,8.5393,2.7272,-6.1899,2.6161,23.831,23.292,7.9953,5.0376,1.6461,-22.719
-4.9569,-2.5003,8.5638,3.8776,-6.6689,2.0416,22.263,22.264,7.569,4.9715,1.3708,-22.345
-6.2369,-4.0665,8.4033,5.2355,-7.148,1.2419,20.651,21.086,7.1072,4.8613,1.0708,-21.744
-7.7629,-5.8346,8.2235,6.7845,-7.7142,0.36591,19.09,19.831,6.648,4.7428,0.79218,-20.842
-9.5861,-7.7461,8.1687,8.5673,-8.4461,-0.48004,17.619,18.554,6.2075,4.637,0.56301,-19.597
-11.702,-9.7773,8.2985,10.62,-9.3576,-1.2499,16.218,17.272,5.7737,4.5396,0.38137,-18.042
-13.938,-11.823,8.5605,12.836,-10.358,-1.9369,14.829,15.973,5.3167,4.4234,0.21858,-16.281
-15.912,-13.604,8.8045,14.861,-11.25,-2.5401,13.403,14.625,4.8068,4.2527,0.035498,-14.45
-17.118,-14.725,8.8334,16.174,-11.767,-3.0472,11.927,13.198,4.2301,4.0009,-0.19712,-12.669
-17.106,-14.853,8.4712,16.313,-11.65,-3.4342,10.449,11.672,3.5949,3.6659,-0.48363,-11.001
-15.637,-13.862,7.6289,15.074,-10.733,-3.6666,9.0621,10.059,2.9322,3.2742,-0.79841,-9.4442
-12.762,-11.853,6.343,12.551,-9.0099,-3.7067,7.8756,8.4167,2.2905,2.8739,-1.0921,-7.9552
-8.8313,-9.1223,4.7627,9.0914,-6.6601,-3.5413,6.9703,6.8358,1.7236,2.5173,-1.3104,-6.4862
-4.4494,-6.1147,3.0846,5.2296,-4.0143,-3.229,6.3617,5.3991,1.2675,2.2366,-1.4242,-5.0286
-0.34736,-3.3695,1.4721,1.6074,-1.4679,-2.9279,5.9869,4.1274,0.91729,2.0247,-1.4543,-3.6386
2.8155,-1.4153,0.0029886,-1.1684,0.62597,-2.8728,5.7247,2.9618,0.62041,1.8347,-1.4717,-2.4266
4.6315,-0.64534,-1.3312,-2.681,2.0478,-3.2929,5.4498,1.7984,0.29863,1.6019,-1.5638,-1.5123
5.0132,-1.2018,-2.5864,-2.8063,2.7512,-4.3048,5.0931,0.55518,-0.11144,1.2773,-1.7891,-0.96765
4.1686,-2.9084,-3.8155,-1.7421,2.8378,-5.8442,4.6737,-0.77145,-0.62387,0.85467,-2.1468,-0.7841
2.5437,-5.2981,-5.0275,0.038554,2.4959,-7.6834,4.2797,-2.096,-1.1956,0.37415,-2.5797,-0.87715
0.75355,-7.7619,-6.1742,1.9162,1.9655,-9.522,4.0158,-3.284,-1.7483,-0.095687,-3.0043,-1.1247
-0.55146,-9.7654,-7.1866,3.3294,1.5357,-11.102,3.9481,-4.215,-2.2078,-0.4898,-3.3517,-1.4184
-0.91119,-11.023,-8.0471,3.968,1.4977,-12.297,4.0741,-4.8341,-2.54,-0.77633,-3.5999,-1.7064
-0.24761,-11.555,-8.8239,3.8465,2.0154,-13.144,4.3247,-5.1722,-2.7668,-0.9686,-3.7808,-2.009
1.1095,-11.642,-9.6116,3.2618,3.0137,-13.791,4.5985,-5.33,-2.9505,-1.1131,-3.9578,-2.3984
2.5955,-11.684,-10.435,2.6612,4.2066,-14.409,4.8056,-5.4321,-3.1594,-1.2629,-4.1888,-2.9527
3.6692,-12.023,-11.209,2.4483,5.2384,-15.097,4.8995,-5.5725,-3.4361,-1.4523,-4.4969,-3.7072
3.9816,-12.792,-11.774,2.8352,5.8124,-15.831,4.8837,-5.7765,-3.7813,-1.6833,-4.8584,-4.6282
3.4204,-13.879,-11.948,3.8063,5.7543,-16.478,4.7996,-5.9948,-4.1518,-1.9219,-5.2071,-5.6159
2.0886,-15.021,-11.587,5.1684,5.0327,-16.84,4.7067,-6.1311,-4.4732,-2.1072,-5.4541,-6.5325
0.24623,-15.948,-10.631,6.6465,3.7533,-16.74,4.6579,-6.0901,-4.6666,-2.1746,-5.5221,-7.2478
-1.7805,-16.476,-9.1362,7.9864,2.1246,-16.101,4.6764,-5.8263,-4.6858,-2.087,-5.3851,-7.6865
-3.6915,-16.542,-7.2933,9.0238,0.40277,-14.992,4.7421,-5.3775,-4.5463,-1.8581,-5.0901,-7.8578
-5.2689,-16.198,-5.3808,9.704,-1.1655,-13.622,4.7969,-4.863,-4.3242,-1.5508,-4.7417,-7.8469
-6.3875,-15.582,-3.6788,10.049,-2.3918,-12.249,4.7717,-4.4385,-4.1192,-1.2458,-4.4526,-7.7715
-7.0125,-14.846,-2.3725,10.108,-3.1836,-11.073,4.6232,-4.2233,-4.0039,-1.0018,-4.2881,-7.7231
-7.1874,-14.076,-1.5061,9.9192,-3.554,-10.166,4.3548,-4.2408,-3.9878,-0.82904,-4.2371,-7.727
-6.9975,-13.267,-1.0105,9.4968,-3.5877,-9.4708,4.008,-4.4063,-4.0148,-0.68988,-4.2229,-7.7408
-6.5274,-12.35,-0.76974,8.8361,-3.3908,-8.8558,3.6352,-4.5683,-3.9924,-0.52254,-4.1474,-7.6859
-5.8489,-11.274,-0.66112,7.9457,-3.0654,-8.1986,3.2787,-4.5754,-3.8392,-0.27414,-3.9437,-7.4914
-5.0381,-10.054,-0.57109,6.882,-2.7007,-7.4464,2.9644,-4.3374,-3.5233,0.075202,-3.6065,-7.1273
-4.1877,-8.7819,-0.43903,5.7553,-2.358,-6.6448,2.7013,-3.8577,-3.0742,0.508,-3.1863,-6.6151
-3.3835,-7.5988,-0.29999,4.6924,-2.052,-5.9194,2.4854,-3.2251,-2.5626,0.98192,-2.7578,-6.015
-2.665,-6.6346,-0.26775,3.7821,-1.7442,-5.4141,2.3082,-2.566,-2.0652,1.4489,-2.3853,-5.401
-2.0088,-5.9471,-0.46546,3.0381,-1.3633,-5.2163,2.1676,-1.9802,-1.6314,1.8714,-2.1015,-4.8356
-1.3468,-5.4893,-0.95155,2.3999,-0.84592,-5.3115,2.0742,-1.4965,-1.2678,2.2321,-1.8999,-4.3542
-0.60666,-5.1303,-1.6796,1.768,-0.1752,-5.5858,2.0497,-1.0703,-0.94199,2.5361,-1.7422,-3.9617
0.24081,-4.7123,-2.5035,1.0574,0.59681,-5.865,2.1226,-0.61476,-0.59945,2.8071,-1.5715,-3.6375
1.1507,-4.112,-3.2205,0.23911,1.3507,-5.9738,2.3198,-0.044581,-0.18746,3.0782,-1.3316,-3.3466
2.0246,-3.2817,-3.6451,-0.65699,1.9421,-5.7965,2.6568,0.6836,0.32074,3.375,-0.98697,-3.0561
2.7873,-2.2601,-3.6996,-1.5731,2.2909,-5.3205,3.1244,1.5464,0.9107,3.7001,-0.53857,-2.7537
3.4482,-1.1501,-3.4711,-2.46,2.4514,-4.6419,3.6823,2.4553,1.5292,4.0284,-0.024377,-2.4567
4.0792,-0.074863,-3.1714,-3.2912,2.5739,-3.9248,4.2642,3.287,2.1033,4.3161,0.49666,-2.2038
4.7413,0.86412,-3.0149,-4.0537,2.7955,-3.3323,4.7957,3.9327,2.5679,4.5188,0.96821,-2.0346
5.4312,1.6085,-3.1015,-4.7281,3.1595,-2.9577,5.217,4.3402,2.8881,4.6094,1.3566,-1.969
6.0635,2.1414,-3.3692,-5.273,3.5913,-2.7909,5.5006,4.5289,3.0683,4.5878,1.6601,-1.995
6.486,2.4733,-3.6257,-5.6247,3.9262,-2.7324,5.6596,4.5754,3.147,4.4813,1.9066,-2.0711
6.5237,2.6238,-3.6359,-5.7109,3.9719,-2.6457,5.7391,4.5785,3.1775,4.3339,2.1394,-2.1411
6.0401,2.6025,-3.2257,-5.4698,3.5851,-2.4266,5.7925,4.6132,3.2026,4.1875,2.3945,-2.1598
5.0002,2.3984,-2.364,-4.8745,2.736,-2.0569,5.8519,4.6922,3.2323,4.0627,2.6795,-2.1144
3.5129,1.9918,-1.1889,-3.9618,1.5356,-1.6167,5.9119,4.7573,3.2395,3.9519,2.9672,-2.029
1.8288,1.3882,0.037087,-2.8521,0.21098,-1.2465,5.9392,4.7152,3.178,3.8283,3.2106,-1.9457
0.27729,0.64945,1.0246,-1.7351,-0.96447,-1.0771,5.9009,4.498,3.0141,3.6666,3.3681,-1.896
-0.83422,-0.11272,1.5636,-0.81425,-1.7575,-1.1691,5.7918,4.1111,2.7509,3.4607,3.4241,-1.878
-1.325,-0.77767,1.5922,-0.2289,-2.0474,-1.49,5.6429,3.6398,2.4318,3.2307,3.3976,-1.8504
-1.2109,-1.2647,1.2012,0.00029181,-1.8643,-1.9353,5.5097,3.2133,2.1253,3.0174,3.3353,-1.7425
-0.69599,-1.5625,0.57972,-0.02789,-1.3704,-2.3793,5.4447,2.9487,1.8993,2.8672,3.2942,-1.4774
-0.073741,-1.7289,-0.06635,-0.15104,-0.78569,-2.7312,5.4713,2.9048,1.7984,2.8151,3.3189,-1.0038
0.40467,-1.8666,-0.5898,-0.21842,-0.29651,-2.9742,5.5691,3.0634,1.8332,2.8715,3.4251,-0.31939
0.6071,-2.0851,-0.94549,-0.13867,0.00026956,-3.1635,5.6786,3.3418,1.9819,3.0189,3.5949,0.52426
0.52094,-2.4478,-1.1842,0.10791,0.10517,-3.3807,5.7183,3.6307,2.201,3.2207,3.7862,1.4403
0.22473,-2.9165,-1.3973,0.46594,0.089158,-3.6685,5.6101,3.839,2.4416,3.4351,3.9506,2.3391
-0.13463,-3.3316,-1.6465,0.80074,0.049239,-3.9914,5.3066,3.9257,2.664,3.6307,4.0527,3.1579
-0.35999,-3.4527,-1.9312,0.9104,0.074487,-4.2468,4.8087,3.9069,2.8479,3.7964,4.0843,3.878
-0.23481,-3.0503,-2.2121,0.57617,0.23555,-4.3087,4.163,3.8377,2.9944,3.9396,4.0638,4.522
0.41855,-2.0081,-2.4629,-0.34912,0.58356,-4.0854,3.4356,3.7775,3.1146,4.0714,4.0206,5.1329
1.6674,-0.39347,-2.7007,-1.8557,1.1453,-3.5817,2.6767,3.7484,3.2126,4.1893,3.9718,5.7436
3.4171,1.5243,-2.982,-3.7423,1.9161,-2.9412,1.9023,3.71,3.2742,4.2696,3.9085,6.3548
5.4034,3.3149,-3.3774,-5.6466,2.853,-2.4224,1.1037,3.5688,3.272,4.2757,3.8014,6.9343
7.2418,4.4972,-3.9496,-7.1387,3.87,-2.3023,0.27213,3.2214,3.1805,4.1775,3.6208,7.4356
8.5345,4.6946,-4.7432,-7.857,4.8421,-2.7656,-0.58859,2.6005,2.9883,3.9663,3.3543,7.8179
8.9948,3.7349,-5.7712,-7.6201,5.6251,-3.8553,-1.4733,1.6982,2.6985,3.6563,3.0089,8.0557
8.5223,1.6368,-6.9796,-6.4436,6.0889,-5.4955,-2.3852,0.55953,2.3217,3.2752,2.6028,8.1401
7.1936,-1.4318,-8.2172,-4.4778,6.1488,-7.521,-3.3165,-0.73453,1.8706,2.856,2.1612,8.083
5.2106,-5.1253,-9.2541,-1.9581,5.7789,-9.6738,-4.2143,-2.0839,1.3638,2.4338,1.718,7.924
2.8693,-8.8755,-9.8523,0.77484,5.014,-11.605,-4.9757,-3.3874,0.82948,2.0443,1.3152,7.7287
0.56632,-11.941,-9.8524,3.2426,3.9625,-12.923,-5.484,-4.5618,0.30692,1.7173,0.99411,7.5729
-1.2151,-13.591,-9.234,4.8899,2.8271,-13.281,-5.6558,-5.5522,-0.15957,1.4711,0.78458,7.519
-2.0233,-13.347,-8.1209,5.2643,1.878,-12.503,-5.4699,-6.3317,-0.53091,1.3086,0.69699,7.5968
-1.6289,-11.172,-6.7326,4.2219,1.3558,-10.673,-4.9722,-6.896,-0.78476,1.2183,0.72174,7.7986
-0.14031,-7.5019,-5.3015,2.0117,1.3649,-8.1215,-4.2633,-7.2622,-0.92084,1.1802,0.83516,8.0893
2.0367,-3.0962,-3.9844,-0.82915,1.8261,-5.2867,-3.4749,-7.4628,-0.95498,1.1741,1.0103,8.4255
4.3336,1.2387,-2.81,-3.6787,2.4964,-2.5561,-2.74,-7.5282,-0.90541,1.1892,1.228,8.7737
6.1609,4.86,-1.6987,-5.9941,3.0368,-0.18995,-2.166,-7.464,-0.78041,1.2276,1.482,9.1219
7.0367,7.3565,-0.53758,-7.4012,3.1081,1.6771,-1.8162,-7.2425,-0.57487,1.2997,1.7767,9.4807
6.6954,8.5487,0.75088,-7.7295,2.4795,3.0175,-1.7011,-6.8197,-0.27654,1.4159,2.1227,9.8762
5.1344,8.4957,2.1851,-7.0051,1.1103,3.8927,-1.7788,-6.1668,0.12349,1.5815,2.5305,10.338
2.5843,7.4873,3.7266,-5.4168,-0.84143,4.4124,-1.9718,-5.2971,0.62119,1.7936,3.0045,10.888
-0.54421,5.962,5.2661,-3.2746,-3.0644,4.6801,-2.2047,-4.2799,1.1921,2.0393,3.5339,11.529
-3.7046,4.3551,6.6151,-0.98538,-5.1557,4.7479,-2.4446,-3.2376,1.788,2.2925,4.086,12.242
-6.246,2.9862,7.5379,0.96577,-6.6907,4.6079,-2.7171,-2.3215,2.3428,2.518,4.6099,12.987
-7.506,2.0694,7.8093,2.0876,-7.3042,4.2368,-3.0826,-1.6691,2.7916,2.6837,5.0531,13.72
-7.047,1.7586,7.2839,2.0371,-6.7932,3.6499,-3.5887,-1.3593,3.0942,2.7756,5.3859,14.408
-4.9047,2.1104,5.9576,0.78528,-5.1991,2.9153,-4.2303,-1.3914,3.2475,2.804,5.6141,15.049
-1.5846,3.0179,4.001,-1.3529,-2.8079,2.1338,-4.9532,-1.6977,3.2805,2.798,5.7738,15.662
2.1688,4.2411,1.7508,-3.8682,-0.077962,1.4169,-5.6842,-2.1753,3.239,2.7931,5.9168,16.277
5.602,5.5011,-0.35388,-6.2461,2.4629,0.86948,-6.355,-2.7186,3.1714,2.8204,6.0941,16.926
8.0947,6.5454,-1.8808,-8.0725,4.3218,0.56808,-6.9143,-3.2472,3.1166,2.8981,6.3412,17.626
9.2512,7.1713,-2.5379,-9.0732,5.1525,0.53966,-7.3358,-3.7251,3.0941,3.0254,6.6657,18.368
8.955,7.2487,-2.2735,-9.1286,4.8615,0.74201,-7.6284,-4.1637,3.0993,3.1827,7.0454,19.117
7.3749,6.7457,-1.2929,-8.2848,3.6319,1.0614,-7.8402,-4.6019,3.1063,3.3378,7.4362,19.808
4.9281,5.7466,0.016984,-6.7616,1.8509,1.3392,-8.0413,-5.0776,3.0802,3.4556,7.7877,20.364
2.2208,4.456,1.2085,-4.9443,0.012335,1.4251,-8.2902,-5.6048,2.9942,3.5099,8.0592,20.722
-0.029219,3.1759,1.8941,-3.3267,-1.3711,1.2409,-8.6034,-6.1603,2.8462,3.4937,8.2347,20.869
-1.1485,2.2454,1.8482,-2.3904,-1.8763,0.82002,-8.9476,-6.68,2.6644,3.4258,8.331,20.854
-0.75966,1.9506,1.0737,-2.4473,-1.3268,0.29672,-9.2568,-7.0719,2.498,3.3448,8.3928,20.765
1.023,2.4356,-0.20158,-3.5197,0.10436,-0.14992,-9.4648,-7.246,2.395,3.2926,8.4723,20.678
3.6587,3.6439,-1.6121,-5.3306,1.9888,-0.36474,-9.5381,-7.1557,2.3796,3.2935,8.6036,20.614
6.4493,5.3263,-2.7805,-7.4225,3.8339,-0.26459,-9.4952,-6.8231,2.442,3.3438,8.7872,20.534
8.7844,7.1261,-3.4276,-9.3345,5.2238,0.14626,-9.399,-6.3356,2.5449,3.4159,8.9939,20.366
10.273,8.7038,-3.4397,-10.739,5.9136,0.78826,-9.3276,-5.8178,2.6391,3.4727,9.1827,20.038
10.778,9.8297,-2.8832,-11.484,5.868,1.5346,-9.3442,-5.3963,2.6803,3.4823,9.3205,19.51
10.386,10.413,-1.9642,-11.575,5.228,2.2481,-9.48,-5.1694,2.6394,3.4277,9.3923,18.784
9.3454,10.492,-0.94277,-11.14,4.2359,2.8234,-9.7296,-5.1844,2.5092,3.3115,9.4023,17.903
7.9928,10.211,-0.031127,-10.398,3.1511,3.2219,-10.055,-5.4209,2.3091,3.1564,9.3709,16.947
6.6679,9.7735,0.67397,-9.5989,2.1814,3.4778,-10.396,-5.7937,2.0823,3.0013,9.3297,16.009
5.6168,9.3723,1.1872,-8.9432,1.4431,3.6675,-10.689,-6.1829,1.8806,2.8864,9.3121,15.164
4.9234,9.1207,1.5824,-8.5171,0.94381,3.8569,-10.893,-6.4845,1.7417,2.8364,9.3425,14.442
4.51,9.0225,1.9314,-8.284,0.60836,4.065,-11.006,-6.6565,1.6711,2.8506,9.4263,13.823
4.2388,8.9988,2.266,-8.138,0.36051,4.2576,-11.057,-6.7358,1.6414,2.9057,9.5469,13.249
4.0387,8.9533,2.5712,-7.995,0.17817,4.3737,-11.092,-6.8108,1.6078,2.9678,9.673,12.653
3.9247,8.8348,2.7949,-7.8422,0.077783,4.3664,-11.143,-6.9649,1.5337,3.0082,9.7732,11.985
3.9347,8.66,2.8767,-7.7208,0.086393,4.2318,-11.215,-7.2255,1.4111,3.0139,9.8283,11.231
4.078,8.493,2.7958,-7.6776,0.21882,4.0172,-11.276,-7.549,1.2645,2.9899,9.8353,10.422
4.3184,8.4039,2.6062,-7.7294,0.44777,3.8065,-11.271,-7.8442,1.1372,2.9525,9.8021,9.6243
4.5749,8.436,2.4289,-7.8525,0.69096,3.694,-11.142,-8.0109,1.0712,2.9198,9.7418,8.922
4.7379,8.593,2.4075,-7.9908,0.83169,3.7589,-10.847,-7.972,1.0947,2.905,9.67,8.386
4.7029,8.846,2.6562,-8.0758,0.76192,4.0463,-10.373,-7.6898,1.2224,2.9151,9.6048,8.0515
4.4113,9.1501,3.2203,-8.0543,0.42626,4.555,-9.7336,-7.1616,1.4604,2.9533,9.5652,7.9108
3.8805,9.4622,4.0545,-7.9113,-0.14957,5.2319,-8.9649,-6.4105,1.809,3.0198,9.5668,7.9193
3.2082,9.7501,5.0228,-7.6767,-0.85603,5.9771,-8.1194,-5.4789,2.2595,3.1095,9.6157,8.0091
2.5467,9.9964,5.9302,-7.4159,-1.5294,6.6678,-7.2518,-4.4242,2.7898,3.2107,9.7051,8.1037
2.0571,10.212,6.5894,-7.2156,-2.0088,7.204,-6.3965,-3.3092,3.3684,3.3094,9.8212,8.1413
1.8606,10.452,6.9032,-7.1672,-2.1978,7.558,-5.5531,-2.1814,3.9681,3.4017,9.9556,8.1004
2.0033,10.811,6.9176,-7.344,-2.1013,7.7994,-4.689,-1.0507,4.5796,3.5025,10.116,8.0113
2.4434,11.396,6.8111,-7.7766,-1.8231,8.0746,-3.7572,0.11791,5.2155,3.6437,10.327,7.9455
3.0664,12.28,6.8231,-8.4399,-1.5241,8.5487,-2.7187,1.3861,5.9,3.8617,10.613,7.9837
3.7302,13.468,7.1551,-9.2632,-1.3605,9.3387,-1.5621,2.8051,6.6494,4.1806,10.986,8.1787
4.3221,14.881,7.8898,-10.157,-1.4227,10.464,-0.31771,4.3769,7.4509,4.5972,11.428,8.5266
4.7958,16.378,8.9541,-11.039,-1.7039,11.833,0.93913,6.0347,8.2525,5.0755,11.888,8.9615
5.1602,17.787,10.146,-11.839,-2.1119,13.27,2.1033,7.6574,8.9735,5.5552,12.302,9.3767
5.4331,18.943,11.216,-12.482,-2.5237,14.567,3.0724,9.108,9.5337,5.9737,12.617,9.6628
5.5973,19.699,11.976,-12.882,-2.8544,15.537,3.7817,10.279,9.886,6.2883,12.81,9.746
5.5857,19.931,12.358,-12.943,-3.097,16.046,4.2223,11.119,10.032,6.4869,12.886,9.6072
5.3014,19.548,12.403,-12.588,-3.3129,16.026,4.4381,11.641,10.017,6.5837,12.857,9.2794
4.6538,18.512,12.209,-11.776,-3.5874,15.468,4.511,11.91,9.9041,6.6049,12.739,8.8253
3.593,16.847,11.867,-10.51,-3.9855,14.395,4.5438,12.016,9.7545,6.5731,12.544,8.3077
2.1303,14.629,11.438,-8.8326,-4.524,12.851,4.6458,12.049,9.6049,6.4917,12.272,7.7617
0.34764,11.952,10.946,-6.8113,-5.1659,10.912,4.9224,12.072,9.4489,6.3341,11.901,7.1774
-1.604,8.9005,10.389,-4.5343,-5.8325,8.688,5.4676,12.1,9.2284,6.0439,11.387,6.4984
-3.5154,5.5712,9.7632,-2.1228,-6.4256,6.3037,6.3582,12.108,8.8442,5.5531,10.675,5.6386
-5.146,2.1245,9.0663,0.24662,-6.8462,3.8935,7.6262,12.063,8.1959,4.8157,9.7238,4.5154
-6.2784,-1.1672,8.2779,2.3439,-7.0025,1.6115,9.1176,11.979,7.2467,3.8385,8.5389,3.0924
-6.7989,-3.9392,7.3254,3.9448,-6.8244,-0.35786,10.189,11.96,6.0801,2.6913,7.1927,1.4212
-6.7494,-5.8313,6.0887,4.9103,-6.2934,-1.8119,10.164,12.213,4.9232,1.4927,5.8026,-0.31806
-6.2951,-6.591,4.6228,5.2094,-5.5072,-2.5359,9.9734,13.033,4.1651,0.43346,4.4902,-1.7683
-5.6391,-6.0968,3.4624,4.8593,-4.7443,-2.3133,11.264,14.688,4.4466,0.0836,3.7116,-2.3484
-4.9158,-4.2877,3.3752,3.8315,-4.2896,-0.97442,15.009,16.28,6.897,1.6838,5.0617,-1.2698
-3.9733,-1.0232,4.7565,1.9509,-3.818,1.5573,21.847,14.075,5.6209,-0.74099,7.9937,0.15514
-3.1369,2.2259,8.0579,2.1245,-2.5942,5.2344,31.954,22.224,6.109,-4.4639,1.4925,-11.694
-11.338,-3.876,19.353,9.1966,-12.679,9.9617,44.764,31.712,4.6497,-11.806,-8.8265,-18.321
-22.209,-3.2473,40.087,14.53,-26.971,17.408,59.822,38.942,-0.9298,-23.229,-22.687,-24.739
-35.507,-2.6939,60.719,21.516,-43.52,28.744,78.204,43.518,-10.459,-37.643,-37.423,-31.508
-49.346,-3.3897,77.298,29.771,-60.493,36.827,98.233,47.466,-20.659,-51.675,-49.371,-37.288
-58.907,-3.5079,82.816,36.182,-72.527,41.927,107.6,52.613,-25.447,-57.286,-52.745,-38.701
-57.481,2.3132,74.437,34.521,-69.209,44.722,103.94,65.128,-11.572,-38.937,-36.21,-29.271
-32.894,21.279,52.141,13.674,-42.753,44.151,92.978,95.5,50.047,36.955,22.067,3.5447
34.047,62.747,18.047,-42.517,8.9065,45.174,77.376,154.42,202.93,206.2,146.81,78.581
150.7,132.23,-26.787,-138.83,86.983,53.675,58.278,248.08,420.8,445.29,324.21,192.11
297.63,227.99,-79.76,-260.24,187.68,72.856,35.945,375.44,710.02,762.97,560.09,338.33
473.38,350.16,-137.66,-408.78,305.62,103.03,9.6752,526.57,1052.2,1139.1,842.11,517.19
669.41,489.68,-198.49,-576.04,435.13,140.85,-21.533,680.89,1411.1,1534.8,1143.5,714.51
869.4,628.79,-262.87,-745.22,568.37,177.42,-57.467,812.95,1739.2,1896.3,1425.6,907.24
1052.4,744.33,-332.91,-894.68,695.64,200.04,-95.727,903.39,1985.2,2163.4,1643.8,1066.7
1195.8,813.06,-408.68,-1001.9,805.37,196.74,-131.87,939.2,2104.3,2283.3,1757.0,1164.7
1278.7,818.53,-485.45,-1048.2,885.18,161.3,-159.82,913.98,2069.4,2224.6,1738.7,1181.3
1287.7,756.83,-553.37,-1024.2,923.72,97.253,-173.56,828.08,1879.3,1988.8,1586.1,1111.4
1219.8,638.67,-599.5,-932.8,913.26,16.55,-170.75,687.88,1559.5,1612.2,1323.3,966.72
1084.7,486.14,-612.04,-789.19,852.37,-65.186,-154.3,505.01,1156.0,1156.9,994.71,773.63
902.87,325.4,-585.27,-616.83,747.96,-133.03,-129.97,295.68,723.72,693.1,652.88,564.44
701.1,178.8,-523.46,-441.08,615.5,-177.47,-103.42,79.883,314.78,281.1,343.9,368.43
507.07,59.943,-441.19,-283.65,476.22,-197.51,-79.303,-120.69,-30.606,-41.099,97.702,205.37
343.28,-26.037,-357.86,-158.86,351.13,-199.49,-59.585,-286.58,-289.17,-260.89,-74.743,83.908
221.62,-80.391,-289.17,-69.698,254.07,-192.3,-42.826,-405.67,-456.14,-386.8,-178.55,2.4094
141.11,-109.7,-241.38,-12.631,188.45,-182.95,-28.722,-476.84,-543.05,-440.61,-229.07,-47.15
90.314,-121.35,-211.08,14.84,148.32,-173.33,-18.022,-509.12,-571.6,-448.42,-245.01,-68.94
55.945,-120.69,-188.05,27.14,121.1,-160.93,-9.7595,-516.12,-565.27,-432.52,-241.43,-74.849
29.094,-110.73,-160.39,33.296,94.056,-141.5,-1.8909,-509.43,-542.05,-407.3,-227.58,-73.928
3.6213,-93.533,-120.27,37.303,62.894,-111.91,6.5183,-495.65,-511.3,-379.67,-209.49,-70.109
-22.299,-71.642,-69.969,40.804,25.129,-75.04,14.655,-476.12,-475.25,-351.3,-190.67,-64.734
-47.627,-47.352,-17.645,44.537,-17.945,-39.623,22.429,-449.04,-436.87,-321.24,-171.74,-59.269
-71.895,-32.762,32.681,48.833,-57.975,-9.732,30.04,-413.9,-397.67,-291.56,-154.39,-54.506
-94.671,-26.413,72.874,35.619,-89.583,15.444,37.192,-371.13,-353.77,-260.61,-141.3,-46.341
-105.69,-20.243,99.241,31.883,-110.47,34.433,42.986,-321.84,-306.58,-229.78,-126.83,-48.066
-90.021,-15.09,113.32,32.839,-121.18,45.484,46.564,-274.85,-266.92,-206.88,-117.2,-49.317
-77.976,-11.218,118.41,33.024,-124.22,49.882,47.726,-232.22,-233.99,-188.21,-109.83,-49.206
-71.598,-8.5606,117.06,32.28,-120.23,49.946,47.088,-192.83,-204.16,-170.12,-102.45,-48.17
-66.068,-6.8969,111.22,30.847,-108.38,46.343,45.355,-156.6,-177.19,-151.12,-93.963,-46.666
-60.603,-5.8674,101.33,28.925,-89.111,34.729,42.732,-123.86,-153.35,-132.57,-84.169,-45.048
-55.258,-5.19,85.544,26.654,-70.114,23.135,39.243,-96.203,-132.9,-115.78,-74.008,-43.569
-49.769,-4.7377,67.552,24.152,-57.156,19.132,35.144,-75.733,-115.87,-101.38,-64.941,-42.378
-44.121,-4.4846,53.091,21.553,-47.539,16.856,30.969,-62.491,-101.74,-89.963,-57.996,-41.511
-38.706,-4.4473,41.556,19.05,-39.509,14.328,27.257,-54.597,-90.242,-81.707,-53.36,-40.893
-33.978,-4.6576,32.936,16.874,-33.364,11.594,24.158,-49.367,-81.664,-76.113,-50.471,-40.376
-30.269,-5.1509,26.78,15.244,-29.243,9.0212,21.414,-44.998,-76.259,-72.283,-48.534,-39.8
-27.711,-5.9606,22.873,14.304,-26.902,6.8124,18.754,-41.957,-73.505,-69.013,-47.01,-39.078
-26.195,-7.1069,20.914,14.089,-25.717,4.9767,16.14,-41.837,-71.662,-65.701,-45.676,-38.238
-25.446,-8.5745,20.065,14.527,-24.832,3.4066,13.679,-42.687,-69.409,-62.573,-44.52,-37.408
-25.181,-10.286,19.24,15.445,-23.709,1.9627,11.442,-41.23,-67.028,-59.905,-43.617,-36.737
-25.176,-12.088,18.046,16.6,-22.402,0.54788,9.4517,-39.229,-64.943,-57.766,-43.039,-36.317
-25.228,-13.784,16.741,17.72,-21.14,-0.84571,7.7538,-37.675,-63.26,-56.101,-42.785,-36.126
-25.156,-15.196,15.511,18.58,-19.986,-2.1494,6.4149,-36.626,-61.936,-54.794,-42.772,-36.051
-24.858,-16.232,14.384,19.073,-18.9,-3.2797,5.4728,-35.943,-60.878,-53.715,-42.885,-35.937
-24.35,-16.934,13.354,19.241,-17.867,-4.2088,4.9078,-35.506,-60.012,-52.775,-43.036,-35.653
-23.772,-17.469,12.412,19.256,-16.938,-4.9931,4.6472,-35.261,-59.312,-51.936,-43.196,-35.135
-23.352,-18.071,11.557,19.357,-16.203,-5.7536,4.5886,-35.201,-58.784,-51.207,-43.38,-34.394
-23.331,-18.955,10.787,19.757,-15.749,-6.6166,4.6281,-35.321,-58.429,-50.609,-43.605,-33.508
-23.817,-20.223,10.087,20.559,-15.596,-7.6578,4.6798,-35.594,-58.222,-50.151,-43.865,-32.58
-24.69,-21.804,9.4197,21.7,-15.645,-8.8727,4.6854,-35.962,-58.117,-49.82,-44.135,-31.707
-25.627,-23.479,8.7371,22.964,-15.705,-10.178,4.6282,-36.357,-58.061,-49.572,-44.376,-30.947
-26.255,-24.961,8.0093,24.057,-15.584,-11.444,4.5401,-36.698,-57.994,-49.332,-44.545,-30.318
-26.293,-25.984,7.2399,24.703,-15.167,-12.528,4.4915,-36.899,-57.853,-49.006,-44.608,-29.805
-25.626,-26.373,6.4603,24.725,-14.437,-13.319,4.5686,-36.882,-57.575,-48.506,-44.548,-29.392
-24.307,-26.097,5.7122,24.101,-13.452,-13.77,4.8367,-36.603,-57.103,-47.786,-44.372,-29.084
-22.536,-25.279,5.0351,22.966,-12.327,-13.913,5.3118,-36.072,-56.404,-46.86,-44.11,-28.902
-20.626,-24.168,4.4638,21.578,-11.22,-13.845,5.9557,-35.333,-55.473,-45.78,-43.804,-28.896
-18.921,-23.058,4.0256,20.236,-10.294,-13.697,6.6947,-34.428,-54.322,-44.61,-43.481,-29.108
-17.669,-22.185,3.7248,19.185,-9.6531,-13.579,7.4468,-33.382,-52.972,-43.391,-43.146,-29.557
-16.925,-21.654,3.5219,18.528,-9.2891,-13.555,8.1378,-32.188,-51.444,-42.122,-42.779,-30.232
-16.53,-21.433,3.3266,18.199,-9.077,-13.643,8.7072,-30.829,-49.758,-40.77,-42.351,-31.105
-16.188,-21.395,3.0293,18.01,-8.8204,-13.818,9.117,-29.303,-47.938,-39.299,-41.839,-32.143
-15.599,-21.379,2.5577,17.743,-8.3413,-14.034,9.3605,-27.645,-46.012,-37.691,-41.239,-33.321
-14.619,-21.244,1.9276,17.248,-7.5806,-14.228,9.4684,-25.921,-44.022,-35.966,-40.577,-34.604
-13.352,-20.924,1.2562,16.528,-6.6477,-14.34,9.4915,-24.204,-42.009,-34.166,-39.889,-35.942
-12.112,-20.474,0.72552,15.747,-5.7882,-14.328,9.4772,-22.555,-39.985,-32.326,-39.206,-37.266
-11.281,-20.06,0.50644,15.159,-5.2786,-14.191,9.444,-21.003,-37.923,-30.452,-38.525,-38.497
-11.15,-19.878,0.67903,14.997,-5.3057,-13.979,9.3607,-19.555,-35.775,-28.527,-37.81,-39.566
-11.806,-20.079,1.1928,15.372,-5.8944,-13.79,9.1578,-18.21,-33.501,-26.523,-37.002,-40.418
-13.126,-20.718,1.8831,16.258,-6.9036,-13.742,8.7618,-16.973,-31.091,-24.422,-36.027,-41.013
-14.818,-21.752,2.5293,17.516,-8.0795,-13.932,8.1284,-15.859,-28.573,-22.228,-34.82,-41.318
-16.514,-23.065,2.9224,18.927,-9.1337,-14.405,7.2478,-14.895,-26.008,-19.986,-33.349,-41.308
-17.857,-24.478,2.9159,20.233,-9.8177,-15.144,6.1389,-14.111,-23.486,-17.771,-31.634,-40.968
-18.586,-25.784,2.4598,21.197,-9.981,-16.07,4.8494,-13.518,-21.1,-15.667,-29.744,-40.28
-18.59,-26.791,1.6145,21.667,-9.6024,-17.057,3.4509,-13.104,-18.927,-13.733,-27.773,-39.225
-17.929,-27.386,0.5344,21.621,-8.7885,-17.967,2.0201,-12.825,-17.003,-11.989,-25.797,-37.779
-16.815,-27.567,-0.58017,21.161,-7.7343,-18.685,0.60862,-12.618,-15.327,-10.422,-23.859,-35.927
-15.539,-27.426,-1.5439,20.466,-6.6623,-19.148,-0.77966,-12.43,-13.871,-9.0027,-21.966,-33.677
-14.385,-27.101,-2.2313,19.722,-5.7629,-19.356,-2.1825,-12.232,-12.589,-7.6919,-20.094,-31.06
-13.555,-26.718,-2.595,19.074,-5.1574,-19.358,-3.6489,-12.025,-11.424,-6.4431,-18.204,-28.129
-13.128,-26.355,-2.6585,18.61,-4.8871,-19.224,-5.2067,-11.832,-10.318,-5.207,-16.254,-24.943
-13.077,-26.048,-2.494,18.367,-4.923,-19.02,-6.8508,-11.681,-9.2098,-3.9424,-14.223,-21.563
-13.305,-25.798,-2.1939,18.329,-5.1862,-18.778,-8.5549,-11.591,-8.0548,-2.6301,-12.129,-18.053
-13.675,-25.572,-1.8485,18.406,-5.5675,-18.497,-10.287,-11.551,-6.8241,-1.2752,-10.026,-14.479
-14.018,-25.274,-1.5376,18.439,-5.9382,-18.142,-12.027,-11.519,-5.5028,0.10516,-7.9712,-10.908
-14.129,-24.748,-1.338,18.209,-6.1568,-17.675,-13.776,-11.42,-4.0848,1.4993,-6.0011,-7.402
-13.785,-23.812,-1.338,17.491,-6.0816,-17.082,-15.56,-11.183,-2.572,2.9083,-4.1259,-4.0259
-12.784,-22.346,-1.6505,16.12,-5.5862,-16.398,-17.45,-10.767,-0.97433,4.3446,-2.3386,-0.84323
-11.004,-20.362,-2.4196,14.05,-4.5768,-15.712,-19.557,-10.189,0.68956,5.8243,-0.63027,2.0857
-8.4662,-18.04,-3.8148,11.399,-3.0119,-15.154,-22.032,-9.5242,2.3899,7.3584,0.99691,4.7074
-5.3425,-15.682,-6.0015,8.424,-0.91964,-14.878,-25.02,-8.8789,4.088,8.9518,2.5276,6.9793
-1.914,-13.621,-9.0703,5.4425,1.6,-15.025,-28.553,-8.3455,5.7536,10.619,3.9478,8.8808
1.5074,-12.123,-12.952,2.7458,4.3965,-15.698,-32.453,-7.9537,7.3919,12.414,5.265,10.428
4.6414,-11.342,-17.412,0.55232,7.31,-16.936,-36.366,-7.6536,9.0599,14.448,6.5154,11.673
7.272,-11.325,-22.172,-0.99505,10.226,-18.717,-39.982,-7.3433,10.854,16.901,7.753,12.686
9.2674,-12.055,-27.062,-1.8211,13.133,-20.977,-43.202,-6.9258,12.879,20.001,9.0284,13.524
10.601,-13.492,-32.059,-1.9208,16.169,-23.632,-46.12,-6.3591,15.224,23.948,10.378,14.214
11.363,-15.58,-37.202,-1.3593,19.649,-26.584,-48.905,-5.6765,17.949,28.772,11.824,14.756
11.762,-18.201,-42.411,-0.2647,23.984,-29.71,-51.69,-4.9669,21.082,34.224,13.394,15.143
12.109,-21.101,-47.406,1.1649,29.392,-32.836,-54.514,-4.3271,24.617,39.892,15.133,15.379
12.799,-23.866,-51.849,2.643,35.487,-35.73,-57.324,-3.8077,28.554,45.474,17.138,15.48
14.282,-25.999,-55.553,3.7976,41.399,-38.129,-60.003,-3.3763,32.963,50.912,19.572,15.488
16.988,-27.062,-58.508,4.226,46.497,-39.798,-62.424,-2.917,38.027,56.308,22.68,15.464
21.215,-26.795,-60.795,3.5897,50.764,-40.625,-64.508,-2.2672,43.969,61.788,26.762,15.482
27.003,-25.17,-62.556,1.7042,54.551,-40.66,-66.257,-1.2753,50.861,67.457,32.06,15.627
34.076,-22.368,-64.006,-1.4147,58.233,-40.098,-67.739,0.14428,58.454,73.427,38.512,15.976
41.982,-18.723,-65.38,-5.5698,62.039,-39.187,-69.021,1.9752,66.271,79.806,45.576,16.598
50.324,-14.628,-66.842,-10.473,66.025,-38.14,-70.1,4.1003,73.908,86.629,52.55,17.555
58.896,-10.449,-68.433,-15.9,70.122,-37.064,-70.881,6.3637,81.208,93.807,59.125,18.922
67.607,-6.4602,-70.082,-21.838,74.194,-35.945,-71.213,8.6797,88.229,101.15,65.44,20.806
76.28,-2.7815,-71.646,-28.514,78.101,-34.648,-70.958,11.11,95.148,108.47,71.743,23.343
84.535,0.67204,-72.955,-36.092,81.739,-32.975,-70.061,13.844,102.19,115.74,78.183,26.642
91.953,4.1676,-73.855,-44.187,85.056,-30.79,-68.596,17.104,109.53,123.09,84.802,30.688
98.475,8.0096,-74.242,-52.089,88.055,-28.132,-66.76,21.053,117.29,130.82,91.599,35.329
104.56,12.351,-74.112,-59.598,90.788,-25.188,-64.816,25.743,125.45,139.1,98.571,40.424
110.8,17.127,-73.59,-67.001,93.371,-22.156,-62.995,31.093,133.91,147.94,105.71,45.952
117.5,22.179,-72.922,-74.466,95.947,-19.201,-61.417,36.885,142.54,157.1,112.99,51.939
124.53,27.4,-72.404,-81.876,98.645,-16.459,-60.092,42.769,151.2,166.33,120.34,58.319
131.48,32.833,-72.283,-88.992,101.54,-14.032,-58.958,48.373,159.84,175.4,127.72,64.909
137.98,38.685,-72.676,-95.604,104.62,-11.977,-57.921,53.481,168.39,184.23,135.11,71.522
143.81,45.2,-73.535,-101.57,107.84,-10.307,-56.876,58.151,176.77,192.79,142.5,78.065
149.0,52.326,-74.66,-106.86,111.07,-8.9906,-55.737,62.738,184.81,201.13,149.9,84.534
153.62,59.415,-75.736,-111.49,114.07,-7.9471,-54.474,67.862,192.34,209.39,157.33,90.954
157.51,65.568,-76.422,-115.43,116.47,-7.0473,-53.133,74.147,199.36,217.71,164.79,97.32
160.09,70.359,-76.459,-118.51,117.74,-6.1338,-51.811,81.481,206.04,226.13,172.3,103.59
160.82,74.026,-75.78,-120.6,117.56,-5.0521,-50.598,88.736,212.53,234.52,179.82,109.69
160.03,77.172,-74.567,-122.0,116.25,-3.683,-49.514,94.824,218.82,242.64,187.24,115.57
159.07,80.403,-73.184,-123.49,114.74,-1.9714,-48.474,99.541,224.66,250.24,194.36,121.15
159.7,84.079,-72.011,-125.89,114.27,0.056508,-47.315,103.25,229.77,257.12,200.99,126.4
163.02,88.229,-71.265,-129.55,115.68,2.3017,-45.826,106.38,233.98,263.13,206.93,131.27
168.8,92.625,-70.914,-134.21,118.93,4.6271,-43.787,109.13,237.22,268.19,212.03,135.71
175.58,96.92,-70.719,-139.17,123.09,6.9068,-41.002,111.52,239.52,272.24,216.22,139.63
181.47,100.77,-70.333,-143.63,126.74,9.0625,-37.402,113.47,240.85,275.24,219.42,143.0
184.9,103.93,-69.364,-146.9,128.62,11.069,-33.152,114.85,241.18,277.13,221.55,145.87
185.21,106.22,-67.453,-148.58,128.09,12.941,-28.608,115.56,240.44,277.77,222.52,148.25
182.67,107.62,-64.387,-148.56,125.24,14.73,-24.101,115.67,238.66,277.0,222.2,150.08
178.1,108.22,-60.166,-146.98,120.58,16.509,-19.778,115.35,236.04,274.76,220.61,151.18
172.18,108.25,-55.024,-144.15,114.69,18.346,-15.604,114.86,232.91,271.12,217.94,151.34
165.34,107.97,-49.412,-140.56,108.11,20.269,-11.439,114.47,229.57,266.28,214.47,150.45
158.15,107.6,-43.792,-136.8,101.56,22.247,-7.1447,114.4,226.12,260.42,210.41,148.52
151.59,107.2,-38.379,-133.37,95.836,24.199,-2.6756,114.75,222.43,253.65,205.8,145.65
146.33,106.68,-33.06,-130.42,91.299,26.016,1.8826,115.58,218.24,245.97,200.5,141.95
142.1,105.73,-27.527,-127.49,87.5,27.592,6.3402,116.84,213.2,237.32,194.31,137.48
137.82,104.05,-21.535,-123.91,83.473,28.847,10.478,118.49,207.07,227.65,187.08,132.3
132.43,101.55,-15.244,-119.31,78.389,29.739,14.123,120.49,199.84,217.04,178.87,126.42
125.43,98.365,-9.379,-113.77,72.021,30.255,17.181,122.7,191.74,205.77,169.96,119.92
116.96,94.697,-4.6875,-107.65,64.689,30.406,19.638,124.68,183.14,194.19,160.68,112.99
107.54,90.703,-1.2663,-101.2,56.841,30.214,21.533,125.7,174.34,182.68,151.31,105.82
97.759,86.455,1.2152,-94.51,48.808,29.71,22.93,125.06,165.38,171.41,142.02,98.534
88.144,81.963,3.0396,-87.638,40.907,28.925,23.881,122.25,156.13,160.4,132.92,91.145
79.062,77.214,4.3541,-80.715,33.523,27.899,24.422,116.89,146.51,149.56,124.02,83.652
70.668,72.218,5.263,-73.93,26.915,26.692,24.578,108.75,136.49,138.79,115.28,76.067
62.821,67.004,5.8924,-67.372,21.066,25.399,24.373,98.012,126.21,128.06,106.63,68.469
54.99,61.535,6.3925,-60.811,15.887,24.124,23.837,85.45,115.91,117.42,98.025,60.98
46.408,55.614,6.9013,-53.632,11.455,22.932,23.007,72.754,105.95,106.92,89.453,53.667
36.895,49.008,7.5025,-45.308,7.9002,21.821,21.932,62.024,96.641,96.644,80.98,46.467
27.708,41.901,8.2013,-36.42,5.1353,20.733,20.669,54.384,88.122,86.688,72.712,39.251
20.338,35.04,8.9307,-28.532,2.9045,19.591,19.286,49.226,80.173,77.195,64.746,32.204
14.902,29.09,9.5812,-22.449,1.0231,18.338,17.842,44.75,72.302,68.258,57.094,26.111
10.783,24.168,10.035,-17.851,-0.53251,16.946,16.362,39.299,63.936,59.833,49.613,21.687
7.6134,20.105,10.184,-14.261,-1.6598,15.424,14.846,32.919,54.651,51.668,42.063,18.827
5.4382,16.802,9.9268,-11.53,-2.2008,13.822,13.288,26.937,44.605,43.381,34.554,16.967
4.4546,14.31,9.1986,-9.7663,-2.0402,12.243,11.714,22.029,35.002,35.026,27.954,15.662
4.6968,12.748,8.0369,-9.0752,-1.1949,10.85,10.197,17.981,27.294,27.617,23.055,14.72
5.9118,12.171,6.6389,-9.367,0.1462,9.8341,8.8374,14.523,21.803,22.071,19.739,14.119
7.6226,12.495,5.3531,-10.353,1.638,9.3723,7.7229,11.637,18.002,18.241,17.469,13.892
9.2632,13.49,4.586,-11.635,2.8501,9.5618,6.8998,9.4038,15.318,15.536,15.822,14.049
10.318,14.833,4.6661,-12.812,3.3863,10.381,6.3639,7.8322,13.354,13.489,14.547,14.554
10.438,16.203,5.7267,-13.56,3.0106,11.684,6.0748,6.8152,11.839,11.818,13.502,15.335
9.5179,17.372,7.6522,-13.696,1.7274,13.243,5.9771,6.1689,10.588,10.364,12.596,16.304
7.7356,18.238,10.103,-13.21,-0.21121,14.825,6.0182,5.7061,9.4831,9.0473,11.774,17.376
5.5169,18.829,12.62,-12.286,-2.3803,16.266,6.1617,5.302,8.4676,7.8363,11.007,18.468
3.4202,19.288,14.774,-11.269,-4.3175,17.517,6.3928,4.931,7.5353,6.7294,10.29,19.506
1.9672,19.828,16.318,-10.572,-5.6737,18.642,6.7174,4.6608,6.7146,5.74,9.6275,20.441
1.4755,20.661,17.247,-10.523,-6.3181,19.77,7.1557,4.6108,6.0491,4.8887,9.0388,21.275
1.9466,21.931,17.763,-11.229,-6.3537,21.023,7.7266,4.8902,5.5739,4.198,8.5497,22.081
3.0729,23.63,18.159,-12.514,-6.0403,22.453,8.4256,5.5377,5.2893,3.6812,8.1837,22.946
4.3882,25.521,18.671,-13.987,-5.6712,23.99,9.2056,6.4813,5.1441,3.3304,7.9452,23.907
5.4728,27.18,19.378,-15.215,-5.469,25.433,9.9778,7.5362,5.042,3.1093,7.8074,24.901
6.0733,28.155,20.147,-15.891,-5.5206,26.496,10.636,8.4605,4.8739,2.9601,7.7158,25.789
6.114,28.161,20.696,-15.889,-5.7584,26.902,11.096,9.0488,4.5634,2.8226,7.6102,26.408
5.6541,27.163,20.741,-15.235,-6.0157,26.482,11.321,9.2146,4.0985,2.6574,7.4509,26.653
4.8296,25.329,20.135,-14.046,-6.1342,25.211,11.327,9.016,3.5329,2.4585,7.2344,26.522
3.8014,22.914,18.932,-12.491,-6.0527,23.194,11.162,8.6111,2.9551,2.2479,6.9883,26.116
2.7199,20.156,17.338,-10.761,-5.8136,20.612,10.877,8.1744,2.4447,2.0546,6.7488,25.589
1.7056,17.222,15.604,-9.0125,-5.4974,17.678,10.503,7.8215,2.0393,1.8933,6.5385,25.074
0.83655,14.197,13.918,-7.3288,-5.1618,14.617,10.053,7.5804,1.7272,1.7564,6.3572,24.627
0.14396,11.15,12.364,-5.7306,-4.8237,11.641,9.5332,7.4128,1.4679,1.6224,6.1895,24.203
-0.37414,8.169,10.929,-4.2182,-4.4699,8.9061,8.9619,7.2654,1.2236,1.4717,6.0205,23.675
-0.73934,5.3519,9.5573,-2.7949,-4.0788,6.4801,8.383,7.1231,0.98589,1.3006,5.8485,22.919
-0.99998,2.7499,8.2075,-1.4558,-3.65,4.3614,7.8608,7.0335,0.78612,1.1274,5.6888,21.92
-1.2407,0.36096,6.896,-0.17531,-3.2243,2.5242,7.462,7.0908,0.68629,0.9894,5.5681,20.773
-1.572,-1.8338,5.7,1.0826,-2.8825,0.94985,7.2354,7.3885,0.7525,0.92963,5.5118,19.607
-2.1023,-3.8303,4.7249,2.3443,-2.7259,-0.36188,7.2018,7.9767,1.0253,0.98196,5.5312,18.492
-2.9052,-5.5906,4.0746,3.6117,-2.8473,-1.3914,7.3599,8.8522,1.5034,1.1603,5.6184,17.443
-3.9954,-7.0536,3.8337,4.8593,-3.2992,-2.1067,7.703,9.9764,2.1488,1.4598,5.7547,16.459
-5.3187,-8.1483,4.0399,6.0345,-4.0664,-2.4721,8.2333,11.296,2.9116,1.8621,5.9261,15.568
-6.7558,-8.8049,4.6593,7.06,-5.0631,-2.457,8.9697,12.767,3.758,2.3509,6.1351,14.818
-8.1382,-8.9664,5.5907,7.8388,-6.1514,-2.0529,9.9398,14.368,4.6834,2.9199,6.4003,14.251
-9.2675,-8.6065,6.6868,8.2678,-7.1649,-1.2946,11.157,16.094,5.7031,3.5709,6.7462,13.884
-9.9356,-7.7483,7.7714,8.2542,-7.9287,-0.2765,12.587,17.911,6.8256,4.3028,7.188,13.695
-9.9533,-6.4727,8.6421,7.7298,-8.2819,0.84464,14.136,19.731,8.0282,5.0982,7.7165,13.63
-9.1969,-4.9087,9.087,6.6701,-8.1066,1.8692,15.665,21.43,9.2496,5.9138,8.2908,13.611
-7.6572,-3.2037,8.9425,5.1147,-7.3565,2.6121,17.043,22.894,10.405,6.6916,8.8456,13.555
-5.4554,-1.4782,8.1671,3.1702,-6.0731,2.9847,18.196,24.068,11.419,7.3736,9.318,13.406
-2.8166,0.22093,6.898,0.98309,-4.3973,3.0557,19.13,24.981,12.26,7.9317,9.6827,13.162
-0.039375,1.925,5.4593,-1.2876,-2.5782,3.0414,19.909,25.726,12.951,8.3853,9.9757,12.885
2.5236,3.6762,4.2774,-3.4693,-0.94833,3.215,20.619,26.422,13.555,8.7905,10.27,12.675
4.5089,5.4364,3.7227,-5.3617,0.16014,3.7706,21.317,27.165,14.136,9.2074,10.637,12.615
5.6261,7.0465,3.9562,-6.7511,0.53057,4.7118,22.002,27.977,14.713,9.6653,11.1,12.716
5.7393,8.2514,4.8592,-7.456,0.14251,5.8218,22.614,28.784,15.245,10.144,11.621,12.903
4.8999,8.7689,6.0717,-7.3751,-0.82477,6.7327,23.063,29.452,15.654,10.583,12.115,13.047
3.3313,8.3913,7.1302,-6.5244,-2.0641,7.073,23.26,29.844,15.861,10.91,12.486,13.024
1.3869,7.0928,7.6583,-5.062,-3.2456,6.6285,23.151,29.881,15.841,11.07,12.669,12.766
-0.50227,5.0874,7.5043,-3.2858,-4.0983,5.4331,22.736,29.563,15.628,11.057,12.661,12.283
-1.9076,2.7849,6.747,-1.5748,-4.4478,3.7452,22.061,28.956,15.295,10.911,12.513,11.646
-2.5295,0.65617,5.611,-0.27754,-4.2428,1.9306,21.207,28.157,14.931,10.698,12.303,10.953
-2.3133,-0.92395,4.3715,0.40692,-3.5723,0.32038,20.268,27.257,14.599,10.484,12.101,10.284
-1.4661,-1.7965,3.2736,0.49959,-2.6378,-0.88878,19.328,26.297,14.317,10.301,11.945,9.6797
-0.37448,-2.0717,2.4709,0.23483,-1.6926,-1.6699,18.43,25.261,14.05,10.133,11.82,9.1291
0.5132,-2.0928,2.0105,-0.021387,-0.98577,-2.139,17.572,24.104,13.716,9.9246,11.659,8.5773
0.79879,-2.2947,1.8682,0.098888,-0.72063,-2.4887,16.72,22.792,13.235,9.6097,11.38,7.9554
0.231,-3.0079,1.9946,0.837,-1.0181,-2.9075,15.838,21.341,12.563,9.1419,10.923,7.2207
-1.2291,-4.3199,2.3461,2.2329,-1.8868,-3.4935,14.92,19.806,11.724,8.5236,10.285,6.3874
-3.3987,-6.0762,2.9003,4.1304,-3.2197,-4.2075,13.996,18.254,10.798,7.8032,9.5281,5.5289
-5.9304,-7.9975,3.6311,6.248,-4.8196,-4.9167,13.118,16.729,9.889,7.0616,8.7443,4.7492
-8.4192,-9.8157,4.4559,8.2778,-6.4372,-5.5054,12.322,15.25,9.0684,6.3747,8.0182,4.1378
-10.512,-11.354,5.2061,9.9796,-7.8141,-5.9673,11.616,13.795,8.3523,5.7807,7.3845,3.7272
-11.984,-12.561,5.659,11.241,-8.7373,-6.4154,10.971,12.312,7.6973,5.2693,6.8227,3.4792
-12.768,-13.513,5.6226,12.084,-9.0943,-7.0136,10.347,10.744,7.032,4.7949,6.2732,3.31
-12.946,-14.361,5.0243,12.621,-8.9012,-7.8848,9.7104,9.064,6.297,4.3049,5.6739,3.1384
-12.702,-15.246,3.9453,12.992,-8.2886,-9.0534,9.0324,7.2944,5.4692,3.7643,4.9895,2.9242
-12.265,-16.235,2.5766,13.312,-7.4508,-10.445,8.279,5.4889,4.5598,3.1586,4.2172,2.6763
-11.825,-17.303,1.1273,13.636,-6.5754,-11.931,7.4064,3.7071,3.6017,2.4931,3.377,2.4288
-11.473,-18.375,-0.26111,13.958,-5.7806,-13.39,6.3788,1.9977,2.6262,1.7888,2.5043,2.2178
-11.185,-19.368,-1.5531,14.235,-5.0852,-14.752,5.1933,0.39435,1.6622,1.0781,1.6385,2.0663
-10.862,-20.227,-2.8003,14.413,-4.4301,-16.003,3.8884,-1.0888,0.72692,0.39575,0.81477,1.9774
-10.405,-20.932,-4.0813,14.452,-3.7329,-17.168,2.5286,-2.4663,-0.18115,-0.23721,0.056385,1.9304
-9.7542,-21.476,-5.4311,14.33,-2.9412,-18.272,1.178,-3.7736,-1.0836,-0.82558,-0.63872,1.8785
-8.8896,-21.842,-6.8068,14.02,-2.0485,-19.303,-0.11778,-5.0545,-2.013,-1.3988,-1.3033,1.7589
-7.8022,-21.973,-8.0974,13.484,-1.0766,-20.193,-1.3326,-6.3367,-2.9926,-1.9931,-1.9785,1.5145
-6.4946,-21.785,-9.1862,12.671,-0.052808,-20.834,-2.4492,-7.6155,-4.0131,-2.6268,-2.6845,1.1224
-5.0021,-21.194,-10.016,11.554,0.99055,-21.117,-3.4541,-8.8377,-5.028,-3.2862,-3.4016,0.60891
-3.4071,-20.169,-10.597,10.154,2.0029,-20.984,-4.3435,-9.9206,-5.9625,-3.9271,-4.0766,0.037494
-1.8315,-18.746,-10.949,8.5535,2.9072,-20.444,-5.1272,-10.794,-6.7452,-4.4933,-4.6484,-0.5243
-0.40934,-17.012,-11.066,6.8782,3.6121,-19.563,-5.8148,-11.442,-7.3435,-4.9377,-5.0756,-1.0375
0.74744,-15.063,-10.92,5.2508,4.0354,-18.415,-6.3954,-11.916,-7.7729,-5.2339,-5.3459,-1.5047
1.5783,-12.959,-10.462,3.7461,4.1262,-17.032,-6.8317,-12.285,-8.0717,-5.3712,-5.4642,-1.9608
2.0956,-10.719,-9.6425,2.3716,3.8828,-15.404,-7.0756,-12.582,-8.2677,-5.3467,-5.4388,-2.4532
2.3879,-8.3454,-8.4427,1.079,3.3685,-13.52,-7.0942,-12.802,-8.3642,-5.1665,-5.2793,-3.0277
2.5968,-5.873,-6.9346,-0.19697,2.7164,-11.437,-6.8918,-12.916,-8.3521,-4.8544,-5.0083,-3.7245
2.8641,-3.4095,-5.321,-1.4906,2.0991,-9.3156,-6.5192,-12.899,-8.2309,-4.4573,-4.67,-4.578
3.2754,-1.1471,-3.8987,-2.7694,1.6775,-7.4064,-6.0672,-12.753,-8.0219,-4.0368,-4.3246,-5.6117
3.8263,0.67295,-2.9347,-3.9295,1.5446,-5.9726,-5.6441,-12.506,-7.7596,-3.6481,-4.0264,-6.8287
4.4284,1.8325,-2.5452,-4.8279,1.6937,-5.1934,-5.3438,-12.197,-7.4717,-3.3172,-3.8012,-8.2001
4.9552,2.2135,-2.6538,-5.3403,2.0328,-5.1014,-5.217,-11.855,-7.1634,-3.0345,-3.6394,-9.6715
5.3021,1.8327,-3.0584,-5.4088,2.4416,-5.581,-5.2643,-11.49,-6.8198,-2.7693,-3.5093,-11.185
5.4116,0.82165,-3.559,-5.0499,2.826,-6.4265,-5.4332,-11.1,-6.4218,-2.4971,-3.3831,-12.703
5.2594,-0.62878,-4.042,-4.3304,3.1265,-7.4289,-5.6468,-10.673,-5.9633,-2.2197,-3.2553,-14.221
4.8319,-2.3323,-4.4647,-3.3335,3.2991,-8.4471,-5.8264,-10.201,-5.4605,-1.9696,-3.1489,-15.752
4.1106,-4.1623,-4.7981,-2.1253,3.2973,-9.4291,-5.9249,-9.6839,-4.9498,-1.7981,-3.1083,-17.305
3.0642,-6.0663,-4.9978,-0.72773,3.0565,-10.371,-5.9349,-9.1345,-4.4796,-1.7586,-3.1855,-18.868
1.652,-8.0168,-4.9827,0.8759,2.4903,-11.233,-5.8849,-8.5783,-4.0955,-1.8889,-3.4223,-20.409
-0.14709,-9.9186,-4.627,2.6874,1.5173,-11.888,-5.8165,-8.0455,-3.8253,-2.1952,-3.8317,-21.878
-2.2889,-11.565,-3.787,4.6233,0.10232,-12.164,-5.7498,-7.556,-3.6661,-2.6439,-4.3861,-23.203
-4.6307,-12.695,-2.3611,6.4954,-1.7067,-11.912,-5.6732,-7.1059,-3.5813,-3.1642,-5.0174,-24.284
-6.9399,-13.091,-0.34618,8.0601,-3.7637,-11.049,-5.5466,-6.6686,-3.513,-3.667,-5.6348,-25.012
-8.9471,-12.651,2.1139,9.1024,-5.8393,-9.5769,-5.3304,-6.2144,-3.4064,-4.0767,-6.1575,-25.31
-10.419,-11.432,4.7187,9.5064,-7.671,-7.6188,-5.0143,-5.734,-3.2354,-4.3605,-6.5496,-25.167
-11.225,-9.6509,7.0787,9.2954,-9.0343,-5.4415,-4.6158,-5.2463,-3.0126,-4.538,-6.8323,-24.651
-11.385,-7.6515,8.8386,8.6331,-9.812,-3.399,-4.1674,-4.7871,-2.7779,-4.6638,-7.0657,-23.872
-11.068,-5.8225,9.8068,7.78,-10.034,-1.8132,-3.6928,-4.3871,-2.5746,-4.7938,-7.3097,-22.934
-10.535,-4.4737,10.019,6.9983,-9.8575,-0.85298,-3.1922,-4.0553,-2.4276,-4.9548,-7.5916,-21.898
-10.019,-3.7218,9.7104,6.4481,-9.5049,-0.47861,-2.6409,-3.772,-2.3337,-5.1298,-7.8941,-20.766
-9.6318,-3.4488,9.2088,6.122,-9.1717,-0.47703,-2.0014,-3.4961,-2.2679,-5.2689,-8.1672,-19.502
-9.3161,-3.3572,8.8028,5.8567,-8.9487,-0.56479,-1.2444,-3.1875,-2.2018,-5.3173,-8.356,-18.073
-8.8799,-3.0894,8.634,5.41,-8.7845,-0.5001,-0.36899,-2.8329,-2.1223,-5.2472,-8.4306,-16.484
-8.0944,-2.3635,8.6621,4.5635,-8.5164,-0.16161,0.5917,-2.4583,-2.0383,-5.071,-8.3989,-14.793
-6.8209,-1.0805,8.724,3.2192,-7.9706,0.43512,1.5694,-2.1189,-1.9747,-4.8334,-8.2987,-13.101
-5.11,0.64274,8.6409,1.4589,-7.0814,1.1779,2.4841,-1.8714,-1.9601,-4.5908,-8.1782,-11.511
-3.2077,2.5234,8.3217,-0.46924,-5.9535,1.9148,3.2705,-1.7395,-2.0137,-4.3912,-8.0753,-10.105
-1.4667,4.2247,7.8222,-2.2401,-4.8286,2.514,3.9132,-1.6908,-2.1332,-4.2574,-8.0011,-8.9318
-0.22019,5.4813,7.3235,-3.5663,-3.9804,2.9191,4.459,-1.6301,-2.2847,-4.1772,-7.9348,-7.9963
0.32015,6.1826,7.0441,-4.2791,-3.611,3.1731,5.0077,-1.417,-2.4011,-4.1069,-7.8335,-7.2653
0.1215,6.3838,7.141,-4.3618,-3.7843,3.3863,5.6858,-0.89945,-2.4014,-3.9966,-7.6604,-6.6861
-0.63962,6.2638,7.6479,-3.9588,-4.3991,3.6674,6.6101,0.036348,-2.2328,-3.8316,-7.4231,-6.2245
-1.5812,6.0617,8.446,-3.3615,-5.1923,4.0622,7.8564,1.4149,-1.9145,-3.6598,-7.1992,-5.9002
-2.2034,5.9973,9.2709,-2.9305,-5.7977,4.531,9.4132,3.1201,-1.5513,-3.5863,-7.1302,-5.793
-2.0841,6.2058,9.7778,-2.9584,-5.8718,4.9818,11.115,4.8888,-1.294,-3.7302,-7.3793,-6.0037
-1.0862,6.7091,9.6541,-3.5393,-5.2358,5.3422,12.547,6.477,-1.2523,-4.1596,-8.0706,-6.5848
0.53783,7.4349,8.7709,-4.5204,-3.9885,5.6295,13.163,7.9304,-1.3862,-4.8338,-9.2084,-7.4573
2.2,8.2709,7.3862,-5.5621,-2.5545,5.9728,13.116,9.5822,-1.4305,-5.546,-10.525,-8.3591
3.1934,9.1441,6.2296,-6.3035,-1.5975,6.5758,13.58,11.799,-0.85794,-5.8387,-11.262,-8.8036
3.0174,10.104,6.2375,-6.5758,-1.7534,7.648,15.701,14.425,1.2322,-4.7439,-10.087,-8.043
1.6819,11.422,8.0188,-6.6063,-3.0318,9.3363,20.108,13.493,3.4241,-6.4947,-9.2028,-5.2785
0.17542,13.843,11.522,-7.1361,-4.0453,11.672,27.054,16.999,0.48083,-10.122,-16.399,-10.981
-7.7439,12.008,18.18,0.65861,-10.378,14.594,36.343,29.114,-0.81343,-14.042,-21.793,-17.336
-22.624,6.7668,36.108,10.526,-26.089,18.78,47.204,43.765,-2.6407,-20.874,-28.342,-23.143
-39.621,3.0734,57.417,20.919,-45.033,27.247,58.621,56.095,-6.6374,-31.972,-37.162,-30.578
-56.694,-0.19315,74.81,30.721,-64.562,34.49,70.615,61.495,-13.063,-45.212,-47.07,-39.35
-69.944,-1.6167,84.784,37.443,-78.5,38.687,85.655,62.848,-19.927,-55.435,-55.611,-47.13
-72.441,0.95809,84.068,36.798,-79.483,41.475,102.09,66.921,-19.223,-58.89,-58.954,-48.829
-54.572,11.543,71.388,21.57,-61.703,42.891,106.32,81.372,7.199,-34.393,-42.323,-34.767
-5.2469,38.045,46.328,-18.565,-21.821,43.483,99.048,118.95,99.594,79.092,32.207,13.913
83.624,89.967,11.772,-93.116,40.081,48.434,85.726,190.0,285.85,293.77,198.01,122.33
210.33,171.0,-32.974,-199.51,123.93,62.597,68.214,297.39,535.88,584.1,414.18,267.28
367.87,280.62,-86.095,-333.06,228.73,87.269,48.045,437.3,856.13,948.68,687.18,442.97
551.93,412.84,-143.46,-489.48,349.89,120.82,25.785,596.6,1216.5,1355.7,995.95,642.03
749.05,553.47,-203.07,-655.95,479.38,158.56,-0.44326,752.64,1572.0,1755.7,1306.2,845.8
941.06,682.92,-266.21,-814.37,608.33,190.98,-32.739,879.19,1869.9,2088.6,1574.3,1028.4
1107.5,779.15,-335.18,-943.76,727.48,205.8,-70.544,955.51,2060.4,2294.6,1755.2,1161.1
1227.5,822.3,-409.86,-1023.9,826.27,192.73,-109.3,971.11,2107.4,2329.1,1812.5,1219.8
1283.5,800.98,-485.19,-1040.1,892.87,148.21,-141.28,925.06,1997.8,2176.4,1730.0,1192.2
1264.6,716.64,-550.56,-987.95,916.18,77.317,-158.7,823.58,1745.2,1856.5,1517.7,1081.8
1171.1,583.61,-591.86,-874.91,889.32,-7.4599,-157.03,677.56,1387.0,1421.8,1210.7,908.7
1015.1,425.14,-596.7,-718.6,813.0,-88.706,-136.71,500.87,974.66,942.55,859.88,703.13
820.44,266.61,-561.67,-542.62,697.31,-150.9,-102.76,310.04,561.78,487.79,518.03,497.12
616.34,128.59,-495.8,-371.39,560.88,-188.0,-62.095,123.75,193.8,109.2,226.34,315.74
430.69,22.785,-415.89,-224.89,425.67,-202.33,-20.909,-39.384,-98.084,-166.59,7.1227,172.67
282.38,-47.869,-339.0,-114.15,309.91,-200.63,16.684,-164.99,-300.05,-337.36,-135.46,70.351
177.48,-88.993,-276.18,-37.33,224.03,-190.92,48.633,-247.54,-415.76,-419.16,-211.63,1.5114
110.4,-108.63,-229.5,4.3333,168.03,-177.19,74.502,-291.36,-462.88,-437.13,-239.16,-41.469
68.858,-113.31,-193.69,22.061,131.43,-159.37,94.919,-306.83,-465.84,-419.27,-236.18,-58.878
41.178,-106.91,-159.91,29.176,101.17,-135.54,111.36,-306.46,-447.71,-389.31,-219.67,-61.852
18.3,-91.704,-119.22,32.242,68.608,-104.45,125.46,-300.38,-423.45,-359.04,-200.44,-59.256
-6.4461,-70.537,-67.915,34.581,31.036,-67.277,138.36,-293.12,-399.27,-332.7,-182.41,-55.371
-34.882,-47.808,-12.377,37.986,-10.527,-28.762,150.6,-285.53,-375.27,-309.1,-166.63,-51.512
-64.394,-26.173,40.166,43.389,-51.975,3.653,161.54,-276.91,-351.16,-285.46,-152.83,-48.198
-91.015,-19.451,83.831,45.156,-87.664,28.16,169.51,-265.61,-327.84,-261.55,-142.0,-36.235
-111.87,-14.746,113.16,31.911,-113.65,44.504,172.86,-248.91,-301.82,-239.24,-132.86,-30.662
-118.52,-11.194,127.54,33.003,-128.07,52.839,170.62,-226.51,-275.13,-220.92,-125.63,-33.473
-109.07,-8.9676,130.66,34.482,-132.41,55.085,163.03,-204.05,-254.0,-207.39,-120.81,-34.908
-97.794,-7.6746,127.22,34.823,-129.43,54.047,151.21,-182.47,-233.97,-194.08,-116.07,-35.237
-87.422,-6.7501,120.42,34.114,-121.17,50.386,136.52,-160.41,-212.43,-178.2,-110.36,-34.837
-77.953,-5.7486,111.67,32.52,-108.75,38.667,120.21,-137.09,-188.56,-160.68,-103.04,-33.94
-69.735,-4.5347,101.48,30.225,-93.834,28.535,103.53,-112.84,-164.07,-143.33,-94.285,-32.721
-62.333,-3.2146,90.258,27.457,-79.056,26.15,88.009,-88.773,-140.62,-126.69,-85.031,-31.348
-55.241,-2.001,77.368,24.466,-66.085,25.092,74.937,-66.562,-119.75,-111.56,-76.334,-29.972
-48.533,-1.116,65.255,21.475,-55.521,23.254,64.432,-48.333,-102.76,-98.991,-68.918,-28.705
-42.41,-0.742,55.585,18.663,-47.216,20.585,55.77,-35.448,-90.118,-89.255,-63.004,-27.585
-36.83,-0.99732,47.214,16.184,-40.527,17.361,48.242,-27.706,-81.464,-82.04,-58.464,-26.584
-31.69,-1.9334,39.286,14.183,-34.82,13.735,41.279,-24.064,-76.03,-76.95,-55.087,-25.64
-27.039,-3.5506,31.825,12.798,-29.756,9.8096,34.401,-23.622,-72.99,-73.487,-52.687,-24.686
-23.094,-5.7977,25.12,12.124,-25.241,5.712,27.87,-25.878,-71.466,-70.94,-51.022,-23.679
-20.091,-8.5328,19.522,12.173,-21.291,1.6628,22.514,-27.512,-70.275,-68.44,-49.695,-22.614
-18.13,-11.475,15.355,12.83,-17.967,-2.0196,18.215,-25.493,-68.403,-65.469,-48.312,-21.541
-17.11,-14.212,12.512,13.845,-15.385,-4.9974,14.596,-22.752,-65.873,-62.209,-46.727,-20.545
-16.741,-16.301,10.651,14.867,-13.631,-7.0325,11.52,-20.86,-63.155,-59.07,-45.036,-19.704
-16.608,-17.419,9.5896,15.531,-12.596,-8.0753,8.9521,-19.805,-60.591,-56.279,-43.434,-19.07
-16.282,-17.475,9.1802,15.564,-11.977,-8.2754,6.8508,-19.286,-58.427,-53.91,-42.077,-18.682
-15.453,-16.625,9.1257,14.876,-11.42,-7.9231,5.1342,-19.068,-56.804,-51.956,-41.039,-18.563
-14.024,-15.225,9.062,13.582,-10.65,-7.3679,3.6957,-19.008,-55.717,-50.366,-40.305,-18.706
-12.12,-13.719,8.6747,11.959,-9.5488,-6.9385,2.4467,-19.025,-55.039,-49.038,-39.796,-19.072
-10.037,-12.514,7.7891,10.359,-8.1641,-6.8791,1.3341,-19.072,-54.6,-47.847,-39.401,-19.584
-8.1363,-11.883,6.4383,9.099,-6.6809,-7.3057,0.32249,-19.115,-54.239,-46.669,-39.012,-20.153
-6.7216,-11.913,4.8511,8.3726,-5.341,-8.1831,-0.62368,-19.119,-53.828,-45.393,-38.533,-20.694
-5.9472,-12.503,3.3517,8.2049,-4.3568,-9.3335,-1.5292,-19.047,-53.272,-43.922,-37.878,-21.152
-5.7828,-13.399,2.2323,8.459,-3.8443,-10.488,-2.3872,-18.859,-52.5,-42.184,-36.974,-21.508
-6.041,-14.275,1.6537,8.8956,-3.7898,-11.378,-3.1595,-18.522,-51.46,-40.132,-35.771,-21.771
-6.4481,-14.859,1.6014,9.2648,-4.053,-11.844,-3.8038,-18.031,-50.115,-37.767,-34.267,-21.953
-6.7327,-15.053,1.899,9.402,-4.4081,-11.919,-4.3053,-17.414,-48.45,-35.134,-32.522,-22.052
-6.7081,-14.97,2.2605,9.2875,-4.6107,-11.814,-4.6944,-16.734,-46.483,-32.328,-30.653,-22.037
-6.3276,-14.879,2.3657,9.0426,-4.4753,-11.83,-5.0423,-16.085,-44.297,-29.496,-28.805,-21.865
-5.6928,-15.085,1.9638,8.869,-3.9381,-12.228,-5.4374,-15.563,-42.05,-26.819,-27.11,-21.497
-5.0114,-15.796,0.9858,8.9588,-3.0835,-13.133,-5.9522,-15.231,-39.946,-24.462,-25.657,-20.913
-4.5206,-17.024,-0.40079,9.4149,-2.1214,-14.478,-6.6187,-15.091,-38.163,-22.512,-24.477,-20.11
-4.4062,-18.576,-1.8459,10.214,-1.3181,-16.022,-7.4214,-15.082,-36.786,-20.954,-23.544,-19.09
-4.7469,-20.145,-2.9515,11.222,-0.9076,-17.427,-8.3086,-15.102,-35.78,-19.693,-22.785,-17.845
-5.4988,-21.427,-3.4188,12.249,-1.0168,-18.384,-9.2178,-15.046,-35.016,-18.585,-22.1,-16.357
-6.5196,-22.221,-3.1469,13.117,-1.6304,-18.718,-10.104,-14.856,-34.324,-17.487,-21.374,-14.615
-7.6205,-22.486,-2.254,13.726,-2.5995,-18.455,-10.958,-14.541,-33.549,-16.289,-20.501,-12.63
-8.6265,-22.352,-1.03,14.085,-3.6894,-17.804,-11.798,-14.17,-32.585,-14.939,-19.406,-10.46
-9.4179,-22.075,0.15559,14.293,-4.6482,-17.088,-12.652,-13.823,-31.37,-13.436,-18.06,-8.2034
-9.9332,-21.941,0.95481,14.48,-5.2703,-16.617,-13.523,-13.545,-29.871,-11.816,-16.487,-5.9697
-10.146,-22.142,1.1276,14.721,-5.4391,-16.576,-14.377,-13.32,-28.085,-10.135,-14.764,-3.8552
-10.046,-22.669,0.6161,14.983,-5.1449,-16.97,-15.158,-13.103,-26.045,-8.4572,-13.0,-1.9231
-9.6302,-23.309,-0.41508,15.124,-4.4809,-17.625,-15.814,-12.859,-23.836,-6.8362,-11.294,-0.20146
-8.9068,-23.724,-1.6212,14.951,-3.615,-18.22,-16.31,-12.574,-21.573,-5.299,-9.7082,1.3109
-7.9093,-23.566,-2.5959,14.286,-2.7452,-18.406,-16.625,-12.237,-19.364,-3.8392,-8.2502,2.6391
-6.7096,-22.574,-3.0009,13.044,-2.0527,-17.924,-16.739,-11.817,-17.269,-2.4196,-6.8816,3.8289
-5.4236,-20.648,-2.6577,11.272,-1.6632,-16.677,-16.639,-11.275,-15.292,-0.98489,-5.5409,4.9393
-4.1887,-17.917,-1.5961,9.1523,-1.6175,-14.745,-16.341,-10.59,-13.404,0.51959,-4.1709,6.0241
-3.1176,-14.725,-0.049099,6.9391,-1.8575,-12.375,-15.898,-9.7751,-11.578,2.1329,-2.738,7.1068
-2.2584,-11.523,1.6199,4.8773,-2.2427,-9.9304,-15.387,-8.8762,-9.7978,3.8756,-1.2376,8.1684
-1.5896,-8.7037,3.0467,3.131,-2.6003,-7.7656,-14.881,-7.9504,-8.0572,5.7566,0.31424,9.1614
-1.0492,-6.5052,3.989,1.7648,-2.7902,-6.1035,-14.438,-7.0373,-6.3403,7.7826,1.8954,10.038
-0.57315,-5.0049,4.3802,0.76565,-2.7476,-5.0066,-14.106,-6.1438,-4.6158,9.9644,3.4897,10.77
-0.113,-4.1384,4.3013,0.065029,-2.4852,-4.4181,-13.928,-5.2511,-2.8476,12.318,5.0888,11.358
0.36582,-3.7249,3.9125,-0.44959,-2.0613,-4.2142,-13.964,-4.3398,-1.0153,14.856,6.6849,11.812
0.89852,-3.5294,3.3856,-0.91361,-1.5454,-4.2456,-14.296,-3.4129,0.87159,17.589,8.2628,12.147
1.5206,-3.3564,2.8485,-1.4417,-0.98677,-4.3821,-15.034,-2.5044,2.7772,20.525,9.8038,12.371
2.2473,-3.1266,2.3457,-2.075,-0.4006,-4.563,-16.312,-1.6694,4.6562,23.7,11.3,12.499
3.0517,-2.8945,1.8289,-2.7566,0.22647,-4.821,-18.255,-0.97053,6.4697,27.19,12.769,12.56
3.8632,-2.8113,1.187,-3.3581,0.91634,-5.2585,-20.933,-0.46785,8.1907,31.098,14.253,12.594
4.5891,-3.0521,0.29933,-3.7381,1.6791,-5.9933,-24.311,-0.21134,9.8046,35.5,15.818,12.634
5.1506,-3.735,-0.90817,-3.8005,2.5079,-7.0937,-28.228,-0.22628,11.314,40.381,17.559,12.695
5.5157,-4.8652,-2.4283,-3.5269,3.3933,-8.5271,-32.441,-0.49386,12.751,45.6,19.618,12.789
5.7349,-6.3229,-4.1857,-2.9815,4.3702,-10.148,-36.701,-0.94375,14.183,50.954,22.205,12.951
5.9815,-7.8908,-6.0945,-2.3062,5.5786,-11.737,-40.83,-1.4745,15.709,56.269,25.581,13.238
6.5887,-9.3024,-8.099,-1.7146,7.2836,-13.079,-44.765,-1.9948,17.432,61.467,29.963,13.72
8.0102,-10.286,-10.161,-1.4895,9.7525,-14.034,-48.578,-2.4584,19.441,66.544,35.309,14.464
10.625,-10.589,-12.253,-1.951,13.034,-14.573,-52.406,-2.8668,21.788,71.542,41.172,15.527
14.505,-10.016,-14.415,-3.3532,16.943,-14.755,-56.34,-3.2456,24.49,76.512,46.937,16.954
19.451,-8.4768,-16.789,-5.7568,21.331,-14.694,-60.336,-3.6167,27.537,81.502,52.225,18.781
25.237,-6.0458,-19.59,-9.0145,26.24,-14.505,-64.225,-3.9861,30.885,86.543,57.005,21.043
31.71,-2.9452,-23.004,-12.875,31.781,-14.27,-67.804,-4.3465,34.451,91.629,61.431,23.798
38.727,0.52673,-27.052,-17.082,37.894,-14.011,-70.942,-4.6822,38.142,96.727,65.694,27.153
46.089,4.0784,-31.489,-21.408,44.223,-13.694,-73.651,-4.9757,41.894,101.8,69.97,31.251
53.497,7.4632,-35.833,-25.67,50.228,-13.256,-76.08,-5.216,45.712,106.85,74.424,36.241
60.584,10.477,-39.586,-29.761,55.439,-12.661,-78.455,-5.4023,49.671,111.93,79.215,42.168
67.035,12.962,-42.486,-33.696,59.672,-11.939,-80.984,-5.5436,53.891,117.13,84.474,48.813
72.719,14.834,-44.61,-37.637,63.037,-11.202,-83.795,-5.6575,58.462,122.59,90.254,55.689
77.688,16.094,-46.306,-41.816,65.822,-10.626,-86.909,-5.7742,63.377,128.46,96.491,62.367
82.042,16.806,-48.009,-46.321,68.325,-10.385,-90.264,-5.9367,68.504,134.89,103.03,68.757
85.893,17.097,-50.023,-50.953,70.742,-10.556,-93.762,-6.1886,73.634,141.91,109.72,75.014
89.49,17.223,-52.366,-55.445,73.166,-11.044,-97.318,-6.5515,78.57,149.39,116.44,81.292
93.237,17.62,-54.77,-59.81,75.647,-11.594,-100.88,-7.0063,83.213,157.09,123.14,87.651
97.491,18.834,-56.834,-64.323,78.203,-11.88,-104.44,-7.4969,87.561,164.77,129.8,94.072
102.36,21.385,-58.235,-69.241,80.79,-11.631,-107.94,-7.9567,91.663,172.3,136.4,100.47
107.73,25.618,-58.865,-74.622,83.322,-10.728,-111.35,-8.3404,95.553,179.55,142.93,106.7
113.39,31.518,-58.856,-80.347,85.751,-9.2289,-114.62,-8.6393,99.226,186.49,149.4,112.59
119.17,38.599,-58.522,-86.23,88.113,-7.3308,-117.7,-8.879,102.66,193.12,155.83,117.96
124.99,46.055,-58.265,-92.105,90.501,-5.2973,-120.55,-9.11,105.82,199.49,162.27,122.77
130.75,53.174,-58.424,-97.85,93.0,-3.3558,-123.12,-9.3927,108.71,205.66,168.73,127.07
136.37,59.589,-59.099,-103.36,95.613,-1.6088,-125.33,-9.7724,111.29,211.62,175.19,131.08
141.69,65.225,-60.037,-108.52,98.219,-0.0097248,-127.13,-10.249,113.46,217.22,181.52,134.98
146.46,70.138,-60.713,-113.19,100.56,1.5872,-128.51,-10.762,115.03,222.13,187.5,138.86
150.4,74.395,-60.597,-117.2,102.3,3.3253,-129.52,-11.215,115.69,225.93,192.86,142.46
153.25,77.99,-59.418,-120.34,103.22,5.236,-130.17,-11.514,115.19,228.22,197.21,145.29
154.79,80.772,-57.262,-122.33,103.28,7.1869,-130.46,-11.617,113.46,228.81,200.16,146.9
154.65,82.487,-54.522,-122.83,102.55,8.9169,-130.27,-11.54,110.64,227.61,201.35,147.13
152.64,82.972,-51.758,-121.71,101.03,10.141,-129.47,-11.348,106.98,224.6,200.58,146.06
149.22,82.279,-49.458,-119.33,98.909,10.673,-127.95,-11.11,102.69,219.82,197.83,143.85
145.16,80.579,-47.767,-116.2,96.556,10.504,-125.6,-10.863,97.898,213.4,193.34,140.68
140.9,78.04,-46.367,-112.62,94.165,9.7975,-122.37,-10.586,92.708,205.62,187.46,136.66
136.29,74.814,-44.579,-108.63,91.537,8.8309,-118.19,-10.205,87.222,196.82,180.6,131.95
130.9,71.049,-41.646,-104.15,88.219,7.8875,-113.18,-9.6237,81.549,187.37,173.07,126.73
124.34,66.86,-37.149,-99.082,83.831,7.1675,-107.68,-8.7692,75.753,177.6,165.11,121.15
116.46,62.256,-31.394,-93.392,78.297,6.7422,-102.14,-7.6286,69.819,167.68,156.83,115.27
107.43,57.133,-25.366,-87.07,71.821,6.5708,-96.754,-6.2482,63.665,157.71,148.29,109.08
97.747,51.436,-20.076,-80.197,64.765,6.5539,-91.398,-4.7052,57.216,147.67,139.52,102.51
88.113,45.436,-16.02,-73.058,57.657,6.5864,-85.853,-3.0765,50.498,137.55,130.58,95.587
79.315,39.784,-13.165,-66.201,51.105,6.5983,-79.979,-1.425,43.712,127.32,121.58,88.38
71.865,35.08,-11.134,-60.09,45.41,6.583,-73.743,0.19833,37.209,117.06,112.62,80.984
65.506,31.406,-9.4011,-54.55,40.239,6.5878,-67.19,1.7436,31.326,106.79,103.74,73.432
59.101,28.398,-7.5595,-48.777,34.757,6.6536,-60.425,3.1573,26.212,96.518,94.953,65.719
51.248,25.585,-5.519,-42.126,28.217,6.7485,-53.57,4.3877,21.806,86.368,86.299,57.88
41.555,22.587,-3.4028,-34.87,20.943,6.7544,-46.671,5.4028,17.934,76.536,77.803,50.082
31.451,19.185,-1.3039,-27.86,14.355,6.521,-39.666,6.208,14.427,67.165,69.458,42.578
22.574,15.318,0.70923,-21.567,9.1527,5.9398,-32.617,6.848,11.181,58.232,61.211,35.551
15.267,11.048,2.4856,-15.969,5.0665,4.9822,-25.92,7.387,8.174,49.564,53.019,29.063
9.3569,6.5558,3.7942,-11.006,1.92,3.6872,-20.068,7.8787,5.4321,40.91,44.887,23.159
4.8993,2.1656,4.4019,-6.8158,-0.15632,2.1338,-15.35,8.3394,2.9798,32.148,36.921,17.906
2.1374,-1.6386,4.1974,-3.6923,-1.0103,0.45093,-11.783,8.7343,0.80475,23.678,29.401,13.328
1.205,-4.2929,3.2894,-1.9437,-0.70682,-1.1319,-9.1239,8.9944,-1.1348,16.429,22.748,9.3491
1.9028,-5.3538,1.9974,-1.6988,0.43446,-2.2748,-7.0137,9.0697,-2.8833,10.947,17.264,5.8241
3.6791,-4.7246,0.77642,-2.7269,1.9284,-2.6296,-5.111,8.9889,-4.4702,6.9867,12.946,2.6061
5.7953,-2.7469,0.15911,-4.4578,3.2407,-1.9841,-3.1546,8.8693,-5.909,4.0755,9.599,-0.41062
7.543,-0.051376,0.65021,-6.2237,3.8844,-0.33808,-0.97868,8.8712,-7.1998,1.8823,7.0268,-3.2743
8.3601,2.7049,2.528,-7.478,3.4838,2.101,1.508,9.1395,-8.3319,0.22181,5.0867,-5.9774
7.8568,4.9582,5.6968,-7.8518,1.8518,4.9664,4.3433,9.756,-9.286,-1.0284,3.667,-8.4716
5.8744,6.2518,9.7022,-7.1435,-0.92208,7.7907,7.4913,10.703,-10.042,-1.9738,2.6599,-10.702
2.5588,6.2734,13.87,-5.3195,-4.4558,10.078,10.812,11.848,-10.593,-2.7092,1.9588,-12.648
-1.6837,4.8761,17.497,-2.5025,-8.202,11.422,14.077,12.978,-10.961,-3.3073,1.4665,-14.34
-6.3903,2.0781,20.053,1.0968,-11.669,11.611,17.039,13.881,-11.179,-3.8069,1.1047,-15.838
-11.217,-1.9314,21.33,5.2726,-14.572,10.671,19.533,14.44,-11.265,-4.2061,0.82481,-17.19
-15.922,-6.7779,21.476,9.8071,-16.842,8.8433,21.527,14.688,-11.19,-4.4672,0.61957,-18.39
-20.246,-11.832,20.914,14.319,-18.56,6.5753,23.111,14.777,-10.906,-4.5368,0.52049,-19.372
-23.822,-16.192,20.205,18.179,-19.87,4.4521,24.434,14.887,-10.4,-4.3829,0.57212,-20.05
-26.232,-18.917,19.872,20.684,-20.923,3.0129,25.636,15.141,-9.7335,-4.0245,0.79715,-20.372
-27.284,-19.422,20.208,21.413,-21.843,2.6243,26.808,15.555,-9.0328,-3.5331,1.1754,-20.355
-27.142,-17.714,21.146,20.449,-22.654,3.4446,27.964,16.067,-8.4361,-3.006,1.6476,-20.081
-26.127,-14.393,22.355,18.287,-23.242,5.3162,29.021,16.58,-8.0519,-2.5365,2.136,-19.647
-24.509,-10.409,23.434,15.548,-23.419,7.7257,29.824,17.007,-7.9311,-2.1914,2.572,-19.115
-22.549,-6.6424,24.044,12.772,-23.08,10.034,30.233,17.302,-8.049,-1.9939,2.9195,-18.478
-20.587,-3.6372,24.055,10.357,-22.321,11.775,30.211,17.471,-8.299,-1.9143,3.1862,-17.686
-19.031,-1.6861,23.618,8.6337,-21.431,12.762,29.812,17.581,-8.5173,-1.8795,3.4153,-16.677
-18.264,-1.011,23.044,7.9352,-20.778,13.018,29.121,17.712,-8.5467,-1.8051,3.6635,-15.428
-18.524,-1.7223,22.64,8.4415,-20.666,12.691,28.216,17.915,-8.3094,-1.6353,3.9724,-13.978
-19.772,-3.6016,22.601,10.008,-21.21,12.003,27.171,18.177,-7.8356,-1.3626,4.3506,-12.419
-21.651,-6.0511,22.971,12.185,-22.264,11.21,26.065,18.443,-7.2247,-1.0159,4.7775,-10.867
-23.57,-8.3075,23.644,14.346,-23.462,10.571,24.989,18.659,-6.5805,-0.6322,5.2226,-9.4168
-24.893,-9.7204,24.399,15.856,-24.351,10.277,24.028,18.803,-5.9705,-0.23605,5.6633,-8.1142
-25.147,-9.9309,24.972,16.259,-24.565,10.413,23.237,18.891,-5.4185,0.16555,6.0895,-6.9598
-24.162,-8.9277,25.144,15.423,-23.959,10.935,22.627,18.967,-4.9157,0.58058,6.5027,-5.928
-22.083,-7.0494,24.817,13.577,-22.629,11.638,22.178,19.087,-4.4338,1.0272,6.9134,-4.9928
-19.321,-4.8907,24.029,11.217,-20.829,12.221,21.863,19.292,-3.9365,1.5278,7.3402,-4.1468
-16.453,-3.0702,22.903,8.9214,-18.873,12.412,21.663,19.598,-3.3928,2.1018,7.8066,-3.4089
-14.036,-2.0016,21.588,7.1528,-17.058,12.073,21.578,19.983,-2.785,2.7593,8.3347,-2.8206
-12.402,-1.8173,20.214,6.1367,-15.587,11.213,21.607,20.404,-2.1067,3.4987,8.9376,-2.4318
-11.566,-2.4342,18.865,5.8609,-14.505,9.9384,21.742,20.826,-1.3533,4.3098,9.6132,-2.2834
-11.271,-3.6558,17.561,6.1489,-13.678,8.3932,21.97,21.25,-0.51757,5.1738,10.335,-2.3976
-11.17,-5.2217,16.265,6.7385,-12.877,6.7016,22.285,21.723,0.39816,6.0521,11.036,-2.7845
-10.999,-6.8458,14.907,7.3552,-11.939,4.9493,22.709,22.312,1.3594,6.8618,11.592,-3.4634
-10.609,-8.2903,13.437,7.7802,-10.826,3.2026,23.288,23.082,2.2797,7.4601,11.842,-4.4855
-9.8935,-9.4203,11.866,7.8906,-9.5762,1.5363,24.083,24.08,3.0236,7.6922,11.687,-5.9379
-8.8051,-10.209,10.277,7.6827,-8.2423,0.037627,25.135,25.333,3.4614,7.5227,11.198,-7.9197
-7.4282,-10.723,8.7886,7.2777,-6.8744,-1.2165,26.417,26.862,3.5709,7.1024,10.584,-10.488
-5.9972,-11.093,7.4923,6.8757,-5.5362,-2.1756,27.784,28.742,3.5095,6.6487,10.064,-13.553
-4.826,-11.429,6.4314,6.6547,-4.3362,-2.8037,29.086,31.262,3.6326,6.2373,9.5919,-16.725
-4.1726,-11.724,5.6317,6.6552,-3.4547,-3.0513,30.524,34.99,4.584,6.0812,8.9526,-19.416
-4.0799,-11.832,5.1784,6.743,-3.0841,-2.8346,32.675,37.715,7.7695,9.1057,10.443,-20.904
-4.3058,-11.782,5.2337,6.7739,-3.2165,-2.0752,36.14,33.632,7.9841,14.104,21.536,-20.946
-3.79,-14.584,5.9279,7.0099,-3.3944,-1.1224,41.412,42.211,8.8571,8.8944,14.995,-27.449
-9.5377,-21.627,7.2361,12.425,-4.206,-4.2554,48.894,51.754,6.2173,-1.8196,3.3179,-32.812
-23.102,-26.022,8.9793,20.623,-14.297,-7.7046,58.889,59.624,-0.74629,-15.31,-13.055,-40.273
-38.527,-30.814,11.042,30.654,-26.363,-11.906,71.433,62.609,-9.2757,-30.547,-33.693,-50.516
-53.527,-35.26,15.308,41.0,-40.887,-16.206,85.392,61.89,-17.984,-47.345,-53.593,-64.097
-65.163,-37.908,37.066,48.449,-56.106,-15.47,97.764,63.863,-25.23,-59.681,-65.116,-77.873
-68.405,-35.527,57.895,47.309,-64.058,-9.2035,107.23,78.198,-20.927,-52.415,-56.453,-81.004
-53.674,-20.851,67.531,29.298,-55.969,3.7026,113.85,113.57,24.08,9.8822,-7.0732,-58.544
-8.2187,20.638,65.964,-16.535,-27.15,27.805,113.56,178.7,177.39,187.13,120.81,7.7096
81.583,100.89,50.68,-100.01,24.497,64.51,106.65,282.62,408.98,450.89,319.82,138.03
214.41,203.49,20.5,-216.39,100.84,109.04,95.451,423.46,721.85,809.88,587.46,309.28
372.06,329.92,-13.975,-361.56,193.9,162.82,82.172,587.98,1098.9,1242.0,910.89,515.7
550.52,475.31,-41.995,-528.15,297.61,224.38,66.7,754.26,1499.7,1703.9,1260.7,741.75
735.76,623.13,-75.515,-700.17,407.59,283.97,45.131,896.92,1871.3,2136.9,1595.9,963.67
909.52,752.76,-118.84,-856.94,516.3,328.46,14.704,992.79,2157.0,2475.4,1869.9,1153.5
1051.3,842.98,-172.89,-975.85,613.97,345.8,-23.737,1024.9,2307.5,2659.1,2037.3,1283.1
1140.9,875.78,-235.22,-1036.7,689.3,328.46,-65.019,986.44,2291.1,2646.6,2064.3,1330.1
1162.6,841.06,-298.44,-1027.0,731.18,276.36,-99.205,880.41,2101.3,2427.5,1938.0,1283.4
1109.4,741.14,-350.48,-946.64,730.43,198.03,-117.16,718.64,1760.9,2029.0,1672.4,1148.5
986.65,593.25,-378.58,-808.73,683.27,108.85,-115.07,519.74,1318.1,1512.7,1308.3,947.94
813.0,425.0,-374.49,-636.55,594.75,26.285,-94.584,306.03,836.62,959.75,904.11,715.58
616.3,264.84,-338.58,-457.31,479.0,-36.011,-61.044,100.42,381.47,450.71,520.41,486.91
426.51,133.84,-279.94,-295.07,355.45,-72.106,-21.074,-77.144,4.477,45.311,204.68,289.86
267.04,39.009,-212.02,-165.49,242.37,-83.671,19.623,-213.49,-265.38,-228.66,-18.41,140.2
148.68,-10.679,-146.22,-72.193,150.72,-76.767,57.168,-305.02,-425.17,-375.69,-148.32,40.987
68.642,-27.679,-87.549,-13.325,81.468,-57.893,88.477,-357.86,-493.97,-423.77,-202.71,-17.845
16.068,-30.033,-34.63,16.795,27.976,-31.73,108.95,-384.32,-503.34,-411.02,-207.85,-44.591
-20.094,-25.583,16.526,31.89,-18.183,-1.2279,119.96,-397.2,-485.78,-372.62,-189.3,-51.05
-51.993,-18.858,67.894,40.392,-62.471,31.171,129.41,-405.01,-462.59,-332.96,-166.84,-50.431
-86.813,-12.461,117.22,46.349,-106.38,62.368,138.85,-410.11,-440.39,-304.52,-152.63,-47.735
-121.65,-7.5839,161.02,51.32,-145.31,88.163,147.68,-409.91,-419.22,-287.07,-144.94,-44.679
-150.59,0.98743,194.79,55.981,-174.13,105.32,155.02,-400.54,-393.85,-273.54,-138.95,-42.611
-168.46,2.5747,214.37,60.649,-190.49,110.31,159.03,-379.45,-364.5,-258.59,-132.43,-40.374
-171.15,1.0232,218.2,50.323,-190.88,105.79,157.44,-344.95,-330.85,-234.32,-120.77,-12.884
-162.32,0.21965,207.77,44.377,-178.93,96.529,149.41,-300.93,-291.86,-202.02,-106.44,-16.083
-148.08,-0.34576,187.36,43.605,-163.83,84.666,136.82,-256.03,-259.64,-182.63,-99.33,-17.997
-130.12,-0.82945,162.28,41.897,-145.65,71.911,122.27,-210.88,-231.47,-164.44,-90.563,-18.257
-111.3,-1.2956,136.42,39.033,-124.3,60.154,107.56,-167.7,-204.0,-145.3,-80.526,-17.767
-92.453,-1.8275,111.69,35.577,-102.56,49.82,93.614,-130.0,-175.51,-126.86,-71.487,-17.147
-74.968,-2.5031,88.89,32.114,-82.757,40.121,80.827,-99.45,-148.52,-110.82,-64.884,-16.683
-61.246,-3.3831,69.888,29.033,-65.548,31.757,69.493,-77.479,-126.59,-98.208,-60.505,-16.432
-51.709,-4.5205,56.147,26.515,-52.56,25.3,59.76,-63.595,-110.35,-88.913,-57.645,-16.337
-44.978,-5.9629,46.801,24.606,-43.809,20.454,51.48,-55.57,-98.523,-82.36,-55.77,-16.306
-40.239,-7.7478,40.247,23.294,-37.718,16.59,44.266,-50.971,-89.833,-78.032,-54.555,-16.247
-37.513,-9.8951,35.169,22.548,-33.227,13.044,37.711,-48.063,-83.716,-75.321,-53.741,-16.099
-36.382,-12.395,30.268,22.378,-30.61,9.6366,31.633,-45.782,-80.131,-73.218,-53.102,-15.854
-35.671,-15.186,25.762,22.845,-29.931,6.5339,26.2,-45.017,-78.338,-70.782,-52.48,-15.557
-34.937,-18.124,23.162,23.959,-29.358,3.816,21.626,-46.019,-76.48,-68.036,-51.825,-15.28
-34.546,-20.974,21.861,25.547,-27.849,1.4994,17.869,-45.195,-74.2,-65.474,-51.163,-15.083
-34.557,-23.446,20.542,27.234,-26.322,-0.40706,14.808,-43.348,-72.125,-63.334,-50.544,-14.981
-34.54,-25.275,19.272,28.553,-25.055,-1.9211,12.363,-41.716,-70.418,-61.62,-50.007,-14.934
-33.962,-26.304,18.035,29.115,-23.708,-3.1059,10.456,-40.464,-69.012,-60.254,-49.569,-14.876
-32.477,-26.532,16.602,28.721,-21.96,-4.0698,8.983,-39.539,-67.843,-59.149,-49.218,-14.748
-30.025,-26.115,14.821,27.406,-19.711,-4.9434,7.8333,-38.888,-66.872,-58.218,-48.929,-14.524
-26.808,-25.308,12.675,25.403,-17.059,-5.8349,6.9161,-38.482,-66.069,-57.369,-48.661,-14.212
-23.215,-24.371,10.29,23.055,-14.224,-6.7835,6.1772,-38.285,-65.377,-56.495,-48.368,-13.84
-19.687,-23.482,7.8963,20.684,-11.468,-7.7402,5.5976,-38.225,-64.72,-55.486,-48.003,-13.438
-16.586,-22.697,5.7624,18.518,-9.0389,-8.592,5.1722,-38.197,-64.007,-54.256,-47.542,-13.021
-14.107,-21.991,4.1036,16.678,-7.1157,-9.2198,4.8838,-38.106,-63.176,-52.774,-46.987,-12.589
-12.269,-21.342,3.0121,15.221,-5.7621,-9.5628,4.685,-37.923,-62.212,-51.085,-46.376,-12.127
-10.983,-20.773,2.4344,14.165,-4.9266,-9.6517,4.4995,-37.686,-61.155,-49.287,-45.754,-11.622
-10.169,-20.344,2.2131,13.499,-4.5057,-9.5874,4.2455,-37.468,-60.067,-47.491,-45.158,-11.057
-9.788,-20.111,2.1712,13.185,-4.3938,-9.4798,3.8637,-37.316,-58.985,-45.762,-44.593,-10.419
-9.7515,-20.067,2.1843,13.133,-4.4774,-9.388,3.3341,-37.224,-57.885,-44.08,-44.027,-9.6884
-9.8555,-20.1,2.1928,13.178,-4.6199,-9.3012,2.6725,-37.147,-56.706,-42.371,-43.407,-8.858
-9.8249,-20.007,2.1717,13.092,-4.673,-9.1612,1.9087,-37.042,-55.395,-40.571,-42.699,-7.9384
-9.4215,-19.565,2.1131,12.667,-4.5124,-8.8973,1.0691,-36.893,-53.938,-38.678,-41.902,-6.959
-8.5363,-18.625,2.0339,11.788,-4.0846,-8.4514,0.17115,-36.708,-52.364,-36.752,-41.039,-5.951
-7.2223,-17.176,1.9819,10.481,-3.4351,-7.7926,-0.76963,-36.5,-50.718,-34.874,-40.143,-4.9273
-5.6799,-15.357,2.023,8.9026,-2.7025,-6.9317,-1.7352,-36.282,-49.044,-33.103,-39.228,-3.8754
-4.2116,-13.425,2.2129,7.2996,-2.0802,-5.9335,-2.7042,-36.074,-47.37,-31.456,-38.291,-2.7675
-3.1439,-11.698,2.5676,5.9605,-1.7544,-4.9243,-3.6602,-35.903,-45.707,-29.899,-37.309,-1.5773
-2.7389,-10.477,3.0462,5.1497,-1.8427,-4.0792,-4.5962,-35.791,-44.04,-28.355,-36.24,-0.28998
-3.1256,-9.9825,3.5511,5.0444,-2.3561,-3.5752,-5.5138,-35.724,-42.32,-26.716,-35.018,1.1002
-4.2512,-10.3,3.9373,5.6782,-3.185,-3.5326,-6.4144,-35.635,-40.462,-24.871,-33.555,2.592
-5.8557,-11.372,4.0461,6.9047,-4.1133,-3.988,-7.2904,-35.41,-38.364,-22.742,-31.761,4.1766
-7.4947,-13.0,3.7453,8.4061,-4.8501,-4.913,-8.1214,-34.939,-35.948,-20.336,-29.588,5.8276
-8.6271,-14.874,2.9141,9.7632,-5.0714,-6.2491,-8.883,-34.162,-33.203,-17.753,-27.074,7.5034
-8.7622,-16.634,1.4415,10.565,-4.4952,-7.9138,-9.5566,-33.082,-30.195,-15.137,-24.342,9.1609
-7.6305,-17.958,-0.70037,10.528,-2.9903,-9.7781,-10.142,-31.761,-27.045,-12.61,-21.546,10.776
-5.2925,-18.632,-3.3707,9.5795,-0.65713,-11.653,-10.66,-30.283,-23.871,-10.228,-18.808,12.357
-2.1332,-18.596,-6.2496,7.8772,2.1735,-13.313,-11.142,-28.728,-20.761,-7.9846,-16.182,13.94
1.2611,-17.939,-8.9342,5.7539,5.0357,-14.553,-11.613,-27.147,-17.776,-5.8479,-13.675,15.563
4.3013,-16.864,-11.091,3.6027,7.4916,-15.26,-12.083,-25.574,-14.967,-3.7856,-11.291,17.229
6.5794,-15.612,-12.589,1.7516,9.2943,-15.45,-12.547,-24.025,-12.364,-1.7699,-9.0382,18.897
7.961,-14.386,-13.571,0.38,10.479,-15.26,-12.996,-22.492,-9.9597,0.23497,-6.9143,20.502
8.5841,-13.299,-14.438,-0.50754,11.36,-14.884,-13.422,-20.931,-7.692,2.288,-4.891,22.001
8.8077,-12.364,-15.739,-1.0597,12.463,-14.498,-13.825,-19.28,-5.466,4.483,-2.9175,23.407
9.1541,-11.521,-17.951,-1.5244,14.427,-14.216,-14.218,-17.492,-3.1823,6.9585,-0.93605,24.779
10.262,-10.673,-21.236,-2.1758,17.877,-14.094,-14.637,-15.581,-0.76504,9.9077,1.1048,26.192
12.824,-9.7306,-25.354,-3.2407,23.167,-14.168,-15.155,-13.636,1.8309,13.576,3.2464,27.706
17.426,-8.6511,-29.866,-4.8481,29.992,-14.465,-15.876,-11.788,4.6306,18.205,5.5217,29.349
24.199,-7.4569,-34.369,-7.0094,37.364,-14.995,-16.902,-10.149,7.6533,23.891,7.9616,31.113
32.481,-6.2144,-38.628,-9.6256,44.266,-15.744,-18.305,-8.7576,10.922,30.461,10.595,32.956
41.029,-4.9869,-42.624,-12.51,50.256,-16.666,-20.096,-7.5736,14.465,37.533,13.465,34.825
48.855,-3.8008,-46.462,-15.432,55.424,-17.693,-22.213,-6.5077,18.334,44.735,16.658,36.699
55.723,-2.6376,-50.2,-18.208,60.076,-18.755,-24.551,-5.4658,22.632,51.839,20.335,38.61
61.958,-1.4473,-53.798,-20.809,64.517,-19.791,-27.016,-4.3871,27.503,58.751,24.719,40.632
68.124,-0.17733,-57.226,-23.392,68.996,-20.757,-29.561,-3.2612,33.092,65.488,30.0,42.872
74.731,1.1959,-60.528,-26.252,73.652,-21.624,-32.192,-2.1228,39.452,72.135,36.156,45.464
81.921,2.6462,-63.752,-29.729,78.44,-22.374,-34.93,-1.0237,46.458,78.797,42.858,48.56
89.3,4.0983,-66.86,-34.109,83.121,-23.003,-37.764,0.001545,53.815,85.538,49.595,52.262
96.189,5.4521,-69.694,-39.458,87.416,-23.511,-40.644,0.96254,61.179,92.362,55.99,56.506
102.1,6.6266,-72.053,-45.394,91.159,-23.894,-43.485,1.9183,68.342,99.219,62.005,61.044
106.99,7.6099,-73.798,-51.174,94.313,-24.134,-46.216,2.9576,75.289,106.05,67.845,65.598
111.1,8.4987,-74.909,-56.26,96.904,-24.189,-48.815,4.1618,82.11,112.85,73.749,70.078
114.85,9.5036,-75.478,-60.735,99.003,-23.992,-51.316,5.567,88.887,119.73,79.875,74.598
118.65,10.905,-75.665,-65.089,100.76,-23.465,-53.787,7.1464,95.649,126.89,86.269,79.331
122.81,12.974,-75.647,-69.798,102.42,-22.551,-56.274,8.8216,102.39,134.58,92.9,84.37
127.48,15.897,-75.573,-75.082,104.23,-21.233,-58.783,10.497,109.07,142.88,99.7,89.713
132.56,19.74,-75.528,-80.86,106.3,-19.537,-61.282,12.092,115.68,151.65,106.61,95.292
137.76,24.45,-75.519,-86.838,108.58,-17.53,-63.729,13.553,122.19,160.59,113.58,101.01
142.67,29.89,-75.495,-92.639,110.83,-15.312,-66.115,14.85,128.6,169.43,120.58,106.78
146.95,35.874,-75.387,-97.911,112.73,-12.997,-68.477,15.96,134.94,178.04,127.59,112.46
150.35,42.16,-75.149,-102.43,114.08,-10.701,-70.886,16.863,141.22,186.37,134.6,117.92
152.79,48.418,-74.762,-106.13,114.77,-8.5172,-73.424,17.538,147.42,194.43,141.59,123.06
154.28,54.283,-74.204,-109.11,114.87,-6.4932,-76.153,17.965,153.42,202.28,148.53,127.86
154.98,59.524,-73.438,-111.55,114.49,-4.6141,-79.089,18.145,159.03,209.98,155.42,132.37
155.08,64.153,-72.439,-113.61,113.77,-2.8067,-82.161,18.097,164.04,217.52,162.22,136.81
154.88,68.348,-71.229,-115.47,112.88,-0.97758,-85.204,17.858,168.26,224.8,168.89,141.52
154.77,72.287,-69.892,-117.29,112.1,0.93033,-88.009,17.464,171.59,231.65,175.33,146.72
155.21,76.049,-68.551,-119.22,111.74,2.8947,-90.416,16.939,174.07,237.86,181.44,152.32
156.43,79.595,-67.329,-121.33,111.98,4.8102,-92.365,16.307,175.71,243.25,187.11,157.91
158.34,82.807,-66.297,-123.54,112.73,6.5333,-93.861,15.602,176.53,247.61,192.19,162.93
160.5,85.543,-65.408,-125.62,113.67,7.9572,-94.883,14.888,176.51,250.7,196.51,166.93
162.31,87.708,-64.461,-127.3,114.33,9.0757,-95.346,14.253,175.66,252.26,199.81,169.61
163.22,89.292,-63.127,-128.32,114.22,9.9908,-95.118,13.795,174.05,252.1,201.83,170.82
162.92,90.358,-61.058,-128.55,112.99,10.865,-94.068,13.591,171.74,250.14,202.38,170.46
161.16,90.978,-58.022,-127.88,110.47,11.851,-92.116,13.665,168.79,246.47,201.31,168.53
157.79,91.151,-54.011,-126.21,106.74,13.039,-89.264,13.979,165.17,241.26,198.58,165.17
152.86,90.773,-49.271,-123.43,102.19,14.437,-85.565,14.445,160.79,234.65,194.17,160.75
146.79,89.696,-44.181,-119.57,97.234,15.973,-81.101,14.966,155.58,226.72,188.14,155.71
140.09,87.853,-39.042,-114.83,92.071,17.534,-75.968,15.476,149.54,217.54,180.67,150.33
132.9,85.315,-33.917,-109.41,86.685,18.989,-70.283,15.959,142.79,207.25,172.04,144.75
125.07,82.199,-28.659,-103.46,80.936,20.208,-64.159,16.449,135.58,196.19,162.63,138.93
116.37,78.491,-23.074,-97.062,74.615,21.069,-57.675,16.996,128.21,184.8,152.8,132.48
106.64,73.978,-17.141,-90.188,67.532,21.474,-50.871,17.623,120.91,173.39,142.87,125.0
96.041,68.375,-11.19,-82.718,59.67,21.351,-43.772,18.289,113.79,162.08,133.06,116.5
84.94,61.558,-5.8647,-74.516,51.27,20.661,-36.426,18.903,106.83,150.83,123.4,107.36
73.823,53.728,-1.7506,-65.585,42.706,19.405,-29.024,19.364,99.914,139.57,113.84,97.949
63.059,45.349,0.97314,-56.165,34.259,17.652,-22.084,19.609,92.92,128.27,104.3,88.479
52.81,36.963,2.4756,-46.667,26.124,15.562,-16.239,19.634,85.734,116.87,94.693,79.087
43.035,29.144,3.0581,-37.519,18.677,13.38,-11.649,19.493,78.268,105.33,84.986,69.946
33.646,22.513,3.0601,-29.17,12.57,11.404,-7.9769,19.266,70.454,93.715,75.225,61.29
24.963,17.582,2.8434,-22.209,8.3777,9.9212,-4.8115,19.035,62.281,82.257,65.55,53.279
18.025,14.5,2.7609,-17.201,6.0542,9.1322,-1.8777,18.847,53.869,71.296,56.138,45.776
13.573,12.981,3.0886,-14.158,4.8968,9.0991,0.9836,18.705,45.516,61.064,47.084,38.266
11.072,12.487,3.954,-12.474,4.1029,9.7179,3.8605,18.562,37.622,51.521,38.29,30.417
9.4701,12.474,5.3051,-11.436,3.1755,10.733,6.7715,18.33,30.562,42.305,29.702,23.172
8.0349,12.527,6.933,-10.553,1.9588,11.82,9.6474,17.924,24.593,33.001,21.984,17.916
6.4767,12.385,8.5499,-9.5738,0.53128,12.708,12.352,17.296,19.766,24.085,16.165,14.544
4.8293,11.948,9.8989,-8.4543,-0.90938,13.277,14.749,16.472,15.928,16.999,12.277,12.202
3.3204,11.31,10.847,-7.3346,-2.1473,13.577,16.77,15.54,12.842,12.204,9.6287,10.36
2.233,10.736,11.42,-6.4717,-3.0294,13.782,18.425,14.619,10.316,9.0263,7.6772,8.8378
1.7613,10.531,11.761,-6.1002,-3.5128,14.106,19.782,13.816,8.2303,6.7991,6.1602,7.5973
1.9105,10.866,12.06,-6.2924,-3.6681,14.701,20.927,13.181,6.499,5.1419,4.9508,6.6165
2.4809,11.659,12.467,-6.8955,-3.643,15.572,21.908,12.684,5.0291,3.8307,3.9499,5.8364
3.1409,12.583,13.033,-7.5728,-3.6055,16.529,22.719,12.225,3.7166,2.7047,3.0543,5.1607
3.5447,13.169,13.683,-7.927,-3.6887,17.256,23.309,11.669,2.464,1.6433,2.169,4.4823
3.4381,12.979,14.234,-7.6425,-3.949,17.419,23.615,10.895,1.1991,0.56815,1.2321,3.7148
2.7135,11.757,14.452,-6.574,-4.351,16.775,23.583,9.8323,-0.11431,-0.5524,0.23125,2.8096
1.4121,9.4733,14.139,-4.7602,-4.791,15.241,23.191,8.4728,-1.4707,-1.7052,-0.80191,1.7578
-0.31265,6.3009,13.229,-2.3833,-5.1615,12.917,22.466,6.8833,-2.8203,-2.8406,-1.8103,0.58899
-2.2604,2.5664,11.865,0.29722,-5.4267,10.079,21.496,5.2011,-4.0838,-3.89,-2.7313,-0.6287
-4.2519,-1.3028,10.376,3.014,-5.6536,7.1214,20.419,3.6016,-5.177,-4.7857,-3.5079,-1.798
-6.1549,-4.8524,9.1611,5.5335,-5.9676,4.4743,19.379,2.2344,-6.0476,-5.4862,-4.1054,-2.8166
-7.8536,-7.682,8.5296,7.6562,-6.4647,2.5085,18.474,1.1595,-6.7044,-5.9961,-4.5264,-3.6102
-9.2186,-9.5114,8.5856,9.2142,-7.1446,1.4534,17.732,0.32228,-7.2123,-6.3694,-4.8135,-4.1599
-10.128,-10.239,9.2019,10.105,-7.898,1.3341,17.105,-0.40832,-7.6636,-6.6892,-5.0314,-4.5027
-10.51,-9.9817,10.079,10.333,-8.5435,1.9448,16.504,-1.1542,-8.1322,-7.0312,-5.2329,-4.7041
-10.362,-9.0376,10.872,10.009,-8.8962,2.9199,15.849,-1.9491,-8.6357,-7.4234,-5.4295,-4.8219
-9.7536,-7.7522,11.333,9.3018,-8.8503,3.9038,15.106,-2.7213,-9.1189,-7.8209,-5.5807,-4.8801
-8.8364,-6.4015,11.404,8.3951,-8.4402,4.6972,14.296,-3.344,-9.4668,-8.1123,-5.6093,-4.866
-7.8551,-5.1824,11.207,7.4869,-7.8496,5.2635,13.466,-3.7055,-9.5503,-8.176,-5.441,-4.7455
-7.124,-4.267,10.966,6.7981,-7.3534,5.6407,12.656,-3.7583,-9.2892,-7.9473,-5.0489,-4.4898
-6.9432,-3.8124,10.907,6.5465,-7.2167,5.8713,11.875,-3.5331,-8.6927,-7.4516,-4.4692,-4.0956
-7.4755,-3.8994,11.173,6.8604,-7.5907,5.9823,11.113,-3.1182,-7.8461,-6.7794,-3.7788,-3.5896
-8.6476,-4.4693,11.774,7.6916,-8.4437,5.9897,10.358,-2.6161,-6.8607,-6.0328,-3.0548,-3.0189
-10.149,-5.3272,12.567,8.8055,-9.5534,5.9061,9.611,-2.1058,-5.8291,-5.2869,-2.3482,-2.4397
-11.535,-6.216,13.299,9.8681,-10.569,5.7438,8.889,-1.6279,-4.8083,-4.5799,-1.6829,-1.9084
-12.395,-6.9114,13.692,10.577,-11.142,5.5142,8.2195,-1.1887,-3.8249,-3.9204,-1.0652,-1.475
-12.515,-7.2907,13.565,10.773,-11.076,5.227,7.6284,-0.77457,-2.8866,-3.2986,-0.49573,-1.1738
-11.957,-7.3571,12.92,10.485,-10.426,4.893,7.1383,-0.36928,-1.9919,-2.6957,0.025492,-1.0143
-11.01,-7.2174,11.944,9.898,-9.454,4.5309,6.7706,0.029913,-1.1411,-2.0924,0.50003,-0.98139
-10.027,-7.0097,10.923,9.2527,-8.4888,4.1764,6.551,0.409,-0.33553,-1.4758,0.9337,-1.0453
-9.2689,-6.811,10.115,8.7155,-7.785,3.8825,6.5086,0.74896,0.41867,-0.84429,1.3323,-1.1799
-8.8032,-6.5846,9.6561,8.2995,-7.4378,3.7099,6.6679,1.0436,1.1144,-0.20836,1.7017,-1.3753
-8.4938,-6.1957,9.5221,7.8715,-7.3558,3.7122,7.0404,1.3122,1.7525,0.41442,2.0481,-1.6356
-8.0549,-5.4706,9.5628,7.2189,-7.3007,3.9231,7.6206,1.5984,2.3417,1.0082,2.3798,-1.9624
-7.1662,-4.2757,9.5802,6.1395,-6.9934,4.3449,8.3838,1.9494,2.8985,1.5659,2.7066,-2.3411
-5.6233,-2.598,9.4101,4.5357,-6.2419,4.9346,9.2767,2.3798,3.435,2.0869,3.0313,-2.7488
-3.4616,-0.59978,8.9725,2.4951,-5.0283,5.5894,10.206,2.8457,3.9439,2.5676,3.3415,-3.1689
-0.99867,1.3808,8.2836,0.32542,-3.527,6.1478,11.042,3.2498,4.3949,2.9918,3.6069,-3.613
1.2369,2.9011,7.4434,-1.5024,-2.0571,6.4239,11.648,3.4868,4.7474,3.3318,3.7884,-4.1242
2.6787,3.5503,6.6095,-2.5103,-0.98294,6.2713,11.927,3.5076,4.9771,3.5627,3.8586,-4.7548
2.926,3.0967,5.9533,-2.3969,-0.59206,5.6448,11.877,3.3635,5.0978,3.6829,3.8215,-5.5358
1.881,1.5635,5.6068,-1.1419,-0.99811,4.619,11.585,3.1949,5.1616,3.7223,3.7183,-6.4454
-0.23552,-0.80281,5.6152,1.0123,-2.1066,3.3501,11.19,3.1649,5.2367,3.7311,3.6113,-7.4119
-2.9688,-3.6281,5.9182,3.6577,-3.6486,2.0065,10.816,3.3771,5.3757,3.7565,3.555,-8.3451
-5.7724,-6.5114,6.3697,6.3427,-5.2673,0.71898,10.515,3.8297,5.5982,3.8253,3.574,-9.1726
-8.1691,-9.1136,6.791,8.6944,-6.6292,-0.42727,10.256,4.4278,5.8938,3.9411,3.6624,-9.8534
-9.8747,-11.209,7.0391,10.5,-7.5223,-1.3686,9.9585,5.0375,6.2403,4.0959,3.801,-10.368
-10.842,-12.682,7.0631,11.712,-7.9098,-2.0395,9.5545,5.5556,6.623,4.2864,3.9786,-10.7
-11.217,-13.486,6.9304,12.394,-7.9242,-2.3697,9.0391,5.9643,7.0429,4.5235,4.204,-10.828
-11.241,-13.618,6.8081,12.641,-7.7976,-2.2977,8.4858,6.338,7.5114,4.83,4.4985,-10.732
-11.152,-13.099,6.9073,12.535,-7.7659,-1.7858,8.0146,6.7929,8.0372,5.2259,4.8847,-10.402
-11.126,-11.972,7.4091,12.145,-7.9934,-0.8325,7.7373,7.4184,8.6142,5.7138,5.3686,-9.8454
-11.233,-10.315,8.3998,11.529,-8.5367,0.51786,7.7098,8.2324,9.218,6.2717,5.9321,-9.082
-11.426,-8.2479,9.8328,10.715,-9.3374,2.1756,7.9109,9.1701,9.8091,6.857,6.5353,-8.1403
-11.549,-5.906,11.53,9.6963,-10.233,4.0243,8.25,10.089,10.337,7.418,7.1264,-7.0556
-11.382,-3.4072,13.22,8.4342,-10.991,5.9421,8.5976,10.798,10.746,7.9038,7.6536,-5.87
-10.713,-0.85541,14.604,6.8901,-11.37,7.7929,8.8292,11.114,10.985,8.2721,8.0745,-4.6224
-9.4261,1.6105,15.426,5.0729,-11.192,9.4007,8.8683,10.94,11.026,8.4938,8.3631,-3.3446
-7.5798,3.7858,15.538,3.0946,-10.41,10.56,8.7083,10.302,10.874,8.5613,8.516,-2.057
-5.4319,5.4186,14.928,1.1926,-9.139,11.093,8.4007,9.3398,10.574,8.4924,8.5486,-0.77663
-3.3876,6.2645,13.721,-0.31368,-7.6203,10.895,8.018,8.2344,10.193,8.3253,8.4902,0.46709
-1.8743,6.1373,12.125,-1.1153,-6.149,9.9419,7.6145,7.1345,9.7903,8.1001,8.3695,1.6274
-1.2012,4.9462,10.359,-1.0079,-4.9774,8.2773,7.2031,6.1109,9.3982,7.8449,8.2003,2.6402
-1.4529,2.7403,8.5921,0.029783,-4.236,6.0134,6.7555,5.1609,9.0103,7.569,7.9813,3.4464
-2.448,-0.22808,6.9168,1.7862,-3.8952,3.3527,6.2313,4.2515,8.5962,7.2728,7.7083,4.0194
-3.785,-3.4806,5.3681,3.8381,-3.786,0.597,5.6244,3.3688,8.1322,6.9616,7.3883,4.3777
-4.9639,-6.4064,3.9594,5.66,-3.6783,-1.8927,4.9872,2.5404,7.6299,6.655,7.045,4.5741
-5.5401,-8.4457,2.7075,6.783,-3.378,-3.7904,4.411,1.8266,7.1379,6.3843,6.7127,4.6723
-5.2623,-9.2659,1.6422,6.9411,-2.7953,-4.9105,3.9842,1.2985,6.7181,6.1817,6.4231,4.7258
-4.1537,-8.8656,0.79778,6.158,-1.9666,-5.269,3.755,1.0145,6.4181,6.0675,6.1948,4.7628
-2.5085,-7.585,0.195,4.7424,-1.0364,-5.0692,3.7128,0.99995,6.2552,6.0402,6.0295,4.7771
-0.79175,-5.9899,-0.1744,3.179,-0.20766,-4.6202,3.7904,1.2371,6.2156,6.0742,5.9088,4.7281
0.52563,-4.6561,-0.35208,1.9503,0.32837,-4.2281,3.8881,1.6685,6.2628,6.1271,5.8028,4.554
1.1188,-3.9758,-0.41009,1.3816,0.45996,-4.1152,3.9058,2.21,6.3514,6.1511,5.681,4.1944
0.8832,-4.098,-0.44413,1.5829,0.18958,-4.3919,3.7689,2.7678,6.4378,6.1054,5.5208,3.6103
-0.074237,-4.9946,-0.55758,2.4808,-0.37546,-5.0701,3.4409,3.2559,6.4856,5.9633,5.3119,2.7955
-1.4935,-6.5414,-0.83259,3.8804,-1.0645,-6.0973,2.9276,3.6094,6.4682,5.7136,5.0535,1.7775
-3.0387,-8.5434,-1.3054,5.5204,-1.6905,-7.3904,2.2694,3.7903,6.3684,5.3603,4.7493,0.60924
-4.3721,-10.749,-1.9709,7.1312,-2.0828,-8.8594,1.5249,3.7867,6.1777,4.9214,4.4031,-0.64618
-5.2264,-12.914,-2.8105,8.5009,-2.113,-10.417,0.74816,3.6077,5.8934,4.4236,4.0162,-1.9302
-5.4816,-14.864,-3.8083,9.5233,-1.7321,-11.987,-0.031404,3.2763,5.5135,3.8918,3.5918,-3.1994
-5.2112,-16.512,-4.9322,10.208,-1.0046,-13.498,-0.81642,2.8185,5.0305,3.3367,3.1285,-4.4322
-4.6485,-17.847,-6.0965,10.657,-0.10116,-14.883,-1.6311,2.2557,4.4321,2.7517,2.6198,-5.6268
-4.0973,-18.902,-7.1466,11.013,0.74511,-16.061,-2.497,1.6035,3.7109,2.1195,2.0596,-6.7901
-3.8496,-19.734,-7.8817,11.414,1.2869,-16.95,-3.4132,0.87699,2.8765,1.4293,1.4513,-7.9215
-4.1319,-20.395,-8.1069,11.967,1.309,-17.483,-4.3537,0.093374,1.9584,0.68706,0.81233,-9.0016
-5.0654,-20.924,-7.6989,12.728,0.68504,-17.627,-5.2765,-0.72443,0.99964,-0.083011,0.17147,-9.9875
-6.6356,-21.343,-6.6568,13.702,-0.57349,-17.387,-6.1283,-1.5442,0.048441,-0.84028,-0.43668,-10.818
-8.6883,-21.661,-5.1165,14.844,-2.3044,-16.82,-6.8486,-2.3246,-0.84847,-1.5342,-0.97858,-11.43
-10.956,-21.888,-3.3263,16.067,-4.2279,-16.037,-7.3826,-3.0244,-1.6527,-2.1192,-1.4302,-11.777
-13.11,-22.042,-1.5962,17.247,-6.0118,-15.184,-7.7099,-3.6159,-2.3418,-2.5736,-1.7847,-11.849
-14.817,-22.135,-0.22767,18.226,-7.3481,-14.402,-7.8619,-4.0918,-2.9095,-2.907,-2.0517,-11.67
-15.798,-22.133,0.5655,18.824,-8.0263,-13.793,-7.906,-4.458,-3.3573,-3.1477,-2.2466,-11.282
-15.888,-21.936,0.71738,18.87,-7.981,-13.379,-7.9035,-4.7209,-3.6838,-3.3233,-2.3779,-10.728
-15.075,-21.402,0.32233,18.26,-7.299,-13.097,-7.8771,-4.8783,-3.8825,-3.4433,-2.443,-10.04
-13.514,-20.404,-0.40083,16.994,-6.1837,-12.817,-7.8053,-4.9207,-3.9491,-3.5011,-2.4339,-9.2476
-11.477,-18.887,-1.174,15.187,-4.8924,-12.389,-7.6378,-4.8389,-3.8885,-3.4827,-2.3455,-8.3793
-9.2805,-16.897,-1.7375,13.035,-3.6732,-11.687,-7.3201,-4.6367,-3.7186,-3.3773,-2.1816,-7.4632
-7.2186,-14.576,-1.9209,10.775,-2.7179,-10.659,-6.8184,-4.3393,-3.4703,-3.188,-1.9565,-6.5296
-5.518,-12.146,-1.6812,8.6473,-2.1378,-9.3555,-6.1377,-3.9909,-3.1822,-2.9354,-1.6925,-5.6094
-4.3165,-9.8595,-1.099,6.8609,-1.9553,-7.9219,-5.3267,-3.6414,-2.8909,-2.6525,-1.4151,-4.7286
-3.6529,-7.9499,-0.33871,5.5531,-2.1104,-6.5514,-4.4688,-3.3298,-2.6224,-2.3722,-1.1472,-3.8999
-3.4651,-6.5659,0.40946,4.7551,-2.4819,-5.4217,-3.6631,-3.0771,-2.3879,-2.1159,-0.90365,-3.1207
-3.5981,-5.7312,0.98141,4.3801,-2.9128,-4.6382,-3.001,-2.8892,-2.186,-1.8881,-0.68921,-2.3799
-3.8368,-5.3447,1.2656,4.2507,-3.2391,-4.2146,-2.5478,-2.7663,-2.0108,-1.6814,-0.5016,-1.6711
-3.9653,-5.2262,1.2114,4.1606,-3.3263,-4.0937,-2.3324,-2.715,-1.8642,-1.4899,-0.34047,-1.0045
-3.8308,-5.1833,0.82872,3.9443,-3.1043,-4.1882,-2.3474,-2.7598,-1.7656,-1.3211,-0.217,-0.41261
-3.3785,-5.0746,0.17782,3.5224,-2.5805,-4.4158,-2.5565,-2.9431,-1.7517,-1.1986,-0.15629,0.055799
-2.6481,-4.8445,-0.65005,2.9079,-1.8249,-4.7175,-2.9058,-3.3083,-1.8641,-1.1511,-0.18858,0.35358
-1.7409,-4.5151,-1.5548,2.1765,-0.94325,-5.0589,-3.3385,-3.8712,-2.129,-1.1954,-0.33292,0.45975
-0.77005,-4.1459,-2.4491,1.4169,-0.044911,-5.4223,-3.804,-4.5968,-2.5404,-1.3242,-0.58226,0.39894
0.18981,-3.7858,-3.2804,0.68225,0.79801,-5.799,-4.258,-5.3993,-3.0583,-1.5055,-0.89938,0.24141
1.1322,-3.4476,-4.0507,-0.031177,1.5874,-6.1852,-4.6625,-6.1709,-3.6233,-1.6941,-1.2292,0.078711
2.1021,-3.12,-4.8181,-0.76388,2.3912,-6.5837,-4.9949,-6.8235,-4.1822,-1.8522,-1.5226,-0.011912
3.1433,-2.8005,-5.6628,-1.5479,3.2838,-7.006,-5.259,-7.3214,-4.7085,-1.9656,-1.7574,0.008339
4.253,-2.5126,-6.631,-2.374,4.2844,-7.4658,-5.4781,-7.6853,-5.2034,-2.0428,-1.9404,0.14118
5.3728,-2.2843,-7.6991,-3.1951,5.3404,-7.9591,-5.6706,-7.9704,-5.6793,-2.1017,-2.0902,0.37166
6.4157,-2.1053,-8.7747,-3.9598,6.3501,-8.444,-5.8287,-8.2285,-6.1407,-2.1521,-2.2168,0.69147
7.3028,-1.8993,-9.7219,-4.6464,7.2003,-8.8301,-5.9187,-8.475,-6.5702,-2.1864,-2.3093,1.1101
7.9858,-1.5346,-10.392,-5.2764,7.7887,-8.9945,-5.9013,-8.6759,-6.9255,-2.1792,-2.3355,1.6583
8.4535,-0.86923,-10.651,-5.9066,8.0351,-8.8197,-5.7555,-8.7611,-7.1486,-2.0976,-2.2537,2.3809
8.7412,0.19206,-10.427,-6.6089,7.9082,-8.2387,-5.4907,-8.6597,-7.1891,-1.9162,-2.0326,3.3173
8.9593,1.6528,-9.7518,-7.4491,7.4834,-7.2705,-5.1456,-8.3379,-7.0308,-1.6323,-1.6678,4.4804
9.2812,3.4095,-8.7854,-8.4563,6.9686,-6.0277,-4.7666,-7.8189,-6.6976,-1.2681,-1.1854,5.8451
9.8433,5.2663,-7.7674,-9.585,6.6161,-4.6888,-4.3917,-7.1793,-6.2402,-0.86009,-0.63101,7.3639
10.615,6.9738,-6.9135,-10.694,6.5583,-3.44,-4.047,-6.518,-5.7117,-0.44253,-0.049689,8.993
11.366,8.2857,-6.3114,-11.569,6.7232,-2.4175,-3.7544,-5.9148,-5.1466,-0.033183,0.52914,10.719
11.759,9.0199,-5.8917,-11.993,6.8769,-1.6781,-3.546,-5.3983,-4.5531,0.36954,1.0977,12.566
11.502,9.1002,-5.4789,-11.82,6.7418,-1.2046,-3.442,-4.9404,-3.9219,0.77702,1.6637,14.583
10.457,8.5696,-4.878,-11.015,6.1158,-0.92403,-3.4139,-4.4808,-3.2465,1.1955,2.2363,16.823
8.6725,7.5928,-3.9476,-9.6587,4.9375,-0.71574,-3.3672,-3.9577,-2.5358,1.6188,2.8177,19.32
6.3615,6.4538,-2.6259,-7.9473,3.288,-0.41797,-3.1701,-3.3387,-1.8172,2.0341,3.4016,22.084
3.8613,5.5143,-0.92958,-6.1873,1.3586,0.14491,-2.7127,-2.6398,-1.1251,2.4317,3.9773,25.077
1.5779,5.1316,1.0448,-4.7494,-0.59295,1.1117,-1.9461,-1.918,-0.48804,2.8064,4.5323,28.194
-0.089431,5.5701,3.1264,-3.9818,-2.2932,2.5352,-0.88618,-1.2425,0.079924,3.1521,5.0552,31.269
-0.85004,6.9244,5.0953,-4.1027,-3.5057,4.349,0.39847,-0.66067,0.58159,3.459,5.5412,34.132
-0.60452,9.0761,6.7226,-5.1281,-4.0809,6.3678,1.8017,-0.18327,1.0299,3.7157,5.9929,36.68
0.53569,11.717,7.8224,-6.8784,-3.9929,8.3308,3.1939,0.20448,1.4344,3.9114,6.4149,38.896
2.3001,14.443,8.3046,-9.049,-3.3413,9.9758,4.4404,0.52341,1.7937,4.0374,6.8063,40.826
4.3574,16.875,8.2,-11.309,-2.3144,11.114,5.4295,0.78624,2.0989,4.0896,7.1607,42.533
6.4225,18.752,7.6436,-13.39,-1.1243,11.675,6.1079,0.99738,2.3425,4.0744,7.4727,44.067
8.318,19.987,6.8205,-15.125,0.056903,11.714,6.505,1.1584,2.5261,4.0128,7.746,45.412
9.97,20.667,5.9067,-16.446,1.1347,11.389,6.7212,1.2737,2.6619,3.9394,7.9923,46.497
11.38,21.037,5.0252,-17.377,2.0945,10.911,6.8809,1.3604,2.775,3.8958,8.2291,47.231
12.632,21.422,4.2325,-18.07,2.9815,10.493,7.0743,1.4481,2.8934,3.9181,8.4727,47.561
13.919,22.155,3.5228,-18.815,3.8757,10.291,7.3339,1.5711,3.0373,4.0231,8.7304,47.5
15.51,23.48,2.846,-19.952,4.873,10.375,7.6437,1.7505,3.2065,4.2009,8.9942,47.089
17.62,25.418,2.1296,-21.691,6.05,10.71,7.9614,1.9726,3.377,4.4187,9.2429,46.345
20.23,27.664,1.3179,-23.931,7.4146,11.172,8.2512,2.2022,3.5149,4.6372,9.4509,45.215
23.005,29.706,0.41579,-26.262,8.8582,11.577,8.5089,2.404,3.5951,4.8324,9.6091,43.634
25.4,31.109,-0.49809,-28.161,10.16,11.766,8.772,2.5727,3.6238,5.0111,9.7392,41.609
26.893,31.702,-1.2966,-29.254,11.063,11.669,9.1002,2.7411,3.6409,5.2128,9.8877,39.249
27.242,31.569,-1.8605,-29.448,11.397,11.322,9.5423,2.9696,3.7094,5.4944,10.112,36.72
26.589,30.965,-2.1296,-28.93,11.175,10.831,10.119,3.324,3.8881,5.9028,10.458,34.209
25.342,30.21,-2.1212,-28.046,10.558,10.311,10.825,3.8428,4.2049,6.447,10.931,31.871
23.937,29.577,-1.9004,-27.149,9.7438,9.8561,11.642,4.516,4.6312,7.0728,11.459,29.765
22.634,29.16,-1.5272,-26.436,8.8725,9.5333,12.557,5.2731,5.08,7.6451,11.867,27.795
21.423,28.842,-1.0046,-25.863,7.9952,9.4028,13.584,6.0105,5.4114,7.9685,11.929,25.777
20.119,28.433,-0.26776,-25.205,7.097,9.5312,14.773,6.6471,5.482,7.8928,11.538,23.607
18.612,27.873,0.7772,-24.288,6.1547,9.9789,16.197,7.1791,5.2191,7.4554,10.835,21.344
16.997,27.281,2.1876,-23.143,5.1719,10.77,17.89,7.7062,4.6732,6.8543,10.097,19.115
15.426,26.794,3.9236,-21.917,4.1586,11.862,19.783,8.418,4.0054,6.3031,9.6428,16.988
13.954,26.458,5.8149,-20.711,3.1207,13.141,21.683,9.5664,3.4719,5.806,9.4409,14.986
12.516,26.318,7.5883,-19.592,2.0865,14.457,23.428,11.403,3.4889,5.1874,8.6996,13.248
10.979,26.668,9.043,-18.735,1.0532,15.69,25.178,13.81,4.816,5.8281,8.6657,12.335
9.3643,28.703,10.258,-18.878,-0.077652,16.841,27.439,13.142,6.1462,14.288,20.568,13.66
8.5057,32.511,11.456,-22.018,-1.0644,18.245,30.762,13.713,3.4465,10.364,18.079,15.197
-0.73323,23.341,12.838,-11.208,-1.8697,21.86,35.54,21.545,1.3152,1.0935,6.4194,5.3445
-13.63,18.692,15.272,0.025405,-10.72,28.355,41.979,28.811,-2.3414,-14.037,-12.438,-8.1589
-27.792,12.59,23.772,12.566,-22.246,31.152,50.581,32.932,-8.2577,-34.959,-38.61,-24.18
-41.392,6.2647,43.514,24.512,-36.136,29.534,64.497,36.338,-16.026,-58.539,-64.861,-39.895
-52.853,2.6929,60.575,32.448,-50.804,31.03,89.22,41.494,-22.994,-74.229,-79.83,-50.407
-58.686,5.7526,71.996,31.514,-59.674,39.732,106.1,52.038,-21.158,-67.381,-71.433,-47.944
-49.274,23.124,75.691,14.672,-54.921,51.469,105.45,76.455,6.3979,-23.539,-32.119,-25.794
-9.5161,61.973,68.63,-27.897,-29.98,65.418,96.996,122.54,98.905,96.511,60.702,26.281
81.48,124.53,51.224,-103.06,19.955,82.119,83.273,194.06,277.99,302.79,221.49,126.89
214.03,210.97,21.637,-207.37,99.406,105.17,65.15,292.98,515.1,589.9,441.64,266.22
364.11,321.92,-19.842,-338.75,196.73,137.98,42.969,414.6,816.38,953.67,719.43,442.67
532.51,452.51,-65.059,-491.66,301.69,180.28,16.194,546.99,1159.3,1369.0,1037.6,648.38
709.54,591.16,-109.94,-654.4,409.47,228.19,-16.601,673.45,1507.8,1793.4,1366.4,865.25
882.17,720.79,-155.06,-810.03,514.89,273.05,-56.036,775.9,1816.1,2170.5,1665.0,1067.7
1034.0,820.07,-204.57,-938.09,613.12,301.53,-99.494,838.51,2036.6,2438.6,1887.2,1225.9
1146.1,868.09,-262.08,-1018.4,697.55,300.07,-140.83,850.72,2128.9,2544.2,1990.7,1312.0
1201.3,851.36,-326.75,-1036.1,759.17,261.4,-172.65,808.77,2070.1,2457.5,1949.9,1308.2
1190.1,768.99,-392.02,-986.58,788.72,188.66,-188.6,715.45,1862.0,2182.9,1764.3,1212.4
1111.6,634.34,-446.61,-876.44,778.98,94.806,-185.37,578.71,1531.0,1760.7,1461.6,1040.0
974.44,471.47,-477.54,-722.71,726.91,-1.6341,-164.19,410.77,1122.2,1257.9,1090.7,820.2
796.78,306.98,-475.85,-548.89,636.78,-83.188,-130.3,228.27,690.59,750.0,709.36,587.63
604.19,161.99,-442.3,-379.59,521.98,-139.47,-90.595,51.119,290.11,303.26,368.64,373.56
423.96,48.376,-387.68,-234.67,402.34,-169.64,-51.053,-101.44,-37.212,-39.341,102.34,199.03
277.55,-29.858,-326.8,-124.77,297.39,-180.19,-15.298,-215.63,-268.59,-263.24,-77.384,72.366
175.22,-77.189,-272.12,-48.065,218.98,-179.78,15.403,-286.67,-403.12,-379.59,-177.77,-11.261
113.77,-102.14,-230.07,-3.8815,166.36,-174.3,41.166,-319.83,-458.62,-417.04,-218.95,-59.319
77.906,-110.45,-198.26,15.371,132.88,-165.16,62.627,-328.67,-463.13,-410.46,-226.97,-76.595
52.412,-106.67,-167.9,23.347,109.07,-150.07,80.737,-327.53,-443.7,-384.82,-220.04,-81.696
27.698,-93.949,-130.73,27.217,79.615,-126.12,96.718,-324.71,-418.16,-355.54,-203.54,-82.503
0.65507,-74.898,-82.703,30.323,39.648,-92.566,111.38,-321.66,-394.17,-330.9,-186.51,-78.659
-27.992,-52.794,-28.4,34.29,-3.9448,-52.633,123.74,-315.65,-373.6,-309.43,-171.57,-72.176
-56.365,-26.892,22.697,39.864,-45.552,-13.976,133.55,-304.21,-355.56,-287.16,-156.19,-65.65
-82.518,-16.123,65.427,36.753,-80.545,16.173,141.19,-288.08,-334.75,-264.49,-141.55,-60.771
-102.46,-10.744,96.793,22.354,-105.96,36.498,146.86,-268.45,-306.75,-240.8,-129.92,-55.947
-95.397,-6.4853,114.9,23.432,-121.02,47.683,149.61,-245.57,-276.43,-217.72,-119.84,-58.191
-77.251,-3.3695,121.08,24.191,-126.73,52.136,148.22,-222.11,-252.17,-201.71,-113.57,-59.934
-67.908,-1.2642,118.99,23.853,-124.65,52.371,142.3,-198.68,-229.6,-186.57,-107.44,-60.554
-60.853,-0.021641,111.82,22.759,-114.69,49.586,132.05,-174.13,-205.84,-169.47,-100.03,-60.442
-54.372,0.54443,101.25,21.328,-96.307,41.075,118.26,-148.7,-180.27,-151.79,-91.267,-59.901
-49.038,0.5337,86.737,19.915,-73.758,27.702,102.3,-122.51,-154.97,-134.83,-82.104,-59.158
-44.75,-0.07311,68.42,18.771,-56.61,20.581,86.096,-96.305,-132.26,-119.13,-73.656,-58.413
-41.094,-1.3251,51.327,18.036,-45.223,16.523,71.544,-74.764,-113.66,-105.6,-66.639,-57.835
-38.067,-3.2014,37.926,17.757,-36.953,12.396,59.619,-60.779,-99.474,-94.953,-61.306,-57.511
-35.87,-5.5876,28.974,17.932,-31.703,8.1853,50.139,-52.421,-89.24,-87.057,-57.492,-57.41
-34.57,-8.3249,23.142,18.547,-29.04,4.2971,42.44,-47.432,-82.311,-81.402,-54.798,-57.415
-34.084,-11.267,19.767,19.612,-28.127,0.9295,35.903,-44.701,-78.005,-77.412,-52.826,-57.384
-34.278,-14.308,18.24,21.147,-28.017,-1.846,30.053,-43.86,-75.511,-74.399,-51.262,-57.217
-35.02,-17.367,17.52,23.112,-27.976,-4.0734,24.701,-44.541,-73.562,-71.647,-49.875,-56.883
-36.116,-20.326,16.866,25.33,-27.786,-5.8831,20.039,-44.363,-71.039,-68.727,-48.528,-56.422
-37.266,-22.981,16.098,27.481,-27.41,-7.4151,16.234,-42.384,-68.06,-65.697,-47.203,-55.904
-38.143,-25.059,15.12,29.188,-26.756,-8.7423,13.129,-40.122,-65.193,-62.872,-45.987,-55.39
-38.5,-26.32,13.911,30.161,-25.774,-9.8386,10.536,-38.319,-62.727,-60.474,-44.994,-54.885
-38.225,-26.665,12.631,30.3,-24.568,-10.605,8.4186,-37.057,-60.723,-58.542,-44.269,-54.333
-37.401,-26.165,11.572,29.725,-23.383,-10.922,6.8106,-36.162,-59.084,-56.979,-43.757,-53.641
-36.346,-25.05,11.022,28.734,-22.521,-10.715,5.7179,-35.385,-57.613,-55.623,-43.332,-52.713
-35.508,-23.658,11.138,27.703,-22.23,-10.019,5.0815,-34.536,-56.113,-54.319,-42.876,-51.49
-35.224,-22.361,11.875,26.956,-22.596,-9.023,4.7729,-33.551,-54.477,-52.972,-42.325,-49.973
-35.546,-21.475,12.969,26.663,-23.481,-8.0299,4.6197,-32.496,-52.718,-51.568,-41.687,-48.214
-36.271,-21.177,14.034,26.825,-24.553,-7.3478,4.4625,-31.493,-50.936,-50.145,-41.012,-46.275
-37.111,-21.485,14.721,27.343,-25.422,-7.1724,4.2158,-30.637,-49.224,-48.734,-40.348,-44.197
-37.813,-22.294,14.881,28.092,-25.826,-7.5213,3.8893,-29.927,-47.592,-47.32,-39.703,-41.97
-38.247,-23.436,14.6,28.972,-25.77,-8.2495,3.5579,-29.272,-45.947,-45.834,-39.039,-39.543
-38.471,-24.701,14.102,29.911,-25.49,-9.1217,3.3076,-28.545,-44.146,-44.184,-38.287,-36.87
-38.662,-25.868,13.616,30.844,-25.24,-9.9015,3.1961,-27.655,-42.088,-42.311,-37.388,-33.953
-38.885,-26.728,13.285,31.642,-25.12,-10.427,3.2329,-26.585,-39.783,-40.225,-36.324,-30.872
-38.972,-27.106,13.118,32.082,-25.072,-10.646,3.3794,-25.397,-37.351,-38.009,-35.13,-27.769
-38.618,-26.888,12.996,31.913,-24.941,-10.601,3.5695,-24.195,-34.969,-35.777,-33.874,-24.812
-37.553,-26.045,12.716,30.984,-24.527,-10.371,3.7436,-23.075,-32.774,-33.633,-32.627,-22.146
-35.667,-24.645,12.106,29.306,-23.645,-10.032,3.8763,-22.081,-30.822,-31.629,-31.436,-19.878
-33.047,-22.827,11.121,27.042,-22.227,-9.6333,3.9782,-21.201,-29.085,-29.758,-30.324,-18.066
-30.008,-20.785,9.9186,24.473,-20.433,-9.1902,4.0775,-20.387,-27.489,-27.984,-29.29,-16.732
-27.043,-18.745,8.8211,21.964,-18.631,-8.6878,4.2005,-19.583,-25.945,-26.257,-28.323,-15.881
-24.676,-16.923,8.1929,19.878,-17.258,-8.0899,4.3614,-18.743,-24.372,-24.528,-27.384,-15.501
-23.272,-15.468,8.281,18.456,-16.638,-7.3584,4.5608,-17.831,-22.714,-22.745,-26.41,-15.572
-22.892,-14.429,9.1106,17.751,-16.845,-6.484,4.7856,-16.835,-20.969,-20.882,-25.343,-16.074
-23.276,-13.77,10.468,17.634,-17.664,-5.5231,5.0074,-15.772,-19.187,-18.966,-24.17,-17.0
-23.95,-13.411,11.964,17.852,-18.662,-4.6151,5.1831,-14.688,-17.462,-17.078,-22.943,-18.362
-24.431,-13.275,13.155,18.129,-19.373,-3.9571,5.2609,-13.64,-15.886,-15.325,-21.754,-20.179
-24.409,-13.32,13.672,18.261,-19.478,-3.7447,5.1882,-12.681,-14.512,-13.792,-20.695,-22.459
-23.8,-13.552,13.313,18.166,-18.874,-4.1123,4.9215,-11.846,-13.351,-12.517,-19.818,-25.17
-22.683,-14.0,12.075,17.88,-17.638,-5.0979,4.4366,-11.162,-12.385,-11.493,-19.125,-28.23
-21.226,-14.683,10.142,17.509,-15.966,-6.633,3.7363,-10.645,-11.587,-10.684,-18.589,-31.516
-19.659,-15.583,7.817,17.178,-14.112,-8.5592,2.8467,-10.298,-10.932,-10.038,-18.158,-34.893
-18.233,-16.654,5.4303,16.988,-12.323,-10.676,1.7982,-10.109,-10.4,-9.5057,-17.791,-38.229
-17.132,-17.842,3.2349,16.991,-10.789,-12.809,0.60222,-10.063,-9.9795,-9.0536,-17.468,-41.409
-16.422,-19.114,1.3388,17.195,-9.5987,-14.874,-0.75905,-10.15,-9.6633,-8.6654,-17.186,-44.347
-16.037,-20.479,-0.3061,17.57,-8.7212,-16.892,-2.3282,-10.364,-9.4457,-8.3366,-16.959,-46.991
-15.835,-21.992,-1.8709,18.081,-8.0298,-18.966,-4.1623,-10.718,-9.3261,-8.0701,-16.807,-49.333
-15.676,-23.743,-3.5928,18.71,-7.3734,-21.226,-6.321,-11.24,-9.308,-7.8717,-16.743,-51.405
-15.496,-25.824,-5.706,19.473,-6.6482,-23.766,-8.8472,-11.963,-9.3872,-7.7388,-16.76,-53.241
-15.328,-28.275,-8.3742,20.411,-5.8249,-26.599,-11.739,-12.898,-9.5297,-7.6423,-16.807,-54.851
-15.251,-31.045,-11.629,21.56,-4.9331,-29.664,-14.926,-14.002,-9.6598,-7.5173,-16.786,-56.193
-15.333,-33.991,-15.326,22.923,-4.0333,-32.876,-18.282,-15.184,-9.6778,-7.2785,-16.578,-57.183
-15.585,-36.923,-19.172,24.45,-3.1857,-36.122,-21.68,-16.33,-9.5032,-6.8574,-16.103,-57.728
-15.941,-39.66,-22.867,26.028,-2.4244,-39.254,-25.051,-17.352,-9.1116,-6.2332,-15.355,-57.759
-16.261,-42.044,-26.279,27.487,-1.7381,-42.109,-28.402,-18.204,-8.5372,-5.4315,-14.397,-57.265
-16.362,-43.947,-29.507,28.62,-1.068,-44.573,-31.774,-18.877,-7.8447,-4.4955,-13.312,-56.278
-16.065,-45.279,-32.776,29.237,-0.33019,-46.601,-35.17,-19.379,-7.0857,-3.4574,-12.161,-54.846
-15.257,-46.016,-36.246,29.208,0.54663,-48.2,-38.51,-19.704,-6.2776,-2.3256,-10.966,-52.998
-13.934,-46.201,-39.864,28.506,1.5895,-49.387,-41.636,-19.825,-5.3973,-1.086,-9.718,-50.745
-12.199,-45.916,-43.373,27.206,2.7722,-50.179,-44.37,-19.69,-4.3921,0.29085,-8.3866,-48.087
-10.234,-45.254,-46.474,25.479,4.0245,-50.606,-46.584,-19.247,-3.2046,1.8398,-6.9453,-45.031
-8.2397,-44.328,-48.992,23.55,5.2567,-50.756,-48.237,-18.47,-1.8001,3.5909,-5.3849,-41.612
-6.3782,-43.279,-50.934,21.646,6.402,-50.767,-49.38,-17.375,-0.18672,5.5604,-3.7232,-37.888
-4.7272,-42.25,-52.467,19.925,7.4711,-50.779,-50.122,-16.016,1.5958,7.7498,-1.9943,-33.925
-3.2712,-41.312,-53.834,18.43,8.5777,-50.875,-50.578,-14.457,3.5067,10.165,-0.2246,-29.781
-1.9393,-40.412,-55.243,17.11,9.9142,-51.057,-50.809,-12.742,5.538,12.862,1.5879,-25.525
-0.66445,-39.418,-56.787,15.882,11.711,-51.267,-50.812,-10.902,7.7343,15.998,3.4757,-21.253
0.57892,-38.242,-58.416,14.713,14.206,-51.424,-50.552,-8.9552,10.187,19.836,5.4871,-17.077
1.7832,-36.953,-59.982,13.647,17.579,-51.459,-50.025,-6.9249,13.016,24.671,7.6741,-13.096
2.9526,-35.728,-61.322,12.748,21.775,-51.334,-49.277,-4.8283,16.353,30.652,10.095,-9.3823
4.1502,-34.678,-62.341,11.999,26.383,-51.035,-48.393,-2.6706,20.339,37.564,12.831,-5.9934
5.5186,-33.734,-63.067,11.249,30.86,-50.573,-47.463,-0.44475,25.1,44.826,15.999,-2.9814
7.2585,-32.664,-63.629,10.234,34.928,-49.964,-46.551,1.8548,30.681,51.821,19.731,-0.38855
9.5689,-31.169,-64.197,8.6702,38.66,-49.231,-45.683,4.2136,36.938,58.236,24.092,1.7709
12.556,-29.006,-64.894,6.3619,42.277,-48.39,-44.852,6.5948,43.531,64.089,28.983,3.5227
16.152,-26.077,-65.744,3.2895,45.93,-47.435,-44.037,8.9617,50.09,69.553,34.172,4.933
20.125,-22.476,-66.654,-0.37613,49.623,-46.312,-43.207,11.307,56.431,74.829,39.452,6.1
24.209,-18.453,-67.465,-4.3308,53.25,-44.936,-42.325,13.654,62.585,80.098,44.751,7.1374
28.276,-14.338,-68.03,-8.2236,56.682,-43.25,-41.356,16.029,68.677,85.507,50.083,8.1533
32.404,-10.464,-68.285,-11.732,59.801,-41.289,-40.278,18.437,74.788,91.128,55.429,9.2302
36.861,-7.1198,-68.271,-14.634,62.509,-39.199,-39.076,20.862,80.888,96.942,60.738,10.42
41.988,-4.5313,-68.086,-16.885,64.712,-37.18,-37.729,23.288,86.882,102.86,66.013,11.753
47.82,-2.8304,-67.83,-18.628,66.371,-35.398,-36.207,25.721,92.696,108.79,71.354,13.268
53.712,-2.0148,-67.559,-20.168,67.568,-33.908,-34.487,28.205,98.359,114.74,76.898,15.044
58.752,-1.8987,-67.279,-21.918,68.491,-32.638,-32.602,30.81,103.98,120.84,82.744,17.236
62.647,-2.0836,-66.976,-24.274,69.365,-31.427,-30.662,33.608,109.67,127.28,88.923,20.099
65.96,-1.9867,-66.643,-27.516,70.397,-30.091,-28.823,36.611,115.5,134.24,95.389,23.931
69.654,-0.92344,-66.312,-31.932,71.749,-28.491,-27.217,39.714,121.45,141.74,102.04,28.851
74.483,1.7905,-66.038,-37.825,73.505,-26.531,-25.879,42.73,127.46,149.61,108.75,34.571
80.69,6.6862,-65.837,-45.227,75.661,-24.111,-24.752,45.487,133.41,157.6,115.43,40.594
88.058,13.923,-65.645,-53.775,78.133,-21.138,-23.734,47.903,139.23,165.51,122.03,46.641
96.096,23.109,-65.321,-62.919,80.772,-17.603,-22.755,49.963,144.81,173.29,128.54,52.711
104.22,33.326,-64.703,-72.094,83.378,-13.641,-21.799,51.674,150.04,180.99,134.98,58.849
111.96,43.468,-63.664,-80.82,85.761,-9.5027,-20.891,53.051,154.79,188.67,141.39,65.016
119.12,52.684,-62.143,-88.763,87.839,-5.4831,-20.045,54.115,158.91,196.3,147.83,71.092
125.72,60.565,-60.157,-95.773,89.684,-1.8385,-19.237,54.898,162.3,203.66,154.31,76.943
131.82,67.056,-57.822,-101.86,91.414,1.2655,-18.417,55.424,164.88,210.28,160.71,82.465
137.29,72.321,-55.341,-107.13,92.981,3.7798,-17.556,55.694,166.56,215.48,166.67,87.6
141.57,76.649,-52.911,-111.57,94.035,5.7524,-16.669,55.698,167.29,218.63,171.62,92.33
143.7,80.265,-50.545,-114.82,94.099,7.2783,-15.799,55.431,167.05,219.41,175.0,96.664
143.1,83.047,-47.984,-116.2,92.954,8.4742,-14.974,54.919,165.82,217.78,176.42,100.58
140.11,84.633,-44.773,-115.45,90.668,9.476,-14.185,54.211,163.63,214.0,175.8,103.92
135.39,84.925,-40.48,-113.04,87.299,10.413,-13.391,53.358,160.5,208.46,173.3,106.24
129.29,84.167,-34.997,-109.5,82.814,11.365,-12.539,52.383,156.49,201.61,169.22,106.97
121.98,82.647,-28.755,-105.15,77.256,12.343,-11.587,51.263,151.69,193.91,163.92,105.87
113.78,80.574,-22.554,-100.2,70.873,13.296,-10.51,49.919,146.21,185.65,157.74,103.29
105.21,78.093,-17.082,-94.879,64.127,14.137,-9.3018,48.234,140.19,177.02,150.91,99.754
96.854,75.295,-12.645,-89.457,57.562,14.784,-7.9834,46.111,133.8,168.1,143.6,95.577
89.137,72.21,-9.2195,-84.128,51.543,15.191,-6.6046,43.559,127.18,158.89,135.93,90.837
82.103,68.796,-6.6215,-78.939,46.025,15.366,-5.2469,40.737,120.43,149.43,128.04,85.487
75.441,64.942,-4.6407,-73.736,40.561,15.353,-4.0104,37.873,113.57,139.85,120.04,79.458
68.6,60.539,-3.1208,-68.189,34.523,15.197,-2.9867,35.133,106.56,130.31,112.02,72.769
60.937,55.59,-1.936,-61.919,27.606,14.903,-2.2302,32.557,99.351,120.88,104.03,65.598
52.043,50.286,-0.94667,-54.771,20.587,14.413,-1.7401,30.088,91.966,111.49,96.109,58.266
42.47,44.856,-0.05058,-47.124,14.895,13.626,-1.4615,27.632,84.538,102.05,88.327,51.105
33.731,39.378,0.73582,-39.767,10.966,12.457,-1.306,25.115,77.193,92.597,80.732,44.27
26.854,33.821,1.2854,-33.275,8.3243,10.874,-1.1874,22.512,69.942,83.32,73.322,37.693
21.738,28.22,1.4373,-27.709,6.5052,8.8733,-1.0602,19.835,62.673,74.37,66.056,31.225
17.805,22.669,1.0841,-22.841,5.2508,6.4568,-0.93419,17.099,55.242,65.786,58.878,24.885
14.497,17.181,0.24212,-18.388,4.38,3.6551,-0.84824,14.314,47.581,57.499,51.734,18.948
11.397,11.705,-0.9257,-14.111,3.7135,0.57948,-0.82134,11.5,39.789,49.381,44.579,13.747
8.2929,6.3131,-2.1589,-9.9148,3.0946,-2.5519,-0.81784,8.7265,32.182,41.274,37.417,9.404
5.2685,1.3237,-3.1952,-5.9609,2.44,-5.4401,-0.74908,6.1088,25.213,33.117,30.422,5.8388
2.6578,-2.7694,-3.8592,-2.6307,1.763,-7.773,-0.50518,3.7747,19.256,25.185,24.028,2.9256
0.83666,-5.4984,-4.1072,-0.33173,1.1618,-9.3094,0.0046234,1.8107,14.432,18.163,18.733,0.58731
0.04211,-6.6213,-4.0173,0.70265,0.78602,-9.9479,0.82413,0.22884,10.639,12.671,14.74,-1.2027
0.31362,-6.1996,-3.7355,0.48405,0.76992,-9.7508,1.9422,-1.0258,7.6758,8.771,11.881,-2.449
1.4872,-4.5477,-3.3995,-0.7664,1.1497,-8.9059,3.2981,-2.0401,5.3389,6.0895,9.8305,-3.1552
3.2122,-2.1442,-3.0804,-2.6702,1.8165,-7.6578,4.7919,-2.8965,3.4575,4.1879,8.3041,-3.3366
5.0176,0.45197,-2.7693,-4.7512,2.542,-6.252,6.2973,-3.6541,1.8934,2.7397,7.1084,-3.0303
6.4231,2.7048,-2.4061,-6.5237,3.0605,-4.9073,7.6798,-4.3434,0.53862,1.5419,6.1215,-2.2978
7.0629,4.2211,-1.926,-7.6047,3.1664,-3.786,8.8243,-4.9679,-0.68171,0.48619,5.2669,-1.2154
6.8114,4.8634,-1.2973,-7.8366,2.7957,-2.9504,9.6688,-5.5083,-1.8009,-0.46393,4.5023,0.14352
5.8644,4.8145,-0.53453,-7.3712,2.0595,-2.3358,10.229,-5.9298,-2.8077,-1.2927,3.8161,1.7186
4.6778,4.5178,0.31119,-6.6244,1.2007,-1.7735,10.588,-6.1991,-3.6606,-1.9611,3.2202,3.4662
3.7631,4.4924,1.1765,-6.0942,0.48671,-1.0581,10.855,-6.3097,-4.3203,-2.4432,2.7329,5.3622
3.4703,5.1185,2.0151,-6.1495,0.094528,-0.0308,11.105,-6.301,-4.7849,-2.7558,2.358,7.3926
3.8673,6.4936,2.8197,-6.8948,0.041969,1.3512,11.347,-6.2527,-5.1033,-2.9606,2.0738,9.53
4.7307,8.4103,3.624,-8.1415,0.1905,2.9937,11.531,-6.2482,-5.3565,-3.1416,1.8392,11.711
5.6384,10.446,4.4817,-9.4833,0.31327,4.7018,11.583,-6.3337,-5.6227,-3.3714,1.6094,13.835
6.1631,12.142,5.4361,-10.481,0.19751,6.259,11.442,-6.5042,-5.9492,-3.686,1.3517,15.782
6.0734,13.201,6.4952,-10.877,-0.26604,7.5164,11.09,-6.7216,-6.3401,-4.0743,1.0555,17.446
5.4046,13.597,7.6251,-10.686,-1.0482,8.4437,10.565,-6.9441,-6.7607,-4.4853,0.73811,18.771
4.3953,13.545,8.7592,-10.138,-1.9997,9.1193,9.9613,-7.1454,-7.1526,-4.8477,0.44187,19.764
3.3811,13.371,9.8137,-9.5432,-2.9031,9.6725,9.3897,-7.3163,-7.4533,-5.097,0.22218,20.481
2.6757,13.368,10.704,-9.1741,-3.5484,10.213,8.9404,-7.4544,-7.6191,-5.199,0.12812,20.995
2.4557,13.696,11.366,-9.1788,-3.8164,10.781,8.647,-7.5567,-7.643,-5.1604,0.18433,21.369
2.6873,14.322,11.781,-9.5275,-3.7342,11.333,8.4797,-7.6213,-7.5594,-5.0232,0.38102,21.637
3.1336,15.024,11.988,-10.009,-3.4704,11.783,8.3655,-7.6533,-7.4313,-4.8474,0.67657,21.807
3.4567,15.502,12.089,-10.318,-3.2664,12.062,8.2283,-7.6658,-7.3214,-4.6849,1.015,21.861
3.381,15.557,12.231,-10.218,-3.3387,12.182,8.0319,-7.6678,-7.2593,-4.5527,1.3531,21.752
2.816,15.217,12.559,-9.6857,-3.8005,12.24,7.8021,-7.649,-7.2217,-4.4194,1.6828,21.439
1.8616,14.717,13.169,-8.9006,-4.63,12.383,7.6166,-7.5762,-7.1406,-4.215,2.0343,20.934
0.73182,14.362,14.075,-8.1222,-5.6911,12.752,7.5698,-7.4079,-6.9361,-3.8627,2.4583,20.319
-0.33854,14.388,15.209,-7.5732,-6.7993,13.418,7.7334,-7.113,-6.5561,-3.3163,2.9962,19.692
-1.1697,14.868,16.44,-7.3725,-7.7917,14.349,8.1303,-6.6786,-5.9992,-2.5816,3.6557,19.121
-1.6678,15.693,17.6,-7.512,-8.5554,15.398,8.7285,-6.1019,-5.3079,-1.7112,4.4023,18.621
-1.8083,16.611,18.501,-7.8803,-9.0128,16.349,9.4562,-5.3784,-4.5416,-0.77924,5.1731,18.17
-1.6042,17.348,18.976,-8.334,-9.11,16.987,10.233,-4.4967,-3.7454,0.14963,5.9025,17.74
-1.0895,17.735,18.932,-8.7769,-8.8288,17.19,11.007,-3.438,-2.9279,1.0438,6.5495,17.328
-0.31968,17.774,18.397,-9.1892,-8.2074,16.977,11.777,-2.1829,-2.0579,1.9112,7.1117,16.971
0.62223,17.612,17.53,-9.596,-7.3498,16.494,12.592,-0.7225,-1.0846,2.7844,7.6165,16.721
1.6236,17.443,16.573,-10.021,-6.4133,15.947,13.516,0.92506,0.027971,3.6918,8.0953,16.616
2.5432,17.425,15.78,-10.453,-5.5804,15.522,14.596,2.7057,1.2737,4.6329,8.5597,16.646
3.2185,17.607,15.358,-10.833,-5.0273,15.329,15.842,4.5409,2.6035,5.5754,8.9966,16.757
3.4887,17.913,15.414,-11.058,-4.8911,15.396,17.226,6.3624,3.9474,6.4698,9.3805,16.877
3.2353,18.163,15.932,-11.008,-5.2387,15.675,18.705,8.1455,5.2417,7.2699,9.6908,16.941
2.4298,18.163,16.796,-10.592,-6.0427,16.066,20.233,9.9109,6.4469,7.9468,9.9208,16.914
1.1679,17.808,17.82,-9.8104,-7.1725,16.444,21.772,11.693,7.5499,8.4916,10.078,16.796
-0.33357,17.141,18.797,-8.7839,-8.4087,16.7,23.284,13.504,8.5507,8.9088,10.178,16.613
-1.7908,16.324,19.532,-7.7274,-9.4959,16.784,24.729,15.314,9.4465,9.2092,10.235,16.402
-2.9413,15.558,19.9,-6.8658,-10.225,16.708,26.074,17.048,10.227,9.406,10.265,16.195
-3.6223,15.006,19.892,-6.3516,-10.506,16.525,27.292,18.601,10.881,9.5141,10.277,16.011
-3.8055,14.734,19.611,-6.2195,-10.388,16.296,28.362,19.868,11.403,9.5497,10.282,15.849
-3.5748,14.704,19.211,-6.3901,-10.014,16.062,29.267,20.777,11.802,9.5307,10.287,15.694
-3.0669,14.803,18.827,-6.7219,-9.5448,15.828,29.989,21.319,12.104,9.4786,10.303,15.522
-2.4057,14.911,18.511,-7.0922,-9.0883,15.564,30.511,21.546,12.346,9.4182,10.345,15.313
-1.6488,14.951,18.198,-7.4596,-8.6436,15.22,30.818,21.546,12.566,9.3741,10.43,15.057
-0.76825,14.92,17.734,-7.8654,-8.0954,14.748,30.904,21.412,12.789,9.3663,10.573,14.751
0.30408,14.87,16.956,-8.3782,-7.2885,14.141,30.779,21.216,13.023,9.4061,10.779,14.399
1.5794,14.871,15.813,-9.029,-6.1581,13.455,30.474,21.005,13.251,9.495,11.041,14.021
2.9372,14.98,14.45,-9.7757,-4.8263,12.812,30.036,20.8,13.447,9.629,11.344,13.645
4.1302,15.214,13.198,-10.501,-3.594,12.373,29.52,20.605,13.596,9.8102,11.67,13.303
4.8603,15.539,12.462,-11.039,-2.8306,12.284,28.971,20.422,13.713,10.056,12.01,13.016
4.881,15.881,12.558,-11.227,-2.8275,12.626,28.423,20.265,13.848,10.391,12.36,12.784
4.0913,16.158,13.59,-10.965,-3.6846,13.388,27.89,20.157,14.061,10.82,12.711,12.574
2.5915,16.309,15.394,-10.273,-5.2721,14.46,27.39,20.125,14.369,11.296,13.02,12.317
0.67777,16.316,17.601,-9.2891,-7.2691,15.65,26.956,20.174,14.697,11.684,13.198,11.914
-1.2277,16.194,19.743,-8.229,-9.2526,16.725,26.635,20.256,14.848,11.773,13.12,11.247
-2.6951,15.959,21.385,-7.3041,-10.815,17.473,26.451,20.251,14.558,11.392,12.697,10.195
-3.4287,15.606,22.219,-6.6544,-11.693,17.777,26.383,20.001,13.664,10.591,11.964,8.667
-3.3957,15.113,22.117,-6.3008,-11.854,17.642,26.376,19.38,12.243,9.686,11.123,6.6166
-2.88,14.481,21.169,-6.1293,-11.505,17.197,26.404,18.392,10.521,9.2379,10.615,4.0754
-2.3792,13.758,19.801,-5.9329,-11.011,16.652,26.553,17.27,8.7312,9.3414,10.604,1.2191
-2.3623,13.059,18.743,-5.5233,-10.826,16.25,27.024,16.559,7.0573,8.1348,9.6629,-1.4954
-3.0331,12.575,18.64,-4.8725,-11.247,16.204,28.043,17.001,6.2986,7.2266,8.3452,-3.2265
-4.1664,12.588,19.626,-4.2469,-11.725,16.65,29.742,18.5,7.8471,15.815,19.208,-2.3495
-4.3169,13.676,21.848,-4.2024,-10.481,17.606,32.042,13.458,6.2816,11.718,16.489,-0.51341
-11.632,12.066,28.345,3.3392,-17.534,19.01,34.63,13.915,1.8004,0.67786,4.1175,-11.095
-25.828,5.8749,46.93,13.053,-34.214,21.645,37.103,11.288,-7.4367,-18.532,-15.525,-22.491
-43.209,-0.68403,64.932,24.481,-53.506,28.276,39.261,5.4872,-23.041,-44.793,-40.883,-34.494
-61.546,-8.2691,77.405,36.429,-71.753,31.386,41.699,-2.8236,-45.887,-74.731,-65.93,-46.641
-76.166,-14.832,82.839,45.472,-82.948,30.728,47.569,-10.786,-73.675,-102.42,-82.88,-56.978
-78.42,-15.901,78.043,45.864,-80.561,28.75,62.407,-13.345,-89.661,-113.62,-83.199,-60.791
-56.896,-5.0138,61.677,29.737,-59.293,26.37,74.436,1.4374,-63.098,-72.459,-50.004,-48.636
-0.66824,26.997,33.123,-13.748,-14.998,27.366,69.53,58.607,38.29,53.885,43.464,-4.518
99.178,90.338,-6.5172,-95.248,54.1,37.084,55.825,169.83,247.95,280.7,217.84,98.168
239.37,184.38,-51.19,-210.21,144.67,58.69,39.426,311.12,540.38,598.25,454.98,251.86
411.0,304.24,-97.328,-353.72,252.72,93.313,21.189,481.9,903.03,991.3,748.47,438.29
605.18,444.75,-145.86,-519.99,374.09,138.63,-0.62649,661.08,1301.5,1422.7,1072.1,649.11
806.88,590.99,-199.2,-693.86,502.06,187.12,-27.068,823.53,1686.2,1838.6,1387.8,860.45
996.4,722.54,-258.84,-854.86,627.09,226.29,-56.358,945.65,1999.9,2175.1,1649.8,1043.3
1150.9,816.3,-323.36,-980.04,736.63,243.49,-82.678,1008.7,2188.5,2369.8,1812.9,1168.5
1247.4,852.54,-387.31,-1048.5,816.52,230.99,-96.786,1001.3,2212.6,2377.5,1843.3,1213.3
1268.8,822.43,-441.33,-1046.9,853.84,188.45,-94.891,920.53,2058.9,2184.5,1728.3,1167.5
1209.2,730.58,-474.19,-974.15,840.24,123.36,-85.073,772.34,1745.1,1816.7,1483.5,1038.2
1077.1,593.07,-477.12,-841.67,775.94,49.069,-75.932,570.36,1317.2,1335.0,1149.8,848.4
893.37,432.87,-448.72,-671.09,670.76,-20.073,-70.05,334.59,838.3,819.2,782.9,631.39
686.46,273.97,-396.74,-488.95,542.3,-73.901,-67.096,88.951,372.7,345.2,437.39,420.38
486.18,136.0,-334.65,-320.05,412.2,-109.16,-65.633,-142.32,-28.128,-33.764,153.28,240.37
316.63,30.019,-275.36,-181.43,299.08,-128.59,-63.053,-338.89,-333.94,-294.46,-50.528,104.33
190.25,-41.713,-226.29,-79.322,212.25,-137.32,-57.982,-487.65,-535.89,-441.91,-175.17,12.747
105.33,-84.73,-187.33,-11.55,150.41,-138.87,-51.377,-584.61,-642.83,-501.31,-235.44,-43.503
50.07,-106.41,-151.92,27.188,105.24,-133.37,-44.443,-636.28,-678.46,-503.93,-250.87,-67.338
10.575,-112.32,-111.74,47.481,66.785,-118.85,-37.596,-654.72,-669.54,-476.44,-240.27,-73.243
-24.099,-106.53,-62.641,57.632,25.376,-94.003,-30.199,-649.38,-634.87,-436.73,-219.56,-71.64
-59.346,-91.913,-7.3522,62.661,-22.391,-59.74,-21.64,-625.53,-586.19,-394.17,-196.2,-66.706
-94.769,-71.068,47.868,65.557,-69.786,-21.309,-12.367,-586.5,-531.01,-352.9,-173.52,-60.516
-126.03,-48.375,92.444,67.883,-109.34,13.291,-3.4876,-535.3,-473.91,-316.27,-154.19,-54.309
-148.31,-29.046,122.87,70.065,-135.85,37.576,4.355,-475.38,-417.8,-283.82,-139.48,-48.474
-158.73,-26.443,138.36,65.969,-147.84,49.935,10.951,-410.81,-364.14,-251.26,-127.62,-34.633
-156.49,-25.176,140.93,53.343,-149.59,54.729,16.08,-345.67,-313.15,-220.77,-114.05,-37.589
-144.92,-23.804,135.39,51.816,-143.31,55.178,19.477,-284.37,-271.37,-200.35,-105.8,-39.628
-127.62,-22.913,125.47,51.441,-131.35,51.687,21.067,-230.85,-237.52,-183.38,-98.467,-40.256
-110.26,-22.786,112.93,50.3,-116.57,42.487,21.215,-185.63,-207.8,-168.22,-89.75,-40.126
-95.318,-23.318,98.881,48.593,-100.51,28.215,20.617,-148.88,-181.78,-152.34,-79.441,-39.745
-82.185,-24.401,84.086,46.725,-84.039,17.356,19.811,-120.8,-158.57,-135.74,-70.11,-39.433
-70.853,-26.068,66.977,44.964,-68.758,10.404,18.903,-101.02,-139.57,-120.55,-63.756,-39.36
-61.908,-28.229,50.715,43.363,-56.022,4.0487,17.761,-87.641,-124.81,-107.92,-60.094,-39.575
-55.043,-30.519,37.663,41.794,-46.187,-2.1891,16.342,-77.342,-113.25,-98.811,-58.077,-40.021
-49.577,-32.471,27.602,40.088,-38.626,-7.7381,14.786,-70.195,-104.15,-93.01,-56.919,-40.568
-45.082,-33.785,19.875,38.17,-32.692,-12.017,13.276,-66.44,-97.668,-89.337,-56.164,-41.062
-41.324,-34.414,14.518,36.107,-28.31,-14.685,11.916,-62.793,-93.639,-86.592,-55.55,-41.381
-38.227,-34.504,11.864,34.092,-25.455,-15.859,10.754,-58.769,-90.857,-84.028,-54.941,-41.481
-35.91,-34.33,11.006,32.4,-23.671,-16.021,9.8045,-55.893,-88.133,-81.505,-54.298,-41.404
-34.575,-34.226,10.484,31.306,-22.447,-15.711,9.0632,-53.834,-85.363,-79.188,-53.654,-41.257
-34.297,-34.472,10.441,30.992,-21.678,-15.337,8.5126,-51.927,-82.93,-77.225,-53.069,-41.163
-34.934,-35.179,10.949,31.474,-21.412,-15.133,8.1242,-50.265,-80.995,-75.644,-52.586,-41.213
-36.166,-36.26,11.644,32.568,-21.599,-15.177,7.8518,-48.943,-79.488,-74.375,-52.205,-41.434
-37.616,-37.48,12.251,33.959,-22.084,-15.417,7.6354,-47.884,-78.274,-73.29,-51.89,-41.781
-38.98,-38.576,12.672,35.302,-22.689,-15.725,7.417,-46.957,-77.227,-72.254,-51.579,-42.157
-40.104,-39.332,12.93,36.331,-23.275,-15.957,7.154,-46.067,-76.254,-71.153,-51.214,-42.45
-40.965,-39.635,13.099,36.927,-23.76,-16.016,6.8231,-45.171,-75.304,-69.933,-50.749,-42.572
-41.546,-39.517,13.238,37.123,-24.11,-15.889,6.4139,-44.287,-74.367,-68.609,-50.179,-42.489
-41.797,-39.158,13.344,37.056,-24.307,-15.654,5.9195,-43.491,-73.465,-67.26,-49.524,-42.226
-41.688,-38.846,13.337,36.889,-24.333,-15.47,5.3301,-42.876,-72.644,-65.988,-48.836,-41.848
-41.273,-38.849,13.088,36.736,-24.158,-15.507,4.6377,-42.521,-71.943,-64.874,-48.172,-41.421
-40.648,-39.276,12.499,36.63,-23.74,-15.874,3.8515,-42.447,-71.372,-63.936,-47.566,-40.97
-39.859,-40.013,11.555,36.539,-23.046,-16.56,3.0078,-42.609,-70.909,-63.126,-47.016,-40.458
-38.91,-40.812,10.338,36.392,-22.07,-17.46,2.1571,-42.92,-70.513,-62.351,-46.489,-39.797
-37.811,-41.466,8.9982,36.134,-20.877,-18.435,1.339,-43.296,-70.156,-61.525,-45.953,-38.882
-36.621,-41.926,7.7053,35.78,-19.597,-19.374,0.57006,-43.713,-69.837,-60.611,-45.398,-37.616
-35.47,-42.276,6.5955,35.421,-18.4,-20.23,-0.15869,-44.187,-69.583,-59.638,-44.848,-35.95
-34.528,-42.665,5.7377,35.18,-17.431,-21.008,-0.87822,-44.738,-69.419,-58.674,-44.343,-33.905
-33.914,-43.244,5.1182,35.141,-16.741,-21.755,-1.6233,-45.353,-69.351,-57.783,-43.931,-31.559
-33.617,-44.111,4.6496,35.314,-16.273,-22.536,-2.4237,-45.979,-69.342,-56.994,-43.632,-29.02
-33.51,-45.269,4.2003,35.64,-15.889,-23.413,-3.3026,-46.57,-69.337,-56.293,-43.428,-26.38
-33.415,-46.643,3.6386,36.033,-15.444,-24.435,-4.2789,-47.116,-69.284,-55.639,-43.28,-23.701
-33.197,-48.123,2.8691,36.426,-14.845,-25.633,-5.3656,-47.646,-69.152,-54.99,-43.137,-21.014
-32.823,-49.602,1.8603,36.803,-14.082,-27.013,-6.5637,-48.192,-68.934,-54.307,-42.954,-18.341
-32.356,-51.007,0.6572,37.187,-13.214,-28.549,-7.8515,-48.754,-68.632,-53.545,-42.684,-15.698
-31.918,-52.275,-0.6219,37.614,-12.353,-30.157,-9.1748,-49.287,-68.221,-52.634,-42.262,-13.091
-31.632,-53.335,-1.8153,38.115,-11.624,-31.692,-10.449,-49.702,-67.646,-51.467,-41.6,-10.524
-31.585,-54.13,-2.7739,38.702,-11.12,-32.981,-11.585,-49.909,-66.833,-49.927,-40.597,-8.0096
-31.779,-54.647,-3.4208,39.361,-10.874,-33.89,-12.529,-49.85,-65.714,-47.924,-39.176,-5.5756
-32.111,-54.899,-3.7729,40.015,-10.837,-34.38,-13.286,-49.53,-64.265,-45.438,-37.325,-3.2667
-32.368,-54.847,-3.9085,40.501,-10.89,-34.48,-13.904,-49.018,-62.504,-42.533,-35.103,-1.1229
-32.294,-54.382,-3.9025,40.615,-10.893,-34.218,-14.44,-48.416,-60.487,-39.33,-32.621,0.8285
-31.693,-53.347,-3.7743,40.179,-10.757,-33.57,-14.934,-47.822,-58.282,-35.945,-29.997,2.5756
-30.516,-51.627,-3.4787,39.105,-10.484,-32.491,-15.409,-47.286,-55.932,-32.458,-27.319,4.111
-28.904,-49.198,-2.9398,37.415,-10.177,-30.952,-15.883,-46.792,-53.434,-28.894,-24.627,5.4215
-27.113,-46.171,-2.1059,35.237,-9.9728,-28.981,-16.384,-46.276,-50.733,-25.239,-21.912,6.4859
-25.388,-42.782,-1.004,32.773,-9.9598,-26.676,-16.961,-45.658,-47.732,-21.473,-19.127,7.2806
-23.84,-39.374,0.22214,30.239,-10.107,-24.226,-17.687,-44.9,-44.337,-17.625,-16.238,7.7852
-22.4,-36.314,1.3131,27.804,-10.257,-21.908,-18.652,-44.005,-40.516,-13.793,-13.264,7.9827
-20.866,-33.885,1.9359,25.542,-10.157,-20.044,-19.958,-43.005,-36.337,-10.125,-10.285,7.8609
-18.998,-32.199,1.7595,23.434,-9.5386,-18.907,-21.686,-41.963,-31.989,-6.7578,-7.4252,7.4166
-16.634,-31.201,0.55441,21.423,-8.2304,-18.652,-23.858,-40.964,-27.698,-3.7529,-4.7992,6.6641
-13.815,-30.728,-1.7272,19.484,-6.2469,-19.3,-26.402,-40.087,-23.634,-1.084,-2.4557,5.6412
-10.809,-30.596,-4.9409,17.676,-3.7986,-20.746,-29.168,-39.344,-19.867,1.3471,-0.37519,4.4073
-8.0261,-30.684,-8.7999,16.153,-1.2079,-22.784,-31.98,-38.674,-16.386,3.6858,1.5142,3.0336
-5.8533,-30.981,-12.945,15.12,1.2182,-25.155,-34.698,-37.97,-13.162,6.1157,3.3076,1.5882
-4.5037,-31.577,-17.042,14.735,3.2991,-27.612,-37.268,-37.13,-10.175,8.8844,5.1058,0.12329
-3.9325,-32.568,-20.921,14.993,5.0382,-29.979,-39.734,-36.096,-7.4034,12.346,7.0181,-1.3213
-3.8415,-33.912,-24.66,15.674,6.638,-32.163,-42.212,-34.869,-4.7903,16.966,9.179,-2.6986
-3.7628,-35.347,-28.529,16.373,8.4828,-34.108,-44.828,-33.493,-2.2466,23.11,11.754,-3.9336
-3.1772,-36.442,-32.805,16.615,11.079,-35.743,-47.638,-32.024,0.33792,30.608,14.911,-4.9187
-1.6133,-36.726,-37.524,15.969,14.922,-36.955,-50.58,-30.507,3.0743,38.668,18.763,-5.5302
1.2902,-35.821,-42.344,14.142,20.241,-37.608,-53.477,-28.953,6.0668,46.531,23.35,-5.6563
5.7092,-33.524,-46.701,11.044,26.678,-37.574,-56.116,-27.327,9.4238,53.973,28.667,-5.2259
11.525,-29.859,-50.108,6.8229,33.326,-36.787,-58.338,-25.572,13.284,61.165,34.678,-4.2231
18.306,-25.076,-52.351,1.8193,39.3,-35.295,-60.103,-23.642,17.842,68.376,41.251,-2.6837
25.508,-19.591,-53.507,-3.5505,44.233,-33.264,-61.472,-21.544,23.354,75.812,48.106,-0.67479
32.777,-13.92,-53.887,-8.9283,48.307,-30.918,-62.564,-19.34,30.05,83.569,54.923,1.7312
40.134,-8.5628,-53.946,-14.116,52.027,-28.451,-63.507,-17.139,37.909,91.588,61.549,4.4771
47.923,-3.8438,-54.149,-19.163,55.911,-25.964,-64.404,-15.061,46.444,99.648,68.034,7.5316
56.499,0.21296,-54.807,-24.44,60.164,-23.479,-65.322,-13.205,54.925,107.49,74.496,10.892
65.691,3.8489,-55.948,-30.558,64.521,-20.986,-66.297,-11.621,62.873,115.0,81.004,14.572
74.592,7.4136,-57.282,-37.846,68.497,-18.478,-67.349,-10.307,70.207,122.36,87.584,18.581
82.274,11.206,-58.341,-45.781,71.813,-15.947,-68.487,-9.2082,77.049,129.89,94.256,22.92
88.673,15.384,-58.78,-53.543,74.519,-13.366,-69.702,-8.237,83.575,137.9,101.04,27.625
94.421,19.992,-58.601,-60.913,76.833,-10.729,-70.964,-7.3049,89.937,146.5,107.95,32.806
100.2,25.038,-58.113,-68.094,79.037,-8.1288,-72.261,-6.3566,96.202,155.52,114.94,38.603
106.45,30.51,-57.754,-75.24,81.461,-5.7623,-73.633,-5.3907,102.33,164.56,121.9,45.033
113.33,36.335,-57.92,-82.348,84.411,-3.8537,-75.162,-4.4554,108.24,173.25,128.73,51.848
120.78,42.333,-58.829,-89.302,88.03,-2.5604,-76.927,-3.6251,113.85,181.4,135.38,58.582
128.46,48.227,-60.448,-95.914,92.213,-1.9174,-78.952,-2.967,119.15,188.99,141.83,64.86
135.9,53.725,-62.496,-101.97,96.613,-1.8236,-81.181,-2.5119,124.18,196.16,148.14,70.617
142.58,58.636,-64.543,-107.29,100.77,-2.0616,-83.482,-2.2396,129.0,203.08,154.41,76.008
148.16,62.922,-66.164,-111.76,104.28,-2.3427,-85.683,-2.0815,133.58,209.84,160.69,81.212
152.43,66.641,-67.068,-115.36,106.88,-2.3727,-87.617,-1.9393,137.79,216.36,166.97,86.319
155.36,69.849,-67.135,-118.08,108.48,-1.9251,-89.157,-1.7121,141.31,222.32,173.08,91.311
157.0,72.543,-66.388,-119.96,109.13,-0.90306,-90.247,-1.3285,143.76,227.2,178.72,96.074
157.46,74.686,-64.957,-121.01,109.01,0.62645,-90.925,-0.76976,144.87,230.52,183.5,100.44
156.8,76.249,-63.051,-121.2,108.26,2.4424,-91.292,-0.073173,144.6,232.02,187.09,104.25
154.99,77.228,-60.866,-120.55,106.83,4.2482,-91.417,0.69252,143.14,231.69,189.31,107.43
152.07,77.641,-58.517,-119.13,104.54,5.7895,-91.247,1.4682,140.74,229.69,190.1,109.97
148.43,77.527,-56.111,-117.13,101.5,6.9415,-90.585,2.2366,137.65,226.22,189.51,111.95
144.55,76.931,-53.715,-114.7,98.169,7.7213,-89.179,3.0241,134.0,221.45,187.62,113.46
140.51,75.865,-51.119,-111.85,94.836,8.2395,-86.846,3.8708,129.85,215.47,184.47,114.57
135.88,74.273,-47.8,-108.4,91.321,8.6378,-83.542,4.797,125.15,208.31,180.05,115.19
130.1,72.051,-43.19,-104.11,87.139,9.0546,-79.327,5.7924,119.85,200.03,174.32,115.01
122.83,69.138,-37.107,-98.876,81.883,9.6129,-74.309,6.8319,113.94,190.78,167.37,113.63
114.24,65.646,-30.082,-92.852,75.474,10.404,-68.613,7.8952,107.56,180.84,159.39,110.93
104.9,61.86,-23.074,-86.482,68.204,11.459,-62.343,8.9715,100.92,170.52,150.7,107.22
95.542,58.018,-16.762,-80.227,60.598,12.717,-55.568,10.048,94.178,160.03,141.63,102.98
86.666,54.11,-11.349,-74.257,53.157,14.01,-48.359,11.096,87.403,149.49,132.47,98.499
78.389,49.961,-6.828,-68.372,46.148,15.11,-40.86,12.068,80.507,138.91,123.39,93.847
70.509,45.452,-3.1604,-62.181,39.514,15.814,-33.329,12.917,73.355,128.37,114.44,88.95
62.633,40.64,-0.30485,-55.345,32.929,16.013,-26.08,13.614,65.887,117.95,105.57,83.694
54.307,35.716,1.7871,-47.79,25.998,15.718,-19.421,14.168,58.216,107.67,96.751,78.008
45.238,30.944,3.193,-39.856,18.716,15.031,-13.629,14.624,50.62,97.546,87.999,71.938
35.704,26.612,4.0577,-32.293,12.031,14.101,-8.8611,15.04,43.406,87.661,79.368,65.634
26.911,22.997,4.5661,-25.97,7.2985,13.088,-5.0338,15.466,36.787,78.143,70.906,59.272
20.376,20.301,4.8388,-21.469,4.8507,12.141,-1.8563,15.934,30.863,69.078,62.65,52.964
16.676,18.595,4.8862,-18.869,4.0949,11.379,0.98328,16.46,25.674,60.473,54.628,46.743
15.3,17.776,4.6763,-17.793,4.374,10.871,3.6851,17.047,21.228,52.237,46.824,40.612
15.285,17.563,4.2441,-17.619,5.168,10.623,6.3101,17.682,17.5,44.158,39.146,34.649
15.649,17.559,3.7683,-17.675,5.991,10.593,8.8107,18.329,14.424,35.984,31.553,29.099
15.594,17.367,3.5618,-17.406,6.363,10.719,11.09,18.937,11.909,27.835,24.417,24.279
14.62,16.729,3.9546,-16.488,5.8976,10.956,13.069,19.458,9.8546,20.62,18.564,20.32
12.559,15.612,5.1402,-14.859,4.4257,11.298,14.73,19.865,8.177,15.299,14.462,17.097
9.5458,14.172,7.0891,-12.661,2.0517,11.773,16.122,20.162,6.8075,11.841,11.805,14.387
5.9542,12.654,9.5555,-10.165,-0.88047,12.403,17.334,20.374,5.6949,9.628,10.045,12.023
2.3256,11.294,12.142,-7.7235,-3.8757,13.143,18.447,20.522,4.7983,8.1303,8.7981,9.9055
-0.74041,10.242,14.385,-5.6868,-6.4019,13.847,19.5,20.593,4.0789,7.0386,7.8541,7.9685
-2.745,9.5158,15.852,-4.3042,-8.0195,14.304,20.473,20.536,3.496,6.1837,7.0916,6.147
-3.4526,9.0292,16.263,-3.6552,-8.505,14.328,21.295,20.295,3.0113,5.4725,6.4362,4.3789
-2.9548,8.6543,15.579,-3.6494,-7.907,13.835,21.878,19.859,2.595,4.8563,5.8451,2.6183
-1.5951,8.2896,14.023,-4.0811,-6.5057,12.882,22.166,19.283,2.2286,4.317,5.3018,0.85095
0.16413,7.8847,12.021,-4.7003,-4.7195,11.647,22.174,18.689,1.9038,3.8548,4.8086,-0.8964
1.8534,7.4333,10.08,-5.2713,-3.0026,10.364,21.991,18.221,1.6174,3.4768,4.3737,-2.5599
3.093,6.9597,8.6279,-5.6244,-1.7335,9.2544,21.75,18.006,1.3675,3.1868,4.0001,-4.0579
3.693,6.5078,7.8761,-5.6969,-1.1039,8.4622,21.579,18.113,1.1531,2.9815,3.6813,-5.3167
3.7055,6.1224,7.7716,-5.5384,-1.06,8.0186,21.561,18.546,0.97489,2.8497,3.4056,-6.2889
3.3649,5.8169,8.028,-5.2652,-1.3491,7.8288,21.702,19.238,0.83155,2.7726,3.1591,-6.9606
2.9465,5.5453,8.2431,-4.9849,-1.6626,7.7019,21.937,20.065,0.71267,2.7228,2.9255,-7.349
2.6361,5.2007,8.0968,-4.7343,-1.7903,7.4229,22.146,20.878,0.59694,2.6676,2.6882,-7.4898
2.4721,4.6516,7.5051,-4.4597,-1.6919,6.8414,22.206,21.538,0.46029,2.5773,2.4341,-7.4191
2.3625,3.8041,6.6101,-4.05,-1.462,5.9311,22.031,21.955,0.28699,2.4352,2.1586,-7.1586
2.1545,2.652,5.6563,-3.4075,-1.2505,4.7864,21.599,22.092,0.074751,2.2415,1.8668,-6.716
1.7276,1.2802,4.8696,-2.5113,-1.191,3.5626,20.954,21.966,-0.16671,2.0095,1.5678,-6.0978
1.0625,-0.17443,4.3839,-1.4313,-1.3477,2.4021,20.18,21.627,-0.42477,1.7572,1.2705,-5.3245
0.24696,-1.5801,4.2113,-0.29258,-1.6895,1.3855,19.365,21.147,-0.68899,1.498,0.978,-4.4393
-0.57275,-2.8574,4.2467,0.77994,-2.103,0.51804,18.567,20.595,-0.9563,1.2346,0.68534,-3.5059
-1.2579,-4.0018,4.307,1.7069,-2.438,-0.25866,17.789,20.023,-1.2364,0.95869,0.37937,-2.5947
-1.7321,-5.0744,4.1919,2.4759,-2.5672,-1.0377,16.988,19.45,-1.5477,0.65504,0.043205,-1.7829
-2.0125,-6.1675,3.7594,3.1379,-2.4436,-1.9031,16.105,18.871,-1.9107,0.31147,-0.33537,-1.1284
-2.2097,-7.3543,3.0016,3.7854,-2.1366,-2.8815,15.113,18.277,-2.3312,-0.068983,-0.75294,-0.66182
-2.488,-8.642,2.0761,4.5122,-1.8138,-3.9118,14.051,17.668,-2.7842,-0.46078,-1.1857,-0.3801
-2.9839,-9.9415,1.245,5.3591,-1.6611,-4.8511,13.018,17.069,-3.2177,-0.82075,-1.5904,-0.25571
-3.7159,-11.065,0.75297,6.2614,-1.7849,-5.5182,12.132,16.529,-3.5658,-1.1025,-1.922,-0.25882
-4.5431,-11.762,0.72306,7.0351,-2.1608,-5.7501,11.497,16.117,-3.7683,-1.2697,-2.146,-0.37749
-5.1991,-11.781,1.1176,7.4178,-2.6423,-5.4525,11.163,15.896,-3.7856,-1.3034,-2.2439,-0.6241
-5.3736,-10.941,1.7558,7.149,-3.0062,-4.6362,11.119,15.904,-3.6104,-1.2038,-2.212,-1.0307
-4.8052,-9.2007,2.3743,6.057,-3.0225,-3.4303,11.291,16.13,-3.2729,-0.99155,-2.0672,-1.6386
-3.3654,-6.6935,2.7183,4.1261,-2.5332,-2.0524,11.567,16.521,-2.8306,-0.70216,-1.8395,-2.4817
-1.1183,-3.7149,2.6338,1.5261,-1.5094,-0.73437,11.841,17.013,-2.3449,-0.37336,-1.56,-3.5663
1.6762,-0.63553,2.1165,-1.4247,-0.059797,0.36493,12.046,17.553,-1.8568,-0.030897,-1.2476,-4.8599
4.6429,2.2258,1.2998,-4.3651,1.6076,1.2091,12.178,18.115,-1.3769,0.31829,-0.90259,-6.295
7.4127,4.6843,0.40028,-6.9983,3.2478,1.8719,12.288,18.699,-0.89022,0.68042,-0.51002,-7.7874
9.6936,6.6715,-0.34711,-9.1298,4.6318,2.4777,12.45,19.32,-0.37078,1.0672,-0.051546,-9.2584
11.272,8.1716,-0.74719,-10.644,5.5737,3.1319,12.718,19.98,0.2012,1.4826,0.47989,-10.655
12.009,9.185,-0.69078,-11.484,5.9511,3.8674,13.089,20.656,0.82395,1.9157,1.0695,-11.961
11.866,9.719,-0.18322,-11.643,5.7311,4.6254,13.494,21.289,1.4671,2.3403,1.6809,-13.193
10.915,9.7759,0.65997,-11.169,4.9803,5.2799,13.831,21.802,2.0787,2.7236,2.2678,-14.39
9.3342,9.3587,1.6633,-10.157,3.8459,5.7117,14.02,22.126,2.6084,3.0399,2.7895,-15.591
7.3745,8.5275,2.677,-8.757,2.5106,5.8982,14.049,22.238,3.0269,3.2824,3.2252,-16.787
5.3311,7.4841,3.6528,-7.1956,1.1454,5.9588,13.975,22.168,3.3433,3.4697,3.5798,-17.923
3.5028,6.5795,4.6556,-5.7753,-0.126,6.1163,13.895,21.994,3.5994,3.6352,3.8789,-18.891
2.1311,6.2016,5.8018,-4.8117,-1.2456,6.6053,13.897,21.802,3.8452,3.8133,4.1572,-19.574
1.3418,6.6181,7.1715,-4.5139,-2.2032,7.5858,14.027,21.652,4.1187,4.0257,4.4385,-19.884
1.1255,7.8654,8.7537,-4.8905,-3.0,9.0908,14.279,21.556,4.4292,4.2732,4.7298,-19.802
1.3417,9.72,10.445,-5.7457,-3.6466,10.989,14.611,21.474,4.7568,4.5375,5.0205,-19.383
1.7397,11.745,12.083,-6.7432,-4.1826,12.98,14.96,21.327,5.0656,4.7894,5.287,-18.727
2.0158,13.41,13.482,-7.5007,-4.674,14.663,15.267,21.039,5.3239,5.0008,5.5013,-17.937
1.9026,14.254,14.477,-7.7003,-5.1843,15.681,15.481,20.566,5.5205,5.1548,5.6464,-17.079
1.2612,14.042,14.965,-7.1873,-5.7409,15.846,15.555,19.921,5.664,5.2483,5.7186,-16.172
0.13035,12.812,14.923,-6.0121,-6.3129,15.192,15.452,19.157,5.7689,5.2856,5.7217,-15.205
-1.2951,10.85,14.422,-4.3993,-6.8221,13.917,15.157,18.342,5.8413,5.2719,5.6609,-14.156
-2.742,8.5878,13.614,-2.67,-7.186,12.285,14.698,17.534,5.8797,5.2114,5.5406,-13.01
-3.9529,6.4582,12.693,-1.1457,-7.3613,10.535,14.136,16.769,5.8805,5.11,5.3685,-11.771
-4.7472,4.7574,11.824,-0.055903,-7.3501,8.8686,13.546,16.055,5.8395,4.9702,5.1555,-10.457
-5.0435,3.5853,11.079,0.52139,-7.1701,7.4392,12.987,15.377,5.7495,4.791,4.9132,-9.1047
-4.8622,2.8412,10.417,0.66855,-6.8233,6.2902,12.485,14.699,5.6013,4.5705,4.6494,-7.7613
-4.3156,2.2525,9.701,0.58805,-6.2912,5.2919,12.027,13.969,5.3876,4.3079,4.3654,-6.4867
-3.581,1.4719,8.7427,0.53271,-5.5583,4.1836,11.572,13.124,5.0998,4.0013,4.0523,-5.3456
-2.8602,0.21116,7.3786,0.73385,-4.6423,2.699,11.037,12.09,4.7229,3.6438,3.6896,-4.4001
-2.3305,-1.6492,5.5631,1.3388,-3.611,0.70545,10.325,10.811,4.2405,3.227,3.255,-3.6946
-2.1033,-4.0098,3.4388,2.3657,-2.5794,-1.7067,9.3771,9.28,3.6529,2.7519,2.7421,-3.2351
-2.2189,-6.5864,1.328,3.7032,-1.7021,-4.2394,8.2367,7.576,2.9941,2.2441,2.1766,-2.9734
-2.6846,-9.0211,-0.36657,5.1743,-1.1607,-6.5029,7.0482,5.8553,2.3297,1.751,1.6159,-2.8133
-3.521,-11.038,-1.3048,6.6357,-1.1319,-8.1617,6.0007,4.2946,1.7324,1.3242,1.1273,-2.6447
-4.7766,-12.561,-1.3281,8.0568,-1.728,-9.0561,5.2391,3.0047,1.2489,0.99567,0.75649,-2.3909
-6.5109,-13.724,-0.51239,9.5408,-2.9405,-9.2707,4.7963,1.9777,0.87928,0.76241,0.50547,-2.0418
-8.7478,-14.818,0.85277,11.274,-4.6223,-9.1017,4.5806,1.1022,0.57949,0.58803,0.33212,-1.6496
-11.397,-16.177,2.3487,13.395,-6.5126,-8.9263,4.4239,0.23318,0.28781,0.42192,0.17392,-1.2946
-14.194,-17.949,3.5592,15.836,-8.2899,-9.0304,4.1685,-0.72433,-0.037078,0.22722,-0.016146,-1.0384
-16.738,-19.946,4.2047,18.273,-9.6478,-9.4769,3.7436,-1.7648,-0.38773,0.0028373,-0.24121,-0.88873
-18.583,-21.708,4.2197,20.225,-10.371,-10.09,3.184,-2.7857,-0.70524,-0.21242,-0.45476,-0.78841
-19.344,-22.703,3.7444,21.2,-10.376,-10.553,2.5926,-3.6367,-0.90276,-0.35559,-0.57958,-0.63533
-18.776,-22.48,3.0384,20.816,-9.708,-10.542,2.0823,-4.1842,-0.9045,-0.368,-0.54294,-0.32552
-16.842,-20.751,2.3668,18.894,-8.4915,-9.8436,1.7327,-4.3623,-0.68193,-0.22264,-0.31114,0.19978
-13.729,-17.455,1.9113,15.51,-6.9,-8.4226,1.5645,-4.193,-0.26823,0.063682,0.095227,0.93275
-9.8122,-12.851,1.7244,11.012,-5.1245,-6.4179,1.5332,-3.7756,0.25461,0.43808,0.61232,1.8159
-5.5707,-7.5232,1.733,5.9517,-3.3419,-4.0979,1.5425,-3.2524,0.786,0.83234,1.1613,2.7796
-1.448,-2.1861,1.7907,0.92316,-1.673,-1.7839,1.4821,-2.7615,1.2407,1.1865,1.6778,3.7722
2.278,2.5888,1.7405,-3.6254,-0.14325,0.25942,1.2726,-2.3936,1.5753,1.4675,2.1311,4.7675
5.5531,6.5328,1.4643,-7.4932,1.3168,1.9131,0.89143,-2.1723,1.7973,1.6773,2.5272,5.7595
8.4885,9.6743,0.91379,-10.686,2.8169,3.2076,0.3656,-2.0686,1.9512,1.8448,2.8942,6.751
11.239,12.219,0.12308,-13.308,4.4278,4.2503,-0.25532,-2.0389,2.0864,2.0043,3.2586,7.7399
13.903,14.365,-0.80288,-15.485,6.1293,5.1362,-0.91817,-2.0624,2.2241,2.1717,3.6236,8.7058
16.445,16.194,-1.7209,-17.302,7.7967,5.8918,-1.576,-2.155,2.3442,2.3357,3.9636,9.6071
18.594,17.661,-2.4908,-18.712,9.1994,6.4739,-2.1976,-2.3531,2.3991,2.4673,4.238,10.396
19.868,18.644,-3.0132,-19.527,10.043,6.8139,-2.7718,-2.6825,2.3422,2.5389,4.4127,11.042
19.951,19.068,-3.2645,-19.653,10.147,6.8804,-3.2997,-3.1357,2.1522,2.5375,4.4781,11.558
19.12,19.011,-3.32,-19.296,9.6812,6.709,-3.7826,-3.6732,1.8421,2.4691,4.4538,11.989
18.108,18.683,-3.3375,-18.853,9.1209,6.3771,-4.2232,-4.2496,1.4495,2.3519,4.3769,12.387
17.529,18.309,-3.4768,-18.632,8.8859,5.9605,-4.6351,-4.843,1.0158,2.2056,4.2816,12.782
17.532,17.997,-3.7952,-18.697,9.0731,5.5117,-5.0383,-5.4604,0.57233,2.0441,4.1844,13.165
17.83,17.702,-4.1993,-18.875,9.4691,5.0664,-5.4352,-6.1141,0.14232,1.8804,4.0898,13.511
17.922,17.262,-4.4839,-18.843,9.6993,4.6614,-5.7911,-6.7878,-0.24864,1.735,4.0053,13.795
17.339,16.506,-4.428,-18.296,9.4147,4.3409,-6.0385,-7.4213,-0.5668,1.6386,3.9534,14.01
15.865,15.366,-3.8873,-17.111,8.4515,4.1505,-6.1004,-7.9202,-0.77297,1.6272,3.9711,14.172
13.628,13.932,-2.8513,-15.409,6.8803,4.1271,-5.9191,-8.1855,-0.83104,1.7321,4.0991,14.314
11.021,12.432,-1.4589,-13.494,4.9562,4.2858,-5.4795,-8.1504,-0.7192,1.9691,4.3649,14.475
8.5589,11.172,0.024024,-11.752,3.0466,4.6082,-4.8199,-7.8123,-0.44014,2.3318,4.7683,14.68
6.7516,10.462,1.2677,-10.557,1.5575,5.0448,-4.0213,-7.2376,-0.0228,2.792,5.2795,14.935
6.0187,10.538,1.9825,-10.183,0.83794,5.5378,-3.1774,-6.5335,0.48719,3.3089,5.8497,15.23
6.5786,11.485,2.0302,-10.748,1.0683,6.0547,-2.3596,-5.8016,1.0434,3.8415,6.4299,15.556
8.355,13.203,1.482,-12.201,2.1884,6.6076,-1.5971,-5.1001,1.613,4.3608,6.9881,15.916
10.987,15.466,0.58857,-14.346,3.9194,7.2489,-0.87761,-4.4281,2.1857,4.8569,7.519,16.326
13.95,18.002,-0.31479,-16.862,5.8643,8.0438,-0.16469,-3.7352,2.7743,5.34,8.0438,16.813
16.696,20.533,-0.91986,-19.353,7.6182,9.0282,0.58053,-2.9505,3.4041,5.8308,8.5979,17.409
18.776,22.788,-1.0328,-21.45,8.8506,10.165,1.3771,-2.025,4.092,6.3439,9.2101,18.143
19.928,24.559,-0.61573,-22.938,9.3517,11.327,2.2027,-0.96924,4.8258,6.8702,9.8795,19.026
20.081,25.782,0.22827,-23.773,9.0436,12.324,2.9824,0.132,5.5555,7.3702,10.564,20.02
19.331,26.5,1.3173,-23.994,7.9872,12.976,3.608,1.1452,6.2061,7.7839,11.19,21.032
17.874,26.75,2.4762,-23.627,6.3646,13.215,3.9894,1.9471,6.7086,8.0574,11.677,21.934
15.953,26.6,3.6063,-22.723,4.4337,13.136,4.1082,2.4803,7.0304,8.1684,11.981,22.634
13.871,26.311,4.6881,-21.507,2.4943,12.985,4.0286,2.7635,7.1825,8.1343,12.109,23.124
12.047,26.32,5.7264,-20.436,0.84786,13.053,3.8596,2.8556,7.2015,7.995,12.106,23.471
10.936,27.013,6.6972,-19.996,-0.26208,13.562,3.7025,2.8117,7.1242,7.7888,12.024,23.742
10.83,28.506,7.5447,-20.417,-0.68421,14.595,3.6183,2.6587,6.9739,7.5367,11.9,23.971
11.74,30.62,8.2037,-21.606,-0.37327,16.084,3.6185,2.3943,6.7583,7.2386,11.744,24.148
13.407,33.003,8.621,-23.261,0.56647,17.82,3.6715,1.9953,6.4719,6.8764,11.536,24.242
15.424,35.188,8.7584,-25.009,1.8888,19.464,3.722,1.4352,6.1021,6.4238,11.241,24.216
17.374,36.65,8.5915,-26.477,3.3109,20.63,3.7174,0.70096,5.6407,5.8614,10.826,24.042
18.879,36.992,8.1145,-27.335,4.5984,21.018,3.6308,-0.19024,5.0951,5.1904,10.284,23.708
19.619,36.114,7.3593,-27.36,5.5693,20.503,3.4674,-1.1915,4.4913,4.436,9.6425,23.218
19.377,34.146,6.4118,-26.455,6.0737,19.15,3.2564,-2.238,3.8678,3.6405,8.9449,22.588
18.075,31.324,5.4193,-24.657,6.004,17.143,3.0404,-3.2591,3.2668,2.8528,8.2403,21.847
15.809,27.943,4.5668,-22.154,5.3209,14.709,2.8648,-4.1924,2.7237,2.1179,7.5676,21.028
12.837,24.279,4.0287,-19.255,4.0671,12.095,2.7612,-4.9914,2.2585,1.4669,6.948,20.151
9.5209,20.446,3.9143,-16.239,2.3661,9.5753,2.7302,-5.6463,1.8657,0.91005,6.3809,19.21
6.1902,16.447,4.2343,-13.176,0.40742,7.4199,2.7351,-6.1802,1.5203,0.43903,5.8528,18.187
3.0488,12.447,4.8888,-10.027,-1.5765,5.8166,2.7214,-6.6291,1.1931,0.036893,5.3502,17.081
0.25892,8.8653,5.6919,-6.9681,-3.355,4.7771,2.6499,-7.0143,0.86799,-0.30882,4.8741,15.918
-1.9442,6.0794,6.4232,-4.3978,-4.7351,4.1427,2.519,-7.3284,0.55029,-0.59846,4.4376,14.73
-3.3807,4.139,6.8992,-2.5611,-5.6028,3.6895,2.3597,-7.5393,0.26363,-0.82024,4.0527,13.529
-4.1082,2.7947,7.03,-1.3603,-5.9646,3.2282,2.217,-7.6061,0.038783,-0.95683,3.721,12.311
-4.4031,1.6987,6.8449,-0.4936,-5.9602,2.6394,2.1402,-7.491,-0.087278,-0.99589,3.4325,11.076
-4.63,0.54242,6.4779,0.36104,-5.8204,1.8768,2.1879,-7.165,-0.088341,-0.94075,3.1664,9.8248
-5.1184,-0.87906,6.1181,1.4515,-5.795,0.96614,2.4353,-6.601,0.039359,-0.82042,2.8949,8.5621
-6.0753,-2.6328,5.9307,2.8923,-6.0698,-0.014901,2.9697,-5.79,0.25908,-0.69694,2.579,7.279
-7.5302,-4.646,5.9847,4.6373,-6.7009,-0.9822,3.8712,-4.7559,0.4846,-0.66161,2.1637,5.9389
-9.3492,-6.7377,6.1871,6.5088,-7.5902,-1.8726,5.1695,-3.5595,0.59814,-0.80744,1.5969,4.4768
-11.316,-8.6695,6.2147,8.28,-8.5065,-2.6227,6.7269,-2.277,0.50485,-1.1902,0.85948,2.8241
-13.252,-10.206,5.5786,9.7755,-9.1857,-3.1147,8.1046,-0.92499,0.20727,-1.7876,-0.0030257,0.96235
-15.111,-11.171,4.234,10.948,-9.5874,-3.1523,8.9464,0.63482,-0.13735,-2.4771,-0.89127,-1.0067
-16.972,-11.481,3.1079,11.88,-10.116,-2.5111,9.8411,2.7359,-0.1566,-3.001,-1.662,-2.7802
-18.869,-11.12,3.3831,12.686,-11.378,-1.028,11.947,5.7042,0.82709,-2.7561,-1.8469,-3.7762
-20.566,-10.087,5.929,13.414,-13.522,1.3509,16.13,7.7457,3.8863,-1.3306,-0.30991,-3.1207
-21.532,-8.3589,10.995,14.121,-15.264,4.5784,22.848,4.7836,3.0238,-4.4791,-1.8334,-1.2862
-21.3,-6.6121,19.662,14.547,-17.271,8.4926,31.982,12.869,3.7224,-7.1205,-6.9599,-11.271
-31.746,-12.226,37.058,18.715,-31.164,12.824,42.775,22.951,2.6794,-13.209,-14.69,-17.571
-47.089,-14.567,59.251,25.774,-51.596,17.916,54.708,31.973,-2.2357,-23.642,-25.39,-24.219
-66.002,-16.87,79.006,34.394,-74.316,26.646,69.116,37.663,-11.127,-37.505,-37.553,-31.421
-85.361,-18.905,91.581,43.416,-92.184,34.771,87.996,41.408,-20.768,-51.149,-48.335,-37.794
-96.748,-19.302,92.866,49.731,-98.46,39.651,102.7,46.597,-25.081,-56.499,-52.032,-40.249
-89.785,-16.968,81.055,47.513,-88.137,42.059,102.62,60.918,-10.711,-37.634,-36.763,-32.458
-56.442,-7.0898,57.44,28.552,-58.155,40.466,92.895,95.939,52.205,39.467,19.911,-2.4345
9.4801,26.201,23.374,-18.819,-7.1085,41.013,78.064,161.5,207.15,206.95,145.68,71.987
112.57,96.616,-22.157,-105.88,66.512,49.706,59.877,262.67,426.06,445.11,323.03,190.67
252.05,189.24,-75.626,-224.37,162.3,69.332,39.005,396.32,716.46,761.53,558.38,337.48
422.91,301.2,-133.61,-369.54,276.5,98.944,14.832,549.53,1059.3,1135.9,839.56,515.96
615.76,428.68,-195.18,-533.24,403.35,133.64,-13.959,703.05,1418.1,1529.0,1139.7,711.77
815.56,555.91,-261.23,-699.2,536.0,164.38,-47.589,835.38,1744.6,1886.9,1420.0,901.54
1002.1,662.96,-333.24,-847.59,665.47,179.79,-84.093,927.0,1987.7,2149.1,1635.9,1056.7
1152.5,729.3,-410.75,-956.91,779.75,169.82,-119.31,963.75,2103.2,2262.9,1746.2,1150.1
1245.2,739.29,-489.05,-1007.7,865.06,129.84,-147.37,938.06,2064.7,2197.2,1724.5,1162.6
1263.5,687.19,-558.54,-988.64,908.65,62.799,-162.44,849.62,1870.8,1954.1,1568.4,1089.4
1200.6,578.59,-606.07,-900.24,901.51,-20.095,-161.83,705.0,1547.3,1571.0,1302.3,942.36
1063.3,430.59,-618.8,-755.53,840.44,-101.79,-147.57,516.6,1140.6,1111.4,971.24,747.29
872.09,268.31,-590.28,-576.84,731.33,-167.18,-124.51,301.96,706.36,646.47,628.11,536.5
656.97,116.18,-525.67,-390.45,590.89,-207.99,-98.388,82.536,297.24,236.39,319.18,339.53
449.65,-9.1581,-440.81,-220.66,443.22,-224.54,-76.0,-119.13,-46.611,-81.685,74.129,176.45
275.17,-100.4,-355.74,-84.837,312.44,-224.47,-59.662,-284.13,-302.62,-296.36,-96.642,55.702
146.79,-157.56,-286.84,8.0231,214.84,-217.97,-45.584,-402.04,-467.05,-417.54,-198.8,-24.855
66.408,-186.29,-241.13,58.685,154.19,-211.6,-32.157,-473.25,-552.34,-468.11,-247.86,-71.286
25.609,-196.22,-214.16,81.433,122.59,-205.39,-20.863,-506.91,-580.52,-474.53,-262.58,-92.369
6.9875,-193.19,-193.59,87.653,104.4,-195.31,-11.957,-515.72,-574.77,-458.73,-258.74,-99.189
-6.2201,-179.69,-166.61,86.318,84.218,-176.6,-3.9331,-510.74,-552.54,-433.88,-245.7,-96.773
-27.19,-159.31,-125.76,85.396,52.458,-146.31,4.3838,-498.22,-523.46,-404.98,-227.61,-89.903
-60.355,-136.44,-71.484,89.081,8.2759,-107.29,13.037,-478.85,-488.96,-371.64,-206.24,-81.521
-101.48,-116.1,-12.551,98.559,-41.904,-68.522,21.095,-451.17,-447.88,-331.74,-183.2,-73.271
-143.33,-108.65,42.898,112.45,-89.114,-32.826,27.652,-415.36,-402.73,-293.25,-161.55,-67.108
-177.06,-96.004,86.46,112.36,-125.78,-3.923,32.517,-373.17,-356.48,-260.56,-145.15,-62.929
-196.71,-84.6,113.18,106.66,-147.23,12.579,35.807,-327.87,-312.75,-233.4,-130.2,-64.356
-200.37,-77.857,124.86,107.09,-154.01,18.419,37.752,-285.81,-277.06,-213.86,-121.31,-65.202
-189.63,-71.849,125.94,104.63,-150.54,18.901,38.552,-245.48,-246.07,-197.23,-114.46,-64.955
-171.27,-64.399,119.8,97.815,-141.56,17.535,38.334,-206.28,-216.92,-181.53,-108.06,-63.822
-150.44,-57.622,108.97,88.214,-127.57,15.854,37.27,-169.55,-189.92,-164.94,-101.28,-62.0
-128.53,-54.206,95.467,78.33,-110.43,9.6136,35.54,-135.9,-165.83,-147.02,-93.132,-59.814
-107.16,-52.776,80.012,70.205,-92.278,-2.5755,33.229,-106.0,-144.58,-129.65,-83.285,-57.687
-88.873,-52.096,62.587,64.915,-74.57,-6.492,30.429,-82.592,-126.38,-114.03,-73.267,-55.98
-76.131,-52.25,45.11,62.347,-59.073,-9.4067,27.347,-68.134,-111.16,-101.13,-65.277,-54.873
-67.877,-53.27,32.087,61.478,-47.498,-12.959,24.195,-60.609,-98.789,-91.756,-60.046,-54.329
-61.839,-54.749,22.439,61.191,-39.935,-16.928,21.072,-56.293,-89.527,-85.448,-56.944,-54.141
-57.264,-56.063,15.451,60.55,-34.896,-20.73,18.052,-53.034,-83.399,-81.218,-55.032,-54.007
-54.495,-56.752,10.84,59.011,-31.542,-23.809,15.241,-50.273,-79.849,-78.112,-53.637,-53.661
-54.042,-56.793,7.786,56.847,-29.803,-25.919,12.73,-48.672,-77.748,-75.314,-52.419,-52.988
-54.649,-56.562,5.7333,54.832,-29.046,-27.145,10.528,-48.613,-75.702,-72.46,-51.281,-52.061
-55.085,-56.55,4.7986,53.61,-28.34,-27.775,8.577,-48.02,-73.312,-69.7,-50.278,-51.066
-55.568,-57.082,4.7682,53.437,-27.838,-28.134,6.8125,-46.438,-71.097,-67.345,-49.518,-50.186
-56.579,-58.167,5.2816,54.194,-27.871,-28.443,5.2121,-45.096,-69.386,-65.567,-49.07,-49.515
-58.169,-59.535,6.0416,55.522,-28.357,-28.769,3.8033,-44.317,-68.187,-64.33,-48.911,-49.042
-60.034,-60.81,6.8398,56.978,-29.024,-29.033,2.6294,-43.975,-67.36,-63.481,-48.944,-48.659
-61.791,-61.686,7.5543,58.145,-29.644,-29.076,1.7137,-43.822,-66.719,-62.808,-49.041,-48.207
-63.143,-61.979,8.1476,58.73,-30.12,-28.76,1.0421,-43.661,-66.088,-62.109,-49.089,-47.524
-63.963,-61.657,8.6392,58.69,-30.465,-28.089,0.56188,-43.414,-65.358,-61.252,-49.026,-46.492
-64.285,-60.881,9.0642,58.246,-30.741,-27.207,0.18797,-43.122,-64.515,-60.227,-48.849,-45.079
-64.249,-59.94,9.4517,57.726,-31.015,-26.31,-0.17589,-42.891,-63.622,-59.124,-48.61,-43.348
-64.012,-59.115,9.8131,57.368,-31.34,-25.542,-0.60409,-42.814,-62.783,-58.071,-48.392,-41.422
-63.675,-58.529,10.14,57.212,-31.728,-24.963,-1.1223,-42.904,-62.073,-57.169,-48.258,-39.432
-63.247,-58.104,10.408,57.122,-32.131,-24.541,-1.7075,-43.084,-61.499,-56.446,-48.22,-37.473
-62.672,-57.646,10.593,56.884,-32.448,-24.182,-2.3137,-43.24,-61.016,-55.868,-48.248,-35.586
-61.877,-56.953,10.674,56.294,-32.548,-23.775,-2.901,-43.281,-60.565,-55.371,-48.289,-33.779
-60.807,-55.897,10.649,55.227,-32.321,-23.247,-3.4481,-43.184,-60.102,-54.891,-48.295,-32.03
-59.431,-54.435,10.533,53.69,-31.718,-22.586,-3.9536,-42.976,-59.614,-54.376,-48.231,-30.305
-57.749,-52.613,10.356,51.804,-30.779,-21.826,-4.4184,-42.719,-59.086,-53.789,-48.077,-28.567
-55.806,-50.546,10.147,49.733,-29.626,-21.022,-4.8358,-42.464,-58.497,-53.093,-47.823,-26.793
-53.672,-48.376,9.9267,47.629,-28.422,-20.23,-5.1971,-42.231,-57.813,-52.249,-47.464,-24.997
-51.434,-46.227,9.6862,45.588,-27.292,-19.499,-5.4966,-42.016,-56.992,-51.219,-46.999,-23.235
-49.187,-44.186,9.3768,43.644,-26.268,-18.868,-5.7385,-41.799,-56.017,-49.992,-46.434,-21.601
-47.005,-42.296,8.9232,41.784,-25.281,-18.366,-5.9291,-41.557,-54.896,-48.579,-45.783,-20.2
-44.905,-40.549,8.2728,39.959,-24.206,-17.99,-6.0603,-41.276,-53.645,-46.999,-45.053,-19.1
-42.837,-38.881,7.4601,38.114,-22.948,-17.688,-6.104,-40.927,-52.268,-45.253,-44.232,-18.298
-40.749,-37.227,6.639,36.233,-21.544,-17.359,-6.0242,-40.469,-50.757,-43.314,-43.297,-17.729
-38.7,-35.562,6.0515,34.385,-20.201,-16.887,-5.8023,-39.892,-49.108,-41.174,-42.225,-17.296
-36.92,-33.924,5.9332,32.723,-19.221,-16.194,-5.4555,-39.235,-47.359,-38.884,-41.03,-16.92
-35.709,-32.4,6.4075,31.415,-18.844,-15.268,-5.0396,-38.578,-45.587,-36.554,-39.763,-16.57
-35.232,-31.088,7.4239,30.556,-19.105,-14.18,-4.6406,-38.009,-43.882,-34.318,-38.506,-16.267
-35.386,-30.075,8.7619,30.121,-19.816,-13.07,-4.3495,-37.595,-42.31,-32.277,-37.337,-16.07
-35.855,-29.412,10.093,29.981,-20.629,-12.11,-4.246,-37.351,-40.884,-30.461,-36.296,-16.037
-36.26,-29.107,11.081,29.971,-21.186,-11.473,-4.3791,-37.226,-39.554,-28.816,-35.359,-16.187
-36.309,-29.125,11.483,29.957,-21.252,-11.273,-4.7549,-37.114,-38.204,-27.207,-34.437,-16.482
-35.883,-29.396,11.208,29.873,-20.779,-11.544,-5.3492,-36.891,-36.7,-25.472,-33.407,-16.839
-35.031,-29.843,10.322,29.734,-19.877,-12.246,-6.121,-36.466,-34.937,-23.494,-32.16,-17.169
-33.939,-30.419,8.9997,29.621,-18.74,-13.302,-7.0328,-35.832,-32.904,-21.279,-30.653,-17.41
-32.871,-31.14,7.4588,29.666,-17.583,-14.619,-8.061,-35.075,-30.704,-18.971,-28.936,-17.56
-32.079,-32.07,5.8866,30.009,-16.574,-16.113,-9.1987,-34.347,-28.515,-16.784,-27.144,-17.667
-31.674,-33.249,4.3913,30.697,-15.789,-17.711,-10.441,-33.801,-26.507,-14.881,-25.426,-17.791
-31.534,-34.595,2.9949,31.6,-15.164,-19.339,-11.765,-33.515,-24.752,-13.315,-23.873,-17.969
-31.327,-35.872,1.6544,32.396,-14.511,-20.906,-13.121,-33.461,-23.213,-12.03,-22.477,-18.187
-30.617,-36.761,0.29967,32.681,-13.596,-22.304,-14.446,-33.52,-21.769,-10.909,-21.155,-18.387
-29.032,-36.989,-1.1305,32.118,-12.228,-23.435,-15.69,-33.551,-20.281,-9.824,-19.802,-18.485
-26.409,-36.423,-2.6624,30.557,-10.341,-24.233,-16.834,-33.448,-18.652,-8.6731,-18.335,-18.402
-22.862,-35.095,-4.2769,28.074,-8.0225,-24.682,-17.896,-33.175,-16.856,-7.4086,-16.727,-18.092
-18.768,-33.183,-5.9116,24.953,-5.4943,-24.818,-18.927,-32.762,-14.941,-6.0346,-15.002,-17.551
-14.667,-30.956,-7.4751,21.605,-3.0549,-24.718,-19.982,-32.269,-12.986,-4.5828,-13.208,-16.817
-11.104,-28.693,-8.8779,18.47,-0.98797,-24.462,-21.091,-31.736,-11.054,-3.0806,-11.393,-15.95
-8.4393,-26.625,-10.077,15.908,0.53377,-24.11,-22.239,-31.153,-9.161,-1.5288,-9.5855,-15.001
-6.7543,-24.898,-11.112,14.091,1.5043,-23.685,-23.367,-30.458,-7.282,0.10322,-7.7832,-13.987
-5.8606,-23.556,-12.099,12.938,2.0721,-23.189,-24.408,-29.575,-5.3678,1.8698,-5.9665,-12.888
-5.4048,-22.51,-13.201,12.148,2.4726,-22.62,-25.341,-28.462,-3.3746,3.8341,-4.1157,-11.678
-4.9699,-21.538,-14.593,11.329,2.9685,-22.002,-26.213,-27.139,-1.2805,6.0595,-2.2185,-10.344
-4.1262,-20.365,-16.439,10.106,3.8278,-21.378,-27.139,-25.667,0.91663,8.6099,-0.27081,-8.8984
-2.5096,-18.802,-18.85,8.2272,5.3136,-20.81,-28.231,-24.105,3.2158,11.561,1.7308,-7.3668
0.058645,-16.825,-21.851,5.647,7.6501,-20.36,-29.554,-22.47,5.6319,15.011,3.7931,-5.7754
3.4971,-14.586,-25.37,2.5495,10.983,-20.086,-31.094,-20.741,8.2075,19.08,5.9272,-4.1483
7.5203,-12.343,-29.259,-0.72047,15.373,-20.031,-32.769,-18.881,11.015,23.868,8.149,-2.5107
11.802,-10.376,-33.313,-3.7852,20.768,-20.214,-34.482,-16.883,14.15,29.378,10.479,-0.88979
16.103,-8.9158,-37.294,-6.3438,26.831,-20.62,-36.186,-14.8,17.714,35.463,12.937,0.68859
20.202,-8.0889,-40.97,-8.2142,32.81,-21.201,-37.913,-12.724,21.786,41.853,15.552,2.2055
23.774,-7.8724,-44.177,-9.3412,37.908,-21.876,-39.75,-10.743,26.406,48.275,18.377,3.6562
26.565,-8.0544,-46.896,-9.8362,41.904,-22.543,-41.775,-8.8975,31.561,54.551,21.529,5.0537
28.798,-8.2705,-49.28,-10.023,45.24,-23.093,-44.007,-7.1771,37.183,60.603,25.208,6.4264
31.245,-8.1246,-51.565,-10.378,48.634,-23.447,-46.392,-5.549,43.157,66.43,29.658,7.8119
34.809,-7.332,-53.923,-11.342,52.601,-23.565,-48.83,-3.9842,49.338,72.103,35.024,9.2529
39.983,-5.8081,-56.348,-13.14,57.105,-23.447,-51.217,-2.472,55.598,77.726,41.157,10.796
46.572,-3.6738,-58.671,-15.731,61.625,-23.112,-53.484,-1.0171,61.856,83.4,47.583,12.493
53.893,-1.1898,-60.663,-18.918,65.6,-22.591,-55.618,0.37083,68.082,89.192,53.808,14.406
61.154,1.3462,-62.155,-22.544,68.739,-21.914,-57.655,1.6896,74.281,95.132,59.677,16.623
67.684,3.6974,-63.1,-26.651,71.047,-21.121,-59.644,2.9571,80.476,101.22,65.375,19.294
73.116,5.7493,-63.589,-31.386,72.745,-20.247,-61.618,4.2201,86.691,107.45,71.213,22.672
77.557,7.5407,-63.795,-36.691,74.171,-19.313,-63.574,5.5476,92.946,113.83,77.444,27.098
81.512,9.2829,-63.918,-42.21,75.676,-18.314,-65.478,6.9967,99.269,120.44,84.16,32.773
85.649,11.36,-64.129,-47.728,77.558,-17.227,-67.282,8.5689,105.7,127.46,91.278,39.384
90.582,14.261,-64.531,-53.491,79.993,-16.023,-68.951,10.207,112.3,135.04,98.605,46.229
96.643,18.444,-65.148,-59.918,82.98,-14.669,-70.472,11.865,119.05,143.2,105.97,52.877
103.73,24.164,-65.908,-67.164,86.345,-13.105,-71.852,13.572,125.9,151.76,113.28,59.35
111.37,31.35,-66.645,-74.98,89.811,-11.243,-73.11,15.414,132.77,160.46,120.55,65.804
118.92,39.583,-67.129,-82.899,93.074,-9.0029,-74.253,17.468,139.58,169.1,127.86,72.312
125.89,48.27,-67.143,-90.49,95.881,-6.3541,-75.267,19.766,146.26,177.61,135.26,78.857
132.05,56.853,-66.586,-97.5,98.12,-3.353,-76.122,22.306,152.79,185.94,142.79,85.378
137.44,64.886,-65.526,-103.86,99.872,-0.15406,-76.791,25.043,159.09,194.04,150.36,91.791
142.22,72.057,-64.152,-109.57,101.36,3.0096,-77.253,27.887,165.01,201.82,157.79,98.014
146.53,78.182,-62.673,-114.63,102.81,5.8838,-77.479,30.706,170.37,209.17,164.94,103.96
150.3,83.193,-61.258,-118.94,104.28,8.2654,-77.407,33.368,174.98,215.96,171.67,109.57
153.46,87.152,-60.048,-122.48,105.7,10.067,-76.943,35.777,178.64,222.06,177.9,114.8
155.98,90.276,-59.117,-125.35,106.98,11.368,-75.986,37.915,181.19,227.16,183.45,119.71
157.95,92.867,-58.32,-127.69,108.02,12.4,-74.428,39.862,182.55,230.79,188.05,124.37
159.4,95.176,-57.257,-129.61,108.66,13.459,-72.133,41.75,182.73,232.5,191.29,128.76
160.2,97.279,-55.425,-131.08,108.53,14.774,-68.94,43.67,181.86,232.05,192.82,132.64
160.07,99.088,-52.453,-131.92,107.34,16.42,-64.716,45.588,180.01,229.54,192.47,135.6
158.83,100.44,-48.304,-131.94,105.07,18.299,-59.453,47.354,177.26,225.25,190.32,137.35
156.54,101.21,-43.376,-131.1,102.03,20.196,-53.324,48.786,173.66,219.5,186.62,137.84
153.49,101.34,-38.354,-129.53,98.645,21.872,-46.644,49.761,169.25,212.62,181.67,137.19
150.01,100.9,-33.809,-127.44,95.252,23.144,-39.75,50.269,164.16,204.9,175.79,135.5
146.31,100.02,-29.898,-125.01,92.024,23.945,-32.926,50.419,158.52,196.6,169.21,132.83
142.37,98.791,-26.385,-122.25,88.888,24.327,-26.359,50.404,152.48,187.93,162.11,129.26
137.93,97.225,-22.874,-119.06,85.531,24.431,-20.125,50.42,146.2,179.04,154.59,124.91
132.63,95.324,-19.117,-115.28,81.538,24.414,-14.229,50.573,139.79,169.98,146.7,119.92
126.25,93.127,-15.2,-110.88,76.6,24.394,-8.6622,50.843,133.36,160.81,138.58,114.48
118.84,90.747,-11.42,-106.03,70.662,24.447,-3.4522,51.109,126.97,151.64,130.41,108.8
110.75,88.332,-7.9998,-100.99,63.935,24.621,1.3668,51.214,120.68,142.54,122.38,102.97
102.47,85.999,-4.9827,-96.046,56.775,24.938,5.7971,51.022,114.49,133.6,114.58,97.052
94.375,83.786,-2.3347,-91.352,49.555,25.358,9.8348,50.452,108.37,124.84,106.94,91.026
86.645,81.665,0.00056114,-86.851,42.599,25.813,13.447,49.477,102.22,116.24,99.361,84.852
79.251,79.579,2.1242,-82.341,36.09,26.292,16.607,48.113,95.91,107.8,91.738,78.443
72.059,77.453,4.1793,-77.615,29.92,26.89,19.307,46.399,89.335,99.463,84.074,71.677
64.839,75.205,6.2823,-72.537,23.773,27.699,21.55,44.388,82.468,91.179,76.493,64.484
57.297,72.742,8.4499,-67.018,17.551,28.746,23.348,42.134,75.394,83.014,69.17,56.997
49.266,69.995,10.591,-61.0,11.808,30.029,24.705,39.681,68.25,75.125,62.187,49.587
41.106,66.973,12.529,-54.62,7.4063,31.462,25.609,37.064,61.126,67.605,55.477,42.623
33.805,63.772,14.033,-48.437,4.6189,32.722,26.045,34.321,54.057,60.409,48.906,36.26
28.245,60.423,14.876,-43.197,3.123,33.294,26.022,31.502,47.104,53.418,42.409,30.476
24.553,56.702,14.912,-39.126,2.5571,32.719,25.57,28.672,40.406,46.548,36.083,25.241
22.201,52.174,14.12,-35.705,2.6669,30.778,24.732,25.889,34.152,39.808,30.164,20.597
20.403,46.434,12.594,-32.142,3.1939,27.505,23.576,23.193,28.48,33.305,24.892,16.59
18.492,39.369,10.523,-27.894,3.8293,23.138,22.211,20.611,23.451,27.201,20.391,13.207
16.091,31.298,8.1762,-22.883,4.2596,18.051,20.791,18.18,19.078,21.684,16.65,10.379
13.059,22.855,5.9083,-17.374,4.2109,12.714,19.494,15.953,15.368,16.922,13.58,8.0292
9.3837,14.662,4.1345,-11.705,3.4735,7.6663,18.478,13.998,12.312,13.001,11.07,6.1032
5.1669,7.1526,3.2457,-6.1442,1.9455,3.4669,17.853,12.383,9.8674,9.8828,9.0203,4.5804
0.61188,0.64882,3.4864,-0.88491,-0.3167,0.578,17.66,11.163,7.9655,7.4559,7.3486,3.4709
-4.003,-4.5418,4.8533,3.8909,-3.0965,-0.75693,17.879,10.37,6.5341,5.5929,6.0005,2.8054
-8.3452,-8.1392,7.0913,7.9594,-6.0652,-0.57859,18.448,10.008,5.5117,4.1882,4.9447,2.6158
-12.038,-9.9721,9.7804,11.037,-8.8528,0.78074,19.297,10.056,4.8512,3.1565,4.1644,2.9122
-14.708,-10.076,12.45,12.85,-11.12,2.7962,20.365,10.481,4.5149,2.427,3.6469,3.6656
-16.077,-8.7167,14.69,13.263,-12.625,4.9846,21.606,11.243,4.4672,1.9445,3.3755,4.8087
-16.061,-6.2777,16.241,12.327,-13.272,7.0728,22.957,12.305,4.6677,1.6689,3.3318,6.2509
-14.789,-3.1515,17.049,10.263,-13.132,8.9597,24.333,13.622,5.0644,1.5698,3.4891,7.8917
-12.57,0.29964,17.239,7.4132,-12.409,10.63,25.637,15.136,5.5928,1.6184,3.8104,9.6248
-9.8043,3.7713,17.04,4.1666,-11.36,12.126,26.78,16.766,6.1811,1.7831,4.253,11.342
-6.8781,7.0565,16.72,0.8861,-10.219,13.534,27.698,18.413,6.7625,2.0292,4.7686,12.95
-4.1029,10.039,16.53,-2.135,-9.1546,14.951,28.357,19.972,7.285,2.3203,5.3113,14.394
-1.7117,12.637,16.632,-4.6791,-8.2822,16.432,28.748,21.338,7.7139,2.6186,5.8399,15.668
0.12105,14.767,17.05,-6.6,-7.6772,17.949,28.869,22.425,8.0252,2.8842,6.3165,16.789
1.2708,16.345,17.681,-7.8208,-7.3796,19.384,28.72,23.175,8.202,3.0779,6.7081,17.774
1.6801,17.286,18.363,-8.3275,-7.3975,20.556,28.293,23.572,8.2342,3.1701,6.9909,18.607
1.3825,17.494,18.936,-8.1537,-7.7016,21.255,27.588,23.639,8.1224,3.1505,7.1576,19.242
0.49921,16.89,19.277,-7.3675,-8.2105,21.294,26.623,23.421,7.8805,3.0344,7.2218,19.622
-0.7946,15.473,19.307,-6.0643,-8.7988,20.584,25.445,22.97,7.5377,2.8609,7.2157,19.712
-2.3147,13.343,18.986,-4.359,-9.3288,19.147,24.117,22.329,7.1362,2.6818,7.1824,19.531
-3.9002,10.654,18.291,-2.3729,-9.6876,17.079,22.686,21.527,6.7208,2.5446,7.161,19.145
-5.4288,7.5471,17.23,-0.21815,-9.8156,14.507,21.188,20.572,6.3275,2.4773,7.1751,18.646
-6.8192,4.1436,15.859,2.0083,-9.72,11.605,19.671,19.467,5.9789,2.4877,7.2306,18.115
-8.0232,0.61512,14.313,4.202,-9.4706,8.6253,18.218,18.241,5.6927,2.574,7.3266,17.609
-9.0016,-2.724,12.797,6.2075,-9.1679,5.9079,16.939,16.972,5.4921,2.7399,7.4701,17.157
-9.6956,-5.4194,11.532,7.7974,-8.8907,3.8233,15.945,15.771,5.4072,2.9988,7.681,16.766
-10.009,-6.9975,10.681,8.7075,-8.6486,2.6699,15.302,14.761,5.4671,3.3681,7.9837,16.437
-9.8179,-7.1209,10.301,8.7066,-8.3774,2.5816,15.009,14.034,5.6899,3.8586,8.3925,16.176
-9.0063,-5.6907,10.334,7.6589,-7.9797,3.488,15.0,13.626,6.0768,4.4671,8.9002,15.987
-7.5091,-2.8766,10.636,5.5648,-7.3712,5.1413,15.157,13.502,6.6121,5.1746,9.4764,15.86
-5.3342,0.90899,11.024,2.5882,-6.4939,7.1957,15.35,13.576,7.2671,5.9509,10.078,15.774
-2.586,5.0927,11.308,-0.93761,-5.3226,9.3014,15.476,13.741,8.0101,6.7634,10.667,15.724
0.49938,9.0902,11.313,-4.5655,-3.8947,11.17,15.485,13.913,8.8177,7.588,11.23,15.732
3.5937,12.474,10.924,-7.8864,-2.3131,12.585,15.386,14.064,9.6813,8.4132,11.773,15.837
6.4585,15.05,10.085,-10.688,-0.66314,13.396,15.222,14.217,10.601,9.235,12.311,16.072
9.0949,16.796,8.7523,-12.963,1.089,13.53,15.033,14.412,11.57,10.043,12.845,16.436
11.644,17.763,6.8887,-14.776,3.0738,12.984,14.82,14.661,12.551,10.804,13.348,16.881
14.12,18.022,4.5295,-16.141,5.336,11.794,14.533,14.935,13.466,11.444,13.763,17.317
16.27,17.63,1.8635,-16.976,7.6667,10.039,14.096,15.172,14.206,11.872,14.012,17.638
17.667,16.584,-0.7415,-17.136,9.6293,7.8615,13.445,15.307,14.67,12.023,14.032,17.757
17.906,14.805,-2.8056,-16.469,10.734,5.4824,12.571,15.287,14.815,11.919,13.818,17.636
16.76,12.24,-3.8945,-14.864,10.626,3.1853,11.528,15.08,14.666,11.653,13.431,17.301
14.243,9.0012,-3.7927,-12.318,9.2017,1.2316,10.416,14.677,14.299,11.322,12.958,16.822
10.606,5.3983,-2.5863,-8.998,6.6398,-0.23937,9.3538,14.104,13.801,10.97,12.461,16.279
6.2998,1.801,-0.62222,-5.2383,3.3718,-1.2485,8.4356,13.409,13.232,10.59,11.953,15.722
1.8794,-1.5502,1.6061,-1.4214,-0.015722,-1.9515,7.6879,12.65,12.622,10.146,11.408,15.152
-2.1647,-4.6151,3.5966,2.1727,-2.9579,-2.5683,7.0647,11.86,11.971,9.6049,10.789,14.533
-5.5651,-7.4907,4.9684,5.4442,-5.1123,-3.2902,6.4812,11.04,11.275,8.955,10.076,13.814
-8.2956,-10.307,5.5488,8.4349,-6.4454,-4.2142,5.8633,10.177,10.542,8.2124,9.2732,12.961
-10.423,-13.123,5.3944,11.186,-7.1195,-5.331,5.1847,9.2657,9.7967,7.4197,8.4118,11.972
-11.964,-15.833,4.7396,13.598,-7.3157,-6.5432,4.4774,8.3327,9.0804,6.6415,7.5474,10.892
-12.911,-18.125,3.9059,15.432,-7.2035,-7.6802,3.8153,7.4476,8.4438,5.9532,6.751,9.7942
-13.267,-19.567,3.2052,16.425,-6.9631,-8.5169,3.2814,6.7209,7.9351,5.4227,6.094,8.7578
-12.998,-19.764,2.8479,16.37,-6.7015,-8.8152,2.9349,6.2745,7.5885,5.0911,5.6277,7.8398
-12.022,-18.492,2.8961,15.164,-6.3853,-8.3911,2.794,6.1954,7.421,4.9642,5.3704,7.0639
-10.285,-15.77,3.2897,12.863,-5.9077,-7.1836,2.8392,6.5019,7.4354,5.0188,5.308,6.4294
-7.8693,-11.878,3.9029,9.6993,-5.2043,-5.2945,3.0319,7.143,7.623,5.2165,5.4037,5.9243
-5.0217,-7.3351,4.5968,6.0691,-4.3092,-2.9767,3.3344,8.0206,7.9611,5.5141,5.6072,5.5285
-2.1117,-2.7949,5.2555,2.4658,-3.3362,-0.57197,3.7202,9.013,8.4106,5.8676,5.8612,5.2103
0.45691,1.1091,5.7902,-0.62729,-2.4261,1.5812,4.1695,9.9894,8.9138,6.2347,6.1079,4.9262
2.3424,3.9159,6.1378,-2.8548,-1.7091,3.2216,4.659,10.821,9.3987,6.5756,6.2988,4.6293
3.3397,5.406,6.2792,-4.0549,-1.2861,4.206,5.1571,11.402,9.792,6.8531,6.4041,4.2832
3.4045,5.6012,6.2562,-4.2518,-1.2191,4.5212,5.6264,11.671,10.041,7.0387,6.4172,3.871
2.6303,4.7349,6.1612,-3.6078,-1.5246,4.2611,6.022,11.629,10.127,7.1191,6.3484,3.3935
1.2138,3.1856,6.0994,-2.3687,-2.1677,3.5817,6.2841,11.315,10.061,7.0926,6.208,2.8549
-0.56803,1.3527,6.1414,-0.82069,-3.0581,2.6546,6.3404,10.773,9.8515,6.9577,5.9893,2.247
-2.375,-0.45004,6.2917,0.73877,-4.0536,1.6234,6.1257,10.014,9.4804,6.6996,5.6593,1.5409
-3.8523,-2.0197,6.4815,2.0461,-4.9749,0.5854,5.6083,8.9951,8.8929,6.2858,5.1639,0.69493
-4.7342,-3.2552,6.5853,2.9475,-5.636,-0.41014,4.8024,7.6424,8.0246,5.6786,4.4494,-0.32285
-4.9446,-4.1798,6.4572,3.4596,-5.8903,-1.3777,3.7607,5.9031,6.8485,4.8581,3.4921,-1.5048
-4.6183,-4.975,5.9815,3.7569,-5.6798,-2.4059,2.5607,3.8076,5.4066,3.8393,2.3197,-2.7837
-4.044,-5.925,5.1214,4.0882,-5.0659,-3.6163,1.2961,1.4835,3.8032,2.6738,1.0097,-4.0385
-3.5802,-7.2666,3.9379,4.6816,-4.2282,-5.0782,0.053871,-0.88956,2.1678,1.4395,-0.32792,-5.1235
-3.5652,-9.1229,2.5651,5.7092,-3.4168,-6.7702,-1.1266,-3.1448,0.61744,0.21923,-1.5795,-5.9073
-4.2312,-11.606,1.1636,7.3104,-2.8696,-8.6406,-2.2673,-5.1654,-0.76745,-0.9208,-2.6582,-6.3101
-5.6361,-14.849,-0.11401,9.5689,-2.7275,-10.662,-3.403,-6.8917,-1.9501,-1.9411,-3.5209,-6.3257
-7.6166,-18.77,-1.1391,12.388,-2.9866,-12.748,-4.5048,-8.3121,-2.93,-2.8236,-4.1645,-6.0142
-9.7843,-22.79,-1.8119,15.35,-3.5038,-14.611,-5.4444,-9.4459,-3.7259,-3.5599,-4.608,-5.4664
-11.589,-25.828,-2.0672,17.702,-4.0525,-15.777,-6.028,-10.319,-4.3574,-4.1412,-4.8732,-4.7634
-12.43,-26.705,-1.8837,18.551,-4.3982,-15.771,-6.0699,-10.945,-4.831,-4.5533,-4.9698,-3.9435
-11.81,-24.653,-1.2905,17.218,-4.3605,-14.361,-5.4644,-11.309,-5.1368,-4.7782,-4.8903,-2.9866
-9.5071,-19.632,-0.36777,13.545,-3.841,-11.643,-4.2277,-11.392,-5.2541,-4.7997,-4.6161,-1.8343
-5.7041,-12.323,0.74933,7.9802,-2.831,-7.9777,-2.4963,-11.186,-5.1651,-4.6132,-4.1368,-0.44951
-0.96297,-3.9286,1.8709,1.4246,-1.4167,-3.895,-0.49175,-10.722,-4.8704,-4.238,-3.4759,1.1235
3.9365,4.1106,2.7817,-5.0283,0.22567,-0.0050904,1.5315,-10.08,-4.4023,-3.7245,-2.7055,2.7434
8.2148,10.502,3.3035,-10.383,1.8595,3.1319,3.339,-9.376,-3.8204,-3.1437,-1.9315,4.211
11.282,14.46,3.363,-13.986,3.2388,5.1538,4.761,-8.7213,-3.1902,-2.5595,-1.2533,5.3396
12.83,15.822,3.0226,-15.606,4.1603,5.9777,5.7208,-8.1782,-2.5584,-2.0057,-0.72377,6.0174
12.838,14.953,2.4574,-15.378,4.504,5.7795,6.2493,-7.7398,-1.9481,-1.4852,-0.33946,6.2327
11.537,12.612,1.8929,-13.73,4.2582,4.8668,6.4679,-7.3559,-1.3766,-0.99295,-0.063896,6.0535
9.3692,9.7664,1.5306,-11.306,3.5217,3.5874,6.5111,-6.9864,-0.8774,-0.54218,0.13325,5.5778
6.9064,7.2011,1.4873,-8.8002,2.4797,2.2941,6.4271,-6.6463,-0.50833,-0.17367,0.24874,4.8808
4.715,5.2622,1.7667,-6.756,1.3544,1.2311,6.1581,-6.4145,-0.34062,0.053808,0.24417,3.9901
3.1948,4.032,2.275,-5.4706,0.34502,0.5308,5.6156,-6.3966,-0.43766,0.083124,0.065339,2.8951
2.456,3.4947,2.8721,-4.9444,-0.42305,0.25419,4.7596,-6.6635,-0.83263,-0.12114,-0.33041,1.5636
2.3263,3.4396,3.4317,-4.9007,-0.9207,0.3019,3.623,-7.2089,-1.5153,-0.5583,-0.95205,-0.030258
2.4848,3.4571,3.8721,-4.9366,-1.204,0.42261,2.2979,-7.9578,-2.4366,-1.1895,-1.7687,-1.8769
2.5931,3.1504,4.1452,-4.6872,-1.3777,0.31022,0.89615,-8.8082,-3.5264,-1.9485,-2.7186,-3.9213
2.3653,2.2189,4.2095,-3.8954,-1.5487,-0.29859,-0.48446,-9.6707,-4.7095,-2.7592,-3.7209,-6.0719
1.6068,0.4706,4.0049,-2.4252,-1.7861,-1.5136,-1.7778,-10.488,-5.9152,-3.5529,-4.6878,-8.2142
0.24681,-2.1728,3.453,-0.26331,-2.1033,-3.313,-2.9498,-11.243,-7.0864,-4.2856,-5.5462,-10.237
-1.6466,-5.7036,2.495,2.499,-2.4634,-5.6499,-3.9947,-11.964,-8.1902,-4.948,-6.2661,-12.056
-3.8905,-10.019,1.1465,5.6948,-2.8108,-8.4693,-4.9426,-12.7,-9.2192,-5.5609,-6.8701,-13.632
-6.2443,-14.856,-0.4519,9.0958,-3.1105,-11.612,-5.8441,-13.491,-10.182,-6.1545,-7.4088,-14.954
-8.4587,-19.717,-2.0367,12.403,-3.3664,-14.728,-6.7232,-14.333,-11.083,-6.7418,-7.9187,-16.01
-10.299,-23.86,-3.2811,15.234,-3.6102,-17.291,-7.539,-15.17,-11.912,-7.302,-8.3936,-16.772
-11.556,-26.473,-3.8989,17.16,-3.8689,-18.75,-8.1906,-15.914,-12.644,-7.7833,-8.7862,-17.2
-12.06,-26.956,-3.7472,17.804,-4.1372,-18.757,-8.563,-16.485,-13.256,-8.1248,-9.0358,-17.274
-11.716,-25.136,-2.879,16.977,-4.3628,-17.315,-8.576,-16.846,-13.735,-8.2857,-9.1037,-17.008
-10.527,-21.323,-1.5211,14.749,-4.4604,-14.77,-8.2101,-17.017,-14.085,-8.2648,-8.9936,-16.455
-8.6053,-16.205,0.0074021,11.431,-4.3388,-11.664,-7.507,-17.051,-14.317,-8.1013,-8.7468,-15.691
-6.1541,-10.617,1.3905,7.4901,-3.9326,-8.5368,-6.5583,-17.0,-14.43,-7.8542,-8.4172,-14.791
-3.4345,-5.3327,2.3725,3.442,-3.2216,-5.7823,-5.4895,-16.887,-14.402,-7.5754,-8.0403,-13.812
-0.71516,-0.95373,2.7931,-0.2512,-2.2318,-3.6312,-4.4369,-16.694,-14.2,-7.2896,-7.6264,-12.792
1.78,2.1938,2.6164,-3.2602,-1.0277,-2.1918,-3.5182,-16.378,-13.79,-6.9949,-7.1678,-11.756
3.9118,4.1369,1.9418,-5.4396,0.29078,-1.4585,-2.8068,-15.898,-13.182,-6.6829,-6.663,-10.739
5.636,5.1394,0.97683,-6.8395,1.6021,-1.3089,-2.3245,-15.244,-12.432,-6.3624,-6.1357,-9.7946
6.9866,5.5263,-0.023299,-7.6628,2.7768,-1.5244,-2.0509,-14.454,-11.638,-6.0668,-5.6353,-9.0058
8.0225,5.5725,-0.82821,-8.1437,3.6949,-1.8771,-1.9362,-13.607,-10.909,-5.8451,-5.2216,-8.4678
8.7353,5.3801,-1.2867,-8.3862,4.2492,-2.2537,-1.926,-12.808,-10.34,-5.7435,-4.9501,-8.2707
8.9887,4.8607,-1.3544,-8.285,4.3504,-2.6625,-1.9867,-12.158,-9.9922,-5.7985,-4.854,-8.4812
8.549,3.8363,-1.0938,-7.587,3.9426,-3.1864,-2.1132,-11.721,-9.8923,-6.0331,-4.9431,-9.1233
7.1946,2.1237,-0.6503,-6.0485,3.0176,-3.9709,-2.3189,-11.508,-10.023,-6.4558,-5.214,-10.178
4.8258,-0.41693,-0.20057,-3.566,1.6255,-5.1764,-2.6123,-11.481,-10.346,-7.0552,-5.6455,-11.579
1.5,-3.8653,0.10244,-0.18011,-0.12797,-6.89,-2.9848,-11.578,-10.8,-7.7905,-6.1953,-13.23
-2.6156,-8.2499,0.17497,4.0171,-2.0988,-9.0722,-3.4103,-11.743,-11.317,-8.5863,-6.8028,-15.025
-7.2455,-13.496,0.013654,8.8924,-4.1148,-11.57,-3.8437,-11.933,-11.816,-9.3451,-7.4082,-16.877
-11.946,-19.303,-0.32333,14.141,-5.97,-14.152,-4.2116,-12.1,-12.209,-9.9604,-7.9623,-18.723
-16.107,-25.085,-0.74671,19.187,-7.4308,-16.553,-4.4083,-12.174,-12.416,-10.363,-8.443,-20.525
-19.054,-30.03,-1.1636,23.244,-8.2891,-18.51,-4.3046,-12.065,-12.402,-10.549,-8.862,-22.268
-20.223,-33.218,-1.5009,25.496,-8.4295,-19.792,-3.7563,-11.7,-12.216,-10.593,-9.2678,-23.957
-19.392,-33.83,-1.7196,25.378,-7.8677,-20.172,-2.6252,-11.044,-11.966,-10.625,-9.7405,-25.612
-16.821,-31.47,-1.8197,22.855,-6.7189,-19.446,-0.90119,-10.088,-11.762,-10.766,-10.364,-27.24
-13.123,-26.402,-1.8672,18.497,-5.1341,-17.527,1.0838,-8.803,-11.616,-11.032,-11.163,-28.771
-8.9494,-19.462,-2.0504,13.184,-3.2852,-14.513,2.9999,-7.0815,-11.309,-11.194,-11.945,-29.984
-4.8651,-11.665,-2.4528,7.6808,-1.4649,-10.612,5.3683,-4.7286,-10.273,-10.607,-12.082,-30.45
-1.4129,-3.8416,-2.4864,2.3976,-0.19418,-6.0239,9.1277,-2.0864,-7.5441,-8.2244,-10.49,-29.491
1.1289,3.5297,-1.1362,-2.6501,0.053489,-0.90251,15.084,-3.9555,-2.71,-10.979,-9.2303,-26.424
3.4614,11.026,2.2532,-8.4188,-0.38625,4.6961,23.748,-4.5335,-3.8322,-14.417,-20.149,-27.795
6.9132,20.947,7.4504,-14.315,-0.51047,11.256,34.676,2.2867,-3.5976,-16.449,-23.848,-32.4
-4.3641,21.639,16.205,-6.0683,-10.887,20.577,46.642,12.746,-4.6402,-20.033,-28.145,-34.006
-19.282,18.165,34.992,4.2546,-26.471,31.581,58.915,25.691,-7.6338,-25.691,-33.199,-35.985
-36.03,13.029,58.368,16.07,-45.095,39.453,72.592,38.13,-12.814,-33.536,-39.332,-38.426
-52.886,8.5546,79.408,27.614,-64.866,44.353,89.889,47.731,-18.075,-41.77,-45.478,-40.881
-65.731,7.7366,91.83,35.331,-79.573,47.546,104.0,56.397,-16.545,-44.323,-47.392,-41.016
-65.758,15.502,90.722,32.55,-78.588,48.123,104.22,72.054,8.3761,-23.086,-32.919,-32.464
-40.455,39.007,74.479,8.308,-54.188,48.886,94.867,106.67,96.061,81.556,34.929,-0.1296
24.55,85.467,45.527,-52.855,-4.6956,55.76,80.163,171.4,269.83,277.73,188.76,84.862
135.75,158.32,4.8618,-153.7,69.601,72.431,61.579,272.85,502.14,541.92,386.77,209.71
279.93,257.77,-44.481,-278.07,166.09,99.711,40.065,409.13,802.4,882.92,642.46,364.53
453.16,379.66,-100.37,-425.7,280.36,134.26,15.486,567.46,1147.0,1274.3,938.44,550.0
646.85,512.31,-162.28,-587.83,407.23,169.17,-13.764,724.1,1496.7,1671.1,1243.6,748.85
845.46,637.39,-231.59,-749.11,539.58,194.77,-48.871,854.66,1802.6,2015.2,1516.5,936.7
1028.6,732.69,-310.4,-888.6,668.64,199.29,-88.296,940.96,2014.9,2246.1,1711.9,1085.2
1173.8,778.18,-398.65,-984.43,783.72,173.6,-126.34,970.5,2094.0,2314.8,1790.9,1167.4
1260.4,761.77,-491.21,-1020.0,872.47,116.35,-154.64,938.99,2020.6,2199.0,1732.7,1165.4
1274.2,683.26,-576.85,-987.99,922.41,35.718,-166.07,850.02,1801.4,1911.6,1542.2,1077.2
1211.4,556.06,-639.9,-893.21,923.81,-53.265,-157.91,713.27,1467.6,1499.3,1251.0,918.26
1081.4,403.97,-664.48,-751.53,873.13,-133.02,-132.81,542.81,1067.2,1030.3,908.83,717.82
904.43,253.36,-641.72,-585.81,775.77,-189.46,-96.67,355.93,653.78,575.2,569.05,509.59
707.58,124.74,-576.49,-419.75,646.74,-217.6,-55.922,171.83,275.74,189.3,274.91,322.13
518.29,27.653,-485.8,-272.67,507.26,-221.82,-15.732,9.2365,-30.864,-96.767,50.939,172.56
357.95,-35.903,-391.44,-156.42,378.58,-211.58,20.567,-117.46,-247.31,-277.92,-98.111,65.578
237.26,-75.212,-311.54,-73.394,275.74,-196.7,51.325,-201.95,-374.36,-369.16,-182.59,-5.8558
155.4,-97.51,-254.11,-18.678,203.88,-182.74,76.165,-247.5,-429.34,-396.91,-219.96,-47.425
102.91,-105.22,-215.56,7.8007,158.37,-169.57,95.749,-264.56,-437.33,-388.79,-227.5,-62.767
67.886,-101.34,-184.7,19.24,127.56,-152.55,111.56,-265.38,-422.15,-366.42,-219.27,-64.629
40.418,-88.018,-149.79,25.331,98.337,-125.58,125.09,-259.94,-400.69,-342.23,-204.23,-61.521
13.591,-68.095,-104.84,29.801,64.357,-85.433,137.54,-254.64,-380.5,-319.54,-187.43,-57.833
-14.628,-45.348,-51.711,34.276,25.153,-42.975,149.91,-250.93,-361.94,-296.79,-169.33,-54.518
-43.383,-22.599,3.118,39.359,-18.992,-7.1953,162.16,-246.89,-342.89,-275.66,-152.99,-51.624
-72.043,-15.213,54.299,44.23,-62.021,20.408,172.76,-240.27,-320.97,-255.87,-139.97,-38.804
-98.929,-9.8423,96.101,29.526,-97.333,39.919,179.4,-229.4,-293.89,-231.34,-128.15,-32.467
-118.42,-6.0067,121.96,27.269,-121.17,51.939,180.72,-213.97,-263.14,-207.83,-118.37,-33.628
-118.56,-3.4753,132.26,28.94,-132.77,56.912,177.24,-195.84,-238.87,-190.79,-111.92,-33.281
-103.85,-1.5024,131.94,29.426,-133.99,57.43,170.12,-176.03,-216.59,-173.56,-105.36,-31.59
-87.983,0.42174,125.69,28.179,-127.26,56.202,160.29,-152.99,-193.09,-155.44,-97.404,-28.961
-73.717,2.5732,116.41,25.322,-114.96,53.065,148.4,-126.72,-168.71,-137.46,-87.9,-25.732
-61.462,5.0379,105.17,21.307,-98.536,42.286,135.11,-98.976,-144.66,-120.3,-77.737,-22.217
-51.047,7.5714,92.225,16.808,-80.491,33.4,121.23,-72.066,-122.57,-104.92,-68.231,-18.724
-42.146,9.6711,77.732,12.55,-64.206,31.162,107.81,-48.129,-103.9,-92.247,-60.446,-15.522
-34.838,10.869,63.247,9.0867,-51.18,29.267,95.699,-28.479,-89.18,-82.512,-54.767,-12.788
-29.317,10.984,51.925,6.6608,-41.893,26.399,84.971,-13.563,-78.179,-75.428,-50.872,-10.58
-25.243,10.166,43.216,5.1941,-35.635,22.961,75.146,-3.2177,-70.432,-70.521,-48.187,-8.8422
-21.792,8.7597,35.987,4.3972,-31.219,19.327,65.824,2.9317,-65.468,-67.016,-46.222,-7.4558
-18.319,7.1181,29.75,3.9164,-27.494,15.714,56.957,4.6947,-62.687,-63.824,-44.578,-6.3073
-14.833,5.4923,24.622,3.5017,-23.443,12.306,48.716,0.27094,-60.349,-60.135,-42.893,-5.3453
-11.824,3.9664,20.754,3.1375,-19.121,9.2679,41.311,-3.6273,-56.256,-55.979,-40.909,-4.5869
-9.747,2.459,17.898,3.0156,-15.566,6.6958,34.857,-2.6387,-50.646,-51.705,-38.583,-4.0789
-8.7888,0.80569,15.808,3.3737,-13.304,4.5886,29.309,-1.295,-44.705,-47.52,-36.111,-3.8619
-8.9003,-1.1215,14.438,4.3412,-12.238,2.8534,24.523,-0.51722,-39.427,-43.667,-33.819,-3.9591
-9.873,-3.3364,13.631,5.8738,-12.042,1.3584,20.375,-0.31835,-35.445,-40.444,-31.984,-4.3693
-11.397,-5.7376,13.121,7.7851,-12.346,0.0045485,16.781,-0.6218,-32.863,-38.012,-30.709,-5.0509
-13.136,-8.1494,12.704,9.8314,-12.845,-1.2261,13.686,-1.2999,-31.421,-36.293,-29.912,-5.9083
-14.828,-10.373,12.32,11.794,-13.361,-2.2756,11.075,-2.1664,-30.716,-35.037,-29.389,-6.7994
-16.34,-12.225,12.04,13.524,-13.858,-3.054,8.9689,-3.0065,-30.331,-33.93,-28.892,-7.5651
-17.661,-13.561,11.994,14.943,-14.39,-3.4852,7.3902,-3.6351,-29.915,-32.707,-28.208,-8.0761
-18.829,-14.284,12.289,16.011,-15.03,-3.5367,6.3143,-3.954,-29.264,-31.221,-27.224,-8.2795
-19.862,-14.364,12.947,16.694,-15.809,-3.2363,5.6433,-3.9745,-28.36,-29.49,-25.975,-8.2199
-20.722,-13.864,13.882,16.964,-16.682,-2.6732,5.217,-3.7993,-27.338,-27.658,-24.626,-8.0209
-21.312,-12.946,14.904,16.827,-17.522,-1.9841,4.8598,-3.5734,-26.389,-25.919,-23.399,-7.8314
-21.51,-11.837,15.757,16.34,-18.132,-1.3393,4.4427,-3.422,-25.656,-24.414,-22.47,-7.7581
-21.206,-10.775,16.188,15.605,-18.301,-0.93236,3.9237,-3.402,-25.162,-23.172,-21.886,-7.8163
-20.369,-9.9787,16.019,14.752,-17.888,-0.95239,3.3376,-3.4919,-24.814,-22.106,-21.551,-7.9249
-19.093,-9.6472,15.189,13.932,-16.894,-1.5279,2.744,-3.625,-24.466,-21.075,-21.271,-7.9509
-17.603,-9.9411,13.734,13.318,-15.452,-2.6933,2.178,-3.7431,-24.013,-19.97,-20.849,-7.7787
-16.214,-10.959,11.752,13.09,-13.778,-4.4184,1.628,-3.8389,-23.46,-18.774,-20.185,-7.3657
-15.252,-12.74,9.395,13.406,-12.119,-6.651,1.0367,-3.9654,-22.914,-17.572,-19.325,-6.7523
-14.971,-15.298,6.874,14.403,-10.72,-9.3189,0.31889,-4.2109,-22.519,-16.486,-18.431,-6.0288
-15.511,-18.646,4.4544,16.175,-9.7832,-12.3,-0.60163,-4.6534,-22.363,-15.598,-17.677,-5.2839
-16.842,-22.695,2.4131,18.686,-9.4095,-15.383,-1.7464,-5.3184,-22.435,-14.91,-17.151,-4.5653
-18.719,-27.047,0.97357,21.654,-9.5603,-18.216,-3.0552,-6.163,-22.626,-14.346,-16.815,-3.8649
-20.7,-30.923,0.241,24.533,-10.06,-20.347,-4.3995,-7.0967,-22.785,-13.791,-16.543,-3.13
-22.259,-33.4,0.17134,26.638,-10.646,-21.391,-5.6311,-8.0265,-22.78,-13.133,-16.183,-2.2958
-22.9,-33.786,0.59633,27.354,-11.032,-21.201,-6.6383,-8.8976,-22.569,-12.316,-15.625,-1.3259
-22.279,-31.878,1.2891,26.321,-10.992,-19.915,-7.3854,-9.7105,-22.208,-11.346,-14.839,-0.23878
-20.294,-27.987,2.0316,23.547,-10.409,-17.87,-7.9214,-10.507,-21.805,-10.274,-13.868,0.89361
-17.145,-22.806,2.6523,19.422,-9.3014,-15.467,-8.3569,-11.337,-21.444,-9.1566,-12.796,1.9741
-13.285,-17.192,3.0293,14.607,-7.8008,-13.062,-8.8212,-12.224,-21.128,-8.0256,-11.699,2.9119
-9.2848,-11.945,3.0798,9.839,-6.104,-10.933,-9.4201,-13.148,-20.771,-6.8824,-10.603,3.6403
-5.6482,-7.6858,2.7637,5.7283,-4.4009,-9.2939,-10.212,-14.052,-20.24,-5.7227,-9.4898,4.1147
-2.6793,-4.7605,2.097,2.6243,-2.8229,-8.2911,-11.204,-14.868,-19.439,-4.5673,-8.3268,4.3005
-0.46013,-3.1907,1.1534,0.59805,-1.433,-7.9669,-12.379,-15.559,-18.38,-3.4735,-7.1213,4.1579
1.078,-2.7309,0.052343,-0.49496,-0.25662,-8.2263,-13.73,-16.143,-17.19,-2.5127,-5.9392,3.6392
2.0612,-2.9875,-1.0612,-0.92987,0.68034,-8.8635,-15.297,-16.68,-16.053,-1.7348,-4.8736,2.6988
2.6229,-3.558,-2.0427,-1.0115,1.3374,-9.6621,-17.153,-17.232,-15.11,-1.148,-3.9943,1.311
2.8959,-4.204,-2.7793,-0.94394,1.6847,-10.489,-19.377,-17.815,-14.41,-0.72362,-3.3229,-0.51405
2.9728,-4.9291,-3.228,-0.73254,1.7423,-11.326,-22.006,-18.385,-13.918,-0.41853,-2.8457,-2.7316
2.8267,-5.9086,-3.4452,-0.20066,1.5782,-12.272,-25.0,-18.862,-13.561,-0.19272,-2.5354,-5.2752
2.3002,-7.3893,-3.5792,0.89485,1.2656,-13.493,-28.225,-19.177,-13.267,-0.015872,-2.3597,-8.0716
1.2148,-9.5704,-3.8074,2.7042,0.84886,-15.118,-31.477,-19.298,-12.98,0.13823,-2.2747,-11.048
-0.5149,-12.489,-4.2431,5.1903,0.32858,-17.14,-34.535,-19.246,-12.654,0.30233,-2.2179,-14.126
-2.8767,-16.027,-4.8691,8.2084,-0.34565,-19.401,-37.227,-19.066,-12.243,0.52246,-2.1136,-17.205
-5.8256,-20.029,-5.5441,11.673,-1.2554,-21.677,-39.473,-18.808,-11.695,0.85691,-1.8873,-20.145
-9.3121,-24.431,-6.075,15.623,-2.4581,-23.765,-41.291,-18.502,-10.96,1.3698,-1.4815,-22.775
-13.202,-29.229,-6.3119,20.069,-3.9219,-25.525,-42.78,-18.145,-10.004,2.1237,-0.85976,-24.922
-17.154,-34.169,-6.2205,24.712,-5.4872,-26.867,-44.082,-17.713,-8.8206,3.1708,-0.003369,-26.457
-20.587,-38.477,-5.8946,28.808,-6.8778,-27.684,-45.344,-17.183,-7.4335,4.5391,1.0899,-27.311
-22.779,-40.982,-5.5108,31.342,-7.7621,-27.814,-46.678,-16.558,-5.8976,6.2151,2.401,-27.48
-23.065,-40.644,-5.2587,31.432,-7.8463,-27.124,-48.15,-15.886,-4.287,8.1315,3.8841,-26.998
-21.069,-37.093,-5.2862,28.689,-6.9647,-25.619,-49.766,-15.241,-2.6767,10.179,5.4701,-25.915
-16.874,-30.81,-5.6929,23.368,-5.128,-23.46,-51.499,-14.71,-1.1255,12.242,7.0818,-24.282
-11.02,-22.887,-6.5651,16.269,-2.5047,-20.9,-53.307,-14.373,0.33221,14.238,8.6534,-22.141
-4.3441,-14.644,-8.0143,8.4841,0.64921,-18.233,-55.17,-14.295,1.6816,16.136,10.145,-19.539
2.2662,-7.2805,-10.169,1.106,4.0789,-15.785,-57.105,-14.523,2.916,17.953,11.543,-16.537
8.0958,-1.6036,-13.097,-4.9862,7.601,-13.938,-59.175,-15.064,4.0324,19.748,12.858,-13.216
12.711,2.0123,-16.733,-9.2438,11.129,-13.074,-61.468,-15.877,5.0263,21.622,14.116,-9.6726
15.947,3.4369,-20.916,-11.485,14.66,-13.411,-64.069,-16.882,5.8914,23.707,15.349,-6.0262
17.857,2.6879,-25.502,-11.892,18.258,-14.895,-67.044,-17.997,6.6229,26.153,16.592,-2.4123
18.702,0.19756,-30.39,-10.952,22.047,-17.281,-70.416,-19.177,7.2244,29.088,17.879,1.0349
18.953,-3.1985,-35.465,-9.3121,26.181,-20.278,-74.169,-20.412,7.7142,32.579,19.258,4.2244
19.162,-6.7308,-40.542,-7.5591,30.744,-23.589,-78.257,-21.711,8.1282,36.605,20.801,7.1418
19.737,-9.9259,-45.369,-6.089,35.581,-26.926,-82.615,-23.073,8.5155,41.096,22.648,9.8389
20.779,-12.485,-49.693,-5.1343,40.261,-30.028,-87.168,-24.474,8.9331,45.959,25.05,12.403
22.073,-14.191,-53.346,-4.7999,44.298,-32.652,-91.841,-25.883,9.4387,51.039,28.369,14.943
23.258,-14.976,-56.286,-5.0526,47.408,-34.63,-96.576,-27.29,10.077,56.091,32.909,17.578
24.079,-14.982,-58.578,-5.7347,49.541,-35.95,-101.35,-28.724,10.858,60.883,38.536,20.404
24.501,-14.523,-60.319,-6.6157,50.787,-36.754,-106.21,-30.253,11.741,65.317,44.517,23.447
24.65,-13.932,-61.582,-7.4652,51.322,-37.232,-111.18,-31.925,12.648,69.409,50.073,26.661
24.693,-13.416,-62.416,-8.1213,51.417,-37.514,-116.12,-33.707,13.527,73.249,54.965,29.971
24.785,-13.023,-62.886,-8.5183,51.415,-37.598,-120.67,-35.438,14.407,77.021,59.429,33.361
25.108,-12.707,-63.057,-8.677,51.64,-37.383,-124.53,-36.901,15.39,80.993,63.877,36.939
25.983,-12.419,-62.94,-8.6868,52.272,-36.766,-127.59,-37.961,16.604,85.441,68.717,40.938
27.962,-12.142,-62.467,-8.6959,53.269,-35.698,-129.9,-38.628,18.173,90.547,74.247,45.594
31.715,-11.87,-61.526,-8.9639,54.353,-34.168,-131.6,-39.012,20.217,96.304,80.567,50.947
37.297,-11.532,-60.03,-10.042,55.159,-32.145,-133.08,-39.236,22.865,102.48,87.52,56.743
43.41,-10.811,-57.984,-12.799,55.549,-29.592,-134.73,-39.382,26.219,108.68,94.756,62.578
48.736,-9.0748,-55.529,-17.579,55.795,-26.543,-136.59,-39.478,30.255,114.59,101.93,68.148
53.619,-5.6691,-52.92,-23.628,56.381,-23.109,-138.23,-39.488,34.726,120.11,108.88,73.314
59.257,-0.14983,-50.455,-30.594,57.725,-19.331,-139.15,-39.31,39.235,125.3,115.59,78.054
66.519,7.9978,-48.343,-39.087,60.02,-15.118,-139.03,-38.79,43.434,130.35,122.22,82.427
75.592,19.276,-46.606,-49.56,63.174,-10.39,-137.74,-37.761,47.169,135.47,128.97,86.546
86.034,33.308,-45.051,-61.649,66.862,-5.248,-135.14,-36.103,50.448,140.96,136.06,90.541
97.024,48.348,-43.368,-74.317,70.645,0.03258,-131.15,-33.787,53.321,147.18,143.67,94.497
107.76,62.199,-41.321,-86.432,74.125,5.1128,-125.88,-30.882,55.773,154.42,151.76,98.405
117.79,73.672,-38.915,-97.277,77.08,9.7032,-119.78,-27.532,57.696,162.35,159.77,102.12
126.98,82.775,-36.377,-106.62,79.562,13.638,-113.51,-23.917,58.943,169.25,166.4,105.33
135.1,89.917,-33.978,-114.47,81.862,16.803,-107.73,-20.217,59.458,172.66,170.03,107.61
141.26,94.98,-31.9,-120.35,84.188,19.053,-102.86,-16.558,59.319,171.38,169.78,108.48
143.67,96.867,-30.22,-122.69,86.089,20.241,-98.944,-12.975,58.733,165.83,165.77,107.68
141.02,94.777,-28.899,-120.11,86.431,20.289,-95.58,-9.4415,57.993,156.97,158.67,105.31
134.32,89.66,-27.769,-113.73,84.559,19.237,-92.15,-5.9469,57.408,146.22,149.4,101.72
125.81,83.25,-26.539,-106.02,80.905,17.228,-88.324,-2.5205,57.13,135.55,139.31,97.328
116.66,76.464,-24.906,-98.171,76.084,14.472,-84.132,0.77048,56.852,126.07,129.58,92.436
106.99,69.294,-22.735,-90.157,70.302,11.235,-79.538,3.8342,55.892,117.38,120.53,87.163
96.653,61.383,-20.17,-81.711,63.612,7.8611,-74.356,6.5764,53.726,108.75,111.92,81.501
85.764,52.661,-17.517,-72.785,56.215,4.758,-68.508,8.9495,50.224,99.748,103.41,75.421
74.864,43.609,-15.008,-63.622,48.506,2.3271,-62.134,10.989,45.585,90.322,94.83,68.943
64.633,35.087,-12.718,-54.62,40.934,0.86899,-55.408,12.784,40.256,80.675,86.137,62.155
55.43,28.028,-10.597,-46.114,33.818,0.50865,-48.394,14.424,34.835,71.115,77.42,55.18
47.064,23.107,-8.5147,-38.26,27.254,1.1683,-41.094,15.961,29.855,61.892,68.818,48.139
38.958,20.456,-6.3035,-31.223,21.172,2.6125,-33.553,17.412,25.609,53.071,60.453,41.17
30.828,19.577,-3.8505,-25.473,15.578,4.5414,-25.913,18.77,22.11,44.479,52.345,34.519
23.395,19.614,-1.1762,-21.417,10.732,6.6617,-18.433,20.022,19.216,35.897,44.327,28.536
17.642,19.801,1.5697,-18.742,6.8952,8.6946,-11.455,21.15,16.765,27.594,36.252,23.481
13.503,19.665,4.1802,-16.715,3.9515,10.382,-5.2885,22.149,14.64,20.463,28.641,19.368
10.284,18.997,6.4559,-14.804,1.5958,11.54,-0.082276,23.034,12.777,15.106,22.546,16.016
7.5458,17.798,8.2423,-12.828,-0.32959,12.108,4.2213,23.834,11.141,11.339,18.309,13.198
5.2512,16.254,9.4574,-10.873,-1.8023,12.16,7.8054,24.563,9.6904,8.626,15.442,10.733
3.54,14.661,10.111,-9.1486,-2.7644,11.855,10.853,25.182,8.3731,6.5184,13.36,8.4915
2.4896,13.295,10.314,-7.8415,-3.2574,11.402,13.459,25.596,7.12,4.728,11.676,6.3868
1.9697,12.307,10.29,-6.9862,-3.472,11.008,15.611,25.685,5.8576,3.0776,10.165,4.3504
1.6456,11.687,10.363,-6.4187,-3.7087,10.837,17.236,25.351,4.5264,1.4575,8.6954,2.3306
1.1113,11.282,10.882,-5.8445,-4.2879,10.986,18.274,24.57,3.0985,-0.19319,7.2047,0.29942
0.038882,10.864,12.06,-4.9822,-5.4548,11.476,18.726,23.397,1.5836,-1.8956,5.6849,-1.7406
-1.7503,10.226,13.867,-3.6674,-7.2894,12.206,18.65,21.949,0.019558,-3.6498,4.1659,-3.7579
-4.2682,9.2454,16.047,-1.8595,-9.6588,12.959,18.145,20.356,-1.5501,-5.4531,2.6818,-5.6985
-7.3706,7.8429,18.229,0.40512,-12.271,13.475,17.34,18.727,-3.0938,-7.3171,1.2397,-7.5105
-10.81,5.9369,20.053,3.0514,-14.807,13.516,16.387,17.124,-4.6066,-9.2708,-0.1881,-9.1604
-14.304,3.4662,21.23,5.9816,-17.002,12.911,15.405,15.559,-6.1048,-11.349,-1.645,-10.64
-17.56,0.45903,21.581,9.0482,-18.654,11.59,14.402,14.006,-7.6132,-13.567,-3.1609,-11.954
-20.273,-2.8996,21.057,12.016,-19.621,9.611,13.302,12.432,-9.146,-15.884,-4.7303,-13.092
-22.153,-6.2655,19.756,14.581,-19.838,7.1733,12.056,10.839,-10.683,-18.176,-6.3003,-14.006
-22.976,-9.218,17.899,16.438,-19.325,4.5894,10.722,9.2884,-12.149,-20.231,-7.7689,-14.608
-22.632,-11.376,15.778,17.356,-18.178,2.2205,9.4746,7.9051,-13.421,-21.813,-9.0038,-14.794
-21.184,-12.482,13.688,17.224,-16.55,0.38597,8.5444,6.8416,-14.364,-22.752,-9.8849,-14.482
-18.885,-12.447,11.88,16.089,-14.661,-0.70874,8.1403,6.2236,-14.888,-23.016,-10.348,-13.653
-16.126,-11.361,10.52,14.155,-12.771,-1.0095,8.386,6.1049,-14.986,-22.7,-10.4,-12.359
-13.323,-9.4484,9.6555,11.727,-11.113,-0.6116,9.2873,6.4472,-14.733,-21.962,-10.101,-10.708
-10.783,-6.99,9.2131,9.115,-9.8006,0.29273,10.733,7.1315,-14.245,-20.958,-9.5292,-8.836
-8.6191,-4.2411,9.0417,6.5422,-8.794,1.5107,12.528,8.0029,-13.63,-19.787,-8.7545,-6.8678
-6.7558,-1.3721,9.0173,4.0967,-7.9602,2.9354,14.451,8.9304,-12.948,-18.475,-7.817,-4.8946
-5.0223,1.5617,9.1243,1.7474,-7.1725,4.5586,16.314,9.8516,-12.189,-16.984,-6.7276,-2.9589
-3.2821,4.5831,9.4449,-0.57531,-6.3903,6.4198,17.985,10.78,-11.295,-15.256,-5.4837,-1.0549
-1.527,7.6902,10.084,-2.8851,-5.6789,8.5486,19.381,11.776,-10.204,-13.269,-4.0938,0.84131
0.099851,10.751,11.091,-5.0767,-5.1753,10.907,20.461,12.893,-8.906,-11.085,-2.6012,2.7221
1.3504,13.486,12.423,-6.9178,-5.0283,13.331,21.224,14.132,-7.4648,-8.8498,-1.089,4.5151
1.9603,15.539,13.935,-8.1107,-5.3411,15.531,21.686,15.417,-6.0015,-6.7409,0.33841,6.0924
1.7446,16.573,15.414,-8.4026,-6.1283,17.17,21.834,16.62,-4.6406,-4.8934,1.5866,7.313
0.66952,16.363,16.628,-7.6885,-7.2981,17.972,21.62,17.612,-3.4641,-3.365,2.5959,8.0706
-1.1279,14.886,17.387,-6.0543,-8.6645,17.817,21.021,18.321,-2.4938,-2.1466,3.3492,8.326
-3.3816,12.342,17.583,-3.7423,-9.9942,16.742,20.093,18.754,-1.7009,-1.1937,3.8625,8.1153
-5.7869,9.078,17.208,-1.0592,-11.08,14.894,18.95,18.985,-1.0301,-0.45354,4.1706,7.5344
-8.1121,5.4475,16.35,1.7365,-11.818,12.451,17.725,19.129,-0.42396,0.12052,4.3143,6.7089
-10.286,1.6913,15.166,4.5282,-12.251,9.6136,16.54,19.302,0.16124,0.56693,4.3336,5.7632
-12.379,-2.1055,13.849,7.3521,-12.527,6.6056,15.492,19.586,0.7537,0.92127,4.2671,4.7982
-14.472,-5.9307,12.582,10.284,-12.803,3.6532,14.656,20.014,1.3725,1.2225,4.1539,3.8808
-16.509,-9.7094,11.478,13.26,-13.145,0.94553,14.083,20.571,2.0331,1.5133,4.0333,3.0437
-18.272,-13.215,10.541,15.989,-13.478,-1.3784,13.802,21.212,2.7479,1.8331,3.9422,2.2983
-19.431,-16.075,9.6722,18.065,-13.592,-3.2166,13.813,21.892,3.5266,2.2109,3.9113,1.6511
-19.629,-17.87,8.719,19.114,-13.232,-4.4958,14.103,22.6,4.3783,2.6636,3.9641,1.1141
-18.61,-18.264,7.5701,18.863,-12.221,-5.1749,14.646,23.364,5.3097,3.1978,4.1166,0.70804
-16.332,-17.078,6.2394,17.187,-10.562,-5.2289,15.423,24.239,6.3184,3.8115,4.377,0.46634
-12.997,-14.323,4.8924,14.15,-8.4439,-4.625,16.414,25.274,7.3885,4.4935,4.7459,0.43242
-8.998,-10.216,3.7889,10.021,-6.1717,-3.3382,17.573,26.483,8.4931,5.2234,5.218,0.64835
-4.8099,-5.1611,3.1741,5.2344,-4.0628,-1.3967,18.828,27.826,9.6014,5.9779,5.7832,1.1432
-0.88271,0.30706,3.1854,0.31208,-2.3634,1.0864,20.069,29.193,10.682,6.7375,6.4233,1.922
2.4407,5.6364,3.8056,-4.246,-1.194,3.9106,21.152,30.421,11.699,7.4853,7.1059,2.9518
4.9722,10.359,4.8657,-8.049,-0.53598,6.8135,21.913,31.328,12.61,8.1972,7.7789,4.1528
6.6901,14.154,6.0891,-10.876,-0.25753,9.5177,22.206,31.775,13.367,8.8325,8.3745,5.4056
7.7282,16.877,7.1601,-12.71,-0.16516,11.778,21.935,31.71,13.915,9.3348,8.8233,6.574
8.3336,18.566,7.8051,-13.723,-0.06449,13.404,21.068,31.166,14.213,9.6497,9.0779,7.5394
8.7627,19.363,7.8707,-14.184,0.17783,14.26,19.667,30.246,14.249,9.749,9.1282,8.2362
9.1405,19.38,7.3683,-14.286,0.58722,14.276,17.883,29.076,14.054,9.6421,8.9997,8.6729
9.3876,18.668,6.4564,-14.046,1.0724,13.481,15.932,27.761,13.695,9.367,8.7366,8.9235
9.2716,17.265,5.3651,-13.348,1.4656,12.006,14.023,26.366,13.252,8.9748,8.3849,9.0938
8.5435,15.175,4.301,-12.047,1.5996,10.015,12.286,24.919,12.792,8.5172,7.9825,9.2778
7.0719,12.308,3.3742,-10.04,1.3817,7.6115,10.747,23.432,12.345,8.034,7.5526,9.5234
4.9072,8.5393,2.5792,-7.3121,0.82303,4.8359,9.3577,21.917,11.903,7.5394,7.0971,9.8181
2.2821,3.9357,1.8412,-4.0017,0.027219,1.7949,8.0769,20.395,11.429,7.0193,6.6007,10.101
-0.42232,-1.0065,1.0958,-0.48535,-0.83701,-1.2187,6.9282,18.895,10.889,6.45,6.0526,10.297
-2.7521,-5.4297,0.35947,2.6613,-1.581,-3.7662,6.0091,17.475,10.277,5.8266,5.4679,10.359
-4.3085,-8.4501,-0.23962,4.8559,-2.06,-5.4119,5.4598,16.224,9.6223,5.1809,4.8933,10.289
-4.8728,-9.4824,-0.50073,5.7169,-2.23,-5.8548,5.4128,15.245,8.9895,4.5755,4.3938,10.139
-4.4586,-8.4034,-0.2451,5.1665,-2.1574,-5.0167,5.9368,14.62,8.4579,4.0808,4.0307,9.9871
-3.2873,-5.5461,0.59806,3.4287,-1.9797,-3.0614,6.9977,14.373,8.0912,3.7468,3.8396,9.9034
-1.7229,-1.5921,1.9564,0.9647,-1.8475,-0.34635,8.454,14.458,7.9064,3.5827,3.8156,9.9231
-0.17703,2.608,3.6287,-1.648,-1.8737,2.6458,10.09,14.764,7.8667,3.5543,3.9135,10.03
1.0072,6.2649,5.3297,-3.8796,-2.0921,5.4004,11.682,15.147,7.899,3.5971,4.0661,10.165
1.6648,8.8498,6.7441,-5.3968,-2.4316,7.4938,13.06,15.462,7.9219,3.6421,4.2118,10.247
1.8533,10.169,7.5892,-6.126,-2.7292,8.6972,14.139,15.6,7.8714,3.6399,4.3142,10.205
1.7946,10.336,7.6981,-6.2079,-2.7937,9.013,14.899,15.511,7.7165,3.5729,4.3631,9.9908
1.7493,9.7016,7.0913,-5.8967,-2.5003,8.628,15.36,15.213,7.4632,3.4523,4.3605,9.5949
1.8999,8.747,5.9862,-5.4672,-1.8615,7.8155,15.562,14.785,7.1449,3.3047,4.3063,9.0351
2.2937,7.9003,4.7402,-5.1402,-1.0355,6.8858,15.54,14.324,6.8027,3.1558,4.1958,8.3432
2.8471,7.4008,3.7509,-5.0258,-0.27288,6.131,15.303,13.904,6.4629,3.0211,4.027,7.5504
3.3781,7.2754,3.3521,-5.0889,0.16551,5.7438,14.863,13.538,6.1203,2.9031,3.806,6.6801
3.649,7.3785,3.7249,-5.1461,0.086418,5.8192,14.251,13.175,5.7347,2.7903,3.5413,5.7512
3.4356,7.4573,4.8437,-4.9386,-0.58063,6.3282,13.515,12.722,5.2513,2.6561,3.2312,4.7835
2.6024,7.2735,6.4785,-4.266,-1.7655,7.072,12.707,12.086,4.6381,2.4696,2.8633,3.8017
1.1256,6.6751,8.267,-3.0534,-3.2878,7.7616,11.891,11.223,3.9099,2.2134,2.4285,2.8352
-0.92905,5.5475,9.8378,-1.3191,-4.9331,8.1231,11.146,10.155,3.118,1.8936,1.9356,1.9116
-3.4663,3.7546,10.928,0.91056,-6.5476,7.9565,10.516,8.9578,2.3254,1.5349,1.4119,1.0524
-6.462,1.1198,11.447,3.7013,-8.0931,7.1674,9.9814,7.7171,1.5858,1.169,0.89262,0.27369
-9.9544,-2.4954,11.476,7.1956,-9.6047,5.7799,9.4717,6.4982,0.9338,0.82455,0.41461,-0.40673
-13.839,-6.9605,11.205,11.37,-11.089,3.9567,8.9246,5.3417,0.38276,0.52319,0.01617,-0.96223
-17.673,-11.648,10.847,15.745,-12.455,2.0175,8.3333,4.2708,-0.070189,0.28396,-0.26374,-1.3596
-20.71,-15.502,10.555,19.381,-13.499,0.3945,7.7504,3.2917,-0.43886,0.12263,-0.39318,-1.5745
-22.139,-17.42,10.361,21.234,-13.946,-0.48898,7.2526,2.3869,-0.74757,0.043059,-0.36178,-1.6102
-21.363,-16.673,10.168,20.545,-13.521,-0.35876,6.8938,1.5167,-1.0323,0.026801,-0.19627,-1.503
-18.191,-13.147,9.807,17.096,-12.059,0.80864,6.6742,0.63664,-1.3365,0.031243,0.040989,-1.3086
-12.923,-7.383,9.1266,11.304,-9.5988,2.7562,6.5366,-0.27969,-1.7008,-0.00015673,0.26707,-1.0823
-6.3102,-0.42028,8.0633,4.1298,-6.4036,5.0225,6.3853,-1.2309,-2.1524,-0.12069,0.4014,-0.86978
0.61384,6.4976,6.6625,-3.1968,-2.895,7.1125,6.1162,-2.199,-2.6987,-0.36347,0.38858,-0.71042
6.7979,12.263,5.0449,-9.5148,0.45187,8.6402,5.6413,-3.1649,-3.3238,-0.72931,0.21543,-0.64282
11.445,16.157,3.3569,-14.017,3.2204,9.3664,4.9011,-4.1101,-3.9878,-1.1836,-0.080241,-0.70225
14.2,17.913,1.7185,-16.377,5.1744,9.1947,3.8662,-5.0123,-4.6339,-1.6676,-0.42432,-0.91275
15.194,17.623,0.17254,-16.738,6.3432,8.1552,2.541,-5.849,-5.2086,-2.124,-0.74385,-1.284
14.922,15.653,-1.3282,-15.612,6.9745,6.3394,0.97216,-6.6115,-5.6865,-2.5272,-1.0093,-1.818
13.997,12.602,-2.8563,-13.7,7.3512,3.877,-0.75067,-7.3147,-6.0864,-2.8915,-1.2493,-2.5165
12.844,9.0855,-4.4117,-11.545,7.6219,0.99428,-2.5131,-7.9881,-6.461,-3.2593,-1.5257,-3.3749
11.55,5.4346,-5.8717,-9.2973,7.749,-2.0151,-4.2027,-8.6528,-6.8657,-3.6729,-1.8931,-4.369
9.9145,1.6981,-7.0231,-6.8009,7.5457,-4.8854,-5.7336,-9.2996,-7.3264,-4.1508,-2.3697,-5.446
7.5973,-2.2006,-7.6459,-3.809,6.7595,-7.4176,-7.066,-9.885,-7.8235,-4.6759,-2.9264,-6.5307
4.3043,-6.3929,-7.5957,-0.13783,5.2016,-9.4723,-8.2057,-10.347,-8.2975,-5.1989,-3.4962,-7.5392
-0.049742,-11.01,-6.8571,4.316,2.8775,-10.978,-9.1748,-10.632,-8.6718,-5.6523,-3.9993,-8.3989
-5.2184,-15.946,-5.5643,9.4438,0.031636,-11.929,-9.969,-10.724,-8.8827,-5.9722,-4.3718,-9.0643
-10.588,-20.602,-3.9761,14.708,-2.9156,-12.352,-10.536,-10.652,-8.9026,-6.1221,-4.5834,-9.5213
-15.209,-24.002,-2.3959,19.121,-5.4602,-12.262,-10.79,-10.483,-8.7424,-6.0976,-4.6348,-9.7748
-18.007,-25.222,-1.0764,21.549,-7.1142,-11.635,-10.65,-10.288,-8.4332,-5.9158,-4.5429,-9.8304
-18.18,-23.755,-0.1685,21.191,-7.5293,-10.418,-10.078,-10.12,-8.0057,-5.6007,-4.3243,-9.6847
-15.463,-19.576,0.27105,17.813,-6.5926,-8.5733,-9.1108,-9.996,-7.4834,-5.1778,-3.9981,-9.3356
-10.195,-13.108,0.25569,11.799,-4.4487,-6.1374,-7.8747,-9.9147,-6.8903,-4.6785,-3.5978,-8.7989
-3.249,-5.1703,-0.1402,4.0662,-1.4563,-3.2832,-6.5757,-9.8686,-6.2594,-4.1444,-3.1765,-8.1148
4.1921,3.1308,-0.78699,-4.1299,1.8945,-0.31685,-5.4534,-9.8543,-5.634,-3.6236,-2.7986,-7.3382
10.947,10.571,-1.5202,-11.467,5.0881,2.3873,-4.7065,-9.8747,-5.0602,-3.1614,-2.5193,-6.5242
16.101,16.104,-2.1756,-16.881,7.6736,4.4792,-4.4301,-9.9378,-4.5761,-2.7885,-2.3708,-5.722
19.111,19.135,-2.6237,-19.808,9.3085,5.7225,-4.5928,-10.051,-4.2014,-2.5155,-2.3556,-4.9733
19.77,19.53,-2.7931,-20.189,9.7977,6.053,-5.0643,-10.21,-3.9352,-2.3356,-2.4532,-4.3096
18.215,17.581,-2.6846,-18.375,9.1425,5.5673,-5.6826,-10.396,-3.7642,-2.236,-2.635,-3.7517
14.964,13.994,-2.3721,-15.076,7.5523,4.4399,-6.33,-10.585,-3.6758,-2.2097,-2.8802,-3.3149
10.77,9.6596,-1.9771,-11.116,5.38,2.8389,-6.9695,-10.764,-3.6679,-2.2603,-3.183,-3.0136
6.3137,5.168,-1.6259,-7.0174,3.0117,0.90357,-7.6161,-10.924,-3.7449,-2.3964,-3.5478,-2.8562
2.0731,0.61066,-1.4106,-2.9249,0.79075,-1.2323,-8.2786,-11.057,-3.9061,-2.6188,-3.9743,-2.8302
-1.6184,-3.9626,-1.3723,1.0525,-1.0196,-3.3923,-8.916,-11.131,-4.1327,-2.9101,-4.4413,-2.8899
-4.5269,-8.0955,-1.5111,4.5773,-2.2716,-5.3221,-9.4314,-11.093,-4.3863,-3.2321,-4.9001,-2.9608
-6.3951,-11.059,-1.8067,7.1064,-2.8875,-6.7457,-9.7062,-10.893,-4.6197,-3.5347,-5.2837,-2.9584
-6.857,-12.26,-2.2296,8.1008,-2.7818,-7.4716,-9.6536,-10.509,-4.7938,-3.7713,-5.5244,-2.8177
-5.6901,-11.505,-2.7392,7.3237,-1.9208,-7.4498,-9.2552,-9.9659,-4.8873,-3.9121,-5.5727,-2.5147
-3.0723,-9.0344,-3.278,4.9514,-0.42554,-6.757,-8.5607,-9.3232,-4.8969,-3.9471,-5.4115,-2.0701
0.49945,-5.3764,-3.7677,1.4358,1.4395,-5.5487,-7.6661,-8.6581,-4.8315,-3.8836,-5.0585,-1.5356
4.3635,-1.1767,-4.1141,-2.611,3.3268,-4.0192,-6.6846,-8.0419,-4.7044,-3.7374,-4.5597,-0.97466
7.8142,2.9211,-4.231,-6.5025,4.876,-2.3685,-5.7234,-7.5205,-4.5215,-3.5204,-3.9675,-0.43879
10.333,6.4187,-4.0836,-9.6794,5.8557,-0.76073,-4.8658,-7.0981,-4.2708,-3.2308,-3.316,0.050324
11.826,9.0963,-3.7252,-11.917,6.3031,0.70944,-4.1605,-6.7362,-3.9225,-2.8522,-2.6104,0.50384
12.589,11.011,-3.2812,-13.329,6.4705,2.016,-3.6258,-6.3735,-3.447,-2.3688,-1.8411,0.9487
13.015,12.369,-2.8772,-14.184,6.6074,3.167,-3.2572,-5.9561,-2.8394,-1.7864,-1.0137,1.4022
13.342,13.377,-2.5689,-14.725,6.8054,4.1648,-3.0367,-5.4644,-2.1351,-1.1415,-0.1681,1.8566
13.585,14.155,-2.3071,-15.071,6.9814,4.9935,-2.9409,-4.9227,-1.4032,-0.49561,0.62768,2.2818
13.58,14.678,-1.9409,-15.187,6.9356,5.644,-2.9463,-4.3923,-0.72444,0.087173,1.3045,2.6407
13.072,14.815,-1.2709,-14.914,6.44,6.1415,-3.028,-3.9398,-0.16289,0.56241,1.8171,2.9035
11.829,14.434,-0.14575,-14.077,5.3338,6.5422,-3.1564,-3.6019,0.25378,0.91401,2.1537,3.054
9.7929,13.516,1.4422,-12.616,3.6118,6.8958,-3.3015,-3.3712,0.53632,1.1482,2.3269,3.0858
7.1887,12.192,3.311,-10.686,1.4783,7.2062,-3.4459,-3.2075,0.71938,1.2803,2.3597,2.9991
4.4493,10.675,5.1321,-8.6025,-0.70701,7.4153,-3.5902,-3.06,0.84108,1.3222,2.2738,2.8009
1.9795,9.1355,6.5565,-6.6525,-2.5841,7.4187,-3.7452,-2.8873,0.92692,1.2787,2.0858,2.5097
-0.0016238,7.6201,7.3543,-4.9676,-3.9316,7.1063,-3.9157,-2.6649,0.98288,1.1476,1.807,2.1575
-1.4789,6.0589,7.4817,-3.5095,-4.7108,6.409,-4.0906,-2.3902,0.99818,0.92807,1.4497,1.7866
-2.5704,4.3449,7.0582,-2.1432,-5.0232,5.3318,-4.2418,-2.0796,0.95725,0.63002,1.0324,1.4434
-3.4116,2.438,6.2899,-0.7619,-5.0282,3.9591,-4.3376,-1.7579,0.85176,0.27894,0.58296,1.1733
-4.0555,0.43232,5.379,0.60831,-4.8644,2.4303,-4.3615,-1.4495,0.68544,-0.089782,0.13635,1.0121
-4.4449,-1.446,4.4521,1.7951,-4.5965,0.90591,-4.3245,-1.1748,0.47097,-0.44181,-0.27729,0.9773
-4.4491,-2.9043,3.5348,2.5558,-4.1953,-0.45962,-4.2596,-0.94814,0.2249,-0.75352,-0.63998,1.0631
-3.9284,-3.6792,2.5932,2.68,-3.5674,-1.5323,-4.1973,-0.77516,-0.034617,-1.014,-0.94924,1.2469
-2.8192,-3.625,1.616,2.0714,-2.6497,-2.212,-4.1419,-0.64909,-0.28735,-1.2205,-1.2107,1.5023
-1.2142,-2.7637,0.67456,0.7944,-1.5078,-2.4499,-4.0635,-0.54942,-0.50974,-1.3698,-1.4276,1.8138
0.62416,-1.2866,-0.080078,-0.92463,-0.34697,-2.2609,-3.9074,-0.44308,-0.67525,-1.45,-1.5901,2.1828
2.3416,0.496,-0.47846,-2.7509,0.57802,-1.7183,-3.613,-0.29295,-0.75583,-1.4366,-1.6706,2.6241
3.6206,2.2496,-0.41946,-4.3498,1.0822,-0.93021,-3.1374,-0.07304,-0.72676,-1.2988,-1.6289,3.1527
4.2985,3.7182,0.068953,-5.5029,1.1248,-0.018048,-2.4772,0.21501,-0.5741,-1.0119,-1.4299,3.768
4.4147,4.7711,0.82011,-6.1576,0.81741,0.8883,-1.6791,0.5341,-0.30203,-0.57561,-1.0684,4.4431
4.16,5.3824,1.5763,-6.3898,0.37119,1.6514,-0.83161,0.81958,0.064237,-0.025717,-0.58334,5.1274
3.7673,5.5913,2.0889,-6.3328,-0.00073422,2.1479,-0.038897,1.0026,0.48285,0.5736,-0.047857,5.7606
3.4064,5.4754,2.2326,-6.1161,-0.18364,2.3099,0.61094,1.0379,0.90601,1.151,0.45869,6.2908
3.1234,5.1257,2.0662,-5.8187,-0.20994,2.1567,1.0649,0.92127,1.2914,1.6496,0.87603,6.6831
2.841,4.6209,1.7925,-5.447,-0.22697,1.7874,1.3037,0.68277,1.6083,2.0399,1.1744,6.9121
2.4258,4.0149,1.6409,-4.9586,-0.40564,1.3298,1.3257,0.36245,1.8357,2.3199,1.3527,6.9491
1.7893,3.3295,1.7542,-4.3141,-0.84787,0.87473,1.1327,-0.015595,1.9549,2.5049,1.4267,6.7583
0.95359,2.5474,2.1323,-3.5083,-1.5417,0.43234,0.72367,-0.45276,1.9435,2.6065,1.4114,6.3059
0.034285,1.6114,2.6334,-2.559,-2.3645,-0.077981,0.093746,-0.96958,1.7768,2.6128,1.3028,5.575
-0.8317,0.42766,3.0227,-1.4722,-3.1185,-0.81224,-0.75866,-1.5933,1.4368,2.4827,1.0664,4.5726
-1.5633,-1.125,3.0536,-0.21784,-3.5986,-1.9519,-1.8086,-2.3444,0.92456,2.1644,0.65318,3.3296
-2.1843,-3.1642,2.5566,1.2672,-3.6806,-3.6149,-2.9779,-3.2217,0.26993,1.6338,0.044956,1.8994
-2.8245,-5.7592,1.5,3.0489,-3.3847,-5.7805,-4.1446,-4.1891,-0.46829,0.92054,-0.71479,0.35701
-3.6756,-8.9154,-0.0018015,5.1719,-2.8816,-8.3055,-5.2059,-5.1782,-1.2166,0.098065,-1.5385,-1.2097
-4.9234,-12.607,-1.7203,7.6629,-2.434,-11.021,-6.1436,-6.1113,-1.9099,-0.74886,-2.3366,-2.7209
-6.6802,-16.801,-3.3579,10.534,-2.303,-13.788,-7.0091,-6.9288,-2.509,-1.549,-3.0431,-4.1219
-8.9342,-21.359,-4.6028,13.734,-2.657,-16.411,-7.8207,-7.5976,-2.999,-2.249,-3.6137,-5.3797
-11.517,-25.831,-5.1927,17.042,-3.5199,-18.535,-8.4789,-8.0973,-3.3745,-2.8059,-4.0131,-6.4617
-14.088,-29.389,-4.9778,19.996,-4.768,-19.686,-8.7826,-8.4034,-3.6265,-3.1833,-4.2103,-7.3186
-16.168,-31.07,-3.9704,21.939,-6.1611,-19.476,-8.519,-8.4815,-3.7402,-3.3564,-4.1848,-7.8876
-17.236,-30.159,-2.3499,22.232,-7.3958,-17.787,-7.5577,-8.2951,-3.7038,-3.3234,-3.9374,-8.1089
-16.878,-26.478,-0.40547,20.494,-8.1761,-14.824,-5.9029,-7.8215,-3.515,-3.1089,-3.4946,-7.9412
-14.939,-20.458,1.5456,16.766,-8.2876,-11.014,-3.6884,-7.0696,-3.1818,-2.7556,-2.9012,-7.3697
-11.586,-12.986,3.2225,11.498,-7.6551,-6.8514,-1.1373,-6.0917,-2.7185,-2.3039,-2.2041,-6.412
-7.2809,-5.1717,4.4217,5.4297,-6.3633,-2.8063,1.4785,-4.9817,-2.1445,-1.7768,-1.4392,-5.122
-2.6609,1.9179,5.042,-0.59645,-4.6305,0.70501,3.8718,-3.8554,-1.4883,-1.1822,-0.62824,-3.5863
1.6233,7.4769,5.096,-5.8205,-2.7501,3.3782,5.7826,-2.8187,-0.79047,-0.52925,0.21292,-1.91
5.0448,11.124,4.7134,-9.7009,-1.0238,5.0961,7.0315,-1.9353,-0.10052,0.15643,1.0609,-0.19588
7.2752,12.91,4.1186,-11.978,0.29296,5.9395,7.5782,-1.2125,0.53172,0.83068,1.8777,1.4708
8.2119,13.164,3.558,-12.698,1.0385,6.1161,7.5511,-0.61201,1.0658,1.4418,2.6165,3.0283
8.008,12.391,3.2077,-12.215,1.191,5.8699,7.1742,-0.080265,1.4765,1.946,3.2338,4.4377
7.0784,11.168,3.1065,-11.11,0.89447,5.3877,6.6246,0.41187,1.7502,2.3154,3.697,5.6762
5.97,9.9098,3.1396,-9.9372,0.42039,4.731,5.9586,0.83814,1.8728,2.5336,3.9816,6.7296
5.1076,8.7202,3.0888,-8.9844,0.054415,3.8628,5.1454,1.1115,1.8202,2.588,4.0672,7.5859
4.622,7.4739,2.7474,-8.2318,-0.034446,2.7317,4.1342,1.1177,1.5652,2.4713,3.9442,8.2371
4.356,5.9589,2.0462,-7.4522,0.13172,1.3225,2.9091,0.78023,1.0989,2.1914,3.6263,8.6854
3.979,4.0062,1.1035,-6.3487,0.35814,-0.3345,1.5224,0.11877,0.45046,1.7809,3.1585,8.9441
3.1497,1.5784,0.16259,-4.7083,0.37583,-2.1557,0.087609,-0.74306,-0.31367,1.2933,2.6071,9.0347
1.6745,-1.2283,-0.5284,-2.4982,-0.031896,-4.0064,-1.2641,-1.6263,-1.1101,0.79057,2.0395,8.981
-0.41597,-4.23,-0.81384,0.13865,-0.93516,-5.7293,-2.4231,-2.3652,-1.8608,0.32759,1.5059,8.808
-2.8949,-7.1992,-0.67245,2.9476,-2.2291,-7.1855,-3.3122,-2.8576,-2.506,-0.057437,1.0341,8.5483
-5.4173,-9.9073,-0.2136,5.6314,-3.6662,-8.2887,-3.8833,-3.083,-3.0092,-0.34683,0.63662,8.2491
-7.6106,-12.176,0.35308,7.9174,-4.9324,-9.0274,-4.1167,-3.0941,-3.3604,-0.54297,0.32031,7.9664
-9.1744,-13.927,0.77164,9.6222,-5.7488,-9.4706,-4.0221,-2.9874,-3.5762,-0.66461,0.088536,7.7461
-9.9627,-15.179,0.82761,10.681,-5.9659,-9.7386,-3.6317,-2.8556,-3.6864,-0.7367,-0.059507,7.6095
-10.003,-15.957,0.45278,11.113,-5.6115,-9.9301,-2.9842,-2.7376,-3.7094,-0.77318,-0.12207,7.5568
-9.4407,-16.168,-0.2144,10.939,-4.8698,-10.029,-2.1108,-2.5922,-3.6315,-0.7617,-0.08447,7.5869
-8.451,-15.59,-0.8675,10.131,-3.9994,-9.8692,-1.0341,-2.3184,-3.411,-0.6636,0.081036,7.7124
-7.1601,-13.984,-1.1601,8.6256,-3.2309,-9.1964,0.21671,-1.8117,-3.008,-0.43243,0.40135,7.959
-5.6171,-11.227,-0.85399,6.3856,-2.6892,-7.799,1.586,-1.0239,-2.4173,-0.039495,0.88359,8.3478
-3.8109,-7.3673,0.088575,3.4548,-2.364,-5.6013,2.9818,0.0075702,-1.6817,0.50964,1.5044,8.879
-1.7135,-2.6289,1.4974,-0.025582,-2.1314,-2.6947,4.2893,1.1776,-0.87679,1.177,2.2144,9.5285
0.66579,2.6056,3.0619,-3.8242,-1.8267,0.66048,5.4051,2.3665,-0.07902,1.9072,2.9526,10.257
3.2359,7.8107,4.4451,-7.6338,-1.3304,4.0543,6.2723,3.4956,0.66159,2.6441,3.6607,11.02
5.8158,12.378,5.3823,-11.093,-0.6075,7.0055,6.8902,4.5523,1.3286,3.3412,4.2903,11.773
8.172,15.766,5.7173,-13.848,0.31322,9.0969,7.2945,5.5732,1.9286,3.968,4.8082,12.472
10.079,17.646,5.4056,-15.635,1.3672,10.094,7.5276,6.5984,2.4733,4.5151,5.1999,13.083
11.361,17.96,4.5231,-16.354,2.4509,9.988,7.617,7.6279,2.9676,4.991,5.4697,13.593
11.906,16.891,3.2658,-16.054,3.4118,8.9489,7.5728,8.6055,3.4062,5.413,5.6346,14.019
11.662,14.785,1.9095,-14.893,4.0668,7.2399,7.3898,9.4386,3.7782,5.7936,5.7129,14.393
10.632,12.048,0.74478,-13.078,4.2428,5.1553,7.0587,10.039,4.0734,6.134,5.7151,14.741
8.8739,9.0103,0.015125,-10.802,3.8168,2.9763,6.5875,10.365,4.2871,6.4256,5.6384,15.059
6.4884,5.8494,-0.1224,-8.1944,2.7455,0.94183,6.0242,10.452,4.4244,6.6557,5.4687,15.308
3.6015,2.6535,0.37989,-5.3063,1.0764,-0.744,5.4786,10.413,4.5003,6.809,5.1849,15.429
0.37135,-0.47725,1.4657,-2.1834,-1.0586,-1.9562,5.1207,10.415,4.5339,6.8646,4.7647,15.37
-2.9872,-3.4151,3.0139,1.0485,-3.4587,-2.7045,5.1549,10.626,4.5376,6.7931,4.1913,15.101
-6.2281,-6.0664,4.8616,4.1924,-5.8802,-3.0792,5.7754,11.145,4.5029,6.5629,3.4543,14.612
-9.1819,-8.4032,6.7748,7.0791,-8.0972,-3.1606,7.1043,11.951,4.3965,6.1541,2.5475,13.913
-11.839,-10.432,8.4267,9.636,-9.9638,-3.0067,9.0559,12.907,4.1852,5.5721,1.4745,13.026
-14.3,-12.153,9.3644,11.865,-11.379,-2.7109,10.998,13.873,3.9031,4.8542,0.24962,12.008
-16.643,-13.553,9.0495,13.779,-12.232,-2.3954,11.75,14.837,3.7482,4.0511,-1.1025,10.979
-18.817,-14.59,7.6082,15.351,-12.712,-2.0872,11.46,15.859,4.1976,3.3623,-2.3127,10.21
-20.563,-15.204,6.1458,16.527,-13.517,-1.6393,11.936,16.06,6.3073,3.8142,-2.2671,10.275
-21.48,-15.355,6.0793,17.35,-14.867,-0.86416,14.458,12.23,6.7324,8.4921,1.1554,12.28
-20.559,-16.561,8.5896,17.556,-15.362,0.20777,19.874,15.285,1.2881,3.6631,-4.9926,13.088
-23.114,-23.054,13.813,19.978,-16.948,2.6596,28.889,23.278,-0.77286,-4.2763,-13.443,3.5956
-35.898,-25.193,22.466,26.819,-31.138,9.8753,41.68,34.741,-3.3071,-16.565,-24.284,-8.3238
-51.224,-26.224,38.805,34.507,-50.9,18.722,57.792,46.37,-7.7936,-33.722,-38.938,-22.776
-67.146,-25.495,60.234,41.471,-72.589,26.868,77.444,58.252,-13.77,-52.594,-53.763,-37.008
-79.498,-21.634,78.787,45.645,-89.311,38.038,99.265,70.371,-18.555,-65.585,-63.408,-46.546
-80.855,-11.707,90.837,42.733,-94.35,50.485,111.77,83.286,-14.639,-60.772,-59.272,-44.452
-62.458,10.614,91.968,24.659,-83.286,60.481,111.78,104.45,16.383,-22.431,-32.776,-23.36
-15.159,52.599,79.703,-19.269,-52.862,69.959,103.33,144.34,112.35,96.016,52.432,27.364
69.34,115.94,53.312,-95.992,-0.53271,84.539,88.728,211.3,279.9,302.5,218.2,126.97
190.82,201.83,15.218,-200.82,73.257,108.96,69.402,308.14,513.06,587.66,435.62,265.88
342.71,313.92,-28.422,-333.78,165.74,144.41,46.066,429.63,812.69,951.49,713.19,443.11
518.94,447.06,-72.681,-490.78,273.79,187.86,18.2,561.71,1154.8,1366.2,1032.0,649.75
708.1,587.66,-120.35,-658.65,392.78,233.1,-15.798,685.15,1501.1,1786.2,1359.8,866.43
893.9,716.3,-175.7,-818.34,516.11,269.81,-56.363,781.41,1804.2,2153.6,1654.0,1066.9
1056.6,811.59,-241.02,-948.16,634.77,285.87,-100.54,837.02,2016.2,2407.3,1868.0,1221.4
1176.5,854.33,-314.84,-1027.9,737.49,271.23,-141.98,844.83,2099.0,2496.5,1961.5,1303.1
1236.1,832.13,-390.85,-1042.6,811.49,222.03,-172.74,803.25,2032.2,2395.0,1910.7,1294.8
1223.2,744.6,-458.26,-987.02,844.12,143.58,-186.02,715.12,1819.3,2110.6,1717.6,1195.3
1136.1,606.18,-504.01,-869.44,826.65,50.131,-178.92,587.45,1487.9,1686.2,1411.9,1021.4
986.41,441.97,-517.6,-709.47,759.14,-40.052,-153.72,431.12,1084.9,1189.7,1043.6,803.71
796.8,278.78,-495.59,-531.86,652.5,-111.85,-116.44,259.89,665.15,695.36,669.63,576.99
595.04,137.14,-443.81,-360.34,525.14,-158.1,-74.185,89.788,279.94,265.95,339.16,371.28
408.15,27.962,-375.72,-213.74,397.38,-180.01,-32.6,-62.092,-32.669,-59.385,83.544,205.54
257.32,-46.67,-306.97,-102.35,286.54,-184.28,5.0549,-180.98,-253.07,-268.87,-86.938,86.372
152.47,-91.442,-249.04,-24.779,202.65,-178.91,37.566,-259.01,-381.8,-374.52,-180.15,8.5027
84.893,-113.4,-205.55,14.135,146.8,-169.12,64.815,-297.84,-436.65,-403.82,-215.42,-40.354
43.931,-118.68,-172.72,30.082,112.69,-155.33,87.217,-307.43,-443.46,-389.19,-215.95,-60.26
20.071,-111.81,-142.79,35.437,88.9,-135.66,105.59,-301.68,-426.76,-359.14,-202.14,-65.896
2.2146,-96.207,-108.63,36.304,62.932,-108.52,121.25,-292.02,-403.78,-332.45,-187.99,-64.873
-15.761,-74.922,-65.792,36.326,29.582,-73.725,135.43,-284.02,-382.17,-312.07,-175.42,-60.551
-35.916,-51.721,-15.743,37.676,-9.5825,-34.731,148.93,-277.02,-362.47,-293.64,-162.56,-54.699
-57.763,-28.397,33.839,41.489,-49.034,0.42729,161.87,-268.24,-343.06,-274.89,-149.25,-48.794
-80.11,-16.881,74.557,36.817,-83.224,27.009,173.0,-256.0,-321.28,-255.34,-136.78,-37.999
-96.169,-10.936,102.41,27.186,-107.55,44.402,180.2,-238.38,-293.98,-231.29,-125.01,-27.27
-79.114,-6.8643,117.95,29.09,-120.19,53.497,181.54,-215.17,-265.26,-208.21,-116.42,-30.703
-70.137,-4.167,124.47,30.646,-124.56,56.63,176.43,-193.63,-244.1,-192.46,-110.89,-32.535
-70.573,-3.0333,124.83,31.398,-122.98,56.673,165.96,-175.17,-224.26,-176.59,-104.66,-33.135
-71.959,-3.1738,120.71,31.566,-116.52,54.661,151.82,-157.19,-202.38,-159.84,-96.87,-33.11
-71.907,-3.8196,113.39,31.39,-105.94,46.841,135.48,-138.55,-179.1,-143.75,-88.253,-32.807
-70.159,-4.575,103.46,31.142,-92.862,35.757,118.22,-119.02,-156.33,-128.86,-80.081,-32.396
-67.362,-5.5165,91.375,31.089,-79.457,30.204,101.42,-98.85,-135.18,-115.6,-73.04,-31.954
-64.29,-6.832,77.754,31.431,-67.282,26.997,86.308,-79.099,-117.0,-104.41,-67.243,-31.507
-61.516,-8.668,64.319,32.224,-57.274,23.357,73.46,-62.668,-102.79,-95.29,-62.542,-31.05
-59.4,-11.116,53.325,33.389,-49.697,19.164,62.783,-51.585,-92.54,-88.023,-58.73,-30.559
-58.06,-14.201,44.835,34.797,-44.361,14.763,53.797,-45.279,-85.583,-82.382,-55.639,-30.015
-57.427,-17.89,38.145,36.357,-41.015,10.292,45.877,-42.314,-81.118,-78.11,-53.158,-29.423
-57.391,-22.114,32.785,38.1,-39.353,5.8205,38.351,-41.643,-78.353,-74.815,-51.171,-28.794
-57.829,-26.754,28.562,40.173,-38.922,1.4478,30.637,-42.295,-76.45,-72.019,-49.502,-28.121
-58.603,-31.565,25.37,42.694,-38.995,-2.6632,23.061,-42.612,-74.602,-69.304,-47.92,-27.355
-59.534,-36.105,22.84,45.535,-38.762,-6.2685,16.995,-41.404,-72.382,-66.425,-46.213,-26.434
-60.316,-39.747,20.547,48.168,-37.823,-9.0804,12.806,-39.153,-69.87,-63.366,-44.278,-25.322
-60.414,-41.807,18.481,49.761,-36.244,-10.86,9.9927,-36.698,-67.333,-60.272,-42.167,-24.042
-59.143,-41.764,16.766,49.545,-34.179,-11.504,8.1505,-34.532,-64.992,-57.329,-40.067,-22.664
-55.984,-39.477,15.393,47.15,-31.692,-11.084,7.0179,-32.882,-63.002,-54.687,-38.22,-21.269
-50.937,-35.255,14.272,42.712,-28.837,-9.8158,6.3751,-31.802,-61.459,-52.444,-36.817,-19.922
-44.568,-29.772,13.296,36.803,-25.733,-8.0096,6.0291,-31.231,-60.376,-50.645,-35.933,-18.65
-37.754,-23.88,12.386,30.278,-22.576,-6.0054,5.8342,-31.043,-59.674,-49.267,-35.512,-17.446
-31.365,-18.395,11.51,24.045,-19.592,-4.1068,5.7018,-31.064,-59.211,-48.214,-35.395,-16.271
-26.033,-13.924,10.68,18.849,-16.98,-2.5309,5.5879,-31.106,-58.819,-47.33,-35.376,-15.077
-22.045,-10.802,9.9419,15.122,-14.87,-1.394,5.4717,-31.017,-58.352,-46.433,-35.258,-13.833
-19.341,-9.1253,9.3409,12.947,-13.299,-0.72906,5.3401,-30.718,-57.716,-45.366,-34.91,-12.545
-17.636,-8.7925,8.8892,12.087,-12.22,-0.5189,5.1743,-30.239,-56.892,-44.053,-34.3,-11.277
-16.618,-9.4839,8.5399,12.124,-11.533,-0.73296,4.9335,-29.702,-55.948,-42.552,-33.526,-10.142
-16.095,-10.778,8.1971,12.661,-11.125,-1.3502,4.5526,-29.267,-55.033,-41.058,-32.792,-9.2742
-16.027,-12.404,7.7629,13.496,-10.916,-2.3555,3.9726,-29.048,-54.311,-39.821,-32.326,-8.7811
-16.444,-14.289,7.1901,14.617,-10.868,-3.7136,3.1846,-29.042,-53.881,-39.017,-32.267,-8.7167
-17.352,-16.44,6.4996,16.088,-10.97,-5.3564,2.2491,-29.145,-53.733,-38.679,-32.611,-9.0771
-18.711,-18.851,5.7546,17.935,-11.218,-7.2018,1.2743,-29.213,-53.782,-38.724,-33.241,-9.8224
-20.453,-21.491,5.019,20.124,-11.595,-9.1772,0.37125,-29.149,-53.942,-39.034,-34.015,-10.905
-22.506,-24.318,4.3263,22.572,-12.069,-11.228,-0.38364,-28.946,-54.161,-39.5,-34.827,-12.291
-24.79,-27.291,3.6675,25.16,-12.581,-13.305,-0.96246,-28.674,-54.414,-40.042,-35.62,-13.963
-27.176,-30.362,3.001,27.746,-13.053,-15.351,-1.3762,-28.438,-54.674,-40.569,-36.349,-15.905
-29.46,-33.451,2.2852,30.185,-13.407,-17.284,-1.6535,-28.311,-54.872,-40.959,-36.947,-18.087
-31.429,-36.411,1.5181,32.367,-13.613,-19.016,-1.8245,-28.298,-54.908,-41.07,-37.324,-20.456
-32.972,-39.051,0.7572,34.253,-13.724,-20.483,-1.9161,-28.343,-54.674,-40.761,-37.383,-22.937
-34.171,-41.228,0.10679,35.898,-13.866,-21.67,-1.9515,-28.352,-54.091,-39.93,-37.044,-25.452
-35.276,-42.961,-0.31308,37.46,-14.186,-22.592,-1.9413,-28.238,-53.126,-38.527,-36.261,-27.923
-36.567,-44.364,-0.40177,39.126,-14.797,-23.258,-1.8717,-27.949,-51.783,-36.561,-35.015,-30.282
-38.139,-45.474,-0.11266,40.954,-15.707,-23.628,-1.705,-27.478,-50.09,-34.109,-33.327,-32.467
-39.789,-46.154,0.51644,42.739,-16.78,-23.613,-1.4004,-26.873,-48.091,-31.311,-31.26,-34.439
-41.038,-46.129,1.355,44.034,-17.744,-23.112,-0.94319,-26.219,-45.852,-28.355,-28.93,-36.184
-41.284,-45.085,2.2022,44.279,-18.259,-22.072,-0.364,-25.614,-43.467,-25.427,-26.491,-37.711
-40.01,-42.756,2.8478,42.978,-18.034,-20.511,0.26294,-25.125,-41.04,-22.648,-24.082,-39.044
-36.993,-39.018,3.1436,39.863,-16.947,-18.524,0.83953,-24.762,-38.648,-20.054,-21.782,-40.202
-32.403,-34.011,3.0384,35.038,-15.08,-16.271,1.2716,-24.47,-36.319,-17.607,-19.599,-41.185
-26.745,-28.194,2.5647,28.995,-12.66,-13.947,1.4944,-24.158,-34.034,-15.254,-17.487,-41.965
-20.673,-22.237,1.8003,22.456,-9.9597,-11.751,1.4897,-23.735,-31.736,-12.951,-15.383,-42.491
-14.792,-16.77,0.83714,16.141,-7.2212,-9.8416,1.2869,-23.138,-29.346,-10.682,-13.238,-42.709
-9.5164,-12.192,-0.23754,10.583,-4.6163,-8.3076,0.94786,-22.346,-26.788,-8.458,-11.035,-42.578
-5.0279,-8.6584,-1.366,6.0655,-2.2304,-7.1725,0.5419,-21.382,-24.018,-6.3069,-8.8068,-42.079
-1.3226,-6.1573,-2.5378,2.6306,-0.069261,-6.4115,0.1207,-20.293,-21.062,-4.2645,-6.6194,-41.214
1.6764,-4.5703,-3.7828,0.13988,1.8997,-5.9802,-0.30241,-19.132,-18.022,-2.3492,-4.5383,-40.005
4.0259,-3.6919,-5.1273,-1.6276,3.6901,-5.8416,-0.75773,-17.942,-15.035,-0.55257,-2.6029,-38.485
5.7638,-3.2926,-6.541,-2.8622,5.2649,-5.9641,-1.2976,-16.759,-12.235,1.1668,-0.81148,-36.683
6.9482,-3.2067,-7.9117,-3.6708,6.5511,-6.2891,-1.9544,-15.612,-9.6975,2.8748,0.87091,-34.591
7.66,-3.3197,-9.0792,-4.1136,7.4868,-6.6917,-2.7028,-14.521,-7.4256,4.646,2.4939,-32.157
8.001,-3.4697,-9.9047,-4.2822,8.0641,-6.9827,-3.4546,-13.489,-5.3694,6.5382,4.1013,-29.316
8.1116,-3.4069,-10.337,-4.3469,8.3546,-6.9718,-4.0939,-12.516,-3.4634,8.5636,5.712,-26.048
8.1851,-2.8715,-10.462,-4.5362,8.5187,-6.5497,-4.5329,-11.609,-1.6592,10.675,7.3127,-22.402
8.4526,-1.714,-10.504,-5.0674,8.7857,-5.7258,-4.7516,-10.794,0.068154,12.801,8.878,-18.494
9.1305,0.038088,-10.768,-6.072,9.3988,-4.6148,-4.8028,-10.094,1.7251,14.91,10.397,-14.459
10.354,2.187,-11.525,-7.5474,10.538,-3.4103,-4.7888,-9.5175,3.3185,17.059,11.884,-10.429
12.136,4.4185,-12.887,-9.349,12.275,-2.3542,-4.8266,-9.0442,4.867,19.395,13.374,-6.5301
14.364,6.3735,-14.806,-11.235,14.587,-1.6875,-5.0183,-8.6286,6.4063,22.124,14.907,-2.8747
16.855,7.7308,-17.191,-12.942,17.418,-1.59,-5.4363,-8.2176,7.9878,25.49,16.531,0.44408
19.407,8.269,-20.0,-14.248,20.728,-2.1583,-6.1206,-7.7693,9.6674,29.689,18.295,3.3691
21.857,7.9005,-23.263,-15.006,24.51,-3.4087,-7.0811,-7.2647,11.484,34.721,20.226,5.8928
24.123,6.6908,-27.07,-15.17,28.793,-5.2737,-8.3057,-6.7048,13.438,40.246,22.298,8.0533
26.249,4.8615,-31.505,-14.812,33.602,-7.5849,-9.7748,-6.0974,15.484,45.694,24.425,9.9077
28.421,2.7576,-36.486,-14.129,38.839,-10.078,-11.483,-5.4354,17.561,50.599,26.496,11.504
30.902,0.76705,-41.613,-13.409,44.157,-12.459,-13.453,-4.6852,19.642,54.821,28.458,12.894
33.88,-0.77852,-46.307,-12.941,49.079,-14.5,-15.733,-3.7904,21.776,58.507,30.387,14.152
37.29,-1.6908,-50.185,-12.919,53.313,-16.097,-18.357,-2.6937,24.081,61.926,32.479,15.344
40.77,-1.9803,-53.239,-13.373,56.862,-17.29,-21.306,-1.3673,26.711,65.315,34.966,16.502
43.849,-1.8497,-55.704,-14.166,59.905,-18.253,-24.524,0.15995,29.797,68.796,37.998,17.623
46.198,-1.6179,-57.892,-15.076,62.696,-19.233,-27.966,1.7914,33.383,72.371,41.521,18.682
47.738,-1.5957,-60.108,-15.892,65.497,-20.462,-31.636,3.3824,37.384,75.979,45.26,19.644
48.611,-1.9769,-62.556,-16.489,68.462,-22.063,-35.538,4.795,41.604,79.568,48.887,20.482
49.081,-2.7845,-65.256,-16.836,71.547,-23.999,-39.593,5.9654,45.856,83.156,52.256,21.2
49.416,-3.8865,-68.008,-16.968,74.507,-26.09,-43.618,6.9393,50.097,86.851,55.459,21.861
49.851,-5.0669,-70.458,-16.942,77.009,-28.083,-47.387,7.8439,54.448,90.821,58.711,22.589
50.601,-6.1165,-72.253,-16.815,78.761,-29.752,-50.74,8.81,59.095,95.201,62.21,23.531
51.858,-6.9123,-73.211,-16.621,79.599,-30.949,-53.629,9.8952,64.132,100.01,66.07,24.804
53.716,-7.4649,-73.391,-16.373,79.521,-31.628,-56.117,11.058,69.456,105.11,70.337,26.472
56.066,-7.9129,-73.034,-16.071,78.692,-31.867,-58.333,12.195,74.792,110.35,75.021,28.583
58.546,-8.4499,-72.441,-15.759,77.467,-31.858,-60.423,13.209,79.858,115.63,80.097,31.222
60.718,-9.1979,-71.909,-15.616,76.342,-31.82,-62.499,14.048,84.519,120.99,85.49,34.501
62.537,-10.082,-71.681,-15.994,75.804,-31.889,-64.586,14.723,88.828,126.57,91.102,38.441
64.545,-10.788,-71.903,-17.308,76.162,-32.038,-66.607,15.301,92.951,132.48,96.857,42.867
67.504,-10.841,-72.556,-19.893,77.486,-32.069,-68.416,15.891,97.078,138.83,102.74,47.487
71.941,-9.7482,-73.459,-24.018,79.652,-31.696,-69.866,16.611,101.35,145.66,108.8,52.114
77.982,-7.1269,-74.354,-29.888,82.417,-30.669,-70.876,17.548,105.84,152.98,115.06,56.749
85.384,-2.8215,-75.017,-37.476,85.522,-28.881,-71.462,18.733,110.53,160.69,121.54,61.469
93.643,3.0288,-75.313,-46.367,88.751,-26.39,-71.723,20.139,115.3,168.64,128.19,66.302
102.15,10.022,-75.218,-55.829,91.932,-23.366,-71.794,21.693,120.01,176.67,134.9,71.176
110.36,17.623,-74.803,-65.09,94.939,-20.039,-71.788,23.3,124.46,184.6,141.52,75.932
117.93,25.304,-74.206,-73.603,97.711,-16.653,-71.733,24.865,128.53,192.29,147.95,80.386
124.7,32.64,-73.574,-81.126,100.23,-13.417,-71.548,26.316,132.16,199.62,154.19,84.418
130.66,39.349,-73.026,-87.669,102.45,-10.461,-71.075,27.611,135.33,206.47,160.3,88.005
135.94,45.245,-72.609,-93.412,104.34,-7.8391,-70.171,28.73,137.97,212.46,166.23,91.197
140.6,50.155,-72.252,-98.599,105.85,-5.5474,-68.783,29.668,139.84,216.86,171.56,94.019
144.55,53.955,-71.778,-103.35,106.93,-3.5303,-66.952,30.439,140.61,218.86,175.41,96.306
147.32,56.791,-70.988,-107.4,107.42,-1.6752,-64.775,31.063,139.95,217.93,176.89,97.558
148.13,59.115,-69.728,-109.77,107.07,0.13549,-62.332,31.556,137.78,214.19,175.67,97.13
146.51,61.226,-67.914,-109.57,105.64,1.9404,-59.605,31.912,134.35,208.25,172.06,94.847
143.06,62.919,-65.527,-107.45,103.12,3.67,-56.444,32.105,130.12,200.97,166.8,91.27
138.84,63.828,-62.614,-104.72,99.907,5.1854,-52.602,32.086,125.54,193.12,160.65,87.136
134.39,63.805,-59.344,-101.95,96.46,6.3301,-47.89,31.814,120.92,185.19,154.18,82.858
129.65,62.974,-55.982,-99.034,92.971,6.9717,-42.443,31.279,116.39,177.35,147.63,78.516
124.26,61.543,-52.659,-95.611,89.279,7.052,-36.785,30.519,111.91,169.56,141.0,74.004
117.85,59.57,-49.155,-91.359,85.044,6.6759,-31.404,29.601,107.4,161.67,134.19,69.151
110.23,57.005,-45.018,-86.166,79.941,6.178,-26.385,28.617,102.74,153.51,127.08,63.844
101.54,53.971,-39.848,-80.168,73.805,6.0527,-21.549,27.676,97.825,145.04,119.68,58.124
92.201,50.849,-33.527,-73.692,66.701,6.7454,-16.758,26.894,92.635,136.39,112.12,52.189
82.769,48.138,-26.357,-67.174,58.923,8.4672,-12.04,26.362,87.183,127.81,104.6,46.311
73.843,46.338,-18.978,-61.152,50.938,11.192,-7.5015,26.106,81.48,119.47,97.262,40.736
65.845,45.672,-12.015,-56.049,43.227,14.655,-3.2326,26.077,75.5,111.37,90.142,35.625
58.741,45.69,-5.8327,-51.734,36.07,18.336,0.67505,26.171,69.21,103.38,83.166,31.061
51.915,45.413,-0.58673,-47.471,29.404,21.596,4.1085,26.264,62.69,95.367,76.254,27.109
44.461,43.993,3.6408,-42.472,22.921,23.914,6.9635,26.233,56.212,87.319,69.368,23.776
35.976,41.183,6.7843,-36.586,16.484,25.047,9.1812,25.977,50.127,79.308,62.509,20.931
27.182,37.244,8.8533,-30.36,10.54,25.05,10.776,25.437,44.652,71.449,55.707,18.353
19.199,32.588,10.035,-24.348,5.6858,24.183,11.847,24.618,39.813,63.842,49.068,15.845
12.424,27.641,10.665,-18.746,1.9443,22.71,12.554,23.575,35.523,56.565,42.794,13.309
6.7834,22.861,11.065,-13.666,-0.98712,20.843,13.056,22.39,31.656,49.678,37.063,10.74
2.2909,18.636,11.414,-9.3541,-3.2639,18.818,13.46,21.126,28.06,43.176,31.884,8.1774
-0.89186,15.172,11.732,-6.0854,-4.8711,16.868,13.816,19.797,24.575,36.946,27.108,5.6534
-2.6563,12.571,11.94,-3.9891,-5.7609,15.234,14.118,18.364,21.077,30.808,22.577,3.1572
-3.1173,10.843,11.929,-2.9457,-5.9524,14.09,14.307,16.767,17.53,24.671,18.281,0.63882
-2.6322,9.7753,11.619,-2.6051,-5.5687,13.373,14.309,14.964,14.01,18.719,14.377,-1.9607
-1.6966,8.9657,11.007,-2.5181,-4.8273,12.819,14.085,12.961,10.651,13.424,11.028,-4.6883
-0.81623,8.0217,10.168,-2.284,-3.9977,12.142,13.664,10.818,7.5622,9.1717,8.2383,-7.5678
-0.41401,6.6915,9.2321,-1.6255,-3.3462,11.154,13.113,8.6333,4.7803,5.9347,5.8824,-10.57
-0.76402,4.864,8.3443,-0.39774,-3.0799,9.8271,12.492,6.5168,2.2815,3.421,3.8317,-13.597
-1.9394,2.5424,7.6262,1.4063,-3.3014,8.2558,11.842,4.5592,0.014556,1.3537,2.007,-16.515
-3.7961,-0.13833,7.1585,3.6429,-3.9897,6.5987,11.204,2.814,-2.0773,-0.44235,0.3691,-19.205
-6.032,-2.9078,6.9825,6.047,-5.0195,5.0412,10.63,1.2906,-4.0488,-2.0703,-1.1036,-21.592
-8.3039,-5.4311,7.105,8.3194,-6.2148,3.7692,10.166,-0.046088,-5.9504,-3.5954,-2.4249,-23.64
-10.345,-7.4281,7.5013,10.235,-7.4124,2.9308,9.844,-1.2647,-7.8265,-5.0621,-3.6087,-25.346
-12.036,-8.7639,8.1199,11.71,-8.5102,2.5956,9.6699,-2.4414,-9.7051,-6.4985,-4.6735,-26.735
-13.395,-9.4708,8.8974,12.794,-9.4804,2.7301,9.6347,-3.6276,-11.592,-7.9114,-5.6387,-27.84
-14.516,-9.7061,9.769,13.602,-10.345,3.209,9.7314,-4.8283,-13.45,-9.2824,-6.5146,-28.685
-15.481,-9.6733,10.663,14.238,-11.129,3.857,9.9612,-6.0031,-15.208,-10.564,-7.2946,-29.271
-16.308,-9.537,11.486,14.739,-11.829,4.5031,10.322,-7.0903,-16.776,-11.704,-7.9601,-29.599
-16.931,-9.3626,12.122,15.06,-12.396,5.0266,10.791,-8.0355,-18.096,-12.673,-8.4947,-29.689
-17.218,-9.0997,12.457,15.087,-12.737,5.3875,11.326,-8.8056,-19.165,-13.485,-8.9006,-29.579
-16.989,-8.6085,12.424,14.682,-12.737,5.6394,11.886,-9.3886,-20.023,-14.173,-9.1933,-29.304
-16.084,-7.7163,12.054,13.725,-12.308,5.9133,12.446,-9.7888,-20.724,-14.763,-9.3944,-28.868
-14.477,-6.2944,11.507,12.186,-11.466,6.3715,13.005,-10.02,-21.297,-15.255,-9.5191,-28.243
-12.375,-4.3389,11.04,10.183,-10.387,7.1434,13.568,-10.102,-21.747,-15.625,-9.574,-27.392
-10.203,-2.022,10.915,8.0001,-9.3773,8.2646,14.12,-10.056,-22.057,-15.847,-9.5678,-26.315
-8.453,0.32492,11.292,6.0247,-8.7486,9.6424,14.619,-9.9036,-22.213,-15.909,-9.5225,-25.073
-7.4899,2.3108,12.159,4.6089,-8.685,11.071,15.008,-9.6538,-22.194,-15.816,-9.4697,-23.78
-7.4233,3.6262,13.333,3.9414,-9.1709,12.3,15.25,-9.2893,-21.964,-15.568,-9.4326,-22.555
-8.0974,4.1421,14.53,4.0002,-10.008,13.119,15.355,-8.7718,-21.459,-15.15,-9.4098,-21.48
-9.1735,3.917,15.456,4.5948,-10.897,13.42,15.371,-8.0666,-20.615,-14.537,-9.3765,-20.572
-10.266,3.1399,15.898,5.4544,-11.552,13.215,15.364,-7.1663,-19.405,-13.735,-9.304,-19.789
-11.078,2.0628,15.786,6.3196,-11.803,12.607,15.392,-6.0911,-17.864,-12.774,-9.1622,-19.053
-11.485,0.941,15.215,7.0079,-11.649,11.768,15.492,-4.8709,-16.082,-11.695,-8.9295,-18.268
-11.524,-0.013041,14.414,7.4381,-11.233,10.9,15.693,-3.5265,-14.163,-10.529,-8.5875,-17.344
-11.337,-0.65132,13.671,7.6142,-10.772,10.207,16.019,-2.0631,-12.198,-9.2849,-8.1187,-16.224
-11.096,-0.89231,13.24,7.5867,-10.469,9.8556,16.494,-0.47303,-10.23,-7.9588,-7.5082,-14.906
-10.931,-0.72035,13.258,7.4121,-10.439,9.9392,17.13,1.255,-8.2675,-6.5413,-6.7482,-13.443
-10.885,-0.18195,13.708,7.1269,-10.676,10.449,17.927,3.1258,-6.2876,-5.0202,-5.8347,-11.917
-10.912,0.63149,14.441,6.7469,-11.073,11.271,18.872,5.1298,-4.2619,-3.3793,-4.7647,-10.407
-10.916,1.6085,15.239,6.28,-11.471,12.222,19.945,7.2394,-2.1605,-1.6025,-3.5389,-8.9482
-10.794,2.6379,15.9,5.7363,-11.722,13.122,21.115,9.4126,0.031572,0.31173,-2.1682,-7.5356
-10.477,3.6275,16.301,5.126,-11.741,13.849,22.332,11.601,2.299,2.3334,-0.69128,-6.1379
-9.944,4.5256,16.405,4.4535,-11.517,14.365,23.527,13.76,4.5933,4.3951,0.83216,-4.7256
-9.2201,5.334,16.258,3.7183,-11.093,14.703,24.619,15.852,6.8463,6.4072,2.3366,-3.2885
-8.3718,6.0933,15.969,2.9286,-10.553,14.94,25.538,17.846,8.9944,8.289,3.7709,-1.8381
-7.4942,6.8503,15.678,2.1128,-10.002,15.16,26.241,19.722,10.997,9.9947,5.1084,-0.39998
-6.6903,7.6288,15.516,1.3193,-9.5426,15.425,26.713,21.46,12.839,11.518,6.3426,0.99283
-6.0448,8.4165,15.554,0.60386,-9.2469,15.752,26.959,23.034,14.525,12.879,7.4726,2.3035
-5.6012,9.1674,15.78,0.012503,-9.1317,16.112,26.994,24.409,16.061,14.101,8.4918,3.495
-5.3548,9.8171,16.102,-0.43144,-9.1578,16.445,26.837,25.539,17.442,15.195,9.3844,4.5365
-5.2577,10.312,16.393,-0.7361,-9.2508,16.694,26.504,26.383,18.649,16.153,10.131,5.4112
-5.2301,10.642,16.548,-0.94658,-9.3293,16.836,26.013,26.917,19.646,16.938,10.715,6.1215
-5.1774,10.857,16.516,-1.139,-9.3251,16.89,25.376,27.15,20.388,17.487,11.126,6.6859
-5.0161,11.041,16.313,-1.3953,-9.1989,16.907,24.587,27.127,20.83,17.729,11.361,7.1282
-4.7021,11.27,16.0,-1.7676,-8.951,16.945,23.619,26.909,20.958,17.631,11.436,7.4693
-4.2434,11.574,15.652,-2.2542,-8.6179,17.026,22.431,26.551,20.803,17.253,11.388,7.7277
-3.6864,11.915,15.319,-2.7993,-8.2488,17.112,20.992,26.074,20.438,16.73,11.271,7.9269
-3.0837,12.184,14.986,-3.3142,-7.8713,17.088,19.292,25.457,19.942,16.192,11.126,8.0948
-2.4625,12.227,14.563,-3.7081,-7.4602,16.79,17.354,24.645,19.358,15.685,10.964,8.2528
-1.8157,11.885,13.885,-3.9122,-6.9282,16.049,15.215,23.582,18.689,15.183,10.767,8.4015
-1.127,11.048,12.754,-3.8893,-6.1601,14.744,12.914,22.237,17.915,14.628,10.5,8.5202
-0.4186,9.6841,11.044,-3.6248,-5.0937,12.84,10.492,20.624,17.022,13.981,10.144,8.5825
0.21262,7.8322,8.8125,-3.1059,-3.8002,10.413,8.0126,18.806,16.025,13.24,9.707,8.575
0.59776,5.5715,6.3327,-2.3005,-2.4994,7.6464,5.5686,16.885,14.972,12.438,9.2248,8.5041
0.54628,3.0061,4.0033,-1.1633,-1.4785,4.7883,3.2586,14.972,13.92,11.626,8.7457,8.3852
-0.059697,0.27954,2.182,0.30821,-0.96456,2.102,1.1606,13.165,12.925,10.856,8.3103,8.2265
-1.1703,-2.3985,1.0555,2.0023,-1.024,-0.18918,-0.68345,11.533,12.02,10.166,7.9393,8.019
-2.5457,-4.7629,0.59696,3.6822,-1.5303,-1.9426,-2.2612,10.107,11.223,9.5744,7.6336,7.7437
-3.8328,-6.5602,0.59843,5.0618,-2.2101,-3.1187,-3.5731,8.881,10.531,9.0781,7.3817,7.3856
-4.6965,-7.628,0.76321,5.9093,-2.7535,-3.7785,-4.6198,7.8223,9.934,8.6592,7.1661,6.9443
-4.937,-7.9405,0.82884,6.12,-2.9353,-4.0517,-5.4017,6.8826,9.4084,8.2907,6.9668,6.4291
-4.5508,-7.6078,0.66588,5.7415,-2.6963,-4.0846,-5.9249,6.0151,8.929,7.9451,6.762,5.8481
-3.7243,-6.8389,0.30834,4.9577,-2.1501,-3.9889,-6.2049,5.1875,8.4744,7.6019,6.5324,5.2
-2.766,-5.8791,-0.085828,4.0326,-1.5225,-3.8157,-6.2659,4.3901,8.0367,7.2516,6.2681,4.477
-1.9921,-4.9435,-0.32105,3.2231,-1.0536,-3.5653,-6.1432,3.6361,7.6225,6.8978,5.9721,3.6704
-1.6064,-4.1719,-0.26284,2.6905,-0.90279,-3.2267,-5.8925,2.9497,7.2453,6.5511,5.6558,2.7726
-1.6253,-3.619,0.093416,2.455,-1.0889,-2.8219,-5.5979,2.3458,6.9107,6.2179,5.3262,1.7727
-1.8781,-3.2693,0.61056,2.4096,-1.4796,-2.4265,-5.3601,1.8113,6.6039,5.8892,4.9754,0.65673
-2.0734,-3.0634,1.0551,2.3778,-1.8337,-2.1494,-5.2663,1.2985,6.2881,5.5379,4.5811,-0.58212
-1.9113,-2.9302,1.1899,2.1883,-1.89,-2.0843,-5.3586,0.7375,5.918,5.1305,4.1193,-1.9264
-1.2159,-2.8234,0.88516,1.7541,-1.4814,-2.2615,-5.6192,0.064845,5.4598,4.6449,3.5801,-3.3246
-0.053339,-2.7502,0.18965,1.1361,-0.62769,-2.6321,-5.9816,-0.74922,4.905,4.0831,2.9745,-4.6992
1.2321,-2.7816,-0.67843,0.55612,0.43451,-3.0946,-6.3603,-1.6897,4.2683,3.4669,2.3285,-5.9715
2.123,-3.0379,-1.4132,0.32531,1.3147,-3.5441,-6.6853,-2.7063,3.5738,2.826,1.6701,-7.0907
2.1431,-3.6466,-1.7303,0.71221,1.6159,-3.9111,-6.9233,-3.7323,2.8423,2.1867,1.0194,-8.0487
1.0381,-4.6902,-1.4538,1.8392,1.0854,-4.1691,-7.0746,-4.7021,2.0887,1.5687,0.38929,-8.8691
-1.1744,-6.1725,-0.5525,3.6713,-0.31244,-4.3156,-7.1526,-5.5604,1.3286,0.98976,-0.20645,-9.5752
-4.2509,-8.0099,0.8724,6.0585,-2.4049,-4.3466,-7.1642,-6.2671,0.58589,0.46989,-0.74566,-10.159
-7.7906,-10.035,2.6277,8.7649,-4.874,-4.2476,-7.1075,-6.8025,-0.10854,0.029711,-1.1988,-10.573
-11.302,-12.001,4.4742,11.473,-7.3357,-4.0022,-6.9815,-7.1725,-0.72718,-0.31755,-1.5409,-10.756
-14.268,-13.591,6.1625,13.787,-9.4136,-3.6085,-6.7906,-7.4134,-1.2582,-0.57507,-1.7672,-10.664
-16.227,-14.466,7.4697,15.285,-10.809,-3.0846,-6.5372,-7.5888,-1.7113,-0.76441,-1.9027,-10.299
-16.895,-14.362,8.254,15.648,-11.374,-2.4555,-6.2178,-7.7728,-2.1117,-0.91743,-1.9953,-9.7066
-16.258,-13.207,8.5024,14.8,-11.143,-1.7342,-5.8287,-8.0143,-2.4845,-1.0613,-2.0953,-8.9532
-14.573,-11.165,8.3456,12.958,-10.311,-0.91058,-5.3725,-8.3033,-2.8375,-1.2051,-2.2316,-8.0982
-12.299,-8.5876,8.0248,10.548,-9.1837,0.038389,-4.8567,-8.5676,-3.1565,-1.3389,-2.4014,-7.1783
-9.9813,-5.9088,7.8047,8.0651,-8.1035,1.1035,-4.2909,-8.7108,-3.4167,-1.443,-2.5788,-6.2118
-8.126,-3.5548,7.8654,5.9491,-7.3645,2.1951,-3.6902,-8.6672,-3.6011,-1.5062,-2.7347,-5.2108
-7.0644,-1.8611,8.2256,4.4973,-7.1271,3.1448,-3.0833,-8.4371,-3.7121,-1.5347,-2.8545,-4.1904
-6.8688,-1.0338,8.7306,3.8469,-7.3591,3.7541,-2.5163,-8.0873,-3.7726,-1.5498,-2.9449,-3.1794
-7.3748,-1.1641,9.1051,4.0001,-7.8481,3.8452,-2.0476,-7.7234,-3.8165,-1.5815,-3.0308,-2.2215
-8.3021,-2.2509,9.0539,4.8482,-8.3007,3.2991,-1.7294,-7.451,-3.8788,-1.659,-3.1468,-1.3672
-9.3831,-4.181,8.3777,6.2018,-8.4734,2.0956,-1.5759,-7.339,-3.9835,-1.8037,-3.3233,-0.65685
-10.379,-6.6733,7.0577,7.8059,-8.2398,0.35414,-1.5446,-7.394,-4.1322,-2.0153,-3.5713,-0.10447
-11.001,-9.232,5.2696,9.2897,-7.5733,-1.6491,-1.5444,-7.5514,-4.2955,-2.2656,-3.8703,0.31062
-10.893,-11.188,3.318,10.145,-6.5117,-3.526,-1.4683,-7.696,-4.4182,-2.5039,-4.1687,0.63817
-9.7628,-11.899,1.5287,9.8723,-5.1435,-4.8856,-1.2371,-7.7091,-4.4444,-2.6766,-4.4012,0.93947
-7.5561,-11.013,0.14316,8.2329,-3.5918,-5.4597,-0.83816,-7.5272,-4.3536,-2.756,-4.5205,1.2525
-4.4994,-8.6116,-0.74928,5.3847,-1.9716,-5.1993,-0.34404,-7.186,-4.1889,-2.7617,-4.5273,1.5614
-0.99003,-5.2068,-1.2308,1.8321,-0.3421,-4.3096,0.10136,-6.8222,-4.0517,-2.7618,-4.4832,1.7888
2.548,-1.5717,-1.506,-1.7633,1.2781,-3.195,0.33754,-6.6251,-4.0655,-2.849,-4.4913,1.8235
5.6997,1.5175,-1.7921,-4.783,2.824,-2.3048,0.24622,-6.7522,-4.3242,-3.0982,-4.6478,1.573
8.0099,3.4947,-2.192,-6.7665,4.1062,-1.959,-0.21178,-7.256,-4.8478,-3.5285,-4.9878,1.0154
9.0263,4.0711,-2.639,-7.4386,4.832,-2.2613,-0.99642,-8.0592,-5.5634,-4.0852,-5.4527,0.21969
8.4688,3.2112,-2.9575,-6.7054,4.7263,-3.1152,-2.0006,-8.9924,-6.3244,-4.6592,-5.9044,-0.67811
6.3355,1.0651,-2.9754,-4.6631,3.6713,-4.3034,-3.0765,-9.872,-6.9713,-5.1395,-6.193,-1.5313
2.86,-2.1247,-2.6234,-1.5517,1.7685,-5.6125,-4.0889,-10.581,-7.409,-5.4725,-6.2442,-2.2417
-1.5558,-6.1122,-1.9828,2.36,-0.67904,-6.9509,-4.9917,-11.113,-7.6533,-5.6849,-6.1009,-2.7894
-6.3597,-10.713,-1.2903,6.8054,-3.2214,-8.3731,-5.8461,-11.555,-7.8091,-5.8562,-5.8831,-3.2241
-10.856,-15.676,-0.88424,11.385,-5.3426,-9.9904,-6.7409,-12.025,-8.0045,-6.0688,-5.7092,-3.621
-14.259,-20.403,-1.0665,15.42,-6.5831,-11.811,-7.6939,-12.602,-8.3237,-6.3677,-5.6424,-4.0282
-15.863,-23.974,-1.9503,18.052,-6.6681,-13.625,-8.6065,-13.274,-8.7767,-6.742,-5.6756,-4.4308
-15.271,-25.526,-3.3972,18.578,-5.5815,-15.066,-9.2948,-13.941,-9.3027,-7.1281,-5.7413,-4.7464
-12.557,-24.6,-5.0757,16.76,-3.5603,-15.78,-9.5688,-14.451,-9.8007,-7.4322,-5.7381,-4.8553
-8.2594,-21.293,-6.5921,12.906,-1.0232,-15.569,-9.3077,-14.669,-10.172,-7.567,-5.5689,-4.6478
-3.1946,-16.212,-7.6296,7.7382,1.5536,-14.427,-8.5023,-14.53,-10.362,-7.4899,-5.1823,-4.0677
1.8002,-10.25,-8.0466,2.1403,3.7782,-12.532,-7.2591,-14.065,-10.384,-7.2239,-4.5996,-3.1391
6.0769,-4.3355,-7.9074,-3.0678,5.4306,-10.214,-5.772,-13.391,-10.308,-6.8481,-3.9107,-1.9591
9.2657,0.73568,-7.4438,-7.2801,6.47,-7.8832,-4.2643,-12.655,-10.219,-6.457,-3.2336,-0.65847
11.26,4.4399,-6.9543,-10.173,6.9863,-5.9182,-2.9217,-11.972,-10.161,-6.1115,-2.6574,0.65132
12.149,6.6024,-6.6785,-11.706,7.1292,-4.5473,-1.8471,-11.383,-10.099,-5.8112,-2.2038,1.9163
12.153,7.3709,-6.7108,-12.076,7.0368,-3.8057,-1.0631,-10.849,-9.9482,-5.505,-1.8304,3.1445
11.595,7.1144,-6.9949,-11.658,6.8155,-3.5852,-0.53508,-10.298,-9.6225,-5.135,-1.469,4.3746
10.845,6.3107,-7.3899,-10.887,6.5816,-3.725,-0.19789,-9.6824,-9.1035,-4.686,-1.0801,5.6295
10.219,5.3813,-7.7676,-10.107,6.4585,-4.0828,0.010578,-9.0081,-8.4629,-4.2043,-0.67757,6.882
9.8743,4.5329,-8.0928,-9.4932,6.494,-4.5631,0.10749,-8.3305,-7.8306,-3.7761,-0.31799,8.0543
9.7719,3.7726,-8.4156,-9.0638,6.6388,-5.1222,0.056107,-7.7281,-7.3349,-3.4871,-0.070416,9.0488
9.7682,3.0427,-8.7751,-8.7382,6.8226,-5.7402,-0.19154,-7.2603,-7.0597,-3.3902,0.014532,9.7948
9.7452,2.2995,-9.1463,-8.4106,6.9803,-6.3851,-0.62995,-6.9362,-7.0122,-3.4902,-0.072593,10.287
9.6288,1.5165,-9.4606,-8.0009,7.039,-7.0188,-1.1718,-6.7029,-7.1302,-3.7415,-0.29314,10.589
9.3365,0.67749,-9.6464,-7.4476,6.9221,-7.6162,-1.6771,-6.4652,-7.2972,-4.0598,-0.56676,10.801
8.7693,-0.24224,-9.664,-6.6915,6.5714,-8.1681,-2.0129,-6.1291,-7.3797,-4.3474,-0.79737,11.014
7.8442,-1.2968,-9.5272,-5.6771,5.9712,-8.6872,-2.1027,-5.6437,-7.2767,-4.5261,-0.90848,11.274
6.5338,-2.5686,-9.3054,-4.3649,5.1631,-9.2205,-1.9439,-5.0177,-6.9569,-4.5645,-0.86541,11.574
4.881,-4.1483,-9.0946,-2.7401,4.237,-9.8391,-1.5948,-4.296,-6.4577,-4.4812,-0.6818,11.865
2.9961,-6.0915,-8.9745,-0.82638,3.3074,-10.604,-1.1406,-3.5276,-5.8473,-4.3194,-0.39592,12.083
1.0569,-8.3483,-8.9809,1.274,2.4901,-11.525,-0.65452,-2.7366,-5.1784,-4.1125,-0.043079,12.177
-0.68538,-10.687,-9.105,3.3266,1.8934,-12.538,-0.17104,-1.9163,-4.4698,-3.8621,0.36474,12.139
-1.9283,-12.695,-9.3093,4.9736,1.6162,-13.499,0.31894,-1.041,-3.7079,-3.546,0.83797,12.002
-2.3831,-13.887,-9.5466,5.8247,1.7332,-14.211,0.85211,-0.095822,-2.8783,-3.138,1.3909,11.833
-1.8675,-13.872,-9.7789,5.5892,2.2704,-14.481,1.4651,0.90172,-1.9902,-2.6302,2.0219,11.704
-0.38053,-12.491,-9.9778,4.1866,3.1819,-14.177,2.1713,1.9005,-1.0865,-2.0411,2.71,11.679
1.8777,-9.8843,-10.106,1.7864,4.3431,-13.275,2.9524,2.8346,-0.22318,-1.407,3.4268,11.795
4.5426,-6.4515,-10.103,-1.2321,5.5626,-11.871,3.7642,3.6473,0.54804,-0.76833,4.1477,12.052
7.1642,-2.7469,-9.9004,-4.3735,6.6192,-10.157,4.5441,4.3053,1.1946,-0.16342,4.8584,12.423
9.3167,0.65915,-9.4642,-7.1489,7.3253,-8.3772,5.2198,4.7914,1.7057,0.38135,5.5473,12.859
10.712,3.3057,-8.8416,-9.1928,7.5943,-6.7785,5.7195,5.0959,2.0864,0.8464,6.1984,13.299
11.262,4.9191,-8.1748,-10.334,7.4693,-5.5718,5.988,5.2186,2.3491,1.2204,6.7861,13.685
11.074,5.4452,-7.6469,-10.598,7.0905,-4.8957,6.0125,5.1707,2.5095,1.4961,7.275,13.967
10.368,5.0474,-7.3827,-10.166,6.6177,-4.7724,5.8468,4.983,2.5697,1.6645,7.6252,14.121
9.39,4.0603,-7.3631,-9.3094,6.1506,-5.0837,5.6187,4.7059,2.5237,1.7099,7.8018,14.149
8.3539,2.8835,-7.4133,-8.3291,5.7012,-5.5988,5.5056,4.3966,2.3475,1.607,7.7768,14.077
7.4804,1.8473,-7.2974,-7.4964,5.2672,-6.0537,5.6823,4.0999,1.994,1.3198,7.5344,13.929
7.0109,1.1292,-6.8812,-6.9823,4.9319,-6.2478,6.2606,3.8326,1.3976,0.80465,7.0801,13.705
7.0443,0.74948,-6.2007,-6.7786,4.7849,-6.1015,7.2406,3.5882,0.49699,0.025111,6.4441,13.37
7.3777,0.60031,-5.3637,-6.6854,4.7578,-5.654,8.4803,3.3652,-0.72419,-1.0367,5.6988,12.872
7.6126,0.48964,-4.4728,-6.4155,4.6932,-5.0224,9.7243,3.2428,-2.1793,-2.3778,4.9212,12.186
7.3304,0.2188,-3.5959,-5.7168,4.5009,-4.34,10.824,3.4731,-3.57,-3.9288,3.979,11.396
6.1783,-0.3317,-2.6531,-4.4482,4.009,-3.6801,12.036,4.5346,-4.2184,-5.1461,2.844,10.836
3.9735,-1.1453,-1.3827,-2.6408,2.799,-2.9924,13.881,6.7354,-3.1001,-4.4924,3.2617,11.243
0.90989,-2.1499,0.40724,-0.44343,0.91373,-2.0878,16.723,2.0579,-3.4314,-7.2209,12.911,14.044
-1.852,-4.0057,2.7569,1.8585,-0.88226,-0.69981,20.606,-0.7551,-5.2127,-12.896,7.141,10.024
-12.988,-12.033,7.8431,9.0967,-10.374,1.3294,25.244,1.1185,-8.4043,-20.637,-4.0568,1.0572
-30.104,-17.243,26.034,19.646,-26.194,3.3213,30.109,3.6523,-13.131,-30.281,-19.889,-10.695
-50.532,-21.767,47.391,31.562,-46.681,4.5909,34.903,6.0355,-19.766,-42.401,-38.131,-24.211
-71.402,-26.054,65.963,43.334,-68.093,10.158,40.61,7.0539,-28.443,-56.992,-55.415,-36.453
-86.258,-28.852,74.339,51.431,-82.395,16.378,51.557,8.2163,-36.193,-70.376,-65.711,-42.478
-84.51,-27.177,68.735,49.724,-80.605,20.063,72.269,16.215,-32.902,-67.782,-58.829,-35.499
-56.31,-15.648,48.49,30.246,-56.663,19.458,85.521,45.693,4.142,-16.676,-17.206,-7.8508
5.0188,16.08,16.954,-16.236,-8.8712,20.838,80.292,111.13,130.61,132.47,90.384,53.164
103.67,81.83,-22.638,-97.195,62.524,30.333,65.271,209.5,346.95,365.57,264.47,158.01
237.87,176.79,-70.384,-210.24,155.32,51.869,46.908,343.49,629.75,681.65,500.1,301.83
404.01,295.12,-123.05,-352.81,266.26,84.797,27.861,502.3,974.67,1065.9,788.4,481.67
595.79,434.47,-179.11,-518.56,391.36,124.64,5.905,667.25,1347.6,1482.5,1104.0,683.39
799.3,579.04,-239.8,-692.52,524.14,164.82,-21.693,815.95,1701.5,1878.8,1409.8,885.18
994.27,707.26,-306.83,-853.72,655.41,194.35,-53.914,927.18,1983.5,2193.3,1661.1,1059.8
1157.5,796.24,-380.56,-979.2,773.76,201.66,-86.09,985.44,2145.9,2367.0,1814.4,1179.0
1266.9,826.93,-458.12,-1048.8,866.54,178.72,-111.06,982.62,2156.5,2359.4,1837.5,1220.3
1304.9,789.58,-531.96,-1049.6,921.32,124.3,-121.64,917.73,2007.2,2161.4,1719.3,1173.1
1263.2,688.15,-590.14,-979.64,928.17,45.528,-115.79,795.91,1716.1,1801.1,1475.5,1044.0
1146.7,540.7,-619.67,-849.46,882.92,-42.438,-97.822,627.46,1324.6,1338.1,1145.7,854.95
972.55,373.74,-611.84,-680.15,789.89,-121.79,-73.557,427.19,887.55,846.3,784.03,638.05
767.32,213.28,-566.51,-497.65,662.73,-179.24,-47.529,213.89,460.66,394.29,443.76,425.9
560.49,77.498,-493.49,-326.49,522.17,-210.39,-24.301,8.7343,89.122,29.315,163.13,243.85
377.63,-25.746,-410.04,-184.17,390.31,-220.2,-6.1396,-168.22,-198.67,-228.36,-40.586,105.21
234.97,-97.177,-333.97,-78.079,283.62,-218.26,9.3202,-302.9,-393.48,-383.2,-168.9,11.002
136.9,-142.61,-276.35,-6.8611,208.24,-212.69,19.689,-391.3,-503.8,-456.46,-235.89,-46.82
76.29,-168.7,-238.17,36.052,159.88,-207.04,25.626,-439.79,-550.26,-475.77,-260.46,-73.7
39.699,-179.27,-211.76,59.879,127.44,-200.08,31.466,-460.7,-556.91,-465.4,-259.91,-81.443
11.522,-178.05,-185.95,72.955,97.973,-187.3,37.494,-465.86,-543.4,-441.99,-247.38,-79.969
-17.729,-167.76,-151.65,81.511,63.671,-164.32,42.46,-461.99,-520.83,-414.85,-230.21,-74.468
-48.816,-149.72,-104.37,87.874,23.762,-131.12,47.311,-450.36,-492.26,-386.05,-210.92,-67.959
-80.821,-126.25,-47.801,92.494,-20.557,-92.902,56.356,-429.4,-456.91,-353.19,-190.18,-62.018
-110.6,-100.74,9.3206,95.166,-64.766,-54.131,69.429,-397.87,-414.43,-315.78,-169.49,-57.237
-133.31,-78.153,59.793,88.981,-101.43,-18.954,83.999,-357.13,-368.35,-277.35,-151.31,-45.71
-142.87,-59.375,96.442,69.268,-124.87,9.813,98.626,-308.94,-322.58,-242.56,-132.51,-43.66
-131.83,-42.366,116.86,60.235,-134.23,30.544,111.64,-258.44,-281.16,-216.46,-118.99,-43.511
-111.57,-26.456,123.22,51.648,-132.07,43.223,121.31,-211.55,-244.83,-194.77,-109.11,-42.231
-91.801,-12.341,119.69,41.945,-120.77,49.824,126.48,-169.91,-211.18,-172.83,-100.14,-40.132
-73.637,-1.6106,110.14,32.324,-102.38,52.093,126.58,-133.95,-180.03,-150.69,-91.148,-37.608
-57.908,4.1559,97.114,24.394,-80.448,50.531,121.69,-103.17,-152.32,-129.66,-81.548,-34.994
-45.875,4.9546,81.282,19.097,-60.585,43.355,112.22,-78.518,-129.69,-111.8,-71.417,-32.569
-38.079,2.4834,63.045,16.569,-45.43,27.095,98.598,-61.051,-112.68,-97.907,-62.059,-30.562
-34.365,-1.4895,45.835,16.426,-35.402,17.545,82.648,-49.9,-99.845,-87.384,-55.194,-29.121
-34.037,-6.0601,32.899,17.983,-30.722,12.323,68.11,-42.831,-89.323,-79.741,-51.119,-28.279
-35.989,-10.814,25.599,20.443,-29.818,7.5235,56.95,-37.021,-80.835,-74.607,-48.637,-27.951
-38.567,-15.295,22.106,23.112,-30.943,3.2647,48.483,-32.056,-75.224,-71.12,-46.625,-27.966
-40.163,-18.984,21.097,25.474,-32.374,0.05964,41.596,-30.072,-72.381,-67.679,-44.687,-28.148
-40.445,-21.525,21.297,27.195,-32.388,-1.9703,35.695,-31.87,-70.207,-63.774,-42.782,-28.38
-40.015,-22.881,21.135,28.172,-31.047,-3.0306,30.61,-30.489,-67.32,-60.048,-40.992,-28.641
-39.326,-23.322,20.16,28.51,-29.177,-3.5251,26.337,-27.011,-64.331,-56.871,-39.464,-28.981
-38.313,-23.296,18.7,28.397,-27.115,-3.908,22.75,-24.419,-61.694,-54.315,-38.33,-29.465
-36.766,-23.214,16.981,27.998,-25.029,-4.4917,19.558,-22.955,-59.524,-52.352,-37.609,-30.101
-34.933,-23.281,15.254,27.486,-23.157,-5.3108,16.583,-22.353,-57.792,-50.853,-37.168,-30.802
-33.403,-23.473,13.829,27.051,-21.795,-6.182,13.872,-22.281,-56.345,-49.576,-36.758,-31.402
-32.572,-23.664,12.936,26.816,-21.151,-6.8821,11.552,-22.443,-54.956,-48.23,-36.12,-31.72
-32.393,-23.773,12.618,26.777,-21.175,-7.285,9.6668,-22.631,-53.423,-46.579,-35.082,-31.628
-32.432,-23.784,12.685,26.771,-21.512,-7.4114,8.1525,-22.764,-51.649,-44.515,-33.616,-31.088
-32.066,-23.646,12.751,26.512,-21.597,-7.3996,6.8826,-22.863,-49.658,-42.084,-31.85,-30.141
-30.764,-23.252,12.397,25.724,-20.897,-7.4149,5.7344,-22.979,-47.565,-39.444,-29.993,-28.861
-28.355,-22.51,11.375,24.278,-19.204,-7.55,4.6341,-23.139,-45.497,-36.781,-28.225,-27.302
-25.093,-21.412,9.7631,22.262,-16.756,-7.7821,3.5734,-23.322,-43.552,-34.232,-26.636,-25.48
-21.529,-20.048,7.9402,19.954,-14.083,-7.9984,2.5969,-23.481,-41.783,-31.854,-25.225,-23.379
-18.303,-18.574,6.4153,17.716,-11.766,-8.0543,1.7714,-23.565,-40.188,-29.643,-23.95,-20.971
-15.954,-17.153,5.6049,15.873,-10.255,-7.8302,1.1502,-23.524,-38.71,-27.554,-22.758,-18.241
-14.763,-15.905,5.6872,14.621,-9.758,-7.2741,0.74491,-23.314,-37.237,-25.527,-21.596,-15.206
-14.681,-14.896,6.5611,14.002,-10.192,-6.4269,0.51429,-22.898,-35.633,-23.509,-20.413,-11.927
-15.348,-14.158,7.8941,13.913,-11.201,-5.421,0.37254,-22.269,-33.791,-21.481,-19.173,-8.5114
-16.227,-13.691,9.2333,14.125,-12.273,-4.4466,0.21684,-21.457,-31.68,-19.457,-17.868,-5.0994
-16.778,-13.43,10.139,14.312,-12.921,-3.6881,-0.033949,-20.516,-29.356,-17.466,-16.514,-1.8349
-16.562,-13.208,10.3,14.12,-12.814,-3.253,-0.40602,-19.493,-26.92,-15.527,-15.139,1.1817
-15.298,-12.784,9.6029,13.262,-11.824,-3.1246,-0.86111,-18.408,-24.474,-13.629,-13.767,3.9257
-12.961,-11.918,8.1776,11.613,-10.044,-3.1619,-1.3167,-17.251,-22.083,-11.755,-12.404,6.4391
-9.8231,-10.462,6.3834,9.2531,-7.7748,-3.1456,-1.6837,-16.015,-19.791,-9.8977,-11.052,8.788
-6.3832,-8.4067,4.6983,6.4437,-5.4492,-2.85,-1.9038,-14.711,-17.63,-8.0704,-9.714,11.018
-3.2129,-5.8949,3.5709,3.5469,-3.5098,-2.1174,-1.9732,-13.377,-15.626,-6.2945,-8.3994,13.129
-0.79134,-3.1965,3.2932,0.93399,-2.2942,-0.91612,-1.946,-12.072,-13.797,-4.5894,-7.1273,15.066
0.59917,-0.64389,3.9106,-1.0919,-1.9529,0.63344,-1.9173,-10.871,-12.148,-2.9704,-5.923,16.723
0.91971,1.4586,5.1964,-2.3573,-2.4037,2.2857,-1.9885,-9.8527,-10.677,-1.454,-4.8126,17.967
0.37626,2.9303,6.733,-2.8673,-3.3619,3.7544,-2.2363,-9.0801,-9.3735,-0.062309,-3.8166,18.685
-0.62297,3.7775,8.0742,-2.8312,-4.439,4.8171,-2.6969,-8.5869,-8.2264,1.1829,-2.9415,18.851
-1.5433,4.1804,8.8726,-2.6262,-5.2446,5.3744,-3.3714,-8.3642,-7.2148,2.2762,-2.1738,18.555
-1.8602,4.3801,8.9298,-2.6605,-5.4708,5.4259,-4.2391,-8.3555,-6.3036,3.2411,-1.4813,17.969
-1.2503,4.5371,8.2082,-3.1791,-4.9614,5.0087,-5.2701,-8.4683,-5.4434,4.1204,-0.82748,17.266
0.26151,4.6569,6.8305,-4.1404,-3.7559,4.1784,-6.4293,-8.6077,-4.5851,4.9533,-0.19031,16.549
2.2908,4.5826,5.05,-5.2263,-2.0847,3.0064,-7.6774,-8.7147,-3.6994,5.7605,0.42841,15.821
4.2393,4.0277,3.1609,-5.9696,-0.29547,1.5259,-8.971,-8.7813,-2.7852,6.5501,1.0099,14.996
5.5317,2.674,1.3662,-5.942,1.2668,-0.31481,-10.258,-8.8259,-1.8546,7.3366,1.5374,13.963
5.8153,0.30457,-0.29001,-4.9208,2.373,-2.613,-11.469,-8.8483,-0.90461,8.1694,2.0179,12.675
5.0366,-3.0995,-1.8587,-2.9577,2.9561,-5.4098,-12.523,-8.796,0.1068,9.1687,2.4945,11.185
3.3994,-7.3286,-3.3625,-0.33193,3.0664,-8.5668,-13.358,-8.5683,1.2678,10.562,3.0469,9.6275
1.2573,-11.948,-4.698,2.5676,2.7869,-11.68,-13.957,-8.0527,2.7042,12.691,3.7826,8.1653
-1.0227,-16.301,-5.595,5.3566,2.1706,-14.144,-14.327,-7.1666,4.5563,15.929,4.8264,6.9514
-3.1625,-19.541,-5.6961,7.6843,1.2279,-15.337,-14.443,-5.8766,6.9386,20.447,6.3031,6.1026
-4.9655,-20.786,-4.725,9.1756,-0.034466,-14.816,-14.228,-4.1918,9.8944,26.032,8.3059,5.6868
-6.2374,-19.469,-2.6032,9.4434,-1.5551,-12.451,-13.59,-2.1519,13.387,32.218,10.864,5.7179
-6.768,-15.584,0.51017,8.2514,-3.1821,-8.4839,-12.488,0.18321,17.352,38.594,13.932,6.1555
-6.405,-9.684,4.2191,5.6583,-4.6779,-3.4525,-10.975,2.7405,21.75,44.901,17.406,6.9099
-5.1308,-2.6849,7.946,2.0033,-5.7744,1.9521,-9.1928,5.429,26.544,50.98,21.138,7.8583
-3.0653,4.3859,11.069,-2.2227,-6.2558,7.0255,-7.3342,8.1359,31.64,56.732,24.932,8.8756
-0.4275,10.631,13.115,-6.5085,-6.0291,11.225,-5.6156,10.734,36.851,62.125,28.578,9.8649
2.4843,15.435,13.919,-10.391,-5.1593,14.315,-4.2762,13.096,41.944,67.172,31.923,10.767
5.3179,18.53,13.63,-13.486,-3.8497,16.35,-3.5632,15.102,46.736,71.893,34.913,11.546
7.7338,19.924,12.58,-15.534,-2.362,17.349,-3.6468,16.65,51.147,76.293,37.59,12.174
9.4863,19.848,11.114,-16.442,-0.89777,17.136,-4.5451,17.68,55.198,80.396,40.071,12.633
10.482,18.735,9.4417,-16.298,0.48927,15.793,-6.1758,18.199,59.004,84.286,42.529,12.918
10.813,17.018,7.568,-15.353,1.8816,13.63,-8.4502,18.28,62.748,88.089,45.163,13.05
10.762,14.948,5.3531,-13.983,3.4235,10.917,-11.296,18.038,66.594,91.865,48.136,13.071
10.783,12.648,2.5658,-12.625,5.2958,7.824,-14.649,17.576,70.567,95.564,51.499,13.026
11.432,10.221,-1.1216,-11.692,7.7352,4.3851,-18.459,16.96,74.54,99.123,55.159,12.941
13.254,7.7729,-5.8444,-11.453,11.03,0.5747,-22.697,16.206,78.355,102.59,58.946,12.838
16.61,5.3917,-11.367,-11.949,15.477,-3.54,-27.355,15.307,81.906,106.12,62.74,12.751
21.551,3.1613,-17.311,-13.032,21.284,-7.7253,-32.398,14.271,85.186,109.85,66.548,12.745
27.822,1.2121,-23.379,-14.529,28.326,-11.608,-37.712,13.165,88.321,113.88,70.477,12.913
34.814,-0.25777,-29.245,-16.363,35.82,-14.766,-43.064,12.112,91.537,118.28,74.656,13.353
41.496,-1.022,-34.391,-18.476,42.493,-16.852,-48.158,11.255,95.031,123.13,79.17,14.153
46.96,-0.88362,-38.308,-20.744,47.502,-17.703,-52.747,10.704,98.9,128.47,84.037,15.359
51.12,0.27511,-40.929,-23.094,50.96,-17.365,-56.735,10.5,103.13,134.33,89.219,16.961
54.624,2.4517,-42.737,-25.658,53.594,-16.072,-60.18,10.611,107.63,140.67,94.648,18.92
58.361,5.5072,-44.416,-28.756,56.201,-14.18,-63.204,10.959,112.32,147.4,100.27,21.216
63.054,9.188,-46.323,-32.769,59.27,-12.058,-65.911,11.445,117.14,154.44,106.09,23.91
68.985,13.185,-48.384,-38.013,62.788,-9.9929,-68.385,11.974,122.09,161.74,112.13,27.163
75.888,17.212,-50.431,-44.603,66.413,-8.156,-70.722,12.47,127.2,169.27,118.44,31.219
83.094,21.089,-52.299,-52.244,69.829,-6.6378,-73.035,12.885,132.53,176.93,125.01,36.319
89.864,24.805,-53.768,-60.057,72.857,-5.4767,-75.425,13.2,138.07,184.58,131.77,42.459
95.722,28.499,-54.688,-66.956,75.416,-4.6631,-77.958,13.408,143.76,192.06,138.58,49.167
100.59,32.338,-55.102,-72.488,77.542,-4.1409,-80.659,13.503,149.45,199.27,145.29,55.763
104.77,36.387,-55.243,-77.037,79.386,-3.8244,-83.517,13.467,154.89,206.24,151.84,61.926
108.83,40.644,-55.416,-81.314,81.194,-3.6127,-86.476,13.271,159.81,213.01,158.2,67.748
113.42,45.153,-55.846,-85.894,83.277,-3.3899,-89.448,12.896,163.96,219.55,164.35,73.416
118.99,49.999,-56.62,-91.027,85.907,-3.0229,-92.325,12.341,167.19,225.73,170.26,79.014
125.51,55.201,-57.679,-96.62,89.166,-2.382,-95.004,11.632,169.47,231.35,175.89,84.522
132.47,60.629,-58.795,-102.35,92.811,-1.3793,-97.391,10.816,170.85,236.22,181.16,89.864
139.12,66.023,-59.6,-107.8,96.344,0.0019332,-99.397,9.9592,171.39,240.18,186.01,94.956
144.82,71.081,-59.746,-112.61,99.239,1.7049,-100.94,9.1249,171.15,243.08,190.33,99.718
149.19,75.535,-59.045,-116.54,101.14,3.6156,-101.92,8.3559,170.14,244.76,193.94,104.08
152.01,79.198,-57.473,-119.45,101.91,5.5917,-102.28,7.6657,168.33,245.03,196.66,108.0
153.16,81.994,-55.097,-121.27,101.54,7.5039,-101.96,7.0502,165.7,243.79,198.29,111.48
152.5,83.952,-52.006,-121.95,100.04,9.276,-100.92,6.5101,162.22,241.04,198.7,114.55
149.96,85.19,-48.282,-121.46,97.414,10.901,-99.172,6.0653,157.95,236.92,197.79,117.2
145.68,85.842,-43.995,-119.8,93.743,12.417,-96.754,5.7486,153.01,231.62,195.58,119.29
140.1,85.992,-39.231,-117.1,89.273,13.862,-93.739,5.5837,147.55,225.28,192.09,120.41
133.86,85.661,-34.1,-113.67,84.377,15.231,-90.195,5.567,141.68,217.98,187.37,120.11
127.49,84.82,-28.708,-109.85,79.36,16.473,-86.148,5.6645,135.46,209.76,181.52,118.19
121.11,83.416,-23.179,-105.81,74.292,17.512,-81.601,5.823,128.89,200.69,174.66,114.92
114.5,81.36,-17.727,-101.47,69.044,18.281,-76.567,5.9895,121.95,190.86,166.88,110.69
107.33,78.562,-12.699,-96.666,63.439,18.756,-71.086,6.127,114.66,180.48,158.35,105.83
99.479,74.97,-8.4475,-91.275,57.352,18.95,-65.207,6.2225,107.12,169.73,149.27,100.5
91.044,70.61,-5.1258,-85.262,50.7,18.89,-58.96,6.2849,99.532,158.81,139.94,94.725
82.321,65.648,-2.6525,-78.748,43.433,18.589,-52.342,6.3383,92.091,147.87,130.67,88.51
73.642,60.371,-0.85844,-72.029,35.749,18.03,-45.344,6.4162,84.898,137.07,121.68,81.845
65.268,55.021,0.38247,-65.426,28.35,17.189,-38.049,6.5567,77.869,126.57,113.03,74.818
57.326,49.625,1.1378,-59.032,22.114,16.059,-30.747,6.7921,70.8,116.43,104.68,67.635
49.74,44.051,1.4674,-52.619,17.422,14.651,-23.932,7.1296,63.492,106.62,96.546,60.526
42.317,38.218,1.4681,-45.872,14.076,12.996,-18.067,7.5315,55.88,97.077,88.548,53.607
35.011,32.227,1.2914,-38.755,11.629,11.159,-13.302,7.9212,48.163,87.772,80.652,46.813
28.031,26.359,1.1418,-31.656,9.6214,9.2802,-9.4683,8.225,40.838,78.749,72.891,39.99
21.667,20.987,1.2594,-25.127,7.6871,7.5839,-6.2795,8.4248,34.453,70.106,65.361,33.125
16.091,16.479,1.8686,-19.555,5.6214,6.3464,-3.4944,8.5748,29.253,61.932,58.157,26.556
11.387,13.125,3.0968,-15.134,3.4006,5.8088,-0.96144,8.7665,25.152,54.216,51.265,20.808
7.643,11.093,4.9096,-11.958,1.1484,6.092,1.4008,9.0733,21.926,46.807,44.542,16.139
4.9412,10.356,7.1069,-10.026,-0.93383,7.1429,3.6218,9.5069,19.358,39.539,37.862,12.425
3.2969,10.634,9.3797,-9.1759,-2.6458,8.7162,5.6835,9.9987,17.263,32.506,31.443,9.4014
2.589,11.431,11.395,-9.0758,-3.8555,10.418,7.5341,10.414,15.487,26.21,25.907,6.8308
2.542,12.177,12.879,-9.2859,-4.5417,11.817,9.114,10.598,13.903,21.197,21.723,4.5369
2.7725,12.392,13.674,-9.3647,-4.7999,12.567,10.383,10.433,12.417,17.517,18.756,2.3891
2.8827,11.791,13.767,-8.9768,-4.8089,12.48,11.334,9.8789,10.977,14.792,16.556,0.29055
2.5518,10.284,13.268,-7.9473,-4.7744,11.542,11.992,8.9801,9.5663,12.62,14.753,-1.8245
1.5878,7.9266,12.378,-6.2558,-4.8813,9.8863,12.406,7.8359,8.194,10.759,13.154,-3.9856
-0.056823,4.8935,11.357,-3.9958,-5.2607,7.7295,12.636,6.5601,6.8728,9.0985,11.681,-6.1844
-2.3067,1.4337,10.475,-1.3194,-5.9745,5.3198,12.745,5.2474,5.6056,7.587,10.3,-8.3828
-5.0088,-2.179,9.933,1.6076,-7.0234,2.9028,12.793,3.9558,4.3766,6.1867,8.9774,-10.53
-7.9406,-5.691,9.7944,4.6052,-8.3362,0.68928,12.824,2.7055,3.1532,4.8543,7.6675,-12.578
-10.789,-8.8858,9.9587,7.4512,-9.7411,-1.1881,12.859,1.4863,1.9005,3.547,6.3262,-14.496
-13.18,-11.592,10.195,9.89,-10.974,-2.7131,12.89,0.27844,0.60027,2.2405,4.9365,-16.272
-14.777,-13.707,10.213,11.693,-11.738,-3.9798,12.889,-0.91909,-0.73926,0.93728,3.5192,-17.904
-15.375,-15.206,9.7565,12.723,-11.795,-5.1271,12.837,-2.0716,-2.0896,-0.34335,2.1178,-19.388
-14.943,-16.127,8.6998,12.971,-11.064,-6.2525,12.743,-3.1162,-3.4079,-1.575,0.77711,-20.699
-13.649,-16.552,7.1217,12.553,-9.6694,-7.366,12.647,-3.9824,-4.6372,-2.7209,-0.46292,-21.785
-11.858,-16.606,5.2986,11.699,-7.9283,-8.4081,12.61,-4.6057,-5.7117,-3.7318,-1.5651,-22.586
-10.066,-16.454,3.6052,10.719,-6.2602,-9.2953,12.691,-4.9329,-6.5761,-4.5598,-2.4989,-23.041
-8.7497,-16.267,2.3745,9.9296,-5.0548,-9.9577,12.919,-4.9315,-7.2067,-5.1794,-3.2496,-23.105
-8.185,-16.166,1.7841,9.5361,-4.5365,-10.363,13.28,-4.6013,-7.6173,-5.5996,-3.8238,-22.76
-8.3278,-16.167,1.8082,9.5382,-4.6783,-10.525,13.727,-3.9783,-7.8467,-5.8556,-4.2444,-22.012
-8.8349,-16.177,2.2373,9.7327,-5.2099,-10.49,14.209,-3.1304,-7.939,-5.9901,-4.5385,-20.896
-9.2111,-16.041,2.7528,9.8081,-5.7257,-10.323,14.694,-2.1517,-7.9342,-6.0373,-4.7277,-19.475
-9.0152,-15.627,3.0414,9.4847,-5.8508,-10.096,15.178,-1.1532,-7.8688,-6.0188,-4.8276,-17.832
-8.0451,-14.902,2.9139,8.6437,-5.3889,-9.8763,15.681,-0.23849,-7.7761,-5.9469,-4.8512,-16.063
-6.4259,-13.959,2.3804,7.3992,-4.3913,-9.703,16.231,0.53235,-7.6783,-5.8272,-4.8097,-14.25
-4.5774,-13.002,1.6462,6.0719,-3.1374,-9.572,16.85,1.1695,-7.5737,-5.6582,-4.7085,-12.451
-3.0779,-12.26,1.0329,5.0638,-2.0504,-9.4346,17.541,1.7529,-7.4287,-5.4279,-4.5407,-10.686
-2.4549,-11.897,0.86061,4.6887,-1.5563,-9.2177,18.282,2.4023,-7.1832,-5.1138,-4.2863,-8.9516
-2.9931,-11.955,1.3397,5.0618,-1.9338,-8.8557,19.037,3.2311,-6.7736,-4.6945,-3.9219,-7.2347
-4.6644,-12.385,2.5119,6.1165,-3.2279,-8.3205,19.777,4.3049,-6.1613,-4.1678,-3.4405,-5.5431
-7.2007,-13.119,4.252,7.7062,-5.2499,-7.6337,20.502,5.62,-5.3546,-3.5663,-2.8711,-3.9292
-10.244,-14.117,6.3241,9.687,-7.6707,-6.8539,21.248,7.1021,-4.4126,-2.9592,-2.2842,-2.4966
-13.44,-15.338,8.4706,11.902,-10.148,-6.0433,22.076,8.6149,-3.437,-2.4446,-1.7844,-1.3811
-16.401,-16.627,10.488,14.081,-12.394,-5.2328,23.036,9.9961,-2.5605,-2.1352,-1.4902,-0.71338
-18.694,-17.634,12.241,15.793,-14.189,-4.3973,24.13,11.176,-1.9286,-2.1254,-1.4951,-0.5686
-20.018,-17.911,13.617,16.602,-15.429,-3.4497,25.287,12.298,-1.6277,-2.4199,-1.8011,-0.91314
-20.371,-17.112,14.37,16.313,-16.141,-2.2549,26.439,13.641,-1.5587,-2.8645,-2.2587,-1.5697
-19.915,-15.111,14.076,15.0,-16.301,-0.66501,27.734,15.489,-1.3584,-3.1287,-2.5686,-2.2071
-18.732,-11.982,12.815,12.845,-15.854,1.4399,29.603,18.165,-0.37128,-2.7231,-2.3223,-2.3225
-16.744,-7.8714,11.653,9.978,-15.208,4.124,32.58,21.793,2.5413,-0.84361,-0.71567,-1.1844
-13.686,-2.892,11.884,6.3993,-14.459,7.3875,37.224,20.054,3.6133,-2.0759,2.043,2.0391
-7.4711,1.8988,14.124,2.0126,-11.513,11.257,43.978,28.025,4.7404,-4.2709,-1.3273,-2.5043
-7.7519,-1.1136,19.012,4.8557,-12.203,16.931,52.699,41.467,4.626,-9.5182,-8.8893,-8.7643
-21.034,-1.5044,31.804,11.725,-26.823,27.059,62.399,54.351,0.7067,-18.839,-20.854,-16.969
-38.313,-4.2902,52.128,21.899,-45.434,34.823,71.785,62.9,-6.6856,-31.561,-34.683,-27.217
-56.949,-8.8991,71.534,33.611,-65.995,37.74,80.35,60.94,-15.391,-45.785,-48.365,-37.929
-73.012,-13.031,86.147,43.479,-83.467,37.869,89.545,53.761,-24.628,-57.289,-57.624,-45.489
-79.22,-12.336,91.948,45.991,-88.754,40.534,100.55,52.822,-25.546,-54.615,-53.903,-43.143
-62.64,0.7582,86.559,31.919,-74.742,45.379,104.85,72.949,7.9228,-4.4316,-17.416,-21.101
-9.4356,36.955,68.974,-11.939,-36.082,53.131,98.282,127.2,138.65,150.66,90.687,37.146
88.607,103.34,37.523,-95.224,31.035,67.759,85.578,226.36,367.93,389.69,265.94,146.09
227.47,197.34,-4.7125,-209.89,123.45,91.025,69.946,372.89,673.66,714.97,501.78,291.63
398.39,316.8,-53.609,-351.77,235.28,125.17,53.156,555.06,1046.8,1109.1,790.23,472.53
593.54,455.5,-110.7,-515.49,359.58,169.5,33.37,750.12,1447.8,1532.7,1105.8,675.07
797.07,600.84,-170.38,-687.07,487.57,215.1,7.3087,927.52,1822.3,1930.2,1411.2,877.18
987.88,732.82,-229.51,-847.19,609.61,250.23,-25.278,1056.4,2110.5,2238.3,1662.0,1051.6
1142.5,827.59,-292.28,-973.52,715.96,264.05,-60.864,1113.5,2260.0,2399.4,1814.9,1170.5
1240.0,866.09,-356.68,-1045.5,796.54,249.69,-92.792,1088.1,2238.3,2375.4,1837.9,1211.7
1266.6,840.74,-414.73,-1050.0,840.45,207.67,-111.97,983.02,2040.9,2159.5,1719.8,1165.4
1217.4,756.39,-454.6,-984.48,838.06,146.4,-110.91,811.77,1693.4,1781.1,1476.1,1037.9
1096.5,627.54,-464.28,-858.86,784.7,79.197,-92.299,594.55,1246.4,1300.2,1146.2,850.67
919.28,475.09,-436.93,-693.39,683.99,19.777,-67.159,354.89,763.3,792.3,783.01,635.13
710.93,322.0,-375.34,-513.63,549.37,-22.474,-41.633,116.84,306.07,328.59,439.22,424.04
500.99,186.88,-292.53,-343.5,401.82,-46.841,-17.273,-97.825,-77.103,-40.664,155.08,242.99
315.66,78.912,-207.12,-200.01,263.86,-57.938,2.658,-273.18,-359.52,-294.81,-49.381,105.28
170.96,-0.65162,-135.47,-91.056,152.23,-63.031,16.67,-402.2,-538.09,-440.12,-174.7,11.693
69.406,-51.688,-84.922,-15.714,72.934,-66.742,24.724,-487.32,-629.2,-499.56,-235.72,-46.588
3.4949,-80.634,-51.956,27.557,21.228,-68.486,27.426,-537.22,-657.66,-502.02,-252.44,-72.526
-39.099,-91.64,-25.668,49.582,-14.107,-63.544,30.075,-561.46,-646.66,-474.39,-243.24,-79.189
-70.15,-87.598,5.1598,58.885,-44.579,-46.615,34.929,-565.97,-613.92,-434.96,-222.94,-77.513
-97.098,-71.178,45.913,61.158,-77.417,-16.351,40.093,-552.28,-569.44,-392.53,-199.72,-71.914
-122.37,-49.833,94.406,60.962,-113.9,15.589,43.113,-522.96,-519.15,-351.21,-177.18,-64.96
-145.66,-32.522,141.24,61.716,-149.56,48.569,44.858,-482.78,-466.76,-313.95,-157.95,-58.497
-164.9,-17.366,176.37,65.199,-176.15,74.633,45.997,-434.81,-413.12,-280.25,-143.27,-53.526
-174.49,-10.922,195.83,68.759,-184.92,88.791,46.323,-382.18,-359.19,-246.35,-131.21,-41.547
-168.72,-10.375,200.98,56.259,-179.6,88.663,45.651,-328.64,-306.92,-212.88,-117.49,-40.61
-156.16,-10.302,193.73,54.214,-172.14,77.548,43.892,-279.55,-265.62,-190.22,-109.1,-40.921
-142.91,-11.263,176.95,54.318,-160.82,63.713,41.097,-236.98,-233.59,-171.23,-102.25,-40.003
-129.95,-13.0,154.38,53.137,-144.34,49.675,37.597,-199.51,-205.39,-153.24,-94.363,-38.233
-114.82,-14.491,128.37,50.152,-124.36,36.334,33.925,-166.43,-178.18,-135.46,-84.218,-35.948
-97.407,-14.858,100.02,45.362,-102.45,27.187,30.589,-136.27,-153.56,-118.66,-72.97,-33.446
-79.635,-13.847,73.708,39.227,-80.643,21.505,27.922,-107.32,-133.66,-103.22,-62.905,-31.0
-63.824,-11.745,55.343,32.565,-62.129,17.676,25.973,-81.831,-117.38,-90.176,-55.284,-28.812
-51.353,-9.1706,45.415,26.305,-48.942,15.61,24.434,-63.809,-102.55,-80.367,-50.027,-27.003
-42.552,-6.8405,40.734,21.232,-40.613,14.799,22.835,-53.624,-89.423,-73.473,-46.324,-25.625
-37.409,-5.3032,38.73,17.833,-35.805,14.642,20.862,-46.641,-79.461,-68.627,-43.49,-24.688
-35.64,-4.7969,37.359,16.213,-33.63,14.631,18.433,-40.29,-73.211,-64.724,-41.129,-24.171
-36.278,-5.2908,35.504,16.099,-33.697,14.196,15.63,-36.153,-69.983,-61.056,-39.017,-24.043
-37.698,-6.5824,33.874,16.94,-35.27,13.09,12.644,-35.392,-68.188,-57.531,-37.027,-24.261
-38.363,-8.3485,32.345,18.084,-36.231,11.465,9.6657,-37.41,-66.314,-54.25,-35.13,-24.772
-37.761,-10.193,30.087,18.986,-34.992,9.5702,6.8103,-38.076,-64.089,-51.253,-33.383,-25.521
-36.416,-11.784,27.79,19.414,-32.676,7.5938,4.1103,-36.237,-61.824,-48.54,-31.904,-26.473
-35.121,-13.031,25.842,19.525,-30.495,5.6471,1.5381,-33.945,-59.728,-46.159,-30.822,-27.635
-34.349,-14.142,24.265,19.722,-28.85,3.7869,-0.97897,-32.106,-57.91,-44.213,-30.244,-29.056
-34.185,-15.486,22.998,20.365,-27.77,2.001,-3.52,-30.91,-56.448,-42.794,-30.211,-30.803
-34.56,-17.35,21.955,21.578,-27.175,0.19763,-6.1155,-30.314,-55.369,-41.907,-30.671,-32.895
-35.389,-19.827,21.038,23.308,-27.001,-1.7457,-8.7271,-30.192,-54.635,-41.462,-31.493,-35.253
-36.605,-22.855,20.132,25.487,-27.157,-3.9013,-11.286,-30.404,-54.166,-41.312,-32.502,-37.717
-38.162,-26.257,19.125,28.062,-27.433,-6.2345,-13.745,-30.832,-53.874,-41.31,-33.532,-40.101
-39.868,-29.716,17.963,30.873,-27.541,-8.5992,-16.097,-31.392,-53.7,-41.339,-34.46,-42.25
-41.272,-32.758,16.66,33.513,-27.272,-10.785,-18.364,-32.021,-53.605,-41.326,-35.212,-44.038
-41.782,-34.823,15.239,35.327,-26.497,-12.585,-20.548,-32.657,-53.541,-41.216,-35.746,-45.373
-40.85,-35.445,13.71,35.615,-25.071,-13.842,-22.583,-33.223,-53.411,-40.941,-36.032,-46.19
-38.149,-34.446,12.097,33.957,-22.888,-14.493,-24.276,-33.625,-53.073,-40.404,-36.037,-46.447
-33.75,-32.022,10.429,30.435,-19.996,-14.598,-25.343,-33.79,-52.363,-39.494,-35.726,-46.126
-28.134,-28.671,8.6699,25.607,-16.59,-14.331,-25.548,-33.688,-51.151,-38.123,-35.075,-45.238
-22.003,-25.039,6.6945,20.302,-12.908,-13.939,-24.874,-33.35,-49.392,-36.267,-34.088,-43.81
-16.115,-21.733,4.3965,15.362,-9.1654,-13.667,-23.57,-32.852,-47.136,-33.978,-32.809,-41.882
-11.223,-19.195,1.8655,11.439,-5.6656,-13.673,-22.022,-32.27,-44.506,-31.368,-31.289,-39.466
-7.918,-17.651,-0.52731,8.9135,-2.8764,-13.946,-20.504,-31.644,-41.628,-28.566,-29.567,-36.526
-6.4409,-17.124,-2.1979,7.9099,-1.2824,-14.296,-19.045,-30.947,-38.596,-25.676,-27.657,-32.982
-6.6529,-17.458,-2.5754,8.2815,-1.1586,-14.429,-17.53,-30.102,-35.464,-22.779,-25.571,-28.765
-8.1923,-18.306,-1.3839,9.6293,-2.5166,-14.074,-15.859,-29.036,-32.275,-19.939,-23.351,-23.903
-10.7,-19.24,1.2348,11.478,-5.1275,-13.11,-14.001,-27.738,-29.101,-17.226,-21.086,-18.586
-13.849,-19.971,4.7863,13.482,-8.5136,-11.635,-11.976,-26.294,-26.056,-14.712,-18.895,-13.125
-17.245,-20.468,8.5583,15.451,-12.033,-9.9692,-9.8545,-24.873,-23.268,-12.461,-16.894,-7.848
-20.446,-20.879,11.783,17.266,-15.044,-8.5532,-7.772,-23.674,-20.833,-10.509,-15.162,-3.0069
-23.09,-21.399,13.85,18.82,-17.076,-7.7897,-5.9005,-22.856,-18.774,-8.8558,-13.725,1.2571
-24.937,-22.163,14.48,20.039,-17.949,-7.9,-4.3948,-22.475,-17.048,-7.4674,-12.545,4.9022
-25.823,-23.207,13.75,20.903,-17.759,-8.8713,-3.3465,-22.465,-15.562,-6.2806,-11.541,7.9571
-25.764,-24.472,11.992,21.45,-16.781,-10.499,-2.7695,-22.661,-14.206,-5.2208,-10.608,10.486
-25.036,-25.836,9.6768,21.749,-15.369,-12.486,-2.6092,-22.877,-12.885,-4.2234,-9.6571,12.561
-23.978,-27.147,7.2736,21.846,-13.836,-14.544,-2.7537,-22.986,-11.555,-3.2512,-8.6471,14.246
-22.777,-28.265,5.0742,21.744,-12.345,-16.473,-3.0521,-22.966,-10.225,-2.2977,-7.5987,15.593
-21.445,-29.123,3.0931,21.447,-10.897,-18.21,-3.3639,-22.9,-8.9495,-1.3726,-6.57,16.635
-19.928,-29.777,1.1379,21.016,-9.3844,-19.828,-3.622,-22.909,-7.7781,-0.48151,-5.6162,17.405
-18.197,-30.399,-1.0124,20.562,-7.6698,-21.477,-3.855,-23.083,-6.7269,0.39192,-4.7561,17.932
-16.292,-31.153,-3.4591,20.162,-5.708,-23.258,-4.147,-23.434,-5.7613,1.3028,-3.9584,18.253
-14.294,-32.022,-6.1449,19.771,-3.5922,-25.129,-4.5654,-23.869,-4.7966,2.3583,-3.1443,18.415
-12.228,-32.75,-8.9262,19.196,-1.4379,-26.9,-5.1158,-24.215,-3.7109,3.7159,-2.2061,18.491
-10.013,-32.933,-11.668,18.155,0.71108,-28.298,-5.7455,-24.261,-2.3729,5.5578,-1.0347,18.565
-7.5073,-32.179,-14.272,16.373,2.8767,-29.061,-6.3756,-23.829,-0.67015,8.0626,0.45549,18.714
-4.6009,-30.237,-16.651,13.696,5.1,-29.024,-6.9351,-22.831,1.4743,11.409,2.3205,18.985
-1.2876,-27.082,-18.753,10.158,7.4005,-28.191,-7.3845,-21.303,4.1079,15.816,4.5999,19.394
2.3264,-22.955,-20.63,5.9881,9.7768,-26.736,-7.7254,-19.38,7.2736,21.541,7.3431,19.925
6.0642,-18.317,-22.488,1.5591,12.259,-24.955,-8.0012,-17.235,11.04,28.726,10.639,20.536
9.7436,-13.736,-24.593,-2.7075,14.963,-23.172,-8.2906,-15.018,15.518,37.094,14.619,21.179
13.22,-9.736,-27.107,-6.4338,18.065,-21.655,-8.7043,-12.826,20.836,45.918,19.406,21.825
16.392,-6.6857,-29.964,-9.3568,21.679,-20.57,-9.3741,-10.712,27.079,54.544,24.996,22.488
19.18,-4.7346,-32.927,-11.371,25.69,-19.977,-10.429,-8.7184,34.206,62.8,31.216,23.242
21.551,-3.798,-35.744,-12.543,29.785,-19.845,-11.954,-6.8817,42.003,70.844,37.8,24.204
23.637,-3.5985,-38.263,-13.11,33.749,-20.062,-13.969,-5.2173,50.138,78.876,44.52,25.519
25.861,-3.7616,-40.469,-13.426,37.691,-20.458,-16.418,-3.7118,58.323,87.006,51.209,27.353
28.92,-3.9493,-42.458,-13.872,41.916,-20.857,-19.178,-2.3402,66.432,95.222,57.777,29.885
33.59,-3.9698,-44.387,-14.793,46.533,-21.142,-22.091,-1.0812,74.438,103.41,64.262,33.286
40.269,-3.788,-46.391,-16.535,51.219,-21.277,-25.02,0.082869,82.273,111.46,70.827,37.596
48.343,-3.4279,-48.516,-19.538,55.503,-21.286,-27.919,1.1699,89.821,119.39,77.645,42.6
56.312,-2.839,-50.715,-24.221,59.23,-21.192,-30.846,2.2048,97.029,127.48,84.774,47.886
63.232,-1.8045,-52.882,-30.4,62.579,-20.957,-33.919,3.2207,103.98,136.01,92.13,53.151
69.385,0.05385,-54.894,-37.13,65.805,-20.476,-37.22,4.2526,110.83,145.15,99.593,58.367
75.523,3.1913,-56.654,-43.835,69.096,-19.611,-40.7,5.3348,117.76,154.78,107.12,63.674
82.23,8.0247,-58.126,-50.802,72.574,-18.233,-44.159,6.5019,124.92,164.67,114.74,69.195
89.777,14.817,-59.351,-58.526,76.326,-16.278,-47.345,7.7834,132.36,174.56,122.54,74.961
98.17,23.57,-60.431,-67.231,80.42,-13.783,-50.091,9.1921,140.09,184.25,130.58,80.913
107.26,33.906,-61.494,-76.814,84.883,-10.886,-52.409,10.712,148.01,193.64,138.83,86.946
116.82,45.031,-62.626,-86.945,89.665,-7.7946,-54.459,12.291,155.97,202.76,147.23,92.949
126.6,55.952,-63.833,-97.192,94.63,-4.7377,-56.452,13.84,163.79,211.73,155.68,98.826
136.27,65.857,-65.035,-107.09,99.564,-1.9113,-58.552,15.247,171.3,220.64,164.09,104.51
145.32,74.316,-66.098,-116.13,104.17,0.56115,-60.811,16.395,178.38,229.46,172.42,109.98
153.12,81.218,-66.905,-123.88,108.1,2.6447,-63.175,17.2,184.98,238.11,180.66,115.3
159.19,86.666,-67.412,-130.09,111.14,4.3719,-65.55,17.628,191.02,246.44,188.76,120.5
163.55,90.914,-67.665,-134.78,113.4,5.7963,-67.864,17.698,196.4,254.23,196.63,125.58
166.83,94.278,-67.764,-138.27,115.24,6.95,-70.092,17.461,200.92,261.26,204.06,130.41
169.97,96.974,-67.783,-140.92,117.15,7.8341,-72.237,16.981,204.31,267.24,210.77,134.82
173.33,99.019,-67.743,-142.86,119.36,8.4494,-74.319,16.313,206.28,271.88,216.42,138.66
176.29,100.32,-67.64,-143.93,121.62,8.8327,-76.368,15.496,206.56,274.91,220.66,141.84
177.97,100.86,-67.423,-144.0,123.32,9.0655,-78.412,14.537,205.07,276.04,223.26,144.35
177.79,100.67,-66.944,-143.04,123.85,9.2535,-80.442,13.425,201.97,275.11,224.08,146.21
175.47,99.769,-65.982,-141.08,122.8,9.4946,-82.389,12.144,197.56,272.11,223.19,147.39
171.05,98.201,-64.342,-138.13,119.97,9.8534,-84.119,10.706,192.15,267.22,220.74,147.85
165.01,96.073,-61.927,-134.38,115.5,10.347,-85.474,9.1722,185.99,260.75,217.0,147.5
158.14,93.566,-58.762,-130.11,109.84,10.941,-86.335,7.6518,179.25,253.01,212.22,146.26
151.33,90.893,-54.995,-125.6,103.72,11.552,-86.666,6.2696,171.98,244.31,206.62,144.14
145.16,88.219,-50.866,-121.04,97.941,12.067,-86.466,5.1253,164.24,234.86,200.33,141.24
139.7,85.597,-46.636,-116.49,92.977,12.372,-85.665,4.2706,156.05,224.79,193.39,137.72
134.6,82.972,-42.459,-111.95,88.799,12.399,-84.0,3.7114,147.5,214.22,185.82,133.73
129.28,80.245,-38.274,-107.39,84.926,12.153,-81.077,3.4231,138.74,203.25,177.64,129.37
123.31,77.342,-33.834,-102.81,80.75,11.727,-76.654,3.3691,129.96,192.04,168.89,124.66
116.61,74.238,-28.876,-98.254,75.889,11.282,-70.845,3.5131,121.37,180.72,159.69,119.62
109.34,70.957,-23.402,-93.734,70.309,11.015,-64.015,3.8277,113.08,169.41,150.18,114.25
101.75,67.57,-17.875,-89.19,64.145,11.106,-56.567,4.2937,105.13,158.12,140.52,108.54
93.939,64.192,-12.868,-84.485,57.483,11.667,-48.782,4.8917,97.434,146.82,130.89,102.54
85.992,60.962,-8.519,-79.528,50.389,12.721,-40.758,5.5932,89.896,135.51,121.43,96.266
78.221,57.989,-4.6712,-74.427,43.2,14.188,-32.499,6.361,82.372,124.24,112.22,89.754
71.022,55.273,-1.251,-69.394,36.407,15.881,-24.081,7.1516,74.675,113.11,103.23,82.999
64.442,52.675,1.6542,-64.476,30.203,17.534,-15.866,7.9125,66.64,102.15,94.368,75.987
58.15,49.986,3.8684,-59.494,24.51,18.864,-8.5128,8.5762,58.26,91.398,85.575,68.741
51.792,47.064,5.2105,-54.269,19.366,19.625,-2.6271,9.063,49.809,80.967,76.847,61.332
45.355,43.916,5.593,-48.898,15.168,19.644,1.594,9.2967,41.782,71.029,68.257,53.842
39.289,40.62,5.0959,-43.77,12.407,18.855,4.3789,9.226,34.645,61.702,59.914,46.391
34.183,37.189,3.9567,-39.239,11.107,17.29,6.167,8.8378,28.597,52.956,51.894,39.262
30.211,33.508,2.4976,-35.293,10.753,15.061,7.4043,8.1629,23.557,44.674,44.241,32.857
26.982,29.405,1.0501,-31.582,10.683,12.344,8.4279,7.2745,19.317,36.812,37.033,27.398
23.895,24.789,-0.097346,-27.704,10.375,9.3676,9.4269,6.2811,15.682,29.484,30.391,22.82
20.494,19.741,-0.73466,-23.44,9.5127,6.3934,10.468,5.3037,12.527,22.879,24.443,18.931
16.601,14.485,-0.76508,-18.818,7.991,3.6618,11.554,4.4408,9.7959,17.196,19.319,15.588
12.292,9.2574,-0.22921,-14.015,5.8962,1.3459,12.689,3.7387,7.4635,12.592,15.128,12.743
7.791,4.2313,0.71311,-9.2256,3.4555,-0.46367,13.894,3.1863,5.503,9.1005,11.887,10.413
3.3867,-0.40564,1.8513,-4.6428,0.96068,-1.7409,15.199,2.7415,3.8743,6.5787,9.4765,8.6142
-0.60007,-4.3507,2.9988,-0.52594,-1.3099,-2.4965,16.629,2.3728,2.536,4.785,7.7073,7.3184
-3.8248,-7.2207,4.0342,2.7721,-3.1465,-2.7455,18.198,2.0927,1.4634,3.505,6.4111,6.4533
-5.9641,-8.6885,4.9118,4.8986,-4.4215,-2.478,19.916,1.9648,0.65556,2.6076,5.4799,5.9435
-6.8078,-8.5934,5.6471,5.6324,-5.0738,-1.6666,21.765,2.0846,0.13003,2.0332,4.8547,5.7399
-6.3437,-6.9731,6.2906,4.9497,-5.1182,-0.30785,23.693,2.548,-0.092358,1.7545,4.4998,5.8187
-4.7706,-4.0494,6.9055,3.0182,-4.6667,1.5407,25.617,3.4225,-0.00080372,1.7528,4.3873,6.1663
-2.4364,-0.18935,7.549,0.15687,-3.9016,3.7548,27.455,4.7258,0.39909,2.01,4.4951,6.7681
0.26289,4.1659,8.2498,-3.236,-3.0081,6.1671,29.157,6.4099,1.084,2.5095,4.8079,7.6033
2.982,8.5916,8.9922,-6.7684,-2.1222,8.6001,30.703,8.3551,2.013,3.233,5.3098,8.6375
5.4847,12.762,9.7212,-10.12,-1.3181,10.893,32.099,10.4,3.129,4.1518,5.9713,9.8139
7.6411,16.49,10.37,-13.068,-0.62828,12.923,33.379,12.42,4.3633,5.2142,6.7397,11.052
9.3861,19.692,10.897,-15.472,-0.070619,14.635,34.611,14.404,5.6407,6.3465,7.5432,12.26
10.67,22.302,11.318,-17.238,0.33325,16.056,35.903,16.439,6.8877,7.4625,8.3087,13.35
11.438,24.225,11.707,-18.307,0.55859,17.284,37.384,18.618,8.0441,8.4867,8.9839,14.255
11.69,25.421,12.169,-18.715,0.59863,18.437,39.147,20.935,9.0739,9.3748,9.5492,14.933
11.588,26.084,12.78,-18.708,0.49027,19.588,41.186,23.275,9.9633,10.113,10.008,15.356
11.443,26.652,13.536,-18.695,0.30887,20.73,43.329,25.489,10.704,10.698,10.368,15.508
11.475,27.418,14.352,-18.939,0.12082,21.771,45.265,27.455,11.278,11.118,10.628,15.383
11.607,28.173,15.098,-19.295,-0.065119,22.569,46.663,29.081,11.658,11.357,10.772,14.997
11.538,28.366,15.674,-19.337,-0.31436,22.968,47.322,30.282,11.822,11.4,10.792,14.385
10.937,27.557,16.053,-18.674,-0.75756,22.837,47.234,31.003,11.778,11.257,10.69,13.584
9.5416,25.622,16.3,-17.098,-1.5603,22.104,46.516,31.24,11.561,10.958,10.489,12.614
7.1922,22.651,16.526,-14.562,-2.8623,20.774,45.305,31.042,11.223,10.547,10.219,11.471
3.8566,18.774,16.826,-11.105,-4.7043,18.926,43.732,30.478,10.811,10.065,9.9046,10.138
-0.33252,14.108,17.223,-6.8385,-6.9813,16.687,41.972,29.628,10.352,9.5403,9.5628,8.5943
-5.0348,8.8455,17.645,-1.9859,-9.4467,14.219,40.263,28.577,9.856,8.9914,9.2061,6.8259
-9.7023,3.4028,17.952,3.0228,-11.759,11.719,38.861,27.413,9.3285,8.435,8.8487,4.8391
-13.661,-1.5502,17.988,7.5279,-13.555,9.4177,37.959,26.23,8.7775,7.8903,8.5072,2.667
-16.258,-5.2505,17.638,10.78,-14.53,7.5538,37.635,25.126,8.2172,7.3774,8.1937,0.36328
-17.034,-7.0976,16.875,12.186,-14.519,6.3136,37.82,24.189,7.6659,6.9137,7.9115,-2.0103
-15.867,-6.8927,15.774,11.528,-13.546,5.7593,38.323,23.477,7.1439,6.5109,7.6553,-4.3993
-13.044,-4.9514,14.481,9.0767,-11.813,5.7936,38.893,22.977,6.6681,6.1736,7.4147,-6.7744
-9.1813,-1.9762,13.15,5.5065,-9.6333,6.1999,39.276,22.594,6.2473,5.8935,7.1757,-9.1456
-5.0281,1.2391,11.874,1.6499,-7.3415,6.7169,39.241,22.196,5.8797,5.6533,6.9226,-11.561
-1.248,4.0066,10.656,-1.7521,-5.2069,7.0659,38.604,21.676,5.5568,5.4311,6.6403,-14.08
1.6943,5.7902,9.4128,-4.1842,-3.3922,6.9602,37.304,20.991,5.2667,5.2045,6.3189,-16.728
3.5474,6.2394,8.027,-5.3804,-1.9568,6.1674,35.432,20.156,4.9968,4.9554,5.9557,-19.468
4.2497,5.2169,6.413,-5.2828,-0.89304,4.5877,33.162,19.21,4.7345,4.6719,5.5552,-22.205
3.8859,2.7985,4.5691,-4.009,-0.17986,2.2744,30.652,18.203,4.4684,4.3499,5.1235,-24.824
2.6387,-0.74036,2.5988,-1.8248,0.18652,-0.59867,28.033,17.179,4.1878,3.9922,4.6695,-27.231
0.7532,-4.9645,0.69659,0.93795,0.20302,-3.769,25.443,16.167,3.8806,3.6073,4.1992,-29.368
-1.4854,-9.3516,-0.90143,3.9511,-0.11466,-6.8966,23.013,15.174,3.5299,3.208,3.7146,-31.216
-3.7715,-13.348,-1.9869,6.8895,-0.71638,-9.5982,20.836,14.179,3.1169,2.8117,3.2174,-32.787
-5.814,-16.447,-2.4383,9.4294,-1.5156,-11.524,18.947,13.148,2.6306,2.4397,2.7151,-34.107
-7.3946,-18.321,-2.2537,11.314,-2.3989,-12.464,17.327,12.044,2.0787,2.1125,2.2285,-35.193
-8.415,-18.936,-1.5483,12.436,-3.2468,-12.444,15.928,10.863,1.4898,1.8439,1.7834,-36.037
-8.9005,-18.537,-0.52107,12.855,-3.9611,-11.709,14.7,9.6507,0.9021,1.6339,1.4016,-36.611
-8.9759,-17.523,0.59916,12.741,-4.4902,-10.606,13.616,8.4705,0.3468,1.4662,1.0916,-36.89
-8.8346,-16.297,1.607,12.333,-4.8428,-9.4464,12.654,7.3485,-0.16418,1.3138,0.84554,-36.865
-8.6963,-15.193,2.3629,11.896,-5.0788,-8.4556,11.765,6.2531,-0.63983,1.1508,0.64244,-36.553
-8.745,-14.432,2.8159,11.647,-5.2811,-7.7708,10.879,5.1237,-1.101,0.96485,0.45772,-35.987
-9.0597,-14.101,2.9989,11.682,-5.5148,-7.431,9.9408,3.9197,-1.5658,0.76327,0.27422,-35.198
-9.5781,-14.135,3.0028,11.942,-5.7966,-7.3613,8.9394,2.6519,-2.039,0.56946,0.090719,-34.205
-10.124,-14.33,2.9433,12.243,-6.0879,-7.3896,7.9183,1.3812,-2.5066,0.41317,-0.077808,-33.021
-10.481,-14.4,2.9212,12.357,-6.3117,-7.3151,6.9538,0.18938,-2.9455,0.31623,-0.20816,-31.678
-10.458,-14.085,2.9785,12.087,-6.3757,-7.0036,6.1209,-0.85969,-3.3376,0.27949,-0.28912,-30.232
-9.9275,-13.251,3.0727,11.321,-6.1931,-6.4518,5.4638,-1.7448,-3.684,0.2784,-0.33573,-28.766
-8.8461,-11.937,3.09,10.059,-5.7026,-5.777,4.9868,-2.4873,-4.0043,0.27167,-0.38665,-27.361
-7.2658,-10.328,2.899,8.4124,-4.8865,-5.1482,4.6663,-3.1303,-4.3238,0.21998,-0.48567,-26.071
-5.3363,-8.6772,2.4195,6.5807,-3.785,-4.7053,4.4767,-3.7106,-4.6563,0.10576,-0.6584,-24.909
-3.2745,-7.1994,1.6672,4.7865,-2.4954,-4.4985,4.413,-4.2359,-4.9881,-0.054712,-0.89632,-23.838
-1.3109,-6.0037,0.75759,3.2093,-1.1589,-4.4721,4.496,-4.675,-5.2742,-0.2128,-1.1549,-22.787
0.35335,-5.0932,-0.12558,1.9524,0.060908,-4.497,4.7567,-4.9673,-5.4496,-0.30116,-1.3682,-21.666
1.5598,-4.4238,-0.7771,1.0609,0.99642,-4.4331,5.2068,-5.0508,-5.4557,-0.26124,-1.4743,-20.401
2.1892,-3.9598,-1.019,0.5581,1.496,-4.1833,5.8154,-4.8972,-5.2698,-0.069011,-1.4425,-18.958
2.1623,-3.6946,-0.73928,0.46693,1.4465,-3.7188,6.5051,-4.5345,-4.9212,0.25522,-1.2833,-17.354
1.4506,-3.6471,0.088329,0.80837,0.79774,-3.0723,7.1692,-4.0459,-4.4851,0.65688,-1.0416,-15.644
0.088238,-3.8438,1.4037,1.585,-0.42027,-2.3102,7.7004,-3.5402,-4.0556,1.0696,-0.77873,-13.892
-1.8199,-4.2846,3.0774,2.7554,-2.0947,-1.501,8.0159,-3.1075,-3.7108,1.4395,-0.54989,-12.138
-4.1041,-4.9139,4.945,4.2168,-4.0517,-0.6913,8.0685,-2.7831,-3.4826,1.7418,-0.38577,-10.384
-6.5591,-5.6288,6.8541,5.821,-6.1014,0.10412,7.8466,-2.5431,-3.347,1.9835,-0.28475,-8.6025
-8.9922,-6.3243,8.6962,7.4206,-8.0874,0.88983,7.3684,-2.3307,-3.239,2.1911,-0.21914,-6.7538
-11.26,-6.942,10.399,8.9133,-9.9075,1.658,6.6738,-2.0976,-3.0882,2.3888,-0.15271,-4.8166
-13.275,-7.4891,11.893,10.255,-11.502,2.3591,5.8168,-1.8359,-2.8562,2.5792,-0.062237,-2.8139
-14.987,-8.0187,13.097,11.439,-12.832,2.8992,4.8551,-1.5897,-2.5612,2.7368,0.048652,-0.81731
-16.366,-8.5856,13.907,12.46,-13.855,3.171,3.8402,-1.4389,-2.2646,2.8191,0.14698,1.0763
-17.367,-9.2022,14.215,13.29,-14.514,3.1029,2.8127,-1.4604,-2.0372,2.7879,0.19153,2.7865
-17.914,-9.8237,13.968,13.876,-14.744,2.7023,1.8071,-1.6818,-1.9209,2.6294,0.15783,4.2864
-17.947,-10.371,13.234,14.172,-14.523,2.0657,0.86112,-2.0558,-1.9142,2.3624,0.051282,5.6129
-17.53,-10.775,12.227,14.195,-13.94,1.3534,0.020288,-2.4752,-1.9788,2.0287,-0.098238,6.8427
-16.889,-10.998,11.243,14.036,-13.213,0.74134,-0.66637,-2.825,-2.0619,1.6753,-0.25308,8.0466
-16.301,-11.013,10.543,13.805,-12.602,0.37375,-1.1556,-3.038,-2.1209,1.3367,-0.38437,9.2489
-15.911,-10.776,10.258,13.529,-12.265,0.32731,-1.4211,-3.1259,-2.1391,1.0254,-0.48178,10.413
-15.631,-10.21,10.338,13.106,-12.17,0.59164,-1.4641,-3.1728,-2.1304,0.72904,-0.5553,11.453
-15.183,-9.2459,10.579,12.356,-12.108,1.0702,-1.319,-3.2976,-2.1292,0.42006,-0.63012,12.26
-14.221,-7.8692,10.684,11.122,-11.779,1.6085,-1.0505,-3.5998,-2.1695,0.072298,-0.7314,12.744
-12.465,-6.1473,10.368,9.3487,-10.9,2.045,-0.74037,-4.1114,-2.264,-0.32184,-0.87036,12.863
-9.8412,-4.2398,9.4709,7.1228,-9.336,2.2581,-0.46581,-4.7769,-2.3925,-0.74096,-1.0342,12.656
-6.5772,-2.3982,8.0348,4.6879,-7.1884,2.1863,-0.27536,-5.4755,-2.5091,-1.1373,-1.1875,12.219
-3.2401,-0.94454,6.2981,2.4489,-4.8122,1.8216,-0.17468,-6.0758,-2.5638,-1.4542,-1.2877,11.67
-0.61195,-0.21315,4.6083,0.90008,-2.7272,1.1887,-0.13208,-6.4925,-2.5275,-1.6515,-1.3079,11.087
0.59601,-0.47002,3.2957,0.46604,-1.4479,0.31601,-0.10237,-6.7182,-2.4084,-1.7262,-1.2548,10.472
0.015276,-1.8583,2.5678,1.3636,-1.2998,-0.78804,-0.054447,-6.823,-2.2514,-1.715,-1.1687,9.7425
-2.2877,-4.3868,2.4569,3.5654,-2.3061,-2.1279,0.014896,-6.9236,-2.1238,-1.6778,-1.106,8.7657
-5.8777,-7.8968,2.8314,6.8171,-4.1903,-3.6766,0.087198,-7.1346,-2.0934,-1.6725,-1.1149,7.4193
-10.067,-11.976,3.4568,10.643,-6.4812,-5.3244,0.14148,-7.5163,-2.2029,-1.7314,-1.215,5.6492
-14.068,-15.934,4.0859,14.377,-8.6658,-6.8709,0.17238,-8.0479,-2.452,-1.8495,-1.3904,3.4874
-17.139,-18.972,4.5372,17.29,-10.312,-8.0811,0.1953,-8.6419,-2.7984,-1.9889,-1.6011,1.0296
-18.738,-20.468,4.7246,18.802,-11.14,-8.7754,0.23638,-9.1957,-3.1812,-2.1041,-1.8091,-1.6062
-18.666,-20.207,4.6425,18.689,-11.081,-8.8979,0.31517,-9.6448,-3.555,-2.1703,-2.0019,-4.3182
-17.112,-18.454,4.3379,17.165,-10.274,-8.5344,0.42836,-9.994,-3.9144,-2.2,-2.1991,-7.0454
-14.592,-15.862,3.8768,14.784,-8.9973,-7.8859,0.5383,-10.315,-4.2965,-2.2373,-2.4402,-9.7743
-11.791,-13.217,3.3087,12.223,-7.556,-7.22,0.56941,-10.718,-4.7658,-2.3419,-2.7687,-12.531
-9.3288,-11.152,2.6396,10.052,-6.2042,-6.8148,0.41718,-11.321,-5.3906,-2.5712,-3.2211,-15.363
-7.6098,-10.018,1.8266,8.6094,-5.1006,-6.8964,-0.028475,-12.204,-6.2166,-2.9641,-3.8188,-18.302
-6.7888,-9.9203,0.79886,8.0341,-4.3086,-7.5836,-0.8504,-13.385,-7.2458,-3.5283,-4.5605,-21.324
-6.7945,-10.823,-0.50256,8.3386,-3.8098,-8.8593,-2.073,-14.802,-8.4279,-4.2352,-5.416,-24.326
-7.3932,-12.578,-2.0823,9.3758,-3.5219,-10.583,-3.6466,-16.331,-9.6688,-5.0262,-6.328,-27.162
-8.2697,-14.887,-3.8571,10.815,-3.3223,-12.538,-5.4527,-17.824,-10.857,-5.832,-7.2269,-29.692
-9.0758,-17.329,-5.6637,12.247,-3.0653,-14.501,-7.3248,-19.162,-11.901,-6.5973,-8.0532,-31.808
-9.4613,-19.525,-7.3349,13.323,-2.5958,-16.3,-9.0809,-20.285,-12.754,-7.2985,-8.7747,-33.438
-9.1553,-21.242,-8.8016,13.826,-1.7833,-17.852,-10.576,-21.19,-13.425,-7.9432,-9.3843,-34.549
-8.0693,-22.358,-10.124,13.672,-0.57847,-19.155,-11.761,-21.902,-13.953,-8.5536,-9.8831,-35.132
-6.3426,-22.798,-11.395,12.895,0.93601,-20.196,-12.689,-22.437,-14.379,-9.1449,-10.264,-35.208
-4.2903,-22.505,-12.595,11.628,2.5429,-20.889,-13.461,-22.782,-14.712,-9.7097,-10.508,-34.816
-2.2836,-21.475,-13.551,10.063,3.9523,-21.086,-14.139,-22.882,-14.923,-10.212,-10.591,-34.012
-0.63546,-19.778,-14.019,8.4,4.8957,-20.662,-14.697,-22.666,-14.95,-10.597,-10.496,-32.849
0.46559,-17.544,-13.808,6.7949,5.2008,-19.561,-15.05,-22.081,-14.734,-10.813,-10.223,-31.358
0.97155,-14.938,-12.851,5.3381,4.827,-17.817,-15.099,-21.117,-14.246,-10.828,-9.7819,-29.541
0.95938,-12.149,-11.231,4.0589,3.873,-15.563,-14.785,-19.83,-13.504,-10.644,-9.19,-27.381
0.59469,-9.3837,-9.1592,2.9449,2.5515,-13.025,-14.127,-18.332,-12.572,-10.282,-8.4668,-24.871
0.083952,-6.8529,-6.9456,1.969,1.1385,-10.503,-13.235,-16.773,-11.543,-9.7837,-7.6383,-22.04
-0.37821,-4.7554,-4.9524,1.1173,-0.088148,-8.3215,-12.285,-15.302,-10.514,-9.1925,-6.7422,-18.972
-0.65242,-3.2568,-3.5052,0.40999,-0.90592,-6.7561,-11.463,-14.022,-9.5568,-8.5474,-5.8267,-15.794
-0.68449,-2.4649,-2.8063,-0.098001,-1.1941,-5.9623,-10.904,-12.967,-8.7088,-7.8764,-4.9439,-12.646
-0.50649,-2.4068,-2.8912,-0.34192,-0.95173,-5.9453,-10.655,-12.105,-7.9656,-7.1951,-4.139,-9.6469
-0.20176,-3.0097,-3.6441,-0.29282,-0.27834,-6.583,-10.678,-11.373,-7.2991,-6.5123,-3.4421,-6.8778
0.15307,-4.1014,-4.8541,0.0048586,0.67466,-7.6733,-10.881,-10.724,-6.6822,-5.8407,-2.8664,-4.3846
0.52685,-5.4378,-6.273,0.43306,1.7466,-8.9817,-11.159,-10.154,-6.111,-5.2039,-2.4143,-2.1919
0.93022,-6.7484,-7.6728,0.83605,2.7986,-10.286,-11.431,-9.6934,-5.607,-4.6321,-2.0832,-0.31067
1.3923,-7.7823,-8.8871,1.0634,3.7382,-11.409,-11.657,-9.3865,-5.1988,-4.1491,-1.8655,1.2641
1.9445,-8.3391,-9.8249,0.99854,4.5206,-12.214,-11.829,-9.2527,-4.9048,-3.7606,-1.7514,2.5573
2.6134,-8.2867,-10.464,0.57042,5.1388,-12.604,-11.952,-9.2637,-4.715,-3.4491,-1.7239,3.6237
3.4062,-7.5753,-10.825,-0.23997,5.6006,-12.532,-12.017,-9.3322,-4.5819,-3.1753,-1.7527,4.5374
4.3081,-6.245,-10.939,-1.3979,5.9091,-12.024,-11.982,-9.3251,-4.4248,-2.8849,-1.791,5.3727
5.2867,-4.4141,-10.83,-2.8246,6.0767,-11.149,-11.784,-9.1013,-4.1488,-2.5225,-1.78,6.183
6.3137,-2.2423,-10.504,-4.4191,6.1509,-9.9763,-11.361,-8.5621,-3.6793,-2.0487,-1.6631,6.988
7.3719,0.10301,-9.9766,-6.0755,6.2188,-8.565,-10.683,-7.6878,-2.9821,-1.4544,-1.406,7.7803
8.4284,2.4558,-9.2929,-7.6835,6.3588,-6.9798,-9.7657,-6.5441,-2.078,-0.76065,-0.99875,8.5326
9.4005,4.6496,-8.5086,-9.1204,6.5786,-5.3102,-8.6743,-5.248,-1.026,-0.0081641,-0.46162,9.2188
10.151,6.526,-7.6471,-10.259,6.7876,-3.666,-7.5034,-3.9214,0.10002,0.75543,0.16825,9.8249
10.516,7.9581,-6.6786,-10.986,6.8255,-2.1514,-6.3533,-2.6469,1.2279,1.4859,0.84755,10.348
10.357,8.876,-5.5491,-11.227,6.5233,-0.83447,-5.3087,-1.4465,2.2983,2.1458,1.5316,10.792
9.6046,9.2894,-4.2027,-10.967,5.7609,0.27646,-4.4257,-0.28869,3.2731,2.7146,2.1864,11.161
8.2863,9.2961,-2.5958,-10.269,4.5014,1.2407,-3.7241,0.87894,4.1395,3.1901,2.789,11.469
6.5312,9.0555,-0.7212,-9.2689,2.8086,2.1622,-3.1919,2.0895,4.9,3.5753,3.3246,11.738
4.5412,8.726,1.3553,-8.1317,0.83991,3.1253,-2.802,3.3267,5.5601,3.8608,3.7777,11.983
2.5349,8.4012,3.4761,-6.9916,-1.1811,4.1256,-2.5358,4.5178,6.1101,4.016,4.1256,12.191
0.69297,8.0753,5.41,-5.913,-3.0148,5.0441,-2.397,5.5558,6.5223,4.0063,4.3396,12.318
-0.87154,7.6447,6.8971,-4.8887,-4.4591,5.6799,-2.4112,6.3389,6.7631,3.8063,4.3937,12.308
-2.1193,6.9494,7.7182,-3.8634,-5.3891,5.8201,-2.6082,6.8109,6.8133,3.4168,4.2763,12.124
-3.0725,5.8451,7.7596,-2.7697,-5.7765,5.3215,-2.9972,6.9856,6.6813,2.868,3.9947,11.762
-3.7849,4.2744,7.0508,-1.5697,-5.6787,4.1717,-3.5476,6.9398,6.4098,2.2135,3.579,11.244
-4.3023,2.309,5.7637,-0.2925,-5.2108,2.5043,-4.1866,6.7856,6.0625,1.5173,3.0734,10.607
-4.6183,0.1545,4.1669,0.94697,-4.5075,0.56693,-4.8121,6.6378,5.7072,0.84255,2.5268,9.8888
-4.6725,-1.88,2.5531,1.9589,-3.6913,-1.3419,-5.3172,6.5875,5.4013,0.24086,1.9869,9.1297
-4.3764,-3.4396,1.1608,2.5202,-2.8551,-2.9414,-5.6185,6.6859,5.1828,-0.24941,1.494,8.377
-3.65,-4.1979,0.11504,2.4306,-2.0392,-4.0161,-5.6785,6.9392,5.0721,-0.60683,1.0762,7.6802
-2.4369,-3.9294,-0.59027,1.5631,-1.2092,-4.4381,-5.5091,7.3171,5.068,-0.82444,0.75114,7.0784
-0.71324,-2.5637,-1.0599,-0.10229,-0.27547,-4.1741,-5.1555,7.7758,5.1679,-0.90222,0.52105,6.5901
1.4717,-0.20369,-1.4168,-2.462,0.82487,-3.2881,-4.6704,8.2792,5.3753,-0.83757,0.39006,6.2116
3.9446,2.8964,-1.699,-5.2906,2.037,-1.9206,-4.0962,8.8114,5.6989,-0.62093,0.36571,5.9222
6.4056,6.3795,-1.8071,-8.2677,3.1654,-0.23387,-3.4626,9.3716,6.1398,-0.24508,0.45587,5.6919
8.495,9.8459,-1.5513,-11.027,3.944,1.6422,-2.793,9.9634,6.6788,0.28534,0.66611,5.4927
9.887,12.93,-0.75711,-13.226,4.15,3.6324,-2.1142,10.588,7.2803,0.94345,0.99072,5.3132
10.387,15.396,0.63728,-14.638,3.6923,5.7024,-1.4598,11.247,7.9114,1.6883,1.4194,5.1647
10.022,17.196,2.5273,-15.253,2.65,7.8111,-0.86395,11.937,8.5565,2.4778,1.9386,5.0736
9.0505,18.426,4.6521,-15.267,1.2614,9.8508,-0.35134,12.645,9.2027,3.272,2.5251,5.0652
7.8588,19.222,6.66,-14.965,-0.14396,11.636,0.06528,13.34,9.828,4.0318,3.1398,5.1468
6.8055,19.684,8.2108,-14.577,-1.252,12.962,0.38898,13.977,10.401,4.7096,3.7277,5.2983
6.1169,19.851,9.0882,-14.225,-1.8609,13.684,0.6492,14.523,10.887,5.256,4.2216,5.4706
5.8478,19.723,9.2732,-13.92,-1.9328,13.775,0.90698,14.966,11.246,5.6126,4.5444,5.5894
5.8904,19.289,8.9433,-13.589,-1.5891,13.331,1.2454,15.316,11.421,5.7151,4.6204,5.5645
6.0227,18.539,8.3941,-13.106,-1.0622,12.526,1.7528,15.591,11.345,5.5217,4.4024,5.3116
5.9855,17.488,7.9058,-12.347,-0.62516,11.575,2.4958,15.831,10.986,5.055,3.9065,4.7877
5.573,16.213,7.6006,-11.267,-0.51397,10.686,3.4182,16.125,10.422,4.4109,3.2306,4.0312
4.6936,14.887,7.419,-9.9478,-0.8581,10.052,4.1982,16.638,9.8656,3.7302,2.5261,3.1978
3.3714,13.785,7.3996,-8.5909,-1.6727,9.8461,4.6636,17.615,9.6952,3.1944,1.9334,2.5975
1.7285,13.275,7.927,-7.483,-2.8817,10.215,5.5762,19.307,10.637,3.2752,1.8238,2.7361
-0.011225,13.92,9.3019,-7.0706,-4.1966,11.27,8.0692,20.723,14.477,5.3209,3.5079,4.3529
-1.3122,17.013,11.389,-8.8597,-4.8103,13.083,12.875,19.192,10.314,3.8787,7.14,7.4526
-6.1588,19.18,15.678,-4.3125,-6.6778,15.661,20.164,26.772,11.047,0.32215,1.862,-4.3155
-16.747,11.603,31.914,7.2859,-18.912,19.11,29.573,35.292,9.3286,-7.8593,-7.9648,-12.043
-29.346,9.7149,52.925,15.856,-34.802,25.159,41.134,42.421,3.4656,-20.377,-21.758,-20.262
-43.634,9.2535,71.509,23.885,-52.909,33.734,57.367,48.347,-4.8794,-35.987,-36.917,-28.809
-55.954,10.422,82.954,29.83,-68.353,40.077,81.855,52.954,-12.736,-50.322,-49.648,-35.883
-59.9,14.357,83.073,29.528,-72.967,44.204,100.76,57.92,-15.08,-55.3,-53.509,-37.409
-48.722,25.055,70.633,16.103,-59.199,46.858,101.85,69.441,-0.34772,-36.299,-36.411,-26.734
-10.517,49.095,45.623,-19.746,-23.934,47.558,93.011,97.904,60.984,41.42,22.032,7.0639
70.155,91.986,11.11,-86.405,33.147,49.406,78.562,154.34,208.27,207.59,145.96,80.54
192.6,157.91,-33.703,-179.51,114.55,57.102,59.937,244.97,416.27,444.99,323.28,193.03
340.22,251.25,-86.733,-298.24,215.98,74.054,37.52,366.97,695.05,760.73,558.79,340.06
517.26,371.91,-143.75,-446.07,333.09,101.77,10.51,508.06,1025.5,1134.5,840.34,520.22
714.45,510.63,-203.23,-613.51,460.91,137.93,-22.596,651.73,1371.2,1527.4,1141.1,718.92
914.92,649.56,-266.42,-782.91,591.82,174.48,-61.868,779.05,1685.1,1885.6,1422.5,912.68
1097.0,765.52,-335.25,-931.56,715.8,199.63,-103.98,869.64,1917.8,2148.6,1639.8,1072.6
1237.2,835.46,-409.61,-1036.1,821.11,201.91,-142.84,908.94,2028.0,2263.6,1751.8,1170.4
1315.3,843.13,-485.01,-1078.4,895.62,173.95,-171.62,890.71,1991.6,2199.8,1732.2,1186.1
1318.2,784.02,-551.9,-1049.6,928.65,116.08,-184.27,816.08,1808.5,1960.1,1578.3,1114.7
1243.9,666.84,-597.51,-953.49,913.39,36.802,-177.9,692.1,1504.2,1582.5,1314.2,968.34
1102.3,511.42,-610.03,-805.23,849.31,-49.394,-154.56,530.43,1123.3,1130.4,984.73,773.69
913.85,343.35,-583.85,-627.96,743.7,-125.38,-120.04,346.55,718.01,673.8,642.62,563.44
705.24,186.7,-523.42,-446.92,611.51,-178.42,-80.991,159.05,337.37,271.49,334.14,367.22
504.26,57.836,-442.7,-283.98,472.77,-205.42,-42.528,-12.245,18.908,-40.038,89.206,205.03
333.71,-36.508,-360.21,-153.58,347.6,-211.46,-7.4214,-150.04,-215.99,-249.1,-81.322,85.166
206.41,-98.09,-291.67,-58.156,250.14,-205.39,23.449,-243.91,-362.29,-364.69,-182.62,5.1161
122.33,-133.86,-243.84,0.29934,184.33,-195.44,49.971,-294.11,-430.27,-409.02,-230.35,-44.083
70.826,-150.6,-213.25,29.291,144.01,-185.2,72.161,-311.76,-444.44,-409.58,-243.87,-65.014
39.344,-152.1,-189.38,43.106,116.57,-172.63,90.566,-311.66,-431.72,-389.6,-238.78,-70.059
15.341,-140.98,-160.28,49.139,88.905,-152.79,106.27,-305.64,-410.39,-360.99,-223.51,-68.808
-8.7031,-120.21,-119.08,52.386,55.532,-122.51,119.81,-299.91,-388.52,-331.79,-203.16,-65.023
-35.404,-93.597,-67.201,55.295,14.756,-83.801,131.48,-295.06,-368.06,-307.84,-182.53,-60.067
-64.173,-66.042,-10.803,58.922,-30.856,-44.176,142.22,-288.74,-347.81,-286.73,-164.1,-55.008
-92.956,-44.671,42.689,63.685,-73.373,-11.347,152.08,-278.81,-325.57,-265.89,-148.7,-48.538
-117.83,-36.284,83.716,51.62,-105.93,11.697,159.96,-263.51,-301.68,-244.37,-138.65,-37.816
-122.04,-30.826,107.48,45.513,-124.29,23.827,164.28,-242.23,-275.48,-223.3,-128.95,-39.919
-100.19,-26.263,115.06,44.784,-128.96,28.275,164.14,-219.06,-251.57,-207.5,-122.68,-41.055
-85.894,-22.049,110.69,42.882,-122.94,28.973,159.76,-195.95,-230.1,-193.1,-117.72,-40.836
-76.277,-18.926,98.415,39.647,-107.67,27.951,151.95,-172.04,-207.6,-176.95,-112.56,-39.665
-66.688,-17.215,81.971,35.722,-85.986,24.71,141.45,-147.4,-183.55,-159.79,-106.39,-37.842
-57.067,-16.141,63.326,31.843,-64.49,12.989,128.95,-122.49,-159.49,-143.09,-98.851,-35.58
-48.676,-15.364,43.642,28.554,-48.842,6.3574,115.18,-98.149,-136.94,-127.21,-90.395,-33.058
-42.327,-15.133,31.417,26.142,-38.257,4.2753,101.0,-75.474,-117.26,-112.73,-81.902,-30.423
-38.453,-15.573,24.235,24.709,-31.667,2.442,87.354,-55.835,-101.15,-100.39,-74.064,-27.746
-37.227,-16.476,20.342,24.208,-29.429,0.84697,75.085,-40.263,-88.551,-90.391,-67.124,-25.005
-37.99,-17.405,20.034,24.376,-30.314,0.03614,64.703,-28.633,-79.054,-82.448,-61.022,-22.121
-39.202,-17.87,21.757,24.761,-32.404,0.25774,56.373,-20.487,-72.191,-76.172,-55.614,-19.03
-39.457,-17.479,23.707,24.869,-33.717,1.4122,49.982,-15.737,-67.442,-71.044,-50.785,-15.752
-38.465,-16.057,25.033,24.305,-33.44,3.1728,45.2,-15.119,-63.714,-66.316,-46.4,-12.404
-36.573,-13.706,25.763,22.847,-32.226,5.1056,41.66,-15.89,-59.364,-61.43,-42.296,-9.1548
-33.986,-10.76,25.801,20.499,-30.535,6.8019,39.179,-13.654,-54.123,-56.464,-38.372,-6.1662
-30.741,-7.6558,25.052,17.49,-28.479,8.008,37.446,-11.079,-48.741,-51.729,-34.636,-3.5489
-27.03,-4.7792,23.69,14.213,-26.219,8.6811,36.009,-9.2288,-43.702,-47.339,-31.127,-1.3546
-23.343,-2.3981,22.099,11.108,-24.02,8.9424,34.617,-8.0506,-39.236,-43.254,-27.864,0.4099
-20.268,-0.66698,20.695,8.558,-22.206,8.9735,33.156,-7.3628,-35.478,-39.436,-24.867,1.7602
-18.215,0.36372,19.774,6.8084,-21.073,8.9171,31.552,-7.0451,-32.496,-35.916,-22.184,2.7215
-17.265,0.74942,19.454,5.922,-20.747,8.8367,29.772,-7.0439,-30.28,-32.779,-19.888,3.3289
-17.184,0.62391,19.646,5.7832,-21.082,8.7262,27.823,-7.3336,-28.73,-30.112,-18.033,3.633
-17.54,0.14504,20.112,6.1578,-21.667,8.5446,25.746,-7.8792,-27.687,-27.959,-16.628,3.6989
-17.896,-0.54713,20.534,6.783,-21.976,8.2541,23.582,-8.6248,-26.994,-26.32,-15.639,3.5979
-18.02,-1.3504,20.631,7.4596,-21.671,7.8291,21.353,-9.5102,-26.546,-25.176,-15.015,3.395
-18.007,-2.2169,20.364,8.1198,-20.895,7.254,19.083,-10.488,-26.312,-24.497,-14.703,3.1457
-18.135,-3.1593,19.922,8.8199,-20.121,6.5299,16.815,-11.52,-26.296,-24.24,-14.65,2.9008
-18.584,-4.2234,19.471,9.6513,-19.672,5.6722,14.62,-12.555,-26.491,-24.328,-14.795,2.7107
-19.282,-5.4314,19.036,10.621,-19.535,4.6927,12.575,-13.52,-26.84,-24.664,-15.077,2.62
-19.952,-6.7381,18.517,11.593,-19.489,3.5824,10.739,-14.332,-27.253,-25.145,-15.443,2.6565
-20.244,-8.031,17.735,12.343,-19.235,2.3127,9.1429,-14.935,-27.649,-25.688,-15.86,2.8241
-19.837,-9.166,16.493,12.647,-18.478,0.85955,7.7911,-15.326,-27.974,-26.226,-16.308,3.109
-18.543,-10.01,14.68,12.366,-17.03,-0.75858,6.6652,-15.555,-28.213,-26.691,-16.755,3.4947
-16.382,-10.471,12.341,11.483,-14.904,-2.4551,5.7297,-15.705,-28.375,-27.002,-17.149,3.9741
-13.608,-10.525,9.7102,10.114,-12.336,-4.0807,4.9326,-15.868,-28.469,-27.06,-17.418,4.5472
-10.655,-10.219,7.1667,8.4855,-9.7235,-5.4614,4.2108,-16.112,-28.489,-26.781,-17.492,5.2042
-8.0175,-9.6705,5.1181,6.8871,-7.5061,-6.4527,3.5023,-16.463,-28.388,-26.114,-17.323,5.9083
-6.1157,-9.0416,3.8583,5.5985,-6.024,-6.9884,2.7616,-16.899,-28.108,-25.058,-16.898,6.5913
-5.1715,-8.5064,3.4671,4.8194,-5.4171,-7.1073,1.9679,-17.364,-27.593,-23.667,-16.246,7.1648
-5.1585,-8.2155,3.7932,4.6239,-5.5896,-6.9485,1.1228,-17.792,-26.833,-22.042,-15.431,7.5366
-5.8348,-8.268,4.5118,4.9532,-6.2587,-6.7151,0.23498,-18.154,-25.902,-20.326,-14.545,7.6234
-6.8448,-8.6921,5.2386,5.6456,-7.0685,-6.6157,-0.69602,-18.49,-24.973,-18.682,-13.7,7.3575
-7.848,-9.4359,5.6655,6.495,-7.7194,-6.8012,-1.6882,-18.913,-24.267,-17.267,-12.998,6.6935
-8.6234,-10.382,5.6594,7.3213,-8.0565,-7.3212,-2.7714,-19.57,-23.98,-16.19,-12.517,5.6135
-9.1158,-11.388,5.2812,8.0274,-8.0912,-8.1188,-3.9722,-20.583,-24.221,-15.489,-12.293,4.1266
-9.4175,-12.34,4.7212,8.6188,-7.9617,-9.0612,-5.2956,-21.984,-24.972,-15.12,-12.303,2.257
-9.7019,-13.196,4.1916,9.18,-7.8512,-9.9958,-6.7136,-23.686,-26.086,-14.966,-12.466,0.025366
-10.137,-14.006,3.8286,9.8243,-7.8998,-10.826,-8.1663,-25.51,-27.333,-14.874,-12.667,-2.5646
-10.819,-14.899,3.6293,10.648,-8.1479,-11.578,-9.5791,-27.265,-28.492,-14.723,-12.805,-5.5248
-11.738,-16.041,3.4312,11.708,-8.5172,-12.424,-10.895,-28.838,-29.451,-14.485,-12.852,-8.8835
-12.786,-17.581,2.9443,13.017,-8.826,-13.615,-12.1,-30.237,-30.258,-14.231,-12.857,-12.681
-13.77,-19.599,1.8344,14.521,-8.8435,-15.38,-13.221,-31.55,-31.055,-14.071,-12.911,-16.926
-14.457,-22.031,-0.17103,16.08,-8.3671,-17.81,-14.303,-32.865,-31.983,-14.09,-13.076,-21.52
-14.635,-24.647,-3.2165,17.483,-7.2928,-20.81,-15.379,-34.203,-33.084,-14.297,-13.354,-26.252
-14.158,-27.115,-7.2953,18.487,-5.643,-24.133,-16.468,-35.503,-34.269,-14.621,-13.684,-30.845
-12.981,-29.119,-12.179,18.894,-3.5544,-27.482,-17.572,-36.659,-35.349,-14.941,-13.971,-35.024
-11.163,-30.472,-17.322,18.608,-1.2498,-30.594,-18.69,-37.579,-36.111,-15.119,-14.12,-38.573
-8.8668,-31.176,-22.028,17.684,1.0116,-33.281,-19.815,-38.211,-36.388,-15.054,-14.062,-41.363
-6.3266,-31.416,-25.82,16.317,3.0207,-35.464,-20.939,-38.544,-36.099,-14.699,-13.771,-43.36
-3.7903,-31.497,-28.604,14.798,4.7031,-37.213,-22.031,-38.578,-35.236,-14.066,-13.252,-44.62
-1.4783,-31.742,-30.615,13.428,6.1218,-38.714,-23.049,-38.325,-33.85,-13.196,-12.528,-45.241
0.42259,-32.377,-32.307,12.454,7.3709,-40.179,-23.961,-37.806,-32.034,-12.134,-11.624,-45.293
1.745,-33.459,-34.185,12.026,8.4573,-41.73,-24.797,-37.058,-29.904,-10.899,-10.549,-44.786
2.3419,-34.865,-36.52,12.181,9.2621,-43.325,-25.647,-36.137,-27.573,-9.4846,-9.2976,-43.672
2.1151,-36.352,-39.022,12.86,9.5873,-44.759,-26.637,-35.089,-25.11,-7.8665,-7.8477,-41.861
1.0495,-37.641,-40.956,13.931,9.2467,-45.758,-27.859,-33.931,-22.532,-6.0307,-6.1792,-39.241
-0.77636,-38.505,-41.685,15.253,8.1542,-46.098,-29.323,-32.641,-19.832,-3.9953,-4.2943,-35.722
-3.2004,-38.846,-40.988,16.722,6.3768,-45.674,-30.95,-31.186,-17.031,-1.8146,-2.232,-31.298
-5.9788,-38.718,-39.057,18.266,4.1424,-44.529,-32.614,-29.545,-14.205,0.44286,-0.059005,-26.119
-8.7733,-38.265,-36.429,19.774,1.816,-42.854,-34.211,-27.734,-11.456,2.727,2.1606,-20.479
-11.162,-37.604,-33.815,21.026,-0.15213,-40.954,-35.677,-25.789,-8.8573,5.0277,4.3916,-14.714
-12.694,-36.717,-31.83,21.698,-1.312,-39.136,-36.981,-23.739,-6.4208,7.3749,6.637,-9.0894
-12.951,-35.425,-30.799,21.435,-1.2893,-37.565,-38.124,-21.616,-4.1189,9.8218,8.9243,-3.7713
-11.59,-33.472,-30.731,19.931,0.18685,-36.186,-39.145,-19.488,-1.9173,12.421,11.276,1.1443
-8.4363,-30.657,-31.409,17.018,3.236,-34.773,-40.139,-17.47,0.19861,15.195,13.674,5.6097
-3.6262,-26.941,-32.586,12.767,7.6852,-33.084,-41.229,-15.686,2.2214,18.119,16.048,9.6323
2.3444,-22.436,-34.142,7.5219,13.011,-31.028,-42.517,-14.201,4.135,21.115,18.308,13.246
8.8103,-17.34,-36.045,1.787,18.585,-28.704,-44.012,-12.993,5.9308,24.101,20.4,16.445
15.213,-11.937,-38.214,-3.9381,24.008,-26.29,-45.624,-11.971,7.6159,27.04,22.359,19.182
21.251,-6.6271,-40.529,-9.25,29.217,-23.999,-47.209,-11.028,9.2124,29.985,24.311,21.44
26.875,-1.8785,-42.945,-13.839,34.373,-22.096,-48.665,-10.093,10.75,33.063,26.43,23.278
32.22,1.8511,-45.53,-17.487,39.665,-20.857,-49.973,-9.1609,12.259,36.433,28.912,24.793
37.511,4.2167,-48.373,-20.104,45.159,-20.456,-51.197,-8.2851,13.775,40.227,31.955,26.09
42.911,5.0799,-51.469,-21.743,50.718,-20.903,-52.413,-7.542,15.342,44.492,35.713,27.265
48.363,4.5609,-54.651,-22.573,56.029,-22.039,-53.659,-6.9895,17.015,49.127,40.182,28.405
53.546,3.0141,-57.633,-22.842,60.693,-23.588,-54.906,-6.6402,18.839,53.885,45.089,29.588
58.1,0.94049,-60.138,-22.878,64.398,-25.216,-56.085,-6.4553,20.83,58.489,49.989,30.85
61.946,-1.1017,-62.044,-23.116,67.092,-26.604,-57.149,-6.3544,22.97,62.789,54.547,32.171
65.368,-2.5532,-63.404,-24.089,69.021,-27.484,-58.111,-6.2369,25.242,66.815,58.716,33.498
68.822,-2.9201,-64.365,-26.313,70.598,-27.666,-59.034,-6.0106,27.698,70.737,62.672,34.808
72.737,-1.874,-65.046,-30.126,72.195,-27.067,-59.971,-5.6161,30.497,74.8,66.679,36.153
77.382,0.65525,-65.503,-35.566,74.018,-25.749,-60.933,-5.04,33.891,79.248,70.983,37.665
82.785,4.4789,-65.77,-42.354,76.111,-23.911,-61.887,-4.3103,38.156,84.252,75.747,39.51
88.76,9.29,-65.937,-49.959,78.429,-21.828,-62.801,-3.4752,43.454,89.85,81.021,41.835
95.032,14.856,-66.144,-57.728,80.916,-19.736,-63.661,-2.5712,49.663,95.922,86.735,44.728
101.35,21.023,-66.515,-65.107,83.527,-17.748,-64.448,-1.601,56.326,102.24,92.759,48.189
107.54,27.564,-67.066,-71.884,86.234,-15.839,-65.105,-0.53091,62.899,108.57,98.982,52.118
113.61,34.292,-67.662,-78.26,88.992,-13.923,-65.533,0.6981,69.086,114.81,105.36,56.336
119.68,41.241,-68.049,-84.644,91.718,-11.924,-65.629,2.1577,74.89,121.04,111.89,60.652
125.91,48.436,-67.968,-91.271,94.309,-9.762,-65.33,3.9181,80.462,127.42,118.61,64.945
132.27,55.681,-67.23,-98.0,96.694,-7.3256,-64.624,6.0235,85.965,134.12,125.52,69.194
138.54,62.682,-65.746,-104.48,98.841,-4.5222,-63.521,8.463,91.498,141.25,132.57,73.438
144.36,69.245,-63.534,-110.4,100.66,-1.3705,-62.033,11.161,97.059,148.83,139.63,77.699
149.19,75.232,-60.761,-115.49,101.87,1.9567,-60.154,14.012,102.56,156.76,146.57,81.927
152.46,80.458,-57.77,-119.51,102.18,5.1765,-57.855,16.938,107.86,164.95,153.26,85.988
154.0,84.741,-54.917,-122.33,101.57,8.0101,-55.087,19.899,112.88,173.4,159.61,89.701
154.1,87.994,-52.276,-124.0,100.31,10.306,-51.775,22.861,117.6,182.13,165.49,92.891
153.06,90.251,-49.552,-124.58,98.525,12.095,-47.836,25.778,122.02,190.83,170.56,95.439
151.01,91.644,-46.225,-124.18,96.13,13.552,-43.223,28.629,126.08,198.33,174.32,97.274
147.95,92.368,-41.795,-122.89,92.892,14.899,-38.011,31.446,129.59,202.97,176.27,98.342
143.96,92.652,-36.038,-120.93,88.685,16.307,-32.421,34.285,132.17,203.63,176.18,98.55
139.25,92.714,-29.25,-118.59,83.719,17.835,-26.748,37.174,133.47,200.25,174.04,97.745
134.33,92.714,-22.32,-116.22,78.611,19.419,-21.238,40.058,133.27,193.67,170.04,95.775
129.91,92.721,-16.291,-114.16,74.107,20.919,-16.037,42.791,131.61,185.16,164.48,92.609
126.56,92.719,-11.737,-112.59,70.677,22.193,-11.187,45.197,128.71,175.83,157.74,88.404
124.4,92.656,-8.6877,-111.48,68.365,23.154,-6.6657,47.148,124.85,166.26,150.15,83.422
122.98,92.478,-6.8776,-110.62,66.83,23.805,-2.4115,48.61,120.28,156.67,141.98,77.899
121.55,92.138,-5.9414,-109.75,65.427,24.221,1.6169,49.634,115.19,147.14,133.49,71.995
119.38,91.578,-5.5,-108.57,63.296,24.514,5.3991,50.297,109.69,137.78,124.93,65.8
116.04,90.731,-5.1791,-106.79,59.493,24.771,8.8457,50.64,103.89,128.65,116.5,59.358
111.37,89.53,-4.6439,-104.2,53.465,25.025,11.832,50.636,97.871,119.74,108.28,52.711
105.44,87.896,-3.6835,-100.67,46.003,25.249,14.256,50.197,91.701,110.91,100.25,45.953
98.391,85.73,-2.2561,-96.17,38.879,25.383,16.081,49.225,85.387,102.05,92.319,39.278
90.534,82.906,-0.46115,-90.704,33.013,25.36,17.325,47.67,78.845,93.041,84.37,32.931
82.254,79.273,1.5222,-84.382,28.196,25.135,18.032,45.561,71.959,83.905,76.335,27.102
73.834,74.678,3.508,-77.385,23.922,24.719,18.244,43.028,64.706,74.778,68.249,21.861
65.415,69.081,5.3586,-69.936,19.777,24.183,18.007,40.25,57.238,65.873,60.226,17.17
57.049,62.763,6.9861,-62.319,15.52,23.589,17.385,37.367,49.839,57.346,52.367,12.943
48.756,56.294,8.3213,-54.808,11.151,22.882,16.465,34.429,42.749,49.21,44.705,9.095
40.476,50.0,9.294,-47.459,6.9584,21.883,15.354,31.417,36.049,41.363,37.251,5.5696
32.111,43.688,9.8391,-40.069,3.4422,20.441,14.149,28.318,29.719,33.706,30.09,2.3303
23.953,37.08,9.9091,-32.549,1.0421,18.511,12.919,25.172,23.776,26.301,23.454,-0.65334
16.959,30.237,9.4575,-25.347,-0.17435,16.069,11.7,22.072,18.336,19.485,17.666,-3.4099
11.91,23.455,8.4285,-19.134,-0.50289,13.059,10.507,19.116,13.531,13.703,12.931,-5.9588
8.6112,16.97,6.806,-14.102,-0.322,9.4706,9.355,16.36,9.3964,9.1399,9.1777,-8.3008
6.4121,10.93,4.7024,-10.016,0.093681,5.4704,8.2733,13.801,5.854,5.6064,6.1593,-10.409
4.8289,5.5347,2.4092,-6.6644,0.57285,1.4459,7.313,11.396,2.7837,2.7922,3.6453,-12.225
3.6332,1.0839,0.35138,-3.9917,0.98778,-2.0772,6.5481,9.114,0.089923,0.47052,1.5091,-13.664
2.7264,-2.1399,-1.0428,-2.012,1.2217,-4.5994,6.0643,6.9866,-2.2794,-1.4755,-0.29156,-14.634
2.0288,-4.0105,-1.4861,-0.7087,1.1723,-5.8158,5.936,5.113,-4.3458,-3.1024,-1.7666,-15.069
1.4249,-4.626,-0.92415,0.03333,0.77264,-5.7043,6.1981,3.6086,-6.1197,-4.4535,-2.9321,-14.955
0.76266,-4.3172,0.45148,0.44501,0.012236,-4.5335,6.8248,2.5361,-7.6158,-5.5854,-3.8284,-14.342
-0.10062,-3.5673,2.2724,0.81067,-1.0545,-2.7964,7.7223,1.8755,-8.866,-6.57,-4.5192,-13.346
-1.2309,-2.8176,4.1315,1.3372,-2.3172,-1.0236,8.7452,1.5348,-9.9208,-7.4784,-5.0767,-12.118
-2.5701,-2.2826,5.743,2.042,-3.6362,0.44998,9.7418,1.3849,-10.832,-8.3518,-5.5536,-10.806
-3.9366,-1.8856,7.036,2.7407,-4.8783,1.5901,10.613,1.3053,-11.624,-9.1759,-5.9569,-9.502
-5.0773,-1.334,8.127,3.1344,-5.9468,2.5977,11.345,1.2283,-12.274,-9.8753,-6.2435,-8.2325
-5.7543,-0.28984,9.2074,2.9432,-6.7933,3.7844,11.998,1.1602,-12.718,-10.34,-6.3439,-6.9688
-5.8321,1.4633,10.423,2.0244,-7.4099,5.4253,12.659,1.1696,-12.888,-10.48,-6.2059,-5.6701
-5.316,3.9037,11.792,0.43527,-7.8054,7.5678,13.407,1.3526,-12.747,-10.28,-5.832,-4.3281
-4.3228,6.7282,13.165,-1.5708,-7.974,9.9343,14.273,1.788,-12.319,-9.8135,-5.2879,-2.9908
-3.0164,9.426,14.273,-3.6245,-7.8787,12.015,15.231,2.5027,-11.672,-9.2119,-4.6741,-1.7496
-1.5443,11.461,14.786,-5.3829,-7.4496,13.296,16.218,3.4627,-10.883,-8.592,-4.0805,-0.70222
0.0087988,12.49,14.407,-6.6582,-6.5922,13.469,17.169,4.5914,-10.001,-8.0074,-3.5493,0.084952
1.6212,12.48,12.99,-7.4432,-5.2212,12.519,18.012,5.7936,-9.0372,-7.4393,-3.0654,0.5942
3.2757,11.645,10.604,-7.8363,-3.3406,10.674,18.664,6.9747,-7.9698,-6.8236,-2.5783,0.84884
4.8836,10.329,7.5871,-7.9551,-1.1347,8.3129,19.073,8.0704,-6.7682,-6.0921,-2.0359,0.89629
6.2568,8.9135,4.5287,-7.8978,1.0157,5.9077,19.288,9.1059,-5.412,-5.2029,-1.4074,0.7968
7.1498,7.7374,2.134,-7.7289,2.6313,3.9581,19.47,10.227,-3.8972,-4.1441,-0.68332,0.61881
7.3448,7.0263,1.0378,-7.4647,3.2973,2.8973,19.834,11.643,-2.222,-2.915,0.14189,0.44053
6.7366,6.8785,1.6073,-7.0759,2.8044,3.0347,20.57,13.528,-0.37259,-1.5096,1.0863,0.34996
5.3803,7.2649,3.7776,-6.5289,1.2146,4.4289,21.782,15.962,1.6731,0.081909,2.1774,0.42695
3.479,8.0362,7.0556,-5.8359,-1.1555,6.7555,23.434,18.92,3.9294,1.8618,3.434,0.71184
1.3152,8.9749,10.703,-5.0564,-3.8277,9.413,25.366,22.299,6.3896,3.8181,4.8492,1.1862
-0.84485,9.8502,13.98,-4.2466,-6.3219,11.805,27.357,25.941,9.0116,5.9144,6.38,1.7792
-2.8301,10.445,16.371,-3.411,-8.3175,13.55,29.201,29.615,11.693,8.0651,7.9436,2.3942
-4.5732,10.59,17.698,-2.5088,-9.7139,14.514,30.759,33.029,14.269,10.123,9.4257,2.9474
-6.0273,10.248,18.096,-1.5346,-10.568,14.784,32.001,35.951,16.568,11.93,10.715,3.4017
-7.0703,9.5854,17.9,-0.61049,-10.993,14.622,33.006,38.375,18.511,13.4,11.757,3.7797
-7.5186,8.9644,17.515,0.005053,-11.103,14.378,33.923,40.532,20.139,14.563,12.575,4.1512
-7.2238,8.8169,17.272,0.0025317,-10.992,14.363,34.904,42.732,21.561,15.511,13.241,4.6024
-6.1204,9.4678,17.269,-0.84363,-10.67,14.742,36.016,45.109,22.864,16.323,13.814,5.1928
-4.2309,11.003,17.375,-2.5576,-10.032,15.495,37.185,47.442,24.055,17.023,14.31,5.9195
-1.7121,13.221,17.366,-4.919,-8.9571,16.465,38.203,49.279,25.054,17.57,14.699,6.709
1.0738,15.665,17.075,-7.4996,-7.4788,17.447,38.812,50.262,25.725,17.884,14.925,7.4432
3.5809,17.768,16.473,-9.7748,-5.8744,18.247,38.821,50.284,25.943,17.891,14.933,8.0085
5.2365,19.07,15.758,-11.278,-4.6023,18.722,38.187,49.439,25.682,17.576,14.697,8.3418
5.6308,19.37,15.312,-11.721,-4.1071,18.838,37.007,47.949,25.039,17.002,14.246,8.452
4.6414,18.708,15.429,-11.04,-4.5995,18.673,35.45,46.088,24.18,16.278,13.659,8.4065
2.4877,17.302,16.121,-9.3982,-5.9495,18.333,33.691,44.105,23.271,15.528,13.026,8.2955
-0.29244,15.491,17.129,-7.1849,-7.7355,17.853,31.876,42.151,22.417,14.847,12.42,8.1941
-2.9668,13.652,18.017,-4.9434,-9.3782,17.186,30.111,40.25,21.626,14.271,11.872,8.1403
-4.8224,12.091,18.324,-3.2069,-10.326,16.278,28.451,38.32,20.804,13.751,11.36,8.1335
-5.3985,10.969,17.751,-2.3281,-10.257,15.132,26.891,36.264,19.837,13.192,10.833,8.1481
-4.6309,10.316,16.314,-2.3824,-9.1964,13.832,25.381,34.067,18.689,12.543,10.251,8.1489
-2.8591,10.072,14.348,-3.1664,-7.4798,12.529,23.882,31.824,17.441,11.842,9.6235,8.1069
-0.68754,10.122,12.362,-4.2999,-5.6112,11.399,22.407,29.662,16.219,11.172,9.0036,8.0072
1.2579,10.316,10.832,-5.3943,-4.0816,10.588,21.016,27.667,15.12,10.602,8.4517,7.843
2.5409,10.514,10.04,-6.1815,-3.2178,10.164,19.781,25.873,14.185,10.157,8.0062,7.6048
3.0041,10.611,10.009,-6.5516,-3.095,10.092,18.763,24.297,13.421,9.832,7.6762,7.2773
2.7481,10.558,10.522,-6.5248,-3.5402,10.251,17.996,22.956,12.82,9.611,7.4476,6.8483
2.0379,10.349,11.21,-6.2057,-4.2292,10.481,17.476,21.859,12.367,9.4742,7.2951,6.3199
1.1746,10.016,11.726,-5.7349,-4.8502,10.64,17.162,20.995,12.03,9.4018,7.1929,5.7134
0.382,9.602,11.918,-5.2357,-5.2532,10.646,16.993,20.318,11.766,9.3712,7.1206,5.0652
-0.24896,9.1335,11.847,-4.7659,-5.4655,10.487,16.902,19.746,11.53,9.3542,7.0607,4.4134
-0.75024,8.5983,11.656,-4.3014,-5.5974,10.188,16.83,19.181,11.276,9.3156,6.9933,3.7809
-1.2259,7.9477,11.463,-3.7625,-5.7578,9.7682,16.741,18.541,10.973,9.2187,6.8943,3.1667
-1.7782,7.1241,11.319,-3.0727,-6.0112,9.2166,16.622,17.806,10.612,9.0386,6.7447,2.5554
-2.4318,6.1046,11.206,-2.2196,-6.3515,8.5117,16.488,17.03,10.215,8.7762,6.5424,1.9379
-3.1125,4.9248,11.051,-1.2733,-6.697,7.6453,16.367,16.324,9.8316,8.4576,6.3062,1.3285
-3.691,3.6622,10.749,-0.34945,-6.9172,6.633,16.273,15.804,9.5075,8.1184,6.0646,0.76302
-4.0498,2.3911,10.2,0.45245,-6.8866,5.5044,16.189,15.525,9.2611,7.7822,5.8375,0.28184
-4.1446,1.1447,9.3618,1.0976,-6.5542,4.2894,16.059,15.451,9.0681,7.4488,5.6251,-0.087025
-4.0311,-0.088064,8.2773,1.6268,-5.9803,3.0185,15.813,15.469,8.8745,7.0998,5.4114,-0.33155
-3.8349,-1.3292,7.0694,2.1229,-5.309,1.7318,15.386,15.445,8.6241,6.7127,5.1758,-0.45055
-3.6849,-2.5647,5.8937,2.6531,-4.6991,0.48453,14.748,15.261,8.2802,6.2735,4.9019,-0.45077
-3.6547,-3.7231,4.8871,3.2258,-4.2629,-0.65583,13.897,14.852,7.8338,5.7808,4.5796,-0.34887
-3.7409,-4.6947,4.1392,3.7859,-4.0383,-1.6189,12.863,14.216,7.3009,5.2454,4.2058,-0.17103
-3.879,-5.3743,3.6874,4.2434,-3.9958,-2.3431,11.693,13.404,6.7168,4.6889,3.7881,0.053765
-3.9878,-5.7021,3.5238,4.5172,-4.0689,-2.7893,10.449,12.5,6.1246,4.1395,3.3455,0.30141
-4.0246,-5.6989,3.6029,4.5814,-4.1936,-2.9612,9.1867,11.573,5.5569,3.6225,2.8997,0.5527
-4.0266,-5.4957,3.848,4.5035,-4.3389,-2.9343,7.9389,10.631,5.0186,3.1493,2.4603,0.78527
-4.1139,-5.3289,4.155,4.4529,-4.5109,-2.8658,6.7051,9.6125,4.4826,2.711,2.0153,0.96486
-4.4406,-5.4902,4.3942,4.6596,-4.7272,-2.9674,5.4655,8.4165,3.9029,2.2817,1.5359,1.0444
-5.1137,-6.2464,4.4206,5.3252,-4.9818,-3.4494,4.1995,6.9635,3.2362,1.8305,0.9917,0.9749
-6.1222,-7.7348,4.1079,6.5198,-5.2283,-4.4474,2.8984,5.2414,2.4639,1.3377,0.36879,0.72605
-7.3202,-9.8703,3.4002,8.1265,-5.3898,-5.9518,1.57,3.3173,1.6001,0.8072,-0.31998,0.30231
-8.4688,-12.339,2.348,9.8686,-5.387,-7.7865,0.241,1.3063,0.68274,0.26509,-1.0392,-0.25926
-9.3068,-14.689,1.0971,11.397,-5.1666,-9.6621,-1.0466,-0.68633,-0.24842,-0.2564,-1.7493,-0.91175
-9.6256,-16.475,-0.16236,12.395,-4.7182,-11.271,-2.2459,-2.608,-1.1741,-0.73869,-2.4281,-1.6268
-9.3351,-17.387,-1.2562,12.675,-4.084,-12.381,-3.3226,-4.4657,-2.1035,-1.1883,-3.0814,-2.41
-8.5065,-17.343,-2.0687,12.238,-3.3605,-12.9,-4.2734,-6.303,-3.067,-1.6343,-3.7389,-3.2961
-7.3642,-16.531,-2.5642,11.287,-2.6828,-12.903,-5.1377,-8.1676,-4.0986,-2.1156,-4.441,-4.3285
-6.2102,-15.348,-2.7921,10.155,-2.1787,-12.613,-5.9974,-10.086,-5.2199,-2.6678,-5.2239,-5.5356
-5.3107,-14.254,-2.8723,9.181,-1.9136,-12.321,-6.9633,-12.053,-6.4309,-3.3116,-6.1066,-6.9136
-4.8002,-13.596,-2.961,8.588,-1.8597,-12.281,-8.1475,-14.038,-7.7089,-4.046,-7.0765,-8.4229
-4.6513,-13.505,-3.2057,8.4281,-1.9043,-12.628,-9.6175,-15.993,-9.0149,-4.8457,-8.0827,-10.001
-4.7146,-13.946,-3.7192,8.6157,-1.8924,-13.371,-11.361,-17.881,-10.307,-5.6659,-9.0465,-11.586
-4.8035,-14.806,-4.5736,9.0034,-1.6847,-14.456,-13.298,-19.682,-11.555,-6.4559,-9.8919,-13.136
-4.7868,-15.967,-5.7908,9.4547,-1.2117,-15.813,-15.325,-21.395,-12.75,-7.1784,-10.575,-14.63
-4.6466,-17.312,-7.3233,9.9067,-0.50359,-17.357,-17.354,-23.029,-13.905,-7.8225,-11.096,-16.055
-4.4746,-18.767,-9.0533,10.398,0.32193,-18.993,-19.333,-24.59,-15.046,-8.403,-11.488,-17.397
-4.4043,-20.303,-10.817,11.022,1.1078,-20.62,-21.238,-26.075,-16.199,-8.9476,-11.798,-18.635
-4.5265,-21.879,-12.436,11.824,1.7164,-22.139,-23.06,-27.459,-17.372,-9.4787,-12.06,-19.737
-4.8319,-23.363,-13.737,12.722,2.069,-23.431,-24.767,-28.702,-18.553,-10.003,-12.282,-20.652
-5.2065,-24.53,-14.577,13.525,2.1622,-24.369,-26.306,-29.769,-19.711,-10.512,-12.455,-21.319
-5.4695,-25.146,-14.882,13.998,2.0663,-24.85,-27.596,-30.651,-20.817,-10.992,-12.559,-21.692
-5.4319,-25.062,-14.709,13.956,1.9161,-24.843,-28.584,-31.376,-21.864,-11.433,-12.588,-21.756
-4.9568,-24.255,-14.256,13.312,1.8764,-24.398,-29.254,-31.988,-22.856,-11.826,-12.541,-21.531
-4.0102,-22.826,-13.761,12.111,2.0753,-23.616,-29.607,-32.508,-23.763,-12.143,-12.407,-21.037
-2.6949,-20.964,-13.359,10.508,2.5329,-22.594,-29.605,-32.914,-24.504,-12.331,-12.151,-20.278
-1.2454,-18.885,-12.996,8.7388,3.1285,-21.394,-29.156,-33.153,-24.96,-12.321,-11.725,-19.23
0.026056,-16.797,-12.471,7.0598,3.6344,-20.03,-28.162,-33.183,-25.037,-12.068,-11.099,-17.868
0.81742,-14.865,-11.553,5.6955,3.7988,-18.494,-26.592,-32.995,-24.714,-11.585,-10.28,-16.188
0.92083,-13.205,-10.107,4.7969,3.4363,-16.784,-24.531,-32.623,-24.062,-10.942,-9.3196,-14.228
0.2728,-11.879,-8.1606,4.4206,2.487,-14.936,-22.172,-32.127,-23.217,-10.24,-8.2952,-12.071
-1.0329,-10.88,-5.8676,4.5226,1.0361,-13.017,-19.773,-31.577,-22.34,-9.5737,-7.2896,-9.8372
-2.7616,-10.138,-3.4434,4.964,-0.70594,-11.097,-17.556,-31.026,-21.555,-9.0014,-6.3629,-7.6506
-4.5774,-9.5308,-1.1199,5.5328,-2.4525,-9.2353,-15.635,-30.491,-20.907,-8.5368,-5.5374,-5.6077
-6.1063,-8.9103,0.87576,5.9809,-3.9046,-7.4872,-14.017,-29.951,-20.361,-8.1592,-4.8003,-3.7554
-7.011,-8.1217,2.3549,6.072,-4.8212,-5.9109,-12.66,-29.369,-19.838,-7.8356,-4.1239,-2.0947
-7.0686,-7.0297,3.2153,5.6251,-5.078,-4.5577,-11.508,-28.71,-19.243,-7.5423,-3.4889,-0.5971
-6.2255,-5.5464,3.4761,4.5567,-4.6942,-3.4456,-10.518,-27.951,-18.518,-7.2685,-2.8888,0.77157
-4.612,-3.655,3.2798,2.9063,-3.8159,-2.5329,-9.6585,-27.078,-17.644,-7.0119,-2.3249,2.0313
-2.5008,-1.4139,2.8636,0.82767,-2.669,-1.7124,-8.9061,-26.089,-16.649,-6.772,-1.8028,3.177
-0.22987,1.0564,2.4956,-1.451,-1.5031,-0.84224,-8.2464,-25.002,-15.594,-6.5466,-1.3266,4.1783
1.8737,3.5837,2.388,-3.6768,-0.53804,0.18526,-7.6743,-23.862,-14.555,-6.3315,-0.90397,4.9887
3.5511,5.9478,2.6251,-5.6135,0.079892,1.3662,-7.1962,-22.735,-13.592,-6.1226,-0.54377,5.5626
4.6481,7.9013,3.1434,-7.0708,0.30512,2.5594,-6.8146,-21.679,-12.731,-5.9098,-0.25001,5.8758
5.141,9.2134,3.7691,-7.9321,0.20267,3.5349,-6.5131,-20.716,-11.965,-5.6848,-0.015767,5.9435
5.1432,9.7218,4.2718,-8.1757,-0.061333,4.0584,-6.2475,-19.819,-11.26,-5.4422,0.17665,5.8228
4.8719,9.3734,4.4176,-7.8733,-0.26334,3.9695,-5.9543,-18.923,-10.578,-5.1804,0.35166,5.5995
4.5486,8.2372,4.0415,-7.1534,-0.20942,3.2359,-5.5685,-17.955,-9.8856,-4.8969,0.53604,5.3674
4.2802,6.4943,3.1345,-6.1472,0.16564,1.97,-5.0441,-16.856,-9.1552,-4.5838,0.75814,5.2064
4.0043,4.4007,1.8888,-4.9535,0.74321,0.40242,-4.3707,-15.606,-8.375,-4.2269,1.0422,5.1644
3.5261,2.2341,0.65838,-3.6274,1.2368,-1.1655,-3.5772,-14.231,-7.5475,-3.8104,1.4017,5.2484
2.6099,0.24278,-0.12683,-2.1843,1.2814,-2.4048,-2.7176,-12.791,-6.6873,-3.3254,1.8362,5.4301
1.0723,-1.3834,-0.041247,-0.61345,0.55157,-3.0099,-1.8458,-11.356,-5.8091,-2.7675,2.3329,5.6636
-1.153,-2.5205,1.2364,1.0917,-1.1242,-2.772,-0.99419,-9.9708,-4.9173,-2.1402,2.8724,5.9089
-3.9837,-3.1122,3.767,2.8925,-3.6814,-1.6624,-0.16472,-8.6388,-4.0036,-1.4541,3.4347,6.1493
-7.1858,-3.1747,7.2277,4.6738,-6.8136,0.13261,0.66507,-7.3253,-3.056,-0.72615,4.0011,6.3956
-10.406,-2.788,11.007,6.2523,-10.066,2.2818,1.5296,-5.9761,-2.0678,0.019481,4.5555,6.6764
-13.238,-2.0563,14.487,7.4258,-12.98,4.4586,2.4554,-4.5503,-1.0557,0.75614,5.0876,7.0205
-15.314,-1.0771,17.249,8.0356,-15.199,6.4331,3.4452,-3.047,-0.053915,1.4548,5.5862,7.4419
-16.386,0.03666,19.047,8.0205,-16.514,8.0219,4.4611,-1.5238,0.88871,2.0862,6.0312,7.9311
-16.376,1.1144,19.722,7.447,-16.854,9.032,5.4257,-0.091371,1.7195,2.6234,6.3936,8.4541
-15.379,1.9295,19.225,6.5007,-16.27,9.2924,6.2425,1.1233,2.3977,3.0456,6.6391,8.9606
-13.634,2.2537,17.679,5.4289,-14.909,8.6972,6.8363,2.0326,2.9099,3.3424,6.7422,9.3995
-11.449,1.9417,15.33,4.4531,-12.975,7.2327,7.1871,2.6285,3.2751,3.5188,6.6971,9.7345
-9.1064,1.0084,12.429,3.6874,-10.671,5.0061,7.3348,2.9803,3.5346,3.5885,6.5197,9.9537
-6.7873,-0.35087,9.1889,3.1095,-8.1578,2.2556,7.3524,3.1943,3.7359,3.5746,6.2409,10.07
-4.5652,-1.8165,5.8475,2.5996,-5.5798,-0.67255,7.3042,3.3541,3.9075,3.5013,5.8945,10.114
-2.4831,-3.0541,2.7116,2.0263,-3.1112,-3.3755,7.2138,3.4836,4.0522,3.3866,5.5063,10.116
-0.63265,-3.8239,0.11676,1.3276,-0.96569,-5.4858,7.0547,3.542,4.1488,3.238,5.0873,10.1
0.83153,-4.0547,-1.6698,0.5532,0.63459,-6.7915,6.7641,3.4549,4.1634,3.0512,4.6358,10.069
1.7438,-3.8636,-2.5497,-0.14523,1.5202,-7.3188,6.2699,3.1617,4.0667,2.8144,4.146,10.017
2.006,-3.5177,-2.6268,-0.57209,1.6453,-7.3184,5.5174,2.6487,3.8484,2.5143,3.6161,9.9256
1.6484,-3.3407,-2.1522,-0.56812,1.1214,-7.1589,4.4881,1.9533,3.5198,2.1426,3.0472,9.7765
0.83698,-3.5923,-1.4347,-0.073935,0.19461,-7.1896,3.2093,1.1489,3.1089,1.6943,2.4427,9.5544
-0.19032,-4.3821,-0.76768,0.85669,-0.82086,-7.6356,1.7567,0.32704,2.6548,1.1769,1.8151,9.2615
-1.226,-5.6657,-0.37192,2.097,-1.6402,-8.5385,0.24453,-0.41928,2.2054,0.61803,1.1998,8.9266
-2.1751,-7.3117,-0.35568,3.512,-2.106,-9.7659,-1.1967,-1.0198,1.8099,0.066695,0.65775,8.6013
-3.0834,-9.1975,-0.71251,5.0178,-2.2421,-11.116,-2.4592,-1.4528,1.5048,-0.42211,0.25694,8.3398
-4.1195,-11.285,-1.3524,6.6439,-2.231,-12.448,-3.5043,-1.7534,1.3008,-0.81105,0.038804,8.1707
-5.5268,-13.721,-2.1333,8.5903,-2.3214,-13.755,-4.3751,-1.9859,1.1844,-1.0932,-0.00044212,8.0805
-7.5364,-16.877,-2.8797,11.176,-2.72,-15.146,-5.1397,-2.1845,1.1446,-1.2793,0.10551,8.0275
-10.207,-20.961,-3.4051,14.556,-3.5215,-16.688,-5.8024,-2.2986,1.2,-1.3733,0.32438,7.9724
-13.254,-25.493,-3.5503,18.362,-4.6771,-18.217,-6.2649,-2.1917,1.4005,-1.3638,0.63844,7.8941
-16.045,-29.339,-3.2278,21.691,-5.9875,-19.314,-6.3595,-1.6999,1.7952,-1.2424,1.0269,7.7818
-17.81,-31.237,-2.4541,23.495,-7.1386,-19.483,-5.9068,-0.71518,2.3858,-1.0373,1.4337,7.6146
-17.917,-30.277,-1.3497,23.014,-7.7849,-18.363,-4.752,0.75311,3.0965,-0.83279,1.7592,7.3576
-16.096,-26.173,-0.1014,20.043,-7.6582,-15.852,-2.8046,2.5972,3.7964,-0.72899,1.9129,6.9819
-12.536,-19.372,1.1087,14.993,-6.6629,-12.124,-0.153,4.7266,4.4061,-0.74834,1.8985,6.4956
-7.7968,-10.91,2.1814,8.7277,-4.9394,-7.5764,2.8976,7.1625,5.027,-0.77172,1.8495,5.9668
-2.7186,-2.1165,3.1514,2.2804,-2.8973,-2.7148,6.2075,10.018,6.01,-0.54977,1.9676,5.5575
1.6626,5.7404,4.2019,-3.4345,-1.1695,1.9765,10.121,13.334,8.1286,0.37265,2.5631,5.6272
4.5791,11.87,5.6028,-8.0049,-0.35247,6.1663,15.173,15.824,13.697,3.0789,4.8119,6.896
6.3897,16.536,7.5101,-12.206,-0.46477,9.7708,21.683,13.176,11.562,3.551,12.427,10.522
9.5659,24.326,9.9229,-19.009,-0.59578,13.031,29.423,21.572,15.101,1.8733,8.7366,5.0409
-1.1014,26.423,13.464,-11.435,-8.8893,16.685,37.673,33.118,15.721,-4.8167,-1.1839,-3.6839
-18.559,18.426,24.811,1.8455,-24.097,24.522,45.9,44.313,11.38,-17.146,-16.258,-14.683
-38.792,8.8104,48.599,17.494,-42.159,30.728,55.345,53.604,2.6721,-33.609,-34.141,-26.562
-58.624,0.084907,65.939,32.492,-60.48,32.251,71.61,58.545,-7.9955,-49.963,-50.705,-37.263
-73.755,-5.2678,75.747,42.794,-73.574,31.232,95.483,61.995,-13.733,-60.478,-60.161,-43.245
-75.475,-3.6659,74.701,41.996,-73.949,29.185,102.51,72.447,0.5275,-49.645,-50.085,-37.214
-52.059,10.377,62.473,22.146,-55.389,27.77,95.759,99.354,60.769,16.358,0.3466,-7.1731
6.6371,44.619,37.301,-24.928,-13.33,32.696,83.695,151.76,198.29,178.83,121.37,63.639
106.67,106.4,1.6054,-105.38,54.128,48.521,67.677,237.06,400.08,421.92,306.22,182.39
243.48,197.49,-41.2,-217.42,145.22,77.074,47.975,354.27,672.18,750.92,554.93,336.85
411.57,316.16,-87.894,-359.06,253.35,116.42,24.25,492.33,1000.5,1146.1,856.47,526.97
602.72,454.55,-136.38,-522.77,373.3,161.74,-4.6251,634.01,1352.8,1569.2,1184.6,739.34
802.64,597.88,-189.44,-694.14,499.51,205.27,-39.742,758.16,1683.7,1966.9,1500.8,951.86
992.32,725.95,-249.69,-853.23,624.07,236.41,-80.258,845.23,1942.7,2277.6,1758.9,1136.1
1149.3,816.14,-317.83,-977.29,736.4,244.32,-122.09,882.38,2084.4,2443.7,1913.5,1262.5
1250.9,849.25,-390.98,-1045.4,824.47,221.87,-158.59,863.94,2079.4,2426.0,1931.5,1307.5
1280.9,816.16,-461.44,-1044.0,876.43,168.46,-182.33,791.07,1921.7,2217.6,1802.7,1260.5
1233.7,721.04,-517.04,-972.17,882.57,91.402,-187.73,671.18,1631.5,1847.8,1545.1,1127.8
1115.6,580.3,-544.82,-841.85,838.29,5.0183,-173.92,516.75,1250.5,1376.8,1201.4,931.68
943.99,418.47,-536.75,-675.1,747.73,-74.015,-144.7,343.77,832.33,878.82,827.22,704.35
744.99,260.96,-494.76,-498.03,625.26,-133.62,-106.22,170.21,430.76,422.46,476.22,479.99
548.07,126.57,-431.32,-334.1,492.83,-170.14,-64.67,13.761,89.365,55.904,187.23,285.97
378.38,23.976,-363.74,-199.13,372.8,-186.93,-24.55,-111.07,-165.25,-199.52,-21.262,137.54
250.05,-44.809,-305.96,-99.352,279.62,-190.03,11.851,-196.32,-326.05,-347.35,-149.96,37.525
163.66,-85.264,-262.89,-30.942,215.16,-184.49,43.832,-242.66,-404.08,-409.03,-213.24,-25.022
109.9,-104.34,-230.17,5.5068,171.39,-173.06,71.344,-258.91,-422.79,-414.94,-232.22,-52.949
76.359,-108.43,-198.72,21.384,138.2,-156.23,94.59,-258.49,-409.21,-392.85,-227.63,-59.285
51.532,-101.91,-161.79,28.347,107.54,-132.77,114.13,-253.24,-385.35,-361.68,-211.78,-58.719
26.588,-86.931,-118.01,31.915,74.076,-102.26,131.07,-248.92,-363.44,-332.13,-191.1,-55.358
-2.5462,-66.175,-67.331,34.504,34.726,-67.035,146.8,-245.98,-346.48,-306.37,-170.78,-51.19
-34.729,-43.09,-11.666,37.61,-9.701,-30.772,162.26,-242.5,-332.0,-285.95,-154.49,-47.696
-66.825,-21.446,42.085,42.75,-52.879,2.5557,177.25,-236.35,-315.82,-266.86,-142.44,-45.031
-95.169,-16.033,85.373,37.868,-89.493,29.33,190.07,-225.31,-295.86,-245.28,-132.89,-26.106
-115.07,-11.831,114.11,30.757,-115.67,46.932,198.29,-207.69,-264.54,-221.34,-122.11,-27.679
-125.73,-8.6289,129.54,33.19,-130.83,55.753,200.03,-186.48,-236.78,-203.5,-114.99,-29.922
-128.76,-6.2348,134.89,35.183,-137.99,58.445,195.25,-165.86,-214.49,-188.31,-109.05,-30.307
-124.51,-4.1773,132.72,35.717,-137.88,58.229,185.51,-143.45,-191.68,-171.71,-102.07,-29.443
-112.73,-2.1271,126.1,34.762,-130.67,57.197,172.6,-118.63,-168.39,-154.49,-93.573,-27.933
-96.915,0.011303,117.55,32.529,-118.35,51.502,157.99,-92.915,-145.77,-137.95,-84.398,-26.245
-82.324,2.0686,107.77,29.426,-103.38,40.25,142.88,-68.594,-124.96,-122.5,-75.755,-24.686
-70.297,3.7241,97.451,25.998,-87.227,36.003,128.27,-47.881,-107.21,-108.82,-68.359,-23.428
-59.995,4.6897,84.186,22.775,-71.725,34.468,114.99,-31.954,-93.131,-97.501,-62.457,-22.529
-51.362,4.8271,70.639,20.118,-58.637,32.008,103.43,-20.794,-82.615,-88.585,-57.989,-21.955
-44.722,4.157,59.824,18.153,-48.503,28.445,93.358,-13.674,-75.249,-81.84,-54.714,-21.599
-39.884,2.796,51.131,16.826,-40.996,24.395,84.208,-9.8502,-70.531,-76.933,-52.34,-21.311
-36.388,0.87515,43.424,16.025,-35.565,20.104,75.497,-9.51,-67.766,-73.382,-50.6,-20.965
-33.803,-1.5413,36.192,15.679,-31.834,15.591,67.032,-11.95,-65.716,-70.545,-49.251,-20.518
-31.751,-4.5002,29.625,15.843,-29.395,10.896,58.804,-11.247,-62.995,-67.846,-48.08,-20.047
-30.058,-8.1388,24.101,16.714,-27.341,6.0736,50.843,-8.8395,-59.27,-65.053,-46.937,-19.695
-28.907,-12.582,19.641,18.481,-24.833,1.1942,43.347,-6.9703,-54.95,-62.246,-45.76,-19.585
-28.521,-17.745,15.796,21.097,-22.175,-3.5824,36.811,-5.8469,-50.47,-59.529,-44.54,-19.754
-28.758,-23.131,12.369,24.141,-19.967,-7.9768,31.554,-5.2584,-46.199,-56.921,-43.278,-20.146
-29.096,-27.843,9.5345,26.87,-18.243,-11.626,27.493,-4.9744,-42.425,-54.406,-41.99,-20.653
-28.885,-30.875,7.3067,28.475,-16.715,-14.153,24.407,-4.8147,-39.318,-52.024,-40.72,-21.165
-27.634,-31.513,5.6194,28.39,-15.103,-15.29,22.072,-4.6685,-36.929,-49.881,-39.551,-21.602
-25.176,-29.59,4.4625,26.485,-13.292,-14.995,20.267,-4.4932,-35.209,-48.094,-38.56,-21.915
-21.736,-25.522,3.8844,23.068,-11.372,-13.465,18.775,-4.2877,-34.015,-46.701,-37.764,-22.065
-17.864,-20.162,3.9396,18.78,-9.604,-11.067,17.427,-4.0708,-33.124,-45.606,-37.1,-22.019
-14.265,-14.523,4.623,14.415,-8.2932,-8.2249,16.151,-3.865,-32.276,-44.609,-36.435,-21.748
-11.556,-9.472,5.8259,10.689,-7.6489,-5.3405,14.968,-3.689,-31.247,-43.483,-35.63,-21.243
-10.059,-5.5933,7.3265,8.0708,-7.6954,-2.7618,13.917,-3.558,-29.909,-42.035,-34.575,-20.527
-9.7087,-3.2061,8.8146,6.7244,-8.2586,-0.77451,12.98,-3.4843,-28.247,-40.143,-33.194,-19.651
-10.125,-2.3934,9.9633,6.5252,-9.0275,0.4268,12.072,-3.473,-26.35,-37.789,-31.472,-18.688
-10.823,-2.9706,10.534,7.1166,-9.681,0.79265,11.092,-3.524,-24.382,-35.086,-29.466,-17.704
-11.466,-4.4588,10.47,8.0565,-10.03,0.4395,9.9826,-3.6196,-22.526,-32.256,-27.316,-16.732
-11.979,-6.25,9.9303,9.0254,-10.082,-0.3693,8.7606,-3.7313,-20.923,-29.558,-25.202,-15.762
-12.455,-7.8952,9.2154,9.9131,-9.9858,-1.2992,7.5016,-3.8271,-19.637,-27.181,-23.269,-14.75
-12.984,-9.1951,8.6472,10.727,-9.9171,-2.0585,6.3028,-3.876,-18.643,-25.18,-21.573,-13.642
-13.577,-10.103,8.4417,11.471,-9.9903,-2.4729,5.2413,-3.8543,-17.86,-23.494,-20.086,-12.4
-14.146,-10.636,8.6345,12.091,-10.214,-2.5091,4.3392,-3.7598,-17.203,-22.015,-18.749,-11.031
-14.528,-10.836,9.0663,12.469,-10.481,-2.2607,3.5584,-3.6223,-16.618,-20.666,-17.52,-9.5953
-14.521,-10.73,9.4319,12.453,-10.586,-1.9009,2.8192,-3.493,-16.088,-19.414,-16.389,-8.1894
-13.927,-10.296,9.3976,11.907,-10.286,-1.5958,2.041,-3.4091,-15.605,-18.243,-15.36,-6.9046
-12.615,-9.4643,8.7617,10.751,-9.4123,-1.4114,1.1876,-3.3689,-15.14,-17.109,-14.405,-5.7853
-10.586,-8.1449,7.5871,8.9818,-7.972,-1.2631,0.28092,-3.3305,-14.64,-15.942,-13.46,-4.8143
-8.0234,-6.2783,6.2113,6.6884,-6.1885,-0.95214,-0.62073,-3.2414,-14.054,-14.671,-12.459,-3.9333
-5.2771,-3.8783,5.1079,4.0591,-4.4373,-0.27222,-1.4587,-3.0743,-13.366,-13.274,-11.369,-3.0866
-2.7772,-1.0741,4.6849,1.3721,-3.1116,0.89906,-2.2032,-2.861,-12.622,-11.794,-10.216,-2.2628
-0.90541,1.8729,5.1235,-1.0497,-2.4827,2.5549,-2.8705,-2.6926,-11.912,-10.327,-9.0751,-1.5122
0.11595,4.6063,6.3194,-2.9177,-2.6146,4.5349,-3.5244,-2.6924,-11.327,-8.9772,-8.0411,-0.9348
0.28063,6.7706,7.9188,-4.0622,-3.3517,6.5196,-4.2607,-2.9684,-10.921,-7.8167,-7.1868,-0.64766
-0.20657,8.1115,9.421,-4.4835,-4.3717,8.0919,-5.1743,-3.5715,-10.691,-6.8649,-6.5376,-0.75045
-0.99142,8.5225,10.334,-4.3375,-5.2868,8.8717,-6.3245,-4.4787,-10.577,-6.0936,-6.0734,-1.2979
-1.6742,8.0296,10.329,-3.8573,-5.7487,8.6436,-7.7173,-5.6089,-10.494,-5.4446,-5.7388,-2.285
-1.9314,6.7479,9.2887,-3.252,-5.5238,7.3945,-9.3136,-6.8476,-10.37,-4.8578,-5.4703,-3.649
-1.616,4.8341,7.2855,-2.6357,-4.5412,5.2541,-11.047,-8.0958,-10.179,-4.298,-5.2264,-5.2992
-0.7974,2.4429,4.5385,-2.0144,-2.9187,2.4054,-12.85,-9.29,-9.9435,-3.7581,-5.0002,-7.1502
0.27674,-0.29207,1.3759,-1.317,-0.93557,-0.93586,-14.681,-10.404,-9.7054,-3.2468,-4.8057,-9.1441
1.2757,-3.243,-1.8256,-0.44309,1.0489,-4.5006,-16.514,-11.434,-9.4974,-2.77,-4.6575,-11.251
1.8943,-6.2633,-4.7012,0.68686,2.6941,-7.9873,-18.324,-12.378,-9.3278,-2.3201,-4.5514,-13.454
1.9349,-9.1853,-6.9454,2.0904,3.7539,-11.091,-20.077,-13.218,-9.1784,-1.8757,-4.4627,-15.732
1.3469,-11.844,-8.367,3.706,4.1154,-13.548,-21.739,-13.923,-9.0108,-1.4069,-4.3541,-18.04
0.21856,-14.108,-8.95,5.4112,3.8054,-15.23,-23.3,-14.455,-8.7767,-0.88336,-4.1816,-20.297
-1.2672,-15.905,-8.8732,7.0658,2.9688,-16.208,-24.776,-14.785,-8.4297,-0.27903,-3.9022,-22.389
-2.8977,-17.238,-8.4493,8.5587,1.8198,-16.7,-26.205,-14.895,-7.9366,0.42253,-3.4846,-24.185
-4.4885,-18.18,-8.0312,9.8346,0.58895,-16.954,-27.629,-14.779,-7.2855,1.2258,-2.9132,-25.571
-5.9092,-18.843,-7.9438,10.889,-0.51477,-17.165,-29.083,-14.45,-6.4881,2.1223,-2.1942,-26.477
-7.0719,-19.336,-8.4507,11.735,-1.3172,-17.447,-30.596,-13.943,-5.5778,3.0924,-1.3524,-26.889
-7.8915,-19.727,-9.7499,12.367,-1.6626,-17.853,-32.194,-13.313,-4.5984,4.1132,-0.4224,-26.845
-8.2446,-20.034,-11.937,12.727,-1.3742,-18.396,-33.897,-12.62,-3.5921,5.1662,0.56176,-26.409
-7.9727,-20.23,-14.906,12.714,-0.26794,-19.085,-35.711,-11.915,-2.5914,6.2417,1.5725,-25.645
-6.9443,-20.269,-18.398,12.219,1.7338,-19.939,-37.611,-11.243,-1.6171,7.3374,2.5906,-24.592
-5.1173,-20.111,-22.233,11.17,4.5337,-20.991,-39.553,-10.635,-0.67855,8.4594,3.6054,-23.259
-2.5519,-19.756,-26.381,9.5734,7.9544,-22.278,-41.479,-10.109,0.22487,9.6274,4.6157,-21.634
0.60558,-19.252,-30.845,7.5267,11.857,-23.813,-43.343,-9.6707,1.1033,10.887,5.6322,-19.707
4.1401,-18.695,-35.547,5.2103,16.164,-25.568,-45.106,-9.3044,1.977,12.321,6.6785,-17.486
7.7972,-18.188,-40.321,2.8519,20.837,-27.461,-46.737,-8.9767,2.8769,14.059,7.7933,-14.997
11.338,-17.807,-44.958,0.67662,25.868,-29.359,-48.216,-8.6436,3.8382,16.27,9.0257,-12.292
14.605,-17.6,-49.262,-1.1354,31.25,-31.113,-49.554,-8.2717,4.8888,19.127,10.425,-9.4465
17.566,-17.61,-53.079,-2.4716,36.861,-32.601,-50.827,-7.8593,6.0345,22.715,12.028,-6.5516
20.283,-17.86,-56.324,-3.2969,42.359,-33.762,-52.18,-7.4448,7.249,26.909,13.833,-3.6973
22.822,-18.282,-58.989,-3.6698,47.303,-34.578,-53.783,-7.0953,8.4726,31.346,15.787,-0.95528
25.205,-18.646,-61.117,-3.7621,51.428,-35.041,-55.73,-6.879,9.6271,35.578,17.779,1.6304
27.468,-18.586,-62.788,-3.8577,54.772,-35.124,-57.971,-6.8362,10.651,39.326,19.715,4.0537
29.808,-17.74,-64.085,-4.3097,57.564,-34.781,-60.313,-6.9656,11.537,42.604,21.618,6.3589
32.628,-15.901,-65.066,-5.4454,60.087,-33.961,-62.53,-7.2349,12.328,45.688,23.679,8.6337
36.363,-13.097,-65.752,-7.4401,62.56,-32.641,-64.484,-7.604,13.092,48.999,26.257,10.974
41.223,-9.5802,-66.161,-10.238,65.069,-30.901,-66.2,-8.0487,13.88,52.915,29.834,13.451
47.069,-5.7708,-66.354,-13.586,67.561,-28.985,-67.838,-8.5773,14.716,57.534,34.862,16.105
53.486,-2.1668,-66.448,-17.179,69.919,-27.22,-69.583,-9.2344,15.596,62.584,41.323,18.977
59.913,0.77561,-66.595,-20.815,72.05,-25.855,-71.564,-10.084,16.505,67.644,48.343,22.136
65.783,2.7556,-66.927,-24.416,73.95,-24.972,-73.815,-11.171,17.425,72.486,54.853,25.674
70.731,3.7273,-67.489,-27.891,75.69,-24.491,-76.303,-12.488,18.347,77.113,60.538,29.622
74.756,3.9741,-68.193,-31.075,77.367,-24.221,-78.949,-13.963,19.276,81.61,65.667,33.866
78.209,4.0566,-68.84,-33.941,79.066,-23.903,-81.647,-15.481,20.237,86.063,70.598,38.238
81.654,4.6166,-69.2,-36.833,80.857,-23.261,-84.273,-16.921,21.271,90.53,75.602,42.693
85.649,6.1782,-69.12,-40.347,82.787,-22.065,-86.704,-18.202,22.426,95.016,80.838,47.311
90.476,9.0134,-68.584,-44.944,84.827,-20.196,-88.865,-19.299,23.731,99.461,86.322,52.166
95.971,13.076,-67.711,-50.645,86.829,-17.693,-90.758,-20.234,25.18,103.76,91.949,57.204
101.6,17.998,-66.687,-56.991,88.59,-14.765,-92.481,-21.05,26.721,107.83,97.554,62.244
106.73,23.189,-65.693,-63.267,89.963,-11.747,-94.181,-21.769,28.265,111.61,103.02,67.061
110.91,28.017,-64.827,-68.78,90.878,-8.9769,-95.969,-22.368,29.707,115.14,108.34,71.474
113.98,31.966,-64.057,-73.07,91.323,-6.6769,-97.806,-22.772,30.942,118.58,113.67,75.419
116.03,34.718,-63.224,-76.036,91.313,-4.8985,-99.457,-22.897,31.885,122.26,119.4,78.957
117.29,36.238,-62.113,-77.904,90.883,-3.5529,-100.6,-22.683,32.493,126.83,126.07,82.241
117.9,36.83,-60.541,-79.03,90.058,-2.4736,-101.02,-22.134,32.78,132.95,134.23,85.428
117.63,37.1,-58.426,-79.591,88.825,-1.4834,-100.71,-21.306,32.829,140.24,143.27,88.532
115.92,37.743,-55.801,-79.375,87.127,-0.46058,-99.791,-20.283,32.768,145.7,149.98,91.259
112.58,39.03,-52.788,-78.104,84.91,0.60231,-98.451,-19.143,32.68,145.62,150.62,93.001
108.13,40.415,-49.547,-75.924,82.162,1.606,-96.854,-17.936,32.501,140.04,145.71,93.254
103.2,40.994,-46.198,-73.098,78.912,2.4275,-95.033,-16.673,32.044,132.33,138.46,92.068
97.851,40.236,-42.723,-69.554,75.143,2.9988,-92.832,-15.331,31.179,124.82,130.94,89.885
91.81,38.149,-38.923,-64.976,70.701,3.3326,-89.975,-13.875,29.938,117.9,123.7,87.091
84.756,35.129,-34.563,-59.153,65.361,3.5044,-86.246,-12.286,28.467,111.31,116.74,83.876
76.614,31.701,-29.639,-52.332,59.008,3.6106,-81.561,-10.574,26.914,104.79,109.93,80.297
67.669,28.292,-24.489,-45.23,51.802,3.7371,-75.923,-8.773,25.36,98.19,103.22,76.359
58.526,25.177,-19.578,-38.622,44.218,3.9564,-69.393,-6.9101,23.826,91.444,96.576,72.049
49.875,22.537,-15.191,-32.959,36.864,4.3382,-62.116,-4.9909,22.313,84.539,90.003,67.359
42.136,20.5,-11.356,-28.337,30.144,4.9503,-54.304,-3.0002,20.831,77.524,83.482,62.311
35.296,19.11,-7.962,-24.628,24.098,5.8366,-46.175,-0.92047,19.402,70.479,76.992,56.986
29.097,18.293,-4.8978,-21.621,18.585,6.9814,-37.917,1.245,18.044,63.449,70.502,51.521
23.377,17.838,-2.1203,-19.115,13.582,8.2818,-29.713,3.4538,16.752,56.38,63.967,46.06
18.269,17.453,0.34891,-16.947,9.3007,9.5542,-21.796,5.6199,15.496,49.154,57.307,40.721
14.034,16.848,2.4621,-14.959,5.961,10.584,-14.491,7.6318,14.232,41.779,50.437,35.617
10.699,15.823,4.1779,-13.001,3.5068,11.195,-8.2144,9.3853,12.92,34.621,43.391,30.865
8.0088,14.298,5.4795,-10.954,1.6625,11.293,-3.3275,10.812,11.543,28.233,36.498,26.543
5.6821,12.306,6.3807,-8.7787,0.1749,10.878,0.13049,11.888,10.103,22.889,30.261,22.637
3.5585,9.957,6.9224,-6.5104,-1.0871,10.023,2.4882,12.628,8.6141,18.462,24.969,19.048
1.5791,7.398,7.1664,-4.2237,-2.1706,8.8381,4.1821,13.069,7.082,14.665,20.554,15.652
-0.28829,4.7692,7.1914,-1.9777,-3.1056,7.4374,5.5205,13.254,5.4987,11.243,16.772,12.342
-2.1035,2.1507,7.0914,0.22855,-3.9488,5.9176,6.6349,13.224,3.8427,8.0265,13.395,9.0484
-3.9656,-0.46687,6.9575,2.4665,-4.7854,4.3385,7.5449,13.007,2.0911,4.9287,10.279,5.7384
-5.9747,-3.1595,6.8397,4.8383,-5.6892,2.7124,8.2449,12.609,0.22994,1.9182,7.3501,2.4087
-8.1647,-6.0061,6.7136,7.4012,-6.6713,1.0122,8.7656,12.019,-1.7411,-1.0133,4.5803,-0.92929
-10.461,-9.0224,6.4864,10.11,-7.657,-0.79794,9.1912,11.222,-3.8107,-3.8829,1.9587,-4.2622
-12.69,-12.124,6.0492,12.819,-8.5097,-2.721,9.6339,10.228,-5.9618,-6.7422,-0.52562,-7.5746
-14.632,-15.133,5.3477,15.326,-9.0935,-4.6953,10.188,9.0803,-8.1765,-9.674,-2.893,-10.83
-16.096,-17.822,4.423,17.436,-9.3345,-6.5962,10.895,7.8522,-10.434,-12.753,-5.1651,-13.949
-16.969,-19.976,3.3948,19.0,-9.239,-8.2702,11.744,6.6357,-12.704,-15.984,-7.3498,-16.815
-17.226,-21.446,2.4076,19.934,-8.8693,-9.58,12.698,5.5275,-14.935,-19.275,-9.4361,-19.31
-16.921,-22.17,1.5767,20.231,-8.3083,-10.436,13.718,4.608,-17.065,-22.482,-11.403,-21.341
-16.174,-22.185,0.96263,19.957,-7.6391,-10.807,14.785,3.9187,-19.023,-25.465,-13.221,-22.854
-15.15,-21.603,0.57732,19.24,-6.941,-10.717,15.892,3.4549,-20.73,-28.11,-14.856,-23.819
-14.032,-20.573,0.40921,18.235,-6.2919,-10.223,17.03,3.1788,-22.105,-30.303,-16.239,-24.216
-12.987,-19.24,0.44851,17.097,-5.7682,-9.4065,18.172,3.0417,-23.078,-31.93,-17.279,-24.036
-12.141,-17.738,0.70571,15.962,-5.4396,-8.352,19.265,3.0036,-23.614,-32.92,-17.901,-23.296
-11.574,-16.185,1.218,14.942,-5.3656,-7.1311,20.248,3.0482,-23.743,-33.261,-18.098,-22.051
-11.331,-14.674,2.0389,14.112,-5.593,-5.7847,21.065,3.1901,-23.537,-33.014,-17.931,-20.391
-11.433,-13.245,3.2155,13.5,-6.1519,-4.3199,21.691,3.4685,-23.08,-32.279,-17.499,-18.414
-11.854,-11.875,4.757,13.077,-7.0335,-2.7237,22.127,3.9237,-22.419,-31.161,-16.876,-16.206
-12.486,-10.507,6.6017,12.761,-8.1591,-0.99125,22.393,4.5689,-21.57,-29.749,-16.1,-13.834
-13.142,-9.1012,8.5952,12.44,-9.3708,0.83811,22.503,5.3741,-20.529,-28.11,-15.182,-11.354
-13.612,-7.6653,10.504,12.016,-10.462,2.6602,22.465,6.2723,-19.305,-26.292,-14.132,-8.816
-13.743,-6.2721,12.068,11.446,-11.24,4.3163,22.273,7.1806,-17.932,-24.331,-12.977,-6.2703
-13.509,-5.0521,13.077,10.777,-11.593,5.6309,21.907,8.0178,-16.464,-22.278,-11.766,-3.7739
-13.047,-4.1705,13.449,10.155,-11.556,6.4642,21.34,8.7109,-14.974,-20.211,-10.569,-1.3985
-12.627,-3.7771,13.278,9.7788,-11.316,6.7679,20.554,9.2018,-13.526,-18.205,-9.4477,0.77753
-12.548,-3.9414,12.828,9.8254,-11.141,6.6214,19.573,9.4661,-12.151,-16.306,-8.4222,2.6925
-13.018,-4.6087,12.439,10.369,-11.27,6.2178,18.473,9.5315,-10.839,-14.506,-7.4653,4.3199
-14.071,-5.6022,12.398,11.351,-11.824,5.7987,17.36,9.4718,-9.5618,-12.766,-6.5275,5.6662
-15.525,-6.655,12.825,12.581,-12.755,5.5747,16.323,9.3751,-8.3003,-11.062,-5.5719,6.7562
-17.012,-7.4495,13.637,13.747,-13.843,5.6725,15.403,9.3072,-7.0545,-9.4015,-4.5878,7.6195
-18.067,-7.6662,14.585,14.458,-14.75,6.121,14.598,9.296,-5.8338,-7.8048,-3.586,8.2877
-18.242,-7.0522,15.351,14.324,-15.136,6.8668,13.886,9.3403,-4.6427,-6.2835,-2.5765,8.7973
-17.226,-5.4926,15.667,13.078,-14.764,7.8086,13.254,9.4311,-3.4755,-4.8313,-1.5651,9.1928
-14.952,-3.0502,15.411,10.687,-13.58,8.841,12.713,9.5692,-2.3149,-3.4284,-0.54952,9.5248
-11.649,0.046486,14.653,7.3843,-11.731,9.8937,12.295,9.7728,-1.1327,-2.049,0.48125,9.8399
-7.8028,3.4589,13.617,3.613,-9.5263,10.944,12.045,10.075,0.10471,-0.66829,1.5435,10.169
-4.0226,6.813,12.602,-0.097372,-7.356,11.998,11.99,10.517,1.4263,0.73063,2.6498,10.522
-0.8795,9.7741,11.885,-3.2668,-5.5938,13.063,12.119,11.14,2.8455,2.1499,3.8006,10.892
1.2319,12.111,11.667,-5.5689,-4.5173,14.138,12.381,11.975,4.3553,3.5743,4.9741,11.26
2.1617,13.733,12.041,-6.8775,-4.2512,15.215,12.701,13.037,5.9304,4.9755,6.1356,11.611
1.9955,14.691,12.979,-7.2578,-4.7412,16.288,13.004,14.312,7.5316,6.3195,7.2487,11.934
0.98643,15.131,14.331,-6.9179,-5.7851,17.345,13.228,15.744,9.1056,7.5701,8.2809,12.226
-0.53792,15.234,15.874,-6.1352,-7.1263,18.369,13.334,17.233,10.583,8.6875,9.2007,12.479
-2.2578,15.152,17.398,-5.1745,-8.5476,19.34,13.303,18.654,11.883,9.6294,9.9738,12.677
-3.9111,14.992,18.761,-4.2352,-9.8978,20.237,13.137,19.886,12.935,10.359,10.568,12.813
-5.318,14.814,19.89,-3.4363,-11.073,21.043,12.853,20.848,13.699,10.858,10.962,12.892
-6.395,14.628,20.746,-2.8162,-12.005,21.721,12.464,21.508,14.178,11.127,11.155,12.931
-7.1487,14.391,21.307,-2.3415,-12.666,22.2,11.963,21.875,14.412,11.189,11.163,12.937
-7.6364,14.025,21.549,-1.9375,-13.046,22.359,11.329,21.976,14.46,11.077,11.015,12.895
-7.925,13.449,21.441,-1.5272,-13.151,22.064,10.539,21.834,14.375,10.827,10.744,12.779
-8.0761,12.595,20.954,-1.0507,-12.997,21.223,9.589,21.465,14.193,10.471,10.38,12.566
-8.1422,11.414,20.082,-0.46297,-12.615,19.813,8.5036,20.879,13.929,10.034,9.9482,12.248
-8.1537,9.8855,18.847,0.25738,-12.046,17.884,7.3353,20.098,13.581,9.5377,9.4683,11.833
-8.0903,8.0522,17.294,1.0752,-11.314,15.537,6.1592,19.167,13.15,8.9977,8.9545,11.345
-7.8643,6.049,15.475,1.8696,-10.411,12.926,5.0638,18.155,12.65,8.4329,8.4214,10.82
-7.3378,4.107,13.442,2.4485,-9.3019,10.26,4.1385,17.156,12.13,7.8729,7.8946,10.306
-6.3769,2.5083,11.271,2.612,-7.9474,7.79,3.458,16.271,11.666,7.3649,7.4188,9.8583
-4.929,1.5074,9.0768,2.2322,-6.35,5.7725,3.0667,15.599,11.345,6.967,7.053,9.5283
-3.0851,1.2506,7.0259,1.3101,-4.5991,4.405,2.971,15.213,11.233,6.7291,6.8507,9.3463
-1.0925,1.7276,5.3192,-0.013085,-2.8884,3.7746,3.1397,15.15,11.342,6.673,6.8355,9.3055
0.70149,2.7713,4.1595,-1.4904,-1.4831,3.8384,3.514,15.4,11.623,6.7806,6.9873,9.3589
1.956,4.1083,3.7001,-2.8377,-0.63829,4.4498,4.0256,15.904,11.983,7.0004,7.25,9.435
2.4402,5.4461,3.9832,-3.812,-0.50763,5.4122,4.6174,16.567,12.335,7.2722,7.5601,9.4665
2.0983,6.5666,4.9134,-4.2801,-1.0862,6.5389,5.2572,17.284,12.628,7.555,7.8766,9.4175
1.0768,7.3898,6.2803,-4.2657,-2.2037,7.6918,5.9268,17.972,12.861,7.8352,8.1894,9.2906
-0.28056,7.9788,7.7945,-3.9631,-3.5541,8.7801,6.5945,18.573,13.051,8.1112,8.5041,9.1116
-1.4787,8.4874,9.127,-3.6957,-4.7457,9.7262,7.2001,19.056,13.209,8.3738,8.82,8.9016
-1.9886,9.0688,9.9534,-3.8062,-5.3828,10.438,7.6622,19.389,13.325,8.5965,9.1173,8.6572
-1.445,9.7875,10.028,-4.504,-5.1903,10.809,7.892,19.534,13.365,8.7383,9.3559,8.3457
0.16963,10.568,9.2726,-5.7499,-4.1256,10.742,7.8108,19.44,13.287,8.755,9.4851,7.9166
2.4846,11.205,7.8124,-7.2471,-2.4075,10.182,7.3741,19.071,13.046,8.6144,9.4618,7.3223
4.878,11.429,5.9411,-8.5496,-0.4476,9.1523,6.5988,18.427,12.616,8.3104,9.2688,6.5395
6.7104,11.025,4.0428,-9.2385,1.2774,7.7571,5.5683,17.561,11.998,7.8673,8.9229,5.583
7.5167,9.91,2.4968,-9.0632,2.356,6.1605,4.4074,16.562,11.222,7.3304,8.4668,4.5034
7.0883,8.1464,1.5866,-7.979,2.5376,4.541,3.2416,15.529,10.335,6.7484,7.952,3.3713
5.4791,5.8937,1.4232,-6.1112,1.7864,3.0412,2.1611,14.535,9.3846,6.1561,7.4186,2.2528
2.9658,3.3486,1.907,-3.6984,0.28512,1.7301,1.2023,13.609,8.4073,5.5658,6.8829,1.1866
-0.031412,0.69868,2.7579,-1.0292,-1.6252,0.58947,0.34922,12.739,7.4214,4.9689,6.3346,0.17288
-3.063,-1.9092,3.6219,1.6272,-3.5537,-0.4703,-0.44146,11.884,6.4321,4.3464,5.7472,-0.8158
-5.7594,-4.3836,4.1979,4.078,-5.1679,-1.5667,-1.2063,10.997,5.4398,3.6838,5.0969,-1.8091
-7.8954,-6.6873,4.3141,6.2281,-6.2628,-2.7931,-1.952,10.049,4.4495,2.9803,4.379,-2.8119
-9.3954,-8.8202,3.9328,8.062,-6.7804,-4.181,-2.6565,9.0352,3.4753,2.2517,3.613,-3.7926
-10.288,-10.789,3.1161,9.5929,-6.7819,-5.6953,-3.2801,7.9689,2.5408,1.5277,2.8372,-4.6929
-10.649,-12.578,1.9818,10.813,-6.3829,-7.259,-3.7782,6.8743,1.6744,0.84419,2.0955,-5.454
-10.562,-14.134,0.65902,11.682,-5.6977,-8.787,-4.1134,5.7767,0.89746,0.2307,1.4217,-6.0448
-10.099,-15.382,-0.74794,12.151,-4.8139,-10.204,-4.2698,4.6958,0.21332,-0.3003,0.82952,-6.4767
-9.299,-16.249,-2.169,12.183,-3.784,-11.45,-4.2624,3.6435,-0.39376,-0.75483,0.3116,-6.7996
-8.2001,-16.692,-3.5459,11.777,-2.6488,-12.474,-4.1336,2.6274,-0.94939,-1.1499,-0.15286,-7.0805
-6.8778,-16.716,-4.8066,10.986,-1.4759,-13.24,-3.9368,1.6575,-1.4752,-1.5032,-0.58629,-7.3765
-5.454,-16.362,-5.8674,9.9125,-0.3618,-13.729,-3.7147,0.75046,-1.9784,-1.8244,-1.002,-7.7111
-4.0606,-15.701,-6.6645,8.6816,0.60114,-13.944,-3.4842,-0.072871,-2.4498,-2.1124,-1.3981,-8.0658
-2.7947,-14.812,-7.1868,7.4069,1.3641,-13.909,-3.2353,-0.79773,-2.8706,-2.3567,-1.7598,-8.3918
-1.6974,-13.76,-7.4808,6.1637,1.9328,-13.665,-2.9419,-1.4261,-3.2228,-2.5436,-2.0665,-8.6342
-0.76869,-12.595,-7.6125,4.9851,2.343,-13.251,-2.5758,-1.9751,-3.4971,-2.6625,-2.2997,-8.756
-0.0015217,-11.349,-7.6163,3.8788,2.6207,-12.693,-2.1195,-2.4572,-3.6924,-2.7072,-2.4447,-8.7489
0.59474,-10.048,-7.4717,2.852,2.7616,-11.996,-1.5749,-2.8579,-3.8101,-2.6755,-2.4902,-8.6331
0.99432,-8.722,-7.1247,1.9255,2.739,-11.153,-0.96701,-3.1345,-3.852,-2.5698,-2.4316,-8.451
1.1724,-7.417,-6.5323,1.1324,2.5292,-10.169,-0.34393,-3.2431,-3.8248,-2.4026,-2.278,-8.258
1.1302,-6.1934,-5.7051,0.50408,2.1377,-9.088,0.22955,-3.1757,-3.7461,-2.2009,-2.0576,-8.1108
0.91816,-5.1183,-4.7287,0.050897,1.621,-8.0019,0.6839,-2.9802,-3.6463,-2.0015,-1.8134,-8.0528
0.64276,-4.2491,-3.7532,-0.25094,1.088,-7.0349,0.95988,-2.753,-3.5627,-1.8421,-1.5912,-8.1006
0.4462,-3.6145,-2.9515,-0.45977,0.67228,-6.3091,1.0198,-2.6056,-3.5287,-1.7508,-1.4272,-8.2399
0.46429,-3.206,-2.4624,-0.64986,0.48867,-5.9067,0.85198,-2.6315,-3.5696,-1.7402,-1.3414,-8.4357
0.77495,-2.9864,-2.3423,-0.87938,0.59131,-5.8436,0.46945,-2.8783,-3.7027,-1.8115,-1.339,-8.6502
1.3496,-2.9121,-2.5431,-1.1552,0.94557,-6.0645,-0.092183,-3.3392,-3.9391,-1.9604,-1.4151,-8.8597
2.03,-2.9608,-2.9255,-1.4097,1.4219,-6.4625,-0.77876,-3.9582,-4.279,-2.1792,-1.556,-9.0602
2.5509,-3.1539,-3.3021,-1.5024,1.8215,-6.9136,-1.5236,-4.6472,-4.7062,-2.4583,-1.7433,-9.2629
2.6174,-3.5652,-3.4967,-1.2567,1.9342,-7.3238,-2.2603,-5.3145,-5.1853,-2.7844,-1.9588,-9.4822
2.0033,-4.3057,-3.3975,-0.51356,1.6095,-7.6624,-2.9289,-5.8937,-5.6731,-3.1413,-2.1897,-9.722
0.62233,-5.4967,-2.9943,0.82475,0.81138,-7.974,-3.4937,-6.3712,-6.1319,-3.5118,-2.431,-9.9692
-1.4359,-7.2337,-2.3923,2.7605,-0.36474,-8.357,-3.9602,-6.7876,-6.546,-3.8827,-2.6843,-10.2
-3.896,-9.4961,-1.788,5.1456,-1.706,-8.9125,-4.3591,-7.2083,-6.9231,-4.2459,-2.9552,-10.385
-6.3335,-12.031,-1.3906,7.639,-2.9334,-9.6632,-4.7116,-7.6745,-7.2755,-4.5934,-3.24,-10.482
-8.2687,-14.341,-1.3227,9.7546,-3.7835,-10.493,-4.9992,-8.1653,-7.5972,-4.9082,-3.5132,-10.431
-9.2934,-15.836,-1.5516,10.996,-4.0921,-11.159,-5.1629,-8.5994,-7.8556,-5.1614,-3.7309,-10.164
-9.181,-16.03,-1.9106,11.008,-3.8379,-11.383,-5.1332,-8.8759,-8.0066,-5.3209,-3.8474,-9.6315
-7.9408,-14.694,-2.189,9.677,-3.1264,-10.955,-4.8686,-8.9257,-8.0189,-5.3668,-3.8364,-8.8353
-5.8012,-11.927,-2.2274,7.1687,-2.1349,-9.814,-4.3847,-8.7411,-7.8931,-5.3008,-3.7033,-7.8283
-3.1424,-8.1411,-1.9697,3.8866,-1.059,-8.0795,-3.7515,-8.369,-7.6588,-5.1461,-3.4793,-6.6928
-0.39849,-3.9631,-1.4687,0.36225,-0.06628,-6.0248,-3.077,-7.8872,-7.3577,-4.9357,-3.206,-5.5062
2.0517,-0.048625,-0.87207,-2.8932,0.74371,-3.9979,-2.4741,-7.3806,-7.0296,-4.7053,-2.9225,-4.3201
3.9909,3.1053,-0.37846,-5.526,1.3764,-2.3162,-2.0265,-6.923,-6.7036,-4.4864,-2.6575,-3.1587
5.4147,5.273,-0.18474,-7.4137,1.9363,-1.1763,-1.7649,-6.5635,-6.3939,-4.2982,-2.4245,-2.0261
6.4876,6.5125,-0.41384,-8.6457,2.5676,-0.60971,-1.6583,-6.3094,-6.0935,-4.1406,-2.2182,-0.91034
7.4275,7.0993,-1.0557,-9.4367,3.3644,-0.49572,-1.6359,-6.1266,-5.777,-3.9935,-2.0163,0.21338
8.388,7.4093,-1.9587,-10.031,4.3049,-0.62052,-1.6144,-5.9544,-5.4162,-3.8274,-1.7898,1.3705
9.398,7.7756,-2.8867,-10.621,5.2532,-0.75748,-1.5296,-5.7325,-5.0018,-3.6244,-1.5257,2.574
10.38,8.37,-3.6175,-11.297,6.0489,-0.74439,-1.3558,-5.4251,-4.5545,-3.3885,-1.2328,3.8097
11.239,9.1834,-4.0217,-12.038,6.6181,-0.51233,-1.1023,-5.0296,-4.1175,-3.1428,-0.93599,5.0387
11.917,10.104,-4.0785,-12.757,6.9786,-0.064872,-0.79557,-4.5709,-3.73,-2.9127,-0.65898,6.2167
12.376,11.006,-3.8468,-13.349,7.1592,0.5659,-0.44855,-4.0738,-3.4083,-2.7099,-0.4099,7.3142
12.578,11.804,-3.4024,-13.742,7.1512,1.3424,-0.034541,-3.5387,-3.1375,-2.5242,-0.1748,8.3297
12.479,12.476,-2.769,-13.918,6.908,2.2323,0.50172,-2.9405,-2.8775,-2.3269,0.077183,9.2896
12.019,13.028,-1.8922,-13.872,6.3541,3.2206,1.2076,-2.2551,-2.5851,-2.0851,0.37925,10.222
11.129,13.455,-0.67166,-13.575,5.4082,4.3071,2.0822,-1.4895,-2.2384,-1.779,0.74515,11.135
9.7552,13.725,0.96391,-12.986,4.0258,5.4865,3.0582,-0.68815,-1.8471,-1.4115,1.1602,12.006
7.9168,13.809,2.983,-12.099,2.2439,6.7287,4.0204,0.088867,-1.4417,-1.0038,1.595,12.798
5.7393,13.711,5.2272,-10.977,0.20616,7.9761,4.8489,0.79572,-1.0548,-0.58223,2.0236,13.488
3.4552,13.477,7.4438,-9.7485,-1.8525,9.1495,5.4634,1.4154,-0.69873,-0.16581,2.4421,14.091
1.3593,13.175,9.3583,-8.5788,-3.6577,10.154,5.8369,1.947,-0.36853,0.23437,2.8594,14.646
-0.27154,12.865,10.742,-7.6179,-4.9743,10.895,5.9891,2.3845,-0.059903,0.61112,3.2823,15.192
-1.2631,12.583,11.467,-6.9574,-5.6686,11.296,5.9624,2.7027,0.22076,0.95481,3.7049,15.747
-1.59,12.323,11.522,-6.6066,-5.7442,11.324,5.798,2.862,0.45406,1.2543,4.1099,16.305
-1.3679,12.054,11.015,-6.5025,-5.3299,11.002,5.5209,2.8227,0.61214,1.4976,4.4751,16.843
-0.79712,11.752,10.143,-6.5489,-4.6325,10.412,5.1374,2.5609,0.66717,1.6746,4.7803,17.325
-0.084824,11.436,9.1486,-6.6653,-3.8696,9.6891,4.6528,2.0844,0.60196,1.7823,5.0139,17.707
0.61619,11.177,8.2639,-6.8184,-3.2105,8.9985,4.0865,1.4429,0.4188,1.8287,5.1731,17.95
1.2238,11.081,7.6624,-7.0234,-2.7484,8.4984,3.4851,0.72937,0.13989,1.8285,5.2616,18.022
1.7223,11.241,7.424,-7.3194,-2.502,8.2984,2.9318,0.064985,-0.1985,1.7944,5.2762,17.911
2.1565,11.679,7.5356,-7.7365,-2.4347,8.4214,2.5435,-0.43028,-0.56972,1.7145,5.1936,17.63
2.6125,12.303,7.92,-8.2567,-2.4677,8.7895,2.446,-0.6728,-0.98296,1.5401,4.9679,17.197
3.1573,12.891,8.4624,-8.7747,-2.4988,9.236,2.7343,-0.64071,-1.4968,1.1968,4.5486,16.624
3.7437,13.139,8.995,-9.0874,-2.4365,9.5403,3.4404,-0.37294,-2.1932,0.6199,3.9202,15.898
4.142,12.749,9.2855,-8.9341,-2.2484,9.4906,4.512,0.079552,-3.1192,-0.20717,3.1492,14.985
3.9799,11.549,9.0894,-8.0864,-2.0051,8.9607,5.7953,0.75045,-4.1877,-1.2407,2.3055,13.854
2.9108,9.5583,8.3417,-6.4479,-1.9239,7.9787,7.1051,1.8665,-5.0345,-2.3593,1.198,12.575
0.81998,6.9934,7.422,-4.1075,-2.3593,6.7551,8.4788,3.8354,-4.8883,-2.95,0.010695,11.546
-2.1145,4.1711,7.0762,-1.2978,-3.6193,5.6564,10.274,6.1256,-2.7272,-1.3306,1.3719,11.708
-5.5165,1.3312,7.9011,1.8119,-5.2699,5.116,12.839,-0.21363,-2.8801,-3.0093,7.9501,15.034
-8.4105,-0.9835,10.113,4.3926,-5.8458,5.5068,16.199,1.7024,-3.4357,-6.7098,1.4483,10.213
-19.697,-7.087,15.319,12.955,-15.273,7.1583,20.037,6.1897,-5.2951,-13.766,-9.8021,-0.079988
-35.964,-14.054,31.76,23.839,-31.956,12.355,23.983,11.138,-9.8325,-25.856,-25.24,-13.002
-55.499,-19.937,52.819,35.147,-52.795,18.834,28.455,16.84,-17.366,-41.389,-42.849,-26.925
-75.649,-23.787,69.737,45.233,-72.96,22.418,37.669,22.961,-26.599,-57.093,-58.531,-38.762
-89.123,-24.686,79.616,51.24,-84.491,26.194,64.365,31.164,-33.151,-68.324,-66.775,-44.046
-85.392,-19.883,78.648,47.939,-80.979,31.448,89.051,48.084,-25.54,-58.14,-57.054,-36.291
-55.344,-2.5912,65.636,26.956,-58.182,34.147,88.302,83.662,19.907,7.5765,-8.8459,-5.7245
8.5424,37.952,39.483,-22.967,-12.639,39.076,77.562,144.66,158.79,175.98,116.04,64.035
111.64,109.41,1.7447,-109.64,56.528,53.148,61.698,235.83,372.41,423.97,304.61,181.05
251.49,206.57,-41.685,-227.52,146.79,80.053,41.741,358.38,657.12,756.47,554.89,332.9
422.49,330.42,-87.627,-374.83,254.7,118.95,17.514,501.23,999.55,1154.6,857.24,518.91
615.57,473.91,-135.98,-543.57,376.04,165.09,-12.456,646.79,1365.2,1580.7,1185.5,726.13
815.86,620.5,-188.81,-717.48,503.89,210.52,-48.962,774.94,1708.4,1981.4,1501.4,933.43
1003.4,747.67,-248.08,-874.75,628.34,244.15,-89.627,866.18,1979.0,2294.8,1758.8,1113.1
1155.1,830.95,-314.61,-991.76,737.18,253.77,-128.69,906.12,2131.6,2462.8,1912.5,1235.4
1248.5,850.71,-385.78,-1048.2,817.22,230.54,-159.15,888.64,2134.2,2445.9,1928.9,1275.9
1266.8,799.21,-453.96,-1032.6,856.51,173.71,-175.61,815.01,1978.2,2235.7,1797.6,1223.5
1204.4,684.1,-507.18,-946.48,847.51,92.291,-175.95,691.81,1681.8,1861.2,1536.3,1084.5
1070.2,526.62,-533.08,-804.22,790.03,2.1776,-160.74,529.7,1286.7,1381.9,1187.7,882.38
886.24,354.75,-524.66,-629.69,692.38,-79.583,-132.99,343.2,847.3,872.73,808.18,650.94
681.45,194.15,-484.39,-449.48,570.55,-140.97,-98.017,150.39,419.78,404.17,452.07,425.28
484.55,61.892,-423.64,-286.42,444.37,-178.22,-61.46,-28.418,51.536,26.824,159.18,232.83
318.25,-34.987,-357.69,-155.35,331.57,-194.57,-27.211,-174.5,-226.5,-235.92,-51.231,88.477
194.85,-97.797,-299.09,-59.762,242.82,-196.4,3.0675,-275.87,-404.3,-386.91,-179.52,-7.3256
113.65,-133.38,-252.91,-0.61793,179.95,-189.63,29.29,-331.44,-492.63,-448.24,-240.07,-60.369
63.656,-149.35,-216.13,29.906,136.88,-177.47,52.052,-351.1,-516.4,-451.16,-254.78,-77.536
30.974,-150.4,-181.25,44.552,103.73,-160.23,71.679,-350.24,-502.45,-425.97,-245.7,-80.314
3.9597,-138.85,-141.48,51.337,71.711,-136.66,88.644,-342.47,-473.59,-393.93,-227.2,-77.709
-24.976,-117.16,-94.724,55.793,35.322,-105.78,103.61,-335.31,-445.93,-365.57,-206.63,-72.768
-56.45,-89.861,-42.367,60.342,-6.4277,-68.634,116.02,-330.0,-421.84,-339.2,-186.38,-66.67
-87.012,-63.057,12.042,65.497,-49.727,-29.905,126.1,-323.83,-396.66,-311.95,-168.1,-60.724
-114.05,-43.211,61.889,71.128,-88.585,2.4417,134.91,-312.76,-367.3,-284.77,-152.82,-55.844
-135.83,-35.186,99.779,64.105,-118.17,26.611,142.72,-294.75,-334.36,-256.51,-140.06,-47.222
-146.19,-29.081,121.54,58.613,-135.27,42.374,148.52,-271.82,-300.95,-228.36,-127.51,-48.536
-142.89,-23.856,128.18,58.213,-139.82,50.073,150.91,-248.38,-272.73,-209.46,-119.8,-49.119
-132.09,-18.79,124.71,56.045,-135.14,51.837,148.93,-224.48,-248.23,-195.01,-113.81,-48.176
-116.98,-14.286,116.21,51.07,-124.13,50.284,142.14,-199.11,-225.77,-179.72,-107.57,-46.317
-99.303,-10.203,105.01,43.539,-108.63,44.27,130.89,-172.53,-202.42,-161.74,-99.837,-44.064
-80.73,-5.8885,91.101,34.377,-90.28,28.765,116.5,-145.39,-177.37,-143.16,-90.325,-41.786
-62.786,-1.3813,74.478,24.807,-71.222,22.072,101.01,-118.64,-152.56,-125.49,-80.168,-39.718
-47.054,2.7593,57.139,16.031,-54.129,20.958,86.358,-93.401,-129.99,-109.57,-70.78,-37.997
-34.905,5.9523,42.899,9.0006,-41.145,19.916,73.754,-71.244,-110.78,-96.236,-62.91,-36.671
-26.604,7.8196,32.746,4.2686,-32.324,18.206,63.403,-53.17,-95.166,-85.756,-56.73,-35.713
-21.463,8.2432,25.541,1.9072,-26.692,16.028,54.873,-38.937,-83.0,-77.859,-52.11,-35.034
-18.568,7.3306,20.822,1.5483,-23.42,13.626,47.594,-28.393,-74.107,-72.109,-48.748,-34.522
-17.283,5.3467,18.346,2.5885,-21.838,11.169,41.186,-21.665,-68.274,-67.802,-46.245,-34.085
-17.28,2.6451,17.378,4.4545,-20.932,8.776,35.653,-18.853,-64.974,-63.899,-44.209,-33.697
-18.138,-0.41427,16.698,6.7629,-19.951,6.525,31.175,-20.446,-62.651,-59.84,-42.383,-33.406
-19.525,-3.6018,16.052,9.3429,-19.08,4.4282,27.552,-22.139,-59.613,-55.86,-40.687,-33.303
-21.464,-6.9228,15.639,12.196,-18.77,2.415,24.31,-19.884,-55.903,-52.216,-39.16,-33.463
-24.181,-10.558,15.418,15.447,-19.222,0.35917,21.215,-17.212,-52.065,-48.945,-37.87,-33.896
-27.979,-14.71,15.266,19.304,-20.366,-1.8496,18.3,-15.385,-48.427,-46.025,-36.842,-34.524
-33.055,-19.481,15.084,23.955,-21.97,-4.2365,15.661,-14.372,-45.202,-43.451,-36.041,-35.198
-38.963,-24.773,14.8,29.323,-23.741,-6.7258,13.349,-13.939,-42.505,-41.203,-35.396,-35.746
-44.571,-30.202,14.347,34.871,-25.384,-9.1736,11.362,-13.866,-40.346,-39.235,-34.831,-36.015
-48.863,-35.124,13.662,39.785,-26.597,-11.402,9.6893,-13.977,-38.66,-37.482,-34.28,-35.897
-51.252,-38.8,12.698,43.267,-27.07,-13.21,8.337,-14.142,-37.341,-35.871,-33.684,-35.323
-51.304,-40.553,11.45,44.64,-26.511,-14.397,7.3309,-14.274,-36.279,-34.338,-33.004,-34.259
-48.69,-39.885,9.9771,43.419,-24.775,-14.806,6.6948,-14.328,-35.383,-32.838,-32.226,-32.706
-43.497,-36.645,8.3908,39.496,-21.979,-14.383,6.4239,-14.296,-34.59,-31.352,-31.37,-30.692
-36.398,-31.178,6.8267,33.301,-18.48,-13.209,6.4703,-14.194,-33.862,-29.878,-30.479,-28.262
-28.422,-24.312,5.4017,25.72,-14.726,-11.478,6.7568,-14.05,-33.158,-28.404,-29.585,-25.467
-20.569,-17.077,4.1908,17.796,-11.098,-9.4268,7.2066,-13.873,-32.398,-26.883,-28.671,-22.343
-13.564,-10.359,3.2244,10.455,-7.8551,-7.2765,7.7565,-13.646,-31.454,-25.23,-27.651,-18.919
-7.7855,-4.7548,2.4927,4.3826,-5.1276,-5.2123,8.3388,-13.339,-30.194,-23.359,-26.4,-15.244
-3.332,-0.58984,1.9511,-0.0011824,-2.9547,-3.4004,8.8565,-12.951,-28.55,-21.24,-24.824,-11.422
-0.18246,2.0162,1.5384,-2.5981,-1.3393,-1.9935,9.184,-12.532,-26.569,-18.944,-22.931,-7.6323
1.672,3.0922,1.2148,-3.6261,-0.29207,-1.1003,9.1993,-12.168,-24.413,-16.62,-20.861,-4.0952
2.2896,2.8879,1.0023,-3.4969,0.17296,-0.74134,8.8284,-11.931,-22.283,-14.429,-18.833,-0.98366
1.8714,1.8588,0.99226,-2.638,0.063212,-0.8223,8.0746,-11.84,-20.337,-12.478,-17.039,1.6404
0.69808,0.43901,1.3068,-1.3577,-0.57874,-1.1492,7.0161,-11.852,-18.643,-10.794,-15.562,3.8181
-0.97723,-1.1016,2.0316,0.17177,-1.6726,-1.5033,5.7703,-11.904,-17.201,-9.3619,-14.393,5.6353
-2.9741,-2.6293,3.1578,1.8637,-3.1039,-1.7376,4.4469,-11.962,-15.995,-8.1554,-13.485,7.1646
-5.1851,-4.1198,4.5601,3.6895,-4.7362,-1.8392,3.1135,-12.04,-15.016,-7.1589,-12.797,8.429
-7.5665,-5.6668,6.0191,5.6758,-6.4341,-1.9324,1.7878,-12.186,-14.263,-6.3591,-12.304,9.3977
-10.126,-7.4441,7.2887,7.8896,-8.0948,-2.2164,0.45635,-12.444,-13.722,-5.732,-11.981,10.009
-12.897,-9.6201,8.1806,10.403,-9.6695,-2.8718,-0.8955,-12.823,-13.35,-5.236,-11.785,10.209
-15.898,-12.274,8.6188,13.243,-11.155,-3.984,-2.256,-13.284,-13.077,-4.8176,-11.654,9.9832
-19.077,-15.342,8.6358,16.337,-12.555,-5.5143,-3.5737,-13.758,-12.816,-4.4213,-11.518,9.3645
-22.269,-18.611,8.3292,19.499,-13.832,-7.3126,-4.7613,-14.154,-12.478,-3.9953,-11.309,8.4293
-25.197,-21.757,7.8144,22.458,-14.9,-9.1581,-5.7143,-14.376,-11.976,-3.491,-10.961,7.282
-27.529,-24.455,7.1886,24.934,-15.646,-10.824,-6.343,-14.346,-11.247,-2.8665,-10.417,6.0376
-28.987,-26.475,6.5041,26.709,-15.966,-12.154,-6.6083,-14.039,-10.274,-2.0954,-9.6566,4.7929
-29.416,-27.734,5.7481,27.661,-15.786,-13.118,-6.5468,-13.505,-9.1088,-1.1722,-8.707,3.5949
-28.772,-28.252,4.8416,27.729,-15.06,-13.803,-6.2654,-12.838,-7.8369,-0.10221,-7.6326,2.427
-27.093,-28.077,3.6773,26.898,-13.771,-14.34,-5.9016,-12.116,-6.5251,1.1187,-6.4883,1.2304
-24.491,-27.247,2.1954,25.203,-11.953,-14.816,-5.5703,-11.353,-5.1821,2.517,-5.2878,-0.049217
-21.163,-25.796,0.45702,22.756,-9.7232,-15.222,-5.3283,-10.49,-3.761,4.1407,-4.0007,-1.4196
-17.393,-23.777,-1.3421,19.741,-7.2942,-15.465,-5.1755,-9.4444,-2.1928,6.0435,-2.5779,-2.8285
-13.526,-21.289,-2.9415,16.401,-4.935,-15.413,-5.0844,-8.1639,-0.42972,8.2618,-0.9876,-4.1795
-9.9132,-18.505,-4.1215,13.027,-2.8991,-14.972,-5.0363,-6.6644,1.5223,10.793,0.75674,-5.3665
-6.8259,-15.669,-4.7841,9.9065,-1.3492,-14.154,-5.0454,-5.0364,3.5961,13.578,2.5893,-6.3164
-4.395,-13.047,-4.9898,7.2621,-0.31027,-13.11,-5.1664,-3.4171,5.6849,16.504,4.4115,-7.0171
-2.595,-10.875,-4.9482,5.1949,0.33021,-12.084,-5.4832,-1.9406,7.683,19.421,6.1283,-7.5143
-1.2993,-9.3155,-4.9521,3.6918,0.76259,-11.327,-6.0782,-0.68827,9.5275,22.209,7.6832,-7.8787
-0.38181,-8.44,-5.2784,2.6848,1.1604,-11.017,-6.9983,0.33217,11.219,24.846,9.0736,-8.169
0.21061,-8.2367,-6.1157,2.1192,1.6119,-11.21,-8.2366,1.1679,12.812,27.447,10.339,-8.41
0.46316,-8.6413,-7.5647,1.9812,2.1249,-11.864,-9.7368,1.8812,14.388,30.25,11.538,-8.5918
0.34419,-9.5673,-9.6685,2.2815,2.6969,-12.867,-11.407,2.5186,16.034,33.57,12.735,-8.6795
-0.14425,-10.925,-12.365,3.0246,3.3839,-14.082,-13.144,3.1021,17.837,37.708,14.004,-8.6278
-0.92101,-12.623,-15.394,4.1713,4.2807,-15.387,-14.867,3.629,19.886,42.775,15.447,-8.3991
-1.7849,-14.527,-18.403,5.5693,5.4091,-16.709,-16.567,4.0766,22.263,48.488,17.2,-7.9768
-2.4052,-16.393,-21.24,6.8931,6.7103,-18.035,-18.325,4.4217,25.042,54.226,19.415,-7.369
-2.3549,-17.863,-24.078,7.6877,8.259,-19.377,-20.279,4.6754,28.272,59.475,22.197,-6.5959
-1.1948,-18.57,-27.305,7.5212,10.415,-20.715,-22.555,4.9021,31.954,64.136,25.518,-5.6678
1.3874,-18.266,-31.28,6.1378,13.708,-21.969,-25.188,5.2016,36.021,68.408,29.231,-4.5707
5.4647,-16.894,-36.051,3.5344,18.581,-23.016,-28.078,5.6673,40.377,72.546,33.2,-3.2678
10.853,-14.605,-41.187,-0.029871,25.101,-23.735,-31.008,6.3512,44.967,76.752,37.406,-1.7157
17.129,-11.721,-45.952,-4.0864,32.583,-24.059,-33.751,7.252,49.792,81.15,41.915,0.11528
23.592,-8.672,-49.734,-8.0726,39.641,-23.996,-36.195,8.3262,54.871,85.804,46.742,2.2271
29.327,-5.8773,-52.306,-11.485,45.088,-23.631,-38.392,9.507,60.178,90.718,51.768,4.5949
33.643,-3.6193,-53.818,-14.025,48.702,-23.09,-40.505,10.719,65.628,95.849,56.796,7.1856
36.544,-1.9653,-54.673,-15.686,51.072,-22.499,-42.706,11.889,71.116,101.12,61.693,9.9878
38.677,-0.77326,-55.354,-16.732,53.085,-21.933,-45.083,12.958,76.58,106.44,66.468,13.04
40.899,0.23676,-56.211,-17.581,55.514,-21.395,-47.599,13.897,82.017,111.79,71.227,16.441
43.849,1.3688,-57.308,-18.651,58.698,-20.814,-50.133,14.706,87.452,117.18,76.101,20.329
47.692,2.8352,-58.455,-20.217,62.351,-20.09,-52.559,15.411,92.887,122.68,81.195,24.843
52.095,4.6875,-59.366,-22.324,65.742,-19.137,-54.808,16.044,98.28,128.44,86.569,30.086
56.449,6.8218,-59.79,-24.789,68.239,-17.926,-56.882,16.629,103.56,134.57,92.213,36.079
60.246,9.0392,-59.603,-27.304,69.604,-16.492,-58.838,17.17,108.64,141.12,98.063,42.714
63.357,11.125,-58.865,-29.668,69.889,-14.924,-60.762,17.64,113.44,148.0,104.01,49.716
65.948,12.927,-57.829,-31.957,69.379,-13.355,-62.735,17.992,117.9,154.98,109.93,56.719
68.246,14.405,-56.848,-34.441,68.6,-11.917,-64.806,18.179,122.0,161.83,115.73,63.45
70.457,15.627,-56.216,-37.335,68.115,-10.708,-66.959,18.178,125.79,168.4,121.38,69.847
72.791,16.725,-56.036,-40.662,68.265,-9.7611,-69.118,18.006,129.32,174.67,126.94,76.008
75.485,17.856,-56.219,-44.341,69.132,-9.0497,-71.173,17.72,132.65,180.69,132.48,82.069
78.77,19.184,-56.563,-48.325,70.634,-8.5029,-73.032,17.393,135.82,186.52,138.07,88.116
82.74,20.884,-56.85,-52.611,72.613,-8.0326,-74.647,17.085,138.84,192.18,143.7,94.159
87.245,23.147,-56.907,-57.181,74.872,-7.5499,-76.021,16.808,141.68,197.67,149.27,100.14
92.01,26.171,-56.644,-62.019,77.211,-6.9694,-77.203,16.528,144.23,202.96,154.63,105.95
96.815,30.114,-56.054,-67.116,79.469,-6.2038,-78.246,16.187,146.35,207.98,159.67,111.43
101.53,35.022,-55.184,-72.391,81.518,-5.1653,-79.165,15.735,147.84,212.62,164.3,116.47
105.98,40.725,-54.088,-77.627,83.218,-3.7826,-79.911,15.162,148.51,216.63,168.48,120.98
109.88,46.803,-52.751,-82.518,84.377,-2.0246,-80.378,14.505,148.2,219.64,172.16,125.01
112.96,52.714,-51.053,-86.808,84.812,0.08588,-80.445,13.831,146.79,221.14,175.18,128.64
115.15,58.022,-48.819,-90.405,84.464,2.475,-80.022,13.21,144.26,220.66,177.23,131.89
116.61,62.517,-45.924,-93.384,83.442,5.0325,-79.049,12.685,140.67,217.93,177.89,134.7
117.53,66.174,-42.374,-95.852,81.896,7.6273,-77.489,12.248,136.13,213.0,176.82,136.8
117.7,69.03,-38.318,-97.676,79.807,10.122,-75.302,11.836,130.79,206.12,173.89,137.81
116.28,71.057,-33.995,-98.247,76.996,12.387,-72.462,11.351,124.77,197.65,169.18,137.35
112.74,72.142,-29.633,-96.834,73.48,14.306,-68.989,10.698,118.21,187.99,162.89,135.26
107.65,72.192,-25.351,-93.52,69.555,15.78,-64.962,9.8188,111.27,177.58,155.32,131.67
101.85,71.221,-21.19,-89.11,65.379,16.724,-60.487,8.7138,104.12,166.82,146.84,126.92
95.535,69.222,-17.252,-84.166,60.752,17.082,-55.664,7.4372,96.891,155.99,137.84,121.37
88.5,66.058,-13.772,-78.69,55.289,16.837,-50.548,6.0724,89.676,145.25,128.69,115.27
80.417,61.552,-10.927,-72.378,48.665,16.019,-45.133,4.7056,82.539,134.68,119.67,108.77
71.072,55.664,-8.6298,-64.968,40.949,14.711,-39.394,3.4036,75.462,124.24,110.92,101.93
60.637,48.578,-6.6137,-56.495,32.862,13.042,-33.429,2.1959,68.31,113.88,102.45,94.796
49.723,40.693,-4.6743,-47.331,25.317,11.168,-27.578,1.0691,60.84,103.53,94.147,87.378
39.055,32.516,-2.7676,-38.009,18.733,9.2383,-22.317,-0.018524,52.812,93.152,85.887,79.702
29.107,24.519,-0.95147,-29.003,13.076,7.3898,-17.979,-1.1068,44.187,82.836,77.573,71.841
20.012,17.094,0.70773,-20.613,8.1867,5.751,-14.603,-2.2047,35.376,72.752,69.207,63.937
11.772,10.633,2.192,-13.062,3.9401,4.4514,-12.009,-3.2796,27.248,63.099,60.884,56.146
4.5798,5.558,3.5347,-6.6921,0.31491,3.61,-9.933,-4.2677,20.594,53.956,52.71,48.514
-1.0581,2.2037,4.7826,-1.9511,-2.5753,3.3074,-8.1342,-5.1027,15.588,45.167,44.676,40.922
-4.6221,0.651,5.9494,0.86798,-4.5729,3.5554,-6.4277,-5.7484,11.912,36.525,36.746,33.377
-6.0626,0.67697,6.9912,1.8696,-5.6462,4.2758,-4.7013,-6.2181,9.1492,28.33,29.314,26.374
-5.817,1.861,7.8128,1.4519,-5.9304,5.3012,-2.9198,-6.5672,6.9695,21.428,23.211,20.556
-4.4493,3.7232,8.302,0.072911,-5.6113,6.4088,-1.119,-6.8645,5.1501,16.3,18.807,16.042
-2.4495,5.8015,8.386,-1.8226,-4.85,7.3765,0.61671,-7.1599,3.5511,12.693,15.764,12.485
-0.24339,7.6899,8.0784,-3.7941,-3.8082,8.0344,2.1904,-7.4709,2.0901,10.087,13.551,9.5112
1.7843,9.069,7.4833,-5.4393,-2.6817,8.2854,3.5273,-7.7927,0.71911,8.061,11.781,6.8985
3.3223,9.7259,6.756,-6.4633,-1.6809,8.0968,4.5965,-8.1175,-0.59379,6.3599,10.233,4.5482
4.1739,9.5585,6.0486,-6.7232,-0.98045,7.4818,5.418,-8.4443,-1.8715,4.842,8.7935,2.4175
4.261,8.5708,5.4691,-6.2153,-0.68317,6.4855,6.0586,-8.775,-3.1257,3.4331,7.4101,0.47473
3.5934,6.8599,5.0633,-5.0215,-0.814,5.1756,6.6114,-9.1056,-4.3551,2.0952,6.0614,-1.3145
2.2369,4.5773,4.8173,-3.2564,-1.3356,3.6282,7.1597,-9.429,-5.5544,0.80602,4.7355,-2.9844
0.28797,1.854,4.6747,-1.0265,-2.176,1.904,7.7396,-9.7424,-6.729,-0.45398,3.4157,-4.563
-2.1588,-1.2626,4.5715,1.6076,-3.2602,0.034364,8.3281,-10.046,-7.8971,-1.7039,2.0815,-6.061
-5.0306,-4.7917,4.4738,4.6394,-4.5284,-1.9589,8.8741,-10.329,-9.0728,-2.9535,0.72643,-7.4592
-8.2391,-8.7176,4.3902,8.0538,-5.9257,-4.0191,9.3486,-10.563,-10.245,-4.1945,-0.62717,-8.6985
-11.605,-12.866,4.346,11.712,-7.3719,-6.0282,9.773,-10.706,-11.374,-5.4002,-1.9321,-9.6901
-14.821,-16.848,4.346,15.284,-8.7433,-7.8217,10.21,-10.728,-12.408,-6.5363,-3.1358,-10.346
-17.499,-20.132,4.3603,18.306,-9.8803,-9.2263,10.732,-10.636,-13.316,-7.5759,-4.1998,-10.613
-19.264,-22.218,4.339,20.335,-10.619,-10.098,11.395,-10.473,-14.105,-8.51,-5.1097,-10.491
-19.846,-22.794,4.2467,21.068,-10.838,-10.347,12.222,-10.299,-14.809,-9.3448,-5.8678,-10.022
-19.153,-21.803,4.0932,20.4,-10.507,-9.9584,13.209,-10.153,-15.454,-10.084,-6.475,-9.2533
-17.313,-19.433,3.9321,18.441,-9.7035,-8.9916,14.326,-10.027,-16.025,-10.711,-6.9143,-8.223
-14.639,-16.07,3.8267,15.499,-8.586,-7.5811,15.528,-9.8721,-16.462,-11.184,-7.1519,-6.9541
-11.547,-12.217,3.8032,12.022,-7.3388,-5.9248,16.751,-9.6401,-16.685,-11.456,-7.1575,-5.4724
-8.4436,-8.4112,3.8165,8.5002,-6.1029,-4.2601,17.915,-9.3143,-16.652,-11.501,-6.9314,-3.8252
-5.6117,-5.1021,3.7474,5.3362,-4.9215,-2.8209,18.939,-8.9202,-16.376,-11.335,-6.5184,-2.0878
-3.1402,-2.5389,3.4501,2.7415,-3.7361,-1.7705,19.76,-8.5044,-15.915,-11.002,-5.9919,-0.34968
-0.95688,-0.72204,2.8388,0.71299,-2.4534,-1.1422,20.356,-8.0988,-15.325,-10.545,-5.4145,1.3182
1.0309,0.52024,1.9682,-0.88191,-1.0552,-0.82934,20.756,-7.6981,-14.624,-9.9793,-4.8086,2.8867
2.7839,1.4027,1.0526,-2.1672,0.32238,-0.6409,21.026,-7.2642,-13.807,-9.3009,-4.1612,4.3617
4.0875,2.0739,0.40414,-3.1452,1.4002,-0.39218,21.23,-6.7493,-12.867,-8.5123,-3.4541,5.7534
4.6411,2.5464,0.32264,-3.6761,1.8573,0.01965,21.403,-6.1197,-11.828,-7.6389,-2.6899,7.051
4.2015,2.6985,0.99141,-3.5628,1.4593,0.5904,21.55,-5.3657,-10.729,-6.7225,-1.8957,8.2152
2.7001,2.3669,2.413,-2.6808,0.15173,1.2325,21.653,-4.5037,-9.6212,-5.8094,-1.1151,9.1861
0.29492,1.476,4.3974,-1.0742,-1.9102,1.8222,21.682,-3.5721,-8.5496,-4.9427,-0.39917,9.8988
-2.6587,0.11249,6.6113,1.0303,-4.3962,2.2502,21.603,-2.6197,-7.5551,-4.157,0.20276,10.304
-5.7101,-1.496,8.6888,3.2967,-6.8952,2.4659,21.386,-1.684,-6.6621,-3.4693,0.65865,10.389
-8.4483,-3.0701,10.366,5.3963,-9.051,2.5011,21.023,-0.77024,-5.8661,-2.8685,0.97019,10.197
-10.624,-4.3803,11.567,7.1136,-10.682,2.4555,20.543,0.15483,-5.1275,-2.3129,1.1802,9.824
-12.212,-5.3228,12.379,8.4047,-11.817,2.4445,20.01,1.1472,-4.3818,-1.7423,1.361,9.3971
-13.377,-5.9488,12.965,9.3909,-12.631,2.5333,19.494,2.2514,-3.5687,-1.1062,1.5845,9.0292
-14.367,-6.4417,13.468,10.289,-13.331,2.6932,19.047,3.4638,-2.6653,-0.39105,1.8876,8.778
-15.401,-7.0443,13.943,11.302,-14.07,2.8064,18.67,4.7169,-1.6987,0.37572,2.2564,8.6272
-16.579,-7.9497,14.328,12.51,-14.884,2.7276,18.322,5.9004,-0.72534,1.1498,2.642,8.508
-17.825,-9.1883,14.48,13.831,-15.667,2.3718,17.955,6.9151,0.20669,1.9008,2.9956,8.3471
-18.874,-10.575,14.282,15.036,-16.211,1.7808,17.558,7.7283,1.0849,2.6287,3.2982,8.1135
-19.371,-11.751,13.73,15.82,-16.297,1.1365,17.18,8.3974,1.9368,3.36,3.5713,7.8375
-19.048,-12.284,12.98,15.883,-15.833,0.71932,16.922,9.0494,2.8181,4.133,3.8675,7.5997
-17.852,-11.763,12.308,15.009,-14.92,0.83021,16.915,9.8307,3.7939,4.9851,4.2514,7.5027
-15.934,-9.9008,12.012,13.113,-13.801,1.6997,17.302,10.853,4.9234,5.9491,4.7818,7.6379
-13.536,-6.6271,12.288,10.265,-12.723,3.4135,18.201,12.154,6.2478,7.0524,5.4987,8.0586
-10.89,-2.1391,13.154,6.6731,-11.833,5.87,19.673,13.682,7.784,8.3112,6.4154,8.7623
-8.1776,3.1419,14.435,2.6331,-11.14,8.7839,21.694,15.314,9.5214,9.721,7.5135,9.6848
-5.5066,8.6721,15.82,-1.5348,-10.545,11.761,24.152,16.908,11.422,11.244,8.7382,10.712
-2.9344,13.899,16.987,-5.5189,-9.9047,14.43,26.868,18.372,13.42,12.795,9.9938,11.707
-0.5067,18.366,17.721,-9.0234,-9.1156,16.573,29.632,19.696,15.416,14.21,11.135,12.547
1.6996,21.782,17.983,-11.794,-8.1575,18.166,32.228,20.951,17.244,15.223,11.97,13.137
3.5808,24.031,17.878,-13.698,-7.0894,19.336,34.477,22.232,18.651,15.517,12.321,13.417
5.1069,25.219,17.577,-14.838,-5.9921,20.242,36.324,23.597,19.364,14.977,12.165,13.354
6.4594,25.805,17.228,-15.573,-4.9003,20.957,37.845,25.026,19.325,13.975,11.716,12.949
7.9603,26.437,16.872,-16.327,-3.7802,21.432,39.12,26.45,18.838,13.138,11.306,12.236
9.7096,27.369,16.414,-17.252,-2.5803,21.558,40.136,27.848,18.324,12.749,11.208,11.29
11.335,28.172,15.724,-18.052,-1.3426,21.223,40.865,29.39,18.063,12.384,11.186,10.224
12.16,28.15,14.831,-18.185,-0.33028,20.386,41.487,31.676,18.492,11.667,10.509,9.2817
11.598,26.962,13.964,-17.322,0.044585,19.121,42.404,35.752,21.554,14.318,11.243,9.1247
9.6458,24.801,13.375,-15.753,-0.30631,17.621,44.027,34.258,28.416,25.943,24.655,11.325
7.3584,22.813,13.34,-15.141,-0.36831,16.16,46.655,40.279,29.869,21.795,19.097,12.923
-3.9336,19.813,15.0,-7.0588,-7.5896,15.081,50.44,46.279,25.347,9.3037,5.9265,3.687
-21.944,9.1404,28.869,7.5508,-22.93,15.454,55.394,50.183,13.399,-11.279,-14.386,-9.0038
-43.662,-2.5127,51.545,24.123,-42.087,19.352,61.376,50.051,-4.2904,-35.627,-38.283,-24.155
-65.576,-14.208,67.585,40.168,-62.42,21.106,68.135,46.904,-22.724,-59.066,-60.243,-39.024
-81.68,-22.762,76.648,51.02,-77.485,21.524,76.087,46.684,-34.555,-72.612,-72.347,-48.736
-82.662,-23.448,74.884,50.388,-78.387,21.112,87.079,58.824,-26.353,-59.611,-62.724,-46.339
-58.642,-10.787,61.29,31.24,-59.2,19.934,98.291,94.165,26.342,5.8803,-15.044,-23.768
-1.205,22.596,34.316,-14.442,-16.684,23.082,100.01,160.79,164.79,156.32,92.551,33.013
97.74,86.461,-5.8225,-95.335,50.873,35.506,91.887,268.58,385.32,393.07,266.18,140.76
237.31,182.06,-50.803,-210.81,141.19,59.964,78.562,416.21,687.97,717.96,502.51,288.27
409.31,303.88,-96.992,-355.37,250.07,96.734,63.505,589.58,1056.0,1112.0,791.25,471.35
604.19,446.56,-146.38,-522.0,372.92,142.78,46.066,766.79,1450.2,1534.9,1107.0,676.44
806.66,594.64,-200.69,-695.78,502.39,190.19,23.609,922.08,1817.7,1931.2,1412.5,881.08
996.93,726.57,-260.75,-856.24,628.09,226.76,-4.2144,1030.9,2101.1,2238.5,1663.3,1057.8
1151.7,818.7,-325.35,-980.13,737.26,241.07,-34.233,1075.2,2249.0,2399.1,1816.0,1178.6
1248.0,852.12,-389.74,-1046.6,816.59,226.28,-59.456,1045.5,2228.3,2374.7,1838.4,1220.9
1269.0,819.02,-445.22,-1043.2,854.27,182.39,-69.941,941.86,2033.3,2158.1,1719.5,1174.3
1209.7,724.8,-481.23,-969.09,842.93,116.78,-61.366,773.05,1688.4,1778.7,1474.8,1044.7
1079.1,586.13,-488.92,-836.45,783.13,42.304,-44.673,555.8,1243.4,1296.8,1143.8,854.44
899.48,426.48,-465.45,-667.36,684.37,-26.879,-31.735,312.2,761.28,788.42,779.98,636.47
699.87,270.03,-416.88,-488.56,562.79,-80.435,-24.264,66.774,304.35,324.88,436.45,424.26
508.95,135.74,-356.25,-324.37,437.27,-115.02,-20.077,-157.2,-78.953,-43.785,153.17,243.33
348.05,32.909,-296.64,-190.75,325.17,-133.53,-18.047,-341.92,-361.79,-296.92,-50.314,106.78
226.82,-35.914,-246.18,-92.922,237.51,-141.33,-17.79,-479.21,-541.06,-441.01,-174.79,15.331
143.78,-76.085,-207.01,-26.475,175.82,-142.4,-17.068,-571.13,-632.59,-499.4,-235.2,-39.982
89.395,-95.911,-175.5,9.9718,133.33,-137.49,-14.609,-624.18,-660.52,-501.25,-251.15,-65.644
52.204,-101.29,-144.33,26.546,99.987,-124.75,-10.928,-645.32,-649.16,-473.62,-241.43,-73.374
23.525,-96.039,-105.9,34.252,67.158,-102.22,-6.4016,-641.95,-617.04,-434.79,-222.65,-72.577
-3.0251,-82.262,-58.02,38.251,30.153,-70.279,-1.5819,-620.01,-574.18,-393.3,-201.52,-67.91
-29.849,-62.849,-6.6147,40.752,-10.655,-34.304,2.9059,-582.95,-525.06,-353.56,-180.6,-62.006
-56.648,-42.031,42.495,43.456,-50.79,-1.3937,6.9783,-533.31,-472.16,-317.64,-162.07,-56.458
-83.059,-22.065,82.325,48.531,-85.651,23.869,10.67,-474.37,-417.59,-283.76,-146.42,-52.131
-107.7,-18.786,107.81,46.952,-112.0,39.31,13.908,-410.4,-363.56,-249.25,-132.92,-39.839
-123.0,-16.35,119.24,35.666,-126.46,46.27,16.606,-345.76,-311.85,-217.15,-118.05,-41.466
-112.33,-14.098,120.78,35.741,-129.34,47.463,18.707,-284.82,-271.0,-194.78,-108.85,-43.175
-92.489,-12.508,116.62,36.162,-124.16,44.977,20.181,-230.85,-237.39,-174.6,-100.82,-43.45
-78.938,-11.41,108.92,35.275,-112.19,37.415,21.044,-185.04,-206.74,-154.45,-91.792,-42.858
-69.371,-10.386,97.736,33.031,-94.821,24.716,21.356,-148.21,-176.84,-134.47,-81.306,-41.903
-60.791,-9.181,82.321,29.729,-76.649,17.77,21.216,-119.35,-148.97,-116.54,-70.751,-40.915
-52.14,-7.8976,65.117,25.864,-61.001,15.242,20.714,-97.605,-126.73,-101.61,-62.015,-40.075
-43.786,-6.8808,49.385,22.03,-47.873,12.943,19.899,-82.493,-110.92,-89.913,-55.899,-39.439
-36.601,-6.4595,37.41,18.778,-37.841,10.186,18.811,-71.705,-99.531,-81.595,-52.107,-38.955
-31.327,-6.7769,29.111,16.507,-31.291,7.3272,17.51,-64.646,-90.553,-76.188,-49.83,-38.503
-28.297,-7.7775,23.729,15.398,-27.918,4.6822,16.051,-60.856,-83.788,-72.859,-48.302,-37.961
-27.189,-9.2898,20.959,15.385,-26.978,2.3792,14.472,-57.932,-79.792,-70.306,-47.024,-37.296
-27.123,-11.103,20.156,16.166,-27.128,0.41232,12.806,-55.161,-77.916,-67.432,-45.769,-36.595
-27.16,-12.993,19.947,17.299,-26.765,-1.3185,11.087,-53.598,-76.125,-64.413,-44.552,-36.03
-26.757,-14.745,19.066,18.345,-25.19,-2.9532,9.3546,-52.391,-73.978,-61.844,-43.539,-35.767
-25.795,-16.195,17.372,18.993,-22.889,-4.6014,7.6569,-50.911,-72.131,-59.942,-42.901,-35.873
-24.357,-17.261,15.296,19.12,-20.431,-6.2815,6.0587,-49.597,-70.731,-58.636,-42.677,-36.293
-22.602,-17.955,13.125,18.799,-18.046,-7.9088,4.6246,-48.535,-69.635,-57.733,-42.747,-36.881
-20.775,-18.369,11.068,18.244,-15.889,-9.3526,3.3961,-47.622,-68.673,-57.014,-42.93,-37.485
-19.214,-18.652,9.3279,17.728,-14.155,-10.527,2.3796,-46.75,-67.725,-56.301,-43.084,-38.015
-18.281,-18.991,8.0597,17.503,-13.034,-11.436,1.5498,-45.872,-66.735,-55.501,-43.152,-38.463
-18.239,-19.564,7.3279,17.746,-12.644,-12.157,0.86659,-45.001,-65.705,-54.596,-43.143,-38.882
-19.134,-20.493,7.108,18.527,-12.978,-12.786,0.28841,-44.159,-64.658,-53.615,-43.087,-39.331
-20.768,-21.788,7.3,19.803,-13.868,-13.392,-0.21558,-43.353,-63.606,-52.586,-42.996,-39.819
-22.796,-23.348,7.7638,21.427,-15.026,-13.99,-0.66116,-42.55,-62.532,-51.51,-42.853,-40.296
-24.871,-24.998,8.3768,23.188,-16.202,-14.544,-1.0476,-41.7,-61.393,-50.352,-42.619,-40.662
-26.762,-26.557,9.0471,24.88,-17.276,-15.005,-1.3643,-40.758,-60.133,-49.055,-42.251,-40.804
-28.388,-27.898,9.6821,26.372,-18.215,-15.348,-1.6014,-39.714,-58.705,-47.572,-41.73,-40.642
-29.769,-28.981,10.181,27.641,-18.994,-15.607,-1.7583,-38.602,-57.101,-45.899,-41.067,-40.151
-30.952,-29.854,10.464,28.745,-19.593,-15.857,-1.8456,-37.499,-55.35,-44.088,-40.309,-39.358
-31.959,-30.604,10.51,29.753,-20.013,-16.168,-1.8779,-36.485,-53.505,-42.219,-39.509,-38.325
-32.774,-31.283,10.364,30.681,-20.277,-16.563,-1.8618,-35.607,-51.592,-40.34,-38.695,-37.11
-33.357,-31.854,10.111,31.456,-20.414,-16.996,-1.7897,-34.838,-49.58,-38.422,-37.839,-35.734
-33.623,-32.199,9.8288,31.944,-20.427,-17.375,-1.6452,-34.095,-47.392,-36.368,-36.874,-34.174
-33.439,-32.183,9.541,31.994,-20.272,-17.614,-1.421,-33.292,-44.965,-34.092,-35.735,-32.381
-32.652,-31.716,9.1999,31.484,-19.851,-17.682,-1.1363,-32.412,-42.331,-31.608,-34.413,-30.321
-31.142,-30.797,8.7004,30.349,-19.037,-17.614,-0.83974,-31.527,-39.637,-29.064,-32.981,-28.006
-28.87,-29.483,7.9345,28.593,-17.732,-17.488,-0.58958,-30.766,-37.075,-26.661,-31.557,-25.496
-25.926,-27.862,6.8575,26.285,-15.935,-17.37,-0.4248,-30.223,-34.767,-24.525,-30.221,-22.868
-22.518,-26.022,5.5307,23.56,-13.771,-17.28,-0.3469,-29.891,-32.678,-22.643,-28.953,-20.175
-18.905,-24.051,4.1023,20.599,-11.445,-17.188,-0.32804,-29.657,-30.652,-20.882,-27.618,-17.444
-15.32,-22.036,2.726,17.598,-9.1469,-17.045,-0.33719,-29.368,-28.504,-19.074,-26.044,-14.69
-11.918,-20.061,1.474,14.736,-6.9809,-16.825,-0.36865,-28.92,-26.123,-17.096,-24.124,-11.93
-8.7838,-18.221,0.32052,12.15,-4.956,-16.557,-0.45595,-28.316,-23.524,-14.93,-21.887,-9.196
-5.9734,-16.624,-0.79014,9.9411,-3.0544,-16.313,-0.66857,-27.66,-20.833,-12.653,-19.491,-6.5215
-3.5811,-15.373,-1.8498,8.1949,-1.3253,-16.169,-1.0877,-27.098,-18.199,-10.384,-17.139,-3.9317
-1.7737,-14.544,-2.7357,6.9829,0.069431,-16.143,-1.7728,-26.738,-15.717,-8.2076,-14.957,-1.4292
-0.76057,-14.16,-3.241,6.3594,0.89139,-16.172,-2.7358,-26.595,-13.397,-6.1364,-12.947,1.006
-0.71757,-14.187,-3.1694,6.352,0.92077,-16.142,-3.9364,-26.58,-11.176,-4.1166,-11.021,3.4034
-1.7097,-14.556,-2.4342,6.9526,0.063673,-15.956,-5.2983,-26.54,-8.969,-2.0558,-9.0632,5.7768
-3.655,-15.204,-1.1213,8.1189,-1.5788,-15.607,-6.7418,-26.324,-6.7121,0.14152,-6.9993,8.0997
-6.3474,-16.114,0.49608,9.7965,-3.7209,-15.197,-8.2262,-25.862,-4.3935,2.5532,-4.8263,10.293
-9.5051,-17.357,2.0065,11.935,-5.9726,-14.922,-9.7772,-25.181,-2.0481,5.2376,-2.5979,12.24
-12.778,-19.012,2.9712,14.428,-7.9257,-14.994,-11.467,-24.38,0.27824,8.2581,-0.38062,13.83
-15.697,-20.981,3.0503,16.98,-9.1941,-15.523,-13.357,-23.557,2.572,11.724,1.8011,15.024
-17.63,-22.876,2.0949,19.034,-9.4284,-16.433,-15.435,-22.747,4.8893,15.851,3.9978,15.892
-17.869,-24.121,0.18697,19.884,-8.3488,-17.479,-17.586,-21.895,7.3725,20.991,6.3478,16.582
-15.829,-24.14,-2.3827,18.907,-5.8226,-18.337,-19.612,-20.893,10.244,27.549,9.0762,17.25
-11.267,-22.528,-5.2137,15.764,-1.9554,-18.729,-21.313,-19.645,13.789,35.644,12.5,17.992
-4.4326,-19.152,-7.9388,10.539,2.878,-18.521,-22.594,-18.131,18.345,44.748,17.039,18.817
3.906,-14.243,-10.327,3.7775,8.099,-17.749,-23.5,-16.408,24.221,53.958,23.097,19.655
12.617,-8.4049,-12.296,-3.6003,13.063,-16.581,-24.19,-14.571,31.481,62.756,30.612,20.406
20.512,-2.4404,-13.86,-10.566,17.223,-15.225,-24.851,-12.7,39.687,71.089,38.704,20.985
26.732,2.9329,-15.09,-16.336,20.278,-13.846,-25.647,-10.826,48.062,79.011,46.284,21.353
31.008,7.3064,-16.092,-20.578,22.244,-12.516,-26.693,-8.9436,56.016,86.549,52.908,21.525
33.632,10.622,-16.96,-23.35,23.432,-11.21,-28.053,-7.0264,63.403,93.752,58.747,21.581
35.233,13.055,-17.707,-24.933,24.34,-9.8453,-29.741,-5.0537,70.374,100.72,64.173,21.652
36.556,14.835,-18.225,-25.714,25.54,-8.3438,-31.714,-3.022,77.172,107.61,69.526,21.887
38.29,16.152,-18.374,-26.114,27.518,-6.6879,-33.876,-0.94845,84.009,114.55,75.069,22.395
40.843,17.151,-18.156,-26.509,30.312,-4.9618,-36.105,1.1331,91.004,121.71,80.974,23.213
43.892,17.872,-17.682,-27.094,33.183,-3.3657,-38.317,3.1781,98.14,129.27,87.294,24.327
46.418,18.16,-17.083,-27.738,35.147,-2.1586,-40.506,5.1455,105.32,137.43,93.94,25.735
47.882,17.802,-16.538,-28.142,36.073,-1.5408,-42.726,7.0138,112.51,146.27,100.76,27.511
48.937,16.829,-16.321,-28.457,36.831,-1.5776,-45.043,8.7837,119.79,155.65,107.65,29.808
50.777,15.629,-16.734,-29.489,38.493,-2.2097,-47.504,10.454,127.3,165.25,114.64,32.789
54.205,14.812,-17.977,-32.125,41.564,-3.2852,-50.136,12.001,135.09,174.76,121.76,36.498
59.331,15.06,-20.05,-36.639,45.798,-4.5618,-52.947,13.385,143.1,183.94,128.97,40.819
65.927,17.021,-22.735,-42.674,50.629,-5.7004,-55.912,14.588,151.17,192.71,136.15,45.587
73.683,21.155,-25.673,-49.77,55.571,-6.3007,-58.961,15.635,159.18,201.18,143.24,50.724
82.154,27.506,-28.474,-57.618,60.272,-6.0004,-61.978,16.575,166.99,209.54,150.26,56.191
90.805,35.61,-30.834,-65.951,64.518,-4.6083,-64.847,17.453,174.51,217.92,157.24,61.899
99.193,44.743,-32.608,-74.49,68.273,-2.1874,-67.497,18.288,181.68,226.39,164.26,67.712
107.13,54.208,-33.869,-82.981,71.698,0.97373,-69.936,19.057,188.46,234.89,171.35,73.519
114.71,63.434,-34.921,-91.257,75.09,4.4645,-72.24,19.71,194.84,243.3,178.51,79.28
122.14,71.973,-36.193,-99.237,78.739,7.8619,-74.512,20.173,200.8,251.51,185.71,85.002
129.55,79.505,-37.928,-106.85,82.732,10.822,-76.807,20.363,206.33,259.34,192.9,90.674
136.86,85.83,-39.919,-113.9,86.855,13.156,-79.099,20.216,211.34,266.64,199.98,96.259
143.63,90.886,-41.646,-120.03,90.726,14.871,-81.288,19.713,215.62,273.2,206.79,101.73
149.29,94.778,-42.618,-124.93,94.013,16.148,-83.259,18.891,218.76,278.71,213.07,107.1
153.52,97.73,-42.523,-128.59,96.501,17.208,-84.937,17.83,220.26,282.82,218.43,112.4
156.41,99.912,-41.322,-131.16,98.145,18.212,-86.305,16.622,219.79,285.18,222.41,117.61
158.14,101.33,-39.307,-132.66,99.074,19.203,-87.394,15.344,217.46,285.57,224.66,122.57
158.72,101.95,-36.994,-133.02,99.44,20.097,-88.254,14.055,213.76,284.0,225.04,126.94
158.08,101.84,-34.879,-132.32,99.282,20.746,-88.941,12.801,209.18,280.7,223.71,130.26
156.32,101.11,-33.211,-130.78,98.562,21.008,-89.493,11.629,203.94,275.91,221.01,132.23
153.62,99.73,-31.927,-128.54,97.238,20.796,-89.886,10.594,198.05,269.85,217.27,132.78
150.03,97.573,-30.732,-125.5,95.246,20.089,-89.969,9.7575,191.48,262.64,212.68,131.94
145.42,94.555,-29.293,-121.47,92.475,18.938,-89.504,9.1777,184.28,254.39,207.3,129.8
139.66,90.713,-27.408,-116.41,88.82,17.462,-88.284,8.8951,176.55,245.18,201.06,126.45
132.71,86.182,-25.059,-110.42,84.267,15.821,-86.215,8.9215,168.39,235.04,193.88,122.03
124.74,81.146,-22.359,-103.75,78.933,14.188,-83.264,9.24,159.87,224.01,185.7,116.79
116.04,75.799,-19.489,-96.738,73.025,12.713,-79.386,9.8157,151.01,212.21,176.59,110.99
106.98,70.313,-16.645,-89.704,66.772,11.492,-74.515,10.603,141.93,199.9,166.77,104.86
97.953,64.78,-14.01,-82.883,60.376,10.551,-68.626,11.541,132.83,187.49,156.59,98.541
89.222,59.142,-11.698,-76.351,53.993,9.8427,-61.822,12.551,123.97,175.37,146.39,92.12
80.883,53.168,-9.7107,-69.955,47.672,9.2604,-54.358,13.54,115.53,163.67,136.41,85.664
72.767,46.581,-7.9555,-63.269,41.27,8.6863,-46.579,14.423,107.53,152.27,126.73,79.193
64.403,39.41,-6.3035,-55.654,34.472,8.0454,-38.798,15.143,99.874,140.97,117.31,72.651
55.129,32.294,-4.6762,-46.711,27.118,7.3392,-31.214,15.679,92.433,129.7,108.08,65.927
44.73,26.111,-3.0738,-37.155,19.754,6.633,-23.9,16.036,85.099,118.58,98.968,58.94
34.332,21.258,-1.5279,-28.699,13.501,6.0172,-16.907,16.233,77.786,107.81,89.988,51.769
25.641,17.631,-0.061678,-22.367,8.9114,5.5699,-10.492,16.284,70.375,97.43,81.209,44.718
19.239,15.004,1.2975,-17.983,5.7258,5.3329,-5.1207,16.191,62.723,87.495,72.735,38.19
14.751,13.209,2.4976,-15.021,3.5464,5.3014,-1.0383,15.942,54.773,78.069,64.65,32.478
11.731,12.14,3.4631,-13.109,2.1512,5.4281,1.9748,15.521,46.71,69.204,56.963,27.689
9.9262,11.706,4.1194,-12.041,1.444,5.6409,4.2727,14.921,39.029,60.859,49.56,23.797
9.1916,11.8,4.4277,-11.685,1.349,5.8718,6.0557,14.159,32.306,52.85,42.255,20.696
9.3326,12.286,4.4127,-11.895,1.7392,6.0811,7.3916,13.276,26.849,44.908,35.101,18.222
10.048,13.006,4.1776,-12.48,2.4221,6.269,8.3268,12.325,22.6,37.014,28.648,16.178
10.982,13.802,3.8923,-13.222,3.1673,6.4671,8.9418,11.363,19.31,29.755,23.552,14.387
11.805,14.534,3.7463,-13.909,3.7517,6.7145,9.346,10.436,16.716,23.901,19.93,12.722
12.279,15.086,3.8826,-14.364,4.0053,7.0268,9.6456,9.5779,14.617,19.63,17.424,11.116
12.268,15.355,4.3449,-14.463,3.8418,7.374,9.914,8.8058,12.871,16.591,15.618,9.5504
11.721,15.246,5.0648,-14.13,3.2679,7.6777,10.181,8.1258,11.388,14.354,14.216,8.0309
10.648,14.684,5.8955,-13.335,2.3638,7.8301,10.443,7.5332,10.105,12.613,13.044,6.5643
9.1122,13.622,6.6738,-12.091,1.2479,7.7282,10.683,7.0173,8.9851,11.188,12.001,5.1486
7.2107,12.049,7.2821,-10.435,0.037956,7.313,10.904,6.5687,8.0051,9.9853,11.042,3.7735
5.0541,10.002,7.6828,-8.4245,-1.1699,6.5951,11.14,6.1868,7.1549,8.9584,10.157,2.4279
2.7764,7.5918,7.9044,-6.1555,-2.2981,5.6543,11.448,5.8818,6.4302,8.0816,9.3534,1.1028
0.56875,5.0287,8.0028,-3.809,-3.2746,4.6162,11.891,5.6686,5.8248,7.3353,8.6385,-0.21319
-1.3089,2.6305,8.029,-1.6698,-4.0284,3.6269,12.517,5.5583,5.3262,6.6988,8.0055,-1.5337
-2.5808,0.77228,8.0125,-0.074402,-4.4973,2.8364,13.351,5.55,4.9135,6.1496,7.4364,-2.8635
-3.054,-0.22038,7.9664,0.70127,-4.6457,2.3806,14.389,5.6258,4.5606,5.6651,6.9102,-4.1866
-2.6971,-0.19115,7.9076,0.5519,-4.4824,2.3504,15.605,5.7544,4.2408,5.2248,6.4125,-5.4641
-1.6545,0.77947,7.8782,-0.41196,-4.0731,2.7597,16.954,5.9063,3.935,4.8131,5.9407,-6.6414
-0.2133,2.4053,7.9546,-1.8997,-3.5504,3.5407,18.382,6.076,3.6379,4.4214,5.5035,-7.659
1.2507,4.2989,8.2362,-3.5222,-3.1064,4.5794,19.844,6.2969,3.3602,4.047,5.1136,-8.4643
2.3471,6.0647,8.8108,-4.8797,-2.9494,5.7497,21.305,6.6359,3.1243,3.6923,4.7788,-9.0182
2.7601,7.3466,9.7095,-5.6383,-3.2357,6.9072,22.736,7.1639,2.9573,3.3634,4.4988,-9.2978
2.3314,7.8651,10.865,-5.5876,-4.0036,7.8734,24.097,7.9143,2.8823,3.0694,4.2692,-9.3017
1.1068,7.4528,12.082,-4.6728,-5.1413,8.4499,25.319,8.8464,2.906,2.815,4.08,-9.0651
-0.6796,6.0748,13.052,-3.0006,-6.4118,8.4534,26.294,9.844,3.0103,2.5914,3.9061,-8.6688
-2.6959,3.8517,13.444,-0.81479,-7.5432,7.7686,26.91,10.774,3.154,2.3794,3.7111,-8.2123
-4.6441,1.0812,13.098,1.5681,-8.3591,6.441,27.114,11.576,3.2856,2.1627,3.4669,-7.7694
-6.3655,-1.7933,12.214,3.8467,-8.8787,4.7495,26.949,12.292,3.3649,1.9419,3.1728,-7.3642
-7.8689,-4.2919,11.309,5.8086,-9.3155,3.1428,26.544,13.005,3.3864,1.7432,2.8662,-6.9661
-9.2802,-6.0357,10.97,7.3678,-9.9651,2.076,26.052,13.779,3.3833,1.6093,2.607,-6.4994
-10.757,-6.8642,11.597,8.5633,-11.05,1.8662,25.57,14.648,3.3994,1.5735,2.4401,-5.8945
-12.413,-6.9027,13.25,9.5198,-12.617,2.5699,25.11,15.6,3.4535,1.6321,2.3606,-5.1541
-14.283,-6.5181,15.595,10.395,-14.535,3.9162,24.606,16.553,3.522,1.7362,2.3067,-4.3814
-16.317,-6.1737,18.038,11.34,-16.547,5.3745,23.964,17.343,3.5461,1.8067,2.1842,-3.7535
-18.367,-6.2892,19.936,12.47,-18.315,6.3397,23.093,17.77,3.4549,1.7639,1.9059,-3.4622
-20.169,-7.1313,20.734,13.793,-19.455,6.3406,21.944,17.672,3.1962,1.559,1.4285,-3.6488
-21.349,-8.715,20.097,15.154,-19.623,5.1929,20.535,16.999,2.7633,1.1934,0.77382,-4.3555
-21.522,-10.773,18.013,16.243,-18.633,3.0487,18.969,15.85,2.2065,0.7199,0.025343,-5.5055
-20.426,-12.836,14.799,16.694,-16.532,0.32131,17.411,14.439,1.6197,0.22264,-0.69846,-6.9252
-18.03,-14.385,11.001,16.219,-13.584,-2.4858,16.041,13.018,1.1028,-0.21786,-1.2906,-8.4056
-14.557,-15.018,7.2188,14.714,-10.179,-4.932,14.996,11.783,0.71787,-0.55915,-1.7048,-9.7803
-10.442,-14.58,3.9146,12.317,-6.7295,-6.7397,14.328,10.809,0.45934,-0.81252,-1.9758,-10.992
-6.2198,-13.22,1.3081,9.3851,-3.5841,-7.8512,13.995,10.059,0.25476,-1.034,-2.2,-12.115
-2.3992,-11.352,-0.60127,6.3953,-0.9776,-8.3925,13.893,9.4381,0.00066715,-1.2967,-2.4897,-13.307
0.64461,-9.4933,-1.9648,3.8035,0.98729,-8.6067,13.895,8.8545,-0.37994,-1.656,-2.9229,-14.717
2.7285,-8.0639,-2.993,1.9156,2.3151,-8.7772,13.91,8.2596,-0.89679,-2.1215,-3.5098,-16.388
3.8759,-7.2387,-3.8293,0.81859,3.0786,-9.0838,13.917,7.6745,-1.4932,-2.6515,-4.1911,-18.227
4.2852,-6.9483,-4.5088,0.38964,3.405,-9.5113,13.944,7.1829,-2.0707,-3.1626,-4.8522,-20.049
4.2472,-6.9879,-5.0081,0.37102,3.4516,-9.9062,14.028,6.8817,-2.5188,-3.5534,-5.355,-21.651
4.0277,-7.1289,-5.2892,0.48422,3.3528,-10.099,14.174,6.8329,-2.7506,-3.7448,-5.593,-22.872
3.7675,-7.1902,-5.3048,0.55161,3.1739,-9.9918,14.362,7.0467,-2.7378,-3.7182,-5.5441,-23.64
3.4517,-7.1099,-5.0223,0.57254,2.8975,-9.5949,14.554,7.4828,-2.5204,-3.5197,-5.2776,-23.99
2.948,-6.996,-4.4566,0.7029,2.4513,-9.0112,14.702,8.0578,-2.1822,-3.2287,-4.9076,-24.04
2.0984,-7.071,-3.6699,1.1482,1.7687,-8.3911,14.764,8.6631,-1.8119,-2.9172,-4.5326,-23.934
0.84032,-7.5131,-2.7539,2.0225,0.84912,-7.8649,14.722,9.1926,-1.4715,-2.6232,-4.199,-23.777
-0.70357,-8.3136,-1.8152,3.2449,-0.21279,-7.4869,14.592,9.5716,-1.1837,-2.3467,-3.8992,-23.598
-2.2436,-9.2502,-0.95782,4.5454,-1.246,-7.2183,14.421,9.7725,-0.93933,-2.0633,-3.5928,-23.35
-3.4281,-9.9762,-0.25845,5.5714,-2.0524,-6.9496,14.261,9.8116,-0.71395,-1.7448,-3.2346,-22.945
-3.9642,-10.151,0.26005,6.0162,-2.4722,-6.544,14.151,9.7319,-0.48545,-1.3752,-2.7984,-22.296
-3.7249,-9.5451,0.64206,5.7186,-2.4499,-5.8797,14.114,9.5819,-0.24286,-0.95737,-2.284,-21.35
-2.8107,-8.1138,0.99319,4.7168,-2.0747,-4.8815,14.155,9.3965,0.011576,-0.50863,-1.7147,-20.104
-1.5323,-6.0173,1.4577,3.2427,-1.5674,-3.5417,14.265,9.1828,0.26224,-0.056164,-1.1264,-18.601
-0.31388,-3.5909,2.1773,1.6568,-1.2117,-1.931,14.426,8.9131,0.47979,0.36663,-0.55957,-16.91
0.4388,-1.2569,3.2357,0.3414,-1.2582,-0.19493,14.602,8.5279,0.62347,0.72127,-0.056281,-15.112
0.45425,0.59387,4.6156,-0.40582,-1.8435,1.4749,14.737,7.9537,0.65022,0.9718,0.34504,-13.285
-0.3291,1.7111,6.1922,-0.45201,-2.9461,2.8914,14.768,7.133,0.53016,1.0968,0.61985,-11.477
-1.7341,2.0458,7.7603,0.13074,-4.3815,3.9238,14.636,6.0538,0.26078,1.0963,0.76802,-9.7068
-3.3816,1.744,9.0771,1.0851,-5.8393,4.5219,14.31,4.7605,-0.1302,0.99083,0.81594,-7.9606
-4.8053,1.0764,9.912,2.059,-6.9638,4.7074,13.791,3.3367,-0.59724,0.80917,0.80026,-6.2205
-5.6175,0.33125,10.109,2.7408,-7.4714,4.5422,13.103,1.87,-1.099,0.57308,0.74547,-4.4909
-5.6534,-0.29402,9.6444,2.9808,-7.2602,4.0968,12.283,0.41509,-1.6183,0.2869,0.64854,-2.8174
-5.0193,-0.75751,8.6495,2.8357,-6.4508,3.4332,11.356,-1.0266,-2.1726,-0.063944,0.47847,-1.2869
-4.0327,-1.1528,7.3726,2.5198,-5.3332,2.6085,10.331,-2.5026,-2.807,-0.50465,0.19015,-0.0035197
-3.0891,-1.6163,6.1041,2.2942,-4.2566,1.6903,9.199,-4.0761,-3.5725,-1.0562,-0.25345,0.94926
-2.5181,-2.2336,5.0978,2.3506,-3.5178,0.76505,7.9404,-5.784,-4.5022,-1.7222,-0.86035,1.5422
-2.4842,-3.0001,4.5147,2.7484,-3.2824,-0.074646,6.5436,-7.6138,-5.5951,-2.4833,-1.6025,1.8128
-2.9585,-3.8378,4.3922,3.4179,-3.549,-0.7537,5.0222,-9.5115,-6.8122,-3.3029,-2.4211,1.8533
-3.7574,-4.6415,4.6464,4.21,-4.1653,-1.2326,3.4289,-11.4,-8.0788,-4.1305,-3.2403,1.78
-4.6367,-5.3346,5.1119,4.9681,-4.8973,-1.5162,1.8541,-13.188,-9.2899,-4.91,-3.9834,1.6959
-5.41,-5.9132,5.6087,5.6043,-5.5323,-1.651,0.40155,-14.779,-10.331,-5.5898,-4.5888,1.6619
-6.0446,-6.4638,5.9968,6.1549,-5.9703,-1.7165,-0.84825,-16.104,-11.119,-6.1371,-5.0276,1.6829
-6.6757,-7.1586,6.1958,6.7858,-6.2485,-1.8206,-1.8689,-17.155,-11.644,-6.5505,-5.3154,1.7116
-7.5213,-8.2146,6.1905,7.7224,-6.4954,-2.0855,-2.6983,-17.983,-11.963,-6.8578,-5.5023,1.6696
-8.7498,-9.7735,6.0379,9.1173,-6.8585,-2.595,-3.411,-18.649,-12.159,-7.0904,-5.6368,1.4885
-10.381,-11.742,5.8653,10.926,-7.443,-3.3119,-4.0637,-19.17,-12.278,-7.2498,-5.7305,1.1527
-12.26,-13.745,5.8414,12.878,-8.2719,-4.0436,-4.6547,-19.5,-12.311,-7.3021,-5.7492,0.71526
-14.089,-15.256,6.1223,14.569,-9.2707,-4.503,-5.1288,-19.568,-12.22,-7.2024,-5.6409,0.27331
-15.514,-15.806,6.793,15.609,-10.282,-4.4235,-5.4137,-19.328,-11.983,-6.9295,-5.3722,-0.07512
-16.236,-15.147,7.8329,15.75,-11.123,-3.6555,-5.458,-18.798,-11.613,-6.5021,-4.9524,-0.26565
-16.141,-13.335,9.1227,14.97,-11.67,-2.219,-5.2518,-18.054,-11.157,-5.9702,-4.4298,-0.28337
-15.371,-10.726,10.483,13.494,-11.916,-0.32263,-4.8322,-17.202,-10.672,-5.3966,-3.8741,-0.16319
-14.263,-7.8987,11.714,11.732,-11.952,1.6667,-4.2852,-16.345,-10.204,-4.8397,-3.3554,0.022738
-13.213,-5.4803,12.629,10.154,-11.894,3.3239,-3.7386,-15.552,-9.7722,-4.3385,-2.9242,0.18955
-12.543,-3.9586,13.082,9.1422,-11.827,4.3009,-3.3348,-14.843,-9.363,-3.9035,-2.5973,0.26823
-12.394,-3.5728,13.004,8.8914,-11.776,4.4288,-3.1867,-14.203,-8.9376,-3.5183,-2.3571,0.22812
-12.697,-4.2863,12.422,9.3597,-11.714,3.749,-3.3361,-13.605,-8.4551,-3.155,-2.1678,0.086783
-13.203,-5.8057,11.445,10.287,-11.565,2.4719,-3.7426,-13.039,-7.902,-2.794,-1.9948,-0.098746
-13.573,-7.6558,10.212,11.287,-11.228,0.88671,-4.3084,-12.526,-7.3096,-2.4362,-1.8225,-0.25707
-13.51,-9.333,8.8527,11.985,-10.613,-0.72467,-4.9246,-12.109,-6.7454,-2.1046,-1.6612,-0.32864
-12.894,-10.495,7.4745,12.171,-9.7038,-2.1498,-5.5098,-11.835,-6.2859,-1.8323,-1.5401,-0.28193
-11.854,-11.075,6.1807,11.887,-8.6012,-3.2739,-6.0255,-11.732,-5.9892,-1.6486,-1.4949,-0.11868
-10.731,-11.262,5.0862,11.395,-7.5263,-4.0734,-6.4631,-11.794,-5.8762,-1.5702,-1.553,0.13107
-9.9522,-11.389,4.3051,11.052,-6.7513,-4.6091,-6.8138,-11.971,-5.9211,-1.5957,-1.7203,0.42405
-9.8804,-11.759,3.918,11.16,-6.5035,-4.9961,-7.046,-12.184,-6.0567,-1.7029,-1.9745,0.72332
-10.689,-12.536,3.9335,11.88,-6.8706,-5.3391,-7.1141,-12.337,-6.1936,-1.8536,-2.2694,1.0081
-12.265,-13.715,4.261,13.178,-7.7384,-5.6879,-6.9905,-12.356,-6.2546,-2.0062,-2.5522,1.266
-14.185,-15.134,4.7043,14.799,-8.8018,-6.05,-6.681,-12.213,-6.2021,-2.1285,-2.7839,1.4823
-15.837,-16.505,4.9941,16.3,-9.6498,-6.4168,-6.2015,-11.92,-6.0392,-2.2012,-2.9446,1.6461
-16.605,-17.46,4.878,17.173,-9.8968,-6.7547,-5.5449,-11.503,-5.7879,-2.2125,-3.0281,1.7655
-16.077,-17.617,4.2341,16.994,-9.3175,-6.9864,-4.678,-10.976,-5.4704,-2.1553,-3.0332,1.8703
-14.161,-16.679,3.1319,15.548,-7.9218,-6.9982,-3.5749,-10.338,-5.1074,-2.0309,-2.967,1.9971
-11.107,-14.56,1.8112,12.911,-5.9462,-6.6746,-2.2469,-9.5852,-4.7188,-1.8503,-2.8484,2.1686
-7.438,-11.455,0.60026,9.4445,-3.7756,-5.9409,-0.74246,-8.7174,-4.3196,-1.6283,-2.7016,2.383
-3.7946,-7.7941,-0.19267,5.6978,-1.8286,-4.7957,0.87061,-7.7416,-3.9129,-1.3764,-2.5453,2.6139
-0.75214,-4.1086,-0.38329,2.2391,-0.43797,-3.327,2.512,-6.6786,-3.4932,-1.1024,-2.3894,2.8152
1.3398,-0.86566,0.021869,-0.50911,0.24874,-1.7077,4.0822,-5.5752,-3.0605,-0.81758,-2.2406,2.9282
2.4359,1.6177,0.81737,-2.3555,0.31366,-0.1735,5.4622,-4.5094,-2.6344,-0.54362,-2.1115,2.8927
2.7595,3.1937,1.6592,-3.3333,0.026541,1.0225,6.5367,-3.5753,-2.2523,-0.3111,-2.0221,2.6637
2.6823,3.8723,2.1839,-3.6384,-0.27392,1.6749,7.228,-2.8496,-1.951,-0.14695,-1.99,2.2307
2.5789,3.7923,2.1453,-3.5494,-0.31394,1.691,7.5168,-2.3637,-1.7449,-0.061495,-2.0182,1.6266
2.6828,3.1653,1.5095,-3.3106,0.018027,1.1171,7.4414,-2.099,-1.6207,-0.045343,-2.0908,0.91621
2.9836,2.1952,0.46847,-3.0175,0.62909,0.11815,7.0825,-2.0052,-1.5471,-0.076821,-2.1814,0.17463
3.2323,1.0126,-0.63766,-2.5893,1.251,-1.0813,6.5369,-2.0277,-1.4954,-0.13385,-2.2667,-0.53569
3.0681,-0.34392,-1.4579,-1.8463,1.5545,-2.2681,5.8847,-2.1331,-1.4571,-0.20483,-2.3393,-1.1834
2.2043,-1.9065,-1.7621,-0.62482,1.3032,-3.311,5.1607,-2.324,-1.4524,-0.29494,-2.4133,-1.779
0.56226,-3.7322,-1.5115,1.1324,0.44198,-4.1981,4.3485,-2.6336,-1.522,-0.42469,-2.5192,-2.367
-1.7158,-5.8457,-0.85684,3.3464,-0.90383,-5.0148,3.4081,-3.0978,-1.7063,-0.61957,-2.6865,-2.9975
-4.3304,-8.1898,-0.069212,5.8245,-2.4802,-5.872,2.3232,-3.7194,-2.0207,-0.89477,-2.9249,-3.6883
-6.9059,-10.608,0.56797,8.3007,-3.9804,-6.8371,1.1332,-4.4494,-2.4414,-1.244,-3.2143,-4.4052
-9.0774,-12.871,0.85504,10.492,-5.1314,-7.893,-0.07512,-5.1996,-2.911,-1.6381,-3.5111,-5.0693
-10.579,-14.738,0.72527,12.161,-5.7673,-8.9419,-1.2036,-5.8707,-3.3584,-2.0326,-3.7625,-5.584
-11.305,-16.022,0.245,13.169,-5.8674,-9.8441,-2.1775,-6.3793,-3.7194,-2.3775,-3.9201,-5.8622
-11.307,-16.634,-0.42952,13.49,-5.5367,-10.472,-2.9645,-6.675,-3.9524,-2.6296,-3.9499,-5.848
-10.745,-16.592,-1.1261,13.196,-4.9387,-10.758,-3.577,-6.7498,-4.0471,-2.765,-3.8404,-5.5291
-9.815,-16.012,-1.7315,12.424,-4.2241,-10.724,-4.0569,-6.6354,-4.0229,-2.7871,-3.6066,-4.9395
-8.6792,-15.061,-2.2341,11.326,-3.4824,-10.474,-4.4488,-6.3825,-3.9159,-2.7217,-3.2824,-4.1454
-7.4263,-13.904,-2.7176,10.024,-2.7202,-10.148,-4.7724,-6.0307,-3.7581,-2.5999,-2.9042,-3.2169
-6.0561,-12.647,-3.3096,8.5761,-1.8712,-9.8619,-5.0094,-5.5879,-3.5612,-2.4423,-2.4965,-2.2019
-4.5023,-11.321,-4.1084,6.9792,-0.84255,-9.6672,-5.1141,-5.0353,-3.3151,-2.2544,-2.0678,-1.1168
-2.6906,-9.8987,-5.1218,5.198,0.4202,-9.5364,-5.0409,-4.349,-2.997,-2.0308,-1.6163,0.042012
-0.60874,-8.3451,-6.2474,3.2183,1.8782,-9.3961,-4.7761,-3.523,-2.5845,-1.7624,-1.1377,1.2794
1.6512,-6.6594,-7.3173,1.0927,3.3932,-9.1777,-4.3574,-2.5839,-2.0688,-1.4429,-0.63335,2.5822
3.9133,-4.8983,-8.1954,-1.0525,4.7994,-8.8629,-3.8652,-1.5946,-1.4675,-1.0793,-0.11885,3.9079
5.9999,-3.1677,-8.8507,-3.0566,6.0115,-8.4864,-3.3864,-0.64202,-0.82742,-0.69653,0.37325,5.1892
7.8086,-1.5877,-9.3274,-4.7854,7.0503,-8.0974,-2.9731,0.1924,-0.20964,-0.33079,0.80431,6.356
9.2879,-0.25021,-9.6545,-6.1593,7.9348,-7.7101,-2.6211,0.86509,0.33668,-0.012989,1.1476,7.364
10.351,0.80457,-9.7956,-7.1331,8.585,-7.2873,-2.2773,1.3853,0.79414,0.24587,1.4005,8.2106
10.858,1.575,-9.6573,-7.6712,8.8427,-6.7637,-1.8704,1.8012,1.1769,0.4546,1.5811,8.9278
10.674,2.0622,-9.1266,-7.741,8.5468,-6.0898,-1.3523,2.1643,1.5111,0.6298,1.7135,9.5558
9.722,2.2394,-8.1219,-7.3122,7.6008,-5.268,-0.7318,2.4932,1.8105,0.77991,1.8112,10.116
7.9984,2.0475,-6.6404,-6.3558,6.0142,-4.3658,-0.081467,2.7588,2.0617,0.89735,1.87,10.599
5.5852,1.4273,-4.7882,-4.8705,3.914,-3.5009,0.48721,2.8961,2.231,0.96263,1.8737,10.968
2.6925,0.37528,-2.7827,-2.942,1.5393,-2.8053,0.86653,2.8339,2.281,0.95754,1.8056,11.181
-0.30496,-1.0056,-0.91837,-0.79547,-0.77366,-2.3825,0.98893,2.5264,2.1876,0.87647,1.6599,11.209
-2.9001,-2.4948,0.50637,1.2145,-2.6406,-2.272,0.84256,1.9769,1.9547,0.73274,1.4489,11.053
-4.596,-3.8038,1.2791,2.7026,-3.7349,-2.4353,0.46598,1.2409,1.6181,0.55744,1.205,10.75
-5.0895,-4.6683,1.3374,3.3916,-3.9003,-2.7703,-0.071882,0.40271,1.232,0.38798,0.97217,10.373
-4.3824,-4.9376,0.78118,3.2123,-3.202,-3.1513,-0.69898,-0.46233,0.84767,0.25159,0.79037,10.001
-2.7769,-4.6238,-0.16409,2.324,-1.8999,-3.4732,-1.366,-1.3206,0.49147,0.15342,0.67955,9.6979
-0.77539,-3.8969,-1.2137,1.0601,-0.36956,-3.6786,-2.0595,-2.1859,0.15848,0.077352,0.63517,9.4869
1.0741,-3.0287,-2.0976,-0.18334,1.0013,-3.759,-2.793,-3.0967,-0.1762,-0.00093843,0.63781,9.3508
2.3319,-2.2947,-2.6202,-1.0758,1.9083,-3.7348,-3.5786,-4.0789,-0.53595,-0.097156,0.67116,9.2497
2.7669,-1.8722,-2.6906,-1.4447,2.1935,-3.6282,-4.3952,-5.1138,-0.92246,-0.20629,0.73824,9.1514
2.3832,-1.7877,-2.3237,-1.2961,1.8657,-3.4417,-5.1775,-6.1295,-1.304,-0.29909,0.86689,9.0548
1.3835,-1.9406,-1.6213,-0.77578,1.0774,-3.1566,-5.8406,-7.0252,-1.6251,-0.33483,1.098,8.9886
0.089116,-2.1664,-0.74111,-0.10671,0.067144,-2.755,-6.3221,-7.7126,-1.8309,-0.28315,1.4607,8.9898
-1.1511,-2.293,0.13968,0.47406,-0.90855,-2.2492,-6.6119,-8.1495,-1.8923,-0.14273,1.9511,9.0813
-2.0331,-2.1852,0.86169,0.77152,-1.6293,-1.6901,-6.7492,-8.3468,-1.8162,0.057226,2.5297,9.2648
-2.3515,-1.7742,1.3202,0.66863,-1.955,-1.1468,-6.7932,-8.3509,-1.6383,0.2741,3.1381,9.5314
-2.0405,-1.0595,1.4877,0.13793,-1.8558,-0.67182,-6.7903,-8.2152,-1.4035,0.47211,3.7206,9.8729
-1.1806,-0.0934,1.4111,-0.76232,-1.4073,-0.27709,-6.7555,-7.9775,-1.1486,0.63694,4.2435,10.283
0.036877,1.0334,1.1909,-1.9037,-0.75122,0.064915,-6.6743,-7.6512,-0.88816,0.77631,4.7016,10.749
1.3666,2.2013,0.94937,-3.1135,-0.054284,0.39378,-6.5178,-7.2292,-0.61397,0.91291,5.1111,11.245
2.5629,3.2675,0.79327,-4.2046,0.53001,0.72561,-6.2627,-6.6951,-0.30552,1.0683,5.4927,11.73
3.4257,4.0783,0.77613,-5.0067,0.89554,1.0306,-5.9096,-6.0387,0.057039,1.2494,5.8546,12.157
3.8342,4.4942,0.87567,-5.3972,1.0073,1.2339,-5.4953,-5.2736,0.4763,1.4418,6.185,12.476
3.7634,4.4209,0.99769,-5.324,0.90402,1.2375,-5.0929,-4.4486,0.92763,1.6113,6.455,12.645
3.2764,3.8315,1.0136,-4.8121,0.67373,0.9564,-4.7916,-3.6479,1.3642,1.7196,6.6302,12.637
2.4932,2.7786,0.82366,-3.9511,0.41065,0.36163,-4.6597,-2.9688,1.7328,1.7388,6.6845,12.451
1.553,1.3959,0.41579,-2.8701,0.176,-0.48778,-4.7099,-2.4859,1.9964,1.6664,6.6164,12.12
0.58847,-0.10897,-0.11532,-1.7197,-0.015628,-1.4418,-4.8886,-2.2181,2.1522,1.5305,6.457,11.704
-0.27606,-1.4706,-0.60416,-0.67085,-0.18067,-2.2932,-5.0973,-2.1164,2.2354,1.3823,6.2654,11.271
-0.9129,-2.4066,-0.88428,0.08339,-0.33779,-2.8378,-5.235,-2.0826,2.3064,1.2787,6.1089,10.868
-1.1905,-2.6859,-0.86173,0.35792,-0.47788,-2.9372,-5.2416,-2.0148,2.4244,1.2611,6.0375,10.501
-0.99514,-2.1995,-0.55955,0.028656,-0.54302,-2.5599,-5.1212,-1.8518,2.6182,1.3402,6.0655,10.131
-0.26915,-0.99408,-0.11244,-0.91944,-0.43567,-1.7845,-4.9317,-1.5914,2.8775,1.4965,6.1717,9.6952
0.95137,0.74499,0.29443,-2.3801,-0.067128,-0.76227,-4.747,-1.2737,3.1627,1.6951,6.3177,9.1454
2.52,2.7557,0.51592,-4.1523,0.5794,0.33825,-4.6177,-0.94617,3.4281,1.9052,6.4721,8.4748
4.194,4.7709,0.52109,-5.9882,1.4085,1.3879,-4.5522,-0.63769,3.6427,2.1135,6.6232,7.7262
5.6807,6.5713,0.41569,-7.6427,2.2206,2.3321,-4.5251,-0.34993,3.8008,2.327,6.7779,6.9802
6.7036,8.0098,0.403,-8.9078,2.7707,3.1894,-4.4957,-0.06071,3.9222,2.5672,6.9538,6.3249
7.0658,9.0299,0.70255,-9.6434,2.8525,4.0285,-4.427,0.26925,4.0449,2.8581,7.1689,5.8314
6.7102,9.6769,1.4576,-9.8213,2.3735,4.933,-4.2964,0.68661,4.209,3.2164,7.4327,5.5287
5.7603,10.088,2.6696,-9.5585,1.3958,5.9597,-4.1006,1.2301,4.4373,3.6398,7.7386,5.4003
4.4996,10.438,4.1828,-9.088,0.12705,7.109,-3.8569,1.911,4.7235,4.1024,8.0611,5.387
3.2844,10.874,5.7273,-8.6701,-1.1425,8.3097,-3.5986,2.6993,5.0295,4.5602,8.3597,5.4056
2.4308,11.46,7.0096,-8.4999,-2.1338,9.4307,-3.3643,3.5254,5.2983,4.9643,8.5896,5.3777
2.1276,12.158,7.809,-8.6526,-2.6618,10.321,-3.1855,4.301,5.4749,5.2764,8.714,5.2558
2.3951,12.84,8.0338,-9.073,-2.675,10.849,-3.0807,4.9539,5.5275,5.4757,8.7136,5.0335
3.0978,13.34,7.7205,-9.6109,-2.2451,10.941,-3.0567,5.4529,5.4594,5.5644,8.5893,4.738
4.0077,13.521,6.9947,-10.094,-1.5237,10.587,-3.1167,5.8151,5.3049,5.5619,8.359,4.4117
4.8995,13.32,6.017,-10.4,-0.68094,9.8313,-3.2599,6.0914,5.1137,5.4958,8.0501,4.0956
5.6227,12.761,4.9352,-10.485,0.14534,8.7609,-3.4756,6.3415,4.9311,5.392,7.6894,3.8202
6.1164,11.922,3.8551,-10.37,0.87443,7.4854,-3.7357,6.6145,4.7853,5.2667,7.2959,3.6031
6.3775,10.898,2.8411,-10.101,1.4743,6.1245,-3.9908,6.9464,4.6882,5.1263,6.8815,3.4553
6.4219,9.7634,1.9324,-9.7167,1.935,4.7828,-4.177,7.3652,4.6458,4.9749,6.4608,3.3877
6.2633,8.5523,1.1507,-9.2302,2.2502,3.524,-4.239,7.8918,4.6684,4.821,6.0588,3.4151
5.9097,7.2429,0.49495,-8.6268,2.4163,2.3619,-4.1593,8.5272,4.771,4.6792,5.7061,3.5503
5.368,5.7794,-0.063307,-7.8704,2.4375,1.2807,-3.9648,9.2418,4.968,4.566,5.4269,3.7909
4.6608,4.1572,-0.55691,-6.9446,2.3292,0.2718,-3.699,9.9889,5.2656,4.4959,5.235,4.1175
3.8567,2.5367,-0.9771,-5.9176,2.1167,-0.6178,-3.3776,10.743,5.659,4.4807,5.1404,4.5012
3.094,1.259,-1.2445,-4.9838,1.8333,-1.2476,-2.9643,11.53,6.1348,4.5303,5.1553,4.9194
2.5552,0.71868,-1.2172,-4.4193,1.5122,-1.4005,-2.3772,12.425,6.6824,4.6565,5.2977,5.3707
2.3898,1.2115,-0.73119,-4.4699,1.1701,-0.86361,-1.5209,13.515,7.31,4.8789,5.5953,5.9018
2.6362,2.839,0.33818,-5.2366,0.79127,0.49546,-0.31922,14.863,8.0427,5.2223,6.0817,6.5944
3.1911,5.4722,2.0148,-6.6233,0.33203,2.6759,1.2548,16.479,8.9016,5.7006,6.7784,7.5145
3.8474,8.7506,4.1804,-8.3674,-0.2498,5.4795,3.15,18.296,9.8794,6.2991,7.6728,8.6549
4.3818,12.143,6.5655,-10.136,-0.95613,8.4951,5.2239,20.182,10.929,6.9689,8.7059,9.9181
4.6393,15.092,8.7926,-11.628,-1.7285,11.197,7.2583,21.972,11.967,7.6348,9.7789,11.141
4.5693,17.148,10.482,-12.619,-2.4599,13.128,9.0201,23.52,12.898,8.2156,10.777,12.148
4.2177,18.063,11.388,-12.981,-3.0298,14.065,10.356,24.756,13.659,8.6534,11.604,12.814
3.7102,17.885,11.479,-12.72,-3.3382,14.082,11.265,25.716,14.247,8.9336,12.215,13.102
3.2403,16.999,10.93,-12.052,-3.3284,13.489,11.906,26.537,14.719,9.0787,12.613,13.058
3.0476,16.012,10.038,-11.384,-2.9935,12.68,12.531,27.398,15.139,9.1165,12.82,12.772
3.357,15.506,9.1183,-11.165,-2.3745,11.986,13.394,28.448,15.528,9.0516,12.855,12.326
4.2825,15.804,8.4174,-11.657,-1.5457,11.598,14.662,29.754,15.829,8.8613,12.727,11.766
5.76,16.843,8.0428,-12.798,-0.5807,11.552,16.354,31.28,15.923,8.5122,12.447,11.077
7.5559,18.181,7.9334,-14.223,0.48004,11.736,18.312,32.884,15.678,7.9743,12.008,10.169
9.322,19.174,7.8388,-15.41,1.6009,11.924,20.161,34.382,15.043,7.2242,11.366,8.896
10.65,19.287,7.3109,-15.896,2.6808,11.858,21.297,35.694,14.123,6.2545,10.47,7.1554
11.123,18.369,5.9852,-15.455,3.5263,11.402,21.519,37.062,13.224,5.1037,9.3092,5.063
10.401,16.685,4.2936,-14.13,3.8278,10.672,21.834,39.186,12.955,4.1126,8.1167,3.0906
8.3692,14.779,3.3815,-12.219,3.1707,10.046,23.619,42.693,14.75,4.5656,8.0265,2.1248
5.321,13.375,4.2051,-10.304,1.4484,10.018,27.905,40.856,15.788,8.6649,16.974,3.5423
2.3227,13.601,7.135,-9.7602,-0.26862,10.99,35.286,39.451,11.908,2.145,12.964,3.1921
-5.7267,13.409,14.296,-3.9819,-7.4263,13.134,45.603,48.31,6.9707,-6.8448,1.4121,-5.677
-21.374,8.5186,32.133,7.1714,-22.663,16.683,58.107,57.467,1.545,-18.603,-14.503,-17.04
-39.941,5.3622,53.992,18.652,-42.377,24.064,72.605,63.696,-4.7352,-33.099,-32.048,-30.423
-59.268,2.6257,74.605,29.882,-63.935,32.932,89.816,65.707,-12.144,-45.39,-45.817,-42.251
-73.879,1.1553,87.523,37.993,-79.771,39.412,104.99,66.525,-18.149,-52.397,-50.599,-47.928
-75.767,3.1821,88.091,37.825,-80.987,44.204,108.01,71.978,-13.865,-47.789,-43.738,-44.913
-55.581,12.736,73.586,22.572,-61.722,45.594,100.64,90.054,20.308,-8.3575,-10.666,-28.628
-4.3188,37.744,44.687,-17.172,-20.08,45.379,87.325,132.51,131.67,127.49,86.526,18.307
86.681,88.45,4.1426,-92.789,44.463,50.471,70.174,210.8,319.82,333.45,244.16,125.99
217.9,168.12,-45.151,-202.6,132.13,65.271,50.142,328.69,574.46,612.37,452.0,261.54
381.11,275.55,-99.61,-340.62,240.67,91.394,27.136,476.96,892.32,958.75,711.83,426.69
570.74,406.34,-158.07,-502.23,365.49,126.33,0.18316,636.65,1244.2,1342.2,1003.1,614.85
773.47,547.36,-221.09,-673.61,499.39,162.71,-31.588,785.35,1586.4,1715.2,1292.3,806.89
970.44,678.58,-290.15,-835.12,633.08,189.92,-67.522,900.79,1867.9,2019.7,1537.1,977.05
1138.8,775.47,-365.93,-964.32,755.26,196.55,-104.67,965.07,2039.8,2198.5,1693.8,1097.5
1255.5,815.06,-446.0,-1040.0,853.23,174.01,-138.14,967.61,2067.6,2210.0,1728.6,1145.0
1301.8,784.68,-523.2,-1047.2,914.53,120.55,-161.76,906.24,1939.4,2042.1,1628.3,1108.0
1269.1,687.84,-585.67,-982.63,929.14,42.812,-170.12,786.21,1670.9,1718.2,1406.2,991.58
1161.3,543.27,-620.13,-857.02,892.04,-44.658,-162.14,618.46,1301.4,1292.1,1100.0,816.12
993.8,377.84,-617.13,-691.89,806.13,-123.88,-142.05,418.45,883.14,832.68,760.78,611.99
791.52,217.66,-575.49,-512.51,683.66,-181.3,-115.92,205.26,469.56,404.58,438.41,410.24
584.15,81.444,-504.26,-342.14,544.12,-212.26,-89.626,0.15729,104.96,53.709,169.45,234.52
399.29,-22.082,-420.19,-198.74,409.21,-221.26,-67.786,-176.74,-181.56,-198.69,-28.457,97.473
254.95,-92.691,-341.57,-90.773,296.82,-217.79,-49.604,-311.35,-378.82,-354.21,-155.53,1.7011
155.49,-135.0,-281.25,-16.986,215.71,-210.57,-32.901,-399.66,-492.44,-430.58,-224.09,-56.799
93.817,-155.15,-241.93,21.163,163.92,-203.66,-18.676,-448.01,-541.04,-453.25,-251.86,-83.009
58.885,-158.87,-217.29,38.613,132.81,-195.9,-7.128,-468.66,-549.18,-447.21,-254.43,-90.463
38.197,-150.26,-196.44,45.294,110.97,-182.67,3.4239,-473.39,-536.84,-428.08,-241.61,-88.647
20.287,-132.18,-168.14,47.192,85.729,-158.76,13.595,-468.99,-515.08,-400.64,-222.11,-82.211
-2.9565,-107.95,-124.73,48.298,51.21,-123.02,22.267,-456.84,-487.2,-369.55,-200.93,-74.2
-33.682,-82.118,-67.565,51.163,8.402,-82.584,29.46,-435.56,-452.46,-337.47,-180.57,-67.322
-68.375,-58.412,-6.8823,57.151,-38.455,-42.748,36.605,-404.23,-410.86,-304.0,-161.93,-62.677
-101.31,-42.669,49.68,53.403,-81.997,-7.042,45.369,-364.04,-365.48,-270.32,-146.08,-55.954
-125.17,-32.745,94.41,42.644,-115.15,21.044,55.312,-317.49,-319.03,-237.13,-128.86,-53.942
-128.12,-24.619,123.29,42.516,-134.84,41.27,64.519,-269.78,-274.84,-210.18,-116.21,-53.686
-120.79,-16.352,137.57,41.288,-142.74,53.568,71.518,-225.61,-237.51,-189.25,-107.04,-52.403
-113.1,-7.9553,140.04,37.698,-141.14,59.032,75.557,-184.75,-204.71,-169.98,-98.26,-50.311
-101.59,-0.65667,133.9,31.99,-131.76,60.011,76.53,-147.65,-175.42,-150.5,-88.735,-47.65
-85.43,4.9519,122.39,24.998,-116.22,58.977,74.861,-114.92,-149.93,-131.57,-78.285,-44.618
-67.564,8.838,107.64,17.82,-96.594,55.957,71.118,-87.389,-128.93,-114.61,-67.838,-41.491
-51.589,11.119,90.351,11.506,-75.934,43.791,65.704,-66.673,-112.32,-100.18,-58.914,-38.566
-39.225,11.999,72.548,6.809,-57.679,33.21,58.956,-52.888,-98.85,-88.7,-52.516,-36.062
-31.125,11.649,56.803,4.0214,-43.981,28.595,51.71,-44.431,-87.568,-80.361,-48.518,-34.059
-27.093,10.328,44.655,2.9527,-35.668,24.522,45.285,-38.073,-78.82,-74.732,-45.934,-32.498
-25.369,8.4647,36.51,3.0642,-31.49,20.37,40.135,-32.253,-73.3,-70.9,-43.89,-31.212
-23.865,6.5306,31.382,3.6566,-29.543,16.783,35.812,-28.997,-70.594,-67.521,-42.017,-30.001
-21.48,4.8671,27.709,4.1141,-28.454,14.06,31.923,-30.215,-68.577,-63.963,-40.231,-28.706
-18.543,3.5911,25.204,4.1756,-26.275,12.109,28.368,-31.204,-65.841,-60.489,-38.56,-27.264
-15.924,2.5871,23.785,3.9821,-22.404,10.692,25.17,-28.101,-62.818,-57.345,-37.099,-25.704
-14.136,1.5708,22.139,3.8877,-18.971,9.5267,22.318,-25.104,-59.914,-54.57,-35.957,-24.102
-13.362,0.23366,20.234,4.2498,-16.815,8.3416,19.738,-23.183,-57.273,-52.144,-35.209,-22.528
-13.634,-1.6164,18.748,5.2806,-15.802,6.947,17.369,-22.16,-54.983,-50.049,-34.858,-21.023
-14.869,-4.0041,17.702,6.9893,-15.672,5.281,15.189,-21.743,-53.092,-48.268,-34.835,-19.592
-16.841,-6.7983,16.953,9.2091,-16.146,3.3944,13.208,-21.684,-51.584,-46.752,-35.017,-18.211
-19.185,-9.7544,16.366,11.661,-16.928,1.4032,11.443,-21.801,-50.382,-45.415,-35.252,-16.84
-21.466,-12.584,15.829,14.029,-17.713,-0.55361,9.8988,-21.963,-49.37,-44.148,-35.394,-15.427
-23.31,-15.045,15.267,16.055,-18.253,-2.3497,8.5608,-22.082,-48.424,-42.847,-35.343,-13.938
-24.542,-17.021,14.652,17.616,-18.434,-3.8995,7.3909,-22.108,-47.437,-41.447,-35.06,-12.381
-25.233,-18.543,14.005,18.759,-18.299,-5.1771,6.3369,-22.018,-46.342,-39.934,-34.569,-10.815
-25.621,-19.759,13.383,19.646,-18.01,-6.2147,5.3511,-21.808,-45.109,-38.327,-33.926,-9.3252
-25.975,-20.844,12.85,20.465,-17.752,-7.0764,4.4056,-21.483,-43.735,-36.66,-33.19,-7.9974
-26.489,-21.921,12.448,21.328,-17.665,-7.822,3.4965,-21.058,-42.246,-34.963,-32.4,-6.898
-27.219,-23.006,12.175,22.24,-17.793,-8.4851,2.6362,-20.569,-40.692,-33.273,-31.579,-6.0699
-28.058,-24.002,11.972,23.097,-18.07,-9.0696,1.8444,-20.066,-39.14,-31.626,-30.748,-5.5376
-28.761,-24.735,11.751,23.725,-18.338,-9.5479,1.1448,-19.595,-37.65,-30.054,-29.926,-5.3112
-29.031,-25.021,11.441,23.931,-18.395,-9.8553,0.56414,-19.175,-36.251,-28.569,-29.129,-5.3875
-28.653,-24.724,11.06,23.577,-18.103,-9.8979,0.1249,-18.787,-34.937,-27.157,-28.362,-5.7516
-27.634,-23.81,10.734,22.656,-17.489,-9.5887,-0.16477,-18.387,-33.671,-25.784,-27.627,-6.3805
-26.247,-22.388,10.659,21.336,-16.772,-8.8966,-0.32091,-17.935,-32.422,-24.419,-26.924,-7.2593
-24.938,-20.707,11.006,19.927,-16.265,-7.8816,-0.38287,-17.426,-31.179,-23.055,-26.27,-8.384
-24.124,-19.095,11.821,18.764,-16.209,-6.6957,-0.39634,-16.901,-29.96,-21.711,-25.679,-9.7592
-23.998,-17.846,12.985,18.067,-16.658,-5.5465,-0.38772,-16.433,-28.788,-20.408,-25.145,-11.386
-24.456,-17.12,14.245,17.869,-17.456,-4.6423,-0.34905,-16.085,-27.661,-19.141,-24.616,-13.246
-25.18,-16.925,15.285,18.052,-18.308,-4.1402,-0.24599,-15.883,-26.545,-17.87,-24.011,-15.3
-25.791,-17.185,15.823,18.441,-18.892,-4.1201,-0.04218,-15.796,-25.395,-16.546,-23.253,-17.482
-26.011,-17.806,15.677,18.878,-18.973,-4.5927,0.27568,-15.764,-24.186,-15.147,-22.313,-19.712
-25.705,-18.693,14.797,19.233,-18.446,-5.5218,0.68368,-15.727,-22.932,-13.709,-21.231,-21.91
-24.834,-19.709,13.258,19.384,-17.324,-6.8329,1.1214,-15.67,-21.697,-12.307,-20.101,-24.016
-23.394,-20.658,11.234,19.204,-15.7,-8.4037,1.5075,-15.632,-20.575,-11.02,-19.033,-25.982
-21.421,-21.312,8.9554,18.588,-13.725,-10.063,1.7674,-15.691,-19.658,-9.901,-18.109,-27.761
-19.022,-21.496,6.6622,17.505,-11.574,-11.621,1.8595,-15.925,-19.002,-8.9604,-17.364,-29.289
-16.363,-21.165,4.5506,16.019,-9.4072,-12.917,1.7873,-16.37,-18.601,-8.166,-16.777,-30.488
-13.616,-20.415,2.7371,14.262,-7.34,-13.872,1.5855,-17.005,-18.383,-7.4573,-16.277,-31.281
-10.933,-19.432,1.2467,12.393,-5.4361,-14.508,1.2893,-17.757,-18.218,-6.7651,-15.758,-31.624
-8.4575,-18.43,0.028558,10.584,-3.7336,-14.932,0.90759,-18.537,-17.96,-6.0378,-15.115,-31.511
-6.3601,-17.615,-1.0055,9.0312,-2.2868,-15.291,0.4149,-19.278,-17.501,-5.2641,-14.283,-30.97
-4.8515,-17.185,-1.9313,7.9559,-1.1883,-15.727,-0.23628,-19.959,-16.816,-4.4755,-13.271,-30.049
-4.1343,-17.317,-2.7738,7.5606,-0.54109,-16.343,-1.0891,-20.587,-15.956,-3.721,-12.146,-28.791
-4.298,-18.103,-3.5023,7.9381,-0.39789,-17.165,-2.153,-21.173,-15.007,-3.03,-10.988,-27.217
-5.2271,-19.457,-4.0541,8.9852,-0.71581,-18.123,-3.3862,-21.699,-14.028,-2.3903,-9.8453,-25.321
-6.5912,-21.076,-4.3744,10.384,-1.3488,-19.058,-4.7045,-22.118,-13.034,-1.7531,-8.7147,-23.086
-7.9296,-22.522,-4.4595,11.686,-2.07,-19.784,-6.0178,-22.376,-12.003,-1.0584,-7.5701,-20.516
-8.7985,-23.381,-4.3798,12.471,-2.6275,-20.163,-7.2741,-22.455,-10.917,-0.26382,-6.3975,-17.68
-8.9215,-23.426,-4.266,12.495,-2.8269,-20.173,-8.486,-22.385,-9.7721,0.63941,-5.2115,-14.714
-8.2731,-22.705,-4.2695,11.769,-2.6014,-19.914,-9.7345,-22.233,-8.578,1.6288,-4.0466,-11.781
-7.0612,-21.519,-4.5218,10.531,-2.0222,-19.566,-11.163,-22.059,-7.3469,2.6665,-2.9353,-9.006
-5.6334,-20.304,-5.1157,9.1471,-1.2502,-19.334,-12.967,-21.894,-6.0814,3.7184,-1.8888,-6.4452
-4.3601,-19.457,-6.1084,7.9867,-0.46967,-19.372,-15.365,-21.73,-4.7721,4.7678,-0.89159,-4.1064
-3.5275,-19.222,-7.5262,7.3199,0.17122,-19.765,-18.483,-21.532,-3.4035,5.8177,0.08722,-1.9806
-3.2481,-19.641,-9.3529,7.2423,0.61437,-20.547,-22.209,-21.263,-1.9657,6.8831,1.0745,-0.066836
-3.4159,-20.592,-11.539,7.6553,0.93156,-21.732,-26.198,-20.909,-0.46493,7.9806,2.0778,1.6198
-3.7446,-21.868,-14.065,8.3173,1.3209,-23.312,-30.1,-20.498,1.071,9.1227,3.0808,3.055
-3.8836,-23.261,-16.991,8.9435,2.0395,-25.236,-33.771,-20.097,2.596,10.319,4.0513,4.2203
-3.5515,-24.611,-20.43,9.308,3.2973,-27.417,-37.279,-19.8,4.06,11.588,4.9576,5.1183
-2.6207,-25.832,-24.447,9.3034,5.1688,-29.76,-40.787,-19.677,5.4282,12.964,5.7855,5.7852
-1.1347,-26.877,-28.975,8.9349,7.5659,-32.181,-44.435,-19.732,6.6955,14.52,6.5512,6.292
0.72506,-27.694,-33.785,8.2799,10.284,-34.573,-48.254,-19.903,7.8944,16.37,7.305,6.7334
2.7129,-28.22,-38.519,7.4406,13.114,-36.796,-52.145,-20.083,9.0927,18.691,8.1255,7.2049
4.6231,-28.409,-42.832,6.498,15.995,-38.688,-55.916,-20.173,10.384,21.719,9.109,7.776
6.3867,-28.227,-46.534,5.4774,19.135,-40.124,-59.36,-20.111,11.873,25.702,10.357,8.4741
8.1198,-27.653,-49.652,4.3544,23.035,-41.07,-62.356,-19.89,13.655,30.758,11.971,9.2824
10.118,-26.714,-52.363,3.1004,28.233,-41.614,-64.923,-19.542,15.809,36.674,14.036,10.155
12.814,-25.513,-54.864,1.7246,34.647,-41.927,-67.199,-19.108,18.391,42.923,16.607,11.041
16.626,-24.217,-57.244,0.26761,41.244,-42.171,-69.328,-18.593,21.457,49.004,19.688,11.913
21.622,-22.964,-59.441,-1.2488,46.995,-42.416,-71.354,-17.947,25.1,54.752,23.269,12.792
27.266,-21.773,-61.358,-2.8686,51.677,-42.613,-73.207,-17.081,29.491,60.294,27.413,13.744
32.888,-20.518,-62.983,-4.7234,55.574,-42.636,-74.777,-15.919,34.839,65.856,32.281,14.857
38.447,-18.98,-64.389,-7.0382,59.113,-42.361,-75.991,-14.44,41.265,71.63,37.995,16.201
44.563,-16.933,-65.705,-10.099,62.715,-41.722,-76.837,-12.685,48.625,77.732,44.415,17.816
51.977,-14.222,-67.066,-14.207,66.664,-40.724,-77.363,-10.722,56.516,84.21,51.109,19.729
61.017,-10.818,-68.553,-19.71,71.011,-39.43,-77.651,-8.5971,64.521,91.048,57.676,21.992
71.235,-6.8371,-70.136,-27.059,75.541,-37.909,-77.8,-6.3196,72.41,98.155,64.055,24.732
81.404,-2.5017,-71.669,-36.423,79.884,-36.207,-77.908,-3.879,80.115,105.38,70.458,28.167
90.152,1.9668,-72.917,-46.53,83.699,-34.334,-78.051,-1.2755,87.627,112.6,77.112,32.532
96.826,6.4774,-73.64,-55.136,86.801,-32.248,-78.259,1.464,94.991,119.85,84.106,37.848
101.79,11.143,-73.691,-61.687,89.196,-29.868,-78.498,4.3037,102.32,127.36,91.392,43.763
106.11,16.286,-73.109,-67.379,91.07,-27.096,-78.697,7.2279,109.76,135.44,98.885,49.816
110.95,22.322,-72.128,-73.552,92.791,-23.894,-78.78,10.24,117.44,144.25,106.54,55.835
117.04,29.546,-71.121,-80.827,94.824,-20.337,-78.708,13.338,125.39,153.69,114.37,61.92
124.38,37.981,-70.459,-89.0,97.543,-16.624,-78.488,16.499,133.61,163.46,122.39,68.181
132.47,47.326,-70.369,-97.495,101.06,-13.009,-78.173,19.676,142.01,173.21,130.59,74.621
140.67,56.938,-70.862,-105.79,105.21,-9.7163,-77.846,22.808,150.49,182.66,138.93,81.16
148.53,65.997,-71.734,-113.55,109.54,-6.8711,-77.588,25.846,158.94,191.75,147.4,87.697
155.68,73.881,-72.619,-120.58,113.47,-4.4803,-77.439,28.766,167.24,200.57,155.96,94.128
161.56,80.333,-73.109,-126.57,116.4,-2.4555,-77.388,31.571,175.3,209.3,164.62,100.36
165.47,85.328,-72.917,-131.09,117.88,-0.65839,-77.37,34.275,183.0,218.11,173.4,106.31
167.03,89.055,-71.993,-133.87,117.86,1.0553,-77.286,36.897,190.29,227.06,182.22,111.98
166.68,91.956,-70.518,-135.24,116.78,2.8079,-77.02,39.459,197.11,235.97,190.85,117.39
165.73,94.591,-68.764,-136.11,115.54,4.6817,-76.452,41.992,203.35,244.48,198.98,122.6
165.91,97.379,-66.946,-137.47,115.12,6.6967,-75.47,44.509,208.86,252.16,206.28,127.64
168.27,100.44,-65.176,-139.84,116.07,8.7975,-73.985,46.981,213.45,258.65,212.44,132.47
172.44,103.62,-63.551,-143.03,118.14,10.869,-71.904,49.316,216.86,263.66,217.18,136.86
177.18,106.65,-62.186,-146.43,120.47,12.784,-69.123,51.383,218.89,266.93,220.26,140.52
181.03,109.13,-61.009,-149.33,122.1,14.452,-65.552,53.067,219.39,268.3,221.59,143.18
182.65,110.67,-59.666,-150.94,122.25,15.863,-61.193,54.313,218.36,267.67,221.18,144.72
181.21,111.04,-57.719,-150.71,120.43,17.089,-56.133,55.15,215.95,265.07,219.14,145.13
176.93,110.37,-54.879,-148.65,116.71,18.246,-50.461,55.681,212.37,260.65,215.67,144.48
170.93,109.05,-51.087,-145.35,111.68,19.438,-44.223,56.052,207.88,254.72,211.03,142.78
164.35,107.56,-46.546,-141.53,106.08,20.679,-37.472,56.399,202.75,247.66,205.53,140.05
157.94,106.2,-41.716,-137.76,100.53,21.839,-30.398,56.794,197.19,239.8,199.39,136.36
152.17,105.12,-37.102,-134.43,95.534,22.684,-23.406,57.221,191.32,231.34,192.74,131.81
147.45,104.24,-32.972,-131.68,91.441,22.99,-16.969,57.607,185.17,222.39,185.59,126.57
143.9,103.19,-29.306,-129.32,88.364,22.64,-11.337,57.848,178.75,213.01,177.94,120.73
141.19,101.51,-25.945,-126.87,86.059,21.661,-6.4593,57.836,172.08,203.24,169.81,114.41
138.6,98.968,-22.759,-123.84,83.983,20.215,-2.1603,57.489,165.18,193.18,161.31,107.71
135.35,95.755,-19.8,-120.01,81.555,18.574,1.6949,56.771,158.04,182.91,152.61,100.74
130.9,92.24,-17.265,-115.56,78.369,17.083,5.1583,55.702,150.61,172.51,143.79,93.594
125.12,88.747,-15.146,-110.79,74.172,16.087,8.23,54.341,142.86,162.0,134.9,86.297
118.23,85.481,-13.065,-105.89,68.718,15.831,10.908,52.746,134.87,151.41,126.0,78.84
110.52,82.53,-10.593,-100.89,61.97,16.378,13.22,50.941,126.79,140.83,117.23,71.217
102.17,79.819,-7.5764,-95.69,54.452,17.573,15.196,48.903,118.82,130.37,108.68,63.477
93.323,77.051,-4.1655,-90.166,46.931,19.053,16.824,46.562,111.1,120.08,100.35,55.737
84.142,73.743,-0.67636,-84.142,39.794,20.354,18.063,43.85,103.69,109.98,92.152,48.105
74.693,69.358,2.5586,-77.413,32.984,21.075,18.887,40.758,96.525,100.0,84.01,40.601
64.949,63.482,5.2718,-69.795,26.305,21.001,19.291,37.363,89.491,90.161,75.884,33.241
54.859,56.101,7.2906,-61.232,19.685,20.141,19.286,33.809,82.45,80.572,67.825,26.282
44.465,47.85,8.565,-51.99,13.319,18.67,18.916,30.246,75.341,71.427,59.952,20.197
34.12,39.767,9.1913,-42.736,7.692,16.808,18.27,26.786,68.204,62.87,52.382,15.252
24.557,32.57,9.3968,-34.227,3.3098,14.714,17.486,23.499,61.124,54.902,45.203,11.319
16.482,26.368,9.4503,-26.838,0.27729,12.51,16.714,20.425,54.142,47.386,38.488,8.1092
10.147,20.941,9.5293,-20.521,-1.7252,10.322,16.084,17.571,47.224,40.111,32.271,5.3852
5.398,16.051,9.6581,-15.119,-3.118,8.2546,15.672,14.925,40.355,32.924,26.574,3.0139
1.9147,11.592,9.751,-10.572,-4.1881,6.3422,15.48,12.455,33.686,25.942,21.506,0.94604
-0.62775,7.6023,9.6884,-6.8783,-5.0474,4.5663,15.45,10.122,27.553,19.679,17.264,-0.81814
-2.4546,4.1945,9.3741,-3.9963,-5.6812,2.9166,15.509,7.9104,22.336,14.693,13.949,-2.2591
-3.6598,1.5025,8.7847,-1.8872,-6.0258,1.4471,15.606,5.854,18.2,11.072,11.455,-3.3599
-4.2524,-0.31939,8.0083,-0.56658,-6.0482,0.28616,15.732,4.0297,15.043,8.4929,9.5566,-4.118
-4.2429,-1.1299,7.2411,-0.066301,-5.7976,-0.39831,15.902,2.5078,12.646,6.589,8.0583,-4.5454
-3.7126,-0.87475,6.7259,-0.35959,-5.4053,-0.46239,16.142,1.3127,10.801,5.1178,6.8432,-4.6627
-2.8316,0.35752,6.6628,-1.3147,-5.0428,0.15482,16.464,0.42147,9.3634,3.9488,5.8566,-4.4957
-1.8258,2.322,7.1356,-2.6968,-4.8611,1.3933,16.86,-0.2177,8.2349,3.0141,5.0737,-4.0788
-0.91138,4.6518,8.0815,-4.2136,-4.9355,3.0623,17.301,-0.66704,7.3443,2.2717,4.4738,-3.4613
-0.22646,6.9383,9.3062,-5.5896,-5.237,4.8741,17.747,-0.9868,6.6331,1.6863,4.0265,-2.7088
0.21253,8.8348,10.531,-6.6398,-5.6405,6.5193,18.161,-1.2275,6.0511,1.2228,3.6895,-1.8925
0.50288,10.142,11.47,-7.3122,-5.9692,7.7552,18.524,-1.4243,5.5598,0.84848,3.4168,-1.0688
0.78788,10.84,11.922,-7.6718,-6.068,8.4705,18.83,-1.5929,5.1367,0.53795,3.1709,-0.26071
1.1552,11.043,11.859,-7.8343,-5.8846,8.7039,19.092,-1.7288,4.7766,0.27751,2.9337,0.54071
1.5556,10.927,11.45,-7.8848,-5.5213,8.6115,19.336,-1.8157,4.487,0.064811,2.7076,1.3541
1.7912,10.638,11.009,-7.8191,-5.2208,8.3943,19.591,-1.8403,4.2783,-0.09625,2.5083,2.1798
1.5814,10.239,10.875,-7.5319,-5.2806,8.218,19.866,-1.8078,4.1546,-0.20282,2.3526,2.9857
0.67321,9.6846,11.291,-6.8596,-5.9345,8.1606,20.139,-1.7434,4.1106,-0.25711,2.2487,3.7145
-1.0552,8.8515,12.311,-5.6566,-7.2573,8.2028,20.357,-1.6753,4.1392,-0.26225,2.1962,4.3065
-3.5227,7.6248,13.776,-3.8821,-9.1235,8.2554,20.472,-1.6079,4.2475,-0.21135,2.1941,4.7279
-6.4295,5.9997,15.357,-1.6618,-11.227,8.2035,20.467,-1.5045,4.4691,-0.078414,2.2498,4.9892
-9.3197,4.1219,16.669,0.72106,-13.163,7.9547,20.38,-1.2933,4.8655,0.1807,2.3823,5.144
-11.702,2.2558,17.417,2.8996,-14.562,7.4848,20.297,-0.89044,5.5127,0.61694,2.6147,5.2645
-13.179,0.71789,17.504,4.5133,-15.221,6.8637,20.335,-0.2254,6.4798,1.2714,2.9565,5.4063
-13.542,-0.19658,17.045,5.2858,-15.153,6.2472,20.607,0.73757,7.7979,2.1496,3.3804,5.5766
-12.824,-0.28308,16.297,5.0954,-14.557,5.8342,21.196,1.9837,9.3972,3.1684,3.7999,5.7216
-11.298,0.51252,15.555,4.025,-13.729,5.8073,22.135,3.445,11.013,4.0992,4.0793,5.7437
-9.3935,2.0652,15.061,2.3554,-12.981,6.2788,23.389,5.0306,12.201,4.6738,4.1133,5.5427
-7.5787,4.0953,14.953,0.48436,-12.567,7.2574,24.858,6.6869,12.695,4.8692,3.9241,5.066
-6.2536,6.2541,15.246,-1.1981,-12.634,8.6466,26.422,8.4486,12.789,4.961,3.6742,4.3522
-5.6638,8.2418,15.875,-2.4262,-13.205,10.279,28.09,10.465,13.15,5.2649,3.5652,3.5833
-5.7983,9.9032,16.795,-3.1201,-14.164,11.98,30.096,13.014,14.596,6.0075,3.7402,3.1788
-6.3417,11.292,17.998,-3.4082,-15.156,13.63,32.763,16.336,19.332,8.5317,5.0971,3.8864
-6.8534,12.793,19.397,-3.67,-15.483,15.195,36.271,18.298,23.593,19.162,14.458,6.787
-6.2307,15.164,20.919,-4.2832,-13.959,16.714,40.528,17.951,29.577,21.277,12.736,5.0259
-11.846,11.329,23.944,3.4835,-16.64,18.356,45.096,28.732,32.807,17.696,4.2254,-2.1221
-25.383,7.0003,39.499,12.448,-31.804,21.11,49.142,39.773,28.855,5.9269,-10.335,-12.586
-41.061,3.037,60.654,22.469,-50.105,26.748,51.55,48.484,17.264,-13.236,-26.293,-27.105
-56.281,-0.32435,76.959,31.218,-68.236,31.903,51.485,51.444,1.2759,-34.276,-40.851,-39.713
-66.731,-2.782,85.376,36.466,-80.401,35.99,49.237,49.297,-11.221,-52.734,-54.068,-44.298
-67.658,-4.7504,82.984,38.078,-81.133,39.238,46.195,48.659,-6.7929,-51.028,-52.525,-41.223
-52.661,4.0935,68.373,32.222,-64.61,40.533,43.344,60.095,38.362,0.67246,-16.45,-22.146
-11.73,37.138,40.642,0.14582,-25.391,43.598,40.972,96.878,161.0,140.6,85.063,33.986
78.997,100.83,3.0695,-87.193,36.471,51.841,39.515,173.98,365.2,364.54,252.8,147.55
217.52,188.1,-42.012,-206.16,123.22,67.452,32.03,290.11,646.51,667.52,473.1,285.05
380.56,296.25,-92.824,-340.91,231.67,92.005,15.742,437.58,986.07,1025.6,733.64,447.2
564.42,418.69,-149.24,-492.78,354.75,122.95,5.2507,603.89,1344.0,1395.7,1005.4,620.32
751.38,540.31,-212.11,-645.49,481.64,153.43,1.3895,768.98,1668.5,1723.9,1252.1,783.88
918.93,642.35,-278.17,-778.62,599.0,174.58,4.1,911.76,1906.8,1954.9,1435.9,915.26
1043.7,705.69,-342.49,-871.37,692.85,178.04,14.359,1014.7,2016.4,2043.0,1523.7,993.19
1106.0,715.02,-399.06,-907.05,750.52,158.03,33.123,1066.5,1973.9,1962.4,1494.0,1001.8
1094.3,664.06,-440.16,-877.17,762.83,112.62,61.756,1062.6,1781.3,1714.8,1342.6,934.85
1008.4,559.37,-458.94,-783.94,726.93,47.675,103.91,1004.8,1464.8,1331.9,1086.4,798.55
859.71,417.75,-451.93,-640.26,647.47,-23.038,155.61,900.03,1070.3,870.68,761.89,612.25
670.66,260.14,-420.19,-467.65,536.6,-87.899,204.32,760.23,654.02,400.51,418.15,404.53
471.03,107.91,-370.66,-292.03,412.96,-140.61,243.8,602.73,271.03,-13.089,104.69,206.06
291.31,-20.627,-316.24,-137.98,297.62,-177.36,270.29,449.69,-34.722,-323.65,-140.78,41.774
154.4,-113.79,-269.78,-20.006,207.92,-198.51,285.21,325.03,-237.01,-511.52,-299.87,-74.353
67.271,-167.87,-236.5,40.594,152.85,-208.21,295.2,248.41,-330.1,-582.98,-374.03,-138.15
28.371,-186.12,-212.38,68.492,124.48,-205.8,309.09,229.25,-327.33,-562.94,-379.49,-159.62
17.717,-176.23,-188.29,74.335,103.3,-188.96,334.22,264.09,-255.61,-484.99,-339.84,-150.71
10.301,-148.77,-156.69,65.927,76.903,-159.49,374.02,338.91,-147.31,-382.28,-279.22,-126.09
-1.2347,-116.38,-115.46,55.091,44.794,-122.29,427.6,434.7,-32.3,-281.29,-217.51,-96.902
-20.792,-89.356,-67.204,52.042,10.342,-84.505,491.1,533.22,67.442,-199.1,-168.01,-72.405
-51.142,-73.927,-16.634,59.746,-24.249,-53.883,559.4,620.84,139.7,-143.57,-137.14,-59.054
-87.837,-73.151,20.869,77.556,-57.792,-35.606,627.7,689.97,181.15,-115.26,-125.45,-59.151
-126.81,-87.853,39.829,101.82,-87.533,-30.113,692.56,738.63,194.97,-110.03,-129.84,-72.642
-160.27,-112.32,49.098,130.63,-109.4,-35.182,752.38,769.16,187.78,-121.82,-146.8,-96.187
-189.64,-137.84,51.729,162.11,-124.15,-47.566,807.22,786.58,168.41,-142.39,-165.84,-116.53
-214.25,-163.29,49.761,185.71,-135.46,-63.038,858.06,796.8,144.67,-166.09,-185.12,-133.27
-234.3,-187.55,47.38,206.29,-145.29,-76.936,905.96,804.89,121.03,-189.18,-204.8,-148.15
-251.49,-205.71,47.428,223.74,-154.31,-82.65,951.41,813.74,101.41,-207.59,-221.35,-158.88
-264.25,-213.8,51.345,234.68,-162.7,-73.19,993.94,823.31,101.26,-218.21,-232.16,-163.36
-271.71,-211.7,60.241,237.95,-170.69,-58.812,1031.7,830.36,98.109,-218.8,-235.73,-162.23
-274.44,-200.94,74.238,234.34,-178.73,-46.905,1061.1,829.25,90.895,-211.79,-232.58,-155.9
-273.98,-182.48,91.514,225.34,-187.09,-35.486,1077.6,813.65,83.193,-200.63,-222.29,-143.98
-271.69,-157.88,110.61,212.84,-195.61,-22.668,1076.4,778.81,75.947,-184.94,-201.41,-126.75
-267.74,-131.7,130.73,198.23,-203.65,-8.3922,1053.3,722.91,68.407,-162.64,-172.49,-107.4
-261.29,-107.66,149.81,182.27,-209.81,5.7898,1005.7,647.28,59.107,-134.78,-148.62,-90.453
-251.42,-86.954,164.34,165.94,-212.11,17.765,932.79,555.48,47.792,-113.34,-133.09,-77.637
-238.09,-69.918,170.97,150.52,-208.86,25.471,836.21,452.21,35.639,-102.51,-122.36,-68.121
-221.98,-56.855,166.99,136.53,-199.47,27.682,720.52,342.97,23.911,-95.332,-113.69,-60.736
-203.74,-47.47,151.81,123.47,-184.32,25.223,593.58,234.39,12.852,-89.066,-105.98,-54.736
-183.59,-40.708,129.94,110.29,-164.16,20.333,465.91,134.4,2.0946,-83.639,-98.451,-49.635
-161.15,-35.851,106.91,96.238,-139.89,15.337,348.53,50.666,-8.2942,-79.285,-90.317,-44.814
-135.96,-33.353,85.392,81.664,-113.54,11.158,250.04,-12.049,-17.366,-75.885,-81.071,-39.716
-109.48,-32.227,66.869,68.237,-88.746,7.5098,174.45,-49.646,-24.008,-72.829,-71.2,-34.48
-86.207,-30.701,52.205,57.254,-68.889,4.0403,119.28,-68.6,-27.981,-69.459,-62.352,-29.559
-69.313,-28.915,41.191,48.698,-54.92,0.65737,80.401,-75.818,-30.263,-65.832,-55.797,-25.256
-57.664,-27.404,32.923,42.155,-45.618,-2.5037,55.536,-77.536,-32.652,-62.408,-51.306,-21.761
-49.15,-26.364,26.359,37.289,-39.203,-5.2458,37.041,-79.38,-36.745,-59.46,-47.897,-19.15
-43.395,-25.738,21.125,33.784,-34.574,-7.4393,19.246,-84.683,-42.544,-57.05,-45.003,-17.356
-40.418,-25.303,17.75,31.273,-31.642,-9.0354,0.24452,-94.096,-48.45,-55.116,-42.503,-16.189
-38.928,-24.778,16.07,29.349,-30.362,-10.036,-18.922,-106.01,-53.171,-53.505,-40.356,-15.409
-37.317,-23.941,14.165,27.633,-29.369,-10.478,-35.654,-117.52,-56.504,-51.999,-38.446,-14.796
-35.024,-22.715,12.451,25.873,-27.186,-10.427,-47.365,-126.29,-58.714,-50.391,-36.597,-14.193
-32.336,-21.183,11.617,24.011,-24.56,-9.9994,-53.523,-131.86,-60.107,-48.556,-34.66,-13.537
-29.738,-19.578,11.319,22.183,-22.378,-9.3871,-55.525,-136.52,-60.961,-46.494,-32.574,-12.841
-27.604,-18.212,11.202,20.642,-20.805,-8.8417,-58.507,-142.14,-61.529,-44.324,-30.389,-12.158
-26.128,-17.374,11.033,19.62,-19.749,-8.5987,-65.157,-149.8,-62.009,-42.225,-28.236,-11.535
-25.324,-17.22,10.672,19.225,-19.072,-8.8028,-73.228,-159.9,-62.522,-40.357,-26.257,-10.983
-25.057,-17.739,10.055,19.412,-18.622,-9.4752,-81.099,-171.99,-63.103,-38.777,-24.537,-10.467
-25.1,-18.786,9.1944,20.02,-18.258,-10.524,-88.55,-184.71,-63.726,-37.419,-23.067,-9.9078
-25.214,-20.142,8.158,20.839,-17.869,-11.78,-95.791,-196.29,-64.33,-36.121,-21.757,-9.2015
-25.197,-21.552,7.0426,21.643,-17.379,-13.047,-102.87,-205.46,-64.853,-34.7,-20.487,-8.2482
-24.891,-22.758,5.9284,22.217,-16.731,-14.156,-109.55,-211.94,-65.245,-33.053,-19.181,-6.9905
-24.159,-23.523,4.8457,22.357,-15.867,-15.008,-115.52,-216.02,-65.496,-31.205,-17.847,-5.4321
-22.868,-23.652,3.77,21.874,-14.729,-15.578,-120.6,-218.19,-65.623,-29.29,-16.551,-3.6231
-20.923,-23.03,2.6462,20.633,-13.28,-15.903,-124.86,-219.1,-65.66,-27.449,-15.362,-1.6241
-18.318,-21.666,1.4224,18.625,-11.525,-16.047,-128.55,-219.62,-65.646,-25.763,-14.31,0.52272
-15.171,-19.71,0.07431,15.989,-9.5165,-16.09,-131.99,-220.63,-65.623,-24.235,-13.384,2.8043
-11.712,-17.417,-1.3768,12.995,-7.3625,-16.104,-135.65,-222.41,-65.635,-22.824,-12.543,5.2304
-8.2459,-15.089,-2.8602,9.9749,-5.2181,-16.138,-140.08,-224.6,-65.705,-21.464,-11.729,7.8194
-5.0868,-13.009,-4.2734,7.2483,-3.2622,-16.218,-145.6,-226.81,-65.807,-20.065,-10.866,10.589
-2.4836,-11.395,-5.5212,5.0427,-1.6493,-16.358,-151.56,-228.86,-65.865,-18.534,-9.8722,13.563
-0.58488,-10.366,-6.5577,3.4635,-0.46967,-16.58,-156.84,-230.74,-65.773,-16.802,-8.6929,16.788
0.54502,-9.9453,-7.4185,2.5289,0.26076,-16.93,-161.04,-232.47,-65.446,-14.865,-7.3247,20.331
0.89782,-10.113,-8.2269,2.2298,0.58585,-17.463,-164.41,-234.07,-64.85,-12.796,-5.8212,24.268
0.5171,-10.853,-9.1669,2.5575,0.5929,-18.226,-167.36,-235.62,-64.019,-10.717,-4.2633,28.662
-0.50031,-12.192,-10.425,3.5046,0.40484,-19.24,-170.36,-237.24,-63.045,-8.7433,-2.7204,33.536
-2.0129,-14.194,-12.109,5.0601,0.16984,-20.489,-173.78,-239.07,-62.055,-6.9467,-1.2277,38.82
-3.8096,-16.825,-14.168,7.1356,0.032709,-21.913,-177.89,-241.3,-61.163,-5.3369,0.21808,44.328
-5.5408,-19.737,-16.37,9.3988,0.091095,-23.382,-182.82,-244.08,-60.423,-3.8672,1.6519,49.796
-6.7096,-22.215,-18.415,11.214,0.39427,-24.697,-188.45,-247.48,-59.802,-2.4549,3.1257,55.022
-6.7823,-23.452,-20.12,11.867,1.0236,-25.636,-194.19,-251.39,-59.188,-1.0042,4.696,59.974
-5.3672,-22.917,-21.548,10.883,2.1427,-26.02,-199.06,-255.39,-58.429,0.57586,6.4194,64.765
-2.3842,-20.54,-22.977,8.1999,3.9142,-25.783,-202.32,-259.04,-57.386,2.3606,8.3564,69.525
1.8878,-16.668,-24.731,4.1439,6.3709,-24.987,-204.11,-262.2,-55.983,4.4101,10.58,74.28
6.8945,-11.938,-27.002,-0.68162,9.3799,-23.805,-205.44,-265.12,-54.236,6.785,13.2,78.904
11.989,-7.0949,-29.733,-5.5444,12.727,-22.469,-207.5,-268.21,-52.247,9.5814,16.403,83.182
16.631,-2.839,-32.584,-9.7694,16.218,-21.206,-211.19,-271.77,-50.137,12.97,20.494,86.938
20.466,0.29113,-35.052,-12.883,19.633,-20.181,-216.78,-276.07,-47.967,17.2,25.816,90.132
23.239,1.996,-36.749,-14.656,22.588,-19.459,-224.0,-281.21,-45.697,22.513,32.438,92.864
24.769,2.3182,-37.62,-15.107,24.673,-19.012,-232.3,-287.14,-43.212,28.965,39.823,95.328
25.168,1.7109,-37.945,-14.531,25.847,-18.75,-241.09,-293.67,-40.407,36.292,47.127,97.733
25.102,0.90885,-38.191,-13.546,26.622,-18.569,-249.79,-300.34,-37.281,44.021,53.867,100.24
25.73,0.66002,-38.784,-13.035,27.886,-18.343,-257.61,-306.49,-33.967,51.72,60.074,102.93
28.269,1.4786,-39.899,-13.824,30.487,-17.922,-263.81,-311.45,-30.683,59.158,66.025,105.79
33.31,3.5262,-41.363,-16.329,34.7,-17.159,-268.44,-315.13,-27.611,66.322,72.024,108.77
40.465,6.6359,-42.726,-20.423,39.925,-15.976,-272.5,-318.19,-24.828,73.348,78.304,111.8
48.756,10.407,-43.504,-25.74,45.063,-14.394,-277.41,-321.79,-22.294,80.418,84.971,114.81
56.98,14.447,-43.441,-32.156,49.23,-12.528,-284.27,-326.92,-19.899,87.67,92.003,117.76
64.025,18.706,-42.646,-39.519,52.187,-10.544,-293.42,-333.92,-17.517,95.152,99.308,120.64
69.634,23.466,-41.53,-46.844,54.297,-8.6111,-304.18,-342.26,-15.059,102.8,106.83,123.47
74.391,28.783,-40.588,-52.906,56.157,-6.8405,-315.38,-351.0,-12.498,110.53,114.57,126.3
78.925,34.145,-40.12,-57.64,58.285,-5.2262,-326.15,-359.46,-9.8803,118.34,122.62,129.18
83.714,39.119,-40.05,-62.118,60.963,-3.63,-336.04,-367.4,-7.2749,126.46,130.99,132.14
89.451,44.107,-39.943,-67.735,64.191,-1.8177,-344.87,-374.83,-4.7315,135.21,139.64,135.17
96.75,50.437,-39.183,-75.436,67.8,0.48963,-352.47,-381.77,-2.2624,144.65,148.49,138.33
105.57,59.447,-37.261,-85.137,71.58,3.5598,-358.85,-388.19,0.13558,154.51,157.41,141.79
115.26,71.414,-34.067,-95.953,75.311,7.5669,-364.22,-393.99,2.4451,164.35,166.33,145.83
125.03,85.421,-30.049,-106.89,78.785,12.474,-369.02,-399.1,4.606,173.86,175.19,150.66
134.22,100.01,-25.964,-117.19,81.839,18.031,-373.77,-403.39,6.527,182.94,183.93,156.28
142.39,113.85,-22.347,-126.37,84.391,24.031,-378.77,-406.76,8.1273,191.67,192.44,162.38
149.25,125.97,-19.278,-134.16,86.424,30.437,-383.81,-409.27,9.377,200.14,200.6,168.54
154.65,135.69,-16.535,-140.46,87.891,37.006,-388.45,-411.19,10.297,208.35,208.25,174.38
158.53,142.63,-13.803,-145.27,88.603,43.154,-392.57,-412.95,10.92,216.04,215.17,179.64
160.9,146.83,-10.84,-148.66,88.288,48.439,-396.43,-414.98,11.257,222.74,221.08,184.13
161.75,148.74,-7.6031,-150.65,86.798,52.766,-400.47,-417.63,11.283,227.97,225.66,187.64
160.95,149.17,-4.3008,-151.08,84.232,56.169,-405.15,-421.17,10.965,231.45,228.65,189.94
158.43,148.44,-1.2925,-149.85,80.953,58.574,-410.79,-425.64,10.276,233.01,229.94,190.83
154.66,146.44,1.0875,-147.35,77.583,59.773,-417.5,-430.86,9.21,232.57,229.6,190.25
150.64,143.35,2.6442,-144.26,74.787,59.777,-425.0,-436.48,7.7743,230.09,227.84,188.38
147.3,139.81,3.3334,-141.29,72.929,58.977,-432.54,-442.09,5.9858,225.63,224.95,185.66
145.04,136.5,3.2387,-138.96,71.949,57.803,-438.99,-447.36,3.8672,219.36,221.23,182.59
143.72,133.8,2.5499,-137.38,71.485,56.509,-443.11,-451.95,1.4523,211.57,216.93,179.47
142.92,131.61,1.529,-136.28,71.027,55.25,-443.97,-455.47,-1.2088,202.61,212.18,176.3
142.06,129.5,0.45988,-135.17,69.973,54.14,-441.16,-457.35,-4.0547,192.88,206.94,172.9
140.58,127.13,-0.40258,-133.56,67.669,53.221,-434.91,-456.87,-7.0371,182.73,201.06,169.12
137.96,124.37,-0.85946,-131.22,63.613,52.396,-425.97,-453.62,-10.16,172.39,194.36,164.86
133.75,121.13,-0.7637,-128.01,57.917,51.458,-415.38,-448.17,-13.5,161.97,186.78,160.2
127.56,117.34,-0.01663,-123.81,51.32,50.202,-404.02,-442.04,-17.174,151.46,178.43,155.34
119.29,112.99,1.4132,-118.53,44.525,48.545,-392.36,-436.47,-21.225,140.9,169.55,150.47
109.35,108.29,3.4665,-112.25,37.883,46.553,-380.48,-431.44,-25.505,130.42,160.37,145.65
98.564,103.52,5.9888,-105.23,31.568,44.415,-368.2,-426.03,-29.668,120.14,151.06,140.86
87.888,98.895,8.7532,-97.883,25.681,42.392,-355.27,-419.23,-33.325,110.06,141.71,136.05
78.043,94.496,11.505,-90.684,20.205,40.762,-341.45,-410.22,-36.227,100.12,132.4,131.15
69.323,90.421,14.011,-84.048,15.008,39.694,-326.61,-398.58,-38.323,90.331,123.23,126.14
61.576,86.783,16.085,-78.161,9.9871,39.081,-310.83,-384.32,-39.71,80.74,114.27,121.05
54.204,83.505,17.612,-72.838,5.3244,38.516,-294.44,-368.02,-40.539,71.404,105.54,115.88
46.175,80.241,18.536,-67.423,1.5595,37.536,-278.03,-350.59,-40.944,62.349,96.962,110.66
36.619,76.483,18.853,-60.846,-0.88092,35.856,-262.22,-332.97,-40.993,53.521,88.476,105.41
26.59,71.706,18.588,-52.202,-2.1682,33.411,-247.54,-315.96,-40.682,44.716,80.057,100.11
18.684,65.57,17.792,-42.245,-2.7856,30.304,-234.2,-299.99,-39.951,35.738,71.767,94.725
13.588,58.249,16.547,-33.327,-3.0659,26.72,-221.92,-284.87,-38.719,27.119,63.715,89.21
10.404,50.521,14.985,-26.703,-3.1189,22.908,-209.96,-269.76,-36.927,20.091,55.962,83.515
8.4332,43.315,13.279,-22.148,-2.9579,19.196,-197.45,-253.6,-34.565,15.126,48.5,77.64
7.3695,37.21,11.629,-19.163,-2.6071,15.964,-183.79,-235.87,-31.692,11.739,41.337,71.627
7.0006,32.36,10.216,-17.311,-2.1408,13.524,-168.99,-216.8,-28.433,9.3353,34.61,65.514
7.0576,28.628,9.1628,-16.179,-1.6729,11.987,-153.47,-197.93,-24.959,7.5368,28.564,59.281
7.2244,25.738,8.5041,-15.393,-1.3287,11.24,-137.82,-181.0,-21.462,6.1357,23.424,52.858
7.2084,23.384,8.1798,-14.649,-1.2125,10.996,-122.56,-164.63,-18.11,5.0167,19.289,46.29
6.8013,21.291,8.0599,-13.724,-1.3802,10.873,-108.3,-148.13,-15.011,4.1116,16.11,39.9
5.9117,19.231,7.9966,-12.471,-1.8243,10.536,-95.863,-131.96,-12.202,3.3797,13.736,34.164
4.5844,17.06,7.8881,-10.852,-2.4789,9.8459,-85.906,-115.69,-9.659,2.8008,11.971,29.339
3.0096,14.797,7.7176,-8.9923,-3.2371,8.8767,-77.986,-99.249,-7.3219,2.3689,10.642,25.365
1.4972,12.673,7.5488,-7.1861,-3.9755,7.8423,-70.674,-83.593,-5.1269,2.0834,9.6289,22.05
0.38382,11.009,7.4822,-5.7815,-4.5796,6.9969,-62.948,-70.057,-3.0236,1.9388,8.8637,19.204
-0.10945,10.037,7.5989,-5.0073,-4.9691,6.5391,-54.742,-59.26,-0.97916,1.9186,8.3036,16.688
0.0057591,9.7771,7.9135,-4.8547,-5.1218,6.5344,-46.315,-50.848,1.0257,1.9955,7.9117,14.42
0.46581,10.015,8.3585,-5.0687,-5.0957,6.8815,-37.838,-43.97,3.0005,2.139,7.6492,12.361
0.84491,10.327,8.8061,-5.2416,-5.0334,7.3357,-29.535,-37.914,4.9451,2.3221,7.476,10.487
0.70811,10.206,9.1252,-4.9663,-5.1306,7.59,-21.912,-32.445,6.8444,2.5255,7.3528,8.772
-0.24929,9.2457,9.2529,-3.9595,-5.5684,7.3968,-15.54,-27.574,8.663,2.7369,7.2452,7.1861
-2.126,7.3065,9.2447,-2.1209,-6.4446,6.6847,-10.614,-23.186,10.354,2.9493,7.1292,5.7246
-4.7809,4.6108,9.2658,0.41555,-7.7464,5.6176,-6.9138,-19.088,11.887,3.1616,6.9999,4.4234
-7.8173,1.7326,9.5234,3.2362,-9.3472,4.554,-4.0747,-15.156,13.272,3.3787,6.8788,3.3554
-10.637,-0.56394,10.168,5.7093,-11.012,3.9192,-1.7763,-11.378,14.558,3.6101,6.8081,2.6096
-12.589,-1.5805,11.213,7.1742,-12.434,4.0574,0.20064,-7.7985,15.803,3.8633,6.8288,2.2608
-13.168,-0.9073,12.503,7.1704,-13.302,5.1122,1.9663,-4.4691,17.043,4.138,6.9575,2.3378
-12.193,1.4494,13.746,5.6056,-13.405,6.9464,3.5372,-1.4591,18.278,4.424,7.1773,2.8054
-9.872,5.0197,14.608,2.8008,-12.705,9.1497,4.8723,1.1414,19.48,4.7049,7.445,3.5698
-6.7519,8.9638,14.846,-0.60087,-11.371,11.178,5.9124,3.2611,20.597,4.9619,7.7064,4.5074
-3.5491,12.376,14.422,-3.8474,-9.7271,12.582,6.6175,4.9088,21.576,5.1797,7.9143,5.506
-0.93426,14.64,13.538,-6.3243,-8.1703,13.196,7.0075,6.2004,22.382,5.355,8.0481,6.5006
0.66132,15.613,12.554,-7.7289,-7.0473,13.167,7.1892,7.3273,23.043,5.5051,8.1274,7.4835
1.1568,15.579,11.843,-8.1132,-6.5489,12.85,7.3365,8.4806,23.647,5.6688,8.2077,8.4849
0.8015,15.062,11.655,-7.7873,-6.6472,12.628,7.6221,9.7714,24.293,5.8904,8.3516,9.5343
0.030725,14.625,12.029,-7.1702,-7.116,12.738,8.145,11.192,25.008,6.1949,8.5902,10.622
-0.70978,14.659,12.788,-6.6582,-7.6344,13.215,8.9015,12.639,25.706,6.5704,8.9012,11.685
-1.0898,15.246,13.618,-6.5139,-7.929,13.92,9.804,13.975,26.221,6.9701,9.2161,12.626
-0.95865,16.182,14.201,-6.8001,-7.8724,14.653,10.725,15.076,26.404,7.3318,9.4526,13.364
-0.38203,17.111,14.368,-7.3792,-7.5008,15.252,11.555,15.881,26.214,7.6037,9.5505,13.859
0.36074,17.696,14.174,-7.9685,-6.9861,15.633,12.256,16.421,25.74,7.762,9.4927,14.101
0.88721,17.781,13.858,-8.2774,-6.5803,15.801,12.866,16.801,25.14,7.8121,9.3017,14.098
0.89823,17.434,13.708,-8.1601,-6.5269,15.848,13.441,17.137,24.553,7.7759,9.0208,13.858
0.2822,16.827,13.932,-7.6284,-6.9683,15.897,13.997,17.478,24.047,7.6754,8.6902,13.384
-0.91103,16.075,14.572,-6.7476,-7.9,15.998,14.489,17.768,23.611,7.5206,8.3303,12.673
-2.527,15.179,15.488,-5.5687,-9.175,16.065,14.832,17.888,23.183,7.3076,7.9353,11.718
-4.3354,14.064,16.391,-4.1505,-10.543,15.908,14.946,17.716,22.678,7.0213,7.4786,10.518
-6.0603,12.635,16.946,-2.5981,-11.723,15.338,14.789,17.19,22.01,6.6399,6.9227,9.0896
-7.4377,10.851,16.898,-1.0572,-12.486,14.256,14.38,16.331,21.117,6.14,6.2309,7.4614
-8.2837,8.7962,16.162,0.32169,-12.708,12.69,13.799,15.229,19.989,5.5081,5.386,5.6709
-8.5432,6.6832,14.85,1.4206,-12.39,10.791,13.151,14.025,18.695,4.7561,4.4079,3.7657
-8.2989,4.7471,13.212,2.1924,-11.653,8.7792,12.534,12.869,17.356,3.9243,3.3502,1.805
-7.7562,3.1196,11.538,2.6936,-10.703,6.8597,11.998,11.866,16.08,3.0639,2.2746,-0.15957
-7.2136,1.7504,10.06,3.1002,-9.7812,5.1399,11.533,11.038,14.908,2.2137,1.2201,-2.1106
-7.0106,0.40809,8.8887,3.6823,-9.1161,3.5944,11.067,10.303,13.811,1.3849,0.1873,-4.0735
-7.4378,-1.2257,7.9974,4.7218,-8.859,2.0865,10.488,9.5145,12.728,0.56348,-0.85445,-6.0945
-8.6314,-3.3951,7.2622,6.3891,-9.0415,0.44152,9.7085,8.5362,11.615,-0.27234,-1.9396,-8.1973
-10.5,-6.131,6.5345,8.6464,-9.5617,-1.4576,8.7072,7.3209,10.48,-1.1318,-3.0789,-10.347
-12.719,-9.2228,5.7066,11.238,-10.21,-3.6041,7.5429,5.9403,9.3741,-2.0036,-4.2508,-12.445
-14.818,-12.307,4.7301,13.769,-10.727,-5.8663,6.3201,4.5445,8.3534,-2.8625,-5.4136,-14.366
-16.333,-15.013,3.5983,15.841,-10.882,-8.0525,5.1359,3.2726,7.4503,-3.6836,-6.53,-16.01
-16.962,-17.105,2.3151,17.188,-10.525,-10.009,4.0383,2.1771,6.6582,-4.4551,-7.5886,-17.356
-16.644,-18.545,0.86413,17.763,-9.616,-11.695,3.0073,1.2051,5.9357,-5.1829,-8.6104,-18.462
-15.535,-19.484,-0.79023,17.717,-8.2287,-13.19,1.9719,0.23983,5.227,-5.8819,-9.6316,-19.431
-13.939,-20.168,-2.6629,17.302,-6.5258,-14.626,0.85546,-0.82851,4.4893,-6.5603,-10.677,-20.355
-12.211,-20.825,-4.7034,16.775,-4.7223,-16.103,-0.37399,-2.0438,3.7134,-7.2081,-11.735,-21.271
-10.668,-21.56,-6.7748,16.331,-3.0468,-17.618,-1.6815,-3.3664,2.9255,-7.7984,-12.762,-22.153
-9.5186,-22.33,-8.6683,16.065,-1.7029,-19.054,-2.9817,-4.6975,2.1701,-8.3033,-13.695,-22.924
-8.8186,-22.99,-10.15,15.959,-0.82074,-20.227,-4.1744,-5.9237,1.4859,-8.7114,-14.49,-23.492
-8.4682,-23.365,-11.043,15.901,-0.40973,-20.967,-5.1762,-6.958,0.88881,-9.0353,-15.135,-23.788
-8.2598,-23.329,-11.336,15.737,-0.3469,-21.191,-5.9399,-7.7605,0.36939,-9.3017,-15.661,-23.791
-7.9672,-22.849,-11.225,15.34,-0.42134,-20.944,-6.4579,-8.3384,-0.097532,-9.5343,-16.116,-23.554
-7.4378,-21.994,-11.034,14.665,-0.41937,-20.39,-6.7523,-8.7301,-0.53891,-9.7409,-16.548,-23.179
-6.6478,-20.919,-11.051,13.769,-0.21121,-19.753,-6.8564,-8.9848,-0.97273,-9.9128,-16.99,-22.79
-5.7036,-19.816,-11.397,12.79,0.20117,-19.219,-6.8015,-9.144,-1.4021,-10.033,-17.446,-22.48
-4.7941,-18.842,-11.971,11.889,0.6955,-18.856,-6.6104,-9.2309,-1.8144,-10.086,-17.89,-22.29
-4.1147,-18.072,-12.475,11.196,1.0894,-18.598,-6.2998,-9.2528,-2.1891,-10.075,-18.286,-22.211
-3.7872,-17.494,-12.544,10.763,1.2221,-18.308,-5.886,-9.2187,-2.5135,-10.036,-18.623,-22.216
-3.8065,-17.051,-11.97,10.56,1.0307,-17.876,-5.3909,-9.1614,-2.8002,-10.047,-18.953,-22.294
-4.0394,-16.697,-10.847,10.507,0.58936,-17.292,-4.8499,-9.1406,-3.0899,-10.215,-19.39,-22.461
-4.2875,-16.424,-9.4958,10.523,0.081489,-16.651,-4.3144,-9.2202,-3.4364,-10.647,-20.063,-22.748
-9.6687,-17.258,-10.5,14.033,-0.42397,-14.573,-9.568,-8.4081,-2.3631,-14.976,-22.203,-25.08
-7.7728,-14.462,-9.5794,11.38,-0.063971,-12.549,-5.72,-10.487,-4.1212,-16.018,-23.065,-28.457
-3.4689,-14.087,-13.487,8.8534,3.9306,-14.165,-1.7897,-12.262,-6.6108,-17.637,-25.235,-31.778
1.7884,-15.554,-20.19,6.9001,9.8594,-18.164,2.3187,-12.77,-8.7589,-18.823,-27.659,-34.011
5.3704,-18.075,-26.271,6.432,14.754,-22.461,6.2715,-11.865,-9.9334,-19.236,-29.536,-34.592
4.2448,-21.612,-28.66,8.9424,15.609,-25.487,8.9901,-10.497,-10.392,-19.74,-30.952,-33.984
-3.5685,-26.871,-26.082,15.787,10.809,-26.934,8.9097,-10.299,-11.131,-22.13,-32.883,-33.57
-17.935,-34.521,-19.342,27.248,0.7883,-27.526,4.7751,-12.712,-13.243,-28.115,-36.516,-34.864
-36.894,-44.485,-10.323,42.294,-12.591,-28.164,-3.4604,-18.13,-17.202,-38.17,-42.368,-38.541
-57.926,-55.838,-0.61941,59.148,-27.322,-29.174,-14.241,-25.591,-22.512,-50.974,-49.817,-43.971
