I,II,III,aVR,aVL,aVF,V1,V2,V3,V4,V5,V6
19.096,23.964,5.4302,-22.529,6.1326,14.63,-31.953,-20.837,5.1331,8.57,29.888,37.522
18.474,23.136,5.2197,-21.545,5.6853,14.11,-32.706,-19.764,5.9441,8.414,31.045,37.976
17.613,21.761,4.7026,-20.168,5.2712,13.164,-33.735,-19.307,6.1425,7.9947,32.71,38.285
16.463,19.549,3.6372,-18.25,5.0091,11.526,-35.155,-19.969,5.2234,7.1106,35.049,38.29
15.21,16.613,1.9501,-15.99,5.0771,9.2153,-36.837,-21.98,2.9508,5.7114,37.754,37.815
14.17,13.475,-0.15222,-13.856,5.579,6.5966,-38.48,-25.241,-0.5832,3.8449,40.081,36.739
13.583,10.875,-2.1699,-12.355,6.4036,4.2896,-39.758,-29.357,-4.9866,1.5815,41.143,35.101
13.462,9.4666,-3.4611,-11.793,7.2084,2.9416,-40.436,-33.725,-9.6571,-0.97725,40.334,33.19
13.573,9.56,-3.4834,-12.145,7.5422,2.9779,-40.382,-37.664,-13.903,-3.6065,37.665,31.52
13.539,11.039,-1.9747,-13.092,7.0158,4.4707,-39.531,-40.562,-17.086,-5.9082,33.775,30.65
12.99,13.448,0.97815,-14.178,5.4431,7.1484,-37.878,-42.037,-18.792,-7.4102,29.605,30.903
3.4103,8.141,3.4822,-7.0905,-0.21921,5.808,-28.981,-25.315,-9.2168,-3.2602,20.801,26.846
2.695,8.5313,4.18,-6.4328,-0.82319,6.3574,-28.069,-26.194,-10.035,-3.6116,19.26,26.254
1.938,8.7163,4.8246,-5.7249,-1.4267,6.8007,-27.111,-26.996,-10.77,-3.8981,17.686,25.627
1.208,8.6444,5.3386,-4.9816,-1.9605,7.0675,-26.123,-27.688,-11.412,-4.1339,16.101,24.952
0.59241,8.3243,5.6722,-4.2537,-2.366,7.1249,-25.122,-28.227,-11.965,-4.3439,14.52,24.218
0.15798,7.8106,5.8151,-3.5959,-2.6144,6.9807,-24.115,-28.576,-12.437,-4.554,12.968,23.425
-0.08109,7.1856,5.7989,-3.0377,-2.719,6.6792,-23.092,-28.705,-12.833,-4.7801,11.476,22.582
-0.17077,6.5403,5.69,-2.5718,-2.7344,6.2918,-22.014,-28.595,-13.147,-5.0204,10.078,21.704
-0.20117,5.9551,5.5771,-2.1598,-2.7443,5.9032,-20.829,-28.239,-13.364,-5.2575,8.7888,20.807
-0.27791,5.4823,5.5517,-1.7503,-2.8408,5.5931,-19.497,-27.647,-13.47,-5.47,7.6056,19.894
-0.49154,5.1356,5.6841,-1.3002,-3.0978,5.4182,-18.023,-26.838,-13.465,-5.6457,6.5064,18.953
-0.8937,4.8955,6.0017,-0.78901,-3.5484,5.4003,-16.469,-25.848,-13.362,-5.7891,5.461,17.958
-1.4861,4.7261,6.4809,-0.22358,-4.1743,5.5271,-14.926,-24.723,-13.187,-5.9192,4.442,16.874
-2.224,4.5954,7.0566,0.36712,-4.911,5.763,-13.466,-23.505,-12.966,-6.0588,3.4324,15.664
-3.0317,4.487,7.6449,0.94166,-5.6694,6.0622,-12.123,-22.229,-12.713,-6.2216,2.4311,14.291
-3.8238,4.3991,8.1707,1.4577,-6.3653,6.3785,-10.891,-20.911,-12.427,-6.4023,1.4571,12.744
-4.5282,4.3342,8.5885,1.8838,-6.9466,6.6708,-9.7373,-19.55,-12.089,-6.5755,0.55296,11.057
-5.1026,4.2853,8.8904,2.2093,-7.4054,6.9056,-8.6177,-18.138,-11.669,-6.7042,-0.2173,9.3181
-5.5422,4.2255,9.0947,2.4503,-7.7706,7.0559,-7.4916,-16.662,-11.136,-6.7533,-0.77996,7.6475
-5.8752,4.1051,9.226,2.6483,-8.0861,7.098,-6.339,-15.119,-10.47,-6.7025,-1.0705,6.1401
-6.1499,3.8591,9.2936,2.8617,-8.3834,7.0095,-5.1698,-13.519,-9.6667,-6.5527,-1.0513,4.83
-6.4138,3.4221,9.283,3.1515,-8.6633,6.7692,-4.0182,-11.881,-8.744,-6.3241,-0.72345,3.6925
-6.6953,2.7443,9.1603,3.5668,-8.8943,6.3595,-2.9224,-10.235,-7.7334,-6.0469,-0.13111,2.672
-6.9985,1.806,8.8909,4.1303,-9.0321,5.7748,-1.905,-8.6161,-6.6695,-5.7496,0.64051,1.7115
-7.3122,0.62992,8.4643,4.8289,-9.046,5.0328,-0.96568,-7.0593,-5.5816,-5.4517,1.476,0.77235
-7.6212,-0.70918,7.911,5.6115,-8.9381,4.1836,-0.090277,-5.5926,-4.4903,-5.1605,2.2484,-0.15748
-7.9085,-2.0802,7.302,6.3946,-8.7438,3.3104,0.73491,-4.2313,-3.411,-4.8747,2.8424,-1.0634
-8.15,-3.31,6.7289,7.0765,-8.5148,2.5173,1.5152,-2.9745,-2.3584,-4.5894,3.1743,-1.9146
-8.3096,-4.2183,6.2763,7.5568,-8.2961,1.9086,2.2495,-1.807,-1.3447,-4.3014,3.2053,-2.6823
-8.344,-4.6623,5.9973,7.7559,-8.1072,1.5641,2.9363,-0.70489,-0.37426,-4.0125,2.9434,-3.3605
-8.2139,-4.5728,5.902,7.6316,-7.938,1.5201,3.5757,0.3571,0.55777,-3.7297,2.4375,-3.9731
-7.8979,-3.9714,5.9593,7.187,-7.7595,1.7613,4.1653,1.3996,1.4621,-3.4638,1.7636,-4.565
-7.402,-2.9626,6.1114,6.4702,-7.5403,2.2272,4.6955,2.4363,2.3514,-3.2248,1.0087,-5.1813
-6.7597,-1.7021,6.293,5.5633,-7.2607,2.8304,5.15,3.475,3.2385,-3.0175,0.25859,-5.8474
-6.0229,-0.35303,6.4487,4.566,-6.9177,3.4794,5.5113,4.5185,4.1331,-2.8388,-0.40863,-6.5637
-5.249,0.94843,6.5439,3.5751,-6.5226,4.0972,5.7691,5.5655,5.0362,-2.6798,-0.92539,-7.3117
-4.4898,2.1093,6.5662,2.6682,-6.0955,4.6318,5.9261,6.6078,5.9335,-2.5311,-1.2378,-8.0653
-3.7847,3.079,6.5215,1.8948,-5.6594,5.0562,6.0008,7.6297,6.7954,-2.387,-1.3123,-8.7996
-3.1585,3.8403,6.4233,1.2774,-5.236,5.3612,6.0234,8.6114,7.5864,-2.2441,-1.1463,-9.4969
-2.6258,4.3953,6.2816,0.81996,-4.8433,5.5459,6.0301,9.5374,8.2791,-2.0947,-0.78013,-10.148
-2.1977,4.7466,6.0962,0.51889,-4.4943,5.6086,6.0556,10.405,8.8641,-1.9226,-0.29727,-10.75
-1.8885,4.8852,5.857,0.37115,-4.197,5.542,6.1264,11.226,9.3504,-1.706,0.19153,-11.304
-1.7174,4.7892,5.5503,0.37936,-3.9536,5.3337,6.2577,12.024,9.7594,-1.4267,0.57533,-11.806
-1.7069,4.4335,5.167,0.5538,-3.7615,4.969,6.4527,12.829,10.12,-1.076,0.76513,-12.245
-1.8763,3.8018,4.7082,0.91041,-3.6148,4.4384,6.7067,13.673,10.471,-0.65481,0.7037,-12.606
-2.2349,2.8936,4.1853,1.4649,-3.5071,3.7455,7.0122,14.592,10.857,-0.16477,0.36971,-12.87
-2.7742,1.7221,3.6135,2.2256,-3.4337,2.9096,7.3643,15.615,11.324,0.39949,-0.21703,-13.023
-3.4649,0.31096,3.0027,3.1872,-3.3892,1.9572,7.763,16.753,11.904,1.0504,-0.99238,-13.048
-4.2582,-1.3054,2.3502,4.3246,-3.3613,0.90942,8.2084,17.986,12.6,1.7963,-1.8557,-12.944
-5.0885,-3.0785,1.6405,5.5865,-3.3243,-0.22327,8.6895,19.25,13.375,2.6244,-2.6913,-12.728
-5.8726,-4.937,0.85163,6.8894,-3.2381,-1.4347,9.1766,20.439,14.158,3.4911,-3.396,-12.44
-6.5113,-6.7733,-0.033227,8.1169,-3.0542,-2.7086,9.6265,21.431,14.87,4.3306,-3.904,-12.124
-6.9023,-8.4412,-1.0126,9.1349,-2.7279,-4.0044,10.001,22.126,15.443,5.0796,-4.1979,-11.808
-6.962,-9.7822,-2.058,9.8178,-2.2325,-5.2512,10.285,22.476,15.84,5.701,-4.3063,-11.499
-6.6486,-10.668,-3.1146,10.079,-1.5706,-6.3551,10.484,22.506,16.058,6.1921,-4.2902,-11.194
-5.9763,-11.033,-4.1113,9.8918,-0.77991,-7.2205,10.61,22.299,16.123,6.5768,-4.2265,-10.896
-5.0184,-10.882,-4.9776,9.3011,0.07271,-7.7778,10.667,21.96,16.072,6.8924,-4.1935,-10.619
-3.8959,-10.286,-5.6619,8.4104,0.90544,-8.0066,10.65,21.587,15.951,7.1769,-4.2586,-10.389
-2.7529,-9.3662,-6.144,7.3615,1.6408,-7.9438,10.553,21.247,15.801,7.4584,-4.4685,-10.232
-1.7244,-8.2826,-6.4379,6.3051,2.2228,-7.6698,10.37,20.966,15.646,7.7461,-4.8422,-10.163
-0.90766,-7.2007,-6.5837,5.3715,2.6268,-7.2838,10.101,20.734,15.486,8.0257,-5.3712,-10.178
-0.34433,-6.2597,-6.635,4.6464,2.8632,-6.8774,9.7511,20.509,15.303,8.264,-6.0281,-10.254
-0.019224,-5.5446,-6.6451,4.1577,2.9726,-6.5166,9.3354,20.234,15.067,8.4225,-6.7824,-10.356
0.1272,-5.0726,-6.6579,3.8784,3.014,-6.2349,8.8824,19.861,14.753,8.4758,-7.6172,-10.451
0.1762,-4.8019,-6.7008,3.7471,3.0476,-6.0369,8.4306,19.36,14.348,8.4226,-8.5357,-10.517
0.20398,-4.6689,-6.7849,3.6955,3.1176,-5.9152,8.0172,18.727,13.852,8.2802,-9.5553,-10.548
0.25768,-4.6326,-6.9135,3.6753,3.2418,-5.8707,7.6652,17.984,13.269,8.0692,-10.691,-10.556
0.34113,-4.6912,-7.0946,3.6722,3.4124,-5.9238,7.3755,17.171,12.605,7.8021,-11.94,-10.567
0.4185,-4.8711,-7.3494,3.7084,3.6084,-6.1101,7.1287,16.347,11.875,7.4843,-13.275,-10.612
0.43692,-5.2087,-7.7064,3.828,3.8091,-6.4679,6.8973,15.576,11.097,7.1204,-14.652,-10.711
0.35581,-5.7333,-8.1884,4.0721,4.003,-7.0241,6.664,14.917,10.299,6.7188,-16.018,-10.854
0.16494,-6.4506,-8.7985,4.4568,4.1885,-7.7781,6.4328,14.412,9.5143,6.295,-17.324,-10.998
-0.11436,-7.3338,-9.5094,4.9695,4.3708,-8.6813,6.2278,14.075,8.7808,5.8734,-18.52,-11.078
-0.43879,-8.3316,-10.257,5.5763,4.5572,-9.6233,6.0796,13.89,8.132,5.4839,-19.559,-11.039
-0.75651,-9.3863,-10.95,6.2324,4.7548,-10.453,6.0094,13.814,7.587,5.1512,-20.4,-10.86
-1.0198,-10.452,-11.518,6.8868,4.967,-11.06,6.0177,13.786,7.1412,4.8806,-21.01,-10.571
-1.1936,-11.496,-11.947,7.4851,5.1928,-11.452,6.0811,13.741,6.7636,4.6503,-21.372,-10.236
-1.2592,-12.47,-12.287,7.967,5.426,-11.742,6.1577,13.618,6.4035,4.4131,-21.488,-9.9233
-1.2124,-13.272,-12.588,8.2687,5.6558,-12.035,6.2,13.377,6.0019,4.1095,-21.388,-9.6771
-1.0549,-13.743,-12.854,8.33,5.8676,-12.329,6.1726,12.997,5.5071,3.6892,-21.129,-9.5098
-0.78221,-13.723,-13.024,8.1029,6.0454,-12.515,6.0671,12.486,4.8894,3.1322,-20.8,-9.4074
-0.38267,-13.111,-13.008,7.5584,6.1716,-12.443,5.9046,11.864,4.1511,2.4571,-20.501,-9.3438
0.14311,-11.897,-12.723,6.7041,6.2244,-11.988,5.7227,11.167,3.3267,1.7137,-20.328,-9.2935
0.75742,-10.169,-12.121,5.6073,6.1784,-11.096,5.5544,10.432,2.4699,0.96357,-20.336,-9.2397
1.3785,-8.1069,-11.214,4.3971,6.0089,-9.8126,5.4114,9.6998,1.6338,0.25837,-20.529,-9.1776
1.8955,-5.965,-10.073,3.24,5.7004,-8.2824,5.2807,9.0058,0.85067,-0.37615,-20.865,-9.1115
2.1967,-4.0325,-8.82,2.3038,5.2548,-6.7209,5.1323,8.3783,0.12321,-0.94474,-21.279,-9.0503
2.1994,-2.5671,-7.5957,1.724,4.6958,-5.349,4.9326,7.8314,-0.57161,-1.4744,-21.721,-9.0019
1.8771,-1.7298,-6.5268,1.5733,4.0678,-4.329,4.6577,7.3615,-1.2678,-1.9982,-22.168,-8.9693
1.2745,-1.5486,-5.6942,1.8391,3.4288,-3.7265,4.3042,6.949,-1.9923,-2.5386,-22.608,-8.9482
0.50385,-1.9183,-5.1197,2.4217,2.841,-3.5077,3.8935,6.5645,-2.751,-3.0978,-22.992,-8.9284
-0.28073,-2.6344,-4.7768,3.1567,2.3623,-3.5668,3.4685,6.1787,-3.5244,-3.657,-23.215,-8.8981
-0.9228,-3.4545,-4.6157,3.8564,2.037,-3.7747,3.0804,5.7717,-4.2744,-4.1851,-23.137,-8.8501
-1.3059,-4.1676,-4.5872,4.3598,1.8879,-4.022,2.7726,5.3392,-4.9569,-4.651,-22.638,-8.7858
-1.3856,-4.6377,-4.6516,4.5757,1.9106,-4.2357,2.5678,4.8958,-5.5353,-5.0335,-21.65,-8.7148
-1.1988,-4.8159,-4.7799,4.5089,2.0743,-4.3806,2.4642,4.473,-5.9882,-5.3255,-20.179,-8.6497
-0.84811,-4.7475,-4.9534,4.2556,2.3298,-4.4608,2.4386,4.1141,-6.3096,-5.5333,-18.3,-8.5977
-0.4645,-4.5686,-5.1629,3.9608,2.6226,-4.5158,2.4568,3.8626,-6.504,-5.6717,-16.141,-8.5553
-0.16616,-4.4513,-5.4057,3.76,2.9066,-4.6018,2.4866,3.7486,-6.579,-5.7593,-13.855,-8.5096
-0.026455,-4.522,-5.6818,3.74,3.1549,-4.7646,2.5111,3.7774,-6.5391,-5.8141,-11.608,-8.4469
-0.059294,-4.8162,-5.9917,3.9255,3.3651,-5.0213,2.5324,3.9266,-6.3842,-5.8484,-9.561,-8.3634
-0.22142,-5.2838,-6.3344,4.2783,3.5577,-5.3561,2.567,4.1523,-6.1129,-5.8654,-7.8423,-8.2705
-0.42987,-5.8185,-6.7064,4.7094,3.765,-5.7314,2.634,4.4026,-5.733,-5.8582,-6.5195,-8.1884
-0.58901,-6.2967,-7.0989,5.1036,4.0119,-6.1043,2.7439,4.6297,-5.2704,-5.8137,-5.5804,-8.1344
-0.61697,-6.6147,-7.4971,5.3522,4.2989,-6.4419,2.892,4.7975,-4.7692,-5.7201,-4.946,-8.1142
-0.46295,-6.7144,-7.8856,5.3812,4.607,-6.7284,3.0583,4.8853,-4.2794,-5.577,-4.5001,-8.1213
-0.11116,-6.5959,-8.262,5.1698,4.9249,-6.9682,3.2122,4.8881,-3.8434,-5.3988,-4.1214,-8.1433
0.42166,-6.3162,-8.6437,4.7549,5.2682,-7.186,3.3208,4.8152,-3.4881,-5.2117,-3.7155,-8.1691
1.0839,-5.9731,-9.0558,4.221,5.663,-7.4175,3.3584,4.6871,-3.2229,-5.0439,-3.2418,-8.1928
1.7859,-5.6761,-9.5056,3.681,6.1066,-7.6911,3.3137,4.5309,-3.0418,-4.9156,-2.7203,-8.2151
2.4077,-5.5171,-9.9623,3.2525,6.5457,-8.0105,3.1923,4.3735,-2.9285,-4.8331,-2.2196,-8.2421
2.8223,-5.5514,-10.356,3.0355,6.8905,-8.3469,3.0143,4.2356,-2.8636,-4.7876,-1.8327,-8.282
2.9255,-5.79,-10.599,3.094,7.0472,-8.6451,2.8071,4.1304,-2.8328,-4.759,-1.6536,-8.3398
2.6617,-6.2047,-10.612,3.4463,6.9472,-8.8414,2.5969,4.0652,-2.831,-4.7218,-1.7552,-8.4113
2.0376,-6.7418,-10.352,4.0643,6.5666,-8.8849,2.4043,4.0444,-2.8627,-4.6518,-2.1756,-8.4805
1.1213,-7.3374,-9.8276,4.8787,5.9337,-8.7566,2.2445,4.0696,-2.9366,-4.5321,-2.9101,-8.5243
0.028683,-7.9234,-9.1016,5.787,5.1232,-8.4738,2.1293,4.137,-3.0599,-4.3578,-3.9095,-8.5206
-1.0977,-8.4239,-8.2695,6.6633,4.2392,-8.0776,2.0672,4.2355,-3.2334,-4.1352,-5.0866,-8.4537
-2.1127,-8.7504,-7.4327,7.3738,3.3889,-7.6117,2.0599,4.349,-3.4491,-3.8775,-6.3307,-8.3163
-2.8888,-8.8099,-6.6697,7.7978,2.658,-7.1044,2.1003,4.4621,-3.6889,-3.5962,-7.5291,-8.1072
-3.3308,-8.5237,-6.0164,7.8497,2.0959,-6.5614,2.1723,4.5673,-3.9243,-3.2936,-8.5833,-7.8285
-3.3836,-7.8477,-5.4649,7.493,1.7171,-5.9707,2.2577,4.6686,-4.1195,-2.9606,-9.4154,-7.4838
-3.0426,-6.7875,-4.9817,6.7437,1.5119,-5.317,2.3431,4.7794,-4.2381,-2.5822,-9.9643,-7.0773
-2.3693,-5.409,-4.5338,5.6732,1.4524,-4.5999,2.4251,4.9168,-4.2523,-2.1489,-10.181,-6.6149
-1.4956,-3.8413,-4.1042,4.4123,1.4901,-3.8464,2.5108,5.0929,-4.1514,-1.6666,-10.033,-6.1086
-0.60303,-2.2702,-3.6889,3.1427,1.5569,-3.1093,2.6131,5.3078,-3.9478,-1.16,-9.5099,-5.5799
0.11712,-0.91628,-3.2881,2.0692,1.5775,-2.4565,2.7445,5.5463,-3.6771,-0.66727,-8.6394,-5.0591
0.5001,0.00526,-2.9003,1.3804,1.4857,-1.9542,2.91,5.7801,-3.393,-0.22956,-7.4892,-4.5803
0.43332,0.33459,-2.521,1.2114,1.2335,-1.6519,3.1023,5.9741,-3.153,0.11826,-6.1615,-4.1729
-0.12875,0.0085951,-2.1412,1.6191,0.79668,-1.5701,3.3003,6.095,-3.0011,0.35165,-4.7772,-3.8539
-1.1589,-0.92902,-1.7491,2.5775,0.17687,-1.694,3.4744,6.1195,-2.9562,0.4574,-3.458,-3.6256
-2.5619,-2.354,-1.334,3.987,-0.59613,-1.9771,3.5972,6.0416,-3.0122,0.4342,-2.312,-3.4833
-4.1897,-4.1009,-0.89111,5.6886,-1.4661,-2.3504,3.6539,5.8756,-3.1475,0.29213,-1.421,-3.4284
-5.8615,-5.9753,-0.42492,7.4787,-2.3575,-2.7332,3.6462,5.6518,-3.337,0.048317,-0.83337,-3.4766
-7.3875,-7.7354,0.052899,9.1315,-3.1884,-3.0407,3.5861,5.406,-3.56,-0.28016,-0.5645,-3.6517
-8.5956,-9.099,0.52741,10.428,-3.8874,-3.1935,3.4869,5.1679,-3.801,-0.68063,-0.60232,-3.9699
-9.3628,-9.8067,0.98585,11.194,-4.4076,-3.1288,3.3557,4.9543,-4.0472,-1.1422,-0.91337,-4.4259
-9.6386,-9.7009,1.4261,11.331,-4.7365,-2.8067,3.193,4.7687,-4.2855,-1.6503,-1.446,-4.9915
-9.4494,-8.7682,1.8652,10.846,-4.896,-2.2123,2.9958,4.6059,-4.5032,-2.1868,-2.1347,-5.6244
-8.886,-7.1345,2.3352,9.8467,-4.9322,-1.3607,2.7632,4.4587,-4.6921,-2.7339,-2.9091,-6.2744
-8.0837,-5.0289,2.859,8.5133,-4.8976,-0.30751,2.5027,4.322,-4.8535,-3.2765,-3.71,-6.8899
-7.1906,-2.7427,3.4217,7.0578,-4.8307,0.8413,2.2327,4.1953,-4.9975,-3.7991,-4.5057,-7.4237
-6.3324,-0.59025,3.9578,5.6814,-4.7405,1.936,1.9825,4.0833,-5.1363,-4.2794,-5.3007,-7.8406
-5.5841,1.1454,4.36,4.5405,-4.6015,2.8098,1.7873,3.9968,-5.2743,-4.6864,-6.13,-8.122
-4.9617,2.2695,4.5047,3.7272,-4.3619,3.3161,1.6799,3.9514,-5.4004,-4.9865,-7.0411,-8.2648
-4.4359,2.6998,4.2909,3.2682,-3.964,3.3631,1.6825,3.9662,-5.4898,-5.1541,-8.0703,-8.2766
-3.9616,2.4576,3.6765,3.1386,-3.3702,2.9332,1.8012,4.0596,-5.5121,-5.184,-9.224,-8.17
-3.5055,1.6489,2.6984,3.2801,-2.586,2.086,2.0251,4.2446,-5.4411,-5.096,-10.472,-7.9577
-3.0632,0.43989,1.4673,3.6185,-1.6683,0.94359,2.332,4.5249,-5.2601,-4.9288,-11.76,-7.6519
-2.6618,-0.97997,0.13864,4.081,-0.71331,-0.3372,2.6968,4.8949,-4.9633,-4.7243,-13.02,-7.2653
-2.3486,-2.4383,-1.1309,4.6111,0.16864,-1.5982,3.0995,5.341,-4.5559,-4.5108,-14.175,-6.8144
-2.1723,-3.8083,-2.2226,5.1744,0.88498,-2.7111,3.5286,5.843,-4.0572,-4.2926,-15.135,-6.3206
-2.1616,-5.0198,-3.0783,5.7532,1.3867,-3.6004,3.9773,6.3729,-3.5023,-4.0531,-15.792,-5.809
-2.3067,-6.0497,-3.7006,6.3284,1.6797,-4.2533,4.4356,6.895,-2.9385,-3.7683,-16.024,-5.3047
-2.5517,-6.8946,-4.1359,6.8594,1.8177,-4.7049,4.8846,7.3701,-2.4134,-3.425,-15.718,-4.8288
-2.8026,-7.536,-4.4468,7.2769,1.8795,-5.003,5.2986,7.763,-1.9636,-3.0334,-14.787,-4.3983
-2.9499,-7.9133,-4.6838,7.4939,1.9432,-5.1716,5.6536,8.0497,-1.6084,-2.6291,-13.201,-4.03
-2.8981,-7.9259,-4.8679,7.4287,2.0638,-5.1946,5.9347,8.2217,-1.3535,-2.2616,-10.997,-3.7414
-2.5924,-7.4731,-4.9878,7.0269,2.2592,-5.0261,6.1351,8.2852,-1.1963,-1.9764,-8.287,-3.5482
-2.0306,-6.4973,-5.0138,6.2727,2.508,-4.6206,6.2497,8.2595,-1.1298,-1.7979,-5.2511,-3.4596
-1.2544,-5.0105,-4.921,5.1907,2.7699,-3.9714,6.2724,8.1732,-1.1411,-1.7228,-2.108,-3.4763
-0.33313,-3.1146,-4.7149,3.852,3.013,-3.1382,6.1984,8.0589,-1.2084,-1.7264,0.91419,-3.5903
0.64009,-1.0173,-4.4428,2.389,3.2264,-2.2435,6.0297,7.9465,-1.3015,-1.7757,3.6078,-3.786
1.5415,0.9688,-4.179,0.99636,3.4062,-1.442,5.778,7.8581,-1.3865,-1.8411,5.8128,-4.0417
2.2231,2.4573,-3.9956,-0.092354,3.5389,-0.88638,5.4644,7.8047,-1.4347,-1.9034,7.4405,-4.3319
2.5402,3.0892,-3.9373,-0.64243,3.5954,-0.69697,5.1158,7.7865,-1.4306,-1.955,8.4813,-4.6305
2.3812,2.6772,-4.0094,-0.47687,3.5365,-0.93441,4.7605,7.7954,-1.3763,-1.9967,8.99,-4.9155
1.686,1.2535,-4.1812,0.4559,3.3213,-1.5827,4.4245,7.8174,-1.2896,-2.0331,9.0619,-5.1711
0.45855,-0.99829,-4.401,2.0811,2.9203,-2.5628,4.1275,7.8366,-1.1973,-2.0675,8.8162,-5.3889
-1.2242,-3.8316,-4.6142,4.2548,2.3301,-3.7641,3.88,7.8398,-1.1255,-2.0996,8.3909,-5.5656
-3.2104,-6.9978,-4.7746,6.7723,1.5851,-5.0575,3.6815,7.8211,-1.0901,-2.126,7.9316,-5.6998
-5.282,-10.203,-4.8468,9.3545,0.75711,-6.2914,3.5213,7.7845,-1.0917,-2.1389,7.5701,-5.7888
-7.1819,-13.041,-4.8037,11.672,-0.059924,-7.2996,3.3824,7.7428,-1.1155,-2.125,7.4053,-5.8258
-8.6604,-15.049,-4.6259,13.395,-0.77341,-7.932,3.2484,7.7122,-1.1375,-2.0661,7.5014,-5.8007
-9.5283,-15.86,-4.302,14.264,-1.3145,-8.0863,3.1095,7.7048,-1.1347,-1.9463,7.8873,-5.7045
-9.6992,-15.342,-3.8294,14.16,-1.6533,-7.7207,2.9655,7.7224,-1.0938,-1.762,8.5464,-5.5356
-9.2044,-13.628,-3.2173,13.143,-1.8023,-6.8545,2.8225,7.7554,-1.0154,-1.5284,9.4072,-5.3048
-8.1893,-11.04,-2.4917,11.434,-1.8078,-5.5709,2.6873,7.7873,-0.91217,-1.2751,10.347,-5.0362
-6.886,-7.9825,-1.6959,9.3588,-1.7325,-4.018,2.5611,7.805,-0.79976,-1.0343,11.217,-4.7609
-5.5496,-4.898,-0.88771,7.2666,-1.6379,-2.3929,2.4391,7.8079,-0.68777,-0.82691,11.881,-4.5072
-4.3934,-2.2198,-0.13028,5.4643,-1.5723,-0.89941,2.3137,7.8112,-0.57376,-0.65685,12.241,-4.292
-3.5551,-0.26973,0.51957,4.1575,-1.5637,0.30532,2.1805,7.84,-0.44498,-0.51374,12.259,-4.1159
-3.0853,0.84629,1.0231,3.4134,-1.6195,1.143,2.0418,7.9194,-0.28699,-0.3827,11.959,-3.9651
-2.9577,1.2121,1.3679,3.1826,-1.7306,1.6136,1.9073,8.0624,-0.095044,-0.25511,11.421,-3.8177
-3.0983,0.99168,1.5701,3.3611,-1.8788,1.7748,1.7918,8.2629,0.11818,-0.1364,10.765,-3.653
-3.4159,0.37762,1.6698,3.8191,-2.0475,1.7166,1.712,8.4949,0.32409,-0.047564,10.12,-3.4603
-3.8248,-0.4254,1.7211,4.4058,-2.2299,1.5414,1.6826,8.7188,0.48943,-0.01881,9.586,-3.2439
-4.2609,-1.2334,1.7809,4.9787,-2.4332,1.3455,1.7128,8.8948,0.59192,-0.077141,9.2165,-3.0236
-4.6952,-1.9049,1.8982,5.4479,-2.6759,1.205,1.805,8.9987,0.63141,-0.23283,9.0132,-2.8256
-5.1363,-2.3597,2.106,5.797,-2.9822,1.1644,1.9534,9.0328,0.62979,-0.47092,8.9501,-2.6682
-5.6181,-2.6029,2.4166,6.0703,-3.3739,1.2312,2.1428,9.0257,0.62014,-0.75245,8.9859,-2.5489
-6.1773,-2.7183,2.8212,6.3389,-3.8633,1.3779,2.3476,9.0206,0.63164,-1.0269,9.0548,-2.4472
-6.8327,-2.8234,3.2929,6.6674,-4.4469,1.5555,2.5351,9.0582,0.67814,-1.2506,9.0564,-2.3385
-7.5726,-3.0158,3.794,7.0913,-5.1021,1.7122,2.672,9.1627,0.755,-1.4029,8.87,-2.2114
-8.3538,-3.3391,4.2859,7.6078,-5.788,1.8118,2.7339,9.3361,0.84442,-1.4905,8.3873,-2.074
-9.1092,-3.7718,4.7391,8.1766,-6.4539,1.848,2.7111,9.5601,0.9252,-1.5409,7.5357,-1.9499
-9.7649,-4.2358,5.1416,8.7296,-7.0532,1.8493,2.6093,9.8035,0.98187,-1.5881,6.2882,-1.8675
-10.262,-4.6182,5.5006,9.1877,-7.5592,1.8721,2.4463,10.033,1.0099,-1.6556,4.6677,-1.847
-10.573,-4.7996,5.8438,9.479,-7.9762,1.985,2.2468,10.223,1.0159,-1.7447,2.7462,-1.8908
-10.712,-4.6837,6.2163,9.555,-8.3378,2.2489,2.0381,10.363,1.0142,-1.8333,0.63623,-1.9798
-10.728,-4.2216,6.6706,9.3991,-8.694,2.7001,1.8462,10.458,1.0212,-1.8871,-1.5242,-2.0781
-10.684,-3.4273,7.2446,9.0294,-9.0906,3.3391,1.6913,10.523,1.0504,-1.8761,-3.5924,-2.1446
-10.64,-2.3795,7.9411,8.4945,-9.5499,4.1256,1.5844,10.574,1.1088,-1.788,-5.4415,-2.1472
-10.634,-1.206,8.72,7.8653,-10.06,4.9854,1.5252,10.621,1.1983,-1.6312,-6.9759,-2.0734
-10.673,-0.057579,9.5094,7.2262,-10.577,5.826,1.5043,10.662,1.3192,-1.428,-8.1337,-1.931
-10.735,0.92401,10.229,6.6645,-11.04,6.5578,1.5101,10.689,1.4737,-1.2042,-8.8824,-1.7402
-10.792,1.6334,10.813,6.2578,-11.396,7.1137,1.5366,10.696,1.6654,-0.97969,-9.2152,-1.521
-10.831,2.0183,11.23,6.0606,-11.625,7.4617,1.5881,10.678,1.895,-0.76202,-9.1564,-1.2828
-10.881,2.0799,11.489,6.097,-11.755,7.6089,1.675,10.643,2.1547,-0.54398,-8.7708,-1.0216
-10.995,1.8641,11.646,6.3609,-11.855,7.5975,1.8056,10.602,2.4283,-0.30715,-8.1637,-0.72236
-11.236,1.4496,11.785,6.8167,-12.007,7.4925,1.9792,10.569,2.6984,-0.030655,-7.4662,-0.36578
-11.631,0.93455,11.984,7.4003,-12.268,7.3629,2.1859,10.553,2.9559,0.29802,-6.8087,0.062498
-12.156,0.41922,12.273,8.026,-12.642,7.2608,2.4103,10.559,3.2049,0.67449,-6.2952,0.56201
-12.735,-0.014677,12.621,8.5996,-13.075,7.2062,2.6341,10.586,3.4576,1.0743,-5.9894,1.11
-13.256,-0.32028,12.943,9.0361,-13.471,7.1837,2.8376,10.625,3.7243,1.4576,-5.9143,1.6599
-13.604,-0.49086,13.145,9.2762,-13.729,7.1561,2.9998,10.659,4.003,1.7802,-6.0633,2.1498
-13.699,-0.55254,13.159,9.3002,-13.78,7.0869,3.1022,10.669,4.2764,2.0078,-6.4077,2.519
-13.53,-0.54839,12.977,9.133,-13.613,6.9595,3.1322,10.636,4.5173,2.1272,-6.897,2.7273
-13.161,-0.52144,12.64,8.8414,-13.282,6.7847,3.0872,10.552,4.6993,2.1489,-7.4527,2.7666
-12.712,-0.50267,12.226,8.5182,-12.889,6.5975,2.9751,10.418,4.8073,2.1016,-7.9688,2.658
-12.319,-0.50684,11.833,8.2593,-12.546,6.4463,2.813,10.245,4.8413,2.0183,-8.3271,2.4389
-12.09,-0.53468,11.555,8.1374,-12.34,6.3745,2.6251,10.046,4.811,1.9202,-8.4199,2.1431
-12.07,-0.57828,11.446,8.1814,-12.291,6.4007,2.4381,9.8308,4.727,1.8055,-8.1711,1.7873
-12.23,-0.62721,11.482,8.3707,-12.349,6.5065,2.2733,9.6012,4.5951,1.6501,-7.5459,1.3704
-12.471,-0.67349,11.559,8.6431,-12.406,6.6362,2.1366,9.3565,4.4173,1.4211,-6.5486,0.88664
-12.647,-0.71397,11.531,8.9118,-12.332,6.7109,2.0142,9.0997,4.1964,1.0963,-5.2154,0.34224
-12.616,-0.74963,11.266,9.0835,-12.012,6.6523,1.8761,8.8409,3.9388,0.67859,-3.6073,-0.23846
-12.277,-0.78314,10.688,9.0793,-11.377,6.408,1.6844,8.5934,3.6559,0.19479,-1.8045,-0.82033
-11.589,-0.81591,9.7999,8.8547,-10.424,5.9686,1.4046,8.3677,3.364,-0.31693,0.10227,-1.37
-10.572,-0.84681,8.6629,8.4123,-9.2078,5.3685,1.0184,8.1681,3.0822,-0.82156,2.0225,-1.8634
-9.3061,-0.87361,7.3804,7.8009,-7.8235,4.6739,0.53387,7.9934,2.8291,-1.2951,3.8752,-2.2857
-7.9229,-0.89646,6.0705,7.1018,-6.3814,3.9628,-0.012851,7.8396,2.6169,-1.7262,5.5924,-2.6292
-6.5786,-0.92135,4.8417,6.4079,-4.991,3.3059,-0.56839,7.6998,2.4456,-2.1133,7.119,-2.8909
-5.4116,-0.96119,3.7713,5.8036,-3.7475,2.7509,-1.0797,7.5635,2.3031,-2.4615,8.4101,-3.0725
-4.5063,-1.0324,2.8937,5.3484,-2.7213,2.3169,-1.5093,7.4162,2.1716,-2.7774,9.4223,-3.1805
-3.8786,-1.1467,2.2064,5.0661,-1.9476,1.998,-1.8424,7.2442,2.0395,-3.0654,10.102,-3.2249
-3.4863,-1.2997,1.6913,4.9408,-1.4185,1.7757,-2.0868,7.0407,1.9113,-3.3238,10.382,-3.2176
-3.2534,-1.4591,1.3332,4.9195,-1.0873,1.6366,-2.2684,6.8097,1.8088,-3.5441,10.199,-3.1703
-3.0943,-1.5589,1.1236,4.9224,-0.88757,1.5861,-2.4227,6.5666,1.7603,-3.7134,9.5253,-3.0921
-2.9312,-1.5061,1.058,4.8589,-0.76164,1.6543,-2.583,6.3334,1.7848,-3.8188,8.3767,-2.9907
-2.7078,-1.2027,1.1367,4.6494,-0.67917,1.8867,-2.7658,6.1314,1.8796,-3.8541,6.8176,-2.8735
-2.3993,-0.57335,1.3653,4.2472,-0.641,2.3227,-2.9608,5.9731,2.0186,-3.8235,4.9468,-2.7497
-2.0164,0.41903,1.7546,3.6505,-0.67002,2.9823,-3.136,5.8582,2.1645,-3.7414,2.886,-2.6306
-1.5967,1.7768,2.3173,2.8936,-0.79515,3.867,-3.2601,5.774,2.2857,-3.6271,0.76265,-2.5277
-1.1897,3.4615,3.0585,2.0298,-1.0355,4.9547,-3.3272,5.7002,2.3706,-3.4976,-1.3073,-2.4502
-0.84107,5.3672,3.9599,1.1234,-1.3891,6.185,-3.3631,5.6172,2.4309,-3.3623,-3.2333,-2.4023
-0.58383,7.3217,4.9715,0.24979,-1.8315,7.4556,-3.4088,5.5134,2.4954,-3.2194,-4.9507,-2.3853
-0.43618,9.1321,6.0112,-0.51228,-2.3207,8.6387,-3.4969,5.393,2.6008,-3.0555,-6.4132,-2.3957
-0.40333,10.629,6.9849,-1.096,-2.808,9.6134,-3.6346,5.2798,2.7831,-2.8488,-7.5792,-2.4241
-0.48005,11.682,7.8124,-1.4626,-3.2511,10.299,-3.7993,5.2145,3.0722,-2.5755,-8.405,-2.4568
-0.65262,12.201,8.4518,-1.6132,-3.6272,10.677,-3.9465,5.2432,3.49,-2.2173,-8.8461,-2.4801
-0.89998,12.182,8.9157,-1.597,-3.943,10.796,-4.0326,5.4018,4.0493,-1.7636,-8.8652,-2.4834
-1.1946,11.794,9.2773,-1.5137,-4.2352,10.772,-4.0375,5.7054,4.7531,-1.2086,-8.4451,-2.4598
-1.5015,11.413,9.661,-1.5055,-4.5613,10.793,-3.967,6.1478,5.5963,-0.54589,-7.5988,-2.4017
-1.779,11.57,10.216,-1.7359,-4.9796,11.121,-3.8318,6.7104,6.57,0.23745,-6.3707,-2.2973
-1.982,12.779,11.082,-2.3482,-5.5305,12.108,-3.6238,7.3745,7.6707,1.1618,-4.8261,-2.1305
-2.0678,15.28,12.383,-3.4188,-6.2233,14.209,-3.3092,8.1274,8.9085,2.2513,-3.0393,-1.883
-2.0033,18.9,14.259,-4.9331,-7.0323,17.863,-2.8372,8.962,10.309,3.5266,-1.0829,-1.5394
-1.7741,23.195,16.911,-6.8161,-7.9008,22.79,-2.1558,9.872,11.906,4.9993,0.97995,-1.0894
-1.3959,27.702,20.331,-8.9922,-8.7569,27.616,-1.2256,10.845,13.727,6.6694,3.0992,-0.52746
-0.9197,32.1,23.929,-11.426,-9.5451,31.495,-0.029993,11.857,15.778,8.5269,5.2373,0.15158
-0.42505,36.228,27.245,-14.093,-10.259,34.748,1.418,12.871,18.033,10.55,7.3639,0.95638
-0.0018592,40.09,30.517,-16.915,-10.948,37.893,3.0668,13.836,20.427,12.703,9.4488,1.8991
0.27251,43.844,34.185,-19.728,-11.699,41.266,4.8201,14.691,22.867,14.932,11.461,2.9869
0.35425,47.709,38.499,-22.348,-12.588,45.033,6.5387,15.377,25.252,17.181,13.376,4.2086
0.24859,51.827,43.41,-24.67,-13.646,49.181,8.0622,15.847,27.495,19.405,15.18,5.5302
0.01676,56.173,48.558,-26.678,-14.826,53.515,9.2533,16.082,29.546,21.587,16.877,6.905
-0.22887,60.574,53.408,-28.414,-16.007,57.729,10.049,16.095,31.388,23.726,18.485,8.3041
-0.34238,64.806,57.513,-29.945,-17.026,61.542,10.477,15.919,33.028,25.815,20.032,9.72
-0.1707,68.671,60.674,-31.344,-17.73,64.784,10.621,15.589,34.469,27.806,21.537,11.146
0.41701,72.024,62.883,-32.664,-18.037,67.36,10.573,15.126,35.689,29.611,22.996,12.548
1.5007,74.745,64.146,-33.921,-17.951,69.168,10.404,14.528,36.639,31.126,24.381,13.863
3.077,76.692,64.394,-35.097,-17.522,70.056,10.125,13.775,37.255,32.265,25.639,15.016
5.0357,77.685,63.476,-36.156,-16.793,69.869,9.6529,12.842,37.486,32.964,26.704,15.951
7.1733,77.56,61.262,-37.06,-15.77,68.532,8.7983,11.705,37.32,33.177,27.508,16.638
9.2769,76.295,57.835,-37.777,-14.439,66.14,7.2919,10.356,36.784,32.862,28.0,17.079
11.226,74.078,53.595,-38.281,-12.799,62.988,4.8237,8.8017,35.908,32.002,28.175,17.296
13.028,71.245,49.07,-38.558,-10.884,59.497,1.2134,7.0607,34.693,30.651,28.087,17.322
14.77,68.146,44.602,-38.607,-8.7686,56.03,-3.31,5.1626,33.117,28.928,27.824,17.193
16.537,65.048,40.245,-38.446,-6.5584,52.73,-8.2565,3.1434,31.161,26.948,27.42,16.934
18.33,62.055,35.889,-38.093,-4.3704,49.532,-13.314,1.0404,28.813,24.76,26.803,16.557
20.034,59.118,31.411,-37.56,-2.3167,46.284,-18.416,-1.1191,26.081,22.366,25.82,16.053
21.464,56.125,26.734,-36.854,-0.49669,42.863,-23.562,-3.3324,23.003,19.769,24.342,15.392
22.476,53.009,21.881,-35.994,1.0197,39.238,-28.706,-5.6368,19.666,17.012,22.343,14.545
23.035,49.815,17.126,-35.028,2.2037,35.464,-33.718,-8.0935,16.204,14.187,19.916,13.496
23.215,46.684,13.01,-34.028,3.0664,31.644,-38.434,-10.78,12.772,11.41,17.218,12.259
23.149,43.792,9.9289,-33.079,3.6496,27.875,-42.727,-13.775,9.499,8.7731,14.43,10.881
22.981,41.26,7.8258,-32.263,4.0178,24.214,-46.547,-17.131,6.4522,6.3097,11.725,9.4261
22.835,39.123,6.4093,-31.628,4.2493,20.731,-49.883,-20.851,3.6345,4.0019,9.2586,7.9556
22.778,37.322,5.4023,-31.178,4.4259,17.597,-52.735,-24.858,1.0046,1.8143,7.1595,6.5155
22.808,35.722,4.6143,-30.871,4.6205,15.051,-55.152,-29.011,-1.4923,-0.25788,5.5104,5.138
22.869,34.149,3.9247,-30.629,4.8843,13.195,-57.272,-33.153,-3.8997,-2.163,4.348,3.8592
22.901,32.443,3.2578,-30.364,5.2431,11.891,-59.291,-37.164,-6.2346,-3.8234,3.6805,2.7339
22.901,30.511,2.5715,-29.995,5.7134,10.897,-61.386,-40.967,-8.4826,-5.2038,3.4969,1.8261
22.934,28.369,1.8521,-29.49,6.3418,10.029,-63.634,-44.508,-10.608,-6.3422,3.7475,1.1841
23.105,26.145,1.0987,-28.882,7.2541,9.1942,-65.98,-47.754,-12.581,-7.3142,4.3129,0.83072
23.488,24.02,0.29804,-28.263,8.6676,8.3655,-68.289,-50.694,-14.393,-8.1812,5.0083,0.77381
24.111,22.142,-0.60234,-27.735,10.74,7.5407,-70.429,-53.34,-16.064,-8.9698,5.6299,1.0181
25.031,20.577,-1.7074,-27.376,13.294,6.712,-72.31,-55.711,-17.621,-9.6795,6.0126,1.5648
26.372,19.296,-3.1612,-27.244,15.994,5.8549,-73.897,-57.828,-19.075,-10.295,6.0646,2.4006
28.222,18.217,-5.0958,-27.388,18.754,4.9323,-75.219,-59.706,-20.413,-10.798,5.771,3.485
30.533,17.259,-7.5752,-27.841,21.588,3.909,-76.361,-61.363,-21.602,-11.17,5.1754,4.749
33.132,16.38,-10.569,-28.604,24.43,2.7658,-77.426,-62.807,-22.593,-11.399,4.355,6.1093
35.825,15.576,-13.936,-29.635,27.23,1.5055,-78.526,-64.032,-23.339,-11.484,3.406,7.4876
38.466,14.851,-17.469,-30.856,30.073,0.15104,-79.736,-65.013,-23.803,-11.431,2.445,8.8211
41.061,14.198,-20.976,-32.167,33.201,-1.2586,-81.053,-65.718,-23.976,-11.248,1.6069,10.064
43.942,13.601,-24.339,-33.455,36.917,-2.6676,-82.333,-66.114,-23.871,-10.938,1.026,11.189
47.588,13.039,-27.475,-34.582,41.317,-4.002,-83.261,-66.179,-23.52,-10.493,0.81373,12.188
51.693,12.503,-30.238,-35.367,45.913,-5.1748,-83.494,-65.904,-22.962,-9.8972,1.0471,13.066
54.924,11.979,-32.364,-35.599,49.636,-6.1025,-82.867,-65.299,-22.231,-9.1371,1.7581,13.823
56.125,11.44,-33.524,-35.122,51.528,-6.7233,-81.402,-64.392,-21.351,-8.2202,2.9164,14.44
54.965,10.842,-33.442,-33.934,51.063,-7.0129,-79.173,-63.236,-20.345,-7.184,4.4188,14.873
51.663,10.117,-32.073,-32.135,47.942,-7.0006,-76.22,-61.903,-19.245,-6.0951,6.0981,15.069
46.938,9.1751,-29.741,-29.799,42.59,-6.7792,-72.566,-60.489,-18.102,-5.0349,7.7514,14.989
41.881,7.9229,-27.032,-26.938,37.158,-6.4967,-68.317,-59.093,-16.976,-4.0772,9.1776,14.612
37.12,6.2968,-24.476,-23.553,33.346,-6.3209,-63.768,-57.814,-15.929,-3.2667,10.21,13.937
32.597,4.2966,-22.323,-19.701,30.494,-6.3859,-59.383,-56.74,-15.008,-2.6136,10.744,12.989
28.216,2.001,-20.615,-15.503,27.866,-6.7527,-55.632,-55.932,-14.247,-2.1052,10.746,11.816
24.112,-0.44053,-19.337,-11.138,25.485,-7.4041,-52.828,-55.419,-13.672,-1.724,10.257,10.489
20.503,-2.8311,-18.419,-6.8581,23.541,-8.2685,-51.104,-55.194,-13.298,-1.4604,9.373,9.0856
17.477,-4.9557,-17.763,-3.0194,21.923,-9.2449,-50.417,-55.219,-13.126,-1.316,8.2195,7.6799
14.905,-6.6159,-17.363,0.0048495,20.163,-10.227,-50.529,-55.45,-13.138,-1.2987,6.9116,6.3348
12.479,-7.6777,-17.29,2.0227,17.849,-11.13,-51.029,-55.856,-13.303,-1.4131,5.5351,5.1078
10.055,-8.1207,-17.48,3.1235,15.269,-11.896,-51.542,-56.415,-13.577,-1.6505,4.1464,4.0513
7.9559,-8.059,-17.703,3.5695,13.181,-12.464,-51.875,-57.109,-13.915,-1.9842,2.7876,3.2017
6.4461,-7.7034,-17.703,3.6413,11.797,-12.755,-51.997,-57.901,-14.273,-2.3726,1.5035,2.5641
5.3959,-7.2846,-17.315,3.5647,10.817,-12.722,-51.927,-58.725,-14.608,-2.7705,0.34767,2.1
4.5651,-6.9863,-16.608,3.4956,10.001,-12.485,-51.656,-59.49,-14.879,-3.1443,-0.62284,1.721
3.8211,-6.9184,-15.94,3.517,9.3272,-12.371,-51.12,-60.077,-15.051,-3.4895,-1.3597,1.3022
3.1589,-7.1197,-15.749,3.64,8.8899,-12.812,-50.265,-60.346,-15.1,-3.8393,-1.8375,0.7298
2.6299,-7.5566,-16.458,3.8134,8.7635,-14.418,-49.162,-60.117,-15.012,-4.2525,-2.0715,-0.015405
2.255,-7.9195,-18.99,3.9388,9.0302,-18.192,-47.939,-59.154,-14.764,-4.7718,-2.1491,-0.78972
1.9863,-6.2484,-24.63,3.8536,10.127,-21.336,-46.819,-57.262,-14.298,-5.364,-2.2633,-1.2916
1.7477,-6.7071,-25.124,3.2518,13.363,-18.25,-46.84,-55.449,-13.482,-5.8904,-2.6233,-1.0622
1.5665,-8.0028,-24.169,2.0908,14.308,-18.802,-47.644,-59.166,-12.109,-6.1148,-3.2757,-0.27389
2.1003,-8.3614,-23.157,1.5175,12.531,-18.14,-46.601,-65.977,-11.56,-5.4909,-4.1835,-0.97835
4.1796,-8.2387,-19.79,2.68,10.824,-15.644,-42.971,-66.603,-21.765,1.9534,-4.0933,-2.1333
-0.69862,-9.308,-15.947,5.4502,7.7581,-13.542,-36.913,-63.049,-18.414,2.4665,7.0438,11.962
-4.8632,-13.968,-15.078,7.5865,4.8306,-15.474,-28.465,-54.963,-13.729,2.0068,5.8712,8.3242
-8.2686,-25.277,-21.514,11.942,4.8407,-24.98,-17.244,-40.83,-9.0901,0.56808,1.993,-1.598
-10.119,-46.667,-38.63,21.94,11.141,-44.029,-4.1306,-19.531,-4.7803,-2.5972,-5.8279,-15.996
-9.3321,-76.433,-67.713,37.495,25.811,-72.513,9.7327,7.8571,-1.3409,-8.3557,-20.268,-34.053
-5.4703,-110.3,-107.75,54.683,49.255,-108.78,26.111,39.42,3.2989,-16.595,-41.755,-52.815
3.2815,-145.2,-156.07,66.629,80.593,-150.12,44.237,75.285,14.808,-21.863,-60.185,-66.427
22.376,-176.5,-210.44,70.319,120.11,-192.49,57.116,119.41,41.184,-12.253,-59.92,-66.643
62.364,-198.91,-268.76,63.874,168.31,-232.45,66.521,179.21,95.703,30.073,-29.304,-43.667
115.91,-207.74,-329.33,43.903,224.93,-267.45,76.427,264.14,194.03,133.47,44.293,12.385
183.77,-199.9,-391.15,6.2637,290.53,-295.27,89.98,381.72,340.99,297.22,173.67,110.19
273.25,-172.99,-453.43,-51.98,366.14,-313.63,107.38,532.19,542.78,531.61,364.2,255.19
384.72,-125.01,-514.71,-131.6,451.3,-320.56,124.09,704.42,794.36,833.08,614.61,447.72
514.26,-54.544,-571.69,-231.46,543.35,-314.1,130.92,875.05,1079.2,1186.3,915.65,681.72
654.82,37.611,-619.28,-348.3,637.26,-291.73,116.0,1012.0,1370.3,1564.7,1250.2,944.44
797.57,148.08,-651.41,-475.42,725.06,-252.19,68.881,1082.1,1634.3,1933.2,1591.6,1217.2
929.94,269.38,-662.33,-601.99,796.94,-196.84,-15.32,1059.9,1837.4,2252.1,1906.4,1476.2
1036.2,389.34,-648.34,-714.22,843.14,-129.9,-133.61,935.31,1951.1,2482.4,2159.1,1695.4
1102.0,493.63,-609.56,-798.05,856.65,-58.522,-275.16,716.05,1956.4,2591.6,2317.3,1850.2
1119.0,568.99,-550.89,-842.87,835.7,8.265,-424.27,424.94,1845.8,2559.2,2357.9,1922.2
1086.7,606.57,-480.98,-844.43,784.43,61.758,-565.31,92.79,1623.4,2380.3,2271.5,1902.8
1012.0,603.75,-409.21,-805.26,710.97,96.082,-686.7,-249.03,1303.7,2066.3,2064.2,1794.7
905.53,563.86,-342.8,-732.67,624.32,109.35,-782.22,-573.53,909.86,1643.8,1756.5,1610.1
778.69,494.33,-285.78,-635.88,532.21,103.22,-850.1,-860.08,472.42,1150.8,1379.8,1368.3
642.56,404.67,-239.69,-524.44,440.81,81.612,-891.4,-1094.1,27.915,634.08,972.47,1092.7
507.63,304.89,-204.75,-408.29,355.54,49.326,-908.3,-1265.9,-383.33,144.28,575.19,809.49
383.65,204.5,-180.92,-296.84,281.44,11.066,-903.32,-1369.2,-722.11,-270.87,225.28,544.01
278.46,111.77,-168.08,-197.87,222.34,-28.765,-879.02,-1402.0,-958.2,-575.96,-49.992,317.09
196.23,33.121,-164.37,-116.94,179.24,-65.535,-838.11,-1368.9,-1078.7,-756.25,-238.47,140.82
136.38,-27.912,-164.64,-56.195,149.56,-94.503,-783.78,-1282.9,-1092.3,-820.64,-344.27,16.846
94.11,-70.314,-163.19,-13.718,128.25,-113.38,-719.86,-1162.9,-1025.2,-796.65,-384.0,-61.78
63.213,-95.45,-157.12,15.001,110.33,-123.08,-649.91,-1028.4,-911.59,-719.78,-379.75,-106.62
39.036,-108.08,-146.04,34.576,92.955,-124.42,-577.04,-894.73,-783.0,-622.71,-352.42,-129.52
19.013,-113.37,-130.6,48.026,75.492,-118.07,-504.75,-771.17,-661.69,-528.65,-317.64,-139.85
1.6419,-113.31,-112.66,56.641,58.093,-108.66,-435.37,-660.76,-559.0,-449.69,-284.57,-143.56
-12.107,-109.34,-98.299,60.977,41.884,-98.782,-369.02,-562.77,-477.06,-388.74,-256.79,-143.55
-20.294,-103.32,-87.605,61.6,29.115,-89.99,-306.32,-476.06,-412.48,-342.9,-234.08,-140.73
-23.069,-96.634,-78.688,59.549,21.799,-83.471,-249.16,-399.76,-358.9,-306.41,-214.54,-135.02
-21.567,-90.137,-73.326,55.697,20.684,-79.451,-199.54,-332.78,-309.55,-275.54,-196.33,-126.28
-15.349,-83.685,-71.703,44.664,24.281,-76.801,-159.01,-274.46,-264.07,-246.55,-171.27,-116.37
-6.033,-76.71,-71.906,32.491,29.659,-74.702,-128.54,-224.48,-222.33,-214.45,-141.35,-101.92
-3.7683,-69.986,-71.015,25.904,31.776,-72.169,-107.52,-182.56,-183.77,-181.72,-114.72,-86.198
-2.9425,-64.368,-66.978,21.651,29.449,-68.146,-93.268,-148.26,-148.28,-149.98,-88.147,-72.241
-2.5757,-59.12,-60.315,18.917,24.859,-62.299,-81.982,-120.56,-116.58,-121.02,-64.587,-59.972
-2.7143,-53.349,-53.073,17.109,19.609,-55.563,-70.483,-98.221,-91.025,-97.158,-46.888,-49.802
-3.25,-46.936,-45.814,15.515,15.084,-49.225,-58.19,-79.961,-73.005,-80.126,-34.683,-42.092
-3.9829,-40.427,-38.808,13.757,11.638,-43.783,-46.341,-64.574,-60.838,-68.587,-27.228,-37.09
-4.7378,-34.76,-32.864,12.156,9.1381,-39.281,-35.873,-51.825,-52.354,-60.933,-23.856,-34.575
-5.4153,-30.822,-28.359,11.257,7.4129,-35.803,-27.638,-41.954,-46.185,-57.047,-23.653,-33.847
-5.9759,-28.851,-25.096,11.087,6.2622,-33.382,-23.039,-35.057,-41.492,-55.817,-25.445,-34.115
-6.4242,-28.242,-22.671,11.359,5.3803,-31.792,-21.508,-31.33,-37.584,-55.495,-27.811,-34.622
-6.7949,-27.974,-20.65,11.811,4.4699,-30.521,-19.806,-30.15,-34.063,-54.75,-28.565,-34.313
-7.1169,-27.205,-18.637,12.255,3.482,-28.872,-18.171,-28.215,-30.347,-52.852,-27.72,-33.24
-7.387,-25.705,-16.41,12.551,2.6023,-26.183,-17.013,-23.889,-25.539,-49.261,-26.937,-32.144
-7.5749,-23.766,-14.259,12.594,1.9167,-22.528,-15.282,-18.64,-21.63,-44.575,-26.331,-31.349
-7.6402,-21.659,-12.436,12.328,1.3476,-18.989,-11.89,-13.891,-18.946,-41.526,-25.954,-30.857
-7.5468,-19.46,-10.841,11.75,0.83501,-16.137,-8.1053,-10.07,-16.942,-39.928,-25.747,-30.565
-7.2754,-17.214,-9.4364,10.921,0.4015,-13.848,-5.372,-7.1018,-15.389,-38.995,-25.576,-30.379
-6.8334,-15.051,-8.2883,9.9539,0.10943,-12.047,-3.6583,-4.8003,-14.145,-38.386,-25.305,-30.242
-6.2603,-13.165,-7.4625,8.9856,-0.00020888,-10.764,-2.5462,-2.9956,-13.107,-37.952,-24.854,-30.14
-5.6266,-11.706,-6.9438,8.1367,0.057357,-9.9473,-1.7593,-1.549,-12.212,-37.593,-24.217,-30.08
-5.0265,-10.684,-6.6075,7.4837,0.20681,-9.4054,-1.1456,-0.34129,-11.426,-37.234,-23.451,-30.055
-4.5663,-9.9739,-6.2689,7.0518,0.32762,-8.8904,-0.61003,0.73163,-10.729,-36.818,-22.649,-30.025
-4.3422,-9.4344,-5.7606,6.826,0.28218,-8.214,-0.084789,1.7522,-10.114,-36.319,-21.908,-29.92
-4.4148,-8.9487,-4.9772,6.7622,-0.044605,-7.3014,0.46868,2.7715,-9.5763,-35.742,-21.315,-29.665
-4.7855,-8.3946,-3.8854,6.7929,-0.70547,-6.1574,1.0501,3.8066,-9.1157,-35.114,-20.941,-29.225
-5.3896,-7.6691,-2.5177,6.8368,-1.6682,-4.8167,1.6249,4.8478,-8.7379,-34.466,-20.837,-28.624
-6.1094,-6.7337,-0.96707,6.818,-2.8208,-3.3399,2.1432,5.8726,-8.4485,-33.813,-21.035,-27.939
-6.806,-5.6199,0.62439,6.6851,-4.0022,-1.8191,2.5593,6.8609,-8.2467,-33.146,-21.544,-27.263
-7.3586,-4.4132,2.1009,6.4263,-5.0522,-0.35956,2.846,7.8074,-8.1187,-32.426,-22.343,-26.663
-7.7012,-3.2288,3.3441,6.0748,-5.8657,0.95022,3.0029,8.7277,-8.0338,-31.591,-23.385,-26.157
-7.8385,-2.1825,4.3137,5.6984,-6.4287,2.0581,3.0576,9.656,-7.9493,-30.566,-24.601,-25.717
-7.8355,-1.3607,5.0525,5.3772,-6.8146,2.9526,3.058,10.633,-7.8223,-29.281,-25.911,-25.294
-7.7851,-0.80176,5.6506,5.1765,-7.1416,3.653,3.0582,11.69,-7.6243,-27.716,-27.242,-24.841
-7.7698,-0.49451,6.1913,5.1253,-7.5061,4.1916,3.1022,12.835,-7.3517,-25.936,-28.532,-24.344
-7.831,-0.3852,6.7146,5.2058,-7.9344,4.5994,3.2128,14.05,-7.0244,-24.085,-29.731,-23.826
-7.9533,-0.38565,7.21,5.3555,-8.3803,4.9047,3.3903,15.306,-6.6746,-22.325,-30.791,-23.334
-8.0687,-0.38363,7.6298,5.4801,-8.7554,5.1397,3.6184,16.569,-6.3319,-20.756,-31.647,-22.914
-8.0795,-0.26027,7.9169,5.4762,-8.9703,5.3405,3.8765,17.815,-6.0114,-19.393,-32.202,-22.597
-7.8931,0.078935,8.0346,5.2602,-8.967,5.538,4.1518,19.036,-5.7102,-18.185,-32.328,-22.385
-7.4607,0.66348,7.9871,4.8008,-8.7394,5.7476,4.449,20.235,-5.4101,-17.057,-31.887,-22.252
-6.8061,1.4334,7.8206,4.1441,-8.3408,5.9658,4.7906,21.424,-5.0855,-15.952,-30.786,-22.163
-6.031,2.2503,7.6046,3.4101,-7.8733,6.1715,5.2077,22.621,-4.7136,-14.852,-29.01,-22.079
-5.2927,2.9342,7.4034,2.7604,-7.4561,6.325,5.7248,23.852,-4.2818,-13.787,-26.627,-21.982
-4.7584,3.3105,7.2534,2.3516,-7.187,6.3721,6.3487,25.145,-3.7909,-12.809,-23.764,-21.877
-4.5519,3.2531,7.1546,2.2933,-7.1129,6.2581,7.0709,26.527,-3.2496,-11.967,-20.582,-21.784
-4.714,2.7177,7.0806,2.6184,-7.2201,5.9526,7.8801,28.016,-2.666,-11.29,-17.266,-21.719
-5.1927,1.7641,6.9984,3.2735,-7.4441,5.4727,8.7764,29.616,-2.0421,-10.783,-14.009,-21.678
-5.8656,0.561,6.8877,4.1303,-7.6968,4.8921,9.7777,31.316,-1.3755,-10.431,-11.0,-21.634
-6.5829,-0.64101,6.7555,5.0186,-7.9058,4.3292,10.917,33.094,-0.66687,-10.203,-8.4048,-21.551
-7.2167,-1.574,6.6474,5.7727,-8.0463,3.9187,12.231,34.925,0.073145,-10.06,-6.3431,-21.4
-7.697,-2.0365,6.641,6.2782,-8.1472,3.7676,13.742,36.801,0.82401,-9.9672,-4.8716,-21.163
-8.0193,-1.9588,6.8048,6.5024,-8.2674,3.9135,15.442,38.735,1.5613,-9.8969,-3.9767,-20.838
-8.2263,-1.43,7.1465,6.497,-8.4583,4.3062,17.284,40.756,2.2649,-9.8349,-3.5832,-20.425
-8.3785,-0.67685,7.5926,6.3711,-8.7319,4.8175,19.194,42.885,2.9257,-9.7772,-3.571,-19.928
-8.5268,0.0097955,8.0095,6.2489,-9.0501,5.2745,21.099,45.124,3.5469,-9.7262,-3.7906,-19.354
-8.6952,0.37657,8.251,6.2302,-9.3368,5.511,22.955,47.435,4.1429,-9.6859,-4.0821,-18.713
-8.8735,0.28042,8.2077,6.3684,-9.5048,5.4149,24.75,49.755,4.735,-9.6583,-4.3007,-18.021
-9.0237,-0.29264,7.8393,6.6621,-9.4887,4.9543,26.488,52.012,5.3482,-9.6409,-4.3402,-17.297
-9.0985,-1.2428,7.1854,7.0617,-9.2708,4.1842,28.164,54.147,6.0074,-9.6231,-4.1418,-16.558
-9.0682,-2.3907,6.3587,7.4921,-8.8954,3.2331,29.753,56.125,6.7321,-9.5865,-3.6929,-15.817
-8.9471,-3.5333,5.5193,7.8866,-8.4616,2.271,31.218,57.932,7.5285,-9.509,-3.0245,-15.082
-8.7992,-4.5029,4.8353,8.2183,-8.0951,1.4636,32.538,59.564,8.3842,-9.3742,-2.2084,-14.36
-8.7189,-5.2049,4.4379,8.5101,-7.908,0.93242,33.729,61.03,9.2723,-9.1771,-1.347,-13.659
-8.7933,-5.6317,4.384,8.8164,-7.9627,0.72528,34.837,62.366,10.161,-8.9249,-0.55492,-12.995
-9.0689,-5.8579,4.6438,9.1917,-8.2545,0.80657,35.924,63.647,11.027,-8.6314,0.06456,-12.383
-9.5351,-6.0025,5.1209,9.6573,-8.7153,1.0782,37.038,64.998,11.859,-8.3126,0.43966,-11.835
-10.127,-6.1557,5.6968,10.183,-9.2369,1.4338,38.193,66.565,12.662,-7.9846,0.543,-11.356
-10.739,-6.3081,6.2719,10.687,-9.709,1.814,39.362,68.471,13.459,-7.6648,0.39421,-10.949
-11.246,-6.3421,6.7864,11.054,-10.059,2.2204,40.482,70.766,14.283,-7.3697,0.052548,-10.614
-11.53,-6.0922,7.2301,11.151,-10.271,2.6929,41.489,73.406,15.175,-7.1105,-0.39914,-10.345
-11.504,-5.4025,7.6419,10.856,-10.38,3.2931,42.346,76.268,16.177,-6.888,-0.876,-10.133
-11.138,-4.1587,8.0897,10.091,-10.44,4.0827,43.073,79.193,17.32,-6.6919,-1.3127,-9.961
-10.466,-2.3399,8.6266,8.8677,-10.496,5.077,43.746,82.042,18.613,-6.5054,-1.6763,-9.808
-9.5837,-0.08506,9.2513,7.3139,-10.567,6.2134,44.467,84.724,20.027,-6.3149,-1.9643,-9.654
-8.6337,2.2915,9.8988,5.6724,-10.641,7.3598,45.323,87.213,21.506,-6.1193,-2.1933,-9.4853
-7.7781,4.3679,10.462,4.2522,-10.699,8.344,46.355,89.541,22.973,-5.9339,-2.3879,-9.3002
-7.1755,5.7403,10.831,3.3436,-10.721,8.9947,47.543,91.782,24.357,-5.7858,-2.5763,-9.1126
-6.9473,6.1466,10.931,3.1299,-10.704,9.1892,48.808,94.042,25.61,-5.7039,-2.7875,-8.9494
-7.1456,5.5191,10.741,3.654,-10.655,8.8854,50.053,96.434,26.721,-5.7068,-3.0476,-8.8408
-7.737,3.9641,10.304,4.8364,-10.591,8.1307,51.203,99.057,27.713,-5.7951,-3.3773,-8.8089
-8.611,1.7276,9.7029,6.4987,-10.526,7.0497,52.238,101.96,28.645,-5.9514,-3.7919,-8.858
-9.604,-0.84608,9.0375,8.3822,-10.463,5.8151,53.199,105.13,29.586,-6.1483,-4.3042,-8.9731
-10.528,-3.3787,8.3866,10.19,-10.38,4.6087,54.153,108.48,30.598,-6.3595,-4.9282,-9.1274
-11.197,-5.5146,7.7841,11.649,-10.227,3.5796,55.154,111.86,31.713,-6.5699,-5.6814,-9.2964
-11.465,-6.9611,7.2157,12.562,-9.9401,2.8129,56.208,115.12,32.921,-6.7791,-6.5867,-9.4691
-11.251,-7.5559,6.6415,12.835,-9.4694,2.3186,57.264,118.18,34.176,-6.9985,-7.6683,-9.6512
-10.566,-7.3323,6.033,12.489,-8.8028,2.056,58.25,121.03,35.42,-7.2406,-8.9442,-9.858
-9.5049,-6.4991,5.399,11.645,-7.9831,1.9691,59.114,123.73,36.609,-7.5061,-10.415,-10.103
-8.231,-5.3333,4.786,10.497,-7.1012,2.0098,59.857,126.38,37.741,-7.7738,-12.053,-10.385
-6.9403,-4.0714,4.2614,9.2595,-6.2701,2.147,60.538,129.09,38.861,-7.9976,-13.804,-10.688
-5.8057,-2.8744,3.8887,8.1268,-5.59,2.3638,61.24,131.94,40.047,-8.1158,-15.593,-10.974
-4.9348,-1.8461,3.704,7.2385,-5.1163,2.6452,62.037,134.99,41.388,-8.0657,-17.344,-11.195
-4.3558,-1.0436,3.7015,6.6539,-4.8432,2.9685,62.956,138.27,42.972,-7.7988,-18.999,-11.302
-4.0345,-0.47818,3.8348,6.359,-4.7092,3.3035,63.992,141.78,44.88,-7.2872,-20.515,-11.259
-3.914,-0.12887,4.034,6.3121,-4.6288,3.6186,65.135,145.53,47.173,-6.5181,-21.86,-11.059
-3.9476,0.042407,4.2338,6.4707,-4.5384,3.8895,66.406,149.52,49.861,-5.4849,-22.986,-10.721
-4.1028,0.085135,4.3974,6.7778,-4.4261,4.1059,67.842,153.77,52.887,-4.1853,-23.822,-10.287
-4.3365,0.056493,4.5181,7.1529,-4.3184,4.2727,69.457,158.27,56.157,-2.6359,-24.275,-9.7948
-4.5756,0.017393,4.6027,7.5043,-4.2343,4.4046,71.225,162.98,59.586,-0.88513,-24.267,-9.2705
-4.7213,0.02767,4.648,7.7427,-4.1525,4.5162,73.102,167.81,63.116,0.99503,-23.753,-8.7208
-4.6715,0.13764,4.6261,7.792,-4.0127,4.6103,75.057,172.65,66.698,2.9319,-22.737,-8.1389
-4.3448,0.37601,4.4837,7.6016,-3.7364,4.6713,77.091,177.41,70.285,4.8732,-21.267,-7.5151
-3.7016,0.73797,4.1595,7.1613,-3.2538,4.667,79.24,182.09,73.846,6.8008,-19.423,-6.8463
-2.7595,1.1794,3.6116,6.5117,-2.5319,4.5602,81.568,186.77,77.377,8.7269,-17.311,-6.1422
-1.5968,1.6242,2.8428,5.7416,-1.5932,4.3245,84.13,191.62,80.882,10.674,-15.058,-5.424
-0.336,1.9868,1.9068,4.9687,-0.51505,3.9568,86.886,196.81,84.345,12.654,-12.803,-4.7186
0.88794,2.1989,0.89069,4.31,0.59583,3.4813,89.652,202.43,87.725,14.661,-10.675,-4.0494
1.9642,2.2275,-0.1176,3.8534,1.6429,2.9394,92.17,208.47,90.968,16.66,-8.7659,-3.4299
2.8343,2.0759,-1.0631,3.6387,2.5752,2.3732,94.291,214.84,94.061,18.593,-7.1081,-2.859
3.5047,1.7745,-1.9452,3.6516,3.4033,1.8091,96.055,221.42,97.074,20.404,-5.689,-2.3197
4.0429,1.366,-2.8183,3.8318,4.1895,1.2495,97.623,228.12,100.14,22.063,-4.47,-1.7799
4.5644,0.88957,-3.7733,4.0908,5.0252,0.67315,99.16,234.85,103.39,23.565,-3.4026,-1.1975
5.2097,0.36919,-4.9089,4.3379,6.0132,0.042453,100.77,241.54,106.87,24.92,-2.4386,-0.53114
6.1116,-0.19092,-6.3049,4.5046,7.2588,-0.68522,102.46,248.21,110.57,26.142,-1.5426,0.2443
7.3558,-0.8025,-8.0145,4.5616,8.8533,-1.5452,104.21,254.91,114.41,27.268,-0.70379,1.1237
8.9523,-1.4828,-10.081,4.5225,10.846,-2.5576,105.99,261.75,118.29,28.346,0.062116,2.0666
10.837,-2.2404,-12.559,4.4326,13.226,-3.7232,107.81,268.83,122.22,29.415,0.72411,3.007
12.899,-3.063,-15.505,4.3479,15.91,-5.0242,109.65,276.18,126.2,30.488,1.256,3.8763
15.016,-3.9124,-18.943,4.3113,18.743,-6.4315,111.52,283.77,130.3,31.571,1.6557,4.6291
17.076,-4.7309,-22.803,4.3376,21.535,-7.9129,113.44,291.49,134.48,32.675,1.9573,5.2611
18.995,-5.4575,-26.852,4.4096,24.166,-9.436,115.52,299.24,138.68,33.817,2.2304,5.8118
20.741,-6.0451,-30.689,4.4858,26.627,-10.964,117.85,306.99,142.8,35.015,2.5682,6.3487
22.34,-6.474,-33.97,4.5131,28.957,-12.454,120.48,314.76,146.8,36.272,3.0652,6.9383
23.868,-6.7579,-36.671,4.4442,31.193,-13.876,123.31,322.55,150.71,37.569,3.7928,7.614
25.418,-6.9405,-39.037,4.2519,33.391,-15.244,126.11,330.35,154.58,38.857,4.7793,8.3564
27.067,-7.084,-41.357,3.9371,35.614,-16.62,128.64,338.08,158.43,40.072,5.9999,9.1
28.836,-7.2497,-43.797,3.5267,37.903,-18.078,130.78,345.62,162.22,41.159,7.383,9.7647
30.684,-7.4768,-46.348,3.0631,40.248,-19.639,132.51,352.92,165.86,42.08,8.8298,10.292
32.498,-7.7704,-48.854,2.5928,42.583,-21.24,133.9,359.97,169.28,42.83,10.235,10.661
34.129,-8.1007,-51.116,2.1572,44.805,-22.758,135.03,366.81,172.45,43.428,11.507,10.891
35.478,-8.4156,-52.983,1.7857,46.815,-24.079,135.98,373.48,175.38,43.914,12.577,11.024
36.592,-8.6584,-54.374,1.4891,48.543,-25.164,136.81,379.97,178.14,44.339,13.402,11.117
37.714,-8.7853,-55.276,1.2521,49.972,-26.065,137.55,386.21,180.73,44.745,13.964,11.236
39.186,-8.7749,-55.783,1.0258,51.13,-26.899,138.22,392.07,183.13,45.158,14.263,11.44
41.229,-8.6288,-56.1,0.71496,52.115,-27.775,138.79,397.41,185.24,45.574,14.309,11.775
43.828,-8.3662,-56.507,0.16056,53.148,-28.743,139.27,402.09,187.03,45.965,14.114,12.264
46.865,-8.0125,-57.287,-0.87548,54.554,-29.793,139.64,406.09,188.49,46.292,13.69,12.92
50.294,-7.5885,-58.661,-2.677,56.607,-30.899,139.88,409.43,189.67,46.52,13.072,13.743
54.115,-7.1039,-60.75,-5.4009,59.377,-32.077,140.01,412.2,190.63,46.638,12.319,14.722
58.226,-6.5583,-63.63,-8.8294,62.787,-33.4,140.02,414.47,191.4,46.663,11.52,15.831
62.484,-5.948,-67.364,-12.461,66.763,-34.968,139.94,416.31,192.01,46.626,10.77,17.042
66.895,-5.2752,-71.944,-15.945,71.272,-36.856,139.77,417.79,192.48,46.552,10.148,18.347
71.572,-4.5577,-77.26,-19.22,76.3,-39.089,139.49,418.98,192.78,46.444,9.6972,19.762
76.604,-3.8349,-83.178,-22.334,81.829,-41.647,139.07,419.91,192.88,46.298,9.414,21.289
81.998,-3.1694,-89.593,-25.312,87.794,-44.472,138.47,420.6,192.74,46.11,9.2496,22.884
87.685,-2.6391,-96.357,-28.136,94.011,-47.467,137.65,421.04,192.29,45.874,9.1184,24.465
93.507,-2.3245,-103.2,-30.758,100.18,-50.521,136.59,421.14,191.49,45.557,8.9171,25.949
99.199,-2.2951,-109.76,-33.099,106.02,-53.539,135.24,420.76,190.31,45.097,8.5504,27.294
104.41,-2.5973,-115.71,-35.046,111.3,-56.471,133.52,419.72,188.78,44.438,7.9552,28.504
108.82,-3.246,-120.8,-36.47,115.86,-59.309,131.34,417.84,186.96,43.55,7.1082,29.614
112.32,-4.2195,-124.87,-37.286,119.48,-62.063,128.63,414.99,184.97,42.439,6.0205,30.672
115.08,-5.4629,-127.91,-37.504,122.09,-64.743,125.4,411.14,182.88,41.13,4.7295,31.745
117.2,-6.8987,-130.25,-37.221,123.95,-67.334,121.67,406.36,180.76,39.663,3.2919,32.911
118.56,-8.4388,-132.38,-36.584,125.48,-69.78,117.49,400.75,178.62,38.091,1.7871,34.236
119.17,-9.9948,-134.57,-35.744,126.99,-72.0,112.92,394.38,176.41,36.484,0.32447,35.714
119.32,-11.488,-136.83,-34.844,128.6,-73.94,108.03,387.29,174.11,34.922,-0.9605,37.247
119.35,-12.856,-139.16,-34.011,130.31,-75.629,102.85,379.45,171.66,33.475,-1.9295,38.703
119.54,-14.059,-141.75,-33.353,132.07,-77.207,97.408,370.87,169.0,32.184,-2.4692,40.0
120.1,-15.069,-144.81,-32.965,133.89,-78.924,91.701,361.61,166.07,31.043,-2.5118,41.131
121.21,-15.871,-148.23,-32.921,135.81,-81.013,85.797,351.81,162.78,30.001,-2.05,42.137
122.89,-16.449,-151.45,-33.257,137.94,-83.33,79.82,341.57,159.1,28.963,-1.149,43.076
125.01,-16.775,-154.0,-33.95,140.34,-85.192,73.952,330.94,155.1,27.841,0.050059,44.003
127.32,-16.793,-155.94,-34.91,142.97,-86.092,68.403,319.89,150.97,26.603,1.3497,44.961
129.52,-16.427,-157.43,-36.005,145.48,-86.256,63.271,308.46,146.86,25.325,2.5443,45.984
131.31,-15.597,-158.17,-37.112,147.24,-85.92,58.433,296.74,142.85,24.179,3.4729,47.102
132.45,-14.231,-157.59,-38.157,147.66,-84.848,53.641,284.88,138.9,23.355,4.0426,48.346
132.72,-12.298,-155.22,-39.115,146.42,-82.7,48.696,272.9,134.95,22.959,4.2297,49.737
131.97,-9.8429,-150.85,-39.988,143.56,-79.242,43.517,260.74,130.94,22.974,4.0849,51.278
130.17,-6.9935,-144.58,-40.763,139.35,-74.366,38.116,248.25,126.83,23.279,3.7536,52.951
127.47,-3.9488,-136.8,-41.396,134.28,-68.229,32.549,235.33,122.56,23.695,3.4701,54.714
124.22,-0.96055,-128.12,-41.83,128.8,-61.305,26.906,221.98,118.07,24.057,3.4843,56.506
120.75,1.7068,-119.17,-42.018,123.24,-54.262,21.334,208.36,113.32,24.269,3.9787,58.247
117.26,3.8298,-110.69,-41.932,117.78,-47.806,16.051,194.79,108.39,24.336,5.0537,59.863
113.76,5.2692,-103.58,-41.561,112.63,-42.557,11.311,181.63,103.44,24.332,6.769,61.304
110.21,5.9891,-98.253,-40.906,107.92,-38.857,7.4031,169.09,98.698,24.365,9.1545,62.561
106.54,6.051,-94.377,-39.996,103.56,-36.601,4.5655,157.15,94.308,24.53,12.173,63.655
102.72,5.5971,-91.243,-38.897,99.304,-35.267,2.713,145.62,90.286,24.876,15.696,64.611
98.769,4.8319,-88.236,-37.709,95.037,-34.054,1.4628,134.25,86.529,25.395,19.538,65.437
94.81,4.0157,-84.886,-36.549,90.943,-32.061,0.45801,122.96,82.886,26.018,23.529,66.12
91.05,3.4656,-80.878,-35.524,87.147,-28.638,-0.50927,111.88,79.23,26.643,27.525,66.628
87.671,3.5098,-76.398,-34.71,83.501,-24.175,-1.5347,101.32,75.506,27.177,31.384,66.92
84.738,4.3279,-72.029,-34.134,79.916,-20.087,-2.6479,91.473,71.752,27.565,34.993,66.965
82.194,5.8204,-68.11,-33.785,76.49,-16.936,-3.8439,82.345,68.05,27.787,38.305,66.76
79.896,7.7134,-64.532,-33.627,73.294,-14.37,-5.1086,73.754,64.463,27.833,41.334,66.325
77.649,9.7408,-60.975,-33.606,70.266,-12.017,-6.4365,65.424,60.981,27.683,44.083,65.683
75.258,11.722,-57.1,-33.659,67.268,-9.6652,-7.8326,57.071,57.513,27.281,46.462,64.843
72.582,13.595,-52.65,-33.716,64.16,-7.2416,-9.3051,48.581,53.933,26.547,48.295,63.79
69.587,15.423,-47.519,-33.704,60.83,-4.7934,-10.863,40.262,50.159,25.412,49.455,62.504
66.335,17.291,-41.818,-33.532,57.224,-2.4475,-12.509,32.787,46.228,23.857,49.957,60.978
62.928,19.102,-35.911,-33.094,53.37,-0.34132,-14.204,26.664,42.291,21.913,49.899,59.24
59.458,20.599,-30.312,-32.311,49.388,1.4187,-15.84,21.876,38.49,19.662,49.397,57.346
55.974,21.557,-25.454,-31.146,45.441,2.7574,-17.257,18.109,34.874,17.257,48.561,55.357
52.482,21.855,-21.504,-29.569,41.677,3.6258,-18.338,15.053,31.435,14.88,47.488,53.312
48.966,21.421,-18.348,-27.532,38.198,4.0112,-19.061,12.486,28.16,12.66,46.251,51.223
45.406,20.201,-15.766,-24.998,35.076,3.9463,-19.481,10.259,25.027,10.624,44.887,49.081
41.796,18.182,-13.666,-21.999,32.342,3.5061,-19.679,8.273,21.982,8.7182,43.402,46.873
38.157,15.48,-12.099,-18.678,29.951,2.801,-19.716,6.4719,18.973,6.8725,41.793,44.6
34.566,12.417,-11.044,-15.273,27.759,1.9748,-19.623,4.8286,16.002,5.046,40.065,42.288
31.171,9.4669,-10.316,-12.038,25.583,1.2001,-19.392,3.3325,13.152,3.2532,38.24,39.989
28.166,7.0992,-9.6817,-9.1826,23.3,0.65604,-19.013,1.9755,10.551,1.5609,36.362,37.774
25.696,5.6544,-8.9711,-6.855,20.923,0.49079,-18.494,0.74287,8.2992,0.058736,34.502,35.711
23.779,5.3139,-8.0848,-5.1436,18.557,0.78917,-17.86,-0.38544,6.4243,-1.1883,32.752,33.827
22.306,6.0781,-6.9827,-4.0693,16.288,1.5579,-17.149,-1.4263,4.8913,-2.1733,31.196,32.102
21.099,7.7418,-5.6738,-3.573,14.134,2.7293,-16.38,-2.3831,3.6417,-2.9405,29.882,30.482
19.978,9.934,-4.2105,-3.5259,12.089,4.178,-15.549,-3.2412,2.6265,-3.5499,28.811,28.926
18.803,12.248,-2.6803,-3.758,10.175,5.7435,-14.63,-3.9711,1.8202,-4.0462,27.961,27.437
17.515,14.354,-1.1898,-4.0834,8.4497,7.255,-13.593,-4.5404,1.2172,-4.4444,27.313,26.064
16.123,16.02,0.15509,-4.3271,6.9642,8.5537,-12.438,-4.927,0.81787,-4.7356,26.856,24.867
14.672,17.096,1.2718,-4.3625,5.73,9.5169,-11.202,-5.1266,0.61276,-4.903,26.587,23.874
13.219,17.52,2.1172,-4.1339,4.7292,10.078,-9.9529,-5.1516,0.57341,-4.9381,26.508,23.063
11.808,17.32,2.6922,-3.6486,3.9323,10.236,-8.7608,-5.0238,0.65488,-4.8504,26.609,22.375
10.443,16.579,3.035,-2.9484,3.3034,10.039,-7.6703,-4.7647,0.80735,-4.6673,26.874,21.738
9.0962,15.414,3.2096,-2.0812,2.7982,9.5665,-6.6915,-4.3884,0.99022,-4.426,27.266,21.083
7.7271,13.949,3.2917,-1.0829,2.3628,8.9181,-5.8056,-3.9089,1.1819,-4.1625,27.732,20.356
6.3118,12.299,3.3542,0.02101,1.9397,8.2066,-4.9778,-3.3425,1.3854,-3.901,28.204,19.521
4.8578,10.571,3.4582,1.194,1.4765,7.5401,-4.1694,-2.7093,1.6162,-3.6501,28.598,18.557
3.4037,8.8722,3.651,2.3684,0.93583,7.0009,-3.3517,-2.0304,1.8945,-3.4057,28.817,17.467
2.0065,7.3459,3.9658,3.45,0.30153,6.6456,-2.517,-1.3239,2.2335,-3.1591,28.759,16.273
0.72572,6.1616,4.4205,4.3453,-0.41977,6.5142,-1.6812,-0.6032,2.6336,-2.9043,28.335,15.002
-0.38837,5.4466,5.0149,4.9889,-1.2012,6.6249,-0.87463,0.12827,3.0815,-2.6448,27.492,13.663
-1.2985,5.23,5.7297,5.3543,-2.0029,6.9634,-0.12795,0.86677,3.5538,-2.3964,26.226,12.238
-1.9821,5.4469,6.5275,5.4515,-2.7825,7.4827,0.53956,1.6043,4.0233,-2.1861,24.572,10.689
-2.4367,5.9793,7.3583,5.3205,-3.5083,8.1139,1.1259,2.3258,4.4625,-2.047,22.589,8.9839
-2.6897,6.6924,8.1696,5.0252,-4.1684,8.7791,1.6457,3.0117,4.8571,-2.0079,20.339,7.1315
-2.8035,7.4502,8.9176,4.6485,-4.7727,9.4048,2.1235,3.6445,5.1985,-2.0835,17.865,5.2041
-2.8685,8.124,9.5777,4.2863,-5.3452,9.9355,2.582,4.2157,5.4833,-2.2701,15.204,3.3281
-2.9822,8.6051,10.148,4.0368,-5.9105,10.339,3.0326,4.7297,5.7096,-2.5467,12.406,1.6378
-3.2254,8.8175,10.642,3.9843,-6.4825,10.606,3.4729,5.2043,5.8787,-2.8813,9.5628,0.2092
-3.646,8.7219,11.078,4.1814,-7.0645,10.741,3.8916,5.6676,6.0003,-3.2382,6.7969,-0.96435
-4.2554,8.3117,11.468,4.6389,-7.6534,10.76,4.2767,6.1473,6.0968,-3.5845,4.215,-1.9442
-5.0318,7.6069,11.81,5.3271,-8.2409,10.678,4.6239,6.6632,6.2013,-3.8984,1.8684,-2.7987
-5.9205,6.6539,12.085,6.1824,-8.8075,10.503,4.9413,7.2183,6.3518,-4.1719,-0.24738,-3.5718
-6.8334,5.5268,12.254,7.1141,-9.3134,10.23,5.2501,7.7992,6.585,-4.408,-2.1677,-4.2806
-7.6541,4.3222,12.266,8.0161,-9.6974,9.8473,5.5823,8.3847,6.9284,-4.6136,-3.9323,-4.9246
-8.2575,3.1493,12.077,8.7804,-9.8882,9.3532,5.9751,8.9639,7.3978,-4.7891,-5.5649,-5.4945
-8.5386,2.1153,11.665,9.3127,-9.8252,8.7695,6.4619,9.5439,7.9857,-4.9215,-7.0619,-5.9772
-8.4378,1.3085,11.04,9.5475,-9.4781,8.135,7.0576,10.147,8.6651,-4.9841,-8.3835,-6.3573
-7.9543,0.78538,10.243,9.4575,-8.8572,7.494,7.7422,10.794,9.3909,-4.9459,-9.4586,-6.6205
-7.1432,0.56685,9.3359,9.0561,-8.01,6.8892,8.4507,11.489,10.111,-4.7857,-10.202,-6.7624
-6.098,0.63932,8.3963,8.392,-7.0105,6.3574,9.0848,12.206,10.778,-4.5032,-10.54,-6.7942
-4.9264,0.96261,7.4972,7.5364,-5.9441,5.9246,9.5516,12.896,11.358,-4.1196,-10.426,-6.7429
-3.729,1.48,6.6899,6.5674,-4.8951,5.6017,9.8118,13.507,11.84,-3.669,-9.8539,-6.6458
-2.5844,2.1259,5.9979,5.5576,-3.9346,5.3846,9.8955,14.005,12.232,-3.1866,-8.8571,-6.5406
-1.5425,2.8287,5.4237,4.571,-3.1117,5.2567,9.8692,14.385,12.562,-2.7012,-7.5031,-6.4586
-0.6341,3.5105,4.9567,3.6672,-2.4461,5.1924,9.7826,14.664,12.857,-2.2346,-5.8898,-6.4213
0.10614,4.0872,4.5784,2.9074,-1.9302,5.1628,9.64,14.87,13.138,-1.8031,-4.1361,-6.4424
0.62061,4.4733,4.2722,2.3606,-1.5516,5.1416,9.4114,15.024,13.409,-1.4169,-2.3678,-6.5283
0.83018,4.5909,4.0395,2.1025,-1.321,5.11,9.0611,15.131,13.66,-1.078,-0.70287,-6.6804
0.65221,4.3851,3.9117,2.2007,-1.2817,5.0584,8.5724,15.182,13.872,-0.77867,0.75675,-6.8937
0.027535,3.8367,3.9408,2.6942,-1.4906,4.9847,7.9574,15.161,14.023,-0.50731,1.9336,-7.1596
-1.0495,2.9663,4.1653,3.5757,-1.9839,4.8886,7.2562,15.056,14.09,-0.26069,2.7817,-7.4744
-2.506,1.8283,4.572,4.7838,-2.7391,4.762,6.5281,14.868,14.052,-0.050564,3.2844,-7.8441
-4.184,0.50027,5.0784,6.2039,-3.6578,4.581,5.8407,14.613,13.894,0.097475,3.4437,-8.2811
-5.8648,-0.92717,5.5472,7.6827,-4.5819,4.3061,5.2572,14.316,13.614,0.15496,3.275,-8.7924
-7.3171,-2.3575,5.8271,9.0551,-5.3365,3.8963,4.824,14.003,13.225,0.1061,2.8131,-9.3659
-8.3515,-3.6954,5.8055,10.175,-5.7827,3.3315,4.5602,13.693,12.758,-0.041127,2.1199,-9.965
-8.8618,-4.8554,5.4496,10.94,-5.8605,2.6311,4.4558,13.399,12.254,-0.25582,1.2884,-10.532
-8.8415,-5.7696,4.8167,11.304,-5.6043,1.8577,4.4789,13.126,11.751,-0.49677,0.4349,-11.004
-8.3733,-6.3926,4.0313,11.28,-5.124,1.1051,4.5901,12.874,11.27,-0.72813,-0.31456,-11.33
-7.6044,-6.6995,3.2418,10.926,-4.5596,0.47562,4.7568,12.638,10.81,-0.9287,-0.84423,-11.489
-6.7074,-6.6856,2.5751,10.336,-4.0277,0.056177,4.9606,12.417,10.353,-1.0929,-1.0684,-11.485
-5.8267,-6.3691,2.1076,9.6156,-3.5867,-0.10169,5.1957,12.206,9.8861,-1.2269,-0.94436,-11.343
-5.0454,-5.7959,1.8572,8.8595,-3.2368,0.009085,5.4609,12.001,9.4053,-1.3442,-0.47503,-11.09
-4.3876,-5.0352,1.7956,8.1356,-2.9502,0.35351,5.7509,11.798,8.9198,-1.4612,0.29543,-10.755
-3.8427,-4.1658,1.8723,7.474,-2.7047,0.86762,6.0494,11.593,8.441,-1.5912,1.2868,-10.363
-3.3916,-3.2549,2.0382,6.8698,-2.4973,1.4787,6.329,11.377,7.9747,-1.739,2.3902,-9.9403
-3.0139,-2.3433,2.2553,6.295,-2.3344,2.1215,6.558,11.141,7.5181,-1.8992,3.4784,-9.5083
-2.6765,-1.442,2.4932,5.709,-2.2117,2.7474,6.7085,10.869,7.0612,-2.0559,4.4237,-9.086
-2.3261,-0.53538,2.7231,5.0711,-2.1034,3.3262,6.7639,10.547,6.5866,-2.1934,5.1185,-8.6889
-1.9015,0.4088,2.9173,4.3524,-1.9702,3.844,6.722,10.167,6.0716,-2.3097,5.4904,-8.3341
-1.3542,1.4175,3.0506,3.5399,-1.7762,4.2954,6.5939,9.7227,5.4938,-2.4214,5.509,-8.0444
-0.6706,2.4784,3.1029,2.6472,-1.5014,4.6751,6.401,9.2172,4.8409,-2.5589,5.1805,-7.8457
0.10904,3.5194,3.064,1.7304,-1.1492,4.9726,6.1711,8.6553,4.1187,-2.7516,4.5321,-7.7579
0.89028,4.4203,2.9399,0.8874,-0.75169,5.17,5.9337,8.0461,3.3511,-3.0126,3.5997,-7.7843
1.5434,5.0436,2.7529,0.23663,-0.36834,5.2431,5.7133,7.4017,2.5704,-3.3314,2.4248,-7.9087
1.9334,5.2659,2.534,-0.11014,-0.074023,5.1651,5.523,6.7345,1.8041,-3.6807,1.06,-8.101
1.9566,5.0045,2.3095,-0.073201,0.06569,4.9129,5.3617,6.0545,1.0652,-4.0312,-0.42784,-8.3254
1.5761,4.2426,2.0897,0.37215,0.020414,4.4768,5.2178,5.3674,0.35087,-4.3643,-1.9589,-8.5534
0.8442,3.0489,1.8642,1.1785,-0.19057,3.8693,5.0754,4.6724,-0.35272,-4.677,-3.4494,-8.7654
-0.10316,1.5768,1.608,2.2262,-0.50232,3.1291,4.9208,3.9667,-1.062,-4.9787,-4.8231,-8.9515
-1.0828,0.033394,1.2945,3.3455,-0.82505,2.3162,4.7467,3.2461,-1.7894,-5.2836,-6.0232,-9.106
-1.9158,-1.3727,0.90918,4.3578,-1.0728,1.4985,4.5517,2.5062,-2.5401,-5.6042,-7.0206,-9.2223
-2.4767,-2.4845,0.45598,5.1227,-1.1883,0.73468,4.3377,1.7403,-3.3104,-5.9468,-7.8175,-9.2923
-2.7243,-3.2347,-0.044731,5.5765,-1.1556,0.058458,4.1067,0.93801,-4.0907,-6.3104,-8.4451,-9.3107
-2.7058,-3.6632,-0.56402,5.7472,-0.99911,-0.5276,3.8581,0.085573,-4.8709,-6.6866,-8.9533,-9.2792
-2.5326,-3.9061,-1.0726,5.7385,-0.77001,-1.048,3.5899,-0.83043,-5.6445,-7.0604,-9.3935,-9.2094
-2.3397,-4.1467,-1.5473,5.6874,-0.52779,-1.5418,3.3013,-1.8161,-6.4128,-7.4175,-9.7983,-9.1179
-2.245,-4.5486,-1.9758,5.7232,-0.32373,-2.0494,2.9948,-2.8631,-7.181,-7.7469,-10.171,-9.0198
-2.3195,-5.2074,-2.3563,5.9403,-0.1934,-2.6049,2.6747,-3.9434,-7.951,-8.0492,-10.497,-8.9255
-2.5776,-6.1377,-2.6829,6.3783,-0.15632,-3.2269,2.3438,-5.0088,-8.715,-8.3375,-10.763,-8.8442
-2.9848,-7.2802,-2.9267,7.0115,-0.21775,-3.8938,2.0014,-6.0001,-9.4543,-8.6339,-10.963,-8.7893
-3.4831,-8.4971,-3.0308,7.7568,-0.37221,-4.5153,1.6423,-6.8614,-10.144,-8.9612,-11.093,-8.7802
-4.0196,-9.5691,-2.9302,8.4933,-0.61336,-4.9397,1.258,-7.5562,-10.756,-9.3321,-11.13,-8.8401
-4.5604,-10.233,-2.5721,9.0836,-0.94788,-5.0062,0.84189,-8.0756,-11.265,-9.7425,-11.042,-8.9898
-5.0822,-10.255,-1.9154,9.3968,-1.3997,-4.5987,0.39673,-8.4344,-11.653,-10.17,-10.811,-9.2405
-5.5542,-9.492,-0.92729,9.3312,-1.993,-3.6655,-0.06037,-8.6598,-11.916,-10.582,-10.463,-9.5885
-5.9248,-7.9267,0.38806,8.8354,-2.7206,-2.2235,-0.49916,-8.7757,-12.068,-10.945,-10.074,-10.012
-6.1235,-5.6677,1.9506,7.9187,-3.5189,-0.36729,-0.88286,-8.7983,-12.142,-11.235,-9.7709,-10.474
-6.076,-2.9325,3.5991,6.6491,-4.2723,1.7242,-1.1784,-8.7369,-12.177,-11.444,-9.6993,-10.928
-5.7236,-0.018198,5.1208,5.1401,-4.8417,3.8049,-1.3677,-8.5972,-12.2,-11.578,-9.9938,-11.331
-5.0409,2.7424,6.2978,3.5335,-5.0989,5.6087,-1.4558,-8.3862,-12.221,-11.654,-10.747,-11.657
-4.0499,5.0417,6.9578,1.9808,-4.9583,6.9098,-1.4685,-8.1116,-12.224,-11.698,-11.983,-11.902
-2.8271,6.6592,7.0147,0.62214,-4.3999,7.5708,-1.4411,-7.7776,-12.181,-11.73,-13.644,-12.076
-1.4983,7.4912,6.4853,-0.43302,-3.4783,7.5642,-1.403,-7.379,-12.069,-11.756,-15.601,-12.187
-0.21822,7.5399,5.4807,-1.1173,-2.314,6.9625,-1.3665,-6.9019,-11.883,-11.758,-17.687,-12.232
0.8576,6.8905,4.1754,-1.408,-1.0685,5.9078,-1.3232,-6.3332,-11.64,-11.705,-19.747,-12.187
1.6038,5.6996,2.7629,-1.3287,0.090237,4.5731,-1.2483,-5.6736,-11.373,-11.568,-21.675,-12.014
1.9555,4.1782,1.4076,-0.94838,1.0243,3.1254,-1.1144,-4.9461,-11.114,-11.333,-23.417,-11.676
1.9288,2.5472,0.20554,-0.36644,1.6565,1.7,-0.908,-4.1941,-10.883,-11.008,-24.914,-11.157
1.6128,0.98112,-0.82686,0.31574,1.9835,0.37848,-0.63866,-3.472,-10.688,-10.621,-26.039,-10.477
1.1295,-0.43776,-1.7206,1.0258,2.0636,-0.83139,-0.33351,-2.8313,-10.523,-10.204,-26.601,-9.6898
0.57963,-1.7349,-2.5106,1.7411,1.9859,-1.9736,-0.022688,-2.308,-10.375,-9.7815,-26.411,-8.8632
0.0051475,-3.0037,-3.2224,2.4903,1.8312,-3.0913,0.27235,-1.9113,-10.22,-9.3623,-25.343,-8.0615
-0.61964,-4.3445,-3.8713,3.3332,1.6403,-4.1988,0.54365,-1.6214,-10.04,-8.9392,-23.373,-7.328
-1.3666,-5.8294,-4.4527,4.331,1.4056,-5.2892,0.79587,-1.3957,-9.8264,-8.4992,-20.603,-6.6777
-2.3115,-7.4834,-4.9327,5.5224,1.0848,-6.3387,1.0405,-1.1851,-9.5884,-8.0352,-17.261,-6.0989
-3.492,-9.2764,-5.2578,6.9098,0.63105,-7.3005,1.2866,-0.9491,-9.3476,-7.5521,-13.636,-5.5662
-4.881,-11.129,-5.383,8.4442,0.027251,-8.1117,1.5309,-0.6698,-9.1256,-7.0668,-10.027,-5.0589
-6.3803,-12.926,-5.3002,10.018,-0.69204,-8.7199,1.7551,-0.35112,-8.929,-6.6033,-6.7047,-4.575
-7.8355,-14.524,-5.0461,11.472,-1.4444,-9.1024,1.9307,-0.0097053,-8.7437,-6.186,-3.8978,-4.1315
-9.0678,-15.753,-4.6879,12.631,-2.1235,-9.2613,2.0305,0.33775,-8.5397,-5.8337,-1.7742,-3.754
-9.9123,-16.44,-4.2969,13.336,-2.6307,-9.2052,2.0395,0.68366,-8.2842,-5.5524,-0.41483,-3.4671
-10.253,-16.453,-3.9253,13.479,-2.9031,-8.939,1.9591,1.0319,-7.9557,-5.3327,0.19786,-3.2869
-10.042,-15.739,-3.5921,13.023,-2.9276,-8.4659,1.8046,1.3936,-7.5524,-5.1536,0.16563,-3.2145
-9.3098,-14.341,-3.2856,12.008,-2.737,-7.7949,1.5979,1.7785,-7.0912,-4.9943,-0.35806,-3.228
-8.154,-12.386,-2.9783,10.549,-2.3924,-6.9469,1.3609,2.1874,-6.5972,-4.8461,-1.2037,-3.2858
-6.7303,-10.068,-2.6467,8.8125,-1.9612,-5.9564,1.1118,2.6089,-6.0925,-4.7162,-2.2155,-3.3408
-5.2174,-7.6188,-2.2851,6.9854,-1.5006,-4.8719,0.86558,3.0237,-5.5865,-4.6216,-3.2681,-3.3592
-3.7791,-5.269,-1.9068,5.2418,-1.0522,-3.7568,0.63455,3.411,-5.0761,-4.5766,-4.2656,-3.3313
-2.5401,-3.2044,-1.5351,3.714,-0.6467,-2.6832,0.42967,3.7549,-4.5521,-4.5825,-5.1325,-3.2697
-1.5802,-1.5399,-1.1913,2.4827,-0.31181,-1.719,0.26181,4.0488,-4.0099,-4.6234,-5.8061,-3.199
-0.94155,-0.31782,-0.88652,1.5873,-0.074084,-0.91463,0.14338,4.2945,-3.459,-4.6699,-6.2383,-3.1417
-0.63265,0.47077,-0.62009,1.0352,0.047261,-0.29726,0.088677,4.4995,-2.9255,-4.6888,-6.403,-3.1081
-0.62721,0.85681,-0.38314,0.80354,0.048428,0.12768,0.11186,4.6732,-2.447,-4.6549,-6.3029,-3.0915
-0.86616,0.87735,-0.16721,0.84635,-0.055719,0.37013,0.22269,4.8238,-2.0589,-4.5585,-5.9694,-3.0704
-1.2737,0.57624,0.026713,1.1094,-0.23571,0.44639,0.42113,4.9564,-1.7822,-4.4062,-5.4588,-3.0164
-1.7802,0.0061926,0.18419,1.5448,-0.45583,0.37099,0.69305,5.0723,-1.6169,-4.2174,-4.8443,-2.9046
-2.3381,-0.77621,0.28328,2.1181,-0.68334,0.15455,1.0097,5.1696,-1.5466,-4.0175,-4.2071,-2.7235
-2.924,-1.7156,0.30882,2.8059,-0.89777,-0.19,1.3329,5.2443,-1.5496,-3.8316,-3.6265,-2.4802
-3.5288,-2.7512,0.26756,3.5821,-1.0978,-0.63539,1.6238,5.293,-1.6099,-3.6792,-3.1711,-2.1989
-4.1417,-3.7996,0.19471,4.3992,-1.3005,-1.1296,1.8516,5.3159,-1.7239,-3.5702,-2.8914,-1.9116
-4.7366,-4.7467,0.14694,5.1793,-1.5299,-1.5954,1.9989,5.3159,-1.9003,-3.504,-2.815,-1.6483
-5.2667,-5.46,0.18319,5.8232,-1.8017,-1.9436,2.0617,5.297,-2.154,-3.4716,-2.9435,-1.4301
-5.6741,-5.8185,0.34179,6.2336,-2.1098,-2.096,2.0455,5.2605,-2.4983,-3.4611,-3.2536,-1.2686
-5.9042,-5.7441,0.62487,6.3424,-2.4229,-2.0084,1.9605,5.2037,-2.9352,-3.4627,-3.7008,-1.1671
-5.9225,-5.224,0.99852,6.1305,-2.6932,-1.6833,1.8172,5.1226,-3.4498,-3.4718,-4.2273,-1.1203
-5.7293,-4.3193,1.408,5.6358,-2.8753,-1.1669,1.6236,5.0167,-4.0091,-3.4884,-4.7696,-1.1144
-5.3672,-3.1561,1.7993,4.9465,-2.9474,-0.53314,1.3849,4.8935,-4.5683,-3.516,-5.264,-1.133
-4.9161,-1.9002,2.1356,4.1818,-2.9214,0.13521,1.1049,4.7695,-5.0814,-3.5575,-5.6496,-1.1655
-4.472,-0.72285,2.4006,3.4652,-2.8344,0.76087,0.78917,4.6684,-5.5117,-3.611,-5.872,-1.2126
-4.1182,0.2296,2.5896,2.8968,-2.7273,1.2789,0.44735,4.6168,-5.8386,-3.6651,-5.8891,-1.2823
-3.8982,0.85917,2.695,2.5338,-2.6218,1.6396,0.096119,4.6393,-6.0569,-3.6973,-5.6782,-1.3813
-3.8044,1.1275,2.6965,2.3823,-2.5101,1.8097,-0.23925,4.7508,-6.1716,-3.678,-5.242,-1.511
-3.7837,1.0518,2.5601,2.4037,-2.3588,1.7727,-0.52608,4.95,-6.1906,-3.58,-4.6133,-1.6678
-3.7596,0.68827,2.2484,2.5317,-2.1245,1.5265,-0.73025,5.2146,-6.123,-3.3903,-3.8534,-1.845
-3.6622,0.11228,1.7389,2.6946,-1.7752,1.0824,-0.82434,5.5036,-5.9833,-3.1175,-3.0439,-2.0335
-3.454,-0.59491,1.042,2.8367,-1.3085,0.46617,-0.79323,5.7679,-5.794,-2.7902,-2.2742,-2.2208
-3.144,-1.3564,0.20743,2.9336,-0.75955,-0.28104,-0.63604,5.9643,-5.5826,-2.4446,-1.6265,-2.3898
-2.7881,-2.1094,-0.68342,2.9956,-0.19449,-1.1044,-0.36607,6.07,-5.3705,-2.1085,-1.1646,-2.5197
-2.4766,-2.8143,-1.5362,3.0592,0.30529,-1.9418,-0.0081769,6.0912,-5.1639,-1.7921,-0.92594,-2.5932
-2.3114,-3.4601,-2.2639,3.1733,0.66344,-2.7337,0.40817,6.0548,-4.9518,-1.4891,-0.91618,-2.6067
-2.3763,-4.0644,-2.8045,3.3912,0.82669,-3.434,0.85583,5.9986,-4.715,-1.1872,-1.1097,-2.5754
-2.7137,-4.6677,-3.1304,3.7683,0.77599,-4.0167,1.31,5.9569,-4.4372,-0.87743,-1.4548,-2.5296
-3.3185,-5.322,-3.2499,4.3551,0.52713,-4.4787,1.7431,5.9511,-4.1135,-0.55718,-1.885,-2.5027
-4.1496,-6.0765,-3.1995,5.182,0.12033,-4.8384,2.1214,5.9858,-3.7533,-0.22912,-2.3328,-2.5181
-5.1495,-6.9664,-3.0331,6.2445,-0.39517,-5.1318,2.4082,6.0512,-3.3782,0.099677,-2.7444,-2.5809
-6.2567,-8.0045,-2.8095,7.496,-0.97056,-5.4014,2.5716,6.1273,-3.0158,0.41722,-3.09,-2.6773
-7.4,-9.165,-2.5807,8.8381,-1.5553,-5.6773,2.5934,6.1899,-2.6936,0.70841,-3.3705,-2.7816
-8.4777,-10.355,-2.3834,10.119,-2.0908,-5.9576,2.4754,6.2174,-2.4311,0.96168,-3.6215,-2.8668
-9.3483,-11.398,-2.2358,11.152,-2.5107,-6.2002,2.2415,6.1958,-2.2317,1.1773,-3.9128,-2.9168
-9.8517,-12.071,-2.1429,11.757,-2.7483,-6.3343,1.9318,6.12,-2.0807,1.3704,-4.3375,-2.9337
-9.8502,-12.165,-2.1037,11.792,-2.7479,-6.2868,1.5932,5.991,-1.9491,1.5634,-4.9846,-2.9348
-9.2657,-11.545,-2.1151,11.185,-2.4769,-6.0076,1.2652,5.8118,-1.8037,1.774,-5.9061,-2.9418
-8.1035,-10.183,-2.1682,9.9566,-1.94,-5.4851,0.97058,5.5872,-1.6176,2.004,-7.0994,-2.9663
-6.4646,-8.1703,-2.2465,8.2188,-1.1871,-4.748,0.71261,5.3259,-1.376,2.2372,-8.5096,-3.0054
-4.5389,-5.7045,-2.3291,6.1689,-0.30846,-3.8601,0.47917,5.0446,-1.075,2.4459,-10.051,-3.0447
-2.5746,-3.0628,-2.3974,4.0583,0.58345,-2.91,0.24916,4.7701,-0.71591,2.6029,-11.638,-3.0659
-0.82416,-0.55942,-2.4425,2.1477,1.3776,-2.0005,-0.00037991,4.5373,-0.30119,2.6923,-13.203,-3.0514
0.51181,1.5072,-2.4701,0.65571,1.9872,-1.2353,-0.28324,4.3834,0.16288,2.7133,-14.676,-2.9892
1.3206,2.9076,-2.4989,-0.27918,2.3641,-0.70458,-0.59133,4.3379,0.65921,2.6758,-15.947,-2.8765
1.5826,3.517,-2.555,-0.60942,2.5037,-0.4713,-0.89091,4.4115,1.1551,2.5906,-16.853,-2.7228
1.3557,3.3208,-2.6653,-0.36624,2.4409,-0.56181,-1.1348,4.5934,1.6054,2.461,-17.21,-2.5495
0.75289,2.3962,-2.8535,0.35989,2.2394,-0.96696,-1.2832,4.8508,1.9617,2.2779,-16.872,-2.3854
-0.08081,0.89223,-3.1404,1.4378,1.9757,-1.6512,-1.3161,5.1387,2.1863,2.0206,-15.772,-2.2568
-0.99726,-0.99887,-3.5401,2.7193,1.7184,-2.5619,-1.2317,5.4135,2.2631,1.6653,-13.934,-2.1786
-1.8803,-3.0811,-4.0468,4.0716,1.51,-3.6314,-1.0385,5.647,2.2055,1.199,-11.472,-2.148
-2.6707,-5.1744,-4.6196,5.3977,1.3554,-4.7719,-0.74789,5.8344,2.0535,0.63187,-8.5806,-2.1483
-3.3636,-7.1078,-5.1787,6.6287,1.2256,-5.8719,-0.37102,5.9933,1.8609,-0.0019157,-5.5023,-2.1582
-3.9838,-8.7231,-5.6207,7.7055,1.0713,-6.8051,0.081031,6.1537,1.6767,-0.65428,-2.493,-2.1608
-4.563,-9.9006,-5.844,8.5762,0.84162,-7.4535,0.59339,6.3409,1.5291,-1.2785,0.21493,-2.1487
-5.1257,-10.581,-5.7745,9.206,0.4981,-7.735,1.1424,6.5609,1.4159,-1.8402,2.4366,-2.1229
-5.6815,-10.763,-5.3844,9.5844,0.025261,-7.6236,1.6942,6.7955,1.3086,-2.3222,4.0519,-2.0886
-6.2222,-10.482,-4.6989,9.7235,-0.56429,-7.1498,2.2087,7.0093,1.1671,-2.7231,5.0197,-2.0502
-6.7243,-9.7996,-3.7906,9.6523,-1.231,-6.3853,2.6479,7.1639,0.95978,-3.0528,5.3809,-2.0084
-7.1536,-8.7999,-2.7628,9.4092,-1.9162,-5.422,2.9837,7.2315,0.67756,-3.3264,5.2401,-1.961
-7.4727,-7.5866,-1.7256,9.0363,-2.5553,-4.3531,3.2033,7.2015,0.33547,-3.5586,4.7275,-1.9047
-7.6493,-6.2747,-0.77027,8.577,-3.0924,-3.2636,3.3094,7.0779,-0.037312,-3.7586,3.9665,-1.8379
-7.666,-4.9784,0.04656,8.0724,-3.4921,-2.2282,3.3144,6.8703,-0.41056,-3.9288,3.0572,-1.7626
-7.5272,-3.7954,0.70063,7.5599,-3.7426,-1.312,3.2325,6.5848,-0.76205,-4.0665,2.0778,-1.6863
-7.2585,-2.7983,1.184,7.0718,-3.8469,-0.56884,3.0732,6.2203,-1.0796,-4.1689,1.0952,-1.623
-6.8956,-2.039,1.4886,6.6348,-3.8107,-0.042938,2.8389,5.7726,-1.3581,-4.2364,0.17318,-1.5922
-6.47,-1.5559,1.5972,6.2687,-3.6353,0.22888,2.5277,5.2451,-1.5955,-4.2754,-0.626,-1.6141
-5.9981,-1.3682,1.4837,5.983,-3.3179,0.22265,2.1405,4.657,-1.7897,-4.2982,-1.2486,-1.7057
-5.4818,-1.4644,1.1277,5.7723,-2.8581,-0.062103,1.6869,4.0439,-1.9378,-4.3211,-1.6581,-1.8771
-4.9166,-1.7962,0.53814,5.6176,-2.2707,-0.59399,1.1894,3.448,-2.0374,-4.361,-1.8418,-2.1314
-4.3057,-2.2832,-0.22891,5.4913,-1.5973,-1.3054,0.6819,2.9032,-2.0894,-4.432,-1.8126,-2.467
-3.674,-2.826,-1.0725,5.3702,-0.90922,-2.0955,0.20499,2.4228,-2.1018,-4.542,-1.6089,-2.8809
-3.0778,-3.3279,-1.8641,5.2495,-0.2981,-2.8452,-0.20376,1.9972,-2.0901,-4.6905,-1.2903,-3.3722
-2.6031,-3.717,-2.4726,5.1531,0.14281,-3.4407,-0.51939,1.6019,-2.0722,-4.8677,-0.93073,-3.9434
-2.3498,-3.9617,-2.7918,5.1319,0.33831,-3.7981,-0.73575,1.2135,-2.0589,-5.0554,-0.60769,-4.5956
-2.4065,-4.0746,-2.7629,5.2505,0.24701,-3.8791,-0.86319,0.8244,-2.046,-5.2319,-0.39009,-5.322
-2.8234,-4.1038,-2.3834,5.5656,-0.13218,-3.6943,-0.9187,0.4491,-2.0148,-5.3785,-0.32619,-6.1001
-3.5927,-4.1112,-1.7025,6.1033,-0.76436,-3.2918,-0.91478,0.11901,-1.94,-5.4862,-0.43703,-6.8892
-4.6459,-4.1442,-0.80686,6.842,-1.5882,-2.7396,-0.85323,-0.13073,-1.8041,-5.5577,-0.71793,-7.6363
-5.863,-4.2133,0.19476,7.7045,-2.5214,-2.1088,-0.72751,-0.27476,-1.6076,-5.6026,-1.1459,-8.29
-7.0819,-4.2838,1.1858,8.5641,-3.4607,-1.4611,-0.53017,-0.3053,-1.3694,-5.6289,-1.6855,-8.8106
-8.1091,-4.2835,2.057,9.2639,-4.2842,-0.84173,-0.26339,-0.23246,-1.1158,-5.6344,-2.2892,-9.1701
-8.7468,-4.124,2.7197,9.6475,-4.8683,-0.27877,0.055504,-0.078348,-0.86576,-5.6041,-2.8953,-9.3469
-8.8336,-3.7256,3.1131,9.5913,-5.111,0.21183,0.39598,0.13137,-0.62067,-5.5134,-3.4323,-9.3218
-8.2829,-3.0421,3.2036,9.0327,-4.9526,0.6189,0.72136,0.37603,-0.36631,-5.3365,-3.8303,-9.0776
-7.1063,-2.081,2.9868,7.9894,-4.388,0.93213,0.99688,0.64047,-0.083567,-5.0552,-4.0357,-8.6016
-5.4206,-0.9152,2.4939,6.5633,-3.4712,1.1436,1.1958,0.91482,0.23959,-4.6637,-4.025,-7.8925
-3.431,0.32565,1.7931,4.9253,-2.3093,1.2514,1.3024,1.1914,0.60183,-4.1693,-3.8131,-6.9686
-1.3861,1.4852,0.97943,3.2817,-1.0447,1.2609,1.3122,1.4631,0.99054,-3.5877,-3.4531,-5.87
0.47902,2.4231,0.15687,1.8293,0.17157,1.1853,1.2308,1.7236,1.389,-2.936,-3.026,-4.6539
1.9888,3.05,-0.58011,0.71184,1.2092,1.0448,1.0716,1.9692,1.7843,-2.2271,-2.6214,-3.385
3.0509,3.3438,-1.1602,-0.0043571,1.9809,0.86825,0.85247,2.2,2.172,-1.4674,-2.3188,-2.1282
3.6535,3.347,-1.5407,-0.33173,2.4506,0.69532,0.59491,2.4222,2.5572,-0.65749,-2.1742,-0.94406
3.8515,3.1564,-1.7042,-0.35118,2.627,0.57713,0.32489,2.6513,2.9524,0.20463,-2.2122,0.11624
3.755,2.9137,-1.6494,-0.19459,2.5505,0.57347,0.075874,2.9117,3.3742,1.1177,-2.422,1.0196
3.5149,2.7953,-1.3808,-0.017107,2.2775,0.74434,-0.1107,3.2328,3.8398,2.0721,-2.7541,1.7597
3.2822,2.9834,-0.90531,0.03281,1.8691,1.1375,-0.19001,3.6411,4.364,3.0492,-3.124,2.3577
3.1534,3.6151,-0.23496,-0.16168,1.3822,1.774,-0.1214,4.1526,4.9577,4.0266,-3.4273,2.8471
3.145,4.7292,0.60733,-0.66132,0.8646,2.6357,0.12621,4.7704,5.6303,4.9898,-3.5647,3.2486
3.216,6.2497,1.5885,-1.4533,0.35145,3.6669,0.57593,5.4877,6.3936,5.9413,-3.4635,3.555
3.3143,8.0335,2.6778,-2.4606,-0.1372,4.7982,1.255,6.2919,7.2648,6.9009,-3.0883,3.742
3.407,9.9727,3.8694,-3.5783,-0.60299,5.9977,2.2131,7.168,8.2655,7.8986,-2.4414,3.7951
3.4784,12.1,5.2106,-4.7181,-1.0776,7.3392,3.5472,8.1006,9.4165,8.9639,-1.557,3.7284
3.5135,14.614,6.8274,-5.846,-1.6208,9.0564,5.4021,9.0743,10.731,10.119,-0.495,3.5871
3.4867,17.754,8.9082,-7.0105,-2.3034,11.495,7.9093,10.075,12.208,11.378,0.66968,3.4409
3.365,21.536,11.564,-8.3466,-3.1815,14.788,11.082,11.092,13.835,12.749,1.8625,3.3682
3.1175,25.646,14.648,-10.034,-4.2792,18.555,14.767,12.117,15.583,14.231,3.0274,3.4401
2.7299,29.753,17.956,-12.198,-5.5894,22.413,18.685,13.14,17.413,15.818,4.1407,3.7075
2.2123,33.793,21.579,-14.771,-7.0828,26.429,22.522,14.141,19.277,17.487,5.2169,4.1934
1.6029,37.857,25.766,-17.461,-8.7114,30.742,25.997,15.082,21.116,19.205,6.304,4.8898
0.96591,42.007,30.677,-19.941,-10.403,35.303,28.916,15.907,22.872,20.929,7.4687,5.7593
0.38447,46.229,36.3,-22.074,-12.06,40.004,31.189,16.564,24.492,22.621,8.7782,6.7425
-0.046596,50.471,42.445,-23.92,-13.57,44.818,32.822,17.013,25.94,24.246,10.285,7.7722
-0.23215,54.678,48.719,-25.608,-14.827,49.745,33.901,17.241,27.197,25.779,12.016,8.7902
-0.090484,58.778,54.524,-27.242,-15.757,54.643,34.563,17.258,28.258,27.193,13.974,9.7587
0.42948,62.646,59.14,-28.873,-16.316,59.092,34.918,17.081,29.122,28.457,16.137,10.661
1.3328,66.053,61.946,-30.501,-16.482,62.472,34.877,16.721,29.785,29.539,18.466,11.489
2.5723,68.659,62.617,-32.067,-16.238,64.261,34.024,16.178,30.23,30.401,20.907,12.237
4.0508,70.091,61.184,-33.468,-15.573,64.29,31.921,15.446,30.424,31.013,23.397,12.892
5.6313,70.139,57.98,-34.585,-14.502,62.753,28.628,14.526,30.326,31.344,25.848,13.439
7.1609,68.901,53.545,-35.326,-13.076,60.049,24.588,13.433,29.909,31.376,28.148,13.867
8.5046,66.717,48.47,-35.648,-11.399,56.647,20.188,12.2,29.164,31.107,30.173,14.164
9.5804,63.953,43.211,-35.556,-9.6247,52.955,15.675,10.873,28.107,30.562,31.819,14.326
10.377,60.878,38.061,-35.1,-7.9174,49.234,11.244,9.4953,26.765,29.782,33.019,14.36
10.946,57.689,33.224,-34.364,-6.4081,45.646,7.0724,8.0994,25.164,28.806,33.748,14.289
11.362,54.556,28.834,-33.451,-5.1645,42.311,3.2691,6.7014,23.323,27.661,34.004,14.145
11.687,51.627,24.937,-32.465,-4.2011,39.289,-0.17632,5.3007,21.259,26.36,33.788,13.966
11.94,49.013,21.523,-31.49,-3.507,36.573,-3.4147,3.8806,18.996,24.909,33.104,13.784
12.099,46.772,18.629,-30.577,-3.0637,34.094,-6.7156,2.4114,16.573,23.317,31.966,13.627
12.136,44.884,16.398,-29.748,-2.8437,31.744,-10.386,0.85492,14.055,21.612,30.419,13.52
12.054,43.247,14.877,-29.002,-2.7949,29.352,-14.612,-0.83191,11.52,19.836,28.539,13.488
11.899,41.727,13.84,-28.318,-2.8299,26.695,-19.293,-2.6963,9.0482,18.038,26.426,13.557
11.748,40.217,12.979,-27.671,-2.8355,23.759,-24.056,-4.7906,6.7015,16.265,24.19,13.743
11.702,38.645,12.091,-27.052,-2.7013,20.94,-28.514,-7.1707,4.5124,14.55,21.94,14.043
11.868,36.97,11.077,-26.494,-2.3469,18.569,-32.475,-9.8874,2.4821,12.904,19.78,14.438
12.343,35.211,9.9098,-26.06,-1.7367,16.601,-35.953,-12.971,0.58476,11.326,17.799,14.894
13.199,33.453,8.6113,-25.81,-0.88593,14.872,-39.068,-16.417,-1.2251,9.8086,16.077,15.376
14.455,31.828,7.2455,-25.754,0.14094,13.297,-41.958,-20.177,-3.0042,8.3423,14.676,15.853
16.063,30.518,5.9147,-25.883,1.2436,11.888,-44.72,-24.171,-4.8127,6.9125,13.636,16.302
17.896,29.772,4.7476,-26.212,2.3092,10.715,-47.389,-28.301,-6.7067,5.4965,12.96,16.704
19.791,29.859,3.8743,-26.781,3.2429,9.8817,-49.936,-32.472,-8.7309,4.065,12.607,17.038
21.618,30.914,3.388,-27.624,4.0051,9.513,-52.305,-36.605,-10.912,2.589,12.498,17.28
23.334,32.837,3.3039,-28.745,4.6439,9.7414,-54.452,-40.617,-13.246,1.0486,12.534,17.406
24.979,35.387,3.5381,-30.117,5.2997,10.599,-56.382,-44.429,-15.678,-0.55932,12.61,17.4
26.634,38.319,3.9227,-31.679,6.144,11.885,-58.147,-47.959,-18.109,-2.2201,12.629,17.256
28.356,41.379,4.2521,-33.341,7.2485,13.233,-59.807,-51.131,-20.44,-3.907,12.51,16.994
30.152,44.252,4.3463,-34.982,8.5101,14.306,-61.389,-53.897,-22.628,-5.5831,12.202,16.653
31.986,46.559,4.0845,-36.477,9.7277,14.886,-62.886,-56.238,-24.673,-7.1985,11.677,16.286
33.866,47.91,3.3899,-37.71,10.748,14.868,-64.315,-58.16,-26.581,-8.7028,10.937,15.939
35.925,48.007,2.2311,-38.594,11.602,14.221,-65.771,-59.675,-28.329,-10.067,10.009,15.634
38.326,46.759,0.67291,-39.054,12.528,12.99,-67.3,-60.789,-29.862,-11.279,8.9563,15.364
40.886,44.369,-1.0947,-39.021,13.706,11.321,-68.71,-61.491,-31.088,-12.312,7.8739,15.102
42.928,41.42,-2.8025,-38.447,14.946,9.4739,-69.576,-61.747,-31.892,-13.116,6.8766,14.812
43.747,38.768,-4.1807,-37.364,15.847,7.7774,-69.42,-61.514,-32.159,-13.632,6.0733,14.467
43.035,36.956,-5.0274,-35.902,16.1,6.5105,-67.848,-60.764,-31.819,-13.825,5.5437,14.044
40.873,35.745,-5.2476,-34.19,15.579,5.7761,-64.667,-59.516,-30.88,-13.703,5.3216,13.514
37.578,34.535,-4.8589,-32.256,14.312,5.4996,-59.965,-57.845,-29.437,-13.32,5.3874,12.838
33.562,32.886,-3.985,-30.033,12.448,5.5134,-54.127,-55.885,-27.656,-12.76,5.6695,11.979
29.188,30.461,-2.8456,-27.442,10.232,5.5928,-47.777,-53.788,-25.731,-12.11,6.0549,10.942
24.706,26.912,-1.7117,-24.431,7.9417,5.5177,-41.605,-51.701,-23.846,-11.43,6.4111,9.8014
20.311,22.239,-0.84084,-20.959,5.8262,5.1449,-36.141,-49.736,-22.111,-10.754,6.6157,8.6679
16.168,17.146,-0.41224,-17.004,4.072,4.4157,-31.667,-47.967,-20.541,-10.094,6.5817,7.6427
12.389,12.418,-0.46984,-12.671,2.7764,3.3479,-28.308,-46.433,-19.098,-9.4626,6.2703,6.7869
9.0095,8.3596,-0.91477,-8.3226,1.9321,2.0387,-26.113,-45.143,-17.774,-8.895,5.6966,6.1238
6.0681,5.0402,-1.575,-4.499,1.4606,0.64942,-25.001,-44.08,-16.623,-8.432,4.9267,5.645
3.7151,2.5175,-2.2838,-1.5874,1.2658,-0.64254,-24.637,-43.236,-15.699,-8.0969,4.0679,5.3088
2.1142,0.8058,-2.9075,0.35888,1.2438,-1.6965,-24.505,-42.643,-15.013,-7.8909,3.2429,5.0405
1.2103,-0.18702,-3.3573,1.5229,1.2724,-2.4379,-24.279,-42.381,-14.563,-7.8027,2.5577,4.7562
0.73581,-0.65136,-3.6031,2.1697,1.2415,-2.8684,-24.033,-42.516,-14.341,-7.8094,2.0807,4.4011
0.40365,-0.82184,-3.6716,2.5566,1.0936,-3.0595,-23.987,-43.028,-14.321,-7.8679,1.8464,3.9776
0.026514,-0.93449,-3.6246,2.8883,0.82719,-3.1237,-24.167,-43.779,-14.43,-7.9156,1.8643,3.5448
-0.46775,-1.1757,-3.5335,3.2878,0.47473,-3.179,-24.373,-44.54,-14.556,-7.8851,2.1056,3.187
-1.0651,-1.6091,-3.4673,3.7837,0.086471,-3.3126,-24.326,-45.042,-14.58,-7.7293,2.477,2.9556
-1.6927,-2.1504,-3.489,4.3226,-0.27142,-3.5518,-23.801,-45.011,-14.411,-7.4412,2.8169,2.8153
-2.2356,-2.6072,-3.658,4.7885,-0.51989,-3.8754,-22.696,-44.179,-14.02,-7.0559,2.9228,2.6331
-2.5619,-2.7439,-4.0763,5.0114,-0.57395,-4.3016,-21.114,-42.332,-13.428,-6.6337,2.5907,2.2381
-2.5655,-2.3025,-5.0469,4.8019,-0.32768,-4.9388,-19.588,-39.559,-12.674,-6.2265,1.6581,1.5561
-2.2156,-0.13498,-6.0927,3.9896,0.46278,-2.9489,-19.385,-37.101,-11.745,-5.8326,0.066124,0.74803
-1.5738,1.186,-2.2976,2.1872,2.5299,-0.69398,-21.675,-38.724,-10.531,-5.3334,-2.0701,0.18785
-0.75655,2.4178,-1.5832,-0.60535,3.9507,-0.22887,-24.293,-48.572,-8.9295,-4.3901,-4.5307,0.12374
0.18827,3.6678,-1.5246,-2.2961,1.4381,0.14669,-24.109,-59.188,-9.2251,-2.0446,-6.835,-0.14714
1.9457,3.9013,-1.536,-2.9021,0.99337,-0.025817,-21.246,-59.533,-21.294,1.8227,-7.2657,-0.45578
1.6311,2.1604,-2.2438,-1.9188,0.23625,-1.735,-16.093,-53.878,-17.415,2.4224,-0.12743,13.287
-2.2236,-2.345,-5.6439,1.6081,0.051701,-6.8475,-8.2465,-42.284,-9.9966,3.0802,-4.1884,11.848
-5.1908,-11.899,-15.1,7.3348,2.6532,-17.585,2.5987,-23.444,-1.0597,3.6816,-10.355,2.8511
-7.2037,-32.186,-33.814,16.511,10.243,-37.587,15.666,1.2986,8.2199,3.9388,-20.658,-9.9452
-8.1125,-67.96,-64.039,31.338,23.919,-70.396,30.181,30.546,17.574,3.5732,-35.813,-25.774
-7.2057,-107.61,-103.55,50.925,44.104,-109.75,45.257,63.47,27.583,2.6931,-52.129,-41.863
-3.0075,-147.29,-150.04,69.045,70.588,-153.29,62.047,98.935,39.222,2.9573,-61.422,-53.007
7.3458,-185.31,-201.83,81.02,104.01,-197.92,73.011,137.49,60.191,11.498,-53.235,-53.834
32.192,-216.26,-258.43,83.228,146.73,-240.51,78.687,184.79,104.15,55.62,-15.732,-34.544
87.293,-233.96,-320.55,70.407,201.13,-279.16,81.204,249.21,183.97,152.1,63.859,18.618
158.79,-232.98,-388.13,37.459,269.23,-312.08,80.703,338.1,303.43,295.11,196.4,115.63
251.7,-210.2,-460.16,-18.933,351.84,-337.12,77.049,454.58,469.71,501.09,388.04,262.06
368.68,-164.63,-534.15,-99.685,447.92,-351.86,69.577,593.06,679.28,768.38,638.89,458.39
505.99,-96.499,-605.59,-202.62,553.45,-353.72,55.726,737.3,918.54,1084.7,939.43,699.05
655.99,-7.555,-667.87,-322.26,660.8,-340.25,31.085,862.36,1165.0,1427.0,1269.8,972.19
806.92,98.29,-712.93,-450.41,759.63,-309.57,-9.4553,939.5,1390.0,1763.9,1604.2,1259.4
943.42,214.49,-732.72,-576.4,838.1,-261.16,-69.549,943.48,1563.5,2058.5,1913.6,1536.4
1049.2,331.53,-721.22,-687.83,885.17,-196.95,-149.08,859.68,1659.3,2273.5,2164.2,1774.3
1110.4,437.69,-676.44,-772.36,893.14,-121.77,-243.21,687.79,1659.1,2376.8,2321.3,1944.7
1119.2,521.64,-601.41,-820.04,859.59,-42.62,-343.48,441.52,1555.4,2347.4,2358.8,2024.7
1075.9,575.45,-503.57,-825.61,788.27,32.947,-440.29,144.96,1351.5,2179.2,2264.8,2002.5
987.67,596.41,-392.82,-791.37,687.8,98.702,-525.22,-172.91,1061.0,1882.5,2044.5,1879.3
866.1,586.58,-279.13,-725.6,569.12,150.67,-592.14,-483.43,705.92,1482.9,1719.6,1668.3
723.88,550.84,-171.27,-637.16,443.23,186.83,-637.73,-761.91,315.16,1017.8,1324.2,1392.2
573.66,494.81,-76.755,-534.67,320.32,206.16,-661.8,-989.76,-77.549,532.25,899.89,1079.5
427.48,423.76,-2.2506,-426.4,209.7,207.91,-666.95,-1155.4,-437.28,73.624,490.66,761.7
296.09,342.36,46.71,-319.71,119.39,191.66,-657.25,-1253.9,-732.63,-315.34,135.68,468.54
187.51,255.14,67.269,-220.66,54.794,158.2,-636.63,-1286.6,-941.0,-604.06,-137.23,223.25
105.44,166.98,60.884,-133.8,16.545,110.86,-607.9,-1260.2,-1052.9,-779.8,-316.72,38.275
48.697,83.425,33.753,-62.419,3.5806,55.683,-572.78,-1186.6,-1074.1,-849.5,-409.51,-86.07
12.514,9.962,-4.1573,-7.9133,4.776,0.34942,-532.79,-1082.3,-1024.0,-836.26,-436.53,-159.37
-9.1854,-49.357,-42.244,30.966,10.507,-47.892,-490.12,-965.34,-930.42,-771.48,-421.67,-196.36
-22.063,-93.113,-72.907,57.172,16.427,-83.984,-447.38,-851.59,-821.67,-685.56,-387.0,-211.72
-30.46,-122.05,-92.823,73.94,20.471,-106.9,-406.41,-750.61,-718.77,-601.02,-349.63,-216.37
-36.921,-138.33,-102.09,83.963,21.331,-119.01,-367.45,-663.76,-631.69,-528.85,-318.43,-216.11
-42.253,-144.62,-102.51,89.181,18.983,-122.92,-328.92,-586.03,-560.6,-470.42,-294.72,-212.55
-46.082,-143.43,-97.246,90.967,18.486,-121.35,-288.37,-511.66,-499.72,-421.97,-275.49,-205.01
-47.855,-137.24,-89.765,90.178,11.836,-115.13,-244.2,-437.49,-441.96,-378.16,-256.87,-192.45
-40.088,-128.08,-81.695,86.752,9.2858,-106.56,-197.41,-363.98,-383.26,-334.62,-235.36,-174.44
-20.878,-116.73,-74.523,79.463,8.5721,-97.299,-151.8,-293.99,-322.89,-289.6,-205.88,-150.59
-16.759,-102.73,-66.339,67.317,8.4687,-87.527,-112.17,-231.06,-262.23,-243.93,-172.96,-121.65
-13.988,-85.743,-59.77,52.581,8.5107,-77.307,-82.001,-178.91,-204.88,-199.22,-138.86,-96.597
-11.294,-68.476,-56.029,39.14,8.3127,-67.994,-63.041,-138.69,-156.28,-158.18,-106.4,-74.305
-9.2134,-54.47,-51.72,29.119,7.5717,-59.459,-52.936,-108.41,-120.49,-123.6,-76.735,-55.957
-8.2654,-44.54,-45.912,22.964,6.2234,-51.362,-46.318,-86.255,-94.941,-95.6,-52.356,-43.569
-8.5156,-38.318,-38.569,20.427,4.4558,-43.733,-40.158,-69.764,-75.475,-74.647,-35.371,-36.958
-9.5788,-35.216,-30.535,20.679,2.5226,-37.062,-32.501,-56.779,-62.164,-61.298,-25.556,-34.044
-10.879,-33.897,-23.101,22.082,0.62293,-31.781,-23.472,-46.24,-53.896,-54.278,-22.017,-32.186
-11.935,-32.373,-17.232,22.245,-1.0813,-27.778,-14.833,-37.534,-48.202,-51.596,-22.864,-30.719
-12.46,-29.645,-13.041,19.235,-2.4482,-24.462,-11.159,-30.752,-43.38,-50.97,-25.73,-30.124
-12.355,-25.774,-10.03,15.565,-3.3895,-21.098,-12.926,-27.599,-39.198,-50.655,-28.473,-29.896
-11.689,-20.18,-7.6222,13.511,-3.926,-17.01,-11.419,-24.789,-35.67,-49.577,-26.395,-27.92
-10.662,-14.659,-5.4806,11.933,-4.2123,-12.476,-7.5906,-17.959,-31.503,-46.993,-20.878,-24.615
-9.5467,-10.7,-3.5568,10.391,-4.4754,-8.7188,-5.0301,-12.269,-26.309,-41.811,-17.905,-22.327
-8.6386,-7.7621,-1.9068,9.0354,-4.8849,-6.0546,-3.5143,-8.3335,-23.161,-36.92,-15.558,-20.962
-8.1545,-5.6908,-0.53512,8.0913,-5.4745,-4.1889,-2.4704,-5.4389,-20.963,-33.616,-13.458,-20.16
-8.1434,-4.4705,0.58341,7.6723,-6.1658,-2.9007,-1.6436,-3.08,-19.133,-30.787,-11.463,-19.646
-8.5055,-3.9834,1.4502,7.7278,-6.8266,-2.072,-0.95926,-1.0207,-17.496,-28.213,-9.4914,-19.215
-9.0264,-4.022,2.0446,8.0807,-7.3267,-1.6132,-0.4009,0.80876,-15.974,-25.831,-7.5292,-18.733
-9.4525,-4.356,2.353,8.5231,-7.5742,-1.4336,0.027066,2.4073,-14.563,-23.603,-5.594,-18.15
-9.6058,-4.7569,2.3898,8.8758,-7.5342,-1.4423,0.30868,3.7616,-13.296,-21.55,-3.6819,-17.492
-9.4236,-5.0356,2.2027,8.9957,-7.2355,-1.5567,0.4352,4.8737,-12.196,-19.73,-1.7426,-16.825
-8.9326,-5.0942,1.8633,8.8099,-6.7615,-1.7121,0.4263,5.7702,-11.259,-18.168,0.3035,-16.225
-8.2347,-4.931,1.4509,8.3575,-6.2249,-1.8669,0.33773,6.5012,-10.451,-16.844,2.5178,-15.749
-7.4943,-4.6339,1.0357,7.7789,-5.7389,-2.0052,0.24681,7.1262,-9.7266,-15.704,4.903,-15.428
-6.8973,-4.3646,0.66591,7.2571,-5.3936,-2.1374,0.22006,7.6942,-9.0554,-14.7,7.4039,-15.262
-6.5906,-4.3004,0.36372,6.9575,-5.2427,-2.2941,0.28405,8.2251,-8.4346,-13.807,9.9411,-15.223
-6.6391,-4.5664,0.13084,6.9874,-5.2988,-2.513,0.42356,8.7046,-7.8854,-13.029,12.435,-15.263
-7.0204,-5.2007,-0.039658,7.3779,-5.5303,-2.8202,0.60194,9.0967,-7.4341,-12.382,14.805,-15.326
-7.6486,-6.1555,-0.15099,8.0885,-5.8692,-3.2098,0.7799,9.3679,-7.0894,-11.883,16.96,-15.371
-8.4135,-7.3193,-0.19358,9.0316,-6.2441,-3.6322,0.92693,9.5075,-6.8334,-11.533,18.807,-15.385
-9.2219,-8.5436,-0.14042,10.1,-6.62,-3.9995,1.03,9.5349,-6.6275,-11.318,20.248,-15.386
-10.022,-9.666,0.051953,11.181,-7.0117,-4.2079,1.0985,9.4896,-6.4306,-11.212,21.178,-15.404
-10.798,-10.524,0.43325,12.162,-7.4637,-4.1676,1.161,9.4141,-6.2165,-11.188,21.498,-15.472
-11.538,-10.97,1.0371,12.939,-8.018,-3.8261,1.2524,9.3382,-5.9808,-11.221,21.136,-15.598
-12.205,-10.899,1.8564,13.418,-8.6815,-3.1816,1.3989,9.2746,-5.7362,-11.297,20.068,-15.765
-12.727,-10.273,2.8313,13.533,-9.4062,-2.282,1.6064,9.223,-5.4974,-11.411,18.33,-15.93
-13.01,-9.1289,3.857,13.247,-10.093,-1.2139,1.8604,9.1787,-5.2663,-11.556,16.011,-16.033
-12.967,-7.568,4.8061,12.564,-10.618,-0.083437,2.1329,9.1405,-5.0253,-11.718,13.252,-16.024
-12.537,-5.7394,5.56,11.537,-10.872,1.0041,2.3936,9.1129,-4.7451,-11.872,10.227,-15.871
-11.708,-3.824,6.0396,10.265,-10.795,1.9624,2.6195,9.1037,-4.4005,-11.991,7.1234,-15.581
-10.534,-2.0123,6.228,8.891,-10.411,2.7365,2.7998,9.1203,-3.9859,-12.051,4.1081,-15.187
-9.1621,-0.47206,6.1763,7.5756,-9.8194,3.3055,2.938,9.1696,-3.5184,-12.038,1.3033,-14.746
-7.8162,0.67541,5.9874,6.4755,-9.1782,3.6779,3.0491,9.2611,-3.0291,-11.954,-1.2179,-14.312
-6.7408,1.3585,5.7802,5.7228,-8.6471,3.8796,3.1544,9.411,-2.5469,-11.808,-3.419,-13.925
-6.1195,1.5532,5.6486,5.4027,-8.3363,3.9418,3.2724,9.64,-2.085,-11.616,-5.2837,-13.6
-6.0143,1.2872,5.6322,5.5355,-8.2738,3.8921,3.412,9.9671,-1.6368,-11.396,-6.8078,-13.323
-6.3553,0.64194,5.7109,6.0687,-8.4042,3.7535,3.5712,10.401,-1.1834,-11.166,-7.9988,-13.07
-6.9778,-0.25486,5.8253,6.8855,-8.6168,3.5507,3.7391,10.934,-0.71106,-10.939,-8.8779,-12.813
-7.6908,-1.239,5.9139,7.8249,-8.7931,3.3174,3.902,11.539,-0.22694,-10.723,-9.4809,-12.541
-8.3359,-2.1274,5.9474,8.71,-8.8584,3.0982,4.0467,12.173,0.23551,-10.522,-9.8578,-12.267
-8.8026,-2.7508,5.9379,9.3818,-8.807,2.9432,4.1631,12.786,0.62816,-10.343,-10.069,-12.017
-9.0155,-2.9939,5.923,9.7311,-8.6838,2.8945,4.2444,13.335,0.91008,-10.193,-10.18,-11.824
-8.938,-2.8287,5.9391,9.7202,-8.5427,2.9721,4.2857,13.802,1.0679,-10.079,-10.258,-11.705
-8.5889,-2.3236,6.001,9.3893,-8.4203,3.1644,4.2824,14.193,1.1247,-10.006,-10.364,-11.66
-8.0424,-1.6195,6.0977,8.8403,-8.3264,3.4302,4.2294,14.537,1.1333,-9.97,-10.541,-11.668
-7.402,-0.87847,6.2007,8.2044,-8.2474,3.7152,4.1227,14.873,1.1589,-9.9627,-10.81,-11.694
-6.7706,-0.22939,6.2793,7.6051,-8.1592,3.9743,3.9625,15.234,1.2573,-9.9722,-11.161,-11.703
-6.2353,0.26203,6.316,7.1307,-8.0501,4.1881,3.7547,15.644,1.4594,-9.9902,-11.566,-11.669
-5.8622,0.59529,6.3191,6.8207,-7.9364,4.3675,3.5118,16.112,1.766,-10.016,-11.984,-11.587
-5.69,0.82294,6.3277,6.6681,-7.858,4.5505,3.2508,16.635,2.1564,-10.054,-12.379,-11.474
-5.7223,1.0284,6.4024,6.6334,-7.8586,4.7886,2.9918,17.205,2.6035,-10.113,-12.736,-11.357
-5.9276,1.288,6.5985,6.6653,-7.9623,5.1211,2.7571,17.803,3.0898,-10.19,-13.071,-11.261
-6.2458,1.6293,6.9312,6.7239,-8.1566,5.5477,2.5695,18.42,3.6157,-10.272,-13.42,-11.204
-6.6032,2.0111,7.3516,6.7951,-8.39,6.0184,2.4499,19.054,4.1961,-10.334,-13.826,-11.186
-6.9314,2.3334,7.7473,6.8907,-8.584,6.4364,2.4116,19.723,4.8482,-10.353,-14.326,-11.199
-7.1821,2.4627,7.9725,7.0388,-8.6562,6.6756,2.4565,20.464,5.5783,-10.314,-14.944,-11.232
-7.3316,2.2685,7.8979,7.2709,-8.5448,6.6136,2.5734,21.324,6.3761,-10.224,-15.687,-11.274
-7.3756,1.6664,7.4571,7.6075,-8.226,6.1747,2.7407,22.352,7.2183,-10.109,-16.54,-11.317
-7.3215,0.65557,6.6671,8.0455,-7.7183,5.3601,2.9325,23.584,8.0803,-10.001,-17.47,-11.359
-7.1833,-0.6707,5.6158,8.5539,-7.073,4.2513,3.1247,25.029,8.9457,-9.9329,-18.427,-11.401
-6.977,-2.1457,4.4332,9.0801,-6.3553,2.9896,3.3021,26.66,9.8099,-9.9216,-19.36,-11.454
-6.716,-3.5728,3.2602,9.5648,-5.6284,1.7416,3.4609,28.409,10.673,-9.968,-20.233,-11.529
-6.4139,-4.7746,2.22,9.959,-4.9476,0.66101,3.605,30.175,11.527,-10.06,-21.045,-11.637
-6.0934,-5.6319,1.3988,10.238,-4.3627,-0.14302,3.7381,31.843,12.351,-10.183,-21.831,-11.78
-5.793,-6.1054,0.83683,10.409,-3.916,-0.62565,3.8585,33.322,13.116,-10.325,-22.651,-11.943
-5.5597,-6.2403,0.53471,10.506,-3.6318,-0.80848,3.9595,34.577,13.801,-10.478,-23.567,-12.107
-5.4297,-6.1448,0.4652,10.572,-3.5049,-0.76048,4.035,35.654,14.414,-10.638,-24.617,-12.252
-5.4093,-5.9377,0.58185,10.636,-3.501,-0.56277,4.0853,36.676,14.996,-10.801,-25.792,-12.37
-5.4658,-5.6854,0.82703,10.7,-3.5673,-0.27294,4.1194,37.809,15.606,-10.964,-27.052,-12.468
-5.533,-5.3714,1.1449,10.726,-3.6483,0.092564,4.1538,39.228,16.315,-11.127,-28.354,-12.561
-5.5284,-4.9202,1.4965,10.654,-3.7,0.55155,4.2102,41.075,17.188,-11.299,-29.674,-12.666
-5.3746,-4.2405,1.8688,10.408,-3.6972,1.1372,4.3118,43.422,18.263,-11.488,-31.002,-12.789
-5.0168,-3.2538,2.27,9.9218,-3.6322,1.8769,4.4791,46.232,19.529,-11.702,-32.331,-12.919
-4.4336,-1.9163,2.7101,9.1581,-3.5074,2.7701,4.725,49.339,20.915,-11.935,-33.653,-13.036
-3.6423,-0.24731,3.1795,8.1327,-3.3267,3.7736,5.0531,52.498,22.328,-12.172,-34.95,-13.116
-2.6964,1.6421,3.6382,6.9225,-3.0899,4.8027,5.4602,55.478,23.699,-12.394,-36.19,-13.144
-1.676,3.5493,4.0205,5.6551,-2.7918,5.7456,5.9414,58.146,25.018,-12.581,-37.313,-13.118
-0.6709,5.2266,4.2493,4.4812,-2.4267,6.4844,6.4942,60.485,26.333,-12.712,-38.241,-13.049
0.23351,6.4505,4.2581,3.5398,-1.9954,6.9184,7.1168,62.57,27.724,-12.76,-38.881,-12.958
0.96431,7.0721,4.012,2.9301,-1.5127,6.9847,7.8047,64.528,29.27,-12.706,-39.143,-12.862
1.4653,7.0354,3.5205,2.6995,-1.0096,6.6718,8.5484,66.507,31.017,-12.538,-38.951,-12.77
1.7013,6.3798,2.8388,2.8445,-0.53053,6.0221,9.3349,68.65,32.966,-12.264,-38.255,-12.674
1.663,5.2333,2.0562,3.3185,-0.12392,5.1249,10.152,71.07,35.079,-11.904,-37.042,-12.552
1.3671,3.7815,1.2746,4.0481,0.16782,4.0973,10.993,73.832,37.315,-11.479,-35.343,-12.376
0.85317,2.2117,0.57897,4.9552,0.31872,3.0582,11.864,76.95,39.663,-10.991,-33.236,-12.132
0.17754,0.66393,0.015389,5.9786,0.32762,2.1009,12.788,80.391,42.158,-10.42,-30.851,-11.829
-0.59126,-0.79566,-0.41567,7.0794,0.22253,1.2701,13.802,84.099,44.859,-9.7284,-28.347,-11.495
-1.3773,-2.1707,-0.75251,8.2321,0.059066,0.55598,14.949,88.015,47.802,-8.8753,-25.879,-11.165
-2.101,-3.5,-1.0605,9.4079,-0.088193,-0.089916,16.249,92.09,50.966,-7.8311,-23.556,-10.865
-2.6818,-4.8168,-1.4142,10.55,-0.14204,-0.72687,17.671,96.273,54.262,-6.5854,-21.435,-10.601
-3.0401,-6.1,-1.8682,11.561,-0.042544,-1.3867,19.138,100.5,57.574,-5.1511,-19.537,-10.358
-3.1003,-7.2192,-2.4257,12.314,0.23869,-2.0359,20.55,104.68,60.808,-3.5633,-17.88,-10.115
-2.7987,-7.9446,-3.0269,12.683,0.69766,-2.5712,21.842,108.79,63.927,-1.8679,-16.477,-9.852
-2.0978,-8.0408,-3.5702,12.564,1.3098,-2.855,23.005,112.81,66.968,-0.10856,-15.332,-9.5622
-1.0017,-7.3416,-3.9609,11.892,2.0442,-2.7679,24.084,116.81,70.025,1.6785,-14.433,-9.256
0.43815,-5.7798,-4.1609,10.656,2.8691,-2.2586,25.136,120.88,73.199,3.461,-13.739,-8.9558
2.1374,-3.4319,-4.2094,8.9216,3.7541,-1.3778,26.205,125.06,76.541,5.205,-13.172,-8.6846
4.0057,-0.56044,-4.2197,6.8493,4.6906,-0.28021,27.307,129.37,80.023,6.8809,-12.625,-8.4536
5.9676,2.4002,-4.3646,4.6901,5.7216,0.79987,28.427,133.78,83.535,8.4787,-11.984,-8.2578
7.9728,4.9243,-4.8447,2.7416,6.945,1.5944,29.532,138.3,86.934,10.021,-11.164,-8.0795
9.9962,6.5319,-5.8396,1.2788,8.4763,1.8638,30.584,142.94,90.109,11.56,-10.127,-7.8971
12.03,6.936,-7.4604,0.48523,10.396,1.4628,31.556,147.73,93.03,13.161,-8.8904,-7.6949
14.063,6.1052,-9.7202,0.42105,12.707,0.38395,32.436,152.68,95.74,14.871,-7.5191,-7.4681
16.049,4.2204,-12.533,1.0372,15.318,-1.2474,33.237,157.79,98.315,16.699,-6.1156,-7.2234
17.88,1.5972,-15.745,2.1915,18.065,-3.2274,33.988,163.06,100.84,18.604,-4.8022,-6.9752
19.427,-1.3782,-19.185,3.6543,20.776,-5.3395,34.722,168.46,103.39,20.516,-3.6963,-6.7386
20.652,-4.3061,-22.715,5.1427,23.349,-7.3953,35.461,173.97,106.02,22.356,-2.8882,-6.5211
21.684,-6.809,-26.263,6.3855,25.801,-9.2418,36.201,179.53,108.77,24.068,-2.426,-6.3173
22.77,-8.5651,-29.767,7.1713,28.22,-10.759,36.918,185.07,111.65,25.633,-2.3107,-6.1076
24.17,-9.3855,-33.09,7.371,30.69,-11.883,37.58,190.5,114.64,27.067,-2.4994,-5.8628
26.062,-9.2952,-36.089,6.9498,33.251,-12.629,38.163,195.81,117.73,28.401,-2.9103,-5.5525
28.49,-8.5179,-38.773,5.9682,35.899,-13.12,38.665,200.98,120.9,29.663,-3.4271,-5.1531
31.363,-7.3417,-41.282,4.5692,38.589,-13.558,39.102,206.07,124.15,30.87,-3.9092,-4.6534
34.517,-5.9769,-43.708,2.9398,41.253,-14.156,39.505,211.14,127.44,32.025,-4.2139,-4.0558
37.812,-4.5452,-46.022,1.2505,43.861,-15.093,39.906,216.24,130.75,33.12,-4.2226,-3.3691
41.19,-3.1524,-48.189,-0.39513,46.459,-16.494,40.316,221.45,133.99,34.147,-3.8567,-2.5971
44.689,-1.9102,-50.296,-1.9771,49.186,-18.372,40.725,226.76,137.07,35.102,-3.0823,-1.7277
48.446,-0.90946,-52.548,-3.5568,52.251,-20.541,41.104,232.15,139.95,35.985,-1.9138,-0.72676
52.617,-0.21081,-55.156,-5.2726,55.822,-22.699,41.42,237.54,142.61,36.796,-0.41628,0.4619
57.197,0.14141,-58.192,-7.3215,59.812,-24.695,41.643,242.82,145.03,37.532,1.3008,1.91
61.858,0.11175,-61.568,-9.8575,63.873,-26.645,41.76,247.92,147.23,38.19,3.1048,3.6837
66.109,-0.31259,-65.215,-12.767,67.706,-28.778,41.779,252.75,149.22,38.771,4.8659,5.7972
69.757,-1.1023,-69.192,-15.604,71.324,-31.269,41.724,257.23,151.0,39.285,6.475,8.1551
73.032,-2.1722,-73.606,-17.963,74.989,-34.175,41.624,261.28,152.6,39.742,7.8536,10.549
76.275,-3.3797,-78.517,-19.807,78.964,-37.46,41.499,264.83,154.0,40.15,8.9544,12.762
79.717,-4.5463,-83.895,-21.364,83.366,-41.03,41.342,267.85,155.16,40.5,9.7551,14.691
83.479,-5.5038,-89.642,-22.879,88.171,-44.745,41.126,270.36,155.98,40.769,10.252,16.349
87.576,-6.1426,-95.635,-24.483,93.287,-48.406,40.805,272.41,156.38,40.921,10.453,17.793
91.889,-6.4407,-101.75,-26.162,98.586,-51.799,40.335,274.08,156.27,40.91,10.382,19.072
96.179,-6.4695,-107.82,-27.796,103.87,-54.767,39.697,275.42,155.65,40.686,10.069,20.22
100.17,-6.3756,-113.53,-29.244,108.82,-57.268,38.906,276.48,154.57,40.188,9.5474,21.259
103.65,-6.3378,-118.45,-30.402,113.06,-59.403,37.999,277.29,153.12,39.354,8.844,22.206
106.56,-6.5076,-122.27,-31.242,116.29,-61.392,36.994,277.86,151.37,38.144,7.9717,23.07
108.97,-6.9637,-125.02,-31.807,118.53,-63.465,35.838,278.14,149.41,36.57,6.9243,23.869
111.07,-7.6963,-127.19,-32.189,120.2,-65.703,34.403,278.09,147.27,34.694,5.6777,24.648
113.08,-8.6216,-129.35,-32.49,121.93,-68.014,32.535,277.6,144.95,32.599,4.1986,25.492
115.19,-9.6184,-131.86,-32.79,124.21,-70.27,30.146,276.51,142.45,30.354,2.4582,26.494
117.48,-10.578,-134.83,-33.139,127.12,-72.421,27.242,274.7,139.75,28.0,0.44405,27.689
119.86,-11.438,-138.16,-33.559,130.39,-74.489,23.919,272.07,136.83,25.541,-1.827,29.024
122.2,-12.177,-141.65,-34.05,133.7,-76.521,20.346,268.65,133.74,22.955,-4.2954,30.414
124.38,-12.797,-145.11,-34.601,136.88,-78.543,16.753,264.52,130.51,20.228,-6.8598,31.816
126.33,-13.293,-148.4,-35.192,139.86,-80.519,13.378,259.77,127.17,17.425,-9.4064,33.247
128.04,-13.636,-151.4,-35.814,142.63,-82.297,10.391,254.44,123.73,14.721,-11.846,34.756
129.55,-13.748,-153.97,-36.461,145.16,-83.632,7.8477,248.48,120.22,12.325,-14.119,36.381
130.89,-13.519,-155.98,-37.14,147.38,-84.318,5.7005,241.79,116.67,10.356,-16.147,38.141
132.15,-12.854,-157.33,-37.883,149.21,-84.302,3.8473,234.23,113.11,8.8237,-17.789,40.039
133.42,-11.716,-157.97,-38.75,150.58,-83.65,2.1574,225.78,109.6,7.6784,-18.844,42.067
134.79,-10.146,-157.97,-39.78,151.56,-82.483,0.46075,216.58,106.22,6.8667,-19.101,44.192
136.24,-8.2646,-157.48,-40.945,152.2,-80.994,-1.4865,206.96,103.06,6.3492,-18.412,46.366
137.68,-6.2726,-156.73,-42.155,152.59,-79.436,-3.9996,197.26,100.18,6.0984,-16.739,48.547
138.97,-4.4222,-155.89,-43.294,152.73,-78.056,-7.3354,187.74,97.554,6.088,-14.169,50.714
139.98,-2.9589,-154.99,-44.245,152.56,-77.002,-11.448,178.46,95.118,6.2854,-10.894,52.857
140.61,-2.0557,-154.04,-44.904,152.02,-76.294,-15.947,169.35,92.768,6.6504,-7.1555,54.947
140.73,-1.785,-153.13,-45.193,151.07,-75.893,-20.399,160.27,90.409,7.1377,-3.1984,56.919
140.27,-2.1137,-152.44,-45.08,149.77,-75.773,-24.582,151.03,87.979,7.7025,0.7516,58.7
139.17,-2.8977,-152.03,-44.593,148.27,-75.826,-28.452,141.48,85.453,8.306,4.5031,60.243
137.44,-3.8963,-151.52,-43.811,146.65,-75.775,-32.032,131.63,82.824,8.9179,7.9123,61.553
135.14,-4.8247,-150.3,-42.845,144.75,-75.268,-35.352,121.66,80.099,9.5138,10.904,62.669
132.39,-5.4171,-147.89,-41.81,142.32,-74.005,-38.416,111.88,77.292,10.069,13.48,63.644
129.36,-5.4798,-144.06,-40.799,139.18,-71.819,-41.201,102.44,74.415,10.556,15.705,64.515
126.13,-4.9394,-138.86,-39.859,135.3,-68.716,-43.665,93.312,71.476,10.944,17.651,65.285
122.76,-3.8779,-132.51,-38.989,130.78,-64.829,-45.783,84.364,68.467,11.211,19.374,65.915
119.19,-2.5266,-125.3,-38.166,125.79,-60.317,-47.577,75.452,65.387,11.358,20.912,66.348
115.4,-1.1931,-117.59,-37.36,120.51,-55.373,-49.106,66.422,62.257,11.414,22.309,66.551
111.44,-0.14509,-109.87,-36.535,115.15,-50.405,-50.399,57.104,59.118,11.42,23.607,66.541
107.39,0.48291,-102.8,-35.639,109.87,-46.001,-51.423,47.516,56.014,11.41,24.845,66.367
103.4,0.70979,-96.949,-34.638,104.8,-42.49,-52.127,38.239,52.962,11.384,26.039,66.072
99.539,0.66778,-92.412,-33.546,99.968,-39.75,-52.52,30.115,49.935,11.304,27.187,65.66
95.822,0.54652,-88.742,-32.438,95.395,-37.432,-52.663,23.435,46.865,11.109,28.266,65.104
92.151,0.55378,-85.29,-31.427,91.097,-35.111,-52.61,17.951,43.67,10.74,29.241,64.36
88.459,0.9101,-81.57,-30.622,87.084,-32.337,-52.367,13.335,40.306,10.166,30.076,63.398
84.82,1.846,-77.441,-30.095,83.296,-28.782,-51.914,9.359,36.787,9.3963,30.745,62.219
81.432,3.4787,-73.051,-29.851,79.631,-24.513,-51.236,5.8785,33.181,8.4775,31.238,60.859
78.455,5.6351,-68.726,-29.808,76.069,-20.123,-50.333,2.7755,29.579,7.4696,31.558,59.38
75.878,7.921,-64.766,-29.797,72.699,-16.23,-49.215,-0.071007,26.065,6.4235,31.71,57.836
73.523,9.9278,-61.253,-29.59,69.597,-13.075,-47.897,-2.7882,22.7,5.3668,31.695,56.249
71.108,11.34,-58.068,-28.957,66.723,-10.679,-46.403,-5.4927,19.506,4.3022,31.506,54.593
68.347,11.964,-55.025,-27.74,63.913,-9.0224,-44.783,-8.2661,16.471,3.2148,31.129,52.808
65.084,11.729,-51.932,-25.897,60.922,-8.0452,-43.13,-11.132,13.576,2.0826,30.55,50.838
61.355,10.666,-48.58,-23.512,57.539,-7.5988,-41.562,-14.048,10.812,0.88835,29.77,48.665
57.328,8.91,-44.776,-20.792,53.733,-7.4342,-40.195,-16.922,8.1909,-0.37244,28.802,46.322
53.203,6.7644,-40.418,-18.003,49.677,-7.2747,-39.103,-19.656,5.7328,-1.6892,27.681,43.877
49.168,4.7337,-35.587,-15.373,45.577,-6.8939,-38.304,-22.19,3.4468,-3.0398,26.451,41.383
45.355,3.4009,-30.605,-13.006,41.52,-6.1482,-37.768,-24.518,1.3207,-4.3969,25.156,38.844
41.772,3.1534,-25.838,-10.9,37.506,-4.9858,-37.436,-26.673,-0.67579,-5.7337,23.835,36.224
38.315,4.0289,-21.476,-8.9983,33.61,-3.4438,-37.248,-28.693,-2.5767,-7.0267,22.515,33.49
34.981,5.8199,-17.592,-7.2691,30.122,-1.6279,-37.145,-30.59,-4.4032,-8.2534,21.209,30.67
32.06,8.1602,-14.219,-5.7888,27.377,0.31662,-37.069,-32.337,-6.1514,-9.391,19.921,27.873
29.866,10.57,-11.343,-4.7498,25.317,2.2341,-36.953,-33.878,-7.7896,-10.42,18.654,25.258
28.216,12.653,-8.8933,-4.2559,23.366,3.9763,-36.731,-35.148,-9.2682,-11.33,17.406,22.944
26.472,14.199,-6.7654,-4.1131,20.874,5.414,-36.363,-36.097,-10.541,-12.126,16.171,20.958
24.018,15.075,-4.8836,-3.9373,17.641,6.4572,-35.835,-36.703,-11.587,-12.818,14.938,19.258
20.775,15.192,-3.241,-3.398,14.024,7.0706,-35.156,-36.968,-12.422,-13.415,13.691,17.793
17.196,14.533,-1.8598,-2.3399,10.59,7.269,-34.335,-36.912,-13.08,-13.913,12.416,16.523
13.73,13.128,-0.73734,-0.77785,7.6876,7.0995,-33.376,-36.558,-13.598,-14.3,11.104,15.41
10.557,11.056,0.15025,1.1446,5.3729,6.6275,-32.287,-35.931,-13.994,-14.565,9.7592,14.407
7.7253,8.5496,0.83371,3.1951,3.5857,5.9508,-31.082,-35.055,-14.269,-14.704,8.3936,13.464
5.2753,6.0933,1.3518,5.101,2.2697,5.2216,-29.785,-33.969,-14.41,-14.726,7.0308,12.538
3.272,4.2403,1.7593,6.5992,1.3767,4.6249,-28.428,-32.731,-14.41,-14.636,5.7038,11.599
1.786,3.3168,2.1332,7.4762,0.83542,4.3252,-27.053,-31.398,-14.272,-14.444,4.455,10.626
0.87195,3.4363,2.5679,7.6084,0.53459,4.4366,-25.706,-30.009,-14.024,-14.161,3.332,9.6105
0.54101,4.6049,3.1539,7.0031,0.33501,5.0172,-24.414,-28.559,-13.701,-13.802,2.3827,8.5531
0.70215,6.6337,3.9472,5.8126,0.10067,6.054,-23.169,-27.006,-13.339,-13.386,1.6488,7.4738
1.1319,9.0975,4.9465,4.3052,-0.26775,7.4426,-21.927,-25.288,-12.951,-12.931,1.1605,6.413
1.5482,11.518,6.0855,2.8099,-0.80894,8.9953,-20.623,-23.359,-12.523,-12.455,0.93107,5.4188
1.7068,13.521,7.2492,1.6522,-1.4964,10.481,-19.21,-21.21,-12.022,-11.963,0.95111,4.5287
1.4607,14.835,8.3068,1.0763,-2.2628,11.681,-17.676,-18.88,-11.409,-11.456,1.1852,3.7567
0.77745,15.29,9.149,1.184,-3.0377,12.433,-16.064,-16.445,-10.667,-10.923,1.575,3.0877
-0.27995,14.834,9.7126,1.9431,-3.7695,12.659,-14.453,-14.003,-9.8102,-10.35,2.0489,2.4761
-1.5834,13.524,9.9876,3.2281,-4.4185,12.37,-12.937,-11.652,-8.8795,-9.7214,2.5371,1.8534
-2.9592,11.494,10.005,4.8364,-4.9433,11.649,-11.584,-9.4712,-7.9207,-9.0272,2.9828,1.1566
-4.2064,9.0037,9.8152,6.5067,-5.2971,10.628,-10.406,-7.5061,-6.9667,-8.2689,3.3491,0.36822
-5.1277,6.4825,9.4647,7.9648,-5.4372,9.4851,-9.3658,-5.7695,-6.0269,-7.4607,3.6199,-0.46121
-5.5679,4.4542,8.9911,8.9725,-5.3379,8.4173,-8.3986,-4.2461,-5.0886,-6.6276,3.7954,-1.238
-5.4489,3.2859,8.436,9.3668,-5.0028,7.5733,-7.4403,-2.903,-4.1246,-5.7963,3.887,-1.8838
-4.7923,3.0568,7.8595,9.0937,-4.4725,7.0159,-6.4521,-1.6974,-3.1044,-4.9874,3.9125,-2.3771
-3.7175,3.6672,7.3355,8.2205,-3.8248,6.77,-5.4327,-0.58028,-2.0073,-4.2093,3.8919,-2.7451
-2.4152,4.9072,6.9342,6.9149,-3.1607,6.8599,-4.4134,0.50018,-0.83142,-3.4596,3.8487,-3.0369
-1.103,6.4792,6.7005,5.4008,-2.5796,7.2656,-3.4377,1.5946,0.40443,-2.7253,3.8083,-3.2986
0.023193,8.1023,6.6359,3.9089,-2.1545,7.8836,-2.5374,2.744,1.6683,-1.9895,3.7974,-3.56
0.82567,9.5721,6.696,2.636,-1.9191,8.5535,-1.721,3.9693,2.93,-1.2388,3.839,-3.8301
1.2467,10.709,6.8015,1.7173,-1.8628,9.1088,-0.97745,5.2664,4.1766,-0.46919,3.9467,-4.0994
1.3074,11.333,6.856,1.2175,-1.9352,9.4111,-0.28848,6.6098,5.4203,0.31191,4.1176,-4.3468
1.0842,11.315,6.7687,1.1446,-2.0597,9.3674,0.36142,7.9647,6.6928,1.0898,4.3297,-4.5497
0.67105,10.617,6.4742,1.4774,-2.1588,8.9375,0.98149,9.3013,8.03,1.8502,4.5434,-4.6926
0.14554,9.2738,5.9459,2.1809,-2.1782,8.1306,1.5749,10.604,9.4496,2.5874,4.7089,-4.7735
-0.45438,7.372,5.2017,3.2055,-2.1033,6.9968,2.1401,11.87,10.947,3.3083,4.7771,-4.7966
-1.1316,5.0215,4.2995,4.4933,-1.9586,5.6192,2.6713,13.105,12.501,4.0289,4.7127,-4.7653
-1.9036,2.3447,3.3249,5.9851,-1.7912,4.109,3.1582,14.31,14.079,4.7643,4.5019,-4.6792
-2.7597,-0.49102,2.3714,7.5953,-1.6463,2.596,3.5862,15.473,15.639,5.5164,4.1511,-4.5379
-3.6315,-3.2246,1.5192,9.1781,-1.5482,1.2132,3.9393,16.571,17.129,6.2705,3.6828,-4.3462
-4.3969,-5.5187,0.82251,10.532,-1.4928,0.07631,4.2061,17.581,18.502,7.0055,3.1406,-4.1159
-4.9089,-7.0584,0.30819,11.448,-1.4473,-0.72838,4.3817,18.491,19.729,7.711,2.5973,-3.8593
-5.0314,-7.6466,-0.018823,11.756,-1.3583,-1.1496,4.4688,19.305,20.818,8.3977,2.1487,-3.5879
-4.6727,-7.2401,-0.17157,11.369,-1.1745,-1.1737,4.4719,20.037,21.803,9.0927,1.8916,-3.3129
-3.8254,-5.9293,-0.17559,10.3,-0.87255,-0.82394,4.3959,20.701,22.726,9.8238,1.9118,-3.0495
-2.5963,-3.9042,-0.058137,8.684,-0.47083,-0.15799,4.2485,21.303,23.611,10.602,2.2732,-2.8166
-1.1952,-1.4433,0.16546,6.7767,-0.030025,0.7412,4.0428,21.841,24.448,11.405,2.9982,-2.636
0.11241,1.0939,0.49867,4.9123,0.35747,1.7744,3.7971,22.298,25.2,12.181,4.0469,-2.5256
1.0693,3.3077,0.95191,3.4232,0.58834,2.8281,3.5306,22.657,25.824,12.863,5.3162,-2.4934
1.4921,4.8555,1.5146,2.5464,0.58377,3.7777,3.2601,22.902,26.285,13.404,6.6606,-2.5348
1.3194,5.5567,2.1323,2.3708,0.32755,4.5015,3.0029,23.026,26.57,13.801,7.9246,-2.6323
0.62677,5.4013,2.7036,2.8549,-0.11662,4.9023,2.779,23.029,26.683,14.095,8.977,-2.7599
-0.38864,4.491,3.0988,3.8587,-0.61982,4.9236,2.6127,22.906,26.631,14.348,9.7394,-2.8899
-1.4487,3.006,3.1935,5.1472,-1.0232,4.5611,2.5274,22.651,26.411,14.608,10.199,-3.0005
-2.2587,1.2058,2.9103,6.4151,-1.1777,3.8666,2.5363,22.255,26.007,14.887,10.4,-3.0808
-2.5895,-0.57583,2.2487,7.3634,-0.98382,2.9451,2.6333,21.72,25.399,15.164,10.427,-3.1269
-2.3352,-1.9774,1.2866,7.7707,-0.42006,1.9398,2.7892,21.061,24.583,15.389,10.37,-3.1465
-1.5198,-2.7041,0.15728,7.5291,0.45178,1.0037,2.9579,20.31,23.564,15.506,10.297,-3.1549
-0.26645,-2.6275,-0.98915,6.6614,1.5085,0.26215,3.0903,19.507,22.366,15.476,10.223,-3.1693
1.2401,-1.8301,-2.0235,5.3185,2.6034,-0.2181,3.1496,18.698,21.024,15.294,10.099,-3.201
2.7768,-0.57119,-2.863,3.7507,3.5981,-0.44151,3.1242,17.921,19.596,14.987,9.847,-3.2488
4.1079,0.79884,-3.4789,2.2584,4.3819,-0.4742,3.0294,17.199,18.149,14.605,9.408,-3.2993
5.0251,1.9242,-3.8865,1.1341,4.8837,-0.41839,2.9011,16.531,16.737,14.195,8.7624,-3.3367
5.3962,2.5135,-4.1273,0.59099,5.0795,-0.38454,2.7792,15.902,15.379,13.772,7.9214,-3.3534
5.191,2.403,-4.2527,0.7105,4.9901,-0.47194,2.695,15.285,14.056,13.309,6.9082,-3.3615
4.4761,1.5794,-4.314,1.4493,4.6724,-0.75066,2.6628,14.66,12.728,12.755,5.7474,-3.3916
3.395,0.14827,-4.3553,2.6729,4.2062,-1.2401,2.678,14.005,11.369,12.072,4.4698,-3.4798
2.1399,-1.699,-4.4093,4.172,3.6797,-1.8995,2.7206,13.311,9.9953,11.267,3.1168,-3.6496
0.90295,-3.7034,-4.4924,5.6922,3.1708,-2.6391,2.7646,12.575,8.657,10.39,1.7387,-3.9003
-0.16059,-5.567,-4.6004,6.987,2.74,-3.3423,2.7883,11.802,7.4145,9.5052,0.39129,-4.2084
-0.92538,-6.9961,-4.7113,7.8614,2.4324,-3.8923,2.7826,11.003,6.3109,8.6657,-0.86701,-4.5374
-1.297,-7.7596,-4.7895,8.1979,2.2751,-4.1937,2.7534,10.186,5.36,7.8969,-1.9761,-4.8501
-1.2478,-7.7544,-4.7915,7.9738,2.2624,-4.1902,2.7183,9.3676,4.5527,7.1995,-2.8792,-5.1191
-0.8419,-7.035,-4.674,7.2634,2.3482,-3.8734,2.6979,8.563,3.8658,6.5572,-3.5309,-5.3323
-0.22348,-5.7764,-4.4041,6.2171,2.4569,-3.2796,2.7057,7.7858,3.2745,5.9527,-3.9071,-5.493
0.42662,-4.2038,-3.9683,5.0231,2.5058,-2.4793,2.7404,7.044,2.7541,5.3752,-4.0119,-5.6156
0.94681,-2.5381,-3.3783,3.8646,2.4307,-1.5632,2.7858,6.3386,2.2827,4.8222,-3.8796,-5.7171
1.2368,-0.97308,-2.6746,2.8861,2.2057,-0.62853,2.8187,5.6637,1.8453,4.2955,-3.5707,-5.8097
1.2741,0.33595,-1.924,2.1763,1.8498,0.2335,2.8183,5.0107,1.438,3.8001,-3.1619,-5.8943
1.1016,1.2876,-1.208,1.7643,1.4173,0.94926,2.7758,4.3722,1.069,3.3461,-2.7355,-5.9589
0.79338,1.8437,-0.60259,1.6317,0.97463,1.4703,2.6987,3.7449,0.75262,2.9498,-2.367,-5.9822
0.41762,2.0103,-0.15871,1.7364,0.57615,1.7729,2.6085,3.1314,0.50092,2.6301,-2.1159,-5.9422
0.0084166,1.8077,0.10808,2.0361,0.2465,1.8529,2.5334,2.5399,0.31654,2.3987,-2.0172,-5.8269
-0.44362,1.2633,0.21213,2.502,-0.022031,1.7189,2.4992,1.982,0.19022,2.2509,-2.0781,-5.6414
-0.97748,0.42047,0.18351,3.1218,-0.25609,1.3896,2.5211,1.4732,0.10126,2.1645,-2.2798,-5.4054
-1.6255,-0.66101,0.054597,3.8887,-0.47885,0.89095,2.6013,1.0264,0.02557,2.1056,-2.5825,-5.1431
-2.3779,-1.9094,-0.14873,4.779,-0.69301,0.25538,2.7298,0.64459,-0.061155,2.0406,-2.9323,-4.8699
-3.172,-3.2429,-0.41232,5.7347,-0.87826,-0.48133,2.8887,0.31967,-0.1801,1.9436,-3.2681,-4.5861
-3.9051,-4.5709,-0.73583,6.6663,-0.99775,-1.2825,3.0565,0.032934,-0.34891,1.7959,-3.5299,-4.2828
-4.46,-5.7994,-1.1305,7.4702,-1.0063,-2.1126,3.2116,-0.24008,-0.58302,1.5806,-3.6691,-3.952
-4.735,-6.8376,-1.6093,8.0497,-0.86374,-2.9365,3.335,-0.5222,-0.89497,1.282,-3.6592,-3.5938
-4.6718,-7.6043,-2.1696,8.3348,-0.55449,-3.7138,3.4125,-0.82702,-1.2891,0.89065,-3.5036,-3.2168
-4.2766,-8.0385,-2.7768,8.2975,-0.10504,-4.3932,3.4358,-1.1521,-1.7551,0.41127,-3.243,-2.8392
-3.6248,-8.11,-3.3594,7.959,0.41479,-4.912,3.4008,-1.4824,-2.2675,-0.14249,-2.9767,-2.4867
-2.8471,-7.8254,-3.8194,7.3865,0.90768,-5.205,3.3069,-1.79,-2.7929,-0.75182,-2.8816,-2.189
-2.0989,-7.2259,-4.057,6.68,1.2737,-5.2187,3.1575,-2.0428,-3.3027,-1.4021,-3.1552,-1.9739
-1.5239,-6.3827,-4.0003,5.9523,1.4342,-4.9294,2.96,-2.2152,-3.7787,-2.0858,-3.8966,-1.86
-1.2238,-5.3913,-3.6273,5.3063,1.3475,-4.3565,2.7264,-2.297,-4.2143,-2.8001,-5.1335,-1.8516
-1.2422,-4.3641,-2.9718,4.818,1.0141,-3.5641,2.4731,-2.2988,-4.6117,-3.541,-6.9339,-1.9396
-1.5634,-3.4163,-2.1127,4.5265,0.47397,-2.6495,2.22,-2.2507,-4.9769,-4.3013,-9.3076,-2.1068
-2.1215,-2.6481,-1.1569,4.4334,-0.20127,-1.7231,1.988,-2.1943,-5.3139,-5.0717,-12.117,-2.3342
-2.8163,-2.127,-0.22007,4.5073,-0.91914,-0.88904,1.7971,-2.1692,-5.6208,-5.8387,-15.205,-2.6064
-3.5327,-1.8775,0.59165,4.6928,-1.5816,-0.22692,1.6642,-2.2021,-5.89,-6.5795,-18.47,-2.9142
-4.161,-1.8796,1.1989,4.921,-2.1042,0.21852,1.6005,-2.3014,-6.1136,-7.2583,-21.773,-3.2518
-4.6146,-2.0736,1.5619,5.1221,-2.4343,0.44013,1.6076,-2.4598,-6.2901,-7.8309,-24.852,-3.609
-4.8417,-2.3691,1.6851,5.2372,-2.5617,0.46445,1.6757,-2.6662,-6.4268,-8.2574,-27.388,-3.9672
-4.8298,-2.6613,1.6105,5.226,-2.5152,0.34287,1.7849,-2.9082,-6.5408,-8.5175,-29.147,-4.3007
-4.6059,-2.8566,1.4039,5.0727,-2.3488,0.13838,1.9093,-3.1709,-6.651,-8.6217,-30.023,-4.5871
-4.2311,-2.9015,1.1377,4.7945,-2.1239,-0.088071,2.0233,-3.4349,-6.7682,-8.6112,-30.02,-4.818
-3.7875,-2.8023,0.87413,4.4466,-1.8952,-0.28851,2.1068,-3.6774,-6.887,-8.544,-29.227,-4.9971
-3.3633,-2.6244,0.65342,4.1153,-1.7031,-0.43861,2.1485,-3.876,-6.9838,-8.4736,-27.762,-5.1338
-3.0403,-2.4722,0.4888,3.894,-1.5727,-0.54643,2.1454,-4.0145,-7.0236,-8.4283,-25.744,-5.2359
-2.883,-2.4559,0.36998,3.8539,-1.5135,-0.64911,2.1,-4.0884,-6.9756,-8.406,-23.352,-5.3073
-2.9259,-2.6546,0.27293,4.0251,-1.5222,-0.79259,2.0156,-4.11,-6.8311,-8.3882,-20.902,-5.3473
-3.1618,-3.0846,0.17513,4.3844,-1.5859,-1.0038,1.8953,-4.1094,-6.6134,-8.3578,-18.777,-5.3559
-3.5373,-3.6822,0.071461,4.8549,-1.6863,-1.271,1.74,-4.1288,-6.3737,-8.3129,-17.162,-5.3388
-3.9584,-4.3115,-0.018684,5.3186,-1.8015,-1.5416,1.549,-4.2127,-6.1741,-8.2677,-15.901,-5.3103
-4.3069,-4.796,-0.057901,5.6414,-1.9069,-1.7352,1.32,-4.3978,-6.0651,-8.2449,-14.801,-5.2932
-4.4665,-4.9655,-0.0061118,5.7014,-1.9804,-1.7679,1.0498,-4.702,-6.0672,-8.2649,-13.879,-5.3116
-4.3553,-4.7018,0.16473,5.4176,-2.0114,-1.579,0.73741,-5.1142,-6.1643,-8.3355,-13.195,-5.3831
-3.9572,-3.977,0.46302,4.7803,-2.0074,-1.1517,0.38785,-5.59,-6.3142,-8.4476,-12.7,-5.5113
-3.3383,-2.8711,0.87785,3.8692,-1.9917,-0.51966,0.014928,-6.0592,-6.4697,-8.5794,-12.276,-5.6825
-2.6352,-1.5604,1.3855,2.8425,-1.9974,0.24414,-0.36093,-6.4474,-6.6017,-8.7038,-11.802,-5.8701
-2.0224,-0.26905,1.9598,1.8938,-2.0663,1.0526,-0.72105,-6.7037,-6.7086,-8.7968,-11.181,-6.044
-1.6686,0.80551,2.5846,1.195,-2.2486,1.8345,-1.0558,-6.8172,-6.8081,-8.8412,-10.361,-6.1794
-1.69,1.5555,3.2615,0.84633,-2.5935,2.5555,-1.3615,-6.8125,-6.9193,-8.8286,-9.3396,-6.2622
-2.1143,1.9827,4.0075,0.84958,-3.1279,3.2229,-1.6303,-6.7314,-7.0468,-8.7576,-8.1579,-6.2886
-2.8682,2.1794,4.8399,1.1098,-3.8341,3.8721,-1.8438,-6.614,-7.1776,-8.6312,-6.8925,-6.2619
-3.7908,2.2969,5.7522,1.4661,-4.6411,4.5441,-1.9761,-6.4878,-7.2896,-8.4546,-5.6363,-6.1895
-4.6709,2.5151,6.6971,1.7442,-5.4371,5.2617,-2.0019,-6.3652,-7.366,-8.2344,-4.4817,-6.0812
-5.297,3.0072,7.5881,1.803,-6.0964,6.0153,-1.9048,-6.245,-7.4076,-7.9799,-3.5044,-5.9467
-5.5073,3.8793,8.3194,1.5593,-6.5131,6.7619,-1.6836,-6.1156,-7.433,-7.7037,-2.7523,-5.7953
-5.2375,5.0911,8.7977,1.0027,-6.6307,7.4332,-1.3547,-5.962,-7.467,-7.4217,-2.2384,-5.6347
-4.5495,6.4368,8.972,0.21045,-6.4579,7.9505,-0.95101,-5.7721,-7.525,-7.1514,-1.939,-5.4723
-3.618,7.6371,8.8475,-0.66347,-6.064,8.2422,-0.51441,-5.5416,-7.6051,-6.909,-1.7985,-5.3166
-2.6797,8.4474,8.477,-1.4294,-5.5547,8.2578,-0.085283,-5.2745,-7.6916,-6.7098,-1.7389,-5.1795
-1.9671,8.7025,7.9353,-1.9062,-5.0393,7.9724,0.30742,-4.9811,-7.7653,-6.5687,-1.6738,-5.0757
-1.6478,8.3187,7.288,-1.9582,-4.6013,7.3878,0.65267,-4.6738,-7.8121,-6.4996,-1.5243,-5.0196
-1.7877,7.2878,6.5687,-1.5236,-4.2821,6.5282,0.95709,-4.3644,-7.826,-6.5137,-1.2332,-5.0205
-2.3442,5.6675,5.7738,-0.62711,-4.078,5.4296,1.2371,-4.0632,-7.8086,-6.6152,-0.77442,-5.0806
-3.1882,3.5684,4.8754,0.62972,-3.9461,4.1275,1.5072,-3.7811,-7.769,-6.7996,-0.15214,-5.1957
-4.1467,1.138,3.8465,2.0951,-3.8173,2.6537,1.7695,-3.5309,-7.7213,-7.0535,0.60452,-5.3563
-5.0507,-1.4544,2.6853,3.6026,-3.6219,1.0478,2.0121,-3.3264,-7.6798,-7.356,1.4458,-5.5511
-5.7731,-4.0236,1.4282,5.0034,-3.3217,-0.62718,2.2126,-3.1773,-7.6531,-7.6824,2.3022,-5.7686
-6.2554,-6.3684,0.15138,6.187,-2.9332,-2.2759,2.3468,-3.0849,-7.6415,-8.0089,3.088,-5.9988
-6.5199,-8.2954,-1.0351,7.0905,-2.528,-3.7765,2.3971,-3.0415,-7.6405,-8.3164,3.7119,-6.2353
-6.6589,-9.6729,-2.0023,7.7025,-2.2118,-4.9999,2.3578,-3.0351,-7.6469,-8.5937,4.0933,-6.4758
-6.798,-10.474,-2.6278,8.063,-2.09,-5.8365,2.2379,-3.0563,-7.6616,-8.8358,4.1749,-6.7218
-7.0483,-10.77,-2.8258,8.2534,-2.2348,-6.2227,2.0577,-3.1021,-7.6867,-9.0401,3.9288,-6.9744
-7.4724,-10.678,-2.5693,8.3746,-2.6656,-6.1563,1.8433,-3.1774,-7.7198,-9.2009,3.3588,-7.23
-8.0779,-10.323,-1.8945,8.5191,-3.3486,-5.6983,1.6188,-3.2913,-7.7501,-9.3059,2.5025,-7.4782
-8.8315,-9.8096,-0.89085,8.7439,-4.2098,-4.958,1.4015,-3.4501,-7.7581,-9.3359,1.429,-7.7029
-9.6717,-9.2236,0.31667,9.0569,-5.1533,-4.063,1.2015,-3.6506,-7.7211,-9.2695,0.23132,-7.8884
-10.517,-8.618,1.5884,9.4174,-6.0799,-3.1226,1.0237,-3.8768,-7.6221,-9.0918,-0.99046,-8.0255
-11.27,-8.002,2.7928,9.7473,-6.9045,-2.201,0.87025,-4.102,-7.4575,-8.8035,-2.1489,-8.1147
-11.831,-7.3378,3.834,9.9477,-7.5676,-1.3116,0.74169,-4.2976,-7.2387,-8.4254,-3.1868,-8.1634
-12.105,-6.5555,4.6753,9.9192,-8.0382,-0.43284,0.6381,-4.4417,-6.988,-7.9931,-4.0862,-8.1803
-12.017,-5.5817,5.3329,9.5837,-8.3044,0.46263,0.56017,-4.5233,-6.7295,-7.5448,-4.8707,-8.1703
-11.534,-4.3707,5.8376,8.9055,-8.3588,1.3825,0.51042,-4.5405,-6.4795,-7.1072,-5.6014,-8.1311
-10.666,-2.9321,6.2017,7.9045,-8.1888,2.3036,0.49341,-4.4948,-6.24,-6.6883,-6.3674,-8.0522
-9.4783,-1.3451,6.408,6.6553,-7.7792,3.1727,0.5146,-4.3887,-6.0009,-6.2795,-7.2656,-7.919
-8.0714,0.25271,6.4134,5.273,-7.1243,3.9133,0.57819,-4.2258,-5.7468,-5.8661,-8.37,-7.7179
-6.558,1.6993,6.1635,3.8894,-6.2361,4.4393,0.68583,-4.0134,-5.4679,-5.4404,-9.706,-7.4451
-5.036,2.8476,5.6155,2.6269,-5.1478,4.6746,0.83679,-3.7628,-5.1671,-5.0106,-11.243,-7.1118
-3.5761,3.5976,4.7625,1.5756,-3.9115,4.5764,1.0288,-3.4873,-4.8617,-4.6015,-12.911,-6.745
-2.224,3.9158,3.6447,0.7766,-2.5931,4.1506,1.2578,-3.1995,-4.5798,-4.2466,-14.632,-6.3812
-1.0079,3.8359,2.3457,0.21944,-1.2678,3.4539,1.5164,-2.9075,-4.3513,-3.9786,-16.345,-6.0546
0.053151,3.4402,0.97649,-0.14175,-0.013532,2.581,1.7931,-2.6172,-4.1973,-3.8187,-18.011,-5.7846
0.94148,2.831,-0.34479,-0.36302,1.0979,1.6416,2.0732,-2.329,-4.1219,-3.7708,-19.589,-5.5699
1.6331,2.1058,-1.5125,-0.4882,2.0095,0.73722,2.3418,-2.0377,-4.1099,-3.8224,-21.021,-5.3919
2.0958,1.3446,-2.4459,-0.53558,2.682,-0.054258,2.5859,-1.7332,-4.1323,-3.9502,-22.212,-5.2264
2.2947,0.60911,-3.0942,-0.49531,3.0927,-0.68116,2.7936,-1.4044,-4.1582,-4.1293,-23.05,-5.057
2.2059,-0.050427,-3.4358,-0.34207,3.2338,-1.1128,2.9533,-1.0448,-4.1665,-4.3414,-23.425,-4.8836
1.8318,-0.58343,-3.47,-0.062032,3.1129,-1.3298,3.0535,-0.65751,-4.1524,-4.5789,-23.26,-4.7225
1.2149,-0.92931,-3.208,0.32041,2.7557,-1.314,3.0868,-0.25713,-4.1259,-4.8448,-22.519,-4.5995
0.44059,-1.0168,-2.6713,0.73567,2.2085,-1.0447,3.0537,0.13544,-4.1031,-5.1468,-21.223,-4.5394
-0.37531,-0.77742,-1.898,1.0874,1.5354,-0.50826,2.9653,0.5007,-4.0949,-5.4891,-19.446,-4.5539
-1.1108,-0.16796,-0.94983,1.2851,0.81065,0.28378,2.8425,0.82711,-4.0981,-5.8649,-17.309,-4.6349
-1.6659,0.80662,0.088298,1.2741,0.10824,1.2767,2.713,1.1124,-4.0967,-6.2539,-14.96,-4.7565
-1.987,2.0733,1.1174,1.0534,-0.50929,2.3688,2.6065,1.3599,-4.0689,-6.6273,-12.538,-4.8861
-2.0792,3.4794,2.0378,0.67706,-1.0005,3.426,2.5494,1.5724,-3.999,-6.9562,-10.16,-4.9979
-2.0061,4.8058,2.7659,0.24487,-1.3518,4.3097,2.5584,1.7493,-3.8869,-7.2202,-7.9174,-5.0837
-1.8732,5.8157,3.2513,-0.1169,-1.5773,4.9048,2.6369,1.8866,-3.7491,-7.4124,-5.8826,-5.1553
-1.8,6.3145,3.4839,-0.27924,-1.7119,5.1411,2.7718,1.9825,-3.6086,-7.5381,-4.1121,-5.2388
-1.8902,6.1901,3.4886,-0.13461,-1.8,5.0005,2.937,2.0431,-3.4803,-7.6095,-2.6389,-5.3606
-2.2085,5.4233,3.3096,0.38034,-1.8826,4.5102,3.0998,2.0844,-3.3611,-7.6396,-1.4691,-5.5343
-2.7714,4.074,2.9917,1.2701,-1.9883,3.7256,3.2306,2.1287,-3.2314,-7.6376,-0.58599,-5.754
-3.5482,2.2575,2.5704,2.4801,-2.1283,2.7145,3.3092,2.1927,-3.0666,-7.6084,0.043116,-5.9978
-4.47,0.12993,2.0732,3.9047,-2.2975,1.5502,3.3233,2.2811,-2.8538,-7.5558,0.46404,-6.2401
-5.4428,-2.1123,1.5284,5.3998,-2.4814,0.31842,3.2629,2.3807,-2.6052,-7.4865,0.73275,-6.4645
-6.3649,-4.2334,0.97703,6.7999,-2.6656,-0.87802,3.1152,2.4647,-2.3595,-7.4125,0.90924,-6.6717
-7.1467,-5.9848,0.47593,7.944,-2.8446,-1.9266,2.8655,2.5041,-2.1705,-7.3478,1.048,-6.877
-7.7312,-7.1647,0.091417,8.7077,-3.0252,-2.7223,2.5028,2.4822,-2.0842,-7.3025,1.1876,-7.1004
-8.1061,-7.684,-0.11749,9.0374,-3.2233,-3.1877,2.0283,2.4044,-2.117,-7.2774,1.3439,-7.3536
-8.302,-7.5932,-0.11734,8.9694,-3.4541,-3.293,1.4622,2.3008,-2.2465,-7.2647,1.508,-7.6312
-8.3777,-7.0516,0.087996,8.625,-3.7214,-3.0679,0.84359,2.2177,-2.4194,-7.251,1.6516,-7.909
-8.405,-6.2719,0.45674,8.1786,-4.0136,-2.6004,0.22359,2.2019,-2.572,-7.2219,1.7367,-8.1511
-8.4583,-5.47,0.92053,7.8091,-4.3113,-2.0147,-0.34612,2.2837,-2.6509,-7.1645,1.727,-8.324
-8.6018,-4.8242,1.4041,7.6523,-4.6005,-1.4357,-0.82167,2.4676,-2.6278,-7.0669,1.597,-8.409
-8.871,-4.4435,1.844,7.7689,-4.8772,-0.95713,-1.1705,2.7355,-2.5001,-6.9184,1.3377,-8.4059
-9.2531,-4.3515,2.1963,8.1353,-5.1383,-0.62474,-1.3727,3.0574,-2.2856,-6.7075,0.95985,-8.3259
-9.6727,-4.4883,2.4306,8.6539,-5.3592,-0.43958,-1.423,3.4047,-2.0095,-6.422,0.49609,-8.1798
-9.9973,-4.7313,2.5196,9.1747,-5.4793,-0.37379,-1.3308,3.7584,-1.6922,-6.0498,-0.0018976,-7.969
-10.067,-4.9334,2.4336,9.5251,-5.4105,-0.39252,-1.1173,4.1119,-1.3417,-5.5801,-0.47207,-7.6854
-9.7372,-4.9657,2.1392,9.5466,-5.0631,-0.47195,-0.8103,4.4663,-0.95534,-5.0054,-0.85497,-7.3188
-8.9154,-4.7474,1.6049,9.134,-4.3749,-0.6068,-0.43779,4.8229,-0.52737,-4.3236,-1.1067,-6.8674
-7.5905,-4.2625,0.8165,8.2683,-3.3342,-0.80776,-0.025121,5.1759,-0.060826,-3.5434,-1.2089,-6.3444
-5.8504,-3.5639,-0.20281,7.0299,-1.9954,-1.091,0.40439,5.5107,0.42468,-2.6883,-1.1736,-5.7781
-3.8821,-2.7597,-1.3822,5.5849,-0.47866,-1.463,0.82705,5.8096,0.89361,-1.7961,-1.0416,-5.2055
-1.9392,-1.9828,-2.6088,4.1486,1.0498,-1.9074,1.2182,6.0609,1.3052,-0.91226,-0.875,-4.6637
-0.28174,-1.3571,-3.7489,2.938,2.4109,-2.3818,1.5559,6.2669,1.6291,-0.078565,-0.74305,-4.1834
0.88283,-0.97405,-4.6757,2.1273,3.4479,-2.8274,1.8264,6.4454,1.8585,0.67659,-0.70801,-3.7854
1.4382,-0.88088,-5.2977,1.8147,4.056,-3.1867,2.0278,6.6251,2.0156,1.3433,-0.81393,-3.4803
1.3692,-1.0804,-5.5766,2.0124,4.2004,-3.4214,2.1681,6.8344,2.1445,1.9286,-1.0793,-3.268
0.75099,-1.543,-5.5333,2.6607,3.9207,-3.5262,2.2608,7.0898,2.2927,2.4498,-1.4929,-3.1377
-0.27055,-2.2231,-5.2415,3.6487,3.3232,-3.5334,2.3204,7.3878,2.4903,2.9243,-2.0138,-3.0677
-1.5012,-3.0674,-4.8136,4.8299,2.561,-3.5068,2.359,7.7058,2.7347,3.3599,-2.579,-3.0312
-2.7274,-4.0095,-4.3798,6.0401,1.8028,-3.5187,2.3863,8.0112,2.9909,3.7478,-3.1162,-3.0082
-3.7543,-4.9544,-4.0563,7.1183,1.1941,-3.6159,2.4104,8.2747,3.2055,4.0639,-3.5585,-2.9934
-4.4372,-5.7691,-3.9049,7.9204,0.82415,-3.7907,2.4389,8.4797,3.3293,4.2784,-3.8558,-2.9935
-4.6951,-6.2957,-3.9072,8.3332,0.71329,-3.9736,2.4784,8.6247,3.3372,4.3723,-3.9786,-3.0149
-4.515,-6.3856,-3.9818,8.2923,0.82175,-4.0559,2.5328,8.7207,3.234,4.3498,-3.9168,-3.0544
-3.9519,-5.935,-4.0323,7.7953,1.0736,-3.9307,2.6028,8.7865,3.0482,4.2363,-3.6769,-3.102
-3.1177,-4.912,-3.9832,6.8998,1.3807,-3.534,2.6857,8.8436,2.8187,4.0672,-3.2786,-3.1497
-2.1569,-3.3765,-3.7956,5.713,1.6586,-2.867,2.7769,8.9127,2.5823,3.8762,-2.754,-3.1965
-1.2163,-1.4941,-3.4723,4.3827,1.8415,-1.9981,2.8715,9.0088,2.3653,3.6867,-2.1444,-3.2475
-0.42149,0.47171,-3.0565,3.0841,1.8968,-1.0506,2.9644,9.1361,2.1786,3.5068,-1.4966,-3.3096
0.13575,2.1927,-2.6208,1.9993,1.8282,-0.1841,3.0494,9.2847,2.0204,3.3284,-0.85922,-3.389
0.39875,3.3437,-2.2481,1.2899,1.6651,0.43421,3.1171,9.4323,1.8852,3.1329,-0.27903,-3.4897
0.34081,3.6921,-2.0112,1.0743,1.4453,0.66933,3.1539,9.5519,1.7719,2.9007,0.20224,-3.6156
-0.040509,3.1584,-1.9545,1.4116,1.1968,0.45775,3.1421,9.6241,1.6893,2.6216,0.55072,-3.7719
-0.7289,1.8119,-2.0764,2.2932,0.92564,-0.17738,3.0634,9.6458,1.6537,2.3001,0.74263,-3.9648
-1.694,-0.17858,-2.3182,3.6475,0.61321,-1.1378,2.9029,9.6344,1.68,1.9563,0.7659,-4.1974
-2.8933,-2.5985,-2.5733,5.3551,0.22353,-2.27,2.6552,9.6187,1.772,1.6227,0.62176,-4.4646
-4.2664,-5.1947,-2.7184,7.2584,-0.28171,-3.3831,2.3283,9.6299,1.9197,1.3398,0.32615,-4.7501
-5.7252,-7.6431,-2.6481,9.1619,-0.92425,-4.2771,1.9448,9.6933,2.1059,1.149,-0.089995,-5.0267
-7.1472,-9.5654,-2.2981,10.843,-1.6929,-4.7822,1.541,9.8256,2.3184,1.0875,-0.58312,-5.2596
-8.386,-10.627,-1.653,12.084,-2.5385,-4.7933,1.1618,10.037,2.5613,1.1841,-1.1029,-5.4115
-9.2973,-10.651,-0.74371,12.719,-3.3832,-4.2807,0.85351,10.337,2.8572,1.4592,-1.6002,-5.4487
-9.7685,-9.6711,0.36298,12.67,-4.1411,-3.282,0.65424,10.737,3.24,1.9281,-2.0342,-5.3452
-9.7409,-7.9033,1.5772,11.963,-4.7384,-1.8896,0.58951,11.257,3.7439,2.6038,-2.3747,-5.0867
-9.2208,-5.6346,2.8028,10.705,-5.1289,-0.22987,0.67539,11.923,4.396,3.4978,-2.6,-4.6713
-8.2779,-3.0521,3.9573,9.0387,-5.2982,1.5757,0.92884,12.765,5.2155,4.6196,-2.6921,-4.1085
-7.0246,-0.0016715,4.9942,7.073,-5.2619,3.4668,1.3805,13.811,6.2198,5.9758,-2.634,-3.4153
-5.5772,4.2119,5.9192,4.812,-5.0595,5.504,2.0904,15.085,7.43,7.5735,-2.4104,-2.6081
-4.0244,9.885,6.7946,2.1378,-4.7476,7.886,3.1617,16.598,8.8735,9.4259,-2.01,-1.6931
-2.4196,15.609,7.7328,-1.0719,-4.392,10.828,4.7254,18.347,10.576,11.552,-1.4261,-0.6569
-0.79259,20.326,8.8854,-4.8066,-4.0591,14.288,6.8893,20.314,12.548,13.96,-0.65691,0.5375
0.83416,24.44,10.438,-8.9285,-3.8089,17.918,9.6858,22.466,14.761,16.618,0.29517,1.9454
2.4307,28.755,12.592,-13.237,-3.691,21.551,13.039,24.748,17.137,19.434,1.4228,3.6182
3.9498,33.715,15.465,-17.529,-3.7421,25.44,16.75,27.083,19.556,22.271,2.7107,5.5591
5.3292,39.229,18.911,-21.642,-3.9865,29.768,20.532,29.374,21.897,25.007,4.1318,7.6777
6.5018,44.895,22.655,-25.432,-4.4379,34.402,24.078,31.513,24.08,27.571,5.6507,9.8036
7.4098,50.385,26.619,-28.744,-5.0985,39.12,27.14,33.403,26.087,29.939,7.2361,11.776
8.0176,55.591,30.939,-31.473,-5.9528,43.818,29.573,34.975,27.952,32.111,8.874,13.525
8.3265,60.515,35.759,-33.607,-6.9628,48.507,31.352,36.193,29.711,34.088,10.569,15.069
8.3908,65.174,41.095,-35.205,-8.0674,53.207,32.566,37.044,31.367,35.862,12.331,16.468
8.318,69.549,46.757,-36.361,-9.1888,57.85,33.366,37.512,32.872,37.415,14.164,17.771
8.2399,73.494,52.324,-37.168,-10.244,62.223,33.878,37.579,34.142,38.725,16.052,18.999
8.254,76.685,57.188,-37.698,-11.158,65.935,34.092,37.218,35.094,39.782,17.959,20.14
8.3848,78.713,60.711,-38.001,-11.868,68.509,33.766,36.397,35.677,40.587,19.835,21.162
8.5975,79.311,62.459,-38.123,-12.32,69.626,32.528,35.102,35.894,41.155,21.626,22.021
8.852,78.58,62.344,-38.123,-12.459,69.307,30.205,33.362,35.777,41.503,23.286,22.692
9.1524,76.979,60.553,-38.065,-12.239,67.834,26.97,31.262,35.359,41.63,24.784,23.175
9.5542,75.015,57.424,-37.991,-11.634,65.569,23.141,28.922,34.642,41.501,26.099,23.492
10.139,72.989,53.348,-37.919,-10.651,62.849,19.021,26.458,33.606,41.057,27.22,23.672
10.976,71.006,48.7,-37.835,-9.3376,59.919,14.847,23.934,32.222,40.252,28.145,23.737
12.073,69.059,43.813,-37.71,-7.7868,56.928,10.762,21.37,30.467,39.071,28.875,23.689
13.348,67.098,38.975,-37.505,-6.1296,53.963,6.8146,18.77,28.333,37.531,29.388,23.513
14.645,65.057,34.401,-37.189,-4.5169,51.083,2.9974,16.163,25.858,35.661,29.633,23.188
15.773,62.864,30.201,-36.76,-3.0934,48.334,-0.72668,13.603,23.131,33.504,29.551,22.7
16.564,60.47,26.386,-36.241,-1.9664,45.757,-4.4316,11.139,20.286,31.106,29.109,22.059
16.945,57.897,22.924,-35.673,-1.1787,43.378,-8.2575,8.784,17.454,28.511,28.333,21.304
16.961,55.295,19.859,-35.098,-0.70002,41.191,-12.411,6.5076,14.711,25.761,27.297,20.489
16.745,52.9,17.352,-34.546,-0.43954,39.142,-17.049,4.2405,12.059,22.892,26.099,19.664
16.452,50.879,15.466,-34.024,-0.27469,37.12,-22.068,1.8944,9.4576,19.935,24.845,18.867
16.183,49.199,14.008,-33.514,-0.089241,34.952,-27.102,-0.61941,6.8722,16.927,23.631,18.117
15.959,47.651,12.706,-32.96,0.19355,32.423,-31.831,-3.3743,4.3143,13.923,22.537,17.422
15.736,45.988,11.383,-32.273,0.5966,29.381,-36.139,-6.4145,1.8309,11.004,21.612,16.785
15.459,43.994,9.9715,-31.348,1.0971,25.904,-40.0,-9.7499,-0.53568,8.2549,20.876,16.218
15.137,41.48,8.4805,-30.092,1.6524,22.307,-43.411,-13.356,-2.7785,5.7358,20.32,15.741
14.869,38.314,6.952,-28.484,2.2347,18.906,-46.424,-17.181,-4.9269,3.4713,19.911,15.378
14.806,34.567,5.4296,-26.63,2.8674,15.835,-49.14,-21.153,-7.029,1.4547,19.588,15.153
15.065,30.541,3.9356,-24.757,3.6556,13.081,-51.658,-25.183,-9.1324,-0.35132,19.269,15.07
15.654,26.604,2.4606,-23.121,4.7959,10.603,-54.01,-29.166,-11.266,-2.0002,18.871,15.12
16.517,23.026,0.96667,-21.93,6.5113,8.4022,-56.172,-32.99,-13.424,-3.5356,18.336,15.29
17.67,19.962,-0.60182,-21.329,8.8655,6.5471,-58.121,-36.548,-15.567,-4.9747,17.643,15.581
19.233,17.568,-2.3225,-21.399,11.681,5.1327,-59.855,-39.759,-17.627,-6.3071,16.812,15.998
21.312,16.078,-4.306,-22.154,14.749,4.1626,-61.394,-42.584,-19.532,-7.5049,15.888,16.537
23.904,15.644,-6.6424,-23.524,17.897,3.4984,-62.775,-45.026,-21.22,-8.5368,14.933,17.182
26.928,16.083,-9.2735,-25.338,20.959,2.9624,-64.065,-47.106,-22.636,-9.3829,14.011,17.905
30.284,16.907,-11.959,-27.354,23.928,2.4241,-65.351,-48.844,-23.746,-10.046,13.182,18.676
33.858,17.612,-14.461,-29.307,27.033,1.783,-66.639,-50.237,-24.53,-10.549,12.506,19.459
37.518,17.866,-16.715,-30.981,30.634,0.95362,-67.732,-51.262,-24.981,-10.921,12.042,20.211
41.132,17.511,-18.795,-32.227,34.897,-0.10122,-68.25,-51.881,-25.099,-11.172,11.841,20.89
44.468,16.532,-20.739,-32.94,39.351,-1.3313,-67.797,-52.061,-24.892,-11.281,11.936,21.479
47.028,15.077,-22.409,-33.026,42.957,-2.595,-66.111,-51.793,-24.382,-11.213,12.328,21.982
48.111,13.431,-23.534,-32.42,44.745,-3.698,-63.128,-51.106,-23.607,-10.937,12.978,22.417
47.141,11.914,-23.825,-31.153,44.115,-4.4525,-58.997,-50.074,-22.621,-10.456,13.808,22.786
44.08,10.751,-23.101,-29.361,40.92,-4.7308,-54.052,-48.801,-21.492,-9.8107,14.701,23.068
39.642,9.992,-21.382,-27.183,35.832,-4.5013,-48.736,-47.401,-20.298,-9.0763,15.499,23.221
34.79,9.5022,-18.919,-24.665,30.249,-3.8444,-43.491,-45.984,-19.116,-8.3414,16.04,23.198
30.005,9.0308,-16.142,-21.782,25.233,-2.9388,-38.683,-44.639,-18.01,-7.6905,16.192,22.966
25.334,8.3526,-13.504,-18.485,21.047,-2.0139,-34.585,-43.43,-17.024,-7.1882,15.884,22.516
20.774,7.3712,-11.283,-14.722,17.597,-1.2816,-31.374,-42.391,-16.193,-6.871,15.117,21.87
16.355,6.1071,-9.5135,-10.558,14.709,-0.87816,-29.112,-41.53,-15.547,-6.7462,13.961,21.079
12.071,4.6261,-8.1124,-6.3569,12.15,-0.83612,-27.717,-40.834,-15.109,-6.7968,12.548,20.199
7.9116,3.0152,-6.9853,-2.6738,9.6863,-1.0905,-26.971,-40.286,-14.887,-6.9886,11.044,19.28
4.0688,1.3922,-6.0627,0.18287,7.1955,-1.5179,-26.587,-39.885,-14.862,-7.2822,9.6155,18.353
0.99316,-0.10601,-5.3605,2.2657,4.8515,-1.9935,-26.333,-39.665,-15.003,-7.6445,8.3851,17.434
-1.0779,-1.3594,-4.9078,3.7486,3.0812,-2.4262,-26.135,-39.691,-15.276,-8.0513,7.4188,16.541
-2.3415,-2.2974,-4.6345,4.7665,2.0232,-2.7638,-26.071,-40.023,-15.642,-8.4782,6.7362,15.704
-3.0685,-2.915,-4.463,5.4005,1.4354,-3.001,-26.253,-40.677,-16.052,-8.8921,6.3357,14.972
-3.4033,-3.2664,-4.4005,5.7037,1.1109,-3.1885,-26.695,-41.579,-16.443,-9.2537,6.2059,14.395
-3.3993,-3.4334,-4.5084,5.7204,1.0026,-3.4117,-27.262,-42.557,-16.743,-9.5293,6.3166,13.994
-3.0878,-3.4761,-4.8401,5.494,1.1308,-3.7408,-27.703,-43.354,-16.892,-9.7046,6.6024,13.714
-2.5238,-3.4004,-5.4054,5.0668,1.4966,-4.1946,-27.731,-43.663,-16.859,-9.7929,6.9499,13.407
-1.8042,-3.1687,-6.1773,4.4813,2.0569,-4.7592,-27.128,-43.166,-16.648,-9.8318,7.1996,12.843
-1.0628,-2.7334,-7.1965,3.7811,2.7497,-5.5051,-25.811,-41.567,-16.283,-9.8627,7.1672,11.732
-0.44589,-1.7025,-8.9028,2.9934,3.5914,-6.5027,-23.979,-38.767,-15.763,-9.8918,6.6876,9.9085
-0.07757,1.3456,-9.5347,2.0443,5.083,-3.2794,-22.635,-35.725,-15.014,-9.8658,5.6864,8.1009
-0.016622,2.1415,-6.4175,0.62261,7.738,-1.887,-23.448,-37.665,-13.85,-9.6974,4.2465,8.1243
-0.16427,2.8348,-5.8163,-1.0176,6.0626,-1.3344,-25.916,-53.539,-12.248,-9.0999,2.6508,8.7679
0.43267,3.2738,-4.4041,-1.3055,4.7307,-0.74409,-26.891,-61.953,-18.756,-3.8754,1.6196,7.5893
0.45733,2.3879,-3.0011,0.81398,2.3516,-0.89278,-25.226,-58.631,-19.344,1.9896,6.0801,18.275
-3.4853,-1.3345,-3.4934,4.4279,0.060901,-3.078,-21.244,-48.963,-14.346,1.132,5.1634,22.808
-6.641,-9.3456,-8.0448,8.9041,-0.62047,-9.5639,-14.92,-31.694,-9.787,-1.4295,1.9535,16.052
-8.0907,-24.281,-19.502,16.407,2.1503,-23.734,-6.0649,-8.1936,-5.0272,-5.9484,-3.3626,2.184
-7.7772,-52.28,-42.33,27.402,11.395,-48.894,5.2638,19.034,-0.96538,-13.587,-12.469,-17.84
-5.9695,-90.218,-79.132,43.101,30.041,-83.989,19.514,48.781,2.1161,-24.64,-26.503,-39.979
-2.0024,-126.9,-125.56,60.279,59.147,-124.01,39.198,81.726,9.3456,-32.986,-40.794,-57.407
6.7397,-162.06,-179.16,72.253,96.129,-167.94,57.924,120.97,27.345,-26.419,-43.13,-62.906
29.169,-191.06,-238.02,74.493,140.3,-212.04,68.178,172.17,66.313,8.8708,-19.774,-47.997
79.542,-207.72,-299.69,62.798,193.11,-251.48,75.59,243.01,143.03,91.851,41.135,-1.249
142.98,-207.41,-362.27,32.206,255.66,-282.89,84.018,340.33,264.66,230.58,154.0,87.247
226.37,-187.17,-423.87,-21.17,328.28,-304.12,94.134,466.88,437.56,434.39,322.79,224.01
331.94,-143.7,-482.95,-98.084,410.27,-312.04,103.55,617.33,662.38,706.28,552.8,411.07
456.12,-76.21,-537.31,-195.58,499.07,-305.2,107.45,775.89,928.2,1038.9,840.5,644.58
592.08,13.398,-582.72,-308.4,589.43,-282.71,98.992,916.91,1212.9,1412.8,1173.2,913.99
729.93,121.59,-613.05,-430.39,673.44,-243.7,68.75,1009.1,1485.3,1797.1,1528.6,1202.0
857.32,242.52,-621.57,-553.21,741.55,-187.84,8.6993,1023.3,1710.8,2152.4,1875.3,1485.5
961.03,367.11,-603.27,-666.0,784.53,-117.03,-82.982,940.61,1857.5,2436.5,2176.3,1737.6
1029.4,483.17,-557.4,-756.91,795.92,-36.794,-200.43,759.4,1902.0,2610.7,2394.2,1931.7
1054.7,577.61,-488.71,-815.72,774.14,44.011,-331.63,495.34,1832.8,2646.7,2498.3,2045.8
1035.3,639.55,-406.61,-836.5,723.15,115.21,-462.25,176.35,1650.6,2531.9,2471.2,2066.9
975.7,662.84,-322.51,-818.75,651.11,167.98,-579.67,-165.06,1367.0,2270.6,2311.9,1993.3
885.02,646.69,-246.72,-766.38,567.77,196.9,-675.55,-498.3,1002.8,1884.2,2036.0,1833.5
773.67,594.67,-186.18,-685.79,481.68,200.62,-746.32,-798.3,585.66,1407.0,1671.5,1603.9
651.18,513.7,-143.78,-584.68,398.94,181.27,-792.21,-1047.0,149.06,883.8,1255.1,1326.3
525.96,413.38,-118.97,-471.66,323.44,143.61,-815.67,-1233.0,-269.67,364.75,827.95,1026.1
406.1,303.99,-108.99,-356.23,257.89,94.123,-819.96,-1350.4,-632.76,-100.07,430.76,730.13
299.37,195.96,-109.99,-248.14,204.32,40.214,-808.14,-1398.7,-907.91,-468.95,97.902,463.25
211.63,99.799,-117.53,-155.72,163.56,-10.702,-782.83,-1383.3,-1075.7,-717.22,-149.36,243.73
145.21,23.1,-127.05,-83.673,134.63,-53.047,-746.2,-1315.4,-1135.2,-842.67,-306.7,79.836
98.6,-31.73,-134.9,-32.458,114.88,-84.822,-700.1,-1209.8,-1103.9,-864.24,-385.49,-30.356
67.069,-67.22,-139.31,0.8899,101.04,-105.62,-646.01,-1083.2,-1011.4,-813.94,-406.94,-96.016
44.405,-88.836,-136.71,21.504,90.283,-116.15,-585.26,-950.48,-889.45,-725.99,-394.15,-129.34
26.637,-101.54,-122.99,34.837,80.121,-119.41,-519.38,-822.39,-763.79,-628.13,-366.57,-141.98
11.814,-108.75,-114.99,45.096,68.165,-118.4,-450.52,-705.19,-650.41,-537.86,-336.79,-143.06
-1.6243,-113.07,-107.92,54.348,54.343,-113.61,-381.46,-601.15,-555.61,-462.82,-310.29,-138.64
-13.677,-114.52,-100.67,62.457,40.834,-106.28,-315.18,-510.45,-478.14,-403.47,-287.54,-132.05
-22.151,-112.9,-93.083,67.655,30.722,-98.083,-254.33,-431.32,-411.86,-356.29,-266.83,-124.52
-25.452,-108.29,-85.738,67.563,28.843,-90.093,-201.74,-361.18,-354.1,-316.9,-244.91,-115.76
-21.749,-100.17,-79.65,60.017,32.067,-83.71,-160.03,-298.73,-305.53,-280.96,-217.46,-103.55
-8.8137,-88.107,-75.297,44.531,33.056,-77.89,-129.17,-244.29,-261.04,-245.98,-184.69,-86.776
-3.4295,-74.585,-71.927,33.624,32.572,-71.695,-107.83,-198.34,-218.33,-213.22,-151.76,-68.147
-0.85631,-60.785,-68.159,24.809,31.846,-64.577,-92.86,-159.76,-178.21,-178.62,-120.93,-53.431
1.0958,-47.057,-62.9,17.403,30.446,-56.397,-80.328,-127.26,-141.25,-145.18,-92.883,-41.992
2.2135,-35.267,-55.988,12.467,27.682,-47.711,-67.431,-101.07,-109.56,-115.22,-67.189,-33.516
2.2916,-27.096,-47.996,10.267,23.497,-39.42,-54.354,-80.76,-85.514,-91.734,-47.416,-28.065
1.3724,-22.597,-39.557,9.8331,18.515,-32.367,-42.866,-64.763,-69.32,-75.924,-34.273,-25.264
-0.27061,-20.745,-31.337,9.7696,13.644,-26.998,-33.322,-51.975,-58.862,-65.962,-26.912,-24.479
-2.239,-20.165,-24.163,9.2252,9.4962,-23.212,-25.516,-42.003,-51.816,-60.664,-24.085,-24.924
-4.1345,-19.412,-18.557,8.7616,6.2685,-20.541,-20.464,-34.796,-46.671,-58.951,-24.387,-25.202
-5.6536,-17.035,-14.514,8.8989,3.9095,-18.295,-19.015,-31.112,-42.629,-59.147,-26.323,-23.145
-6.651,-13.379,-11.696,9.2232,2.2367,-15.546,-18.514,-31.762,-39.169,-59.563,-27.864,-20.517
-7.1836,-11.219,-9.4921,9.3704,0.99831,-12.01,-18.201,-30.665,-35.637,-59.075,-25.813,-18.641
-7.4502,-10.326,-7.4163,9.3167,-0.020621,-9.2869,-16.955,-26.082,-30.928,-57.123,-23.703,-17.366
-7.6667,-9.9575,-5.7039,9.2212,-0.88521,-7.9277,-14.013,-20.993,-26.65,-52.962,-22.489,-16.514
-8.0085,-9.9977,-4.5977,9.2586,-1.5909,-7.3143,-10.444,-16.666,-23.837,-48.51,-21.747,-15.952
-8.5421,-10.462,-3.956,9.5292,-2.1902,-7.1102,-7.4635,-13.194,-21.548,-45.565,-21.364,-15.551
-9.2166,-11.3,-3.622,10.04,-2.7328,-7.2077,-5.3293,-10.393,-19.518,-43.622,-21.2,-15.187
-9.9136,-12.358,-3.4974,10.711,-3.2035,-7.5259,-3.8392,-8.0845,-17.684,-42.121,-21.108,-14.769
-10.491,-13.403,-3.4893,11.399,-3.5573,-7.932,-2.7936,-6.1412,-16.009,-40.787,-20.968,-14.248
-10.828,-14.178,-3.4893,11.938,-3.7748,-8.2432,-2.0748,-4.4716,-14.48,-39.5,-20.698,-13.621
-10.879,-14.455,-3.3799,12.189,-3.8914,-8.2744,-1.6006,-3.0001,-13.098,-38.213,-20.246,-12.92
-10.681,-14.086,-3.051,12.072,-3.9937,-7.8911,-1.2842,-1.6593,-11.859,-36.908,-19.577,-12.196
-10.337,-13.031,-2.4214,11.583,-4.1919,-7.0396,-1.0304,-0.39242,-10.745,-35.563,-18.661,-11.504
-9.9736,-11.37,-1.4609,10.798,-4.5771,-5.7517,-0.76249,0.84021,-9.732,-34.128,-17.474,-10.89
-9.6995,-9.2955,-0.20673,9.8446,-5.1818,-4.1319,-0.44886,2.0561,-8.7987,-32.526,-16.01,-10.38
-9.5719,-7.063,1.2355,8.8716,-5.9587,-2.3323,-0.094069,3.2524,-7.9346,-30.705,-14.293,-9.9795
-9.5819,-4.9299,2.7112,8.0039,-6.7912,-0.51877,0.28841,4.4141,-7.1425,-28.701,-12.385,-9.6732
-9.667,-3.1042,4.0578,7.3186,-7.5361,1.1616,0.68684,5.5239,-6.4321,-26.679,-10.385,-9.4395
-9.7428,-1.7048,5.1543,6.8362,-8.0801,2.6035,1.0897,6.5703,-5.8079,-24.842,-8.4218,-9.2601
-9.7419,-0.74728,5.9542,6.5357,-8.3806,3.7526,1.4879,7.5515,-5.2602,-23.313,-6.6376,-9.1263
-9.6356,-0.17089,6.4792,6.3759,-8.4668,4.6008,1.8803,8.4744,-4.7659,-22.082,-5.1671,-9.0378
-9.424,0.11563,6.7845,6.304,-8.4028,5.1714,2.2751,9.3483,-4.2997,-21.054,-4.121,-8.9973
-9.1095,0.20382,6.9231,6.2592,-8.2435,5.4994,2.6837,10.176,-3.8489,-20.118,-3.5691,-9.0053
-8.6849,0.17514,6.9239,6.1813,-8.0135,5.6163,3.1119,10.947,-3.4219,-19.195,-3.5289,-9.0578
-8.1419,0.10029,6.7856,6.0206,-7.7126,5.5452,3.5557,11.644,-3.0435,-18.256,-3.9637,-9.1483
-7.4874,0.038018,6.4913,5.7438,-7.3366,5.3081,4.0002,12.253,-2.7366,-17.316,-4.793,-9.2705
-6.7541,0.028833,6.0374,5.3406,-6.8943,4.9389,4.4213,12.779,-2.5045,-16.405,-5.9122,-9.4212
-6.0048,0.086795,5.4575,4.835,-6.4132,4.489,4.7891,13.25,-2.3255,-15.548,-7.2169,-9.6019
-5.329,0.19217,4.8293,4.2952,-5.9418,4.0228,5.0735,13.71,-2.1631,-14.755,-8.6255,-9.8205
-4.839,0.28726,4.2635,3.8348,-5.56,3.6063,5.2524,14.205,-1.9815,-14.023,-10.094,-10.09
-4.6617,0.28171,3.8792,3.5964,-5.3789,3.2905,5.3172,14.769,-1.7583,-13.343,-11.618,-10.423
-4.916,0.070694,3.7692,3.7178,-5.5108,3.0967,5.2769,15.419,-1.4869,-12.714,-13.226,-10.827
-5.6747,-0.44027,3.9661,4.2903,-6.0236,3.0057,5.1568,16.163,-1.1708,-12.136,-14.956,-11.29
-6.9292,-1.3141,4.4257,5.3349,-6.903,2.9564,4.9931,17.002,-0.81605,-11.608,-16.83,-11.785
-8.5743,-2.5691,5.0372,6.8029,-8.0418,2.8617,4.8256,17.933,-0.42573,-11.127,-18.832,-12.273
-10.423,-4.1733,5.6594,8.5828,-9.2605,2.6399,4.688,18.947,-2.1029e-05,-10.683,-20.915,-12.715
-12.249,-6.0382,6.168,10.51,-10.363,2.2502,4.602,20.026,0.46229,-10.263,-23.016,-13.085
-13.839,-8.0099,6.4937,12.382,-11.206,1.7171,4.5734,21.146,0.96155,-9.8508,-25.088,-13.374
-15.043,-9.8627,6.6423,13.988,-11.74,1.1337,4.5952,22.277,1.4953,-9.4256,-27.099,-13.593
-15.79,-11.322,6.6914,15.143,-12.008,0.64187,4.6541,23.398,2.0568,-8.967,-29.027,-13.759
-16.068,-12.125,6.761,15.715,-12.107,0.39468,4.741,24.498,2.6353,-8.4566,-30.85,-13.888
-15.892,-12.091,6.9663,15.644,-12.131,0.51372,4.8561,25.586,3.2187,-7.8825,-32.552,-13.992
-15.307,-11.176,7.3725,14.95,-12.132,1.0567,5.0069,26.685,3.7992,-7.2441,-34.122,-14.074
-14.403,-9.4783,7.975,13.728,-12.107,2.0058,5.2012,27.822,4.379,-6.5549,-35.539,-14.13
-13.276,-7.2067,8.7071,12.132,-12.032,3.2779,5.4405,29.029,4.9704,-5.839,-36.756,-14.154
-12.009,-4.6137,9.4716,10.338,-11.874,4.752,5.7182,30.331,5.5889,-5.1254,-37.68,-14.143
-10.673,-1.9436,10.183,8.5188,-11.62,6.2992,6.0205,31.744,6.2404,-4.4426,-38.174,-14.1
-9.3414,0.59511,10.797,6.8123,-11.286,7.8,6.3289,33.279,6.912,-3.8158,-38.087,-14.042
-8.0931,2.8453,11.311,5.3028,-10.92,9.151,6.6246,34.933,7.575,-3.2634,-37.299,-13.998
-7.0113,4.7263,11.749,4.0439,-10.585,10.271,6.896,36.693,8.1978,-2.7912,-35.752,-13.999
-6.1712,6.2489,12.131,3.0792,-10.341,11.123,7.147,38.538,8.7611,-2.3886,-33.466,-14.074
-5.6226,7.4706,12.468,2.4333,-10.22,11.748,7.4,40.443,9.2642,-2.0322,-30.549,-14.234
-5.3752,8.4004,12.759,2.1003,-10.212,12.245,7.6899,42.381,9.7209,-1.6951,-27.179,-14.47
-5.3984,8.9659,12.988,2.0516,-10.273,12.679,8.0508,44.326,10.147,-1.358,-23.582,-14.758
-5.6349,9.0804,13.118,2.2544,-10.346,13.024,8.5033,46.249,10.544,-1.0167,-20.01,-15.068
-6.024,8.7058,13.091,2.6894,-10.384,13.169,9.0485,48.133,10.9,-0.68356,-16.708,-15.378
-6.5187,7.8373,12.845,3.3558,-10.359,12.972,9.6677,49.991,11.192,-0.38224,-13.883,-15.677
-7.0894,6.4625,12.333,4.2608,-10.259,12.332,10.327,51.868,11.404,-0.13762,-11.671,-15.961
-7.7143,4.5613,11.542,5.4032,-10.082,11.224,10.988,53.832,11.538,0.036715,-10.123,-16.228
-8.3668,2.1433,10.492,6.757,-9.8257,9.6898,11.616,55.936,11.616,0.14683,-9.2185,-16.478
-9.0069,-0.69871,9.2309,8.2524,-9.4926,7.8181,12.194,58.185,11.668,0.21753,-8.8804,-16.71
-9.5825,-3.7445,7.8389,9.7674,-9.0911,5.7514,12.726,60.533,11.723,0.28216,-8.9989,-16.924
-10.039,-6.6509,6.4347,11.145,-8.6447,3.693,13.235,62.894,11.806,0.36792,-9.4585,-17.12
-10.332,-9.0224,5.1797,12.229,-8.2005,1.8918,13.745,65.189,11.933,0.48386,-10.167,-17.288
-10.45,-10.523,4.251,12.903,-7.8321,0.59157,14.272,67.374,12.116,0.61767,-11.07,-17.415
-10.422,-10.975,3.7918,13.123,-7.6233,-0.034551,14.821,69.453,12.371,0.74323,-12.141,-17.491
-10.315,-10.408,3.8612,12.924,-7.6361,0.064804,15.389,71.467,12.721,0.83531,-13.355,-17.515
-10.208,-9.0339,4.4116,12.411,-7.8803,0.80556,15.988,73.481,13.191,0.88369,-14.658,-17.508
-10.162,-7.1742,5.3038,11.726,-8.3029,1.9955,16.643,75.567,13.8,0.89841,-15.965,-17.504
-10.201,-5.1753,6.3488,11.019,-8.8056,3.3914,17.394,77.794,14.55,0.90387,-17.169,-17.539
-10.305,-3.3407,7.3579,10.416,-9.2793,4.7621,18.278,80.213,15.427,0.92752,-18.159,-17.631
-10.412,-1.9001,8.1831,9.9898,-9.6349,5.931,19.31,82.845,16.403,0.99072,-18.858,-17.776
-10.439,-0.97758,8.7409,9.7503,-9.8157,6.7894,20.475,85.671,17.447,1.105,-19.232,-17.947
-10.303,-0.56079,9.017,9.6475,-9.796,7.2985,21.723,88.628,18.545,1.2723,-19.294,-18.103
-9.9475,-0.53065,9.0556,9.5986,-9.5792,7.4847,22.974,91.636,19.703,1.4884,-19.09,-18.203
-9.3588,-0.73373,8.9261,9.5181,-9.1947,7.4144,24.145,94.627,20.951,1.7473,-18.686,-18.218
-8.5666,-1.0124,8.6822,9.3355,-8.6883,7.1696,25.188,97.582,22.325,2.0446,-18.15,-18.13
-7.6429,-1.209,8.3501,9.0048,-8.1057,6.8532,26.108,100.53,23.851,2.3774,-17.548,-17.944
-6.6889,-1.1868,7.9582,8.5209,-7.4869,6.5954,26.975,103.53,25.532,2.742,-16.935,-17.679
-5.814,-0.86821,7.5691,7.9302,-6.8763,6.5178,27.893,106.66,27.346,3.1345,-16.359,-17.359
-5.1136,-0.26615,7.2721,7.3225,-6.3283,6.678,28.965,109.99,29.264,3.5604,-15.857,-17.003
-4.6517,0.51953,7.1408,6.8042,-5.8961,7.0502,30.25,113.55,31.261,4.0436,-15.453,-16.61
-4.4529,1.3348,7.1883,6.4657,-5.6108,7.5438,31.749,117.34,33.33,4.6276,-15.158,-16.16
-4.4989,2.0096,7.3464,6.3594,-5.4647,8.0297,33.401,121.32,35.485,5.3656,-14.968,-15.632
-4.726,2.3909,7.4774,6.4962,-5.4025,8.3609,35.108,125.45,37.76,6.3105,-14.852,-15.015
-5.0263,2.3687,7.4132,6.8475,-5.3224,8.3977,36.767,129.7,40.207,7.5116,-14.754,-14.322
-5.2589,1.8966,7.0039,7.348,-5.0956,8.0393,38.314,134.07,42.877,9.017,-14.604,-13.579
-5.2809,1.0076,6.1636,7.904,-4.6039,7.2539,39.738,138.62,45.789,10.867,-14.327,-12.818
-4.9846,-0.18737,4.8942,8.4116,-3.7791,6.091,41.065,143.37,48.911,13.057,-13.864,-12.06
-4.3278,-1.5221,3.2847,8.7789,-2.6272,4.6709,42.335,148.34,52.174,15.496,-13.184,-11.317
-3.3459,-2.812,1.4883,8.9438,-1.2285,3.1566,43.591,153.48,55.509,18.039,-12.295,-10.599
-2.1428,-3.8945,-0.31625,8.8863,0.28367,1.7163,44.87,158.72,58.884,20.587,-11.231,-9.9146
-0.86348,-4.6609,-1.9701,8.632,1.7548,0.48567,46.199,163.97,62.302,23.129,-10.054,-9.2713
0.3436,-5.0782,-3.369,8.2448,3.0432,-0.45964,47.588,169.2,65.792,25.686,-8.836,-8.6736
1.3644,-5.1948,-4.4726,7.8098,4.0505,-1.1144,49.04,174.44,69.4,28.255,-7.6558,-8.1187
2.1492,-5.1217,-5.2902,7.4092,4.7472,-1.5293,50.555,179.77,73.166,30.806,-6.587,-7.5983
2.7277,-4.9847,-5.8657,7.0993,5.183,-1.7803,52.13,185.29,77.1,33.286,-5.6822,-7.1014
3.2049,-4.8712,-6.2709,6.8962,5.4743,-1.9402,53.756,191.03,81.167,35.646,-4.9562,-6.6181
3.741,-4.8022,-6.5897,6.7748,5.7684,-2.0564,55.419,196.99,85.278,37.86,-4.3784,-6.1401
4.5213,-4.741,-6.8866,6.6795,6.2009,-2.1349,57.118,203.17,89.31,39.936,-3.8818,-5.6619
5.7079,-4.6172,-7.1838,6.5409,6.8667,-2.1428,58.849,209.56,93.182,41.931,-3.3832,-5.1812
7.3617,-4.349,-7.467,6.2903,7.8142,-2.0314,60.596,216.17,96.949,43.966,-2.8073,-4.6946
9.381,-3.8619,-7.7167,5.8752,9.0444,-1.7651,62.339,223.02,100.82,46.288,-2.1098,-4.1902
11.546,-3.1063,-7.9441,5.2741,10.514,-1.3413,64.091,230.07,105.05,49.198,-1.2905,-3.6414
13.668,-2.0721,-8.2123,4.5019,12.161,-0.79491,65.908,237.3,109.71,52.616,-0.39376,-3.0151
15.691,-0.79704,-8.6408,3.5976,13.945,-0.19554,67.858,244.7,114.71,56.0,0.50162,-2.2873
17.675,0.6256,-9.3927,2.6056,15.866,0.36127,69.985,252.26,119.85,59.108,1.2952,-1.4556
19.708,2.0423,-10.632,1.5731,17.946,0.76774,72.288,259.9,124.97,62.146,1.8777,-0.53954
21.829,3.2534,-12.445,0.5632,20.202,0.9194,74.737,267.5,130.0,65.346,2.1495,0.42906
23.992,4.0556,-14.768,-0.33932,22.602,0.72967,77.3,274.96,134.92,68.783,2.0427,1.417
26.079,4.2959,-17.438,-1.04,25.068,0.14673,79.967,282.27,139.75,72.418,1.5357,2.4005
27.952,3.9058,-20.325,-1.4562,27.507,-0.83187,82.737,289.5,144.5,76.167,0.65705,3.373
29.507,2.904,-23.389,-1.5387,29.843,-2.1603,85.595,296.75,149.21,79.941,-0.5223,4.3478
30.706,1.3882,-26.652,-1.2906,32.027,-3.7573,88.482,304.04,153.92,83.646,-1.9075,5.3521
31.58,-0.46705,-30.131,-0.77603,34.039,-5.5185,91.286,311.39,158.64,87.151,-3.4041,6.4146
32.237,-2.4226,-33.78,-0.11485,35.918,-7.3268,93.868,318.74,163.35,90.281,-4.9245,7.5489
32.864,-4.214,-37.416,0.53815,37.786,-9.0627,96.128,326.03,167.96,92.864,-6.3673,8.7339
33.718,-5.6064,-40.708,1.0247,39.768,-10.619,98.045,333.19,172.37,94.796,-7.5925,9.9013
35.049,-6.449,-43.36,1.215,41.833,-11.922,99.669,340.16,176.53,96.071,-8.4307,10.956
36.948,-6.7112,-45.337,1.0326,43.808,-12.964,101.09,346.94,180.34,96.787,-8.7244,11.828
39.273,-6.4808,-46.833,0.46866,45.576,-13.83,102.38,353.55,183.66,97.155,-8.3733,12.509
41.799,-5.9246,-48.122,-0.41963,47.202,-14.693,103.59,359.99,186.43,97.408,-7.3551,13.055
44.406,-5.2304,-49.471,-1.539,48.883,-15.759,104.75,366.26,188.68,97.704,-5.7199,13.563
47.137,-4.5591,-51.108,-2.8215,50.842,-17.188,105.83,372.31,190.5,98.1,-3.572,14.142
50.125,-4.0196,-53.191,-4.2817,53.268,-19.014,106.81,378.05,192.04,98.577,-1.0514,14.881
53.506,-3.6619,-55.803,-6.0293,56.293,-21.126,107.72,383.37,193.44,99.058,1.6875,15.813
57.339,-3.4796,-58.949,-8.2209,59.946,-23.35,108.56,388.22,194.79,99.442,4.5002,16.908
61.534,-3.4252,-62.576,-10.94,64.083,-25.556,109.35,392.64,196.11,99.644,7.262,18.111
65.824,-3.4396,-66.574,-14.045,68.385,-27.708,110.09,396.72,197.35,99.643,9.8633,19.395
69.895,-3.4764,-70.777,-17.181,72.539,-29.85,110.75,400.55,198.4,99.49,12.233,20.765
73.614,-3.5113,-75.029,-20.016,76.464,-32.052,111.34,404.15,199.14,99.278,14.366,22.25
77.083,-3.543,-79.298,-22.424,80.314,-34.362,111.94,407.49,199.49,99.104,16.3,23.888
80.51,-3.5893,-83.688,-24.456,84.318,-36.772,112.62,410.43,199.45,99.051,18.065,25.732
84.084,-3.6761,-88.309,-26.227,88.605,-39.231,113.43,412.78,199.05,99.164,19.667,27.84
87.903,-3.8244,-93.128,-27.835,93.112,-41.682,114.19,414.37,198.41,99.44,21.097,30.267
91.929,-4.0417,-97.95,-29.326,97.644,-44.098,114.56,415.09,197.61,99.824,22.295,33.028
95.981,-4.3215,-102.55,-30.692,101.98,-46.501,114.23,414.88,196.74,100.22,23.132,36.061
99.806,-4.6457,-106.82,-31.896,105.95,-48.918,112.95,413.73,195.8,100.54,23.459,39.206
103.2,-4.9913,-110.77,-32.892,109.49,-51.302,110.62,411.58,194.79,100.67,23.208,42.266
106.07,-5.3391,-114.42,-33.649,112.54,-53.542,107.29,408.4,193.69,100.58,22.432,45.117
108.4,-5.681,-117.66,-34.163,115.1,-55.52,103.14,404.21,192.5,100.28,21.281,47.769
110.25,-6.022,-120.33,-34.46,117.14,-57.173,98.465,399.07,191.2,99.835,19.953,50.319
111.68,-6.3783,-122.34,-34.594,118.7,-58.507,93.589,393.13,189.8,99.338,18.66,52.862
112.84,-6.7724,-123.83,-34.632,119.94,-59.588,88.766,386.49,188.27,98.869,17.604,55.428
113.88,-7.2306,-125.09,-34.644,121.12,-60.534,84.128,379.26,186.59,98.491,16.935,57.967
114.94,-7.773,-126.5,-34.686,122.51,-61.496,79.69,371.5,184.76,98.24,16.732,60.39
116.15,-8.3927,-128.38,-34.808,124.29,-62.624,75.423,363.3,182.78,98.126,17.095,62.636
117.54,-9.0353,-130.86,-35.064,126.43,-63.999,71.334,354.79,180.67,98.124,18.193,64.713
119.16,-9.5982,-133.83,-35.506,128.8,-65.572,67.491,346.11,178.44,98.18,20.141,66.689
121.02,-9.9525,-137.01,-36.168,131.27,-67.16,63.924,337.3,176.04,98.223,22.863,68.659
123.09,-9.9771,-140.09,-37.049,133.7,-68.517,60.506,328.28,173.41,98.184,26.127,70.695
125.32,-9.5921,-142.83,-38.106,136.04,-69.414,57.06,318.91,170.5,98.011,29.698,72.814
127.63,-8.7813,-145.01,-39.262,138.26,-69.711,53.518,309.05,167.32,97.688,33.378,74.964
129.88,-7.6011,-146.36,-40.426,140.31,-69.381,49.897,298.69,163.92,97.22,36.971,77.038
131.78,-6.1726,-146.55,-41.491,141.91,-68.493,46.205,287.91,160.34,96.622,40.3,78.91
132.94,-4.655,-145.45,-42.36,142.55,-67.103,42.399,276.8,156.55,95.912,43.246,80.473
132.99,-3.2066,-143.16,-42.955,141.77,-65.183,38.414,265.32,152.47,95.102,45.753,81.677
131.89,-1.95,-139.87,-43.245,139.61,-62.683,34.181,253.31,148.06,94.196,47.797,82.527
129.88,-0.94994,-135.69,-43.238,136.49,-59.661,29.676,240.62,143.32,93.17,49.373,83.063
127.34,-0.21066,-130.8,-42.965,132.85,-56.321,24.962,227.28,138.31,91.977,50.503,83.339
124.54,0.30494,-125.41,-42.464,128.93,-52.926,20.197,213.49,133.07,90.557,51.241,83.401
121.62,0.65128,-119.77,-41.782,124.8,-49.687,15.588,199.66,127.67,88.871,51.681,83.287
118.63,0.88858,-114.1,-40.978,120.51,-46.701,11.307,186.21,122.16,86.941,51.943,83.025
115.59,1.0787,-108.6,-40.118,116.15,-43.966,7.4547,173.4,116.63,84.87,52.142,82.64
112.48,1.2803,-103.44,-39.259,111.75,-41.414,4.0739,161.3,111.23,82.823,52.364,82.152
109.21,1.5471,-98.778,-38.448,107.32,-38.974,1.1955,149.72,106.08,80.952,52.656,81.579
105.65,1.926,-94.704,-37.719,102.97,-36.586,-1.1613,138.34,101.27,79.318,53.019,80.931
101.78,2.4475,-91.156,-37.089,98.924,-34.194,-3.0706,126.95,96.798,77.87,53.414,80.212
97.835,3.1065,-87.961,-36.551,95.332,-31.728,-4.7301,115.58,92.562,76.472,53.77,79.417
94.158,3.8484,-84.917,-36.072,92.129,-29.1,-6.3652,104.41,88.418,74.974,54.005,78.54
90.921,4.5715,-81.852,-35.579,89.108,-26.253,-8.1405,93.558,84.204,73.265,54.047,77.587
88.008,5.1478,-78.659,-34.966,86.064,-23.239,-10.158,83.037,79.81,71.303,53.858,76.579
85.141,5.4552,-75.321,-34.117,82.886,-20.267,-12.473,72.787,75.251,69.104,53.435,75.547
82.068,5.4152,-71.928,-32.939,79.574,-17.61,-15.082,62.616,70.647,66.698,52.804,74.51
78.684,5.0202,-68.606,-31.396,76.208,-15.431,-17.876,52.229,66.095,64.151,51.997,73.459
75.058,4.3424,-65.425,-29.522,72.884,-13.724,-20.634,41.741,61.57,61.585,51.037,72.346
71.364,3.5205,-62.365,-27.414,69.669,-12.383,-23.096,32.221,56.983,59.1,49.919,71.109
67.767,2.7271,-59.338,-25.193,66.58,-11.275,-25.081,24.623,52.307,56.685,48.612,69.699
64.331,2.1235,-56.229,-22.98,63.569,-10.288,-26.563,18.816,47.655,54.223,47.068,68.111
60.998,1.8153,-52.909,-20.857,60.521,-9.3367,-27.647,14.233,43.181,51.601,45.242,66.4
57.66,1.8242,-49.259,-18.843,57.278,-8.3647,-28.49,10.444,38.952,48.798,43.123,64.657
54.241,2.087,-45.208,-16.873,53.726,-7.3465,-29.213,7.1912,34.927,45.88,40.764,62.968
50.73,2.4842,-40.792,-14.86,49.873,-6.2861,-29.86,4.3082,31.025,42.921,38.269,61.365
47.155,2.8906,-36.175,-12.809,45.873,-5.2081,-30.404,1.666,27.185,39.955,35.753,59.827
43.567,3.2245,-31.606,-10.881,41.963,-4.1438,-30.795,-0.84595,23.382,36.982,33.28,58.296
40.078,3.473,-27.335,-9.2728,38.383,-3.1153,-31.008,-3.316,19.636,34.023,30.845,56.709
36.911,3.6844,-23.532,-8.0617,35.296,-2.1274,-31.065,-5.7953,16.011,31.137,28.409,55.021
34.295,3.9449,-20.264,-7.1954,32.73,-1.1675,-31.0,-8.2825,12.62,28.373,25.941,53.222
32.297,4.3578,-17.498,-6.5703,30.608,-0.2121,-30.83,-10.725,9.5934,25.704,23.455,51.339
30.829,5.0341,-15.133,-6.0985,28.802,0.76373,-30.542,-13.042,7.0233,23.01,21.008,49.42
29.731,6.0656,-13.055,-5.7404,27.155,1.7743,-30.108,-15.16,4.9145,20.18,18.682,47.501
28.836,7.4452,-11.184,-5.4906,25.483,2.8098,-29.511,-17.037,3.1966,17.255,16.552,45.581
27.984,8.9972,-9.4993,-5.3297,23.623,3.8263,-28.763,-18.666,1.7726,14.445,14.675,43.611
27.026,10.432,-8.0253,-5.1916,21.519,4.749,-27.906,-20.062,0.56061,11.972,13.08,41.518
25.847,11.471,-6.7959,-4.9767,19.282,5.4874,-26.995,-21.239,-0.48602,9.9179,11.771,39.262
24.43,11.929,-5.8351,-4.5894,17.142,5.9535,-26.075,-22.205,-1.3782,8.2441,10.724,36.891
22.879,11.713,-5.1583,-3.9635,15.325,6.0793,-25.171,-22.959,-2.1064,6.8798,9.8898,34.553
21.339,10.812,-4.7734,-3.0735,13.924,5.834,-24.291,-23.504,-2.664,5.7689,9.2056,32.418
19.897,9.2842,-4.6716,-1.9443,12.89,5.2371,-23.448,-23.849,-3.0682,4.8699,8.6067,30.579
18.549,7.2818,-4.8175,-0.65494,12.099,4.3629,-22.659,-24.01,-3.3661,4.1419,8.0396,29.014
17.255,5.0708,-5.148,0.66681,11.439,3.3361,-21.941,-24.009,-3.6214,3.5392,7.4688,27.631
15.974,2.9968,-5.5766,1.8615,10.863,2.3144,-21.291,-23.852,-3.8859,3.0192,6.8791,26.324
14.687,1.3972,-6.0006,2.7701,10.384,1.4592,-20.672,-23.527,-4.1754,2.5526,6.275,25.017
13.414,0.50288,-6.3107,3.2822,10.004,0.90317,-20.022,-23.001,-4.464,2.1271,5.6763,23.695
12.207,0.37573,-6.4094,3.3778,9.6675,0.72209,-19.27,-22.242,-4.7008,1.7446,5.1111,22.395
11.103,0.90302,-6.2283,3.1364,9.2762,0.92371,-18.366,-21.242,-4.8383,1.4166,4.6062,21.165
10.088,1.8466,-5.7354,2.7104,8.733,1.454,-17.307,-20.03,-4.856,1.1581,4.1851,20.024
9.0818,2.9229,-4.9348,2.2808,7.9731,2.2163,-16.131,-18.673,-4.7662,0.97919,3.8732,18.945
7.99,3.8783,-3.8675,2.0129,6.9769,3.0957,-14.896,-17.25,-4.6017,0.87971,3.7062,17.877
6.7499,4.5378,-2.6088,2.0198,5.7733,3.9809,-13.65,-15.828,-4.3919,0.84934,3.7316,16.769
5.3644,4.828,-1.2547,2.3392,4.4348,4.7843,-12.422,-14.443,-4.1435,0.87354,4.0003,15.589
3.9029,4.7727,0.1055,2.9269,3.0619,5.4602,-11.217,-13.1,-3.836,0.93937,4.552,14.344
2.4741,4.4679,1.4059,3.6712,1.7605,6.0091,-10.009,-11.78,-3.4344,1.0376,5.3995,13.074
1.1872,4.0599,2.5915,4.422,0.6172,6.454,-8.7582,-10.464,-2.9102,1.1604,6.5162,11.83
0.1241,3.7364,3.61,5.0272,-0.3249,6.8185,-7.4496,-9.138,-2.2607,1.2984,7.8344,10.641
-0.6727,3.7146,4.4503,5.3668,-1.0799,7.1616,-6.1193,-7.7964,-1.5149,1.4431,9.2528,9.4973
-1.2004,4.1979,5.1814,5.3755,-1.7059,7.62,-4.8445,-6.4383,-0.72361,1.5937,10.648,8.357
-1.4909,5.2666,5.9155,5.0546,-2.2691,8.3338,-3.7031,-5.0654,0.061674,1.7647,11.894,7.1751
-1.6036,6.7787,6.724,4.4734,-2.8086,9.3145,-2.7366,-3.6814,0.80991,1.9832,12.872,5.9381
-1.6127,8.4241,7.5886,3.7585,-3.3229,10.419,-1.9382,-2.2948,1.5192,2.2748,13.484,4.6878
-1.5897,9.8592,8.403,3.0702,-3.7749,11.416,-1.2645,-0.92046,2.2095,2.6473,13.662,3.4993
-1.586,10.781,8.9987,2.5707,-4.106,12.062,-0.65886,0.41775,2.9054,3.0817,13.379,2.4395
-1.6259,10.96,9.1984,2.3891,-4.254,12.166,-0.075141,1.6876,3.6179,3.5373,12.639,1.5356
-1.7095,10.271,8.8878,2.5949,-4.175,11.634,0.50902,2.8551,4.3351,3.9649,11.473,0.77183
-1.8246,8.7076,8.0664,3.1879,-3.8661,10.473,1.0933,3.8974,5.0265,4.3222,9.9339,0.11064
-1.9621,6.3792,6.8433,4.103,-3.3778,8.7858,1.6651,4.8181,5.6604,4.5903,8.0942,-0.48171
-2.1268,3.5232,5.3985,5.2263,-2.8055,6.7622,2.2114,5.6537,6.2259,4.7819,6.0458,-1.0189
-2.341,0.49839,3.9456,6.4201,-2.2648,4.6716,2.7272,6.4647,6.7463,4.9375,3.8988,-1.4939
-2.6379,-2.2717,2.7043,7.5498,-1.8675,2.8236,3.2182,7.314,7.2711,5.1056,1.7652,-1.8896
-3.0492,-4.3963,1.8659,8.5073,-1.7052,1.4881,3.697,8.2428,7.8494,5.3159,-0.26325,-2.1982
-3.5912,-5.6163,1.5453,9.2245,-1.8364,0.81132,4.1757,9.2549,8.4982,5.5625,-2.1268,-2.4329
-4.2532,-5.8799,1.7444,9.6756,-2.2696,0.78691,4.6566,10.317,9.1869,5.8043,-3.7879,-2.6263
-4.9922,-5.3572,2.3611,9.8744,-2.952,1.2805,5.128,11.372,9.852,5.9853,-5.2047,-2.8192
-5.738,-4.3698,3.2282,9.8651,-3.7773,2.0781,5.5682,12.352,10.426,6.0656,-6.3095,-3.0383
-6.407,-3.2666,4.1577,9.709,-4.611,2.9537,5.9606,13.207,10.875,6.0458,-7.015,-3.2818
-6.9204,-2.3102,4.9774,9.469,-5.3247,3.7218,6.3054,13.912,11.208,5.9694,-7.2401,-3.5201
-7.2213,-1.64,5.5611,9.197,-5.8253,4.2604,6.6208,14.481,11.471,5.9023,-6.943,-3.7178
-7.2881,-1.2951,5.8602,8.9275,-6.0783,4.5226,6.9297,14.949,11.715,5.8978,-6.1408,-3.8525
-7.1414,-1.2378,5.9169,8.6772,-6.115,4.5419,7.2417,15.357,11.974,5.9773,-4.9138,-3.9271
-6.8423,-1.3725,5.8396,8.4501,-6.0181,4.4159,7.5445,15.736,12.258,6.1276,-3.3916,-3.967
-6.4786,-1.5761,5.7518,8.2444,-5.8866,4.2659,7.8067,16.096,12.552,6.3154,-1.733,-4.0125
-6.1416,-1.73,5.7498,8.0569,-5.7952,4.1992,7.9927,16.436,12.832,6.5072,-0.10178,-4.0967
-5.9006,-1.7396,5.8834,7.8828,-5.7745,4.2884,8.0841,16.745,13.071,6.6856,1.3574,-4.228
-5.784,-1.5491,6.1517,7.7138,-5.8145,4.5601,8.0928,17.016,13.255,6.8528,2.5389,-4.3854
-5.7725,-1.1543,6.5063,7.5365,-5.8797,4.9846,8.0559,17.243,13.382,7.0228,3.3875,-4.5276
-5.8095,-0.59964,6.8694,7.3316,-5.9272,5.4871,8.0156,17.422,13.459,7.2068,3.8991,-4.6118
-5.8225,0.045806,7.1676,7.0759,-5.923,5.9801,7.9949,17.54,13.485,7.4018,4.1134,-4.6127
-5.7453,0.71552,7.3579,6.7463,-5.8517,6.3935,7.984,17.573,13.439,7.5849,4.0951,-4.5334
-5.53,1.3591,7.428,6.3265,-5.7136,6.6841,7.9449,17.489,13.275,7.7164,3.9049,-4.4045
-5.1531,1.9409,7.3825,5.8129,-5.517,6.832,7.834,17.271,12.945,7.7542,3.5715,-4.272
-4.6258,2.4315,7.2313,5.2209,-5.2775,6.8351,7.6298,16.924,12.421,7.6739,3.0888,-4.1727
-4.0021,2.798,6.9882,4.5927,-5.0199,6.7058,7.3483,16.487,11.725,7.4825,2.4406,-4.1153
-3.3753,3.0,6.6744,4.0051,-4.7731,6.4691,7.0314,16.016,10.925,7.215,1.6281,-4.0823
-2.8578,2.9928,6.3254,3.5679,-4.5619,6.1573,6.725,15.568,10.114,6.9126,0.67757,-4.0401
-2.5612,2.7378,5.9908,3.3995,-4.4112,5.804,6.4628,15.185,9.379,6.6002,-0.36935,-3.9561
-2.5812,2.2132,5.7264,3.588,-4.3548,5.4384,6.2585,14.886,8.7745,6.2742,-1.4649,-3.8137
-2.9784,1.4215,5.5789,4.1668,-4.432,5.0821,6.1048,14.653,8.3115,5.9098,-2.5603,-3.6202
-3.7598,0.39813,5.5708,5.109,-4.6726,4.7488,5.9764,14.444,7.964,5.4749,-3.608,-3.4029
-4.8642,-0.77488,5.6887,6.3163,-5.0782,4.4471,5.8401,14.2,7.6827,4.9518,-4.568,-3.2025
-6.1468,-1.9604,5.8829,7.6177,-5.6045,4.1822,5.6711,13.865,7.4095,4.3432,-5.414,-3.0613
-7.3823,-2.9815,6.0756,8.7933,-6.1528,3.9564,5.4655,13.406,7.0916,3.6697,-6.1365,-3.0075
-8.3087,-3.6625,6.1778,9.6173,-6.5808,3.7684,5.2425,12.82,6.6956,2.961,-6.7404,-3.0413
-8.694,-3.8798,6.1101,9.9039,-6.7393,3.6115,5.0334,12.135,6.218,2.2472,-7.2394,-3.1344
-8.395,-3.6043,5.8232,9.5568,-6.5206,3.4727,4.8638,11.389,5.6863,1.5521,-7.6515,-3.248
-7.4029,-2.9139,5.3102,8.6069,-5.901,3.331,4.7399,10.621,5.1435,0.8913,-7.9979,-3.3577
-5.8603,-1.9751,4.6101,7.2167,-4.9584,3.1581,4.6436,9.857,4.6254,0.26993,-8.3032,-3.4681
-4.0419,-1.0018,3.8016,5.6425,-3.8543,2.9267,4.5403,9.1076,4.1429,-0.31971,-8.5964,-3.6091
-2.2936,-0.20169,2.9867,4.17,-2.7863,2.6236,4.3919,8.372,3.6815,-0.89566,-8.9107,-3.8219
-0.93733,0.27628,2.2693,3.0454,-1.933,2.2623,4.1706,7.6436,3.2142,-1.4766,-9.2809,-4.1417
-0.18277,0.37439,1.7372,2.4214,-1.415,1.8872,3.8681,6.9149,2.7179,-2.0698,-9.7371,-4.5843
-0.088215,0.13138,1.4505,2.3324,-1.2781,1.5673,3.4965,6.1798,2.1834,-2.6649,-10.299,-5.1379
-0.57542,-0.33724,1.4387,2.702,-1.4952,1.3782,3.084,5.4338,1.6142,-3.2392,-10.97,-5.7631
-1.4823,-0.88019,1.7,3.3824,-1.9865,1.3776,2.6644,4.6734,1.0184,-3.7705,-11.744,-6.4034
-2.624,-1.3613,2.2018,4.2045,-2.6507,1.5835,2.2674,3.8963,0.39967,-4.2493,-12.607,-7.0017
-3.836,-1.6977,2.8785,5.0199,-3.3947,1.9618,1.9146,3.1025,-0.24648,-4.6823,-13.535,-7.5184
-4.9908,-1.876,3.6351,5.7301,-4.1441,2.4294,1.618,2.2961,-0.93262,-5.0861,-14.499,-7.943
-6.003,-1.9527,4.3609,6.3018,-4.837,2.8707,1.3817,1.4848,-1.6731,-5.4769,-15.448,-8.2924
-6.824,-2.033,4.9494,6.754,-5.4206,3.1669,1.2028,0.68087,-2.4739,-5.8612,-16.314,-8.597
-7.4294,-2.2237,5.3202,7.1222,-5.8565,3.228,1.0709,-0.098345,-3.324,-6.2321,-17.015,-8.8797
-7.8104,-2.5829,5.4333,7.4279,-6.1231,3.0168,0.96941,-0.8296,-4.1923,-6.572,-17.468,-9.1416
-7.9715,-3.0963,5.2948,7.6709,-6.2134,2.5588,0.87844,-1.4858,-5.0337,-6.8585,-17.601,-9.3544
-7.9266,-3.684,4.9523,7.8351,-6.132,1.9359,0.78123,-2.0407,-5.7999,-7.0706,-17.353,-9.4691
-7.6976,-4.2294,4.4852,7.8967,-5.8991,1.2653,0.67046,-2.4748,-6.4484,-7.1952,-16.677,-9.4352
-7.3211,-4.6164,3.9906,7.8346,-5.5586,0.66947,0.55146,-2.7804,-6.949,-7.2288,-15.543,-9.2257
-6.854,-4.7639,3.5613,7.6417,-5.1759,0.24605,0.43974,-2.9657,-7.2887,-7.1783,-13.949,-8.854
-6.3663,-4.6477,3.2604,7.3344,-4.8166,0.046118,0.35565,-3.0493,-7.4748,-7.0578,-11.935,-8.3716
-5.9227,-4.3054,3.1016,6.9507,-4.5213,0.062289,0.31859,-3.0591,-7.5302,-6.8825,-9.577,-7.8466
-5.5638,-3.8228,3.0495,6.5379,-4.2936,0.23434,0.34115,-3.028,-7.4873,-6.6642,-6.9883,-7.3381
-5.2963,-3.3015,3.0381,6.1359,-4.109,0.47372,0.42663,-2.9899,-7.3808,-6.4096,-4.3069,-6.8798
-5.0923,-2.8224,2.9991,5.7638,-3.9322,0.69728,0.56835,-2.9748,-7.2415,-6.1235,-1.6868,-6.4791
-4.8975,-2.4242,2.8845,5.414,-3.7297,0.85218,0.75071,-3.0082,-7.0948,-5.8157,0.71266,-6.1292
-4.6446,-2.1037,2.6752,5.0562,-3.4705,0.92161,0.95432,-3.1101,-6.9596,-5.5071,2.7416,-5.8204
-4.2689,-1.8304,2.3748,4.6487,-3.126,0.917,1.1594,-3.2898,-6.845,-5.2276,4.2764,-5.5477
-3.7267,-1.5658,1.9976,4.1565,-2.676,0.86208,1.3503,-3.5377,-6.7477,-5.0052,5.2323,-5.3098
-3.0117,-1.2831,1.5585,3.569,-2.1183,0.77775,1.5157,-3.8193,-6.6562,-4.854,5.578,-5.1113
-2.1669,-0.98008,1.0738,2.912,-1.4767,0.67364,1.6457,-4.0827,-6.5605,-4.7694,5.3406,-4.9636
-1.2822,-0.68032,0.56776,2.2468,-0.80252,0.54954,1.7286,-4.2775,-6.461,-4.7353,4.5981,-4.882
-0.4768,-0.42619,0.077648,1.6568,-0.16789,0.40313,1.7503,-4.3767,-6.3722,-4.7368,3.4576,-4.8823
0.12908,-0.26481,-0.34846,1.2253,0.34543,0.23641,1.6973,-4.3864,-6.32,-4.7711,2.0315,-4.9747
0.44279,-0.23265,-0.65981,1.0145,0.66154,0.059449,1.5615,-4.3385,-6.3341,-4.8506,0.41961,-5.1603
0.42048,-0.34414,-0.81505,1.0518,0.7295,-0.10966,1.3463,-4.2734,-6.4374,-4.9958,-1.2975,-5.4281
0.074874,-0.58797,-0.79555,1.3256,0.5395,-0.25108,1.0706,-4.2217,-6.6333,-5.2199,-3.0511,-5.754
-0.53126,-0.93144,-0.61651,1.7911,0.12785,-0.35233,0.76863,-4.1951,-6.9005,-5.5146,-4.7739,-6.1004
-1.3022,-1.3304,-0.33043,2.3809,-0.43149,-0.41737,0.48312,-4.186,-7.1983,-5.8465,-6.3876,-6.4243
-2.1305,-1.7417,-0.017676,3.0172,-1.0441,-0.46961,0.25336,-4.1756,-7.4842,-6.1692,-7.8005,-6.6896
-2.9172,-2.1364,0.23482,3.6255,-1.6153,-0.5481,0.10456,-4.1422,-7.7292,-6.4388,-8.9183,-6.8756
-3.5898,-2.5122,0.35708,4.1531,-2.0691,-0.69699,0.04258,-4.072,-7.9221,-6.6262,-9.6606,-6.9791
-4.1139,-2.9,0.31045,4.5839,-2.3613,-0.95184,0.057344,-3.9584,-8.0671,-6.7247,-9.9828,-7.0109
-4.4954,-3.3605,0.089441,4.9454,-2.4808,-1.3339,0.13114,-3.8007,-8.1737,-6.7495,-9.8907,-6.9887
-4.768,-3.9682,-0.28462,5.2995,-2.4406,-1.8519,0.24634,-3.6027,-8.2476,-6.7314,-9.4401,-6.9311
-4.9736,-4.7848,-0.77867,5.7184,-2.2625,-2.5009,0.39011,-3.3689,-8.2848,-6.7047,-8.7245,-6.8522
-5.1411,-5.8421,-1.3716,6.256,-1.9641,-3.266,0.55649,-3.1006,-8.269,-6.6928,-7.8575,-6.7535
-5.2749,-7.1559,-2.068,6.9235,-1.5567,-4.1449,0.74526,-2.7922,-8.1756,-6.6977,-6.9569,-6.6214
-5.353,-8.7279,-2.8811,7.672,-1.0507,-5.1506,0.95574,-2.4359,-7.9846,-6.7004,-6.1312,-6.4295
-5.3303,-10.473,-3.7958,8.3871,-0.46514,-6.2636,1.177,-2.0326,-7.6939,-6.674,-5.4633,-6.1566
-5.1453,-12.136,-4.7459,8.9028,0.16825,-7.3772,1.3817,-1.6033,-7.3253,-6.6024,-5.003,-5.8035
-4.7336,-13.337,-5.6166,9.0424,0.80752,-8.302,1.5304,-1.1889,-6.9184,-6.4913,-4.7604,-5.4017
-4.0478,-13.695,-6.2644,8.6723,1.4065,-8.8171,1.5845,-0.83584,-6.5155,-6.3679,-4.7087,-5.0063
-3.0781,-12.952,-6.5512,7.7385,1.9193,-8.7317,1.5188,-0.57955,-6.149,-6.2706,-4.7947,-4.674
-1.8645,-11.034,-6.3844,6.2664,2.3046,-7.9414,1.3278,-0.43398,-5.8343,-6.2354,-4.951,-4.4456
-0.49976,-8.043,-5.7467,4.3447,2.5302,-6.4639,1.0244,-0.39302,-5.5716,-6.2848,-5.1081,-4.3356
0.88125,-4.2419,-4.7052,2.1296,2.5783,-4.4444,0.63301,-0.43981,-5.3527,-6.4225,-5.2033,-4.333
2.1226,-0.067815,-3.3979,-0.14469,2.4482,-2.1369,0.1808,-0.55718,-5.1686,-6.6344,-5.1893,-4.409
3.0719,3.8997,-2.004,-2.1883,2.1549,0.1357,-0.30869,-0.7325,-5.0131,-6.8947,-5.0385,-4.5286
3.6,7.0603,-0.70217,-3.7166,1.7244,2.0484,-0.81626,-0.95412,-4.8808,-7.1745,-4.7465,-4.6617
3.6207,8.9564,0.37164,-4.514,1.1888,3.357,-1.3234,-1.2026,-4.7656,-7.4476,-4.332,-4.7915
3.1069,9.3935,1.1524,-4.4828,0.58176,3.9579,-1.8098,-1.4454,-4.6607,-7.6938,-3.8328,-4.9165
2.0946,8.4328,1.6404,-3.6624,-0.064972,3.8843,-2.2574,-1.6414,-4.563,-7.8997,-3.2996,-5.0458
0.6728,6.3255,1.87,-2.2002,-0.72595,3.2555,-2.6566,-1.7543,-4.4742,-8.0565,-2.7878,-5.189
-1.035,3.4407,1.888,-0.30527,-1.3815,2.2404,-3.0034,-1.7658,-4.3969,-8.157,-2.3501,-5.3473
-2.8826,0.16243,1.7527,1.7882,-2.0083,1.0299,-3.2869,-1.6783,-4.3285,-8.1942,-2.0279,-5.5088
-4.6928,-3.1297,1.5275,3.8606,-2.5684,-0.19503,-3.4823,-1.5118,-4.2585,-8.1598,-1.8409,-5.6498
-6.2532,-6.01,1.2649,5.7077,-3.0071,-1.2744,-3.5595,-1.2981,-4.1733,-8.0447,-1.7785,-5.7421
-7.346,-8.0547,0.99348,7.113,-3.2625,-2.0814,-3.5017,-1.0781,-4.0674,-7.8432,-1.8018,-5.7637
-7.7985,-8.9698,0.71769,7.8633,-3.2786,-2.548,-3.319,-0.89747,-3.9509,-7.5587,-1.8543,-5.7055
-7.5246,-8.6991,0.42764,7.8201,-3.0181,-2.6719,-3.0424,-0.79497,-3.8488,-7.2041,-1.8805,-5.572
-6.5487,-7.4384,0.11205,6.9873,-2.4768,-2.5005,-2.7072,-0.78699,-3.79,-6.7954,-1.8448,-5.3755
-5.0146,-5.5433,-0.23234,5.5184,-1.6979,-2.1137,-2.3405,-0.85731,-3.7947,-6.3468,-1.7484,-5.1322
-3.1652,-3.3959,-0.59565,3.6777,-0.77452,-1.6136,-1.9623,-0.96035,-3.8673,-5.8732,-1.6394,-4.861
-1.294,-1.3364,-0.95263,1.7911,0.16454,-1.1096,-1.5927,-1.0367,-3.9963,-5.4013,-1.6076,-4.585
0.3116,0.34644,-1.2637,0.17747,0.9813,-0.69518,-1.2595,-1.0334,-4.1595,-4.9759,-1.7636,-4.3304
1.422,1.4492,-1.4808,-0.9244,1.5571,-0.42366,-0.99839,-0.9205,-4.3307,-4.6521,-2.2104,-4.1216
1.9037,1.896,-1.5583,-1.3997,1.815,-0.29927,-0.83921,-0.69585,-4.4877,-4.475,-3.0183,-3.9753
1.7338,1.7361,-1.4642,-1.2558,1.7308,-0.28347,-0.78728,-0.38049,-4.62,-4.4614,-4.2082,-3.897
0.99116,1.1069,-1.1878,-0.59785,1.3314,-0.31212,-0.81553,-0.010567,-4.7344,-4.5946,-5.7458,-3.8808
-0.16811,0.19951,-0.74266,0.3964,0.68497,-0.31679,-0.87378,0.36909,-4.8539,-4.8333,-7.5467,-3.9124
-1.5388,-0.76875,-0.16545,1.5101,-0.11213,-0.24355,-0.90708,0.71087,-5.0072,-5.1289,-9.4934,-3.9746
-2.8986,-1.5812,0.48826,2.54,-0.94813,-0.065231,-0.87213,0.97275,-5.2153,-5.4408,-11.465,-4.0516
-4.0453,-2.0599,1.1506,3.3394,-1.712,0.21404,-0.74706,1.128,-5.4806,-5.7453,-13.365,-4.1334
-4.8329,-2.1156,1.7509,3.828,-2.3132,0.56111,-0.535,1.1715,-5.7866,-6.0325,-15.127,-4.2172
-5.1945,-1.7814,2.2264,3.9885,-2.6977,0.92156,-0.262,1.1206,-6.1057,-6.2977,-16.7,-4.3047
-5.1512,-1.1958,2.5309,3.8615,-2.8537,1.2311,0.030261,1.0107,-6.4089,-6.5328,-18.021,-4.3983
-4.7991,-0.54707,2.6403,3.5366,-2.8046,1.4291,0.29628,0.8898,-6.6722,-6.7245,-18.999,-4.4952
-4.2788,-0.013572,2.5539,3.1344,-2.5944,1.4714,0.50083,0.81085,-6.8776,-6.8631,-19.537,-4.5849
-3.7359,0.27715,2.293,2.7787,-2.2757,1.341,0.63143,0.82198,-7.0113,-6.949,-19.558,-4.6505
-3.2867,0.26662,1.8974,2.5652,-1.9013,1.051,0.7026,0.95467,-7.0617,-6.9885,-19.043,-4.6733
-2.9984,-0.033058,1.4167,2.5376,-1.5186,0.64029,0.74691,1.213,-7.0182,-6.9837,-18.031,-4.6387
-2.8811,-0.54975,0.89821,2.6809,-1.1625,0.16174,0.79675,1.5703,-6.8745,-6.9308,-16.608,-4.5411
-2.8916,-1.172,0.37568,2.9319,-0.8474,-0.33162,0.87045,1.9766,-6.6339,-6.8294,-14.894,-4.3835
-2.951,-1.7779,-0.1356,3.201,-0.56529,-0.79875,0.97209,2.3746,-6.3154,-6.6881,-13.03,-4.1745
-2.969,-2.2673,-0.63608,3.3987,-0.29069,-1.2175,1.0981,2.7174,-5.9531,-6.5196,-11.159,-3.9243
-2.8708,-2.588,-1.134,3.4636,0.0065187,-1.5864,1.2422,2.979,-5.5892,-6.3344,-9.4053,-3.6415
-2.6239,-2.7508,-1.6376,3.3845,0.34543,-1.9236,1.3972,3.1567,-5.2599,-6.1383,-7.8398,-3.3347
-2.2547,-2.8246,-2.1495,3.2084,0.72145,-2.2602,1.557,3.2682,-4.9836,-5.9331,-6.4568,-3.0149
-1.8462,-2.912,-2.6636,3.027,1.1024,-2.6312,1.7156,3.3391,-4.7549,-5.7202,-5.1793,-2.6987
-1.5149,-3.113,-3.1613,2.9471,1.4358,-3.0608,1.8654,3.397,-4.5497,-5.5032,-3.8902,-2.4088
-1.3746,-3.4905,-3.6097,3.0575,1.6632,-3.5482,1.9954,3.4656,-4.3394,-5.2903,-2.473,-2.1684
-1.5024,-4.0521,-3.9668,3.4056,1.7361,-4.0622,2.0918,3.5601,-4.1052,-5.0936,-0.84823,-1.9949
-1.917,-4.7511,-4.1934,3.9877,1.6285,-4.5481,2.1404,3.6864,-3.8471,-4.9251,1.0056,-1.8945
-2.5751,-5.5036,-4.2662,4.7519,1.3447,-4.9445,2.1304,3.8421,-3.5818,-4.7917,3.0469,-1.863
-3.3843,-6.2163,-4.1872,5.6121,0.92246,-5.2005,2.0585,4.0212,-3.3318,-4.6905,5.1833,-1.8905
-4.2251,-6.8123,-3.9864,6.4679,0.4293,-5.291,1.9314,4.2188,-3.1108,-4.6094,7.2937,-1.9669
-4.9749,-7.2491,-3.7171,7.2231,-0.049448,-5.2282,1.7651,4.4336,-2.9173,-4.5339,9.2486,-2.0844
-5.526,-7.5219,-3.4462,7.798,-0.4285,-5.0657,1.5813,4.667,-2.7379,-4.456,10.921,-2.2392
-5.7994,-7.655,-3.242,8.1366,-0.6405,-4.8853,1.4016,4.9195,-2.5604,-4.3809,12.196,-2.4312
-5.753,-7.6793,-3.1584,8.2086,-0.64825,-4.7646,1.2421,5.1872,-2.3839,-4.3266,12.98,-2.6618
-5.3861,-7.6063,-3.2165,8.0077,-0.45029,-4.74,1.1111,5.461,-2.2219,-4.3178,13.222,-2.9307
-4.7391,-7.4091,-3.3872,7.5486,-0.082228,-4.7829,1.0107,5.7279,-2.0957,-4.3755,12.914,-3.2315
-3.8858,-7.025,-3.5878,6.861,0.3867,-4.8006,0.94057,5.974,-2.0233,-4.5076,12.083,-3.551
-2.9206,-6.3766,-3.7009,5.9837,0.86446,-4.6629,0.90129,6.1866,-2.0092,-4.704,10.777,-3.8707
-1.9428,-5.3996,-3.606,4.9608,1.2537,-4.244,0.89528,6.3567,-2.0389,-4.9391,9.0682,-4.1723
-1.0455,-4.0674,-3.2116,3.8448,1.4707,-3.4649,0.92522,6.4814,-2.0836,-5.1797,7.0571,-4.444
-0.30936,-2.4076,-2.4772,2.7004,1.4613,-2.3182,0.99123,6.5656,-2.1102,-5.3958,4.871,-4.685
0.19908,-0.50982,-1.4217,1.6055,1.207,-0.86818,1.0877,6.6216,-2.095,-5.5686,2.6454,-4.9051
0.43083,1.4834,-0.11924,0.64521,0.72378,0.76558,1.2017,6.6637,-2.0345,-5.694,0.50547,-5.121
0.36162,3.401,1.3175,-0.10081,0.052796,2.436,1.3143,6.7069,-1.9479,-5.7815,-1.4455,-5.3501
0.0010902,5.0788,2.7624,-0.57348,-0.74742,3.9998,1.4047,6.7585,-1.8705,-5.8492,-3.1273,-5.6054
-0.60118,6.3965,4.1034,-0.75024,-1.6074,5.3444,1.4561,6.8149,-1.8408,-5.918,-4.4777,-5.8927
-1.3577,7.3027,5.2628,-0.65511,-2.4529,6.403,1.4616,6.8627,-1.8861,-6.0032,-5.4499,-6.2124
-2.1559,7.815,6.2021,-0.35643,-3.2135,7.1536,1.4269,6.8846,-2.0125,-6.1074,-6.0133,-6.5588
-2.8797,7.9935,6.9102,0.05124,-3.8329,7.6078,1.3698,6.8688,-2.2046,-6.2164,-6.1595,-6.9187
-3.4358,7.9066,7.3868,0.47713,-4.278,7.7943,1.3163,6.8152,-2.431,-6.3025,-5.9089,-7.2698
-3.7776,7.6055,7.6345,0.86448,-4.5416,7.7451,1.2926,6.7357,-2.6565,-6.3336,-5.3151,-7.5844
-3.9183,7.1135,7.6558,1.2078,-4.6401,7.4844,1.3164,6.6483,-2.8534,-6.2868,-4.4624,-7.8365
-3.9265,6.4204,7.4553,1.5498,-4.6045,7.0246,1.3896,6.5665,-3.0089,-6.1561,-3.4555,-8.0094
-3.9044,5.4903,7.0482,1.96,-4.4724,6.3711,1.497,6.4935,-3.1231,-5.9545,-2.4059,-8.0994
-3.9588,4.2901,6.4725,2.5075,-4.2865,5.5368,1.6121,6.4214,-3.2042,-5.7082,-1.419,-8.1126
-4.1745,2.8296,5.7945,3.2367,-4.0947,4.559,1.707,6.3386,-3.2621,-5.4491,-0.58498,-8.0587
-4.5927,1.1802,5.1001,4.1515,-3.9463,3.5068,1.7643,6.2389,-3.3033,-5.2052,0.027557,-7.945
-5.1997,-0.53452,4.4767,5.2074,-3.8786,2.4729,1.7825,6.1274,-3.3278,-4.9933,0.37505,-7.7743
-5.9278,-2.1616,3.9927,6.3142,-3.9035,1.5555,1.7755,6.0213,-3.329,-4.8159,0.43937,-7.5459
-6.671,-3.5427,3.6844,7.3515,-4.0016,0.84004,1.7655,5.9422,-3.2961,-4.6609,0.22532,-7.2571
-7.3116,-4.5381,3.5513,8.1922,-4.1292,0.38369,1.7733,5.9078,-3.2175,-4.5069,-0.24418,-6.9062
-7.7478,-5.0509,3.5615,8.7272,-4.2326,0.20638,1.8117,5.9257,-3.0828,-4.3315,-0.93325,-6.495
-7.9126,-5.0469,3.6629,8.8844,-4.2642,0.29111,1.8823,5.9919,-2.8843,-4.1226,-1.7971,-6.0326
-7.781,-4.5597,3.7972,8.641,-4.1937,0.59368,1.9776,6.0938,-2.6198,-3.8847,-2.7848,-5.5368
-7.3663,-3.6707,3.9155,8.0268,-4.0121,1.0569,2.0858,6.214,-2.2946,-3.6394,-3.8419,-5.0322
-6.7124,-2.4713,3.9901,7.1139,-3.7302,1.6235,2.197,6.3333,-1.9231,-3.4169,-4.9135,-4.5447
-5.883,-1.0386,4.0165,5.9964,-3.3701,2.2419,2.3085,6.4336,-1.5281,-3.2446,-5.9464,-4.0962
-4.9483,0.54618,3.9991,4.7716,-2.9552,2.86,2.4272,6.5009,-1.1361,-3.1367,-6.89,-3.7002
-3.975,2.1586,3.9299,3.5366,-2.5,3.413,2.5673,6.5277,-0.77103,-3.0893,-7.6952,-3.3598
-3.0182,3.6172,3.7749,2.3922,-2.0051,3.8218,2.7419,6.5133,-0.44857,-3.08,-8.3168,-3.0672
-2.1223,4.7109,3.475,1.4431,-1.458,4.0018,2.9547,6.4641,-0.17077,-3.0725,-8.7197,-2.8071
-1.3263,5.2459,2.9621,0.79029,-0.84124,3.8728,3.1958,6.3917,0.07359,-3.0256,-8.8886,-2.5643
-0.67271,5.0908,2.1859,0.5186,-0.14552,3.3723,3.4433,6.311,0.30234,-2.9051,-8.8345,-2.3329
-0.20997,4.2052,1.1401,0.67977,0.61707,2.474,3.6675,6.2366,0.53005,-2.6949,-8.5947,-2.1212
0.016743,2.6377,-0.12583,1.2818,1.4073,1.2037,3.8363,6.1779,0.76202,-2.4012,-8.2271,-1.9455
-0.01838,0.50881,-1.5138,2.2799,2.1638,-0.35207,3.92,6.1342,0.99515,-2.0473,-7.8002,-1.8247
-0.30576,-1.9761,-2.8947,3.5647,2.8156,-2.0479,3.8976,6.094,1.2222,-1.6622,-7.3839,-1.7737
-0.79042,-4.5056,-4.132,4.9624,3.2997,-3.6958,3.7608,6.0382,1.4345,-1.2712,-7.0432,-1.7999
-1.372,-6.6961,-5.1066,6.2547,3.578,-5.0983,3.5162,5.9474,1.6233,-0.89144,-6.8308,-1.9043
-1.9181,-8.1847,-5.7385,7.2176,3.6504,-6.0905,3.1835,5.809,1.7809,-0.53076,-6.7784,-2.0798
-2.2912,-8.7357,-6.0001,7.6703,3.5587,-6.5755,2.7922,5.6217,1.9053,-0.18833,-6.8886,-2.31
-2.3924,-8.3233,-5.9219,7.5327,3.372,-6.5465,2.377,5.3951,2.0051,0.14864,-7.1331,-2.5715
-2.2094,-7.1497,-5.5859,6.8668,3.1557,-6.09,1.9721,5.1461,2.0998,0.5042,-7.4591,-2.8405
-1.8371,-5.5761,-5.1041,5.8699,2.9456,-5.3654,1.6073,4.8925,2.2123,0.90562,-7.8016,-3.1007
-1.4475,-4.0082,-4.5851,4.8245,2.7386,-4.5654,1.3041,4.6497,2.3593,1.3673,-8.0996,-3.3475
-1.2373,-2.8087,-4.1,4.032,2.4984,-3.8698,1.0748,4.4287,2.547,1.8774,-8.3109,-3.5852
-1.3763,-2.2425,-3.6632,3.7386,2.1661,-3.4065,0.92395,4.2364,2.7723,2.4009,-8.4149,-3.8196
-1.9664,-2.4168,-3.2453,4.0723,1.683,-3.2219,0.85025,4.0768,3.0283,2.8949,-8.3959,-4.0527
-3.0142,-3.2649,-2.808,5.0237,1.0261,-3.2794,0.84791,3.9532,3.3083,3.3272,-8.2092,-4.2793
-4.424,-4.6209,-2.3392,6.4681,0.23092,-3.5037,0.90767,3.8681,3.6076,3.6857,-7.7597,-4.4888
-6.0098,-6.2979,-1.8692,8.1912,-0.61236,-3.8248,1.0166,3.8183,3.9202,3.9803,-6.9258,-4.6672
-7.5287,-8.0819,-1.4597,9.9154,-1.3817,-4.1803,1.1578,3.7882,4.2325,4.236,-5.6157,-4.802
-8.7274,-9.6922,-1.1698,11.342,-1.9533,-4.4982,1.3097,3.7451,4.5182,4.4822,-3.8051,-4.8859
-9.3954,-10.806,-1.0251,12.207,-2.2369,-4.6994,1.4485,3.645,4.7415,4.7384,-1.537,-4.9197
-9.4116,-11.151,-1.0037,12.327,-2.2069,-4.7099,1.5529,3.4493,4.869,5.0051,1.087,-4.9118
-8.7783,-10.59,-1.037,11.651,-1.9135,-4.4684,1.6076,3.1434,4.8813,5.2616,3.9197,-4.8797
-7.6271,-9.1595,-1.024,10.277,-1.4685,-3.9299,1.6044,2.7493,4.7811,5.4759,6.7832,-4.8461
-6.1955,-7.0503,-0.86027,8.4424,-1.0119,-3.0805,1.5413,2.3238,4.5937,5.6234,9.4769,-4.8328
-4.7645,-4.5641,-0.47305,6.4637,-0.6726,-1.96,1.4213,1.9417,4.363,5.7022,11.786,-4.8543
-3.5789,-2.0608,0.15092,4.6685,-0.53695,-0.67306,1.2504,1.6704,4.1435,5.7376,13.514,-4.9089
-2.7979,0.10972,0.95842,3.3137,-0.63273,0.62577,1.0385,1.5471,3.9913,5.7764,14.524,-4.9791
-2.4786,1.6937,1.8442,2.5306,-0.9316,1.7716,0.79899,1.5715,3.9529,5.8799,14.769,-5.0388
-2.583,2.5795,2.6821,2.3308,-1.3649,2.6336,0.55081,1.7153,4.0569,6.1134,14.29,-5.0613
-3.0041,2.7884,3.3625,2.6408,-1.8439,3.1484,0.31979,1.9421,4.3116,6.5336,13.196,-5.0243
-3.5942,2.4505,3.8269,3.3086,-2.2807,3.3346,0.13889,2.2264,4.7107,7.1747,11.652,-4.9095
-4.1843,1.7789,4.0862,4.1079,-2.6076,3.2872,0.044957,2.5617,5.2466,8.0444,9.8554,-4.7027
-4.6045,1.0398,4.2173,4.7831,-2.7938,3.1516,0.07334,2.9621,5.9222,9.133,8.0057,-4.3929
-4.7216,0.53495,4.3384,5.109,-2.8518,3.0854,0.25328,3.4562,6.7558,10.426,6.2641,-3.9714
-4.4723,0.59524,4.5722,4.9284,-2.8299,3.2279,0.60651,4.0778,7.774,11.907,4.7444,-3.4291
-3.8726,1.5502,5.0244,4.1664,-2.7952,3.6989,1.1504,4.8545,8.9975,13.556,3.5287,-2.7612
-3.0065,3.6696,5.7948,2.8192,-2.8178,4.6634,1.9053,5.7984,10.428,15.347,2.6852,-1.9754
-1.9992,7.2167,7.0358,0.91317,-2.9598,6.5645,2.9006,6.9045,12.046,17.26,2.272,-1.0972
-0.98492,12.297,9.0363,-1.553,-3.2631,10.303,4.173,8.1556,13.819,19.285,2.3217,-0.16379
-0.07566,17.997,12.062,-4.6301,-3.7428,15.458,5.7509,9.5323,15.719,21.413,2.8184,0.79546
0.65852,23.118,15.608,-8.2985,-4.3917,19.862,7.6365,11.02,17.724,23.632,3.6945,1.7801
1.1935,27.518,18.872,-12.247,-5.1995,23.467,9.8002,12.604,19.819,25.91,4.8589,2.8287
1.5417,31.764,22.017,-16.004,-6.1695,27.122,12.189,14.265,21.977,28.179,6.2243,4.0087
1.7364,36.504,25.585,-19.391,-7.3151,31.354,14.733,15.962,24.149,30.352,7.7143,5.3864
1.8213,42.048,29.953,-22.523,-8.6371,36.398,17.34,17.634,26.278,32.345,9.2578,6.9756
1.8465,48.28,35.266,-25.5,-10.102,42.186,19.892,19.209,28.302,34.112,10.787,8.6915
1.8699,54.795,41.381,-28.318,-11.635,48.373,22.238,20.618,30.17,35.649,12.242,10.365
1.9518,61.178,47.827,-30.937,-13.135,54.556,24.209,21.808,31.836,36.98,13.581,11.835
2.1347,67.182,53.972,-33.319,-14.492,60.432,25.65,22.743,33.262,38.142,14.787,13.039
2.4197,72.627,59.248,-35.405,-15.61,65.692,26.467,23.399,34.418,39.157,15.874,14.006
2.7608,77.213,63.238,-37.101,-16.439,69.957,26.664,23.757,35.286,40.034,16.87,14.814
3.0784,80.537,65.733,-38.314,-16.984,72.895,26.357,23.806,35.87,40.766,17.815,15.533
3.2885,82.277,66.793,-38.99,-17.307,74.378,25.749,23.543,36.191,41.34,18.742,16.215
3.3301,82.356,66.702,-39.122,-17.477,74.485,24.978,22.981,36.268,41.754,19.671,16.887
3.1924,80.94,65.804,-38.757,-17.526,73.39,23.934,22.138,36.105,42.019,20.597,17.548
2.9268,78.364,64.318,-37.998,-17.43,71.251,22.361,21.038,35.683,42.149,21.494,18.177
2.6397,75.088,62.281,-36.993,-17.127,68.267,20.155,19.707,34.981,42.148,22.32,18.735
2.468,71.592,59.692,-35.908,-16.55,64.797,17.413,18.175,33.982,42.003,23.031,19.183
2.5436,68.236,56.663,-34.898,-15.661,61.307,14.315,16.48,32.69,41.685,23.587,19.494
2.9555,65.213,53.373,-34.077,-14.47,58.144,10.993,14.665,31.127,41.144,23.962,19.657
3.7217,62.563,49.973,-33.508,-13.03,55.409,7.4716,12.769,29.328,40.326,24.136,19.688
4.7833,60.183,46.556,-33.189,-11.42,53.003,3.6892,10.819,27.325,39.178,24.079,19.619
6.0262,57.893,43.165,-33.06,-9.7304,50.745,-0.40183,8.8227,25.142,37.673,23.742,19.479
7.3168,55.564,39.776,-33.02,-8.0449,48.468,-4.7586,6.7725,22.794,35.82,23.071,19.276
8.5307,53.186,36.286,-32.943,-6.427,46.045,-9.2854,4.643,20.293,33.655,22.027,18.991
9.5712,50.79,32.521,-32.707,-4.915,43.37,-13.93,2.3944,17.647,31.228,20.613,18.59
10.39,48.326,28.281,-32.227,-3.5216,40.342,-18.719,-0.032536,14.86,28.582,18.874,18.039
11.004,45.695,23.563,-31.472,-2.2379,36.883,-23.69,-2.7095,11.943,25.757,16.893,17.314
11.495,42.899,18.83,-30.465,-1.0384,32.994,-28.754,-5.7034,8.9344,22.787,14.772,16.413
11.98,40.067,14.683,-29.268,0.11167,28.806,-33.618,-9.0447,5.9183,19.711,12.625,15.371
12.564,37.303,11.267,-27.969,1.2468,24.55,-37.94,-12.694,3.004,16.584,10.558,14.277
13.303,34.536,8.4006,-26.655,2.3867,20.424,-41.564,-16.537,0.27737,13.493,8.6628,13.256
14.192,31.527,5.9105,-25.379,3.5317,16.513,-44.559,-20.424,-2.2327,10.545,7.0011,12.44
15.209,28.029,3.7071,-24.154,4.6772,12.868,-47.106,-24.243,-4.55,7.8341,5.6041,11.904
16.341,24.0,1.7588,-22.985,5.8423,9.6092,-49.382,-27.962,-6.7307,5.4159,4.4775,11.642
17.546,19.705,0.058913,-21.899,7.0977,6.8975,-51.511,-31.615,-8.8435,3.2966,3.6144,11.584
18.727,15.587,-1.401,-20.988,8.5605,4.806,-53.543,-35.244,-10.949,1.4405,3.0039,11.635
19.804,12.086,-2.65,-20.398,10.323,3.281,-55.46,-38.846,-13.077,-0.20113,2.6341,11.73
20.828,9.5613,-3.7459,-20.262,12.364,2.2252,-57.22,-42.343,-15.215,-1.6611,2.4934,11.852
21.982,8.2051,-4.7682,-20.657,14.569,1.5589,-58.793,-45.607,-17.307,-2.9464,2.5677,12.037
23.449,8.0076,-5.7907,-21.6,16.821,1.2189,-60.159,-48.511,-19.268,-4.0474,2.8324,12.355
25.325,8.8112,-6.8404,-23.054,19.026,1.1394,-61.307,-50.981,-21.015,-4.9571,3.2446,12.87
27.631,10.35,-7.8818,-24.923,21.128,1.238,-62.244,-53.003,-22.484,-5.6853,3.7418,13.607
30.376,12.262,-8.8586,-27.046,23.165,1.4092,-63.018,-54.611,-23.639,-6.2604,4.2483,14.529
33.554,14.143,-9.7556,-29.212,25.286,1.5359,-63.715,-55.853,-24.474,-6.7203,4.6886,15.551
37.03,15.632,-10.609,-31.17,27.662,1.5149,-64.403,-56.768,-25.009,-7.0989,5.0058,16.566
40.464,16.487,-11.45,-32.668,30.292,1.2866,-65.045,-57.375,-25.287,-7.413,5.18,17.48
43.356,16.612,-12.248,-33.481,32.792,0.85048,-65.479,-57.664,-25.347,-7.6561,5.24,18.234
45.151,16.042,-12.903,-33.449,34.484,0.26257,-65.463,-57.605,-25.202,-7.8038,5.2615,18.803
45.352,14.912,-13.287,-32.529,34.77,-0.38538,-64.757,-57.169,-24.84,-7.83,5.35,19.189
43.663,13.41,-13.298,-30.822,33.375,-0.99719,-63.18,-56.358,-24.234,-7.7241,5.6117,19.417
40.174,11.736,-12.894,-28.505,30.465,-1.5007,-60.646,-55.222,-23.385,-7.4983,6.1261,19.522
35.481,10.044,-12.107,-25.71,26.704,-1.8631,-57.192,-53.851,-22.336,-7.183,6.9269,19.529
30.378,8.3837,-11.043,-22.509,22.946,-2.0966,-52.989,-52.343,-21.175,-6.8144,7.9967,19.434
25.376,6.6708,-9.8624,-18.97,19.711,-2.2604,-48.321,-50.779,-20.001,-6.4241,9.2709,19.211
20.655,4.7774,-8.7423,-15.134,17.039,-2.4499,-43.529,-49.219,-18.897,-6.0351,10.647,18.829
16.285,2.6603,-7.8335,-11.014,14.737,-2.7712,-38.96,-47.716,-17.915,-5.6634,12.0,18.276
12.291,0.39336,-7.2258,-6.7172,12.608,-3.3054,-34.929,-46.327,-17.075,-5.3212,13.197,17.564
8.6321,-1.9018,-6.9315,-2.5931,10.551,-4.0758,-31.676,-45.105,-16.372,-5.0182,14.123,16.725
5.3213,-4.0915,-6.9018,0.8494,8.6038,-5.0268,-29.298,-44.071,-15.791,-4.7605,14.687,15.816
2.6138,-5.9957,-7.0545,3.2973,6.9617,-6.0224,-27.701,-43.197,-15.325,-4.55,14.83,14.908
0.83732,-7.3864,-7.2808,4.7497,5.8322,-6.8735,-26.646,-42.43,-14.973,-4.3836,14.532,14.076
0.018741,-8.0537,-7.4512,5.3443,5.2175,-7.3935,-25.895,-41.762,-14.736,-4.2546,13.808,13.379
-0.09053,-7.882,-7.441,5.2366,4.9292,-7.4519,-25.332,-41.254,-14.607,-4.1544,12.695,12.862
0.20824,-6.8933,-7.1622,4.5904,4.7514,-7.0019,-24.946,-41.005,-14.567,-4.074,11.239,12.549
0.66062,-5.2522,-6.5815,3.594,4.5265,-6.0845,-24.724,-41.074,-14.585,-4.0029,9.5116,12.451
1.0735,-3.2354,-5.729,2.4595,4.1713,-4.8249,-24.581,-41.427,-14.613,-3.9288,7.6027,12.551
1.3166,-1.1704,-4.7033,1.3993,3.6741,-3.4185,-24.363,-41.914,-14.598,-3.8413,5.5987,12.786
1.3237,0.64179,-3.6633,0.59191,3.0839,-2.0938,-23.874,-42.28,-14.494,-3.7447,3.5833,13.021
1.0884,1.9885,-2.8025,0.15221,2.4932,-1.0597,-22.912,-42.196,-14.271,-3.6727,1.6515,13.048
0.6516,2.7752,-2.3285,0.11239,2.028,-0.47771,-21.389,-41.317,-13.922,-3.691,-0.093893,12.605
0.086469,3.0746,-2.5443,0.41314,1.8916,-0.41095,-19.528,-39.345,-13.448,-3.8655,-1.5326,11.407
-0.51488,3.7735,-3.1106,0.89778,2.6201,0.97879,-17.982,-36.216,-12.838,-4.1909,-2.5276,9.4385
-1.0516,4.3029,-0.28675,1.2493,5.1633,2.6086,-17.621,-32.862,-12.01,-4.5332,-3.046,8.3685
-1.4115,3.603,-0.16483,0.65188,5.2391,1.8907,-19.138,-34.127,-10.745,-4.6591,-3.2263,10.885
-1.4013,2.9977,-0.081701,-1.0134,3.0211,1.1336,-21.936,-51.299,-8.837,-4.165,-3.1444,13.483
-0.28799,1.962,0.28407,-1.5818,1.6815,0.2893,-23.045,-61.37,-16.661,-0.034752,-2.456,13.745
1.827,-0.27563,-0.24816,-0.6805,0.24443,-1.3626,-20.547,-57.546,-18.073,2.9632,7.3039,23.195
-2.9628,-4.9221,-3.4252,2.6694,0.013309,-5.6008,-14.383,-48.341,-11.381,3.0629,11.408,24.354
-5.1705,-14.092,-10.49,7.3591,2.779,-15.182,-4.0615,-33.518,-3.6523,2.5532,10.629,17.236
-5.7124,-31.561,-26.616,13.493,10.832,-34.533,8.0333,-13.043,2.2195,0.9531,6.2959,2.9476
-4.7684,-62.675,-59.942,23.419,26.741,-67.135,19.173,12.428,4.2001,-2.8603,-3.2784,-17.8
-2.8572,-101.34,-102.82,40.236,50.517,-106.5,30.847,41.684,5.8568,-10.035,-19.398,-42.223
0.70926,-141.08,-149.33,61.112,78.564,-149.74,44.706,75.426,11.021,-18.758,-39.823,-64.352
8.6749,-179.62,-199.56,76.482,110.11,-194.52,56.721,117.6,26.546,-18.345,-50.76,-73.304
28.171,-209.9,-250.5,81.041,145.64,-235.5,68.468,175.5,65.209,9.9709,-34.56,-57.403
70.307,-225.39,-300.6,70.533,187.58,-268.18,83.011,258.32,151.0,98.261,24.558,-7.1969
130.52,-220.48,-350.25,39.467,239.78,-289.72,102.2,373.19,286.58,247.39,145.08,85.038
211.87,-191.08,-400.64,-15.83,305.3,-298.99,125.22,520.23,478.92,465.69,326.35,223.85
318.58,-135.37,-451.66,-95.892,384.35,-295.76,147.3,689.32,725.35,752.68,568.89,409.25
446.24,-55.207,-500.27,-198.53,473.06,-279.45,159.54,858.77,1010.3,1096.3,864.56,635.97
586.05,45.43,-540.37,-318.42,563.67,-248.78,150.71,997.64,1307.4,1473.3,1196.7,893.15
726.31,161.91,-564.48,-446.94,646.24,-202.37,110.5,1072.6,1583.1,1850.7,1540.6,1164.5
854.17,287.91,-566.15,-573.58,710.87,-140.12,33.408,1057.3,1803.3,2190.2,1865.8,1429.0
957.01,413.87,-542.49,-686.59,749.95,-65.329,-78.587,940.91,1939.1,2452.9,2138.6,1662.6
1023.8,526.77,-496.04,-773.85,759.79,14.227,-215.9,730.39,1970.9,2605.0,2326.4,1841.3
1047.6,612.13,-434.6,-825.85,741.1,87.501,-363.85,447.12,1890.1,2622.5,2403.5,1944.7
1027.0,657.82,-368.73,-838.55,698.41,143.21,-507.23,120.07,1698.3,2494.9,2355.8,1960.1
966.77,657.85,-308.52,-811.43,638.77,173.25,-634.88,-220.61,1406.3,2227.1,2183.5,1885.0
875.69,614.01,-260.9,-746.11,569.85,175.06,-740.83,-548.01,1032.7,1838.7,1901.9,1726.7
764.39,535.02,-228.06,-651.7,497.95,151.91,-822.61,-840.52,604.26,1362.6,1538.2,1501.3
643.12,433.77,-207.75,-540.85,427.09,111.35,-879.0,-1081.9,154.86,842.41,1129.1,1231.1
521.05,324.06,-195.44,-425.36,359.62,62.492,-908.9,-1261.0,-275.35,328.9,716.29,942.97
406.34,218.23,-186.37,-315.44,297.34,13.629,-911.5,-1370.9,-644.43,-125.99,341.17,665.06
305.96,125.7,-177.96,-219.25,242.27,-29.13,-887.34,-1409.6,-916.47,-478.84,37.168,422.07
224.47,51.935,-170.44,-141.96,196.8,-62.282,-839.6,-1381.2,-1071.2,-705.0,-177.32,230.19
163.02,-2.2683,-163.4,-85.032,162.4,-85.879,-774.55,-1297.2,-1110.4,-804.93,-302.58,93.823
119.57,-38.137,-155.82,-46.216,138.09,-102.83,-700.63,-1176.2,-1057.1,-802.2,-354.89,6.3619
89.731,-59.291,-147.1,-20.79,120.89,-111.67,-626.22,-1038.8,-946.57,-733.58,-358.85,-45.266
68.074,-71.798,-136.93,-3.476,107.3,-112.89,-556.09,-901.98,-814.08,-636.49,-338.59,-74.938
49.677,-79.596,-125.19,9.987,93.986,-110.45,-489.56,-775.99,-686.23,-539.45,-311.76,-93.211
31.987,-84.366,-112.13,22.086,78.982,-105.57,-424.88,-664.3,-577.55,-458.36,-287.75,-105.87
15.1,-87.002,-99.4,33.523,62.402,-98.113,-362.62,-565.92,-491.72,-397.58,-268.99,-114.69
-0.020131,-88.351,-87.663,43.563,44.57,-89.608,-303.77,-479.16,-424.72,-353.7,-253.73,-119.33
-12.7,-88.575,-77.806,50.329,28.524,-82.725,-249.14,-402.55,-370.18,-319.75,-238.81,-118.93
-22.137,-87.386,-71.211,53.453,18.998,-78.506,-200.34,-334.88,-322.7,-286.62,-221.37,-112.95
-26.013,-85.075,-68.024,50.289,16.041,-74.488,-159.59,-275.98,-277.72,-252.43,-197.56,-101.5
-21.129,-81.324,-66.293,33.397,17.581,-70.251,-128.84,-225.39,-234.79,-217.45,-174.84,-85.924
-12.005,-75.334,-63.672,26.732,20.973,-65.318,-106.94,-182.02,-193.39,-182.49,-152.76,-72.059
-7.9624,-67.601,-58.936,23.248,22.722,-59.345,-90.127,-145.67,-154.7,-147.98,-129.64,-60.363
-6.4835,-58.665,-52.164,20.079,21.138,-52.62,-75.592,-116.05,-120.48,-116.18,-109.29,-48.894
-5.4677,-49.237,-44.224,17.012,16.469,-45.873,-62.622,-92.546,-93.768,-90.939,-92.808,-39.877
-4.7239,-40.331,-36.003,14.384,11.007,-39.677,-50.934,-74.145,-75.425,-74.072,-79.809,-34.03
-4.2796,-32.92,-28.367,12.403,7.49,-34.133,-40.052,-59.38,-62.877,-63.505,-70.035,-31.005
-4.0882,-27.409,-22.074,10.88,5.4684,-29.147,-29.909,-47.484,-53.742,-57.258,-63.473,-30.013
-4.0421,-23.508,-17.312,9.4772,4.085,-24.722,-21.124,-38.305,-47.031,-54.427,-59.29,-30.0
-4.0475,-20.437,-13.768,8.1251,3.0106,-20.89,-15.296,-32.038,-41.899,-53.49,-56.209,-29.634
-4.0656,-17.301,-11.046,6.984,2.1325,-17.533,-14.159,-29.82,-37.584,-52.889,-53.553,-27.568
-4.1099,-13.659,-8.8097,6.1444,1.3778,-14.36,-14.136,-30.343,-33.914,-51.541,-52.003,-24.876
-4.2313,-10.113,-6.7976,5.5972,0.66804,-11.125,-13.669,-27.658,-30.342,-48.688,-52.437,-22.778
-4.4972,-7.6245,-4.9368,5.3304,-0.056649,-8.1495,-11.776,-22.631,-25.597,-43.381,-53.954,-21.445
-4.9606,-6.3339,-3.3633,5.3533,-0.8132,-6.1065,-8.7329,-17.797,-22.038,-39.5,-54.725,-20.735
-5.6346,-5.9362,-2.1741,5.6766,-1.5849,-5.0519,-6.0734,-13.893,-19.892,-37.612,-54.59,-20.456
-6.485,-6.1927,-1.3417,6.2924,-2.3354,-4.6554,-4.3326,-10.852,-18.319,-36.441,-54.197,-20.392
-7.4367,-6.9483,-0.82129,7.1643,-3.0131,-4.6843,-3.2501,-8.4508,-17.033,-35.581,-53.681,-20.329
-8.3906,-8.0717,-0.58628,8.2253,-3.5617,-5.0194,-2.511,-6.4911,-15.89,-34.803,-52.886,-20.106
-9.2457,-9.4286,-0.60446,9.3805,-3.9375,-5.5777,-1.9393,-4.8311,-14.809,-33.897,-51.656,-19.658
-9.9226,-10.874,-0.82025,10.516,-4.1257,-6.27,-1.4648,-3.3731,-13.758,-32.713,-49.88,-19.018
-10.38,-12.244,-1.1524,11.51,-4.1502,-6.9848,-1.0584,-2.0432,-12.737,-31.241,-47.448,-18.271
-10.615,-13.353,-1.5018,12.247,-4.0711,-7.5945,-0.68822,-0.77621,-11.746,-29.617,-44.235,-17.507
-10.649,-14.02,-1.7656,12.636,-3.969,-7.9748,-0.30695,0.48947,-10.774,-28.029,-40.159,-16.781
-10.511,-14.112,-1.8571,12.619,-3.9179,-8.0288,0.13446,1.8054,-9.7984,-26.581,-35.294,-16.106
-10.225,-13.578,-1.7262,12.181,-3.9601,-7.7087,0.66557,3.2003,-8.7958,-25.268,-29.905,-15.458
-9.8006,-12.457,-1.3735,11.362,-4.092,-7.0318,1.2805,4.6706,-7.7618,-24.02,-24.34,-14.796
-9.2384,-10.866,-0.8493,10.248,-4.2685,-6.0779,1.9381,6.1843,-6.7176,-22.758,-18.914,-14.085
-8.5405,-8.9878,-0.23532,8.9636,-4.4226,-4.9632,2.5795,7.6983,-5.7043,-21.418,-13.856,-13.308
-7.7384,-7.0377,0.38574,7.6529,-4.4994,-3.8073,3.1478,9.1769,-4.7672,-19.964,-9.3249,-12.482
-6.9162,-5.2288,0.96195,6.4581,-4.4955,-2.7052,3.5999,10.603,-3.94,-18.406,-5.4773,-11.668
-6.2035,-3.7251,1.4934,5.5015,-4.4746,-1.7112,3.9117,11.977,-3.2364,-16.806,-2.4971,-10.948
-5.7353,-2.6114,2.0296,4.8693,-4.5449,-0.83595,4.0828,13.313,-2.6506,-15.264,-0.51977,-10.393
-5.6024,-1.8885,2.6396,4.5953,-4.8092,-0.056689,4.1365,14.628,-2.1639,-13.882,0.45274,-10.045
-5.818,-1.4895,3.3711,4.6516,-5.3188,0.66127,4.1135,15.937,-1.7551,-12.719,0.53372,-9.9086
-6.3126,-1.306,4.2233,4.9524,-6.0492,1.3438,4.0597,17.248,-1.4086,-11.794,-0.10944,-9.9569
-6.9562,-1.2159,5.1457,5.3734,-6.9068,2.0006,4.013,18.569,-1.1185,-11.085,-1.2882,-10.145
-7.5989,-1.1092,6.0618,5.7835,-7.7638,2.6296,3.9966,19.906,-0.88428,-10.553,-2.8062,-10.428
-8.115,-0.90935,6.9031,6.0795,-8.5085,3.2253,4.0192,21.265,-0.70437,-10.148,-4.4688,-10.768
-8.4394,-0.588,7.6355,6.214,-9.0881,3.7821,4.0802,22.657,-0.57007,-9.8262,-6.0986,-11.143
-8.5805,-0.17036,8.2691,6.2045,-9.5225,4.2969,4.1762,24.091,-0.46402,-9.5526,-7.5567,-11.54
-8.6096,0.27767,8.8481,6.1171,-9.8889,4.7715,4.306,25.574,-0.36299,-9.3077,-8.7573,-11.944
-8.6297,0.68146,9.429,6.0328,-10.284,5.2139,4.4724,27.1,-0.2426,-9.0869,-9.6626,-12.338
-8.7363,0.99222,10.056,6.0122,-10.78,5.6362,4.6835,28.662,-0.081957,-8.8977,-10.264,-12.703
-8.9833,1.2054,10.743,6.0755,-11.394,6.0511,4.9511,30.241,0.13351,-8.7538,-10.57,-13.024
-9.3649,1.3613,11.472,6.1979,-12.086,6.4704,5.2864,31.818,0.41176,-8.6653,-10.599,-13.303
-9.8206,1.5353,12.2,6.3187,-12.78,6.9064,5.694,33.369,0.75697,-8.6278,-10.391,-13.551
-10.259,1.8176,12.882,6.3627,-13.4,7.3702,6.1692,34.877,1.1746,-8.6162,-10.011,-13.779
-10.592,2.2781,13.485,6.2702,-13.895,7.8669,6.7043,36.35,1.6757,-8.5868,-9.546,-13.989
-10.772,2.9288,13.998,6.0274,-14.252,8.389,7.2975,37.822,2.2769,-8.4902,-9.0825,-14.17
-10.81,3.7029,14.43,5.6841,-14.494,8.9118,7.9573,39.348,2.9948,-8.2901,-8.6901,-14.298
-10.77,4.4621,14.792,5.3489,-14.663,9.3904,8.6983,40.98,3.8357,-7.9805,-8.4123,-14.347
-10.745,5.0311,15.085,5.1563,-14.794,9.7616,9.533,42.733,4.7854,-7.5905,-8.2729,-14.308
-10.823,5.2415,15.284,5.2235,-14.912,9.9527,10.466,44.567,5.8051,-7.1754,-8.2859,-14.194
-11.064,4.9768,15.347,5.6138,-15.018,9.8991,11.494,46.388,6.84,-6.7946,-8.4613,-14.041
-11.478,4.2041,15.235,6.3178,-15.095,9.5675,12.613,48.086,7.8386,-6.4869,-8.8037,-13.898
-12.012,2.9865,14.932,7.2514,-15.11,8.9723,13.824,49.594,8.7741,-6.2557,-9.3081,-13.803
-12.558,1.4739,14.455,8.2726,-15.024,8.1746,15.139,50.917,9.6527,-6.0727,-9.9562,-13.773
-12.975,-0.12487,13.844,9.2134,-14.808,7.2668,16.573,52.125,10.503,-5.8968,-10.717,-13.794
-13.133,-1.5822,13.145,9.9214,-14.45,6.3531,18.13,53.316,11.358,-5.6955,-11.549,-13.833
-12.958,-2.6945,12.409,10.297,-13.961,5.5334,19.784,54.564,12.232,-5.4567,-12.409,-13.848
-12.467,-3.3217,11.696,10.317,-13.383,4.8912,21.471,55.895,13.117,-5.1889,-13.256,-13.81
-11.755,-3.4209,11.081,10.03,-12.792,4.4866,23.106,57.294,13.99,-4.9158,-14.061,-13.719
-10.973,-3.0541,10.646,9.5337,-12.286,4.356,24.602,58.727,14.823,-4.6672,-14.815,-13.602
-10.278,-2.3502,10.457,8.9462,-11.958,4.5113,25.908,60.17,15.601,-4.4687,-15.525,-13.507
-9.7873,-1.4446,10.539,8.3677,-11.863,4.9365,27.006,61.627,16.319,-4.332,-16.213,-13.483
-9.54,-0.43755,10.863,7.8603,-11.995,5.5869,27.917,63.138,16.983,-4.2496,-16.909,-13.566
-9.4932,0.61145,11.357,7.4388,-12.287,6.3937,28.678,64.769,17.602,-4.1967,-17.644,-13.76
-9.5407,1.6721,11.916,7.0766,-12.633,7.2745,29.334,66.583,18.185,-4.1406,-18.45,-14.04
-9.5562,2.7301,12.44,6.724,-12.921,8.1455,29.929,68.609,18.735,-4.0534,-19.357,-14.361
-9.4422,3.7744,12.854,6.3337,-13.066,8.934,30.501,70.809,19.249,-3.9217,-20.384,-14.673
-9.1627,4.7787,13.121,5.8863,-13.042,9.5859,31.082,73.088,19.727,-3.7489,-21.531,-14.949
-8.7502,5.6818,13.245,5.4076,-12.882,10.066,31.701,75.329,20.177,-3.5475,-22.78,-15.184
-8.2926,6.3839,13.256,4.9712,-12.659,10.352,32.386,77.441,20.626,-3.3294,-24.098,-15.397
-7.9047,6.7713,13.188,4.6833,-12.446,10.432,33.155,79.394,21.116,-3.0975,-25.448,-15.606
-7.6902,6.7522,13.061,4.6509,-12.29,10.296,33.997,81.233,21.696,-2.8441,-26.796,-15.822
-7.7093,6.281,12.871,4.9462,-12.197,9.9424,34.868,83.048,22.403,-2.5547,-28.117,-16.038
-7.967,5.3615,12.594,5.5828,-12.144,9.3752,35.713,84.935,23.248,-2.2148,-29.39,-16.24
-8.4219,4.0447,12.2,6.5116,-12.09,8.6116,36.498,86.964,24.216,-1.8155,-30.576,-16.404
-9.0006,2.4304,11.666,7.6297,-11.993,7.6883,37.233,89.161,25.269,-1.3544,-31.601,-16.506
-9.6099,0.67168,10.996,8.7958,-11.822,6.6655,37.96,91.53,26.371,-0.83505,-32.364,-16.523
-10.148,-1.0346,10.224,9.8533,-11.555,5.6235,38.738,94.061,27.503,-0.26475,-32.757,-16.436
-10.518,-2.4829,9.4006,10.662,-11.185,4.6508,39.624,96.739,28.67,0.34589,-32.705,-16.238
-10.647,-3.5108,8.5795,11.13,-10.718,3.8252,40.65,99.531,29.885,0.98355,-32.187,-15.932
-10.502,-4.0449,7.8044,11.233,-10.163,3.1957,41.808,102.38,31.155,1.6342,-31.253,-15.531
-10.101,-4.1195,7.0993,11.023,-9.5371,2.7715,43.055,105.22,32.468,2.2873,-30.027,-15.06
-9.5038,-3.858,6.4637,10.605,-8.857,2.5212,44.343,107.99,33.802,2.9406,-28.69,-14.546
-8.7998,-3.4321,5.8749,10.111,-8.1394,2.3812,45.643,110.71,35.145,3.6036,-27.444,-14.014
-8.0833,-3.0142,5.2966,9.6692,-7.3969,2.2743,46.967,113.41,36.508,4.2981,-26.476,-13.486
-7.4259,-2.7353,4.6928,9.3688,-6.6382,2.1313,48.368,116.2,37.936,5.058,-25.906,-12.972
-6.8583,-2.6589,4.041,9.2455,-5.8725,1.9092,49.907,119.18,39.499,5.928,-25.748,-12.473
-6.3659,-2.7759,3.3388,9.2746,-5.1108,1.6001,51.627,122.45,41.279,6.9606,-25.891,-11.983
-5.8987,-3.0158,2.6013,9.3822,-4.3609,1.2268,53.51,126.03,43.357,8.2084,-26.158,-11.492
-5.3914,-3.27,1.8516,9.4659,-3.6204,0.8306,55.474,129.91,45.778,9.7111,-26.393,-10.996
-4.7843,-3.4235,1.1116,9.4212,-2.8772,0.45464,57.4,133.99,48.517,11.476,-26.522,-10.501
-4.0399,-3.3866,0.39749,9.1707,-2.1175,0.13117,59.195,138.2,51.468,13.462,-26.525,-10.025
-3.1564,-3.1212,-0.27903,8.6924,-1.3369,-0.12444,60.83,142.46,54.51,15.588,-26.359,-9.5917
-2.1777,-2.6574,-0.9057,8.0393,-0.54916,-0.31211,62.329,146.76,57.574,17.783,-25.921,-9.2153
-1.1911,-2.0917,-1.4666,7.3358,0.21257,-0.44162,63.747,151.11,60.672,20.022,-25.086,-8.8984
-0.3086,-1.5595,-1.9428,6.7407,0.90089,-0.52772,65.139,155.58,63.864,22.319,-23.757,-8.6261
0.36443,-1.1881,-2.3161,6.3893,1.4629,-0.58648,66.547,160.18,67.21,24.687,-21.903,-8.3715
0.75998,-1.0564,-2.5739,6.3507,1.8528,-0.63087,67.992,164.95,70.727,27.113,-19.579,-8.1052
0.86747,-1.1743,-2.7122,6.6158,2.0474,-0.66459,69.481,169.86,74.37,29.55,-16.914,-7.808
0.73824,-1.4817,-2.7397,7.1049,2.0602,-0.67864,71.019,174.91,78.054,31.938,-14.096,-7.4789
0.47606,-1.8586,-2.6809,7.6772,1.9426,-0.6546,72.628,180.12,81.696,34.219,-11.34,-7.1344
0.2143,-2.147,-2.5782,8.1529,1.776,-0.57343,74.347,185.51,85.237,36.351,-8.8541,-6.7981
0.09039,-2.1837,-2.4899,8.3508,1.6618,-0.42504,76.214,191.13,88.653,38.312,-6.8083,-6.4884
0.23393,-1.8419,-2.4803,8.1318,1.7045,-0.21445,78.23,196.94,91.951,40.1,-5.2988,-6.2088
0.74045,-1.0769,-2.6032,7.4415,1.9807,0.036111,80.345,202.91,95.188,41.732,-4.3373,-5.9451
1.6209,0.041356,-2.886,6.3413,2.5084,0.28826,82.492,208.99,98.479,43.253,-3.8612,-5.6704
2.7741,1.3297,-3.3269,5.0103,3.2392,0.49028,84.631,215.15,101.96,44.73,-3.7514,-5.3556
4.0115,2.5272,-3.9048,3.7067,4.0797,0.58223,86.763,221.39,105.72,46.246,-3.8556,-4.9813
5.1191,3.3547,-4.5931,2.7032,4.927,0.50437,88.92,227.71,109.71,47.888,-4.0246,-4.5424
5.9278,3.5859,-5.369,2.2183,5.7033,0.20802,91.142,234.1,113.87,49.736,-4.1475,-4.0426
6.3716,3.107,-6.2161,2.3638,6.3804,-0.33302,93.454,240.59,118.15,51.847,-4.1609,-3.482
6.524,1.9351,-7.1271,3.1271,6.9945,-1.1139,95.857,247.22,122.57,54.222,-4.0341,-2.8459
6.5991,0.18636,-8.1061,4.3859,7.6438,-2.0981,98.329,254.13,127.21,56.794,-3.7514,-2.1022
6.8993,-1.9592,-9.1672,5.9333,8.4612,-3.2258,100.85,261.47,132.09,59.463,-3.3021,-1.2086
7.6849,-4.2517,-10.329,7.5,9.5696,-4.419,103.4,269.3,137.15,62.156,-2.675,-0.12832
9.0152,-6.3551,-11.61,8.7947,11.039,-5.5819,105.96,277.47,142.28,64.882,-1.856,1.1551
10.751,-7.8966,-13.028,9.5634,12.874,-6.6068,108.53,285.76,147.36,67.715,-0.82685,2.6351
12.766,-8.5717,-14.61,9.6443,15.034,-7.3911,111.11,293.96,152.32,70.742,0.42934,4.289
15.06,-8.2341,-16.423,8.9981,17.456,-7.8585,113.77,302.0,157.14,73.997,1.9192,6.0802
17.676,-6.9244,-18.616,7.7044,20.065,-7.9799,116.56,309.93,161.84,77.44,3.6305,7.9531
20.587,-4.8434,-21.406,5.9315,22.764,-7.7994,119.48,317.8,166.44,80.955,5.5291,9.8297
23.687,-2.295,-24.873,3.9028,25.479,-7.4592,122.41,325.68,170.99,84.369,7.56,11.624
26.817,0.35996,-28.603,1.8642,28.201,-7.2062,125.21,333.58,175.52,87.503,9.65,13.266
29.811,2.7295,-31.899,0.044594,30.944,-7.3696,127.79,341.49,180.02,90.218,11.711,14.729
32.53,4.4375,-34.594,-1.3848,33.715,-8.3079,130.1,349.41,184.42,92.462,13.652,16.023
34.914,5.2074,-37.197,-2.3351,36.55,-10.278,132.14,357.34,188.63,94.257,15.386,17.178
37.015,4.9267,-40.297,-2.8021,39.512,-13.228,133.92,365.26,192.6,95.668,16.845,18.225
38.993,3.6551,-44.127,-2.8525,42.638,-16.837,135.47,373.13,196.33,96.77,17.98,19.178
41.085,1.5941,-48.617,-2.6056,45.953,-20.856,136.8,380.82,199.87,97.628,18.769,20.055
43.523,-0.97269,-53.611,-2.2111,49.49,-25.194,137.96,388.13,203.27,98.287,19.214,20.884
46.39,-3.7581,-58.931,-1.8222,53.278,-29.771,138.98,394.83,206.48,98.775,19.339,21.719
49.553,-6.5217,-64.342,-1.5647,57.292,-34.398,139.9,400.74,209.4,99.108,19.174,22.623
52.808,-9.059,-69.563,-1.5211,61.43,-38.782,140.71,405.76,211.92,99.313,18.752,23.658
56.062,-11.176,-74.367,-1.7534,65.532,-42.691,141.39,409.91,213.99,99.429,18.112,24.873
59.321,-12.706,-78.688,-2.3372,69.448,-46.036,141.91,413.31,215.67,99.507,17.302,26.317
62.603,-13.567,-82.636,-3.3572,73.107,-48.812,142.28,416.11,217.03,99.596,16.389,28.035
65.898,-13.778,-86.436,-4.8614,76.571,-51.046,142.5,418.48,218.15,99.736,15.451,30.062
69.201,-13.41,-90.313,-6.8329,80.018,-52.804,142.62,420.52,219.1,99.945,14.58,32.405
72.54,-12.548,-94.339,-9.2075,83.654,-54.161,142.67,422.3,219.89,100.22,13.863,35.017
75.967,-11.308,-98.349,-11.905,87.585,-55.191,142.7,423.83,220.52,100.55,13.376,37.798
79.527,-9.8532,-102.06,-14.834,91.73,-55.969,142.73,425.09,220.98,100.9,13.169,40.615
83.225,-8.3852,-105.28,-17.876,95.868,-56.58,142.72,426.04,221.24,101.22,13.26,43.345
87.019,-7.0919,-108.03,-20.881,99.785,-57.114,142.61,426.66,221.27,101.49,13.639,45.918
90.833,-6.1035,-110.44,-23.683,103.37,-57.633,142.34,426.92,221.06,101.66,14.28,48.328
94.571,-5.4766,-112.65,-26.147,106.6,-58.182,141.81,426.79,220.61,101.72,15.147,50.622
98.121,-5.2097,-114.83,-28.198,109.52,-58.807,140.98,426.2,219.87,101.65,16.204,52.868
101.37,-5.2589,-117.05,-29.818,112.11,-59.564,139.76,425.06,218.83,101.45,17.409,55.116
104.24,-5.5456,-119.33,-31.023,114.37,-60.524,138.09,423.26,217.42,101.1,18.724,57.374
106.75,-5.9725,-121.62,-31.872,116.32,-61.739,135.88,420.64,215.6,100.63,20.12,59.607
108.99,-6.4504,-123.85,-32.456,118.04,-63.196,132.93,417.09,213.37,100.04,21.578,61.76
111.06,-6.9193,-125.96,-32.878,119.68,-64.812,129.1,412.54,210.8,99.363,23.092,63.794
113.01,-7.3599,-127.99,-33.215,121.37,-66.486,124.46,406.98,207.96,98.639,24.661,65.707
114.86,-7.796,-130.05,-33.505,123.2,-68.178,119.26,400.48,204.98,97.903,26.283,67.532
116.6,-8.2849,-132.25,-33.746,125.19,-69.919,113.77,393.11,201.94,97.195,27.941,69.316
118.22,-8.8938,-134.75,-33.912,127.32,-71.774,108.12,384.95,198.91,96.55,29.604,71.098
119.69,-9.6707,-137.6,-33.974,129.55,-73.782,102.31,376.12,195.92,95.988,31.228,72.891
120.98,-10.619,-140.71,-33.914,131.79,-75.917,96.293,366.78,192.98,95.506,32.769,74.679
122.04,-11.689,-143.92,-33.736,133.95,-78.096,90.109,357.12,190.04,95.09,34.2,76.433
122.86,-12.79,-146.97,-33.467,135.93,-80.196,83.877,347.28,187.04,94.726,35.525,78.115
123.44,-13.805,-149.63,-33.153,137.63,-82.067,77.755,337.29,183.87,94.41,36.781,79.697
123.78,-14.622,-151.65,-32.842,138.99,-83.544,71.89,327.07,180.51,94.149,38.036,81.153
123.89,-15.154,-152.83,-32.579,139.93,-84.462,66.415,316.47,177.0,93.968,39.363,82.463
123.76,-15.343,-152.99,-32.397,140.36,-84.687,61.403,305.4,173.42,93.905,40.817,83.612
123.37,-15.172,-152.08,-32.318,140.14,-84.17,56.793,293.92,169.75,93.984,42.411,84.596
122.68,-14.651,-150.32,-32.356,139.12,-83.03,52.379,282.2,165.81,94.186,44.106,85.412
121.66,-13.807,-148.01,-32.515,137.34,-81.475,47.892,270.36,161.4,94.428,45.823,86.061
120.3,-12.676,-145.11,-32.785,134.91,-79.548,43.129,258.43,156.45,94.586,47.479,86.537
118.62,-11.299,-141.4,-33.143,132.02,-77.031,38.137,246.28,151.05,94.54,49.03,86.84
116.63,-9.7226,-136.71,-33.555,128.71,-73.663,33.149,233.85,145.41,94.205,50.478,86.976
114.39,-7.9991,-131.09,-33.977,124.99,-69.336,28.264,221.17,139.65,93.539,51.854,86.966
111.94,-6.1855,-124.8,-34.364,120.79,-64.152,23.442,208.44,133.83,92.552,53.177,86.842
109.33,-4.345,-118.11,-34.673,116.17,-58.419,18.758,195.94,128.02,91.308,54.438,86.645
106.6,-2.5349,-111.27,-34.875,111.26,-52.595,14.408,183.91,122.27,89.938,55.604,86.412
103.74,-0.79672,-104.58,-34.961,106.32,-47.119,10.611,172.46,116.62,88.601,56.634,86.168
100.74,0.84455,-98.465,-34.941,101.6,-42.23,7.5438,161.49,111.1,87.415,57.493,85.918
97.566,2.3797,-93.243,-34.834,97.273,-38.01,5.229,150.77,105.68,86.372,58.16,85.645
94.259,3.826,-88.941,-34.659,93.387,-34.467,3.5072,140.1,100.35,85.323,58.626,85.314
90.913,5.217,-85.345,-34.421,89.889,-31.523,2.1645,129.42,95.153,84.024,58.888,84.879
87.669,6.542,-82.165,-34.109,86.668,-28.972,1.0432,118.79,90.091,82.248,58.945,84.299
84.652,7.7057,-79.123,-33.701,83.588,-26.555,0.050227,108.38,85.084,79.902,58.821,83.55
81.901,8.5651,-75.954,-33.16,80.529,-24.052,-0.87793,98.349,80.06,77.122,58.579,82.629
79.325,8.9872,-72.516,-32.409,77.424,-21.329,-1.8012,88.781,75.093,74.199,58.309,81.557
76.722,8.8745,-68.981,-31.331,74.291,-18.545,-2.7849,79.651,70.32,71.388,58.081,80.361
73.883,8.1725,-65.759,-29.806,71.215,-16.253,-3.897,70.825,65.78,68.796,57.879,79.054
70.681,6.8877,-63.097,-27.753,68.251,-14.862,-5.2079,62.101,61.37,66.408,57.577,77.613
67.103,5.1259,-60.901,-25.175,65.351,-14.279,-6.7922,53.346,56.935,64.092,56.965,75.991
63.23,3.1153,-58.833,-22.172,62.392,-14.132,-8.7142,44.702,52.372,61.583,55.841,74.142
59.197,1.1788,-56.475,-18.933,59.264,-14.023,-10.972,36.593,47.699,58.54,54.091,72.054
55.133,-0.34307,-53.475,-15.679,55.924,-13.635,-13.438,29.435,43.029,54.737,51.735,69.762
51.117,-1.182,-49.65,-12.602,52.377,-12.781,-15.884,23.404,38.476,50.307,48.907,67.353
47.168,-1.2128,-45.036,-9.8156,48.628,-11.416,-18.084,18.454,34.069,45.682,45.795,64.935
43.257,-0.48798,-39.861,-7.369,44.671,-9.6218,-19.916,14.435,29.776,41.25,42.579,62.599
39.376,0.77742,-34.48,-5.293,40.555,-7.5788,-21.373,11.165,25.566,37.171,39.387,60.388
35.625,2.2795,-29.294,-3.6413,36.49,-5.52,-22.527,8.4694,21.447,33.467,36.281,58.297
32.204,3.7287,-24.673,-2.4645,32.849,-3.672,-23.466,6.2019,17.485,30.138,33.274,56.29
29.284,4.9201,-20.85,-1.731,29.935,-2.1973,-24.239,4.2491,13.795,27.159,30.349,54.329
26.866,5.7378,-17.856,-1.3005,27.738,-1.1559,-24.842,2.526,10.504,24.428,27.505,52.387
24.799,6.1374,-15.519,-0.99123,25.926,-0.50737,-25.244,0.9687,7.6796,21.725,24.82,50.454
22.919,6.1354,-13.546,-0.65868,24.05,-0.16357,-25.428,-0.47182,5.2929,18.793,22.489,48.53
21.158,5.7938,-11.769,-0.22665,21.791,-0.042479,-25.405,-1.8297,3.2646,15.59,20.708,46.619
19.507,5.2004,-10.285,0.31952,19.147,-0.068082,-25.21,-3.1192,1.5164,12.481,19.525,44.721
17.95,4.4642,-9.1612,0.95021,16.445,-0.16274,-24.877,-4.329,-0.0010647,9.9037,18.81,42.834
16.449,3.7194,-8.3088,1.6055,14.056,-0.25954,-24.431,-5.424,-1.3086,7.968,18.361,40.946
14.971,3.118,-7.6206,2.208,12.147,-0.30506,-23.873,-6.3564,-2.4114,6.5538,17.981,39.051
13.502,2.7982,-7.0184,2.6753,10.72,-0.25013,-23.192,-7.0842,-3.3162,5.5121,17.52,37.162
12.065,2.8589,-6.4366,2.9252,9.6968,-0.04389,-22.359,-7.5852,-4.0421,4.7304,16.875,35.332
10.718,3.3688,-5.8086,2.8865,8.9428,0.36319,-21.337,-7.8626,-4.6202,4.1351,15.99,33.638
9.5296,4.359,-5.0639,2.5384,8.2858,1.0093,-20.084,-7.938,-5.0832,3.6829,14.861,32.134
8.5226,5.7562,-4.1394,1.9546,7.5573,1.9044,-18.572,-7.8392,-5.4518,3.3484,13.529,30.832
7.6324,7.3582,-3.0029,1.2998,6.6423,3.0116,-16.83,-7.5898,-5.7278,3.112,12.069,29.709
6.7355,8.8934,-1.6739,0.78438,5.5125,4.2377,-14.949,-7.2073,-5.8977,2.9523,10.571,28.727
5.7036,10.094,-0.22753,0.60281,4.209,5.4454,-13.057,-6.7079,-5.9454,2.8461,9.1168,27.844
4.4471,10.747,1.2204,0.88326,2.801,6.4828,-11.261,-6.112,-5.8675,2.7706,7.7619,27.018
2.9427,10.723,2.541,1.665,1.3668,7.2221,-9.6093,-5.4441,-5.6826,2.7049,6.5352,26.218
1.2474,9.9848,3.6252,2.8902,-0.0050468,7.5922,-8.1034,-4.7292,-5.4292,2.6282,5.4439,25.428
-0.50543,8.6066,4.4108,4.4004,-1.2193,7.5959,-6.722,-3.986,-5.1532,2.5205,4.4837,24.648
-2.1269,6.8228,4.894,5.9573,-2.1892,7.3085,-5.4457,-3.2208,-4.8915,2.3674,3.6465,23.888
-3.407,5.0204,5.1234,7.2896,-2.8512,6.8592,-4.269,-2.4252,-4.6621,2.1656,2.9217,23.157
-4.1538,3.646,5.1783,8.1508,-3.1763,6.3992,-3.1995,-1.5806,-4.4628,1.9247,2.2949,22.454
-4.2423,3.0627,5.1424,8.373,-3.1797,6.0664,-2.2494,-0.66988,-4.2759,1.6631,1.7461,21.76
-3.6684,3.4148,5.0808,7.9144,-2.9238,5.9533,-1.4286,0.31062,-4.0755,1.4006,1.2485,21.041
-2.5734,4.5662,5.0288,6.8784,-2.5036,6.0847,-0.74227,1.3452,-3.8355,1.1522,0.76748,20.276
-1.2129,6.1643,4.9953,5.486,-2.0203,6.4184,-0.18846,2.4036,-3.5386,0.92634,0.26184,19.456
0.11384,7.7985,4.9805,4.0121,-1.5661,6.8779,0.24524,3.454,-3.181,0.72406,-0.31233,18.58
1.1391,9.1645,4.999,2.7184,-1.2267,7.3888,0.58347,4.4747,-2.7724,0.53918,-0.99411,17.639
1.6808,10.144,5.0925,1.8018,-1.0813,7.8917,0.85931,5.4602,-2.3307,0.35839,-1.8067,16.609
1.6713,10.741,5.3095,1.3658,-1.1848,8.3383,1.1073,6.416,-1.8755,0.16445,-2.751,15.468
1.1582,10.973,5.6634,1.4132,-1.5418,8.6868,1.3575,7.3489,-1.4216,-0.057073,-3.8047,14.204
0.28067,10.829,6.1024,1.87,-2.089,8.896,1.6322,8.2555,-0.97477,-0.30933,-4.9279,12.823
-0.76929,10.293,6.5126,2.6246,-2.7032,8.9138,1.9439,9.1162,-0.53094,-0.57845,-6.0638,11.34
-1.794,9.3627,6.7505,3.5587,-3.2342,8.6728,2.295,9.8991,-0.080036,-0.83555,-7.1363,9.7766
-2.6385,8.0332,6.6934,4.5669,-3.5536,8.1069,2.6792,10.575,0.38826,-1.0465,-8.0524,8.1641
-3.2242,6.3127,6.2859,5.5692,-3.5967,7.191,3.0848,11.136,0.88106,-1.1841,-8.7182,6.5439
-3.5516,4.2764,5.5619,6.505,-3.3833,5.9833,3.4987,11.606,1.4047,-1.2361,-9.0616,4.9758
-3.6743,2.1318,4.6428,7.3127,-3.0081,4.6358,3.9105,12.036,1.9663,-1.206,-9.0458,3.5306
-3.6649,0.2037,3.7166,7.9183,-2.6065,3.3677,4.3123,12.486,2.5742,-1.1093,-8.6745,2.2649
-3.5911,-1.165,2.9927,8.2476,-2.3105,2.4093,4.697,12.998,3.2318,-0.97034,-7.993,1.1962
-3.4993,-1.7274,2.6393,8.2485,-2.2107,1.9381,5.0549,13.585,3.9317,-0.81879,-7.0884,0.30094
-3.4089,-1.4089,2.7261,7.9106,-2.3352,2.0246,5.3757,14.225,4.6573,-0.6828,-6.0833,-0.4639
-3.3167,-0.33135,3.2,7.2784,-2.6465,2.6092,5.6549,14.877,5.391,-0.57679,-5.1224,-1.1366
-3.2136,1.217,3.9082,6.4566,-3.0579,3.5173,5.8981,15.496,6.1229,-0.49425,-4.3516,-1.7454
-3.1071,2.8552,4.6595,5.5982,-3.4677,4.5118,6.1179,16.042,6.8479,-0.4138,-3.8949,-2.3101
-3.0345,4.2084,5.2896,4.8767,-3.7983,5.3665,6.3255,16.492,7.5551,-0.31717,-3.8296,-2.8491
-3.0599,4.9972,5.7026,4.4477,-4.0276,5.9245,6.5251,16.843,8.2195,-0.20468,-4.169,-3.3765
-3.2551,5.0847,5.8836,4.4129,-4.1919,6.1218,6.7134,17.108,8.8049,-0.097135,-4.8648,-3.8967
-3.6731,4.4806,5.8935,4.7997,-4.3644,5.9828,6.8833,17.309,9.2782,-0.023675,-5.8323,-4.399
-4.3265,3.3174,5.8415,5.559,-4.6201,5.6024,7.0297,17.473,9.6245,-0.0039251,-6.9836,-4.8601
-5.1767,1.8085,5.834,6.5783,-4.9988,5.1104,7.1533,17.623,9.8529,-0.034898,-8.2473,-5.2571
-6.1371,0.20138,5.9281,7.7032,-5.4816,4.6296,7.2646,17.777,9.9897,-0.089957,-9.5658,-5.5771
-7.0896,-1.2548,6.1161,8.7639,-5.9966,4.2511,7.3817,17.937,10.067,-0.12891,-10.869,-5.8212
-7.9068,-2.3416,6.3398,9.6043,-6.4461,4.0221,7.5261,18.097,10.11,-0.1146,-12.054,-5.9996
-8.477,-2.9229,6.5185,10.111,-6.742,3.9378,7.7148,18.238,10.141,-0.027793,-12.987,-6.1271
-8.7273,-2.9876,6.584,10.234,-6.8317,3.9485,7.9508,18.342,10.173,0.12481,-13.545,-6.2128
-8.6402,-2.6418,6.5069,10.0,-6.7101,3.991,8.2184,18.391,10.205,0.31126,-13.65,-6.2557
-8.257,-2.0596,6.2971,9.4936,-6.4139,4.0136,8.4787,18.371,10.22,0.48361,-13.292,-6.2469
-7.6652,-1.4235,5.9861,8.8358,-6.0024,3.9827,8.6789,18.269,10.176,0.59449,-12.528,-6.1778
-6.9752,-0.8797,5.6038,8.1479,-5.5337,3.8765,8.7699,18.078,10.026,0.61622,-11.467,-6.0486
-6.291,-0.51907,5.164,7.5272,-5.0478,3.6797,8.7271,17.805,9.7352,0.55329,-10.241,-5.8712
-5.6853,-0.37984,4.6638,7.032,-4.5611,3.3852,8.5619,17.464,9.3043,0.43819,-8.9906,-5.6656
-5.1896,-0.45654,4.0948,6.6799,-4.0727,2.9976,8.315,17.077,8.7687,0.31375,-7.8441,-5.4539
-4.8022,-0.71229,3.4584,6.4583,-3.5782,2.5332,8.0341,16.667,8.1864,0.21096,-6.9036,-5.2553
-4.507,-1.0967,2.7752,6.3432,-3.083,2.0163,7.7524,16.251,7.6157,0.13635,-6.2314,-5.0791
-4.2917,-1.5651,2.0807,6.3173,-2.6092,1.4721,7.4811,15.841,7.0979,0.073127,-5.8374,-4.9238
-4.1573,-2.0928,1.4127,6.3787,-2.1925,0.91792,7.2186,15.443,6.6503,-0.0055688,-5.6791,-4.7776
-4.1165,-2.6816,0.79688,6.5392,-1.8682,0.35408,6.9646,15.054,6.2665,-0.12026,-5.6738,-4.6267
-4.1849,-3.3575,0.23919,6.8171,-1.6566,-0.23908,6.7244,14.658,5.9203,-0.27434,-5.7195,-4.4614
-4.3696,-4.159,-0.27418,7.2279,-1.5539,-0.89246,6.4982,14.234,5.5751,-0.45445,-5.7186,-4.282
-4.6615,-5.1166,-0.76852,7.7743,-1.5328,-1.6298,6.2766,13.756,5.1981,-0.64092,-5.598,-4.1003
-5.0308,-6.2316,-1.2664,8.4365,-1.551,-2.4491,6.0469,13.198,4.7764,-0.82017,-5.319,-3.9337
-5.4281,-7.4618,-1.7722,9.167,-1.5628,-3.3113,5.8082,12.548,4.3248,-0.99017,-4.876,-3.7985
-5.7912,-8.7194,-2.2632,9.8928,-1.5321,-4.1414,5.5832,11.806,3.8776,-1.1576,-4.2933,-3.7033
-6.0602,-9.8766,-2.6897,10.523,-1.4445,-4.8407,5.41,10.988,3.469,-1.3298,-3.6232,-3.646
-6.193,-10.775,-2.9851,10.962,-1.3125,-5.3054,5.3197,10.117,3.1109,-1.5078,-2.9435,-3.6187
-6.1717,-11.244,-3.0843,11.122,-1.1701,-5.4468,5.3154,9.2127,2.7817,-1.6883,-2.3479,-3.6141
-5.9908,-11.139,-2.9446,10.938,-1.0562,-5.2142,5.3656,8.2885,2.4346,-1.8682,-1.9271,-3.6305
-5.6438,-10.381,-2.5632,10.378,-0.99473,-4.6101,5.4161,7.3453,2.0207,-2.0495,-1.7463,-3.6727
-5.1188,-8.9776,-1.9803,9.4493,-0.98209,-3.6871,5.4101,6.3791,1.5156,-2.2396,-1.8353,-3.7477
-4.4053,-7.0126,-1.2693,8.1979,-0.98766,-2.5264,5.3058,5.385,0.93286,-2.4479,-2.1922,-3.8589
-3.504,-4.6257,-0.51659,6.6989,-0.96635,-1.216,5.0879,4.3635,0.31522,-2.683,-2.7926,-4.0021
-2.438,-2.0026,0.19981,5.0493,-0.87832,0.15481,4.7698,3.3204,-0.28748,-2.9501,-3.5923,-4.1672
-1.2653,0.6225,0.82415,3.3688,-0.70635,1.4872,4.3864,2.2639,-0.84199,-3.2513,-4.5233,-4.3431
-0.085077,2.9966,1.3267,1.7953,-0.46363,2.674,3.9822,1.2021,-1.3451,-3.587,-5.489,-4.5223
0.97095,4.899,1.6966,0.47024,-0.19042,3.6144,3.5983,0.13877,-1.8228,-3.9572,-6.3721,-4.7039
1.7631,6.1632,1.932,-0.47827,0.058314,4.2287,3.2623,-0.91816,-2.3173,-4.3614,-7.0542,-4.8923
2.1775,6.6806,2.0345,-0.95654,0.22932,4.4708,2.985,-1.9624,-2.8668,-4.7976,-7.4413,-5.0929
2.1585,6.4207,2.014,-0.92762,0.28481,4.3386,2.763,-2.986,-3.4884,-5.2613,-7.4842,-5.3074
1.7246,5.4539,1.8942,-0.42592,0.20915,3.8778,2.582,-3.9795,-4.1694,-5.7448,-7.1884,-5.533
0.96082,3.9526,1.7144,0.44627,0.0086606,3.1782,2.4197,-4.9351,-4.8738,-6.238,-6.6116,-5.7636
-0.0086351,2.1638,1.5225,1.54,-0.29357,2.3608,2.2491,-5.8482,-5.5561,-6.7281,-5.8515,-5.9938
-1.0544,0.35844,1.3654,2.6934,-0.66644,1.5551,2.0504,-6.7171,-6.1769,-7.2,-5.0293,-6.2198
-2.0731,-1.2225,1.28,3.7687,-1.0803,0.86995,1.8216,-7.5388,-6.7113,-7.6387,-4.2708,-6.4422
-3.0052,-2.4169,1.2843,4.6813,-1.5131,0.36981,1.5793,-8.3031,-7.1505,-8.0299,-3.687,-6.6653
-3.8345,-3.1768,1.3728,5.4107,-1.9497,0.062762,1.3504,-8.9885,-7.497,-8.3633,-3.3558,-6.8929
-4.5698,-3.5735,1.5135,5.9865,-2.3756,-0.093862,1.1604,-9.567,-7.7566,-8.6329,-3.3049,-7.1253
-5.2213,-3.7602,1.651,6.4593,-2.7666,-0.17459,1.0245,-10.002,-7.9327,-8.8338,-3.5053,-7.3571
-5.7813,-3.9109,1.7164,6.8739,-3.0813,-0.26367,0.94316,-10.265,-8.0249,-8.9595,-3.8863,-7.5762
-6.2177,-4.1647,1.6442,7.2524,-3.2657,-0.4386,0.90131,-10.349,-8.0288,-9.0024,-4.3713,-7.7691
-6.4774,-4.5907,1.3902,7.5864,-3.2683,-0.75531,0.87191,-10.28,-7.9432,-8.9575,-4.9103,-7.9227
-6.4957,-5.182,0.93767,7.8361,-3.0536,-1.2346,0.82648,-10.111,-7.7771,-8.8265,-5.4632,-8.0289
-6.2113,-5.8683,0.29102,7.9396,-2.6054,-1.8544,0.74839,-9.9088,-7.5493,-8.6183,-5.9612,-8.0806
-5.5855,-6.5348,-0.52434,7.828,-1.9315,-2.5521,0.64125,-9.7317,-7.2825,-8.3435,-6.2941,-8.0708
-4.6242,-7.0391,-1.4431,7.4465,-1.0757,-3.2293,0.52767,-9.6072,-6.996,-8.0079,-6.3411,-7.9918
-3.3938,-7.2335,-2.3511,6.7734,-0.12195,-3.7624,0.43901,-9.5321,-6.7047,-7.6105,-6.0075,-7.84
-2.0203,-6.9941,-3.1096,5.8321,0.81921,-4.0287,0.40007,-9.4835,-6.4219,-7.1494,-5.2477,-7.6188
-0.66642,-6.2512,-3.5883,4.6901,1.6255,-3.9333,0.41753,-9.449,-6.162,-6.6331,-4.0839,-7.3428
0.50318,-5.0036,-3.6818,3.4448,2.1742,-3.4247,0.47402,-9.4355,-5.9407,-6.0906,-2.616,-7.0398
1.3563,-3.3134,-3.3254,2.2063,2.3629,-2.5007,0.53363,-9.4744,-5.7723,-5.5711,-1.0197,-6.749
1.8188,-1.2947,-2.5215,1.0769,2.145,-1.215,0.55635,-9.6092,-5.6644,-5.1319,0.48183,-6.5107
1.8925,0.88838,-1.3623,0.12986,1.5606,0.31445,0.51478,-9.8732,-5.6114,-4.8181,1.6628,-6.3513
1.6647,3.0241,-0.029162,-0.60441,0.73916,1.9062,0.40545,-10.269,-5.5953,-4.6495,2.3402,-6.2702
1.292,4.8779,1.2407,-1.1351,-0.1282,3.34,0.24975,-10.759,-5.5935,-4.6189,2.4017,-6.2414
0.9529,6.2337,2.2109,-1.4886,-0.83862,4.4043,0.084413,-11.28,-5.5941,-4.7002,1.8187,-6.2262
0.78361,6.9339,2.7057,-1.6861,-1.2329,4.9465,-0.055375,-11.766,-5.6066,-4.8612,0.64951,-6.1938
0.83002,6.9028,2.6519,-1.7307,-1.2385,4.9059,-0.15294,-12.177,-5.6617,-5.0735,-0.96885,-6.1376
1.0377,6.1537,2.0904,-1.6042,-0.88552,4.3191,-0.21652,-12.518,-5.7979,-5.3198,-2.8469,-6.0777
1.283,4.7836,1.1559,-1.2753,-0.28876,3.3035,-0.27087,-12.841,-6.0433,-5.5967,-4.7923,-6.0523
1.4311,2.9551,0.033995,-0.72397,0.39556,2.0231,-0.34153,-13.213,-6.3984,-5.9094,-6.6654,-6.1018
1.3922,0.87889,-1.0878,0.027115,1.0187,0.65565,-0.44127,-13.688,-6.8331,-6.2593,-8.4073,-6.2497
1.1506,-1.2018,-2.0573,0.89863,1.4751,-0.63101,-0.56373,-14.274,-7.2926,-6.6305,-10.014,-6.49
0.75855,-3.0339,-2.7799,1.7681,1.7195,-1.6965,-0.68567,-14.929,-7.7147,-6.9845,-11.49,-6.7819
0.31034,-4.3924,-3.2272,2.5063,1.7671,-2.4505,-0.77766,-15.564,-8.0488,-7.27,-12.811,-7.0611
-0.092065,-5.1288,-3.4247,3.0121,1.6727,-2.8647,-0.82025,-16.084,-8.2689,-7.4416,-13.907,-7.2631
-0.37341,-5.2059,-3.4163,3.2336,1.4984,-2.9577,-0.81782,-16.421,-8.3756,-7.4774,-14.674,-7.3509
-0.51045,-4.6997,-3.2333,3.1781,1.2845,-2.7656,-0.79947,-16.559,-8.3889,-7.3873,-15.011,-7.3342
-0.53828,-3.7684,-2.8882,2.9052,1.0376,-2.3249,-0.8048,-16.532,-8.3364,-7.209,-14.868,-7.2636
-0.5328,-2.6094,-2.3906,2.51,0.74008,-1.6816,-0.86445,-16.39,-8.2409,-6.9908,-14.253,-7.2055
-0.57524,-1.424,-1.7636,2.0993,0.37121,-0.91089,-0.98656,-16.177,-8.1132,-6.7725,-13.219,-7.2117
-0.71738,-0.39309,-1.0547,1.7668,-0.067604,-0.12035,-1.1545,-15.915,-7.9528,-6.5711,-11.84,-7.2975
-0.96588,0.34362,-0.34111,1.5756,-0.53822,0.57132,-1.3352,-15.612,-7.7558,-6.3805,-10.211,-7.4377
-1.2869,0.70644,0.27917,1.5489,-0.97542,1.0643,-1.4945,-15.278,-7.526,-6.1822,-8.4433,-7.5789
-1.6226,0.6808,0.71768,1.6705,-1.3127,1.3002,-1.6106,-14.934,-7.279,-5.9617,-6.6677,-7.6633
-1.9132,0.31198,0.93164,1.8946,-1.5078,1.2747,-1.6791,-14.618,-7.0386,-5.7193,-5.0193,-7.6531
-2.1208,-0.30373,0.94282,2.1628,-1.5598,1.0397,-1.7099,-14.37,-6.8283,-5.4716,-3.6269,-7.5433
-2.2441,-1.0316,0.83132,2.4199,-1.5126,0.69331,-1.7202,-14.217,-6.6634,-5.2461,-2.5982,-7.3608
-2.3191,-1.7179,0.71103,2.6265,-1.4436,0.35945,-1.7303,-14.159,-6.5471,-5.0727,-2.0066,-7.1515
-2.4047,-2.2167,0.69822,2.7627,-1.4396,0.1597,-1.7604,-14.165,-6.471,-4.9755,-1.8812,-6.9648
-2.5605,-2.42,0.88285,2.8263,-1.5709,0.18587,-1.8237,-14.182,-6.4194,-4.9662,-2.2021,-6.8398
-2.8261,-2.2836,1.3076,2.8281,-1.8727,0.47885,-1.9166,-14.153,-6.3757,-5.0406,-2.905,-6.7954
-3.2092,-1.8359,1.9576,2.7863,-2.3378,1.0195,-2.0173,-14.049,-6.3281,-5.1801,-3.8946,-6.8276
-3.6829,-1.1683,2.765,2.7206,-2.9209,1.7346,-2.0957,-13.875,-6.2747,-5.3592,-5.0615,-6.9132
-4.1911,-0.40489,3.6271,2.6464,-3.5517,2.5184,-2.1284,-13.676,-6.225,-5.5572,-6.3011,-7.0228
-4.6601,0.33313,4.4346,2.5696,-4.1494,3.2609,-2.1073,-13.51,-6.198,-5.7688,-7.5278,-7.1368
-5.0152,0.95701,5.0958,2.4857,-4.6393,3.8735,-2.0386,-13.428,-6.2186,-6.0059,-8.6837,-7.2567
-5.1994,1.4221,5.5517,2.3835,-4.967,4.303,-1.9366,-13.445,-6.3104,-6.2902,-9.7399,-7.4022
-5.1907,1.7241,5.7817,2.2539,-5.1087,4.5342,-1.8206,-13.542,-6.4866,-6.6399,-10.689,-7.598
-5.0108,1.8861,5.8032,2.0997,-5.0749,4.5852,-1.7124,-13.668,-6.7397,-7.057,-11.528,-7.8586
-4.7206,1.9428,5.6668,1.9412,-4.9062,4.4965,-1.6342,-13.761,-7.0383,-7.5224,-12.247,-8.1791
-4.4043,1.9248,5.4442,1.8135,-4.6636,4.317,-1.6029,-13.762,-7.3303,-7.9999,-12.812,-8.5339
-4.1469,1.8475,5.2061,1.7566,-4.4125,4.0905,-1.6219,-13.619,-7.5555,-8.4452,-13.177,-8.8829
-4.0086,1.7083,4.9953,1.8024,-4.2026,3.8433,-1.6759,-13.296,-7.6613,-8.8159,-13.304,-9.181
-4.0055,1.4907,4.811,1.9625,-4.0501,3.5776,-1.7349,-12.777,-7.6165,-9.0812,-13.178,-9.3891
-4.1042,1.1758,4.6115,2.2214,-3.9325,3.2734,-1.7647,-12.078,-7.42,-9.228,-12.795,-9.4842
-4.2328,0.75632,4.3377,2.5366,-3.7984,2.9027,-1.7396,-11.25,-7.0994,-9.2609,-12.122,-9.4623
-4.3047,0.24904,3.9403,2.8472,-3.5873,2.4472,-1.6483,-10.366,-6.7015,-9.1953,-11.086,-9.3344
-4.2448,-0.30093,3.3997,3.0874,-3.2539,1.9131,-1.4946,-9.4985,-6.2772,-9.0481,-9.6151,-9.1185
-4.0124,-0.82501,2.7342,3.2028,-2.7873,1.336,-1.2928,-8.7044,-5.8669,-8.8279,-7.6841,-8.8309
-3.6132,-1.2443,1.9999,3.1633,-2.2182,0.77503,-1.0649,-8.0114,-5.4907,-8.5316,-5.3349,-8.4821
-3.0981,-1.488,1.2786,2.9714,-1.6113,0.29849,-0.83598,-7.4181,-5.1446,-8.1477,-2.6677,-8.078
-2.5492,-1.513,0.65537,2.6606,-1.0452,-0.036075,-0.63162,-6.9001,-4.808,-7.6681,0.17547,-7.6232
-2.0562,-1.3191,0.19211,2.287,-0.58861,-0.20065,-0.47439,-6.4178,-4.457,-7.1025,3.0183,-7.1274
-1.6908,-0.95622,-0.094916,1.9173,-0.28056,-0.20836,-0.38103,-5.925,-4.0773,-6.4855,5.6614,-6.6082
-1.4884,-0.51832,-0.24242,1.6157,-0.1216,-0.11419,-0.35981,-5.3786,-3.6689,-5.8713,7.9086,-6.0903
-1.4429,-0.12511,-0.32971,1.4333,-0.077192,-0.0052262,-0.40984,-4.7494,-3.2415,-5.317,9.5993,-5.6009
-1.515,0.10332,-0.45498,1.4009,-0.089176,0.017088,-0.52293,-4.0303,-2.8058,-4.8642,10.636,-5.1619
-1.6487,0.071082,-0.70803,1.526,-0.090375,-0.14125,-0.68512,-3.2377,-2.3644,-4.5272,11.0,-4.7853
-1.7891,-0.27689,-1.1497,1.7947,-0.019882,-0.54705,-0.87616,-2.4051,-1.9111,-4.2913,10.747,-4.4708
-1.8977,-0.94876,-1.8025,2.1796,0.16198,-1.2278,-1.0695,-1.5734,-1.439,-4.1209,9.9955,-4.2096
-1.9626,-1.9095,-2.649,2.6513,0.46301,-2.1696,-1.236,-0.78322,-0.95514,-3.9745,8.8958,-3.992
-2.0004,-3.0932,-3.6383,3.1897,0.85863,-3.3217,-1.3494,-0.068154,-0.48945,-3.8224,7.6008,-3.8143
-2.0471,-4.4237,-4.696,3.7898,1.3019,-4.6027,-1.3912,0.54894,-0.09225,-3.6579,6.2292,-3.682
-2.1423,-5.8351,-5.7396,4.4577,1.7371,-5.9084,-1.3524,1.0602,0.18261,-3.4972,4.847,-3.606
-2.3159,-7.2811,-6.6976,5.1989,2.1134,-7.1337,-1.2329,1.4767,0.30039,-3.3672,3.4833,-3.5945
-2.5778,-8.7291,-7.5275,6.0058,2.397,-8.2085,-1.04,1.8284,0.26206,-3.2865,2.1596,-3.6468
-2.914,-10.143,-8.2194,6.8471,2.579,-9.1165,-0.78514,2.1588,0.10618,-3.2525,0.89632,-3.7563
-3.2876,-11.463,-8.78,7.6637,2.6727,-9.8736,-0.48263,2.5157,-0.10384,-3.2415,-0.30249,-3.9143
-3.6451,-12.587,-9.2101,8.3742,2.7022,-10.486,-0.15044,2.9381,-0.2986,-3.2182,-1.4569,-4.1141
-3.9288,-13.384,-9.4895,8.8885,2.6891,-10.923,0.18806,3.4456,-0.41883,-3.148,-2.5994,-4.3514
-4.09,-13.72,-9.5758,9.1271,2.6434,-11.117,0.50424,4.0331,-0.42559,-3.0076,-3.7544,-4.6251
-4.1007,-13.498,-9.4175,9.0393,2.561,-10.984,0.76709,4.6726,-0.30572,-2.7925,-4.9171,-4.9353
-3.9609,-12.693,-8.9753,8.6179,2.4281,-10.462,0.94844,5.3224,-0.073854,-2.5201,-6.0458,-5.279
-3.6985,-11.36,-8.244,7.9043,2.2288,-9.5398,1.0299,5.9382,0.23017,-2.227,-7.0687,-5.647
-3.3629,-9.6289,-7.2641,6.9834,1.9543,-8.2837,1.009,6.4836,0.5506,-1.9584,-7.9023,-6.025
-3.0124,-7.6918,-6.1185,5.967,1.6097,-6.8239,0.9015,6.9376,0.83171,-1.7542,-8.4715,-6.3973
-2.7004,-5.7592,-4.9129,4.9716,1.2149,-5.3184,0.74002,7.2956,1.0356,-1.637,-8.7244,-6.7531
-2.4636,-4.0141,-3.7475,4.0937,0.79869,-3.9063,0.56593,7.5658,1.1544,-1.6083,-8.6417,-7.0934
-2.3157,-2.5731,-2.6929,3.3922,0.38959,-2.6761,0.41615,7.7638,1.2062,-1.6532,-8.242,-7.4348
-2.2481,-1.4703,-1.776,2.8812,0.0072055,-1.6548,0.3104,7.9063,1.2235,-1.75,-7.5805,-7.8057
-2.2383,-0.66427,-0.9831,2.5364,-0.34371,-0.81802,0.24522,8.0105,1.2372,-1.8785,-6.7441,-8.2355
-2.2634,-0.065582,-0.27708,2.3118,-0.67472,-0.11635,0.19485,8.0923,1.266,-2.0272,-5.841,-8.7388
-2.3142,0.41986,0.37873,2.1625,-1.0092,0.49502,0.11993,8.164,1.3138,-2.195,-4.9872,-9.3051
-2.4043,0.84924,1.0061,2.0664,-1.372,1.0402,-0.01456,8.2297,1.3718,-2.3887,-4.289,-9.898
-2.5686,1.2232,1.6115,2.0372,-1.7791,1.5213,-0.21959,8.2805,1.4227,-2.6163,-3.8257,-10.467
-2.8522,1.4928,2.191,2.1236,-2.2334,1.924,-0.47402,8.2959,1.4454,-2.8807,-3.637,-10.963
-3.2942,1.5802,2.733,2.3907,-2.73,2.2232,-0.73283,8.2514,1.422,-3.1754,-3.7225,-11.351
-3.9133,1.4062,3.219,2.892,-3.2616,2.3909,-0.94536,8.1297,1.3443,-3.4813,-4.0518,-11.617
-4.6975,0.91921,3.6254,3.6445,-3.8155,2.4039,-1.0736,7.929,1.217,-3.7684,-4.577,-11.765
-5.596,0.11652,3.9254,4.6133,-4.3661,2.2507,-1.1032,7.6633,1.0527,-4.0027,-5.2375,-11.803
-6.5177,-0.94337,4.0931,5.7059,-4.8684,1.9393,-1.046,7.3576,0.86336,-4.156,-5.9541,-11.732
-7.338,-2.1363,4.111,6.782,-5.2624,1.5027,-0.93596,7.041,0.65332,-4.2142,-6.6212,-11.548
-7.9222,-3.284,3.9776,7.6795,-5.4875,0.99953,-0.81978,6.7424,0.42082,-4.178,-7.1112,-11.235
-8.1567,-4.1883,3.7141,8.2494,-5.5001,0.50688,-0.74269,6.4891,0.16495,-4.059,-7.2978,-10.789
-7.9808,-4.6791,3.365,8.3907,-5.2896,0.10665,-0.72939,6.3045,-0.10776,-3.8724,-7.0877,-10.213
-7.4068,-4.6575,2.992,8.0753,-4.8866,-0.13157,-0.77014,6.2041,-0.38294,-3.6311,-6.4449,-9.5282
-6.5221,-4.1225,2.662,7.3563,-4.3594,-0.16561,-0.82248,6.1909,-0.64179,-3.3425,-5.3974,-8.7695
-5.4716,-3.1687,2.4313,6.3533,-3.7992,0.010166,-0.83124,6.2554,-0.86842,-3.0083,-4.0319,-7.9777
-4.4225,-1.9525,2.3309,5.2222,-3.2963,0.36428,-0.75572,6.3796,-1.055,-2.627,-2.4838,-7.1958
-3.5199,-0.64457,2.3571,4.1188,-2.9151,0.83565,-0.58619,6.5424,-1.1991,-2.1993,-0.92468,-6.4639
-2.8521,0.60582,2.4723,3.1667,-2.678,1.3464,-0.34054,6.7255,-1.3007,-1.7336,0.46208,-5.8159
-2.4361,1.6843,2.6156,2.4371,-2.5634,1.8164,-0.050237,6.9173,-1.3571,-1.2504,1.5145,-5.2759
-2.2277,2.511,2.7199,1.9477,-2.5181,2.176,0.25253,7.1143,-1.362,-0.77753,2.1223,-4.8555
-2.1502,3.035,2.7283,1.6789,-2.4783,2.3737,0.54322,7.3232,-1.3058,-0.34328,2.2432,-4.5508
-2.129,3.2278,2.604,1.5975,-2.3908,2.3777,0.81008,7.5591,-1.178,0.034867,1.9018,-4.3429
-2.1194,3.0747,2.3302,1.6775,-2.2264,2.1728,1.0555,7.8416,-0.96959,0.35833,1.177,-4.202
-2.1184,2.5706,1.9057,1.9106,-1.9833,1.7545,1.293,8.1872,-0.67724,0.64805,0.18227,-4.0957
-2.1589,1.7211,1.3382,2.3066,-1.6811,1.1248,1.5391,8.5993,-0.30762,0.93537,-0.95089,-3.9957
-2.2891,0.54685,0.64146,2.8841,-1.3497,0.29185,1.8031,9.0613,0.11854,1.2477,-2.0836,-3.8817
-2.544,-0.90699,-0.16366,3.6459,-1.0168,-0.72257,2.0795,9.5364,0.56691,1.5964,-3.0799,-3.7387
-2.9209,-2.5529,-1.0465,4.5519,-0.69912,-1.8752,2.348,9.9754,0.99783,1.9736,-3.8199,-3.5543
-3.3722,-4.253,-1.9663,5.5121,-0.40107,-3.0978,2.5805,10.33,1.3789,2.3559,-4.2128,-3.3199
-3.8195,-5.8428,-2.875,6.4095,-0.11925,-4.3053,2.75,10.564,1.6963,2.7127,-4.2066,-3.0362
-4.1787,-7.1767,-3.7234,7.1352,0.15003,-5.4097,2.8398,10.656,1.9548,3.0148,-3.7949,-2.7183
-4.3894,-8.1714,-4.4679,7.6228,0.40516,-6.3354,2.8502,10.606,2.1718,3.241,-3.0228,-2.3932
-4.4377,-8.8262,-5.0776,7.87,0.63694,-7.0333,2.7975,10.429,2.3705,3.3834,-1.9847,-2.0915
-4.365,-9.2188,-5.5412,7.9412,0.82856,-7.4961,2.7067,10.156,2.5757,3.4498,-0.81059,-1.836
-4.2574,-9.4778,-5.8666,7.9475,0.95649,-7.7666,2.6016,9.8291,2.811,3.4607,0.358,-1.6374
-4.2187,-9.7408,-6.0718,8.0112,0.9936,-7.9249,2.4971,9.4924,3.0949,3.4387,1.3946,-1.4979
-4.3365,-10.107,-6.1687,8.228,0.91514,-8.0535,2.3982,9.1854,3.4335,3.3976,2.2068,-1.4186
-4.6548,-10.605,-6.1525,8.6392,0.7058,-8.1963,2.302,8.935,3.813,3.3359,2.7444,-1.4065
-5.1628,-11.179,-6.0004,9.221,0.36504,-8.3332,2.2035,8.7523,4.199,3.2404,2.9998,-1.4731
-5.8003,-11.711,-5.681,9.8922,-0.091111,-8.3821,2.1025,8.6336,4.5449,3.0959,3.0041,-1.6325
-6.4742,-12.053,-5.1684,10.534,-0.63186,-8.2308,2.0085,8.5646,4.8077,2.8959,2.8209,-1.8942
-7.0813,-12.057,-4.4563,11.018,-1.2154,-7.7855,1.941,8.5264,4.9604,2.6492,2.535,-2.2531
-7.529,-11.614,-3.5686,11.231,-1.7932,-7.0076,1.9231,8.5003,4.9977,2.378,2.238,-2.6831
-7.7493,-10.677,-2.5598,11.097,-2.3151,-5.9237,1.9748,8.4715,4.9334,2.1086,2.0124,-3.1387
-7.7041,-9.2758,-1.5078,10.588,-2.7331,-4.6135,2.1053,8.4318,4.7946,1.8628,1.9192,-3.5661
-7.3816,-7.5108,-0.50015,9.7232,-3.0036,-3.1876,2.3084,8.3823,4.6138,1.6546,1.9931,-3.9191
-6.7898,-5.5258,0.38005,8.5687,-3.089,-1.7652,2.5612,8.3327,4.4215,1.4916,2.2415,-4.1688
-5.9481,-3.4729,1.0651,7.2141,-2.9617,-0.45513,2.826,8.2995,4.2419,1.3782,2.6481,-4.3082
-4.8835,-1.4863,1.5085,5.7555,-2.6094,0.65626,3.0597,8.3017,4.091,1.3213,3.1788,-4.3443
-3.6315,0.33038,1.685,4.2785,-2.0354,1.5121,3.2261,8.3564,3.9753,1.33,3.7893,-4.2867
-2.2394,1.9113,1.5872,2.8533,-1.2573,2.0841,3.3078,8.4766,3.8922,1.4189,4.4344,-4.1389
-0.76949,3.2196,1.2231,1.54,-0.30982,2.3665,3.3121,8.668,3.8318,1.6054,5.0743,-3.8948
0.69715,4.2184,0.61936,0.39777,0.74811,2.3694,3.267,8.9281,3.78,1.9036,5.6791,-3.5431
2.0586,4.8513,-0.17255,-0.51076,1.8307,2.1173,3.2083,9.2436,3.721,2.3179,6.2283,-3.0754
3.1982,5.0561,-1.0756,-1.1227,2.8343,1.6481,3.1657,9.5923,3.6405,2.8404,6.7085,-2.4945
4.0035,4.7972,-1.9958,-1.3864,3.6562,1.0111,3.1567,9.9472,3.5308,3.452,7.1083,-1.8189
4.3918,4.0856,-2.8375,-1.275,4.2181,0.26547,3.1895,10.284,3.3961,4.1289,7.4133,-1.0839
4.3363,2.981,-3.519,-0.79863,4.4836,-0.52316,3.2692,10.588,3.2568,4.8506,7.6067,-0.33626
3.8775,1.5853,-3.9836,-0.010998,4.4623,-1.2876,3.3991,10.856,3.1465,5.6086,7.6763,0.37834
3.1145,0.041019,-4.2036,0.9897,4.1994,-1.9639,3.5785,11.099,3.1032,6.4093,7.6243,1.0294
2.1824,-1.4643,-4.1739,2.0667,3.7561,-2.4901,3.8001,11.341,3.1574,7.2676,7.4724,1.6161
1.2224,-2.7015,-3.9007,3.06,3.1919,-2.8006,4.0534,11.612,3.3243,8.1943,7.2586,2.1673
0.35241,-3.4359,-3.3896,3.8128,2.5525,-2.825,4.3322,11.945,3.6052,9.1878,7.0306,2.7264
-0.35009,-3.4898,-2.6376,4.202,1.8633,-2.4957,4.6448,12.368,3.9958,10.238,6.8384,3.3289
-0.84864,-2.7956,-1.6308,4.1624,1.127,-1.7608,5.0215,12.901,4.4966,11.338,6.7263,3.9814
-1.1363,-1.4004,-0.3472,3.6933,0.32902,-0.59426,5.5181,13.561,5.1193,12.502,6.7264,4.6525
-1.2257,0.58202,1.2372,2.8506,-0.55143,0.99942,6.216,14.359,5.8858,13.758,6.8533,5.2846
-1.1478,3.042,3.1392,1.7291,-1.531,2.9899,7.2214,15.299,6.8211,15.135,7.1017,5.8175
-0.95391,5.9139,5.3579,0.44155,-2.6165,5.3342,8.6595,16.382,7.9438,16.647,7.4484,6.2229
-0.70946,9.1579,7.8579,-0.90167,-3.7943,7.9852,10.645,17.603,9.2607,18.273,7.8569,6.508
-0.48361,12.7,10.545,-2.2129,-5.0174,10.875,13.201,18.957,10.765,19.971,8.2828,6.7051
-0.33974,16.39,13.269,-3.4443,-6.2179,13.887,16.183,20.437,12.443,21.692,8.6788,6.8555
-0.33158,20.037,15.91,-4.5989,-7.3515,16.879,19.33,22.034,14.281,23.401,8.9987,7.0026
-0.4992,23.518,18.497,-5.738,-8.426,19.78,22.457,23.736,16.27,25.088,9.2036,7.1906
-0.8591,26.841,21.207,-6.984,-9.4813,22.648,25.529,25.519,18.405,26.758,9.2681,7.467
-1.3914,30.087,24.233,-8.5079,-10.543,25.649,28.566,27.346,20.677,28.421,9.1847,7.8825
-2.0314,33.285,27.627,-10.439,-11.592,28.974,31.547,29.166,23.063,30.077,8.9673,8.4875
-2.6676,36.328,31.169,-12.719,-12.567,32.663,34.382,30.917,25.513,31.711,8.657,9.3236
-3.1518,39.042,34.396,-15.063,-13.379,36.397,36.947,32.533,27.946,33.296,8.3277,10.407
-3.3229,41.36,36.846,-17.205,-13.93,39.547,39.107,33.952,30.261,34.798,8.0854,11.705
-3.0449,43.364,38.31,-19.1,-14.127,41.714,40.752,35.108,32.352,36.188,8.0531,13.124
-2.2421,45.167,38.823,-20.872,-13.901,42.985,41.839,35.922,34.134,37.445,8.3433,14.554
-0.91718,46.816,38.5,-22.652,-13.229,43.623,42.45,36.306,35.557,38.559,9.0261,15.933
0.85764,48.297,37.431,-24.499,-12.144,43.815,42.833,36.176,36.614,39.538,10.113,17.256
2.9668,49.559,35.671,-26.391,-10.728,43.634,43.241,35.489,37.337,40.393,11.561,18.535
5.2759,50.548,33.301,-28.253,-9.0907,43.108,43.278,34.272,37.776,41.138,13.283,19.776
7.6466,51.225,30.486,-29.979,-7.3618,42.276,41.806,32.623,37.969,41.765,15.165,20.979
9.9458,51.587,27.488,-31.465,-5.679,41.212,38.545,30.682,37.904,42.231,17.08,22.139
12.052,51.666,24.582,-32.635,-4.1782,40.024,34.109,28.581,37.518,42.448,18.9,23.222
13.863,51.503,21.969,-33.459,-2.9719,38.816,28.986,26.403,36.726,42.308,20.505,24.157
15.303,51.121,19.753,-33.95,-2.119,37.631,23.392,24.176,35.462,41.716,21.781,24.855
16.334,50.513,17.976,-34.15,-1.6087,36.426,17.42,21.897,33.708,40.618,22.634,25.25
16.96,49.661,16.626,-34.116,-1.3735,35.093,11.143,19.545,31.485,39.012,23.006,25.321
17.234,48.578,15.624,-33.909,-1.3177,33.532,4.6564,17.112,28.832,36.944,22.883,25.097
17.247,47.329,14.836,-33.579,-1.3419,31.729,-1.8896,14.6,25.801,34.486,22.297,24.629
17.086,46.026,14.142,-33.165,-1.3622,29.756,-8.2703,12.027,22.446,31.717,21.314,23.969
16.79,44.762,13.468,-32.686,-1.3248,27.714,-14.277,9.4049,18.822,28.709,20.024,23.143
16.343,43.536,12.786,-32.135,-1.2132,25.677,-19.839,6.723,14.991,25.513,18.525,22.152
15.713,42.254,12.09,-31.469,-1.0437,23.692,-25.071,3.9336,11.027,22.154,16.916,20.982
14.894,40.753,11.385,-30.617,-0.85169,21.773,-30.192,0.95288,7.0334,18.645,15.293,19.624
13.931,38.863,10.673,-29.509,-0.67388,19.905,-35.272,-2.3228,3.136,15.04,13.746,18.09
12.922,36.49,9.9504,-28.124,-0.53433,18.054,-40.017,-5.9815,-0.56976,11.48,12.366,16.408
11.993,33.694,9.2174,-26.53,-0.43851,16.201,-44.02,-10.045,-4.0559,8.126,11.235,14.639
11.278,30.67,8.4839,-24.884,-0.375,14.37,-47.208,-14.429,-7.3251,5.0515,10.426,12.91
10.904,27.684,7.776,-23.388,-0.31941,12.659,-49.86,-18.948,-10.355,2.2576,9.9843,11.436
10.984,25.028,7.1301,-22.236,-0.23286,11.224,-52.237,-23.398,-13.107,-0.21987,9.9108,10.438
11.585,22.97,6.5726,-21.57,-0.050854,10.217,-54.38,-27.638,-15.57,-2.3268,10.159,10.035
12.701,21.693,6.0949,-21.457,0.33255,9.6966,-56.239,-31.626,-17.774,-4.0778,10.642,10.201
14.251,21.231,5.636,-21.895,1.0683,9.5906,-57.815,-35.385,-19.756,-5.5484,11.259,10.817
16.136,21.469,5.0874,-22.817,2.3149,9.7163,-59.153,-38.933,-21.534,-6.8057,11.914,11.761
18.284,22.164,4.3198,-24.107,4.1391,9.8392,-60.304,-42.249,-23.087,-7.8711,12.529,12.965
20.652,22.975,3.2226,-25.608,6.4339,9.7443,-61.302,-45.27,-24.365,-8.7281,13.048,14.403
23.19,23.525,1.7355,-27.153,8.9841,9.2944,-62.174,-47.919,-25.309,-9.3486,13.429,16.062
25.819,23.546,-0.13248,-28.599,11.603,8.4441,-62.949,-50.138,-25.879,-9.718,13.644,17.907
28.459,22.962,-2.3066,-29.837,14.191,7.2104,-63.679,-51.896,-26.065,-9.8504,13.673,19.884
31.073,21.823,-4.6759,-30.769,16.735,5.6422,-64.433,-53.19,-25.896,-9.7895,13.501,21.92
33.688,20.216,-7.1256,-31.267,19.296,3.8149,-65.231,-54.03,-25.44,-9.5954,13.123,23.908
36.288,18.235,-9.5376,-31.186,21.935,1.8349,-65.939,-54.43,-24.78,-9.3224,12.55,25.709
38.619,15.973,-11.774,-30.428,24.575,-0.16455,-66.243,-54.405,-23.99,-8.9979,11.807,27.19
40.137,13.537,-13.676,-28.993,26.891,-2.0423,-65.743,-53.973,-23.106,-8.617,10.936,28.272
40.256,11.055,-15.091,-26.94,28.341,-3.6757,-64.095,-53.172,-22.116,-8.1599,9.9864,28.962
38.727,8.663,-15.895,-24.312,28.395,-4.9825,-61.128,-52.068,-20.985,-7.6204,9.0079,29.335
35.755,6.4625,-16.027,-21.151,26.827,-5.932,-56.912,-50.755,-19.719,-7.0239,8.0343,29.491
31.774,4.4788,-15.515,-17.534,23.938,-6.5475,-51.768,-49.331,-18.394,-6.4242,7.0763,29.493
27.167,2.6726,-14.495,-13.565,20.413,-6.9006,-46.211,-47.884,-17.129,-5.8822,6.1234,29.317
22.181,0.97296,-13.194,-9.3695,16.859,-7.0947,-40.802,-46.482,-16.021,-5.4457,5.1536,28.882
16.996,-0.70115,-11.858,-5.1399,13.569,-7.2363,-35.963,-45.158,-15.115,-5.1433,4.1466,28.125
11.787,-2.4217,-10.65,-1.166,10.588,-7.4014,-31.92,-43.918,-14.41,-4.9915,3.091,27.056
6.7487,-4.2274,-9.595,2.2973,7.872,-7.6226,-28.772,-42.752,-13.884,-4.9986,1.9884,25.75
2.1511,-6.111,-8.6391,5.1885,5.3928,-7.9118,-26.586,-41.655,-13.51,-5.1617,0.85771,24.31
-1.6334,-8.0206,-7.7448,7.5755,3.1994,-8.2796,-25.342,-40.641,-13.255,-5.4639,-0.25248,22.831
-4.3231,-9.838,-6.9429,9.4821,1.4173,-8.6965,-24.798,-39.75,-13.099,-5.8769,-1.2572,21.379
-5.9536,-11.353,-6.2879,10.84,0.16031,-9.0595,-24.501,-39.042,-13.037,-6.3662,-2.0493,20.002
-6.7382,-12.302,-5.7853,11.554,-0.58254,-9.2299,-24.047,-38.586,-13.079,-6.8906,-2.5297,18.741
-6.8542,-12.458,-5.3821,11.569,-0.92102,-9.0888,-23.335,-38.428,-13.219,-7.3991,-2.6361,17.648
-6.4172,-11.705,-4.9987,10.897,-0.97383,-8.5597,-22.512,-38.556,-13.426,-7.8308,-2.3585,16.78
-5.5301,-10.053,-4.5607,9.6178,-0.84158,-7.6118,-21.737,-38.881,-13.639,-8.1275,-1.7438,16.183
-4.3116,-7.6319,-4.026,7.8701,-0.61233,-6.2751,-21.038,-39.244,-13.791,-8.2542,-0.89072,15.871
-2.897,-4.6564,-3.4094,5.8272,-0.35144,-4.664,-20.308,-39.423,-13.825,-8.2158,0.064307,15.809
-1.424,-1.3943,-2.8002,3.6789,-0.075702,-2.9777,-19.353,-39.136,-13.713,-8.0588,0.96793,15.894
-0.009999,1.8749,-2.3654,1.613,0.25796,-1.4674,-18.009,-38.068,-13.459,-7.8567,1.6693,15.965
1.2614,4.96,-2.3485,-0.21413,0.73276,-0.38289,-16.344,-35.942,-13.076,-7.6822,2.0392,15.824
2.328,7.9206,-3.1448,-1.7307,1.4585,0.26206,-14.927,-32.753,-12.542,-7.5707,1.9926,15.259
3.1289,10.197,-4.6522,-3.0788,2.6876,2.445,-15.009,-29.353,-11.769,-7.4813,1.5098,14.108
3.6124,9.6858,-1.055,-4.8577,5.2961,3.207,-17.613,-28.603,-10.594,-7.2686,0.65928,12.509
3.798,8.5924,-1.1794,-6.6985,6.4803,2.0765,-20.187,-37.281,-8.8006,-6.6448,-0.3583,11.062
4.0371,6.8714,-2.0661,-6.6952,5.0443,0.85715,-19.731,-55.428,-7.5148,-4.864,-1.1727,10.194
6.0366,3.6798,-2.7607,-5.237,4.8213,-0.62994,-16.556,-58.56,-21.05,1.8173,-1.2657,11.127
2.184,-0.9961,-4.019,-2.2844,3.5962,-3.3649,-10.996,-52.721,-17.346,2.4871,5.3812,21.408
-3.1807,-7.1898,-7.6758,3.2684,2.4577,-9.0219,-2.9903,-41.654,-10.324,2.6995,4.5137,19.504
-7.763,-18.262,-16.296,11.789,3.4258,-20.292,6.8826,-23.873,-1.1286,2.2706,3.0919,13.939
-10.483,-40.66,-33.586,23.516,8.8238,-41.899,17.688,0.26303,7.9679,1.4925,0.15911,4.5721
-10.078,-73.692,-62.517,39.281,20.984,-73.489,29.679,29.122,16.022,-0.57639,-5.1102,-8.801
-7.2161,-109.55,-101.26,57.388,42.126,-109.52,43.51,61.617,23.166,-3.8694,-12.264,-24.127
-1.8163,-148.23,-149.38,72.644,72.709,-151.15,61.546,98.342,33.556,-5.2244,-17.875,-36.165
10.055,-186.37,-207.57,81.215,112.33,-198.11,72.894,140.75,54.767,3.5098,-15.783,-36.148
40.592,-218.43,-274.06,79.73,162.4,-247.37,78.369,193.57,100.18,47.732,4.9272,-13.242
101.72,-238.65,-346.68,63.389,224.11,-294.59,80.199,266.98,185.62,156.32,71.535,43.029
175.76,-241.61,-423.29,27.417,298.9,-335.45,81.004,369.14,314.71,313.78,200.74,142.55
275.06,-221.93,-501.95,-32.163,387.81,-365.32,82.01,500.2,494.9,532.85,382.99,291.43
401.31,-175.39,-580.33,-117.14,490.16,-380.86,81.0,650.67,718.81,809.08,623.46,489.59
550.61,-101.51,-654.8,-225.61,602.19,-380.64,73.028,800.87,968.53,1127.8,912.53,729.89
713.51,-4.2497,-719.97,-352.31,716.45,-364.21,50.453,922.62,1218.2,1464.5,1230.9,998.1
875.47,108.67,-768.88,-487.82,822.1,-332.02,5.3346,985.11,1437.5,1786.4,1550.6,1273.4
1018.9,226.84,-794.17,-618.09,906.58,-285.58,-66.768,963.54,1596.3,2056.8,1837.3,1530.2
1126.4,338.69,-789.82,-728.22,958.16,-227.64,-164.02,846.61,1670.0,2239.5,2055.4,1740.6
1184.5,433.52,-753.05,-805.83,968.75,-162.07,-278.22,639.54,1643.3,2305.1,2173.6,1879.8
1186.8,503.47,-685.39,-843.37,935.97,-93.514,-397.21,361.93,1511.9,2237.0,2172.4,1930.5
1135.2,544.71,-592.49,-839.47,863.61,-26.601,-508.5,42.305,1282.7,2034.2,2048.0,1886.6
1038.3,557.48,-482.79,-798.14,760.24,34.606,-602.19,-288.22,972.19,1712.0,1812.6,1753.6
908.59,544.54,-365.96,-726.63,636.91,86.644,-672.59,-601.06,604.65,1299.6,1491.4,1546.2
759.2,509.16,-251.9,-633.57,505.11,126.16,-718.44,-873.34,210.19,836.07,1117.8,1285.8
602.63,453.96,-150.44,-527.36,375.97,149.48,-742.04,-1089.4,-177.53,366.22,729.09,997.71
450.56,381.33,-70.889,-415.22,259.98,153.09,-747.39,-1240.6,-524.45,-64.581,361.85,708.6
313.95,294.9,-20.604,-304.41,166.32,135.13,-738.34,-1324.6,-800.4,-417.25,47.193,443.48
201.88,200.82,-2.5341,-202.91,101.05,97.2,-717.67,-1343.9,-984.36,-665.84,-194.12,221.76
119.29,107.41,-13.301,-117.44,65.027,45.22,-686.98,-1305.7,-1069.3,-802.65,-354.68,54.09
65.278,23.211,-43.551,-50.342,53.2,-11.797,-647.46,-1222.3,-1064.5,-839.04,-440.38,-58.772
33.36,-45.231,-80.82,-0.16793,56.307,-64.448,-600.82,-1109.9,-993.17,-801.0,-467.02,-124.46
14.292,-94.641,-113.43,35.556,64.09,-105.57,-549.42,-986.01,-885.12,-720.66,-454.7,-155.36
0.73942,-125.62,-133.79,59.535,68.479,-131.29,-495.78,-864.78,-768.37,-627.33,-422.24,-164.5
-10.714,-141.19,-138.85,74.618,65.318,-139.97,-442.1,-754.64,-662.71,-541.34,-383.44,-162.48
-21.582,-145.22,-130.38,83.272,54.504,-136.28,-389.96,-658.09,-577.54,-472.28,-346.36,-156.22
-32.128,-141.6,-113.28,87.462,37.156,-127.07,-339.94,-573.31,-512.23,-420.99,-314.42,-149.74
-40.734,-134.17,-93.61,88.671,22.322,-115.42,-292.0,-496.5,-459.02,-383.18,-287.32,-145.61
-45.223,-125.45,-78.261,87.625,22.762,-103.83,-246.52,-424.35,-410.28,-352.35,-262.95,-142.25
-40.114,-116.57,-68.578,83.994,18.551,-94.165,-204.52,-355.07,-361.8,-320.65,-240.42,-134.91
-20.932,-107.4,-63.457,76.766,15.054,-86.276,-166.58,-289.27,-310.93,-283.94,-215.5,-122.45
-17.692,-95.798,-61.595,66.203,13.055,-77.941,-133.33,-230.02,-257.75,-244.07,-187.16,-105.61
-16.12,-81.017,-58.928,54.644,11.473,-68.778,-105.58,-180.82,-205.05,-201.4,-153.77,-90.77
-14.421,-66.74,-53.079,44.181,9.1036,-59.63,-83.232,-142.96,-157.04,-158.47,-117.2,-75.688
-12.666,-53.846,-43.731,35.531,5.7862,-49.912,-66.089,-114.68,-117.65,-119.86,-83.52,-61.164
-11.047,-41.973,-32.681,28.497,2.875,-40.087,-53.742,-92.994,-89.898,-89.417,-54.387,-48.745
-9.6803,-31.885,-22.938,22.903,1.1402,-31.269,-44.163,-75.644,-72.594,-68.317,-33.333,-38.919
-8.5734,-24.556,-16.077,18.817,0.10201,-24.206,-34.871,-61.349,-60.164,-54.74,-21.329,-32.279
-7.65,-20.272,-11.681,16.23,-0.59321,-19.098,-25.588,-49.538,-51.211,-47.431,-17.079,-28.39
-6.8326,-18.092,-8.729,14.472,-1.0357,-15.517,-17.57,-39.981,-44.691,-44.244,-18.142,-26.202
-6.1058,-16.762,-6.6165,12.298,-1.2667,-12.909,-12.293,-32.715,-39.21,-42.743,-21.775,-24.841
-5.5186,-14.803,-5.0001,9.6039,-1.3667,-10.62,-11.31,-28.456,-34.46,-41.168,-25.667,-23.423
-5.1451,-10.707,-3.6907,7.8317,-1.4544,-8.0558,-12.755,-27.275,-30.691,-38.639,-25.398,-20.053
-5.0448,-7.0117,-2.6441,7.2086,-1.6477,-5.8445,-12.263,-23.421,-27.16,-35.027,-17.596,-16.454
-5.2434,-5.9188,-1.7904,7.2047,-2.0261,-4.6246,-8.779,-17.652,-22.184,-30.876,-15.04,-13.966
-5.7273,-5.8532,-1.0075,7.49,-2.6144,-3.9558,-5.8451,-12.96,-19.053,-25.861,-14.154,-12.241
-6.4451,-6.0662,-0.22139,7.9305,-3.3835,-3.4823,-4.2341,-9.5237,-17.297,-21.181,-13.788,-11.062
-7.3149,-6.4068,0.5716,8.4762,-4.2622,-3.0965,-3.449,-6.9383,-16.167,-18.195,-13.698,-10.253
-8.241,-6.8437,1.3393,9.0993,-5.1588,-2.7908,-3.1066,-4.9086,-15.342,-16.455,-13.725,-9.6625
-9.138,-7.3554,2.049,9.7665,-5.9917,-2.5734,-3.0172,-3.279,-14.638,-15.372,-13.736,-9.1853
-9.9512,-7.8926,2.6848,10.432,-6.7192,-2.4254,-3.1121,-1.9698,-13.967,-14.629,-13.645,-8.7684
-10.663,-8.3655,3.2533,11.039,-7.3526,-2.2897,-3.3568,-0.92266,-13.312,-14.085,-13.423,-8.403
-11.28,-8.6575,3.787,11.533,-7.9435,-2.0838,-3.6825,-0.071408,-12.693,-13.678,-13.071,-8.0986
-11.813,-8.6591,4.3461,11.863,-8.5535,-1.7265,-3.9755,0.66368,-12.139,-13.365,-12.599,-7.8599
-12.263,-8.3007,4.9989,11.998,-9.2201,-1.164,-4.115,1.3637,-11.661,-13.107,-12.017,-7.6781
-12.612,-7.573,5.7812,11.925,-9.9338,-0.39028,-4.0187,2.0924,-11.247,-12.874,-11.334,-7.536
-12.833,-6.5353,6.664,11.654,-10.639,0.54362,-3.668,2.8827,-10.869,-12.649,-10.557,-7.4167
-12.896,-5.3095,7.5522,11.217,-11.25,1.5346,-3.1024,3.736,-10.489,-12.429,-9.6913,-7.3109
-12.784,-4.0589,8.3123,10.66,-11.678,2.4483,-2.3957,4.6332,-10.072,-12.22,-8.7408,-7.2202
-12.495,-2.9547,8.8178,10.047,-11.859,3.1532,-1.6296,5.549,-9.5951,-12.027,-7.7096,-7.157
-12.057,-2.1409,8.9909,9.4523,-11.77,3.5557,-0.87236,6.4653,-9.0462,-11.843,-6.6015,-7.1403
-11.52,-1.7056,8.826,8.9538,-11.444,3.6228,-0.16527,7.3776,-8.4286,-11.649,-5.4163,-7.1897
-10.957,-1.6661,8.3903,8.6146,-10.956,3.3869,0.4814,8.2947,-7.7584,-11.423,-4.1468,-7.3176
-10.448,-1.9719,7.8023,8.4701,-10.405,2.9317,1.0811,9.2305,-7.0655,-11.147,-2.7797,-7.5247
-10.064,-2.529,7.1932,8.5212,-9.8896,2.3639,1.653,10.19,-6.392,-10.813,-1.3033,-7.8015
-9.8529,-3.233,6.6653,8.7391,-9.4892,1.7815,2.2018,11.158,-5.7843,-10.424,0.28152,-8.1369
-9.8271,-3.9957,6.2631,9.0772,-9.2447,1.2488,2.7135,12.104,-5.2809,-9.9944,1.9497,-8.5274
-9.9598,-4.7524,5.9702,9.4805,-9.151,0.7884,3.1716,12.995,-4.8967,-9.5478,3.6495,-8.9801
-10.192,-5.4606,5.732,9.8958,-9.1566,0.39021,3.5665,13.814,-4.6159,-9.1102,5.3107,-9.5067
-10.448,-6.0952,5.4936,10.284,-9.1811,0.032577,3.8955,14.575,-4.3989,-8.7003,6.8584,-10.112
-10.655,-6.6438,5.2302,10.63,-9.1505,-0.29365,4.1631,15.315,-4.1998,-8.3256,8.2228,-10.787
-10.767,-7.0975,4.9605,10.937,-9.0374,-0.57023,4.3832,16.075,-3.9845,-7.9838,9.3413,-11.502
-10.782,-7.4441,4.7436,11.215,-8.879,-0.75487,4.5769,16.882,-3.7386,-7.6686,10.161,-12.212
-10.746,-7.666,4.6623,11.469,-8.7627,-0.79865,4.7636,17.729,-3.4643,-7.3738,10.645,-12.873
-10.721,-7.7458,4.7938,11.691,-8.7848,-0.66568,4.9518,18.584,-3.1702,-7.0966,10.777,-13.455
-10.753,-7.6687,5.1777,11.858,-9.0018,-0.34629,5.1331,19.397,-2.8629,-6.8389,10.56,-13.943
-10.832,-7.4193,5.798,11.933,-9.3959,0.1426,5.2863,20.122,-2.5458,-6.6098,10.019,-14.338
-10.891,-6.9731,6.5844,11.867,-9.8715,0.77146,5.3902,20.727,-2.2234,-6.4246,9.2018,-14.642
-10.82,-6.2906,7.4288,11.608,-10.285,1.5159,5.4368,21.203,-1.9044,-6.3007,8.1805,-14.848
-10.508,-5.3238,8.2069,11.109,-10.499,2.3571,5.4323,21.552,-1.6002,-6.2485,7.0535,-14.945
-9.8957,-4.0335,8.8125,10.34,-10.447,3.2707,5.3859,21.791,-1.3218,-6.2644,5.9332,-14.925
-9.0075,-2.4015,9.2252,9.3046,-10.161,4.2511,5.2969,21.936,-1.0776,-6.3317,4.9286,-14.789
-7.9469,-0.4305,9.5564,8.0474,-9.7565,5.3488,5.1537,22.012,-0.87255,-6.4294,4.1253,-14.554
-6.8531,1.8372,9.9768,6.6593,-9.3722,6.6126,4.9422,22.052,-0.70778,-6.5452,3.5673,-14.248
-5.8552,4.2639,10.578,5.2693,-9.1006,7.9935,4.6545,22.094,-0.57738,-6.6816,3.2426,-13.905
-5.0389,6.5913,11.31,4.0239,-8.9511,9.3435,4.2954,22.187,-0.46366,-6.852,3.0803,-13.561
-4.43,8.4993,12.0,3.0597,-8.8558,10.465,3.8851,22.375,-0.33595,-7.0685,2.9619,-13.245
-3.9966,9.7083,12.428,2.4752,-8.7034,11.163,3.4603,22.703,-0.15749,-7.3302,2.7476,-12.977
-3.6744,10.056,12.408,2.3135,-8.383,11.294,3.0706,23.202,0.10006,-7.621,2.3051,-12.764
-3.4065,9.5103,11.861,2.5608,-7.8269,10.807,2.7683,23.883,0.44235,-7.9159,1.5349,-12.61
-3.1756,8.1481,10.835,3.1575,-7.0458,9.7516,2.5947,24.725,0.84737,-8.1923,0.38708,-12.519
-3.0064,6.1465,9.4833,4.0059,-6.1375,8.2709,2.5682,25.678,1.2726,-8.4381,-1.1295,-12.504
-2.9436,3.7973,8.0272,4.9798,-5.2572,6.5907,2.6807,26.664,1.6696,-8.6539,-2.9516,-12.591
-3.0246,1.4773,6.7046,5.9407,-4.5592,4.9763,2.9049,27.605,2.0004,-8.8511,-4.9811,-12.806
-3.2575,-0.44321,5.702,6.7563,-4.1412,3.6638,3.2082,28.453,2.2472,-9.0449,-7.1168,-13.17
-3.6095,-1.7109,5.0932,7.3235,-4.0145,2.7895,3.5649,29.216,2.4138,-9.2485,-9.2848,-13.688
-4.0138,-2.2724,4.8142,7.5983,-4.1062,2.3501,3.9619,29.964,2.5179,-9.4695,-11.454,-14.342
-4.3918,-2.2934,4.7048,7.6223,-4.2881,2.2116,4.3948,30.806,2.5817,-9.7103,-13.632,-15.09
-4.6854,-2.0808,4.5931,7.5236,-4.4239,2.1698,4.8607,31.863,2.6263,-9.9708,-15.844,-15.882
-4.8867,-1.9603,4.3593,7.4811,-4.423,2.0404,5.3512,33.246,2.6729,-10.251,-18.11,-16.673
-5.0478,-2.1889,3.9531,7.6619,-4.2719,1.709,5.8525,35.053,2.7464,-10.552,-20.416,-17.427
-5.2556,-2.9118,3.3827,8.1714,-4.024,1.1212,6.3501,37.357,2.8765,-10.88,-22.707,-18.111
-5.5857,-4.1487,2.6991,9.0308,-3.7598,0.27761,6.8367,40.193,3.0957,-11.242,-24.895,-18.691
-6.0592,-5.7991,1.9822,10.17,-3.5472,-0.75066,7.3158,43.534,3.4338,-11.64,-26.902,-19.134
-6.6234,-7.6504,1.3216,11.438,-3.4165,-1.8286,7.7983,47.255,3.9119,-12.063,-28.698,-19.41
-7.162,-9.4071,0.79138,12.632,-3.354,-2.7922,8.2932,51.146,4.5383,-12.492,-30.296,-19.5
-7.5286,-10.754,0.43638,13.536,-3.3153,-3.4901,8.7965,54.967,5.3063,-12.9,-31.732,-19.392
-7.5904,-11.424,0.27223,13.968,-3.2487,-3.8169,9.2893,58.525,6.1931,-13.256,-33.034,-19.084
-7.2698,-11.252,0.29193,13.823,-3.1183,-3.7341,9.7482,61.73,7.1604,-13.53,-34.207,-18.595
-6.5746,-10.232,0.47623,13.098,-2.9193,-3.2698,10.164,64.593,8.1602,-13.691,-35.236,-17.967
-5.6022,-8.516,0.80199,11.898,-2.6823,-2.4983,10.55,67.202,9.1474,-13.713,-36.091,-17.265
-4.5204,-6.362,1.2457,10.418,-2.4655,-1.5105,10.94,69.699,10.096,-13.577,-36.735,-16.557
-3.5259,-4.0591,1.786,8.9037,-2.3348,-0.3954,11.373,72.249,11.016,-13.273,-37.132,-15.889
-2.7902,-1.8917,2.4062,7.5928,-2.3407,0.76295,11.884,75.011,11.954,-12.81,-37.252,-15.284
-2.4138,-0.11643,3.0869,6.6664,-2.4987,1.8766,12.495,78.09,12.981,-12.208,-37.069,-14.738
-2.4086,1.0961,3.7888,6.2003,-2.7831,2.8505,13.207,81.508,14.164,-11.509,-36.556,-14.246
-2.7133,1.6987,4.4421,6.169,-3.1342,3.5946,13.985,85.199,15.529,-10.765,-35.689,-13.818
-3.2239,1.7203,4.9529,6.5054,-3.4737,4.037,14.757,89.045,17.052,-10.034,-34.459,-13.49
-3.8211,1.2133,5.2221,7.1367,-3.7199,4.1313,15.441,92.918,18.668,-9.3613,-32.892,-13.318
-4.3808,0.26203,5.1699,7.9632,-3.7988,3.8634,15.992,96.712,20.299,-8.7618,-31.054,-13.351
-4.7817,-1.0093,4.7567,8.8501,-3.6552,3.2557,16.441,100.35,21.89,-8.221,-29.039,-13.609
-4.9242,-2.4479,3.9962,9.6577,-3.2617,2.3683,16.88,103.82,23.42,-7.7067,-26.929,-14.076
-4.7484,-3.8813,2.9542,10.269,-2.625,1.2952,17.419,107.12,24.897,-7.1881,-24.777,-14.709
-4.244,-5.1308,1.7349,10.603,-1.7842,0.15379,18.136,110.31,26.342,-6.6503,-22.614,-15.452
-3.4492,-6.0396,0.45891,10.618,-0.80192,-0.93469,19.05,113.46,27.781,-6.0983,-20.473,-16.25
-2.4428,-6.5082,-0.76041,10.325,0.24655,-1.8673,20.111,116.63,29.241,-5.5508,-18.413,-17.059
-1.3295,-6.5184,-1.8357,9.7812,1.2835,-2.5773,21.212,119.88,30.741,-5.0276,-16.508,-17.862
-0.2203,-6.1387,-2.7158,9.0889,2.2387,-3.0401,22.237,123.25,32.291,-4.5333,-14.818,-18.661
0.78936,-5.5099,-3.3861,8.3781,3.0608,-3.2683,23.12,126.77,33.883,-4.0471,-13.345,-19.46
1.6426,-4.8129,-3.8616,7.782,3.7281,-3.3024,23.864,130.43,35.503,-3.5207,-12.034,-20.247
2.3426,-4.2247,-4.18,7.4042,4.2579,-3.2073,24.522,134.27,37.148,-2.89,-10.803,-20.978
2.9708,-3.873,-4.3955,7.2898,4.709,-3.0686,25.162,138.29,38.842,-2.0943,-9.5785,-21.572
3.6975,-3.8112,-4.5725,7.4166,5.1749,-2.9723,25.844,142.5,40.632,-1.0986,-8.3228,-21.944
4.7563,-4.0121,-4.7751,7.7017,5.7661,-2.9697,26.606,146.88,42.574,0.093905,-7.0414,-22.032
6.3417,-4.3659,-5.0515,8.0091,6.5828,-3.056,27.467,151.41,44.724,1.4457,-5.7798,-21.837
8.4582,-4.6917,-5.4215,8.1597,7.693,-3.1756,28.427,156.06,47.123,2.9038,-4.6113,-21.415
10.917,-4.7777,-5.8805,7.9686,9.1321,-3.2478,29.491,160.84,49.781,4.4222,-3.6191,-20.85
13.55,-4.4289,-6.4157,7.2999,10.922,-3.1936,30.666,165.77,52.67,5.9738,-2.8772,-20.213
16.346,-3.5059,-7.0283,6.1068,13.082,-2.958,31.954,170.9,55.735,7.5477,-2.4317,-19.539
19.349,-1.9583,-7.7579,4.4375,15.596,-2.5275,33.351,176.23,58.926,9.1431,-2.2848,-18.832
22.541,0.1416,-8.7074,2.4194,18.379,-1.9417,34.846,181.72,62.217,10.771,-2.3847,-18.073
25.812,2.5787,-10.057,0.2368,21.285,-1.2943,36.433,187.3,65.598,12.462,-2.6325,-17.245
28.997,5.0178,-12.025,-1.8984,24.19,-0.72157,38.12,192.93,69.053,14.269,-2.9064,-16.342
31.942,7.0734,-14.719,-3.7893,27.037,-0.38214,39.932,198.62,72.551,16.246,-3.093,-15.376
34.545,8.4044,-17.987,-5.3038,29.799,-0.43652,41.881,204.39,76.054,18.418,-3.1186,-14.375
36.798,8.8014,-21.488,-6.4128,32.473,-1.011,43.95,210.29,79.526,20.736,-2.9634,-13.376
38.79,8.2281,-24.958,-7.2059,35.098,-2.1283,46.082,216.35,82.924,23.085,-2.6524,-12.42
40.699,6.7943,-28.35,-7.8892,37.729,-3.6759,48.212,222.55,86.205,25.333,-2.2335,-11.546
42.717,4.6913,-31.735,-8.7495,40.389,-5.4894,50.285,228.83,89.334,27.395,-1.7606,-10.783
44.937,2.1587,-35.181,-10.004,43.06,-7.4454,52.272,235.15,92.312,29.254,-1.2844,-10.145
47.291,-0.48499,-38.708,-11.54,45.699,-9.445,54.173,241.45,95.182,30.94,-0.84636,-9.6182
49.604,-2.8302,-42.257,-12.947,48.248,-11.354,56.007,247.71,98.037,32.501,-0.47208,-9.1683
51.721,-4.4713,-45.653,-13.983,50.616,-13.007,57.798,253.93,100.99,33.991,-0.16738,-8.7435
53.587,-5.1361,-48.616,-14.733,52.691,-14.274,59.548,260.15,104.15,35.449,0.077896,-8.2945
55.247,-4.7386,-50.852,-15.372,54.355,-15.131,61.214,266.43,107.54,36.888,0.28052,-7.7898
56.787,-3.381,-52.197,-16.006,55.52,-15.727,62.71,272.88,111.12,38.29,0.45103,-7.2225
58.294,-1.3341,-52.7,-16.646,56.186,-16.411,63.959,279.55,114.78,39.618,0.5828,-6.6059
59.825,1.0238,-52.642,-17.241,56.517,-17.544,64.939,286.35,118.42,40.829,0.65224,-5.9612
61.407,3.2621,-52.501,-17.713,56.85,-19.0,65.683,293.09,121.94,41.889,0.63145,-5.3073
63.049,4.9281,-52.789,-17.998,57.554,-20.251,66.253,299.62,125.32,42.776,0.50203,-4.655
64.759,5.6266,-53.89,-18.086,58.898,-21.361,66.712,305.85,128.52,43.487,0.26179,-4.0053
66.561,5.1382,-56.104,-18.022,61.049,-22.989,67.105,311.85,131.54,44.042,-0.073565,-3.3498
68.503,3.4806,-59.662,-17.886,64.096,-25.734,67.458,317.68,134.35,44.481,-0.47138,-2.6711
70.636,0.87054,-64.605,-17.774,67.998,-29.861,67.771,323.4,136.96,44.841,-0.88783,-1.9453
73.004,-2.3597,-70.741,-17.759,72.552,-35.248,68.034,328.99,139.33,45.126,-1.2796,-1.1466
75.632,-5.858,-77.696,-17.864,77.489,-41.472,68.229,334.35,141.42,45.295,-1.6182,-0.25281
78.53,-9.3204,-85.02,-18.08,82.617,-47.963,68.331,339.26,143.13,45.284,-1.9018,0.75128
81.688,-12.471,-92.339,-18.421,87.879,-54.117,68.31,343.46,144.32,45.025,-2.1579,1.8726
85.076,-15.018,-99.413,-18.955,93.275,-59.406,68.145,346.8,144.91,44.48,-2.4365,3.1081
88.663,-16.692,-106.07,-19.779,98.782,-63.423,67.83,349.24,144.86,43.65,-2.7967,4.438
92.424,-17.371,-112.14,-20.973,104.28,-65.935,67.366,350.84,144.27,42.569,-3.2934,5.8189
96.318,-17.121,-117.4,-22.55,109.49,-67.102,66.743,351.75,143.23,41.277,-3.9698,7.1861
100.25,-16.117,-121.59,-24.448,113.94,-67.661,65.919,352.07,141.82,39.793,-4.8539,8.4739
104.07,-14.568,-124.45,-26.565,117.28,-68.478,64.782,351.92,140.05,38.104,-5.9561,9.6376
107.67,-12.751,-126.23,-28.795,119.57,-69.719,63.132,351.35,137.89,36.183,-7.2671,10.662
111.02,-11.016,-127.72,-31.021,121.38,-70.876,60.764,350.4,135.32,34.023,-8.7594,11.56
114.16,-9.6834,-129.49,-33.098,123.33,-71.527,57.753,349.05,132.41,31.675,-10.393,12.361
117.08,-8.8971,-131.63,-34.862,125.65,-71.823,54.519,347.3,129.25,29.241,-12.124,13.114
119.72,-8.6065,-134.0,-36.184,128.27,-72.245,51.368,345.12,125.98,26.782,-13.905,13.878
122.02,-8.7859,-136.53,-37.023,131.1,-73.181,48.258,342.5,122.72,24.234,-15.686,14.706
124.06,-9.5713,-139.23,-37.43,134.08,-74.78,45.037,339.4,119.54,21.491,-17.413,15.61
125.92,-11.042,-142.12,-37.512,137.19,-76.946,41.606,335.72,116.44,18.59,-19.025,16.551
127.55,-13.024,-145.2,-37.356,140.36,-79.413,37.888,331.35,113.36,15.757,-20.422,17.462
128.78,-15.173,-148.44,-36.973,143.46,-81.895,33.797,326.2,110.23,13.222,-21.455,18.305
129.6,-17.088,-151.73,-36.372,146.4,-84.191,29.302,320.25,106.97,11.071,-21.957,19.097
130.43,-18.365,-154.96,-35.792,149.15,-86.136,24.519,313.58,103.6,9.2737,-21.79,19.903
132.04,-18.673,-157.94,-35.854,151.83,-87.549,19.702,306.34,100.17,7.7782,-20.88,20.8
135.11,-17.831,-160.43,-37.308,154.58,-88.249,15.125,298.73,96.802,6.5513,-19.212,21.844
139.96,-15.857,-162.19,-40.558,157.41,-88.107,10.992,290.93,93.62,5.5784,-16.839,23.068
146.34,-12.977,-163.03,-45.38,160.16,-87.109,7.4341,283.03,90.683,4.8543,-13.877,24.49
153.41,-9.5645,-163.0,-51.027,162.56,-85.432,4.5348,275.06,87.972,4.375,-10.507,26.131
160.09,-6.0497,-162.33,-56.623,164.36,-83.43,2.3155,266.98,85.406,4.1249,-6.9488,28.009
165.48,-2.8473,-161.29,-61.507,165.36,-81.423,0.67177,258.71,82.873,4.0628,-3.4391,30.116
169.0,-0.27044,-160.05,-65.276,165.45,-79.53,-0.63301,250.13,80.276,4.1242,-0.19761,32.396
170.33,1.5515,-158.7,-67.635,164.65,-77.708,-1.8893,241.11,77.581,4.2521,2.6006,34.752
169.47,2.688,-157.2,-68.396,163.05,-75.873,-3.4082,231.49,74.842,4.4346,4.8459,37.082
166.6,3.3297,-155.52,-67.601,160.83,-73.99,-5.5555,221.26,72.174,4.7119,6.5083,39.34
162.2,3.6783,-153.65,-65.599,158.23,-72.09,-8.6755,210.54,69.669,5.1466,7.6416,41.533
156.97,3.8513,-151.59,-63.021,155.47,-70.236,-12.739,199.62,67.321,5.7786,8.3645,43.667
151.86,3.8668,-149.4,-60.584,152.69,-68.472,-17.147,188.81,65.024,6.6005,8.8204,45.705
147.57,3.7083,-147.13,-58.616,149.94,-66.871,-21.275,178.27,62.619,7.5629,9.1462,47.566
144.26,3.3534,-144.87,-56.887,147.2,-65.556,-24.955,168.07,59.956,8.6008,9.4685,49.18
141.61,2.7704,-142.73,-54.971,144.54,-64.61,-28.293,158.12,56.959,9.6527,9.9154,50.512
139.04,1.9357,-140.6,-52.598,142.15,-64.001,-31.419,148.29,53.7,10.657,10.614,51.561
135.94,0.86002,-138.05,-49.83,139.88,-63.522,-34.41,138.41,50.424,11.538,11.663,52.353
131.98,-0.39636,-134.63,-47.04,137.12,-62.74,-37.303,128.39,47.401,12.222,13.111,52.925
127.45,-1.7153,-130.38,-44.579,133.5,-61.261,-40.088,118.34,44.727,12.669,14.959,53.326
122.96,-2.919,-125.73,-42.52,129.18,-59.208,-42.703,108.5,42.318,12.907,17.195,53.605
118.75,-3.7902,-120.81,-40.763,124.32,-57.02,-45.06,99.082,40.016,13.019,19.796,53.804
114.63,-4.1292,-115.16,-39.213,118.94,-54.591,-47.099,90.103,37.668,13.09,22.701,53.96
110.3,-3.8208,-108.43,-37.833,113.08,-51.324,-48.827,81.422,35.161,13.138,25.795,54.087
105.57,-2.8414,-100.97,-36.625,106.85,-46.928,-50.302,72.852,32.426,13.111,28.917,54.175
100.39,-1.211,-93.389,-35.604,100.47,-41.736,-51.58,64.188,29.447,12.955,31.894,54.188
94.855,0.98089,-86.059,-34.781,94.137,-36.312,-52.671,55.214,26.263,12.655,34.576,54.089
89.284,3.4958,-79.135,-34.148,88.015,-31.052,-53.548,45.882,22.97,12.237,36.863,53.857
84.151,5.9749,-72.713,-33.652,82.228,-26.148,-54.181,36.746,19.694,11.74,38.712,53.499
79.818,8.0514,-66.892,-33.177,76.974,-21.696,-54.561,28.857,16.545,11.211,40.13,53.047
76.249,9.4563,-61.877,-32.558,72.496,-17.78,-54.689,22.733,13.581,10.694,41.151,52.537
73.102,10.062,-57.887,-31.631,68.851,-14.51,-54.555,18.076,10.811,10.204,41.806,51.998
69.984,9.8472,-54.725,-30.301,65.762,-12.002,-54.149,14.388,8.2234,9.7019,42.099,51.428
66.618,8.8521,-51.713,-28.573,62.759,-10.331,-53.467,11.32,5.8124,9.1139,42.028,50.804
62.913,7.2263,-48.253,-26.536,59.397,-9.3831,-52.507,8.669,3.5845,8.376,41.607,50.082
58.931,5.3183,-44.282,-24.304,55.509,-8.8566,-51.258,6.3167,1.5486,7.4729,40.873,49.222
54.82,3.6508,-39.935,-21.955,51.299,-8.4298,-49.707,4.1856,-0.29709,6.4462,39.879,48.209
50.728,2.731,-35.279,-19.522,47.117,-7.8357,-47.871,2.2188,-1.9699,5.3735,38.688,47.07
46.772,2.8085,-30.69,-17.06,43.177,-6.9077,-45.825,0.37073,-3.4951,4.3312,37.373,45.883
43.058,3.7609,-26.462,-14.688,39.512,-5.6105,-43.695,-1.3924,-4.8922,3.3738,36.011,44.754
39.69,5.1822,-22.51,-12.478,36.082,-4.0586,-41.621,-3.0864,-6.1648,2.5337,34.659,43.76
36.754,6.572,-18.893,-10.365,32.894,-2.4999,-39.711,-4.7012,-7.3024,1.8248,33.329,42.906
34.218,7.5047,-15.825,-8.2727,30.064,-1.2216,-38.019,-6.2029,-8.2905,1.2393,31.996,42.116
31.854,7.7347,-13.373,-6.2442,27.711,-0.42085,-36.547,-7.5517,-9.1205,0.74487,30.624,41.269
29.301,7.1999,-11.439,-4.3318,25.723,-0.13546,-35.27,-8.7273,-9.7961,0.29334,29.194,40.249
26.235,5.98,-9.8821,-2.4779,23.662,-0.24039,-34.158,-9.7428,-10.332,-0.1598,27.717,38.991
22.528,4.2867,-8.4981,-0.6123,21.0,-0.49535,-33.183,-10.637,-10.749,-0.63489,26.235,37.495
18.313,2.4541,-7.0199,1.233,17.517,-0.64591,-32.318,-11.453,-11.069,-1.1227,24.812,35.833
13.926,0.88968,-5.3007,2.9318,13.498,-0.50039,-31.533,-12.218,-11.305,-1.5955,23.522,34.131
9.7433,0.00040516,-3.3553,4.3317,9.5022,0.06026,-30.793,-12.931,-11.465,-2.0231,22.43,32.519
6.0417,0.063909,-1.2057,5.3147,5.9573,1.078,-30.059,-13.565,-11.548,-2.3818,21.58,31.069
2.9829,1.0755,1.1276,5.8314,3.0063,2.4988,-29.292,-14.081,-11.548,-2.6583,20.984,29.774
0.65402,2.7298,3.563,5.9097,0.60826,4.1768,-28.452,-14.441,-11.463,-2.8504,20.623,28.58
-0.93616,4.5933,5.9598,5.6426,-1.3333,5.9216,-27.5,-14.617,-11.292,-2.9656,20.44,27.423
-1.8963,6.3121,8.1578,5.1656,-2.9127,7.5524,-26.401,-14.596,-11.042,-3.0175,20.353,26.257
-2.4466,7.7085,10.022,4.6339,-4.2193,8.9329,-25.122,-14.382,-10.725,-3.0214,20.257,25.053
-2.8424,8.7372,11.489,4.2023,-5.3595,9.9951,-23.624,-13.982,-10.352,-2.9886,20.044,23.798
-3.2957,9.3951,12.61,3.9996,-6.4595,10.749,-21.877,-13.403,-9.927,-2.9219,19.623,22.49
-3.9448,9.688,13.544,4.1013,-7.6191,11.261,-19.874,-12.645,-9.4386,-2.8146,18.935,21.134
-4.8534,9.6296,14.484,4.5225,-8.8701,11.625,-17.653,-11.71,-8.8626,-2.6507,17.966,19.74
-6.0191,9.2374,15.527,5.2345,-10.185,11.922,-15.297,-10.604,-8.1676,-2.4106,16.733,18.326
-7.3823,8.5357,16.612,6.1854,-11.501,12.193,-12.911,-9.3446,-7.3307,-2.0778,15.281,16.915
-8.8402,7.5547,17.581,7.3095,-12.734,12.406,-10.598,-7.9633,-6.3528,-1.6451,13.668,15.544
-10.266,6.3232,18.276,8.5296,-13.788,12.449,-8.4399,-6.501,-5.2613,-1.1174,11.968,14.262
-11.53,4.8837,18.603,9.7561,-14.575,12.206,-6.4817,-4.9993,-4.0996,-0.50813,10.269,13.121
-12.519,3.324,18.543,10.887,-15.037,11.657,-4.7332,-3.4958,-2.9131,0.16625,8.6737,12.163
-13.15,1.7804,18.157,11.817,-15.157,10.88,-3.1797,-2.0221,-1.7378,0.89032,7.2839,11.4
-13.373,0.41317,17.555,12.448,-14.957,9.995,-1.7986,-0.60591,-0.59682,1.6492,6.1889,10.827
-13.183,-0.62049,16.856,12.709,-14.494,9.119,-0.56988,0.73707,0.49892,2.4256,5.4479,10.426
-12.617,-1.1932,16.157,12.564,-13.847,8.3535,0.52134,1.9955,1.5476,3.1977,5.0744,10.173
-11.746,-1.2352,15.512,12.015,-13.096,7.7788,1.4832,3.1645,2.5497,3.9388,5.0264,10.027
-10.669,-0.75062,14.936,11.105,-12.315,7.4486,2.3164,4.2461,3.5003,4.6188,5.2052,9.9323
-9.4865,0.19546,14.431,9.9108,-11.57,7.3912,3.0156,5.2491,4.3878,5.2187,5.4736,9.8218
-8.2924,1.5097,14.004,8.5375,-10.909,7.6102,3.5735,6.1886,5.201,5.7326,5.6827,9.6309
-7.1737,3.0857,13.675,7.1071,-10.367,8.0785,3.986,7.0816,5.944,6.1682,5.7039,9.3221
-6.2126,4.7851,13.457,5.7466,-9.9623,8.7267,4.2556,7.9431,6.6364,6.5403,5.4532,8.8972
-5.4809,6.4177,13.345,4.5783,-9.6988,9.4445,4.3941,8.7824,7.3139,6.8636,4.9012,8.3925
-5.0287,7.7609,13.305,3.7127,-9.5583,10.098,4.4236,9.6028,8.0159,7.1466,4.0704,7.8585
-4.8694,8.6122,13.278,3.234,-9.5024,10.559,4.3755,10.403,8.7689,7.3877,3.0245,7.3343
-4.9753,8.8383,13.187,3.183,-9.4751,10.721,4.2862,11.176,9.5733,7.5769,1.8535,6.8332
-5.284,8.3934,12.952,3.5466,-9.4132,10.522,4.1928,11.92,10.401,7.6996,0.65314,6.3256
-5.7122,7.3127,12.502,4.2585,-9.2571,9.9402,4.1269,12.635,11.208,7.7564,-0.48149,5.7533
-6.1664,5.7038,11.797,5.2073,-8.9587,9.0018,4.1102,13.325,11.958,7.7718,-1.4591,5.068
-6.5489,3.746,10.829,6.2501,-8.4857,7.7776,4.1515,14.0,12.634,7.7878,-2.1892,4.2515
-6.7656,1.681,9.6351,7.2321,-7.8224,6.3779,4.2476,14.673,13.252,7.846,-2.5829,3.3247
-6.7381,-0.22159,8.2829,8.0081,-6.9704,4.9338,4.388,15.357,13.848,7.9723,-2.56,2.3396
-6.4184,-1.7211,6.8501,8.4624,-5.9483,3.5669,4.5625,16.061,14.469,8.1763,-2.0628,1.3659
-5.7993,-2.6631,5.4046,8.5284,-4.793,2.3623,4.7667,16.79,15.153,8.4586,-1.0736,0.48029
-4.9186,-3.0231,3.9926,8.2032,-3.5576,1.3518,5.0003,17.541,15.914,8.8167,0.37419,-0.25886
-3.8551,-2.915,2.6383,7.5529,-2.3066,0.5129,5.2608,18.287,16.734,9.2412,2.2012,-0.82726
-2.7159,-2.5549,1.3485,6.7034,-1.1065,-0.21367,5.5356,18.995,17.569,9.7101,4.3099,-1.2424
-1.6172,-2.1956,0.1214,5.8206,-0.014237,-0.89498,5.8005,19.63,18.364,10.188,6.6082,-1.548
-0.66527,-2.0634,-1.0439,5.0824,0.93461,-1.5872,6.0254,20.174,19.079,10.642,9.0151,-1.7995
0.05512,-2.3142,-2.1437,4.6443,1.7285,-2.3331,6.1837,20.632,19.707,11.047,11.453,-2.042
0.48416,-3.009,-3.17,4.6054,2.3693,-3.1578,6.2601,21.026,20.257,11.397,13.845,-2.3006
0.58924,-4.1192,-4.104,4.9895,2.8554,-4.0559,6.2526,21.38,20.733,11.7,16.11,-2.5787
0.36936,-5.5448,-4.906,5.7487,3.1745,-4.9762,6.1704,21.701,21.114,11.961,18.172,-2.8617
-0.13999,-7.1162,-5.5184,6.7728,3.3081,-5.8225,6.0299,21.971,21.342,12.172,19.964,-3.1225
-0.864,-8.5905,-5.8865,7.8985,3.2455,-6.4776,5.8494,22.145,21.347,12.309,21.428,-3.3301
-1.6895,-9.6922,-5.9799,8.9294,3.0003,-6.8386,5.6453,22.17,21.076,12.336,22.528,-3.4601
-2.4751,-10.191,-5.8055,9.671,2.6196,-6.8407,5.429,22.014,20.521,12.223,23.253,-3.5081
-3.0735,-9.9713,-5.411,9.9698,2.1793,-6.4658,5.2055,21.684,19.727,11.959,23.633,-3.4869
-3.3608,-9.0659,-4.8785,9.7477,1.7645,-5.7556,4.9729,21.221,18.776,11.551,23.713,-3.421
-3.2605,-7.653,-4.3124,9.0265,1.4521,-4.829,4.727,20.683,17.749,11.016,23.514,-3.339
-2.7613,-6.0098,-3.8298,7.9273,1.3077,-3.8787,4.4672,20.118,16.696,10.375,22.997,-3.2597
-1.9242,-4.45,-3.5533,6.6429,1.3855,-3.1218,4.2025,19.549,15.63,9.655,22.07,-3.1871
-0.87469,-3.2563,-3.58,5.3934,1.7089,-2.7245,3.9506,18.978,14.538,8.878,20.646,-3.1149
0.21989,-2.6183,-3.934,4.3781,2.2438,-2.7505,3.7309,18.394,13.404,8.0573,18.7,-3.0354
1.184,-2.5936,-4.5401,3.7344,2.8922,-3.1522,3.5555,17.786,12.223,7.1946,16.301,-2.9509
1.8696,-3.1087,-5.2446,3.5143,3.5166,-3.7935,3.4257,17.155,11.014,6.2871,13.586,-2.8746
2.1857,-3.9964,-5.8648,3.6835,3.9777,-4.491,3.3331,16.52,9.8264,5.3377,10.717,-2.83
2.1152,-5.0456,-6.2374,4.1386,4.1719,-5.0577,3.2678,15.908,8.7208,4.3619,7.8504,-2.8394
1.7164,-6.0316,-6.2472,4.729,4.0556,-5.3368,3.225,15.344,7.7516,3.3893,5.1169,-2.9127
1.1079,-6.7289,-5.8438,5.2826,3.65,-5.2284,3.2097,14.838,6.9429,2.4518,2.619,-3.0434
0.43807,-6.9329,-5.0495,5.6392,3.0249,-4.7066,3.2358,14.384,6.2815,1.5725,0.43719,-3.211
-0.1581,-6.5124,-3.9476,5.6862,2.2697,-3.8132,3.3226,13.961,5.7307,0.75865,-1.3578,-3.3888
-0.59528,-5.4613,-2.6516,5.3813,1.4673,-2.6252,3.4872,13.543,5.2513,0.0031187,-2.6928,-3.5507
-0.84963,-3.8882,-1.2706,4.7529,0.67653,-1.2212,3.736,13.108,4.8194,-0.70656,-3.4936,-3.6762
-0.9446,-1.9434,0.12072,3.8801,-0.075442,0.33745,4.0588,12.647,4.4338,-1.376,-3.702,-3.7515
-0.92887,0.23997,1.4996,2.8656,-0.7921,2.0084,4.4277,12.165,4.1102,-1.994,-3.3045,-3.7713
-0.85869,2.5383,2.8773,1.8135,-1.4928,3.7371,4.8034,11.677,3.865,-2.5409,-2.3535,-3.7413
-0.78429,4.7998,4.2493,0.82077,-2.1912,5.4218,5.1478,11.191,3.6975,-2.9942,-0.96832,-3.6763
-0.74156,6.8352,5.558,-0.024212,-2.8822,6.9221,5.4365,10.702,3.5814,-3.3433,0.67954,-3.5975
-0.75312,8.4345,6.6993,-0.64088,-3.5399,8.0958,5.6629,10.196,3.4705,-3.5947,2.3866,-3.5244
-0.83616,9.3974,7.5578,-0.95808,-4.1229,8.8263,5.8295,9.6573,3.3162,-3.7688,3.9444,-3.4675
-1.0092,9.5847,8.0472,-0.92151,-4.5839,9.0433,5.9372,9.0802,3.0802,-3.8935,5.1705,-3.4288
-1.2961,8.9662,8.1462,-0.50492,-4.894,8.742,5.9798,8.4748,2.7493,-3.997,5.9298,-3.4073
-1.73,7.6215,7.9155,0.28358,-5.0713,7.9928,5.9479,7.8611,2.3319,-4.1026,6.1444,-3.4075
-2.3517,5.7057,7.4846,1.4035,-5.189,6.9312,5.8361,7.2606,1.8514,-4.2255,5.798,-3.4434
-3.1945,3.4177,7.0105,2.7856,-5.349,5.731,5.6487,6.689,1.334,-4.3731,4.9387,-3.5354
-4.2563,0.99285,6.6313,4.3265,-5.6381,4.5719,5.4012,6.1537,0.79773,-4.543,3.6736,-3.7045
-5.4767,-1.299,6.4323,5.8811,-6.0909,3.6064,5.1223,5.6556,0.24827,-4.7316,2.1511,-3.9631
-6.7335,-3.18,6.4307,7.2713,-6.6772,2.929,4.8511,5.1934,-0.31587,-4.9335,0.53111,-4.3093
-7.8674,-4.4243,6.5849,8.3229,-7.3135,2.5665,4.6314,4.7662,-0.89484,-5.148,-1.0462,-4.7255
-8.7234,-4.9266,6.8255,8.9141,-7.8914,2.4927,4.4993,4.3729,-1.4838,-5.3807,-2.4854,-5.183
-9.1943,-4.7378,7.0883,9.0121,-8.3141,2.6477,4.4709,4.0103,-2.0755,-5.6422,-3.7408,-5.6497
-9.253,-4.0387,7.3271,8.6797,-8.5301,2.9553,4.5354,3.6695,-2.6629,-5.9412,-4.802,-6.0976
-8.9615,-3.0685,7.5157,8.0515,-8.5508,3.3383,4.6601,3.3415,-3.2386,-6.276,-5.6688,-6.5072
-8.4534,-2.049,7.6494,7.2942,-8.4432,3.7316,4.8032,3.0204,-3.7906,-6.6294,-6.3348,-6.8682
-7.8953,-1.1385,7.7465,6.5646,-8.3001,4.0913,4.9293,2.7083,-4.2999,-6.9725,-6.7854,-7.1783
-7.4341,-0.41985,7.8399,5.9759,-8.2005,4.3995,5.0192,2.4175,-4.743,-7.2759,-7.0059,-7.4397
-7.1503,0.094123,7.9575,5.5771,-8.1757,4.6616,5.0712,2.1682,-5.1001,-7.5159,-6.9918,-7.6536
-7.0357,0.44886,8.101,5.3488,-8.1973,4.8942,5.0942,1.982,-5.3639,-7.6858,-6.7586,-7.8159
-7.0043,0.72943,8.2354,5.217,-8.1894,5.1106,5.097,1.8725,-5.5459,-7.7943,-6.3442,-7.9172
-6.9297,1.029,8.2963,5.0818,-8.0582,5.3085,5.0798,1.8379,-5.674,-7.8617,-5.8073,-7.9477
-6.6962,1.4096,8.2107,4.8514,-7.7257,5.4648,5.0293,1.8583,-5.7838,-7.9153,-5.2244,-7.9068
-6.2402,1.8713,7.918,4.4737,-7.1556,5.5368,4.9225,1.8986,-5.9024,-7.9834,-4.6836,-7.8054
-5.5629,2.3431,7.3828,3.9558,-6.361,5.4698,4.7374,1.9209,-6.0417,-8.0891,-4.2721,-7.6636
-4.7211,2.6996,6.5962,3.366,-5.3905,5.2063,4.4682,1.8988,-6.1963,-8.2452,-4.0653,-7.5034
-3.8079,2.7976,5.5707,2.8149,-4.3065,4.697,4.1331,1.8255,-6.3553,-8.4525,-4.1175,-7.3445
-2.9267,2.5227,4.3351,2.4169,-3.1692,3.9123,3.7687,1.7099,-6.5186,-8.7034,-4.4577,-7.2053
-2.1605,1.8296,2.9326,2.2497,-2.0311,2.8544,3.4136,1.5662,-6.7067,-8.9915,-5.0874,-7.1015
-1.5491,0.75713,1.4184,2.3284,-0.93613,1.5643,3.0934,1.4045,-6.9578,-9.3119,-5.9805,-7.0482
-1.0814,-0.58196,-0.1447,2.6045,0.082316,0.11762,2.8126,1.2283,-7.3134,-9.6658,-7.0923,-7.0597
-0.70723,-2.0307,-1.6911,2.9864,1.0036,-1.3875,2.557,1.0367,-7.8001,-10.061,-8.381,-7.1507
-0.36559,-3.4262,-3.1556,3.3739,1.8186,-2.846,2.3018,0.82683,-8.4158,-10.508,-9.8267,-7.3347
-0.017378,-4.6355,-4.4762,3.6941,2.5219,-4.1602,2.0236,0.59519,-9.1254,-11.014,-11.429,-7.6214
0.33131,-5.58,-5.5966,3.9218,3.1015,-5.2533,1.7091,0.33921,-9.8712,-11.58,-13.189,-8.0117
0.6267,-6.2452,-6.4708,4.0808,3.5327,-6.0788,1.3594,0.054325,-10.593,-12.192,-15.086,-8.4953
0.78845,-6.6707,-7.0658,4.2225,3.7818,-6.6212,0.98722,-0.26427,-11.249,-12.828,-17.07,-9.0521
0.74541,-6.9216,-7.3642,4.3959,3.8214,-6.8882,0.6111,-0.62135,-11.831,-13.451,-19.059,-9.6566
0.46859,-7.0535,-7.3687,4.6226,3.6483,-6.9016,0.24695,-1.0201,-12.358,-14.023,-20.963,-10.285
-0.010786,-7.0901,-7.1071,4.8845,3.296,-6.6934,-0.098744,-1.4592,-12.868,-14.506,-22.697,-10.917
-0.60085,-7.0197,-6.6365,5.1247,2.8329,-6.306,-0.43017,-1.9285,-13.392,-14.874,-24.202,-11.539
-1.1668,-6.8069,-6.0397,5.2593,2.3502,-5.7886,-0.75685,-2.4085,-13.935,-15.117,-25.453,-12.139
-1.5622,-6.4097,-5.4114,5.1981,1.9446,-5.189,-1.0852,-2.8725,-14.469,-15.257,-26.45,-12.699
-1.6635,-5.7981,-4.8377,4.8698,1.7002,-4.5458,-1.4121,-3.2934,-14.941,-15.337,-27.202,-13.196
-1.3995,-4.9688,-4.3749,4.2424,1.6674,-3.8891,-1.7239,-3.6525,-15.3,-15.415,-27.706,-13.603
-0.77328,-3.9524,-4.0404,3.3376,1.8461,-3.2416,-2.001,-3.9461,-15.52,-15.53,-27.934,-13.896
0.1337,-2.8108,-3.8135,2.2307,2.184,-2.6166,-2.2265,-4.1852,-15.612,-15.686,-27.853,-14.063
1.181,-1.6234,-3.6444,1.034,2.5922,-2.0132,-2.3943,-4.3885,-15.606,-15.846,-27.441,-14.107
2.2068,-0.46702,-3.4682,-0.13324,2.9705,-1.4158,-2.512,-4.5704,-15.541,-15.953,-26.7,-14.042
3.0668,0.60384,-3.2219,-1.1755,3.2321,-0.8005,-2.5939,-4.7319,-15.439,-15.963,-25.663,-13.884
3.6625,1.5663,-2.8606,-2.0384,3.3199,-0.14565,-2.6512,-4.861,-15.3,-15.859,-24.397,-13.646
3.9529,2.4273,-2.3674,-2.7078,3.215,0.55796,-2.6844,-4.9401,-15.105,-15.66,-23.002,-13.341
3.9507,3.2139,-1.7554,-3.1966,2.9358,1.3013,-2.6845,-4.955,-14.834,-15.404,-21.612,-12.98
3.7105,3.9554,-1.0632,-3.5297,2.5303,2.0565,-2.6385,-4.8997,-14.48,-15.126,-20.375,-12.581
3.3176,4.6642,-0.34535,-3.7375,2.0637,2.782,-2.539,-4.7744,-14.064,-14.853,-19.427,-12.163
2.8729,5.3206,0.34033,-3.8522,1.6033,3.4301,-2.3906,-4.5829,-13.628,-14.596,-18.861,-11.748
2.4647,5.8727,0.94566,-3.8996,1.1988,3.9572,-2.2091,-4.3311,-13.218,-14.358,-18.705,-11.356
2.1308,6.2497,1.4425,-3.8809,0.8677,4.3303,-2.0162,-4.0288,-12.87,-14.127,-18.924,-10.997
1.8399,6.3803,1.8256,-3.7649,0.59385,4.531,-1.8321,-3.6927,-12.596,-13.877,-19.419,-10.671
1.5126,6.2077,2.1067,-3.4974,0.33968,4.5559,-1.6704,-3.3479,-12.383,-13.571,-20.07,-10.369
1.0603,5.7018,2.3083,-3.026,0.060891,4.4173,-1.5356,-3.0251,-12.199,-13.181,-20.77,-10.078
0.41798,4.8714,2.4588,-2.323,-0.28246,4.1457,-1.4245,-2.7524,-12.012,-12.707,-21.458,-9.7885
-0.43424,3.7786,2.5893,-1.4012,-0.71473,3.7895,-1.3308,-2.5451,-11.8,-12.18,-22.113,-9.4989
-1.4559,2.5485,2.7247,-0.32347,-1.2315,3.4097,-1.2524,-2.3995,-11.559,-11.66,-22.71,-9.2192
-2.5407,1.3586,2.8705,0.8003,-1.7902,3.0668,-1.196,-2.2928,-11.307,-11.212,-23.185,-8.9644
-3.5307,0.40215,3.0033,1.83,-2.312,2.8033,-1.1751,-2.1893,-11.067,-10.883,-23.433,-8.746
-4.2523,-0.1644,3.069,2.6209,-2.6961,2.6293,-1.2029,-2.0526,-10.865,-10.694,-23.331,-8.5634
-4.5571,-0.27127,2.9935,3.0525,-2.8419,2.5173,-1.2844,-1.8597,-10.71,-10.639,-22.78,-8.4023
-4.3562,0.039159,2.7029,3.0624,-2.6726,2.4082,-1.4132,-1.6109,-10.603,-10.694,-21.738,-8.2397
-3.6477,0.62151,2.1464,2.6757,-2.1555,2.2243,-1.5719,-1.3301,-10.534,-10.835,-20.23,-8.0562
-2.5317,1.2656,1.312,2.0101,-1.3165,1.8879,-1.7362,-1.0545,-10.488,-11.038,-18.336,-7.846
-1.1986,1.7462,0.23237,1.2491,-0.24073,1.3379,-1.88,-0.8203,-10.448,-11.287,-16.175,-7.6196
0.11243,1.8691,-1.0215,0.59719,0.94204,0.54393,-1.9812,-0.65187,-10.397,-11.568,-13.89,-7.3997
1.1706,1.5085,-2.354,0.2335,2.085,-0.48567,-2.0276,-0.55711,-10.322,-11.873,-11.618,-7.2097
1.8057,0.62861,-3.6638,0.27476,3.0554,-1.703,-2.0212,-0.53003,-10.221,-12.198,-9.4662,-7.0648
1.9397,-0.71508,-4.8624,0.75407,3.7607,-3.0292,-1.9799,-0.55771,-10.101,-12.548,-7.4928,-6.9664
1.5918,-2.394,-5.8851,1.6203,4.1633,-4.3697,-1.9304,-0.62603,-9.9786,-12.928,-5.7115,-6.904
0.86009,-4.2351,-6.6955,2.7564,4.2798,-5.6298,-1.8959,-0.72672,-9.8689,-13.333,-4.1138,-6.8626
-0.11013,-6.0527,-7.2824,4.0104,4.1659,-6.7268,-1.8844,-0.85522,-9.7807,-13.745,-2.6889,-6.8314
-1.1627,-7.6767,-7.6531,5.2302,3.8954,-7.5978,-1.8843,-1.0078,-9.7145,-14.125,-1.4337,-6.8104
-2.1649,-8.9763,-7.8252,6.2941,3.5375,-8.2042,-1.8706,-1.1806,-9.6669,-14.433,-0.35741,-6.8128
-3.0296,-9.88,-7.8199,7.1263,3.1429,-8.5356,-1.8185,-1.3708,-9.6371,-14.638,0.51214,-6.8632
-3.716,-10.385,-7.6595,7.6964,2.7395,-8.6114,-1.7161,-1.5793,-9.6286,-14.731,1.1244,-6.9901
-4.2182,-10.544,-7.3673,8.0101,2.3376,-8.4772,-1.5685,-1.809,-9.6463,-14.723,1.415,-7.2152
-4.5554,-10.434,-6.9658,8.0997,1.9404,-8.1908,-1.3928,-2.0598,-9.6898,-14.639,1.3274,-7.5428
-4.7657,-10.122,-6.4751,8.016,1.5504,-7.8037,-1.209,-2.3241,-9.7488,-14.505,0.8331,-7.9524
-4.8965,-9.6675,-5.9139,7.818,1.1697,-7.3495,-1.0345,-2.5838,-9.8029,-14.343,-0.058982,-8.4006
-4.9925,-9.1195,-5.3,7.5632,0.79629,-6.8436,-0.87982,-2.8134,-9.8255,-14.169,-1.3024,-8.8325
-5.0855,-8.5231,-4.6481,7.3015,0.42437,-6.2908,-0.74584,-2.9859,-9.7886,-13.986,-2.8181,-9.1999
-5.193,-7.9113,-3.9659,7.0723,0.048188,-5.6888,-0.6203,-3.0799,-9.6669,-13.786,-4.5037,-9.4763
-5.325,-7.302,-3.2538,6.9041,-0.3358,-5.0306,-0.47849,-3.0817,-9.4417,-13.56,-6.246,-9.6587
-5.4944,-6.7018,-2.5075,6.8124,-0.73392,-4.3098,-0.29122,-2.9859,-9.1069,-13.296,-7.9351,-9.7563
-5.7192,-6.1119,-1.7224,6.7983,-1.1598,-3.5282,-0.037272,-2.7943,-8.6753,-12.993,-9.4748,-9.7734
-6.0115,-5.5322,-0.90327,6.8458,-1.6261,-2.7026,0.28793,-2.5179,-8.18,-12.652,-10.784,-9.6985
-6.3571,-4.9612,-0.073711,6.9195,-2.1242,-1.8666,0.67219,-2.177,-7.6662,-12.284,-11.788,-9.5072
-6.698,-4.3944,0.71925,6.9658,-2.6109,-1.0661,1.0916,-1.7985,-7.174,-11.899,-12.414,-9.1751
-6.9343,-3.8225,1.4081,6.9203,-3.0126,-0.35216,1.5158,-1.4101,-6.7247,-11.513,-12.587,-8.6939
-6.948,-3.2328,1.915,6.7198,-3.2417,0.22748,1.9121,-1.0353,-6.3171,-11.146,-12.245,-8.081
-6.639,-2.6127,2.17,6.3176,-3.2178,0.63768,2.25,-0.68626,-5.9342,-10.813,-11.368,-7.3801
-5.9588,-1.957,2.1341,5.6991,-2.8952,0.86335,2.5057,-0.36471,-5.555,-10.525,-9.985,-6.65
-4.9365,-1.2751,1.8153,4.8954,-2.2849,0.91266,2.6654,-0.063199,-5.1628,-10.278,-8.1838,-5.9484
-3.6869,-0.59838,1.2732,3.9877,-1.4594,0.81455,2.7268,0.23083,-4.749,-10.059,-6.0856,-5.318
-2.3914,0.017396,0.60892,3.097,-0.5406,0.61162,2.6983,0.53019,-4.3117,-9.8464,-3.8255,-4.7808
-1.2588,0.49652,-0.057818,2.3599,0.32449,0.35108,2.5965,0.84279,-3.8533,-9.6208,-1.5405,-4.3417
-0.4735,0.75753,-0.61932,1.8978,0.99684,0.075829,2.4413,1.1668,-3.3809,-9.3737,0.6354,-3.9966
-0.14825,0.73357,-1.0083,1.7885,1.3808,-0.18472,2.2521,1.4881,-2.9065,-9.1085,2.5763,-3.7364
-0.29698,0.39051,-1.2126,2.049,1.4497,-0.42408,2.045,1.7816,-2.4485,-8.8355,4.172,-3.5468
-0.83643,-0.26522,-1.2739,2.6335,1.2527,-0.66309,1.8338,2.0162,-2.0313,-8.5635,5.3368,-3.4072
-1.6125,-1.1882,-1.2707,3.4431,0.89878,-0.94134,1.6332,2.1613,-1.6817,-8.2922,6.0185,-3.2988
-2.4402,-2.294,-1.2905,4.345,0.52188,-1.2941,1.4593,2.1937,-1.4225,-8.0112,6.2048,-3.2185
-3.1458,-3.4543,-1.3954,5.1974,0.23662,-1.724,1.3259,2.1024,-1.2647,-7.7043,5.9226,-3.1814
-3.606,-4.502,-1.5939,5.8754,0.10133,-2.1842,1.238,1.8931,-1.2028,-7.3555,5.2276,-3.2042
-3.7766,-5.2591,-1.8287,6.2932,0.10205,-2.5807,1.1873,1.5901,-1.2144,-6.9549,4.1898,-3.2822
-3.6999,-5.5796,-1.9929,6.4184,0.16281,-2.7979,1.1534,1.2325,-1.267,-6.5037,2.8831,-3.3873
-3.4817,-5.389,-1.9698,6.275,0.17882,-2.735,1.1102,0.86669,-1.3259,-6.0179,1.3793,-3.487
-3.2495,-4.7089,-1.68,5.9352,0.059843,-2.3419,1.0345,0.53483,-1.3619,-5.5275,-0.25189,-3.5664
-3.1113,-3.6559,-1.1126,5.5004,-0.23637,-1.641,0.91344,0.26527,-1.3555,-5.0708,-1.9412,-3.6366
-3.1285,-2.4174,-0.33288,5.0771,-0.69227,-0.72818,0.74946,0.069127,-1.2984,-4.6812,-3.6167,-3.7268
-3.3076,-1.2098,0.53219,4.7535,-1.2383,0.24667,0.55871,-0.055994,-1.1948,-4.3744,-5.2019,-3.8664
-3.6065,-0.23181,1.3246,4.5819,-1.7744,1.1138,0.36455,-0.11971,-1.0607,-4.1427,-6.6171,-4.0709
-3.9499,0.37443,1.8944,4.5714,-2.1956,1.7228,0.18789,-0.13436,-0.92311,-3.9581,-7.7839,-4.3354
-4.2475,0.54604,2.1363,4.6901,-2.413,1.9749,0.03943,-0.11337,-0.8154,-3.784,-8.6316,-4.6387
-4.4112,0.30315,2.0105,4.8762,-2.3695,1.8409,-0.082909,-0.071174,-0.76797,-3.5899,-9.1058,-4.9515
-4.3715,-0.26594,1.5433,5.0557,-2.0516,1.3605,-0.19047,-0.023401,-0.79801,-3.3643,-9.1787,-5.2446
-4.0936,-1.0352,0.80991,5.163,-1.4898,0.62338,-0.29579,0.0132,-0.90334,-3.1189,-8.8551,-5.4949
-3.5903,-1.8767,-0.093885,5.1618,-0.75021,-0.26074,-0.403,0.022153,-1.0642,-2.8813,-8.1737,-5.6892
-2.925,-2.6883,-1.0729,5.0583,0.079691,-1.1897,-0.50177,-0.0093668,-1.2516,-2.6786,-7.2044,-5.8243
-2.202,-3.4092,-2.0389,4.9011,0.90314,-2.0842,-0.56894,-0.086062,-1.4357,-2.5227,-6.0448,-5.9034
-1.5455,-4.0251,-2.9102,4.7662,1.6247,-2.8901,-0.57798,-0.20149,-1.5909,-2.4031,-4.8131,-5.9328
-1.0732,-4.5589,-3.6136,4.7329,2.1615,-3.5732,-0.51174,-0.33868,-1.6979,-2.2923,-3.6369,-5.9224
-0.87343,-5.0447,-4.0898,4.8593,2.4544,-4.1096,-0.37158,-0.47498,-1.7435,-2.1584,-2.6394,-5.887
-0.98876,-5.4972,-4.2944,5.1649,2.4751,-4.4763,-0.17759,-0.58796,-1.7223,-1.9763,-1.9242,-5.8434
-1.4113,-5.8922,-4.2008,5.6251,2.227,-4.6441,0.039783,-0.6628,-1.6374,-1.7349,-1.5605,-5.8052
-2.0878,-6.1689,-3.8037,6.1766,1.739,-4.5762,0.25054,-0.69664,-1.4985,-1.4387,-1.5753,-5.7814
-2.9329,-6.2522,-3.1241,6.7328,1.057,-4.2405,0.43307,-0.69757,-1.3173,-1.1049,-1.9558,-5.779
-3.8454,-6.0814,-2.2098,7.2046,0.23823,-3.628,0.5779,-0.67777,-1.1025,-0.75657,-2.6577,-5.808
-4.7233,-5.6338,-1.1336,7.5207,-0.6491,-2.7705,0.68771,-0.64449,-0.85637,-0.41269,-3.6152,-5.8802
-5.4775,-4.9391,0.011038,7.6445,-1.5272,-1.7452,0.77487,-0.59531,-0.57593,-0.078979,-4.748,-6.0028
-6.0413,-4.0785,1.1188,7.5798,-2.3158,-0.66284,0.85731,-0.52145,-0.25509,0.25721,-5.9683,-6.169
-6.3758,-3.1689,2.0856,7.3654,-2.943,0.35385,0.95379,-0.41636,0.11423,0.62413,-7.1849,-6.3548
-6.4691,-2.3347,2.8231,7.06,-3.3535,1.1949,1.0789,-0.28296,0.54324,1.0523,-8.3063,-6.5227
-6.3288,-1.6763,3.2709,6.7212,-3.5113,1.7836,1.2382,-0.13441,1.0471,1.5595,-9.2445,-6.632
-5.9729,-1.2467,3.4037,6.3878,-3.3987,2.0875,1.425,0.011627,1.6411,2.1438,-9.9208,-6.6498
-5.4184,-1.0433,3.232,6.0685,-3.0179,2.1196,1.6204,0.1414,2.3324,2.7835,-10.275,-6.557
-4.674,-1.0124,2.7972,5.7405,-2.3934,1.9284,1.7985,0.25212,3.1107,3.4483,-10.271,-6.3487
-3.7419,-1.0646,2.1622,5.3574,-1.576,1.585,1.9347,0.35383,3.9484,4.1131,-9.9048,-6.0294
-2.6312,-1.0957,1.4,4.8668,-0.64091,1.1681,2.0131,0.46536,4.811,4.7676,-9.2008,-5.6077
-1.3764,-1.0075,0.58322,4.2308,0.33045,0.7517,2.0316,0.60664,5.6726,5.4184,-8.2054,-5.0925
-0.040484,-0.72738,-0.22397,3.4411,1.2812,0.39457,2.002,0.79231,6.5262,6.0861,-6.9801,-4.4917
1.3046,-0.22392,-0.96515,2.522,2.1862,0.13632,1.9456,1.0301,7.3821,6.7988,-5.5878,-3.815
2.5973,0.48582,-1.5867,1.5254,3.0192,0.0010469,1.8883,1.325,8.261,7.5869,-4.0742,-3.0768
3.7757,1.3417,-2.033,0.52788,3.7249,0.0069571,1.8557,1.6878,9.1923,8.4814,-2.4532,-2.2942
4.7494,2.2594,-2.2427,-0.37425,4.2242,0.17572,1.8711,2.1324,10.216,9.5164,-0.71116,-1.4805
5.3995,3.155,-2.1481,-1.0831,4.4327,0.53449,1.9558,2.6763,11.386,10.731,1.1708,-0.63599
5.6148,3.9675,-1.6837,-1.5263,4.2717,1.1083,2.1335,3.3341,12.757,12.163,3.1927,0.25111
5.3335,4.6726,-0.80674,-1.6812,3.6829,1.9075,2.4364,4.1112,14.375,13.836,5.3294,1.192
4.564,5.2871,0.47728,-1.5888,2.6601,2.9158,2.9114,4.9996,16.252,15.724,7.5402,2.1804
3.3885,5.8669,2.1021,-1.3519,1.2793,4.0921,3.6267,5.9789,18.362,17.753,9.7779,3.1862
1.9627,6.5089,3.956,-1.1084,-0.30501,5.3901,4.676,7.0235,20.647,19.842,11.989,4.1687
0.509,7.3586,5.9242,-0.99625,-1.9001,6.7967,6.1784,8.113,23.025,21.955,14.111,5.1
-0.71069,8.6159,7.9423,-1.1472,-3.3263,8.3824,8.2572,9.2436,25.415,24.104,16.068,5.983
-1.4593,10.525,10.022,-1.701,-4.4613,10.345,10.988,10.43,27.745,26.306,17.782,6.8522
-1.6205,13.314,12.201,-2.7829,-5.2669,12.95,14.333,11.7,29.968,28.56,19.183,7.7575
-1.2468,17.042,14.458,-4.4567,-5.8051,16.262,18.125,13.075,32.064,30.834,20.215,8.7403
-0.5243,21.456,16.8,-6.6865,-6.2352,19.986,22.126,14.555,34.04,33.077,20.856,9.8119
0.29513,26.107,19.453,-9.33,-6.7556,23.845,26.105,16.11,35.913,35.232,21.117,10.944
0.96687,30.641,22.769,-12.164,-7.5067,27.826,29.881,17.68,37.693,37.247,21.044,12.082
1.32,34.911,26.919,-14.951,-8.5292,31.953,33.316,19.189,39.372,39.077,20.71,13.169
1.2965,38.93,31.716,-17.533,-9.7831,36.142,36.291,20.558,40.913,40.704,20.198,14.17
0.95806,42.785,36.725,-19.875,-11.169,40.277,38.691,21.718,42.265,42.135,19.575,15.074
0.45512,46.578,41.529,-22.03,-12.546,44.307,40.447,22.615,43.383,43.393,18.889,15.889
-0.030777,50.385,45.912,-24.063,-13.765,48.254,41.617,23.213,44.256,44.496,18.174,16.627
-0.34416,54.223,49.841,-25.984,-14.728,52.144,42.435,23.491,44.928,45.453,17.46,17.299
-0.39849,58.009,53.314,-27.743,-15.419,55.932,43.175,23.453,45.478,46.263,16.787,17.905
-0.20033,61.544,56.261,-29.266,-15.887,59.461,43.675,23.12,45.957,46.921,16.207,18.438
0.16,64.561,58.563,-30.503,-16.207,62.475,43.219,22.527,46.33,47.416,15.774,18.884
0.55596,66.828,60.151,-31.433,-16.454,64.711,41.378,21.718,46.501,47.73,15.534,19.23
0.88203,68.217,61.077,-32.048,-16.679,65.996,38.337,20.741,46.382,47.852,15.512,19.472
1.0873,68.701,61.466,-32.361,-16.885,66.282,34.437,19.637,45.942,47.788,15.702,19.615
1.1831,68.307,61.335,-32.41,-17.018,65.62,29.948,18.435,45.195,47.556,16.061,19.67
1.2357,67.096,60.511,-32.264,-16.982,64.12,25.083,17.15,44.178,47.169,16.513,19.65
1.3472,65.174,58.821,-31.996,-16.678,61.946,20.039,15.78,42.93,46.62,16.963,19.57
1.618,62.709,56.296,-31.676,-16.033,59.293,15.024,14.313,41.476,45.88,17.319,19.437
2.103,59.905,53.107,-31.357,-15.013,56.338,10.253,12.737,39.828,44.927,17.511,19.259
2.7808,56.962,49.42,-31.071,-13.633,53.19,5.9113,11.058,37.982,43.767,17.505,19.044
3.5662,54.066,45.36,-30.811,-11.956,49.92,2.0984,9.296,35.924,42.442,17.311,18.814
4.3563,51.351,41.033,-30.518,-10.085,46.579,-1.1935,7.4779,33.634,41.006,16.971,18.595
5.077,48.831,36.538,-30.072,-8.1428,43.182,-4.0566,5.6224,31.095,39.482,16.546,18.411
5.6934,46.386,31.964,-29.312,-6.2664,39.694,-6.6772,3.7262,28.305,37.848,16.103,18.269
6.1834,43.847,27.393,-28.091,-4.5865,36.057,-9.372,1.7611,25.304,36.053,15.692,18.154
6.5025,41.083,22.91,-26.339,-3.1986,32.235,-12.523,-0.31706,22.167,34.068,15.341,18.045
6.5791,37.968,18.637,-24.081,-2.1382,28.222,-16.327,-2.554,18.991,31.908,15.049,17.931
6.3478,34.32,14.792,-21.417,-1.3863,24.035,-20.544,-4.9818,15.863,29.628,14.799,17.82
5.7928,30.021,11.652,-18.497,-0.90306,19.741,-24.668,-7.6126,12.837,27.291,14.568,17.733
4.9722,25.212,9.3552,-15.512,-0.66065,15.577,-28.403,-10.444,9.9371,24.94,14.332,17.688
4.015,20.273,7.8096,-12.665,-0.64973,11.973,-31.791,-13.473,7.1638,22.576,14.055,17.685
3.1074,15.651,6.8141,-10.13,-0.84476,9.2965,-35.012,-16.714,4.5056,20.165,13.694,17.706
2.4713,11.781,6.1801,-8.0487,-1.1463,7.6008,-38.177,-20.19,1.952,17.675,13.202,17.712
2.3219,9.0283,5.7468,-6.5352,-1.3639,6.6907,-41.252,-23.901,-0.50294,15.126,12.547,17.667
2.8128,7.5767,5.3539,-5.6791,-1.2707,6.2956,-44.094,-27.782,-2.8596,12.604,11.721,17.552
4.0082,7.328,4.8351,-5.5365,-0.68384,6.159,-46.575,-31.683,-5.1071,10.223,10.748,17.379
5.8848,7.9283,4.0466,-6.0976,0.48076,6.0668,-48.651,-35.395,-7.2135,8.0722,9.6683,17.194
8.333,8.9241,2.9063,-7.2547,2.179,5.8615,-50.323,-38.715,-9.1262,6.1906,8.5306,17.052
11.161,9.9271,1.4179,-8.8087,4.2404,5.4465,-51.597,-41.502,-10.786,4.5735,7.377,16.995
14.112,10.681,-0.33982,-10.51,6.4208,4.7772,-52.522,-43.69,-12.145,3.195,6.2406,17.028
16.885,11.043,-2.2565,-12.099,8.504,3.8545,-53.241,-45.29,-13.184,2.026,5.1486,17.127
19.194,10.948,-4.2155,-13.346,10.398,2.7263,-53.906,-46.356,-13.916,1.0465,4.1306,17.247
20.858,10.412,-6.0701,-14.092,12.132,1.4926,-54.52,-46.948,-14.384,0.24846,3.2275,17.345
21.874,9.5405,-7.631,-14.284,13.723,0.29725,-54.903,-47.116,-14.643,-0.37019,2.4977,17.392
22.407,8.5421,-8.713,-13.989,15.054,-0.69841,-54.77,-46.893,-14.728,-0.8104,2.0134,17.383
22.692,7.676,-9.1903,-13.37,15.89,-1.357,-53.796,-46.301,-14.639,-1.0701,1.8491,17.335
22.747,7.1314,-9.0157,-12.572,15.98,-1.6023,-51.711,-45.376,-14.355,-1.1438,2.0636,17.28
22.204,6.9227,-8.2168,-11.586,15.161,-1.4367,-48.426,-44.173,-13.866,-1.0294,2.6849,17.25
20.577,6.901,-6.8924,-10.274,13.431,-0.9343,-44.132,-42.761,-13.197,-0.73803,3.7023,17.265
17.671,6.8379,-5.2138,-8.5045,10.997,-0.22115,-39.244,-41.199,-12.407,-0.29966,5.0669,17.322
13.668,6.497,-3.4149,-6.2192,8.2042,0.53111,-34.217,-39.527,-11.569,0.2402,6.6988,17.389
8.9893,5.6762,-1.7435,-3.4844,5.344,1.1031,-29.418,-37.77,-10.747,0.82922,8.4975,17.414
4.1526,4.2393,-0.39856,-0.50852,2.6303,1.2648,-25.169,-35.959,-9.9848,1.4186,10.358,17.349
-0.32291,2.1436,0.48959,2.4727,0.28681,0.86096,-21.741,-34.139,-9.3028,1.9713,12.191,17.173
-4.0161,-0.5505,0.8498,5.3145,-1.4902,-0.12655,-19.117,-32.375,-8.7086,2.4667,13.938,16.893
-6.7074,-3.6794,0.66354,7.9095,-2.5969,-1.595,-16.839,-30.747,-8.2097,2.8996,15.581,16.536
-8.3632,-6.969,-0.034381,10.099,-3.0249,-3.3689,-14.284,-29.347,-7.824,3.2757,17.128,16.134
-9.0351,-10.036,-1.142,11.682,-2.8383,-5.2273,-11.426,-28.28,-7.5799,3.6032,18.604,15.708
-8.8166,-12.443,-2.4817,12.494,-2.156,-6.9211,-8.922,-27.65,-7.5084,3.8851,20.03,15.268
-7.8582,-13.804,-3.8277,12.46,-1.133,-8.2089,-7.2303,-27.532,-7.6328,4.1115,21.409,14.817
-6.3678,-13.919,-4.9649,11.63,0.05214,-8.9074,-6.3217,-27.949,-7.9607,4.256,22.719,14.361
-4.5866,-12.834,-5.7354,10.158,1.2037,-8.9311,-5.9873,-28.856,-8.476,4.2828,23.913,13.912
-2.7547,-10.799,-6.0512,8.2699,2.1329,-8.3052,-6.0298,-30.131,-9.1324,4.1692,24.926,13.484
-1.0805,-8.144,-5.897,6.2077,2.7066,-7.1581,-6.2826,-31.566,-9.8508,3.9252,25.695,13.071
0.28833,-5.1696,-5.3485,4.1876,2.9024,-5.6931,-6.5791,-32.869,-10.531,3.589,26.168,12.623
1.2992,-2.1284,-4.5812,2.3637,2.8266,-4.1311,-6.7502,-33.673,-11.076,3.1964,26.308,12.033
2.0094,0.7578,-3.8385,0.81571,2.6609,-2.6577,-6.6859,-33.573,-11.423,2.7491,26.088,11.132
2.5271,3.4138,-3.3655,-0.45186,2.5819,-1.4239,-6.4179,-32.213,-11.548,2.2166,25.492,9.7298
2.9213,6.3576,-3.4204,-1.4921,2.7291,-0.38175,-6.1099,-29.55,-11.433,1.5827,24.517,7.7671
3.193,9.4799,-3.555,-2.4007,3.434,2.6628,-6.0063,-26.613,-11.029,0.91083,23.163,5.7038
3.3337,9.0128,-0.73867,-3.3444,6.1915,3.2586,-6.5922,-27.694,-10.202,0.38634,21.472,4.6938
3.5388,8.1367,-0.66767,-4.2283,6.9424,2.7106,-8.9095,-43.308,-8.8162,0.38181,19.642,4.7299
5.0998,7.2376,-0.021396,-4.1243,6.4191,2.1301,-12.867,-59.409,-10.463,1.8851,18.197,3.4122
4.2772,5.5126,0.824,-2.0129,3.701,1.1321,-14.661,-57.983,-21.451,3.0598,19.025,3.7976
-1.1757,1.7465,0.5967,2.1594,0.14054,-1.0765,-12.461,-50.747,-17.885,3.28,17.4,17.11
-6.129,-5.2922,-2.1675,6.6575,-2.311,-5.9246,-6.8021,-39.461,-12.532,3.0134,13.523,12.172
-9.8873,-17.67,-9.4986,14.203,-1.0802,-15.602,1.6595,-22.618,-6.7129,2.3215,8.6994,2.5098
-11.557,-39.352,-25.614,25.952,6.6513,-35.014,12.174,1.5077,-0.52775,0.8988,2.8657,-12.711
-9.7765,-72.167,-59.698,40.878,24.157,-70.88,24.553,31.935,7.2646,-1.6053,-3.6598,-31.158
-3.376,-107.8,-109.64,55.863,54.376,-113.41,40.28,65.692,17.263,-4.7421,-9.4847,-48.681
9.5815,-143.55,-165.32,66.652,93.313,-159.31,57.824,102.66,31.295,-5.4601,-10.94,-58.822
36.268,-176.23,-227.85,69.913,139.03,-206.87,70.58,146.97,58.643,6.1362,-0.33381,-53.091
82.399,-201.66,-292.58,62.481,190.94,-251.73,79.368,203.32,114.78,63.153,40.547,-21.844
137.51,-214.77,-357.02,41.225,249.26,-289.9,85.763,279.56,211.71,179.25,145.29,45.111
208.33,-210.24,-421.57,3.2045,316.26,-319.3,91.595,383.03,353.99,350.02,296.44,157.06
299.12,-185.08,-486.98,-54.771,394.04,-339.12,96.74,514.57,546.18,586.49,506.27,318.92
411.39,-138.37,-552.14,-134.56,482.75,-348.13,97.729,665.44,781.57,883.99,772.76,529.27
542.31,-69.751,-613.12,-235.03,578.86,-343.56,88.587,815.99,1043.3,1226.9,1084.7,780.39
683.79,20.752,-663.07,-351.7,674.75,-322.57,62.369,937.58,1305.6,1589.0,1422.4,1058.1
823.09,129.41,-693.63,-476.31,759.78,-283.34,13.138,998.83,1537.2,1936.2,1758.5,1342.4
944.89,247.61,-697.45,-597.01,822.57,-226.27,-61.574,974.77,1707.2,2230.0,2059.7,1608.3
1034.3,363.98,-670.62,-700.63,853.78,-154.9,-158.85,854.43,1789.6,2433.1,2291.1,1828.6
1080.4,466.36,-614.37,-775.63,848.57,-75.782,-270.4,643.62,1768.4,2515.1,2422.2,1978.3
1078.9,544.08,-535.0,-814.5,807.96,2.6491,-384.85,362.76,1638.8,2458.0,2431.9,2039.4
1032.4,590.27,-442.22,-815.03,738.21,72.111,-491.15,41.143,1407.4,2259.5,2312.4,2004.2
949.35,602.81,-346.42,-780.03,648.64,126.6,-581.11,-289.87,1090.2,1933.4,2072.6,1875.9
840.24,583.75,-256.17,-715.75,548.81,163.84,-650.27,-602.07,710.76,1507.3,1735.7,1667.3
715.45,537.81,-177.18,-629.74,446.75,182.02,-697.54,-873.38,298.54,1019.7,1334.7,1398.3
584.23,470.78,-112.92,-529.69,348.81,179.99,-724.47,-1088.8,-112.49,516.14,908.88,1094.4
455.06,388.54,-65.859,-423.2,260.5,160.38,-734.38,-1239.9,-486.29,45.064,499.04,784.35
335.84,296.89,-37.794,-317.64,186.67,127.18,-730.6,-1324.2,-789.13,-349.49,142.2,496.55
233.2,202.27,-28.862,-219.49,130.77,84.409,-714.91,-1343.6,-995.89,-635.86,-134.98,254.37
151.34,112.09,-36.486,-133.64,93.666,36.507,-687.72,-1305.4,-1096.6,-801.83,-321.05,71.291
91.17,33.123,-55.483,-63.12,73.136,-11.384,-649.72,-1222.0,-1099.8,-857.05,-420.24,-51.246
50.323,-30.725,-79.43,-9.1202,64.727,-54.133,-603.16,-1109.8,-1030.6,-828.69,-449.01,-122.15
24.398,-78.85,-102.08,29.272,63.229,-87.559,-551.55,-986.21,-921.87,-751.82,-433.25,-155.99
8.3718,-112.37,-118.82,54.799,63.864,-110.04,-498.26,-865.1,-803.48,-658.95,-397.59,-167.67
-2.4558,-132.14,-127.49,70.856,63.101,-122.95,-445.38,-754.89,-695.35,-572.7,-358.33,-168.7
-11.614,-139.44,-125.79,80.389,58.309,-127.01,-393.64,-658.37,-605.68,-501.81,-323.92,-165.96
-20.635,-138.29,-115.78,85.502,48.446,-122.98,-343.27,-573.76,-534.15,-446.09,-296.81,-162.03
-30.104,-133.56,-104.36,87.565,36.635,-115.53,-294.73,-496.44,-475.97,-401.56,-275.76,-156.03
-38.448,-128.02,-91.911,87.192,37.132,-106.78,-248.72,-422.9,-423.28,-362.5,-257.71,-148.28
-40.093,-121.88,-80.406,84.118,32.422,-97.716,-206.3,-352.58,-369.62,-324.53,-238.24,-139.17
-21.254,-113.4,-74.139,77.476,28.164,-89.34,-168.44,-286.75,-313.97,-284.02,-213.49,-126.29
-13.75,-101.07,-71.546,67.433,25.627,-82.486,-135.07,-227.97,-257.06,-240.77,-184.63,-108.29
-11.348,-86.614,-68.887,55.607,24.343,-76.686,-106.02,-178.93,-202.79,-197.03,-150.72,-91.825
-9.0299,-72.712,-65.981,43.649,23.63,-70.983,-82.294,-140.13,-154.91,-155.39,-115.79,-75.213
-6.7766,-60.925,-62.494,33.706,22.441,-64.881,-64.786,-109.31,-117.29,-120.06,-84.248,-59.309
-4.9521,-51.128,-57.412,26.053,19.907,-58.08,-52.641,-84.921,-91.671,-94.263,-57.107,-46.333
-3.8436,-43.163,-50.567,20.811,16.359,-50.661,-43.027,-66.495,-73.605,-75.568,-37.682,-36.875
-3.5292,-37.222,-42.548,17.964,12.854,-43.106,-33.553,-52.925,-60.589,-63.172,-25.92,-31.026
-3.8719,-33.054,-34.212,16.803,9.8439,-36.087,-24.144,-42.797,-52.097,-56.935,-20.594,-28.351
-4.6065,-29.692,-26.442,15.887,7.2177,-30.011,-15.846,-35.028,-46.193,-54.67,-20.027,-27.668
-5.482,-26.433,-19.8,13.725,4.8039,-24.864,-10.508,-29.32,-41.296,-54.253,-22.273,-27.918
-6.3725,-23.052,-14.405,10.958,2.5464,-20.365,-10.305,-26.495,-37.118,-54.318,-25.592,-28.373
-7.2685,-19.024,-10.072,9.5834,0.45671,-16.107,-11.725,-23.498,-33.692,-53.748,-27.984,-26.809
-8.1943,-14.15,-6.5041,9.2656,-1.4458,-11.729,-9.999,-16.424,-29.723,-51.505,-25.678,-24.084
-9.1485,-10.278,-3.4129,9.3478,-3.1406,-7.4973,-6.4762,-10.394,-24.556,-46.137,-23.598,-22.282
-10.079,-8.1887,-0.7376,9.6088,-4.5947,-4.2776,-4.1674,-6.3102,-21.732,-41.509,-22.666,-21.33
-10.886,-7.3201,1.3259,9.9666,-5.7554,-2.3584,-2.8834,-3.4983,-19.939,-39.213,-22.385,-20.899
-11.45,-7.1789,2.6286,10.343,-6.5627,-1.4505,-2.0817,-1.442,-18.559,-37.824,-22.559,-20.726
-11.665,-7.4345,3.2106,10.641,-6.9688,-1.2157,-1.4887,0.16232,-17.413,-36.778,-22.978,-20.608
-11.474,-7.8182,3.2171,10.761,-6.9593,-1.3889,-0.99907,1.4929,-16.382,-35.812,-23.464,-20.413
-10.883,-8.0996,2.8258,10.622,-6.5784,-1.76,-0.58338,2.658,-15.408,-34.768,-23.911,-20.085
-9.9792,-8.1158,2.2266,10.19,-5.9388,-2.1621,-0.23627,3.7257,-14.482,-33.566,-24.294,-19.635
-8.91,-7.7985,1.6061,9.4989,-5.2026,-2.4663,0.051465,4.7404,-13.628,-32.194,-24.635,-19.106
-7.8556,-7.1791,1.1177,8.6494,-4.5376,-2.582,0.30261,5.7325,-12.871,-30.692,-24.967,-18.536
-6.9814,-6.3789,0.85046,7.7925,-4.0722,-2.4707,0.54715,6.723,-12.223,-29.124,-25.311,-17.945
-6.3969,-5.5793,0.81543,7.0856,-3.8669,-2.165,0.80486,7.7264,-11.669,-27.539,-25.674,-17.327
-6.1336,-4.9661,0.95774,6.6491,-3.9055,-1.7686,1.0714,8.7507,-11.176,-25.956,-26.047,-16.662
-6.1509,-4.6779,1.1859,6.5403,-4.1051,-1.4172,1.323,9.7973,-10.704,-24.382,-26.406,-15.932
-6.3643,-4.778,1.4055,6.7539,-4.3484,-1.2182,1.5338,10.861,-10.218,-22.834,-26.72,-15.138
-6.683,-5.2388,1.5489,7.2318,-4.5349,-1.2029,1.689,11.93,-9.7019,-21.35,-26.943,-14.304
-7.0352,-5.93,1.5991,7.8703,-4.6246,-1.3135,1.7874,12.988,-9.1589,-19.969,-27.018,-13.477
-7.3698,-6.6317,1.604,8.5271,-4.6471,-1.4225,1.839,14.016,-8.6051,-18.714,-26.879,-12.712
-7.6381,-7.0842,1.6654,9.0421,-4.671,-1.3754,1.8604,14.991,-8.0622,-17.587,-26.466,-12.058
-7.781,-7.0507,1.8901,9.2665,-4.7572,-1.0458,1.8714,15.894,-7.5485,-16.569,-25.741,-11.544
-7.7336,-6.3702,2.3278,9.0908,-4.9198,-0.3831,1.8902,16.708,-7.0749,-15.634,-24.702,-11.177
-7.4421,-5.0036,2.9394,8.4668,-5.116,0.56819,1.9311,17.432,-6.6423,-14.755,-23.383,-10.944
-6.8835,-3.0665,3.6046,7.4231,-5.2642,1.6781,2.0029,18.087,-6.2422,-13.917,-21.852,-10.82
-6.0812,-0.83065,4.1586,6.0778,-5.2754,2.7615,2.1063,18.717,-5.8592,-13.121,-20.205,-10.78
-5.1114,1.3159,4.4475,4.6356,-5.0872,3.6214,2.232,19.375,-5.4763,-12.393,-18.55,-10.803
-4.0954,2.9398,4.3805,3.3625,-4.6878,4.0958,2.3601,20.107,-5.079,-11.769,-16.995,-10.886
-3.1812,3.6857,3.9539,2.5302,-4.125,4.0937,2.4648,20.936,-4.656,-11.286,-15.623,-11.044
-2.5234,3.4131,3.2439,2.3307,-3.4979,3.6121,2.5222,21.857,-4.1958,-10.964,-14.48,-11.296
-2.2578,2.2013,2.3813,2.8208,-2.9341,2.7319,2.519,22.841,-3.6821,-10.799,-13.572,-11.655
-2.4694,0.23154,1.5175,3.952,-2.5544,1.5896,2.4588,23.844,-3.0951,-10.769,-12.87,-12.113
-3.1623,-2.2951,0.78953,5.5956,-2.4367,0.34591,2.3607,24.82,-2.4206,-10.839,-12.334,-12.64
-4.2399,-5.1062,0.29355,7.5222,-2.5903,-0.82861,2.2525,25.721,-1.6647,-10.966,-11.925,-13.197
-5.504,-7.7769,0.071045,9.4173,-2.9511,-1.7641,2.1616,26.508,-0.86297,-11.104,-11.61,-13.743
-6.6896,-9.7954,0.11015,10.943,-3.4022,-2.3198,2.1085,27.151,-0.075369,-11.21,-11.365,-14.251
-7.5278,-10.73,0.36379,11.798,-3.8124,-2.4088,2.1036,27.653,0.63618,-11.244,-11.173,-14.705
-7.8095,-10.342,0.77833,11.772,-4.0823,-1.9997,2.1462,28.052,1.2359,-11.182,-11.031,-15.105
-7.443,-8.5997,1.3184,10.794,-4.1779,-1.1104,2.224,28.42,1.7299,-11.02,-10.946,-15.457
-6.4946,-5.6823,1.9725,8.9859,-4.1371,0.19447,2.3152,28.836,2.1583,-10.774,-10.939,-15.772
-5.1844,-1.9804,2.7316,6.6614,-4.0476,1.7952,2.3933,29.36,2.5697,-10.486,-11.038,-16.061
-3.8314,1.917,3.5569,4.2633,-4.0086,3.4939,2.4355,30.012,2.9969,-10.212,-11.275,-16.332
-2.7588,5.2481,4.3653,2.2714,-4.0914,5.023,2.432,30.774,3.4456,-10.001,-11.682,-16.587
-2.2002,7.314,5.0412,1.0928,-4.3143,6.1105,2.3925,31.609,3.9017,-9.8792,-12.282,-16.813
-2.2566,7.7832,5.4665,0.93921,-4.6425,6.559,2.3443,32.487,4.3487,-9.8376,-13.085,-16.984
-2.9022,6.6821,5.5608,1.7888,-5.012,6.2982,2.3237,33.4,4.7834,-9.85,-14.082,-17.074
-4.0147,4.2573,5.3123,3.4742,-5.3631,5.3925,2.3628,34.365,5.2195,-9.8905,-15.239,-17.065
-5.4194,0.92126,4.7858,5.7546,-5.6654,4.0126,2.4779,35.401,5.6766,-9.9457,-16.501,-16.966
-6.9306,-2.8182,4.1108,8.3047,-5.9244,2.3965,2.6644,36.515,6.1596,-10.017,-17.8,-16.811
-8.3689,-6.4508,3.4502,10.744,-6.1708,0.81731,2.8996,37.684,6.6434,-10.114,-19.062,-16.645
-9.5653,-9.4783,2.9595,12.729,-6.4396,-0.45469,3.153,38.861,7.075,-10.245,-20.222,-16.512
-10.384,-11.431,2.7468,14.019,-6.7501,-1.2099,3.4012,39.996,7.395,-10.412,-21.224,-16.441
-10.759,-12.011,2.8453,14.495,-7.0904,-1.358,3.6386,41.082,7.5668,-10.602,-22.023,-16.438
-10.699,-11.256,3.21,14.178,-7.4154,-0.94422,3.8778,42.17,7.5979,-10.792,-22.574,-16.485
-10.277,-9.526,3.7404,13.22,-7.6633,-0.11399,4.1414,43.375,7.5441,-10.952,-22.833,-16.542
-9.6106,-7.3232,4.3237,11.876,-7.7898,0.94965,4.4487,44.84,7.4976,-11.048,-22.752,-16.562
-8.8427,-5.0603,4.8765,10.432,-7.7999,2.0865,4.8066,46.696,7.5638,-11.046,-22.295,-16.502
-8.1216,-2.9882,5.3676,9.1355,-7.7501,3.1852,5.2044,49.008,7.8348,-10.924,-21.454,-16.34
-7.569,-1.2801,5.8098,8.1483,-7.719,4.1737,5.6153,51.74,8.3668,-10.683,-20.252,-16.076
-7.2451,-0.052452,6.2297,7.5228,-7.7627,5.0024,6.0059,54.741,9.1671,-10.347,-18.742,-15.739
-7.1307,0.69999,6.6327,7.2132,-7.8826,5.6364,6.3484,57.791,10.193,-9.9583,-17.003,-15.374
-7.1403,1.074,6.9835,7.1298,-8.0214,6.0538,6.6313,60.673,11.364,-9.5615,-15.13,-15.024
-7.1593,1.1561,7.2118,7.1932,-8.0865,6.2407,6.8595,63.234,12.581,-9.1891,-13.214,-14.717
-7.0908,0.98967,7.2413,7.3518,-7.9896,6.1918,7.0468,65.417,13.749,-8.8546,-11.331,-14.452
-6.8934,0.60088,7.0248,7.5776,-7.6862,5.9134,7.2069,67.252,14.811,-8.554,-9.5253,-14.205
-6.5921,0.015232,6.5683,7.8615,-7.1952,5.4291,7.3506,68.852,15.761,-8.2746,-7.8245,-13.946
-6.2576,-0.74314,5.9305,8.2064,-6.5897,4.7851,7.4856,70.389,16.642,-8.0042,-6.2469,-13.657
-5.9709,-1.64,5.2024,8.6127,-5.9654,4.0505,7.6188,72.061,17.523,-7.7395,-4.8101,-13.347
-5.7884,-2.6061,4.4808,9.0602,-5.4055,3.3111,7.759,74.041,18.47,-7.4905,-3.534,-13.049
-5.7188,-3.5261,3.8463,9.4996,-4.9577,2.6572,7.9218,76.419,19.524,-7.2794,-2.4453,-12.8
-5.7186,-4.2558,3.3505,9.858,-4.6275,2.1689,8.1328,79.17,20.695,-7.1339,-1.5786,-12.625
-5.7067,-4.6593,3.0104,10.055,-4.3866,1.9005,8.4246,82.156,21.971,-7.0769,-0.97319,-12.521
-5.5917,-4.6463,2.8123,10.021,-4.1901,1.8695,8.8263,85.173,23.319,-7.1155,-0.66394,-12.463
-5.3046,-4.1989,2.7236,9.7214,-3.9944,2.0536,9.3496,88.034,24.697,-7.2357,-0.67064,-12.415
-4.8242,-3.3807,2.7055,9.1685,-3.7718,2.3969,9.9805,90.634,26.061,-7.4034,-0.98914,-12.352
-4.1876,-2.3247,2.7224,8.4271,-3.5196,2.8233,10.684,92.978,27.375,-7.5726,-1.5866,-12.269
-3.484,-1.2059,2.7464,7.6073,-3.2616,3.2519,11.419,95.16,28.616,-7.6967,-2.4039,-12.175
-2.8353,-0.20477,2.7618,6.8438,-3.0396,3.6119,12.162,97.318,29.775,-7.7405,-3.3669,-12.089
-2.3644,0.52635,2.7664,6.2669,-2.8976,3.8532,12.91,99.575,30.857,-7.6858,-4.4057,-12.027
-2.16,0.88982,2.7688,5.9745,-2.8666,3.952,13.683,102.02,31.881,-7.5312,-5.468,-11.996
-2.2539,0.85598,2.7793,6.012,-2.9521,3.9093,14.512,104.66,32.892,-7.2836,-6.5118,-11.987
-2.6179,0.45852,2.8013,6.3702,-3.1312,3.7447,15.422,107.51,33.957,-6.95,-7.4818,-11.974
-3.1806,-0.22686,2.8252,6.9989,-3.3577,3.4853,16.433,110.52,35.161,-6.5309,-8.2924,-11.921
-3.8533,-1.1084,2.8282,7.8274,-3.5772,3.1566,17.548,113.7,36.578,-6.0158,-8.8315,-11.796
-4.5511,-2.096,2.7793,8.7774,-3.7414,2.7779,18.765,117.07,38.251,-5.383,-8.9804,-11.588
-5.1975,-3.1087,2.6451,9.7664,-3.8138,2.3619,20.068,120.66,40.186,-4.6066,-8.6451,-11.309
-5.7144,-4.0744,2.3961,10.708,-3.7631,1.9189,21.433,124.49,42.364,-3.6717,-7.7859,-10.989
-6.0129,-4.9249,2.0104,11.507,-3.555,1.4612,22.826,128.55,44.743,-2.5874,-6.4317,-10.655
-5.9961,-5.5886,1.4761,12.067,-3.1513,1.0073,24.206,132.78,47.28,-1.3833,-4.6731,-10.315
-5.5739,-5.9873,0.79046,12.298,-2.5147,0.58212,25.554,137.11,49.945,-0.087981,-2.6379,-9.9527
-4.6785,-6.0435,-0.041945,12.131,-1.6147,0.21265,26.881,141.44,52.752,1.2953,-0.46554,-9.5435
-3.2767,-5.6993,-1.0132,11.533,-0.43268,-0.079801,28.229,145.74,55.752,2.7975,1.7131,-9.0698
-1.3804,-4.9373,-2.1159,10.513,1.0314,-0.2884,29.645,150.03,59.02,4.4717,3.7912,-8.5338
0.94195,-3.796,-3.3469,9.1262,2.7477,-0.42591,31.147,154.43,62.607,6.3713,5.6963,-7.9581
3.5585,-2.3786,-4.707,7.4783,4.6501,-0.52432,32.713,159.1,66.517,8.526,7.3907,-7.3754
6.2894,-0.85128,-6.1981,5.7215,6.6477,-0.63115,34.303,164.19,70.71,10.917,8.8611,-6.8152
8.9537,0.57401,-7.8165,4.0352,8.6547,-0.80448,35.886,169.73,75.105,13.46,10.107,-6.2935
11.428,1.6713,-9.5437,2.598,10.62,-1.1046,37.455,175.64,79.581,16.038,11.142,-5.81
13.674,2.25,-11.338,1.5593,12.529,-1.5798,39.028,181.74,83.983,18.574,11.995,-5.3529
15.718,2.2033,-13.131,1.0153,14.387,-2.2511,40.636,187.88,88.172,21.065,12.713,-4.9066
17.591,1.5258,-14.844,0.99591,16.186,-3.1068,42.308,193.99,92.098,23.551,13.328,-4.4601
19.244,0.28993,-16.404,1.4639,17.887,-4.1107,44.054,200.07,95.838,26.056,13.831,-4.0127
20.539,-1.3757,-17.776,2.311,19.427,-5.206,45.858,206.16,99.548,28.55,14.159,-3.5777
21.353,-3.2601,-18.967,3.3579,20.744,-6.3032,47.684,212.3,103.35,30.957,14.212,-3.1798
21.73,-5.0515,-20.007,4.39,21.82,-7.277,49.487,218.53,107.28,33.19,13.889,-2.845
21.877,-6.3939,-20.929,5.2043,22.707,-7.9932,51.227,224.86,111.3,35.195,13.125,-2.5871
22.047,-6.982,-21.781,5.6281,23.532,-8.3475,52.878,231.3,115.38,36.967,11.918,-2.4
22.443,-6.6497,-22.68,5.5385,24.462,-8.2904,54.438,237.87,119.55,38.55,10.321,-2.2591
23.178,-5.443,-23.823,4.9132,25.675,-7.8409,55.926,244.55,123.8,40.001,8.4271,-2.129
24.288,-3.6266,-25.39,3.8609,27.293,-7.1004,57.364,251.34,128.11,41.368,6.3426,-1.9725
25.757,-1.6066,-27.371,2.5863,29.313,-6.2635,58.766,258.24,132.39,42.693,4.1772,-1.7556
27.565,0.18763,-29.576,1.3157,31.591,-5.5969,60.122,265.22,136.53,44.012,2.0309,-1.4508
29.733,1.4205,-31.843,0.22471,33.933,-5.367,61.398,272.28,140.45,45.363,-0.014561,-1.0405
32.301,1.9128,-34.183,-0.61184,36.239,-5.7646,62.559,279.39,144.14,46.788,-1.8971,-0.51887
35.232,1.6452,-36.746,-1.2277,38.572,-6.8991,63.591,286.49,147.64,48.343,-3.5674,0.11351
38.404,0.74835,-39.746,-1.7303,41.13,-8.8427,64.513,293.5,151.04,50.084,-4.9789,0.85812
41.764,-0.5176,-43.402,-2.2613,44.156,-11.638,65.359,300.37,154.38,52.015,-6.0876,1.7208
45.409,-1.8313,-47.869,-2.9956,47.823,-15.199,66.171,307.05,157.68,54.048,-6.8637,2.7043
49.461,-2.9112,-53.088,-4.1461,52.135,-19.195,66.973,313.55,160.87,56.055,-7.3076,3.7987
53.926,-3.5848,-58.705,-5.9002,56.91,-23.161,67.773,319.88,163.9,57.964,-7.4612,4.9832
58.651,-3.8123,-64.246,-8.2797,61.864,-26.781,68.56,326.01,166.72,59.796,-7.4082,6.2393
63.393,-3.7079,-69.421,-11.059,66.726,-30.006,69.317,331.87,169.33,61.618,-7.2564,7.5622
67.911,-3.5228,-74.231,-13.881,71.317,-32.966,70.021,337.31,171.74,63.483,-7.1086,8.9592
72.034,-3.5322,-78.851,-16.479,75.597,-35.822,70.648,342.23,173.97,65.377,-7.0393,10.433
75.706,-3.9112,-83.478,-18.758,79.637,-38.635,71.177,346.55,176.04,67.218,-7.0907,11.959
79.017,-4.6836,-88.217,-20.745,83.572,-41.373,71.586,350.28,177.93,68.894,-7.2858,13.478
82.197,-5.7288,-93.002,-22.489,87.536,-44.004,71.863,353.44,179.61,70.294,-7.6365,14.906
85.537,-6.8201,-97.589,-24.035,91.604,-46.533,72.005,356.06,180.97,71.317,-8.1345,16.179
89.196,-7.6881,-101.69,-25.414,95.742,-48.879,72.022,358.1,181.91,71.906,-8.7339,17.281
93.046,-8.0963,-105.15,-26.671,99.769,-50.843,71.936,359.55,182.31,72.066,-9.3465,18.246
96.763,-7.9017,-107.92,-27.891,103.42,-52.269,71.776,360.41,182.12,71.866,-9.8584,19.141
100.09,-7.0943,-110.03,-29.162,106.5,-53.135,71.566,360.72,181.29,71.405,-10.162,20.044
102.92,-5.8161,-111.54,-30.511,108.95,-53.529,71.321,360.55,179.85,70.771,-10.188,21.031
105.31,-4.333,-112.62,-31.885,110.91,-53.631,71.034,359.99,177.95,70.017,-9.9234,22.184
107.35,-2.9454,-113.53,-33.194,112.58,-53.669,70.671,359.07,175.76,69.139,-9.4129,23.578
109.15,-1.8894,-114.59,-34.36,114.16,-53.854,70.148,357.81,173.46,68.073,-8.7386,25.283
110.84,-1.2871,-116.02,-35.359,115.75,-54.313,69.321,356.21,171.09,66.711,-7.9932,27.328
112.52,-1.1431,-117.87,-36.223,117.38,-55.065,68.011,354.23,168.62,64.968,-7.2582,29.678
114.28,-1.3594,-120.06,-36.994,119.06,-56.04,66.1,351.85,166.0,62.856,-6.5979,32.23
116.17,-1.7657,-122.41,-37.716,120.74,-57.129,63.636,349.02,163.22,60.515,-6.0593,34.883
118.2,-2.1729,-124.77,-38.439,122.47,-58.281,60.817,345.66,160.33,58.176,-5.6613,37.581
120.34,-2.43,-126.99,-39.213,124.27,-59.498,57.86,341.72,157.42,56.034,-5.3765,40.318
122.6,-2.4639,-129.04,-40.058,126.22,-60.783,54.876,337.16,154.56,54.16,-5.1311,43.087
124.98,-2.2949,-130.98,-40.948,128.42,-62.141,51.863,331.96,151.8,52.524,-4.826,45.84
127.45,-2.0354,-133.03,-41.813,130.94,-63.621,48.775,326.1,149.13,51.064,-4.3696,48.499
129.94,-1.8612,-135.46,-42.555,133.8,-65.314,45.57,319.52,146.5,49.743,-3.7047,51.0
132.29,-1.9535,-138.42,-43.072,136.89,-67.287,42.225,312.15,143.87,48.569,-2.8213,53.318
134.31,-2.4379,-141.83,-43.287,140.01,-69.499,38.7,303.97,141.16,47.562,-1.7533,55.463
135.83,-3.3505,-145.36,-43.171,142.91,-71.791,34.921,295.14,138.35,46.725,-0.56901,57.468
136.78,-4.6355,-148.69,-42.748,145.36,-74.012,30.843,285.93,135.38,46.05,0.63769,59.378
137.16,-6.1711,-151.63,-42.083,147.24,-76.127,26.544,276.61,132.21,45.532,1.7593,61.237
137.05,-7.8182,-154.06,-41.256,148.5,-78.204,22.219,267.25,128.84,45.163,2.6924,63.068
136.6,-9.4658,-155.9,-40.345,149.16,-80.314,18.077,257.73,125.29,44.917,3.3569,64.862
135.93,-11.035,-157.04,-39.414,149.29,-82.365,14.302,247.9,121.64,44.751,3.7108,66.583
135.18,-12.435,-157.32,-38.521,148.95,-83.948,11.034,237.64,117.94,44.614,3.7549,68.178
134.44,-13.529,-156.72,-37.74,148.21,-84.613,8.3197,226.9,114.21,44.456,3.5284,69.601
133.75,-14.145,-155.53,-37.175,147.07,-84.405,6.0738,215.74,110.43,44.238,3.0976,70.82
133.04,-14.107,-154.05,-36.93,145.57,-83.596,4.1274,204.28,106.57,43.939,2.5435,71.833
132.1,-13.288,-152.2,-37.047,143.67,-82.125,2.2969,192.74,102.64,43.557,1.9512,72.659
130.68,-11.665,-149.58,-37.462,141.33,-79.69,0.40594,181.32,98.681,43.107,1.4036,73.323
128.6,-9.3326,-145.68,-38.041,138.39,-76.058,-1.7325,170.15,94.721,42.61,0.97897,73.845
126.01,-6.4958,-140.23,-38.639,134.8,-71.204,-4.2929,159.21,90.786,42.095,0.7498,74.228
123.14,-3.4601,-133.41,-39.132,130.6,-65.353,-7.3195,148.43,86.849,41.585,0.78085,74.479
120.02,-0.592,-125.68,-39.399,125.84,-58.978,-10.655,137.71,82.856,41.098,1.1263,74.615
116.51,1.7666,-117.58,-39.316,120.61,-52.7,-14.077,126.99,78.781,40.63,1.8284,74.656
112.49,3.3823,-109.72,-38.772,115.02,-47.11,-17.464,116.29,74.667,40.152,2.9205,74.611
107.99,4.1648,-102.68,-37.701,109.21,-42.593,-20.774,105.7,70.579,39.601,4.4286,74.476
103.11,4.1585,-96.84,-36.11,103.38,-39.256,-23.934,95.374,66.529,38.917,6.3607,74.234
97.963,3.5158,-92.123,-34.098,97.667,-36.936,-26.792,85.434,62.455,38.077,8.679,73.872
92.662,2.4617,-88.11,-31.843,92.096,-35.207,-29.219,75.89,58.263,37.087,11.286,73.372
87.361,1.2539,-84.282,-29.567,86.677,-33.431,-31.223,66.627,53.898,35.943,14.072,72.711
82.348,0.15268,-80.186,-27.474,81.504,-30.919,-32.893,57.45,49.388,34.612,16.986,71.845
77.974,-0.59666,-75.605,-25.712,76.788,-27.265,-34.296,48.232,44.813,33.057,20.07,70.727
74.423,-0.81228,-70.83,-24.356,72.701,-23.025,-35.437,39.112,40.255,31.277,23.399,69.338
71.548,-0.448,-66.388,-23.393,69.211,-19.47,-36.277,30.534,35.753,29.319,27.0,67.707
68.957,0.40738,-62.429,-22.725,66.1,-16.941,-36.778,22.997,31.297,27.221,30.799,65.907
66.238,1.6307,-58.669,-22.224,63.047,-14.955,-36.948,16.722,26.866,24.96,34.621,64.014
63.176,3.1551,-54.643,-21.826,59.736,-13.033,-36.855,11.584,22.481,22.462,38.223,62.063
59.823,4.961,-49.958,-21.57,56.01,-10.894,-36.586,7.2997,18.22,19.704,41.349,60.053
56.384,7.0078,-44.46,-21.513,51.95,-8.4356,-36.198,3.6001,14.21,16.804,43.794,57.968
53.041,9.2049,-38.276,-21.65,47.757,-5.699,-35.713,0.28698,10.573,13.974,45.45,55.808
49.897,11.466,-31.788,-21.908,43.594,-2.8287,-35.14,-2.7758,7.3819,11.384,46.302,53.584
47.009,13.809,-25.529,-22.164,39.547,-0.0037337,-34.488,-5.69,4.6219,9.083,46.41,51.312
44.393,16.332,-19.994,-22.255,35.703,2.6166,-33.786,-8.5448,2.2149,7.0157,45.877,48.993
42.021,18.96,-15.458,-22.007,32.228,4.9019,-33.094,-11.416,0.073922,5.0845,44.825,46.61
39.868,21.304,-11.936,-21.318,29.361,6.7457,-32.474,-14.344,-1.8593,3.1967,43.376,44.137
37.955,22.972,-9.2611,-20.184,27.208,8.0784,-31.938,-17.312,-3.6068,1.3031,41.62,41.535
36.224,23.789,-7.1813,-18.64,25.497,8.8852,-31.434,-20.244,-5.1661,-0.57523,39.609,38.771
34.412,23.763,-5.4955,-16.719,23.627,9.2076,-30.895,-23.03,-6.5289,-2.351,37.351,35.871
32.147,22.962,-4.1316,-14.48,21.076,9.1265,-30.303,-25.569,-7.6983,-3.9267,34.84,32.992
29.207,21.464,-3.0616,-11.999,17.782,8.7428,-29.716,-27.785,-8.6944,-5.2712,32.092,30.376
25.694,19.372,-2.2048,-9.3397,14.174,8.1703,-29.227,-29.64,-9.5465,-6.4242,29.192,28.188
21.986,16.877,-1.4645,-6.5625,10.825,7.535,-28.895,-31.124,-10.279,-7.4402,26.278,26.431
18.468,14.245,-0.78712,-3.7716,8.0703,6.9541,-28.698,-32.254,-10.904,-8.3477,23.494,25.017
15.309,11.759,-0.16874,-1.1447,5.9437,6.5072,-28.522,-33.06,-11.422,-9.1499,20.932,23.847
12.485,9.7166,0.36924,1.0609,4.3623,6.2367,-28.206,-33.581,-11.83,-9.8392,18.628,22.848
9.931,8.4434,0.80731,2.561,3.2536,6.1625,-27.605,-33.857,-12.131,-10.407,16.577,21.971
7.7103,8.1216,1.1451,3.1952,2.5646,6.2773,-26.66,-33.926,-12.34,-10.849,14.761,21.176
6.0526,8.5632,1.4055,3.0513,2.2176,6.5351,-25.414,-33.82,-12.489,-11.167,13.157,20.424
5.1227,9.3423,1.6279,2.4239,2.0875,6.8591,-23.978,-33.562,-12.613,-11.381,11.749,19.671
4.7551,10.071,1.8531,1.7012,2.0241,7.16,-22.473,-33.164,-12.741,-11.521,10.52,18.873
4.5527,10.442,2.1103,1.274,1.8867,7.3491,-20.982,-32.623,-12.879,-11.623,9.4506,17.989
4.119,10.215,2.4108,1.4256,1.5634,7.3495,-19.533,-31.922,-13.007,-11.713,8.5228,16.997
3.1796,9.2505,2.7511,2.2751,0.98558,7.1158,-18.102,-31.046,-13.084,-11.797,7.7156,15.907
1.6543,7.5281,3.121,3.787,0.14607,6.6531,-16.631,-29.981,-13.063,-11.856,7.0075,14.774
-0.33045,5.1934,3.5114,5.7795,-0.89364,6.0264,-15.053,-28.725,-12.907,-11.867,6.3775,13.674
-2.4973,2.5798,3.9171,7.9522,-2.0191,5.3501,-13.312,-27.294,-12.609,-11.816,5.8104,12.669
-4.5139,0.14673,4.336,9.9529,-3.0938,4.7619,-11.405,-25.722,-12.19,-11.709,5.3051,11.766
-6.079,-1.6368,4.7662,11.457,-3.9943,4.3872,-9.449,-24.059,-11.691,-11.559,4.8802,10.923
-6.9852,-2.4251,5.2044,12.234,-4.64,4.3085,-7.6728,-22.359,-11.158,-11.379,4.5745,10.072
-7.1611,-2.1174,5.6452,12.192,-5.0121,4.5473,-6.2709,-20.666,-10.621,-11.173,4.4382,9.148
-6.6748,-0.89621,6.0823,11.401,-5.155,5.0663,-5.2853,-19.011,-10.089,-10.941,4.5166,8.1327
-5.7164,0.86384,6.5117,10.071,-5.1563,5.7858,-4.6389,-17.406,-9.5441,-10.673,4.8327,7.0638
-4.5638,2.7595,6.9329,8.4875,-5.1133,6.6062,-4.2172,-15.844,-8.9552,-10.355,5.3782,6.0272
-3.4914,4.4995,7.3482,6.9328,-5.101,7.4316,-3.9172,-14.31,-8.2895,-9.9672,6.113,5.1155
-2.6868,5.9483,7.7578,5.6294,-5.1543,8.1881,-3.6678,-12.785,-7.5303,-9.4897,6.9741,4.377
-2.2274,7.0722,8.1559,4.7036,-5.2691,8.8328,-3.4299,-11.255,-6.6869,-8.9085,7.8842,3.8013
-2.0873,7.8836,8.5272,4.1651,-5.4157,9.3493,-3.1883,-9.7226,-5.7925,-8.2233,8.7644,3.3274
-2.1737,8.4232,8.8465,3.9275,-5.5584,9.7357,-2.9389,-8.2012,-4.8911,-7.4518,9.543,2.8774
-2.3794,8.7366,9.0794,3.8802,-5.6691,9.989,-2.6806,-6.7154,-4.0193,-6.6228,10.162,2.3943
-2.611,8.8404,9.186,3.9337,-5.7305,10.092,-2.4117,-5.2931,-3.1896,-5.7696,10.582,1.8652
-2.7928,8.7157,9.1275,4.0248,-5.7315,10.009,-2.1302,-3.9591,-2.3834,-4.9175,10.78,1.3204
-2.8837,8.3223,8.8768,4.133,-5.6629,9.6959,-1.8348,-2.7265,-1.5597,-4.0734,10.747,0.80786
-2.8929,7.6181,8.4271,4.289,-5.5165,9.1242,-1.5234,-1.5914,-0.67882,-3.2223,10.48,0.36253
-2.8674,6.5912,7.7943,4.5495,-5.2865,8.306,-1.1929,-0.53211,0.27622,-2.3367,9.9797,-0.0094924
-2.8643,5.2761,7.0159,4.9632,-4.9738,7.2946,-0.83827,0.48321,1.2911,-1.394,9.252,-0.33447
-2.9314,3.7445,6.1501,5.5505,-4.5945,6.1704,-0.45487,1.4855,2.3289,-0.38969,8.316,-0.65662
-3.0988,2.0955,5.2725,6.2948,-4.1866,5.0272,-0.040407,2.4949,3.3467,0.65064,7.21,-1.0162
-3.3706,0.4577,4.464,7.1387,-3.8024,3.9605,0.40355,3.5163,4.311,1.6777,5.9879,-1.435
-3.7122,-1.0134,3.79,7.9832,-3.4854,3.0541,0.87208,4.5422,5.2058,2.6295,4.712,-1.9073
-4.044,-2.154,3.2841,8.6993,-3.2465,2.3685,1.3594,5.5592,6.0335,3.4553,3.4487,-2.4009
-4.253,-2.8235,2.9432,9.1499,-3.0553,1.9349,1.8614,6.552,6.8079,4.1399,2.2669,-2.8699
-4.2209,-2.9373,2.733,9.2177,-2.8508,1.7543,2.3745,7.5007,7.5418,4.7121,1.2341,-3.2703
-3.855,-2.4803,2.6014,8.83,-2.5678,1.8034,2.8884,8.3773,8.2325,5.225,0.40771,-3.5794
-3.1206,-1.5018,2.4958,7.979,-2.1681,2.0406,3.3815,9.1464,8.8517,5.7181,-0.18026,-3.8031
-2.073,-0.11036,2.3841,6.7414,-1.6616,2.4156,3.8197,9.7739,9.3555,6.1873,-0.54036,-3.9727
-0.86483,1.5215,2.2705,5.2838,-1.1098,2.8775,4.1663,10.239,9.7082,6.5801,-0.733,-4.1285
0.28298,3.162,2.1986,3.8435,-0.61366,3.3798,4.3934,10.546,9.9067,6.8193,-0.85373,-4.3053
1.1343,4.5466,2.2315,2.6808,-0.28757,3.8778,4.4901,10.72,9.988,6.8425,-1.0049,-4.52
1.4964,5.4321,2.4167,2.0149,-0.22597,4.3216,4.4624,10.804,10.014,6.643,-1.2682,-4.7703
1.2687,5.6589,2.7525,1.9687,-0.46985,4.6513,4.3311,10.835,10.044,6.2778,-1.6928,-5.0401
0.46522,5.1741,3.1763,2.5541,-0.98727,4.7999,4.1238,10.839,10.113,5.847,-2.296,-5.3083
-0.79091,4.0172,3.5796,3.6894,-1.6784,4.7074,3.8698,10.823,10.217,5.4519,-3.0564,-5.5574
-2.2983,2.3069,3.8457,5.2145,-2.4053,4.343,3.5947,10.778,10.332,5.1553,-3.9004,-5.7795
-3.8223,0.24494,3.8927,6.9063,-3.0338,3.7277,3.3196,10.686,10.428,4.9648,-4.6996,-5.9759
-5.1408,-1.888,3.7044,8.5124,-3.4691,2.9426,3.0591,10.537,10.491,4.8386,-5.2929,-6.1534
-6.0772,-3.7682,3.3343,9.7925,-3.6697,2.1156,2.8195,10.329,10.52,4.7131,-5.525,-6.3145
-6.5208,-5.0946,2.8791,10.554,-3.6413,1.3892,2.5998,10.069,10.521,4.5384,-5.2808,-6.4533
-6.4336,-5.6635,2.436,10.686,-3.4192,0.88171,2.4004,9.7728,10.492,4.3075,-4.5042,-6.5594
-5.8484,-5.4241,2.0646,10.179,-3.0464,0.65429,2.231,9.4582,10.424,4.0494,-3.1987,-6.6185
-4.863,-4.4906,1.7705,9.1301,-2.5571,0.69842,2.1126,9.142,10.312,3.8118,-1.4189,-6.6151
-3.6215,-3.0991,1.5144,7.713,-1.9719,0.94286,2.0697,8.8354,10.162,3.6446,0.7371,-6.5362
-2.2804,-1.536,1.2395,6.1467,-1.3072,1.2804,2.1181,8.5446,9.993,3.5856,3.139,-6.3761
-0.98291,-0.07684,0.90255,4.661,-0.59229,1.6012,2.2552,8.2733,9.8289,3.6466,5.643,-6.1401
0.15313,1.0513,0.49455,3.4533,0.12021,1.8186,2.4588,8.0277,9.6881,3.8064,8.1135,-5.8413
1.0361,1.7048,0.043904,2.6467,0.75901,1.8811,2.6907,7.8157,9.5821,4.0176,10.436,-5.4996
1.6018,1.8456,-0.39713,2.279,1.2519,1.7735,2.9073,7.6429,9.5126,4.2245,12.519,-5.1377
1.8219,1.5229,-0.77442,2.3241,1.549,1.5159,3.0705,7.5081,9.4677,4.3815,14.294,-4.7791
1.7173,0.84183,-1.0518,2.7029,1.6406,1.1542,3.1572,7.3985,9.4205,4.4638,15.711,-4.4443
1.3645,-0.049612,-1.2209,3.2844,1.5603,0.74987,3.1649,7.2916,9.3328,4.4702,16.737,-4.1476
0.88366,-0.96526,-1.2963,3.9071,1.3736,0.36955,3.1117,7.16,9.1668,4.4156,17.347,-3.8949
0.41224,-1.7023,-1.3022,4.4147,1.1545,0.078676,3.0291,6.9802,8.8979,4.3189,17.514,-3.685
0.07033,-2.0845,-1.2541,4.6817,0.96223,-0.066222,2.9516,6.7405,8.5218,4.1878,17.21,-3.5141
-0.072584,-2.0124,-1.1488,4.6356,0.82277,-0.026992,2.9044,6.4446,8.0493,4.0094,16.415,-3.3825
-0.017876,-1.4944,-0.96595,4.2781,0.72221,0.20729,2.8967,6.1105,7.4969,3.7495,15.14,-3.2988
0.16432,-0.64736,-0.68166,3.6934,0.61349,0.61134,2.9189,5.7619,6.8772,3.3677,13.429,-3.2783
0.36003,0.33043,-0.28683,3.0304,0.43573,1.1205,2.9497,5.4215,6.1977,2.8408,11.351,-3.3374
0.44697,1.2048,0.19897,2.4643,0.13898,1.6379,2.967,5.1048,5.4663,2.181,8.9903,-3.4827
0.32695,1.7611,0.7271,2.1532,-0.29634,2.0568,2.9583,4.8171,4.6991,1.4355,6.4469,-3.7033
-0.052803,1.8561,1.2347,2.2019,-0.85198,2.2919,2.9257,4.5563,3.9233,0.66992,3.8235,-3.9701
-0.6913,1.4462,1.668,2.6414,-1.4775,2.3057,2.882,4.315,3.173,-0.053976,1.2132,-4.245
-1.5388,0.58694,2.0034,3.4275,-2.1097,2.1215,2.8442,4.0878,2.4783,-0.69519,-1.3129,-4.4948
-2.5165,-0.58697,2.2577,4.4551,-2.7007,1.8167,2.8247,3.8692,1.8551,-1.2409,-3.7096,-4.7033
-3.5414,-1.8882,2.4838,5.5828,-3.2366,1.5005,2.827,3.6565,1.3013,-1.7052,-5.9522,-4.8774
-4.5405,-3.1041,2.7496,6.6571,-3.7329,1.2825,2.8456,3.4504,0.79962,-2.1192,-8.027,-5.0418
-5.4457,-4.0246,3.1097,7.5335,-4.2112,1.2443,2.8686,3.2563,0.32661,-2.5143,-9.9201,-5.2241
-6.1828,-4.4785,3.5804,8.0924,-4.6707,1.422,2.8831,3.0836,-0.13648,-2.9043,-11.607,-5.4364
-6.6688,-4.3774,4.1286,8.2519,-5.0738,1.8006,2.8796,2.9449,-0.59555,-3.2788,-13.049,-5.6646
-6.8257,-3.7394,4.678,7.9809,-5.3533,2.3225,2.8553,2.852,-1.0419,-3.608,-14.197,-5.8713
-6.5997,-2.6651,5.1309,7.302,-5.4334,2.9071,2.8148,2.8111,-1.458,-3.8636,-15.007,-6.0116
-5.9779,-1.2877,5.397,6.2822,-5.2562,3.4719,2.7691,2.8195,-1.8279,-4.0351,-15.458,-6.0536
-4.9981,0.25861,5.4175,5.0178,-4.8027,3.9468,2.7329,2.8679,-2.1403,-4.1356,-15.562,-5.9946
-3.7521,1.8377,5.1776,3.6259,-4.1032,4.2771,2.7222,2.9441,-2.3895,-4.1946,-15.362,-5.8633
-2.3779,3.2966,4.7032,2.239,-3.2313,4.4221,2.751,3.0406,-2.5729,-4.2449,-14.927,-5.7085
-1.0373,4.4664,4.0451,0.99466,-2.2838,4.3537,2.8286,3.1549,-2.6895,-4.3074,-14.34,-5.5779
0.11404,5.1836,3.2581,0.020417,-1.3588,4.0558,2.9574,3.2862,-2.742,-4.3827,-13.691,-5.4978
0.95467,5.3198,2.3838,-0.58172,-0.53653,3.5204,3.1303,3.4318,-2.7412,-4.4506,-13.066,-5.4638
1.4145,4.8077,1.4437,-0.74777,0.13183,2.7415,3.33,3.5813,-2.7078,-4.4863,-12.54,-5.4464
1.481,3.655,0.44537,-0.45971,0.62987,1.716,3.5301,3.7151,-2.6717,-4.4693,-12.165,-5.4081
1.1939,1.9384,-0.60275,0.25233,0.97281,0.45567,3.7009,3.8084,-2.6689,-4.3981,-11.971,-5.3255
0.63065,-0.21703,-1.6782,1.3153,1.1946,-0.99625,3.8169,3.8382,-2.732,-4.2957,-11.964,-5.2029
-0.11599,-2.6569,-2.7391,2.6256,1.3285,-2.5561,3.8645,3.7948,-2.8782,-4.2018,-12.129,-5.0726
-0.96167,-5.196,-3.7233,4.0647,1.3902,-4.1054,3.8427,3.6884,-3.1004,-4.1551,-12.432,-4.983
-1.8467,-7.6097,-4.5495,5.5109,1.3713,-5.5067,3.7565,3.553,-3.3698,-4.1713,-12.817,-4.9766
-2.7376,-9.646,-5.128,6.846,1.245,-6.6247,3.6105,3.4351,-3.648,-4.2331,-13.216,-5.0736
-3.6147,-11.073,-5.3805,7.9619,0.97765,-7.3482,3.4046,3.3728,-3.903,-4.2966,-13.552,-5.2625
-4.4566,-11.752,-5.2618,8.7725,0.54344,-7.6082,3.1369,3.3772,-4.1223,-4.3134,-13.758,-5.5096
-5.2294,-11.683,-4.7779,9.2308,-0.056136,-7.3873,2.8067,3.425,-4.3173,-4.2534,-13.78,-5.7736
-5.8864,-10.996,-3.9946,9.3393,-0.7779,-6.7312,2.4181,3.4681,-4.516,-4.1199,-13.581,-6.0266
-6.3749,-9.8998,-3.0331,9.1481,-1.5378,-5.7639,1.984,3.4532,-4.7451,-3.9489,-13.139,-6.2599
-6.6472,-8.6243,-2.0514,8.7402,-2.2282,-4.6846,1.5299,3.345,-5.0115,-3.7889,-12.436,-6.4787
-6.6733,-7.3885,-1.2147,8.2084,-2.7429,-3.7163,1.0949,3.1403,-5.2913,-3.6795,-11.459,-6.6893
-6.4486,-6.3698,-0.65795,7.6336,-3.0015,-3.0254,0.725,2.8675,-5.5414,-3.6368,-10.197,-6.8867
-5.996,-5.6739,-0.44883,7.071,-2.9677,-2.6741,0.46016,2.5731,-5.7215,-3.6513,-8.6429,-7.0533
-5.3621,-5.3135,-0.57114,6.5439,-2.6581,-2.6244,0.3215,2.2991,-5.8181,-3.6988,-6.7982,-7.164
-4.6091,-5.2089,-0.93606,6.0461,-2.1385,-2.7688,0.30443,2.0688,-5.8528,-3.757,-4.682,-7.1986
-3.805,-5.2148,-1.4108,5.5494,-1.5071,-2.9693,0.38251,1.8831,-5.8715,-3.82,-2.3407,-7.1517
-3.0119,-5.1643,-1.8539,5.0177,-0.86826,-3.0928,0.51891,1.7262,-5.9219,-3.9029,0.1482,-7.0353
-2.2769,-4.916,-2.151,4.4222,-0.30701,-3.039,0.6794,1.5784,-6.029,-4.0273,2.6833,-6.8726
-1.6289,-4.3913,-2.2417,3.7554,0.12841,-2.7596,0.84191,1.4295,-6.1823,-4.2123,5.1502,-6.6871
-1.0823,-3.5933,-2.1296,3.0387,0.42786,-2.2692,1.0008,1.2883,-6.3379,-4.4606,7.4317,-6.4908
-0.64519,-2.6091,-1.8703,2.3215,0.60657,-1.6381,1.1644,1.1829,-6.4366,-4.7549,9.417,-6.2786
-0.32524,-1.5892,-1.5436,1.6711,0.6869,-0.96949,1.3442,1.1484,-6.4296,-5.0629,11.013,-6.0362
-0.12854,-0.70296,-1.2246,1.1544,0.6886,-0.36925,1.5407,1.2063,-6.3036,-5.3503,12.157,-5.754
-0.053364,-0.08395,-0.96526,0.81666,0.63139,0.082484,1.7345,1.3458,-6.0899,-5.5955,12.821,-5.4438
-0.083462,0.2095,-0.78969,0.66491,0.53935,0.34888,1.8899,1.5241,-5.8539,-5.7979,13.013,-5.1414
-0.18316,0.20208,-0.69772,0.66189,0.44091,0.44074,1.9676,1.6841,-5.6678,-5.9754,12.764,-4.8974
-0.29491,-0.016299,-0.67503,0.73247,0.36937,0.40624,1.9405,1.7803,-5.5812,-6.1503,12.133,-4.756
-0.34372,-0.3201,-0.70584,0.78047,0.36238,0.30927,1.8046,1.7974,-5.6022,-6.3329,11.197,-4.7378
-0.25741,-0.57837,-0.77453,0.71436,0.44917,0.20897,1.5831,1.7551,-5.6982,-6.5074,10.045,-4.8281
-0.0012096,-0.68043,-0.85554,0.47855,0.63001,0.15164,1.3198,1.6974,-5.8139,-6.6404,8.7536,-4.9824
0.39422,-0.55934,-0.90701,0.079043,0.86621,0.17225,1.0635,1.6718,-5.8986,-6.7017,7.3835,-5.1454
0.83212,-0.21006,-0.8733,-0.41398,1.0857,0.29828,0.85082,1.7074,-5.9279,-6.6855,5.9734,-5.2736
1.1766,0.31453,-0.69249,-0.89242,1.198,0.55193,0.69545,1.804,-5.9095,-6.6183,4.5465,-5.3522
1.2927,0.93317,-0.31058,-1.2486,1.116,0.94764,0.5859,1.937,-5.8721,-6.5479,3.1124,-5.3962
1.0861,1.5684,0.29854,-1.4041,0.78068,1.4845,0.49269,2.0726,-5.8454,-6.5232,1.6689,-5.4377
0.52951,2.1614,1.1163,-1.3248,0.18323,2.1374,0.38306,2.183,-5.8442,-6.5732,0.20751,-5.5055
-0.3277,2.6721,2.0753,-1.026,-0.62673,2.854,0.23836,2.2553,-5.8631,-6.6964,-1.2768,-5.608
-1.3714,3.0718,3.0704,-0.56712,-1.5511,3.5593,0.065502,2.2935,-5.88,-6.8614,-2.7759,-5.7268
-2.4509,3.3339,3.9818,-0.033558,-2.4688,4.1671,-0.1032,2.3141,-5.8683,-7.0208,-4.2635,-5.8231
-3.4157,3.4262,4.7004,0.49163,-3.2653,4.5951,-0.22167,2.3385,-5.8095,-7.131,-5.6976,-5.8527
-4.1526,3.3082,5.1476,0.9571,-3.8572,4.7771,-0.24896,2.3824,-5.7025,-7.1697,-7.03,-5.7849
-4.6148,2.9364,5.2846,1.3614,-4.2089,4.669,-0.16757,2.4484,-5.5638,-7.1413,-8.2203,-5.6163
-4.8352,2.2742,5.1104,1.75,-4.3368,4.2504,0.0086512,2.5252,-5.4209,-7.0698,-9.2489,-5.3724
-4.913,1.3025,4.6575,2.1923,-4.3,3.5272,0.24178,2.5952,-5.2992,-6.9831,-10.123,-5.0967
-4.9796,0.031328,3.9882,2.7513,-4.1753,2.5366,0.48624,2.6459,-5.2118,-6.9018,-10.87,-4.8322
-5.1552,-1.4897,3.1909,3.4648,-4.0328,1.3523,0.70554,2.6777,-5.154,-6.8351,-11.516,-4.607
-5.516,-3.166,2.3715,4.3368,-3.9246,0.082251,0.88434,2.7027,-5.108,-6.7837,-12.067,-4.4297
-6.0824,-4.8655,1.6394,5.3352,-3.8887,-1.1442,1.0333,2.7367,-5.0528,-6.7423,-12.509,-4.2939
-6.8257,-6.4402,1.087,6.3941,-3.9534,-2.1997,1.184,2.7893,-4.9755,-6.7041,-12.816,-4.1874
-7.6815,-7.756,0.77083,7.4253,-4.1325,-2.9838,1.3735,2.8584,-4.8786,-6.6683,-12.977,-4.0984
-8.5646,-8.7206,0.70072,8.3364,-4.4151,-3.4426,1.6257,2.9313,-4.7782,-6.6437,-12.987,-4.0179
-9.3822,-9.2984,0.83906,9.0486,-4.7615,-3.5799,1.9418,2.9942,-4.6935,-6.6428,-12.836,-3.9374
-10.044,-9.5097,1.1083,9.5084,-5.1077,-3.4573,2.3054,3.0415,-4.6336,-6.6722,-12.487,-3.8474
-10.473,-9.415,1.4082,9.6929,-5.3786,-3.176,2.6944,3.0803,-4.5909,-6.7262,-11.885,-3.7377
-10.615,-9.0897,1.6401,9.6084,-5.5063,-2.8448,3.0878,3.1236,-4.5452,-6.7894,-10.966,-3.5994
-10.448,-8.5997,1.7337,9.2852,-5.4492,-2.5461,3.4639,3.1803,-4.4753,-6.8447,-9.6928,-3.4271
-9.9888,-7.9909,1.6647,8.7684,-5.2029,-2.3165,3.7961,3.2462,-4.3698,-6.8826,-8.0663,-3.2216
-9.2899,-7.2921,1.4566,8.1092,-4.7982,-2.1473,4.0551,3.3038,-4.2332,-6.9051,-6.1366,-2.9926
-8.4304,-6.5222,1.1647,7.3579,-4.2871,-2.0025,4.2167,3.3298,-4.082,-6.9205,-3.9963,-2.7556
-7.5001,-5.6971,0.85001,6.5617,-3.7259,-1.8453,4.2706,3.3058,-3.9348,-6.9313,-1.7678,-2.5245
-6.583,-4.8419,0.55576,5.7652,-3.1621,-1.6616,4.223,3.2263,-3.8009,-6.9246,0.41454,-2.3048
-5.745,-4.0055,0.29484,5.014,-2.6294,-1.4669,4.0935,3.1019,-3.6749,-6.8713,2.4229,-2.0919
-5.0276,-3.2672,0.049298,4.3571,-2.1465,-1.3017,3.9077,2.954,-3.542,-6.7369,4.1516,-1.8777
-4.4503,-2.7266,-0.21863,3.8459,-1.7178,-1.2215,3.6905,2.8049,-3.3902,-6.4986,5.5289,-1.6586
-4.0166,-2.4778,-0.54823,3.5281,-1.3353,-1.2836,3.46,2.6692,-3.2217,-6.1596,6.5215,-1.442
-3.7216,-2.5812,-0.96294,3.4388,-0.98589,-1.5289,3.2257,2.5503,-3.0544,-5.753,7.1321,-1.2484
-3.5583,-3.0462,-1.4602,3.5911,-0.66175,-1.965,2.9898,2.4439,-2.9124,-5.3314,7.3914,-1.106
-3.5208,-3.8306,-2.0092,3.9709,-0.36819,-2.5584,2.7528,2.3443,-2.8113,-4.9457,7.3473,-1.0414
-3.6017,-4.8532,-2.5531,4.5346,-0.12416,-3.2387,2.5197,2.251,-2.7469,-4.6262,7.0542,-1.0678
-3.788,-5.9999,-3.0169,5.2108,0.044277,-3.9068,2.3013,2.1708,-2.6941,-4.3739,6.5644,-1.1783
-4.0563,-7.1178,-3.3212,5.9032,0.11324,-4.4475,2.1123,2.1151,-2.6165,-4.167,5.9222,-1.3482
-4.3695,-8.0104,-3.4008,6.4973,0.068775,-4.7474,1.9653,2.0943,-2.4819,-3.9767,5.1628,-1.5465
-4.6759,-8.4661,-3.2213,6.8744,-0.089128,-4.7204,1.8661,2.1101,-2.2768,-3.7823,4.3118,-1.7484
-4.9122,-8.3124,-2.7843,6.9371,-0.34563,-4.3246,1.8098,2.1524,-2.0135,-3.5806,3.3857,-1.9445
-5.0104,-7.4599,-2.1225,6.6362,-0.67143,-3.5637,1.7797,2.2059,-1.7269,-3.3874,2.393,-2.1413
-4.9091,-5.9048,-1.2921,5.972,-1.0243,-2.4772,1.7533,2.2528,-1.4624,-3.2313,1.3379,-2.3535
-4.5675,-3.7179,-0.3675,4.9715,-1.3529,-1.1365,1.711,2.2842,-1.2605,-3.1424,0.22637,-2.5929
-3.9819,-1.0742,0.56321,3.6902,-1.6056,0.34405,1.6468,2.3036,-1.143,-3.1375,-0.92737,-2.8595
-3.2007,1.7114,1.4055,2.2521,-1.7406,1.8002,1.5723,2.3238,-1.1061,-3.2076,-2.0989,-3.141
-2.3258,4.2158,2.0694,0.8607,-1.7369,3.0409,1.513,2.3596,-1.123,-3.3172,-3.2565,-3.4188
-1.4959,6.0291,2.4786,-0.24945,-1.599,3.8918,1.4977,2.4188,-1.157,-3.4183,-4.3688,-3.6761
-0.85752,6.8813,2.5785,-0.88368,-1.3552,4.2321,1.5451,2.4973,-1.1782,-3.4712,-5.4136,-3.9041
-0.53316,6.6803,2.3489,-0.93055,-1.0502,4.0165,1.6563,2.5808,-1.1759,-3.4616,-6.3844,-4.1053
-0.59251,5.4835,1.8184,-0.36928,-0.73603,3.2835,1.8137,2.6541,-1.1585,-3.4037,-7.2897,-4.2934
-1.0328,3.4605,1.0696,0.72154,-0.4621,2.1476,1.9875,2.7097,-1.1435,-3.3313,-8.1468,-4.4889
-1.772,0.89043,0.22616,2.1595,-0.26482,0.78626,2.1467,2.752,-1.144,-3.2808,-8.9709,-4.712
-2.6589,-1.8254,-0.57429,3.6879,-0.15848,-0.57996,2.2686,2.7908,-1.1615,-3.2768,-9.7646,-4.9747
-3.5019,-4.2016,-1.2122,5.0294,-0.131,-1.7242,2.3445,2.8318,-1.19,-3.3233,-10.513,-5.2759
-4.1116,-5.7722,-1.6122,5.9352,-0.14779,-2.4644,2.3785,2.8706,-1.2224,-3.406,-11.185,-5.6016
-4.3449,-6.2259,-1.7557,6.2294,-0.16385,-2.709,2.3821,2.8947,-1.2561,-3.5004,-11.743,-5.9317
-4.1466,-5.5188,-1.6765,5.8604,-0.14102,-2.4769,2.3676,2.8922,-1.2928,-3.5837,-12.148,-6.2476
-3.5736,-3.8967,-1.4433,4.9354,-0.063099,-1.8799,2.3431,2.8616,-1.3332,-3.6424,-12.361,-6.538
-2.7829,-1.7976,-1.1372,3.6959,0.057732,-1.0806,2.3085,2.8154,-1.3699,-3.6761,-12.34,-6.8005
-1.9853,0.29671,-0.83449,2.4457,0.18618,-0.25074,2.2554,2.7756,-1.3865,-3.6974,-12.047,-7.0379
-1.3826,1.9613,-0.59766,1.4757,0.27919,0.4447,2.1691,2.7631,-1.3632,-3.7269,-11.444,-7.2546
-1.1144,2.888,-0.47323,1.0009,0.30548,0.8584,2.0345,2.7841,-1.2862,-3.787,-10.506,-7.4522
-1.2296,2.9512,-0.49176,1.1127,0.26031,0.89535,1.8416,2.8292,-1.1549,-3.8938,-9.2267,-7.6291
-1.6848,2.2121,-0.6716,1.7677,0.16825,0.54209,1.5905,2.8754,-0.98322,-4.0507,-7.6251,-7.7807
-2.3602,0.84716,-1.025,2.8132,0.074342,-0.14865,1.2968,2.8967,-0.79513,-4.2463,-5.7544,-7.9007
-3.0866,-0.90295,-1.5591,4.023,0.032687,-1.0922,0.99201,2.8764,-0.61805,-4.4569,-3.7013,-7.9829
-3.6758,-2.7544,-2.2677,5.1438,0.099464,-2.1908,0.71603,2.8148,-0.47507,-4.654,-1.5771,-8.0225
-3.955,-4.4158,-3.1192,5.9487,0.32343,-3.3409,0.50587,2.7292,-0.37852,-4.8141,0.49728,-8.0188
-3.8159,-5.6388,-4.0513,6.2856,0.72362,-4.4371,0.38487,2.647,-0.32737,-4.9257,2.4045,-7.9768
-3.2724,-6.2829,-4.9755,6.1256,1.2644,-5.3791,0.35688,2.5953,-0.3098,-4.9924,4.0402,-7.9075
-2.4779,-6.3755,-5.791,5.5842,1.8526,-6.0859,0.40568,2.591,-0.3088,-5.0304,5.3216,-7.8241
-1.6743,-6.1038,-6.4022,4.8881,2.3642,-6.5146,0.4995,2.6349,-0.30718,-5.0617,6.1942,-7.7381
-1.1154,-5.7284,-6.7365,4.3142,2.6794,-6.6756,0.59931,2.712,-0.29088,-5.1065,6.632,-7.6573
-1.0063,-5.4914,-6.7601,4.1118,2.7084,-6.6333,0.66841,2.7979,-0.25276,-5.1749,6.6323,-7.5882
-1.4644,-5.562,-6.4828,4.4348,2.4027,-6.4854,0.6802,2.8674,-0.1935,-5.2617,6.2143,-7.5395
-2.5,-6.0124,-5.954,5.3137,1.7627,-6.3254,0.62249,2.9042,-0.12412,-5.3464,5.4242,-7.5215
-4.0111,-6.8065,-5.2521,6.655,0.84701,-6.2102,0.498,2.9062,-0.062997,-5.397,4.34,-7.5378
-5.7926,-7.8013,-4.4724,8.2568,-0.22549,-6.1461,0.32058,2.8856,-0.027443,-5.378,3.0683,-7.5755
-7.563,-8.7803,-3.7127,9.8447,-1.2917,-6.0988,0.1079,2.8636,-0.023202,-5.2606,1.7298,-7.6034
-9.0176,-9.5196,-3.0582,11.131,-2.1779,-6.018,-0.12483,2.8619,-0.038621,-5.032,0.43571,-7.5808
-9.8971,-9.8513,-2.5718,11.88,-2.7391,-5.8653,-0.36687,2.8967,-0.04854,-4.7014,-0.73596,-7.474
-10.051,-9.6964,-2.2918,11.966,-2.891,-5.6304,-0.61327,2.976,-0.02608,-4.3001,-1.7544,-7.2703
-9.4668,-9.076,-2.2337,11.397,-2.6235,-5.3384,-0.86882,3.0992,0.044741,-3.872,-2.6361,-6.982
-8.2564,-8.11,-2.3906,10.301,-1.9971,-5.0434,-1.1446,3.2582,0.16187,-3.4604,-3.432,-6.639
-6.6408,-6.9797,-2.7328,8.889,-1.1251,-4.8059,-1.4402,3.4408,0.30637,-3.0931,-4.2102,-6.2775
-4.8973,-5.8544,-3.2052,7.3868,-0.14552,-4.6614,-1.7289,3.632,0.4513,-2.7756,-5.0376,-5.9294
-3.2701,-4.8331,-3.7281,5.981,0.80815,-4.5981,-1.9621,3.8165,0.57424,-2.4927,-5.9625,-5.6166
-1.9144,-3.9343,-4.206,4.7821,1.6288,-4.5553,-2.0908,3.9791,0.66774,-2.2203,-7.0024,-5.3465
-0.88562,-3.1154,-4.5441,3.8163,2.2455,-4.4424,-2.0855,4.1074,0.74158,-1.9403,-8.1408,-5.1104
-0.16012,-2.2974,-4.6668,3.0449,2.625,-4.171,-1.9456,4.1952,0.81657,-1.6526,-9.3349,-4.8894
0.31709,-1.4048,-4.5312,2.4073,2.7666,-3.6876,-1.6967,4.2455,0.9132,-1.3764,-10.53,-4.6698
0.58502,-0.41859,-4.1339,1.8719,2.6915,-2.9952,-1.3831,4.2698,1.0412,-1.1381,-11.673,-4.457
0.646,0.59342,-3.5094,1.4574,2.4266,-2.1535,-1.0569,4.2862,1.1944,-0.95645,-12.723,-4.2806
0.47081,1.4932,-2.7198,1.2235,1.9919,-1.2635,-0.76769,4.3152,1.3533,-0.82834,-13.643,-4.1827
0.011499,2.1166,-1.8393,1.2554,1.3964,-0.43994,-0.55199,4.377,1.4936,-0.727,-14.398,-4.199
-0.77459,2.3255,-0.93961,1.6338,0.64897,0.21946,-0.42316,4.488,1.5968,-0.61102,-14.938,-4.3413
-1.8798,2.0595,-0.080662,2.3849,-0.21885,0.659,-0.36699,4.657,1.658,-0.43911,-15.202,-4.5901
-3.2102,1.3658,0.69032,3.4424,-1.1383,0.87597,-0.34747,4.8817,1.6882,-0.18411,-15.123,-4.898
-4.5938,0.3934,1.3367,4.6501,-2.0119,0.91603,-0.32258,5.1461,1.707,0.15807,-14.655,-5.2024
-5.8246,-0.63971,1.8315,5.7974,-2.7385,0.85435,-0.26025,5.4222,1.7299,0.56804,-13.784,-5.4424
-6.7129,-1.4928,2.1591,6.6702,-3.2381,0.77061,-0.14562,5.6765,1.7586,1.0121,-12.539,-5.5764
-7.1295,-1.9557,2.3172,7.1029,-3.468,0.72667,0.019326,5.8798,1.7781,1.4573,-10.979,-5.5919
-7.0365,-1.9095,2.317,7.0233,-3.4275,0.75402,0.21874,6.0161,1.7657,1.8848,-9.189,-5.5056
-6.4966,-1.3778,2.1792,6.4808,-3.1533,0.85114,0.42771,6.086,1.7033,2.293,-7.273,-5.3503
-5.6545,-0.53263,1.9291,5.633,-2.7083,0.98714,0.61948,6.1031,1.5893,2.6922,-5.3459,-5.1592
-4.6979,0.36762,1.5915,4.6943,-2.1693,1.109,0.77311,6.0871,1.4429,3.0945,-3.527,-4.9535
-3.8095,1.0698,1.1882,3.8727,-1.6159,1.1528,0.87912,6.0563,1.2989,3.506,-1.929,-4.7394
-3.1259,1.3989,0.73646,3.321,-1.1169,1.0591,0.94193,6.0229,1.1968,3.9242,-0.64579,-4.5109
-2.7111,1.2878,0.24782,3.1084,-0.71716,0.7904,0.97648,5.9939,1.1678,4.3401,0.26029,-4.2597
-2.5497,0.77273,-0.26997,3.2121,-0.42562,0.34595,1.0011,5.9743,1.2251,4.7415,0.76726,-3.9849
-2.5599,-0.020554,-0.80642,3.5319,-0.21634,-0.23155,1.0306,5.9707,1.361,5.1181,0.89709,-3.6968
-2.6269,-0.90056,-1.3377,3.9218,-0.045261,-0.85973,1.0731,5.9914,1.5505,5.4646,0.71352,-3.4095
-2.6467,-1.6496,-1.8179,4.2336,0.12219,-1.4311,1.1298,6.0431,1.7608,5.7788,0.31217,-3.1301
-2.566,-2.0788,-2.178,4.3632,0.2871,-1.836,1.1955,6.1242,1.9623,6.0582,-0.19619,-2.8576
-2.4024,-2.0833,-2.3371,4.2828,0.40922,-1.9865,1.2604,6.2207,2.1376,6.2955,-0.70431,-2.5896
-2.2348,-1.6783,-2.227,4.0467,0.42092,-1.8399,1.3143,6.3086,2.2861,6.483,-1.1227,-2.328
-2.1699,-0.99762,-1.8209,3.7672,0.25778,-1.4177,1.353,6.3639,2.4229,6.6209,-1.3864,-2.0771
-2.2963,-0.24812,-1.151,3.5692,-0.10982,-0.80851,1.3834,6.3742,2.5732,6.7279,-1.4547,-1.8374
-2.6469,0.36935,-0.30354,3.5429,-0.66096,-0.13952,1.4222,6.3487,2.7645,6.841,-1.3089,-1.6031
-3.1852,0.73708,0.61116,3.7139,-1.3295,0.47787,1.4892,6.3188,3.0224,7.0089,-0.95069,-1.366
-3.8158,0.85957,1.4976,4.0341,-2.0248,0.9964,1.5981,6.3324,3.3693,7.2831,-0.40421,-1.1174
-4.4133,0.85829,2.3069,4.39,-2.6621,1.4489,1.7517,6.4415,3.8265,7.7136,0.28373,-0.84659
-4.8592,0.94717,3.0548,4.623,-3.1922,1.9343,1.9419,6.6903,4.4162,8.3453,1.0486,-0.53601
-5.0725,1.4216,3.8209,4.554,-3.6211,2.5896,2.1554,7.1047,5.162,9.2181,1.8182,-0.15807
-5.0243,2.6707,4.7286,4.0069,-4.0056,3.5657,2.3832,7.6896,6.087,10.368,2.5239,0.32429
-4.7328,5.1474,5.9137,2.8316,-4.4296,5.0354,2.6316,8.4314,7.2091,11.818,3.1104,0.95147
-4.2477,9.1302,7.5005,0.93203,-4.9699,7.255,2.9282,9.3068,8.5338,13.56,3.5405,1.7542
-3.6306,14.342,9.5985,-1.7057,-5.6635,10.605,3.3217,10.291,10.047,15.544,3.7986,2.7368
-2.9372,20.011,12.299,-5.0016,-6.4854,15.201,3.8696,11.365,11.714,17.692,3.8912,3.8685
-2.2041,25.433,15.584,-8.7653,-7.3531,20.168,4.6195,12.509,13.488,19.928,3.8456,5.0979
-1.448,30.333,19.164,-12.691,-8.166,24.575,5.5889,13.704,15.32,22.201,3.7052,6.3842
-0.67445,34.865,22.696,-16.474,-8.8617,28.497,6.7524,14.915,17.173,24.479,3.5216,7.714
0.11097,39.421,26.236,-19.979,-9.4467,32.371,8.0417,16.085,19.018,26.736,3.3446,9.0879
0.89881,44.324,30.142,-23.218,-9.9855,36.546,9.3589,17.148,20.835,28.934,3.2133,10.495
1.6811,49.646,34.738,-26.218,-10.558,41.207,10.597,18.044,22.613,31.028,3.1507,11.903
2.46,55.199,40.088,-28.953,-11.209,46.315,11.659,18.743,24.337,32.975,3.1625,13.27
3.2574,60.684,45.855,-31.382,-11.92,51.592,12.464,19.256,25.985,34.748,3.2356,14.564
4.1217,65.819,51.375,-33.489,-12.612,56.609,12.963,19.617,27.522,36.335,3.3379,15.767
5.12,70.383,55.979,-35.289,-13.181,60.968,13.143,19.863,28.898,37.732,3.4207,16.878
6.3104,74.213,59.31,-36.808,-13.53,64.427,13.036,20.011,30.063,38.935,3.4267,17.897
7.7163,77.205,61.326,-38.071,-13.596,66.904,12.709,20.044,30.973,39.922,3.3022,18.813
9.3181,79.287,62.098,-39.109,-13.351,68.373,12.252,19.914,31.6,40.656,3.0082,19.607
11.074,80.372,61.655,-39.949,-12.8,68.792,11.747,19.557,31.932,41.082,2.5279,20.268
12.941,80.396,59.953,-40.616,-11.967,68.119,11.194,18.918,31.968,41.135,1.869,20.791
14.876,79.42,56.969,-41.13,-10.88,66.387,10.388,17.974,31.702,40.768,1.0635,21.178
16.817,77.678,52.903,-41.511,-9.5738,63.76,8.9969,16.737,31.104,39.963,0.1653,21.433
18.679,75.492,48.261,-41.77,-8.0929,60.552,6.8387,15.25,30.128,38.754,-0.75574,21.561
20.373,73.136,43.594,-41.906,-6.5026,57.172,3.9942,13.568,28.739,37.205,-1.622,21.571
21.832,70.749,39.171,-41.901,-4.8806,53.936,0.6393,11.744,26.944,35.391,-2.3582,21.481
23.022,68.325,34.938,-41.725,-3.3001,50.915,-3.0994,9.8269,24.802,33.369,-2.9012,21.313
23.948,65.75,30.681,-41.352,-1.8137,47.971,-7.1668,7.8585,22.401,31.162,-3.204,21.084
24.632,62.895,26.187,-40.767,-0.45029,44.911,-11.538,5.8684,19.837,28.771,-3.2345,20.801
25.086,59.738,21.445,-39.983,0.77551,41.595,-16.165,3.8766,17.195,26.193,-2.9684,20.46
25.299,56.402,16.843,-39.033,1.849,37.979,-20.944,1.8863,14.536,23.44,-2.3816,20.053
25.25,53.069,12.927,-37.949,2.7486,34.111,-25.734,-0.12665,11.888,20.566,-1.4482,19.566
24.927,49.851,9.8898,-36.742,3.449,30.085,-30.405,-2.2213,9.2552,17.661,-0.15048,18.987
24.337,46.734,7.5806,-35.402,3.9332,25.997,-34.874,-4.4876,6.6312,14.832,1.4998,18.31
23.495,43.61,5.7897,-33.924,4.2084,21.923,-39.058,-7.0293,4.0211,12.162,3.4522,17.539
22.439,40.343,4.3555,-32.327,4.3186,17.952,-42.845,-9.9339,1.4493,9.6896,5.6339,16.693
21.255,36.826,3.1628,-30.672,4.3406,14.237,-46.149,-13.236,-1.0527,7.4098,7.9697,15.81
20.097,33.046,2.1328,-29.058,4.361,11.024,-48.998,-16.891,-3.4619,5.3036,10.386,14.939
19.156,29.153,1.2247,-27.595,4.4497,8.5154,-51.522,-20.769,-5.7662,3.3645,12.801,14.14
18.584,25.489,0.4376,-26.389,4.6445,6.7387,-53.856,-24.694,-7.9605,1.6071,15.119,13.473
18.433,22.47,-0.19834,-25.527,4.9478,5.5918,-56.066,-28.494,-10.043,0.048905,17.235,12.979
18.664,20.451,-0.64397,-25.078,5.3364,4.9653,-58.162,-32.042,-12.018,-1.3145,19.039,12.676
19.204,19.628,-0.87893,-25.088,5.7835,4.7831,-60.139,-35.279,-13.889,-2.5129,20.432,12.554
19.998,19.968,-0.92221,-25.564,6.288,4.9804,-62.003,-38.201,-15.661,-3.5844,21.343,12.592
21.026,21.203,-0.83526,-26.459,6.8849,5.4782,-63.77,-40.843,-17.33,-4.5566,21.738,12.768
22.279,22.987,-0.70648,-27.684,7.6195,6.173,-65.456,-43.237,-18.879,-5.4377,21.632,13.077
23.746,25.069,-0.62644,-29.133,8.5018,6.9443,-67.081,-45.405,-20.28,-6.219,21.093,13.523
25.394,27.289,-0.66467,-30.701,9.4778,7.6718,-68.667,-47.346,-21.493,-6.8845,20.23,14.111
27.171,29.481,-0.8561,-32.288,10.443,8.2512,-70.235,-49.049,-22.475,-7.4232,19.176,14.831
29.001,31.449,-1.2044,-33.779,11.286,8.6019,-71.796,-50.502,-23.19,-7.8367,18.042,15.647
30.798,32.973,-1.6995,-35.036,11.954,8.6672,-73.339,-51.688,-23.619,-8.1395,16.902,16.501
32.465,33.812,-2.3264,-35.928,12.49,8.4181,-74.795,-52.584,-23.772,-8.3494,15.798,17.326
33.906,33.75,-3.0497,-36.346,12.989,7.86,-75.999,-53.155,-23.69,-8.4754,14.768,18.069
35.004,32.744,-3.7964,-36.217,13.46,7.0454,-76.698,-53.359,-23.425,-8.5111,13.86,18.699
35.558,31.04,-4.465,-35.492,13.781,6.0786,-76.671,-53.164,-23.016,-8.4384,13.135,19.196
35.264,29.073,-4.9505,-34.165,13.794,5.0987,-75.856,-52.553,-22.47,-8.2404,12.657,19.545
33.875,27.158,-5.1664,-32.315,13.384,4.2385,-74.302,-51.537,-21.774,-7.9135,12.48,19.74
31.4,25.264,-5.0621,-30.064,12.5,3.5813,-72.028,-50.155,-20.926,-7.471,12.631,19.787
28.055,23.178,-4.641,-27.482,11.159,3.1366,-68.976,-48.481,-19.963,-6.9388,13.112,19.7
24.063,20.779,-3.9709,-24.567,9.4382,2.8386,-65.091,-46.613,-18.946,-6.3496,13.901,19.485
19.579,17.998,-3.177,-21.256,7.4705,2.5625,-60.456,-44.669,-17.937,-5.7393,14.957,19.126
14.777,14.734,-2.4178,-17.416,5.4355,2.159,-55.363,-42.761,-16.985,-5.1463,16.209,18.601
9.9045,11.003,-1.8509,-12.935,3.5326,1.499,-50.256,-40.981,-16.125,-4.6095,17.557,17.898
5.2899,7.0433,-1.5954,-7.9564,1.9291,0.51426,-45.594,-39.392,-15.382,-4.163,18.882,17.024
1.31,3.1477,-1.697,-3.055,0.71973,-0.77874,-41.724,-38.026,-14.78,-3.8297,20.062,16.007
-1.7322,-0.4745,-2.1112,1.0765,-0.080247,-2.2749,-38.819,-36.898,-14.338,-3.6176,20.998,14.895
-3.7408,-3.6214,-2.7188,4.1181,-0.51914,-3.7969,-36.883,-36.014,-14.065,-3.5189,21.634,13.76
-4.8273,-6.0516,-3.3642,6.1005,-0.68713,-5.133,-35.79,-35.384,-13.957,-3.5132,21.967,12.684
-5.2023,-7.5513,-3.893,7.1579,-0.6978,-6.0875,-35.334,-35.02,-13.994,-3.5732,22.047,11.744
-5.0897,-8.0245,-4.1794,7.4359,-0.66881,-6.5296,-35.292,-34.925,-14.147,-3.6719,21.962,11.005
-4.695,-7.5474,-4.1482,7.1002,-0.69925,-6.4313,-35.445,-35.069,-14.375,-3.7861,21.82,10.501
-4.1968,-6.3623,-3.7891,6.3432,-0.85086,-5.8729,-35.594,-35.365,-14.627,-3.8999,21.73,10.227
-3.7373,-4.7828,-3.1564,5.3634,-1.1395,-5.0027,-35.568,-35.658,-14.858,-4.0093,21.766,10.123
-3.4092,-3.0511,-2.3517,4.3331,-1.5371,-3.9714,-35.244,-35.731,-15.033,-4.1289,21.95,10.057
-3.249,-1.2663,-1.4999,3.371,-1.9812,-2.8816,-34.567,-35.319,-15.141,-4.2944,22.258,9.8279
-3.2431,0.56605,-0.71756,2.5358,-2.3944,-1.7834,-33.517,-34.14,-15.18,-4.5499,22.618,9.199
-3.3495,2.4677,-0.09614,1.8314,-2.7116,-0.73454,-32.097,-31.985,-15.137,-4.9188,22.92,7.9781
-3.5229,4.6185,0.22076,1.2128,-2.8998,0.40542,-30.562,-29.008,-14.97,-5.3651,23.115,6.2398
-3.7301,6.8515,1.0011,0.55395,-2.9058,3.1115,-29.87,-26.545,-14.573,-5.7687,23.298,4.6159
-3.9485,7.0075,3.2739,-0.50024,-2.4939,3.5506,-30.783,-29.955,-13.742,-5.9256,23.516,3.9016
-4.1495,7.1453,3.8533,-2.1397,-4.3313,3.4024,-31.589,-49.607,-12.278,-5.4808,23.709,3.6028
-4.126,7.1056,4.3038,-3.0174,-5.9763,3.0693,-30.109,-60.141,-15.497,-2.8828,24.187,2.8628
-1.4822,5.9616,4.3215,-1.8831,-7.2974,2.1695,-26.105,-56.184,-20.428,2.5317,29.749,6.8191
-3.1922,2.4676,3.1833,1.7841,-8.0134,-0.070469,-19.621,-45.952,-16.475,2.7053,33.4,22.596
-5.7429,-4.9756,-0.39324,6.3286,-7.2589,-5.2879,-10.213,-28.384,-12.401,2.5182,29.59,16.353
-7.7341,-18.613,-8.7103,12.893,-4.2753,-16.484,1.2767,-4.8741,-8.8704,1.4303,21.028,4.6635
-8.9793,-42.13,-26.381,21.837,2.5499,-39.166,13.226,22.096,-5.9325,-1.2371,8.3726,-11.399
-8.5992,-78.781,-63.915,34.685,16.653,-76.283,26.176,51.0,-2.6182,-5.8041,-6.7156,-29.583
-5.679,-115.84,-110.9,52.109,44.335,-116.98,41.842,82.243,4.8486,-11.004,-20.246,-45.306
1.1623,-151.27,-159.27,67.663,79.027,-160.18,56.153,120.37,22.694,-10.869,-24.255,-51.942
15.659,-182.6,-213.9,73.996,118.01,-203.49,67.534,172.12,59.688,8.3723,-7.3979,-41.028
52.671,-204.51,-273.6,67.626,166.45,-244.22,79.188,243.26,129.95,80.009,44.019,-3.0438
116.13,-211.38,-336.24,44.816,225.24,-279.08,93.134,340.36,244.7,206.48,147.55,70.699
191.38,-197.78,-398.86,1.8591,294.16,-303.83,109.62,467.36,410.61,394.06,303.26,186.38
287.19,-159.56,-457.72,-63.961,371.73,-314.39,126.65,620.01,629.21,649.16,516.83,347.62
402.08,-94.69,-508.46,-153.2,454.84,-307.72,137.75,782.53,891.34,966.26,785.49,554.13
531.08,-3.7398,-546.3,-263.24,538.54,-281.52,131.95,928.36,1177.0,1328.4,1098.1,799.35
665.81,109.58,-566.5,-387.89,616.27,-234.89,98.913,1025.5,1457.1,1707.7,1434.8,1069.7
795.02,237.67,-565.54,-517.51,680.69,-170.03,32.259,1044.6,1698.3,2067.3,1767.8,1344.9
905.93,369.21,-542.64,-639.8,724.89,-92.506,-68.06,968.0,1869.0,2367.0,2064.6,1599.8
986.34,490.35,-500.24,-741.43,743.79,-10.595,-194.59,794.51,1944.2,2568.0,2290.6,1807.4
1027.2,587.0,-443.65,-810.73,735.46,66.167,-334.85,539.2,1908.8,2639.9,2414.5,1943.2
1024.8,648.07,-380.28,-840.28,701.88,128.67,-475.53,227.96,1758.7,2565.7,2415.6,1990.7
981.5,667.99,-318.0,-828.55,648.41,169.34,-605.47,-109.19,1500.7,2344.7,2289.1,1944.2
904.48,647.44,-263.03,-779.54,581.88,186.11,-717.19,-443.55,1151.7,1992.9,2044.7,1809.6
803.24,592.27,-218.56,-700.95,508.71,182.24,-806.61,-750.75,737.64,1540.8,1705.6,1602.2
687.2,510.89,-184.93,-601.95,433.8,161.04,-871.48,-1011.9,291.81,1030.4,1305.8,1344.0
564.9,412.24,-160.95,-491.65,360.83,125.99,-910.36,-1213.4,-146.74,510.82,885.82,1060.5
444.37,306.23,-145.47,-378.71,293.45,81.785,-922.6,-1346.9,-537.04,33.18,488.01,778.47
333.64,202.92,-137.65,-271.56,235.47,33.718,-909.01,-1409.4,-842.35,-357.45,149.51,521.98
240.0,110.27,-136.25,-178.03,189.47,-13.219,-872.49,-1403.7,-1038.2,-631.28,-104.86,308.68
168.04,34.216,-139.64,-103.79,155.76,-54.76,-818.03,-1339.5,-1119.4,-780.78,-267.49,146.58
117.97,-21.427,-145.02,-50.245,132.92,-87.098,-752.1,-1232.6,-1101.2,-821.09,-347.94,33.657
86.064,-57.804,-148.86,-15.351,118.07,-107.44,-681.14,-1102.0,-1013.8,-782.92,-367.49,-39.668
66.245,-79.392,-147.87,5.1186,107.06,-117.19,-609.63,-965.11,-890.86,-701.22,-350.65,-83.649
52.086,-89.686,-135.84,16.408,95.877,-119.07,-539.54,-833.87,-760.9,-605.42,-318.15,-106.54
38.687,-92.034,-123.64,23.208,82.512,-115.35,-472.05,-714.15,-641.9,-514.59,-283.64,-116.49
23.658,-90.268,-113.32,28.79,66.966,-108.76,-407.69,-608.15,-541.68,-437.58,-253.06,-118.71
7.4074,-87.737,-102.6,35.042,50.247,-99.887,-345.83,-516.27,-461.16,-375.94,-226.55,-115.94
-7.85,-86.437,-91.512,42.638,34.606,-91.042,-286.61,-436.42,-398.83,-327.48,-201.43,-109.87
-19.452,-86.889,-81.351,50.325,23.853,-84.335,-232.22,-366.11,-348.64,-289.81,-176.06,-101.89
-25.406,-87.987,-74.452,54.225,19.812,-80.811,-185.57,-303.99,-302.97,-259.08,-151.74,-93.555
-19.555,-87.321,-71.388,37.203,20.457,-78.367,-148.29,-249.47,-259.35,-230.47,-124.44,-83.923
-11.702,-83.771,-70.364,29.089,23.071,-75.958,-120.94,-202.97,-218.14,-201.57,-97.922,-69.021
-8.8535,-77.896,-68.682,26.597,25.443,-72.373,-102.21,-164.28,-179.92,-172.75,-72.767,-55.071
-7.367,-70.094,-64.15,24.223,25.642,-66.697,-88.32,-132.27,-144.76,-144.05,-51.661,-42.696
-6.2842,-60.755,-56.52,21.135,22.708,-58.918,-75.716,-106.57,-113.61,-116.45,-37.1,-34.024
-5.5403,-50.413,-47.438,17.664,16.909,-50.019,-63.392,-86.147,-89.04,-92.377,-28.417,-28.324
-5.1929,-40.05,-38.244,14.484,10.795,-41.266,-52.055,-69.346,-71.817,-74.628,-24.216,-25.085
-5.25,-31.051,-29.508,12.127,6.5557,-33.251,-41.895,-55.588,-60.218,-63.784,-23.398,-23.876
-5.5971,-24.417,-21.983,10.636,3.7648,-26.254,-32.925,-44.912,-52.459,-58.534,-24.838,-23.675
-6.0206,-20.213,-16.137,9.5227,1.7653,-20.608,-25.864,-37.19,-47.13,-56.976,-27.304,-22.55
-6.3111,-17.612,-11.884,8.331,0.32476,-16.37,-22.535,-32.461,-43.164,-57.046,-29.01,-20.303
-6.3554,-15.201,-8.9431,7.1689,-0.62912,-13.258,-21.363,-31.517,-39.811,-56.999,-29.327,-18.292
-6.1541,-11.206,-6.941,6.2693,-1.1957,-10.77,-20.293,-31.666,-36.573,-55.995,-29.526,-16.86
-5.7935,-6.3304,-5.2375,5.5648,-1.5522,-8.0705,-19.254,-28.667,-32.691,-53.837,-29.819,-15.911
-5.4134,-3.7944,-3.3719,4.9387,-1.8854,-5.046,-17.509,-23.719,-27.87,-49.577,-30.338,-15.351
-5.1641,-2.5741,-1.7273,4.3894,-2.3113,-2.94,-14.4,-18.964,-24.519,-44.843,-31.096,-15.107
-5.1532,-1.7716,-0.51666,3.9876,-2.8688,-1.6908,-10.673,-15.113,-22.244,-41.969,-31.988,-15.101
-5.4072,-1.2827,0.41129,3.8061,-3.5276,-0.88097,-7.4834,-12.119,-20.426,-40.284,-32.875,-15.246
-5.8709,-1.1342,1.125,3.8781,-4.1949,-0.3841,-5.2226,-9.7523,-18.932,-39.123,-33.642,-15.447
-6.4388,-1.3331,1.5999,4.1884,-4.7557,-0.18465,-3.7488,-7.7978,-17.685,-38.189,-34.236,-15.622
-7.0024,-1.8428,1.8087,4.6839,-5.1279,-0.26997,-2.8432,-6.0924,-16.605,-37.336,-34.669,-15.713
-7.4907,-2.5876,1.7671,5.2919,-5.297,-0.59661,-2.333,-4.5216,-15.616,-36.467,-34.982,-15.7
-7.8852,-3.4686,1.5404,5.9395,-5.3173,-1.0895,-2.0716,-3.0126,-14.655,-35.508,-35.212,-15.596
-8.2074,-4.3847,1.2261,6.5674,-5.2845,-1.6549,-1.9248,-1.5332,-13.691,-34.399,-35.362,-15.434
-8.4967,-5.2518,0.92274,7.1354,-5.2956,-2.1999,-1.7881,-0.088549,-12.73,-33.111,-35.394,-15.249
-8.7896,-6.016,0.69959,7.62,-5.416,-2.6539,-1.6044,1.2883,-11.8,-31.667,-35.242,-15.07
-9.1043,-6.656,0.57788,8.0076,-5.6618,-2.9864,-1.3572,2.5557,-10.932,-30.151,-34.831,-14.904
-9.4309,-7.1746,0.53503,8.2927,-5.9966,-3.2063,-1.0517,3.6834,-10.154,-28.683,-34.099,-14.745
-9.7318,-7.5842,0.52701,8.4809,-6.3433,-3.3438,-0.70527,4.6658,-9.4811,-27.367,-33.002,-14.583
-9.9617,-7.895,0.51754,8.5926,-6.6178,-3.4226,-0.34476,5.5282,-8.9169,-26.25,-31.518,-14.408
-10.1,-8.1092,0.50651,8.6629,-6.7794,-3.4394,-0.0020634,6.3232,-8.4447,-25.318,-29.646,-14.219
-10.176,-8.2199,0.54506,8.7348,-6.8664,-3.3587,0.29577,7.1167,-8.0275,-24.51,-27.408,-14.02
-10.262,-8.2144,0.72344,8.8464,-6.9847,-3.1259,0.5397,7.9667,-7.6164,-23.741,-24.849,-13.82
-10.439,-8.0786,1.1333,9.0169,-7.2549,-2.6912,0.74449,8.9045,-7.166,-22.929,-22.05,-13.627
-10.757,-7.8029,1.8227,9.2377,-7.7532,-2.0361,0.94051,9.9262,-6.649,-22.015,-19.123,-13.451
-11.207,-7.3838,2.7675,9.4702,-8.4733,-1.1873,1.1582,11.0,-6.064,-20.986,-16.194,-13.297
-11.722,-6.8208,3.8736,9.6509,-9.3268,-0.21111,1.4179,12.083,-5.4317,-19.875,-13.36,-13.165
-12.19,-6.112,5.0101,9.702,-10.177,0.81023,1.7293,13.14,-4.7821,-18.74,-10.668,-13.046
-12.488,-5.2543,6.0555,9.5488,-10.89,1.8084,2.0944,14.155,-4.1414,-17.645,-8.1209,-12.93
-12.521,-4.2462,6.9371,9.1411,-11.38,2.7489,2.5064,15.132,-3.5233,-16.63,-5.7165,-12.81
-12.247,-3.0955,7.645,8.4754,-11.636,3.6339,2.9461,16.087,-2.929,-15.712,-3.4652,-12.687
-11.702,-1.8277,8.2218,7.6058,-11.721,4.4876,3.3834,17.041,-2.3508,-14.895,-1.3896,-12.568
-10.998,-0.49355,8.7386,6.6379,-11.744,5.3345,3.7866,18.012,-1.7773,-14.169,0.48047,-12.465
-10.3,0.82932,9.2691,5.7069,-11.816,6.181,4.1354,19.02,-1.1967,-13.519,2.1072,-12.385
-9.7859,2.0397,9.8613,4.9497,-12.016,7.0081,4.4309,20.085,-0.59902,-12.92,3.4442,-12.329
-9.5854,3.0235,10.512,4.4767,-12.366,7.7725,4.6976,21.227,0.020501,-12.347,4.4443,-12.289
-9.7411,3.6749,11.158,4.3491,-12.827,8.4121,4.9757,22.459,0.66027,-11.78,5.0699,-12.253
-10.197,3.9254,11.701,4.5663,-13.31,8.859,5.3082,23.788,1.315,-11.212,5.3024,-12.206
-10.82,3.7661,12.042,5.0697,-13.704,9.0586,5.7279,25.22,1.9814,-10.643,5.1467,-12.137
-11.449,3.2463,12.121,5.7615,-13.92,8.9856,6.2465,26.762,2.6623,-10.078,4.6295,-12.038
-11.945,2.4509,11.927,6.5328,-13.902,8.6487,6.8502,28.421,3.3642,-9.5225,3.7951,-11.91
-12.224,1.4714,11.475,7.2905,-13.634,8.0818,7.504,30.203,4.0894,-8.9812,2.6977,-11.759
-12.256,0.38436,10.791,7.9733,-13.126,7.3295,8.1642,32.097,4.8273,-8.4594,1.3943,-11.599
-12.046,-0.76021,9.8969,8.5517,-12.4,6.4298,8.7969,34.069,5.5521,-7.9623,-0.060118,-11.445
-11.614,-1.9368,8.8109,9.0142,-11.477,5.4094,9.3932,36.058,6.2322,-7.4917,-1.6144,-11.309
-10.991,-3.1215,7.5597,9.3498,-10.38,4.2957,9.9734,37.998,6.8463,-7.0397,-3.2184,-11.194
-10.208,-4.2584,6.188,9.5368,-9.1385,3.1373,10.58,39.846,7.3968,-6.5866,-4.8217,-11.094
-9.295,-5.2393,4.7676,9.5433,-7.802,2.0161,11.262,41.59,7.9099,-6.1087,-6.3775,-10.994
-8.2698,-5.9133,3.3953,9.3328,-6.4424,1.0422,12.057,43.249,8.4213,-5.5935,-7.8552,-10.883
-7.1535,-6.1264,2.1815,8.8728,-5.1507,0.33421,12.969,44.841,8.9559,-5.0511,-9.2546,-10.76
-5.9836,-5.7685,1.2329,8.1476,-4.0247,-0.010549,13.959,46.367,9.5134,-4.5131,-10.611,-10.64
-4.8238,-4.8097,0.63229,7.1759,-3.1518,0.057952,14.941,47.804,10.067,-4.0204,-11.983,-10.545
-3.7604,-3.3278,0.41967,6.0265,-2.5918,0.52713,15.816,49.113,10.578,-3.6071,-13.427,-10.502
-2.8872,-1.5173,0.57912,4.824,-2.3641,1.3191,16.521,50.26,11.014,-3.2896,-14.972,-10.531
-2.2897,0.334,1.0369,3.7351,-2.4443,2.2987,17.072,51.239,11.371,-3.0637,-16.609,-10.642
-2.0301,1.9008,1.6753,2.9403,-2.769,3.2955,17.543,52.082,11.67,-2.9105,-18.305,-10.834
-2.1377,2.9006,2.3606,2.5946,-3.2526,4.1399,18.034,52.863,11.952,-2.8058,-20.02,-11.094
-2.6106,3.1663,2.978,2.7884,-3.8123,4.7049,18.622,53.691,12.26,-2.7281,-21.716,-11.402
-3.4221,2.6743,3.4621,3.5272,-4.3958,4.9354,19.351,54.689,12.625,-2.6625,-23.346,-11.73
-4.5231,1.5248,3.8101,4.7359,-4.992,4.8557,20.233,55.962,13.064,-2.5996,-24.852,-12.052
-5.838,-0.089579,4.0696,6.2716,-5.6165,4.5535,21.27,57.555,13.581,-2.5327,-26.168,-12.346
-7.2556,-1.905,4.3047,7.9346,-6.2822,4.1493,22.462,59.428,14.174,-2.4559,-27.239,-12.6
-8.6257,-3.6156,4.5589,9.4939,-6.969,3.7637,23.799,61.46,14.843,-2.3645,-28.033,-12.815
-9.7755,-4.9253,4.8353,10.728,-7.6138,3.4897,25.245,63.487,15.592,-2.254,-28.537,-13.003
-10.547,-5.6182,5.096,11.468,-8.1246,3.3726,26.738,65.365,16.423,-2.1199,-28.742,-13.173
-10.836,-5.6306,5.276,11.636,-8.4096,3.3995,28.208,67.016,17.332,-1.9572,-28.631,-13.326
-10.62,-5.0839,5.3082,11.271,-8.4096,3.5056,29.597,68.443,18.307,-1.7599,-28.176,-13.452
-9.9659,-4.2361,5.1512,10.514,-8.1228,3.5999,30.867,69.724,19.335,-1.5233,-27.347,-13.533
-9.0225,-3.3806,4.8064,9.5753,-7.6115,3.5971,31.99,70.985,20.409,-1.2447,-26.135,-13.558
-7.9903,-2.7581,4.3165,8.6822,-6.9885,3.441,32.959,72.373,21.533,-0.92295,-24.565,-13.529
-7.0792,-2.5107,3.755,8.0277,-6.3821,3.1205,33.804,74.029,22.73,-0.55699,-22.691,-13.456
-6.457,-2.6737,3.2112,7.7352,-5.8992,2.6784,34.582,76.068,24.039,-0.14347,-20.582,-13.354
-6.2117,-3.1832,2.7735,7.8374,-5.6014,2.2056,35.359,78.555,25.506,0.32249,-18.307,-13.233
-6.3401,-3.8949,2.5194,8.2811,-5.5051,1.8212,36.178,81.482,27.159,0.84308,-15.923,-13.092
-6.7647,-4.6206,2.5104,8.9546,-5.5942,1.6416,37.061,84.75,28.985,1.4106,-13.49,-12.928
-7.3742,-5.1725,2.7811,9.7191,-5.8358,1.7504,37.992,88.191,30.917,2.0015,-11.063,-12.744
-8.061,-5.4004,3.3212,10.429,-6.1907,2.1729,38.894,91.617,32.854,2.5787,-8.6907,-12.551
-8.7242,-5.2196,4.0626,10.95,-6.6131,2.866,39.645,94.886,34.7,3.1058,-6.4171,-12.364
-9.2474,-4.6319,4.8843,11.179,-7.0381,3.7261,40.162,97.94,36.395,3.5673,-4.2851,-12.198
-9.5015,-3.7286,5.6358,11.068,-7.374,4.6155,40.456,100.81,37.933,3.9804,-2.3394,-12.055
-9.3835,-2.6605,6.173,10.628,-7.5183,5.3991,40.617,103.61,39.351,4.3858,-0.62288,-11.936
-8.8508,-1.5845,6.3967,9.9224,-7.3911,5.9783,40.762,106.47,40.708,4.8259,0.82905,-11.841
-7.9342,-0.62079,6.2799,9.0499,-6.9637,6.3092,40.975,109.49,42.063,5.3276,1.9926,-11.769
-6.7319,0.16242,5.8717,8.1201,-6.2695,6.4032,41.295,112.75,43.463,5.9026,2.8555,-11.719
-5.3901,0.74433,5.2753,7.2344,-5.3931,6.3133,41.736,116.29,44.95,6.5615,3.4132,-11.685
-4.0719,1.1375,4.6114,6.4737,-4.4447,6.1125,42.312,120.1,46.568,7.3237,3.6673,-11.661
-2.9224,1.3709,3.9848,5.8969,-3.53,5.8743,43.038,124.17,48.362,8.2163,3.6287,-11.642
-2.039,1.4768,3.464,5.5417,-2.727,5.6612,43.923,128.45,50.373,9.2637,3.321,-11.629
-1.4564,1.4861,3.0743,5.4211,-2.0739,5.5154,44.976,132.91,52.628,10.482,2.7811,-11.623
-1.15,1.4284,2.8017,5.5179,-1.5731,5.4528,46.214,137.54,55.133,11.881,2.0564,-11.618
-1.0511,1.3361,2.6079,5.7819,-1.2069,5.466,47.67,142.31,57.876,13.48,1.199,-11.601
-1.0639,1.2489,2.4516,6.1336,-0.9526,5.5365,49.379,147.21,60.831,15.302,0.2589,-11.55
-1.0771,1.2154,2.3039,6.4725,-0.78041,5.6448,51.332,152.17,63.971,17.367,-0.72323,-11.447
-0.98549,1.2897,2.1488,6.693,-0.643,5.7745,53.444,157.17,67.282,19.663,-1.7208,-11.283
-0.72786,1.5221,1.972,6.7037,-0.48266,5.9093,55.593,162.18,70.782,22.137,-2.7217,-11.057
-0.2922,1.944,1.7472,6.4429,-0.24221,6.0284,57.697,167.29,74.509,24.705,-3.7233,-10.774
0.33916,2.5485,1.4284,5.8891,0.14069,6.1025,59.755,172.65,78.495,27.288,-4.7252,-10.434
1.2118,3.2792,0.9581,5.0767,0.72613,6.0948,61.831,178.39,82.695,29.85,-5.7219,-10.028
2.3417,4.0329,0.29223,4.1076,1.5404,5.9682,64.014,184.58,86.957,32.405,-6.6963,-9.5426
3.6682,4.6763,-0.57517,3.1378,2.5595,5.6945,66.377,191.12,91.083,34.963,-7.6146,-8.9696
5.0733,5.0693,-1.6118,2.3405,3.7315,5.261,68.942,197.83,95.002,37.487,-8.4294,-8.3119
6.4394,5.0926,-2.7767,1.8665,5.0292,4.6719,71.658,204.58,98.869,39.926,-9.0916,-7.5827
7.6929,4.6715,-4.0546,1.813,6.4831,3.9455,74.467,211.35,102.95,42.295,-9.5672,-6.7985
8.8104,3.791,-5.4595,2.2034,8.1071,3.1049,77.412,218.2,107.45,44.716,-9.8482,-5.975
9.7978,2.4981,-7.0134,2.9765,9.7935,2.163,80.604,225.19,112.38,47.382,-9.9545,-5.1257
10.686,0.89235,-8.7424,3.9921,11.421,1.1148,84.085,232.34,117.63,50.467,-9.9276,-4.264
11.558,-0.88507,-10.698,5.0551,13.04,-0.055478,87.761,239.65,123.04,53.978,-9.8182,-3.4041
12.562,-2.6636,-12.965,5.9561,14.85,-1.3569,91.457,247.13,128.51,57.662,-9.6749,-2.5586
13.851,-4.26,-15.614,6.5173,17.03,-2.7756,95.009,254.78,133.95,61.217,-9.5379,-1.7347
15.499,-5.5057,-18.659,6.633,19.628,-4.2643,98.307,262.61,139.33,64.556,-9.4344,-0.92914
17.46,-6.2844,-22.04,6.2951,22.535,-5.7439,101.32,270.6,144.6,67.784,-9.375,-0.12355
19.594,-6.565,-25.635,5.5957,25.511,-7.1185,104.06,278.7,149.74,71.057,-9.3481,0.71466
21.726,-6.4135,-29.277,4.6969,28.257,-8.302,106.62,286.85,154.74,74.498,-9.3179,1.6249
23.694,-5.9683,-32.765,3.7849,30.534,-9.2448,109.12,295.0,159.62,78.161,-9.2308,2.6378
25.382,-5.3983,-35.878,3.0275,32.304,-9.9536,111.74,303.07,164.37,81.978,-9.0327,3.7569
26.745,-4.8683,-38.424,2.5403,33.781,-10.498,114.59,311.05,168.99,85.718,-8.6874,4.9504
27.822,-4.5186,-40.348,2.365,35.286,-11.003,117.71,318.89,173.47,89.042,-8.1865,6.1639
28.732,-4.4459,-41.827,2.4681,37.036,-11.63,120.94,326.58,177.75,91.713,-7.5471,7.3494
29.688,-4.6876,-43.193,2.7534,39.065,-12.52,124.02,334.08,181.73,93.72,-6.8021,8.4908
30.979,-5.2155,-44.743,3.0793,41.231,-13.724,126.69,341.4,185.34,95.184,-5.9914,9.6084
32.833,-5.9423,-46.591,3.2823,43.365,-15.178,128.88,348.62,188.61,96.246,-5.1555,10.746
35.259,-6.7382,-48.696,3.2108,45.456,-16.757,130.63,355.81,191.6,97.021,-4.3268,11.948
38.094,-7.4534,-50.988,2.7579,47.621,-18.35,132.03,363.03,194.41,97.601,-3.5186,13.239
41.19,-7.9463,-53.419,1.8765,49.978,-19.89,133.19,370.22,197.12,98.055,-2.7185,14.601
44.501,-8.1136,-55.962,0.5674,52.6,-21.34,134.15,377.27,199.78,98.431,-1.8909,15.982
48.04,-7.9128,-58.612,-1.1504,55.532,-22.689,134.95,383.97,202.41,98.771,-0.98918,17.323
51.817,-7.3721,-61.372,-3.2634,58.777,-23.954,135.6,390.13,205.01,99.103,0.026609,18.599
55.813,-6.5798,-64.235,-5.7621,62.29,-25.196,136.11,395.64,207.5,99.439,1.1758,19.822
59.968,-5.6554,-67.182,-8.6022,65.953,-26.508,136.48,400.45,209.76,99.771,2.4519,21.035
64.138,-4.7166,-70.194,-11.647,69.595,-27.975,136.72,404.63,211.71,100.07,3.8261,22.294
68.108,-3.8571,-73.258,-14.68,73.06,-29.593,136.85,408.24,213.28,100.31,5.2547,23.659
71.701,-3.1395,-76.39,-17.518,76.329,-31.26,136.85,411.36,214.48,100.46,6.6863,25.19
74.938,-2.5968,-79.669,-20.101,79.573,-32.897,136.7,414.05,215.35,100.5,8.0683,26.94
78.041,-2.2424,-83.216,-22.445,83.048,-34.553,136.38,416.34,215.95,100.43,9.3533,28.942
81.265,-2.0837,-87.098,-24.561,86.881,-36.344,135.85,418.24,216.31,100.28,10.502,31.202
84.722,-2.1295,-91.251,-26.423,90.971,-38.331,135.12,419.75,216.46,100.08,11.484,33.676
88.357,-2.3893,-95.502,-28.003,95.071,-40.496,134.18,420.83,216.39,99.854,12.279,36.275
92.009,-2.8696,-99.664,-29.292,98.968,-42.78,133.04,421.44,216.09,99.619,12.879,38.885
95.511,-3.5666,-103.65,-30.306,102.58,-45.15,131.7,421.47,215.5,99.375,13.29,41.413
98.746,-4.4503,-107.51,-31.074,105.95,-47.62,130.14,420.77,214.58,99.106,13.529,43.813
101.67,-5.4473,-111.32,-31.643,109.15,-50.19,128.31,419.19,213.27,98.792,13.619,46.091
104.28,-6.4402,-115.08,-32.075,112.17,-52.765,126.12,416.59,211.56,98.415,13.58,48.277
106.6,-7.2893,-118.59,-32.447,114.9,-55.151,123.52,412.96,209.51,97.971,13.421,50.401
108.66,-7.8694,-121.53,-32.832,117.16,-57.134,120.46,408.41,207.23,97.46,13.145,52.477
110.5,-8.1039,-123.68,-33.291,118.92,-58.596,116.94,403.09,204.84,96.892,12.751,54.51
112.23,-7.9846,-125.11,-33.856,120.34,-59.553,112.98,397.13,202.45,96.288,12.248,56.509
113.95,-7.5755,-126.13,-34.526,121.72,-60.136,108.54,390.56,200.11,95.694,11.663,58.495
115.74,-6.9985,-127.25,-35.28,123.39,-60.545,103.66,383.38,197.83,95.172,11.038,60.498
117.67,-6.4016,-128.99,-36.077,125.58,-61.019,98.42,375.54,195.57,94.786,10.417,62.537
119.71,-5.9149,-131.68,-36.871,128.31,-61.74,92.98,367.0,193.27,94.591,9.8287,64.602
121.79,-5.6134,-135.11,-37.612,131.37,-62.719,87.492,357.81,190.82,94.613,9.2786,66.655
123.75,-5.502,-138.56,-38.255,134.38,-63.792,82.046,348.05,188.16,94.823,8.7471,68.651
125.41,-5.5234,-141.3,-38.765,136.94,-64.728,76.686,337.78,185.18,95.138,8.2006,70.548
126.56,-5.583,-142.92,-39.113,138.68,-65.306,71.458,327.02,181.87,95.442,7.607,72.31
126.99,-5.5831,-143.26,-39.271,139.32,-65.362,66.438,315.77,178.31,95.645,6.9497,73.89
126.6,-5.4544,-142.34,-39.22,138.75,-64.841,61.682,304.13,174.67,95.716,6.2337,75.246
125.37,-5.1757,-140.28,-38.967,137.01,-63.832,57.13,292.27,171.04,95.657,5.4818,76.356
123.5,-4.7802,-137.31,-38.547,134.29,-62.52,52.615,280.35,167.31,95.472,4.7245,77.242
121.24,-4.3458,-133.69,-38.021,130.87,-61.055,47.946,268.37,163.31,95.162,3.993,77.943
118.85,-3.9693,-129.67,-37.443,127.06,-59.455,43.013,256.19,158.95,94.698,3.3203,78.488
116.51,-3.7336,-125.5,-36.844,123.17,-57.609,37.85,243.6,154.22,94.002,2.7475,78.88
114.32,-3.6796,-121.36,-36.244,119.45,-55.403,32.594,230.48,149.12,92.98,2.3249,79.11
112.35,-3.787,-117.4,-35.677,116.12,-52.923,27.364,216.89,143.7,91.594,2.1085,79.174
110.74,-3.9624,-113.69,-35.213,113.29,-50.472,22.2,203.08,137.97,89.874,2.156,79.096
109.63,-4.0503,-110.3,-34.94,110.99,-48.297,17.135,189.42,131.99,87.866,2.5216,78.917
109.06,-3.8747,-107.28,-34.943,109.15,-46.363,12.356,176.23,125.87,85.658,3.2436,78.683
108.82,-3.2841,-104.61,-35.274,107.69,-44.431,8.2417,163.63,119.75,83.48,4.3351,78.428
108.59,-2.1679,-102.17,-35.924,106.53,-42.267,5.0351,151.53,113.74,81.643,5.7853,78.165
108.12,-0.46638,-99.825,-36.817,105.58,-39.772,2.6292,139.68,107.88,80.225,7.5717,77.881
107.37,1.7735,-97.404,-37.829,104.59,-36.977,0.75747,127.85,102.19,78.965,9.6627,77.545
106.39,4.3407,-94.781,-38.806,103.23,-33.985,-0.81513,116.0,96.681,77.513,11.997,77.122
105.09,6.8843,-91.876,-39.572,101.23,-30.92,-2.2672,104.39,91.394,75.666,14.462,76.585
103.14,9.0127,-88.683,-39.942,98.459,-27.889,-3.7635,93.346,86.273,73.426,16.947,75.93
100.31,10.405,-85.297,-39.762,94.982,-24.966,-5.4924,83.056,81.266,70.93,19.472,75.178
96.574,10.887,-81.889,-38.937,91.032,-22.24,-7.6644,73.427,76.438,68.368,22.23,74.358
92.138,10.446,-78.601,-37.463,86.922,-19.838,-10.441,64.196,71.894,65.931,25.475,73.5
87.372,9.2013,-75.441,-35.431,82.889,-17.855,-13.806,55.023,67.626,63.738,29.347,72.604
82.645,7.3658,-72.325,-33.027,79.039,-16.28,-17.495,45.686,63.485,61.77,33.766,71.641
78.206,5.2513,-69.183,-30.49,75.406,-15.016,-21.11,36.413,59.252,59.86,38.428,70.553
74.15,3.2643,-65.973,-28.034,72.004,-13.912,-24.338,27.949,54.722,57.733,42.912,69.272
70.447,1.8271,-62.6,-25.786,68.781,-12.805,-27.036,20.95,49.807,55.114,46.832,67.755
66.952,1.2112,-58.899,-23.796,65.58,-11.562,-29.193,15.444,44.665,51.939,49.951,66.004
63.409,1.4342,-54.699,-22.032,62.175,-10.099,-30.857,11.072,39.632,48.566,52.194,64.067
59.524,2.3116,-49.929,-20.363,58.387,-8.4064,-32.119,7.4704,34.929,45.504,53.603,62.02
55.181,3.5686,-44.702,-18.545,54.192,-6.5569,-33.101,4.3754,30.551,42.905,54.301,59.935
50.622,4.9332,-39.312,-16.346,49.754,-4.6931,-33.928,1.5992,26.424,40.624,54.439,57.86
46.294,6.1883,-34.134,-13.893,45.363,-2.9809,-34.681,-1.0053,22.522,38.5,54.157,55.804
42.488,7.1763,-29.478,-11.675,41.327,-1.5558,-35.38,-3.559,18.835,36.434,53.571,53.743
39.244,7.7951,-25.497,-9.9811,37.848,-0.48627,-36.001,-6.1564,15.356,34.366,52.783,51.639
36.472,8.0045,-22.164,-8.7046,34.95,0.23361,-36.498,-8.8529,12.092,32.258,51.862,49.465
34.062,7.8287,-19.307,-7.614,32.527,0.6695,-36.823,-11.652,9.0827,30.083,50.834,47.219
31.922,7.3587,-16.751,-6.5478,30.422,0.92257,-36.942,-14.5,6.382,27.815,49.683,44.931
29.981,6.7518,-14.473,-5.457,28.459,1.1038,-36.856,-17.296,4.0275,25.425,48.359,42.648
28.172,6.2113,-12.533,-4.3817,26.422,1.3148,-36.61,-19.923,2.0207,22.919,46.808,40.407
26.42,5.9344,-10.885,-3.4051,24.13,1.6355,-36.281,-22.277,0.33103,20.391,45.008,38.214
24.647,6.0405,-9.4097,-2.5982,21.572,2.1159,-35.937,-24.289,-1.087,17.994,42.988,36.046
22.786,6.525,-8.0191,-1.9801,18.916,2.7665,-35.605,-25.932,-2.2779,15.85,40.805,33.877
20.77,7.2654,-6.6692,-1.5106,16.343,3.5561,-35.266,-27.21,-3.2762,13.99,38.51,31.71
18.522,8.0696,-5.3417,-1.1127,13.914,4.4206,-34.866,-28.152,-4.1077,12.379,36.124,29.601
15.97,8.7427,-4.0344,-0.7047,11.584,5.2796,-34.335,-28.806,-4.7945,10.974,33.633,27.646
13.124,9.1397,-2.7597,-0.22063,9.3014,6.0518,-33.608,-29.228,-5.3599,9.7467,31.002,25.915
10.145,9.1777,-1.5461,0.38502,7.1018,6.6655,-32.647,-29.463,-5.8274,8.6838,28.194,24.414
7.3124,8.8168,-0.44367,1.1386,5.111,7.0635,-31.438,-29.531,-6.2139,7.7739,25.198,23.082
4.8529,8.0468,0.48161,2.0462,3.4547,7.2062,-29.984,-29.409,-6.5238,6.9955,22.037,21.839
2.831,6.8893,1.169,3.0915,2.1765,7.0779,-28.286,-29.041,-6.7476,6.3138,18.779,20.619
1.1869,5.4032,1.5897,4.2388,1.2401,6.6939,-26.339,-28.36,-6.8686,5.6899,15.523,19.382
-0.17753,3.6913,1.7638,5.4423,0.56789,6.1084,-24.145,-27.32,-6.8712,5.0943,12.372,18.114
-1.3525,1.8994,1.7614,6.6529,0.065145,5.4136,-21.73,-25.915,-6.7488,4.5176,9.4145,16.818
-2.4004,0.2037,1.6857,7.8161,-0.36179,4.7246,-19.139,-24.176,-6.5044,3.9719,6.7146,15.508
-3.3461,-1.218,1.6398,8.8653,-0.78006,4.1519,-16.417,-22.165,-6.1472,3.4825,4.3128,14.188
-4.1724,-2.2247,1.69,9.7228,-1.2088,3.7721,-13.636,-19.962,-5.6879,3.0758,2.2387,12.847
-4.825,-2.7459,1.8431,10.312,-1.6182,3.6088,-10.937,-17.659,-5.1379,2.7693,0.51903,11.464
-5.226,-2.7939,2.044,10.574,-1.9446,3.6275,-8.5042,-15.353,-4.5106,2.5662,-0.82004,10.025
-5.2959,-2.4509,2.1961,10.477,-2.1085,3.7486,-6.4649,-13.132,-3.823,2.4569,-1.7565,8.5538
-4.978,-1.8403,2.1974,10.029,-2.0327,3.8731,-4.8441,-11.068,-3.0941,2.4257,-2.2814,7.1219
-4.2612,-1.0944,1.9762,9.2701,-1.6689,3.9125,-3.5931,-9.2022,-2.3436,2.4597,-2.4088,5.8324
-3.1985,-0.32832,1.5151,8.2807,-1.0255,3.8137,-2.6415,-7.5433,-1.589,2.5559,-2.1837,4.7692
-1.9134,0.37376,0.8587,7.1696,-0.18014,3.572,-1.9266,-6.0709,-0.84255,2.7216,-1.6848,3.9552
-0.58319,0.95998,0.10655,6.0633,0.73463,3.2284,-1.3997,-4.7434,-0.10627,2.9675,-1.0188,3.3572
0.59549,1.4033,-0.61032,5.0883,1.5633,2.8535,-1.0213,-3.5067,0.63263,3.2992,-0.30659,2.9074
1.4469,1.6892,-1.1643,4.352,2.1623,2.5224,-0.75247,-2.305,1.4012,3.7111,0.33757,2.5348
1.8486,1.8029,-1.4646,3.9303,2.4277,2.2885,-0.55137,-1.0948,2.2327,4.1841,0.82456,2.1893
1.7505,1.7227,-1.477,3.8644,2.3157,2.1678,-0.37703,0.14134,3.1524,4.6881,1.0983,1.8496
1.1801,1.4234,-1.2274,4.1593,1.8507,2.135,-0.19525,1.3888,4.1643,5.1883,1.1378,1.5176
0.23339,0.88567,-0.78919,4.7838,1.1193,2.1328,0.016374,2.608,5.242,5.6519,0.96242,1.203
-0.94759,0.10693,-0.26239,5.6723,0.24643,2.0927,0.26808,3.7538,6.331,6.0543,0.63896,0.90903
-2.2069,-0.88731,0.2501,6.7328,-0.63465,1.9619,0.56254,4.7957,7.3621,6.3827,0.27822,0.6267
-3.4054,-2.0279,0.66761,7.8546,-1.4129,1.727,0.89881,5.7302,8.2728,6.6331,0.014549,0.33157
-4.4387,-3.19,0.95583,8.9174,-2.0226,1.4243,1.275,6.5799,9.027,6.8048,-0.022646,-0.0041241
-5.2387,-4.2003,1.1405,9.7996,-2.455,1.1351,1.6874,7.3812,9.6231,6.8941,0.26497,-0.40199
-5.7658,-4.8713,1.2965,10.391,-2.7486,0.9626,2.1282,8.1684,10.087,6.8952,0.92643,-0.86643
-6.0023,-5.048,1.5107,10.609,-2.9551,0.99972,2.5846,8.9619,10.457,6.8039,1.953,-1.3865
-5.9499,-4.6466,1.8401,10.41,-3.1098,1.298,3.0392,9.765,10.769,6.6211,3.2789,-1.9407
-5.6277,-3.6783,2.2877,9.8014,-3.2223,1.8492,3.4713,10.567,11.042,6.3539,4.792,-2.503
-5.0713,-2.2538,2.8023,8.8403,-3.2808,2.5842,3.8571,11.35,11.281,6.013,6.3522,-3.0517
-4.3347,-0.5679,3.2961,7.6308,-3.2635,3.3885,4.1722,12.091,11.475,5.6087,7.8191,-3.5748
-3.4936,1.1318,3.6766,6.319,-3.156,4.1298,4.3965,12.772,11.61,5.1474,9.0724,-4.0734
-2.6467,2.586,3.878,5.0766,-2.9648,4.6892,4.5206,13.38,11.675,4.635,10.021,-4.5589
-1.9112,3.5707,3.8833,4.077,-2.7239,4.9879,4.5512,13.919,11.671,4.0812,10.61,-5.0407
-1.413,3.9413,3.7306,3.4685,-2.4944,5.002,4.5125,14.406,11.619,3.5064,10.828,-5.5191
-1.2703,3.6574,3.5039,3.35,-2.3589,4.7626,4.4397,14.864,11.54,2.9394,10.691,-5.9808
-1.5714,2.7751,3.3113,3.7545,-2.4058,4.3425,4.3685,15.312,11.444,2.4082,10.221,-6.4056
-2.3489,1.421,3.2532,4.6441,-2.7063,3.8336,4.3238,15.76,11.322,1.9304,9.427,-6.7779
-3.5621,-0.23626,3.3919,5.9154,-3.2895,3.323,4.3147,16.191,11.146,1.5053,8.3168,-7.0951
-5.0954,-2.0084,3.7351,7.4133,-4.1274,2.8768,4.3361,16.573,10.886,1.1157,6.9249,-7.3722
-6.7749,-3.7055,4.2383,8.9554,-5.136,2.5329,4.3786,16.864,10.531,0.73915,5.3315,-7.6361
-8.4022,-5.1569,4.8252,10.368,-6.193,2.3013,4.4378,17.033,10.1,0.36385,3.6601,-7.9117
-9.7988,-6.2377,5.417,11.516,-7.1722,2.1757,4.5133,17.072,9.6413,-0.00076233,2.051,-8.2076
-10.85,-6.8922,5.9563,12.326,-7.9831,2.1489,4.6024,16.998,9.2146,-0.32808,0.62046,-8.5061
-11.525,-7.1366,6.4174,12.78,-8.5941,2.2218,4.6954,16.839,8.8649,-0.58835,-0.5764,-8.7725
-11.854,-7.0341,6.8036,12.907,-9.0295,2.4024,4.7771,16.619,8.6085,-0.76325,-1.5591,-8.9721
-11.9,-6.6596,7.1424,12.761,-9.3427,2.6979,4.8326,16.36,8.4331,-0.85402,-2.4092,-9.0918
-11.728,-6.0753,7.4705,12.403,-9.5782,3.1087,4.8522,16.075,8.3091,-0.88075,-3.2409,-9.144
-11.4,-5.3234,7.8122,11.885,-9.7434,3.6249,4.8331,15.771,8.207,-0.87388,-4.1686,-9.16
-10.943,-4.428,8.1602,11.233,-9.8033,4.2247,4.7771,15.454,8.1039,-0.86134,-5.2789,-9.1759
-10.333,-3.3985,8.4695,10.443,-9.692,4.8723,4.6886,15.125,7.9846,-0.85584,-6.6131,-9.2143
-9.4974,-2.2345,8.6658,9.4892,-9.3346,5.5185,4.5726,14.79,7.8415,-0.84878,-8.1614,-9.2757
-8.3597,-0.93418,8.666,8.3375,-8.6748,6.1075,4.4353,14.448,7.6728,-0.8134,-9.8668,-9.3386
-6.8869,0.4982,8.4071,6.9712,-7.7009,6.5869,4.2839,14.093,7.4807,-0.72128,-11.638,-9.3671
-5.1189,2.0448,7.872,5.4161,-6.4605,6.9187,4.125,13.708,7.2688,-0.5569,-13.383,-9.3268
-3.1676,3.6534,7.0995,3.7518,-5.0582,7.084,3.9642,13.267,7.0346,-0.32984,-15.043,-9.2007
-1.1985,5.204,6.1747,2.1034,-3.633,7.0803,3.8034,12.748,6.77,-0.074269,-16.624,-8.9993
0.59436,6.507,5.2027,0.62669,-2.3274,6.9147,3.6435,12.143,6.4641,0.16333,-18.172,-8.7572
2.0173,7.3564,4.2807,-0.50538,-1.2581,6.5978,3.4866,11.468,6.111,0.34263,-19.737,-8.5171
2.9096,7.5937,3.4758,-1.1303,-0.4993,6.1382,3.3374,10.764,5.7172,0.44501,-21.321,-8.3092
3.1751,7.1402,2.8159,-1.1432,-0.077972,5.5365,3.2021,10.083,5.2998,0.47793,-22.86,-8.1395
2.7969,5.9959,2.2944,-0.52765,0.020661,4.7861,3.0841,9.4649,4.875,0.46378,-24.25,-7.9915
1.8352,4.2208,1.8854,0.65666,-0.15883,3.884,2.9786,8.9218,4.4448,0.42097,-25.397,-7.8398
0.41878,1.9274,1.5589,2.2912,-0.5542,2.8509,2.8737,8.4323,3.9919,0.34961,-26.257,-7.666
-1.2685,-0.69013,1.2922,4.1987,-1.0924,1.7462,2.7566,7.9524,3.4893,0.23149,-26.832,-7.4655
-3.008,-3.3295,1.0769,6.154,-1.6934,0.6706,2.6233,7.4373,2.9192,0.043648,-27.132,-7.2447
-4.574,-5.6182,0.92179,7.906,-2.2766,-0.24979,2.4844,6.861,2.2858,-0.22419,-27.154,-7.0104
-5.7644,-7.2115,0.84858,9.2144,-2.7703,-0.8918,2.363,6.2241,1.6168,-0.56065,-26.862,-6.7623
-6.4351,-7.8995,0.87803,9.9026,-3.1202,-1.1683,2.2837,5.5476,0.95094,-0.9386,-26.189,-6.4926
-6.5296,-7.6644,1.0116,9.9018,-3.2921,-1.0578,2.2606,4.8578,0.32219,-1.3297,-25.065,-6.193
-6.0859,-6.6703,1.2191,9.2628,-3.2732,-0.61965,2.2912,4.177,-0.25113,-1.7186,-23.455,-5.8641
-5.2244,-5.1996,1.4422,8.1365,-3.0717,0.017768,2.3575,3.5151,-0.76976,-2.1054,-21.369,-5.5186
-4.113,-3.5543,1.6134,6.7319,-2.7155,0.69798,2.4333,2.8728,-1.2494,-2.4961,-18.841,-5.1745
-2.9221,-1.9636,1.6803,5.2598,-2.2461,1.2884,2.493,2.2486,-1.7099,-2.8906,-15.896,-4.8428
-1.788,-0.55682,1.6241,3.8832,-1.711,1.7146,2.5184,1.645,-2.163,-3.2759,-12.566,-4.5181
-0.79283,0.60527,1.4634,2.6987,-1.1573,1.9652,2.5022,1.0703,-2.6064,-3.6315,-8.9117,-4.1812
0.033837,1.5056,1.2453,1.7477,-0.62853,2.0762,2.447,0.53488,-3.0285,-3.9423,-5.0451,-3.8123
0.68997,2.1678,1.0256,1.0349,-0.16404,2.1028,2.3628,0.044769,-3.418,-4.2081,-1.123,-3.4075
1.1692,2.6228,0.84979,0.55201,0.20045,2.0896,2.2612,-0.40374,-3.7705,-4.4434,2.6654,-2.9856
1.4462,2.8644,0.73966,0.29905,0.43471,2.0512,2.1477,-0.82488,-4.0898,-4.6708,6.127,-2.5864
1.4849,2.8495,0.69,0.28886,0.5202,1.9695,2.0185,-1.2383,-4.3851,-4.9107,9.1029,-2.2586
1.2573,2.527,0.67377,0.54192,0.45726,1.803,1.8593,-1.6611,-4.6708,-5.1761,11.494,-2.0403
0.76006,1.863,0.65487,1.0732,0.26742,1.507,1.6523,-2.0955,-4.9654,-5.4693,13.259,-1.9397
0.032228,0.8703,0.6037,1.8639,-0.01096,1.0604,1.3854,-2.5253,-5.2903,-5.7826,14.408,-1.9303
-0.83845,-0.3651,0.50947,2.8347,-0.33092,0.48511,1.0603,-2.9198,-5.6599,-6.1012,14.984,-1.9647
-1.7313,-1.6909,0.38585,3.8522,-0.64734,-0.15129,0.69593,-3.2407,-6.0769,-6.4093,15.054,-1.9994
-2.5281,-2.9284,0.26865,4.7687,-0.92773,-0.75058,0.32443,-3.4565,-6.5308,-6.6973,14.681,-2.0149
-3.1485,-3.92,0.20591,5.4694,-1.1603,-1.2106,-0.019056,-3.556,-7.0006,-6.9684,13.91,-2.0236
-3.5721,-4.5639,0.24224,5.9024,-1.3561,-1.4547,-0.30799,-3.5532,-7.4625,-7.2364,12.772,-2.065
-3.8374,-4.8329,0.40398,6.0841,-1.543,-1.4537,-0.53119,-3.4792,-7.8978,-7.5155,11.298,-2.1866
-4.0184,-4.7774,0.69214,6.0784,-1.7537,-1.2306,-0.69232,-3.3665,-8.2977,-7.8077,9.5446,-2.4137
-4.187,-4.506,1.0856,5.9607,-2.0119,-0.84615,-0.80432,-3.2396,-8.6656,-8.0951,7.5986,-2.7319
-4.3794,-4.1317,1.5509,5.784,-2.3208,-0.37143,-0.88234,-3.1065,-9.013,-8.3439,5.5654,-3.0921
-4.5789,-3.7108,2.0509,5.5658,-2.6598,0.13867,-0.93766,-2.9622,-9.3502,-8.5199,3.5412,-3.433
-4.7194,-3.2276,2.5503,5.287,-2.987,0.65819,-0.97379,-2.795,-9.6774,-8.6042,1.5895,-3.7087
-4.7077,-2.623,3.0192,4.8983,-3.2514,1.1863,-0.98553,-2.5951,-9.981,-8.6036,-0.26675,-3.9045
-4.4547,-1.8303,3.4352,4.3394,-3.4078,1.7349,-0.96279,-2.3627,-10.238,-8.5487,-2.0386,-4.0392
-3.9112,-0.80136,3.7857,3.5688,-3.433,2.3141,-0.89568,-2.1125,-10.425,-8.4799,-3.7564,-4.1546
-3.097,0.46715,4.0693,2.5946,-3.3342,2.924,-0.77978,-1.8707,-10.522,-8.4313,-5.4556,-4.2938
-2.1104,1.913,4.2961,1.4892,-3.1492,3.553,-0.61892,-1.6674,-10.525,-8.4186,-7.1654,-4.4814
-1.1093,3.4057,4.4871,0.38108,-2.9391,4.1789,-0.42366,-1.5278,-10.45,-8.4347,-8.9007,-4.7118
-0.27228,4.7692,4.6721,-0.5768,-2.7745,4.7695,-0.20666,-1.4642,-10.333,-8.4561,-10.659,-4.9526
0.24839,5.8245,4.8793,-1.248,-2.7183,5.2859,0.022541,-1.4704,-10.209,-8.454,-12.417,-5.1585
0.36609,6.4367,5.1196,-1.5484,-2.8043,5.6866,0.26023,-1.5254,-10.102,-8.4065,-14.137,-5.2907
0.082034,6.5458,5.3729,-1.4653,-3.0206,5.9331,0.50721,-1.6006,-10.003,-8.3085,-15.77,-5.3331
-0.51617,6.1714,5.5871,-1.0571,-3.307,5.9953,0.76421,-1.6732,-9.8864,-8.1741,-17.274,-5.2965
-1.2791,5.3987,5.692,-0.4359,-3.5712,5.8568,1.0268,-1.7385,-9.7177,-8.0312,-18.618,-5.2092
-2.0354,4.3625,5.6219,0.2607,-3.719,5.5216,1.283,-1.8132,-9.4766,-7.9111,-19.784,-5.1011
-2.6361,3.23,5.3412,0.90468,-3.688,5.0172,1.5149,-1.9283,-9.1718,-7.8374,-20.755,-4.9919
-2.9891,2.1696,4.8615,1.411,-3.4692,4.3939,1.7022,-2.1157,-8.8439,-7.8176,-21.5,-4.8856
-3.0751,1.3055,4.2427,1.7519,-3.1069,3.7157,1.8272,-2.3946,-8.5503,-7.841,-21.982,-4.7753
-2.9366,0.68557,3.5706,1.9473,-2.6763,3.0487,1.8786,-2.762,-8.3422,-7.8846,-22.172,-4.6532
-2.6507,0.27823,2.9264,2.0371,-2.2539,2.4437,1.8548,-3.1926,-8.2423,-7.923,-22.069,-4.5126
-2.2997,-0.0041777,2.3598,2.0621,-1.8937,1.9205,1.7631,-3.6457,-8.2367,-7.9396,-21.701,-4.3494
-1.9514,-0.27029,1.8816,2.0595,-1.6152,1.4625,1.6176,-4.0779,-8.2827,-7.933,-21.124,-4.1656
-1.6493,-0.6109,1.4779,2.0607,-1.4092,1.0281,1.4353,-4.454,-8.3264,-7.917,-20.407,-3.9717
-1.4128,-1.0606,1.1339,2.081,-1.252,0.58445,1.2332,-4.7503,-8.3243,-7.9128,-19.621,-3.7875
-1.2458,-1.5725,0.8495,2.1111,-1.1197,0.1455,1.0277,-4.9491,-8.2569,-7.9401,-18.814,-3.6367
-1.1502,-2.0248,0.64773,2.119,-1.007,-0.21277,0.83517,-5.0308,-8.1329,-8.0085,-18.003,-3.5361
-1.1352,-2.2575,0.58065,2.0622,-0.94629,-0.37343,0.67205,-4.9742,-7.9808,-8.1146,-17.192,-3.4899
-1.216,-2.1111,0.73372,1.9018,-1.0073,-0.21108,0.55491,-4.764,-7.8332,-8.2426,-16.396,-3.4897
-1.4026,-1.453,1.2115,1.6127,-1.2693,0.37599,0.49921,-4.4031,-7.7115,-8.369,-15.653,-3.5207
-1.6858,-0.21533,2.0784,1.1897,-1.7752,1.419,0.5175,-3.9188,-7.6182,-8.4703,-14.965,-3.5661
-2.0273,1.5473,3.2889,0.65054,-2.4911,2.8364,0.61717,-3.3614,-7.5407,-8.5276,-14.227,-3.6109
-2.3615,3.6241,4.6715,0.037648,-3.3003,4.4341,0.79814,-2.7921,-7.4625,-8.5307,-13.205,-3.6434
-2.6103,5.6824,5.9676,-0.58427,-4.0337,5.9454,1.0508,-2.2658,-7.3738,-8.4786,-11.614,-3.6575
-2.7049,7.3615,6.902,-1.1372,-4.5209,7.0938,1.3542,-1.814,-7.2749,-8.3804,-9.2341,-3.6533
-2.6071,8.3719,7.2631,-1.5445,-4.6371,7.6607,1.6767,-1.4393,-7.1737,-8.2539,-5.974,-3.6342
-2.3218,8.5568,6.961,-1.7462,-4.3341,7.5346,1.9798,-1.1197,-7.0796,-8.1225,-1.8594,-3.6066
-1.8983,7.9065,6.0396,-1.71,-3.6473,6.7285,2.2261,-0.8194,-6.9969,-8.0077,2.9802,-3.5801
-1.4169,6.5372,4.646,-1.4355,-2.6804,5.3666,2.3894,-0.50162,-6.9202,-7.9212,8.2805,-3.5674
-0.96693,4.6497,2.9774,-0.95213,-1.5732,3.6421,2.4605,-0.13879,-6.834,-7.8613,13.645,-3.5803
-0.62447,2.4809,1.2269,-0.30825,-0.46404,1.7566,2.4476,0.28036,-6.7166,-7.8143,18.668,-3.6243
-0.43852,0.2551,-0.45544,0.44462,0.5372,-0.12669,2.3698,0.74955,-6.548,-7.7602,23.06,-3.6952
-0.42954,-1.8601,-1.9796,1.2681,1.3592,-1.8989,2.2488,1.2488,-6.3174,-7.679,26.677,-3.7818
-0.59643,-3.7803,-3.3099,2.1446,1.9663,-3.503,2.1036,1.7502,-6.0297,-7.5554,29.499,-3.8696
-0.92652,-5.4863,-4.4314,3.0725,2.3504,-4.9148,1.9462,2.2236,-5.7073,-7.3828,31.592,-3.9448
-1.4033,-6.9801,-5.3235,4.0515,2.5227,-6.1127,1.7812,2.6397,-5.3848,-7.1643,33.033,-3.9961
-2.0072,-8.2717,-5.9664,5.0665,2.5042,-7.07,1.6083,2.9725,-5.0981,-6.9108,33.878,-4.017
-2.7092,-9.3818,-6.3509,6.0767,2.32,-7.7775,1.4296,3.2023,-4.8701,-6.6369,34.192,-4.0067
-3.4621,-10.31,-6.4765,7.0127,1.9971,-8.2465,1.2572,3.3188,-4.702,-6.3541,34.024,-3.9689
-4.1971,-10.996,-6.3484,7.7852,1.5668,-8.4824,1.1147,3.3259,-4.574,-6.0666,33.371,-3.9053
-4.831,-11.333,-5.9816,8.3005,1.0683,-8.462,1.0313,3.2444,-4.4557,-5.7693,32.245,-3.8117
-5.2829,-11.211,-5.4064,8.4808,0.55106,-8.1447,1.0288,3.112,-4.3202,-5.4518,30.732,-3.6808
-5.493,-10.565,-4.6689,8.2819,0.067216,-7.5043,1.1113,2.9771,-4.1544,-5.1052,28.946,-3.5079
-5.439,-9.39,-3.8232,7.7057,-0.3432,-6.5515,1.2616,2.8872,-3.9622,-4.7287,26.981,-3.2941
-5.1429,-7.7501,-2.9178,6.8033,-0.66485,-5.3334,1.4466,2.8754,-3.7591,-4.3309,24.896,-3.0448
-4.6688,-5.7707,-1.9844,5.6709,-0.91039,-3.9215,1.6305,2.9524,-3.5632,-3.9254,22.724,-2.7649
-4.108,-3.6295,-1.0406,4.4364,-1.1127,-2.4072,1.7875,3.1063,-3.3873,-3.5229,20.481,-2.4558
-3.5582,-1.5365,-0.10217,3.2407,-1.3085,-0.89963,1.9103,3.3108,-3.2359,-3.1254,18.185,-2.1141
-3.1002,0.30219,0.8006,2.2134,-1.5214,0.48572,2.0103,3.5348,-3.1068,-2.7245,15.864,-1.7342
-2.7823,1.7289,1.6149,1.4504,-1.7508,1.6433,2.1105,3.749,-2.9959,-2.3084,13.558,-1.3136
-2.6145,2.6571,2.2687,1.0011,-1.9714,2.4894,2.234,3.9286,-2.9014,-1.8713,11.305,-0.8614
-2.5753,3.0664,2.6889,0.86732,-2.1428,2.9735,2.3926,4.0549,-2.825,-1.4202,9.1391,-0.40524
-2.6248,2.994,2.8292,1.0091,-2.2269,3.0909,2.5834,4.1185,-2.7691,-0.9736,7.0908,0.011048
-2.7208,2.5319,2.6926,1.3523,-2.2057,2.8871,2.7933,4.1243,-2.7301,-0.55017,5.1879,0.34536
-2.8327,1.8208,2.34,1.805,-2.0931,2.45,3.0068,4.0942,-2.693,-0.15699,3.4559,0.58008
-2.9518,1.0186,1.8759,2.2826,-1.9326,1.89,3.2128,4.0629,-2.6315,0.21342,1.9152,0.73019
-3.092,0.25422,1.4144,2.7336,-1.782,1.315,3.4046,4.0697,-2.5159,0.57346,0.57657,0.8282
-3.2814,-0.40696,1.0385,3.1506,-1.6907,0.806,3.577,4.1392,-2.3264,0.92574,-0.56237,0.89859
-3.5484,-0.97476,0.77426,3.5632,-1.6805,0.39077,3.7216,4.2756,-2.0637,1.2541,-1.5175,0.94109
-3.9066,-1.5232,0.58559,4.0168,-1.7374,0.030704,3.8253,4.4634,-1.7512,1.5269,-2.3131,0.9316
-4.3447,-2.1554,0.3925,4.5484,-1.8168,-0.36301,3.8719,4.6763,-1.4259,1.71,-2.973,0.83759
-4.8218,-2.9515,0.10534,5.1652,-1.8576,-0.88561,3.8477,4.8882,-1.1232,1.7833,-3.5153,0.63742
-5.2729,-3.9211,-0.33745,5.8337,-1.8029,-1.5897,3.7476,5.0802,-0.86262,1.7506,-3.9522,0.33285
-5.6242,-4.9858,-0.94279,6.4833,-1.6208,-2.4553,3.5769,5.2425,-0.64402,1.636,-4.2973,-0.051626
-5.8148,-6.0031,-1.6556,7.0252,-1.3171,-3.392,3.3484,5.3709,-0.45576,1.468,-4.5724,-0.47951
-5.8156,-6.815,-2.3729,7.38,-0.93668,-4.2657,3.0771,5.4618,-0.2891,1.2628,-4.8105,-0.91584
-5.6402,-7.2994,-2.9769,7.5053,-0.54909,-4.9391,2.7749,5.5084,-0.14826,1.0178,-5.053,-1.3376
-5.3433,-7.408,-3.3769,7.411,-0.22597,-5.3143,2.4493,5.5018,-0.049394,0.71656,-5.3418,-1.7383
-5.0069,-7.1816,-3.5394,7.1594,-0.017845,-5.3656,2.1042,5.4355,-0.0098077,0.34217,-5.7093,-2.1265
-4.7171,-6.7435,-3.4951,6.8473,0.059639,-5.1528,1.7446,5.3113,-0.033751,-0.11075,-6.1699,-2.5175
-4.5393,-6.2653,-3.3213,6.5757,0.026319,-4.8025,1.3803,5.1423,-0.10814,-0.62755,-6.7166,-2.9209
-4.4978,-5.9023,-3.1117,6.4156,-0.072978,-4.4585,1.027,4.9506,-0.20602,-1.1734,-7.3225,-3.3307
-4.5674,-5.726,-2.9443,6.3846,-0.18436,-4.221,0.70419,4.7605,-0.2998,-1.7019,-7.9425,-3.7235
-4.6806,-5.6976,-2.8577,6.4411,-0.26051,-4.107,0.43095,4.5892,-0.37585,-2.1675,-8.5107,-4.0645
-4.7476,-5.6945,-2.8399,6.4968,-0.27249,-4.0499,0.22176,4.4405,-0.44245,-2.5374,-8.9411,-4.3185
-4.6834,-5.5562,-2.8377,6.4412,-0.21542,-3.9345,0.083867,4.3046,-0.52597,-2.7992,-9.1399,-4.4631
-4.4314,-5.1334,-2.7861,6.1766,-0.10637,-3.6605,0.017474,4.165,-0.6561,-2.9621,-9.029,-4.4988
-3.9809,-4.3386,-2.6436,5.652,0.024797,-3.1931,0.018565,4.008,-0.84725,-3.0486,-8.5681,-4.4514
-3.3739,-3.1908,-2.4081,4.8897,0.14728,-2.5679,0.082429,3.8371,-1.0863,-3.0815,-7.764,-4.3634
-2.7,-1.8316,-2.1136,3.992,0.23827,-1.869,0.20578,3.6738,-1.3341,-3.0715,-6.6673,-4.2787
-2.0775,-0.50229,-1.8167,3.1205,0.2861,-1.2095,0.38624,3.5504,-1.5394,-3.0138,-5.3641,-4.228
-1.6248,0.52035,-1.58,2.4538,0.28791,-0.71112,0.61955,3.4982,-1.6583,-2.8932,-3.9644,-4.2214
-1.4346,1.0092,-1.4525,2.1413,0.24441,-0.47524,0.89563,3.536,-1.6689,-2.6942,-2.5881,-4.2492
-1.5579,0.85067,-1.4533,2.2695,0.15417,-0.55237,1.1971,3.6628,-1.5766,-2.4107,-1.348,-4.2902
-2.0013,0.060809,-1.5639,2.8484,0.010154,-0.92722,1.5017,3.8609,-1.4081,-2.0521,-0.33131,-4.3228
-2.7322,-1.2396,-1.7317,3.8167,-0.19968,-1.5239,1.7873,4.1042,-1.1974,-1.6434,0.41852,-4.334
-3.6869,-2.8636,-1.8866,5.0589,-0.48706,-2.2266,2.0373,4.3703,-0.97073,-1.2183,0.90906,-4.3243
-4.7789,-4.5905,-1.9632,6.4242,-0.85513,-2.9078,2.2438,4.6484,-0.73637,-0.80711,1.1931,-4.3075
-5.9051,-6.1883,-1.9193,7.7479,-1.2908,-3.4541,2.4084,4.9408,-0.48611,-0.42706,1.3522,-4.3057
-6.9535,-7.4369,-1.7454,8.8739,-1.7614,-3.7866,2.5399,5.2569,-0.20574,-0.077511,1.4747,-4.3409
-7.8139,-8.1678,-1.4654,9.6759,-2.2165,-3.8716,2.6511,5.6046,0.11065,0.25527,1.6325,-4.4252
-8.3928,-8.309,-1.13,10.076,-2.5959,-3.722,2.7546,5.984,0.45503,0.58705,1.8614,-4.5535
-8.6285,-7.9066,-0.80456,10.059,-2.8399,-3.3872,2.8597,6.3853,0.80671,0.92388,2.154,-4.7016
-8.5015,-7.0998,-0.55427,9.6684,-2.9014,-2.9389,2.9699,6.7913,1.1426,1.2557,2.4667,-4.8329
-8.0372,-6.0683,-0.43018,8.999,-2.7549,-2.4589,3.0832,7.1806,1.4487,1.5575,2.7358,-4.9107
-7.3005,-4.9875,-0.46046,8.1688,-2.3998,-2.0279,3.1923,7.5303,1.7249,1.8001,2.8924,-4.9125
-6.3793,-4.0042,-0.64967,7.2934,-1.8594,-1.7131,3.2871,7.8189,1.9811,1.9623,2.8738,-4.8396
-5.3627,-3.2198,-0.98582,6.4642,-1.1754,-1.5551,3.357,8.0275,2.2253,2.0405,2.6317,-4.7165
-4.3232,-2.6776,-1.4493,5.736,-0.40034,-1.5631,3.3944,8.1402,2.454,2.0494,2.1378,-4.5802
-3.3101,-2.362,-2.015,5.1233,0.41215,-1.7167,3.3986,8.1448,2.6484,2.0113,1.3871,-4.467
-2.3538,-2.2083,-2.6468,4.6079,1.2147,-1.9703,3.3749,8.0358,2.7855,1.9426,0.39385,-4.401
-1.4724,-2.1225,-3.2915,4.152,1.9668,-2.2598,3.3277,7.8193,2.8506,1.8464,-0.8166,-4.388
-0.68141,-2.0066,-3.8811,3.716,2.6295,-2.5119,3.251,7.5175,2.8485,1.7156,-2.217,-4.4158
-0.005068,-1.7859,-4.3422,3.2783,3.1604,-2.6585,3.1247,7.1665,2.8008,1.541,-3.785,-4.4603
0.51258,-1.4315,-4.609,2.8505,3.5132,-2.6509,2.9207,6.8083,2.7346,1.3183,-5.5048,-4.4973
0.80767,-0.97258,-4.6364,2.4833,3.6434,-2.4725,2.6146,6.4786,2.6677,1.0521,-7.364,-4.5151
0.81009,-0.49302,-4.4109,2.2554,3.5182,-2.1454,2.1942,6.1951,2.6,0.75659,-9.3455,-4.521
0.46617,-0.11009,-3.9578,2.2511,3.1269,-1.7263,1.6639,5.9538,2.5153,0.45373,-11.421,-4.54
-0.23769,0.058077,-3.3406,2.5324,2.4918,-1.2949,1.0459,5.7334,2.3921,0.16948,-13.546,-4.6029
-1.2597,-0.074809,-2.6515,3.1184,1.6744,-0.93561,0.38008,5.5074,2.2171,-0.073812,-15.657,-4.7322
-2.5028,-0.54175,-1.9932,3.9763,0.77187,-0.71988,-0.28153,5.2583,1.9923,-0.26581,-17.673,-4.9331
-3.8292,-1.3169,-1.4594,5.0261,-0.099107,-0.69153,-0.88502,4.986,1.734,-0.41322,-19.497,-5.1878
-5.0861,-2.3244,-1.1164,6.1546,-0.82621,-0.85925,-1.3873,4.7091,1.4656,-0.53707,-21.037,-5.4627
-6.1302,-3.4568,-0.99344,7.235,-1.3244,-1.1978,-1.7672,4.457,1.2097,-0.66206,-22.21,-5.7217
-6.8498,-4.5951,-1.0856,8.1478,-1.5488,-1.6579,-2.0307,4.2606,0.98264,-0.8035,-22.947,-5.9407
-7.1789,-5.6235,-1.3664,8.7982,-1.4959,-2.1801,-2.2106,4.1438,0.79334,-0.95898,-23.18,-6.1162
-7.1059,-6.4377,-1.7973,9.1295,-1.1975,-2.7042,-2.3539,4.1186,0.64385,-1.1127,-22.846,-6.2637
-6.6745,-6.9537,-2.3263,9.1282,-0.7114,-3.1723,-2.5025,4.1816,0.53223,-1.2446,-21.902,-6.4075
-5.9747,-7.1162,-2.8833,8.8228,-0.11243,-3.5286,-2.6722,4.3162,0.4567,-1.3402,-20.353,-6.5676
-5.1224,-6.9048,-3.3866,8.273,0.51736,-3.721,-2.843,4.4978,0.42123,-1.3954,-18.261,-6.7504
-4.2368,-6.3311,-3.7574,7.5557,1.0972,-3.7047,-2.9697,4.7027,0.43848,-1.417,-15.721,-6.9454
-3.4215,-5.4347,-3.9335,6.7502,1.5555,-3.4487,-3.0107,4.9123,0.52629,-1.4179,-12.825,-7.1306
-2.7538,-4.2819,-3.8794,5.9271,1.8401,-2.9468,-2.9531,5.1145,0.7004,-1.4118,-9.6476,-7.2817
-2.2777,-2.9659,-3.5961,5.143,1.9303,-2.2289,-2.8168,5.3005,0.96576,-1.4085,-6.2679,-7.3819
-2.0011,-1.6041,-3.1287,4.4404,1.8459,-1.3676,-2.6381,5.4617,1.3116,-1.4131,-2.7838,-7.426
-1.8986,-0.3295,-2.5635,3.8519,1.645,-0.47252,-2.4492,5.5913,1.7126,-1.4235,0.68139,-7.4167
-1.9194,0.7254,-2.0137,3.4037,1.4101,0.33013,-2.2693,5.6881,2.1365,-1.4316,3.9933,-7.356
-2.0037,1.4487,-1.5926,3.1155,1.2261,0.92443,-2.1044,5.7591,2.5533,-1.4274,7.0283,-7.239
-2.1006,1.7687,-1.3857,2.9981,1.1566,1.23,-1.9523,5.817,2.9436,-1.4019,9.6891,-7.0527
-2.1806,1.6672,-1.4288,3.0494,1.2283,1.2178,-1.8069,5.8734,3.3031,-1.3519,11.911,-6.7858
-2.2366,1.1806,-1.7002,3.2516,1.4246,0.91307,-1.6625,5.9307,3.6391,-1.2841,13.659,-6.4379
-2.2761,0.39182,-2.1319,3.5709,1.695,0.38658,-1.5178,5.9789,3.9631,-1.216,14.923,-6.0234
-2.3095,-0.58358,-2.6359,3.9596,1.9779,-0.26329,-1.3782,6.0004,4.2826,-1.1707,15.707,-5.5716
-2.341,-1.6145,-3.1309,4.3638,2.2263,-0.93184,-1.2521,5.98,4.5959,-1.1647,16.042,-5.116
-2.3685,-2.5701,-3.551,4.7324,2.4159,-1.5253,-1.1431,5.9139,4.8928,-1.1971,15.966,-4.6807
-2.3896,-3.3344,-3.8386,5.0257,2.5325,-1.97,-1.0437,5.8118,5.159,-1.247,15.503,-4.2721
-2.4074,-3.8183,-3.942,5.2205,2.5602,-2.2147,-0.93764,5.6931,5.3833,-1.2818,14.651,-3.8826
-2.4351,-3.9673,-3.819,5.3089,2.4778,-2.2259,-0.80713,5.5827,5.5645,-1.2701,13.404,-3.5017
-2.4964,-3.7605,-3.4358,5.2948,2.2599,-1.9774,-0.64025,5.5098,5.7165,-1.1894,11.793,-3.1247
-2.6202,-3.2006,-2.7653,5.1871,1.8808,-1.4413,-0.43483,5.5076,5.8706,-1.0271,9.8885,-2.7535
-2.8292,-2.3008,-1.7923,4.9922,1.3206,-0.58945,-0.19662,5.6091,6.0705,-0.7757,7.7866,-2.3888
-3.1272,-1.0684,-0.52364,4.7054,0.57516,0.59388,0.066725,5.8392,6.3666,-0.42506,5.5893,-2.0226
-3.4903,0.51494,1.0059,4.3027,-0.33482,2.102,0.35368,6.2096,6.8079,0.042121,3.3975,-1.6358
-3.8654,2.5242,2.7347,3.7324,-1.3578,3.908,0.67586,6.7182,7.4366,0.65376,1.3079,-1.2
-4.1765,5.1233,4.5805,2.9084,-2.4154,5.9813,1.061,7.3542,8.2843,1.4489,-0.58997,-0.68082
-4.3396,8.5175,6.4542,1.7144,-3.4189,8.3143,1.5499,8.1046,9.3739,2.4747,-2.2179,-0.041046
-4.2804,12.709,8.2815,0.038303,-4.29,10.936,2.1885,8.9562,10.722,3.7758,-3.5118,0.75344
-3.9499,17.317,10.026,-2.1595,-4.9812,13.885,3.0177,9.8946,12.339,5.3828,-4.4227,1.7253
-3.3359,21.904,11.702,-4.8106,-5.4868,17.154,4.0643,10.901,14.226,7.3022,-4.9178,2.8758
-2.4671,26.31,13.373,-7.8054,-5.8411,20.659,5.3344,11.955,16.364,9.5043,-4.982,4.1777
-1.4116,30.56,15.136,-11.076,-6.0997,24.306,6.8111,13.033,18.707,11.918,-4.6191,5.5769
-0.26432,34.675,17.138,-14.565,-6.3155,28.059,8.4523,14.115,21.176,14.435,-3.8541,7.0051
0.87189,38.66,19.564,-18.122,-6.5306,31.919,10.189,15.181,23.669,16.94,-2.7337,8.3977
1.9058,42.555,22.58,-21.493,-6.7846,35.836,11.922,16.206,26.078,19.337,-1.3235,9.7081
2.7702,46.438,26.224,-24.456,-7.1223,39.687,13.516,17.154,28.306,21.573,0.29866,10.912
3.4283,50.367,30.355,-26.932,-7.5829,43.352,14.81,17.976,30.282,23.648,2.0513,12.0
3.879,54.335,34.673,-28.963,-8.1759,46.779,15.651,18.629,31.976,25.603,3.8586,12.969
4.1655,58.267,38.855,-30.637,-8.8642,49.983,15.955,19.088,33.393,27.487,5.6597,13.815
4.3787,62.074,42.713,-32.058,-9.5666,53.014,15.773,19.348,34.563,29.3,7.4126,14.528
4.6439,65.693,46.236,-33.327,-10.184,55.927,15.331,19.421,35.513,30.96,9.0911,15.097
5.0754,69.089,49.483,-34.522,-10.638,58.751,14.935,19.321,36.261,32.338,10.675,15.513
5.7233,72.21,52.466,-35.679,-10.912,61.467,14.736,19.048,36.802,33.33,12.143,15.772
6.5423,74.95,55.104,-36.786,-11.05,63.98,14.491,18.592,37.119,33.893,13.47,15.88
7.4031,77.154,57.261,-37.799,-11.13,66.127,13.636,17.933,37.18,34.025,14.628,15.848
8.1478,78.676,58.811,-38.663,-11.223,67.735,11.721,17.057,36.932,33.763,15.597,15.696
8.6637,79.435,59.689,-39.323,-11.347,68.686,8.7185,15.963,36.312,33.162,16.376,15.445
8.9302,79.442,59.872,-39.743,-11.461,68.934,4.863,14.673,35.273,32.291,16.994,15.12
9.014,78.756,59.336,-39.909,-11.48,68.478,0.39538,13.222,33.802,31.213,17.505,14.743
9.0268,77.434,58.034,-39.825,-11.312,67.341,-4.5065,11.65,31.93,29.971,17.96,14.327
9.0736,75.526,55.939,-39.509,-10.89,65.567,-9.6744,9.992,29.712,28.563,18.374,13.868
9.2097,73.108,53.092,-38.987,-10.199,63.235,-14.933,8.2739,27.209,26.944,18.707,13.351
9.4163,70.297,49.61,-38.29,-9.2858,60.469,-20.158,6.5112,24.486,25.066,18.878,12.753
9.6066,67.232,45.665,-37.454,-8.2443,57.423,-25.322,4.7072,21.617,22.935,18.793,12.065
9.6704,64.033,41.454,-36.499,-7.1789,54.251,-30.426,2.8519,18.687,20.634,18.387,11.311
9.5376,60.787,37.172,-35.436,-6.1684,51.069,-35.385,0.92143,15.786,18.302,17.642,10.548
9.2184,57.543,32.971,-34.269,-5.2482,47.928,-39.994,-1.1223,12.986,16.064,16.594,9.8516
8.7961,54.333,28.912,-33.015,-4.4146,44.805,-44.06,-3.3279,10.329,13.973,15.324,9.2761
8.39,51.174,24.962,-31.701,-3.6413,41.625,-47.557,-5.7546,7.822,12.001,13.927,8.8333
8.1214,48.063,21.092,-30.368,-2.8953,38.303,-50.611,-8.457,5.4432,10.068,12.481,8.4856
8.0985,44.985,17.412,-29.068,-2.1451,34.775,-53.323,-11.466,3.1609,8.0937,11.028,8.1646
8.4105,41.923,14.148,-27.864,-1.3627,31.019,-55.713,-14.774,0.94933,6.0383,9.5541,7.7988
9.1286,38.879,11.415,-26.815,-0.5191,27.048,-57.816,-18.339,-1.2029,3.9118,8.0179,7.3431
10.293,35.902,9.1375,-25.967,0.42714,22.957,-59.729,-22.105,-3.2952,1.7769,6.3764,6.7955
11.868,33.084,7.1896,-25.358,1.5451,19.007,-61.57,-26.01,-5.3222,-0.26599,4.6094,6.2025
13.704,30.534,5.4761,-25.034,2.9308,15.564,-63.421,-29.977,-7.2818,-2.1359,2.7178,5.6432
15.611,28.337,3.9236,-25.044,4.6636,12.884,-65.308,-33.914,-9.1796,-3.8149,0.70989,5.1999
17.498,26.557,2.4588,-25.405,6.7418,10.984,-67.222,-37.724,-11.029,-5.3275,-1.4058,4.928
19.416,25.25,0.99201,-26.1,9.0977,9.6934,-69.132,-41.324,-12.844,-6.7028,-3.6115,4.8443
21.474,24.435,-0.59716,-27.071,11.686,8.7479,-71.001,-44.658,-14.63,-7.9566,-5.87,4.9368
23.74,23.981,-2.4593,-28.225,14.505,7.8844,-72.778,-47.682,-16.368,-9.0921,-8.1286,5.1825
26.187,23.577,-4.7397,-29.432,17.531,6.9105,-74.409,-50.367,-18.018,-10.106,-10.338,5.5604
28.675,22.921,-7.5058,-30.533,20.66,5.7355,-75.863,-52.699,-19.522,-10.997,-12.47,6.0528
30.995,21.856,-10.675,-31.367,23.735,4.3419,-77.15,-54.677,-20.831,-11.777,-14.511,6.6408
32.944,20.316,-14.01,-31.8,26.63,2.7395,-78.328,-56.315,-21.921,-12.465,-16.45,7.2876
34.389,18.247,-17.225,-31.743,29.299,0.95431,-79.479,-57.631,-22.791,-13.085,-18.229,7.9236
35.298,15.623,-20.129,-31.172,31.786,-0.95907,-80.652,-58.643,-23.458,-13.642,-19.716,8.4563
35.728,12.539,-22.659,-30.138,34.174,-2.9071,-81.807,-59.357,-23.939,-14.116,-20.742,8.8007
35.782,9.2624,-24.797,-28.744,36.431,-4.755,-82.798,-59.764,-24.235,-14.463,-21.163,8.911
35.527,6.1947,-26.437,-27.108,38.131,-6.3412,-83.413,-59.849,-24.324,-14.628,-20.907,8.7924
34.938,3.7607,-27.364,-25.313,38.478,-7.5086,-83.453,-59.602,-24.182,-14.577,-19.976,8.4921
33.964,2.2663,-27.348,-23.402,37.0,-8.1372,-82.789,-59.038,-23.792,-14.314,-18.435,8.0741
32.61,1.7715,-26.291,-21.381,34.189,-8.1707,-81.38,-58.2,-23.167,-13.881,-16.397,7.5953
30.881,2.0722,-24.363,-19.221,31.064,-7.6397,-79.245,-57.149,-22.349,-13.345,-14.008,7.09
28.685,2.8053,-21.949,-16.825,28.15,-6.675,-76.456,-55.958,-21.401,-12.77,-11.437,6.5729
25.853,3.5789,-19.383,-14.063,25.32,-5.4924,-73.154,-54.715,-20.393,-12.201,-8.8513,6.0446
22.248,4.06,-16.81,-10.977,22.299,-4.3382,-69.573,-53.52,-19.395,-11.655,-6.3711,5.496
17.897,4.0275,-14.327,-7.8816,18.993,-3.4146,-66.031,-52.479,-18.467,-11.133,-4.0261,4.9096
13.106,3.3976,-12.052,-5.0803,15.534,-2.8247,-62.855,-51.688,-17.643,-10.625,-1.7697,4.2666
8.4249,2.2247,-10.062,-2.6215,12.152,-2.5582,-60.308,-51.2,-16.931,-10.13,0.46818,3.5602
4.3315,0.68302,-8.3447,-0.44245,9.0409,-2.5138,-58.527,-51.008,-16.316,-9.6468,2.7442,2.8072
1.0257,-0.96955,-6.8405,1.4547,6.3118,-2.5492,-57.491,-51.05,-15.781,-9.1753,5.0963,2.0488
-1.4778,-2.4414,-5.5167,2.9873,4.0399,-2.535,-57.015,-51.255,-15.326,-8.7128,7.5446,1.3409
-3.2105,-3.4582,-4.3867,4.05,2.2883,-2.3828,-56.817,-51.59,-14.967,-8.256,10.077,0.73826
-4.216,-3.8203,-3.4525,4.5675,1.068,-2.0489,-56.679,-52.083,-14.734,-7.8034,12.63,0.28269
-4.5679,-3.4718,-2.6828,4.5257,0.30885,-1.5348,-56.546,-52.779,-14.642,-7.3563,15.092,-0.0034721
-4.3801,-2.5307,-2.0465,3.9901,-0.099927,-0.8845,-56.456,-53.687,-14.681,-6.9167,17.328,-0.12041
-3.7944,-1.2219,-1.5354,3.1076,-0.25766,-0.17074,-56.434,-54.733,-14.803,-6.4838,19.216,-0.094382
-2.9591,0.24819,-1.1627,2.0704,-0.23415,0.52942,-56.428,-55.77,-14.937,-6.0538,20.67,0.014768
-2.013,1.7834,-0.95122,1.0369,-0.073454,1.1541,-56.313,-56.613,-15.012,-5.6292,21.636,0.10669
-1.0762,3.3896,-0.92677,0.069111,0.1986,1.6532,-55.983,-57.086,-14.985,-5.2335,22.081,0.051892
-0.24655,5.0525,-1.1404,-0.83891,0.57168,1.9503,-55.485,-57.025,-14.847,-4.9168,21.984,-0.25131
0.39934,6.5267,-1.7498,-1.6987,1.0696,2.0494,-54.976,-56.249,-14.607,-4.7305,21.347,-0.76786
0.8054,6.78,-1.9055,-2.6097,1.8739,3.2803,-54.338,-54.55,-14.239,-4.6707,20.184,-1.2405
0.94118,7.1662,1.2862,-4.0328,3.6926,3.661,-53.137,-52.069,-13.618,-4.6335,18.487,-1.2017
0.82193,7.802,1.7442,-5.9051,4.6619,3.5378,-51.737,-51.921,-12.467,-4.3866,16.307,-0.46952
0.61788,8.0336,1.726,-6.5432,2.3144,3.2933,-51.135,-60.923,-11.164,-3.2775,13.957,-0.64428
1.759,6.9679,1.4667,-5.1838,1.6618,2.6012,-50.206,-65.959,-21.905,2.481,12.563,-1.2108
0.75156,3.3526,0.2573,-1.0732,0.50192,0.64224,-47.255,-64.069,-18.882,2.675,14.029,14.009
-3.5287,-4.2472,-3.3564,4.9678,-0.13462,-3.9149,-41.482,-56.669,-14.652,2.2883,8.8503,9.9332
-7.0164,-18.053,-12.079,13.617,2.1647,-13.672,-31.803,-43.114,-10.467,0.81154,4.4816,0.55824
-9.0585,-41.856,-30.755,25.556,9.6461,-33.855,-18.436,-22.66,-6.3249,-2.2629,-1.5508,-12.572
-9.1734,-76.1,-63.394,40.733,23.672,-67.351,-3.4428,4.2866,-2.7104,-7.7114,-11.377,-29.288
-7.1502,-111.16,-102.72,56.595,44.825,-103.39,16.34,35.768,2.1216,-15.314,-26.276,-47.893
-1.7856,-145.48,-145.87,68.501,72.176,-141.1,35.108,71.203,13.243,-19.693,-41.461,-63.081
10.125,-175.67,-193.91,73.108,105.75,-180.12,46.496,113.93,39.023,-9.0221,-42.562,-64.453
38.05,-196.82,-246.56,67.461,148.07,-218.33,56.93,172.24,92.344,36.208,-14.171,-41.411
96.179,-205.05,-304.77,47.402,201.92,-253.43,69.861,256.92,189.39,143.72,59.81,15.485
167.78,-197.08,-368.8,8.953,269.51,-282.76,87.1,375.56,338.62,310.14,193.53,114.78
261.05,-170.09,-437.54,-50.011,350.98,-303.92,107.32,527.35,544.15,545.39,387.23,261.41
376.59,-122.61,-507.04,-130.39,443.57,-315.17,124.9,699.7,798.55,845.34,640.82,455.01
509.99,-53.378,-570.65,-231.55,541.63,-312.31,130.33,868.19,1083.1,1194.4,943.47,689.08
652.56,38.021,-620.44,-349.26,637.23,-291.34,112.25,1000.6,1369.5,1566.1,1276.9,950.81
792.82,149.58,-648.74,-475.78,721.44,-249.66,60.972,1064.3,1624.5,1925.7,1614.5,1221.6
918.88,274.6,-650.4,-601.54,785.64,-188.03,-27.194,1034.8,1815.6,2234.6,1921.7,1478.0
1018.7,400.66,-624.84,-714.21,822.96,-112.43,-147.28,902.99,1916.7,2454.9,2163.4,1694.5
1080.4,511.02,-576.63,-799.62,829.63,-33.465,-287.23,678.23,1911.5,2555.9,2309.5,1846.9
1095.8,589.13,-514.18,-845.68,805.97,36.518,-432.2,384.52,1794.6,2518.2,2339.3,1917.3
1063.2,623.6,-447.23,-846.33,756.2,87.132,-568.68,52.607,1571.0,2337.7,2245.2,1897.5
987.89,611.24,-384.13,-802.94,687.08,112.58,-687.06,-287.15,1254.5,2025.6,2034.3,1790.1
879.71,557.11,-329.8,-722.96,605.94,112.85,-782.38,-609.04,866.81,1607.7,1726.8,1606.8
750.65,472.37,-285.02,-617.34,519.12,93.036,-853.08,-893.31,436.49,1121.1,1352.8,1366.0
612.9,371.0,-248.16,-498.51,431.82,60.934,-899.24,-1125.6,-1.2596,611.68,949.42,1091.0
477.85,266.41,-217.61,-378.79,348.82,24.131,-921.36,-1295.6,-406.96,129.28,556.36,807.67
355.39,169.15,-192.66,-268.69,274.74,-11.925,-919.93,-1396.9,-741.68,-279.35,210.63,541.44
252.67,85.953,-173.69,-175.26,213.29,-44.308,-895.97,-1427.6,-974.95,-579.58,-60.151,313.25
172.8,19.886,-161.09,-101.57,166.16,-71.946,-852.11,-1392.7,-1093.2,-757.01,-243.31,135.73
114.72,-29.012,-152.79,-47.605,132.46,-93.491,-792.98,-1304.8,-1104.2,-820.18,-342.71,11.563
73.932,-62.563,-147.03,-10.541,109.41,-107.17,-724.29,-1182.0,-1033.9,-795.87,-375.01,-64.87
42.506,-83.821,-141.6,13.753,93.347,-113.59,-651.57,-1043.9,-917.04,-718.88,-363.04,-105.57
24.05,-95.931,-134.12,29.011,80.933,-113.43,-579.35,-906.51,-786.12,-621.42,-328.62,-124.43
16.023,-101.04,-124.59,38.016,70.219,-108.7,-510.47,-779.86,-663.72,-526.43,-287.65,-130.87
12.263,-100.79,-111.99,42.771,60.49,-102.11,-445.23,-668.27,-560.73,-445.96,-249.21,-130.83
9.8993,-97.103,-98.64,44.788,51.232,-94.95,-382.58,-571.31,-478.79,-383.01,-216.97,-127.64
7.5057,-92.335,-89.906,45.589,41.828,-87.824,-322.47,-485.79,-414.24,-334.83,-191.22,-122.65
4.5384,-87.843,-83.072,45.942,33.961,-82.663,-266.24,-409.14,-360.79,-295.76,-169.52,-115.85
1.3306,-83.13,-77.737,38.477,32.115,-77.844,-216.17,-340.82,-312.75,-262.41,-147.96,-106.1
1.3169,-75.822,-73.675,17.974,35.125,-72.663,-174.56,-281.41,-267.8,-233.55,-122.26,-91.59
-0.41286,-65.777,-69.804,14.739,33.397,-66.933,-142.95,-231.47,-225.48,-203.94,-97.447,-74.05
-1.2751,-55.993,-65.075,13.12,29.976,-60.343,-121.26,-190.57,-186.05,-173.76,-74.393,-60.375
-1.7599,-47.293,-59.02,11.986,26.582,-52.998,-107.52,-157.78,-150.35,-144.03,-54.113,-50.799
-2.3768,-39.912,-51.778,11.091,22.67,-45.529,-98.75,-132.05,-119.73,-115.65,-39.838,-44.113
-3.213,-33.904,-43.766,10.364,18.172,-38.729,-91.586,-111.65,-95.886,-91.079,-31.034,-39.979
-4.2234,-29.163,-35.489,9.8188,13.57,-33.035,-83.108,-94.579,-78.933,-73.316,-26.755,-38.32
-5.3063,-25.471,-27.646,9.4482,9.3697,-28.351,-72.022,-79.479,-67.167,-62.651,-26.034,-38.464
-6.3386,-22.332,-20.951,9.1892,5.8591,-24.343,-60.049,-66.024,-58.856,-57.218,-27.41,-39.29
-7.2099,-19.196,-15.756,8.9666,3.124,-20.72,-50.539,-54.624,-52.96,-54.95,-29.518,-39.6
-7.8546,-15.911,-11.98,8.7336,1.1202,-17.249,-44.95,-45.829,-48.587,-53.968,-30.781,-38.83
-8.2735,-12.915,-9.2525,8.4893,-0.27321,-13.797,-43.655,-40.564,-44.902,-52.802,-30.439,-37.518
-8.5332,-10.773,-7.0689,8.2718,-1.2297,-10.634,-42.73,-40.182,-41.412,-50.73,-29.491,-36.237
-8.7447,-9.5071,-5.1582,8.1368,-1.9536,-8.2739,-40.112,-41.133,-37.648,-47.584,-28.461,-35.287
-9.0294,-8.8073,-3.5713,8.1319,-2.6319,-6.7364,-36.842,-40.039,-33.178,-42.747,-27.574,-34.797
-9.484,-8.4184,-2.2926,8.2746,-3.3919,-5.6911,-33.615,-37.196,-29.149,-38.451,-26.929,-34.723
-10.15,-8.1845,-1.1747,8.5411,-4.2933,-4.8638,-30.72,-33.486,-26.246,-35.532,-26.532,-34.906
-10.995,-7.9996,-0.094884,8.8688,-5.3292,-4.1026,-28.217,-29.454,-23.971,-33.235,-26.336,-35.168
-11.907,-7.788,0.98073,9.1761,-6.4242,-3.3434,-25.961,-25.418,-22.067,-31.28,-26.285,-35.362
-12.726,-7.508,2.0079,9.3923,-7.4479,-2.5845,-23.702,-21.597,-20.479,-29.555,-26.331,-35.393
-13.301,-7.1582,2.9,9.4848,-8.2574,-1.8667,-21.316,-18.137,-19.185,-27.936,-26.434,-35.213
-13.556,-6.775,3.573,9.4672,-8.7594,-1.2493,-18.905,-15.099,-18.151,-26.322,-26.551,-34.828
-13.525,-6.4183,3.9883,9.3867,-8.9576,-0.78301,-16.632,-12.469,-17.328,-24.696,-26.63,-34.3
-13.33,-6.1478,4.1755,9.303,-8.9528,-0.48831,-14.533,-10.183,-16.654,-23.145,-26.612,-33.728
-13.121,-5.9961,4.2216,9.2645,-8.8972,-0.34756,-12.536,-8.1692,-16.069,-21.794,-26.429,-33.203
-13.013,-5.9535,4.2315,9.2875,-8.9221,-0.31113,-10.618,-6.3768,-15.522,-20.715,-26.008,-32.773
-13.053,-5.9695,4.2824,9.3475,-9.0841,-0.31535,-8.8823,-4.7807,-14.983,-19.891,-25.284,-32.435
-13.201,-5.9703,4.3946,9.3862,-9.352,-0.3039,-7.4428,-3.3704,-14.447,-19.259,-24.213,-32.141
-13.334,-5.8849,4.5318,9.3342,-9.6265,-0.24353,-6.3252,-2.1344,-13.926,-18.755,-22.782,-31.822
-13.288,-5.6721,4.6267,9.1432,-9.7786,-0.12793,-5.4884,-1.0484,-13.435,-18.335,-21.015,-31.409
-12.944,-5.3366,4.6225,8.8139,-9.7037,0.029852,-4.8754,-0.069695,-12.977,-17.967,-18.968,-30.848
-12.31,-4.9293,4.5081,8.4047,-9.3851,0.21141,-4.4241,0.86288,-12.539,-17.615,-16.727,-30.113
-11.536,-4.53,4.3356,8.0148,-8.9212,0.40682,-4.0569,1.8213,-12.083,-17.23,-14.396,-29.211
-10.849,-4.2154,4.2073,7.7476,-8.4903,0.62318,-3.6867,2.8726,-11.564,-16.752,-12.081,-28.188
-10.448,-4.0217,4.2378,7.6699,-8.2695,0.88526,-3.2453,4.0601,-10.944,-16.144,-9.8722,-27.113
-10.428,-3.9165,4.5067,7.7815,-8.3574,1.2282,-2.7075,5.3887,-10.214,-15.408,-7.8313,-26.062
-10.742,-3.7993,5.0241,8.0071,-8.7345,1.6845,-2.0847,6.8229,-9.3991,-14.589,-5.99,-25.088
-11.216,-3.5314,5.7224,8.2103,-9.2736,2.2705,-1.397,8.2994,-8.5563,-13.756,-4.3569,-24.209
-11.598,-2.9709,6.4788,8.2239,-9.7885,2.9807,-0.6564,9.7477,-7.7496,-12.97,-2.9245,-23.414
-11.647,-1.9991,7.1581,7.8919,-10.1,3.7898,0.1281,11.111,-7.0257,-12.273,-1.6777,-22.693
-11.221,-0.55963,7.6595,7.1215,-10.101,4.6567,0.94267,12.364,-6.3984,-11.684,-0.60318,-22.056
-10.324,1.281,7.9468,5.9337,-9.7971,5.5254,1.7695,13.515,-5.8495,-11.205,0.30527,-21.533
-9.1032,3.304,8.0492,4.4897,-9.3,6.3288,2.592,14.602,-5.342,-10.824,1.044,-21.155
-7.8055,5.189,8.0388,3.0616,-8.7759,6.9951,3.3984,15.678,-4.8386,-10.526,1.5993,-20.938
-6.7198,6.6119,7.9922,1.9498,-8.3752,7.456,4.1808,16.8,-4.3155,-10.291,1.9504,-20.867
-6.0882,7.3347,7.9548,1.3873,-8.1822,7.6542,4.934,18.016,-3.7668,-10.104,2.0734,-20.9
-6.0238,7.2507,7.922,1.4821,-8.2004,7.5519,5.6559,19.359,-3.201,-9.9545,1.9472,-20.976
-6.4936,6.3806,7.8473,2.2078,-8.3712,7.1396,6.3499,20.839,-2.6327,-9.8362,1.5581,-21.03
-7.3414,4.8496,7.6712,3.4228,-8.6015,6.4463,7.0255,22.445,-2.0741,-9.745,0.90518,-21.013
-8.3391,2.8826,7.3586,4.8981,-8.787,5.5491,7.6929,24.146,-1.5299,-9.6744,0.0039229,-20.894
-9.2566,0.7994,6.9214,6.3611,-8.8411,4.5699,8.3525,25.898,-0.99701,-9.6131,-1.1137,-20.658
-9.9152,-1.0312,6.416,7.5584,-8.7269,3.6558,8.9872,27.658,-0.46689,-9.5455,-2.4048,-20.307
-10.214,-2.2833,5.9225,8.3135,-8.4702,2.9446,9.5685,29.395,0.069152,-9.4561,-3.8242,-19.852
-10.147,-2.7704,5.5226,8.5631,-8.1417,2.5294,10.075,31.1,0.61627,-9.3361,-5.3332,-19.307
-9.797,-2.5036,5.2785,8.3607,-7.8288,2.436,10.507,32.79,1.1753,-9.1887,-6.9046,-18.68
-9.308,-1.6773,5.2179,7.8459,-7.6106,2.6217,10.888,34.501,1.7454,-9.0306,-8.5225,-17.974
-8.8432,-0.5819,5.3294,7.1967,-7.5391,2.9945,11.245,36.284,2.3296,-8.8853,-10.177,-17.185
-8.5368,0.50396,5.5689,6.5881,-7.6277,3.4445,11.598,38.189,2.9376,-8.7736,-11.854,-16.309
-8.4548,1.3817,5.876,6.1606,-7.8505,3.8736,11.95,40.258,3.5865,-8.7062,-13.528,-15.346
-8.5882,1.9442,6.1918,5.9967,-8.1519,4.2136,12.3,42.509,4.2973,-8.6837,-15.157,-14.306
-8.8711,2.1641,6.4747,6.1097,-8.4659,4.4332,12.64,44.928,5.0904,-8.6986,-16.682,-13.206
-9.2147,2.0821,6.7082,6.451,-8.7398,4.5367,12.971,47.468,5.9799,-8.7363,-18.037,-12.073
-9.5486,1.7871,6.9006,6.9367,-8.9539,4.5553,13.298,50.055,6.9683,-8.7762,-19.159,-10.95
-9.8446,1.3901,7.0765,7.4725,-9.1257,4.5356,13.643,52.621,8.045,-8.794,-20.006,-9.8951
-10.107,1.0076,7.2639,7.9664,-9.2941,4.5275,14.048,55.129,9.1901,-8.7681,-20.553,-8.9558
-10.343,0.74941,7.4808,8.3384,-9.4926,4.5744,14.572,57.586,10.38,-8.6871,-20.8,-8.156
-10.545,0.69853,7.7254,8.5313,-9.7254,4.7036,15.272,60.039,11.59,-8.5538,-20.763,-7.4948
-10.687,0.88729,7.9746,8.5188,-9.9609,4.9182,16.187,62.555,12.8,-8.3852,-20.468,-6.9609
-10.736,1.2911,8.191,8.3107,-10.144,5.1954,17.304,65.199,13.993,-8.206,-19.953,-6.5444
-10.655,1.8414,8.3364,7.9543,-10.218,5.4936,18.552,68.01,15.16,-8.0397,-19.258,-6.2379
-10.424,2.4433,8.3842,7.5291,-10.145,5.7641,19.828,70.981,16.302,-7.8997,-18.429,-6.0332
-10.057,2.9894,8.3232,7.1307,-9.9193,5.958,21.053,74.064,17.429,-7.7851,-17.505,-5.9181
-9.6149,3.3761,8.1545,6.8515,-9.566,6.0302,22.227,77.17,18.559,-7.6839,-16.51,-5.8765
-9.1833,3.5211,7.8853,6.7629,-9.128,5.9468,23.418,80.202,19.71,-7.5802,-15.461,-5.8893
-8.8457,3.3811,7.526,6.8989,-8.6486,5.6933,24.723,83.079,20.893,-7.464,-14.373,-5.9359
-8.6451,2.9681,7.0891,7.2422,-8.1554,5.2835,26.205,85.765,22.101,-7.3368,-13.271,-5.9952
-8.5643,2.3593,6.5884,7.7208,-7.6542,4.7595,27.855,88.278,23.302,-7.2125,-12.159,-6.0482
-8.5279,1.6894,6.0357,8.2182,-7.132,4.1829,29.583,90.672,24.455,-7.1126,-10.981,-6.0834
-8.4264,1.1194,5.4365,8.597,-6.5641,3.6181,31.258,93.025,25.525,-7.0587,-9.6111,-6.0999
-8.1514,0.79071,4.7856,8.7317,-5.9213,3.1114,32.761,95.414,26.497,-7.0609,-7.9041,-6.1082
-7.6294,0.77627,4.0668,8.5452,-5.1786,2.6761,34.031,97.899,27.388,-7.1087,-5.7656,-6.1255
-6.8476,1.0479,3.2613,8.0427,-4.3286,2.2883,35.083,100.52,28.238,-7.1703,-3.1834,-6.167
-5.8663,1.4752,2.3614,7.3268,-3.3916,1.8978,35.992,103.31,29.103,-7.2032,-0.2213,-6.2376
-4.8105,1.861,1.3802,6.582,-2.418,1.4472,36.86,106.26,30.038,-7.1722,3.0026,-6.3279
-3.8405,2.0002,0.35147,6.0232,-1.4777,0.89039,37.769,109.35,31.084,-7.0641,6.3341,-6.4177
-3.1098,1.7369,-0.68072,5.8279,-0.64238,0.20008,38.764,112.51,32.254,-6.892,9.5948,-6.4859
-2.7237,0.99945,-1.6755,6.0846,0.033888,-0.63049,39.84,115.69,33.529,-6.6875,12.598,-6.5217
-2.7126,-0.19382,-2.6042,6.7806,0.52868,-1.5832,40.958,118.81,34.867,-6.4858,15.168,-6.5309
-3.0255,-1.7356,-3.4509,7.8152,0.85594,-2.6084,42.067,121.83,36.225,-6.3113,17.162,-6.533
-3.5434,-3.4299,-4.2056,9.0198,1.0597,-3.6234,43.141,124.76,37.576,-6.1697,18.493,-6.5517
-4.1065,-5.0165,-4.8582,10.186,1.201,-4.5254,44.199,127.6,38.922,-6.0478,19.14,-6.6028
-4.5473,-6.227,-5.3957,11.103,1.3436,-5.2108,45.303,130.38,40.288,-5.9202,19.147,-6.6853
-4.722,-6.8478,-5.8046,11.606,1.541,-5.5985,46.529,133.15,41.711,-5.7573,18.608,-6.779
-4.5376,-6.7747,-6.0779,11.603,1.8244,-5.6529,47.936,135.95,43.223,-5.5325,17.645,-6.8488
-3.9684,-6.0443,-6.2242,11.1,2.1979,-5.4015,49.535,138.85,44.854,-5.2293,16.382,-6.8567
-3.0587,-4.8197,-6.2733,10.191,2.6458,-4.9312,51.277,141.93,46.621,-4.8449,14.922,-6.7757
-1.9075,-3.3315,-6.2734,9.0294,3.146,-4.3611,53.067,145.21,48.54,-4.3903,13.338,-6.6004
-0.64121,-1.8066,-6.2773,7.7933,3.6799,-3.8044,54.797,148.73,50.624,-3.8829,11.693,-6.3462
0.61822,-0.41793,-6.3239,6.6406,4.2321,-3.3371,56.389,152.44,52.885,-3.3363,10.06,-6.0392
1.779,0.73558,-6.424,5.6831,4.7855,-2.9832,57.819,156.31,55.323,-2.7519,8.5137,-5.7016
2.7919,1.6297,-6.5566,4.9711,5.3168,-2.7154,59.109,160.26,57.926,-2.1161,7.1106,-5.341
3.6494,2.3037,-6.6768,4.4965,5.7995,-2.4719,60.3,164.24,60.669,-1.4063,5.8732,-4.9494
4.3801,2.837,-6.7351,4.2142,6.2134,-2.1866,61.437,168.23,63.508,-0.60165,4.7895,-4.5112
5.0412,3.3191,-6.7009,4.0661,6.559,-1.8204,62.538,172.25,66.396,0.30981,3.8191,-4.0139
5.7066,3.8206,-6.5803,3.9946,6.8712,-1.3774,63.587,176.36,69.3,1.3315,2.9053,-3.4563
6.4364,4.3686,-6.4199,3.9509,7.2178,-0.901,64.538,180.67,72.223,2.4655,1.9898,-2.8513
7.2423,4.9319,-6.2992,3.9034,7.6797,-0.4613,65.346,185.28,75.215,3.7207,1.0245,-2.2225
8.0901,5.4309,-6.3196,3.8376,8.3246,-0.14072,66.008,190.25,78.345,5.1146,-0.022045,-1.5956
8.9475,5.7834,-6.5909,3.7454,9.2011,-0.016574,66.576,195.6,81.656,6.6712,-1.1629,-0.98853
9.83,5.9458,-7.2202,3.616,10.349,-0.14419,67.158,201.24,85.125,8.4124,-2.394,-0.40221
10.801,5.9178,-8.3025,3.4382,11.804,-0.54733,67.881,207.1,88.652,10.344,-3.6969,0.18317
11.933,5.7184,-9.9097,3.2118,13.585,-1.219,68.853,213.12,92.12,12.44,-5.0425,0.80493
13.273,5.3609,-12.066,2.9603,15.667,-2.1293,70.13,219.32,95.488,14.655,-6.3936,1.5085
14.804,4.844,-14.711,2.7324,17.966,-3.2345,71.718,225.72,98.836,16.952,-7.707,2.3352
16.446,4.1546,-17.694,2.5918,20.344,-4.4834,73.609,232.34,102.32,19.314,-8.9339,3.3091
18.073,3.2783,-20.83,2.598,22.666,-5.8227,75.806,239.22,106.05,21.723,-10.023,4.4248
19.56,2.2125,-23.981,2.7867,24.848,-7.204,78.32,246.36,110.06,24.14,-10.928,5.6453
20.843,0.97982,-27.079,3.1555,26.885,-8.591,81.145,253.76,114.28,26.502,-11.614,6.9157
21.93,-0.36217,-30.116,3.6593,28.825,-9.9607,84.242,261.42,118.64,28.744,-12.063,8.1842
22.897,-1.7195,-33.1,4.2176,30.739,-11.296,87.51,269.33,123.04,30.809,-12.27,9.4153
23.848,-2.9716,-36.03,4.7293,32.698,-12.579,90.797,277.42,127.41,32.665,-12.238,10.588
24.902,-3.9908,-38.874,5.092,34.754,-13.785,93.923,285.59,131.73,34.302,-11.979,11.687
26.171,-4.6673,-41.563,5.2178,36.925,-14.888,96.756,293.75,135.96,35.735,-11.515,12.705
27.77,-4.9299,-43.985,5.0432,39.153,-15.874,99.261,301.86,140.09,36.995,-10.873,13.633
29.801,-4.7586,-46.03,4.535,41.319,-16.764,101.51,309.91,144.13,38.119,-10.089,14.472
32.316,-4.1852,-47.671,3.6936,43.328,-17.643,103.66,317.93,148.11,39.137,-9.1952,15.231
35.264,-3.2845,-49.017,2.5605,45.215,-18.681,105.84,325.93,152.09,40.063,-8.2261,15.928
38.519,-2.1568,-50.322,1.2216,47.167,-20.103,108.16,333.92,156.08,40.897,-7.2144,16.583
41.965,-0.91008,-51.932,-0.21156,49.459,-22.032,110.64,341.87,160.04,41.632,-6.1955,17.202
45.561,0.34663,-54.161,-1.64,52.337,-24.264,113.17,349.77,163.87,42.258,-5.2075,17.772
49.325,1.4958,-57.099,-3.0055,55.879,-26.372,115.63,357.58,167.45,42.772,-4.2922,18.268
53.262,2.4063,-60.587,-4.2837,59.936,-28.229,117.89,365.25,170.72,43.179,-3.4927,18.678
57.299,2.9391,-64.518,-5.4558,64.228,-30.161,119.92,372.71,173.66,43.499,-2.8495,19.016
61.282,2.9629,-69.027,-6.4843,68.546,-32.606,121.78,379.85,176.31,43.768,-2.3937,19.323
65.043,2.3828,-74.281,-7.3083,72.855,-35.863,123.56,386.59,178.72,44.028,-2.1412,19.659
68.47,1.1702,-80.286,-7.8592,77.216,-40.005,125.31,392.8,180.92,44.312,-2.0879,20.088
71.537,-0.63647,-86.91,-8.0905,81.676,-44.908,127.02,398.39,182.95,44.63,-2.2115,20.662
74.292,-2.9596,-93.93,-8.0037,86.245,-50.325,128.63,403.31,184.82,44.958,-2.4845,21.415
76.839,-5.7026,-101.05,-7.6547,90.923,-55.93,130.03,407.54,186.5,45.249,-2.888,22.347
79.323,-8.7364,-107.97,-7.1432,95.738,-61.377,131.12,411.15,187.97,45.45,-3.4084,23.43
81.893,-11.878,-114.41,-6.5942,100.71,-66.365,131.85,414.21,189.17,45.513,-4.0167,24.617
84.657,-14.891,-120.11,-6.1404,105.74,-70.682,132.23,416.81,190.04,45.412,-4.6474,25.872
87.608,-17.517,-124.75,-5.912,110.47,-74.244,132.32,419.01,190.55,45.142,-5.1972,27.192
90.604,-19.549,-128.11,-6.0291,114.35,-77.077,132.19,420.87,190.73,44.715,-5.5433,28.626
93.457,-20.886,-130.46,-6.588,117.03,-79.214,131.9,422.37,190.6,44.154,-5.5694,30.274
96.077,-21.55,-132.4,-7.6376,118.74,-80.621,131.52,423.52,190.26,43.481,-5.1916,32.259
98.542,-21.643,-134.34,-9.1573,120.09,-81.262,131.06,424.31,189.78,42.709,-4.3758,34.661
101.05,-21.265,-136.29,-11.058,121.66,-81.274,130.51,424.75,189.17,41.835,-3.1433,37.408
103.77,-20.49,-138.33,-13.209,123.84,-81.211,129.8,424.86,188.42,40.849,-1.5619,40.248
106.81,-19.471,-140.82,-15.48,126.83,-81.932,128.85,424.67,187.46,39.745,0.27038,42.906
110.13,-18.562,-144.26,-17.765,130.62,-83.801,127.58,424.18,186.23,38.538,2.2455,45.239
113.64,-18.119,-148.88,-20.0,135.05,-86.416,125.91,423.34,184.67,37.261,4.2626,47.246
117.2,-18.223,-154.48,-22.154,139.85,-89.353,123.85,422.05,182.78,35.953,6.2406,49.006
120.68,-18.731,-160.63,-24.199,144.79,-92.52,121.59,420.13,180.61,34.648,8.1216,50.612
123.9,-19.503,-166.91,-26.056,149.55,-96.012,119.31,417.36,178.23,33.367,9.8636,52.137
126.71,-20.5,-172.86,-27.574,153.82,-99.898,116.96,413.56,175.74,32.117,11.432,53.614
128.99,-21.748,-178.04,-28.578,157.26,-104.03,114.13,408.68,173.16,30.876,12.794,55.039
130.69,-23.214,-182.11,-28.992,159.7,-108.0,110.47,402.77,170.47,29.605,13.925,56.386
131.85,-24.738,-184.91,-28.915,161.16,-111.38,105.84,395.94,167.57,28.264,14.795,57.633
132.54,-26.092,-186.44,-28.59,161.82,-113.87,100.33,388.24,164.39,26.827,15.368,58.785
132.86,-27.054,-186.64,-28.275,161.83,-115.2,94.217,379.74,160.88,25.307,15.611,59.87
132.97,-27.402,-185.38,-28.171,161.27,-115.02,87.788,370.56,157.1,23.751,15.512,60.936
133.03,-26.932,-182.74,-28.386,160.24,-113.15,81.326,360.89,153.11,22.234,15.092,62.023
133.18,-25.537,-179.37,-28.945,159.0,-109.84,75.072,350.91,149.01,20.83,14.396,63.148
133.41,-23.318,-176.02,-29.79,157.78,-105.79,69.215,340.75,144.83,19.593,13.496,64.297
133.67,-20.608,-173.08,-30.797,156.7,-101.74,63.833,330.43,140.57,18.552,12.48,65.435
133.81,-17.875,-170.58,-31.807,155.72,-98.168,58.848,319.89,136.24,17.731,11.448,66.518
133.69,-15.562,-168.4,-32.665,154.78,-95.274,54.032,309.05,131.85,17.169,10.504,67.516
133.17,-13.9,-166.41,-33.254,153.81,-93.085,49.087,297.88,127.43,16.911,9.7493,68.438
132.22,-12.835,-164.48,-33.504,152.72,-91.493,43.778,286.4,123.01,16.978,9.2657,69.339
130.84,-12.138,-162.53,-33.39,151.48,-90.287,38.129,274.67,118.63,17.336,9.1124,70.291
129.06,-11.635,-160.51,-32.918,150.05,-89.188,32.488,262.74,114.32,17.923,9.3189,71.351
126.94,-11.323,-158.43,-32.127,148.42,-87.927,27.147,250.57,110.12,18.688,9.8842,72.542
124.51,-11.277,-156.4,-31.08,146.59,-86.435,22.01,238.09,106.06,19.611,10.777,73.851
121.84,-11.502,-154.56,-29.834,144.58,-85.058,17.009,225.36,102.16,20.688,11.943,75.243
118.98,-11.93,-152.94,-28.417,142.38,-84.22,12.537,212.59,98.446,21.918,13.309,76.672
115.98,-12.491,-151.5,-26.823,139.94,-83.86,9.0698,200.11,94.934,23.292,14.81,78.092
112.84,-13.114,-150.14,-25.033,137.16,-83.623,6.6646,188.2,91.638,24.786,16.389,79.454
109.55,-13.706,-148.55,-23.034,134.01,-83.251,5.0417,177.01,88.544,26.344,18.007,80.712
106.07,-14.137,-146.31,-20.828,130.48,-82.607,3.894,166.52,85.609,27.89,19.639,81.818
102.39,-14.267,-143.05,-18.463,126.59,-81.549,3.0189,156.52,82.779,29.348,21.271,82.741
98.551,-13.978,-138.69,-16.025,122.33,-79.895,2.308,146.73,80.003,30.672,22.907,83.469
94.646,-13.216,-133.39,-13.619,117.7,-77.493,1.7048,136.9,77.246,31.844,24.568,84.015
90.801,-12.011,-127.48,-11.339,112.79,-74.307,1.1767,127.04,74.492,32.863,26.292,84.404
87.129,-10.475,-121.31,-9.2713,107.75,-70.479,0.70061,117.38,71.753,33.71,28.13,84.668
83.691,-8.7901,-115.13,-7.4888,102.8,-66.309,0.25817,108.15,69.038,34.335,30.134,84.829
80.484,-7.174,-109.14,-6.026,98.12,-62.134,-0.16484,99.459,66.328,34.663,32.34,84.906
77.436,-5.8364,-103.54,-4.852,93.774,-58.226,-0.57929,91.253,63.573,34.63,34.744,84.901
74.432,-4.9294,-98.505,-3.8695,89.705,-54.785,-0.99071,83.397,60.704,34.209,37.297,84.805
71.337,-4.5249,-94.179,-2.9498,85.807,-51.983,-1.3991,75.74,57.666,33.417,39.899,84.599
68.019,-4.6206,-90.507,-1.9814,82.025,-49.891,-1.7974,68.137,54.441,32.304,42.429,84.254
64.394,-5.147,-87.232,-0.90063,78.396,-48.385,-2.1725,60.534,51.062,30.949,44.773,83.749
60.476,-5.9719,-84.042,0.30002,74.969,-47.188,-2.5088,53.11,47.611,29.431,46.845,83.07
56.37,-6.917,-80.761,1.5772,71.725,-45.988,-2.792,46.262,44.174,27.816,48.58,82.217
52.192,-7.7844,-77.395,2.8486,68.561,-44.526,-3.0157,40.298,40.8,26.138,49.933,81.202
48.013,-8.3894,-74.017,4.0122,65.354,-42.661,-3.185,35.242,37.477,24.407,50.88,80.039
43.871,-8.5967,-70.681,4.97,62.025,-40.424,-3.3176,30.953,34.161,22.621,51.425,78.75
39.824,-8.3572,-67.4,5.6564,58.564,-38.021,-3.4367,27.274,30.812,20.782,51.599,77.362
35.99,-7.7298,-64.159,6.0588,55.015,-35.711,-3.5598,24.095,27.414,18.913,51.444,75.918
32.503,-6.8767,-60.945,6.2241,51.462,-33.68,-3.6854,21.347,23.981,17.062,50.994,74.468
29.403,-6.0295,-57.773,6.2514,48.013,-32.028,-3.7882,18.992,20.572,15.302,50.266,73.065
26.589,-5.4361,-54.706,6.2769,44.778,-30.847,-3.8313,17.002,17.299,13.722,49.271,71.746
23.882,-5.2993,-51.886,6.4481,41.83,-30.223,-3.7904,15.36,14.327,12.401,48.019,70.509
21.127,-5.7209,-49.557,6.8873,39.193,-30.177,-3.67,14.044,11.827,11.374,46.528,69.312
18.273,-6.699,-47.991,7.6593,36.866,-30.622,-3.4943,13.026,9.9101,10.611,44.828,68.096
15.416,-8.1687,-47.329,8.7598,34.844,-31.368,-3.2835,12.272,8.5696,10.023,42.965,66.808
12.743,-10.027,-47.431,10.118,33.122,-32.131,-3.0428,11.735,7.6998,9.5076,40.99,65.424
10.422,-12.14,-47.904,11.61,31.677,-32.584,-2.7702,11.356,7.1511,8.98,38.949,63.939
8.5266,-14.345,-48.305,13.069,30.473,-32.492,-2.4646,11.059,6.7743,8.4016,36.864,62.363
7.0245,-16.427,-48.352,14.313,29.514,-32.058,-2.1336,10.765,6.4419,7.7791,34.734,60.703
5.8309,-18.107,-48.071,15.176,28.844,-32.014,-1.7922,10.4,6.0615,7.1376,32.537,58.947
4.8792,-19.084,-47.692,15.535,28.414,-32.733,-1.4661,9.9219,5.5865,6.4816,30.24,57.06
4.1673,-19.133,-47.39,15.327,27.998,-33.815,-1.1891,9.3289,5.0174,5.7788,27.804,54.988
3.7288,-18.154,-47.447,14.565,27.346,-34.676,-1.0016,8.6547,4.3868,4.9777,25.196,52.685
3.5451,-16.115,-47.375,13.339,26.311,-34.495,-0.94234,7.9572,3.7348,4.0354,22.412,50.129
3.4908,-12.915,-45.21,11.808,24.792,-32.121,-1.0347,7.3005,3.0918,2.9351,19.485,47.336
3.3723,-8.292,-39.934,10.161,22.538,-26.843,-1.2737,6.7368,2.4765,1.6881,16.476,44.357
3.0044,-2.1403,-31.936,8.5786,19.211,-18.97,-1.6253,6.2928,1.8995,0.32461,13.46,41.254
2.2631,5.0634,-21.707,7.1932,14.732,-9.3925,-2.0448,5.9639,1.3634,-1.1183,10.521,38.067
1.1043,12.479,-9.6814,6.0731,9.4152,0.96553,-2.4955,5.7142,0.85709,-2.6049,7.7306,34.808
-0.43095,19.369,3.4958,5.238,3.7604,11.314,-2.9478,5.5002,0.35643,-4.0991,5.1564,31.486
-2.2153,25.277,16.857,4.6677,-1.7291,20.919,-3.369,5.2802,-0.16457,-5.5545,2.8618,28.156
-4.0429,30.01,29.041,4.2955,-6.5888,28.888,-3.7189,5.0339,-0.71309,-6.9053,0.91344,24.938
-5.6643,33.661,38.194,4.0161,-10.477,34.215,-3.9541,4.7678,-1.2706,-8.0748,-0.62591,21.971
-6.8462,36.669,42.686,3.7156,-13.258,36.687,-4.0378,4.511,-1.7913,-9.0052,-1.714,19.301
-7.4347,39.644,42.922,3.3047,-14.967,37.578,-3.9496,4.3026,-2.217,-9.6841,-2.3443,16.84
-7.4039,42.898,41.561,2.7422,-15.761,38.637,-3.6896,4.179,-2.498,-10.143,-2.5447,14.461
-6.8648,46.108,41.246,2.0445,-15.923,40.88,-3.2742,4.1663,-2.6054,-10.429,-2.3622,12.126
-6.0367,48.629,42.838,1.2797,-15.809,44.089,-2.7264,4.2802,-2.5277,-10.579,-1.8482,9.9103
-5.1913,50.138,45.525,0.54459,-15.75,47.034,-2.0717,4.5289,-2.2587,-10.601,-1.0533,7.9126
-4.5768,50.796,48.117,-0.064961,-16.008,48.719,-1.3382,4.92,-1.7954,-10.49,-0.02786,6.1811
-4.3567,50.925,50.109,-0.4777,-16.77,49.323,-0.55739,5.4547,-1.1389,-10.238,1.1762,4.7003
-4.5879,50.801,51.691,-0.65599,-18.04,49.508,0.2436,6.1195,-0.31305,-9.8596,2.5056,3.4269
-5.2259,50.598,53.188,-0.59574,-19.572,49.723,1.0517,6.878,0.63609,-9.3823,3.9051,2.3212
-6.1475,50.373,54.721,-0.32142,-21.038,50.149,1.8644,7.6816,1.6568,-8.8385,5.3131,1.3641
-7.1926,50.078,56.194,0.12187,-22.22,50.754,2.6767,8.4799,2.709,-8.2573,6.6588,0.54986
-8.2088,49.606,57.403,0.67843,-23.073,51.336,3.4768,9.2367,3.7653,-7.6643,7.8588,-0.13509
-9.0821,48.865,58.179,1.2913,-23.673,51.643,4.2487,9.9391,4.8027,-7.0825,8.8245,-0.72704
-9.7494,47.834,58.447,1.9078,-24.139,51.525,4.9753,10.596,5.8006,-6.5322,9.4739,-1.2765
-10.203,46.581,58.218,2.479,-24.593,50.996,5.6423,11.229,6.7501,-6.0303,9.7491,-1.8266
-10.483,45.246,57.604,2.9614,-25.166,50.196,6.2376,11.86,7.6605,-5.5874,9.632,-2.3994
-10.657,43.999,56.792,3.3239,-26.014,49.308,6.7504,12.498,8.5503,-5.207,9.151,-3.0002
-10.792,42.981,55.982,3.5593,-27.23,48.521,7.1731,13.137,9.4325,-4.8851,8.3738,-3.6258
-10.941,42.248,55.34,3.6893,-28.71,47.997,7.5078,13.763,10.298,-4.6096,7.3907,-4.2654
-11.134,41.754,54.99,3.7587,-30.192,47.846,7.7738,14.352,11.124,-4.3613,6.2938,-4.8994
-11.383,41.382,54.962,3.8227,-31.443,48.063,8.0039,14.885,11.88,-4.118,5.1611,-5.499
-11.694,41.0,55.174,3.9305,-32.368,48.507,8.2271,15.344,12.541,-3.8637,4.0495,-6.033
-12.063,40.493,55.513,4.1119,-32.977,48.971,8.4467,15.724,13.081,-3.5979,2.9983,-6.4792
-12.484,39.8,55.952,4.3685,-33.317,49.308,8.6349,16.03,13.48,-3.3404,2.0369,-6.8347
-12.946,38.903,56.573,4.6731,-33.448,49.46,8.7473,16.27,13.726,-3.1233,1.1835,-7.1177
-13.433,37.813,57.477,4.978,-33.464,49.412,8.7435,16.459,13.824,-2.976,0.44202,-7.3606
-13.921,36.608,58.617,5.2287,-33.484,49.151,8.6039,16.609,13.805,-2.9119,-0.20177,-7.597
-14.375,35.474,59.734,5.3818,-33.584,48.637,8.3389,16.728,13.71,-2.9189,-0.77489,-7.8457
-14.745,34.583,60.44,5.4203,-33.723,47.781,7.9863,16.827,13.588,-2.9643,-1.305,-8.1058
-14.974,33.875,60.378,5.367,-33.73,46.518,7.5998,16.909,13.481,-3.0106,-1.8082,-8.3575
-15.01,33.019,59.33,5.2881,-33.353,44.867,7.231,16.973,13.406,-3.0326,-2.2851,-8.5731
-14.826,31.616,57.265,5.2845,-32.365,42.836,6.9132,17.011,13.359,-3.0279,-2.7283,-8.7289
-14.431,29.42,54.309,5.4636,-30.671,40.339,6.6558,17.014,13.313,-3.0151,-3.1336,-8.8135
-13.89,26.445,50.653,5.9003,-28.407,37.287,6.4489,16.977,13.229,-3.0249,-3.5124,-8.83
-13.305,22.892,46.462,6.6094,-25.902,33.742,6.2736,16.902,13.072,-3.0876,-3.8961,-8.7935
-12.776,19.012,41.884,7.5344,-23.466,29.987,6.1088,16.798,12.817,-3.2204,-4.3348,-8.7271
-12.346,15.073,37.125,8.5475,-21.231,26.387,5.9341,16.667,12.449,-3.4192,-4.8895,-8.656
-11.973,11.408,32.458,9.468,-19.197,23.142,5.7381,16.504,11.972,-3.6574,-5.6214,-8.5974
-11.54,8.3698,28.127,10.096,-17.334,20.225,5.5249,16.285,11.404,-3.8951,-6.5804,-8.5526
-10.907,6.2526,24.254,10.251,-15.628,17.547,5.3127,15.981,10.777,-4.0943,-7.7953,-8.5078
-9.9663,5.2955,20.858,9.8078,-14.087,15.136,5.1229,15.567,10.122,-4.2339,-9.2681,-8.4415
-8.6935,5.6046,17.976,8.7435,-12.717,13.206,4.9689,15.038,9.4638,-4.3155,-10.974,-8.3358
-7.1673,7.006,15.781,7.1656,-11.511,12.045,4.8481,14.413,8.8146,-4.36,-12.867,-8.185
-5.5587,9.0482,14.408,5.3064,-10.48,11.757,4.7428,13.723,8.1823,-4.3967,-14.894,-7.9977
-4.0925,11.221,13.727,3.47,-9.6754,12.125,4.6286,12.997,7.5758,-4.4534,-17.018,-7.7913
-2.9869,13.125,13.499,1.9545,-9.1589,12.781,4.4829,12.259,7.0059,-4.5455,-19.227,-7.5869
-2.3904,14.473,13.526,0.98226,-8.9499,13.405,4.2921,11.525,6.4778,-4.6737,-21.528,-7.4065
-2.3376,15.076,13.649,0.65687,-8.9975,13.788,4.055,10.806,5.983,-4.8258,-23.914,-7.273
-2.7464,14.86,13.739,0.9545,-9.1929,13.826,3.7826,10.107,5.4973,-4.984,-26.338,-7.2095
-3.4535,13.868,13.711,1.7399,-9.4086,13.504,3.4957,9.4243,4.986,-5.134,-28.718,-7.2347
-4.2674,12.278,13.548,2.7962,-9.5431,12.895,3.2208,8.7453,4.4153,-5.271,-30.965,-7.3559
-5.01,10.413,13.299,3.868,-9.5519,12.139,2.9854,8.0483,3.7644,-5.4003,-33.018,-7.5606
-5.5399,8.72,13.044,4.7198,-9.4531,11.41,2.8106,7.3102,3.0324,-5.5338,-34.856,-7.8153
-5.7737,7.6265,12.855,5.1908,-9.3044,10.865,2.7053,6.5135,2.2362,-5.6828,-36.485,-8.075
-5.7114,7.3113,12.763,5.228,-9.166,10.578,2.6614,5.652,1.4033,-5.8591,-37.922,-8.2977
-5.4368,7.6549,12.754,4.8922,-9.068,10.528,2.6568,4.7316,0.56216,-6.0656,-39.178,-8.4587
-5.076,8.3968,12.786,4.3249,-9.0038,10.656,2.6614,3.7691,-0.26536,-6.2965,-40.239,-8.5543
-4.7483,9.2539,12.823,3.6955,-8.9488,10.908,2.6455,2.7886,-1.0673,-6.5384,-41.056,-8.5968
-4.5396,9.9935,12.844,3.1644,-8.8828,11.222,2.5879,1.8155,-1.8423,-6.7743,-41.536,-8.6028
-4.4971,10.475,12.82,2.8538,-8.7967,11.503,2.4807,0.87091,-2.5919,-6.9891,-41.56,-8.5845
-4.6216,10.614,12.711,2.8213,-8.6784,11.642,2.3296,-0.029791,-3.3176,-7.1746,-41.007,-8.5469
-4.8582,10.352,12.457,3.049,-8.4965,11.547,2.1502,-0.87662,-4.0182,-7.332,-39.792,-8.4887
-5.1003,9.6694,11.987,3.4532,-8.1913,11.159,1.9622,-1.6652,-4.6896,-7.4699,-37.873,-8.4038
-5.2145,8.6098,11.23,3.9091,-7.6862,10.456,1.7847,-2.397,-5.328,-7.5997,-35.266,-8.2816
-5.076,7.2911,10.152,4.2825,-6.9151,9.4573,1.6353,-3.0762,-5.9327,-7.7364,-32.049,-8.1106
-4.6029,5.8894,8.7723,4.4609,-5.8552,8.2274,1.5272,-3.7041,-6.507,-7.8931,-28.358,-7.8856
-3.7819,4.5879,7.1782,4.3791,-4.5484,6.8704,1.4653,-4.278,-7.0571,-8.0829,-24.372,-7.6179
-2.6794,3.5283,5.5051,4.0363,-3.1039,5.5086,1.4434,-4.7981,-7.5882,-8.3137,-20.281,-7.3401
-1.4343,2.774,3.905,3.499,-1.675,4.2564,1.4444,-5.2761,-8.0992,-8.5841,-16.264,-7.0988
-0.22988,2.3049,2.5141,2.8852,-0.42208,3.1992,1.4458,-5.7362,-8.578,-8.8833,-12.46,-6.9352
0.7484,2.0408,1.4317,2.3315,0.52516,2.3835,1.4295,-6.2041,-9.0003,-9.1939,-8.9731,-6.8701
1.3581,1.8811,0.70774,1.9578,1.0938,1.8179,1.3874,-6.6903,-9.3363,-9.495,-5.872,-6.8948
1.5311,1.7412,0.3416,1.8394,1.2781,1.4833,1.3227,-7.1796,-9.5638,-9.7619,-3.2095,-6.9803
1.2798,1.5738,0.29195,1.9949,1.1309,1.3445,1.2456,-7.636,-9.682,-9.9652,-1.0233,-7.0876
0.68067,1.3745,0.49499,2.3875,0.73529,1.3647,1.1665,-8.0219,-9.716,-10.076,0.67203,-7.1772
-0.15493,1.172,0.88612,2.9385,0.17442,1.514,1.0894,-8.322,-9.7069,-10.07,1.8932,-7.2177
-1.1073,1.0087,1.4134,3.549,-0.48571,1.77,1.0102,-8.5578,-9.6941,-9.9385,2.6818,-7.1915
-2.0672,0.92019,2.0367,4.1227,-1.1927,2.1124,0.91808,-8.7847,-9.6995,-9.6984,3.0838,-7.1016
-2.9433,0.9138,2.7167,4.5857,-1.8974,2.5123,0.80142,-9.0706,-9.7218,-9.3812,3.1358,-6.9673
-3.6618,0.96093,3.4006,4.8978,-2.5496,2.9239,0.65764,-9.4655,-9.7421,-9.0225,2.8678,-6.8144
-4.1693,1.003,4.0167,5.0561,-3.0975,3.2851,0.49947,-9.9776,-9.7415,-8.6466,2.3158,-6.6642
-4.4462,0.97032,4.4849,5.0895,-3.4941,3.5293,0.35451,-10.567,-9.7128,-8.2587,1.5294,-6.5256
-4.5112,0.80816,4.7437,5.0459,-3.709,3.6092,0.25661,-11.163,-9.6654,-7.8493,0.56957,-6.3908
-4.4157,0.50339,4.7776,4.9742,-3.7411,3.52,0.2323,-11.699,-9.6214,-7.4093,-0.50142,-6.2412
-4.2285,0.10062,4.6338,4.9083,-3.6296,3.3102,0.28924,-12.147,-9.6067,-6.9471,-1.6303,-6.062
-4.0193,-0.30177,4.4161,4.8562,-3.4536,3.0718,0.40993,-12.539,-9.6443,-6.4899,-2.7797,-5.8544
-3.839,-0.57455,4.2536,4.7968,-3.3089,2.9152,0.55726,-12.954,-9.75,-6.0819,-3.9269,-5.6365
-3.7032,-0.59136,4.2524,4.686,-3.2702,2.9364,0.68764,-13.498,-9.9282,-5.7711,-5.0591,-5.4309
-3.5876,-0.26375,4.4561,4.4698,-3.3616,3.1871,0.76686,-14.264,-10.168,-5.5923,-6.1655,-5.2495
-3.4385,0.43057,4.831,4.1014,-3.5476,3.6595,0.78199,-15.294,-10.44,-5.5539,-7.2323,-5.0891
-3.1943,1.4362,5.2804,3.559,-3.7479,4.2877,0.74422,-16.562,-10.706,-5.6337,-8.2416,-4.9365
-2.8088,2.6309,5.6783,2.8565,-3.8658,4.9685,0.68023,-17.969,-10.937,-5.7881,-9.1738,-4.7741
-2.2715,3.856,5.9128,2.0444,-3.8241,5.591,0.61548,-19.383,-11.119,-5.9665,-10.012,-4.5874
-1.6164,4.9547,5.9243,1.2,-3.594,6.067,0.55815,-20.684,-11.259,-6.1267,-10.746,-4.3697
-0.91857,5.8046,5.7238,0.41231,-3.2052,6.3511,0.49443,-21.807,-11.366,-6.2438,-11.37,-4.124
-0.27504,6.3336,5.3808,-0.23637,-2.73,6.442,0.39775,-22.746,-11.441,-6.3136,-11.883,-3.8603
0.2236,6.5195,4.9849,-0.68675,-2.2515,6.3684,0.24503,-23.525,-11.464,-6.3474,-12.284,-3.5902
0.52271,6.3774,4.6024,-0.91501,-1.8295,6.1674,0.028152,-24.155,-11.405,-6.3645,-12.568,-3.3218
0.62255,5.9447,4.2477,-0.93699,-1.4805,5.8646,-0.23925,-24.618,-11.239,-6.3759,-12.726,-3.0543
0.57885,5.2709,3.8805,-0.80324,-1.1809,5.4658,-0.52227,-24.88,-10.964,-6.3781,-12.752,-2.7799
0.48481,4.4131,3.4303,-0.58524,-0.8867,4.9608,-0.77243,-24.931,-10.611,-6.3533,-12.636,-2.4894
0.44062,3.4376,2.8351,-0.35483,-0.55413,4.3375,-0.94215,-24.812,-10.236,-6.278,-12.366,-2.1819
0.5239,2.4239,2.0765,-0.16523,-0.15004,3.602,-1.0004,-24.625,-9.8999,-6.1361,-11.922,-1.8738
0.77212,1.4691,1.1873,-0.045613,0.3451,2.7918,-0.94092,-24.503,-9.6501,-5.9292,-11.282,-1.6042
1.1842,0.67942,0.2344,-0.016058,0.93349,1.973,-0.77884,-24.56,-9.5057,-5.68,-10.42,-1.4248
1.7334,0.14834,-0.70219,-0.098562,1.5941,1.2243,-0.542,-24.859,-9.4594,-5.4269,-9.3181,-1.3785
2.3743,-0.068805,-1.5428,-0.3099,2.2808,0.61785,-0.26096,-25.389,-9.4885,-5.2145,-7.9784,-1.479
3.0406,0.028141,-2.2193,-0.64134,2.9288,0.20194,0.036489,-26.084,-9.5701,-5.0825,-6.4228,-1.7063
3.6455,0.3799,-2.6858,-1.0453,3.4686,-0.009668,0.32491,-26.844,-9.6935,-5.0558,-4.6967,-2.0217
4.0939,0.87784,-2.9249,-1.4418,3.8407,-0.038803,0.57746,-27.579,-9.8662,-5.139,-2.865,-2.3873
4.3047,1.3881,-2.9465,-1.7402,4.0073,0.066943,0.7635,-28.233,-10.11,-5.318,-1.0033,-2.7792
4.2319,1.7836,-2.7822,-1.8664,3.9593,0.24976,0.85054,-28.788,-10.45,-5.5649,0.81197,-3.189
3.8756,1.9712,-2.4807,-1.7805,3.7166,0.45499,0.8102,-29.258,-10.898,-5.8478,2.5154,-3.6189
3.2785,1.9057,-2.1007,-1.4833,3.3229,0.63794,0.62615,-29.675,-11.448,-6.1388,4.0614,-4.0725
2.5142,1.5905,-1.7027,-1.0118,2.8369,0.76553,0.30038,-30.081,-12.072,-6.4205,5.4295,-4.5474
1.6713,1.07,-1.3405,-0.42758,2.3241,0.81649,-0.14463,-30.52,-12.731,-6.686,6.6223,-5.0315
0.84267,0.41669,-1.0567,0.19634,1.8482,0.78142,-0.66855,-31.034,-13.385,-6.9351,7.6553,-5.5031
0.11691,-0.28321,-0.88045,0.7887,1.4639,0.66244,-1.2198,-31.655,-14.003,-7.1685,8.5443,-5.9338
-0.43146,-0.94453,-0.82579,1.2906,1.2106,0.47195,-1.7451,-32.394,-14.561,-7.3822,9.2925,-6.2927
-0.75813,-1.4968,-0.89104,1.6641,1.1059,0.23009,-2.1985,-33.233,-15.042,-7.5702,9.8825,-6.5509
-0.86248,-1.8954,-1.0593,1.8969,1.1422,-0.039129,-2.5498,-34.116,-15.43,-7.7212,10.28,-6.6872
-0.78768,-2.1276,-1.3023,2.0021,1.2896,-0.31241,-2.7899,-34.954,-15.71,-7.8176,10.448,-6.6929
-0.60687,-2.2144,-1.5855,2.0136,1.5035,-0.57092,-2.9334,-35.634,-15.863,-7.8392,10.363,-6.5739
-0.40293,-2.2057,-1.8735,1.98,1.7319,-0.80197,-3.0092,-36.05,-15.879,-7.7718,10.026,-6.3484
-0.24798,-2.1705,-2.136,1.9554,1.9243,-1.0001,-3.0414,-36.123,-15.747,-7.6139,9.4574,-6.0404
-0.18724,-2.1828,-2.3543,1.9896,2.0439,-1.1715,-3.0345,-35.818,-15.467,-7.3775,8.6938,-5.6717
-0.23093,-2.3055,-2.5292,2.1163,2.0797,-1.3393,-2.9753,-35.147,-15.048,-7.0837,7.7773,-5.2579
-0.35582,-2.5784,-2.6883,2.3461,2.0534,-1.5444,-2.8459,-34.167,-14.514,-6.758,6.751,-4.8102
-0.5144,-3.0094,-2.8839,2.6637,2.0148,-1.8321,-2.6356,-32.966,-13.902,-6.4259,5.6547,-4.3403
-0.64917,-3.5692,-3.1694,3.0317,2.0215,-2.2302,-2.3458,-31.651,-13.256,-6.1083,4.5236,-3.865
-0.70978,-4.1894,-3.5693,3.3969,2.113,-2.7306,-1.9909,-30.332,-12.615,-5.8157,3.3895,-3.4052
-0.67059,-4.7749,-4.0602,3.704,2.2933,-3.2854,-1.5952,-29.104,-12.004,-5.5447,2.2819,-2.9812
-0.54276,-5.2305,-4.5755,3.9115,2.5282,-3.8204,-1.1884,-28.038,-11.433,-5.28,1.226,-2.6094
-0.37441,-5.4917,-5.0297,4.0083,2.7574,-4.2582,-0.80163,-27.172,-10.898,-5.0032,0.23391,-2.305
-0.2365,-5.5502,-5.3503,4.0209,2.9156,-4.5422,-0.46403,-26.513,-10.396,-4.7052,-0.70356,-2.087
-0.19904,-5.462,-5.5027,4.0071,2.9571,-4.6535,-0.19768,-26.029,-9.9289,-4.394,-1.6182,-1.9788
-0.30704,-5.3369,-5.4985,4.0399,2.8732,-4.6202,-0.011049,-25.665,-9.5035,-4.0941,-2.5539,-2.0009
-0.56504,-5.3105,-5.3934,4.1852,2.695,-4.5196,0.10532,-25.35,-9.129,-3.836,-3.5506,-2.1627
-0.93449,-5.5066,-5.2788,4.4819,2.4861,-4.4686,0.17638,-25.014,-8.8109,-3.6422,-4.6302,-2.4565
-1.3427,-6.0034,-5.2642,4.9267,2.3299,-4.5929,0.23305,-24.6,-8.5497,-3.5164,-5.7888,-2.8569
-1.6998,-6.8042,-5.4475,5.4686,2.3106,-4.9763,0.30058,-24.081,-8.3419,-3.4419,-6.9966,-3.3248
-1.9182,-7.8135,-5.8744,6.0154,2.4877,-5.6149,0.39057,-23.459,-8.1845,-3.3886,-8.2021,-3.8142
-1.9306,-8.8384,-6.5053,6.4512,2.8737,-6.4014,0.49939,-22.771,-8.0779,-3.328,-9.339,-4.2817
-1.703,-9.6366,-7.2223,6.6623,3.4306,-7.1582,0.61083,-22.084,-8.0278,-3.2466,-10.33,-4.695
-1.2403,-9.9928,-7.8833,6.5639,4.0875,-7.707,0.70105,-21.478,-8.0434,-3.1533,-11.087,-5.0367
-0.58249,-9.7816,-8.3804,6.1249,4.7673,-7.9272,0.74479,-21.03,-8.1343,-3.0766,-11.514,-5.3021
0.20411,-8.9979,-8.6629,5.3812,5.4016,-7.7734,0.72247,-20.799,-8.304,-3.052,-11.521,-5.4912
1.0371,-7.7662,-8.7336,4.4326,5.9319,-7.276,0.62587,-20.804,-8.5449,-3.1067,-11.042,-5.6026
1.8282,-6.3219,-8.6401,3.4196,6.3114,-6.5519,0.45998,-21.019,-8.8375,-3.2495,-10.053,-5.6329
2.498,-4.9528,-8.4662,2.4873,6.5232,-5.7985,0.23955,-21.368,-9.1554,-3.4697,-8.5817,-5.582
2.9999,-3.9174,-8.3208,1.7524,6.607,-5.2369,-0.018399,-21.744,-9.4729,-3.7451,-6.7087,-5.4561
3.3404,-3.3819,-8.3198,1.2804,6.6658,-5.0275,-0.30231,-22.033,-9.7722,-4.0525,-4.557,-5.2685
3.5713,-3.3879,-8.5487,1.0816,6.8211,-5.2149,-0.60968,-22.145,-10.048,-4.3777,-2.2791,-5.039
3.7467,-3.8544,-9.005,1.122,7.1218,-5.7246,-0.94531,-22.03,-10.304,-4.7213,-0.036958,-4.7946
3.8751,-4.6169,-9.5646,1.3451,7.4904,-6.3969,-1.3179,-21.69,-10.549,-5.0954,2.0173,-4.5675
3.9019,-5.4838,-10.031,1.692,7.7646,-7.0442,-1.736,-21.165,-10.786,-5.5142,3.7576,-4.3909
3.7317,-6.2841,-10.222,2.1177,7.7801,-7.5063,-2.2011,-20.514,-11.008,-5.9812,5.0967,-4.2923
3.269,-6.8967,-10.023,2.5991,7.4299,-7.6809,-2.6986,-19.803,-11.203,-6.4827,5.9915,-4.2859
2.4581,-7.2668,-9.404,3.135,6.687,-7.5312,-3.198,-19.089,-11.36,-6.9893,6.4414,-4.3702
1.3073,-7.4142,-8.4147,3.7371,5.5979,-7.0836,-3.6651,-18.426,-11.483,-7.4664,6.4806,-4.5295
-0.10811,-7.4298,-7.1695,4.4173,4.2651,-6.4219,-4.0786,-17.864,-11.58,-7.8823,6.1648,-4.7383
-1.6632,-7.4426,-5.8303,5.1772,2.8253,-5.6748,-4.4422,-17.441,-11.665,-8.2117,5.5581,-4.9671
-3.2117,-7.5674,-4.5769,6.004,1.4276,-4.9922,-4.7833,-17.176,-11.74,-8.435,4.7222,-5.1865
-4.6152,-7.8664,-3.5594,6.8664,0.2072,-4.5063,-5.1397,-17.059,-11.796,-8.5369,3.7113,-5.3703
-5.7658,-8.3417,-2.8538,7.7147,-0.74126,-4.2883,-5.5392,-17.046,-11.812,-8.5056,2.573,-5.4963
-6.5974,-8.9468,-2.4574,8.4855,-1.3795,-4.3347,-5.9796,-17.065,-11.763,-8.3339,1.3501,-5.5466
-7.0849,-9.6026,-2.3305,9.1117,-1.7181,-4.5914,-6.42,-17.027,-11.628,-8.0204,0.081074,-5.5121
-7.2375,-10.212,-2.4291,9.5319,-1.7921,-4.9843,-6.7917,-16.847,-11.401,-7.5692,-1.203,-5.3969
-7.0899,-10.676,-2.6993,9.7009,-1.6443,-5.4317,-7.0282,-16.466,-11.089,-6.9874,-2.4809,-5.2192
-6.6911,-10.912,-3.073,9.5968,-1.3222,-5.851,-7.0957,-15.868,-10.707,-6.2817,-3.7407,-5.0061
-6.0935,-10.87,-3.4845,9.2262,-0.87448,-6.1705,-7.0023,-15.087,-10.273,-5.4581,-4.9767,-4.785
-5.3465,-10.547,-3.8881,8.625,-0.34539,-6.3449,-6.7816,-14.202,-9.8049,-4.5262,-6.185,-4.5766
-4.4989,-9.9894,-4.2611,7.8543,0.22573,-6.3677,-6.4685,-13.311,-9.3199,-3.5075,-7.361,-4.3933
-3.6048,-9.2843,-4.5987,6.9934,0.80377,-6.2726,-6.0853,-12.504,-8.8362,-2.441,-8.4982,-4.2403
-2.7274,-8.5423,-4.907,6.131,1.3585,-6.1192,-5.6421,-11.842,-8.3729,-1.3803,-9.5893,-4.12
-1.9349,-7.8702,-5.1936,5.3532,1.8641,-5.9697,-5.1451,-11.355,-7.9505,-0.37961,-10.63,-4.0357
-1.2911,-7.347,-5.4574,4.7302,2.2948,-5.8647,-4.6038,-11.038,-7.5898,0.52145,-11.621,-3.9949
-0.84585,-7.0073,-5.6802,4.3048,2.6227,-5.8102,-4.0347,-10.871,-7.3078,1.3037,-12.572,-4.0096
-0.62808,-6.8404,-5.8288,4.0882,2.8189,-5.782,-3.4602,-10.819,-7.1127,1.9622,-13.498,-4.0924
-0.6421,-6.8039,-5.8672,4.0646,2.8604,-5.7439,-2.9047,-10.842,-6.9986,2.4958,-14.41,-4.2511
-0.86862,-6.8503,-5.7754,4.2036,2.7383,-5.6696,-2.387,-10.897,-6.9461,2.9029,-15.318,-4.4819
-1.2694,-6.9529,-5.5618,4.4743,2.4652,-5.5557,-1.918,-10.94,-6.9287,3.1818,-16.219,-4.7657
-1.7942,-7.1154,-5.2678,4.8543,2.0785,-5.4239,-1.5038,-10.93,-6.9231,3.3352,-17.1,-5.0694
-2.3868,-7.3661,-4.9622,5.332,1.6385,-5.3184,-1.1536,-10.834,-6.9169,3.3727,-17.936,-5.3521
-2.9892,-7.7417,-4.7307,5.8989,1.22,-5.3002,-0.88228,-10.633,-6.9101,3.3117,-18.689,-5.5756
-3.5427,-8.266,-4.6576,6.5366,0.90125,-5.4303,-0.7031,-10.324,-6.9097,3.1745,-19.314,-5.7145
-3.9887,-8.9278,-4.8067,7.203,0.75269,-5.7465,-0.6169,-9.9229,-6.9203,2.9854,-19.756,-5.7607
-4.2694,-9.6653,-5.208,7.8282,0.82891,-6.2486,-0.60818,-9.4592,-6.9381,2.7682,-19.96,-5.7218
-4.3326,-10.37,-5.8579,8.3219,1.1581,-6.9008,-0.64774,-8.9731,-6.9507,2.5443,-19.872,-5.6141
-4.1389,-10.915,-6.7238,8.5896,1.7268,-7.6482,-0.6983,-8.5037,-6.9448,2.3302,-19.436,-5.4537
-3.6693,-11.192,-7.7504,8.5529,2.474,-8.4336,-0.72134,-8.0809,-6.9138,2.1354,-18.603,-5.2512
-2.9279,-11.155,-8.8679,8.1697,3.315,-9.2076,-0.68486,-7.7186,-6.8606,1.9631,-17.337,-5.0115
-1.9431,-10.836,-10.01,7.4553,4.1854,-9.9295,-0.57065,-7.4123,-6.7927,1.8145,-15.621,-4.7375
-0.7745,-10.337,-11.134,6.4962,5.0613,-10.571,-0.37842,-7.1413,-6.715,1.6952,-13.473,-4.4348
0.48009,-9.8139,-12.219,5.4436,5.9382,-11.124,-0.12442,-6.8749,-6.625,1.6221,-10.951,-4.1157
1.6868,-9.44,-13.251,4.4816,6.7975,-11.611,0.16482,-6.5821,-6.5129,1.6234,-8.1505,-3.8001
2.6933,-9.3671,-14.204,3.7836,7.5933,-12.076,0.45996,-6.2424,-6.3671,1.7288,-5.2003,-3.5143
3.3584,-9.6869,-15.042,3.4735,8.2601,-12.565,0.73358,-5.854,-6.181,1.954,-2.2479,-3.2874
3.5842,-10.4,-15.717,3.6027,8.7265,-13.097,0.96133,-5.437,-5.959,2.2877,0.55377,-3.1467
3.3405,-11.411,-16.163,4.1432,8.9254,-13.634,1.121,-5.0291,-5.7198,2.6884,3.0636,-3.1141
2.672,-12.553,-16.294,4.9962,8.8063,-14.078,1.1922,-4.674,-5.4931,3.0921,5.1693,-3.2019
1.6843,-13.636,-16.035,6.0162,8.3511,-14.306,1.1586,-4.4041,-5.3099,3.4312,6.7999,-3.4101
0.51665,-14.499,-15.356,7.0474,7.5875,-14.223,1.0129,-4.2245,-5.189,3.6598,7.9324,-3.7243
-0.6927,-15.033,-14.296,7.961,6.5885,-13.793,0.76053,-4.1084,-5.1268,3.7748,8.5897,-4.1155
-1.8356,-15.191,-12.952,8.6799,5.4537,-13.043,0.41876,-4.0058,-5.0953,3.8185,8.8312,-4.5426
-2.8501,-14.979,-11.443,9.1821,4.2784,-12.058,0.015788,-3.8626,-5.0505,3.8604,8.7381,-4.9579
-3.7139,-14.463,-9.8714,9.4816,3.1274,-10.956,-0.40809,-3.6401,-4.9475,3.9693,8.3996,-5.3147
-4.4176,-13.742,-8.3055,9.5983,2.0346,-9.8438,-0.80824,-3.3244,-4.7546,4.1931,7.904,-5.5715
-4.9392,-12.9,-6.7761,9.5354,1.0278,-8.7738,-1.1595,-2.9217,-4.4595,4.5527,7.3352,-5.6889
-5.2356,-11.974,-5.2965,9.2698,0.15012,-7.7182,-1.4675,-2.4441,-4.0663,5.0507,6.772,-5.6236
-5.2483,-10.93,-3.8753,8.7502,-0.55147,-6.5819,-1.7463,-1.8957,-3.5847,5.691,6.2894,-5.3252
-4.9179,-9.653,-2.5164,7.8915,-1.0483,-5.24,-1.9858,-1.2648,-3.0192,6.5002,5.957,-4.7411
-4.2001,-7.9372,-1.2174,6.5725,-1.3388,-3.5942,-2.1387,-0.52546,-2.3629,7.5375,5.8318,-3.828
-3.0827,-5.5129,0.037909,4.6465,-1.4481,-1.6175,-2.1298,0.35306,-1.598,8.8804,5.947,-2.5651
-1.6017,-2.1085,1.2922,1.9876,-1.4296,0.65693,-1.8757,1.3952,-0.69975,10.591,6.3019,-0.96374
0.14672,2.4385,2.6161,-1.4223,-1.3617,3.2009,-1.3109,2.6096,0.35766,12.677,6.8618,0.93018
2.0076,8.0398,4.0958,-5.4197,-1.334,6.0552,-0.40922,3.9858,1.5964,15.078,7.5669,3.0395
3.7931,14.253,5.8253,-9.702,-1.4266,9.3614,0.81009,5.4999,3.0292,17.689,8.3437,5.2595
5.3367,20.397,7.9201,-13.959,-1.6948,13.316,2.2991,7.1225,4.653,20.4,9.1137,7.465
6.5402,25.905,10.529,-17.957,-2.163,17.848,4.0063,8.8272,6.4416,23.105,9.7985,9.5332
7.3781,30.566,13.709,-21.558,-2.8241,22.317,5.8908,10.595,8.3423,25.716,10.327,11.372
7.8687,34.563,17.149,-24.716,-3.6437,26.266,7.9162,12.412,10.282,28.172,10.644,12.929
8.0506,38.338,20.452,-27.435,-4.5772,29.949,10.031,14.268,12.183,30.449,10.719,14.184
7.9748,42.272,23.753,-29.704,-5.5976,33.807,12.158,16.138,13.98,32.552,10.546,15.136
7.6914,46.451,27.502,-31.477,-6.7155,38.108,14.205,17.987,15.635,34.496,10.153,15.794
7.2203,50.644,32.072,-32.737,-7.974,42.898,16.076,19.757,17.133,36.287,9.599,16.172
6.5362,54.34,37.573,-33.533,-9.4164,47.959,17.66,21.381,18.472,37.896,8.9679,16.289
5.6122,57.093,43.719,-33.958,-11.038,52.776,18.815,22.788,19.656,39.262,8.359,16.172
4.4891,58.958,49.828,-34.102,-12.754,56.773,19.413,23.911,20.682,40.322,7.8727,15.858
3.2827,60.21,55.129,-34.023,-14.409,59.722,19.42,24.704,21.535,41.048,7.5965,15.404
2.1293,60.965,59.118,-33.737,-15.827,61.667,18.944,25.15,22.198,41.459,7.5959,14.885
1.14,61.133,61.627,-33.245,-16.87,62.621,18.172,25.263,22.659,41.611,7.9117,14.396
0.39503,60.55,62.65,-32.573,-17.478,62.532,17.214,25.085,22.92,41.573,8.5597,14.028
-0.044007,59.116,62.183,-31.789,-17.663,61.375,16.052,24.672,22.997,41.411,9.5303,13.86
-0.13084,56.897,60.173,-30.999,-17.469,59.2,14.633,24.071,22.915,41.169,10.786,13.939
0.15945,54.172,56.638,-30.324,-16.915,56.148,12.968,23.315,22.688,40.86,12.258,14.267
0.82688,51.421,51.939,-29.873,-15.978,52.529,11.121,22.412,22.303,40.465,13.856,14.808
1.8547,49.127,46.799,-29.719,-14.64,48.877,9.1568,21.356,21.72,39.941,15.486,15.491
3.2165,47.473,41.87,-29.874,-12.925,45.657,7.0827,20.144,20.891,39.241,17.062,16.234
4.866,46.284,37.356,-30.282,-10.918,42.91,4.8261,18.789,19.79,38.331,18.518,16.96
6.7223,45.249,33.096,-30.822,-8.7544,40.374,2.2424,17.329,18.437,37.2,19.807,17.611
8.6731,44.118,28.869,-31.338,-6.5904,37.769,-0.80857,15.814,16.897,35.866,20.897,18.15
10.596,42.753,24.543,-31.686,-4.5649,34.901,-4.3471,14.297,15.256,34.367,21.775,18.557
12.388,41.111,20.158,-31.781,-2.7815,31.653,-8.264,12.811,13.589,32.748,22.425,18.827
13.983,39.239,16.099,-31.632,-1.3138,28.026,-12.445,11.371,11.943,31.032,22.815,18.956
15.348,37.289,12.908,-31.327,-0.21016,24.302,-16.841,9.9647,10.323,29.206,22.909,18.932
16.467,35.468,10.766,-30.979,0.5147,21.033,-21.394,8.5634,8.7021,27.219,22.679,18.733
17.331,33.98,9.507,-30.687,0.89367,18.691,-25.947,7.1344,7.0411,25.006,22.131,18.337
17.963,33.0,8.8729,-30.51,1.0137,17.392,-30.272,5.6549,5.3093,22.523,21.315,17.727
18.437,32.585,8.5893,-30.464,1.0052,16.86,-34.237,4.1192,3.4988,19.804,20.323,16.903
18.853,32.525,8.3786,-30.517,1.0158,16.599,-37.888,2.5362,1.6247,16.987,19.28,15.872
19.283,32.38,7.9992,-30.594,1.1801,16.17,-41.343,0.91622,-0.28986,14.266,18.314,14.645
19.744,31.668,7.2947,-30.585,1.5921,15.361,-44.64,-0.74487,-2.2337,11.777,17.527,13.226
20.222,30.055,6.2098,-30.365,2.2888,14.145,-47.702,-2.4784,-4.2194,9.5276,16.971,11.607
20.704,27.565,4.7703,-29.827,3.2495,12.562,-50.456,-4.3439,-6.2798,7.4349,16.64,9.7869
21.201,24.517,3.0548,-28.945,4.4175,10.672,-52.924,-6.4132,-8.4499,5.3967,16.482,7.8135
21.741,21.19,1.1773,-27.804,5.7372,8.5564,-55.199,-8.7364,-10.741,3.3511,16.41,5.8227
22.344,17.748,-0.73434,-26.564,7.195,6.3484,-57.384,-11.297,-13.12,1.2969,16.332,4.0027
22.991,14.372,-2.5664,-25.384,8.8325,4.2232,-59.58,-13.977,-15.503,-0.71765,16.165,2.4997
23.643,11.294,-4.2425,-24.388,10.675,2.3606,-61.822,-16.555,-17.785,-2.6215,15.862,1.3637
24.299,8.7484,-5.7234,-23.671,12.601,0.89182,-64.026,-18.767,-19.881,-4.3496,15.408,0.57449
25.006,6.9228,-6.9904,-23.319,14.373,-0.12859,-66.065,-20.389,-21.744,-5.8611,14.822,0.089449
25.818,5.9425,-8.0247,-23.401,15.814,-0.7225,-67.931,-21.307,-23.35,-7.1438,14.155,-0.13737
26.856,5.8209,-8.8112,-23.934,16.903,-0.97353,-69.797,-21.528,-24.673,-8.2057,13.479,-0.1626
28.365,6.3973,-9.3941,-24.865,17.825,-1.0013,-71.872,-21.148,-25.683,-9.0573,12.878,-0.064193
30.564,7.3784,-9.892,-26.052,18.92,-0.92642,-74.044,-20.294,-26.355,-9.6962,12.419,0.071602
33.318,8.4826,-10.404,-27.276,20.394,-0.83141,-75.731,-19.072,-26.669,-10.102,12.14,0.18648
36.111,9.5345,-10.904,-28.281,21.99,-0.73983,-76.191,-17.545,-26.611,-10.244,12.048,0.27489
38.334,10.439,-11.23,-28.838,23.182,-0.6215,-74.868,-15.748,-26.179,-10.099,12.13,0.37059
39.482,11.13,-11.186,-28.822,23.524,-0.41611,-71.546,-13.732,-25.395,-9.6634,12.35,0.50689
39.231,11.553,-10.639,-28.227,22.763,-0.066384,-66.356,-11.585,-24.306,-8.9711,12.632,0.683
37.476,11.669,-9.56,-27.099,20.875,0.45127,-59.74,-9.4195,-22.984,-8.0856,12.858,0.85706
34.342,11.46,-8.0254,-25.469,18.062,1.1122,-52.43,-7.3261,-21.519,-7.0894,12.884,0.96322
30.193,10.932,-6.1963,-23.35,14.686,1.8479,-45.281,-5.354,-20.004,-6.0634,12.583,0.93736
25.551,10.117,-4.2821,-20.777,11.177,2.5641,-38.867,-3.5091,-18.525,-5.0711,11.866,0.7388
20.9,9.0755,-2.4929,-17.845,7.9231,3.166,-33.402,-1.7694,-17.15,-4.1539,10.693,0.36106
16.559,7.8943,-0.98742,-14.705,5.1785,3.5835,-29.064,-0.10544,-15.932,-3.335,9.0707,-0.17079
12.696,6.6778,0.16497,-11.543,3.0305,3.7878,-26.016,1.4976,-14.915,-2.6227,7.0577,-0.81645
9.3321,5.5195,0.98808,-8.5208,1.422,3.7922,-24.274,3.028,-14.125,-2.0108,4.7616,-1.5437
6.3732,4.4753,1.5515,-5.7658,0.22364,3.6391,-23.577,4.4524,-13.571,-1.4856,2.3246,-2.344
3.8168,3.5575,1.9099,-3.4017,-0.66023,3.381,-23.225,5.7299,-13.24,-1.0384,-0.10604,-3.2274
1.8669,2.7489,2.095,-1.552,-1.254,3.0653,-22.373,6.8218,-13.116,-0.67102,-2.4095,-4.202
0.67351,2.0256,2.1435,-0.2471,-1.603,2.7295,-20.733,7.6984,-13.18,-0.38669,-4.5116,-5.2576
0.071343,1.3774,2.1002,0.61856,-1.8004,2.4025,-18.73,8.3489,-13.4,-0.17828,-6.3831,-6.3694
-0.22909,0.82023,2.004,1.1966,-1.9232,2.1085,-16.905,8.7959,-13.721,-0.021843,-8.0215,-7.5148
-0.41196,0.3982,1.8839,1.5931,-2.0105,1.8675,-15.462,9.1077,-14.064,0.11918,-9.4271,-8.6822
-0.5322,0.17408,1.7572,1.8445,-2.0741,1.6937,-14.318,9.4034,-14.332,0.28048,-10.577,-9.873
-0.56534,0.21206,1.6215,1.9342,-2.101,1.5882,-13.271,9.854,-14.439,0.48041,-11.406,-11.108
-0.4651,0.55223,1.444,1.8295,-2.0518,1.5241,-12.127,10.681,-14.32,0.70847,-11.827,-12.443
-0.2158,1.1749,1.1574,1.5267,-1.8731,1.4242,-10.804,12.171,-13.947,0.92716,-11.785,-13.973
0.14096,1.9693,0.64597,1.0772,-1.5182,1.1594,-9.4341,14.714,-13.298,1.0999,-11.315,-15.82
0.51772,2.8145,-0.11476,0.56264,-0.92162,1.2272,-8.4715,18.851,-12.328,1.2551,-10.571,-18.198
0.82569,3.7531,2.5807,-0.011047,0.2902,2.995,-8.9805,24.857,-10.994,1.5766,-9.782,-21.102
1.0657,4.7701,3.2303,-0.87994,-0.10239,3.0085,-12.155,26.957,-9.7763,2.5391,-9.0576,-21.909
1.6305,5.4535,3.0164,-2.0038,-1.6628,2.7279,-14.971,17.709,-15.057,5.3346,-8.1294,-21.183
3.7633,5.0205,2.6658,-2.0246,-2.3862,1.9556,-14.055,18.885,-21.421,3.2843,-6.3108,-21.174
-0.23884,2.6189,1.7825,0.40961,-3.2715,0.16919,-10.035,24.668,-17.474,3.7428,8.5325,-21.762
-4.1247,-2.2681,-1.0709,4.4812,-3.4746,-3.6295,-3.1958,35.612,-10.289,4.2926,8.4248,-28.076
-7.2706,-10.939,-8.3199,9.6898,-1.1125,-11.012,6.4471,53.171,-0.56567,4.5802,5.0082,-38.673
-8.8995,-27.384,-22.27,17.926,5.4172,-25.713,18.351,77.317,9.6861,4.2311,-2.3223,-53.538
-8.4066,-55.925,-50.436,29.187,17.107,-54.417,31.882,107.22,19.642,2.9809,-13.989,-71.492
-4.8517,-91.476,-93.868,44.136,39.193,-91.7,46.147,141.45,29.934,1.3627,-29.166,-89.431
3.0562,-128.14,-140.89,60.201,71.797,-132.32,61.599,179.14,43.453,2.2356,-42.523,-101.75
19.1,-164.16,-195.56,71.945,109.28,-178.34,73.542,220.84,67.36,14.946,-41.935,-100.27
52.809,-195.62,-256.54,74.285,154.48,-225.8,80.441,271.22,114.09,67.779,-12.513,-75.014
103.52,-217.36,-321.67,62.344,209.09,-269.92,83.597,337.55,194.31,165.5,62.859,-15.64
169.41,-223.06,-390.68,31.382,275.74,-307.08,83.098,426.83,316.04,314.39,197.7,86.887
258.97,-208.0,-464.16,-22.296,357.19,-335.95,78.911,541.76,484.2,526.45,389.38,237.42
373.91,-170.25,-541.69,-100.38,454.1,-355.72,70.814,676.98,695.52,798.78,637.83,436.1
511.68,-110.15,-620.02,-201.11,562.98,-364.6,56.095,817.41,936.63,1117.8,933.54,677.2
664.15,-28.715,-691.84,-318.99,675.35,-359.9,30.148,939.24,1184.2,1459.7,1258.7,948.47
817.21,70.519,-746.5,-445.19,778.84,-338.18,-11.924,1014.3,1408.7,1792.3,1587.8,1230.9
953.52,180.75,-772.66,-568.71,859.65,-296.54,-73.219,1017.3,1579.5,2078.8,1889.2,1499.6
1056.6,294.11,-761.99,-677.81,905.67,-234.74,-153.09,932.63,1670.2,2282.2,2128.2,1726.2
1114.4,401.16,-712.29,-761.51,909.67,-156.59,-246.49,759.69,1663.2,2372.0,2272.1,1883.5
1121.2,491.74,-628.37,-810.99,871.24,-69.57,-345.16,512.54,1551.8,2328.9,2297.2,1950.8
1078.1,557.42,-520.23,-821.26,796.08,17.204,-439.92,215.93,1340.8,2149.2,2193.7,1918.6
991.82,593.27,-399.69,-793.6,693.48,95.406,-522.7,-100.69,1045.1,1844.7,1967.9,1789.4
872.58,598.16,-277.48,-734.25,573.65,159.09,-587.73,-408.38,687.97,1441.6,1641.5,1577.0
731.84,573.92,-162.31,-650.28,446.34,204.74,-631.91,-682.29,298.66,976.91,1247.6,1303.7
581.41,524.29,-61.763,-549.4,321.09,230.39,-654.92,-903.89,-89.44,495.34,827.0,997.26
433.44,454.13,16.69,-440.06,207.73,234.67,-659.32,-1062.1,-442.37,43.593,422.29,688.04
299.72,369.14,66.339,-330.76,115.7,217.05,-649.7,-1153.3,-729.97,-336.52,71.433,404.31
189.32,275.87,83.802,-228.97,51.294,179.06,-630.62,-1180.1,-930.81,-615.63,-199.05,167.64
106.27,181.37,71.807,-140.08,14.268,125.5,-604.75,-1150.6,-1036.5,-782.33,-378.51,-10.789
49.278,92.167,39.364,-67.007,2.9055,64.345,-572.89,-1077.1,-1054.1,-844.57,-472.73,-130.89
13.513,13.95,-1.9176,-10.536,4.5546,4.6354,-535.52,-975.18,-1003.5,-825.87,-500.15,-201.47
-7.2118,-48.84,-41.791,30.394,10.314,-46.311,-493.86,-861.07,-911.64,-757.49,-485.13,-236.04
-19.246,-94.493,-73.251,58.221,15.573,-84.211,-449.91,-748.33,-804.9,-669.09,-450.79,-248.43
-27.601,-123.45,-93.065,75.565,18.068,-107.91,-405.77,-645.31,-702.73,-581.75,-413.73,-249.64
-34.605,-137.97,-101.28,85.021,17.355,-118.93,-362.6,-554.46,-614.62,-508.49,-382.0,-246.52
-40.578,-141.73,-100.03,89.21,14.705,-120.38,-320.01,-473.48,-540.95,-452.32,-356.29,-242.21
-44.809,-138.5,-93.386,90.118,15.584,-115.9,-276.71,-397.85,-477.12,-407.71,-333.45,-237.42
-46.032,-131.03,-85.506,88.479,9.3734,-108.44,-231.67,-323.66,-417.95,-367.55,-309.48,-231.63
-31.047,-120.89,-77.638,84.082,7.4444,-99.511,-185.86,-249.64,-360.73,-327.37,-281.1,-223.88
-15.572,-108.71,-70.176,76.021,6.5329,-89.804,-143.6,-177.54,-303.64,-285.29,-246.75,-212.2
-13.481,-94.497,-60.374,63.16,5.8177,-78.927,-108.16,-111.01,-246.88,-241.33,-211.03,-194.39
-11.757,-76.654,-48.732,47.807,5.0505,-65.385,-79.784,-53.736,-192.66,-197.36,-176.93,-176.94
-10.085,-58.072,-41.643,35.08,4.0392,-52.571,-58.396,-8.0992,-144.3,-155.98,-144.29,-158.44
-8.7193,-43.605,-34.549,26.556,2.7046,-41.868,-42.996,25.55,-104.56,-120.23,-112.58,-138.87
-7.806,-32.624,-26.246,21.068,1.1678,-32.316,-31.58,48.92,-74.063,-91.642,-85.914,-120.81
-7.3139,-24.591,-18.331,17.732,-0.3719,-24.052,-22.34,65.212,-50.422,-70.06,-61.899,-106.92
-7.0901,-19.728,-12.406,15.889,-1.7685,-17.834,-14.224,77.97,-32.996,-55.836,-43.742,-98.191
-6.9499,-17.391,-8.5983,14.448,-2.9288,-13.783,-6.9407,89.921,-21.853,-48.153,-32.548,-94.151
-6.7333,-16.045,-6.0008,12.003,-3.7898,-11.125,-1.2398,102.25,-15.051,-44.811,-27.601,-93.267
-6.3276,-13.907,-3.7848,9.2131,-4.3343,-8.7984,0.50439,114.37,-10.802,-43.288,-26.992,-93.631
-5.691,-8.7786,-1.8381,7.3934,-4.61,-5.8724,-1.2223,120.64,-8.0892,-41.708,-28.287,-93.555
-4.8768,-4.2876,-0.40356,6.1667,-4.7227,-3.2411,1.1758,117.54,-6.4523,-39.073,-29.064,-91.651
-4.0318,-2.366,0.5147,5.1617,-4.7997,-1.7509,3.032,121.37,-7.8248,-35.109,-24.232,-86.573
-3.3557,-1.309,1.1106,4.3798,-4.9452,-0.93192,4.0963,127.07,-4.8577,-30.173,-19.071,-81.769
-3.0341,-0.75279,1.5543,3.9598,-5.2166,-0.46258,4.8166,132.23,-1.146,-24.463,-15.763,-80.164
-3.1728,-0.71173,1.9321,4.0236,-5.6254,-0.24307,5.3839,136.81,1.5165,-19.6,-13.15,-79.753
-3.7706,-1.1915,2.2737,4.6054,-6.1482,-0.23632,5.9006,141.11,3.5664,-16.317,-11.035,-79.574
-4.7315,-2.131,2.5823,5.64,-6.7356,-0.40757,6.4099,145.31,5.2787,-14.123,-9.3182,-79.46
-5.9003,-3.4071,2.8488,6.9802,-7.3221,-0.70794,6.9034,149.47,6.8021,-12.533,-7.9178,-79.425
-7.0999,-4.8452,3.0598,8.4226,-7.8426,-1.0735,7.3371,153.49,8.2043,-11.279,-6.7637,-79.495
-8.1556,-6.2251,3.2059,9.737,-8.2492,-1.4297,7.6585,157.2,9.5026,-10.224,-5.7815,-79.673
-8.9087,-7.3057,3.2906,10.706,-8.5204,-1.6991,7.8412,160.51,10.693,-9.2951,-4.8898,-79.943
-9.239,-7.875,3.3342,11.165,-8.6616,-1.812,7.9071,163.46,11.775,-8.44,-4.0095,-80.274
-9.0965,-7.8056,3.3691,11.037,-8.6978,-1.7184,7.9176,166.16,12.76,-7.624,-3.0779,-80.622
-8.5198,-7.0928,3.4273,10.352,-8.6598,-1.3987,7.9411,168.76,13.669,-6.8296,-2.0607,-80.94
-7.6241,-5.8522,3.5274,9.2385,-8.5687,-0.86966,8.0201,171.36,14.528,-6.0581,-0.95702,-81.19
-6.5685,-4.2797,3.6676,7.8951,-8.4299,-0.1825,8.159,173.94,15.35,-5.3271,0.20195,-81.346
-5.5182,-2.6001,3.8316,6.5396,-8.2434,0.58794,8.3316,176.4,16.132,-4.6619,1.3595,-81.403
-4.6199,-1.0297,4.0008,5.3627,-8.0201,1.3568,8.5007,178.61,16.865,-4.0819,2.4446,-81.371
1.3558,7.2123,6.9821,-1.7967,-8.3757,6.6664,20.827,187.72,23.375,0.098341,10.927,-87.48
1.5197,8.7011,8.2995,-2.7858,-8.9374,8.0667,20.086,191.97,24.944,0.9887,12.39,-86.741
-0.48726,8.0221,9.62,-1.6078,-10.411,8.4382,17.764,194.82,26.081,1.5102,12.511,-85.176
-3.8719,6.0416,11.017,0.94137,-12.532,8.3027,14.738,196.15,26.817,2.0875,11.745,-82.982
-7.4295,3.8015,12.327,3.7646,-14.762,8.066,12.054,196.32,27.272,2.8612,10.597,-80.522
-9.9216,1.9929,13.003,5.8901,-16.34,7.6706,10.501,196.0,27.62,3.6433,9.3919,-78.217
-10.388,0.71767,12.187,6.7299,-16.411,6.5713,10.398,195.95,28.052,4.06,8.2209,-76.405
-8.3714,-0.36192,9.0834,6.1374,-14.316,4.0814,11.633,196.67,28.707,3.7864,7.0186,-75.224
-4.0977,-1.6346,3.5298,4.3623,-10.007,-0.081301,13.821,198.29,29.622,2.7515,5.6923,-74.583
1.4922,-3.1987,-3.6314,1.9552,-4.2907,-5.416,16.446,200.51,30.729,1.2135,4.2297,-74.232
