I,II,III,aVR,aVL,aVF,V1,V2,V3,V4,V5,V6
108.58,331.83,226.2,-229.0,-45.387,286.1,2.0944,329.48,448.42,544.67,385.24,348.89
108.95,330.99,224.92,-228.45,-44.711,284.75,1.2406,328.08,448.35,544.12,386.8,348.45
108.69,328.69,222.81,-226.84,-43.928,282.24,0.0049943,324.66,446.12,541.05,386.06,346.71
107.23,323.92,219.43,-223.39,-43.092,277.83,-1.8547,317.58,439.8,533.49,381.1,342.46
104.21,316.39,214.84,-217.78,-42.421,271.42,-4.3652,306.09,428.31,520.61,370.89,334.93
99.539,306.48,209.53,-210.19,-42.211,263.51,-7.3595,290.35,411.44,502.69,355.38,323.82
93.375,294.93,204.08,-201.11,-42.681,254.77,-10.545,271.18,389.74,480.72,335.33,309.14
86.144,282.52,198.83,-191.12,-43.812,245.79,-13.541,249.82,364.23,455.91,311.99,291.25
78.452,269.76,193.69,-180.77,-45.283,236.8,-15.893,227.7,336.25,429.39,286.75,270.96
70.967,256.81,188.14,-170.46,-46.527,227.61,-17.172,206.23,307.35,402.03,260.94,249.6
64.269,243.47,181.43,-160.36,-46.877,217.75,-17.143,186.54,279.07,374.46,235.59,228.8
61.867,229.28,166.34,-150.25,-39.397,203.15,-4.431,171.84,250.32,343.98,206.11,216.3
57.027,212.6,155.42,-139.5,-36.162,190.37,-4.8385,157.56,228.91,317.36,184.47,200.62
53.172,194.79,143.15,-129.17,-32.212,176.47,-5.2589,143.62,208.78,291.55,163.77,184.66
50.195,177.07,129.7,-119.24,-27.816,161.65,-5.6522,130.13,189.89,267.11,143.91,168.5
47.716,160.15,115.93,-109.56,-23.257,146.11,-5.9548,117.27,172.19,244.45,124.82,152.53
45.204,144.12,102.93,-100.14,-18.793,130.59,-6.1095,105.18,155.44,223.6,106.44,137.21
42.181,128.98,91.45,-90.995,-14.616,115.91,-6.0946,93.926,139.32,204.27,88.711,122.93
38.465,114.78,81.575,-82.115,-10.843,102.63,-5.9312,83.5,123.58,185.9,71.594,109.85
34.243,101.56,72.928,-73.534,-7.5598,90.825,-5.6672,73.764,108.08,167.96,55.153,97.802
29.961,89.313,64.957,-65.323,-4.8584,80.206,-5.3524,64.544,92.885,150.15,39.676,86.342
26.028,78.007,57.167,-57.546,-2.7947,70.432,-5.0175,55.772,78.344,132.55,25.677,75.29
22.64,67.644,49.375,-50.25,-1.3005,61.407,-4.6692,47.509,64.86,115.5,13.775,64.8
19.784,58.101,41.819,-43.565,-0.19416,52.985,-4.2986,39.871,52.649,99.519,4.5477,55.016
17.252,49.275,34.844,-37.499,0.70449,45.018,-3.8966,32.952,41.673,85.031,-1.8146,45.986
14.713,41.182,28.432,-31.762,1.5025,37.708,-3.466,26.743,31.758,72.241,-6.2188,37.714
11.851,33.818,22.207,-26.232,2.2392,31.302,-3.0231,20.973,22.726,61.116,-9.9747,30.207
8.7104,27.029,15.868,-21.011,2.9187,25.602,-2.5899,15.422,14.42,51.443,-13.398,23.54
5.8551,20.596,9.8218,-16.184,3.5384,20.174,-2.1849,10.669,7.0214,42.89,-16.356,17.923
3.7301,14.411,5.0792,-11.871,4.1021,14.756,-1.8182,7.2303,1.3797,35.106,-18.801,13.108
2.2696,8.547,1.9527,-8.2231,4.6182,9.4569,-1.4895,4.8202,-2.376,27.783,-20.756,8.2612
1.2411,3.4767,-0.0030313,-5.2608,5.0904,4.8763,-1.1902,2.9951,-5.1797,20.75,-22.252,3.5972
0.47906,-0.15597,-1.265,-2.999,5.5093,1.6725,-0.90824,1.4721,-7.7377,14.168,-23.316,-0.018973
-0.11171,-2.3527,-2.1229,-1.4425,5.8508,-0.21548,-0.63517,0.098931,-10.357,8.4788,-23.985,-2.6673
-0.59301,-3.6759,-2.7257,-0.41886,6.0824,-1.3166,-0.3711,-1.2041,-13.196,4.0736,-24.314,-4.8008
-1.0133,-4.6248,-3.1466,0.29973,6.1774,-2.0436,-0.1258,-2.474,-16.324,0.89407,-24.378,-6.6828
-1.4127,-5.4497,-3.4253,0.87543,6.1295,-2.5929,0.085335,-3.7215,-19.684,-1.4548,-24.255,-8.4408
-1.8198,-6.225,-3.5928,1.3959,5.9606,-3.0403,0.24864,-4.9435,-23.076,-3.3326,-24.01,-10.162
-2.2429,-6.9355,-3.6783,1.8907,5.7146,-3.4094,0.35883,-6.1365,-26.226,-4.9627,-23.685,-11.899
-2.6652,-7.5365,-3.7077,2.3492,5.4412,-3.7015,0.42168,-7.3031,-28.901,-6.4672,-23.3,-13.638
-3.0534,-7.989,-3.6976,2.7441,5.1767,-3.9097,0.45218,-8.4521,-30.994,-7.9047,-22.859,-15.297
-3.3825,-8.2792,-3.6537,3.0566,4.9339,-4.0296,0.46985,-9.5934,-32.516,-9.288,-22.362,-16.778
-3.6571,-8.4239,-3.5752,3.2905,4.7047,-4.0683,0.49312,-10.731,-33.542,-10.592,-21.811,-18.014
-3.9097,-8.4657,-3.4633,3.4703,4.4726,-4.0473,0.53372,-11.856,-34.156,-11.768,-21.214,-18.994
-4.1791,-8.4593,-3.3285,3.6271,4.227,-3.9993,0.59203,-12.942,-34.425,-12.764,-20.586,-19.744
-4.4839,-8.4547,-3.1899,3.7851,3.9715,-3.9582,0.6556,-13.944,-34.394,-13.547,-19.95,-20.306
-4.81,-8.483,-3.0699,3.9539,3.7231,-3.95,0.70297,-14.818,-34.092,-14.117,-19.331,-20.711
-5.1158,-8.5504,-2.9874,4.1288,3.5055,-3.9857,0.71206,-15.533,-33.544,-14.502,-18.755,-20.972
-5.3499,-8.642,-2.9537,4.2951,3.3418,-4.0605,0.66979,-16.087,-32.773,-14.742,-18.241,-21.089
-5.4711,-8.732,-2.9719,4.4347,3.2487,-4.1589,0.57817,-16.501,-31.8,-14.873,-17.8,-21.06
-5.4607,-8.7957,-3.0383,4.5332,3.2331,-4.2617,0.45405,-16.796,-30.638,-14.914,-17.427,-20.891
-5.3273,-8.8173,-3.1447,4.5843,3.2904,-4.3531,0.32269,-16.978,-29.292,-14.863,-17.109,-20.61
-5.1024,-8.7917,-3.2802,4.5924,3.4038,-4.425,0.20811,-17.026,-27.764,-14.703,-16.825,-20.26
-4.8309,-8.7227,-3.4311,4.5689,3.5479,-4.4761,0.12445,-16.903,-26.057,-14.417,-16.556,-19.891
-4.5584,-8.6173,-3.5801,4.5266,3.6925,-4.507,0.072347,-16.577,-24.197,-13.997,-16.29,-19.535
-4.3177,-8.4821,-3.7073,4.4729,3.8094,-4.5169,0.041436,-16.044,-22.235,-13.458,-16.026,-19.199
-4.1198,-8.3213,-3.7937,4.4073,3.8777,-4.5029,0.017152,-15.336,-20.254,-12.837,-15.764,-18.86
-3.955,-8.1383,-3.8254,4.3234,3.8879,-4.4625,-0.011602,-14.513,-18.344,-12.184,-15.503,-18.492
-3.8025,-7.9371,-3.7964,4.2135,3.8418,-4.3951,-0.046826,-13.641,-16.583,-11.544,-15.238,-18.079
-3.6474,-7.7212,-3.7079,4.0746,3.7489,-4.302,-0.079533,-12.768,-15.015,-10.938,-14.957,-17.635
-3.491,-7.4936,-3.5669,3.9113,3.6217,-4.1849,-0.092057,-11.913,-13.642,-10.364,-14.643,-17.194
-3.3483,-7.2585,-3.3854,3.737,3.4717,-4.0465,-0.064111,-11.065,-12.434,-9.7969,-14.282,-16.788
-3.2373,-7.0247,-3.1808,3.5721,3.3083,-3.894,0.019038,-10.2,-11.349,-9.2084,-13.865,-16.43
-3.1709,-6.8062,-2.9754,3.4401,3.1399,-3.7401,0.15948,-9.3002,-10.347,-8.5811,-13.391,-16.104
-3.1548,-6.6168,-2.7924,3.3603,2.9765,-3.5996,0.34432,-8.367,-9.4023,-7.9167,-12.867,-15.765
-3.1891,-6.4626,-2.6502,3.3414,2.8281,-3.4835,0.55011,-7.4263,-8.5011,-7.2351,-12.307,-15.359
-3.2687,-6.3377,-2.5567,3.3777,2.7036,-3.3946,0.75237,-6.5177,-7.6392,-6.5643,-11.714,-14.841
-3.3823,-6.2266,-2.5083,3.4501,2.6073,-3.3279,0.93556,-5.6805,-6.8149,-5.9283,-11.082,-14.187
-3.5114,-6.1118,-2.4911,3.5323,2.537,-3.2743,1.0973,-4.9416,-6.0244,-5.3395,-10.393,-13.405
-3.6351,-5.9805,-2.4849,3.5992,2.4827,-3.2241,1.2442,-4.3098,-5.2615,-4.7981,-9.6214,-12.524
-3.7397,-5.8296,-2.4695,3.6345,2.4286,-3.1703,1.3835,-3.778,-4.5186,-4.2967,-8.7513,-11.593
-3.829,-5.6643,-2.4285,3.6347,2.3577,-3.1092,1.5151,-3.3296,-3.7892,-3.8272,-7.7836,-10.663
-3.922,-5.4946,-2.3536,3.6067,2.257,-3.0399,1.6294,-2.9466,-3.0681,-3.3841,-6.7407,-9.7793
-4.0363,-5.3276,-2.2438,3.5594,2.1218,-2.9629,1.7102,-2.6143,-2.3529,-2.9654,-5.6607,-8.9649
-4.1689,-5.1613,-2.1044,3.4944,1.9573,-2.8775,1.7421,-2.3223,-1.6427,-2.5696,-4.5836,-8.2213
-4.2873,-4.9801,-1.9445,3.4011,1.7794,-2.7785,1.7177,-2.0625,-0.93826,-2.1929,-3.5382,-7.5336
-4.3377,-4.7572,-1.7751,3.2585,1.6131,-2.6566,1.6418,-1.8283,-0.24042,-1.829,-2.5338,-6.8788
-4.263,-4.4629,-1.6087,3.0434,1.4893,-2.501,1.5294,-1.6154,0.44942,-1.4705,-1.5605,-6.235
-4.0221,-4.0776,-1.4593,2.7404,1.4372,-2.306,1.4,-1.4221,1.1286,-1.1125,-0.59491,-5.587
-3.6025,-3.6022,-1.3408,2.3507,1.4766,-2.076,1.27,-1.2483,1.793,-0.75327,0.39228,-4.9277
-3.0251,-3.0613,-1.2647,1.8941,1.6121,-1.8262,1.1478,-1.0924,2.4382,-0.39278,1.4288,-4.2563
-2.3402,-2.4958,-1.236,1.4039,1.8306,-1.5782,1.0339,-0.9487,3.0611,-0.030017,2.5347,-3.5743
-1.6146,-1.9489,-1.2515,0.91656,2.1048,-1.3516,0.92441,-0.80783,3.662,0.33888,3.7175,-2.8844
-0.91575,-1.4521,-1.2997,0.46166,2.4003,-1.1587,0.81629,-0.65958,4.2453,0.7201,4.9717,-2.1905
-0.29658,-1.0181,-1.3651,0.056569,2.6849,-1.0023,0.71056,-0.49614,4.8187,1.1195,6.2814,-1.498
0.21279,-0.64474,-1.4337,-0.29268,2.9366,-0.87938,0.61212,-0.31492,5.3904,1.5395,7.6259,-0.81235
0.60546,-0.32389,-1.4986,-0.58688,3.1476,-0.78627,0.52713,-0.11927,5.9658,1.9762,8.9834,-0.13753
0.89115,-0.04996,-1.5617,-0.82857,3.3238,-0.72246,0.45975,0.083433,6.5463,2.4205,10.333,0.52351
1.0878,0.17617,-1.6317,-1.019,3.4796,-0.69083,0.41031,0.28547,7.1306,2.8599,11.655,1.1669
1.216,0.34882,-1.719,-1.158,3.6302,-0.69514,0.37528,0.4819,7.715,3.2817,12.932,1.7868
1.2963,0.46336,-1.8297,-1.2458,3.7835,-0.73592,0.34903,0.67157,8.2936,3.6762,14.152,2.3774
1.347,0.52324,-1.9606,-1.286,3.9359,-0.80661,0.32596,0.85633,8.8591,4.0391,15.31,2.9361
1.3818,0.54389,-2.0983,-1.2874,4.0735,-0.89234,0.30243,1.0395,9.4024,4.3736,16.416,3.4677
1.4093,0.55071,-2.2243,-1.2642,4.1801,-0.97286,0.27774,1.2246,9.9142,4.6873,17.484,3.9839
1.4349,0.571,-2.3217,-1.2344,4.2465,-1.0293,0.25427,1.4143,10.385,4.989,18.534,4.4995
1.4628,0.62415,-2.3828,-1.2151,4.276,-1.0513,0.23668,1.6094,10.808,5.2833,19.582,5.0265
1.4975,0.71555,-2.4108,-1.2194,4.2828,-1.0404,0.23042,1.8083,11.178,5.568,20.639,5.569
1.5435,0.83744,-2.4162,-1.254,4.2843,-1.0076,0.24005,2.0069,11.492,5.8348,21.701,6.1209
1.6044,0.97515,-2.4097,-1.3192,4.2926,-0.96714,0.2681,2.1991,11.751,6.0726,22.752,6.6656
1.6821,1.115,-2.3961,-1.4102,4.3097,-0.92899,0.31506,2.3797,11.961,6.2723,23.761,7.1809
1.7743,1.25,-2.3714,-1.5183,4.3264,-0.89352,0.38074,2.5467,12.13,6.4305,24.687,7.6465
1.8731,1.3826,-2.324,-1.6339,4.3246,-0.85055,0.46586,2.7018,12.262,6.5508,25.493,8.0537
1.9688,1.523,-2.2397,-1.7485,4.2848,-0.7832,0.5729,2.8491,12.36,6.6421,26.155,8.4099
2.0603,1.6843,-2.1099,-1.8565,4.1945,-0.67531,0.70564,2.9919,12.416,6.7151,26.677,8.7346
2.1625,1.8753,-1.9377,-1.9539,4.0561,-0.51965,0.86759,3.1301,12.419,6.777,27.082,9.049
2.2973,2.0943,-1.7393,-2.0352,3.8871,-0.32264,1.06,3.2601,12.357,6.8267,27.402,9.3653
2.4702,2.3269,-1.5371,-2.0906,3.711,-0.10307,1.2801,3.3762,12.223,6.8552,27.658,9.6792
2.6531,2.5488,-1.3472,-2.1064,3.5418,0.11457,1.5206,3.4735,12.024,6.8504,27.854,9.9708
2.7852,2.7331,-1.1695,-2.0678,3.3721,0.30894,1.7703,3.5497,11.776,6.8039,27.981,10.213
2.7884,2.8588,-0.98769,-1.964,3.1704,0.46838,2.0161,3.6054,11.501,6.7141,28.033,10.388
2.5891,2.9169,-0.77931,-1.7917,2.8939,0.593,2.2463,3.6437,11.221,6.5857,28.018,10.5
2.1414,2.9127,-0.5281,-1.5581,2.509,0.69254,2.4528,3.6678,10.943,6.4275,27.97,10.582
1.4468,2.8622,-0.22829,-1.2798,2.0099,0.78091,2.6334,3.6809,10.665,6.2488,27.935,10.678
0.5606,2.7832,0.11396,-0.97975,1.4229,0.86794,2.7923,3.6847,10.379,6.056,27.957,10.828
-0.4151,2.688,0.47554,-0.68118,0.80051,0.9519,2.9385,3.679,10.074,5.8496,28.055,11.049
-1.3524,2.5799,0.81517,-0.40291,0.20944,1.0183,3.0827,3.6615,9.7492,5.6237,28.215,11.328
-2.1264,2.4555,1.0823,-0.15663,-0.28244,1.0459,3.2331,3.6276,9.4089,5.3688,28.397,11.625
-2.6423,2.3116,1.2316,0.051674,-0.61801,1.0152,3.3917,3.5715,9.0609,5.0764,28.548,11.883
-2.8523,2.1505,1.2346,0.21784,-0.75973,0.91664,3.5525,3.4886,8.7118,4.7456,28.622,12.053
-2.7588,1.9849,1.0862,0.33584,-0.69523,0.75353,3.7039,3.3775,8.364,4.387,28.597,12.102
-2.4063,1.8366,0.80348,0.39645,-0.43902,0.54224,3.8346,3.2415,8.0166,4.0222,28.474,12.025
-1.8641,1.7301,0.42018,0.3891,-0.028537,0.30709,3.9397,3.0876,7.6678,3.6767,28.278,11.835
-1.2069,1.6826,-0.023197,0.30627,0.48504,0.072294,4.0229,2.9236,7.3187,3.3721,28.041,11.558
-0.50054,1.6962,-0.48782,0.14874,1.0476,-0.14577,4.0946,2.7566,6.9757,3.12,27.792,11.227
0.20267,1.7559,-0.93967,-0.071175,1.6104,-0.34144,4.1659,2.5911,6.6501,2.9205,27.553,10.867
0.86088,1.8365,-1.3479,-0.33072,2.1344,-0.51625,4.2434,2.429,6.3553,2.7641,27.337,10.499
1.4425,1.9142,-1.687,-0.60264,2.592,-0.67267,4.3247,2.2703,6.1006,2.6365,27.15,10.137
1.9342,1.9755,-1.9462,-0.86413,2.9706,-0.81076,4.3992,2.1144,5.8857,2.5234,26.997,9.7909
2.3445,2.0213,-2.1365,-1.1032,3.2769,-0.92875,4.4515,1.96,5.6981,2.4138,26.886,9.4718
2.6926,2.0636,-2.2798,-1.3174,3.5308,-1.0242,4.4673,1.8065,5.516,2.3022,26.823,9.1884
2.9934,2.1172,-2.3937,-1.5079,3.7501,-1.0947,4.4384,1.6535,5.3152,2.1881,26.8,8.9411
3.2468,2.1913,-2.4852,-1.6737,3.9409,-1.1397,4.3657,1.5012,5.0789,2.0735,26.792,8.7163
3.4382,2.2842,-2.5549,-1.8091,4.0985,-1.1625,4.2596,1.3494,4.8034,1.9596,26.754,8.4864
3.5467,2.3839,-2.6023,-1.9051,4.2118,-1.1711,4.1376,1.1975,4.499,1.845,26.639,8.2206
3.5554,2.473,-2.6267,-1.9534,4.2682,-1.1747,4.0195,1.0446,4.1862,1.7248,26.416,7.9017
3.4592,2.5371,-2.6286,-1.9504,4.2588,-1.1801,3.9224,0.88951,3.8891,1.5929,26.088,7.5377
3.2688,2.5698,-2.6107,-1.9004,4.1861,-1.1905,3.8549,0.73139,3.6266,1.4439,25.69,7.1583
3.0168,2.5718,-2.5825,-1.8165,4.0701,-1.2078,3.8151,0.5711,3.407,1.2756,25.273,6.7996
2.7604,2.547,-2.5618,-1.7172,3.9483,-1.2356,3.7923,0.41235,3.2248,1.0897,24.883,6.4901
2.572,2.4963,-2.572,-1.6215,3.866,-1.2818,3.7732,0.26256,3.0629,0.89139,24.543,6.2438
2.5136,2.4158,-2.634,-1.5426,3.8593,-1.3566,3.7504,0.13268,2.899,0.68837,24.252,6.0614
2.6071,2.2999,-2.7563,-1.4838,3.9398,-1.4678,3.7267,0.035402,2.7138,0.48878,23.994,5.9343
2.8208,2.1476,-2.9281,-1.4389,4.0884,-1.6145,3.7136,-0.017507,2.4971,0.29945,23.742,5.8485
3.0822,1.9679,-3.1207,-1.3966,4.2617,-1.7834,3.7245,-0.01769,2.2501,0.12469,23.472,5.7859
3.3061,1.7807,-3.2958,-1.3454,4.4065,-1.9519,3.7673,0.038325,1.982,-0.034013,23.161,5.7272
3.4219,1.6098,-3.4187,-1.2779,4.4784,-2.0948,3.8409,0.14822,1.704,-0.17724,22.789,5.6568
3.3894,1.4741,-3.4703,-1.1918,4.455,-2.1947,3.9347,0.30344,1.4242,-0.30606,22.341,5.5675
3.2055,1.3804,-3.452,-1.0891,4.3406,-2.2477,4.0305,0.4901,1.1453,-0.42029,21.806,5.4619
2.9003,1.3231,-3.3826,-0.97354,4.1601,-2.2623,4.1074,0.692,0.86589,-0.51742,21.179,5.3475
2.5265,1.2885,-3.2876,-0.84956,3.9469,-2.2524,4.1463,0.89445,0.58499,-0.59299,20.46,5.2304
2.1462,1.2618,-3.187,-0.72135,3.7297,-2.2293,4.1333,1.0872,0.30675,-0.64259,19.652,5.1104
1.816,1.2321,-3.0872,-0.59216,3.5216,-2.1966,4.0621,1.2655,0.043575,-0.66441,18.766,4.9819
1.5722,1.1945,-2.9779,-0.46322,3.3173,-2.1491,3.9353,1.4293,-0.18485,-0.66074,17.822,4.8386
1.417,1.1504,-2.8364,-0.33289,3.0966,-2.0756,3.7638,1.5821,-0.35736,-0.6372,16.84,4.6784
1.3164,1.1065,-2.6375,-0.19713,2.8344,-1.9635,3.565,1.729,-0.45995,-0.60062,15.845,4.5064
1.2118,1.0728,-2.3647,-0.051458,2.5111,-1.8055,3.3579,1.8753,-0.49319,-0.55725,14.856,4.3325
1.0416,1.0583,-2.0187,0.10674,2.1197,-1.6041,3.1561,2.0246,-0.47384,-0.51224,13.884,4.1657
0.76118,1.0672,-1.6191,0.27668,1.6687,-1.3735,2.9628,2.1765,-0.42953,-0.4704,12.93,4.0085
0.35486,1.0964,-1.1991,0.45444,1.1808,-1.1361,2.7702,2.3247,-0.38901,-0.43722,11.985,3.8554
-0.16415,1.1388,-0.79571,0.63438,0.68793,-0.91538,2.5654,2.4575,-0.37266,-0.41925,11.037,3.694
-0.76125,1.1885,-0.43748,0.81034,0.22216,-0.72726,2.3387,2.5607,-0.387,-0.42299,10.078,3.5111
-1.3884,1.2454,-0.13764,0.97545,-0.19357,-0.57492,2.0905,2.6229,-0.42469,-0.45237,9.1066,3.2997
-1.9869,1.3158,0.10528,1.1209,-0.54666,-0.45022,1.832,2.6404,-0.46892,-0.50613,8.1332,3.0652
-2.4903,1.4072,0.29877,1.2351,-0.82814,-0.34108,1.5808,2.6189,-0.49989,-0.57681,7.1781,2.826
-2.8335,1.5226,0.44615,1.3046,-1.0257,-0.24019,1.3553,2.571,-0.50106,-0.65293,6.2659,2.6086
-2.9673,1.6568,0.54162,1.3169,-1.123,-0.14969,1.1682,2.5109,-0.46362,-0.72345,5.4196,2.4381
-2.8702,1.7969,0.57238,1.2644,-1.1052,-0.080155,1.0241,2.4494,-0.38825,-0.78218,4.6566,2.3288
-2.5533,1.9264,0.5255,1.1471,-0.96636,-0.045465,0.91845,2.393,-0.28351,-0.82918,3.9863,2.278
-2.057,2.0296,0.39553,0.9733,-0.71498,-0.056449,0.8393,2.3461,-0.1623,-0.86841,3.4101,2.2679
-1.4426,2.0974,0.18979,0.75833,-0.37485,-0.11558,0.77088,2.3148,-0.03822,-0.90341,2.923,2.2728
-0.78123,2.1312,-0.070056,0.52149,0.0177,-0.21414,0.69817,2.3068,0.075816,-0.93407,2.5151,2.2702
-0.14234,2.1433,-0.35177,0.28213,0.42015,-0.33347,0.61199,2.3283,0.16712,-0.95615,2.1712,2.2485
0.41798,2.1531,-0.6213,0.056654,0.79261,-0.45091,0.51278,2.381,0.22256,-0.96361,1.8714,2.2089
0.867,2.1771,-0.85447,-0.1429,1.108,-0.54927,0.41099,2.4596,0.22988,-0.95241,1.5932,2.1611
1.1986,2.2207,-1.0458,-0.30856,1.3595,-0.62506,0.32327,2.5516,0.181,-0.92384,1.3138,2.1167
1.4261,2.2736,-1.2087,-0.43519,1.5596,-0.69038,0.26535,2.6387,0.075266,-0.88574,1.0122,2.0825
1.5692,2.3143,-1.3652,-0.51983,1.7301,-0.76627,0.24483,2.6999,-0.080264,-0.85057,0.67118,2.0569
1.6417,2.3206,-1.532,-0.56219,1.8872,-0.8705,0.2575,2.7173,-0.27365,-0.83055,0.28224,2.0312
1.6475,2.2824,-1.7084,-0.56537,2.0314,-1.0063,0.28881,2.6824,-0.49151,-0.83168,-0.14735,1.9949
1.5841,2.2076,-1.8734,-0.53569,2.1456,-1.1582,0.31943,2.6012,-0.72065,-0.84951,-0.59184,1.9418
1.4505,2.1187,-1.9929,-0.48136,2.202,-1.2971,0.33168,2.4934,-0.94782,-0.86971,-1.0129,1.8749
1.2538,2.0415,-2.0366,-0.41087,2.1769,-1.3945,0.31425,2.3848,-1.1594,-0.87402,-1.3733,1.8054
1.0156,1.9919,-1.9961,-0.33217,2.0694,-1.4369,0.26404,2.2965,-1.3431,-0.84932,-1.6525,1.7482
0.77644,1.9693,-1.8957,-0.25275,1.9107,-1.4346,0.1855,2.2366,-1.4905,-0.7948,-1.8553,1.7153
0.59242,1.9584,-1.786,-0.18027,1.7589,-1.4177,0.088289,2.1983,-1.6007,-0.72289,-2.0095,1.7103
0.51903,1.9385,-1.7246,-0.1226,1.6764,-1.4236,-0.015865,2.1673,-1.681,-0.65355,-2.1519,1.7269
0.58899,1.8944,-1.7535,-0.08705,1.7065,-1.4799,-0.11658,2.1317,-1.7435,-0.60595,-2.3131,1.753
0.79932,1.8236,-1.884,-0.079083,1.8578,-1.5947,-0.20744,2.0898,-1.8012,-0.59179,-2.5073,1.7758
1.1129,1.737,-2.0953,-0.10092,2.104,-1.7538,-0.28672,2.0523,-1.8613,-0.61254,-2.733,1.7881
1.4708,1.6537,-2.3438,-0.15032,2.3945,-1.9283,-0.35584,2.0366,-1.9218,-0.66038,-2.981,1.7914
1.8085,1.5924,-2.5793,-0.22015,2.6709,-2.0851,-0.41642,2.0584,-1.9703,-0.72144,-3.2424,1.7953
2.0702,1.565,-2.7607,-0.29955,2.8828,-2.1991,-0.4679,2.1251,-1.987,-0.78002,-3.5139,1.8134
2.2215,1.5728,-2.8662,-0.37701,3.0016,-2.2592,-0.50714,2.234,-1.9493,-0.82332,-3.7961,1.857
2.2609,1.6095,-2.8982,-0.44406,3.0309,-2.2691,-0.52971,2.3751,-1.8394,-0.84582,-4.0886,1.93
2.2274,1.6656,-2.883,-0.49798,3.0068,-2.2445,-0.53195,2.5361,-1.6516,-0.85125,-4.3845,2.0264
2.1906,1.7333,-2.8633,-0.54152,2.9823,-2.206,-0.51278,2.7059,-1.3963,-0.85054,-4.6696,2.1312
2.2178,1.8089,-2.8755,-0.57979,2.9988,-2.1693,-0.4742,2.8775,-1.0974,-0.85623,-4.9253,2.2253
2.3373,1.8921,-2.9235,-0.61584,3.0617,-2.1341,-0.41957,3.048,-0.78456,-0.87653,-5.1352,2.2932
2.5189,1.9841,-2.9693,-0.64748,3.1327,-2.0815,-0.35029,3.2182,-0.48294,-0.91274,-5.2922,2.3306
2.6819,2.0842,-2.9489,-0.66709,3.1421,-1.9845,-0.26361,3.3897,-0.20678,-0.9612,-5.4035,2.3467
2.7281,2.189,-2.8047,-0.66485,3.0169,-1.8229,-0.15408,3.5626,0.041245,-1.0174,-5.4921,2.3603
2.5819,2.2948,-2.5096,-0.63349,2.709,-1.5916,-0.018347,3.7331,0.26538,-1.0789,-5.5902,2.39
2.2152,2.4012,-2.0712,-0.57207,2.2145,-1.2996,0.14046,3.8939,0.47016,-1.1452,-5.7294,2.4461
1.651,2.5114,-1.5262,-0.48684,1.5757,-0.96573,0.31203,4.0368,0.6552,-1.2156,-5.9296,2.5259
0.95447,2.6297,-0.93286,-0.38882,0.86997,-0.61585,0.4823,4.1561,0.81365,-1.2882,-6.1933,2.6166
0.21604,2.7566,-0.36066,-0.28882,0.18866,-0.27961,0.63859,4.2498,0.93447,-1.36,-6.5068,2.7035
-0.4692,2.8852,0.12609,-0.19296,-0.38683,0.014384,0.77364,4.3184,1.0077,-1.4291,-6.8467,2.7798
-1.0213,3.0004,0.4831,-0.1015,-0.80318,0.24418,0.88702,4.3622,1.0303,-1.4948,-7.1899,2.851
-1.3894,3.0849,0.69526,-0.012075,-1.0424,0.39971,0.98401,4.38,1.0091,-1.5561,-7.5204,2.9332
-1.558,3.1287,0.77714,0.075308,-1.119,0.4862,1.0728,4.3696,0.95947,-1.6097,-7.8316,3.0438
-1.5444,3.136,0.76486,0.1546,-1.0708,0.52295,1.1608,4.3306,0.90034,-1.651,-8.123,3.1919
-1.3907,3.1246,0.70104,0.21355,-0.94445,0.53585,1.2506,4.2675,0.84829,-1.6775,-8.3947,3.3722
-1.1497,3.1171,0.6193,0.23749,-0.78115,0.54649,1.3363,4.1897,0.81254,-1.6917,-8.6432,3.5649
-0.87103,3.1289,0.53631,0.21586,-0.60713,0.56404,1.4041,4.1093,0.79271,-1.7009,-8.8605,3.7449
-0.59092,3.1618,0.45565,0.14839,-0.43357,0.58472,1.436,4.0366,0.78035,-1.7135,-9.0376,3.8925
-0.3337,3.2054,0.37821,0.046932,-0.26506,0.59833,1.4175,3.9788,0.7644,-1.7332,-9.1694,4.0027
-0.11939,3.246,0.30827,-0.068766,-0.11023,0.59708,1.3442,3.9396,0.73815,-1.756,-9.258,4.0858
0.034097,3.2768,0.25215,-0.1793,0.016769,0.58214,1.2234,3.9217,0.70402,-1.7708,-9.3121,4.1611
0.11853,3.3045,0.21731,-0.27313,0.10392,0.56603,1.0718,3.927,0.67388,-1.7646,-9.3441,4.247
0.14343,3.3475,0.21363,-0.34986,0.14658,0.56992,0.91015,3.955,0.66509,-1.7284,-9.365,4.3531
0.13434,3.4277,0.25209,-0.41811,0.14681,0.61586,0.7577,4.0024,0.69447,-1.659,-9.3825,4.477
0.12125,3.5593,0.33949,-0.48953,0.11105,0.71744,0.62786,4.0622,0.77252,-1.5584,-9.398,4.6078
0.12494,3.7401,0.4736,-0.57197,0.047848,0.87322,0.52686,4.1268,0.90004,-1.4311,-9.4068,4.7339
0.14803,3.9501,0.64198,-0.66526,-0.034636,1.066,0.45555,4.1894,1.0682,-1.2828,-9.3983,4.8519
0.17424,4.1576,0.82535,-0.76103,-0.13082,1.2686,0.41263,4.2459,1.262,-1.1214,-9.3586,4.9706
0.17552,4.3309,1.0049,-0.84653,-0.23917,1.4533,0.39721,4.2938,1.4649,-0.95719,-9.2752,5.1079
0.12472,4.4509,1.1694,-0.91059,-0.36142,1.6026,0.40957,4.3312,1.6626,-0.80214,-9.1434,5.2813
0.0089858,4.5182,1.3167,-0.94908,-0.49794,1.7133,0.45064,4.3565,1.8441,-0.66681,-8.9713,5.4978
-0.16141,4.5519,1.4464,-0.96706,-0.64052,1.7931,0.52117,4.3688,2.0018,-0.55719,-8.7818,5.7483
-0.35259,4.5776,1.5519,-0.97622,-0.76813,1.8516,0.62075,4.3692,2.1308,-0.47274,-8.6072,6.0094
-0.51585,4.6137,1.6179,-0.98865,-0.8503,1.8926,0.74672,4.3613,2.2281,-0.40634,-8.4809,6.2533
-0.60311,4.6612,1.6254,-1.0103,-0.85742,1.9107,0.89243,4.3501,2.2913,-0.34639,-8.429,6.4577
-0.58182,4.7027,1.5605,-1.0382,-0.77244,1.8944,1.046,4.3392,2.3165,-0.28103,-8.466,6.6132
-0.44309,4.7111,1.4214,-1.0622,-0.59802,1.8327,1.1906,4.3282,2.2989,-0.20314,-8.5919,6.7239
-0.20178,4.6628,1.2205,-1.0715,-0.35579,1.7219,1.3079,4.3129,2.2345,-0.11391,-8.7923,6.8038
0.1083,4.5465,0.98103,-1.0598,-0.079034,1.5672,1.3818,4.2876,2.1257,-0.022682,-9.0398,6.8697
0.44139,4.3665,0.73001,-1.0266,0.19663,1.381,1.4028,4.2489,1.9844,0.056986,-9.3005,6.9332
0.74764,4.1377,0.49268,-0.97453,0.43979,1.1786,1.3698,4.1984,1.8314,0.11304,-9.5426,6.9968
0.9804,3.88,0.29042,-0.90516,0.62548,0.97448,1.2893,4.1423,1.6906,0.14001,-9.7447,7.053
1.1013,3.6115,0.1396,-0.81661,0.73565,0.78064,1.1727,4.0898,1.5816,0.14142,-9.8996,7.0871
1.0838,3.3451,0.04836,-0.7033,0.76119,0.60421,1.0327,4.0505,1.5131,0.12859,-10.012,7.0815
0.91729,3.0863,0.012223,-0.55812,0.70563,0.44595,0.88056,4.0316,1.4806,0.11627,-10.096,7.0208
0.61139,2.8344,0.013553,-0.37624,0.58668,0.30064,0.72502,4.0363,1.4684,0.11718,-10.169,6.8966
0.19736,2.5865,0.027793,-0.15896,0.43241,0.16092,0.57339,4.0634,1.4554,0.13808,-10.25,6.7104
-0.27559,2.3427,0.033824,0.084023,0.27281,0.023302,0.43192,4.108,1.4219,0.17878,-10.356,6.4719
-0.74897,2.1095,0.022423,0.33548,0.13117,-0.10753,0.30533,4.164,1.3562,0.23409,-10.499,6.1965
-1.1668,1.899,-0.0017647,0.57433,0.019258,-0.2195,0.19612,4.2261,1.2583,0.29743,-10.684,5.9029
-1.4877,1.7233,-0.024848,0.78104,-0.06272,-0.29877,0.10488,4.2926,1.1391,0.36449,-10.901,5.6105
-1.6933,1.5892,-0.030982,0.94238,-0.12297,-0.33616,0.031581,4.366,1.0179,0.43514,-11.131,5.3357
-1.7915,1.4954,-0.0079098,1.0539,-0.17419,-0.33021,-0.023412,4.4513,0.91695,0.51273,-11.345,5.0889
-1.8104,1.4354,0.05084,1.1195,-0.22959,-0.28576,-0.059399,4.5529,0.85592,0.60095,-11.511,4.8731
-1.7875,1.4014,0.14568,1.1478,-0.2991,-0.21058,-0.076455,4.6701,0.84721,0.69984,-11.599,4.6845
-1.757,1.3888,0.27085,1.1478,-0.38581,-0.11288,-0.07644,4.7957,0.89357,0.80363,-11.584,4.5149
-1.7381,1.3973,0.41423,1.1243,-0.48385,-0.00053073,-0.062953,4.9159,0.98797,0.90179,-11.456,4.3553
-1.7307,1.4303,0.55863,1.0768,-0.57899,0.11861,-0.040363,5.0147,1.1156,0.98302,-11.222,4.1984
-1.7205,1.492,0.68547,1.0014,-0.65306,0.23683,-0.012821,5.0786,1.2573,1.0399,-10.91,4.0393
-1.692,1.5845,0.78042,0.8962,-0.69118,0.34772,0.016069,5.0998,1.3937,1.0718,-10.569,3.8741
-1.6405,1.705,0.83834,0.76568,-0.6885,0.44772,0.042888,5.0785,1.5099,1.084,-10.257,3.7
-1.574,1.8439,0.8639,0.62085,-0.65217,0.53581,0.063885,5.0229,1.5972,1.0853,-10.026,3.5165
-1.5036,1.9838,0.86664,0.47642,-0.59594,0.61063,0.074949,4.9471,1.6526,1.0839,-9.9089,3.3274
-1.4337,2.102,0.8536,0.34642,-0.53154,0.66736,0.072558,4.8669,1.6761,1.0846,-9.915,3.1405
-1.358,2.1764,0.82491,0.24055,-0.46211,0.69781,0.055512,4.7947,1.668,1.0876,-10.029,2.9655
-1.2621,2.1943,0.77514,0.16207,-0.38174,0.69461,0.026291,4.7349,1.6289,1.0881,-10.215,2.8123
-1.1292,2.1582,0.69856,0.1075,-0.28026,0.65652,-0.0096132,4.6822,1.5624,1.0782,-10.427,2.6901
-0.94782,2.0859,0.59392,0.068359,-0.14995,0.59097,-0.046792,4.6257,1.4774,1.0491,-10.617,2.6065
-0.71915,2.0035,0.4662,0.034702,0.0095772,0.51195,-0.083763,4.5537,1.3875,0.99492,-10.747,2.5672
-0.46022,1.9368,0.32533,-0.001072,0.18991,0.43491,-0.12498,4.4602,1.3074,0.91604,-10.8,2.5738
-0.20245,1.9029,0.18395,-0.041592,0.37507,0.37208,-0.17947,4.3466,1.2484,0.81967,-10.783,2.6213
0.014857,1.9081,0.056073,-0.084255,0.54406,0.33092,-0.25642,4.2206,1.2147,0.71758,-10.731,2.6965
0.15436,1.9504,-0.042706,-0.12375,0.67343,0.31645,-0.36008,4.0922,1.2036,0.62142,-10.681,2.7805
0.19164,2.026,-0.094561,-0.1565,0.74049,0.33526,-0.48633,3.9692,1.2066,0.53824,-10.667,2.8539
0.12404,2.1351,-0.08052,-0.18491,0.72779,0.39808,-0.623,3.8543,1.2116,0.46853,-10.713,2.9048
-0.025766,2.2843,0.015652,-0.21925,0.62876,0.51881,-0.75392,3.7448,1.2048,0.40758,-10.828,2.932
-0.21291,2.4844,0.20175,-0.27599,0.45245,0.71009,-0.86516,3.6336,1.1743,0.34871,-11.014,2.9431
-0.38021,2.7457,0.47249,-0.37334,0.22387,0.978,-0.95063,3.5127,1.1138,0.28612,-11.261,2.9474
-0.4735,3.0725,0.80896,-0.52588,-0.021664,1.3183,-1.0145,3.3761,1.0263,0.21646,-11.557,2.9503
-0.45856,3.4595,1.183,-0.73947,-0.24914,1.7156,-1.0698,3.2229,0.92499,0.13915,-11.878,2.9489
-0.33301,3.8911,1.5651,-1.0081,-0.43503,2.1465,-1.1336,3.0583,0.82978,0.056414,-12.197,2.9366
-0.12716,4.3428,1.9318,-1.3138,-0.5744,2.5844,-1.2204,2.8924,0.76029,-0.026808,-12.486,2.9082
0.10698,4.785,2.2709,-1.6304,-0.68,3.0047,-1.3366,2.7364,0.72889,-0.10368,-12.722,2.8636
0.31423,5.1895,2.5801,-1.9289,-0.77371,3.3901,-1.4765,2.5984,0.73666,-0.16758,-12.894,2.8066
0.45493,5.5352,2.8627,-2.1853,-0.87436,3.7315,-1.6239,2.4788,0.77362,-0.21477,-13.005,2.7429
0.51688,5.8141,3.1213,-2.3853,-0.98908,4.0283,-1.7566,2.3705,0.82221,-0.24578,-13.071,2.6763
0.51572,6.0305,3.3541,-2.5281,-1.111,4.2833,-1.8555,2.261,0.86226,-0.26407,-13.122,2.607
0.48409,6.1941,3.5524,-2.6235,-1.2228,4.4985,-1.9116,2.1384,0.87609,-0.27252,-13.199,2.5311
0.45556,6.3118,3.7035,-2.6855,-1.304,4.6709,-1.9284,1.9959,0.85345,-0.27057,-13.336,2.4418
0.45104,6.3837,3.796,-2.7248,-1.3391,4.794,-1.9182,1.834,0.79495,-0.25438,-13.55,2.3339
0.47121,6.4064,3.8256,-2.7461,-1.3243,4.8628,-1.8947,1.6599,0.71233,-0.21998,-13.828,2.2062
0.49727,6.3794,3.7989,-2.7483,-1.2701,4.8782,-1.8667,1.4844,0.62456,-0.16678,-14.134,2.0639
0.49908,6.309,3.7336,-2.7285,-1.1986,4.8496,-1.8343,1.3187,0.55081,-0.098917,-14.42,1.9179
0.44836,6.2067,3.6515,-2.686,-1.1347,4.7919,-1.7896,1.1701,0.50378,-0.023875,-14.658,1.7833
0.33194,6.0843,3.5693,-2.6247,-1.0957,4.7182,-1.7224,1.0393,0.48646,0.050345,-14.84,1.6754
0.16031,5.95,3.4916,-2.5543,-1.0832,4.6344,-1.6261,0.92012,0.49306,0.11756,-14.987,1.6043
-0.031765,5.8084,3.4107,-2.489,-1.0821,4.5388,-1.503,0.80337,0.51268,0.1745,-15.129,1.5702
-0.19362,5.6617,3.3126,-2.4447,-1.0669,4.4259,-1.3646,0.68249,0.53297,0.22104,-15.29,1.5633
-0.27392,5.5108,3.1858,-2.4341,-1.0134,4.2916,-1.2289,0.5582,0.54262,0.26045,-15.476,1.5681
-0.23662,5.3543,3.0268,-2.4622,-0.90667,4.1362,-1.1151,0.43972,0.53332,0.29947,-15.671,1.5693
-0.071193,5.1883,2.8404,-2.5235,-0.74526,3.9636,-1.0378,0.34173,0.50161,0.34766,-15.848,1.5603
0.20521,5.0075,2.6352,-2.6036,-0.53852,3.7791,-1.0029,0.27774,0.45076,0.41508,-15.979,1.5438
0.55368,4.808,2.4189,-2.6838,-0.3013,3.587,-1.006,0.25306,0.391,0.50884,-16.043,1.5298
0.92572,4.5883,2.1939,-2.7464,-0.047763,3.3883,-1.0334,0.26083,0.33688,0.62983,-16.03,1.529
1.2772,4.3499,1.9561,-2.7789,0.21301,3.1795,-1.0675,0.28363,0.30278,0.77159,-15.944,1.5474
1.5779,4.0951,1.6971,-2.7753,0.47797,2.9546,-1.0928,0.29957,0.2988,0.92195,-15.794,1.5843
1.8128,3.826,1.4091,-2.7354,0.74746,2.7068,-1.1002,0.29021,0.32958,1.0668,-15.598,1.6333
1.9761,3.5436,1.0894,-2.6625,1.0202,2.4322,-1.0889,0.24694,0.39558,1.1943,-15.372,1.6859
2.0643,3.2476,0.74607,-2.5607,1.2885,2.1322,-1.0632,0.17375,0.4943,1.297,-15.131,1.7357
2.0728,2.9363,0.39748,-2.4329,1.5368,1.8148,-1.0274,0.084942,0.61931,1.3719,-14.889,1.7799
1.9973,2.6064,0.068459,-2.2797,1.7447,1.4918,-0.98235,-0.0016381,0.75798,1.4184,-14.656,1.8191
1.8391,2.2521,-0.21777,-2.1003,1.8936,1.1744,-0.92489,-0.073268,0.8914,1.4363,-14.448,1.8529
1.6109,1.8668,-0.44794,-1.8951,1.9752,0.86933,-0.85177,-0.12833,0.99899,1.4255,-14.276,1.8772
1.3409,1.4456,-0.62369,-1.669,1.9961,0.57678,-0.76399,-0.17614,1.0665,1.3865,-14.142,1.8841
1.0688,0.98715,-0.76116,-1.4312,1.9782,0.29104,-0.66934,-0.2312,1.0928,1.3228,-14.026,1.8641
0.83462,0.49465,-0.88462,-1.1919,1.9515,0.0035563,-0.58135,-0.30589,1.0904,1.2408,-13.888,1.809
0.66481,-0.025641,-1.0171,-0.95737,1.9426,-0.29311,-0.51455,-0.40587,1.0797,1.1492,-13.672,1.7148
0.56363,-0.56566,-1.1722,-0.72656,1.9649,-0.60191,-0.47837,-0.52925,1.0811,1.0578,-13.323,1.5836
0.51237,-1.1171,-1.3504,-0.49108,2.0141,-0.92026,-0.47298,-0.66852,1.1096,0.97512,-12.807,1.4232
0.476,-1.6729,-1.5415,-0.23775,2.0723,-1.2417,-0.4891,-0.81333,1.1736,0.90736,-12.114,1.2452
0.41412,-2.2292,-1.7313,0.047286,2.1172,-1.5595,-0.51184,-0.95326,1.2753,0.85722,-11.256,1.062
0.29252,-2.785,-1.91,0.37375,2.1331,-1.8707,-0.52679,-1.0799,1.4102,0.82421,-10.258,0.883
0.091755,-3.3422,-2.0775,0.74352,2.118,-2.1784,-0.52533,-1.1884,1.5657,0.80541,-9.1509,0.71002
-0.18883,-3.9039,-2.2421,1.1494,2.0818,-2.491,-0.50671,-1.2777,1.7212,0.79661,-7.9605,0.53674
-0.53271,-4.4719,-2.4145,1.5769,2.0397,-2.8173,-0.47573,-1.3514,1.8525,0.79371,-6.7054,0.35158
-0.91424,-5.0442,-2.5996,2.0096,2.0027,-3.1609,-0.43728,-1.4155,1.939,0.79469,-5.3912,0.144
-1.3101,-5.6138,-2.7925,2.4334,1.9723,-3.517,-0.39188,-1.4776,1.9704,0.80086,-4.0071,-0.089894
-1.7056,-6.1699,-2.9794,2.8405,1.9412,-3.8732,-0.3354,-1.5433,1.9483,0.81609,-2.5273,-0.3457
-2.0908,-6.6998,-3.1439,3.2277,1.898,-4.2141,-0.26325,-1.6148,1.8838,0.8438,-0.92013,-0.61413
-2.4528,-7.1921,-3.2743,3.5934,1.8361,-4.5268,-0.1751,-1.69,1.7921,0.884,0.83646,-0.88729
-2.772,-7.6376,-3.3694,3.9334,1.7603,-4.8049,-0.078213,-1.7647,1.6896,0.93257,2.7425,-1.1641
-3.025,-8.03,-3.4403,4.2397,1.6883,-5.0492,0.013376,-1.8354,1.5914,0.98369,4.7724,-1.4508
-3.1886,-8.365,-3.5056,4.5011,1.6446,-5.2655,0.083389,-1.9013,1.5107,1.0338,6.8816,-1.7554
-3.2457,-8.6403,-3.5835,4.7059,1.6507,-5.4603,0.1193,-1.9644,1.4559,1.0841,9.0168,-2.0792
-3.1925,-8.8554,-3.6842,4.8472,1.7159,-5.6373,0.11684,-2.0282,1.4276,1.1394,11.124,-2.4124
-3.0441,-9.0119,-3.8062,4.9264,1.833,-5.7953,0.081283,-2.0971,1.4168,1.2039,13.153,-2.7365
-2.8334,-9.1136,-3.9382,4.9525,1.9825,-5.9296,0.025113,-2.1758,1.4063,1.2757,15.057,-3.0334
-2.6003,-9.1664,-4.0663,4.9372,2.1401,-6.0366,-0.036745,-2.2704,1.3752,1.3453,16.797,-3.2948
-2.3784,-9.178,-4.1817,4.8903,2.2872,-6.1183,-0.092389,-2.3876,1.3051,1.3973,18.344,-3.5294
-2.1851,-9.1579,-4.2854,4.8157,2.4162,-6.1846,-0.13689,-2.5349,1.1846,1.4164,19.681,-3.762
-2.0209,-9.1157,-4.3862,4.7119,2.5315,-6.2485,-0.17307,-2.7181,1.0119,1.3942,20.805,-4.0298
-1.8767,-9.0557,-4.494,4.5752,2.6438,-6.3193,-0.20886,-2.9391,0.79513,1.334,21.724,-4.3751
-1.7434,-8.9765,-4.6132,4.4042,2.7637,-6.3962,-0.25258,-3.1943,0.5504,1.25,22.454,-4.837
-1.6141,-8.8729,-4.74,4.2032,2.8973,-6.4685,-0.30852,-3.4759,0.29845,1.1624,23.021,-5.4432
-1.4814,-8.7403,-4.8655,3.9819,3.0449,-6.5222,-0.37489,-3.7741,0.059716,1.0891,23.46,-6.2
-1.333,-8.5797,-4.9812,3.7523,3.2036,-6.5476,-0.44475,-4.0786,-0.15076,1.0409,23.819,-7.0815
-1.154,-8.3993,-5.0838,3.5262,3.3691,-6.5464,-0.50952,-4.3798,-0.32701,1.0177,24.145,-8.0235
-0.93302,-8.2128,-5.1747,3.3121,3.5379,-6.5285,-0.56329,-4.6669,-0.47301,1.0103,24.474,-8.9384
-0.66623,-8.0337,-5.2556,3.1164,3.705,-6.5041,-0.60598,-4.928,-0.60059,1.0052,24.827,-9.7493
-0.35946,-7.8705,-5.3239,2.9435,3.8626,-6.4773,-0.64343,-5.1522,-0.7256,0.98996,25.196,-10.425
-0.027762,-7.7244,-5.3716,2.7956,3.9999,-6.4443,-0.68519,-5.3327,-0.86407,0.95719,25.552,-10.985
0.30509,-7.5901,-5.3883,2.6713,4.105,-6.3973,-0.73946,-5.4712,-1.0294,0.90559,25.856,-11.485
0.60747,-7.4591,-5.366,2.5669,4.1674,-6.3289,-0.80862,-5.5743,-1.2303,0.83724,26.072,-11.981
0.84241,-7.3245,-5.3009,2.4786,4.1778,-6.2364,-0.887,-5.6516,-1.47,0.7536,26.186,-12.511
0.97241,-7.1828,-5.1935,2.4069,4.1293,-6.1218,-0.96199,-5.7123,-1.7445,0.65203,26.206,-13.094
0.96669,-7.0356,-5.0494,2.3566,4.0194,-5.9912,-1.0176,-5.7631,-2.045,0.52587,26.157,-13.733
0.80988,-6.8895,-4.8779,2.3347,3.8517,-5.8534,-1.0392,-5.807,-2.3586,0.36764,26.07,-14.415
0.50937,-6.7539,-4.691,2.3469,3.6365,-5.7175,-1.018,-5.8425,-2.6703,0.17472,25.967,-15.125
0.098462,-6.6388,-4.5007,2.3943,3.3888,-5.5907,-0.95385,-5.8635,-2.9625,-0.045998,25.861,-15.836
-0.36603,-6.5498,-4.316,2.4703,3.1276,-5.4751,-0.855,-5.8585,-3.2178,-0.27827,25.755,-16.516
-0.81203,-6.4854,-4.1423,2.5608,2.8745,-5.3665,-0.73575,-5.8136,-3.4219,-0.50253,25.645,-17.134
-1.1655,-6.4345,-3.9826,2.6457,2.6525,-5.2568,-0.61188,-5.7171,-3.5694,-0.70482,25.523,-17.669
-1.3681,-6.3825,-3.8399,2.7032,2.4826,-5.1387,-0.49585,-5.565,-3.6665,-0.8834,25.386,-18.107
-1.3937,-6.3157,-3.7184,2.7159,2.3793,-5.0103,-0.39347,-5.3648,-3.7296,-1.0486,25.235,-18.442
-1.2571,-6.2296,-3.6227,2.6783,2.3442,-4.8773,-0.30344,-5.1342,-3.7788,-1.2163,25.074,-18.679
-1.0101,-6.1322,-3.5545,2.6014,2.364,-4.7508,-0.22001,-4.8969,-3.8301,-1.399,24.902,-18.829
-0.72567,-6.0413,-3.5107,2.5087,2.4136,-4.6436,-0.13739,-4.6777,-3.8917,-1.6011,24.718,-18.914
-0.47476,-5.9748,-3.4844,2.4249,2.4652,-4.563,-0.053516,-4.4975,-3.9646,-1.819,24.511,-18.971
-0.30468,-5.9392,-3.4674,2.3637,2.4981,-4.509,0.028886,-4.3704,-4.0468,-2.0452,24.268,-19.042
-0.22641,-5.9246,-3.454,2.3216,2.5058,-4.4739,0.1041,-4.301,-4.1379,-2.2738,23.971,-19.166
-0.21691,-5.9084,-3.442,2.281,2.497,-4.4456,0.16674,-4.2844,-4.2404,-2.5039,23.607,-19.368
-0.2357,-5.8654,-3.4315,2.2212,2.4877,-4.4121,0.21405,-4.3094,-4.3588,-2.7394,23.167,-19.653
-0.24718,-5.78,-3.4228,2.1303,2.4918,-4.3653,0.24597,-4.3612,-4.496,-2.9866,22.646,-20.004
-0.23556,-5.655,-3.4133,2.0142,2.5126,-4.3035,0.26336,-4.4284,-4.6508,-3.2491,22.044,-20.387
-0.20605,-5.5126,-3.3991,1.8943,2.5414,-4.2325,0.26648,-4.504,-4.8175,-3.5239,21.364,-20.754
-0.17627,-5.3873,-3.3768,1.7981,2.5616,-4.164,0.25491,-4.5858,-4.9898,-3.7993,20.615,-21.062
-0.16527,-5.3126,-3.346,1.7485,2.558,-4.1119,0.22905,-4.6757,-5.1636,-4.0586,19.809,-21.282
-0.184,-5.3081,-3.31,1.7562,2.5247,-4.0863,0.19178,-4.7789,-5.3394,-4.2864,18.96,-21.416
-0.22986,-5.3709,-3.2747,1.8161,2.4687,-4.0908,0.14839,-4.9024,-5.5228,-4.4781,18.082,-21.486
-0.2876,-5.478,-3.2477,1.9083,2.407,-4.122,0.10384,-5.0538,-5.7251,-4.6442,17.181,-21.529
-0.33662,-5.5973,-3.2359,2.0051,2.3582,-4.1724,0.059254,-5.2392,-5.961,-4.8097,16.257,-21.587
-0.36194,-5.7035,-3.2437,2.0841,2.3343,-4.2354,0.009944,-5.462,-6.2455,-5.0054,15.304,-21.687
-0.36494,-5.7909,-3.2708,2.14,2.3338,-4.309,-0.053197,-5.7228,-6.5898,-5.258,14.317,-21.833
-0.36543,-5.8767,-3.3125,2.1903,2.3427,-4.397,-0.13939,-6.0194,-6.9969,-5.5791,13.289,-22.014
-0.39129,-5.9916,-3.3626,2.2666,2.3416,-4.5079,-0.25282,-6.3466,-7.4607,-5.9598,12.221,-22.213
-0.46209,-6.1624,-3.4175,2.3991,2.3172,-4.6515,-0.38937,-6.6953,-7.9665,-6.3692,11.126,-22.411
-0.57752,-6.3975,-3.4788,2.601,2.2714,-4.8338,-0.53691,-7.0514,-8.4938,-6.7634,10.019,-22.596
-0.71648,-6.6814,-3.5529,2.8628,2.2203,-5.0535,-0.67955,-7.3965,-9.0194,-7.1019,8.9202,-22.761
-0.84643,-6.9823,-3.6467,3.1556,2.185,-5.3008,-0.80383,-7.712,-9.5231,-7.3658,7.8404,-22.907
-0.93783,-7.2677,-3.7632,3.4447,2.1805,-5.5614,-0.90409,-7.9854,-9.9935,-7.5654,6.7867,-23.041
-0.97842,-7.5192,-3.8997,3.7051,2.208,-5.8228,-0.98458,-8.2175,-10.432,-7.7354,5.7641,-23.179
-0.98032,-7.7389,-4.0486,3.9318,2.2564,-6.0795,-1.0576,-8.4259,-10.853,-7.9199,4.7792,-23.339
-0.97411,-7.944,-4.2014,4.1364,2.3085,-6.3335,-1.1384,-8.6406,-11.272,-8.1574,3.8402,-23.542
-0.99297,-8.1533,-4.3508,4.3341,2.3498,-6.5907,-1.2387,-8.8945,-11.706,-8.4712,2.9542,-23.808
-1.0566,-8.3743,-4.4927,4.531,2.3745,-6.8546,-1.3615,-9.2114,-12.17,-8.8646,2.1255,-24.149
-1.1624,-8.5962,-4.6233,4.7185,2.3868,-7.1192,-1.498,-9.5964,-12.672,-9.319,1.357,-24.574
-1.2852,-8.7904,-4.7354,4.8737,2.3967,-7.3649,-1.6304,-10.028,-13.211,-9.7966,0.65417,-25.067
-1.3852,-8.9191,-4.8152,4.9672,2.4137,-7.5571,-1.7378,-10.454,-13.756,-10.249,0.030747,-25.586
-1.4205,-8.9439,-4.843,4.9718,2.4421,-7.6505,-1.8047,-10.799,-14.237,-10.629,-0.48929,-26.053
-1.36,-8.833,-4.7999,4.8697,2.4794,-7.5994,-1.8249,-10.98,-14.557,-10.901,-0.87623,-26.372
-1.1899,-8.5602,-4.6745,4.654,2.5161,-7.3696,-1.7991,-10.926,-14.624,-11.039,-1.1041,-26.458
-0.91616,-8.1011,-4.4623,4.3241,2.5372,-6.9483,-1.7291,-10.608,-14.393,-11.024,-1.1595,-26.264
-0.56351,-7.4353,-4.1615,3.8853,2.5233,-6.3497,-1.6124,-10.039,-13.876,-10.833,-1.0438,-25.803
-0.17021,-6.5653,-3.7687,3.3545,2.4523,-5.615,-1.4409,-9.2737,-13.125,-10.45,-0.76807,-25.124
0.22137,-5.5758,-3.2789,2.771,2.2968,-4.8139,-1.2015,-8.3814,-12.204,-9.8648,-0.34431,-24.287
0.57623,-4.7835,-2.6962,2.2031,2.0188,-4.1001,-0.87865,-7.4283,-11.166,-9.0952,0.2212,-23.327
0.87648,-4.903,-2.041,1.7205,1.5657,-3.8653,-0.45501,-6.4628,-10.048,-8.1866,0.92854,-22.248
1.1242,-5.9031,-1.2554,1.2332,0.87118,-4.3431,0.089444,-5.5136,-8.8757,-7.1973,1.7795,-21.034
1.3336,-5.5005,0.15123,0.2327,-0.14541,-4.0884,0.7839,-4.5949,-7.6617,-6.1694,2.7716,-19.672
1.5223,-2.3924,3.2091,-1.8455,-1.5931,-1.2689,1.6768,-3.7127,-6.4105,-5.1111,3.8941,-18.163
1.7167,3.3129,8.5861,-5.0873,-3.6347,4.4621,2.8402,-2.8689,-5.1196,-4.0045,5.13,-16.523
1.9634,11.51,16.112,-9.3987,-6.4769,12.764,4.3623,-2.0621,-3.7843,-2.826,6.4605,-14.768
2.3202,22.158,25.326,-14.698,-10.223,23.12,6.3178,-1.2892,-2.402,-1.5643,7.8714,-12.916
2.8245,34.988,35.722,-20.835,-14.623,34.908,8.6945,-0.54963,-0.97927,-0.22842,9.3558,-10.988
3.4667,49.101,46.592,-27.529,-19.138,47.309,11.314,0.14664,0.45811,1.1477,10.91,-9.0232
4.1889,62.887,57.002,-34.347,-23.365,59.254,13.859,0.77204,1.8548,2.5023,12.526,-7.0847
4.9084,74.7,66.093,-40.717,-27.193,69.632,16.121,1.2824,3.127,3.7516,14.174,-5.2503
5.5468,83.641,73.452,-46.036,-30.661,77.774,18.366,1.6255,4.1884,4.8124,15.802,-3.5882
6.0547,89.774,79.242,-49.94,-33.848,83.758,21.528,1.7528,4.9894,5.6344,17.335,-2.1362
6.4362,93.871,84.041,-52.52,-36.825,88.272,26.544,1.6287,5.534,6.2192,18.68,-0.89629
6.7604,97.08,88.516,-54.336,-39.6,92.267,31.582,1.2321,5.8548,6.6084,19.751,0.15221
7.1491,100.72,93.182,-56.231,-42.1,96.672,32.225,0.55216,5.975,6.8492,20.476,1.0308
7.7349,105.82,98.259,-58.833,-44.218,102.01,28.352,-0.42248,5.8933,6.9657,20.818,1.7468
8.6052,112.13,103.49,-62.054,-45.888,107.98,22.284,-1.7207,5.5888,6.952,20.779,2.2928
9.7585,118.71,108.59,-65.508,-47.139,114.13,15.194,-3.4167,5.0349,6.7805,20.401,2.6559
11.102,126.35,114.3,-69.357,-48.141,121.29,7.4102,-5.6522,4.2131,6.4163,19.748,2.8318
12.496,136.49,121.8,-74.345,-49.193,130.38,-1.032,-8.5893,3.1238,5.8367,18.887,2.8316
13.801,146.72,129.48,-80.392,-50.499,138.97,-10.121,-12.265,1.7943,5.0504,17.864,2.6749
14.91,153.69,134.16,-85.762,-51.741,144.3,-19.611,-16.461,0.28078,4.1022,16.694,2.3773
15.764,156.87,135.19,-89.092,-52.118,146.08,-28.839,-20.752,-1.3491,3.0539,15.368,1.9389
16.337,156.32,133.08,-90.053,-51.062,144.49,-36.819,-24.72,-3.053,1.9536,13.853,1.3371
16.607,152.12,128.16,-88.611,-48.488,139.71,-42.602,-28.136,-4.8489,0.81071,12.104,0.51702
16.532,144.35,120.52,-84.769,-44.674,131.97,-45.586,-30.973,-6.8312,-0.41043,10.076,-0.63417
16.063,133.14,110.16,-78.623,-40.107,121.57,-45.612,-33.307,-9.1772,-1.7819,7.7363,-2.3283
15.339,119.12,97.165,-70.617,-35.188,108.92,-43.055,-35.225,-12.152,-3.398,5.0889,-4.8544
15.1,103.38,82.738,-61.631,-30.078,94.476,-38.904,-36.781,-16.067,-5.3442,2.1801,-8.3341
15.885,87.037,68.966,-52.718,-24.828,79.329,-34.314,-38.01,-21.076,-7.638,-0.90701,-12.468
16.627,71.569,56.518,-44.516,-19.558,64.96,-29.964,-38.94,-26.805,-10.214,-4.0774,-16.812
16.24,57.417,44.793,-36.945,-14.492,51.601,-26.058,-39.614,-32.433,-13.072,-7.2534,-21.159
14.373,44.134,33.403,-29.679,-9.9184,38.879,-22.785,-40.084,-37.399,-16.431,-10.394,-25.508
10.985,31.273,22.634,-22.31,-6.1476,26.731,-20.374,-40.422,-41.758,-20.649,-13.496,-29.914
6.3746,18.502,13.199,-14.31,-3.42,15.263,-18.874,-40.72,-45.845,-26.01,-16.586,-34.418
1.19,5.5865,5.5287,-5.2735,-1.7283,4.4886,-18.132,-41.078,-49.946,-32.508,-19.707,-39.024
-3.8198,-7.4593,-0.61376,4.6555,-0.73893,-5.6543,-17.826,-41.584,-54.188,-39.656,-22.911,-43.665
-8.017,-20.206,-5.7908,14.779,-0.037928,-15.091,-17.515,-42.295,-58.538,-46.601,-26.243,-48.179
-10.944,-31.919,-10.385,24.139,0.65432,-23.546,-16.869,-43.234,-62.846,-52.573,-29.724,-52.322
-12.372,-41.94,-14.574,31.706,1.4897,-30.809,-15.954,-44.378,-66.914,-57.24,-33.342,-55.902
-12.374,-50.029,-18.866,36.916,2.5361,-36.893,-15.145,-45.669,-70.594,-60.675,-37.035,-58.903
-11.374,-56.259,-23.739,39.925,3.7956,-41.891,-14.75,-47.022,-73.839,-63.19,-40.715,-61.46
-10.064,-60.79,-29.014,41.237,5.216,-45.922,-14.842,-48.356,-76.696,-65.19,-44.286,-63.72
-9.0732,-63.92,-34.107,41.456,6.7024,-49.196,-15.324,-49.62,-79.23,-67.029,-47.658,-65.745
-8.6461,-66.166,-38.586,41.345,8.1389,-52.0,-16.03,-50.79,-81.456,-68.84,-50.741,-67.51
-8.68,-68.15,-42.329,41.773,9.4228,-54.548,-16.785,-51.856,-83.325,-70.473,-53.44,-68.962
-8.9531,-70.182,-45.383,43.067,10.501,-56.849,-17.427,-52.804,-84.774,-71.701,-55.674,-70.081
-9.2813,-72.089,-47.892,44.692,11.388,-58.833,-17.816,-53.602,-85.782,-72.461,-57.408,-70.906
-9.545,-73.675,-50.115,46.142,12.154,-60.556,-17.813,-54.194,-86.369,-72.839,-58.69,-71.536
-9.6605,-75.02,-52.448,47.343,12.903,-62.238,-17.228,-54.482,-86.55,-72.929,-59.654,-72.124
-9.596,-76.401,-55.31,48.43,13.74,-64.189,-15.857,-54.333,-86.263,-72.781,-60.511,-72.849
-9.3885,-78.277,-58.893,49.575,14.779,-66.799,-13.999,-54.007,-85.259,-72.399,-61.503,-73.843
-9.1218,-81.35,-62.613,50.918,16.364,-70.479,-14.57,-55.903,-82.95,-71.734,-62.822,-75.021
-8.8556,-85.075,-63.685,52.489,19.982,-73.667,-17.463,-57.96,-78.985,-70.636,-64.469,-75.941
-8.5817,-86.449,-62.337,54.053,22.699,-74.37,-17.357,-57.389,-75.887,-68.733,-66.141,-76.166
-8.2617,-86.085,-60.945,55.148,21.642,-73.748,-17.424,-57.764,-75.202,-65.636,-67.218,-76.089
-7.92,-85.141,-59.651,55.74,20.687,-72.686,-17.161,-58.188,-75.803,-63.75,-66.705,-76.435
-7.9396,-84.303,-59.562,56.041,20.951,-71.942,-16.186,-57.106,-76.041,-64.738,-62.772,-77.144
-11.439,-85.553,-61.663,55.619,22.931,-73.228,-13.194,-52.742,-73.881,-64.708,-57.436,-76.37
-17.975,-91.86,-69.613,55.855,27.093,-81.134,-6.2751,-42.512,-67.873,-62.745,-65.266,-76.057
-16.263,-104.89,-86.838,59.927,35.524,-97.004,6.5433,-23.751,-56.655,-58.597,-66.702,-79.441
-12.945,-126.05,-112.3,68.557,50.324,-120.38,26.553,5.7055,-39.018,-52.202,-70.842,-87.28
-8.9843,-154.94,-145.18,81.424,69.949,-151.29,53.872,47.824,-13.862,-43.603,-78.338,-99.728
-4.2955,-188.74,-183.15,96.453,92.346,-187.44,87.211,103.41,20.464,-31.861,-87.484,-114.97
2.0655,-221.87,-221.67,110.12,115.54,-223.69,124.42,171.76,66.89,-13.643,-93.684,-129.11
10.908,-246.13,-253.86,117.66,136.73,-252.39,164.17,251.03,129.55,17.553,-89.233,-135.98
23.325,-251.61,-271.38,113.74,152.46,-264.06,204.99,340.28,213.01,70.633,-64.596,-127.79
40.545,-228.74,-265.88,93.307,158.64,-249.45,244.63,438.67,320.3,153.97,-10.521,-96.497
62.238,-169.95,-229.4,52.844,150.86,-201.14,281.05,539.65,449.73,271.52,82.218,-36.167
86.444,-69.13,-152.81,-9.5207,124.17,-111.53,311.19,629.45,592.96,420.57,216.22,55.298
110.01,76.541,-28.313,-93.753,73.678,24.255,331.15,689.03,735.55,593.7,379.55,176.53
129.6,267.15,145.81,-198.23,-3.9224,207.01,336.48,699.07,860.57,778.69,564.95,322.91
142.24,499.13,366.39,-319.48,-108.7,433.73,322.94,645.83,953.19,959.26,758.69,485.98
145.62,762.55,625.13,-451.67,-236.83,695.39,286.99,524.47,1002.6,1118.7,944.49,654.23
138.59,1040.4,906.99,-586.24,-381.0,975.59,225.09,338.51,1000.9,1240.8,1105.3,814.46
121.33,1309.2,1189.7,-711.83,-530.49,1251.4,133.28,97.319,940.36,1309.3,1223.8,951.98
94.917,1540.6,1445.1,-814.85,-670.98,1494.6,8.9086,-185.24,812.51,1307.2,1281.8,1050.7
61.007,1704.9,1642.1,-881.01,-786.0,1675.0,-146.56,-490.53,610.02,1218.7,1262.4,1094.8
21.576,1777.1,1753.6,-898.39,-860.78,1766.5,-325.64,-795.58,332.3,1033.1,1153.6,1072.4
-20.825,1744.2,1764.0,-861.37,-886.43,1754.8,-514.27,-1076.3,-8.9719,751.75,954.78,979.22
-62.802,1611.0,1674.3,-773.55,-862.05,1643.2,-694.37,-1311.9,-388.83,392.15,680.21,822.46
-100.52,1399.1,1502.0,-647.52,-794.34,1451.0,-848.54,-1488.5,-772.55,-10.96,358.57,620.47
-130.54,1140.9,1275.0,-501.79,-695.54,1208.5,-963.96,-1600.2,-1120.9,-410.96,28.738,399.7
-150.11,871.38,1025.2,-356.13,-580.37,949.19,-1035.2,-1648.4,-1397.2,-758.9,-267.99,188.6
-157.65,621.54,782.39,-227.3,-462.91,703.12,-1064.9,-1639.6,-1574.5,-1014.7,-497.56,11.223
-153.55,413.52,569.21,-126.29,-354.56,492.66,-1060.5,-1583.4,-1641.5,-1156.5,-641.07,-117.39
-140.42,259.63,400.36,-57.253,-263.96,331.14,-1031.0,-1491.2,-1604.9,-1185.2,-697.67,-192.99
-122.17,162.96,283.42,-19.107,-197.09,223.98,-983.79,-1374.0,-1485.9,-1121.0,-681.3,-220.64
-102.64,119.19,219.13,-7.776,-156.42,169.63,-922.76,-1241.1,-1313.1,-994.98,-613.69,-211.29
-84.454,119.3,201.52,-17.182,-139.95,160.59,-848.88,-1099.2,-1114.2,-838.27,-517.51,-178.09
-68.914,149.95,218.02,-39.863,-141.26,183.93,-761.77,-951.89,-911.33,-675.7,-411.76,-133.48
-56.45,195.05,251.18,-67.875,-151.65,223.02,-662.17,-802.24,-719.66,-523.87,-309.96,-87.407
-46.988,238.93,284.26,-93.993,-162.61,261.45,-553.85,-654.21,-548.31,-392.08,-220.59,-46.582
-40.276,269.33,304.98,-112.8,-167.76,286.93,-443.93,-513.52,-402.09,-284.16,-148.62,-14.669
-34.77,279.5,307.38,-121.23,-164.32,293.36,-341.13,-387.04,-283.4,-200.1,-96.391,7.0536
-30.079,268.64,291.37,-118.56,-152.66,280.3,-252.89,-280.96,-194.01,-137.97,-63.618,19.13
-26.909,240.4,260.28,-105.17,-134.56,251.23,-182.74,-197.93,-130.64,-95.418,-45.399,23.509
-25.312,200.83,219.52,-86.347,-112.66,211.84,-129.34,-136.33,-87.256,-68.378,-36.444,24.94
-24.434,157.47,177.01,-65.864,-91.725,169.12,-88.857,-92.706,-57.228,-51.132,-33.763,23.219
-22.995,115.35,137.01,-45.505,-72.428,127.77,-57.508,-61.62,-34.329,-38.124,-33.216,17.976
-19.833,78.175,99.737,-28.205,-53.196,90.229,-32.22,-37.472,-14.217,-26.335,-31.98,9.6999
-14.758,49.273,68.228,-16.567,-35.298,59.621,-11.527,-16.515,4.7521,-14.802,-29.57,-0.071497
-9.454,30.038,44.238,-12.323,-20.133,37.657,4.6029,3.0505,22.335,-3.8669,-27.031,0.59278
-5.4118,19.48,27.357,-9.7485,-8.0505,24.022,15.798,21.363,37.937,5.0485,-23.272,1.0324
-2.7505,14.89,16.224,-8.1712,0.83703,16.65,21.325,37.417,50.548,10.379,-19.711,1.0343
-1.1159,13.149,9.8427,-7.8399,6.3702,13.083,22.766,50.527,59.104,13.052,-17.364,0.82154
-0.24877,11.901,7.0754,-6.9266,8.8179,11.4,24.48,59.891,64.898,15.355,-15.766,0.56334
0.0040416,9.1921,5.5687,-4.1513,8.74,9.6158,28.031,64.933,70.791,18.426,-14.568,0.34056
-0.21705,5.8929,3.61,-1.2894,6.7962,7.2343,32.266,68.235,77.27,23.299,-13.531,0.17844
-0.76388,1.8197,0.86754,0.067393,4.419,3.8881,36.988,72.025,84.194,29.586,-12.518,0.085167
-1.51,-0.45253,-0.97775,1.1354,4.0589,0.55135,42.469,77.298,91.169,36.449,-11.479,0.068875
-2.3541,-2.0585,-1.4385,2.1399,4.4367,-0.91654,47.912,84.476,97.796,42.851,-10.418,0.14102
-3.1862,-3.5038,-1.9656,3.0555,4.8984,-1.9734,52.543,92.64,103.89,48.306,-9.3555,0.31267
-3.8533,-4.7262,-2.516,3.8565,5.3456,-2.8498,56.404,100.36,109.43,52.945,-8.305,0.58708
-4.1956,-5.7422,-3.0724,4.5305,5.7893,-3.616,59.692,106.93,114.53,57.082,-7.2539,0.95483
-4.1877,-6.5964,-3.6507,5.0823,6.2556,-4.3267,62.63,112.38,119.36,60.991,-6.1693,1.3956
-3.9867,-7.3305,-4.2535,5.5448,6.7442,-5.0088,65.415,117.01,124.03,64.884,-5.0143,1.8838
-3.7798,-7.9697,-4.8535,5.9641,7.2237,-5.6532,68.195,121.2,128.63,68.893,-3.7672,2.394
-3.6573,-8.513,-5.4043,6.3581,7.652,-6.2249,71.017,125.29,133.11,73.031,-2.434,2.9045
-3.6102,-8.9383,-5.8642,6.6968,8.0023,-6.6857,73.786,129.49,137.37,77.182,-1.0482,3.4007
-3.5696,-9.2234,-6.2163,6.9256,8.2788,-7.0178,76.321,133.82,141.28,81.19,0.34438,3.878
-3.4469,-9.3665,-6.4717,7.0038,8.5144,-7.232,78.517,138.14,144.76,84.957,1.7059,4.3439
-3.1758,-9.3892,-6.6601,6.9259,8.7532,-7.3607,80.398,142.24,147.85,88.486,3.0234,4.8179
-2.7463,-9.3265,-6.8152,6.7199,9.0263,-7.4425,82.038,145.92,150.62,91.834,4.3107,5.3299
-2.2126,-9.2109,-6.9585,6.4328,9.3326,-7.5062,83.513,149.09,153.19,95.065,5.5973,5.9159
-1.6701,-9.0641,-7.0851,6.1163,9.6334,-7.5578,84.9,151.75,155.65,98.21,6.9106,6.6122
-1.2194,-8.8949,-7.1613,5.8168,9.8665,-7.5751,86.271,154.0,158.09,101.25,8.265,7.4488
-0.93652,-8.7,-7.1397,5.5649,9.9759,-7.5162,87.664,155.95,160.59,104.14,9.6598,8.4431
-0.85259,-8.4665,-6.9888,5.3633,9.9409,-7.3412,89.071,157.72,163.16,106.81,11.085,9.5948
-0.94495,-8.1741,-6.7163,5.1833,9.7879,-7.0356,90.454,159.41,165.81,109.25,12.531,10.886
-1.1453,-7.8012,-6.3689,4.9761,9.5798,-6.6207,91.777,161.09,168.52,111.48,13.989,12.285
-1.3663,-7.3351,-6.0091,4.7012,9.3886,-6.1446,93.034,162.8,171.26,113.55,15.456,13.765
-1.5342,-6.7802,-5.6875,4.3511,9.2669,-5.6597,94.251,164.52,174.07,115.56,16.932,15.31
-1.6063,-6.1599,-5.4242,3.9525,9.2294,-5.2002,95.48,166.23,176.97,117.59,18.415,16.921
-1.5681,-5.5061,-5.2055,3.5425,9.2526,-4.7729,96.779,167.88,180.02,119.72,19.902,18.604
-1.425,-4.842,-4.9932,3.1414,9.2882,-4.3596,98.183,169.5,183.21,121.95,21.385,20.352
-1.1964,-4.1694,-4.7412,2.7432,9.2836,-3.9286,99.697,171.09,186.53,124.28,22.85,22.129
-0.90764,-3.47,-4.4113,2.3241,9.2023,-3.4465,101.29,172.68,189.88,126.63,24.282,23.872
-0.57914,-2.7137,-3.9829,1.8559,9.0346,-2.8859,102.9,174.3,193.17,128.95,25.675,25.522
-0.22057,-1.8662,-3.4541,1.3143,8.794,-2.2279,104.47,175.98,196.32,131.2,27.037,27.041
0.16487,-0.89586,-2.8372,0.6846,8.5045,-1.4603,105.95,177.73,199.34,133.36,28.392,28.428
0.57021,0.22158,-2.1517,-0.03474,8.1871,-0.57384,107.34,179.58,202.27,135.49,29.778,29.715
0.97634,1.5018,-1.4163,-0.83214,7.853,0.44283,108.65,181.5,205.17,137.64,31.237,30.944
1.3521,2.9555,-0.64076,-1.6886,7.502,1.6054,109.92,183.51,208.1,139.86,32.814,32.151
1.6627,4.5895,0.17817,-2.5854,7.1237,2.9288,111.13,185.58,211.07,142.19,34.552,33.359
1.8801,6.4002,1.0577,-3.5075,6.7027,4.4175,112.25,187.69,214.05,144.6,36.482,34.584
1.9913,8.3674,2.0262,-4.4431,6.2239,6.0665,113.26,189.84,217.02,147.08,38.615,35.834
2.0019,10.467,3.1225,-5.3834,5.6796,7.8861,114.18,192.05,219.96,149.62,40.939,37.123
1.9364,12.697,4.3989,-6.3259,5.075,9.9335,115.06,194.36,222.89,152.23,43.415,38.464
1.8328,15.093,5.9218,-7.2802,4.4298,12.317,115.97,196.84,225.85,154.93,45.99,39.87
1.7317,17.717,7.7607,-8.2694,3.7749,15.148,116.99,199.56,228.93,157.78,48.601,41.347
1.6601,20.631,9.9638,-9.3187,3.1416,18.457,118.16,202.51,232.2,160.78,51.193,42.884
1.619,23.852,12.527,-10.442,2.5499,22.105,119.46,205.67,235.69,163.93,53.719,44.459
1.5835,27.327,15.397,-11.644,2.0003,25.821,120.85,208.94,239.34,167.23,56.145,46.05
1.516,30.931,18.541,-12.933,1.4726,29.362,122.28,212.23,243.11,170.64,58.446,47.651
1.382,34.51,22.017,-14.328,0.9319,32.644,123.77,215.52,246.97,174.17,60.603,49.278
1.1634,37.931,25.93,-15.843,0.33726,35.72,125.33,218.79,250.93,177.8,62.608,50.954
0.86625,41.122,30.268,-17.462,-0.34922,38.703,126.97,222.1,255.04,181.51,64.469,52.693
0.52335,44.099,34.788,-19.133,-1.159,41.703,128.65,225.53,259.34,185.28,66.225,54.484
0.1857,46.926,39.162,-20.796,-2.1178,44.783,130.29,229.16,263.82,189.08,67.944,56.292
-0.094142,49.667,43.215,-22.415,-3.242,47.937,131.86,233.06,268.42,192.88,69.711,58.071
-0.27955,52.356,46.926,-23.981,-4.5251,51.11,133.33,237.26,273.04,196.68,71.613,59.774
-0.36096,55.015,50.33,-25.512,-5.9258,54.252,134.74,241.72,277.56,200.47,73.717,61.368
-0.35774,57.69,53.478,-27.044,-7.3802,57.347,136.15,246.33,281.91,204.24,76.055,62.838
-0.31167,60.445,56.455,-28.613,-8.8386,60.421,137.64,250.94,286.09,208.02,78.618,64.185
-0.27304,63.341,59.367,-30.236,-10.297,63.53,139.27,255.44,290.21,211.82,81.352,65.433
-0.28279,66.409,62.309,-31.908,-11.8,66.717,141.1,259.8,294.36,215.66,84.179,66.622
-0.35619,69.627,65.322,-33.611,-13.405,69.976,143.12,264.1,298.71,219.57,87.025,67.804
-0.47482,72.922,68.378,-35.32,-15.148,73.239,145.25,268.46,303.36,223.58,89.851,69.037
-0.59113,76.194,71.397,-37.012,-17.01,76.403,147.37,272.97,308.36,227.71,92.653,70.368
-0.64554,79.347,74.286,-38.665,-18.915,79.379,149.32,277.62,313.6,231.99,95.441,71.822
-0.58855,82.311,76.987,-40.266,-20.762,82.118,151.06,282.34,318.91,236.42,98.223,73.39
-0.39703,85.06,79.489,-41.814,-22.451,84.624,152.63,287.01,324.15,240.98,101.0,75.042
-0.080056,87.609,81.811,-43.321,-23.915,86.934,154.1,291.6,329.28,245.62,103.77,76.744
0.32404,90.004,83.985,-44.814,-25.127,89.1,155.58,296.16,334.33,250.27,106.57,78.487
0.7588,92.308,86.047,-46.327,-26.102,91.176,157.13,300.77,339.39,254.85,109.45,80.291
1.1682,94.581,88.022,-47.884,-26.878,93.2,158.77,305.53,344.53,259.33,112.47,82.199
1.5168,96.872,89.918,-49.5,-27.511,95.188,160.44,310.55,349.79,263.72,115.68,84.255
1.8052,99.221,91.716,-51.18,-28.052,97.14,162.05,315.81,355.11,268.08,119.13,86.495
2.072,101.67,93.385,-52.912,-28.533,99.064,163.55,321.21,360.41,272.48,122.82,88.934
2.3832,104.25,94.931,-54.669,-28.959,101.01,164.93,326.53,365.58,276.97,126.73,91.564
2.8184,106.96,96.427,-56.423,-29.339,103.06,166.21,331.62,370.57,281.56,130.77,94.353
3.4626,109.79,97.968,-58.181,-29.703,105.25,167.46,336.43,375.38,286.21,134.86,97.254
4.3877,112.71,99.601,-60.002,-30.079,107.6,168.77,341.09,380.08,290.83,138.91,100.22
5.6153,115.74,101.33,-61.967,-30.49,110.1,170.22,345.78,384.72,295.36,142.84,103.25
7.0852,118.95,103.18,-64.138,-30.965,112.77,171.86,350.66,389.32,299.8,146.65,106.37
8.664,122.4,105.18,-66.533,-31.544,115.65,173.69,355.83,393.88,304.21,150.37,109.61
10.194,126.18,107.45,-69.14,-32.272,118.79,175.65,361.27,398.37,308.68,154.03,113.0
11.55,130.27,110.09,-71.93,-33.182,122.2,177.66,366.89,402.8,313.28,157.71,116.55
12.686,134.65,113.18,-74.877,-34.289,125.84,179.65,372.56,407.25,318.05,161.45,120.24
13.643,139.21,116.73,-77.963,-35.576,129.7,181.59,378.21,411.86,323.0,165.32,124.03
14.535,143.85,120.65,-81.165,-36.988,133.8,183.51,383.79,416.78,328.14,169.38,127.87
15.488,148.5,124.77,-84.423,-38.439,138.14,185.43,389.26,422.14,333.48,173.65,131.7
16.566,153.16,128.97,-87.642,-39.869,142.75,187.39,394.61,427.98,339.04,178.15,135.5
17.699,157.89,133.21,-90.755,-41.279,147.62,189.43,399.82,434.21,344.82,182.88,139.25
18.708,162.78,137.51,-93.768,-42.728,152.76,191.54,404.99,440.58,350.78,187.81,143.03
19.436,167.94,141.96,-96.712,-44.289,158.07,193.71,410.27,446.83,356.82,192.93,146.9
19.866,173.38,146.63,-99.59,-46.025,163.42,195.89,415.84,452.81,362.81,198.27,150.95
20.098,179.02,151.57,-102.4,-48.002,168.62,198.05,421.83,458.53,368.61,203.82,155.18
20.284,184.73,156.81,-105.16,-50.262,173.62,200.19,428.22,464.11,374.21,209.61,159.6
20.586,190.41,162.28,-107.96,-52.729,178.6,202.36,434.87,469.79,379.7,215.59,164.3
21.129,196.07,167.81,-110.88,-55.212,183.82,204.6,441.61,475.78,385.27,221.69,169.4
21.958,201.82,173.24,-114.01,-57.581,189.41,206.85,448.28,482.2,391.06,227.86,174.95
23.019,207.78,178.55,-117.37,-59.862,195.36,209.02,454.81,489.02,397.14,234.03,180.76
24.181,214.06,183.86,-120.96,-62.169,201.63,211.05,461.22,496.06,403.55,240.18,186.58
25.303,220.78,189.34,-124.75,-64.61,208.19,212.95,467.57,503.09,410.27,246.33,192.24
26.298,228.01,195.14,-128.68,-67.236,215.02,214.75,473.99,510.04,417.24,252.51,197.71
27.169,235.73,201.28,-132.75,-70.017,222.02,216.45,480.61,516.97,424.41,258.78,203.04
28.003,243.77,207.65,-136.96,-72.855,229.11,218.07,487.45,524.07,431.79,265.21,208.39
28.933,251.84,214.04,-141.31,-75.635,236.14,219.6,494.45,531.52,439.43,271.89,213.9
30.076,259.63,220.2,-145.77,-78.276,242.94,221.05,501.4,539.38,447.35,278.88,219.66
31.48,266.95,226.02,-150.29,-80.768,249.37,222.41,508.05,547.53,455.52,286.25,225.68
33.099,273.9,231.55,-154.78,-83.183,255.41,223.69,514.25,555.72,463.86,294.0,231.88
34.825,280.71,236.99,-159.18,-85.647,261.28,224.86,519.96,563.64,472.32,302.09,238.23
36.557,287.68,242.69,-163.56,-88.309,267.44,225.9,525.27,571.11,480.88,310.44,244.74
38.237,295.06,249.15,-168.05,-91.282,274.36,226.77,530.28,578.14,489.54,318.97,251.52
39.852,303.19,256.68,-172.85,-94.569,282.28,227.45,535.12,584.92,498.27,327.59,258.7
41.422,312.35,265.16,-178.1,-98.021,291.11,227.92,539.84,591.73,507.0,336.24,266.36
42.981,322.53,274.12,-183.86,-101.41,300.59,228.2,544.44,598.76,515.63,344.86,274.44
44.549,333.36,283.15,-190.04,-104.61,310.39,228.3,548.86,606.08,524.11,353.39,282.69
46.13,344.4,292.07,-196.46,-107.72,320.26,228.23,553.04,613.54,532.46,361.85,290.72
47.698,355.38,300.89,-202.9,-110.94,330.12,228.02,556.93,620.9,540.77,370.31,298.21
49.192,366.16,309.7,-209.16,-114.51,339.95,227.74,560.5,627.9,549.14,378.91,305.08
50.531,376.74,318.66,-215.14,-118.55,349.81,227.46,563.78,634.4,557.61,387.73,311.52
51.653,387.19,327.88,-220.79,-123.11,359.76,227.25,566.74,640.36,566.11,396.75,317.8
52.549,397.61,337.46,-226.12,-128.09,369.81,227.01,569.26,645.81,574.53,405.8,324.17
53.267,408.03,347.38,-231.25,-133.3,379.89,226.44,571.13,650.77,582.69,414.66,330.8
53.878,418.28,357.51,-236.33,-138.39,389.85,225.15,572.1,655.18,590.44,423.19,337.77
54.443,427.94,367.54,-241.47,-143.03,399.56,222.86,571.94,658.96,597.69,431.44,345.04
54.998,436.6,376.99,-246.63,-146.98,408.91,219.45,570.57,661.98,604.36,439.55,352.39
55.545,444.18,385.35,-251.6,-150.16,417.71,214.92,567.99,664.17,610.4,447.67,359.55
56.067,451.03,392.31,-256.14,-152.65,425.71,209.35,564.24,665.54,615.8,455.76,366.27
56.541,457.64,397.84,-260.14,-154.63,432.76,202.93,559.34,666.14,620.67,463.59,372.42
56.966,464.32,402.14,-263.69,-156.29,438.99,195.94,553.33,666.05,625.12,470.86,377.89
57.361,471.1,405.77,-267.01,-157.81,444.62,188.53,546.21,665.31,629.26,477.51,382.68
57.753,477.9,409.57,-270.33,-159.37,449.97,180.83,537.91,663.96,633.2,483.65,386.81
58.149,484.56,414.28,-273.79,-161.24,455.43,172.78,528.23,662.01,636.97,489.41,390.33
58.535,490.9,420.41,-277.38,-163.57,461.2,164.14,516.87,659.43,640.54,494.83,393.36
58.89,496.67,427.41,-280.89,-166.18,467.07,154.61,503.66,656.22,643.8,499.78,395.98
59.209,501.56,433.73,-283.93,-168.7,472.47,144.06,488.73,652.4,646.53,504.02,398.26
59.504,505.17,438.49,-286.03,-170.87,476.81,132.65,472.56,647.9,648.47,507.31,400.14
59.792,507.11,441.31,-286.89,-172.45,479.43,120.89,455.79,642.52,649.34,509.47,401.4
60.064,506.94,441.66,-286.41,-173.15,479.65,109.45,438.89,636.04,648.86,510.38,401.73
60.292,504.28,438.89,-284.58,-172.6,476.81,98.926,422.07,628.25,646.76,509.85,400.84
60.435,498.86,432.58,-281.4,-170.52,470.5,89.545,405.36,618.95,642.86,507.63,398.63
60.402,490.57,422.84,-276.93,-166.83,460.77,81.087,388.67,608.01,637.05,503.46,395.09
59.959,479.52,410.5,-271.31,-161.82,448.18,73.009,371.28,595.29,629.26,497.22,390.06
58.778,466.13,396.91,-264.4,-156.03,433.76,64.698,353.23,580.73,619.31,488.91,382.79
56.745,451.13,383.16,-255.97,-150.09,418.65,55.743,336.79,564.33,606.9,478.47,373.14
54.045,435.08,369.77,-247.32,-144.35,403.63,46.088,320.6,546.17,590.81,465.47,362.25
50.911,418.16,356.66,-238.35,-138.75,388.8,35.852,303.27,526.11,572.43,448.94,349.49
47.534,400.34,343.44,-228.24,-133.08,373.8,25.606,284.83,503.1,553.55,429.84,334.5
44.06,381.58,329.72,-216.98,-127.25,358.08,16.938,265.73,479.62,532.7,411.02,317.8
40.558,361.75,315.16,-204.6,-121.33,341.21,10.626,246.47,457.36,510.29,392.16,300.2
36.993,340.73,299.53,-191.15,-115.46,322.94,6.0668,227.55,434.52,486.73,371.95,282.5
33.27,318.6,282.63,-176.9,-109.69,303.19,2.37,209.31,411.03,462.17,350.47,265.25
29.335,295.69,264.51,-162.35,-103.86,282.3,-1.3313,191.79,386.94,436.63,328.31,248.62
25.257,272.54,245.42,-148.18,-97.605,260.87,-5.1523,175.23,362.2,410.07,305.85,232.22
21.196,249.78,225.89,-135.0,-90.68,239.54,-6.9961,159.9,336.84,382.57,283.2,215.77
17.453,227.93,206.61,-122.91,-83.077,218.89,-6.0561,145.64,311.07,354.24,260.4,199.17
14.429,207.41,187.97,-111.91,-75.039,199.39,-5.3919,132.39,285.27,326.29,237.54,182.38
12.077,188.43,170.42,-101.82,-67.117,181.37,-5.5779,120.06,259.88,299.22,215.05,165.64
9.7781,170.91,154.4,-92.204,-60.038,164.94,-6.286,108.56,236.14,273.72,193.44,149.45
6.8061,154.45,140.43,-82.62,-54.318,150.08,-7.3973,97.771,214.23,250.22,172.87,134.39
2.8373,138.47,128.86,-72.92,-50.017,136.46,-8.8758,87.578,194.25,228.75,153.55,120.72
-1.7359,122.54,118.92,-62.981,-46.816,123.25,-10.618,77.858,175.95,208.97,135.57,108.36
-6.1331,106.76,108.8,-52.793,-44.323,109.55,-12.415,68.472,158.91,190.32,118.89,96.892
-9.8715,91.611,97.523,-42.429,-42.24,95.631,-14.032,59.357,142.68,172.21,103.32,85.777
-12.947,77.467,85.906,-32.096,-40.216,82.809,-15.322,50.608,126.93,154.31,88.658,74.693
-15.542,64.101,75.328,-22.787,-37.765,71.216,-16.248,42.423,111.48,136.6,74.727,63.703
-17.755,51.539,66.343,-15.341,-34.576,60.831,-16.843,34.988,96.338,119.42,61.472,53.159
-19.523,40.658,57.974,-9.1949,-30.677,51.396,-17.176,28.373,81.803,103.28,49.027,43.485
-20.705,31.234,49.498,-3.635,-26.297,42.385,-17.336,22.409,68.286,88.607,37.697,34.949
-21.248,22.588,41.256,1.1602,-21.739,33.927,-17.433,16.742,56.042,75.62,27.895,27.57
-21.305,14.638,33.687,5.3156,-17.302,26.335,-17.566,11.372,45.05,64.283,19.994,21.23
-21.195,7.5545,26.82,9.0889,-13.225,19.652,-17.768,6.8987,35.139,54.393,13.961,15.681
-21.249,1.1841,20.422,12.307,-9.6789,13.682,-17.984,3.5995,26.149,45.659,9.1061,10.426
-21.684,-4.8916,14.245,14.941,-6.7898,8.0958,-18.114,1.1516,17.966,37.784,4.7086,5.097
-22.604,-10.73,8.2825,17.424,-4.61,2.6076,-18.076,-0.83623,10.615,30.518,0.57262,0.11598
-24.005,-15.758,3.2933,20.195,-3.0767,-2.4196,-17.835,-2.5876,4.7579,23.689,-3.2276,-3.5669
-25.768,-19.834,0.11095,23.461,-2.0362,-6.1441,-17.404,-4.1826,0.90211,17.328,-6.6187,-5.9418
-27.682,-23.409,-1.6897,27.167,-1.3214,-8.6621,-16.829,-5.6236,-1.655,11.652,-9.5891,-7.7773
-29.475,-26.909,-2.8851,30.946,-0.80117,-10.668,-16.165,-6.8865,-3.6548,6.9322,-12.17,-9.5969
-30.886,-30.459,-3.8594,34.259,-0.3839,-12.607,-15.453,-7.9519,-5.3973,3.4122,-14.405,-11.544
-31.742,-33.89,-4.749,36.69,-0.007076,-14.621,-14.698,-8.8152,-6.9882,0.97925,-16.334,-13.551
-32.001,-36.87,-5.614,38.131,0.37076,-16.703,-13.86,-9.4803,-8.4699,-0.75867,-17.981,-15.464
-31.743,-39.135,-6.4996,38.759,0.77277,-18.801,-12.864,-9.95,-9.8403,-2.1363,-19.361,-17.12
-31.114,-40.658,-7.4416,38.895,1.2042,-20.857,-11.658,-10.221,-11.046,-3.3378,-20.489,-18.401
-30.254,-41.616,-8.4511,38.808,1.6555,-22.774,-10.278,-10.284,-12.0,-4.436,-21.385,-19.262
-29.245,-42.168,-9.5018,38.545,2.1104,-24.415,-8.8684,-10.138,-12.626,-5.4379,-22.078,-19.728
-28.122,-42.32,-10.538,37.969,2.5583,-25.672,-7.5948,-9.7972,-12.916,-6.3234,-22.601,-19.877
-26.916,-42.019,-11.502,36.972,3.0033,-26.522,-6.5432,-9.3016,-12.937,-7.075,-22.991,-19.81
-25.669,-41.285,-12.362,35.599,3.4627,-27.011,-5.7015,-8.7078,-12.797,-7.6958,-23.282,-19.631
-24.402,-40.214,-13.114,33.948,3.9579,-27.218,-5.0056,-8.073,-12.599,-8.2106,-23.506,-19.415
-23.069,-38.907,-13.776,32.102,4.5019,-27.221,-4.3847,-7.4364,-12.41,-8.6521,-23.686,-19.188
-21.601,-37.458,-14.367,30.168,5.0921,-27.097,-3.7838,-6.8096,-12.247,-9.0437,-23.826,-18.926
-19.998,-35.972,-14.911,28.284,5.7134,-26.91,-3.1731,-6.1811,-12.082,-9.3881,-23.91,-18.572
-18.322,-34.552,-15.428,26.552,6.3482,-26.712,-2.5498,-5.5307,-11.864,-9.6709,-23.907,-18.068
-16.626,-33.245,-15.936,24.984,6.9865,-26.531,-1.9317,-4.8485,-11.54,-9.8749,-23.785,-17.388
-14.911,-32.022,-16.442,23.52,7.6268,-26.364,-1.3456,-4.1447,-11.088,-9.9946,-23.527,-16.551
-13.152,-30.802,-16.936,22.086,8.2682,-26.186,-0.81805,-3.4469,-10.518,-10.042,-23.139,-15.625
-11.338,-29.5,-17.385,20.636,8.9006,-25.954,-0.36745,-2.7882,-9.8701,-10.039,-22.648,-14.691
-9.5129,-28.068,-17.746,19.163,9.5001,-25.632,5.7162e-06,-2.1933,-9.1912,-10.009,-22.094,-13.818
-7.7617,-26.512,-17.974,17.691,10.035,-25.199,0.29255,-1.6709,-8.5214,-9.9641,-21.516,-13.036
-6.1785,-24.887,-18.049,16.254,10.481,-24.657,0.53085,-1.2138,-7.887,-9.9034,-20.942,-12.335
-4.825,-23.281,-17.979,14.887,10.832,-24.027,0.74221,-0.80506,-7.3001,-9.8167,-20.386,-11.689
-3.7182,-21.771,-17.794,13.615,11.102,-23.331,0.95168,-0.42537,-6.7636,-9.6895,-19.846,-11.068
-2.8387,-20.406,-17.521,12.446,11.306,-22.572,1.1739,-0.0596,-6.2739,-9.5081,-19.304,-10.461
-2.1453,-19.194,-17.168,11.383,11.453,-21.734,1.4095,0.30027,-5.8247,-9.2644,-18.734,-9.8691
-1.5935,-18.12,-16.731,10.417,11.539,-20.795,1.648,0.65535,-5.4089,-8.9584,-18.117,-9.3064
-1.1522,-17.166,-16.207,9.5447,11.555,-19.752,1.8725,1.0024,-5.0201,-8.5995,-17.446,-8.7827
-0.81146,-16.317,-15.606,8.766,11.484,-18.64,2.0669,1.3373,-4.6511,-8.2033,-16.727,-8.2974
-0.57802,-15.562,-14.95,8.0874,11.317,-17.517,2.2224,1.6581,-4.2911,-7.7877,-15.977,-7.838
-0.46245,-14.891,-14.264,7.5102,11.055,-16.443,2.3412,1.9663,-3.925,-7.3667,-15.21,-7.3855
-0.46546,-14.289,-13.571,7.0237,10.713,-15.448,2.4375,2.2655,-3.5353,-6.9466,-14.431,-6.9233
-0.56994,-13.733,-12.883,6.6041,10.314,-14.528,2.5321,2.5603,-3.1053,-6.5262,-13.638,-6.446
-0.74047,-13.192,-12.202,6.2201,9.886,-13.651,2.6436,2.8533,-2.6238,-6.1006,-12.825,-5.9618
-0.9284,-12.634,-11.516,5.8402,9.4525,-12.779,2.7785,3.144,-2.089,-5.665,-11.992,-5.4867
-1.0803,-12.031,-10.818,5.4401,9.032,-11.883,2.9266,3.4275,-1.5105,-5.2178,-11.151,-5.0371
-1.148,-11.371,-10.107,5.0074,8.6381,-10.957,3.0639,3.6955,-0.90904,-4.7602,-10.319,-4.6243
-1.0988,-10.656,-9.3894,4.5446,8.2772,-10.02,3.1616,3.9383,-0.31108,-4.294,-9.5204,-4.2536
-0.92248,-9.9047,-8.6807,4.0658,7.9471,-9.1019,3.1988,4.1485,0.25843,-3.8203,-8.7758,-3.925
-0.63251,-9.1396,-7.9966,3.5881,7.6408,-8.2305,3.1714,4.3248,0.78267,-3.3404,-8.0995,-3.6348
-0.26072,-8.3771,-7.3545,3.1231,7.356,-7.4205,3.0953,4.4728,1.2572,-2.8569,-7.4931,-3.3805
0.15162,-7.6224,-6.7717,2.6723,7.102,-6.6753,2.9995,4.6041,1.6903,-2.3743,-6.9444,-3.1642
0.56202,-6.873,-6.2584,2.2324,6.8922,-5.9916,2.9142,4.7316,2.0993,-1.8987,-6.4312,-2.9925
0.93135,-6.1264,-5.8118,1.8018,6.7296,-5.3635,2.8584,4.8643,2.5026,-1.4364,-5.9297,-2.8713
1.226,-5.3856,-5.414,1.3866,6.5973,-4.7834,2.8331,5.005,2.9132,-0.99293,-5.4236,-2.8001
1.421,-4.6605,-5.0376,0.99796,6.4615,-4.2425,2.8238,5.1504,3.3336,-0.57206,-4.9105,-2.7702
1.5054,-3.9627,-4.6537,0.6467,6.2851,-3.7306,2.8101,5.2958,3.7586,-0.17483,-4.4016,-2.7676
1.4888,-3.2989,-4.2407,0.3364,6.0446,-3.2356,2.7773,5.4393,4.1814,0.20088,-3.9146,-2.7786
1.4045,-2.6661,-3.7909,0.060069,5.7416,-2.7446,2.7249,5.585,4.6015,0.56028,-3.4643,-2.7929
1.3027,-2.0519,-3.3122,-0.19796,5.4024,-2.2477,2.6667,5.7421,5.0266,0.91099,-3.0547,-2.804
1.2324,-1.4423,-2.8237,-0.45449,5.063,-1.7404,2.6229,5.9204,5.4691,1.2613,-2.6771,-2.8064
1.2219,-0.83169,-2.3455,-0.71825,4.7489,-1.2256,2.6095,6.1249,5.9381,1.617,-2.3143,-2.7915
1.2694,-0.22804,-1.8911,-0.98481,4.4634,-0.7118,2.6303,6.3518,6.4321,1.977,-1.9477,-2.7471
1.3468,0.35004,-1.4637,-1.239,4.1902,-0.20991,2.675,6.5886,6.9386,2.3324,-1.5635,-2.6614
1.4137,0.88389,-1.0582,-1.4629,3.9067,0.27139,2.7229,6.8175,7.4378,2.67,-1.1573,-2.5288
1.4387,1.3647,-0.66542,-1.6451,3.5974,0.72949,2.7525,7.0204,7.9102,2.9782,-0.73367,-2.3536
1.4139,1.7979,-0.27604,-1.7859,3.2608,1.1685,2.7495,7.1839,8.3415,3.2512,-0.30247,-2.1492
1.3548,2.1988,0.11543,-1.896,2.9077,1.5961,2.711,7.3011,8.725,3.4876,0.12631,-1.933
1.2871,2.5833,0.50937,-1.9896,2.5542,2.0184,2.6426,7.3717,9.0614,3.6867,0.54596,-1.7209
1.2315,2.9593,0.90179,-2.0764,2.215,2.4358,2.5535,7.3985,9.3574,3.8468,0.95365,-1.5234
1.1936,3.3231,1.2877,-2.1577,1.8975,2.8431,2.4518,7.384,9.6243,3.9673,1.35,-1.3439
1.1607,3.6603,1.665,-2.2261,1.5992,3.2316,2.3435,7.3282,9.8754,4.0513,1.7394,-1.1788
1.1067,3.9533,2.0369,-2.2695,1.3092,3.5938,2.2318,7.2278,10.122,4.1074,2.1287,-1.0204
1.0022,4.1912,2.4096,-2.2788,1.0137,3.9265,2.1181,7.0782,10.369,4.1471,2.5248,-0.86043
0.82728,4.3758,2.786,-2.2546,0.70461,4.2306,2.0012,6.8755,10.608,4.1813,2.9292,-0.69658
0.58103,4.5224,3.1553,-2.209,0.38901,4.506,1.8789,6.6199,10.822,4.2168,3.335,-0.53538
0.28515,4.6518,3.4869,-2.1627,0.091107,4.7441,1.7496,6.3163,10.987,4.2544,3.7274,-0.39016
-0.022083,4.7795,3.7379,-2.138,-0.15574,4.927,1.6127,5.9739,11.081,4.2907,4.0882,-0.27502
-0.29887,4.9081,3.8758,-2.1514,-0.3261,5.0354,1.4688,5.6032,11.085,4.3204,4.4011,-0.19916
-0.50878,5.027,3.8996,-2.2082,-0.41622,5.0608,1.3196,5.2143,10.995,4.3395,4.6572,-0.16378
-0.62168,5.1174,3.8368,-2.3013,-0.44027,5.0116,1.168,4.8154,10.817,4.3468,4.8585,-0.1618
-0.61655,5.1617,3.7204,-2.4129,-0.41382,4.9061,1.0175,4.415,10.567,4.3442,5.02,-0.17941
-0.48681,5.1517,3.5697,-2.5242,-0.34034,4.763,0.87094,4.022,10.269,4.3365,5.1667,-0.19925
-0.23239,5.0931,3.3837,-2.6264,-0.20692,4.5945,0.72887,3.6457,9.9467,4.3299,5.3256,-0.20464
0.15444,5.0026,3.1472,-2.7266,0.0089139,4.4046,0.58865,3.2937,9.6165,4.3305,5.5161,-0.18306
0.68397,4.8999,2.8439,-2.8381,0.32383,4.1922,0.44585,2.9694,9.2872,4.3421,5.7428,-0.12771
1.3453,4.7981,2.4685,-2.9667,0.73356,3.9545,0.29683,2.6719,8.96,4.3649,5.9944,-0.036965
2.0892,4.6971,2.0347,-3.1014,1.2069,3.69,0.1413,2.3969,8.6365,4.3963,6.2478,0.088332
2.8305,4.5837,1.575,-3.2161,1.6901,3.4007,-0.017263,2.1385,8.3225,4.4335,6.4779,0.24443
3.4642,4.4376,1.1332,-3.278,2.1171,3.0937,-0.17317,1.8911,8.0269,4.4744,6.6568,0.42632
3.8899,4.24,0.75299,-3.2604,2.424,2.7794,-0.32071,1.6499,7.7547,4.5163,6.7617,0.62676
4.0367,3.9808,0.46691,-3.1519,2.5646,2.4692,-0.45531,1.4112,7.5024,4.5542,6.7755,0.83806
3.8813,3.6631,0.29012,-2.9598,2.5227,2.173,-0.57325,1.1728,7.2568,4.5795,6.689,1.0525
3.451,3.3015,0.21894,-2.7053,2.3173,1.8974,-0.67014,0.93326,7.0021,4.5812,6.5027,1.2614
2.8133,2.9163,0.23233,-2.415,1.9964,1.6442,-0.74013,0.69355,6.7281,4.5486,6.2277,1.4582
2.0587,2.5276,0.29674,-2.1121,1.6225,1.4107,-0.77801,0.45813,6.4368,4.4765,5.8943,1.6395
1.2843,2.1514,0.37501,-1.8114,1.2547,1.1927,-0.78369,0.23524,6.1426,4.3674,5.5371,1.8051
0.58003,1.799,0.43622,-1.5199,0.93586,0.98738,-0.76565,0.034654,5.8654,4.2322,5.1864,1.9543
0.015157,1.4791,0.46198,-1.2406,0.68976,0.79583,-0.74016,-0.13647,5.6225,4.0848,4.8599,2.082
-0.37366,1.1991,0.44549,-0.97789,0.52683,0.62209,-0.72589,-0.27764,5.421,3.9359,4.5597,2.1771
-0.58147,0.96623,0.38789,-0.74047,0.45027,0.47141,-0.73723,-0.39532,5.2545,3.7863,4.2746,2.2263
-0.62705,0.78756,0.2954,-0.5406,0.4567,0.34864,-0.77955,-0.50188,5.1041,3.6267,3.9832,2.218
-0.54383,0.66932,0.17933,-0.39296,0.53376,0.25783,-0.84809,-0.61207,4.944,3.4434,3.6617,2.1466
-0.36741,0.61572,0.057064,-0.31176,0.65929,0.20315,-0.93,-0.73875,4.75,3.225,3.2865,2.0142
-0.12682,0.62738,-0.048086,-0.30623,0.80388,0.18958,-1.0082,-0.88899,4.5077,2.9684,2.8424,1.8288
0.15558,0.6999,-0.11091,-0.37581,0.937,0.22222,-1.0661,-1.0639,4.2172,2.6799,2.3301,1.6024
0.45966,0.82403,-0.11032,-0.50913,1.0333,0.30443,-1.0932,-1.2575,3.8924,2.3728,1.7699,1.348
0.76407,0.98883,-0.033881,-0.68692,1.0754,0.43721,-1.0891,-1.4589,3.5538,2.0643,1.1985,1.0777
1.0457,1.1866,0.12053,-0.88784,1.0532,0.61983,-1.0643,-1.6563,3.2191,1.7697,0.65715,0.80038
1.2812,1.4157,0.34559,-1.0941,0.96226,0.85021,-1.0368,-1.8412,2.8954,1.4992,0.1774,0.52205
1.4491,1.6805,0.62771,-1.2943,0.80286,1.1245,-1.0257,-2.0122,2.5783,1.2543,-0.22229,0.24493
1.5299,1.987,0.9507,-1.4822,0.57917,1.4364,-1.0427,-2.1756,2.2589,1.0272,-0.54065,-0.030481
1.5082,2.3375,1.2986,-1.6544,0.29941,1.7767,-1.0863,-2.3433,1.9327,0.80516,-0.78836,-0.30379
1.3747,2.7248,1.6565,-1.8063,-0.023914,2.1323,-1.1428,-2.5282,1.6057,0.57718,-0.98139,-0.57125
1.1322,3.1298,2.0088,-1.9326,-0.37439,2.4854,-1.1939,-2.7412,1.2923,0.34116,-1.1385,-0.82363
0.80156,3.5243,2.3393,-2.029,-0.7336,2.8147,-1.2251,-2.9899,1.0074,0.10577,-1.2807,-1.0504
0.42332,3.8777,2.6328,-2.0954,-1.0824,3.0995,-1.2295,-3.2786,0.7576,-0.11321,-1.4393,-1.2449
0.052797,4.1649,2.8793,-2.1358,-1.4024,3.3251,-1.2079,-3.6063,0.53739,-0.29996,-1.6426,-1.4069
-0.25016,4.3719,3.0751,-2.1586,-1.6764,3.4869,-1.1656,-3.9657,0.33365,-0.44576,-1.9074,-1.5405
-0.43269,4.4971,3.2196,-2.1755,-1.8869,3.5878,-1.1107,-4.3421,0.13411,-0.55244,-2.2308,-1.6497
-0.45826,4.547,3.308,-2.1985,-2.0159,3.6309,-1.0544,-4.7155,-0.06585,-0.63031,-2.5905,-1.7349
-0.31392,4.5303,3.3282,-2.2355,-2.046,3.6139,-1.0092,-5.0689,-0.26239,-0.69217,-2.9542,-1.7935
-0.015164,4.4525,3.2614,-2.2854,-1.9641,3.528,-0.98576,-5.3935,-0.44785,-0.74746,-3.2913,-1.8214
0.39419,4.3159,3.0894,-2.3386,-1.7655,3.3623,-0.98822,-5.6898,-0.61649,-0.7996,-3.5873,-1.8167
0.84958,4.1208,2.8039,-2.3783,-1.4603,3.1103,-1.0122,-5.9621,-0.76837,-0.84699,-3.847,-1.7827
1.278,3.8671,2.4149,-2.3852,-1.0781,2.7763,-1.0466,-6.2137,-0.90841,-0.88615,-4.093,-1.727
1.6116,3.5586,1.9532,-2.3406,-0.66666,2.3769,-1.0788,-6.4428,-1.0423,-0.91501,-4.3596,-1.6609
1.8005,3.2036,1.4644,-2.2327,-0.28059,1.9382,-1.0995,-6.6462,-1.1728,-0.9348,-4.6827,-1.5957
1.8243,2.8158,0.99658,-2.0609,0.034694,1.4892,-1.1055,-6.8238,-1.298,-0.95017,-5.0868,-1.5416
1.701,2.4122,0.58787,-1.8378,0.25664,1.0568,-1.0995,-6.9806,-1.4142,-0.96773,-5.5747,-1.5062
1.4833,2.01,0.25805,-1.5853,0.39116,0.66198,-1.0873,-7.1245,-1.5168,-0.99392,-6.1245,-1.496
1.2417,1.6239,0.0048426,-1.3263,0.4676,0.31787,-1.076,-7.2607,-1.603,-1.0326,-6.6956,-1.5157
1.0363,1.2624,-0.19197,-1.0767,0.52408,0.02688,-1.0734,-7.3874,-1.6729,-1.0833,-7.2414,-1.5672
0.89268,0.92654,-0.35839,-0.84203,0.5898,-0.21968,-1.0885,-7.4966,-1.7318,-1.1406,-7.7227,-1.647
0.79356,0.60735,-0.51142,-0.61729,0.67196,-0.43519,-1.1296,-7.58,-1.791,-1.1966,-8.1202,-1.7483
0.6908,0.29135,-0.64949,-0.39068,0.75144,-0.62947,-1.2003,-7.6354,-1.8671,-1.2446,-8.4377,-1.8646
0.52877,-0.029872,-0.75254,-0.14903,0.78892,-0.80141,-1.2965,-7.6697,-1.9745,-1.2827,-8.697,-1.9935
0.26592,-0.35118,-0.79015,0.11471,0.74094,-0.9384,-1.4065,-7.6962,-2.1171,-1.3142,-8.9264,-2.1355
-0.10909,-0.65197,-0.73519,0.3957,0.57987,-1.0213,-1.5142,-7.7312,-2.2837,-1.3472,-9.1502,-2.2912
-0.56967,-0.90252,-0.57823,0.67715,0.30811,-1.0338,-1.6029,-7.7882,-2.453,-1.3918,-9.3835,-2.4589
-1.0574,-1.0763,-0.33574,0.93631,-0.03999,-0.97025,-1.6585,-7.8747,-2.605,-1.4567,-9.6324,-2.6336
-1.5006,-1.1622,-0.049025,1.1535,-0.40888,-0.84264,-1.6701,-7.9893,-2.7306,-1.5468,-9.8961,-2.8089
-1.8382,-1.1698,0.22837,1.3192,-0.7402,-0.67849,-1.6306,-8.1189,-2.8318,-1.6623,-10.17,-2.9784
-2.0383,-1.1233,0.44839,1.438,-0.99134,-0.51196,-1.5388,-8.2387,-2.9139,-1.7982,-10.446,-3.1366
-2.1069,-1.0524,0.58389,1.5257,-1.146,-0.37262,-1.4026,-8.3201,-2.9782,-1.9444,-10.718,-3.2781
-2.086,-0.98274,0.63422,1.6029,-1.2143,-0.27766,-1.2393,-8.3437,-3.0194,-2.0872,-10.976,-3.3993
-2.0434,-0.92984,0.62096,1.686,-1.2255,-0.22964,-1.0709,-8.31,-3.0317,-2.2118,-11.218,-3.4968
-2.0504,-0.89792,0.57612,1.778,-1.2186,-0.21904,-0.91642,-8.2395,-3.0153,-2.3077,-11.442,-3.5683
-2.1506,-0.88099,0.53084,1.8658,-1.2306,-0.2291,-0.78516,-8.1616,-2.9803,-2.3731,-11.652,-3.6122
-2.3373,-0.86772,0.50989,1.9265,-1.2839,-0.24177,-0.6751,-8.1001,-2.9435,-2.4167,-11.855,-3.6267
-2.5555,-0.84904,0.52641,1.94,-1.3781,-0.24393,-0.57578,-8.0629,-2.922,-2.4544,-12.063,-3.6096
-2.7289,-0.82355,0.57626,1.9001,-1.488,-0.23224,-0.47414,-8.0396,-2.925,-2.5019,-12.286,-3.5539
-2.7925,-0.79906,0.63611,1.8178,-1.5715,-0.21468,-0.36058,-8.0076,-2.9499,-2.568,-12.53,-3.4479
-2.7092,-0.78896,0.6684,1.7162,-1.5837,-0.20832,-0.23343,-7.9429,-2.9843,-2.6495,-12.792,-3.283
-2.4697,-0.80746,0.63395,1.6199,-1.4924,-0.2336,-0.10002,-7.8298,-3.0113,-2.7331,-13.061,-3.0625
-2.0939,-0.86104,0.50772,1.5463,-1.2878,-0.30702,0.026119,-7.6644,-3.0155,-2.8014,-13.323,-2.805
-1.6305,-0.94381,0.28987,1.5012,-0.98559,-0.4307,0.13133,-7.4535,-2.9872,-2.8406,-13.562,-2.5366
-1.151,-1.0375,0.0078521,1.4783,-0.62522,-0.59005,0.20883,-7.2093,-2.9259,-2.8461,-13.768,-2.2774
-0.73744,-1.1184,-0.29111,1.4658,-0.26433,-0.75789,0.26236,-6.9452,-2.8416,-2.8228,-13.937,-2.0369
-0.46659,-1.1684,-0.5543,1.4548,0.03451,-0.90472,0.3042,-6.6715,-2.7531,-2.7802,-14.074,-1.8154
-0.39052,-1.1838,-0.73906,1.445,0.22204,-1.0099,0.34842,-6.393,-2.68,-2.7269,-14.194,-1.6107
-0.51895,-1.1763,-0.82465,1.4421,0.27748,-1.0696,0.40254,-6.1108,-2.6348,-2.6673,-14.311,-1.4224
-0.81213,-1.1654,-0.81554,1.4495,0.21552,-1.0944,0.4628,-5.8251,-2.6179,-2.6019,-14.438,-1.2545
-1.1909,-1.1689,-0.74097,1.4651,0.082146,-1.1029,0.51522,-5.5395,-2.6187,-2.5302,-14.586,-1.1145
-1.5584,-1.1971,-0.64654,1.4789,-0.059149,-1.1144,0.54194,-5.2643,-2.6207,-2.4537,-14.758,-1.0112
-1.8219,-1.2493,-0.57868,1.4781,-0.14787,-1.1422,0.52963,-5.0131,-2.6077,-2.3768,-14.955,-0.95063
-1.9133,-1.3149,-0.56742,1.4498,-0.14528,-1.1883,0.47628,-4.7963,-2.5691,-2.3055,-15.171,-0.931
-1.8068,-1.3756,-0.61778,1.3858,-0.044523,-1.2422,0.39328,-4.6152,-2.5009,-2.2437,-15.391,-0.94137
-1.5277,-1.4121,-0.71246,1.2859,0.13243,-1.2861,0.30179,-4.4595,-2.4051,-2.1889,-15.6,-0.96248
-1.143,-1.4116,-0.82342,1.1588,0.34679,-1.3042,0.22458,-4.3113,-2.2877,-2.1314,-15.784,-0.97336
-0.73748,-1.3752,-0.92743,1.0187,0.55934,-1.2924,0.1771,-4.1519,-2.1561,-2.0573,-15.934,-0.95856
-0.38557,-1.3185,-1.0161,0.881,0.74398,-1.2612,0.1614,-3.9678,-2.0173,-1.9552,-16.057,-0.91326
-0.12959,-1.266,-1.0968,0.75782,0.89336,-1.2329,0.16607,-3.7544,-1.8776,-1.8222,-16.165,-0.84563
0.026942,-1.2425,-1.1856,0.6557,1.0161,-1.2327,0.17225,-3.5152,-1.7437,-1.6661,-16.283,-0.77186
0.10912,-1.2648,-1.2979,0.57523,1.1291,-1.2794,0.16291,-3.2601,-1.6239,-1.502,-16.433,-0.70707
0.15032,-1.3362,-1.4417,0.5124,1.248,-1.3788,0.13032,-3.0041,-1.5274,-1.3462,-16.632,-0.65661
0.17598,-1.4452,-1.6152,0.46091,1.3827,-1.5207,0.077469,-2.7649,-1.4625,-1.2108,-16.889,-0.61285
0.20046,-1.5715,-1.8089,0.41485,1.5347,-1.6861,0.013735,-2.5587,-1.434,-1.1004,-17.198,-0.55838
0.23142,-1.6953,-2.0104,0.37229,1.699,-1.8547,-0.051562,-2.3943,-1.4397,-1.0127,-17.541,-0.47661
0.27277,-1.8053,-2.209,0.33587,1.8671,-2.0137,-0.11422,-2.2707,-1.4695,-0.94217,-17.885,-0.35859
0.32503,-1.9016,-2.3995,0.3109,2.0317,-2.1604,-0.17727,-2.1788,-1.5074,-0.88377,-18.183,-0.20715
0.38747,-1.9913,-2.5831,0.30131,2.1903,-2.2997,-0.24905,-2.1076,-1.5367,-0.83652,-18.381,-0.034126
0.46261,-2.0815,-2.7654,0.30568,2.3472,-2.4383,-0.3377,-2.0503,-1.5476,-0.80471,-18.429,0.14392
0.56024,-2.1747,-2.9529,0.31668,2.5113,-2.5801,-0.44485,-2.0063,-1.5429,-0.79662,-18.288,0.31184
0.6951,-2.2686,-3.1493,0.32314,2.691,-2.725,-0.56223,-1.9798,-1.5385,-0.8215,-17.947,0.4596
0.87834,-2.3594,-3.3517,0.31503,2.8884,-2.8687,-0.67347,-1.9749,-1.5584,-0.88592,-17.419,0.58381
1.108,-2.4436,-3.5492,0.28686,3.0952,-3.0038,-0.76015,-1.9919,-1.6244,-0.991,-16.737,0.68727
1.3649,-2.5171,-3.7241,0.23966,3.2918,-3.1204,-0.80865,-2.0247,-1.7444,-1.1313,-15.933,0.77704
1.6155,-2.5727,-3.8549,0.17986,3.4519,-3.2064,-0.81475,-2.0604,-1.9068,-1.2959,-15.03,0.86173
1.8194,-2.6011,-3.9226,0.11731,3.5494,-3.2502,-0.78452,-2.0822,-2.0816,-1.4716,-14.034,0.94855
1.9412,-2.5941,-3.9174,0.063136,3.5677,-3.2452,-0.73174,-2.0749,-2.2322,-1.6461,-12.933,1.0411
1.9594,-2.5502,-3.8448,0.027372,3.5061,-3.1944,-0.67281,-2.0312,-2.329,-1.8117,-11.708,1.1388
1.8727,-2.4758,-3.7261,0.016852,3.3813,-3.111,-0.62124,-1.9548,-2.3593,-1.965,-10.34,1.2389
1.7002,-2.3825,-3.5904,0.033462,3.2214,-3.014,-0.58341,-1.8589,-2.3283,-2.1057,-8.8235,1.3397
1.4751,-2.2805,-3.4633,0.073397,3.0546,-2.9186,-0.55746,-1.7597,-2.2516,-2.2325,-7.1677,1.4432
1.2365,-2.1741,-3.3548,0.12805,2.8985,-2.8294,-0.53549,-1.6693,-2.1452,-2.3404,-5.3958,1.5551
1.0185,-2.0613,-3.2557,0.18654,2.7536,-2.7383,-0.50833,-1.5905,-2.0173,-2.4215,-3.5387,1.6826
0.84357,-1.9372,-3.1416,0.2392,2.6042,-2.6281,-0.47009,-1.5153,-1.8679,-2.4681,-1.6274,1.8306
0.71882,-1.798,-2.984,0.28066,2.4271,-2.4809,-0.42035,-1.4292,-1.6928,-2.4771,0.31097,1.9982
0.6377,-1.646,-2.7636,0.31179,2.2034,-2.2871,-0.3629,-1.3174,-1.492,-2.4511,2.2525,2.1766
0.5839,-1.4914,-2.479,0.33989,1.9279,-2.051,-0.30237,-1.1722,-1.276,-2.3981,4.1714,2.3495
0.53542,-1.3526,-2.1479,0.37725,1.6111,-1.7915,-0.24038,-0.99488,-1.0659,-2.3287,6.0328,2.4978
0.4675,-1.2504,-1.7995,0.43816,1.2728,-1.5361,-0.17355,-0.79284,-0.88621,-2.2527,7.7896,2.6055
0.35539,-1.2007,-1.4641,0.5348,0.93357,-1.3119,-0.094126,-0.57386,-0.75259,-2.1744,9.3875,2.6664
0.17697,-1.2078,-1.1631,0.67331,0.60712,-1.1365,0.007178,-0.34174,-0.66263,-2.0902,10.778,2.6873
-0.0847,-1.2616,-0.90415,0.85147,0.2982,-1.013,0.13742,-0.096475,-0.59618,-1.9893,11.934,2.6838
-0.4389,-1.341,-0.68096,1.059,0.0041834,-0.93013,0.29808,0.16172,-0.52564,-1.8592,12.859,2.6744
-0.88548,-1.4212,-0.47836,1.2807,-0.28183,-0.86837,0.48309,0.42727,-0.43075,-1.6935,13.586,2.6745
-1.4142,-1.4828,-0.28031,1.5011,-0.56764,-0.80905,0.67916,0.68707,-0.30954,-1.4979,14.163,2.693
-2.0029,-1.5188,-0.078187,1.7096,-0.85737,-0.74258,0.86869,0.92331,-0.17949,-1.2901,14.633,2.7323
-2.6149,-1.5351,0.12317,1.9008,-1.1448,-0.67228,1.0349,1.1197,-0.068813,-1.0931,15.025,2.7884
-3.1982,-1.5463,0.30471,2.0733,-1.4089,-0.61224,1.167,1.2695,-0.0030901,-0.92772,15.342,2.853
-3.6894,-1.5664,0.43862,2.2238,-1.6151,-0.58045,1.2629,1.3786,0.005405,-0.80567,15.576,2.9153
-4.024,-1.6014,0.4979,2.3427,-1.7251,-0.59024,1.3269,1.464,-0.039956,-0.72774,15.714,2.9656
-4.1499,-1.6445,0.4658,2.4133,-1.7087,-0.64394,1.3658,1.5462,-0.12512,-0.68566,15.752,2.9991
-4.0391,-1.6783,0.34085,2.4148,-1.553,-0.73206,1.3843,1.6413,-0.23375,-0.6672,15.696,3.0179
-3.6953,-1.6829,0.13558,2.3289,-1.266,-0.83842,1.3828,1.7556,-0.35331,-0.6618,15.569,3.0296
-3.1546,-1.6462,-0.12916,2.1479,-0.8739,-0.94817,1.3589,1.886,-0.47686,-0.66378,15.396,3.044
-2.4782,-1.5702,-0.42959,1.8793,-0.41556,-1.0533,1.31,2.0252,-0.59984,-0.67151,15.209,3.0685
-1.7401,-1.4692,-0.7413,1.5456,0.06602,-1.1521,1.238,2.167,-0.71532,-0.68386,15.036,3.1073
-1.0121,-1.3607,-1.0397,1.1794,0.53094,-1.245,1.1516,2.3085,-0.81068,-0.697,14.905,3.1624
-0.35271,-1.2579,-1.3034,0.81597,0.94821,-1.3308,1.0659,2.4498,-0.86861,-0.70409,14.836,3.2359
0.20257,-1.166,-1.5219,0.48578,1.3024,-1.409,0.99663,2.5911,-0.873,-0.69864,14.838,3.3295
0.65059,-1.0868,-1.704,0.20867,1.5999,-1.4843,0.95389,2.7287,-0.81766,-0.67917,14.906,3.4417
1.019,-1.0216,-1.8771,-0.0086607,1.8685,-1.5678,0.93777,2.853,-0.71244,-0.65172,15.014,3.5638
1.3451,-0.974,-2.0746,-0.1698,2.1436,-1.674,0.93899,2.9496,-0.58258,-0.62798,15.125,3.6787
1.65,-0.94915,-2.3172,-0.28153,2.4472,-1.8128,0.94395,3.0047,-0.45985,-0.6193,15.204,3.7662
1.9231,-0.95192,-2.599,-0.34714,2.7722,-1.9832,0.94131,3.012,-0.36982,-0.62972,15.229,3.8111
2.1227,-0.98506,-2.8885,-0.36413,3.0811,-2.1721,0.92628,2.9776,-0.32203,-0.65171,15.193,3.8085
2.1951,-1.0482,-3.1409,-0.32751,3.3203,-2.3595,0.90038,2.9197,-0.30817,-0.668,15.106,3.7624
2.1017,-1.1371,-3.3161,-0.23638,3.4435,-2.5264,0.86796,2.8604,-0.30861,-0.65944,14.984,3.6786
1.841,-1.2427,-3.3948,-0.10009,3.4332,-2.6605,0.8323,2.8151,-0.303,-0.61518,14.84,3.5585
1.4577,-1.3507,-3.3862,0.059743,3.3122,-2.7588,0.79308,2.7835,-0.27884,-0.53908,14.682,3.3977
1.0362,-1.4438,-3.3249,0.21251,3.1389,-2.8269,0.7462,2.7503,-0.23409,-0.44798,14.514,3.1913
0.67807,-1.5057,-3.2586,0.32648,2.9875,-2.8754,0.68625,2.6941,-0.17317,-0.36261,14.343,2.9397
0.47327,-1.5254,-3.2308,0.37716,2.9221,-2.9149,0.61073,2.599,-0.10049,-0.29676,14.181,2.6525
0.47496,-1.4973,-3.2638,0.35328,2.9745,-2.9485,0.52408,2.4647,-0.015642,-0.25093,14.046,2.3475
0.68602,-1.4186,-3.3502,0.25657,3.1353,-2.9682,0.43853,2.3069,0.086651,-0.21358,13.958,2.0463
1.0616,-1.2855,-3.4562,0.097691,3.3597,-2.9549,0.37028,2.151,0.21213,-0.16867,13.931,1.7701
1.5288,-1.0938,-3.5381,-0.10906,3.589,-2.887,0.33306,2.0209,0.36011,-0.10505,13.958,1.5354
2.0133,-0.8419,-3.5617,-0.35026,3.7749,-2.7509,0.33276,1.929,0.51899,-0.022696,14.01,1.3508
2.4603,-0.53482,-3.5152,-0.61565,3.8954,-2.5476,0.36564,1.8733,0.66759,0.067148,14.04,1.2143
2.8398,-0.18563,-3.4073,-0.89723,3.9537,-2.2931,0.42044,1.8432,0.78219,0.14713,14.001,1.1144
3.1423,0.18475,-3.2568,-1.1855,3.9652,-2.0116,0.48304,1.8298,0.8465,0.20151,13.862,1.0369
3.3674,0.55212,-3.0822,-1.466,3.9443,-1.7269,0.54171,1.8342,0.85946,0.22274,13.627,0.97395
3.5118,0.89261,-2.8944,-1.7189,3.8956,-1.4559,0.59074,1.8691,0.83665,0.21444,13.325,0.93078
3.5653,1.1883,-2.6944,-1.9239,3.8114,-1.2043,0.63104,1.9524,0.80507,0.18947,13.003,0.92428
3.5177,1.4325,-2.473,-2.0666,3.675,-0.96679,0.66762,2.0971,0.79369,0.16467,12.706,0.97542
3.3688,1.6312,-2.2179,-2.1428,3.4695,-0.73138,0.70535,2.3025,0.82464,0.15402,12.46,1.0975
3.1317,1.7993,-1.9228,-2.1585,3.1908,-0.48693,0.74499,2.5532,0.90799,0.16305,12.272,1.29
2.8285,1.9526,-1.5938,-2.1254,2.853,-0.22929,0.78205,2.8251,1.0408,0.18682,12.131,1.5389
2.482,2.1006,-1.248,-2.056,2.4831,0.036779,0.809,3.0952,1.2095,0.21302,12.022,1.823
2.1094,2.2428,-0.90483,-1.9597,2.1078,0.30064,0.81954,3.351,1.3941,0.22915,11.93,2.1221
1.7202,2.3704,-0.57757,-1.8413,1.7431,0.55111,0.81179,3.5928,1.574,0.22969,11.844,2.4213
1.3172,2.4714,-0.26909,-1.7025,1.3913,0.78094,0.7887,3.8305,1.7326,0.21899,11.755,2.7125
0.9024,2.5367,0.026056,-1.5453,1.0458,0.98824,0.75581,4.0754,1.8602,0.2082,11.648,2.9897
0.48288,2.5633,0.31588,-1.3758,0.69918,1.1752,0.71868,4.3323,1.9536,0.20868,11.5,3.244
0.07315,2.5557,0.60462,-1.2051,0.35034,1.3451,0.68113,4.5957,2.0126,0.22616,11.282,3.4616
-0.30661,2.5232,0.8891,-1.0478,0.0076071,1.5003,0.64468,4.851,2.0379,0.25859,10.965,3.6261
-0.63472,2.4765,1.1592,-0.91777,-0.31263,1.6404,0.60917,5.0803,2.0303,0.29826,10.532,3.7253
-0.89287,2.4242,1.4009,-0.82442,-0.59053,1.7623,0.57375,5.2696,1.9938,0.33611,9.9945,3.7566
-1.0711,2.3699,1.5992,-0.76962,-0.80845,1.8602,0.5382,5.4129,1.9376,0.36604,9.3875,3.7284
-1.1713,2.3114,1.7409,-0.74751,-0.95501,1.9259,0.50384,5.5146,1.8753,0.38741,8.7642,3.6565
-1.206,2.2421,1.8155,-0.74686,-1.0263,1.9502,0.47396,5.5855,1.8215,0.4058,8.1803,3.5584
-1.192,2.1554,1.816,-0.75554,-1.0234,1.9264,0.45324,5.6369,1.7871,0.43214,7.6807,3.4478
-1.142,2.0488,1.7393,-0.7652,-0.94868,1.8517,0.44637,5.6756,1.776,0.47986,7.2878,3.3336
-1.0575,1.9251,1.5853,-0.77422,-0.80286,1.7287,0.45614,5.7022,1.7851,0.55995,7.0029,3.222
-0.92891,1.7912,1.3573,-0.78711,-0.58521,1.5631,0.48188,5.7128,1.8058,0.67521,6.8053,3.1188
-0.74145,1.6536,1.062,-0.81115,-0.29661,1.3625,0.51946,5.7036,1.8263,0.8171,6.6588,3.0305
-0.48373,1.5146,0.70987,-0.8523,0.057571,1.1338,0.56306,5.6744,1.834,0.96814,6.5214,2.9641
-0.15466,1.3723,0.31654,-0.91254,0.46502,0.88386,0.60803,5.6285,1.8185,1.1093,6.3572,2.9231
0.23382,1.2225,-0.096898,-0.98928,0.90591,0.62097,0.6533,5.5717,1.7754,1.2284,6.1457,2.9047
0.65776,1.0631,-0.50491,-1.0764,1.3544,0.35672,0.70176,5.5097,1.7083,1.3254,5.8848,2.8979
1.086,0.89652,-0.88177,-1.166,1.7826,0.10501,0.75764,5.4462,1.6294,1.41,5.5867,2.8856
1.4874,0.72906,-1.2079,-1.2513,2.1668,-0.12137,0.82226,5.3829,1.5538,1.4945,5.2703,2.8499
1.8384,0.56927,-1.4743,-1.3283,2.493,-0.31426,0.89085,5.3191,1.4927,1.5853,4.9549,2.7795
2.1248,0.42647,-1.6829,-1.397,2.7589,-0.47117,0.95249,5.2537,1.4477,1.678,4.6578,2.6739
2.3398,0.30937,-1.8406,-1.4601,2.9689,-0.59314,0.99346,5.1861,1.4102,1.7605,4.3949,2.5427
2.4782,0.22407,-1.9533,-1.5192,3.1274,-0.68185,1.0024,5.1178,1.3673,1.8198,4.1803,2.4018
2.5338,0.17103,-2.021,-1.5716,3.2319,-0.73789,0.97501,5.0531,1.3098,1.8504,4.0255,2.2667
2.4982,0.14212,-2.038,-1.6082,3.2712,-0.76161,0.91635,4.999,1.238,1.8584,3.935,2.1478
2.3647,0.1205,-1.9969,-1.6147,3.2298,-0.75508,0.83965,4.9633,1.161,1.8587,3.9026,2.0474
2.1391,0.084703,-1.8949,-1.577,3.0985,-0.72365,0.76167,4.9515,1.0917,1.8677,3.9104,1.9594
1.8542,0.015806,-1.7395,-1.4882,2.8851,-0.67607,0.69633,4.9637,1.0394,1.8951,3.9289,1.8716
1.5677,-0.095996,-1.5498,-1.353,2.6188,-0.62328,0.64947,4.9938,1.0068,1.9392,3.9197,1.7699
1.3336,-0.24904,-1.3523,-1.1836,2.3403,-0.57695,0.61751,5.0314,0.99054,1.9887,3.8415,1.6428
1.1696,-0.43344,-1.1726,-0.99353,2.086,-0.54761,0.59131,5.0658,0.98456,2.0283,3.6596,1.486
1.0495,-0.63802,-1.0278,-0.79091,1.8726,-0.54338,0.56342,5.0899,0.98442,2.0472,3.3575,1.3048
0.91841,-0.85668,-0.92191,-0.57589,1.693,-0.56884,0.53395,5.1016,0.98913,2.0458,2.9457,1.1119
0.71409,-1.0903,-0.84564,-0.34055,1.5213,-0.62419,0.51085,5.1023,1.001,2.0359,2.4613,0.92237
0.38503,-1.3439,-0.78153,-0.073214,1.3254,-0.70537,0.50471,5.0948,1.0239,2.0367,1.9578,0.74914
-0.093693,-1.6215,-0.71236,0.23389,1.0824,-0.80573,0.52203,5.0798,1.0611,2.0652,1.4905,0.60081
-0.70654,-1.9216,-0.63022,0.57699,0.79183,-0.91864,0.56094,5.0558,1.1133,2.1285,1.1029,0.48267
-1.3921,-2.2353,-0.54187,0.93703,0.48088,-1.0395,0.61151,5.0185,1.1777,2.22,0.81801,0.39826
-2.0525,-2.5467,-0.46753,1.2817,0.19917,-1.1658,0.65943,4.9636,1.2488,2.3211,0.63604,0.34941
-2.5771,-2.8355,-0.43347,1.5733,0.003515,-1.2963,0.69112,4.8883,1.3196,2.4086,0.53637,0.33403
-2.8746,-3.0812,-0.46137,1.7788,-0.06144,-1.4278,0.6979,4.7931,1.3833,2.4629,0.48365,0.34405
-2.9002,-3.2667,-0.55916,1.8801,0.021334,-1.5547,0.67856,4.6815,1.4355,2.4749,0.43737,0.36638
-2.6699,-3.3832,-0.7171,1.8783,0.23589,-1.6685,0.63967,4.5591,1.4749,2.4472,0.36308,0.38743
-2.2521,-3.4314,-0.91075,1.7919,0.53975,-1.7601,0.59363,4.4305,1.5022,2.3922,0.24139,0.39786
-1.7425,-3.4192,-1.1092,1.6478,0.87889,-1.8218,0.55424,4.2978,1.5175,2.3253,0.070916,0.3941
-1.23,-3.355,-1.2845,1.4695,1.205,-1.8486,0.53124,4.1592,1.5173,2.2584,-0.13546,0.37575
-0.77101,-3.2429,-1.4189,1.2678,1.4881,-1.8383,0.52592,4.0101,1.4929,2.1947,-0.35773,0.34195
-0.37808,-3.0815,-1.5077,1.0418,1.721,-1.7922,0.53049,3.8465,1.4337,2.1287,-0.5751,0.28943
-0.028888,-2.8698,-1.5576,0.78784,1.915,-1.7152,0.53144,3.6687,1.3317,2.0514,-0.7696,0.21455
0.30964,-2.6139,-1.5813,0.50796,2.0891,-1.6155,0.51486,3.4831,1.1858,1.9562,-0.9277,0.11676
0.6553,-2.3306,-1.5897,0.21402,2.2575,-1.5025,0.47109,3.3012,1.0023,1.8418,-1.0396,0.00081918
0.99919,-2.0428,-1.5844,-0.073933,2.4181,-1.3833,0.39714,3.1351,0.79238,1.7121,-1.107,-0.12384
1.3098,-1.7725,-1.5547,-0.33169,2.549,-1.2598,0.29677,2.9932,0.56874,1.5727,-1.1429,-0.24659
1.5436,-1.5366,-1.483,-0.5352,2.6162,-1.1302,0.17897,2.8769,0.34292,1.4291,-1.1707,-0.35918
1.6582,-1.347,-1.3564,-0.66469,2.5897,-0.99406,0.055153,2.7815,0.1238,1.2848,-1.219,-0.45773
1.6279,-1.2147,-1.1777,-0.7082,2.46,-0.85849,-0.064128,2.699,-0.083143,1.1416,-1.3129,-0.54276
1.4543,-1.15,-0.96859,-0.66374,2.2451,-0.73905,-0.17222,2.6215,-0.27605,0.99899,-1.4697,-0.61905
1.165,-1.1617,-0.76332,-0.53907,1.9835,-0.6555,-0.26778,2.5433,-0.45665,0.85391,-1.6977,-0.69559
0.80312,-1.2528,-0.59588,-0.34935,1.7189,-0.62423,-0.35388,2.4615,-0.62976,0.70087,-1.9978,-0.78498
0.41322,-1.4168,-0.4884,-0.11371,1.4858,-0.6514,-0.43534,2.3754,-0.80202,0.53335,-2.3637,-0.90123
0.03022,-1.6373,-0.44478,0.14845,1.3012,-0.73049,-0.51575,2.2859,-0.97982,0.34681,-2.7801,-1.0557
-0.32701,-1.8922,-0.45164,0.42079,1.1623,-0.84516,-0.59562,2.1943,-1.1665,0.1417,-3.2223,-1.2526
-0.65532,-2.1578,-0.4855,0.69238,1.052,-0.97552,-0.67234,2.1016,-1.3598,-0.075187,-3.6607,-1.4855
-0.962,-2.4159,-0.52264,0.95849,0.94786,-1.1049,-0.74143,2.009,-1.5515,-0.29222,-4.0678,-1.7379
-1.2573,-2.6589,-0.54811,1.2197,0.83341,-1.2249,-0.79868,1.9169,-1.7286,-0.49687,-4.426,-1.9875
-1.5459,-2.8901,-0.56036,1.4787,0.7056,-1.3365,-0.84187,1.8252,-1.8784,-0.67993,-4.731,-2.2131
-1.8185,-3.119,-0.56968,1.7355,0.57649,-1.447,-0.87105,1.7338,-1.9928,-0.83782,-4.9891,-2.4012
-2.049,-3.3519,-0.59069,1.983,0.46714,-1.5635,-0.88723,1.6423,-2.0718,-0.9724,-5.2127,-2.5496
-2.2022,-3.5829,-0.63265,2.2068,0.39699,-1.6853,-0.89106,1.5505,-2.1227,-1.0883,-5.415,-2.6669
-2.2484,-3.7925,-0.69213,2.3897,0.37364,-1.8009,-0.88271,1.4581,-2.1568,-1.1906,-5.6077,-2.767
-2.1796,-3.955,-0.75288,2.5175,0.38821,-1.8915,-0.86278,1.3649,-2.1847,-1.2828,-5.8011,-2.8624
-2.017,-4.0514,-0.79262,2.585,0.41819,-1.9407,-0.83343,1.2708,-2.212,-1.3664,-6.0061,-2.9588
-1.8084,-4.0822,-0.79453,2.5997,0.43666,-1.9444,-0.79817,1.1761,-2.2391,-1.4411,-6.2294,-3.0542
-1.6173,-4.0694,-0.75589,2.5807,0.42267,-1.9154,-0.76012,1.0814,-2.2621,-1.5049,-6.4734,-3.1411
-1.5034,-4.0468,-0.68796,2.5521,0.3673,-1.878,-0.71952,0.98806,-2.2758,-1.5541,-6.7326,-3.2107
-1.5048,-4.0441,-0.60783,2.5344,0.27356,-1.8559,-0.67188,0.89764,-2.2762,-1.584,-6.9929,-3.2568
-1.6253,-4.0737,-0.53029,2.5384,0.15368,-1.8607,-0.60837,0.81129,-2.2624,-1.5895,-7.2333,-3.2786
-1.8334,-4.1278,-0.46553,2.5629,0.027683,-1.8886,-0.51978,0.72871,-2.237,-1.5681,-7.4331,-3.2801
-2.0715,-4.1852,-0.42177,2.5967,-0.07778,-1.9259,-0.40247,0.64687,-2.2061,-1.5238,-7.5785,-3.268
-2.2716,-4.2238,-0.40818,2.6251,-0.1332,-1.959,-0.26287,0.55919,-2.1772,-1.4686,-7.6676,-3.2472
-2.373,-4.2329,-0.43461,2.6372,-0.11449,-1.9822,-0.11736,0.45587,-2.1574,-1.4209,-7.7097,-3.2184
-2.3397,-4.2176,-0.50697,2.631,-0.012016,-1.9991,0.012321,0.3259,-2.1515,-1.4005,-7.7213,-3.1772
-2.1708,-4.193,-0.62125,2.6128,0.16354,-2.0172,0.10624,0.16079,-2.1616,-1.422,-7.719,-3.1188
-1.9026,-4.1751,-0.76079,2.592,0.3821,-2.0407,0.15317,-0.041212,-2.1878,-1.4913,-7.7141,-3.0441
-1.5964,-4.1688,-0.89894,2.5746,0.60221,-2.0664,0.15522,-0.27293,-2.2311,-1.6065,-7.7111,-2.9664
-1.3194,-4.1636,-1.0061,2.5588,0.78305,-2.0829,0.12742,-0.51806,-2.2949,-1.761,-7.7082,-2.9094
-1.1233,-4.1374,-1.0579,2.534,0.89519,-2.075,0.091008,-0.75566,-2.3845,-1.948,-7.7006,-2.9007
-1.031,-4.0671,-1.0423,2.4846,0.92712,-2.0309,0.063272,-0.96568,-2.5035,-2.1611,-7.6821,-2.959
-1.0371,-3.9382,-0.96214,2.3967,0.88523,-1.9471,0.04939,-1.1333,-2.649,-2.393,-7.6507,-3.0848
-1.1151,-3.753,-0.8328,2.2657,0.78899,-1.8311,0.040483,-1.2511,-2.8109,-2.6337,-7.6087,-3.2603
-1.2265,-3.5301,-0.67639,2.0999,0.66482,-1.6983,0.018104,-1.3195,-2.9764,-2.8701,-7.562,-3.4565
-1.3273,-3.2985,-0.51535,1.9173,0.54093,-1.5654,-0.036952,-1.3464,-3.1366,-3.0876,-7.5188,-3.6449
-1.3723,-3.0859,-0.36819,1.7384,0.44281,-1.4445,-0.13481,-1.3452,-3.2904,-3.2735,-7.4866,-3.8084
-1.3205,-2.9095,-0.24739,1.5807,0.38931,-1.34,-0.26962,-1.3309,-3.4444,-3.4191,-7.4696,-3.9444
-1.1443,-2.7746,-0.15939,1.4555,0.39,-1.2512,-0.419,-1.3158,-3.6076,-3.5189,-7.4675,-4.0613
-0.84668,-2.6796,-0.10663,1.3694,0.44466,-1.1774,-0.55052,-1.3064,-3.7862,-3.5706,-7.4763,-4.1733
-0.46816,-2.625,-0.090738,1.3262,0.54425,-1.124,-0.63294,-1.3038,-3.9818,-3.5764,-7.4944,-4.2948
-0.077808,-2.6187,-0.1146,1.3295,0.67212,-1.1044,-0.64784,-1.3068,-4.1909,-3.5455,-7.5284,-4.4387
0.24556,-2.6764,-0.18116,1.3847,0.80537,-1.1372,-0.59678,-1.315,-4.4076,-3.4947,-7.5964,-4.614
0.42848,-2.8148,-0.2891,1.4995,0.91739,-1.2377,-0.50083,-1.3317,-4.6258,-3.4449,-7.7245,-4.8253
0.41329,-3.0428,-0.42822,1.6808,0.98202,-1.4106,-0.39244,-1.3623,-4.8401,-3.4169,-7.9386,-5.0717
0.16962,-3.3562,-0.5797,1.9299,0.97915,-1.6467,-0.3027,-1.4117,-5.0449,-3.426,-8.2552,-5.3465
-0.29174,-3.737,-0.72331,2.238,0.90183,-1.9262,-0.24958,-1.4804,-5.2347,-3.4791,-8.6742,-5.6376
-0.91148,-4.1589,-0.84738,2.5855,0.76304,-2.2259,-0.23235,-1.5644,-5.4044,-3.5728,-9.175,-5.9286
-1.59,-4.5949,-0.95488,2.947,0.59714,-2.5264,-0.23416,-1.6579,-5.5522,-3.6947,-9.7187,-6.2001
-2.2092,-5.0253,-1.0626,3.2987,0.45272,-2.8181,-0.23135,-1.7572,-5.6808,-3.827,-10.255,-6.4335
-2.6593,-5.4421,-1.1947,3.6261,0.37851,-3.1028,-0.20532,-1.8635,-5.7969,-3.9529,-10.734,-6.6164
-2.8654,-5.849,-1.3737,3.9253,0.40866,-3.3913,-0.15173,-1.9823,-5.9084,-4.0642,-11.119,-6.7463
-2.8068,-6.2562,-1.6111,4.2008,0.5522,-3.6964,-0.08236,-2.1214,-6.0219,-4.1665,-11.399,-6.8334
-2.5238,-6.6729,-1.9019,4.4616,0.79069,-4.0263,-0.019647,-2.2888,-6.1416,-4.2798,-11.585,-6.8992
-2.1061,-7.1005,-2.2266,4.7166,1.0839,-4.3813,0.013289,-2.4909,-6.27,-4.4324,-11.707,-6.9689
-1.6638,-7.5299,-2.5588,4.9689,1.3823,-4.7557,0.0029676,-2.7311,-6.4105,-4.65,-11.806,-7.0633
-1.2899,-7.946,-2.8756,5.2132,1.6425,-5.1439,-0.048568,-3.0079,-6.5669,-4.9469,-11.92,-7.1933
-1.0344,-8.336,-3.1668,5.4362,1.8414,-5.546,-0.12557,-3.3128,-6.7403,-5.3222,-12.075,-7.3599
-0.90146,-8.6972,-3.4392,5.6239,1.9813,-5.9716,-0.20692,-3.6316,-6.9263,-5.7636,-12.285,-7.5571
-0.8654,-9.0387,-3.7163,5.7699,2.0884,-6.4385,-0.27629,-3.9462,-7.1151,-6.2556,-12.545,-7.7749
-0.89063,-9.3782,-4.0306,5.8819,2.2034,-6.9666,-0.32945,-4.2389,-7.2941,-6.7885,-12.833,-7.9983
-0.94301,-9.7326,-4.4087,5.9808,2.3669,-7.5644,-0.37574,-4.4944,-7.4505,-7.3611,-13.118,-8.2058
-0.98959,-10.107,-4.8505,6.0911,2.6017,-8.2101,-0.43295,-4.6998,-7.5699,-7.9729,-13.364,-8.3685
-0.99568,-10.486,-5.3166,6.2253,2.899,-8.8368,-0.51765,-4.8427,-7.6314,-8.6089,-13.537,-8.4538
-0.9296,-10.827,-5.7351,6.3698,3.2225,-9.3362,-0.63569,-4.9094,-7.6069,-9.2263,-13.611,-8.4334
-0.77394,-11.065,-6.032,6.4794,3.5245,-9.5906,-0.77727,-4.8827,-7.4677,-9.7554,-13.564,-8.2911
-0.53516,-11.119,-6.1615,6.488,3.7637,-9.5208,-0.9185,-4.7424,-7.1964,-10.117,-13.373,-8.0251
-0.24462,-10.921,-6.1131,6.3387,3.9093,-9.1256,-1.0282,-4.468,-6.7938,-10.25,-13.017,-7.6442
0.049418,-10.442,-5.8995,6.0194,3.9364,-8.492,-1.0771,-4.0462,-6.2755,-10.13,-12.478,-7.1615
0.29524,-9.7546,-5.5505,5.5906,3.8206,-7.7888,-1.0448,-3.4806,-5.658,-9.7748,-11.75,-6.5912
0.45265,-9.2202,-5.1548,5.198,3.5337,-7.3528,-0.92189,-2.7966,-4.9484,-9.238,-10.842,-5.9472
0.50454,-9.8206,-5.0085,5.0453,3.0312,-8.0289,-0.70643,-2.0362,-4.1405,-8.5855,-9.781,-5.2432
0.46099,-11.733,-5.512,5.1891,2.2244,-10.155,-0.40163,-1.2433,-3.22,-7.8736,-8.6076,-4.4897
0.35619,-11.92,-5.37,5.1332,0.93498,-10.484,-0.0032231,-0.44789,-2.1713,-7.1251,-7.3643,-3.6903
0.24333,-9.2271,-1.9369,4.1267,-1.134,-7.2532,0.56336,0.33982,-0.98248,-6.3176,-6.0831,-2.8399
0.1875,-4.0795,4.8961,1.9036,-4.2694,-1.0153,1.5057,1.1237,0.35402,-5.3981,-4.7745,-1.9254
0.24925,3.448,14.047,-1.5304,-8.403,7.7445,3.0335,1.9093,1.8407,-4.3215,-3.4254,-0.92794
0.4611,13.379,24.532,-6.205,-13.038,18.515,5.2926,2.695,3.4715,-3.0856,-2.0035,0.17718
0.81294,25.604,35.535,-12.153,-17.681,30.609,8.4093,3.4709,5.2274,-1.73,-0.46785,1.4261
1.2586,39.625,46.456,-19.238,-22.102,43.243,12.349,4.218,7.0727,-0.30815,1.216,2.8761
1.7424,54.213,56.865,-26.994,-26.221,55.621,16.767,4.9044,8.9494,1.1367,3.0599,4.6147
2.2366,67.75,66.385,-34.69,-29.991,66.935,21.197,5.4833,10.765,2.5677,5.0416,6.7556
2.7769,78.916,74.648,-41.467,-33.349,76.407,25.477,5.9003,12.393,3.934,7.1043,9.3933
3.4772,86.983,81.388,-46.605,-36.249,83.571,29.806,6.1106,13.703,5.1648,9.1684,12.515
4.4791,92.123,86.618,-49.947,-38.678,88.598,33.882,6.0966,14.625,6.198,11.152,15.946
5.8409,95.358,90.729,-51.959,-40.659,92.304,35.987,5.8722,15.194,7.0178,12.984,19.415
7.5158,98.171,94.364,-53.577,-42.228,95.851,34.552,5.4722,15.519,7.6563,14.61,22.697
9.4426,102.16,98.054,-55.958,-43.431,100.24,30.03,4.9268,15.688,8.1565,15.976,25.673
11.549,108.02,101.83,-59.62,-44.312,105.4,23.689,4.2281,15.718,8.5385,17.024,28.299
13.72,114.49,105.35,-63.849,-44.917,110.44,16.365,3.302,15.559,8.794,17.693,30.551
15.839,121.12,108.61,-68.325,-45.288,115.33,8.4264,2.0202,15.139,8.8987,17.942,32.402
17.801,129.91,112.43,-74.115,-45.499,121.69,0.076273,0.26915,14.402,8.8257,17.776,33.833
19.515,140.91,118.16,-81.413,-45.665,130.48,-8.5168,-1.968,13.328,8.5558,17.255,34.854
20.897,150.1,125.11,-87.874,-45.889,138.49,-17.227,-4.5737,11.942,8.0853,16.47,35.488
21.884,155.71,130.42,-91.86,-46.143,143.46,-25.813,-7.329,10.316,7.4322,15.515,35.739
22.419,157.57,132.86,-93.014,-46.236,145.38,-33.7,-10.013,8.5498,6.6317,14.457,35.589
22.427,155.68,132.47,-91.483,-45.918,144.23,-39.929,-12.513,6.7321,5.7206,13.31,35.005
21.807,150.14,129.26,-87.562,-44.975,139.92,-43.436,-14.854,4.9092,4.7179,12.036,33.953
20.476,141.02,123.15,-81.47,-43.239,132.49,-43.633,-17.163,3.0751,3.6121,10.559,32.345
18.517,128.44,114.13,-73.571,-40.619,122.19,-41.029,-19.595,1.1885,2.3579,8.7924,29.987
16.371,113.25,102.19,-64.434,-37.155,109.42,-37.293,-22.258,-0.79973,0.87941,6.673,26.664
14.495,96.611,87.862,-54.832,-33.018,94.631,-33.923,-25.139,-2.9286,-0.91352,4.1803,22.445
12.843,80.045,72.996,-45.97,-28.45,78.995,-31.241,-28.053,-5.2324,-3.0743,1.3485,17.746
11.102,65.055,59.216,-38.221,-23.688,64.106,-28.927,-30.711,-7.7684,-5.5664,-1.7426,12.982
8.9719,51.489,46.507,-31.081,-18.933,50.286,-26.753,-32.925,-10.639,-8.381,-4.9941,8.3129
6.268,38.581,34.524,-24.144,-14.36,37.249,-24.783,-34.736,-13.963,-11.805,-8.3191,3.7021
3.2652,25.787,23.449,-16.928,-10.147,24.896,-23.176,-36.34,-17.788,-16.381,-11.661,-0.93839
0.62779,12.818,13.714,-8.8282,-6.4856,13.186,-22.002,-37.932,-22.035,-22.457,-14.994,-5.6562
-1.385,-0.41405,5.4733,0.42649,-3.5173,2.0302,-21.217,-39.637,-26.524,-29.827,-18.309,-10.412
-2.9994,-13.667,-1.5373,10.371,-1.2454,-8.5797,-20.706,-41.5,-31.032,-37.73,-21.614,-15.087
-4.4483,-26.302,-7.7357,20.003,0.48393,-18.431,-20.343,-43.509,-35.344,-45.233,-24.923,-19.541
-5.8115,-37.559,-13.456,28.225,1.8977,-27.166,-20.025,-45.61,-39.299,-51.659,-28.249,-23.64
-7.034,-46.956,-18.888,34.555,3.1945,-34.586,-19.678,-47.698,-42.815,-56.752,-31.59,-27.251
-7.9538,-54.368,-24.244,39.099,4.4987,-40.695,-19.258,-49.637,-45.881,-60.589,-34.916,-30.278
-8.4214,-59.853,-29.752,41.982,5.8672,-45.607,-18.761,-51.294,-48.516,-63.442,-38.178,-32.741
-8.4822,-63.64,-35.245,43.369,7.3051,-49.535,-18.221,-52.598,-50.753,-65.666,-41.334,-34.794
-8.3793,-66.161,-40.264,43.625,8.7681,-52.76,-17.696,-53.552,-52.637,-67.573,-44.357,-36.652
-8.3503,-68.044,-44.524,43.379,10.169,-55.581,-17.243,-54.218,-54.224,-69.291,-47.227,-38.458
-8.4868,-69.899,-48.004,43.401,11.412,-58.134,-16.895,-54.665,-55.561,-70.719,-49.902,-40.198
-8.7414,-71.871,-50.839,44.056,12.449,-60.304,-16.636,-54.931,-56.644,-71.693,-52.297,-41.758
-8.9861,-73.704,-53.326,45.069,13.307,-62.042,-16.388,-55.011,-57.4,-72.18,-54.306,-43.044
-9.0719,-75.27,-55.849,46.109,14.086,-63.53,-15.996,-54.881,-57.709,-72.283,-55.854,-44.069
-8.8905,-76.68,-58.696,47.163,14.909,-65.058,-15.222,-54.499,-57.446,-72.128,-56.957,-44.957
-8.4263,-78.196,-61.95,48.376,15.917,-66.936,-13.795,-53.799,-56.518,-71.805,-57.758,-45.917
-7.7574,-80.263,-65.402,49.749,17.358,-69.521,-11.682,-52.848,-54.932,-71.363,-58.529,-47.145
-6.9983,-83.337,-67.97,51.074,20.018,-72.792,-10.026,-53.117,-52.949,-70.823,-59.596,-48.646
-6.2298,-86.017,-67.158,52.122,25.092,-74.909,-13.996,-56.099,-51.387,-70.128,-61.182,-49.971
-5.4677,-86.452,-65.127,52.521,28.169,-75.064,-16.719,-55.582,-52.587,-69.015,-63.17,-50.195
-4.6882,-85.698,-63.459,52.323,27.679,-74.163,-16.459,-55.567,-56.878,-66.783,-64.991,-49.332
-3.903,-84.626,-62.153,52.146,26.727,-73.178,-16.015,-56.297,-57.968,-63.196,-65.688,-49.231
-3.282,-83.969,-62.726,52.018,27.032,-73.063,-15.394,-55.765,-58.894,-62.716,-63.672,-50.528
-5.2778,-85.266,-65.721,51.971,29.35,-75.033,-13.132,-52.001,-58.593,-62.158,-57.28,-50.452
-9.7541,-91.564,-73.881,53.597,33.645,-82.494,-7.5335,-42.595,-55.225,-59.571,-61.984,-46.988
-9.2907,-105.0,-91.046,58.855,41.694,-97.971,2.8843,-24.946,-46.595,-55.486,-64.127,-53.565
-8.6847,-126.55,-116.27,68.551,55.329,-121.33,19.107,3.1581,-31.337,-50.275,-66.444,-64.783
-7.8628,-156.05,-147.62,82.347,72.778,-152.03,42.183,43.7,-8.689,-44.303,-71.569,-80.437
-5.8417,-190.4,-183.99,98.168,92.099,-187.66,73.467,96.718,22.648,-36.891,-79.385,-98.935
-0.8711,-223.49,-221.83,112.19,113.45,-223.3,111.91,162.36,66.527,-25.03,-87.027,-116.71
8.8461,-247.2,-255.32,119.46,135.23,-252.0,155.18,242.71,127.55,-0.056009,-87.914,-128.01
24.301,-252.33,-276.67,114.78,154.15,-265.1,201.17,338.47,210.27,48.456,-72.523,-124.84
45.77,-229.88,-276.87,93.428,165.57,-253.61,248.78,445.07,317.49,128.0,-30.708,-98.985
72.024,-172.34,-246.45,52.374,163.76,-209.46,294.45,552.37,447.66,242.22,46.884,-44.222
99.841,-73.7,-176.14,-10.025,142.38,-124.88,333.55,644.01,592.4,389.08,168.95,42.44
125.26,69.732,-58.136,-93.921,95.594,5.9366,360.46,699.27,736.91,560.48,326.01,160.08
144.24,258.72,111.94,-197.96,19.271,185.47,369.34,698.33,863.93,742.75,509.45,303.79
153.45,489.4,333.14,-318.76,-87.517,411.32,354.79,628.22,958.61,920.14,704.63,465.53
151.45,751.88,597.34,-450.45,-221.12,674.56,311.57,485.92,1010.7,1077.6,894.71,634.84
138.79,1029.8,887.78,-584.54,-372.62,958.82,234.19,277.41,1013.0,1200.9,1062.4,799.02
117.21,1300.3,1179.3,-709.99,-528.41,1240.1,117.66,14.395,958.43,1275.1,1189.6,943.08
88.848,1534.6,1440.7,-813.38,-671.98,1488.3,-39.439,-287.91,838.03,1282.8,1257.4,1050.3
55.562,1702.0,1639.7,-880.33,-786.56,1671.9,-231.35,-610.69,643.6,1205.9,1248.4,1103.7
18.753,1776.4,1749.4,-898.59,-858.31,1764.1,-443.87,-931.26,372.66,1031.2,1151.2,1090.0
-20.351,1744.1,1755.4,-862.22,-879.68,1750.9,-656.75,-1225.0,33.009,757.65,964.21,1003.8
-59.944,1609.4,1660.2,-774.49,-851.32,1635.6,-848.3,-1469.5,-353.21,401.54,699.73,851.5
-97.146,1394.1,1483.0,-647.94,-781.36,1438.8,-1000.4,-1648.8,-749.63,-2.5073,385.6,651.79
-128.11,1132.0,1253.2,-501.29,-682.39,1192.3,-1102.6,-1754.9,-1112.2,-406.45,60.874,431.63
-148.87,859.56,1003.0,-354.6,-568.12,930.87,-1153.9,-1788.7,-1398.7,-758.75,-232.8,219.92
-157.15,608.71,761.16,-224.95,-451.65,684.75,-1160.9,-1757.3,-1578.3,-1016.6,-461.04,41.097
-153.45,401.89,550.62,-123.65,-344.97,476.46,-1134.5,-1673.2,-1638.6,-1156.7,-604.46,-89.462
-140.58,251.19,387.59,-55.091,-257.42,319.89,-1085.6,-1551.4,-1587.8,-1180.0,-661.47,-167.28
-122.55,158.76,278.41,-17.774,-193.91,219.35,-1022.5,-1407.3,-1451.1,-1108.0,-645.28,-197.34
-103.28,118.81,219.84,-7.199,-155.22,170.24,-949.53,-1253.8,-1261.5,-973.31,-577.34,-190.28
-85.467,121.19,204.48,-17.132,-138.8,163.62,-867.19,-1099.1,-1050.5,-809.23,-480.6,-158.56
-70.271,151.77,219.43,-39.959,-138.82,185.32,-774.32,-947.11,-841.6,-642.83,-374.91,-114.3
-57.817,194.21,249.06,-67.773,-147.62,219.9,-670.55,-798.61,-649.62,-491.71,-274.93,-68.051
-47.85,234.31,279.21,-93.46,-157.7,255.05,-558.59,-654.4,-481.69,-364.59,-189.59,-27.451
-40.587,262.03,298.96,-111.74,-163.31,279.47,-444.69,-516.73,-340.88,-263.97,-123.01,3.3489
-35.393,271.63,302.13,-119.83,-161.07,286.34,-337.18,-389.91,-228.96,-188.63,-76.513,23.019
-31.004,261.94,287.04,-116.99,-150.01,274.37,-243.69,-282.04,-144.91,-134.72,-49.04,31.921
-27.679,234.89,255.58,-102.87,-131.11,245.91,-168.76,-197.59,-84.604,-97.377,-37.355,31.344
-25.561,195.38,212.55,-84.391,-107.6,205.71,-113.14,-135.91,-43.061,-71.97,-32.913,26.838
-24.326,151.86,168.85,-64.009,-85.791,162.84,-73.544,-92.534,-14.095,-53.069,-31.61,21.166
-23.125,109.59,128.93,-43.572,-66.623,121.88,-44.517,-61.58,7.9757,-36.828,-30.99,14.373
-20.893,72.736,92.961,-26.241,-48.875,85.23,-21.878,-37.784,26.677,-22.378,-29.491,3.5709
-17.607,44.76,63.211,-14.394,-33.633,55.767,-3.6341,-17.524,43.106,-10.358,-27.121,1.572
-14.515,26.579,40.88,-9.0218,-21.289,34.911,10.856,0.80342,56.553,-1.1044,-24.141,1.9473
-11.957,16.842,25.723,-5.9778,-11.961,22.235,21.955,17.176,66.261,5.9584,-20.227,1.8051
-9.7975,12.809,16.667,-4.6955,-5.6855,15.778,29.906,30.879,72.987,10.615,-17.76,1.3227
-8.0154,11.531,12.306,-4.689,-2.0059,13.118,34.931,41.53,78.062,12.709,-16.213,0.75787
-6.6365,10.432,10.285,-4.1465,-0.1152,11.862,36.953,48.92,83.475,13.639,-15.16,0.19623
-5.6314,7.6711,8.0707,-1.771,0.74237,10.065,38.539,53.385,90.538,14.269,-14.315,-0.38179
-4.9085,3.9241,4.297,0.12114,1.4331,7.3216,41.625,56.759,98.543,16.16,-13.516,-0.98269
-4.3495,0.41458,0.38008,0.78867,2.382,3.134,46.134,60.408,106.44,19.282,-12.703,-1.5815
-3.8598,-0.86706,-1.9551,1.4357,3.5189,-0.34297,51.774,65.083,113.65,23.802,-11.865,-2.1394
-3.3975,-2.1955,-2.8758,2.0027,4.6827,-1.8369,57.32,70.966,120.02,29.848,-11.005,-2.6167
-2.9539,-3.3697,-3.8381,2.4212,5.8109,-2.9873,62.202,77.856,125.66,36.631,-10.108,-2.9825
-2.5219,-4.2929,-4.7778,2.7069,6.8199,-3.9359,66.515,85.189,130.74,42.726,-9.1362,-3.222
-2.0972,-5.0296,-5.6125,2.9181,7.666,-4.7188,70.358,92.305,135.34,47.641,-8.0448,-3.3401
-1.6951,-5.6667,-6.3321,3.1121,8.3525,-5.3878,73.734,98.744,139.52,51.778,-6.8024,-3.3606
-1.3518,-6.2587,-6.9549,3.3272,8.9021,-5.9897,76.716,104.32,143.3,55.542,-5.4056,-3.321
-1.1119,-6.8256,-7.5031,3.5825,9.3339,-6.5582,79.479,109.06,146.72,59.125,-3.8802,-3.2595
-1.0119,-7.3657,-7.9929,3.8794,9.6575,-7.1131,82.187,113.17,149.89,62.634,-2.271,-3.1981
-1.0676,-7.8611,-8.4264,4.202,9.8771,-7.6494,84.926,116.97,152.91,66.131,-0.62781,-3.1303
-1.2693,-8.2825,-8.7896,4.5198,9.999,-8.133,87.687,120.79,155.93,69.615,1.0044,-3.0253
-1.583,-8.6,-9.0627,4.7967,10.037,-8.5148,90.35,124.8,159.02,73.022,2.5892,-2.8471
-1.9589,-8.7919,-9.2339,5.0001,10.013,-8.7561,92.78,128.97,162.16,76.28,4.0961,-2.5735
-2.3404,-8.8511,-9.3072,5.1099,9.9584,-8.8455,94.954,133.11,165.29,79.369,5.4956,-2.2062
-2.6728,-8.7862,-9.2998,5.1227,9.9023,-8.7996,96.908,137.03,168.35,82.332,6.7557,-1.7666
-2.9091,-8.6176,-9.2315,5.0512,9.8678,-8.6505,98.678,140.58,171.3,85.253,7.8462,-1.284
-3.0168,-8.3708,-9.1163,4.9143,9.8646,-8.4298,100.31,143.72,174.21,88.216,8.7516,-0.78618
-2.9819,-8.0664,-8.9583,4.7252,9.8903,-8.1585,101.86,146.51,177.12,91.277,9.4847,-0.29169
-2.8074,-7.7111,-8.7557,4.4832,9.9361,-7.8435,103.41,149.04,180.1,94.443,10.09,0.19291
-2.5069,-7.296,-8.5059,4.175,9.9938,-7.481,105.01,151.43,183.16,97.665,10.635,0.67336
-2.0991,-6.8011,-8.2074,3.7832,10.055,-7.0627,106.63,153.76,186.3,100.84,11.187,1.1635
-1.6081,-6.2074,-7.8583,3.2979,10.106,-6.5817,108.17,156.09,189.5,103.86,11.798,1.6784
-1.0687,-5.5076,-7.4565,2.7263,10.124,-6.0381,109.54,158.43,192.72,106.63,12.492,2.229
-0.52651,-4.7113,-7.0017,2.0959,10.082,-5.4398,110.7,160.74,195.95,109.14,13.266,2.8207
-0.030832,-3.8409,-6.4984,1.4461,9.962,-4.8002,111.66,162.96,199.17,111.44,14.1,3.4554
0.37441,-2.9224,-5.9524,0.81535,9.757,-4.1313,112.5,165.06,202.38,113.65,14.974,4.1345
0.65689,-1.9756,-5.3655,0.22958,9.4717,-3.438,113.29,167.02,205.58,115.87,15.878,4.8637
0.79694,-1.0079,-4.732,-0.30215,9.1118,-2.7161,114.07,168.87,208.74,118.2,16.821,5.6581
0.7862,-0.015162,-4.0412,-0.78452,8.6772,-1.9541,114.9,170.68,211.84,120.69,17.825,6.5454
0.6277,1.0144,-3.2839,-1.2314,8.1618,-1.1362,115.8,172.5,214.85,123.34,18.91,7.5674
0.33966,2.0973,-2.4572,-1.6643,7.5595,-0.24634,116.8,174.38,217.75,126.12,20.083,8.7775
-0.040202,3.2562,-1.5669,-2.1133,6.8739,0.73191,117.94,176.34,220.55,128.96,21.334,10.237
-0.45542,4.5253,-0.62467,-2.616,6.1242,1.8175,119.28,178.4,223.27,131.81,22.644,11.998
-0.83859,5.9595,0.3576,-3.2147,5.3466,3.0388,120.86,180.58,226.0,134.66,24.003,14.079
-1.1239,7.6449,1.3766,-3.9538,4.5879,4.4428,122.72,182.85,228.85,137.5,25.415,16.423
-1.2606,9.7051,2.4447,-4.8818,3.8954,6.1029,124.8,185.21,231.91,140.34,26.908,18.906
-1.2232,12.289,3.5933,-6.0563,3.306,8.1172,126.96,187.61,235.2,143.19,28.522,21.378
-1.0165,15.516,4.8686,-7.5434,2.8373,10.591,129.05,190.03,238.68,146.04,30.295,23.729
-0.67105,19.397,6.3235,-9.4042,2.4824,13.596,130.99,192.43,242.26,148.92,32.248,25.915
-0.23474,23.77,8.0094,-11.662,2.2111,17.124,132.78,194.82,245.89,151.85,34.372,27.939
0.23759,28.345,9.9797,-14.259,1.9781,21.051,134.48,197.22,249.53,154.87,36.627,29.821
0.69403,32.825,12.306,-17.031,1.7358,25.152,136.16,199.69,253.19,158.03,38.943,31.578
1.0947,37.01,15.092,-19.774,1.4476,29.165,137.87,202.3,256.89,161.35,41.235,33.216
1.4186,40.849,18.445,-22.346,1.0959,32.9,139.63,205.08,260.62,164.8,43.418,34.738
1.6673,44.403,22.388,-24.706,0.68216,36.31,141.44,208.05,264.39,168.35,45.44,36.145
1.8639,47.776,26.735,-26.871,0.21942,39.477,143.27,211.15,268.18,171.95,47.293,37.439
2.0443,51.059,31.108,-28.876,-0.27793,42.516,145.07,214.28,271.98,175.56,49.011,38.623
2.2395,54.304,35.177,-30.755,-0.8007,45.518,146.78,217.41,275.79,179.12,50.649,39.701
2.4594,57.538,38.839,-32.546,-1.3449,48.536,148.39,220.51,279.57,182.64,52.257,40.674
2.6861,60.791,42.171,-34.295,-1.9116,51.607,149.92,223.65,283.31,186.12,53.865,41.551
2.8832,64.099,45.304,-36.049,-2.5102,54.759,151.43,226.93,286.96,189.57,55.479,42.347
3.0154,67.488,48.353,-37.839,-3.1604,58.006,152.98,230.41,290.52,193.02,57.091,43.085
3.064,70.945,51.38,-39.669,-3.8844,61.338,154.58,234.15,294.01,196.47,58.696,43.792
3.0327,74.401,54.392,-41.506,-4.6935,64.71,156.21,238.11,297.49,199.91,60.293,44.493
2.9465,77.756,57.347,-43.288,-5.5815,68.043,157.76,242.19,301.02,203.29,61.882,45.214
2.8476,80.917,60.184,-44.958,-6.5269,71.237,159.18,246.3,304.69,206.53,63.451,45.987
2.792,83.83,62.845,-46.491,-7.5017,74.21,160.45,250.37,308.52,209.64,64.989,46.85
2.842,86.499,65.303,-47.909,-8.4831,76.931,161.62,254.39,312.55,212.63,66.49,47.841
3.0471,88.982,67.576,-49.276,-9.4655,79.433,162.73,258.39,316.8,215.58,67.967,48.992
3.4193,91.369,69.732,-50.653,-10.475,81.8,163.86,262.45,321.25,218.57,69.46,50.32
3.9195,93.757,71.878,-52.068,-11.576,84.138,165.05,266.65,325.9,221.68,71.029,51.822
4.4681,96.216,74.126,-53.493,-12.856,86.54,166.33,271.06,330.69,224.98,72.749,53.479
4.9754,98.777,76.55,-54.879,-14.375,89.066,167.69,275.65,335.61,228.55,74.702,55.258
5.3769,101.44,79.148,-56.202,-16.114,91.725,169.11,280.31,340.63,232.49,76.967,57.119
5.6541,104.17,81.854,-57.471,-17.965,94.469,170.56,284.9,345.74,236.89,79.591,59.023
5.8343,106.93,84.575,-58.715,-19.782,97.212,172.05,289.37,350.91,241.72,82.575,60.932
5.9741,109.64,87.238,-59.968,-21.464,99.868,173.57,293.71,356.07,246.78,85.853,62.823
6.1393,112.28,89.81,-61.274,-22.992,102.4,175.15,298.02,361.11,251.83,89.325,64.697
6.3903,114.89,92.299,-62.686,-24.408,104.82,176.83,302.37,365.96,256.73,92.892,66.581
6.776,117.53,94.734,-64.247,-25.777,107.19,178.62,306.85,370.57,261.46,96.492,68.535
7.3339,120.29,97.139,-65.982,-27.137,109.57,180.5,311.48,375.01,266.11,100.11,70.643
8.0912,123.24,99.504,-67.904,-28.492,111.99,182.44,316.28,379.4,270.75,103.75,73.008
9.0603,126.49,101.79,-70.053,-29.81,114.46,184.4,321.16,383.85,275.48,107.45,75.709
10.224,130.08,103.97,-72.5,-31.048,117.06,186.34,326.03,388.47,280.35,111.23,78.751
11.52,133.99,106.04,-75.28,-32.168,119.83,188.26,330.79,393.26,285.35,115.1,82.044
12.861,138.1,108.06,-78.318,-33.152,122.76,190.15,335.39,398.11,290.42,119.02,85.47
14.185,142.25,110.13,-81.474,-34.004,125.8,192.03,339.91,402.94,295.52,122.99,88.94
15.475,146.36,112.33,-84.609,-34.749,128.94,193.9,344.48,407.72,300.62,126.98,92.407
16.756,150.39,114.74,-87.636,-35.426,132.24,195.76,349.23,412.5,305.78,130.97,95.867
18.056,154.36,117.44,-90.528,-36.077,135.77,197.61,354.26,417.39,311.08,134.96,99.35
19.396,158.37,120.46,-93.321,-36.737,139.59,199.42,359.58,422.49,316.56,138.96,102.92
20.783,162.51,123.8,-96.08,-37.432,143.72,201.21,365.15,427.86,322.2,142.98,106.65
22.205,166.91,127.44,-98.862,-38.185,148.14,202.99,370.86,433.48,327.96,147.02,110.6
23.618,171.64,131.38,-101.7,-39.031,152.85,204.77,376.6,439.26,333.78,151.08,114.82
24.946,176.68,135.65,-104.58,-40.02,157.81,206.56,382.29,445.07,339.71,155.18,119.26
26.093,181.95,140.27,-107.51,-41.223,162.91,208.37,387.88,450.77,345.8,159.38,123.83
26.987,187.34,145.2,-110.5,-42.722,167.98,210.19,393.32,456.3,352.03,163.76,128.38
27.624,192.79,150.36,-113.56,-44.58,172.93,211.99,398.63,461.69,358.31,168.4,132.8
28.082,198.34,155.63,-116.74,-46.796,177.83,213.75,403.88,467.05,364.46,173.32,137.08
28.494,204.08,160.94,-120.06,-49.253,182.91,215.43,409.21,472.49,370.38,178.48,141.28
28.986,210.17,166.27,-123.54,-51.756,188.4,217.03,414.8,478.13,376.08,183.84,145.53
29.617,216.7,171.62,-127.19,-54.174,194.44,218.58,420.76,483.97,381.68,189.36,149.91
30.36,223.7,177.06,-130.98,-56.529,201.0,220.06,427.06,489.92,387.4,195.05,154.43
31.152,231.1,182.69,-134.88,-58.93,207.94,221.5,433.54,495.88,393.41,200.93,159.08
31.959,238.81,188.6,-138.85,-61.476,215.13,222.87,439.99,501.77,399.82,207.01,163.87
32.816,246.71,194.9,-142.88,-64.22,222.5,224.17,446.3,507.58,406.64,213.29,168.9
33.779,254.64,201.67,-146.99,-67.163,230.05,225.4,452.44,513.39,413.83,219.72,174.25
34.864,262.36,208.81,-151.17,-70.268,237.63,226.54,458.46,519.37,421.32,226.29,179.97
36.069,269.75,216.04,-155.42,-73.46,244.99,227.59,464.45,525.65,429.05,232.97,185.99
37.434,276.87,222.96,-159.75,-76.62,251.86,228.54,470.5,532.36,436.98,239.73,192.2
39.036,283.9,229.31,-164.21,-79.608,258.24,229.38,476.66,539.53,445.1,246.52,198.49
40.923,291.16,235.13,-168.93,-82.36,264.44,230.09,482.94,547.06,453.4,253.3,204.77
43.068,298.94,240.78,-174.07,-84.947,270.9,230.66,489.27,554.71,461.86,260.06,211.01
45.376,307.45,246.74,-179.71,-87.531,277.98,231.08,495.54,562.22,470.48,266.84,217.21
47.729,316.76,253.4,-185.78,-90.256,285.79,231.36,501.63,569.37,479.26,273.71,223.44
50.03,326.79,260.86,-192.12,-93.178,294.3,231.54,507.46,576.11,488.18,280.77,229.8
52.207,337.3,268.96,-198.58,-96.263,303.36,231.64,512.97,582.58,497.18,288.11,236.37
54.207,348.02,277.42,-204.99,-99.41,312.78,231.68,518.16,588.99,506.22,295.83,243.28
55.984,358.75,286.03,-211.26,-102.48,322.37,231.67,523.02,595.55,515.17,303.95,250.64
57.494,369.4,294.72,-217.28,-105.41,332.07,231.58,527.53,602.32,523.96,312.48,258.58
58.703,380.03,303.47,-223.0,-108.34,341.85,231.39,531.68,609.21,532.57,321.32,267.12
59.631,390.74,312.32,-228.44,-111.52,351.73,231.1,535.5,616.09,541.1,330.36,276.02
60.37,401.54,321.33,-233.79,-115.16,361.68,230.69,539.03,622.86,549.69,339.44,284.83
61.01,412.26,330.61,-239.23,-119.35,371.7,230.17,542.31,629.42,558.46,348.47,293.08
61.512,422.57,340.22,-244.78,-124.03,381.75,229.59,545.33,635.7,567.4,357.48,300.54
61.731,432.06,350.08,-250.15,-129.06,391.77,229.01,548.03,641.64,576.28,366.61,307.3
61.647,440.55,360.02,-254.94,-134.16,401.6,228.52,550.32,647.15,584.79,376.08,313.68
61.481,448.32,369.74,-258.95,-139.02,411.04,228.1,552.08,652.16,592.72,386.05,320.07
61.569,455.84,378.8,-262.42,-143.36,419.81,227.46,553.15,656.57,599.98,396.49,326.72
62.178,463.35,386.73,-265.77,-147.02,427.68,226.11,553.26,660.32,606.54,407.14,333.66
63.424,470.93,393.3,-269.33,-149.97,434.67,223.5,552.12,663.33,612.44,417.71,340.73
65.243,478.6,398.63,-273.26,-152.29,441.02,219.27,549.5,665.59,617.74,428.02,347.74
67.427,486.38,402.98,-277.55,-154.08,447.05,213.56,545.42,667.13,622.58,438.03,354.52
69.726,494.22,406.65,-282.16,-155.53,453.05,206.9,540.11,668.01,627.08,447.66,361.03
71.933,501.92,410.07,-286.99,-156.85,459.18,199.92,533.77,668.29,631.37,456.84,367.24
73.9,509.21,413.63,-291.88,-158.32,465.43,192.82,526.46,668.03,635.48,465.51,373.08
75.515,515.8,417.82,-296.5,-160.28,471.62,185.14,518.04,667.25,639.33,473.68,378.45
76.708,521.42,423.32,-300.47,-162.93,477.34,176.26,508.31,665.89,642.79,481.39,383.23
77.45,525.8,429.82,-303.45,-165.95,482.16,166.0,497.08,663.91,645.74,488.62,387.38
77.796,528.79,435.74,-305.27,-168.72,485.97,154.57,484.3,661.2,648.16,495.3,390.86
77.906,530.3,440.18,-305.97,-170.71,488.74,142.36,470.1,657.71,650.07,501.28,393.66
77.982,530.4,442.74,-305.73,-171.62,490.31,129.8,454.87,653.45,651.39,506.35,395.6
78.148,529.17,442.97,-304.81,-171.25,490.26,117.32,439.13,648.38,651.9,510.28,396.36
78.429,526.61,440.49,-303.45,-169.51,488.05,105.5,423.36,642.31,651.26,512.75,395.78
78.906,522.58,435.12,-301.69,-166.42,483.16,94.95,407.73,634.99,649.05,513.45,394.02
79.747,516.8,426.93,-299.3,-162.03,475.33,85.923,392.25,626.16,644.94,512.13,391.24
80.851,508.97,416.26,-295.84,-156.51,464.75,78.115,376.66,615.59,638.79,508.68,387.21
81.722,498.86,403.93,-290.93,-150.18,452.12,70.839,360.16,603.09,630.51,503.12,380.95
81.844,486.5,390.85,-284.57,-143.55,438.31,63.403,343.78,588.52,619.95,495.5,372.23
80.927,472.22,377.57,-277.1,-137.06,424.02,55.486,328.47,571.85,606.81,485.68,362.27
78.906,456.57,364.33,-268.83,-130.9,409.62,47.37,312.45,553.19,590.36,473.25,350.22
75.895,440.07,351.1,-259.62,-125.0,395.18,39.492,295.21,532.66,571.77,457.38,335.48
72.115,423.01,337.62,-250.1,-119.32,380.47,31.966,277.09,509.69,551.69,438.12,318.58
67.859,405.3,323.59,-240.54,-113.86,365.13,25.101,258.53,485.6,529.84,418.04,300.5
63.428,386.68,308.73,-230.13,-108.48,348.83,19.311,240.02,462.41,506.72,397.96,282.31
59.043,366.95,292.72,-218.63,-102.79,331.22,14.72,221.93,438.89,482.7,376.86,264.78
54.909,345.96,275.3,-206.05,-96.306,312.1,11.106,204.48,414.84,457.91,354.76,248.09
51.279,323.81,256.58,-192.51,-88.797,291.66,8.0573,187.6,390.23,432.31,332.2,231.79
48.221,300.9,237.07,-178.31,-80.485,270.43,5.2765,171.59,365.02,405.82,309.57,215.49
45.506,277.84,217.58,-163.96,-71.909,249.07,3.1162,156.54,339.25,378.47,287.06,198.94
42.737,255.31,198.51,-150.07,-63.882,228.19,1.9549,142.4,313.11,350.43,264.63,182.06
39.586,233.88,180.18,-137.4,-57.027,208.29,1.2046,129.21,286.98,322.64,242.21,165.09
35.959,213.83,162.89,-126.18,-51.32,189.73,0.62893,117.05,261.24,295.75,219.96,148.61
31.938,195.23,147.14,-116.07,-46.467,172.69,0.22055,105.94,237.2,270.52,198.45,133.29
27.734,177.99,133.57,-106.41,-42.361,157.16,-0.034215,95.819,215.19,247.47,178.02,119.46
23.715,161.73,122.16,-96.772,-38.927,142.98,-0.16681,86.539,195.3,226.65,159.02,107.05
20.179,145.83,111.79,-87.228,-35.706,129.65,-0.2179,77.891,177.26,207.64,141.6,95.604
17.127,129.98,101.0,-77.943,-31.939,116.25,-0.22893,69.663,160.64,189.81,125.65,84.544
14.387,114.48,89.28,-68.971,-27.374,102.31,-0.23222,61.731,144.95,172.6,110.98,73.556
11.769,99.923,77.696,-60.366,-22.364,88.895,-0.24368,54.099,129.8,155.76,97.401,62.702
9.14,86.68,67.555,-52.152,-17.175,76.875,-0.26176,46.898,115.05,139.34,84.757,52.359
6.607,74.791,58.484,-44.26,-12.121,66.313,-0.27299,40.307,100.9,123.63,72.855,42.978
4.5716,64.075,49.696,-36.856,-7.8264,56.917,-0.26148,34.415,87.81,108.95,61.68,34.854
3.2455,54.428,41.456,-30.332,-4.6332,48.151,-0.21828,29.102,76.098,95.519,51.507,28.072
2.4115,45.898,34.06,-24.713,-2.3737,40.188,-0.14653,24.097,65.794,83.405,42.729,22.527
1.7701,38.388,27.387,-19.816,-0.77243,33.304,-0.060359,19.316,56.749,72.576,35.443,17.821
1.1417,31.691,21.235,-15.525,0.34947,27.426,0.021553,15.018,48.76,62.971,29.278,13.302
0.4523,25.648,15.469,-11.862,1.1028,22.28,0.084271,11.487,41.634,54.514,23.887,8.5818
-0.31278,20.153,10.097,-8.7953,1.5865,17.629,0.12278,8.7686,35.333,47.084,19.149,3.9964
-1.1341,15.062,5.8164,-6.1253,1.9041,13.232,0.1431,6.7151,29.863,40.575,14.936,0.2164
-1.9645,10.333,3.2484,-3.9667,2.15,8.9265,0.15804,5.1279,24.673,34.899,11.116,-2.6614
-2.7354,6.4946,1.8284,-2.445,2.3971,5.302,0.18031,3.8428,19.344,29.823,7.6437,-5.0489
-3.3724,3.8269,0.84029,-1.3567,2.698,2.8192,0.21642,2.7544,14.742,25.114,4.5233,-7.3339
-3.8164,1.8902,-0.061734,-0.48145,3.09,1.0904,0.26404,1.8059,11.394,20.694,1.7591,-9.7174
-4.0409,0.293,-1.0045,0.29627,3.594,-0.29156,0.31368,0.97129,9.0353,16.456,-0.669,-12.245
-4.0584,-1.1417,-2.0145,1.0203,4.2069,-1.5222,0.35367,0.24098,7.3085,12.52,-2.7977,-14.846
-3.9154,-2.4766,-3.0661,1.6974,4.8969,-2.6711,0.37602,-0.38679,5.9813,9.2478,-4.6644,-17.373
-3.6855,-3.7242,-4.1102,2.3188,5.6083,-3.7513,0.38014,-0.91163,4.9174,6.7774,-6.2955,-19.653
-3.4544,-4.8787,-5.1005,2.8751,6.2791,-4.7586,0.37326,-1.3352,4.0349,4.9764,-7.7054,-21.55
-3.2965,-5.9299,-6.0106,3.3643,6.8633,-5.6912,0.36792,-1.6629,3.2846,3.6521,-8.9016,-23.019
-3.2474,-6.8676,-6.8408,3.7915,7.3454,-6.5557,0.37765,-1.9033,2.6379,2.6518,-9.8934,-24.098
-3.2904,-7.6867,-7.6152,4.1626,7.7418,-7.3695,0.41257,-2.066,2.0807,1.8729,-10.698,-24.883
-3.3681,-8.3943,-8.3748,4.4777,8.0917,-8.1672,0.47651,-2.1598,1.6094,1.2512,-11.345,-25.482
-3.4138,-9.0078,-9.1604,4.73,8.4402,-8.9935,0.56695,-2.1898,1.2277,0.74851,-11.87,-25.973
-3.3819,-9.5419,-9.9767,4.9113,8.8143,-9.8635,0.678,-2.1542,0.94234,0.34315,-12.304,-26.386
-3.2521,-9.997,-10.766,5.0223,9.2079,-10.715,0.80473,-2.0449,0.75705,0.022681,-12.667,-26.694
-3.016,-10.364,-11.432,5.0768,9.5909,-11.428,0.94647,-1.8528,0.66731,-0.22282,-12.955,-26.835
-2.6745,-10.637,-11.899,5.0969,9.9296,-11.907,1.1065,-1.5768,0.65759,-0.40607,-13.157,-26.752
-2.249,-10.821,-12.156,5.1004,10.201,-12.143,1.2879,-1.2302,0.70317,-0.5448,-13.26,-26.432
-1.7838,-10.932,-12.252,5.0919,10.403,-12.202,1.4893,-0.83979,0.7763,-0.66009,-13.268,-25.921
-1.3351,-10.984,-12.267,5.0649,10.544,-12.174,1.7038,-0.43657,0.8546,-0.77151,-13.206,-25.302
-0.9605,-10.988,-12.258,5.0126,10.632,-12.124,1.9221,-0.045358,0.92747,-0.89173,-13.11,-24.664
-0.71722,-10.952,-12.229,4.9396,10.648,-12.075,2.1387,0.32185,0.9972,-1.0225,-13.01,-24.066
-0.65653,-10.882,-12.138,4.8634,10.545,-12.01,2.355,0.66618,1.0745,-1.1539,-12.911,-23.523
-0.80489,-10.786,-11.931,4.8057,10.282,-11.899,2.5772,0.99813,1.1715,-1.2688,-12.791,-23.007
-1.1453,-10.672,-11.579,4.7814,9.8529,-11.718,2.8108,1.3317,1.2958,-1.3501,-12.614,-22.47
-1.6164,-10.544,-11.102,4.7926,9.3029,-11.462,3.0563,1.6775,1.4462,-1.3897,-12.348,-21.872
-2.1282,-10.398,-10.547,4.8298,8.7058,-11.134,3.3092,2.0355,1.6132,-1.3925,-11.986,-21.202
-2.5871,-10.224,-9.9676,4.8744,8.1316,-10.739,3.5623,2.3942,1.7823,-1.3737,-11.547,-20.486
-2.9212,-10.009,-9.3886,4.9049,7.6193,-10.281,3.8097,2.7345,1.9403,-1.3522,-11.067,-19.775
-3.1047,-9.7435,-8.8045,4.9072,7.164,-9.7557,4.0474,3.0394,2.0808,-1.3429,-10.592,-19.112
-3.1738,-9.4275,-8.19,4.8842,6.7216,-9.164,4.2715,3.2992,2.2064,-1.3524,-10.161,-18.512
-3.2191,-9.0742,-7.5247,4.8554,6.2355,-8.5184,4.4748,3.5138,2.3271,-1.3783,-9.7978,-17.967
-3.3462,-8.7074,-6.8146,4.8459,5.6736,-7.8501,4.6478,3.6902,2.4553,-1.4108,-9.511,-17.458
-3.626,-8.3533,-6.0967,4.8705,5.0509,-7.2025,4.7828,3.8402,2.6,-1.435,-9.2917,-16.976
-4.0573,-8.032,-5.424,4.9245,4.4214,-6.6179,4.8769,3.9771,2.7615,-1.434,-9.1209,-16.539
-4.5582,-7.7527,-4.8439,4.9848,3.847,-6.1255,4.9293,4.1111,2.9299,-1.3939,-8.9783,-16.181
-5.0053,-7.5113,-4.3828,5.0203,3.371,-5.7337,4.9362,4.2456,3.0882,-1.3094,-8.8495,-15.941
-5.3026,-7.2919,-4.0387,5.0068,3.0059,-5.4277,4.8898,4.3751,3.2192,-1.1874,-8.7267,-15.828
-5.431,-7.0714,-3.781,4.9378,2.7334,-5.1735,4.7838,4.4888,3.3149,-1.044,-8.6045,-15.818
-5.4442,-6.8264,-3.5588,4.8261,2.5116,-4.927,4.6206,4.5776,3.3815,-0.89664,-8.4763,-15.853
-5.4207,-6.5395,-3.3193,4.694,2.2923,-4.6498,4.4132,4.6409,3.4376,-0.75578,-8.3367,-15.873
-5.4158,-6.202,-3.0318,4.5585,2.0453,-4.322,4.1799,4.6879,3.5044,-0.62222,-8.1886,-15.84
-5.4395,-5.8146,-2.7033,4.4213,1.7768,-3.9501,3.9377,4.7342,3.5963,-0.49122,-8.0509,-15.752
-5.4554,-5.3864,-2.3739,4.2681,1.5276,-3.561,3.6966,4.7939,3.7143,-0.35991,-7.9585,-15.64
-5.3928,-4.9315,-2.0929,4.0777,1.3501,-3.1884,3.459,4.8732,3.8489,-0.23234,-7.9522,-15.546
-5.1835,-4.4635,-1.8934,3.8327,1.2791,-2.8565,3.223,4.9673,3.9872,-0.11908,-8.0598,-15.503
-4.8131,-3.9889,-1.7765,3.5271,1.3142,-2.5705,2.9874,5.0624,4.1219,-0.031727,-8.2801,-15.512
-4.3386,-3.5073,-1.7113,3.1666,1.4192,-2.3166,2.7563,5.142,4.256,0.024155,-8.5793,-15.541
-3.8475,-3.017,-1.644,2.7646,1.5364,-2.0679,2.5382,5.1931,4.4014,0.053735,-8.902,-15.544
-3.4015,-2.5166,-1.5195,2.3367,1.6114,-1.7927,2.3425,5.2113,4.5714,0.072656,-9.1881,-15.479
-3.0112,-2.0031,-1.3065,1.8961,1.6178,-1.4676,2.1757,5.2018,4.7729,0.10173,-9.3866,-15.323
-2.6443,-1.4732,-1.0141,1.4482,1.5703,-1.0898,2.0408,5.177,5.0014,0.15908,-9.4626,-15.071
-2.2489,-0.931,-0.68928,0.9934,1.5163,-0.68112,1.9371,5.1526,5.2427,0.25352,-9.3987,-14.73
-1.786,-0.39307,-0.39573,0.53648,1.5099,-0.28004,1.8608,5.1433,5.4792,0.38168,-9.1961,-14.308
-1.2583,0.11297,-0.18667,0.095056,1.5828,0.073277,1.8058,5.1583,5.6962,0.52903,-8.8753,-13.814
-0.71542,0.55861,-0.083461,-0.30262,1.7294,0.35291,1.7647,5.1977,5.8854,0.67372,-8.474,-13.257
-0.23063,0.92718,-0.068959,-0.62857,1.9094,0.55671,1.7297,5.2515,6.0449,0.79309,-8.0407,-12.647
0.12942,1.2218,-0.096919,-0.86687,2.0648,0.70593,1.693,5.301,6.1758,0.8718,-7.6254,-12.007
0.3262,1.4622,-0.11236,-1.0192,2.1429,0.83469,1.6461,5.3254,6.2793,0.90798,-7.2688,-11.374
0.35873,1.6736,-0.07339,-1.1022,2.1149,0.97432,1.5789,5.3092,6.3531,0.91363,-6.9953,-10.792
0.26095,1.8736,0.035441,-1.1398,1.9842,1.1404,1.4818,5.2483,6.3937,0.90906,-6.8086,-10.295
0.088758,2.0658,0.20273,-1.1549,1.7806,1.3287,1.3487,5.1515,6.3989,0.91547,-6.6914,-9.8989
-0.09946,2.2393,0.40083,-1.1629,1.5469,1.5201,1.1812,5.0364,6.373,0.94946,-6.6075,-9.5862
-0.26036,2.3763,0.59863,-1.1689,1.3234,1.6908,0.98961,4.9239,6.3282,1.0205,-6.5079,-9.3152
-0.37395,2.461,0.7725,-1.1696,1.1355,1.8229,0.78849,4.8308,6.2812,1.1302,-6.3423,-9.0328
-0.44158,2.4879,0.91252,-1.159,0.98911,1.9107,0.59025,4.764,6.2471,1.2728,-6.0745,-8.6969
-0.47903,2.4639,1.0221,-1.1339,0.87535,1.9606,0.40062,4.718,6.232,1.4366,-5.6955,-8.2942
-0.50783,2.4073,1.1112,-1.0967,0.78146,1.9844,0.21808,4.6777,6.2311,1.6071,-5.228,-7.8438
-0.54582,2.3417,1.1885,-1.0553,0.69862,1.9941,0.03705,4.6244,6.2309,1.7701,-4.7198,-7.3817
-0.60114,2.2884,1.2574,-1.0195,0.62338,1.9973,-0.14707,4.5429,6.2143,1.9163,-4.228,-6.9387
-0.67138,2.2578,1.3171,-0.99646,0.5544,1.9969,-0.33337,4.4259,6.1677,2.043,-3.8023,-6.5286
-0.74798,2.2476,1.3667,-0.98622,0.48985,1.991,-0.51332,4.2746,6.0872,2.1532,-3.4706,-6.1489
-0.82218,2.2433,1.4044,-0.98159,0.42667,1.975,-0.67179,4.0958,5.9825,2.252,-3.2332,-5.7884
-0.88531,2.225,1.4251,-0.97228,0.36629,1.942,-0.79072,3.8985,5.8738,2.3426,-3.0638,-5.4329
-0.92459,2.1756,1.4174,-0.95162,0.31869,1.8845,-0.85489,3.6895,5.7843,2.4249,-2.9185,-5.0644
-0.92117,2.0878,1.3646,-0.92082,0.30202,1.7951,-0.85789,3.4706,5.7304,2.4959,-2.7494,-4.6668
-0.85647,1.9651,1.2514,-0.88748,0.33468,1.6687,-0.80598,3.2384,5.7145,2.5523,-2.5185,-4.2268
-0.72343,1.8169,1.0721,-0.8594,0.42425,1.5034,-0.71741,2.9889,5.7229,2.5924,-2.2081,-3.7417
-0.53419,1.6509,0.83524,-0.8384,0.56068,1.3016,-0.61725,2.7241,5.7329,2.6164,-1.8271,-3.22
-0.31948,1.4682,0.56245,-0.81759,0.71826,1.0694,-0.52959,2.4546,5.7227,2.6272,-1.4045,-2.6805
-0.11967,1.2637,0.28172,-0.78476,0.86484,0.81568,-0.47052,2.1972,5.6806,2.6296,-0.97683,-2.149
0.029395,1.0316,0.01998,-0.72889,0.97332,0.55212,-0.4448,1.9682,5.6066,2.6287,-0.57643,-1.6482
0.10914,0.77203,-0.20469,-0.64669,1.0312,0.29075,-0.44677,1.7763,5.5064,2.6259,-0.226,-1.1935
0.12434,0.4948,-0.38776,-0.54414,1.0445,0.041255,-0.46392,1.6198,5.3835,2.6163,0.058792,-0.79256
0.099473,0.21632,-0.53849,-0.43368,1.0345,-0.19173,-0.482,1.4874,5.2336,2.5895,0.26322,-0.44606
0.067692,-0.047381,-0.67623,-0.32746,1.0302,-0.41026,-0.49116,1.3629,5.0463,2.5347,0.3777,-0.14947
0.056822,-0.28834,-0.82381,-0.23097,1.0566,-0.62274,-0.49108,1.231,4.8111,2.4486,0.40125,0.10478
0.07916,-0.50898,-0.99843,-0.14049,1.127,-0.83993,-0.49238,1.082,4.5244,2.3399,0.35029,0.32806
0.12906,-0.71698,-1.2025,-0.04644,1.2365,-1.0673,-0.5134,0.91471,4.1941,2.2276,0.25854,0.53005
0.1879,-0.91674,-1.4211,0.059682,1.365,-1.2997,-0.57391,0.7359,3.8393,2.133,0.16747,0.71641
0.23383,-1.1043,-1.6284,0.17863,1.4865,-1.5219,-0.68717,0.55782,3.4865,2.0698,0.11169,0.88676
0.25138,-1.2691,-1.7987,0.30057,1.5798,-1.7153,-0.85326,0.39346,3.1626,2.0371,0.10963,1.0377
0.23708,-1.3987,-1.9172,0.40755,1.6353,-1.8649,-1.0571,0.25152,2.885,2.02,0.15719,1.1666
0.20022,-1.4827,-1.9813,0.47965,1.6558,-1.9631,-1.2724,0.13258,2.6556,1.9959,0.22943,1.276
0.15874,-1.5153,-1.9959,0.50236,1.65,-2.0093,-1.47,0.027975,2.4595,1.9445,0.28869,1.375
0.13316,-1.4972,-1.9701,0.47211,1.6287,-2.009,-1.6263,-0.078394,2.2725,1.8535,0.29664,1.4759
0.14125,-1.4382,-1.9185,0.3971,1.604,-1.9744,-1.728,-0.20389,2.072,1.7213,0.22659,1.5897
0.19713,-1.3556,-1.8619,0.29281,1.5907,-1.9247,-1.7734,-0.36306,1.8461,1.5537,0.072595,1.7198
0.31265,-1.2693,-1.8243,0.17465,1.6077,-1.8803,-1.772,-0.56462,1.5973,1.3602,-0.14894,1.8616
0.49552,-1.1942,-1.826,0.052825,1.6722,-1.8569,-1.7422,-0.81023,1.3391,1.1501,-0.40168,2.0025
0.74422,-1.1335,-1.8749,-0.069715,1.7908,-1.8579,-1.7066,-1.0949,1.0896,0.93053,-0.64171,2.1293
1.044,-1.0785,-1.9616,-0.19506,1.9521,-1.8733,-1.6844,-1.4097,0.86297,0.70479,-0.83147,2.2354
1.3672,-1.0154,-2.0633,-0.32576,2.1281,-1.8866,-1.6815,-1.7453,0.66607,0.47288,-0.95203,2.3228
1.6777,-0.93797,-2.1551,-0.45944,2.2831,-1.8855,-1.6889,-2.0953,0.49893,0.23189,-1.0083,2.3998
1.9392,-0.85425,-2.2207,-0.58643,2.3873,-1.8706,-1.6895,-2.455,0.3587,-0.02211,-1.0242,2.477
2.1238,-0.78562,-2.2595,-0.69126,2.4277,-1.8564,-1.6713,-2.8179,0.24258,-0.29305,-1.0294,2.5616
2.2186,-0.75704,-2.2845,-0.75808,2.4103,-1.8639,-1.6324,-3.172,0.1473,-0.58361,-1.0536,2.654
2.2262,-0.78524,-2.3142,-0.77677,2.3559,-1.9108,-1.5785,-3.5004,0.065986,-0.89448,-1.1199,2.7464
2.1611,-0.87137,-2.3628,-0.74639,2.2888,-2.0033,-1.516,-3.7869,-0.013753,-1.2233,-1.2473,2.8237
2.0427,-1.0019,-2.4333,-0.67422,2.2255,-2.1334,-1.4503,-4.0239,-0.10952,-1.5627,-1.4495,2.8703
1.8889,-1.1556,-2.5143,-0.57177,2.1681,-2.2817,-1.3851,-4.2158,-0.23795,-1.9004,-1.7284,2.8765
1.713,-1.3127,-2.5833,-0.45018,2.1038,-2.4233,-1.3247,-4.3764,-0.40784,-2.2195,-2.0673,2.8423
1.5247,-1.4596,-2.6154,-0.31761,2.0126,-2.5361,-1.2744,-4.5214,-0.61621,-2.5016,-2.4325,2.777
1.334,-1.5911,-2.5941,-0.17962,1.88,-2.6079,-1.2403,-4.6615,-0.84895,-2.7321,-2.7798,2.6957
1.1518,-1.7095,-2.5197,-0.040774,1.7072,-2.6407,-1.227,-4.8028,-1.0863,-2.9041,-3.0661,2.6127
0.98577,-1.8225,-2.411,0.094433,1.5134,-2.6498,-1.2363,-4.946,-1.3098,-3.0199,-3.2613,2.5359
0.837,-1.9409,-2.2978,0.22208,1.3264,-2.6573,-1.2656,-5.0864,-1.5079,-3.0884,-3.355,2.4643
0.69908,-2.074,-2.2071,0.34024,1.1697,-2.6828,-1.3089,-5.2176,-1.6782,-3.1205,-3.3587,2.3919
0.55958,-2.2246,-2.1531,0.44942,1.053,-2.7353,-1.3583,-5.3331,-1.8242,-3.1255,-3.3011,2.3147
0.40321,-2.387,-2.1323,0.5518,0.96917,-2.8119,-1.4056,-5.4301,-1.9512,-3.1099,-3.2181,2.2364
0.21893,-2.5472,-2.1285,0.64875,0.90057,-2.9,-1.4452,-5.5128,-2.0621,-3.0776,-3.1396,2.1687
0.0085533,-2.6884,-2.1231,0.73901,0.8319,-2.9836,-1.4744,-5.5912,-2.1574,-3.0304,-3.0809,2.1272
-0.20855,-2.7963,-2.1058,0.81863,0.76165,-3.0493,-1.4923,-5.6757,-2.2377,-2.9699,-3.0417,2.1233
-0.39715,-2.8643,-2.0803,0.88247,0.70652,-3.09,-1.4976,-5.7698,-2.3049,-2.899,-3.0109,2.159
-0.51306,-2.8951,-2.0646,0.92663,0.69775,-3.1073,-1.4867,-5.8652,-2.3624,-2.8222,-2.9721,2.226
-0.51377,-2.9004,-2.0857,0.95037,0.77033,-3.1132,-1.4544,-5.9448,-2.4124,-2.7435,-2.9096,2.3096
-0.37231,-2.8986,-2.1697,0.95735,0.9482,-3.127,-1.3959,-5.9904,-2.4538,-2.6639,-2.8144,2.3927
-0.090901,-2.909,-2.329,0.95515,1.2318,-3.1669,-1.3089,-5.9926,-2.4808,-2.579,-2.6883,2.4593
0.29292,-2.9462,-2.553,0.95343,1.5936,-3.2424,-1.1958,-5.9521,-2.4844,-2.4809,-2.5417,2.4983
0.71273,-3.0164,-2.8105,0.96083,1.9831,-3.3498,-1.0629,-5.879,-2.4567,-2.3623,-2.3852,2.5064
1.09,-3.1173,-3.0609,0.9825,2.3411,-3.4765,-0.92004,-5.7856,-2.3938,-2.2219,-2.2216,2.4891
1.3551,-3.2412,-3.2694,1.0192,2.6169,-3.6077,-0.77833,-5.6799,-2.3004,-2.0659,-2.0446,2.458
1.4649,-3.3807,-3.4168,1.069,2.7828,-3.7336,-0.64715,-5.5632,-2.1909,-1.9075,-1.8441,2.4258
1.4126,-3.5312,-3.5048,1.1292,2.8399,-3.8512,-0.53167,-5.4322,-2.0848,-1.7622,-1.6155,2.4013
1.2275,-3.6907,-3.5537,1.1981,2.8148,-3.9652,-0.43139,-5.2836,-2.0,-1.645,-1.3648,2.3878
0.9652,-3.8573,-3.5954,1.2755,2.7521,-4.0833,-0.34191,-5.1136,-1.9453,-1.5654,-1.1068,2.3835
0.69422,-4.0276,-3.6633,1.3626,2.7009,-4.2128,-0.25842,-4.9215,-1.9198,-1.525,-0.8598,2.3834
0.48237,-4.1964,-3.7812,1.4599,2.7003,-4.3567,-0.17941,-4.7117,-1.9146,-1.517,-0.63764,2.3806
0.38229,-4.3561,-3.9564,1.5644,2.7699,-4.5117,-0.10776,-4.4953,-1.9189,-1.5292,-0.44469,2.3665
0.41744,-4.4967,-4.1778,1.6686,2.9076,-4.6658,-0.049169,-4.2884,-1.925,-1.5494,-0.27392,2.3317
0.57466,-4.6053,-4.4169,1.7614,3.0906,-4.7988,-0.0081305,-4.1073,-1.9309,-1.5694,-0.11031,2.2667
0.80868,-4.6672,-4.6332,1.8315,3.2803,-4.8847,0.016747,-3.9624,-1.939,-1.5871,0.062331,2.1653
1.0572,-4.6686,-4.7833,1.8702,3.4298,-4.8985,0.035148,-3.8536,-1.9535,-1.6037,0.25548,2.0288
1.2603,-4.6,-4.8321,1.8731,3.4977,-4.8233,0.062264,-3.7717,-1.9762,-1.621,0.47354,1.8663
1.3766,-4.4576,-4.7604,1.8389,3.4597,-4.6556,0.11126,-3.7042,-2.0045,-1.6399,0.71323,1.6927
1.3919,-4.2457,-4.5693,1.7688,3.3143,-4.4057,0.1855,-3.6432,-2.0336,-1.6611,0.96182,1.5211
1.3167,-3.9757,-4.2791,1.6656,3.0797,-4.0944,0.27586,-3.5917,-2.0615,-1.6878,1.1958,1.3574
1.1754,-3.6623,-3.9209,1.534,2.7848,-3.7457,0.36374,-3.5622,-2.0924,-1.7238,1.3862,1.2002
0.99451,-3.3199,-3.5236,1.381,2.4581,-3.3777,0.42803,-3.5691,-2.1358,-1.7713,1.5109,1.0446
0.79533,-2.9617,-3.1051,1.2166,2.1189,-2.9996,0.45284,-3.6216,-2.201,-1.8284,1.5683,0.88693
0.59219,-2.6013,-2.6724,1.0533,1.7753,-2.6152,0.43232,-3.7168,-2.2905,-1.8889,1.579,0.72776
0.39405,-2.2527,-2.2276,0.90445,1.4284,-2.2264,0.37183,-3.8406,-2.3955,-1.946,1.577,0.57065
0.20614,-1.9242,-1.774,0.77919,1.0797,-1.8362,0.28529,-3.9746,-2.4977,-1.997,1.5896,0.41829
0.030729,-1.6147,-1.3202,0.67987,0.73568,-1.4487,0.18914,-4.1046,-2.5757,-2.0458,1.6277,0.2705
-0.13299,-1.3173,-0.88029,0.60364,0.40822,-1.0715,0.095123,-4.225,-2.615,-2.1021,1.683,0.12528
-0.28881,-1.0299,-0.47514,0.54844,0.11188,-0.71798,0.0054568,-4.3384,-2.6135,-2.1754,1.7373,-0.018858
-0.44269,-0.7646,-0.13087,0.5175,-0.13857,-0.40898,-0.086066,-4.451,-2.5817,-2.2702,1.7736,-0.15874
-0.60101,-0.54638,0.127,0.51894,-0.33121,-0.16986,-0.18855,-4.5668,-2.5348,-2.3851,1.7865,-0.28581
-0.7685,-0.40168,0.28249,0.56091,-0.46103,-0.020497,-0.30742,-4.6833,-2.4863,-2.5137,1.786,-0.38934
-0.9467,-0.34398,0.33808,0.6452,-0.53443,0.035602,-0.44129,-4.7891,-2.4421,-2.6472,1.7974,-0.45949
-1.1329,-0.36533,0.3178,0.76338,-0.56986,0.016094,-0.58311,-4.864,-2.3993,-2.7754,1.8492,-0.4912
-1.319,-0.43928,0.26051,0.89757,-0.59259,-0.045164,-0.72364,-4.8853,-2.35,-2.89,1.9604,-0.4847
-1.4915,-0.53058,0.20689,1.0239,-0.62438,-0.1101,-0.85492,-4.8373,-2.2858,-2.9885,2.1299,-0.44598
-1.6325,-0.60609,0.18637,1.1179,-0.67423,-0.14882,-0.97263,-4.7199,-2.2034,-3.0778,2.3327,-0.38497
-1.7247,-0.64261,0.21004,1.1606,-0.73628,-0.14691,-1.0766,-4.5494,-2.1059,-3.173,2.5254,-0.31269
-1.758,-0.63158,0.27121,1.144,-0.79493,-0.10619,-1.1693,-4.3503,-2.0012,-3.2899,2.6642,-0.23903
-1.7353,-0.57823,0.35168,1.0736,-0.83413,-0.039914,-1.2529,-4.1424,-1.8978,-3.4352,2.7246,-0.16842
-1.6722,-0.49715,0.43072,0.96527,-0.84512,0.03472,-1.3273,-3.9336,-1.8004,-3.5991,2.7163,-0.097948
-1.59,-0.40475,0.49261,0.83856,-0.82841,0.10414,-1.3893,-3.7194,-1.7075,-3.7562,2.6831,-0.018992
-1.5042,-0.31156,0.52989,0.70793,-0.78964,0.16186,-1.4338,-3.4911,-1.6127,-3.8736,2.6837,0.078903
-1.4155,-0.218,0.54211,0.5779,-0.73315,0.20891,-1.4565,-3.2445,-1.5097,-3.924,2.765,0.20244
-1.3088,-0.11554,0.53261,0.44332,-0.65815,0.25139,-1.4563,-2.9861,-1.3972,-3.8977,2.9399,0.34827
-1.1613,0.0075999,0.50578,0.29401,-0.55977,0.29671,-1.436,-2.7329,-1.2824,-3.8035,3.1821,0.50319
-0.95529,0.15768,0.4652,0.12213,-0.43366,0.34872,-1.4013,-2.5067,-1.1798,-3.661,3.4426,0.65043
-0.69191,0.32744,0.4119,-0.070967,-0.28089,0.4032,-1.3571,-2.3256,-1.1045,-3.4894,3.6694,0.77792
-0.3949,0.4948,0.34497,-0.27153,-0.11024,0.44723,-1.3044,-2.198,-1.0656,-3.302,3.8246,0.8833
-0.10365,0.63058,0.26393,-0.4569,0.063259,0.46433,-1.2403,-2.121,-1.0627,-3.1066,3.8898,0.97327
0.14047,0.71045,0.17106,-0.6027,0.22258,0.44243,-1.1609,-2.0843,-1.087,-2.9092,3.8644,1.056
0.30774,0.72374,0.070902,-0.69088,0.35452,0.37912,-1.0661,-2.075,-1.1261,-2.7146,3.7602,1.1352
0.39018,0.67527,-0.032807,-0.71505,0.45456,0.28134,-0.96261,-2.0819,-1.1665,-2.5254,3.6009,1.2093
0.40495,0.58122,-0.13995,-0.68194,0.52945,0.16074,-0.8638,-2.097,-1.196,-2.3403,3.4161,1.2733
0.387,0.46262,-0.25372,-0.60856,0.59442,0.0289,-0.78588,-2.116,-1.205,-2.1552,3.2395,1.324
0.37316,0.33973,-0.37656,-0.51626,0.66543,-0.10473,-0.74262,-2.1378,-1.1887,-1.9683,3.1004,1.3602
0.38495,0.22863,-0.50486,-0.42383,0.74941,-0.23188,-0.74048,-2.1637,-1.1494,-1.7849,3.0182,1.3823
0.41871,0.1398,-0.62612,-0.3424,0.83807,-0.34389,-0.77598,-2.1953,-1.096,-1.6173,3.0011,1.3896
0.44655,0.078125,-0.72091,-0.2739,0.90936,-0.43156,-0.83643,-2.2323,-1.0415,-1.4803,3.0504,1.3796
0.42833,0.043662,-0.76896,-0.21364,0.93573,-0.48678,-0.90391,-2.2709,-0.99741,-1.3839,3.1628,1.3497
0.32997,0.03358,-0.75661,-0.15558,0.89572,-0.50473,-0.96088,-2.3052,-0.97046,-1.3285,3.332,1.3008
0.14025,0.045203,-0.6828,-0.098348,0.78446,-0.48515,-0.99496,-2.3287,-0.96056,-1.3044,3.5457,1.2388
-0.11993,0.079252,-0.56102,-0.049323,0.61893,-0.43215,-1.0007,-2.3352,-0.96265,-1.2955,3.7839,1.1725
-0.39924,0.1409,-0.41669,-0.024675,0.43558,-0.35311,-0.97821,-2.3182,-0.96979,-1.2855,4.0213,1.1095
-0.6286,0.23671,-0.28034,-0.044243,0.28023,-0.2575,-0.92911,-2.2694,-0.97553,-1.262,4.2338,1.0535
-0.74146,0.36889,-0.17906,-0.12326,0.19389,-0.1557,-0.85361,-2.178,-0.97455,-1.2185,4.4059,1.0048
-0.69387,0.53118,-0.12864,-0.26545,0.19989,-0.057146,-0.74943,-2.0322,-0.9619,-1.1527,4.5329,0.9635
-0.47688,0.70979,-0.12959,-0.46123,0.29754,0.031999,-0.61375,-1.8236,-0.93233,-1.0645,4.6183,0.93269
-0.11795,0.88841,-0.16889,-0.69103,0.46453,0.11032,-0.44684,-1.5534,-0.88107,-0.9551,4.6687,0.91807
0.3278,1.053,-0.22741,-0.93091,0.66698,0.17968,-0.25564,-1.2361,-0.80576,-0.82527,4.6897,0.9241
0.79407,1.1934,-0.28966,-1.1579,0.87244,0.241,-0.054407,-0.89585,-0.70824,-0.67472,4.6862,0.95047
1.2219,1.3023,-0.35086,-1.3536,1.0605,0.29029,0.13899,-0.55913,-0.59494,-0.50269,4.6654,0.99194
1.5731,1.3739,-0.41772,-1.506,1.226,0.31782,0.30936,-0.24715,-0.47586,-0.31047,4.6384,1.0408
1.8325,1.404,-0.50287,-1.6094,1.3752,0.3115,0.44882,0.027348,-0.36288,-0.10304,4.6186,1.0902
2.0005,1.3913,-0.61595,-1.6617,1.5159,0.263,0.55702,0.25856,-0.26732,0.11118,4.615,1.1345
2.0811,1.3382,-0.75568,-1.663,1.6482,0.17319,0.63766,0.44414,-0.19637,0.32193,4.6277,1.1685
2.0743,1.25,-0.90668,-1.6134,1.7603,0.053918,0.69423,0.58306,-0.14889,0.51849,4.6475,1.1877
1.9769,1.1331,-1.0427,-1.5132,1.8297,-0.075299,0.72772,0.67546,-0.11264,0.69133,4.6618,1.1904
1.7878,0.9926,-1.1348,-1.3635,1.8311,-0.19396,0.7368,0.72439,-0.065873,0.83463,4.6613,1.1794
1.5137,0.82978,-1.1618,-1.1673,1.7469,-0.28786,0.72036,0.73753,0.015467,0.94801,4.6454,1.1624
1.1696,0.64249,-1.1179,-0.93067,1.575,-0.35386,0.68097,0.72723,0.1478,1.0356,4.6212,1.149
0.77514,0.42672,-1.0149,-0.66242,1.3311,-0.40053,0.62762,0.70967,0.33257,1.1029,4.5992,1.1454
0.34976,0.17946,-0.87817,-0.37391,1.0451,-0.44424,0.5755,0.70209,0.55595,1.1539,4.5874,1.1508
-0.087938,-0.098529,-0.73851,-0.077698,0.75226,-0.50215,0.542,0.7186,0.79563,1.1895,4.5859,1.1568
-0.51948,-0.39892,-0.62081,0.21346,0.48297,-0.58455,0.54073,0.76578,1.0304,1.2079,4.5838,1.1499
-0.92962,-0.70525,-0.5361,0.48768,0.25335,-0.69024,0.5769,0.84106,1.2473,1.2069,4.5618,1.1163
-1.3115,-0.99568,-0.48078,0.73572,0.06313,-0.8084,0.64607,0.93437,1.4432,1.1848,4.4986,1.0474
-1.6644,-1.2496,-0.44516,0.95283,-0.095794,-0.92491,0.73656,1.0335,1.6222,1.1424,4.382,0.94342
-1.9833,-1.4553,-0.42477,1.1389,-0.22611,-1.0314,0.83425,1.1299,1.7903,1.0842,4.2191,0.81506
-2.2485,-1.6137,-0.42706,1.296,-0.31676,-1.1303,0.92779,1.2229,1.9519,1.0205,4.0391,0.68212
-2.4257,-1.7366,-0.47021,1.4249,-0.34386,-1.2336,1.0121,1.3202,2.1073,0.96755,3.8855,0.56834
-2.4747,-1.8394,-0.57513,1.5223,-0.27968,-1.3558,1.0887,1.433,2.2528,0.94352,3.7985,0.49353
-2.3628,-1.934,-0.75469,1.5828,-0.10544,-1.5047,1.1632,1.5694,2.3817,0.96263,3.796,0.46576
-2.0783,-2.0235,-1.0053,1.6008,0.17765,-1.6766,1.2407,1.7284,2.4853,1.029,3.8619,0.47787
-1.6401,-2.1026,-1.3041,1.5738,0.54426,-1.8558,1.3217,1.8978,2.5549,1.1342,3.9493,0.50999
-1.1,-2.1594,-1.6125,1.5041,0.94883,-2.0192,1.4008,2.0593,2.5834,1.2608,3.9987,0.53923
-0.5339,-2.1799,-1.885,1.3986,1.3349,-2.1428,1.4692,2.1955,2.5663,1.3891,3.9609,0.54989
-0.025819,-2.1519,-2.0807,1.2685,1.6475,-2.2084,1.5189,2.2955,2.5021,1.5044,3.8142,0.53887
0.35048,-2.0693,-2.1737,1.1265,1.8466,-2.2092,1.5474,2.3566,2.3918,1.601,3.5672,0.51392
0.54822,-1.9346,-2.1612,0.98364,1.9172,-2.1513,1.5574,2.3815,2.2386,1.6812,3.2485,0.48713
0.55707,-1.7596,-2.0632,0.84763,1.8725,-2.0522,1.5549,2.3738,2.0505,1.752,2.8912,0.46787
0.40324,-1.5619,-1.9158,0.72194,1.7482,-1.9347,1.5464,2.3351,1.8433,1.8207,2.5214,0.45867
0.14221,-1.3599,-1.7597,0.60589,1.5913,-1.8194,1.5367,2.2631,1.6394,1.8922,2.1536,0.45529
-0.1513,-1.1679,-1.6274,0.4951,1.4476,-1.7188,1.5283,2.153,1.4633,1.9672,1.7937,0.45018
-0.39413,-0.99364,-1.5378,0.38289,1.3524,-1.6367,1.5218,2.0009,1.3315,2.0422,1.4446,0.43771
-0.50902,-0.83953,-1.4965,0.26213,1.3272,-1.5703,1.5169,1.8072,1.2469,2.1104,1.1127,0.41862
-0.44335,-0.7025,-1.5005,0.12709,1.3803,-1.5149,1.5131,1.5794,1.1975,2.1649,0.81002,0.40166
-0.18445,-0.57588,-1.5432,-0.024481,1.5084,-1.4664,1.5105,1.3312,1.1634,2.2014,0.55152,0.4012
0.23766,-0.45308,-1.6183,-0.1893,1.6986,-1.4232,1.5093,1.0803,1.1256,2.2205,0.34768,0.43111
0.76108,-0.33159,-1.7209,-0.35789,1.9307,-1.3863,1.5099,0.84549,1.0729,2.2259,0.19629,0.49776
1.3104,-0.21505,-1.8479,-0.51668,2.1823,-1.3595,1.5117,0.64376,1.0039,2.221,0.07663,0.59597
1.8162,-0.11149,-1.9975,-0.65243,2.4331,-1.3483,1.5125,0.48788,0.92606,2.2056,-0.043699,0.71042
2.2297,-0.027964,-2.1666,-0.75706,2.6682,-1.3574,1.5078,0.38446,0.85263,2.1758,-0.20013,0.8211
2.5278,0.035365,-2.3463,-0.83058,2.8774,-1.3861,1.4916,0.33419,0.79963,2.1271,-0.41904,0.91084
2.7072,0.088054,-2.5182,-0.88071,3.0508,-1.4244,1.458,0.33393,0.78266,2.0579,-0.70899,0.97107
2.7736,0.14716,-2.6539,-0.91967,3.1743,-1.4521,1.4041,0.37874,0.81288,1.9713,-1.0585,1.0039
2.7346,0.23099,-2.7197,-0.95981,3.2294,-1.4434,1.3323,0.46187,0.89264,1.8737,-1.4398,1.0195
2.599,0.35181,-2.6849,-1.0097,3.197,-1.3746,1.2497,0.57324,1.0135,1.7723,-1.8176,1.0307
2.3799,0.51083,-2.5319,-1.0717,3.0645,-1.232,1.1647,0.69926,1.1586,1.6734,-2.1577,1.0463
2.0976,0.69773,-2.2633,-1.1416,2.8326,-1.0165,1.0825,0.82593,1.3098,1.5824,-2.4339,1.0682
1.7819,0.89504,-1.9026,-1.211,2.5196,-0.7433,1.0025,0.94366,1.4548,1.5039,-2.6305,1.092
1.4717,1.0855,-1.4883,-1.2705,2.159,-0.43593,0.91975,1.0507,1.5901,1.4409,-2.7405,1.1101
1.2082,1.259,-1.0622,-1.3137,1.7907,-0.11826,0.82852,1.1524,1.7183,1.3937,-2.7631,1.1155
1.0203,1.4167,-0.65757,-1.3389,1.4498,0.19275,0.72695,1.2565,1.842,1.3587,-2.7032,1.1043
0.91265,1.5686,-0.2915,-1.3489,1.1563,0.49018,0.61964,1.3679,1.96,1.3286,-2.5732,1.0775
0.86168,1.728,0.036932,-1.3482,0.90926,0.77576,0.51749,1.4857,2.0667,1.2964,-2.3971,1.0403
0.82264,1.9033,0.34289,-1.3394,0.68903,1.0556,0.43479,1.605,2.1569,1.2588,-2.21,1.0014
0.74208,2.0925,0.6465,-1.3209,0.46454,1.3349,0.38485,1.7189,2.2296,1.2197,-2.054,0.97069
0.57148,2.2829,0.9636,-1.2865,0.20518,1.6134,0.37574,1.8224,2.2896,1.1896,-1.9691,0.9569
0.28033,2.4556,1.2993,-1.2292,-0.10756,1.884,0.40756,1.9125,2.3452,1.1826,-1.9833,0.96571
-0.13322,2.5923,1.6455,-1.1452,-0.47212,2.1344,0.47241,1.989,2.4044,1.2109,-2.1042,0.99821
-0.638,2.6807,1.9823,-1.0376,-0.86493,2.3482,0.55689,2.0535,2.4706,1.2809,-2.315,1.0507
-1.175,2.7161,2.2813,-0.91557,-1.2458,2.5102,0.64651,2.1105,2.5407,1.3897,-2.5802,1.1159
-1.6721,2.6997,2.5131,-0.79156,-1.5694,2.6093,0.73023,2.1672,2.605,1.5262,-2.853,1.1854
-2.0629,2.6365,2.6571,-0.67703,-1.7991,2.6419,0.80345,2.2322,2.6494,1.6749,-3.0873,1.253
-2.3025,2.5341,2.708,-0.57973,-1.917,2.6138,0.86814,2.3131,2.6604,1.8204,-3.2499,1.3168
-2.3774,2.4034,2.6771,-0.50302,-1.927,2.5393,0.93003,2.4131,2.6309,1.9514,-3.3324,1.3799
-2.3058,2.2588,2.5865,-0.44675,-1.8497,2.4375,0.99418,2.5308,2.5648,2.0614,-3.3556,1.4468
-2.1308,2.1149,2.4595,-0.40854,-1.7129,2.3258,1.0611,2.662,2.4762,2.1485,-3.3651,1.5197
-1.9048,1.9829,2.3119,-0.38468,-1.5413,2.2136,1.1255,2.8026,2.3836,2.2138,-3.4159,1.5942
-1.6731,1.8664,2.1491,-0.37089,-1.3502,2.1008,1.1789,2.95,2.2997,2.2594,-3.555,1.6602
-1.4631,1.7621,1.967,-0.36337,-1.1451,1.9794,1.2143,3.1009,2.2246,2.2864,-3.808,1.7032
-1.2835,1.6633,1.7588,-0.36007,-0.92461,1.8389,1.2296,3.2489,2.1447,2.292,-4.1771,1.709
-1.1305,1.5653,1.5211,-0.3621,-0.68742,1.6737,1.2284,3.3826,2.0404,2.2686,-4.6477,1.6687
-0.99672,1.4691,1.2597,-0.37345,-0.43753,1.4868,1.2174,3.4863,1.899,2.2072,-5.1958,1.5819
-0.87535,1.3816,0.99051,-0.39972,-0.18493,1.2911,1.2033,3.5437,1.7233,2.1027,-5.7928,1.4566
-0.75894,1.3129,0.73482,-0.44649,0.058489,1.1054,1.1899,3.5419,1.5326,1.9579,-6.4061,1.3052
-0.63524,1.2705,0.51041,-0.51793,0.28473,0.94675,1.1772,3.4752,1.3532,1.7835,-7.0007,1.1384
-0.48637,1.256,0.32447,-0.61587,0.49394,0.82317,1.1615,3.3478,1.2048,1.5933,-7.542,0.96067
-0.29287,1.2613,0.16967,-0.73901,0.6957,0.73012,1.1367,3.1739,1.0915,1.3985,-8.0017,0.76876
-0.039937,1.2713,0.026619,-0.88253,0.90682,0.65116,1.097,2.9742,1.0017,1.2043,-8.3641,0.55512
0.27725,1.2682,-0.12843,-1.0384,1.1454,0.56493,1.0397,2.771,0.91726,1.0105,-8.6307,0.31417
0.65052,1.2384,-0.31375,-1.1961,1.4233,0.45484,0.96741,2.5824,0.82476,0.81574,-8.8203,0.049038
1.0586,1.1772,-0.53509,-1.3443,1.7396,0.3153,0.88704,2.4186,0.72342,0.62169,-8.965,-0.22529
1.4698,1.0891,-0.78436,-1.4716,2.0797,0.15246,0.80549,2.2825,0.62467,0.43527,-9.1022,-0.48491
1.8484,0.98285,-1.0441,-1.5675,2.4186,-0.0204,0.72509,2.1712,0.54523,0.26659,-9.2644,-0.70548
2.1625,0.86521,-1.2951,-1.6227,2.7288,-0.19031,0.6412,2.0811,0.49804,0.1253,-9.4706,-0.87289
2.3907,0.73562,-1.5234,-1.6297,2.9883,-0.35082,0.5439,2.0119,0.48629,0.0185,-9.7209,-0.98981
2.5253,0.58537,-1.7228,-1.583,3.1854,-0.50385,0.42308,1.9692,0.50312,-0.04869,-9.9973,-1.0731
2.57,0.40249,-1.8931,-1.4802,3.3182,-0.65617,0.27476,1.9638,0.53584,-0.071753,-10.271,-1.1424
2.5335,0.18023,-2.0345,-1.3237,3.3899,-0.81269,0.10539,2.0073,0.5716,-0.046927,-10.516,-1.2076
2.4214,-0.075419,-2.1432,-1.1211,3.4025,-0.97029,-0.068497,2.1061,0.60186,0.026599,-10.713,-1.2615
2.2288,-0.34381,-2.2083,-0.88535,3.3525,-1.1156,-0.22557,2.258,0.62481,0.14426,-10.86,-1.2827
1.9405,-0.59513,-2.2127,-0.63199,3.2304,-1.2282,-0.34785,2.4525,0.64536,0.29531,-10.968,-1.2474
1.5403,-0.80101,-2.1393,-0.37657,3.026,-1.2872,-0.42743,2.6762,0.67281,0.4639,-11.05,-1.1426
1.0281,-0.9448,-1.9781,-0.13097,2.7347,-1.279,-0.46909,2.9168,0.71637,0.63159,-11.123,-0.97473
0.42836,-1.0259,-1.7317,0.098005,2.3636,-1.2024,-0.48705,3.1667,0.77998,0.78081,-11.195,-0.76767
-0.2136,-1.0565,-1.4163,0.30664,1.9319,-1.0677,-0.49827,3.4227,0.85899,0.89907,-11.27,-0.55075
-0.84057,-1.0532,-1.0572,0.49047,1.4694,-0.89221,-0.51553,3.6831,0.94112,0.98242,-11.345,-0.34539
-1.3906,-1.0297,-0.68202,0.64232,1.0111,-0.69377,-0.54288,3.9436,1.0115,1.036,-11.419,-0.15719
-1.8068,-0.99248,-0.31434,0.75421,0.59119,-0.48566,-0.57471,4.195,1.0587,1.0701,-11.488,0.022892
-2.0501,-0.9406,0.029964,0.82073,0.23654,-0.27385,-0.59817,4.4232,1.0776,1.0936,-11.558,0.20954
-2.1112,-0.86771,0.34274,0.8411,-0.037049,-0.059029,-0.59865,4.6125,1.0676,1.1076,-11.638,0.41134
-2.0141,-0.76681,0.62072,0.81943,-0.22618,0.1589,-0.56686,4.7481,1.0274,1.1036,-11.743,0.6224
-1.8103,-0.63635,0.86197,0.76457,-0.33874,0.37619,-0.50464,4.8199,0.95157,1.0675,-11.888,0.82211
-1.5672,-0.48421,1.0641,0.69036,-0.39142,0.58331,-0.42631,4.8241,0.83129,0.98668,-12.083,0.98357
-1.3559,-0.32714,1.2252,0.61541,-0.40674,0.76702,-0.35426,4.7655,0.66028,0.85857,-12.321,1.0862
-1.2377,-0.1852,1.3458,0.55989,-0.40929,0.91503,-0.31026,4.6572,0.44076,0.69383,-12.585,1.1252
-1.249,-0.074015,1.4312,0.53926,-0.42041,1.0206,-0.30644,4.5183,0.18508,0.51348,-12.845,1.1129
-1.3887,0.0012034,1.4888,0.55768,-0.45116,1.0844,-0.34013,4.3676,-0.088263,0.34,-13.075,1.0708
-1.6151,0.04669,1.5239,0.60543,-0.49655,1.1125,-0.39536,4.2173,-0.36075,0.18716,-13.262,1.0181
-1.8585,0.075711,1.5359,0.66186,-0.53525,1.1129,-0.44971,4.0694,-0.61762,0.054477,-13.413,0.96159
-2.0425,0.10108,1.5175,0.7027,-0.53658,1.0915,-0.48306,3.917,-0.848,-0.070692,-13.557,0.89275
-2.1045,0.12827,1.4583,0.70824,-0.47223,1.0498,-0.48361,3.7505,-1.044,-0.20528,-13.73,0.79428
-2.0114,0.15239,1.3502,0.66907,-0.32753,0.98525,-0.44933,3.5633,-1.2011,-0.36127,-13.97,0.65126
-1.7659,0.16013,1.1928,0.58794,-0.10677,0.89293,-0.38597,3.3553,-1.3208,-0.53988,-14.299,0.46089
-1.4028,0.13569,0.99458,0.47747,0.17021,0.76936,-0.30361,3.1321,-1.4118,-0.73061,-14.727,0.23512
-0.97459,0.067867,0.76893,0.35486,0.47785,0.61484,-0.21407,2.9011,-1.4881,-0.91567,-15.243,-0.0042049
-0.53178,-0.044675,0.52762,0.23556,0.79578,0.43344,-0.12832,2.6674,-1.5628,-1.0774,-15.823,-0.23406
-0.10607,-0.19248,0.27437,0.12809,1.1168,0.23026,-0.053876,2.432,-1.6433,-1.2058,-16.435,-0.4383
0.29781,-0.35904,0.0021601,0.032064,1.4497,0.0078848,0.0069923,2.1924,-1.7285,-1.3033,-17.044,-0.61157
0.69691,-0.52814,-0.30403,-0.059391,1.8151,-0.23521,0.05716,1.9458,-1.8109,-1.3839,-17.61,-0.75763
1.1135,-0.69037,-0.66002,-0.15334,2.2351,-0.50374,0.10227,1.6935,-1.8823,-1.4677,-18.098,-0.88341
1.5573,-0.84771,-1.074,-0.24995,2.7215,-0.80261,0.1471,1.4451,-1.9378,-1.5718,-18.474,-0.99247
2.0163,-1.0139,-1.5412,-0.33921,3.2674,-1.1339,0.19283,1.2191,-1.9781,-1.7027,-18.712,-1.0811
2.4581,-1.2101,-2.0427,-0.40336,3.8444,-1.4946,0.23687,1.0386,-2.0069,-1.8537,-18.796,-1.1388
2.8352,-1.4575,-2.5489,-0.42297,4.4062,-1.8766,0.27562,0.92421,-2.0271,-2.0077,-18.719,-1.1523
3.0943,-1.7703,-3.0251,-0.38286,4.8972,-2.2666,0.30798,0.88622,-2.0392,-2.1446,-18.481,-1.1121
3.1938,-2.1514,-3.4388,-0.2759,5.2671,-2.6495,0.33682,0.92102,-2.0438,-2.2501,-18.091,-1.0169
3.1306,-2.5919,-3.7667,-0.10396,5.4882,-3.0101,0.36727,1.0131,-2.0434,-2.3199,-17.558,-0.87516
2.955,-3.0721,-4.0,0.12374,5.5648,-3.336,0.40339,1.1415,-2.044,-2.3605,-16.891,-0.70069
2.7516,-3.5657,-4.1466,0.39469,5.5303,-3.6185,0.44611,1.2869,-2.0535,-2.3839,-16.1,-0.50976
2.5924,-4.0454,-4.2262,0.69631,5.429,-3.8544,0.49361,1.4384,-2.0786,-2.4013,-15.185,-0.31775
2.4959,-4.4904,-4.2599,1.0185,5.2947,-4.046,0.54359,1.5948,-2.1234,-2.4185,-14.139,-0.1375
2.4109,-4.8923,-4.259,1.356,5.1381,-4.1992,0.59571,1.7614,-2.1893,-2.4358,-12.947,0.020956
2.2342,-5.254,-4.2213,1.7092,4.9468,-4.3198,0.65259,1.9439,-2.2769,-2.4516,-11.586,0.15054
1.8712,-5.5838,-4.1362,2.0824,4.6972,-4.4107,0.71798,2.1437,-2.3865,-2.4657,-10.039,0.24721
1.2949,-5.8869,-3.9942,2.4763,4.3693,-4.4718,0.7931,2.356,-2.5166,-2.4801,-8.2959,0.30989
0.54116,-6.1611,-3.7935,2.8822,3.9585,-4.5017,0.87338,2.5713,-2.6614,-2.4973,-6.3606,0.33949
-0.32104,-6.3988,-3.5423,3.2791,3.4814,-4.5002,0.94807,2.7783,-2.811,-2.5185,-4.2516,0.33706
-1.198,-6.5909,-3.2585,3.6385,2.9756,-4.4682,1.0029,2.9655,-2.9531,-2.5459,-2.0047,0.30216
-1.9763,-6.7304,-2.9673,3.9332,2.4932,-4.4075,1.0244,3.1229,-3.078,-2.5852,0.3278,0.23221
-2.5437,-6.8128,-2.6966,4.1452,2.0897,-4.3197,1.0047,3.2419,-3.1835,-2.6474,2.6782,0.12298
-2.8174,-6.8361,-2.4713,4.2681,1.8103,-4.2064,0.94389,3.3153,-3.2754,-2.7448,4.9686,-0.029617
-2.7689,-6.8023,-2.3079,4.308,1.6771,-4.0702,0.85008,3.3361,-3.3633,-2.8842,7.1224,-0.22805
-2.4364,-6.7189,-2.2111,4.2814,1.683,-3.9166,0.73682,3.2986,-3.4558,-3.0614,9.0791,-0.47025
-1.9174,-6.5995,-2.1719,4.2129,1.7948,-3.7535,0.61856,3.1993,-3.5575,-3.2606,10.806,-0.74802
-1.3415,-6.4597,-2.1694,4.1284,1.9622,-3.5895,0.50606,3.0383,-3.6705,-3.4601,12.3,-1.0477
-0.8341,-6.3125,-2.175,4.0454,2.1286,-3.4308,0.4037,2.8187,-3.7969,-3.6413,13.576,-1.3533
-0.48373,-6.1641,-2.16,3.9664,2.2416,-3.2798,0.30981,2.5447,-3.9397,-3.7971,14.652,-1.6511
-0.32844,-6.0154,-2.1043,3.8806,2.2634,-3.1371,0.21997,2.222,-4.1007,-3.9347,15.54,-1.9318
-0.36587,-5.8671,-1.998,3.7766,2.1783,-3.0027,0.13094,1.8589,-4.277,-4.0736,16.247,-2.1914
-0.57073,-5.7239,-1.8383,3.6555,1.9923,-2.8763,0.043155,1.4695,-4.4612,-4.238,16.783,-2.4284
-0.90548,-5.5943,-1.6295,3.536,1.728,-2.7574,-0.039423,1.0742,-4.6445,-4.4478,17.166,-2.6391
-1.3207,-5.4858,-1.3868,3.4444,1.4217,-2.6451,-0.11139,0.69772,-4.8208,-4.7122,17.423,-2.816
-1.7495,-5.3995,-1.1361,3.4008,1.1164,-2.5392,-0.1686,0.36448,-4.9879,-5.027,17.583,-2.9495
-2.1112,-5.3296,-0.90808,3.4113,0.8538,-2.4406,-0.21006,0.092606,-5.1452,-5.3774,17.67,-3.0334
-2.334,-5.2678,-0.73021,3.4695,0.66674,-2.352,-0.23813,-0.11024,-5.2902,-5.7443,17.695,-3.0693
-2.3845,-5.2091,-0.62068,3.5638,0.57339,-2.279,-0.25727,-0.24796,-5.4188,-6.1113,17.66,-3.0665
-2.2806,-5.1555,-0.58328,3.6843,0.57254,-2.2287,-0.27219,-0.33328,-5.5279,-6.4709,17.559,-3.0372
-2.0853,-5.1146,-0.60445,3.8253,0.64074,-2.2065,-0.28652,-0.38236,-5.6202,-6.8254,17.382,-2.9904
-1.8833,-5.0965,-0.6551,3.9842,0.73446,-2.2116,-0.30222,-0.40993,-5.7062,-7.1825,17.123,-2.9309
-1.7531,-5.1093,-0.69831,4.1597,0.79892,-2.2359,-0.31977,-0.42624,-5.8023,-7.5475,16.781,-2.8613
-1.7471,-5.157,-0.699,4.3505,0.7832,-2.2663,-0.33867,-0.43595,-5.9256,-7.9161,16.361,-2.7868
-1.8819,-5.2375,-0.63213,4.5537,0.65705,-2.2902,-0.35802,-0.43787,-6.0869,-8.2719,15.881,-2.7159
-2.1369,-5.344,-0.49172,4.7633,0.42233,-2.301,-0.3771,-0.42541,-6.2857,-8.5916,15.357,-2.6576
-2.4608,-5.4706,-0.29968,4.9699,0.11602,-2.3051,-0.39559,-0.38869,-6.5104,-8.8583,14.804,-2.6194
-2.7892,-5.6179,-0.10559,5.1624,-0.1981,-2.3238,-0.41379,-0.31899,-6.7428,-9.0735,14.224,-2.6072
-3.0658,-5.7924,0.029135,5.3326,-0.44927,-2.3862,-0.4325,-0.21404,-6.9661,-9.2612,13.612,-2.6266
-3.2585,-6.0009,0.055632,5.4784,-0.58432,-2.5161,-0.45274,-0.080917,-7.1707,-9.4582,12.97,-2.6806
-3.3605,-6.2413,-0.043401,5.604,-0.58408,-2.7173,-0.47519,0.066194,-7.3559,-9.6957,12.311,-2.7661
-3.3808,-6.4965,-0.24927,5.7156,-0.46321,-2.9686,-0.49946,0.21261,-7.5255,-9.9808,11.67,-2.8689
-3.3332,-6.7336,-0.51748,5.8114,-0.25697,-3.2277,-0.52323,0.35083,-7.6808,-10.288,11.093,-2.9663
-3.2253,-6.9069,-0.7962,5.8724,-0.004374,-3.4443,-0.54182,0.48527,-7.8139,-10.565,10.632,-3.032
-3.0509,-6.9643,-1.0433,5.8606,0.26508,-3.574,-0.54826,0.63158,-7.9048,-10.746,10.331,-3.0446
-2.7898,-6.8557,-1.2322,5.7286,0.535,-3.5866,-0.53412,0.8113,-7.9225,-10.778,10.219,-2.9926
-2.4185,-6.5444,-1.3435,5.4405,0.79464,-3.4658,-0.49046,1.0442,-7.8307,-10.625,10.309,-2.8704
-1.9315,-6.023,-1.3549,4.9944,1.0276,-3.2083,-0.40794,1.3423,-7.5968,-10.273,10.604,-2.6702
-1.3565,-5.3374,-1.2374,4.4312,1.2037,-2.8277,-0.27547,1.7075,-7.2026,-9.7245,11.104,-2.3775
-0.75181,-4.6447,-0.97055,3.8249,1.2736,-2.385,-0.078582,2.1344,-6.6509,-8.9963,11.808,-1.976
-0.1867,-4.3852,-0.61651,3.2519,1.1631,-2.1563,0.20062,2.6152,-5.9629,-8.1272,12.713,-1.457
0.28129,-5.3451,-0.49286,2.73,0.75783,-2.9728,0.5812,3.1468,-5.1655,-7.1744,13.806,-0.82333
0.62254,-6.7243,-0.55755,2.1044,-0.13169,-4.398,1.084,3.7345,-4.2789,-6.1928,15.063,-0.087541
0.84169,-5.7272,1.4149,0.98566,-1.802,-3.0533,1.7477,4.3914,-3.3109,-5.2054,16.444,0.73421
0.97211,-1.7114,6.973,-1.0393,-4.5475,2.0922,2.6577,5.1303,-2.2629,-4.1922,17.908,1.628
1.0599,5.0457,15.442,-4.1603,-8.3381,10.38,3.9373,5.9541,-1.1426,-3.1151,19.427,2.5917
1.1452,14.444,25.694,-8.3942,-12.752,20.947,5.6826,6.8497,0.030998,-1.952,21.009,3.6503
1.25,26.283,36.71,-13.658,-17.343,32.839,7.8889,7.7923,1.2413,-0.70506,22.708,4.8732
1.3777,39.898,47.734,-19.73,-21.851,45.127,10.401,8.7505,2.4885,0.61918,24.609,6.3867
1.5217,53.94,58.233,-26.218,-26.149,57.024,12.927,9.6863,3.7849,2.0233,26.804,8.379
1.6751,66.815,67.793,-32.606,-30.154,67.865,15.148,10.546,5.1297,3.5055,29.36,11.058
1.8401,77.477,76.101,-38.364,-33.786,77.081,16.906,11.257,6.4837,5.0279,32.285,14.482
2.036,85.6,82.996,-43.115,-36.981,84.352,18.408,11.743,7.7613,6.4967,35.502,18.335
2.3034,91.352,88.522,-46.762,-39.712,89.813,20.291,11.963,8.8529,7.782,38.827,22.061
2.6995,95.327,92.963,-49.504,-41.988,94.046,23.257,11.939,9.6706,8.7787,41.996,25.292
3.2818,98.524,96.785,-51.778,-43.831,97.908,26.814,11.74,10.188,9.4642,44.732,27.991
4.0867,102.14,100.41,-54.083,-45.27,102.12,28.338,11.435,10.436,9.9039,46.824,30.276
5.1091,106.66,103.94,-56.65,-46.335,106.59,26.089,11.041,10.467,10.198,48.164,32.258
6.2938,111.37,107.21,-59.345,-47.057,110.79,21.054,10.511,10.315,10.415,48.743,33.999
7.5497,116.01,110.22,-62.09,-47.49,114.8,14.547,9.7667,9.9765,10.564,48.627,35.508
8.7917,122.17,113.83,-65.334,-47.759,120.04,7.2592,8.7582,9.4231,10.592,47.931,36.758
9.9821,132.63,119.73,-70.118,-48.105,128.44,-0.41202,7.5085,8.6263,10.424,46.8,37.707
11.139,144.38,126.88,-76.716,-48.711,136.99,-8.2483,6.1187,7.5939,10.007,45.378,38.322
12.299,151.12,131.32,-82.81,-49.309,141.62,-16.024,4.729,6.38,9.3453,43.776,38.582
13.449,152.96,132.37,-85.928,-49.328,142.64,-23.158,3.4596,5.0616,8.5062,42.052,38.489
14.486,150.9,130.41,-85.847,-48.395,140.51,-28.69,2.3685,3.6961,7.5735,40.192,38.058
15.235,145.25,125.51,-83.257,-46.335,135.34,-31.823,1.4482,2.2883,6.6004,38.119,37.302
15.515,136.21,117.67,-78.635,-43.059,127.28,-32.551,0.64503,0.78139,5.591,35.732,36.223
15.192,124.12,106.99,-72.209,-38.645,116.56,-31.608,-0.11792,-0.93066,4.5095,32.963,34.75
14.259,109.7,93.81,-64.246,-33.4,103.59,-29.891,-0.92147,-2.9735,3.2915,29.815,32.61
13.178,93.774,79.027,-55.436,-27.733,88.924,-28.051,-1.8329,-5.4461,1.8541,26.351,29.434
13.003,77.33,64.064,-46.787,-21.947,73.467,-26.401,-2.8889,-8.3889,0.14207,22.662,25.239
14.024,61.443,50.014,-38.656,-16.245,58.277,-24.973,-4.0834,-11.83,-1.7881,18.854,20.492
15.156,46.612,37.201,-30.87,-10.873,44.056,-23.686,-5.3661,-15.86,-3.8244,15.022,15.633
15.314,32.834,25.603,-23.259,-6.1967,31.015,-22.536,-6.6596,-20.561,-6.0873,11.227,10.95
13.979,19.825,15.343,-15.618,-2.6238,19.09,-21.62,-7.8952,-25.794,-9.0668,7.4938,6.686
10.94,7.112,6.8124,-7.6479,-0.39887,8.084,-21.012,-9.0518,-31.183,-13.39,3.8346,2.9583
6.2123,-5.6748,0.26834,0.97249,0.65496,-2.2084,-20.701,-10.17,-36.392,-19.451,0.26591,-0.32853
0.1078,-18.491,-4.609,10.326,1.0291,-11.845,-20.623,-11.326,-41.347,-27.083,-3.1787,-3.3713
-6.7522,-30.758,-8.2768,19.97,1.1194,-20.596,-20.705,-12.588,-46.172,-35.469,-6.4535,-6.3283
-13.524,-41.596,-10.457,28.995,1.1309,-28.048,-20.884,-13.972,-50.965,-43.488,-9.514,-9.2622
-19.321,-50.387,-11.471,36.538,1.1792,-33.854,-21.103,-15.419,-55.67,-50.279,-12.329,-12.145
-23.456,-57.099,-12.895,42.211,1.3331,-37.928,-21.309,-16.815,-60.119,-55.505,-14.881,-14.892
-25.646,-61.973,-15.236,46.027,1.6148,-40.614,-21.471,-18.04,-64.176,-59.287,-17.172,-17.401
-26.065,-65.303,-18.136,48.143,2.0056,-42.509,-21.595,-19.033,-67.807,-62.04,-19.217,-19.597
-25.309,-67.565,-21.124,48.862,2.4619,-44.173,-21.719,-19.832,-71.067,-64.318,-21.052,-21.45
-24.254,-69.345,-23.897,48.77,2.9376,-45.878,-21.883,-20.546,-74.022,-66.544,-22.717,-22.973
-23.555,-70.992,-26.355,48.689,3.4046,-47.616,-22.106,-21.286,-76.672,-68.689,-24.243,-24.21
-23.181,-72.524,-28.542,49.176,3.8575,-49.303,-22.368,-22.09,-78.93,-70.374,-25.634,-25.214
-22.776,-73.857,-30.58,50.128,4.3043,-50.93,-22.61,-22.873,-80.694,-71.419,-26.87,-26.033
-22.208,-74.998,-32.655,51.188,4.7565,-52.631,-22.736,-23.409,-81.897,-71.95,-27.925,-26.712
-21.631,-76.06,-35.063,52.191,5.2335,-54.695,-22.61,-23.334,-82.494,-72.126,-28.798,-27.314
-21.25,-77.242,-38.279,53.172,5.7798,-57.454,-22.044,-22.189,-82.409,-72.037,-29.547,-27.963
-21.153,-78.855,-42.833,54.248,6.4879,-60.925,-20.762,-19.577,-81.472,-71.731,-30.316,-28.877
-21.299,-81.362,-48.689,55.53,7.5193,-64.868,-18.608,-15.911,-79.36,-71.241,-31.328,-30.377
-21.572,-84.493,-54.459,56.925,9.1331,-69.077,-17.856,-17.708,-75.919,-70.576,-32.836,-32.786
-21.819,-86.011,-56.872,57.797,11.809,-71.097,-17.883,-30.376,-72.583,-69.622,-34.985,-35.695
-21.832,-85.84,-56.568,57.932,13.982,-71.199,-17.902,-31.391,-71.638,-67.923,-37.537,-37.031
-21.385,-85.007,-55.632,58.107,13.543,-70.854,-18.513,-32.866,-71.419,-64.672,-39.492,-36.926
-20.845,-84.19,-54.984,58.238,13.77,-70.323,-19.154,-33.964,-71.831,-62.838,-39.053,-37.811
-24.245,-84.386,-55.668,57.7,15.132,-70.261,-18.697,-32.796,-71.701,-64.0,-34.926,-39.257
-27.982,-88.719,-58.965,58.848,17.758,-72.945,-15.359,-26.466,-68.606,-63.355,-34.521,-33.968
-27.082,-99.866,-68.232,64.757,22.76,-81.99,-7.4476,-11.239,-60.908,-59.832,-41.035,-33.22
-25.919,-117.98,-85.429,74.367,32.258,-99.093,6.674,15.532,-47.382,-54.379,-42.73,-38.29
-24.219,-142.97,-111.58,87.236,45.851,-124.95,28.243,54.79,-27.255,-47.864,-46.802,-50.135
-21.352,-174.36,-146.96,102.48,64.255,-159.36,57.147,107.11,-0.024362,-40.173,-53.761,-70.457
-16.423,-208.71,-188.74,117.23,87.438,-198.22,92.342,170.71,36.188,-28.949,-62.414,-93.214
-7.893,-239.48,-229.78,127.18,112.88,-234.02,133.13,244.9,85.498,-8.7099,-67.982,-109.69
6.0855,-257.14,-260.86,127.11,136.32,-257.45,177.08,331.41,153.51,28.245,-61.948,-114.02
26.534,-248.75,-271.95,111.75,152.82,-258.4,219.27,430.46,246.46,91.839,-33.805,-98.806
52.553,-204.25,-253.08,76.677,157.0,-226.79,259.61,537.39,369.21,192.12,30.187,-55.631
81.335,-117.68,-195.13,19.088,143.07,-154.41,295.86,639.82,516.51,329.75,150.1,20.756
109.37,14.914,-90.842,-61.462,105.57,-35.717,324.26,717.98,673.98,498.5,304.01,130.79
132.99,193.57,63.743,-162.97,40.559,131.22,340.23,749.23,823.08,685.7,482.97,270.19
148.33,413.21,267.59,-280.77,-53.371,343.27,339.18,715.11,944.92,874.52,675.7,430.48
152.23,663.18,513.2,-407.84,-174.28,591.3,316.61,607.08,1024.6,1047.3,866.16,600.04
143.19,927.31,785.85,-535.38,-315.64,859.84,267.45,427.79,1052.6,1187.1,1036.5,765.12
121.87,1184.4,1063.9,-653.09,-465.68,1127.5,185.94,188.15,1021.8,1277.8,1167.8,910.62
90.57,1409.1,1320.0,-749.45,-609.79,1368.0,67.42,-96.353,925.05,1302.2,1241.8,1020.4
52.085,1574.4,1524.3,-812.4,-731.66,1552.8,-88.06,-407.33,754.24,1243.2,1241.8,1078.7
9.0505,1656.0,1649.6,-831.34,-816.25,1656.2,-273.03,-723.67,504.87,1087.6,1155.0,1072.7
-35.961,1639.7,1678.9,-800.45,-853.55,1662.4,-472.95,-1022.7,181.65,832.8,977.76,996.73
-80.145,1526.5,1610.2,-721.67,-841.19,1571.1,-669.26,-1283.1,-197.12,492.21,721.12,855.51
-120.44,1333.9,1457.7,-605.33,-784.79,1398.2,-843.37,-1488.2,-599.31,97.343,411.66,665.22
-153.45,1091.6,1247.7,-467.93,-695.83,1171.9,-980.33,-1627.6,-983.1,-306.05,87.502,450.69
-175.96,833.55,1011.3,-327.98,-588.51,924.67,-1071.8,-1698.1,-1304.8,-667.08,-209.7,239.93
-186.13,590.9,778.15,-201.86,-476.81,686.92,-1117.0,-1703.2,-1528.4,-941.75,-444.47,57.78
-184.33,386.63,571.66,-100.85,-372.61,481.81,-1121.6,-1651.6,-1634.3,-1104.0,-595.62,-79.041
-173.14,233.77,407.42,-30.185,-284.76,323.52,-1094.6,-1555.6,-1624.2,-1151.1,-659.83,-164.07
-156.27,136.13,292.93,10.038,-218.32,217.63,-1044.8,-1428.9,-1518.3,-1101.4,-649.54,-200.25
-137.21,90.431,228.55,23.064,-174.7,162.72,-978.8,-1283.3,-1347.0,-984.84,-586.16,-197.14
-118.32,88.347,208.27,14.205,-153.17,153.15,-900.0,-1127.3,-1141.9,-832.63,-492.54,-167.5
-100.84,117.41,219.05,-9.1885,-149.89,175.68,-809.45,-966.03,-929.02,-670.38,-388.15,-123.98
-85.207,162.06,247.62,-38.951,-157.28,212.9,-707.92,-803.35,-726.65,-515.89,-287.52,-77.181
-70.887,206.64,278.51,-67.688,-166.7,249.74,-598.21,-644.23,-546.64,-380.05,-200.37,-35.066
-59.065,238.49,298.9,-89.381,-171.21,274.97,-486.15,-495.78,-396.24,-268.71,-132.02,-2.79
-49.937,250.98,301.88,-100.35,-167.26,282.34,-379.79,-366.16,-278.66,-184.84,-84.061,17.416
-41.88,242.99,286.48,-99.67,-154.85,270.53,-286.92,-259.55,-191.73,-127.9,-54.515,26.26
-35.285,218.34,256.06,-89.465,-136.89,242.68,-212.38,-178.37,-131.98,-91.282,-39.659,27.233
-30.593,183.52,216.18,-75.42,-115.84,205.09,-156.62,-121.56,-93.237,-67.719,-34.012,23.841
-27.527,146.03,174.19,-60.046,-93.835,165.26,-116.35,-82.596,-67.512,-51.925,-32.767,18.451
-25.651,109.11,134.84,-43.836,-73.53,127.01,-86.542,-52.83,-48.034,-39.685,-32.603,11.419
-24.389,75.884,99.219,-30.281,-55.738,92.027,-62.764,-26.211,-30.777,-28.109,-31.543,0.89278
-22.566,49.049,69.909,-20.748,-40.959,62.979,-42.466,-0.27804,-14.225,-16.415,-29.291,-5.7361
-19.684,30.09,47.671,-13.951,-28.786,41.211,-24.981,24.327,1.5287,-5.6405,-27.809,-5.9383
-16.689,18.419,32.052,-8.7725,-19.147,26.988,-10.591,46.54,15.643,3.0183,-24.501,-7.8484
-14.396,12.584,22.06,-4.705,-12.309,18.959,0.21651,65.263,27.146,8.6681,-21.923,-10.607
-12.674,9.9055,16.648,-1.7745,-8.2682,15.018,7.882,79.134,35.068,11.059,-20.533,-13.391
-11.329,7.0829,14.069,0.99882,-6.5639,13.141,13.826,87.413,38.932,11.353,-19.865,-16.087
-10.271,3.2335,12.453,3.1544,-5.799,11.619,18.58,91.763,39.687,13.75,-19.564,-18.706
-9.423,-0.62536,9.1768,3.5472,-3.673,9.2029,22.803,94.299,42.73,17.617,-19.388,-21.143
-8.7041,-4.2523,5.1101,3.9525,-1.2892,5.2403,27.276,96.659,47.671,22.189,-19.2,-23.275
-8.0425,-5.5828,0.80718,4.6857,0.40543,0.73049,31.509,100.81,53.432,27.205,-18.936,-25.09
-7.3901,-6.4033,-1.2647,5.4242,1.5059,-1.3986,35.454,107.79,59.485,32.463,-18.582,-26.662
-6.7311,-7.4096,-2.1337,6.0291,2.3935,-2.4545,40.092,116.06,65.464,37.654,-18.138,-28.076
-6.0783,-8.3449,-2.8431,6.4647,3.2085,-3.302,44.575,123.91,71.076,42.494,-17.611,-29.395
-5.4582,-9.1131,-3.5031,6.7527,3.9708,-4.0295,48.221,130.76,76.168,46.888,-17.008,-30.664
-4.8957,-9.7232,-4.1122,6.9392,4.6694,-4.6593,51.387,136.61,80.746,50.905,-16.337,-31.91
-4.4024,-10.213,-4.6729,7.0667,5.2955,-5.2155,54.356,141.71,84.905,54.66,-15.618,-33.158
-3.973,-10.613,-5.1923,7.1553,5.8511,-5.717,57.259,146.35,88.745,58.231,-14.874,-34.429
-3.5898,-10.93,-5.6735,7.1999,6.3448,-6.1676,60.137,150.74,92.337,61.647,-14.135,-35.733
-3.2361,-11.157,-6.1105,7.183,6.7844,-6.5554,62.976,155.05,95.734,64.915,-13.422,-37.062
-2.9064,-11.285,-6.4889,7.0932,7.1718,-6.8604,65.768,159.44,98.996,68.047,-12.747,-38.393
-2.6045,-11.314,-6.7932,6.9361,7.504,-7.0677,68.516,164.03,102.19,71.062,-12.109,-39.688
-2.3331,-11.257,-7.0168,6.7301,7.78,-7.1766,71.17,168.78,105.37,73.976,-11.494,-40.913
-2.0879,-11.134,-7.1686,6.4952,8.0074,-7.203,73.606,173.42,108.55,76.8,-10.884,-42.044
-1.8608,-10.968,-7.2712,6.2468,8.203,-7.1742,75.725,177.69,111.73,79.526,-10.265,-43.081
-1.6472,-10.778,-7.3503,5.9965,8.3847,-7.1185,77.523,181.53,114.88,82.133,-9.6224,-44.041
-1.4497,-10.581,-7.4215,5.7544,8.5617,-7.0554,79.082,185.0,117.97,84.599,-8.9484,-44.946
-1.2744,-10.386,-7.4827,5.5276,8.7294,-6.9896,80.521,188.17,120.98,86.918,-8.2315,-45.826
-1.1236,-10.191,-7.5174,5.3164,8.8737,-6.9116,81.951,191.12,123.9,89.111,-7.4582,-46.706
-0.99175,-9.9832,-7.5028,5.1126,8.9793,-6.8026,83.435,193.94,126.74,91.228,-6.6149,-47.608
-0.86537,-9.7432,-7.4187,4.9006,9.0344,-6.6416,84.961,196.73,129.53,93.337,-5.6926,-48.531
-0.72919,-9.4504,-7.2532,4.6635,9.0317,-6.4127,86.461,199.55,132.28,95.504,-4.692,-49.456
-0.57462,-9.0909,-7.0068,4.3903,8.9699,-6.1128,87.852,202.38,134.99,97.779,-3.6236,-50.356
-0.40627,-8.6646,-6.6952,4.0834,8.8546,-5.7548,89.083,205.18,137.65,100.18,-2.5038,-51.215
-0.2432,-8.1869,-6.3444,3.759,8.6993,-5.3641,90.147,207.88,140.23,102.71,-1.3483,-52.033
-0.11474,-7.6828,-5.9808,3.4401,8.5212,-4.9682,91.077,210.44,142.7,105.31,-0.16543,-52.83
-0.052035,-7.1756,-5.6203,3.1446,8.3347,-4.5853,91.936,212.82,145.08,107.91,1.0502,-53.642
-0.078467,-6.6759,-5.2636,2.8773,8.1443,-4.2189,92.799,215.07,147.4,110.44,2.3192,-54.512
-0.20172,-6.1767,-4.8981,2.6292,7.9428,-3.8577,93.738,217.23,149.74,112.88,3.6729,-55.481
-0.40865,-5.6562,-4.5044,2.3818,7.7135,-3.4798,94.806,219.39,152.19,115.24,5.1419,-56.573
-0.6641,-5.0844,-4.0621,2.1134,7.4396,-3.0583,96.024,221.65,154.82,117.57,6.7424,-57.791
-0.91509,-4.4321,-3.5596,1.8055,7.1135,-2.5695,97.376,224.07,157.66,119.96,8.4681,-59.117
-1.1011,-3.6814,-3.0021,1.4476,6.7461,-2.0023,98.803,226.7,160.7,122.51,10.289,-60.519
-1.1674,-2.8321,-2.4138,1.0376,6.3673,-1.3606,100.23,229.54,163.87,125.26,12.158,-61.974
-1.0771,-1.9001,-1.8302,0.57821,6.0174,-0.65725,101.62,232.54,167.07,128.21,14.028,-63.484
-0.81893,-0.9055,-1.2824,0.0696,5.7326,0.097996,102.96,235.64,170.27,131.31,15.862,-65.078
-0.4088,0.14406,-0.78228,-0.49756,5.5325,0.90986,104.33,238.78,173.47,134.43,17.642,-66.783
0.11514,1.2691,-0.31409,-1.1468,5.4138,1.8041,105.78,241.9,176.69,137.47,19.366,-68.586
0.70288,2.5249,0.16482,-1.915,5.3494,2.8279,107.35,244.96,180.01,140.38,21.042,-70.414
1.3047,3.991,0.71235,-2.8461,5.2962,4.0422,108.98,247.95,183.49,143.18,22.68,-72.152
1.8813,5.7411,1.3795,-3.9836,5.2067,5.5012,110.63,250.88,187.18,145.9,24.289,-73.702
2.4092,7.8077,2.1862,-5.3629,5.0451,7.2275,112.27,253.75,191.05,148.57,25.884,-75.042
2.8841,10.165,3.1116,-7.0017,4.7989,9.1966,113.91,256.59,195.03,151.18,27.493,-76.251
3.3187,12.745,4.1078,-8.8848,4.481,11.347,115.6,259.41,199.0,153.74,29.155,-77.48
3.739,15.485,5.1276,-10.964,4.1228,13.622,117.35,262.25,202.84,156.27,30.918,-78.902
4.1764,18.382,6.1504,-13.18,3.7609,16.03,119.11,265.14,206.52,158.84,32.825,-80.672
4.6578,21.518,7.1996,-15.493,3.424,18.678,120.81,268.13,210.06,161.54,34.895,-82.919
5.1942,25.034,8.3581,-17.878,3.1239,21.748,122.39,271.24,213.52,164.42,37.124,-85.754
5.775,29.026,9.7904,-20.309,2.8556,25.374,123.83,274.52,216.97,167.48,39.487,-89.267
6.375,33.403,11.769,-22.751,2.6055,29.457,125.19,277.99,220.47,170.71,41.953,-93.469
6.9701,37.844,14.658,-25.184,2.3602,33.614,126.57,281.62,224.05,174.07,44.493,-98.222
7.5537,42.032,18.701,-27.606,2.1111,37.483,128.05,285.39,227.69,177.48,47.086,-103.23
8.1421,45.903,23.604,-30.007,1.8506,41.014,129.61,289.26,231.33,180.9,49.712,-108.13
8.7721,49.554,28.511,-32.345,1.567,44.314,131.19,293.19,234.94,184.24,52.358,-112.66
9.4907,53.031,32.746,-34.557,1.2471,47.446,132.67,297.18,238.53,187.48,55.013,-116.73
10.338,56.298,36.173,-36.594,0.8855,50.408,134.01,301.23,242.17,190.62,57.669,-120.41
11.319,59.304,38.932,-38.445,0.488,53.159,135.26,305.36,245.97,193.68,60.323,-123.81
12.388,62.059,41.225,-40.144,0.061896,55.695,136.5,309.61,250.0,196.73,62.987,-126.95
13.448,64.653,43.284,-41.754,-0.39215,58.132,137.82,314.04,254.3,199.85,65.687,-129.76
14.41,67.231,45.353,-43.339,-0.87168,60.661,139.31,318.68,258.91,203.1,68.465,-132.18
15.229,69.92,47.624,-44.928,-1.3586,63.405,140.98,323.47,263.77,206.48,71.365,-134.16
15.921,72.761,50.16,-46.5,-1.819,66.334,142.8,328.28,268.79,209.97,74.426,-135.73
16.529,75.704,52.863,-48.012,-2.2185,69.325,144.69,333.02,273.83,213.55,77.671,-136.94
17.106,78.652,55.536,-49.432,-2.5454,72.241,146.57,337.64,278.76,217.2,81.108,-137.84
17.689,81.523,58.002,-50.765,-2.8227,74.963,148.39,342.23,283.52,220.89,84.727,-138.5
18.281,84.292,60.176,-52.047,-3.1048,77.407,150.15,346.9,288.09,224.58,88.511,-138.93
18.851,86.988,62.097,-53.303,-3.4619,79.579,151.86,351.79,292.51,228.24,92.436,-139.14
19.344,89.657,63.916,-54.533,-3.9652,81.597,153.56,356.92,296.88,231.87,96.484,-139.1
19.699,92.316,65.831,-55.731,-4.67,83.628,155.29,362.28,301.3,235.52,100.64,-138.78
19.887,94.945,67.958,-56.906,-5.5926,85.794,157.06,367.78,305.82,239.26,104.89,-138.17
19.936,97.524,70.288,-58.089,-6.6886,88.119,158.87,373.29,310.48,243.16,109.2,-137.3
19.932,100.06,72.748,-59.325,-7.8523,90.557,160.65,378.7,315.28,247.27,113.52,-136.22
19.982,102.59,75.278,-60.662,-8.949,93.019,162.32,383.92,320.24,251.6,117.8,-135.0
20.182,105.15,77.84,-62.144,-9.8721,95.428,163.8,388.92,325.34,256.11,121.97,-133.7
20.596,107.77,80.427,-63.824,-10.594,97.776,165.09,393.68,330.54,260.79,126.03,-132.35
21.269,110.5,83.063,-65.772,-11.184,100.15,166.2,398.22,335.76,265.63,130.0,-130.95
22.218,113.36,85.77,-68.089,-11.768,102.67,167.2,402.62,340.97,270.7,133.91,-129.5
23.43,116.43,88.539,-70.884,-12.482,105.37,168.15,406.93,346.14,276.02,137.81,-127.94
24.872,119.96,91.339,-74.21,-13.42,108.27,169.11,411.27,351.28,281.52,141.72,-126.2
26.526,124.26,94.159,-77.984,-14.596,111.49,170.13,415.7,356.38,287.03,145.64,-124.23
28.4,129.39,96.997,-81.975,-15.917,115.16,171.23,420.27,361.41,292.47,149.53,-121.94
30.488,135.08,99.818,-85.932,-17.213,119.2,172.39,425.0,366.36,297.84,153.38,-119.31
32.736,140.89,102.56,-89.718,-18.355,123.37,173.61,429.92,371.26,303.27,157.21,-116.38
35.027,146.51,105.23,-93.318,-19.365,127.54,174.89,435.02,376.13,308.89,161.07,-113.24
37.245,151.85,107.93,-96.765,-20.397,131.75,176.25,440.29,381.02,314.83,165.02,-110.09
39.324,157.0,110.84,-100.1,-21.623,136.16,177.7,445.68,385.98,321.11,169.14,-107.05
41.253,162.15,114.15,-103.35,-23.131,140.92,179.22,451.12,390.98,327.72,173.45,-104.08
43.048,167.49,118.03,-106.59,-24.89,146.14,180.79,456.56,395.99,334.62,177.95,-100.89
44.747,173.1,122.53,-109.89,-26.796,151.76,182.39,462.0,401.01,341.75,182.58,-97.213
46.399,178.93,127.52,-113.33,-28.742,157.56,183.99,467.47,406.06,348.97,187.28,-92.874
48.029,184.82,132.71,-116.98,-30.666,163.18,185.58,473.02,411.24,356.07,192.01,-87.842
49.596,190.64,137.8,-120.85,-32.549,168.38,187.15,478.66,416.67,362.84,196.79,-82.117
50.996,196.38,142.63,-124.94,-34.4,173.19,188.68,484.37,422.47,369.14,201.66,-75.806
52.135,202.22,147.24,-129.2,-36.235,177.83,190.15,490.09,428.67,375.04,206.73,-69.208
53.002,208.4,151.77,-133.57,-38.048,182.69,191.57,495.76,435.21,380.75,212.09,-62.677
53.688,215.17,156.44,-138.0,-39.814,188.07,192.93,501.32,441.95,386.59,217.87,-56.381
54.359,222.68,161.38,-142.44,-41.501,194.12,194.26,506.75,448.68,392.78,224.12,-50.223
55.222,230.87,166.61,-146.84,-43.088,200.71,195.53,512.03,455.23,399.43,230.82,-43.909
56.458,239.45,172.02,-151.16,-44.59,207.66,196.72,517.12,461.6,406.5,237.87,-37.139
58.159,247.99,177.49,-155.38,-46.08,214.89,197.78,522.01,467.91,413.91,245.1,-29.885
60.31,256.05,183.03,-159.53,-47.67,222.36,198.68,526.69,474.35,421.55,252.36,-22.518
62.821,263.45,188.76,-163.66,-49.447,229.89,199.4,531.2,481.05,429.37,259.5,-15.625
65.558,270.23,194.8,-167.86,-51.424,237.22,199.96,535.67,487.98,437.38,266.52,-9.7651
68.367,276.67,201.18,-172.29,-53.539,244.1,200.39,540.16,494.95,445.62,273.45,-4.8556
71.097,283.1,207.79,-177.09,-55.735,250.43,200.71,544.71,501.76,454.07,280.38,0.015968
73.606,289.8,214.46,-182.38,-58.02,256.34,200.95,549.23,508.3,462.7,287.38,5.7679
75.772,296.97,221.0,-188.14,-60.451,262.13,201.11,553.63,514.63,471.44,294.52,12.985
77.506,304.77,227.32,-194.19,-63.093,268.2,201.21,557.82,520.85,480.23,301.84,22.117
78.801,313.46,233.49,-200.31,-65.984,274.89,201.23,561.76,527.09,489.04,309.34,33.147
79.757,323.14,239.63,-206.39,-69.129,282.28,201.17,565.44,533.44,497.82,317.02,44.903
80.566,333.49,245.94,-212.35,-72.478,290.26,201.07,568.89,539.94,506.55,324.83,55.957
81.428,344.02,252.62,-218.04,-75.913,298.71,201.0,572.12,546.56,515.19,332.7,65.863
82.437,354.44,259.76,-223.37,-79.286,307.52,201.01,575.16,553.24,523.7,340.56,74.684
83.56,364.62,267.37,-228.44,-82.504,316.57,201.12,577.99,559.83,532.1,348.32,82.531
84.717,374.58,275.38,-233.38,-85.598,325.73,201.24,580.56,566.13,540.46,355.94,89.648
85.842,384.44,283.61,-238.34,-88.694,334.94,201.15,582.81,571.98,548.88,363.39,96.385
86.896,394.31,291.91,-243.35,-91.895,344.22,200.61,584.67,577.24,557.38,370.62,103.05
87.842,404.16,300.2,-248.31,-95.181,353.58,199.43,586.1,581.86,565.78,377.57,109.89
88.636,413.75,308.49,-252.99,-98.426,362.95,197.41,587.03,585.82,573.79,384.17,117.1
89.266,422.72,316.73,-257.19,-101.51,372.09,194.32,587.33,589.13,581.22,390.41,124.44
89.767,430.82,324.8,-260.83,-104.38,380.71,190.09,586.76,591.82,588.02,396.37,131.29
90.196,437.98,332.59,-264.05,-107.07,388.62,185.05,584.94,593.92,594.25,402.1,137.3
90.599,444.35,339.96,-267.1,-109.62,395.76,179.69,581.61,595.53,599.95,407.63,142.59
91.008,450.26,346.71,-270.31,-112.06,402.18,174.33,576.89,596.72,605.14,412.94,147.48
91.449,456.14,352.53,-273.94,-114.41,408.01,169.09,571.22,597.59,609.79,418.04,152.16
91.948,462.5,357.17,-278.06,-116.66,413.4,163.82,564.99,598.19,613.91,422.94,156.7
92.517,469.58,360.74,-282.47,-118.79,418.43,158.12,558.23,598.58,617.58,427.68,161.11
93.136,476.96,363.71,-286.78,-120.76,422.96,151.57,550.7,598.77,620.92,432.3,165.41
93.758,483.69,366.47,-290.61,-122.56,426.79,143.96,541.97,598.69,624.05,436.81,169.88
94.316,489.15,369.28,-293.72,-124.18,429.82,135.32,531.73,598.08,627.12,441.19,175.2
94.737,493.17,372.07,-296.02,-125.6,432.06,125.95,519.87,596.35,630.13,445.39,181.39
94.971,495.72,374.2,-297.46,-126.7,433.41,116.25,506.46,592.86,632.72,449.28,186.3
95.014,496.59,375.03,-297.85,-127.31,433.63,106.64,491.65,587.93,634.26,452.58,189.2
94.902,495.38,374.42,-296.93,-127.37,432.43,97.578,475.7,583.06,634.19,454.72,190.98
94.684,491.71,372.43,-294.48,-126.84,429.63,89.382,459.05,578.93,632.24,455.02,191.77
94.376,485.27,368.89,-290.46,-125.51,425.15,82.036,442.1,574.97,628.21,453.02,191.24
93.917,475.96,363.57,-285.13,-123.07,418.93,75.271,425.11,570.04,621.91,448.77,188.94
93.19,464.1,356.36,-278.94,-119.26,410.83,68.743,408.18,562.78,613.16,442.56,184.36
92.156,450.36,346.92,-272.14,-114.14,400.51,62.222,391.35,552.05,601.65,434.24,177.07
90.923,435.3,334.81,-264.49,-108.03,387.53,55.635,374.24,537.27,585.31,423.4,166.91
89.536,419.15,319.97,-255.89,-101.31,371.85,48.894,356.47,517.96,567.53,410.89,154.06
87.873,401.94,303.07,-247.11,-94.182,354.26,41.932,339.81,493.39,550.98,398.55,138.75
85.752,383.71,285.1,-238.02,-86.679,335.78,35.018,323.74,470.79,531.95,385.98,122.0
82.999,364.64,267.05,-228.04,-78.84,317.08,28.667,306.81,449.9,510.59,371.61,106.81
79.521,344.62,249.32,-216.97,-70.974,298.02,23.255,288.92,427.78,487.53,354.99,94.047
75.337,323.7,231.51,-204.73,-63.624,278.47,18.869,270.41,404.76,463.29,336.43,82.111
70.569,302.22,213.62,-191.46,-57.225,258.61,15.378,251.67,381.13,438.09,316.32,69.664
65.447,280.72,196.06,-177.57,-51.914,238.85,12.471,233.09,356.9,412.03,295.05,56.106
60.342,259.76,179.42,-163.65,-47.653,219.84,9.6539,215.02,332.1,385.2,273.06,41.162
55.656,239.86,164.24,-150.37,-44.33,202.2,6.7476,197.58,306.93,357.6,250.82,24.849
51.612,221.29,150.97,-138.41,-41.708,186.32,4.5515,180.85,281.67,330.35,228.79,7.7017
48.139,204.19,139.84,-127.77,-39.329,172.39,3.2118,165.24,256.8,303.69,207.42,-9.3006
44.94,188.48,130.35,-117.99,-36.587,160.19,2.3121,150.72,233.45,278.32,186.97,-25.322
41.643,173.38,120.59,-108.54,-33.148,148.23,1.6525,137.24,211.84,254.78,167.65,-39.838
37.996,157.84,109.17,-99.021,-29.071,134.93,1.1574,124.77,192.15,233.23,149.57,-52.351
34.001,141.77,96.905,-89.486,-24.54,120.57,0.78607,113.28,174.25,213.44,132.71,-62.734
29.789,125.94,85.478,-80.189,-19.791,106.37,0.51084,102.64,157.79,194.88,116.93,-71.545
25.5,111.12,75.944,-71.27,-15.154,93.48,0.31169,92.747,142.29,176.95,102.05,-79.728
21.426,97.687,67.623,-62.818,-10.981,82.135,0.17316,83.442,127.28,159.2,87.867,-88.265
17.848,85.629,59.168,-54.87,-7.5014,72.134,0.080603,74.561,112.4,141.53,74.216,-97.834
14.654,74.709,50.422,-47.3,-4.76,62.99,0.017757,65.972,97.582,124.28,61.088,-108.25
11.506,64.517,41.908,-39.921,-2.6723,54.178,-0.032961,57.65,83.152,107.99,48.668,-118.81
8.3922,54.979,34.077,-32.986,-1.0943,45.717,-0.087474,49.696,69.699,93.185,37.293,-128.75
5.7054,46.341,27.049,-26.928,0.13512,37.88,-0.1562,42.286,57.712,80.119,27.384,-137.6
3.7608,38.678,20.604,-21.835,1.1604,30.847,-0.24115,35.58,47.309,68.772,19.288,-145.3
2.5408,31.784,14.322,-17.559,2.0761,24.596,-0.33529,29.591,38.329,58.954,13.084,-151.99
1.8324,25.401,8.2043,-13.95,2.9205,18.92,-0.4246,24.054,30.569,50.39,8.3944,-157.74
1.3929,19.404,3.5487,-10.956,3.6919,13.567,-0.49265,18.652,23.876,42.782,4.5731,-162.48
1.0433,13.819,1.0071,-8.3451,4.3699,8.6134,-0.52627,13.699,18.036,35.876,1.1854,-166.11
0.69492,9.3698,-0.30918,-5.9939,4.934,4.9928,-0.5202,9.9375,12.946,29.464,-1.8947,-168.53
0.33767,6.8284,-1.1132,-4.3495,5.3804,2.9325,-0.47824,7.4679,8.9858,23.379,-4.6623,-169.82
0.014064,5.3209,-1.6924,-3.3371,5.732,1.6849,-0.41045,5.8501,6.2394,17.723,-7.0951,-170.26
-0.21345,4.2248,-2.168,-2.704,6.033,0.80514,-0.3282,4.687,4.2605,12.729,-9.1849,-170.25
-0.2943,3.3762,-2.6066,-2.3002,6.331,0.12777,-0.23914,3.7612,2.7284,8.6304,-10.937,-170.08
-0.2116,2.7023,-3.0479,-2.0411,6.6588,-0.42496,-0.14361,2.9743,1.4944,5.6236,-12.363,-169.88
0.011099,2.1405,-3.51,-1.8688,7.0249,-0.90262,-0.034474,2.2897,0.48577,3.5013,-13.476,-169.68
0.31701,1.6346,-3.9919,-1.7385,7.4146,-1.3392,0.097867,1.7034,-0.33448,1.9532,-14.294,-169.5
0.63251,1.1424,-4.4799,-1.6169,7.798,-1.7564,0.25711,1.2268,-0.9855,0.75962,-14.848,-169.34
0.8877,0.63856,-4.9587,-1.483,8.1432,-2.1668,0.43472,0.87277,-1.4825,-0.21588,-15.186,-169.23
1.036,0.11468,-5.4246,-1.3284,8.4326,-2.579,0.60999,0.64256,-1.8486,-1.0562,-15.37,-169.23
1.0662,-0.42248,-5.8929,-1.1568,8.6744,-3.0017,0.75622,0.51803,-2.1215,-1.8071,-15.465,-169.44
1.0008,-0.9548,-6.3937,-0.98078,8.9008,-3.4429,0.84952,0.46453,-2.3487,-2.4863,-15.526,-169.87
0.88106,-1.4597,-6.9557,-0.81496,9.1516,-3.9062,0.87692,0.44257,-2.5748,-3.0913,-15.592,-170.42
0.7473,-1.9197,-7.5845,-0.66678,9.4526,-4.3863,0.84162,0.42122,-2.8263,-3.6128,-15.684,-170.81
0.62723,-2.329,-8.2488,-0.53208,9.7999,-4.8687,0.76354,0.38657,-3.104,-4.0459,-15.808,-170.65
0.53661,-2.6942,-8.8871,-0.3991,10.161,-5.334,0.67397,0.34294,-3.3869,-4.3961,-15.955,-169.59
0.48278,-3.027,-9.4342,-0.25844,10.492,-5.7632,0.6035,0.30777,-3.6442,-4.6759,-16.111,-167.44
0.47057,-3.3329,-9.8494,-0.11204,10.755,-6.1404,0.57034,0.30239,-3.85,-4.8968,-16.254,-164.21
0.51185,-3.602,-10.125,0.024128,10.935,-6.4513,0.5753,0.34213,-3.9941,-5.0631,-16.363,-160.12
0.62517,-3.8078,-10.275,0.12521,11.03,-6.6805,0.60398,0.43004,-4.0823,-5.1698,-16.418,-155.62
0.81953,-3.9222,-10.313,0.16791,11.05,-6.8121,0.63663,0.55738,-4.1277,-5.206,-16.403,-151.22
1.078,-3.9273,-10.239,0.14052,10.993,-6.8317,0.66008,0.70959,-4.1364,-5.1608,-16.301,-147.31
1.3549,-3.8203,-10.039,0.047547,10.842,-6.7293,0.67552,0.8732,-4.0989,-5.0303,-16.105,-144.03
1.5852,-3.6115,-9.695,-0.092292,10.568,-6.5043,0.69906,1.0397,-3.9925,-4.8222,-15.816,-141.3
1.7017,-3.3198,-9.1997,-0.25238,10.151,-6.1666,0.75571,1.2061,-3.7916,-4.5564,-15.45,-138.93
1.6541,-2.9704,-8.567,-0.40542,9.5915,-5.7372,0.86978,1.3733,-3.4808,-4.2583,-15.035,-136.74
1.4219,-2.5877,-7.8324,-0.5288,8.9181,-5.2447,1.055,1.5435,-3.0642,-3.9501,-14.604,-134.67
1.0201,-2.1939,-7.0452,-0.60807,8.175,-4.7212,1.3079,1.7165,-2.5654,-3.644,-14.181,-132.69
0.49568,-1.8061,-6.2572,-0.63966,7.4126,-4.1954,1.6069,1.8873,-2.0209,-3.3396,-13.778,-130.76
-0.082623,-1.4338,-5.5124,-0.63194,6.6783,-3.6898,1.9193,2.0462,-1.4684,-3.0279,-13.393,-128.87
-0.63965,-1.0787,-4.8403,-0.60188,6.0091,-3.2182,2.2139,2.1837,-0.93531,-2.6979,-13.011,-127.01
-1.1108,-0.74101,-4.2547,-0.56761,5.4269,-2.7878,2.4716,2.2969,-0.43003,-2.3433,-12.616,-125.23
-1.4542,-0.42653,-3.7608,-0.54244,4.9398,-2.4044,2.6898,2.3947,0.05832,-1.9652,-12.192,-123.52
-1.6551,-0.14773,-3.3617,-0.53082,4.549,-2.076,2.8771,2.497,0.55076,-1.571,-11.727,-121.8
-1.7248,0.082313,-3.0633,-0.53228,4.2562,-1.8123,3.0433,2.6278,1.0643,-1.1711,-11.218,-119.98
-1.692,0.25824,-2.8718,-0.54509,4.0666,-1.6206,3.1922,2.8063,1.601,-0.77533,-10.671,-118.03
-1.588,0.38715,-2.7883,-0.57137,3.9856,-1.5013,3.3169,3.0397,2.1456,-0.39074,-10.106,-115.92
-1.4302,0.48703,-2.806,-0.61779,4.014,-1.4454,3.4042,3.3231,2.6727,-0.021765,-9.547,-113.7
-1.2159,0.58139,-2.9091,-0.69613,4.1457,-1.437,3.4421,3.6434,3.1594,0.32874,-9.0169,-111.42
-0.93,0.6939,-3.0751,-0.8212,4.3661,-1.4561,3.4285,3.9864,3.5955,0.65934,-8.5263,-109.12
-0.56117,0.84254,-3.2756,-1.0053,4.651,-1.4812,3.3778,4.3417,3.9875,0.97084,-8.0737,-106.81
-0.11235,1.0389,-3.4778,-1.2508,4.9672,-1.4909,3.3157,4.7051,4.3521,1.2663,-7.6502,-104.49
0.39934,1.2837,-3.6488,-1.5484,5.2776,-1.4664,3.2674,5.078,4.7059,1.5488,-7.2463,-102.09
0.94931,1.5663,-3.764,-1.8789,5.5534,-1.3969,3.2467,5.466,5.0562,1.8187,-6.8554,-99.537
1.5114,1.867,-3.8153,-2.2194,5.7845,-1.2827,3.2537,5.876,5.4002,2.0717,-6.4721,-96.755
2.06,2.1629,-3.8123,-2.5506,5.9803,-1.1355,3.2804,6.3119,5.7287,2.3002,-6.0907,-93.768
2.5705,2.4386,-3.7742,-2.861,6.1589,-0.97384,3.3172,6.7716,6.033,2.496,-5.7059,-90.671
3.0198,2.6934,-3.7173,-3.1496,6.3321,-0.81102,3.3583,7.2452,6.3084,2.6554,-5.316,-87.544
3.3899,2.9458,-3.6445,-3.4236,6.4939,-0.64647,3.4032,7.7145,6.5554,2.7821,-4.9267,-84.385
3.6722,3.2295,-3.542,-3.6973,6.6187,-0.46576,3.4556,8.1568,6.7797,2.8889,-4.5502,-81.141
3.8684,3.576,-3.3912,-3.9901,6.6732,-0.25005,3.5191,8.5488,6.9907,2.9941,-4.2027,-77.789
3.9884,3.9982,-3.1879,-4.3223,6.6381,0.0092929,3.5935,8.8722,7.1992,3.1164,-3.9001,-74.377
4.0514,4.4819,-2.9557,-4.7055,6.5278,0.302,3.6732,9.1174,7.4134,3.268,-3.6546,-70.988
4.0913,4.9898,-2.737,-5.1237,6.3883,0.60248,3.7459,9.2836,7.6347,3.4515,-3.4717,-67.693
4.1563,5.4711,-2.568,-5.5277,6.2739,0.8819,3.7953,9.3768,7.8565,3.6601,-3.3473,-64.543
4.2926,5.8764,-2.4596,-5.8571,6.2201,1.1203,3.8084,9.4083,8.0674,3.8823,-3.265,-61.634
4.5236,6.1771,-2.395,-6.083,6.2292,1.3126,3.7827,9.3913,8.2555,4.1068,-3.1984,-59.087
4.8407,6.3829,-2.3405,-6.2252,6.2751,1.4715,3.7277,9.3379,8.415,4.3258,-3.1192,-56.944
5.2121,6.5336,-2.2575,-6.3376,6.3186,1.6243,3.6587,9.2557,8.5492,4.5376,-3.0076,-55.116
5.5989,6.6775,-2.1165,-6.4766,6.3236,1.799,3.5891,9.1457,8.6668,4.7463,-2.8606,-53.43
5.9696,6.8494,-1.9105,-6.681,6.2724,2.0091,3.524,9.0042,8.7729,4.9589,-2.6926,-51.698
6.3105,7.0649,-1.6601,-6.9707,6.1704,2.247,3.4571,8.8274,8.863,5.1789,-2.5299,-49.763
6.6285,7.326,-1.4069,-7.3561,6.0448,2.4894,3.3725,8.6163,8.9234,5.4014,-2.3996,-47.542
6.9482,7.6272,-1.1981,-7.8427,5.9332,2.7088,3.2536,8.3774,8.9388,5.6107,-2.3194,-45.024
7.3021,7.9654,-1.0688,-8.4394,5.8707,2.8879,3.0929,8.1213,8.901,5.7865,-2.2908,-42.274
7.7229,8.3464,-1.0293,-9.1595,5.8797,3.0283,2.8945,7.8578,8.8133,5.9122,-2.2997,-39.416
8.2398,8.7808,-1.062,-10.019,5.9621,3.1504,2.6707,7.595,8.6888,5.9812,-2.3231,-36.606
8.877,9.2723,-1.1297,-11.019,6.1025,3.2823,2.4349,7.3379,8.5462,5.9994,-2.3373,-33.965
9.6546,9.8016,-1.1923,-12.128,6.2788,3.4422,2.1937,7.0894,8.4056,5.9814,-2.3236,-31.542
10.579,10.323,-1.2243,-13.281,6.4744,3.6246,1.945,6.8519,8.2844,5.9451,-2.2684,-29.301
11.63,10.774,-1.2225,-14.385,6.6823,3.801,1.6841,6.6285,8.193,5.9069,-2.1622,-27.17
12.74,11.104,-1.1977,-15.332,6.9,3.9348,1.4129,6.4228,8.1307,5.8772,-1.9991,-25.063
13.809,11.288,-1.1608,-16.029,7.1171,4.002,1.1433,6.2393,8.0882,5.8588,-1.7784,-22.908
14.734,11.33,-1.1187,-16.415,7.3118,4.0015,0.89105,6.0818,8.0527,5.8483,-1.5063,-20.648
15.46,11.261,-1.0798,-16.496,7.462,3.9527,0.66906,5.9527,8.0158,5.8382,-1.1983,-18.269
16.005,11.136,-1.0592,-16.363,7.5662,3.883,0.48307,5.8494,7.9775,5.8206,-0.87936,-15.824
16.457,11.016,-1.0767,-16.184,7.6506,3.8119,0.33322,5.7618,7.9438,5.7895,-0.58302,-13.42
16.938,10.946,-1.1524,-16.149,7.7572,3.7436,0.22495,5.6731,7.9218,5.7441,-0.34464,-11.178
17.547,10.946,-1.2983,-16.393,7.921,3.671,0.17785,5.5657,7.9127,5.6909,-0.19276,-9.1774
18.305,11.013,-1.5089,-16.946,8.1462,3.5862,0.21569,5.4277,7.9106,5.6448,-0.1418,-7.4487
19.117,11.133,-1.7567,-17.729,8.3974,3.4893,0.34885,5.259,7.9059,5.6223,-0.18821,-5.9847
19.8,11.283,-1.9955,-18.569,8.6073,3.3924,0.5698,5.0703,7.8911,5.6303,-0.31736,-4.758
20.19,11.44,-2.1748,-19.274,8.7028,3.3145,0.85592,4.8783,7.8645,5.6584,-0.50573,-3.7369
20.222,11.577,-2.2586,-19.704,8.6382,3.2724,1.1718,4.6994,7.8315,5.6812,-0.72506,-2.8853
19.956,11.667,-2.2384,-19.808,8.422,3.2721,1.4746,4.5446,7.8015,5.6698,-0.94809,-2.173
19.547,11.697,-2.1344,-19.624,8.1149,3.3065,1.7249,4.4159,7.7846,5.6033,-1.1561,-1.5727
19.195,11.674,-1.9846,-19.254,7.802,3.361,1.8994,4.3064,7.7861,5.4765,-1.3458,-1.0598
19.062,11.625,-1.828,-18.826,7.5547,3.4223,2.0002,4.2027,7.8054,5.3001,-1.5246,-0.61289
19.204,11.583,-1.6871,-18.445,7.4003,3.4873,2.0538,4.0903,7.838,5.0961,-1.7078,-0.21372
19.549,11.576,-1.558,-18.161,7.3129,3.5651,2.0982,3.96,7.8784,4.8889,-1.9112,0.15294
19.929,11.629,-1.4144,-17.973,7.2286,3.6731,2.1644,3.8114,7.9209,4.6969,-2.1494,0.49798
20.145,11.751,-1.224,-17.854,7.0772,3.8268,2.2643,3.6523,7.9605,4.5255,-2.439,0.83059
20.051,11.94,-0.96981,-17.772,6.8157,4.0306,2.3886,3.4945,7.992,4.3666,-2.8004,1.1558
19.627,12.173,-0.66165,-17.704,6.4478,4.2728,2.5142,3.3464,8.0089,4.204,-3.2526,1.476
18.96,12.407,-0.33196,-17.619,6.0172,4.528,2.6183,3.2089,8.002,4.023,-3.806,1.7902
18.169,12.575,-0.020479,-17.454,5.5821,4.7631,2.69,3.0736,7.9593,3.8182,-4.4539,2.0923
17.328,12.594,0.24273,-17.099,5.1869,4.9455,2.7328,2.9257,7.8673,3.5949,-5.172,2.3707
16.437,12.393,0.44777,-16.415,4.8446,5.05,2.7588,2.7483,7.714,3.3639,-5.9239,2.6088
15.444,11.951,0.60511,-15.287,4.5394,5.0645,2.7806,2.5261,7.4925,3.1348,-6.6723,2.7888
14.326,11.312,0.73639,-13.697,4.2415,4.9887,2.8025,2.2465,7.2017,2.9094,-7.3903,2.8992
13.213,10.542,0.86157,-11.777,3.9251,4.8289,2.8185,1.9002,6.845,2.6787,-8.0691,2.9385
12.299,9.6831,0.98963,-9.817,3.5735,4.5921,2.8133,1.4817,6.427,2.4237,-8.7196,2.9143
11.572,8.7425,1.1171,-8.1158,3.1727,4.2814,2.7665,0.99105,5.9513,2.1214,-9.3633,2.8368
10.824,7.7148,1.2337,-6.7831,2.7057,3.896,2.6574,0.43465,5.4205,1.7549,-10.025,2.714
9.8635,6.5953,1.3297,-5.709,2.1551,3.4337,2.471,-0.17674,4.8394,1.3208,-10.726,2.5494
8.545,5.3758,1.3976,-4.6979,1.5122,2.8931,2.2047,-0.83068,4.2195,0.83045,-11.476,2.3443
6.6765,4.034,1.4304,-3.5591,0.78233,2.2741,1.8672,-1.5146,3.5796,0.30366,-12.272,2.101
4.0052,2.5324,1.4204,-2.1268,-0.015967,1.577,1.4697,-2.2162,2.9399,-0.24,-13.102,1.8257
0.35158,0.83063,1.3606,-0.2692,-0.85594,0.80544,1.0225,-2.9255,2.3125,-0.78623,-13.949,1.5313
-4.1906,-1.0908,1.2478,2.1008,-1.7084,-0.03175,0.5404,-3.6374,1.6965,-1.3264,-14.805,1.2358
-9.1802,-3.2022,1.0836,4.9899,-2.5464,-0.91769,0.04742,-4.3551,1.0797,-1.8558,-15.666,0.95691
-13.932,-5.404,0.87586,8.2092,-3.3475,-1.824,-0.42407,-5.0909,0.44773,-2.3723,-16.533,0.70597
-17.735,-7.5264,0.63849,11.259,-4.096,-2.7118,-0.84031,-5.8629,-0.20594,-2.8757,-17.41,0.4829
-20.139,-9.3674,0.39153,13.518,-4.7823,-3.5362,-1.1775,-6.6882,-0.87291,-3.3666,-18.283,0.27793
-21.129,-10.782,0.15846,14.7,-5.4002,-4.2605,-1.4306,-7.5744,-1.5301,-3.8416,-19.135,0.079282
-21.129,-11.76,-0.039759,15.077,-5.9396,-4.8699,-1.6139,-8.5104,-2.1458,-4.2898,-19.939,-0.11808
-20.882,-12.426,-0.19128,15.208,-6.377,-5.3757,-1.7564,-9.4604,-2.6901,-4.6921,-20.67,-0.30836
-20.975,-12.935,-0.29676,15.429,-6.675,-5.8025,-1.8934,-10.364,-3.1435,-5.0256,-21.313,-0.47615
-21.313,-13.378,-0.36662,15.772,-6.7979,-6.1715,-2.0556,-11.145,-3.501,-5.2717,-21.861,-0.60046
-21.491,-13.765,-0.41474,16.125,-6.7369,-6.4887,-2.2553,-11.725,-3.7689,-5.4216,-22.314,-0.66102
-21.306,-14.057,-0.45205,16.365,-6.5207,-6.7438,-2.4782,-12.046,-3.9572,-5.4762,-22.672,-0.64317
-20.771,-14.206,-0.48434,16.399,-6.2041,-6.9156,-2.6933,-12.087,-4.0744,-5.4408,-22.92,-0.54354
-19.973,-14.184,-0.51437,16.194,-5.838,-6.9849,-2.8751,-11.876,-4.126,-5.3222,-23.029,-0.37392
-19.012,-14.002,-0.54606,15.775,-5.4582,-6.9478,-3.0172,-11.486,-4.1206,-5.1315,-22.96,-0.15696
-17.974,-13.701,-0.58739,15.215,-5.0832,-6.8225,-3.1285,-11.008,-4.0747,-4.8869,-22.681,0.08383
-16.928,-13.339,-0.64943,14.599,-4.7188,-6.6449,-3.2188,-10.529,-4.0144,-4.614,-22.181,0.32991
-15.928,-12.975,-0.74069,14.002,-4.3699,-6.4556,-3.2915,-10.11,-3.9704,-4.3407,-21.477,0.57065
-15.03,-12.649,-0.85934,13.476,-4.048,-6.2829,-3.3449,-9.7857,-3.9711,-4.0917,-20.6,0.8017
-14.305,-12.381,-0.98872,13.049,-3.7755,-6.1354,-3.3781,-9.5669,-4.0349,-3.884,-19.587,1.02
-13.845,-12.169,-1.0995,12.728,-3.589,-6.0045,-3.3953,-9.4499,-4.166,-3.7272,-18.462,1.2184
-13.734,-11.998,-1.1586,12.513,-3.5297,-5.8722,-3.4059,-9.4166,-4.3516,-3.6243,-17.239,1.3845
-13.994,-11.847,-1.1402,12.39,-3.6243,-5.7211,-3.4212,-9.4353,-4.5653,-3.5729,-15.918,1.5014
-14.566,-11.695,-1.0344,12.335,-3.8679,-5.5422,-3.4513,-9.466,-4.7756,-3.5662,-14.49,1.5546
-15.319,-11.526,-0.84904,12.312,-4.2203,-5.3349,-3.5039,-9.4719,-4.9574,-3.5945,-12.944,1.5408
-16.107,-11.332,-0.60478,12.283,-4.6207,-5.1039,-3.5844,-9.4332,-5.0994,-3.6486,-11.278,1.471
-16.826,-11.106,-0.32569,12.221,-5.0156,-4.8536,-3.6964,-9.3556,-5.2055,-3.724,-9.5042,1.3636
-17.414,-10.842,-0.02932,12.118,-5.3822,-4.5823,-3.8432,-9.2669,-5.2884,-3.8218,-7.6521,1.2394
-17.834,-10.532,0.27788,11.974,-5.7312,-4.2812,-4.0273,-9.2031,-5.3612,-3.9453,-5.7618,1.114
-18.055,-10.163,0.59681,11.794,-6.0891,-3.9411,-4.2476,-9.1915,-5.4324,-4.0932,-3.8744,0.99389
-18.091,-9.7345,0.92625,11.584,-6.4784,-3.5615,-4.4956,-9.2368,-5.5045,-4.256,-2.0221,0.87686
-17.993,-9.2634,1.2555,11.357,-6.9068,-3.1587,-4.7531,-9.3165,-5.5758,-4.418,-0.21902,0.75685
-17.793,-8.7917,1.5624,11.141,-7.3679,-2.7638,-4.9924,-9.3903,-5.6434,-4.5656,1.5306,0.62705
-17.467,-8.3729,1.8186,10.965,-7.8329,-2.414,-5.184,-9.4196,-5.7078,-4.6943,3.2227,0.48268
-16.973,-8.0502,1.999,10.839,-8.2511,-2.1396,-5.307,-9.389,-5.7752,-4.8109,4.8381,0.32343
-16.304,-7.8365,2.0925,10.735,-8.5604,-1.955,-5.3567,-9.3135,-5.8553,-4.9287,6.3375,0.15413
-15.572,-7.7178,2.107,10.611,-8.7154,-1.8569,-5.3405,-9.2293,-5.9543,-5.0583,7.6694,-0.015801
-15.01,-7.6689,2.0658,10.456,-8.7167,-1.8303,-5.2697,-9.1727,-6.0679,-5.1995,8.7894,-0.17067
-14.853,-7.67,1.9941,10.314,-8.6058,-1.858,-5.1556,-9.1628,-6.1796,-5.338,9.68,-0.29102
-15.197,-7.7181,1.9064,10.247,-8.4351,-1.9326,-5.0057,-9.1914,-6.2642,-5.4466,10.362,-0.35885
-15.957,-7.8228,1.8006,10.292,-8.2432,-2.0581,-4.8186,-9.2251,-6.2954,-5.493,10.894,-0.36241
-16.917,-7.9969,1.6633,10.446,-8.0462,-2.2441,-4.583,-9.2182,-6.2548,-5.4487,11.354,-0.29804
-17.852,-8.2469,1.4817,10.688,-7.8498,-2.4944,-4.2864,-9.1272,-6.1384,-5.2973,11.814,-0.17065
-18.651,-8.5724,1.2548,11.0,-7.6613,-2.7985,-3.9273,-8.9323,-5.9567,-5.0384,12.319,0.010768
-19.312,-8.9588,0.99801,11.373,-7.493,-3.1301,-3.525,-8.6383,-5.7284,-4.6874,12.869,0.23419
-19.851,-9.3743,0.73904,11.795,-7.3543,-3.4534,-3.1192,-8.2676,-5.475,-4.2721,13.43,0.48228
-20.206,-9.7704,0.50807,12.222,-7.2392,-3.732,-2.7593,-7.8487,-5.218,-3.8267,13.945,0.73434
-20.221,-10.09,0.3279,12.572,-7.1181,-3.9389,-2.4833,-7.4094,-4.9798,-3.3846,14.36,0.97313
-19.785,-10.289,0.20753,12.763,-6.9435,-4.0621,-2.3011,-6.9764,-4.7829,-2.9729,14.641,1.1879
-18.961,-10.352,0.14181,12.763,-6.6723,-4.1073,-2.1939,-6.5774,-4.6475,-2.6118,14.776,1.376
-17.945,-10.299,0.1159,12.611,-6.2942,-4.0938,-2.128,-6.2405,-4.5865,-2.3139,14.78,1.5407
-16.944,-10.169,0.11064,12.372,-5.8408,-4.0471,-2.0709,-5.9898,-4.5996,-2.0817,14.683,1.6863
-16.096,-9.9888,0.10593,12.08,-5.3669,-3.9903,-2.0005,-5.8405,-4.6709,-1.9051,14.527,1.8148
-15.437,-9.7671,0.082466,11.716,-4.9142,-3.9376,-1.9077,-5.795,-4.7748,-1.7642,14.349,1.9267
-14.888,-9.4964,0.023528,11.227,-4.4941,-3.8944,-1.7953,-5.8406,-4.8808,-1.6368,14.175,2.0249
-14.277,-9.1694,-0.083149,10.58,-4.0908,-3.8614,-1.6759,-5.9486,-4.9596,-1.5077,14.022,2.1183
-13.442,-8.7931,-0.24457,9.7864,-3.6765,-3.8397,-1.5687,-6.0755,-4.9887,-1.3734,13.893,2.2218
-12.315,-8.3952,-0.46345,8.9115,-3.2253,-3.8343,-1.4923,-6.1682,-4.9578,-1.2419,13.791,2.3519
-10.949,-8.0181,-0.73925,8.0426,-2.7225,-3.8541,-1.4585,-6.1772,-4.8724,-1.1266,13.716,2.5181
-9.4743,-7.7015,-1.067,7.2517,-2.1701,-3.9066,-1.4666,-6.0737,-4.7526,-1.0401,13.661,2.7162
-8.0419,-7.4676,-1.4345,6.5786,-1.5867,-3.9927,-1.5075,-5.8601,-4.6272,-0.9894,13.608,2.9256
-6.7689,-7.3179,-1.8212,6.0377,-1.0044,-4.1052,-1.5715,-5.5662,-4.5237,-0.97445,13.525,3.1158
-5.7216,-7.2398,-2.2021,5.6279,-0.45914,-4.2311,-1.6509,-5.2342,-4.4604,-0.98971,13.379,3.2585
-4.9199,-7.2124,-2.553,5.3333,0.019304,-4.3566,-1.7372,-4.9041,-4.4425,-1.0267,13.149,3.3409
-4.341,-7.2067,-2.855,5.1212,0.41344,-4.4673,-1.8199,-4.6005,-4.4639,-1.0766,12.841,3.3737
-3.9319,-7.1862,-3.0933,4.9462,0.71648,-4.5469,-1.8856,-4.3343,-4.5113,-1.1326,12.493,3.3821
-3.6383,-7.1155,-3.2538,4.768,0.9256,-4.5765,-1.9191,-4.1055,-4.5683,-1.1894,12.16,3.3969
-3.4339,-6.9747,-3.3209,4.5717,1.0353,-4.5388,-1.9063,-3.9078,-4.6179,-1.2416,11.9,3.443
-3.3259,-6.7693,-3.2789,4.3732,1.0349,-4.4249,-1.8436,-3.7301,-4.6454,-1.2836,11.752,3.5317
-3.3366,-6.5275,-3.1185,4.204,0.91283,-4.2395,-1.7424,-3.558,-4.6398,-1.3077,11.734,3.6592
-3.4854,-6.2863,-2.8442,4.0918,0.66791,-4.0002,-1.6242,-3.3757,-4.5949,-1.3079,11.835,3.811
-3.7802,-6.0745,-2.4761,4.0483,0.31479,-3.7307,-1.5098,-3.1704,-4.5084,-1.2806,12.027,3.971
-4.2147,-5.9017,-2.0413,4.0697,-0.12084,-3.4494,-1.4123,-2.9364,-4.3824,-1.2279,12.263,4.1307
-4.7668,-5.7571,-1.5658,4.1408,-0.61029,-3.1638,-1.3335,-2.6779,-4.2254,-1.1575,12.487,4.2947
-5.3983,-5.6169,-1.0748,4.2389,-1.1221,-2.8726,-1.2652,-2.4069,-4.0492,-1.0818,12.646,4.477
-6.0535,-5.454,-0.59668,4.3373,-1.6179,-2.5735,-1.1939,-2.1388,-3.8702,-1.0143,12.702,4.6929
-6.664,-5.2463,-0.16329,4.409,-2.054,-2.2695,-1.1071,-1.8895,-3.7083,-0.96682,12.644,4.9486
-7.1586,-4.9832,0.19511,4.4329,-2.3906,-1.9706,-0.99976,-1.6726,-3.5854,-0.94627,12.487,5.2366
-7.4773,-4.6686,0.45758,4.3988,-2.6019,-1.6912,-0.87703,-1.498,-3.5201,-0.95387,12.262,5.535
-7.5838,-4.3197,0.61835,4.3075,-2.6813,-1.4445,-0.75324,-1.3705,-3.5217,-0.98481,12.006,5.8133
-7.4761,-3.9617,0.68777,4.1658,-2.6398,-1.2376,-0.64665,-1.289,-3.5859,-1.0289,11.754,6.0417
-7.1888,-3.6186,0.68815,3.9822,-2.5016,-1.07,-0.57212,-1.246,-3.6943,-1.0723,11.533,6.2017
-6.7837,-3.3069,0.64765,3.764,-2.3009,-0.93441,-0.53468,-1.2304,-3.8211,-1.1008,11.358,6.2931
-6.3294,-3.0333,0.59606,3.517,-2.0783,-0.81945,-0.52738,-1.2308,-3.9414,-1.1046,11.234,6.3343
-5.8796,-2.7942,0.56165,3.2463,-1.8739,-0.71257,-0.53513,-1.2383,-4.0393,-1.0817,11.152,6.3526
-5.4569,-2.5797,0.56361,2.9555,-1.7137,-0.60453,-0.5425,-1.2484,-4.111,-1.0386,11.09,6.3679
-5.0487,-2.3775,0.60162,2.6464,-1.5985,-0.49413,-0.54139,-1.2602,-4.162,-0.98633,11.026,6.3856
-4.6209,-2.1765,0.65169,2.3194,-1.5017,-0.38961,-0.53426,-1.2758,-4.2021,-0.93298,10.943,6.3953
-4.1432,-1.9682,0.6745,1.9748,-1.3806,-0.30443,-0.53104,-1.2975,-4.2397,-0.87861,10.846,6.379
-3.609,-1.7464,0.63193,1.6155,-1.1934,-0.25012,-0.54211,-1.326,-4.2789,-0.81102,10.752,6.3248
-3.0347,-1.5082,0.50232,1.2498,-0.91577,-0.23078,-0.57156,-1.3581,-4.3198,-0.71423,10.686,6.2361
-2.4441,-1.2562,0.28693,0.89111,-0.54867,-0.24295,-0.61426,-1.3862,-4.3601,-0.57367,10.667,6.1334
-1.8568,-1.0023,0.0060854,0.55451,-0.11575,-0.27981,-0.65725,-1.3992,-4.3973,-0.38705,10.703,6.0471
-1.2887,-0.76544,-0.31131,0.25204,0.34675,-0.3362,-0.68351,-1.3862,-4.4303,-0.16592,10.785,6.0073
-0.75301,-0.56693,-0.63827,-0.010157,0.80323,-0.41063,-0.67748,-1.3414,-4.4592,0.067513,10.892,6.0332
-0.2588,-0.42311,-0.95499,-0.23228,1.2287,-0.50341,-0.62969,-1.2689,-4.4837,0.28598,11.003,6.1247
0.19537,-0.33938,-1.2482,-0.42049,1.6122,-0.61303,-0.53942,-1.1826,-4.5008,0.46519,11.095,6.2593
0.61941,-0.3094,-1.5094,-0.58507,1.9536,-0.73437,-0.41447,-1.1013,-4.5018,0.58746,11.148,6.3964
1.0221,-0.3198,-1.7346,-0.73588,2.2587,-0.86068,-0.26838,-1.0407,-4.4744,0.64591,11.147,6.4896
1.4003,-0.35726,-1.9266,-0.87547,2.533,-0.98747,-0.11598,-1.0061,-4.4045,0.64476,11.086,6.5069
1.7336,-0.41352,-2.093,-0.99689,2.7766,-1.1142,0.031124,-0.98708,-4.2797,0.59545,10.965,6.4474
1.9889,-0.48536,-2.2412,-1.0866,2.983,-1.2424,0.16728,-0.96425,-4.0947,0.51082,10.791,6.3439
2.1324,-0.57103,-2.3735,-1.131,3.1414,-1.3712,0.29253,-0.91485,-3.8533,0.40021,10.57,6.2455
2.1436,-0.66679,-2.4881,-1.1236,3.2439,-1.4971,0.40945,-0.82252,-3.5685,0.26732,10.303,6.1933
2.0264,-0.76633,-2.5841,-1.0688,3.2944,-1.6154,0.51867,-0.68471,-3.2601,0.11099,9.9829,6.2035
1.8121,-0.86281,-2.6663,-0.98162,3.3116,-1.724,0.616,-0.51363,-2.9496,-0.070779,9.5984,6.2658
1.5525,-0.952,-2.7443,-0.88228,3.3233,-1.8242,0.69337,-0.32987,-2.6544,-0.27611,9.1424,6.35
1.3059,-1.0351,-2.8274,-0.7892,3.3543,-1.9195,0.74368,-0.15259,-2.3845,-0.49536,8.6178,6.4183
1.12,-1.1202,-2.9186,-0.71252,3.4166,-2.0136,0.76578,0.0080096,-2.1411,-0.71082,8.0385,6.4367
1.0188,-1.2209,-3.0139,-0.65162,3.5047,-2.1093,0.76537,0.15251,-1.9195,-0.90117,7.4255,6.3872
1.0031,-1.3517,-3.1045,-0.59765,3.6006,-2.2081,0.7506,0.28923,-1.7127,-1.0495,6.7996,6.2728
1.0666,-1.52,-3.1827,-0.53947,3.6855,-2.3093,0.72714,0.42896,-1.5156,-1.147,6.1805,6.1159
1.2068,-1.721,-3.2469,-0.46915,3.7521,-2.4107,0.6964,0.58023,-1.326,-1.1946,5.5797,5.9494
1.415,-1.9366,-3.3028,-0.38433,3.8078,-2.5089,0.65737,0.7463,-1.1454,-1.1975,5.0103,5.805
1.6602,-2.1433,-3.3594,-0.28773,3.867,-2.6008,0.60988,0.92461,-0.97544,-1.1584,4.49,5.7024
1.8899,-2.3199,-3.4214,-0.18467,3.9358,-2.6841,0.55675,1.1092,-0.81673,-1.0723,4.0411,5.6454
2.0439,-2.4549,-3.4827,-0.078327,4.0028,-2.7566,0.50391,1.2951,-0.66807,-0.92733,3.6857,5.6252
2.064,-2.5485,-3.5265,0.034512,4.0389,-2.8149,0.45889,1.4812,-0.52766,-0.71362,3.4387,5.6301
1.9052,-2.6086,-3.5293,0.16235,4.0083,-2.8539,0.42872,1.6725,-0.39709,-0.42978,3.3026,5.6517
1.5505,-2.6436,-3.4683,0.31208,3.8815,-2.8655,0.41805,1.8737,-0.2816,-0.088984,3.2631,5.6856
1.0251,-2.6541,-3.3295,0.47956,3.648,-2.8392,0.42743,2.0825,-0.19265,0.28237,3.2876,5.7273
0.40009,-2.6296,-3.1132,0.64657,3.3241,-2.7641,0.45192,2.2851,-0.14564,0.65151,3.3286,5.7673
-0.22139,-2.5539,-2.8375,0.78557,2.9524,-2.6332,0.4812,2.463,-0.15364,0.98804,3.3362,5.792
-0.72969,-2.4156,-2.5349,0.86984,2.5906,-2.449,0.50214,2.5987,-0.21913,1.2712,3.2753,5.7876
-1.0376,-2.2184,-2.2438,0.88371,2.2939,-2.2245,0.5033,2.6842,-0.32866,1.4937,3.141,5.7461
-1.1025,-1.9821,-1.9966,0.82798,2.0969,-1.9808,0.4794,2.7252,-0.45502,1.6619,2.9628,5.6673
-0.93544,-1.7362,-1.8094,0.71884,2.0042,-1.7389,0.43367,2.7392,-0.56716,1.79,2.7931,5.5582
-0.5949,-1.5072,-1.6773,0.58107,1.993,-1.5135,0.37675,2.748,-0.64315,1.8924,2.6827,5.4293
-0.16878,-1.3085,-1.5794,0.43806,2.0235,-1.309,0.32263,2.7687,-0.67882,1.9759,2.6553,5.2882
0.25061,-1.1344,-1.4892,0.30279,2.054,-1.1198,0.28373,2.807,-0.68754,2.0365,2.6967,5.1376
0.5903,-0.96533,-1.3869,0.17498,2.0535,-0.9364,0.26693,2.8576,-0.69189,2.0633,2.7547,4.9769
0.81081,-0.78276,-1.267,0.04684,2.0109,-0.75451,0.27347,2.911,-0.71256,2.0468,2.767,4.8079
0.90534,-0.58369,-1.1413,-0.08573,1.936,-0.58266,0.30116,2.9574,-0.76036,1.9857,2.6908,4.6392
0.88826,-0.38591,-1.0357,-0.21546,1.8556,-0.44254,0.3477,2.9913,-0.83409,1.8893,2.5203,4.4855
0.78669,-0.22089,-0.98423,-0.32625,1.8067,-0.36264,0.41233,3.0109,-0.92276,1.7738,2.2845,4.3615
0.64225,-0.11953,-1.0205,-0.40376,1.8304,-0.36854,0.49562,3.0164,-1.0116,1.657,2.0291,4.2754
0.51602,-0.098934,-1.1702,-0.44534,1.9649,-0.47413,0.59833,3.0086,-1.086,1.5525,1.7952,4.2258
0.48465,-0.15571,-1.4442,-0.46316,2.2384,-0.67684,0.71946,2.988,-1.1355,1.468,1.6053,4.2042
0.62326,-0.26782,-1.836,-0.4799,2.6636,-0.95788,0.85439,2.9561,-1.1552,1.4048,1.4615,4.2003
0.98102,-0.40282,-2.3219,-0.52047,3.2325,-1.2867,0.99496,2.9138,-1.1469,1.3596,1.3516,4.207
1.5589,-0.5284,-2.8647,-0.60343,3.9129,-1.6277,1.1318,2.8644,-1.1166,1.3268,1.258,4.2232
2.3005,-0.62142,-3.4183,-0.73548,4.65,-1.9479,1.2576,2.8143,-1.071,1.302,1.1666,4.2527
3.1111,-0.67246,-3.9372,-0.91058,5.3805,-2.223,1.3696,2.7738,-1.0153,1.2829,1.0737,4.2994
3.9031,-0.68464,-4.3894,-1.1143,6.0543,-2.4424,1.4685,2.7536,-0.95257,1.268,0.98005,4.3603
4.6347,-0.66738,-4.7684,-1.3312,6.652,-2.6106,1.5558,2.7616,-0.88706,1.2536,0.8864,4.4212
5.3089,-0.628,-5.0907,-1.5507,7.1857,-2.7423,1.6306,2.7989,-0.8262,1.2311,0.78535,4.4576
5.9421,-0.5656,-5.3766,-1.7681,7.6791,-2.851,1.6891,2.8588,-0.77927,1.1883,0.65837,4.4446
6.537,-0.47225,-5.6296,-1.979,8.1417,-2.9383,1.7288,2.9289,-0.75118,1.1144,0.48285,4.3699
7.0706,-0.34336,-5.8312,-2.1725,8.5527,-2.9948,1.754,2.9958,-0.73708,1.0065,0.24605,4.2423
7.4856,-0.19101,-5.9516,-2.3263,8.8631,-3.0104,1.7754,3.0515,-0.71896,0.87351,-0.043003,4.0906
7.685,-0.048309,-5.9649,-2.4107,9.0127,-2.9844,1.8034,3.0968,-0.66954,0.73244,-0.35523,3.9539
7.5608,0.041905,-5.8617,-2.4016,8.9584,-2.9279,1.8415,3.1411,-0.56231,0.60232,-0.64509,3.8679
7.0705,0.047027,-5.6552,-2.2961,8.6985,-2.859,1.8846,3.1959,-0.3828,0.49562,-0.87121,3.8511
6.3082,-0.041365,-5.3791,-2.1137,8.2806,-2.7955,1.9246,3.2714,-0.13543,0.41352,-1.012,3.8961
5.4819,-0.20735,-5.0799,-1.8829,7.787,-2.7511,1.9578,3.3717,0.1575,0.34739,-1.0732,3.969
4.7887,-0.42164,-4.8071,-1.6254,7.3062,-2.7355,1.9884,3.4938,0.46319,0.28465,-1.0857,4.0189
4.2998,-0.65603,-4.6016,-1.3513,6.9036,-2.7556,2.0289,3.6304,0.74807,0.21428,-1.0953,3.9981
3.9556,-0.89225,-4.4835,-1.0602,6.6022,-2.8138,2.0941,3.7718,0.9858,0.12917,-1.15,3.8838
3.6486,-1.121,-4.4447,-0.7466,6.3798,-2.9044,2.1933,3.9091,1.1623,0.026722,-1.2871,3.6889
3.2981,-1.3353,-4.4511,-0.40665,6.1838,-3.0101,2.3259,4.0354,1.2772,-0.090503,-1.5237,3.4521
2.8629,-1.5254,-4.4553,-0.044014,5.9545,-3.1045,2.4807,4.1466,1.3422,-0.21432,-1.8497,3.2142
2.3231,-1.6764,-4.4116,0.32572,5.6491,-3.1578,2.6394,4.2412,1.3764,-0.33224,-2.2263,3.0002
1.686,-1.7686,-4.2863,0.67243,5.2549,-3.1423,2.7825,4.319,1.4006,-0.43101,-2.5929,2.8132
1.0038,-1.7797,-4.0616,0.95416,4.7894,-3.037,2.896,4.3804,1.4316,-0.50073,-2.8853,2.6409
0.36828,-1.6884,-3.7369,1.1271,4.2918,-2.8299,2.9754,4.4244,1.4783,-0.53709,-3.0482,2.4658
-0.11928,-1.48,-3.3268,1.1597,3.8088,-2.5191,3.0261,4.4487,1.5412,-0.5407,-3.0512,2.2744
-0.38284,-1.1533,-2.8557,1.0427,3.3785,-2.1125,3.0591,4.4499,1.6137,-0.51465,-2.8934,2.0613
-0.39593,-0.72371,-2.3501,0.7913,3.0208,-1.6273,3.0864,4.4255,1.6838,-0.46341,-2.6022,1.8278
-0.18855,-0.2202,-1.8352,0.43862,2.7367,-1.0915,3.1158,4.3757,1.7351,-0.39452,-2.2287,1.5768
0.16523,0.32265,-1.3348,0.024658,2.5154,-0.54038,3.1447,4.3034,1.7483,-0.32136,-1.842,1.3066
0.57311,0.87568,-0.86763,-0.41425,2.3404,-0.0066279,3.1588,4.2127,1.7036,-0.26451,-1.5194,1.0076
0.95124,1.4236,-0.44099,-0.85035,2.1935,0.4935,3.1364,4.1059,1.585,-0.24738,-1.3326,0.66459
1.2443,1.9659,-0.050798,-1.2632,2.059,0.96365,3.0605,3.9814,1.3866,-0.29073,-1.3325,0.26169
1.435,2.5091,0.30909,-1.6368,1.929,1.4161,2.9314,3.8341,1.1165,-0.40595,-1.5386,-0.21524
1.5398,3.0552,0.63487,-1.9603,1.8102,1.8559,2.7681,3.6589,0.7967,-0.59112,-1.9353,-0.77922
1.5977,3.5928,0.90791,-2.2319,1.725,2.2713,2.5966,3.4549,0.45807,-0.83135,-2.4772,-1.438
1.6572,4.0962,1.1001,-2.4583,1.7045,2.6361,2.4361,3.228,0.13236,-1.103,-3.0996,-2.1829
1.7607,4.531,1.1857,-2.6492,1.7743,2.9195,2.2914,2.9914,-0.15604,-1.3805,-3.7324,-2.979
1.9313,4.8651,1.1544,-2.8111,1.9401,3.0979,2.1555,2.7615,-0.39531,-1.6443,-4.3134,-3.7688
2.1638,5.0789,1.0184,-2.9435,2.1812,3.1632,2.0174,2.5523,-0.58662,-1.8879,-4.8002,-4.4908
2.4275,5.1696,0.81188,-3.0396,2.455,3.1267,1.8702,2.3702,-0.74024,-2.1204,-5.1739,-5.1057
2.6785,5.1516,0.58174,-3.0937,2.712,3.0158,1.7162,2.2121,-0.86979,-2.3604,-5.4446,-5.6101
2.8774,5.0531,0.37466,-3.1076,2.9112,2.8663,1.5655,2.0683,-0.98722,-2.6259,-5.6448,-6.0295
3.0036,4.9083,0.22539,-3.093,3.0319,2.7128,1.4315,1.9287,-1.1004,-2.9237,-5.8197,-6.4039
3.0606,4.7519,0.14887,-3.0673,3.0766,2.5814,1.3238,1.7882,-1.2129,-3.2449,-6.0149,-6.7762
3.0728,4.6119,0.13715,-3.0465,3.0684,2.4849,1.2435,1.6485,-1.3253,-3.5689,-6.2638,-7.1852
3.0765,4.5056,0.16209,-3.0395,3.0444,2.4227,1.1827,1.5154,-1.4362,-3.8748,-6.5816,-7.6561
3.1072,4.4367,0.18438,-3.0453,3.0447,2.3835,1.1299,1.3945,-1.5419,-4.1517,-6.9661,-8.1909
3.1866,4.3975,0.16814,-3.0543,3.0971,2.3512,1.0763,1.288,-1.6366,-4.4034,-7.4033,-8.7645
3.311,4.3716,0.095918,-3.0504,3.2053,2.3118,1.0206,1.1932,-1.7119,-4.6414,-7.8724,-9.332
3.4487,4.3396,-0.022837,-3.0157,3.3444,2.2588,0.96837,1.1038,-1.7578,-4.8726,-8.3477,-9.8451
3.5488,4.2852,-0.15447,-2.9362,3.4691,2.1966,0.92816,1.0136,-1.7663,-5.0889,-8.7985,-10.268
3.5621,4.2006,-0.2546,-2.8079,3.5286,2.1377,0.90718,0.9196,-1.7344,-5.2655,-9.1913,-10.587
3.4581,4.0882,-0.28576,-2.6391,3.4846,2.0969,0.90788,0.82443,-1.667,-5.3712,-9.4955,-10.807
3.2333,3.9578,-0.22942,-2.4476,3.3234,2.0838,0.92715,0.73528,-1.5766,-5.3852,-9.6926,-10.942
2.9088,3.8208,-0.089235,-2.254,3.0603,2.0982,0.95677,0.65992,-1.4801,-5.3126,-9.7828,-11.013
2.5218,3.6857,0.11019,-2.0753,2.7359,2.1291,0.98506,0.60153,-1.3957,-5.1866,-9.7883,-11.041
2.1165,3.5567,0.32714,-1.9211,2.4059,2.1564,0.99901,0.55557,-1.3385,-5.0584,-9.7491,-11.052
1.7371,3.4326,0.51176,-1.7927,2.1263,2.1558,0.98737,0.51084,-1.317,-4.9785,-9.7129,-11.073
1.4236,3.3054,0.61995,-1.6836,1.9385,2.1052,0.94423,0.45441,-1.33,-4.981,-9.7216,-11.133
1.2026,3.1589,0.62587,-1.5804,1.8603,1.9898,0.87147,0.37773,-1.3674,-5.0739,-9.8015,-11.26
1.0748,2.9735,0.5278,-1.4666,1.8849,1.8065,0.77758,0.28146,-1.4134,-5.2384,-9.9609,-11.484
1.0118,2.7345,0.3459,-1.3276,1.9874,1.5657,0.67258,0.17649,-1.4542,-5.4362,-10.19,-11.838
0.98502,2.441,0.11356,-1.1586,2.1351,1.2889,0.56171,0.080229,-1.4827,-5.6242,-10.47,-12.357
1.0073,2.1097,-0.13411,-0.96858,2.3006,1.0026,0.44203,0.0095085,-1.5007,-5.7732,-10.786,-13.063
1.1298,1.7694,-0.36926,-0.77493,2.4698,0.73062,0.30398,-0.025874,-1.5154,-5.8814,-11.133,-13.95
1.3833,1.4502,-0.57358,-0.59212,2.6375,0.48942,0.13702,-0.025913,-1.5353,-5.975,-11.513,-14.98
1.7372,1.1728,-0.73523,-0.42444,2.7966,0.28759,-0.063574,0.00077265,-1.5672,-6.0938,-11.933,-16.083
2.1096,0.94075,-0.84594,-0.26123,2.9282,0.12518,-0.29204,0.041379,-1.615,-6.2723,-12.388,-17.18
2.39,0.73652,-0.90036,-0.074231,2.9986,-0.0072418,-0.53229,0.07995,-1.6812,-6.5254,-12.865,-18.198
2.4577,0.52699,-0.89255,0.17595,2.9615,-0.1248,-0.76239,0.10199,-1.7666,-6.8447,-13.34,-19.091
2.2056,0.28023,-0.80942,0.52389,2.7683,-0.23656,-0.96137,0.097793,-1.8707,-7.2046,-13.785,-19.838
1.5707,-0.014802,-0.631,0.98357,2.3849,-0.33517,-1.1153,0.065605,-1.9907,-7.5741,-14.173,-20.44
0.55045,-0.34045,-0.34002,1.5412,1.8055,-0.39771,-1.2204,0.014008,-2.1212,-7.9265,-14.482,-20.903
-0.80082,-0.6573,0.071706,2.1587,1.0543,-0.39438,-1.2828,-0.037259,-2.2522,-8.2458,-14.695,-21.234
-2.3939,-0.91818,0.60251,2.7838,0.17917,-0.29818,-1.3139,-0.058988,-2.3662,-8.5258,-14.803,-21.44
-4.1166,-1.0824,1.2352,3.3604,-0.75607,-0.094907,-1.3249,-0.01728,-2.4382,-8.7621,-14.805,-21.527
-5.7933,-1.127,1.9321,3.8366,-1.6792,0.20945,-1.3201,0.11874,-2.4372,-8.9418,-14.713,-21.506
-7.1256,-1.0509,2.6431,4.1742,-2.5222,0.59085,-1.2937,0.36787,-2.3314,-9.0366,-14.543,-21.383
-7.7973,-0.87052,3.3272,4.3618,-3.24,1.0202,-1.23,0.73042,-2.0951,-9.0059,-14.309,-21.158
-7.7871,-0.60665,3.9763,4.4252,-3.8294,1.481,-1.1079,1.1892,-1.7149,-8.8094,-14.016,-20.82
-7.4808,-0.26753,4.6301,4.4155,-4.3348,1.9843,-0.90456,1.7182,-1.1913,-8.4241,-13.657,-20.352
-7.3004,0.16316,5.379,4.3673,-4.8325,2.5752,-0.59888,2.2955,-0.53623,-7.8584,-13.217,-19.733
-7.3402,0.7259,6.358,4.2638,-5.3966,3.336,-0.17536,2.9147,0.23357,-7.153,-12.679,-18.942
-7.4388,1.4782,7.731,4.0443,-6.068,4.3903,0.37965,3.5897,1.1062,-6.3651,-12.034,-17.957
-7.392,2.5027,9.6568,3.6396,-6.8377,5.9127,1.1289,4.3475,2.0827,-5.543,-11.278,-16.76
-7.0556,3.9432,12.224,3.0015,-7.6562,8.1228,2.2457,5.2086,3.178,-4.7088,-10.412,-15.347
-6.3786,6.0193,15.398,2.1124,-8.4656,11.212,3.9323,6.1678,4.4099,-3.8604,-9.4294,-13.732
-5.4109,8.966,19.07,0.9683,-9.2418,15.187,6.3567,7.1915,5.7913,-2.9826,-8.313,-11.957
-4.2681,12.929,23.172,-0.47787,-10.024,19.761,9.6471,8.2306,7.3398,-2.0542,-7.0375,-10.094
-3.0711,17.834,27.679,-2.423,-10.92,24.481,13.737,9.2359,9.0957,-1.0481,-5.5798,-8.2345
-1.9082,23.433,32.488,-5.2929,-12.094,29.112,18.241,10.157,11.118,0.061462,-3.9351,-6.4581
-0.82635,30.13,37.509,-9.4129,-13.724,34.062,22.651,10.937,13.442,1.2872,-2.1318,-4.8149
0.16444,39.188,43.008,-14.518,-15.938,40.248,26.676,11.509,16.014,2.6156,-0.23771,-3.3163
1.073,50.196,49.458,-20.192,-18.707,48.061,30.385,11.825,18.618,3.9891,1.6491,-1.9441
1.904,60.485,56.73,-25.829,-21.772,56.457,33.839,11.881,20.886,5.2906,3.422,-0.66855
2.6626,68.403,63.809,-30.826,-24.762,64.024,36.012,11.727,22.452,6.3667,4.9937,0.53126
3.3847,74.252,69.836,-35.066,-27.444,70.39,34.967,11.439,23.199,7.1139,6.3154,1.6505
4.129,78.933,74.842,-38.763,-29.804,75.982,30.578,11.063,23.387,7.5566,7.3793,2.6626
4.9306,83.419,79.319,-42.215,-31.933,81.356,24.316,10.574,23.437,7.8172,8.2074,3.5363
5.7641,88.87,83.734,-45.751,-33.906,86.964,17.203,9.8826,23.57,8.0117,8.8333,4.2532
6.539,96.213,88.424,-49.617,-35.758,93.257,9.6594,8.8844,23.693,8.1796,9.2868,4.8095
7.1275,106.17,93.813,-54.092,-37.501,101.02,1.8013,7.5364,23.538,8.2808,9.586,5.2049
7.4169,120.25,100.92,-59.992,-39.154,111.87,-6.4446,5.8927,22.86,8.2321,9.7354,5.4337
7.3584,137.17,111.28,-68.296,-40.764,126.14,-15.141,4.0882,21.568,7.9615,9.7276,5.4844
6.9823,149.28,123.75,-76.925,-42.391,137.93,-24.094,2.2789,19.751,7.4549,9.5445,5.3431
6.3757,153.06,132.38,-80.762,-44.061,142.68,-32.726,0.57483,17.631,6.7611,9.1568,4.9995
5.6445,150.31,134.39,-79.185,-45.632,141.73,-40.123,-0.989,15.444,5.9527,8.5218,4.4476
4.8837,142.91,131.34,-74.313,-46.618,136.79,-45.258,-2.4352,13.338,5.0801,7.5823,3.6795
4.1603,132.16,124.65,-67.416,-46.279,128.73,-47.446,-3.8124,11.335,4.1498,6.2721,2.6581
3.5042,118.59,114.8,-59.065,-44.099,117.81,-46.752,-5.1746,9.3684,3.1276,4.5337,1.2377
2.9059,102.31,101.82,-49.6,-40.179,103.95,-43.99,-6.5714,7.3463,1.9508,2.3475,-0.94327
2.3231,84.389,85.94,-40.08,-35.157,87.566,-40.297,-8.0424,5.2356,0.55879,-0.24278,-4.1989
1.6967,66.908,69.221,-31.668,-29.81,70.402,-36.51,-9.6161,3.096,-1.0394,-3.1301,-8.2378
0.96282,51.483,54.411,-24.047,-24.633,54.696,-32.91,-11.303,1.0254,-2.748,-6.1795,-12.637
0.048928,37.844,41.765,-16.562,-19.714,40.931,-29.467,-13.077,-0.92166,-4.5361,-9.2779,-17.291
-1.1198,25.09,30.386,-8.8735,-14.974,28.462,-26.304,-14.853,-2.7422,-6.5322,-12.371,-22.186
-2.593,12.617,20.101,-0.85564,-10.494,16.919,-23.744,-16.527,-4.4586,-8.8603,-15.474,-27.291
-4.3841,0.16533,11.322,7.4845,-6.5625,6.2102,-21.992,-18.037,-6.1179,-11.533,-18.658,-32.56
-6.5064,-12.179,4.3106,15.893,-3.5297,-3.665,-21.005,-19.418,-7.802,-14.599,-22.027,-37.965
-8.9916,-23.975,-1.1622,23.876,-1.5785,-12.573,-20.573,-20.774,-9.6293,-18.305,-25.688,-43.483
-11.831,-34.596,-5.4026,30.947,-0.48137,-20.211,-20.371,-22.231,-11.737,-23.058,-29.715,-48.997
-14.874,-43.564,-7.9057,36.816,0.12753,-26.189,-20.063,-23.86,-14.229,-29.08,-34.095,-54.225
-17.819,-50.797,-8.5582,41.406,0.47097,-30.029,-19.458,-25.646,-17.113,-35.856,-38.713,-58.808
-20.35,-56.47,-8.8493,44.776,0.66386,-31.81,-18.596,-27.484,-20.269,-42.217,-43.365,-62.518
-22.286,-60.771,-9.5683,47.087,0.77761,-32.858,-17.646,-29.241,-23.514,-47.306,-47.836,-65.37
-23.654,-63.926,-10.756,48.575,0.85933,-34.332,-16.754,-30.812,-26.679,-51.1,-51.966,-67.566
-24.673,-66.299,-12.351,49.563,0.93137,-36.325,-15.985,-32.162,-29.626,-54.133,-55.664,-69.338
-25.642,-68.307,-14.298,50.416,0.99057,-38.686,-15.355,-33.316,-32.226,-57.034,-58.891,-70.841
-26.83,-70.15,-16.49,51.391,1.0188,-41.413,-14.861,-34.334,-34.379,-60.057,-61.638,-72.142
-28.366,-71.754,-18.732,52.55,1.0041,-44.299,-14.497,-35.268,-36.038,-62.856,-63.919,-73.276
-30.144,-73.021,-20.807,53.826,0.96067,-46.928,-14.242,-36.133,-37.214,-64.985,-65.782,-74.279
-31.893,-74.015,-22.638,55.127,0.93721,-49.108,-14.037,-36.869,-37.936,-66.358,-67.298,-75.171
-33.336,-74.91,-24.437,56.393,1.012,-51.09,-13.762,-37.33,-38.21,-67.082,-68.541,-75.928
-34.262,-75.893,-26.737,57.61,1.2767,-53.45,-13.223,-37.291,-37.977,-67.243,-69.569,-76.515
-34.518,-77.148,-30.363,58.818,1.821,-56.693,-12.195,-36.511,-37.081,-66.862,-70.42,-76.925
-34.043,-78.938,-36.154,60.104,2.7364,-60.657,-10.602,-34.875,-35.263,-65.876,-71.137,-77.2
-32.909,-81.693,-43.641,61.547,4.1568,-64.953,-8.9982,-33.074,-32.292,-64.082,-71.794,-77.4
-31.298,-85.103,-50.678,63.043,6.3441,-69.564,-9.9347,-36.483,-28.867,-61.262,-72.478,-77.575
-29.424,-86.78,-54.796,64.074,9.8166,-71.902,-15.193,-42.289,-30.101,-57.941,-73.21,-77.829
-27.445,-86.562,-55.615,64.263,12.842,-71.999,-16.318,-42.519,-42.824,-56.002,-73.824,-78.457
-25.488,-85.564,-55.139,63.972,13.348,-71.316,-17.228,-43.212,-47.263,-56.781,-73.846,-79.791
-23.982,-84.47,-54.268,63.529,13.649,-70.331,-19.081,-44.369,-46.147,-58.579,-72.246,-81.844
-24.513,-84.416,-54.665,62.681,14.914,-70.068,-19.482,-43.2,-43.377,-58.486,-67.158,-83.394
-25.834,-87.963,-57.924,62.868,17.701,-72.62,-15.203,-36.708,-38.146,-55.649,-67.845,-83.063
-25.547,-96.864,-67.467,67.2,22.477,-81.435,-5.2903,-21.744,-28.521,-48.859,-71.495,-87.564
-24.674,-112.75,-85.875,74.582,32.048,-98.485,10.485,3.9066,-11.822,-37.711,-73.131,-93.663
-22.832,-136.41,-112.82,84.578,47.941,-123.89,31.118,39.31,13.886,-23.285,-76.104,-101.69
-19.618,-165.97,-147.09,96.685,67.537,-155.56,54.45,81.821,47.918,-6.7199,-81.335,-112.31
-14.407,-197.02,-184.69,109.46,89.307,-189.36,78.202,129.44,86.877,13.38,-87.476,-125.18
-6.4125,-224.23,-219.9,119.89,110.91,-220.12,100.5,181.42,133.12,38.967,-88.997,-136.9
6.05,-240.68,-246.99,122.65,130.23,-241.74,120.09,239.63,193.74,75.799,-76.557,-140.19
25.006,-235.14,-259.02,110.6,144.93,-245.59,137.08,307.89,276.41,135.39,-39.535,-125.45
50.258,-200.32,-247.27,81.053,151.6,-223.31,152.89,388.28,386.86,227.63,31.449,-84.803
79.147,-132.15,-205.89,32.749,145.24,-169.12,168.91,477.91,525.23,357.61,145.49,-12.589
107.35,-23.22,-125.09,-36.18,118.74,-74.101,184.9,566.25,683.28,523.11,297.4,92.421
130.43,131.89,6.2065,-125.67,64.706,69.39,198.33,635.86,844.61,713.83,477.91,225.88
144.43,333.37,193.05,-233.57,-21.714,263.82,205.14,667.34,988.52,913.1,674.03,378.6
146.2,573.52,431.18,-354.41,-139.96,503.15,201.94,646.44,1095.9,1101.5,868.39,538.08
134.31,835.39,704.97,-479.04,-282.78,771.1,187.86,568.89,1153.4,1260.2,1043.2,690.33
109.48,1093.8,988.22,-595.45,-437.11,1042.0,164.82,440.3,1153.7,1372.4,1181.0,821.0
74.373,1319.0,1248.0,-690.32,-584.78,1284.5,135.65,272.15,1092.2,1422.2,1263.5,915.79
32.978,1481.4,1451.1,-751.03,-706.91,1467.2,101.79,77.147,964.58,1394.1,1272.3,961.0
-10.555,1558.8,1571.2,-768.29,-788.47,1565.9,61.097,-133.11,766.61,1273.8,1193.3,945.39
-53.133,1542.0,1596.4,-738.89,-822.0,1569.8,7.1369,-349.03,498.04,1053.8,1021.3,863.81
-92.843,1438.7,1532.4,-667.59,-809.52,1485.7,-69.571,-563.28,166.44,738.35,763.92,720.95
-128.2,1272.1,1400.9,-566.73,-761.19,1336.3,-177.59,-770.26,-209.54,348.99,444.71,533.04
-157.53,1073.9,1231.8,-452.95,-691.13,1152.4,-318.32,-963.62,-599.26,-75.365,101.33,325.31
-178.98,873.79,1053.0,-342.14,-612.45,962.92,-480.89,-1133.5,-962.98,-483.82,-221.96,125.59
-191.26,692.11,883.39,-245.15,-533.95,787.42,-643.0,-1266.8,-1259.7,-825.29,-485.62,-43.21
-194.32,537.61,731.82,-166.41,-459.88,634.59,-778.42,-1350.8,-1457.8,-1062.3,-664.97,-168.05
-189.48,410.71,599.98,-105.49,-391.69,505.37,-866.91,-1378.5,-1544.0,-1180.6,-754.94,-246.46
-178.87,308.47,487.07,-59.831,-330.02,397.91,-900.24,-1350.5,-1524.8,-1189.6,-767.67,-283.8
-164.46,228.6,392.9,-27.207,-275.83,310.99,-882.36,-1274.0,-1421.2,-1114.3,-724.48,-289.26
-147.45,170.86,318.66,-6.7583,-230.46,245.01,-825.22,-1159.4,-1259.5,-983.85,-646.65,-272.48
-128.78,136.08,264.93,1.5131,-195.13,201.18,-743.28,-1017.6,-1064.6,-824.34,-549.98,-240.97
-109.82,123.63,234.67,-1.6862,-170.2,179.29,-649.3,-859.27,-857.12,-656.24,-445.32,-200.1
-91.851,129.36,222.36,-13.675,-154.72,175.78,-552.43,-695.62,-653.91,-494.51,-341.43,-155.02
-76.539,145.71,222.17,-29.888,-146.29,183.76,-458.67,-538.43,-469.27,-350.32,-246.65,-111.52
-65.148,163.52,226.51,-45.161,-141.64,194.84,-372.16,-398.93,-314.43,-232.28,-168.27,-75.01
-56.331,174.65,227.85,-55.642,-137.18,201.33,-295.93,-285.34,-196.59,-145.0,-110.58,-48.694
-48.087,174.3,220.64,-58.496,-130.01,198.0,-231.64,-200.64,-117.81,-87.133,-73.77,-33.124
-40.452,161.32,202.28,-46.826,-118.37,182.48,-179.14,-141.75,-66.17,-52.558,-52.684,-25.76
-34.559,135.64,172.4,-35.21,-101.03,154.32,-136.58,-100.59,-30.609,-32.842,-39.114,-21.361
-30.287,106.47,136.96,-28.534,-80.209,122.09,-101.42,-70.88,-5.6062,-19.744,-33.582,-18.248
-27.289,87.075,104.01,-21.454,-59.313,92.513,-71.687,-45.855,14.546,-7.5791,-32.344,-16.112
-25.304,68.115,76.638,-13.482,-42.919,67.998,-46.561,-20.104,33.623,5.3591,-31.26,-16.569
-23.929,50.219,55.214,-6.1414,-30.876,49.025,-26.137,7.0235,52.537,17.602,-29.176,-20.352
-22.67,35.723,39.719,-1.3837,-21.949,35.411,-10.723,33.254,70.795,27.943,-26.511,-23.155
-20.656,24.154,28.731,1.51,-15.794,25.419,0.20995,55.623,86.913,36.795,-22.586,-20.102
-17.925,14.027,21.008,3.6165,-11.692,17.457,8.5307,72.089,99.361,42.996,-18.66,-18.067
-15.27,6.9916,15.8,4.8052,-8.8892,12.051,14.926,82.98,108.83,47.347,-16.198,-17.213
-12.855,2.4138,11.056,5.0176,-6.6976,7.9186,18.907,89.144,116.61,52.773,-14.585,-17.082
-10.606,-1.522,5.7483,5.1218,-3.9302,4.0376,23.14,91.854,123.8,58.023,-13.396,-17.226
-8.5545,-4.5866,0.93323,5.6581,-0.75239,-0.27808,27.39,93.296,130.89,63.124,-12.37,-17.379
-6.8089,-5.0397,-3.0576,6.4003,1.6257,-3.9016,32.049,95.078,137.64,68.553,-11.397,-17.439
-5.4456,-5.7313,-4.387,7.1008,3.0316,-4.8236,36.658,99.636,143.79,74.376,-10.468,-17.387
-4.4639,-6.6742,-4.9349,7.6269,3.9962,-5.5136,41.175,107.31,149.5,80.129,-9.6086,-17.206
-3.8019,-7.4337,-5.4608,7.9431,4.7091,-6.2207,45.343,115.22,154.93,85.387,-8.82,-16.851
-3.3655,-7.9574,-5.9337,8.0811,5.2531,-6.8333,48.704,121.94,159.97,90.147,-8.0582,-16.243
-3.0571,-8.3351,-6.3968,8.1022,5.7316,-7.3856,51.473,127.44,164.59,94.605,-7.2484,-15.305
-2.8016,-8.6711,-6.9583,8.0645,6.2548,-7.983,53.968,131.97,168.85,98.922,-6.3204,-14.01
-2.5543,-9.0261,-7.7105,8.0067,6.8951,-8.711,56.353,135.87,172.89,103.16,-5.2411,-12.435
-2.2847,-9.4035,-8.669,7.9467,7.6571,-9.5785,58.597,139.53,176.85,107.31,-4.0271,-10.767
-1.9636,-9.7657,-9.7625,7.8853,8.4852,-10.514,60.565,143.21,180.87,111.36,-2.731,-9.2099
-1.5726,-10.061,-10.872,7.8057,9.3,-11.397,62.182,147.0,185.0,115.29,-1.4112,-7.8813
-1.1188,-10.243,-11.883,7.6767,10.031,-12.107,63.517,150.91,189.24,119.15,-0.099811,-6.7909
-0.63391,-10.287,-12.702,7.4703,10.634,-12.558,64.702,154.89,193.5,123.02,1.2109,-5.8755
-0.15796,-10.193,-13.239,7.1844,11.093,-12.715,65.862,158.89,197.67,126.96,2.5604,-5.0425
0.27486,-9.9927,-13.437,6.8484,11.419,-12.603,67.092,162.79,201.66,130.98,3.9964,-4.2081
0.64242,-9.737,-13.349,6.5029,11.646,-12.312,68.451,166.4,205.42,134.99,5.5515,-3.3295
0.93742,-9.4681,-13.138,6.1697,11.823,-11.955,69.95,169.61,208.98,138.92,7.2292,-2.419
1.1702,-9.1834,-12.941,5.8367,11.984,-11.591,71.546,172.42,212.4,142.71,9.0038,-1.5301
1.3658,-8.8273,-12.778,5.4641,12.139,-11.2,73.164,174.93,215.75,146.39,10.833,-0.72472
1.5531,-8.3186,-12.572,5.0072,12.277,-10.712,74.724,177.24,219.08,150.02,12.677,-0.044498
1.7508,-7.5956,-12.231,4.4391,12.369,-10.068,76.179,179.44,222.42,153.64,14.521,0.50189
1.9609,-6.6557,-11.703,3.7652,12.38,-9.2518,77.532,181.57,225.8,157.24,16.383,0.93753
2.1705,-5.5651,-10.985,3.0212,12.275,-8.3095,78.831,183.65,229.24,160.82,18.312,1.3078
2.3595,-4.4321,-10.127,2.2585,12.038,-7.3222,80.151,185.69,232.76,164.41,20.369,1.6664
2.5096,-3.3618,-9.2021,1.5267,11.686,-6.3724,81.555,187.66,236.36,168.06,22.599,2.0608
2.6201,-2.4198,-8.2986,0.86168,11.274,-5.5209,83.08,189.52,240.03,171.78,25.01,2.5205
2.7239,-1.6151,-7.4916,0.276,10.888,-4.7949,84.701,191.28,243.78,175.57,27.559,3.0554
2.8828,-0.90431,-6.8214,-0.24302,10.614,-4.1843,86.315,192.94,247.62,179.41,30.161,3.6603
3.1616,-0.21664,-6.2823,-0.72238,10.507,-3.6487,87.788,194.55,251.57,183.27,32.716,4.3219
3.5949,0.50968,-5.8359,-1.1844,10.565,-3.1432,89.045,196.17,255.65,187.12,35.135,5.0262
4.1669,1.2967,-5.4479,-1.6355,10.735,-2.6454,90.094,197.86,259.84,190.95,37.364,5.7704
4.8122,2.12,-5.1172,-2.0712,10.94,-2.162,91.005,199.66,264.13,194.76,39.382,6.5768
5.4429,2.9269,-4.8648,-2.4859,11.119,-1.7138,91.864,201.62,268.48,198.54,41.198,7.4969
5.9904,3.6648,-4.6958,-2.8767,11.251,-1.3183,92.741,203.79,272.85,202.29,42.839,8.6025
6.4364,4.3059,-4.5834,-3.2465,11.347,-0.97846,93.677,206.19,277.21,205.99,44.348,9.9706
6.8156,4.8613,-4.4805,-3.6135,11.425,-0.67875,94.684,208.87,281.51,209.63,45.775,11.672
7.1973,5.382,-4.3366,-4.0186,11.486,-0.38596,95.763,211.81,285.73,213.2,47.175,13.758
7.6545,5.9461,-4.1101,-4.5202,11.506,-0.055532,96.913,214.95,289.85,216.7,48.604,16.236
8.2326,6.6427,-3.7764,-5.1824,11.449,0.35679,98.134,218.24,293.93,220.15,50.11,19.045
8.9263,7.5639,-3.3338,-6.0678,11.286,0.88362,99.415,221.62,298.05,223.58,51.715,22.033
9.6892,8.8066,-2.8041,-7.2359,11.026,1.5401,100.73,225.07,302.28,227.01,53.4,25.011
10.479,10.475,-2.2309,-8.7346,10.708,2.3243,102.02,228.58,306.67,230.47,55.099,27.839
11.3,12.653,-1.6681,-10.578,10.397,3.2216,103.23,232.13,311.23,233.99,56.735,30.491
12.199,15.332,-1.16,-12.714,10.152,4.209,104.32,235.69,315.91,237.57,58.248,33.011
13.217,18.359,-0.72285,-15.023,10.004,5.2582,105.26,239.23,320.66,241.22,59.632,35.429
14.344,21.506,-0.34036,-17.363,9.9478,6.3435,106.08,242.76,325.42,244.95,60.94,37.747
15.514,24.6,0.026167,-19.628,9.944,7.4541,106.8,246.28,330.13,248.76,62.26,39.962
16.645,27.572,0.41806,-21.753,9.9371,8.6015,107.46,249.78,334.78,252.59,63.684,42.101
17.671,30.413,0.86002,-23.696,9.8826,9.8138,108.12,253.23,339.37,256.38,65.264,44.223
18.564,33.109,1.3497,-25.426,9.7652,11.116,108.79,256.6,343.9,260.08,66.99,46.404
19.338,35.607,1.8596,-26.934,9.6034,12.513,109.49,259.84,348.38,263.66,68.798,48.702
20.032,37.844,2.3498,-28.24,9.4378,13.986,110.19,262.94,352.81,267.17,70.603,51.12
20.688,39.787,2.7846,-29.373,9.3091,15.502,110.84,265.89,357.14,270.62,72.334,53.604
21.314,41.449,3.1485,-30.357,9.2349,17.016,111.42,268.72,361.33,274.05,73.966,56.058
21.869,42.867,3.4536,-31.183,9.1972,18.462,111.87,271.48,365.34,277.47,75.525,58.385
22.27,44.075,3.7336,-31.811,9.1468,19.745,112.19,274.22,369.13,280.87,77.069,60.512
22.418,45.086,4.0305,-32.184,9.022,20.78,112.38,276.96,372.71,284.24,78.674,62.412
22.239,45.896,4.3804,-32.263,8.7722,21.543,112.45,279.73,376.13,287.58,80.414,64.094
21.712,46.51,4.8048,-32.068,8.3769,22.109,112.44,282.53,379.44,290.91,82.345,65.605
20.87,46.956,5.3102,-31.677,7.851,22.623,112.37,285.38,382.7,294.25,84.493,67.008
19.777,47.285,5.8934,-31.194,7.2353,23.251,112.26,288.31,385.98,297.63,86.843,68.38
18.5,47.552,6.5501,-30.703,6.5785,24.11,112.13,291.33,389.32,301.08,89.335,69.795
17.092,47.801,7.2833,-30.248,5.9217,25.256,111.99,294.48,392.75,304.64,91.899,71.3
15.585,48.06,8.1081,-29.85,5.2901,26.683,111.86,297.77,396.3,308.38,94.486,72.904
13.998,48.353,9.0473,-29.526,4.692,28.322,111.74,301.21,399.97,312.29,97.084,74.585
12.367,48.707,10.122,-29.291,4.1243,30.052,111.64,304.81,403.75,316.36,99.708,76.307
10.775,49.155,11.35,-29.17,3.5777,31.76,111.56,308.56,407.64,320.48,102.38,78.047
9.3463,49.734,12.754,-29.189,3.0421,33.396,111.51,312.45,411.63,324.55,105.14,79.806
8.1698,50.481,14.366,-29.377,2.512,34.971,111.52,316.44,415.77,328.5,107.99,81.624
7.2806,51.426,16.218,-29.761,1.9901,36.524,111.61,320.46,420.06,332.34,110.99,83.574
6.6885,52.592,18.32,-30.373,1.4893,38.09,111.79,324.44,424.55,336.1,114.22,85.745
6.4046,53.999,20.641,-31.232,1.0297,39.696,112.05,328.37,429.29,339.91,117.76,88.212
6.439,55.663,23.121,-32.338,0.63284,41.358,112.36,332.24,434.32,343.86,121.69,90.993
6.7853,57.593,25.708,-33.661,0.31225,43.093,112.69,336.1,439.63,348.04,126.05,94.027
7.4025,59.8,28.415,-35.149,0.066073,44.933,113.0,340.04,445.11,352.42,130.83,97.21
8.2057,62.29,31.316,-36.753,-0.12596,46.931,113.29,344.13,450.59,356.89,135.95,100.47
9.0758,65.062,34.475,-38.435,-0.29811,49.157,113.56,348.47,455.92,361.29,141.36,103.82
9.8923,68.079,37.843,-40.167,-0.48964,51.671,113.83,353.08,461.02,365.48,147.04,107.31
10.575,71.263,41.264,-41.914,-0.73612,54.489,114.09,357.96,465.92,369.43,153.04,110.99
11.11,74.508,44.582,-43.647,-1.0641,57.57,114.3,363.06,470.7,373.22,159.43,114.84
11.561,77.724,47.726,-45.368,-1.4878,60.824,114.45,368.33,475.5,376.97,166.24,118.75
12.043,80.869,50.685,-47.12,-2.0049,64.139,114.52,373.74,480.43,380.82,173.37,122.63
12.682,83.951,53.472,-48.943,-2.5951,67.426,114.53,379.27,485.59,384.94,180.74,126.43
13.559,87.023,56.131,-50.85,-3.2311,70.65,114.48,384.87,491.01,389.41,188.31,130.13
14.657,90.156,58.749,-52.817,-3.9046,73.836,114.39,390.48,496.59,394.26,196.18,133.78
15.831,93.436,61.447,-54.798,-4.6448,77.041,114.29,395.98,502.17,399.47,204.45,137.44
16.871,96.933,64.341,-56.743,-5.511,80.337,114.19,401.35,507.66,404.99,213.14,141.18
17.637,100.66,67.515,-58.624,-6.5696,83.806,114.11,406.65,513.09,410.78,222.14,145.08
18.138,104.56,71.004,-60.489,-7.8807,87.536,114.06,412.05,518.56,416.81,231.18,149.19
18.507,108.5,74.782,-62.473,-9.4995,91.582,114.04,417.67,524.23,423.05,240.0,153.51
18.923,112.45,78.756,-64.773,-11.475,95.852,114.05,423.62,530.25,429.41,248.42,158.04
19.55,116.54,82.765,-67.576,-13.819,100.1,114.08,429.88,536.67,435.88,256.4,162.75
20.484,121.11,86.616,-70.967,-16.448,104.15,114.12,436.38,543.47,442.45,264.03,167.6
21.723,126.37,90.2,-74.858,-19.171,108.16,114.18,443.0,550.48,449.17,271.5,172.46
23.179,132.25,93.61,-79.001,-21.79,112.43,114.3,449.61,557.48,456.05,279.0,177.28
24.711,138.42,97.118,-83.127,-24.209,117.15,114.48,456.16,564.23,463.08,286.68,182.08
26.194,144.56,100.99,-87.07,-26.433,122.23,114.73,462.67,570.65,470.21,294.66,186.97
27.581,150.52,105.33,-90.803,-28.5,127.53,115.04,469.2,576.82,477.45,302.97,192.06
28.921,156.41,110.08,-94.414,-30.445,133.02,115.36,475.84,582.98,484.79,311.59,197.42
30.33,162.44,115.11,-98.061,-32.284,138.75,115.62,482.56,589.39,492.29,320.46,203.06
31.917,168.81,120.33,-101.91,-34.019,144.79,115.79,489.29,596.24,499.96,329.44,208.98
33.716,175.48,125.61,-106.02,-35.645,151.07,115.86,495.87,603.52,507.7,338.4,215.14
35.655,182.18,130.77,-110.35,-37.156,157.27,115.87,502.15,611.06,515.44,347.19,221.44
37.638,188.62,135.69,-114.81,-38.549,163.08,115.83,508.06,618.57,523.13,355.75,227.8
39.663,194.75,140.34,-119.33,-39.816,168.31,115.79,513.58,625.74,530.81,364.1,234.24
41.766,200.74,144.79,-123.89,-40.95,173.06,115.75,518.72,632.39,538.58,372.35,240.92
43.948,206.91,149.18,-128.44,-41.957,177.67,115.71,523.5,638.53,546.51,380.63,247.97
46.213,213.52,153.66,-133.01,-42.859,182.53,115.68,527.92,644.27,554.57,389.04,255.49
48.596,220.74,158.26,-137.64,-43.676,187.94,115.63,532.01,649.77,562.65,397.66,263.45
51.139,228.53,162.93,-142.35,-44.42,193.89,115.51,535.83,655.15,570.6,406.47,271.71
53.889,236.64,167.54,-147.1,-45.09,200.09,115.21,539.45,660.48,578.36,415.43,280.01
56.879,244.65,171.93,-151.78,-45.696,206.24,114.52,542.92,665.71,585.91,424.53,288.04
60.038,252.15,176.02,-156.29,-46.275,212.23,113.26,546.23,670.75,593.27,433.86,295.57
63.192,258.96,179.89,-160.59,-46.888,218.06,111.34,549.32,675.37,600.4,443.39,302.49
66.184,265.12,183.69,-164.77,-47.608,223.81,108.81,552.08,679.34,607.18,452.81,308.92
68.945,270.86,187.61,-168.95,-48.493,229.55,105.81,554.38,682.48,613.49,461.63,315.15
71.466,276.46,191.76,-173.32,-49.568,235.27,102.41,556.11,684.72,619.27,469.56,321.56
73.78,282.27,196.21,-178.04,-50.813,240.92,98.56,557.24,686.11,624.51,476.65,328.43
75.931,288.59,200.9,-183.21,-52.186,246.4,94.234,557.76,686.73,629.26,483.23,335.72
77.938,295.59,205.72,-188.74,-53.647,251.66,89.58,557.59,686.61,633.52,489.62,343.13
79.777,303.16,210.52,-194.33,-55.172,256.69,84.815,556.42,685.75,637.28,496.03,350.25
81.364,310.83,215.13,-199.55,-56.756,261.58,80.086,553.84,684.06,640.61,502.42,356.86
82.608,318.09,219.43,-204.03,-58.397,266.5,75.418,549.67,681.46,643.56,508.59,362.92
83.473,324.62,223.37,-207.7,-60.079,271.59,70.674,544.07,677.95,646.21,514.31,368.54
84.025,330.26,227.1,-210.65,-61.754,276.83,65.497,537.28,673.69,648.59,519.49,373.81
84.398,335.1,230.93,-213.05,-63.36,281.81,59.461,529.28,668.91,650.69,524.11,378.75
84.713,339.49,235.28,-215.21,-64.845,286.13,52.456,519.78,663.79,652.44,528.2,383.26
85.021,343.78,240.15,-217.44,-66.181,289.81,44.921,508.45,658.28,653.78,531.76,387.22
85.284,347.95,244.93,-219.8,-67.358,293.12,37.523,495.15,652.18,654.57,534.72,390.49
85.416,351.63,248.9,-222.04,-68.379,296.34,30.689,480.09,645.17,654.61,536.95,392.97
85.353,354.4,251.72,-223.78,-69.246,299.52,24.478,463.79,636.87,653.63,538.26,394.47
85.057,355.83,253.24,-224.75,-69.961,302.17,18.766,446.89,626.99,651.38,538.33,394.81
84.494,355.32,253.11,-224.81,-70.523,303.3,13.539,429.86,615.31,647.61,536.78,393.96
83.63,351.95,250.73,-223.9,-70.884,301.88,9.0078,412.91,601.73,642.09,533.29,392.09
82.427,345.39,245.89,-221.91,-70.917,297.92,5.307,396.11,586.31,634.66,527.81,389.34
80.82,337.7,239.63,-218.57,-70.458,292.72,2.1645,379.17,569.25,625.19,520.72,385.36
78.705,330.86,233.59,-213.7,-69.448,287.25,-0.92693,361.34,550.76,613.53,512.49,379.01
75.994,324.0,228.37,-207.49,-67.929,281.16,-4.0355,344.26,530.98,599.19,503.27,370.42
72.743,315.88,223.47,-200.38,-65.913,273.77,-6.5554,328.07,509.35,581.54,492.66,361.39
69.168,306.44,218.07,-192.87,-63.345,264.92,-8.2603,310.96,486.31,563.1,479.85,350.93
65.541,295.99,211.48,-185.28,-60.208,254.77,-9.706,292.62,463.77,542.9,463.37,337.9
62.091,284.74,203.46,-177.68,-56.696,243.79,-11.39,273.39,440.69,520.86,442.84,322.35
58.927,272.71,194.42,-169.92,-53.222,232.69,-13.381,253.83,416.92,497.47,421.3,304.9
55.988,259.75,184.98,-161.71,-50.161,221.57,-15.462,234.51,392.71,473.07,399.31,286.6
53.075,245.49,175.18,-152.79,-47.556,209.98,-17.328,215.88,368.13,447.79,375.75,268.55
49.939,229.87,164.62,-142.95,-45.149,197.47,-18.735,198.07,343.21,421.67,351.14,251.44
46.378,212.87,152.78,-132.1,-42.633,183.56,-19.566,181.0,318.06,394.76,326.32,235.15
42.349,194.71,139.67,-120.58,-39.82,168.36,-19.828,165.08,292.95,367.05,301.81,219.23
38.011,176.4,126.07,-109.26,-36.627,152.4,-19.612,150.22,268.07,339.3,277.75,203.31
33.673,159.02,112.9,-98.903,-33.019,136.5,-19.024,136.33,244.36,311.99,254.06,187.08
29.61,142.87,100.61,-89.611,-29.039,121.45,-18.145,123.41,222.22,285.77,230.55,170.58
25.878,127.78,89.337,-80.989,-24.874,107.56,-17.012,111.47,201.89,261.33,207.58,154.21
22.342,113.6,79.221,-72.611,-20.838,94.965,-15.629,100.5,183.41,239.07,185.58,138.65
18.86,100.29,70.334,-64.234,-17.243,83.618,-13.989,90.433,166.61,218.9,164.64,124.43
15.355,87.832,62.485,-55.802,-14.254,73.267,-12.121,81.095,151.19,200.31,145.08,111.69
11.581,76.212,55.379,-47.371,-11.853,63.774,-10.147,72.255,136.65,182.63,127.03,100.12
7.0961,65.395,48.907,-39.087,-9.9078,55.041,-8.2553,63.71,122.55,165.29,110.39,89.161
2.2132,55.467,43.052,-31.397,-8.2808,46.993,-6.6071,55.405,108.58,148.05,94.911,78.341
-1.8828,46.625,37.702,-24.844,-6.8976,39.799,-5.2667,47.478,94.765,131.05,80.37,67.511
-4.6097,38.854,32.519,-19.471,-5.738,33.698,-4.2153,40.183,81.426,114.72,66.651,56.871
-6.1943,31.957,26.888,-14.913,-4.7864,28.539,-3.4053,33.731,69.077,99.626,53.873,46.882
-7.0049,25.769,20.522,-10.848,-3.9982,23.762,-2.7941,28.054,58.123,86.168,42.448,38.015
-7.3359,20.223,14.554,-7.301,-3.3042,19.03,-2.3474,22.735,48.638,74.475,32.979,30.575
-7.4346,15.234,10.08,-4.4027,-2.6312,14.516,-2.032,17.617,40.397,64.44,25.753,24.668
-7.4957,10.667,6.8236,-2.2165,-1.9176,10.475,-1.8128,13.191,33.127,55.821,20.27,19.98
-7.6073,6.4649,4.153,-0.6781,-1.1215,6.8624,-1.655,9.8333,26.609,48.315,15.749,15.668
-7.7379,2.5981,1.6391,0.54326,-0.22359,3.42,-1.5287,7.3949,20.59,41.663,11.734,11.1
-7.8199,-0.99699,-0.93591,1.6874,0.77274,-0.10639,-1.4097,5.5493,15.021,35.701,8.069,6.5984
-7.8345,-4.349,-3.6168,2.839,1.8417,-3.83,-1.2804,4.0454,10.258,30.265,4.7147,3.3168
-7.8152,-7.4382,-6.2996,4.0181,2.9378,-7.6424,-1.1305,2.7392,6.5979,25.17,1.6679,1.4522
-7.8068,-10.224,-8.8012,5.2227,4.0057,-11.254,-0.9613,1.5576,3.8777,20.396,-1.0636,0.23682
-7.833,-12.669,-10.97,6.4395,4.9951,-14.387,-0.78681,0.46449,1.7729,15.928,-3.4712,-0.80979
-7.8901,-14.758,-12.761,7.6495,5.8735,-16.949,-0.63053,-0.55947,0.063107,11.929,-5.5551,-1.8302
-7.9599,-16.489,-14.227,8.8319,6.6301,-19.023,-0.51555,-1.5269,-1.3786,8.7306,-7.3311,-2.8614
-8.032,-17.878,-15.458,9.9673,7.2664,-20.751,-0.4544,-2.4477,-2.6358,6.3284,-8.8323,-3.9213
-8.1169,-18.957,-16.527,11.034,7.7829,-22.253,-0.44352,-3.3302,-3.7662,4.5006,-10.105,-5.0234
-8.2412,-19.795,-17.463,12.001,8.1711,-23.591,-0.46441,-4.1793,-4.8051,3.0432,-11.199,-6.1703
-8.428,-20.497,-18.256,12.838,8.4147,-24.76,-0.49176,-4.9947,-5.7654,1.8244,-12.158,-7.346
-8.6838,-21.189,-18.874,13.525,8.4997,-25.709,-0.50567,-5.7718,-6.6411,0.7674,-13.014,-8.5157
-9.0062,-21.938,-19.296,14.074,8.4279,-26.394,-0.50096,-6.5026,-7.4161,-0.17157,-13.778,-9.6372
-9.3935,-22.694,-19.524,14.514,8.2244,-26.822,-0.48811,-7.178,-8.0756,-1.016,-14.449,-10.677
-9.8292,-23.312,-19.59,14.872,7.9324,-27.038,-0.48711,-7.7884,-8.614,-1.7773,-15.024,-11.623
-10.265,-23.654,-19.528,15.151,7.5983,-27.097,-0.51935,-8.3247,-9.0338,-2.4611,-15.502,-12.485
-10.646,-23.663,-19.341,15.34,7.2554,-27.029,-0.60093,-8.7795,-9.3413,-3.0735,-15.9,-13.285
-10.951,-23.359,-18.985,15.434,6.9186,-26.822,-0.7372,-9.1491,-9.543,-3.6223,-16.25,-14.046
-11.201,-22.807,-18.399,15.443,6.594,-26.435,-0.91897,-9.4335,-9.6477,-4.1124,-16.583,-14.776
-11.406,-22.089,-17.571,15.376,6.2949,-25.818,-1.1223,-9.6334,-9.6686,-4.5407,-16.923,-15.466
-11.505,-21.289,-16.572,15.225,6.0511,-24.954,-1.3147,-9.7484,-9.6229,-4.8965,-17.276,-16.095
-11.38,-20.478,-15.547,14.973,5.9025,-23.886,-1.4654,-9.7762,-9.5303,-5.168,-17.631,-16.636
-10.956,-19.708,-14.645,14.617,5.8755,-22.731,-1.556,-9.7142,-9.4098,-5.3515,-17.975,-17.063
-10.287,-19.013,-13.956,14.185,5.958,-21.638,-1.5831,-9.5621,-9.2773,-5.4552,-18.294,-17.353
-9.5281,-18.402,-13.472,13.723,6.0956,-20.709,-1.5549,-9.325,-9.1416,-5.4958,-18.585,-17.492
-8.8472,-17.868,-13.114,13.272,6.2103,-19.961,-1.4846,-9.0145,-9.0015,-5.4896,-18.848,-17.48
-8.3524,-17.38,-12.782,12.848,6.2303,-19.341,-1.3848,-8.6453,-8.8439,-5.4449,-19.084,-17.332
-8.0624,-16.902,-12.397,12.438,6.119,-18.77,-1.264,-8.2299,-8.647,-5.3586,-19.284,-17.081
-7.9064,-16.4,-11.935,12.007,5.8931,-18.191,-1.124,-7.7752,-8.3861,-5.22,-19.433,-16.765
-7.7573,-15.861,-11.429,11.519,5.616,-17.585,-0.96363,-7.2841,-8.0447,-5.0171,-19.511,-16.422
-7.4925,-15.292,-10.949,10.961,5.3693,-16.975,-0.78362,-6.7601,-7.6227,-4.7451,-19.496,-16.083
-7.0549,-14.726,-10.56,10.353,5.2163,-16.402,-0.59069,-6.2112,-7.1387,-4.4106,-19.375,-15.764
-6.4813,-14.204,-10.299,9.751,5.1784,-15.906,-0.39558,-5.6493,-6.6231,-4.0304,-19.144,-15.469
-5.8828,-13.767,-10.154,9.223,5.2279,-15.502,-0.20899,-5.0872,-6.1071,-3.626,-18.813,-15.18
-5.3908,-13.441,-10.069,8.8307,5.3014,-15.178,-0.038835,-4.5351,-5.6143,-3.2163,-18.404,-14.862
-5.1022,-13.237,-9.9835,8.6078,5.3317,-14.903,0.10941,-4.001,-5.1555,-2.8135,-17.941,-14.485
-5.0455,-13.142,-9.8703,8.5456,5.2863,-14.655,0.23097,-3.4909,-4.7289,-2.4224,-17.446,-14.039
-5.1622,-13.131,-9.7586,8.5884,5.1902,-14.439,0.32053,-3.01,-4.3232,-2.0428,-16.933,-13.548
-5.3087,-13.169,-9.7193,8.6479,5.1143,-14.284,0.37313,-2.5611,-3.9215,-1.6722,-16.408,-13.055
-5.3099,-13.225,-9.8214,8.6375,5.1365,-14.227,0.38634,-2.1422,-3.505,-1.3079,-15.865,-12.607
-5.0594,-13.275,-10.096,8.5095,5.3065,-14.282,0.36231,-1.746,-3.0584,-0.94782,-15.291,-12.224
-4.5879,-13.304,-10.525,8.2705,5.6287,-14.431,0.30842,-1.3632,-2.5749,-0.58971,-14.668,-11.887
-4.0211,-13.307,-11.053,7.9659,6.0623,-14.628,0.23674,-0.98855,-2.0579,-0.22959,-13.977,-11.539
-3.4745,-13.284,-11.596,7.6489,6.5357,-14.823,0.16243,-0.62506,-1.5192,0.13907,-13.206,-11.117
-2.9964,-13.236,-12.072,7.3515,6.9741,-14.965,0.10098,-0.28385,-0.97386,0.52373,-12.352,-10.579
-2.5789,-13.149,-12.415,7.0695,7.3305,-15.005,0.064589,0.02058,-0.43524,0.9291,-11.426,-9.9311
-2.1815,-12.995,-12.599,6.7657,7.6049,-14.904,0.05876,0.27663,0.088502,1.3537,-10.45,-9.2169
-1.7463,-12.741,-12.648,6.3874,7.8405,-14.646,0.082655,0.4802,0.59578,1.789,-9.4524,-8.4939
-1.2191,-12.363,-12.617,5.893,8.0991,-14.246,0.12953,0.63552,1.0907,2.2216,-8.4634,-7.8037
-0.57724,-11.861,-12.565,5.274,8.4282,-13.747,0.19016,0.75236,1.5797,2.6381,-7.5076,-7.1607
0.15581,-11.258,-12.53,4.5613,8.8356,-13.197,0.2561,0.84157,2.0672,3.029,-6.6002,-6.557
0.92064,-10.595,-12.506,3.8141,9.2839,-12.637,0.32209,0.91108,2.5523,3.3917,-5.7459,-5.9769
1.6419,-9.9177,-12.458,3.0964,9.7016,-12.085,0.38645,0.96344,3.0288,3.7273,-4.94,-5.4093
2.2455,-9.2625,-12.332,2.4585,10.011,-11.536,0.4489,0.99554,3.4882,4.0398,-4.1706,-4.8564
2.6756,-8.652,-12.087,1.9268,10.161,-10.978,0.50685,1.0007,3.9232,4.3315,-3.4217,-4.3344
2.915,-8.0912,-11.722,1.5034,10.144,-10.402,0.55281,0.97179,4.3308,4.6019,-2.6779,-3.8677
2.9959,-7.5722,-11.273,1.1717,10.006,-9.8149,0.57545,0.9049,4.7124,4.8471,-1.9289,-3.4789
2.9835,-7.083,-10.795,0.90841,9.8107,-9.2298,0.5644,0.8029,5.0745,5.0636,-1.1724,-3.1789
2.9438,-6.6191,-10.332,0.69566,9.6127,-8.6646,0.51578,0.67783,5.4269,5.2507,-0.41254,-2.9618
2.9173,-6.1878,-9.8971,0.52706,9.4296,-8.1349,0.43406,0.54929,5.781,5.413,0.34451,-2.8057
2.9105,-5.8025,-9.4782,0.40547,9.243,-7.6494,0.32902,0.43769,6.1441,5.5583,1.0937,-2.6805
2.9009,-5.4717,-9.0516,0.33455,9.0165,-7.2063,0.20931,0.35492,6.5152,5.6949,1.8316,-2.5616
2.8528,-5.1906,-8.5991,0.31196,8.7189,-6.7969,0.078415,0.29856,6.8809,5.8273,2.5544,-2.4416
2.7385,-4.9381,-8.1164,0.32541,8.3407,-6.4069,-0.06502,0.25407,7.2178,5.9528,3.2546,-2.3331
2.5525,-4.6843,-7.6101,0.35448,7.897,-6.0199,-0.22475,0.20371,7.4995,6.0615,3.9201,-2.26
2.3114,-4.4006,-7.0928,0.37529,7.4194,-5.6235,-0.40268,0.13644,7.7072,6.1399,4.5368,-2.2426
2.047,-4.0685,-6.5777,0.36645,6.942,-5.2122,-0.59496,0.053052,7.8361,6.1773,5.0961,-2.2876
1.7979,-3.6829,-6.0752,0.31202,6.4919,-4.7875,-0.78987,-0.033536,7.8947,6.1708,5.6009,-2.3849
1.6034,-3.2503,-5.5905,0.20262,6.085,-4.3545,-0.97094,-0.10437,7.898,6.1263,6.0664,-2.5108
1.4972,-2.7823,-5.1242,0.034545,5.7282,-3.9172,-1.1212,-0.14275,7.8584,6.0554,6.5158,-2.6363
1.5014,-2.2895,-4.6744,-0.19069,5.4214,-3.4765,-1.2302,-0.14068,7.7813,5.97,6.9714,-2.7364
1.6259,-1.7791,-4.2395,-0.46644,5.1624,-3.0323,-1.2976,-0.10019,7.667,5.878,7.4481,-2.7978
1.8671,-1.2573,-3.8201,-0.78217,4.9476,-2.5863,-1.3335,-0.029415,7.5152,5.7812,7.9513,-2.8178
2.2053,-0.73066,-3.42,-1.1229,4.7723,-2.1445,-1.3545,0.062211,7.3306,5.6784,8.4781,-2.7985
2.6031,-0.2076,-3.0439,-1.4704,4.6271,-1.7149,-1.376,0.16946,7.1245,5.569,9.021,-2.7407
3.0096,0.30139,-2.6937,-1.8038,4.4968,-1.305,-1.4056,0.29236,6.9131,5.4562,9.5724,-2.6427
3.369,0.78237,-2.3672,-2.1001,4.3612,-0.91997,-1.4391,0.43374,6.7135,5.3473,10.126,-2.503
3.6323,1.2171,-2.0599,-2.3364,4.2004,-0.56423,-1.4628,0.59412,6.5378,5.2472,10.676,-2.3247
3.7659,1.5847,-1.769,-2.4958,4.002,-0.245,-1.4596,0.76647,6.3878,5.1523,11.213,-2.116
3.7554,1.8676,-1.4957,-2.5721,3.7631,0.027827,-1.416,0.93426,6.2522,5.0501,11.724,-1.8911
3.6024,2.0571,-1.2435,-2.5696,3.4869,0.24439,-1.3258,1.0753,6.1102,4.9255,12.194,-1.6715
3.3197,2.156,-1.0161,-2.5017,3.1794,0.39889,-1.1902,1.1704,5.9385,4.7709,12.614,-1.4814
2.9291,2.1749,-0.81476,-2.3847,2.8474,0.49184,-1.0135,1.2116,5.7248,4.5917,12.977,-1.3422
2.4593,2.1256,-0.63728,-2.2328,2.4987,0.52857,-0.80095,1.2056,5.4759,4.4025,13.287,-1.2684
1.9442,2.0161,-0.48069,-2.0545,2.1425,0.51678,-0.56004,1.1688,5.2174,4.2176,13.549,-1.2627
1.4233,1.8507,-0.34578,-1.8546,1.792,0.46394,-0.30291,1.1178,4.9826,4.0431,13.779,-1.3183
0.93948,1.6348,-0.23962,-1.6388,1.4672,0.3765,-0.046122,1.0611,4.7966,3.8734,13.993,-1.4202
0.53637,1.3794,-0.1761,-1.4178,1.1963,0.25928,0.19205,0.99754,4.6666,3.6943,14.211,-1.5507
0.25381,1.1019,-0.173,-1.2068,1.0119,0.11513,0.39552,0.91814,4.5789,3.4901,14.445,-1.6938
0.11986,0.82257,-0.24616,-1.0224,0.94133,-0.054893,0.55409,0.81241,4.5058,3.2518,14.694,-1.8406
0.14396,0.56017,-0.40226,-0.87785,0.99634,-0.24909,0.6659,0.6744,4.4155,2.9807,14.944,-1.9892
0.3145,0.32967,-0.63219,-0.78068,1.1672,-0.46151,0.73722,0.50635,4.2822,2.689,15.18,-2.144
0.60006,0.14189,-0.91014,-0.73177,1.4228,-0.67926,0.77895,0.31795,4.0911,2.3952,15.391,-2.3112
0.95551,0.0028128,-1.1998,-0.72566,1.7198,-0.88423,0.80118,0.1218,3.8391,2.1169,15.58,-2.4943
1.3318,-0.089172,-1.4658,-0.75291,2.0153,-1.0595,0.80811,-0.070514,3.5314,1.8635,15.753,-2.693
1.686,-0.14597,-1.6841,-0.8007,2.2784,-1.1962,0.79613,-0.25191,3.1779,1.6315,15.912,-2.904
1.9886,-0.18836,-1.8454,-0.85448,2.4936,-1.2968,0.75739,-0.41914,2.7884,1.4055,16.051,-3.1219
2.2247,-0.23889,-1.9523,-0.90038,2.6574,-1.3708,0.6879,-0.57043,2.3714,1.1667,16.162,-3.338
2.3918,-0.31244,-2.0119,-0.92802,2.771,-1.4276,0.5949,-0.7025,1.9343,0.90398,16.248,-3.5402
2.4937,-0.40959,-2.0295,-0.93086,2.8333,-1.4706,0.49686,-0.80911,1.4846,0.62088,16.331,-3.7148
2.5341,-0.517,-2.0052,-0.9051,2.8385,-1.495,0.41476,-0.88317,1.0311,0.33402,16.446,-3.8503
2.5111,-0.61605,-1.9359,-0.84835,2.7777,-1.493,0.36133,-0.92213,0.58226,0.063621,16.634,-3.9405
2.4157,-0.69328,-1.8217,-0.75763,2.6465,-1.46,0.33517,-0.93297,0.14395,-0.17772,16.918,-3.9896
2.232,-0.74663,-1.6701,-0.62919,2.4492,-1.4001,0.32223,-0.93224,-0.28176,-0.39203,17.297,-4.0109
1.9448,-0.78351,-1.4954,-0.46053,2.1984,-1.3244,0.30276,-0.94011,-0.69606,-0.59433,17.744,-4.0271
1.5494,-0.81401,-1.3124,-0.25354,1.91,-1.2452,0.26016,-0.97176,-1.1009,-0.80385,18.217,-4.0643
1.0587,-0.84473,-1.1304,-0.0165,1.5979,-1.1704,0.18797,-1.0309,-1.4961,-1.0337,18.674,-4.1428
0.50397,-0.87642,-0.95102,0.2365,1.2714,-1.1003,0.091805,-1.11,-1.877,-1.285,19.079,-4.2716
-0.07053,-0.90474,-0.76894,0.4874,0.93564,-1.0294,-0.01406,-1.1966,-2.2359,-1.5485,19.413,-4.4414
-0.6134,-0.92251,-0.57708,0.71666,0.59573,-0.94895,-0.11359,-1.281,-2.565,-1.8104,19.685,-4.6309
-1.0727,-0.9205,-0.3716,0.90494,0.26066,-0.85148,-0.19575,-1.3614,-2.8596,-2.0593,19.926,-4.8099
-1.4039,-0.88913,-0.15542,1.0351,-0.054501,-0.73318,-0.25832,-1.4444,-3.1193,-2.289,20.174,-4.9543
-1.5801,-0.82074,0.062118,1.0954,-0.33139,-0.59533,-0.3077,-1.5409,-3.348,-2.4974,20.466,-5.0587
-1.5998,-0.71263,0.26935,1.0833,-0.55544,-0.4434,-0.35483,-1.6589,-3.5523,-2.6837,20.816,-5.1329
-1.4886,-0.56834,0.45809,1.0066,-0.72308,-0.28442,-0.40923,-1.7977,-3.7392,-2.8467,21.212,-5.1894
-1.2921,-0.39547,0.6275,0.88156,-0.84417,-0.12281,-0.47333,-1.9459,-3.9119,-2.9839,21.623,-5.2347
-1.0622,-0.20108,0.78398,0.72713,-0.93773,0.040074,-0.54033,-2.086,-4.0678,-3.0921,22.005,-5.2598
-0.84396,0.011433,0.93721,0.56016,-1.0242,0.20619,-0.59682,-2.2035,-4.1997,-3.168,22.312,-5.2439
-0.66522,0.2417,1.0948,0.39191,-1.1183,0.37799,-0.62877,-2.295,-4.3018,-3.2085,22.5,-5.1667
-0.53427,0.48815,1.2584,0.22808,-1.2247,0.5543,-0.62812,-2.3698,-4.3766,-3.213,22.53,-5.0189
-0.44567,0.74416,1.4231,0.071783,-1.3384,0.73056,-0.59611,-2.4427,-4.4372,-3.1852,22.371,-4.8081
-0.391,0.99801,1.5806,-0.073798,-1.4491,0.90051,-0.54191,-2.5247,-4.5038,-3.1346,22.004,-4.5596
-0.36939,1.2371,1.7265,-0.20379,-1.5489,1.0582,-0.47807,-2.6157,-4.5935,-3.0748,21.423,-4.2969
-0.39184,1.4536,1.8643,-0.31202,-1.6415,1.2031,-0.41614,-2.704,-4.7123,-3.0207,20.631,-4.0398
-0.47679,1.6479,2.0092,-0.39272,-1.7439,1.3421,-0.36421,-2.774,-4.8523,-2.9842,19.645,-3.7936
-0.63926,1.8278,2.1834,-0.44252,-1.8803,1.4891,-0.32707,-2.8151,-4.9966,-2.9723,18.49,-3.5477
-0.88009,2.0055,2.4077,-0.46228,-2.0698,1.6615,-0.30666,-2.8282,-5.1283,-2.987,17.199,-3.2808
-1.18,2.1941,2.6962,-0.45848,-2.3172,1.8754,-0.30262,-2.8238,-5.2375,-3.0296,15.805,-2.9784
-1.4999,2.4038,3.0475,-0.44303,-2.6073,2.1394,-0.31306,-2.8143,-5.3267,-3.1026,14.337,-2.6432
-1.7886,2.6387,3.443,-0.4317,-2.9065,2.4499,-0.33606,-2.8062,-5.4078,-3.2082,12.817,-2.294
-1.9953,2.8956,3.8487,-0.43941,-3.1693,2.7911,-0.37125,-2.7959,-5.4965,-3.3447,11.255,-1.9528
-2.0871,3.1658,4.2255,-0.47583,-3.3553,3.141,-0.4206,-2.7715,-5.603,-3.5036,9.6505,-1.6387
-2.0638,3.4408,4.5466,-0.54298,-3.4516,3.4814,-0.48724,-2.7193,-5.7254,-3.6721,7.9907,-1.366
-1.9613,3.7162,4.8167,-0.63559,-3.4867,3.8086,-0.57279,-2.6308,-5.8487,-3.8386,6.27,-1.1436
-1.8363,3.9955,5.073,-0.74554,-3.5184,4.1359,-0.67501,-2.5076,-5.9512,-3.9976,4.4972,-0.97855
-1.7416,4.2861,5.3602,-0.86583,-3.6005,4.4838,-0.78759,-2.3607,-6.0153,-4.15,2.6999,-0.87197
-1.7054,4.5901,5.6963,-0.99135,-3.7516,4.8579,-0.9023,-2.2069,-6.0375,-4.2993,0.91877,-0.8112
-1.7216,4.8959,6.0547,-1.1182,-3.945,5.2409,-1.0121,-2.063,-6.0312,-4.4472,-0.80394,-0.77075
-1.7567,5.1781,6.3709,-1.2414,-4.1204,5.5904,-1.1128,-1.9387,-6.0195,-4.592,-2.4328,-0.7176
-1.7683,5.4058,6.5705,-1.3538,-4.2125,5.855,-1.2035,-1.8329,-6.0245,-4.7281,-3.9472,-0.62138
-1.7254,5.5545,6.6065,-1.4468,-4.1829,5.9986,-1.2852,-1.733,-6.0564,-4.8463,-5.3375,-0.46532
-1.6205,5.6171,6.4837,-1.5131,-4.0375,6.0171,-1.3593,-1.6189,-6.1096,-4.9332,-6.6001,-0.25198
-1.4668,5.6061,6.2533,-1.549,-3.8196,5.9406,-1.427,-1.4699,-6.1646,-4.9736,-7.7301,0.0015975
-1.2882,5.5473,5.9881,-1.5555,-3.5866,5.8191,-1.4885,-1.2716,-6.1949,-4.953,-8.7163,0.26706
-1.1108,5.4666,5.7524,-1.5375,-3.3882,5.6994,-1.5442,-1.0208,-6.1775,-4.8644,-9.5419,0.52258
-0.95555,5.3794,5.5826,-1.5009,-3.253,5.6096,-1.5941,-0.72639,-6.1024,-4.7114,-10.191,0.75766
-0.83509,5.2874,5.4835,-1.4498,-3.1856,5.5532,-1.6383,-0.40542,-5.9777,-4.5082,-10.66,0.97596
-0.75215,5.1815,5.4346,-1.3858,-3.1692,5.5124,-1.6772,-0.07647,-5.8261,-4.2738,-10.965,1.1873
-0.70235,5.0494,5.3993,-1.3081,-3.1741,5.4574,-1.7122,0.24637,-5.6752,-4.0243,-11.144,1.4052
-0.6814,4.8827,5.3444,-1.2155,-3.1731,5.3611,-1.7463,0.55497,-5.5464,-3.7692,-11.253,1.6416
-0.69489,4.6811,5.2562,-1.1061,-3.1593,5.2134,-1.7822,0.84484,-5.4498,-3.5134,-11.347,1.9013
-0.76356,4.4545,5.1506,-0.97805,-3.1532,5.0296,-1.819,1.1118,-5.3842,-3.262,-11.474,2.1778
-0.91903,4.2218,5.0738,-0.83089,-3.2036,4.8474,-1.8502,1.3504,-5.3415,-3.0231,-11.66,2.4544
-1.1918,4.0067,5.0911,-0.66575,-3.3752,4.7154,-1.8659,1.5547,-5.3121,-2.8065,-11.901,2.7113
-1.6004,3.8333,5.2675,-0.4866,-3.7306,4.6781,-1.856,1.7207,-5.2882,-2.619,-12.178,2.9342
-2.1487,3.718,5.6475,-0.29957,-4.314,4.7625,-1.8151,1.8479,-5.2629,-2.4614,-12.468,3.1196
-2.8284,3.6673,6.2455,-0.11256,-5.151,4.9714,-1.7437,1.9393,-5.2272,-2.3283,-12.749,3.274
-3.6123,3.678,7.0453,0.064388,-6.2296,5.2869,-1.6481,2.0007,-5.1699,-2.2106,-13.01,3.4094
-4.4316,3.7408,7.995,0.2208,-7.4644,5.6758,-1.5397,2.0388,-5.082,-2.1011,-13.25,3.5355
-5.1671,3.844,8.9853,0.34878,-8.6681,6.0955,-1.4327,2.0583,-4.964,-1.9996,-13.475,3.6553
-5.7117,3.976,9.8451,0.44617,-9.6093,6.4975,-1.3417,2.0584,-4.8292,-1.9154,-13.696,3.7634
-6.0622,4.1289,10.408,0.51564,-10.146,6.8369,-1.2779,2.0309,-4.7,-1.8651,-13.924,3.8507
-6.3192,4.3006,10.624,0.55897,-10.306,7.0943,-1.2469,1.9632,-4.5985,-1.8653,-14.171,3.9112
-6.5901,4.4968,10.611,0.57116,-10.261,7.2942,-1.2469,1.8448,-4.5373,-1.9238,-14.438,3.9479
-6.9024,4.7293,10.564,0.53928,-10.203,7.493,-1.2696,1.674,-4.5141,-2.0343,-14.723,3.9745
-7.1926,5.01,10.624,0.44645,-10.239,7.7414,-1.3028,1.4623,-4.5138,-2.1764,-15.013,4.0125
-7.3518,5.3433,10.81,0.27793,-10.35,8.0532,-1.3351,1.2331,-4.5142,-2.3237,-15.297,4.0856
-7.2721,5.7197,11.042,0.026146,-10.424,8.3993,-1.3599,1.0147,-4.4956,-2.4543,-15.566,4.2133
-6.8743,6.115,11.195,-0.30571,-10.325,8.7183,-1.3772,0.82947,-4.4481,-2.5594,-15.814,4.404
-6.1381,6.4946,11.147,-0.702,-9.9418,8.9372,-1.3911,0.68685,-4.3744,-2.6428,-16.036,4.651
-5.127,6.8248,10.835,-1.1362,-9.2521,9.0032,-1.4054,0.58287,-4.2867,-2.7155,-16.227,4.9337
-3.98,7.0869,10.296,-1.5757,-8.3367,8.9167,-1.4203,0.50747,-4.1981,-2.7861,-16.381,5.2261
-2.8658,7.2861,9.6534,-1.9887,-7.3561,8.7373,-1.4309,0.4529,-4.1147,-2.8555,-16.496,5.5094
-1.9253,7.4465,9.0569,-2.3501,-6.4735,8.5523,-1.4302,0.41833,-4.0328,-2.9159,-16.574,5.7802
-1.2335,7.594,8.6111,-2.6449,-5.7854,8.4303,-1.4129,0.40931,-3.9412,-2.9529,-16.628,6.052
-0.78934,7.7378,8.3381,-2.8689,-5.3007,8.3885,-1.3784,0.4345,-3.8271,-2.9508,-16.665,6.3495
-0.53374,7.8617,8.1802,-3.0254,-4.9685,8.3871,-1.3325,0.50153,-3.6832,-2.8971,-16.693,6.7038
-0.38844,7.9279,8.0302,-3.1202,-4.7093,8.3458,-1.2866,0.61438,-3.5099,-2.7867,-16.709,7.1474
-0.29549,7.8918,7.7844,-3.1567,-4.4512,8.1804,-1.2548,0.77071,-3.3151,-2.6235,-16.706,7.7096
-0.22732,7.7219,7.3918,-3.1336,-4.1536,7.8479,-1.2485,0.96216,-3.1088,-2.4195,-16.673,8.4091
-0.17526,7.415,6.8682,-3.0486,-3.816,7.3685,-1.2712,1.1782,-2.8979,-2.1888,-16.596,9.2438
-0.14453,6.9973,6.2765,-2.9035,-3.4658,6.8065,-1.3157,1.4116,-2.6822,-1.9412,-16.457,10.185
-0.15456,6.5117,5.6936,-2.7068,-3.1425,6.2337,-1.3651,1.6616,-2.4531,-1.6788,-16.241,11.187
-0.2292,5.9996,5.1772,-2.4714,-2.8825,5.6998,-1.3974,1.9313,-2.1972,-1.3985,-15.936,12.202
-0.38049,5.4858,4.744,-2.2097,-2.7005,5.2193,-1.3919,2.2221,-1.9027,-1.0985,-15.545,13.204
-0.59701,4.9731,4.3678,-1.9312,-2.5774,4.7719,-1.3355,2.5289,-1.5657,-0.78307,-15.088,14.187
-0.84121,4.4484,3.994,-1.6435,-2.4645,4.3155,-1.2263,2.8393,-1.1954,-0.46264,-14.597,15.148
-1.0577,3.8951,3.5646,-1.3541,-2.3017,3.8067,-1.0735,3.1378,-0.81345,-0.15057,-14.112,16.075
-1.1911,3.3056,3.0415,-1.0714,-2.0418,3.2226,-0.89301,3.4104,-0.44819,0.14167,-13.668,16.943
-1.2037,2.6873,2.4213,-0.80482,-1.6661,2.5714,-0.70097,3.6501,-0.12444,0.40797,-13.287,17.718
-1.0853,2.0604,1.7311,-0.56342,-1.1873,1.8858,-0.5077,3.859,0.14622,0.64946,-12.981,18.375
-0.85221,1.4501,1.0143,-0.35441,-0.64027,1.2067,-0.31499,4.0463,0.37,0.87308,-12.741,18.91
-0.54132,0.87938,0.31572,-0.18178,-0.070657,0.56934,-0.11775,4.2234,0.56772,1.0899,-12.55,19.35
-0.19911,0.36294,-0.32748,-0.045706,0.47763,-0.0034022,0.090787,4.3981,0.76583,1.312,-12.382,19.741
0.1302,-0.094455,-0.89039,0.057018,0.97147,-0.5021,0.31343,4.5712,0.98591,1.5478,-12.212,20.131
0.4139,-0.49604,-1.3607,0.13191,1.3922,-0.9279,0.54422,4.7358,1.2366,1.7979,-12.025,20.533
0.63435,-0.84899,-1.738,0.18524,1.7347,-1.2884,0.76798,4.8792,1.5111,2.0533,-11.82,20.914
0.78732,-1.1599,-2.0325,0.22248,2.0041,-1.594,0.96334,4.9871,1.7907,2.2971,-11.611,21.196
0.8782,-1.431,-2.2619,0.24714,2.2127,-1.8539,1.1099,5.047,2.0528,2.5095,-11.418,21.291
0.91812,-1.6591,-2.4434,0.26073,2.3753,-2.0725,1.1975,5.0538,2.2804,2.6756,-11.258,21.14
0.92061,-1.8358,-2.5868,0.26409,2.5033,-2.2484,1.2318,5.0128,2.4694,2.7912,-11.14,20.749
0.89861,-1.955,-2.6926,0.25917,2.6008,-2.3759,1.2335,4.9385,2.6318,2.8646,-11.06,20.204
0.86218,-2.0164,-2.7566,0.25002,2.6652,-2.4508,1.2279,4.85,2.7913,2.9115,-11.007,19.652
0.81757,-2.028,-2.7759,0.24201,2.6922,-2.4743,1.234,4.7642,2.9727,2.9464,-10.977,19.243
0.76784,-2.0035,-2.7534,0.23978,2.6814,-2.4544,1.2571,4.6915,3.1912,2.9762,-10.973,19.066
0.71453,-1.9579,-2.6988,0.24541,2.6389,-2.4041,1.2892,4.6346,3.4454,2.9987,-11.002,19.13
0.65917,-1.9034,-2.6255,0.25768,2.5766,-2.3376,1.3153,4.5904,3.72,3.0057,-11.07,19.35
0.60388,-1.8469,-2.5474,0.27265,2.5087,-2.2672,1.3228,4.5534,3.9936,2.9897,-11.173,19.583
0.55099,-1.7915,-2.4768,0.28506,2.4485,-2.2025,1.3098,4.5178,4.2478,2.9475,-11.295,19.683
0.50224,-1.738,-2.423,0.29029,2.4058,-2.15,1.2871,4.4785,4.4732,2.8826,-11.416,19.562
0.45807,-1.6888,-2.3915,0.28631,2.3858,-2.1146,1.2746,4.431,4.6685,2.8033,-11.516,19.214
0.41767,-1.6487,-2.3837,0.27486,2.3879,-2.0993,1.291,4.3721,4.8373,2.7183,-11.587,18.711
0.38045,-1.626,-2.3979,0.26105,2.4079,-2.1058,1.3458,4.2999,4.9828,2.6339,-11.638,18.152
0.34818,-1.6298,-2.4309,0.25139,2.4402,-2.1348,1.4344,4.2145,5.1054,2.5514,-11.688,17.623
0.32769,-1.6661,-2.4796,0.25099,2.4817,-2.1852,1.542,4.1175,5.2014,2.468,-11.759,17.149
0.33185,-1.7343,-2.5423,0.26139,2.5337,-2.2536,1.6506,4.014,5.2667,2.3818,-11.865,16.701
0.37651,-1.8251,-2.6188,0.28,2.6017,-2.3342,1.7488,3.9125,5.3015,2.2969,-11.997,16.222
0.47264,-1.9243,-2.7091,0.30185,2.6917,-2.4203,1.8365,3.8246,5.3121,2.2257,-12.139,15.663
0.61796,-2.0184,-2.8139,0.32278,2.8068,-2.5061,1.9228,3.7606,5.3081,2.1851,-12.27,15.01
0.79316,-2.1007,-2.9332,0.34235,2.9441,-2.5907,2.0188,3.7248,5.296,2.1893,-12.385,14.283
0.96462,-2.1728,-3.0652,0.3646,3.0934,-2.677,2.1297,3.7114,5.2726,2.2418,-12.499,13.519
1.0921,-2.2424,-3.2034,0.39615,3.2384,-2.7676,2.2513,3.7063,5.2257,2.3317,-12.642,12.748
1.1389,-2.3151,-3.3347,0.44291,3.3575,-2.8609,2.372,3.6929,5.1405,2.4372,-12.844,11.978
1.082,-2.391,-3.4405,0.50681,3.4286,-2.9484,2.4811,3.6604,5.0092,2.5343,-13.119,11.197
0.91935,-2.4638,-3.4998,0.5844,3.4332,-3.016,2.577,3.6096,4.8376,2.6071,-13.452,10.391
0.67336,-2.523,-3.4962,0.66682,3.3639,-3.0484,2.6688,3.5519,4.6453,2.6534,-13.802,9.5747
0.38861,-2.5576,-3.4254,0.74173,3.2301,-3.0349,2.7701,3.5044,4.4583,2.6818,-14.115,8.7809
0.12299,-2.5612,-3.2995,0.79645,3.0588,-2.9749,2.8894,3.482,4.3001,2.7044,-14.348,8.0515
-0.067698,-2.5337,-3.1445,0.82148,2.8876,-2.8782,3.0254,3.4934,4.1855,2.7269,-14.482,7.4215
-0.14749,-2.4825,-2.9915,0.81342,2.7519,-2.7625,3.1681,3.5404,4.1195,2.7454,-14.524,6.9111
-0.11244,-2.4191,-2.8659,0.77598,2.6723,-2.6469,3.3039,3.62,4.0993,2.7484,-14.501,6.5254
0.0092269,-2.3555,-2.7803,0.7185,2.6495,-2.5464,3.421,3.7263,4.1161,2.724,-14.446,6.2559
0.16839,-2.2987,-2.7337,0.65195,2.6682,-2.4681,3.513,3.8508,4.1558,2.6676,-14.388,6.0805
0.31299,-2.2477,-2.7155,0.584,2.7061,-2.4106,3.5802,3.983,4.2018,2.584,-14.343,5.9661
0.40542,-2.1933,-2.7115,0.51607,2.7435,-2.3657,3.6287,4.1122,4.2388,2.4856,-14.317,5.8755
0.43353,-2.1217,-2.7079,0.44409,2.7686,-2.3218,3.668,4.2282,4.2571,2.386,-14.304,5.778
0.41255,-2.0214,-2.6966,0.36206,2.7805,-2.2686,3.707,4.3228,4.2545,2.2938,-14.295,5.6567
0.37866,-1.889,-2.6782,0.26553,2.7899,-2.2025,3.7478,4.3886,4.2338,2.2083,-14.281,5.5096
0.37896,-1.7315,-2.6653,0.15252,2.8197,-2.1293,3.7834,4.4188,4.199,2.1202,-14.259,5.3465
0.4604,-1.5651,-2.6807,0.0231,2.8996,-2.0648,3.8002,4.4092,4.1536,2.017,-14.221,5.1821
0.65699,-1.4098,-2.7491,-0.12088,3.0556,-2.0272,3.786,4.3601,4.1017,1.8906,-14.15,5.0305
0.97597,-1.284,-2.8835,-0.27502,3.2956,-2.0303,3.7379,4.2784,4.0501,1.7437,-14.017,4.9009
1.3899,-1.1991,-3.0748,-0.4317,3.6013,-2.0757,3.6656,4.1767,4.0065,1.5904,-13.777,4.7949
1.8407,-1.1579,-3.2915,-0.58076,3.9297,-2.1516,3.5878,4.0689,3.975,1.453,-13.392,4.7071
2.256,-1.1536,-3.4898,-0.71186,4.2248,-2.2365,3.5253,3.9648,3.9511,1.3547,-12.833,4.6257
2.5706,-1.1718,-3.6282,-0.81757,4.4361,-2.3063,3.4927,3.8668,3.9214,1.3102,-12.089,4.5358
2.7476,-1.1958,-3.6823,-0.895,4.5357,-2.344,3.4944,3.7714,3.8686,1.3197,-11.166,4.4267
2.7893,-1.2138,-3.655,-0.94515,4.5299,-2.3472,3.5247,3.6725,3.7803,1.3677,-10.072,4.2939
2.7323,-1.2258,-3.578,-0.97052,4.4582,-2.3313,3.5718,3.5657,3.6557,1.429,-8.8136,4.1435
2.628,-1.2434,-3.502,-0.97255,4.3783,-2.3247,3.6221,3.4497,3.505,1.4792,-7.3876,3.9884
2.5223,-1.2861,-3.4778,-0.95039,4.3436,-2.3581,3.6631,3.3257,3.3438,1.5043,-5.7892,3.8415
2.4416,-1.3731,-3.5364,-0.90134,4.3849,-2.4534,3.6847,3.1953,3.1846,1.5042,-4.0192,3.7107
2.3889,-1.518,-3.6805,-0.82277,4.5024,-2.6166,3.6802,3.0594,3.0317,1.4892,-2.092,3.5949
2.3488,-1.7245,-3.8871,-0.71431,4.6702,-2.8376,3.6481,2.9185,2.8836,1.4717,-0.036228,3.487
2.2967,-1.9862,-4.1171,-0.57935,4.8466,-3.0948,3.5928,2.7748,2.7374,1.4597,2.1109,3.3789
2.2112,-2.2881,-4.33,-0.42514,4.9887,-3.3621,3.5238,2.6336,2.5935,1.453,4.3139,3.265
2.0863,-2.6104,-4.4956,-0.26142,5.0668,-3.6164,3.4516,2.5035,2.457,1.445,6.5467,3.1443
1.9373,-2.933,-4.6025,-0.097833,5.0752,-3.8435,3.3821,2.3933,2.3343,1.4258,8.7936,3.0196
1.7982,-3.241,-4.6595,0.058646,5.0362,-4.0407,3.3132,2.3096,2.2299,1.388,11.042,2.8956
1.7073,-3.5287,-4.6942,0.20536,4.9915,-4.2181,3.2354,2.2538,2.1448,1.3303,13.275,2.7775
1.6892,-3.8,-4.7444,0.34393,4.9844,-4.3955,3.1365,2.2216,2.0787,1.2593,15.464,2.669
1.7407,-4.063,-4.8406,0.47851,5.0393,-4.5929,3.0084,2.205,2.0325,1.1869,17.571,2.5696
1.829,-4.3194,-4.986,0.61243,5.1499,-4.8146,2.8518,2.1949,2.0084,1.1252,19.546,2.4744
1.9023,-4.5553,-5.1502,0.74419,5.2809,-5.0405,2.6773,2.1838,2.0093,1.0804,21.34,2.3749
1.9103,-4.743,-5.2823,0.86622,5.3828,-5.232,2.5027,2.1659,2.0366,1.0495,22.903,2.2617
1.8221,-4.8521,-5.3354,0.96647,5.4123,-5.3517,2.3481,2.1372,2.0901,1.0204,24.195,2.1267
1.6362,-4.8656,-5.2862,1.0332,5.3484,-5.3802,2.2301,2.0956,2.1686,0.97878,25.202,1.9652
1.3807,-4.789,-5.141,1.0598,5.1995,-5.3244,2.1581,2.04,2.269,0.91489,25.936,1.7755
1.1065,-4.6487,-4.93,1.0457,4.9993,-5.2121,2.1319,1.9704,2.3844,0.82847,26.438,1.5605
0.87358,-4.4818,-4.6966,0.99549,4.7951,-5.0802,2.1421,1.8882,2.5035,0.72895,26.764,1.3244
0.73712,-4.3231,-4.4839,0.91653,4.6337,-4.9609,2.1726,1.7952,2.6114,0.63045,26.965,1.0707
0.73923,-4.1948,-4.3234,0.81765,4.5478,-4.8727,2.2052,1.6937,2.6942,0.54473,27.08,0.79986
0.90145,-4.1022,-4.2279,0.70699,4.5493,-4.8163,2.2239,1.587,2.7443,0.47566,27.131,0.50815
1.2142,-4.0359,-4.1923,0.59056,4.6294,-4.7791,2.2191,1.4796,2.7643,0.41798,27.126,0.18968
1.6292,-3.9788,-4.1977,0.47307,4.7628,-4.7434,2.1881,1.3755,2.7651,0.36041,27.069,-0.16078
2.0671,-3.9183,-4.2207,0.36073,4.9142,-4.697,2.1338,1.2746,2.76,0.29126,26.966,-0.54364
2.4378,-3.8538,-4.2418,0.26372,5.0471,-4.6403,2.0603,1.17,2.758,0.20334,26.822,-0.95217
2.6646,-3.799,-4.2521,0.19586,5.1337,-4.5876,1.9692,1.0472,2.7591,0.096228,26.645,-1.3734
2.6999,-3.7757,-4.2535,0.17094,5.1601,-4.5597,1.857,0.89007,2.7548,-0.02491,26.439,-1.7921
2.5335,-3.8029,-4.2515,0.19755,5.1261,-4.5723,1.7175,0.68817,2.7311,-0.15287,26.208,-2.1968
2.1921,-3.8865,-4.2482,0.27518,5.0411,-4.6264,1.547,0.44366,2.6745,-0.28273,25.966,-2.5856
1.7331,-4.0153,-4.2425,0.39296,4.92,-4.7072,1.3473,0.17191,2.5748,-0.41507,25.737,-2.9684
1.2362,-4.1658,-4.2336,0.53206,4.7824,-4.7903,1.1256,-0.10395,2.4265,-0.55642,25.542,-3.3638
0.79071,-4.3134,-4.2255,0.67099,4.6506,-4.8548,0.89254,-0.36127,2.2287,-0.71675,25.399,-3.7926
0.47502,-4.4441,-4.2273,0.79224,4.5481,-4.8923,0.66013,-0.584,1.9853,-0.9049,25.302,-4.2714
0.33133,-4.5602,-4.2499,0.88638,4.4936,-4.911,0.44079,-0.76407,1.705,-1.1243,25.239,-4.8092
0.35229,-4.6761,-4.3003,0.95339,4.4941,-4.9287,0.24681,-0.89992,1.4009,-1.3705,25.188,-5.406
0.48856,-4.8081,-4.3756,1.0004,4.5383,-4.962,0.088427,-0.99524,1.0869,-1.6317,25.136,-6.0529
0.66903,-4.9629,-4.4621,1.0374,4.599,-5.0165,-0.02805,-1.0589,0.7749,-1.8917,25.072,-6.7363
0.82296,-5.1327,-4.5392,1.0721,4.6438,-5.0842,-0.10148,-1.1047,0.47126,-2.1343,24.986,-7.4475
0.90018,-5.2982,-4.5893,1.1059,4.6493,-5.1487,-0.13578,-1.1479,0.17588,-2.3486,24.861,-8.1919
0.88459,-5.4372,-4.607,1.1331,4.6125,-5.1948,-0.13862,-1.2016,-0.11617,-2.532,24.675,-8.9908
0.79509,-5.5344,-4.6033,1.1451,4.5522,-5.2166,-0.12003,-1.2738,-0.41174,-2.6905,24.411,-9.8729
0.67358,-5.5861,-4.6023,1.1372,4.5026,-5.2202,-0.091899,-1.3667,-0.71677,-2.8356,24.062,-10.862
0.56654,-5.6015,-4.6319,1.112,4.4984,-5.2206,-0.067697,-1.4787,-1.0344,-2.9794,23.636,-11.963
0.50903,-5.5986,-4.7123,1.0804,4.5594,-5.2356,-0.06165,-1.6057,-1.3641,-3.1315,23.158,-13.162
0.51578,-5.5983,-4.8449,1.0577,4.6799,-5.2756,-0.08668,-1.7412,-1.7025,-3.2977,22.657,-14.423
0.57914,-5.6195,-5.0115,1.0588,4.8289,-5.34,-0.15167,-1.8762,-2.0444,-3.4805,22.159,-15.695
0.67304,-5.6753,-5.1774,1.0959,4.9596,-5.4176,-0.25902,-2.0005,-2.3844,-3.6793,21.677,-16.942
0.76276,-5.7722,-5.3037,1.1765,5.0262,-5.4917,-0.40371,-2.1066,-2.7184,-3.8902,21.211,-18.142
0.81535,-5.91,-5.361,1.3033,4.9999,-5.5481,-0.57447,-2.194,-3.0448,-4.1056,20.746,-19.287
0.8055,-6.0818,-5.3384,1.4733,4.8765,-5.581,-0.75676,-2.271,-3.3644,-4.316,20.261,-20.382
0.71669,-6.2759,-5.2436,1.679,4.6719,-5.5938,-0.93619,-2.3522,-3.6791,-4.5132,19.731,-21.432
0.54016,-6.4781,-5.0966,1.911,4.4109,-5.5961,-1.1011,-2.4515,-3.9904,-4.6933,19.134,-22.438
0.27218,-6.6763,-4.9221,2.1617,4.1169,-5.5999,-1.2432,-2.5766,-4.2962,-4.8557,18.462,-23.399
-0.090025,-6.8627,-4.7424,2.4272,3.8066,-5.6142,-1.3574,-2.7267,-4.5896,-4.9991,17.718,-24.315
-0.54879,-7.0323,-4.5705,2.7066,3.49,-5.6401,-1.4399,-2.893,-4.8578,-5.1169,16.918,-25.19
-1.0987,-7.1804,-4.4089,2.998,3.1722,-5.6696,-1.4877,-3.0622,-5.0849,-5.1971,16.088,-26.038
-1.7164,-7.3024,-4.2528,3.296,2.857,-5.6889,-1.4972,-3.2189,-5.2563,-5.2276,15.254,-26.875
-2.3593,-7.3923,-4.0951,3.5911,2.5494,-5.6848,-1.4642,-3.3486,-5.364,-5.2033,14.434,-27.723
-2.9738,-7.4469,-3.9296,3.8716,2.2566,-5.649,-1.3858,-3.4411,-5.4111,-5.1303,13.637,-28.597
-3.5072,-7.4689,-3.7533,4.1279,1.9892,-5.5793,-1.2623,-3.4947,-5.4119,-5.0262,12.868,-29.499
-3.9189,-7.4691,-3.5683,4.3574,1.76,-5.4809,-1.1006,-3.5186,-5.3895,-4.9148,12.127,-30.415
-4.1931,-7.4653,-3.3828,4.568,1.582,-5.3657,-0.91492,-3.5314,-5.3682,-4.8191,11.418,-31.317
-4.3495,-7.477,-3.2083,4.7759,1.4639,-5.2496,-0.72441,-3.5552,-5.3659,-4.7545,10.747,-32.173
-4.4403,-7.5166,-3.0545,4.9984,1.4034,-5.147,-0.54893,-3.6069,-5.3881,-4.7253,10.111,-32.966
-4.5293,-7.5835,-2.9226,5.2437,1.3838,-5.0638,-0.40452,-3.694,-5.4268,-4.7236,9.4994,-33.706
-4.6671,-7.6648,-2.804,5.5077,1.3737,-4.9964,-0.30051,-3.8162,-5.4639,-4.7326,8.8924,-34.431
-4.8895,-7.7425,-2.6808,5.7783,1.3329,-4.9312,-0.23821,-3.9697,-5.4794,-4.7326,8.266,-35.198
-5.2315,-7.8007,-2.5312,6.0447,1.221,-4.8505,-0.21175,-4.1544,-5.4598,-4.7108,7.6025,-36.053
-5.7347,-7.8312,-2.3372,6.3026,1.0068,-4.7398,-0.21152,-4.3773,-5.4036,-4.6675,6.8964,-37.026
-6.4315,-7.8366,-2.089,6.5559,0.67668,-4.5947,-0.22953,-4.652,-5.3202,-4.6194,6.1527,-38.121
-7.3271,-7.8305,-1.7903,6.8161,0.23968,-4.4238,-0.26401,-4.9932,-5.2252,-4.5946,5.3805,-39.323
-8.3953,-7.8354,-1.4602,7.0987,-0.27032,-4.247,-0.32056,-5.41,-5.1349,-4.6239,4.5867,-40.6
-9.5855,-7.8758,-1.1315,7.4159,-0.79762,-4.0902,-0.4088,-5.8999,-5.0637,-4.7314,3.7733,-41.907
-10.818,-7.9708,-0.84234,7.7694,-1.2759,-3.9779,-0.53616,-6.4472,-5.0215,-4.93,2.9395,-43.197
-11.962,-8.1272,-0.62442,8.1474,-1.6472,-3.9256,-0.7021,-7.0261,-5.0144,-5.2208,2.0878,-44.422
-12.837,-8.3364,-0.49151,8.5276,-1.8818,-3.9353,-0.89542,-7.606,-5.0431,-5.5957,1.2255,-45.542
-13.315,-8.5765,-0.43557,8.8865,-1.9882,-3.9936,-1.0962,-8.1599,-5.1036,-6.0401,0.36622,-46.521
-13.441,-8.821,-0.43326,9.2115,-2.0049,-4.0779,-1.2816,-8.6694,-5.1879,-6.5352,-0.47376,-47.342
-13.405,-9.0529,-0.46011,9.5096,-1.9785,-4.1675,-1.4331,-9.1293,-5.2861,-7.0605,-1.2795,-48.004
-13.381,-9.2683,-0.50326,9.7987,-1.9422,-4.2534,-1.5426,-9.5468,-5.388,-7.5967,-2.0408,-48.532
-13.428,-9.4693,-0.56528,10.087,-1.905,-4.3411,-1.6151,-9.9377,-5.4829,-8.1268,-2.7545,-48.975
-13.495,-9.6522,-0.65766,10.356,-1.8537,-4.4413,-1.665,-10.317,-5.5588,-8.6361,-3.4251,-49.392
-13.489,-9.799,-0.78966,10.558,-1.7642,-4.5583,-1.7087,-10.687,-5.6028,-9.1095,-4.061,-49.833
-13.31,-9.8799,-0.95985,10.633,-1.6172,-4.6829,-1.7573,-11.032,-5.604,-9.5306,-4.6692,-50.319
-12.882,-9.8649,-1.1543,10.535,-1.4099,-4.7948,-1.8111,-11.317,-5.5582,-9.8816,-5.2496,-50.841
-12.167,-9.7367,-1.3507,10.252,-1.1584,-4.872,-1.8589,-11.505,-5.4704,-10.147,-5.7953,-51.365
-11.196,-9.498,-1.5261,9.8093,-0.89082,-4.8987,-1.882,-11.57,-5.3534,-10.318,-6.2989,-51.848
-10.082,-9.1679,-1.6624,9.2608,-0.63701,-4.8698,-1.8622,-11.512,-5.2224,-10.395,-6.76,-52.26
-8.9812,-8.7707,-1.7499,8.6603,-0.41797,-4.7876,-1.7905,-11.355,-5.0897,-10.39,-7.1884,-52.579
-8.0085,-8.3218,-1.7855,8.0401,-0.2385,-4.656,-1.6724,-11.126,-4.9608,-10.32,-7.6,-52.796
-7.1611,-7.8174,-1.7703,7.3981,-0.084487,-4.4727,-1.5252,-10.839,-4.833,-10.2,-8.0061,-52.908
-6.3392,-7.2304,-1.7069,6.7025,0.07335,-4.225,-1.3706,-10.485,-4.695,-10.033,-8.4015,-52.913
-5.4295,-6.5153,-1.5988,5.9108,0.26951,-3.8909,-1.225,-10.043,-4.5284,-9.8108,-8.7612,-52.807
-4.3695,-5.6202,-1.4502,4.9931,0.53027,-3.4456,-1.0926,-9.4935,-4.3089,-9.5105,-9.0455,-52.588
-3.1579,-4.5074,-1.2631,3.9493,0.86166,-2.8697,-0.96312,-8.8284,-4.0095,-9.1036,-9.214,-52.251
-1.8377,-3.1774,-1.0313,2.8116,1.245,-2.1515,-0.81538,-8.0551,-3.604,-8.5657,-9.2391,-51.793
-0.46962,-1.6916,-0.73257,1.619,1.6408,-1.2821,-0.6247,-7.1924,-3.0717,-7.8885,-9.1144,-51.21
0.89168,-0.21319,-0.32569,0.35251,1.9947,-0.2588,-0.36981,-6.2671,-2.4026,-7.0874,-8.8557,-50.5
2.215,0.9396,0.2511,-1.1702,2.2445,0.86476,-0.03573,-5.3102,-1.5993,-6.1993,-8.4944,-49.656
3.4989,1.7169,1.0985,-3.32,2.3253,1.9565,0.38698,-4.3501,-0.67612,-5.2706,-8.0662,-48.665
4.7542,3.2307,2.4274,-6.316,2.1776,3.237,0.90384,-3.4046,0.34755,-4.3398,-7.6003,-47.496
5.9753,6.7696,4.6494,-10.017,1.7544,5.6762,1.5195,-2.4771,1.4578,-3.4231,-7.113,-46.098
7.1526,12.766,8.2615,-14.292,1.0237,10.122,2.2486,-1.5611,2.6568,-2.5095,-6.604,-44.401
8.3068,21.118,13.491,-19.103,-0.044574,16.709,3.1366,-0.65001,3.966,-1.5657,-6.0555,-42.336
9.4806,31.42,20.248,-24.336,-1.503,25.073,4.2599,0.25365,5.423,-0.54769,-5.4339,-39.873
10.724,42.994,28.33,-29.727,-3.4358,34.663,5.673,1.1358,7.0766,0.58872,-4.6965,-37.069
12.091,54.925,37.396,-34.993,-5.9092,44.947,7.3322,1.975,8.9877,1.8865,-3.8029,-34.098
13.607,66.301,46.9,-39.981,-8.8748,55.403,9.0639,2.747,11.221,3.3917,-2.7287,-31.17
15.224,76.399,56.168,-44.645,-12.147,65.349,10.641,3.4247,13.811,5.1462,-1.4779,-28.388
16.801,84.627,64.573,-48.881,-15.523,73.996,11.956,3.9746,16.681,7.1452,-0.087657,-25.684
18.159,90.703,71.728,-52.402,-18.91,80.85,13.188,4.3556,19.571,9.264,1.3733,-22.919
19.175,94.951,77.588,-55.003,-22.285,86.045,14.956,4.5276,22.04,11.224,2.8142,-20.011
19.839,98.268,82.439,-57.027,-25.577,90.245,18.431,4.4661,23.663,12.698,4.1354,-16.985
20.232,101.86,86.72,-59.202,-28.626,94.298,24.231,4.1738,24.323,13.523,5.2436,-13.966
20.488,106.63,90.803,-61.97,-31.286,98.812,28.612,3.6804,24.355,13.829,6.0668,-11.122
20.763,112.24,94.852,-65.105,-33.515,103.71,27.296,3.0281,24.296,13.928,6.5657,-8.5968
21.199,117.69,98.79,-68.222,-35.343,108.51,22.109,2.2341,24.461,14.057,6.7378,-6.4744
21.86,122.94,102.51,-71.524,-36.814,113.15,15.35,1.2153,24.752,14.243,6.6117,-4.7748
22.703,129.36,106.25,-76.024,-37.972,118.44,7.7929,-0.26896,24.785,14.351,6.2366,-3.4787
23.58,138.29,110.8,-82.029,-38.879,125.58,-0.38631,-2.5314,24.141,14.185,5.6688,-2.5506
24.283,147.5,117.22,-87.523,-39.642,133.96,-9.155,-5.7432,22.594,13.596,4.9589,-1.9532
24.611,154.06,124.94,-90.946,-40.445,140.66,-18.371,-9.7547,20.204,12.547,4.1405,-1.6547
24.445,157.38,130.79,-92.085,-41.467,144.23,-27.552,-14.074,17.263,11.121,3.2217,-1.632
23.771,157.42,132.87,-91.07,-42.563,144.71,-35.824,-18.077,14.154,9.4707,2.1783,-1.8801
22.628,154.2,131.53,-88.136,-43.037,142.21,-42.188,-21.335,11.182,7.7479,0.95093,-2.4307
21.042,147.85,127.23,-83.498,-42.199,136.83,-45.945,-23.766,8.4798,6.0481,-0.54818,-3.3864
19.023,138.48,120.11,-77.304,-39.908,128.76,-46.861,-25.549,6.0252,4.3903,-2.4097,-4.9737
16.751,126.38,110.12,-69.674,-36.429,118.33,-45.193,-26.965,3.7355,2.7391,-4.6883,-7.5346
14.729,112.04,97.398,-60.765,-32.174,105.74,-41.762,-28.259,1.5505,1.047,-7.3719,-11.23
13.327,95.852,82.917,-51.652,-27.559,91.112,-37.593,-29.56,-0.55138,-0.71479,-10.386,-15.62
12.402,79.745,68.817,-43.772,-22.901,75.899,-33.366,-30.845,-2.5904,-2.561,-13.635,-20.041
11.564,65.711,56.541,-36.771,-18.385,62.187,-29.319,-31.98,-4.613,-4.5224,-17.055,-24.274
10.328,53.206,45.851,-29.986,-14.115,50.029,-25.575,-32.847,-6.6982,-6.6755,-20.631,-28.431
8.1816,41.262,35.966,-23.116,-10.191,38.568,-22.384,-33.436,-8.9615,-9.1578,-24.396,-32.625
4.9983,29.413,26.454,-15.783,-6.7822,27.482,-19.995,-33.843,-11.534,-12.192,-28.402,-36.956
1.3422,17.521,17.431,-7.5954,-4.0836,16.884,-18.511,-34.211,-14.51,-16.114,-32.704,-41.593
-2.09,5.6174,9.3762,1.4351,-2.1758,6.8025,-17.848,-34.667,-17.9,-21.294,-37.331,-46.683
-5.0443,-6.2005,2.5889,10.82,-0.91354,-2.9191,-17.729,-35.298,-21.625,-27.831,-42.248,-52.141
-7.5743,-17.712,-3.1441,19.804,0.010265,-12.247,-17.727,-36.158,-25.521,-35.223,-47.334,-57.577
-9.7789,-28.546,-8.3532,27.648,0.89491,-20.826,-17.457,-37.261,-29.377,-42.511,-52.388,-62.489
-11.717,-38.3,-13.474,34.026,1.9258,-28.414,-16.84,-38.577,-33.005,-48.849,-57.199,-66.554
-13.372,-46.662,-18.646,38.909,3.1625,-35.044,-16.118,-40.019,-36.292,-53.857,-61.615,-69.745
-14.622,-53.439,-23.799,42.28,4.5648,-40.684,-15.586,-41.469,-39.188,-57.602,-65.574,-72.236
-15.316,-58.633,-28.754,44.262,6.0347,-45.309,-15.396,-42.819,-41.667,-60.442,-69.074,-74.241
-15.456,-62.456,-33.32,45.251,7.46,-49.081,-15.535,-44.009,-43.701,-62.848,-72.132,-75.911
-15.255,-65.257,-37.365,45.836,8.7407,-52.249,-15.888,-45.038,-45.282,-65.139,-74.752,-77.307
-15.009,-67.498,-40.827,46.655,9.8008,-55.009,-16.323,-45.922,-46.446,-67.232,-76.931,-78.442
-15.031,-69.58,-43.714,48.053,10.599,-57.448,-16.72,-46.652,-47.255,-68.825,-78.668,-79.345
-15.636,-71.591,-46.134,49.859,11.14,-59.58,-16.952,-47.161,-47.738,-69.789,-79.976,-80.071
-16.968,-73.41,-48.344,51.731,11.485,-61.462,-16.861,-47.32,-47.872,-70.206,-80.899,-80.666
-18.913,-75.042,-50.743,53.48,11.751,-63.264,-16.23,-46.957,-47.587,-70.171,-81.516,-81.131
-21.173,-76.718,-53.701,55.092,12.093,-65.281,-14.808,-45.992,-46.807,-69.723,-81.941,-81.419
-23.314,-78.883,-57.29,56.664,12.683,-67.94,-12.652,-45.3,-45.506,-68.842,-82.313,-81.47
-24.941,-82.031,-60.537,58.343,13.83,-71.321,-12.195,-49.175,-43.836,-67.447,-82.747,-81.229
-25.945,-85.262,-60.466,60.213,15.956,-73.569,-16.576,-52.017,-43.391,-65.344,-83.28,-80.723
-26.448,-86.413,-58.994,62.052,15.889,-73.868,-16.946,-51.433,-49.815,-62.334,-83.819,-80.279
-26.813,-86.13,-57.824,63.436,14.95,-73.201,-17.038,-51.323,-52.963,-59.79,-84.114,-80.424
-28.456,-85.359,-56.997,64.259,14.986,-72.171,-16.846,-50.846,-52.475,-60.223,-83.686,-81.323
-32.896,-85.114,-57.408,64.211,16.492,-71.437,-16.026,-48.843,-50.533,-60.6,-81.518,-82.282
-33.322,-88.545,-60.019,63.664,19.678,-73.146,-13.202,-43.272,-46.162,-59.03,-78.612,-81.247
-30.131,-97.238,-68.456,67.421,24.726,-81.514,-6.5841,-31.135,-38.45,-54.603,-80.534,-82.831
-26.037,-111.39,-85.958,73.385,34.039,-97.804,5.9725,-9.5583,-26.135,-47.363,-82.918,-87.336
-21.344,-131.71,-112.39,81.601,49.853,-122.53,26.25,23.373,-8.406,-38.11,-87.901,-95.442
-15.833,-157.82,-146.33,91.771,69.891,-153.8,54.361,68.864,17.317,-27.199,-95.772,-107.73
-8.779,-186.78,-183.99,102.45,92.3,-187.61,88.602,127.06,54.537,-13.445,-104.61,-122.69
0.79734,-212.45,-219.84,110.44,114.98,-218.63,126.36,197.56,105.72,7.412,-109.32,-135.94
13.414,-227.24,-247.58,111.39,135.11,-240.08,166.1,280.03,175.24,43.71,-101.68,-140.74
29.273,-225.24,-261.37,102.55,149.91,-245.63,207.98,372.42,267.24,104.35,-71.85,-129.41
49.389,-196.12,-254.48,78.109,156.39,-226.95,248.73,471.39,381.48,194.59,-10.804,-93.727
74.166,-129.48,-214.09,32.398,150.04,-173.17,286.21,569.56,514.96,319.35,87.982,-27.693
101.56,-18.751,-131.78,-36.788,124.46,-76.49,316.98,653.1,659.24,476.27,226.09,70.99
127.16,139.29,-0.27195,-128.82,73.581,68.551,336.05,703.73,799.74,655.35,396.17,199.62
146.32,343.31,184.04,-240.54,-6.9836,263.05,338.7,703.81,920.09,841.71,585.72,350.68
155.56,586.23,417.9,-366.48,-117.89,501.76,321.82,641.66,1006.3,1018.8,778.97,514.27
153.12,854.51,689.72,-498.98,-254.42,771.99,283.23,513.95,1048.4,1170.5,959.71,679.31
139.23,1128.4,979.41,-628.25,-406.63,1053.8,220.27,324.63,1038.7,1281.7,1111.6,833.24
115.87,1383.3,1259.8,-742.96,-560.07,1321.3,129.41,82.623,968.87,1336.5,1217.3,961.62
85.701,1591.7,1500.1,-831.1,-697.66,1545.5,7.7774,-198.77,829.58,1318.0,1259.1,1048.7
51.041,1727.3,1671.0,-881.11,-803.07,1698.7,-143.42,-501.37,613.98,1210.8,1221.1,1079.3
13.539,1770.3,1750.8,-884.2,-863.97,1759.9,-316.88,-802.58,323.11,1006.1,1094.1,1043.0
-25.37,1713.9,1731.4,-837.49,-874.72,1721.7,-500.6,-1078.6,-30.111,708.0,880.23,937.25
-63.817,1567.2,1620.6,-746.22,-837.75,1592.6,-679.52,-1308.9,-419.92,337.02,596.38,771.25
-99.024,1353.8,1439.9,-623.11,-762.83,1395.2,-836.96,-1479.4,-809.3,-69.551,273.24,564.99
-127.6,1104.8,1217.5,-485.22,-663.53,1159.3,-958.25,-1583.6,-1155.8,-463.61,-49.473,345.69
-146.45,852.01,982.45,-349.71,-553.34,915.43,-1034.8,-1622.3,-1421.1,-796.3,-331.51,141.44
-153.83,621.37,758.74,-230.21,-443.59,688.56,-1066.0,-1602.1,-1579.1,-1029.8,-541.44,-25.097
-150.15,430.16,563.42,-134.9,-343.05,495.97,-1058.1,-1534.0,-1621.9,-1146.7,-663.85,-141.06
-137.81,286.42,406.59,-67.926,-258.61,346.6,-1020.6,-1431.5,-1560.5,-1152.3,-701.36,-204.5
-120.26,192.78,295.15,-30.142,-195.48,244.48,-963.41,-1308.1,-1421.1,-1070.1,-670.6,-222.33
-100.9,148.08,231.75,-18.146,-155.84,190.06,-893.94,-1174.2,-1235.2,-932.75,-594.54,-206.44
-82.349,143.97,209.86,-25.911,-137.64,174.85,-815.7,-1035.8,-1030.9,-771.44,-495.38,-169.94
-66.16,167.97,219.23,-46.465,-135.62,189.0,-728.97,-894.63,-828.79,-609.66,-390.65,-124.57
-52.908,206.08,246.15,-72.401,-143.23,221.22,-633.27,-751.44,-641.93,-462.06,-292.52,-79.394
-42.706,244.47,276.17,-96.811,-153.37,256.07,-530.18,-608.24,-477.19,-336.26,-208.32,-40.454
-35.876,271.91,297.18,-114.37,-159.79,281.41,-424.68,-470.04,-337.75,-234.96,-141.24,-10.744
-31.291,281.34,301.57,-121.93,-158.54,289.52,-324.21,-344.14,-224.75,-157.58,-91.9,9.4641
-27.813,271.15,287.27,-118.67,-148.64,278.01,-236.07,-237.9,-137.3,-101.41,-59.787,20.924
-25.564,244.61,257.51,-103.93,-131.31,250.19,-164.71,-156.32,-75.643,-62.4,-42.534,24.36
-24.301,207.51,217.9,-86.582,-108.4,212.39,-110.66,-99.474,-34.951,-35.988,-34.549,24.232
-23.041,166.81,174.8,-67.908,-85.196,170.16,-71.202,-60.942,-6.7652,-17.899,-32.491,21.22
-19.964,126.2,133.92,-49.26,-64.693,128.29,-42.097,-33.042,14.729,-4.698,-32.086,15.296
-13.945,89.596,97.112,-33.124,-45.669,90.98,-19.662,-10.54,33.168,6.2642,-30.751,4.4609
-8.5528,60.589,66.267,-23.006,-28.56,60.933,-1.7453,10.132,50.401,16.707,-28.151,-0.42133
-5.069,40.477,42.486,-20.91,-14.441,39.034,12.654,30.866,66.418,26.438,-24.523,0.50478
-2.7703,27.727,25.932,-17.606,-3.915,25.033,23.897,51.055,80.68,34.205,-19.22,0.92575
-1.1948,21.343,15.718,-14.191,3.0367,17.383,32.122,68.993,92.622,38.734,-15.758,0.99152
-0.14178,20.061,10.42,-12.364,6.8944,13.97,37.589,82.774,102.04,42.049,-13.448,0.91428
0.48001,21.679,8.0654,-10.773,8.2742,12.752,40.752,90.56,110.2,47.922,-11.819,0.82022
0.73354,22.176,6.5786,-8.2227,7.7362,11.993,43.635,93.639,118.5,53.855,-10.541,0.75889
0.68644,19.363,4.7741,-4.9313,5.9166,10.856,47.366,95.632,126.75,58.93,-9.3817,0.74485
0.41914,13.888,2.1288,-2.8099,4.9332,8.3426,51.843,98.571,134.28,63.53,-8.2088,0.78543
0.018827,8.6735,0.059626,-1.7792,5.3856,4.4116,57.096,103.68,140.84,67.928,-6.9688,0.89631
-0.4354,6.3736,-0.65239,-1.0552,6.1107,2.3266,62.664,110.84,146.65,72.164,-5.6557,1.1057
-0.88495,5.0112,-1.3186,-0.46674,6.7974,1.1567,67.844,118.8,152.07,76.169,-4.2847,1.4433
-1.2924,4.0678,-1.912,0.022248,7.3531,0.35123,72.255,126.51,157.27,79.888,-2.8781,1.9226
-1.6358,3.3811,-2.3964,0.43589,7.7582,-0.23316,75.894,133.29,162.25,83.317,-1.458,2.5318
-1.9077,2.8397,-2.7815,0.7965,8.0324,-0.68269,78.996,138.96,166.98,86.496,-0.041885,3.2372
-2.1132,2.3741,-3.0972,1.116,8.2176,-1.0568,81.828,143.71,171.49,89.478,1.3588,3.9936
-2.2549,1.955,-3.3723,1.394,8.3652,-1.3878,84.576,147.85,175.85,92.312,2.7414,4.7591
-2.3197,1.5823,-3.6265,1.6207,8.5239,-1.6856,87.31,151.65,180.12,95.026,4.1156,5.5108
-2.2809,1.2709,-3.8711,1.7809,8.7281,-1.9475,89.998,155.37,184.34,97.626,5.5066,6.2583
-2.1169,1.0385,-4.1115,1.8597,8.9915,-2.1669,92.551,159.21,188.52,100.1,6.9524,7.042
-1.8284,0.89664,-4.3479,1.8514,9.3071,-2.3381,94.901,163.29,192.6,102.42,8.494,7.9172
-1.4433,0.84546,-4.5762,1.7644,9.6536,-2.4606,97.05,167.54,196.5,104.6,10.158,8.9294
-1.0064,0.87381,-4.7926,1.6186,10.008,-2.5402,99.076,171.61,200.16,106.64,11.941,10.093
-0.56519,0.96429,-4.996,1.4371,10.352,-2.5875,101.08,175.18,203.52,108.56,13.804,11.386
-0.15983,1.0997,-5.1858,1.2392,10.677,-2.6122,103.12,178.12,206.56,110.4,15.685,12.761
0.18252,1.2677,-5.358,1.0368,10.975,-2.6189,105.12,180.51,209.34,112.18,17.523,14.172
0.45082,1.4621,-5.5038,0.8344,11.241,-2.6062,106.93,182.45,211.93,113.92,19.281,15.609
0.65152,1.6819,-5.6151,0.6296,11.473,-2.5709,108.45,184.08,214.44,115.63,20.955,17.093
0.80688,1.9297,-5.6895,0.41465,11.681,-2.5116,109.69,185.51,216.93,117.34,22.57,18.662
0.94862,2.2115,-5.7306,0.17866,11.879,-2.4286,110.72,186.86,219.47,119.06,24.17,20.333
1.1084,2.5356,-5.7418,-0.088899,12.078,-2.3205,111.62,188.19,222.05,120.81,25.798,22.071
1.3096,2.9128,-5.7201,-0.3952,12.276,-2.1817,112.47,189.53,224.65,122.61,27.491,23.807
1.5631,3.3544,-5.6558,-0.74358,12.456,-2.0031,113.34,190.86,227.23,124.46,29.265,25.463
1.8632,3.8702,-5.5361,-1.1349,12.599,-1.7762,114.24,192.16,229.77,126.39,31.124,27.001
2.1858,4.4678,-5.3513,-1.5678,12.681,-1.4951,115.19,193.39,232.31,128.4,33.054,28.429
2.4936,5.1522,-5.097,-2.0359,12.687,-1.156,116.18,194.56,234.9,130.52,35.043,29.79
2.755,5.9267,-4.7739,-2.524,12.605,-0.75442,117.2,195.69,237.64,132.78,37.088,31.142
2.965,6.7952,-4.3852,-3.0133,12.432,-0.28182,118.3,196.83,240.57,135.18,39.205,32.534
3.1487,7.7704,-3.9333,-3.4947,12.168,0.2755,119.52,198.06,243.72,137.71,41.417,33.999
3.3374,8.8879,-3.4171,-3.9798,11.817,0.93723,120.96,199.43,247.04,140.36,43.737,35.557
3.5387,10.217,-2.8305,-4.4968,11.378,1.7297,122.66,200.97,250.49,143.07,46.143,37.223
3.7238,11.862,-2.1635,-5.08,10.851,2.6871,124.59,202.69,254.04,145.82,48.574,39.014
3.8371,13.959,-1.4027,-5.7627,10.231,3.8544,126.6,204.59,257.65,148.59,50.951,40.938
3.8168,16.647,-0.53232,-6.5797,9.5186,5.2899,128.55,206.66,261.33,151.41,53.219,42.99
3.6196,19.998,0.4654,-7.57,8.7191,7.0631,130.35,208.9,265.05,154.32,55.374,45.152
3.2384,23.911,1.6084,-8.7703,7.8445,9.2411,132.02,211.28,268.83,157.36,57.459,47.399
2.7084,28.081,2.9152,-10.194,6.9144,11.871,133.62,213.77,272.62,160.54,59.543,49.706
2.1001,32.157,4.4112,-11.813,5.9554,14.963,135.25,216.37,276.42,163.89,61.682,52.054
1.5048,35.926,6.1378,-13.559,4.9998,18.469,137.0,219.07,280.17,167.4,63.904,54.422
1.0143,39.343,8.1564,-15.351,4.082,22.262,138.92,221.9,283.84,171.05,66.196,56.777
0.69936,42.445,10.539,-17.115,3.233,26.13,141.02,224.92,287.42,174.78,68.518,59.081
0.59248,45.275,13.346,-18.792,2.4749,29.846,143.22,228.17,290.91,178.56,70.825,61.298
0.68223,47.872,16.598,-20.346,1.8149,33.262,145.45,231.66,294.37,182.3,73.079,63.409
0.92029,50.294,20.265,-21.786,1.2428,36.365,147.6,235.36,297.86,185.95,75.262,65.408
1.2363,52.636,24.257,-23.168,0.73234,39.239,149.62,239.2,301.46,189.49,77.382,67.295
1.5552,55.024,28.425,-24.572,0.24643,42.01,151.52,243.1,305.22,192.91,79.472,69.066
1.8135,57.578,32.574,-26.063,-0.25365,44.788,153.35,246.96,309.17,196.21,81.58,70.718
1.97,60.367,36.523,-27.661,-0.79901,47.639,155.17,250.76,313.29,199.41,83.755,72.249
2.0092,63.373,40.167,-29.349,-1.4063,50.578,157.01,254.47,317.55,202.53,86.036,73.67
1.9377,66.51,43.489,-31.081,-2.0757,53.58,158.85,258.14,321.93,205.6,88.441,75.007
1.7797,69.663,46.522,-32.802,-2.7926,56.599,160.62,261.84,326.4,208.65,90.969,76.296
1.5736,72.739,49.317,-34.469,-3.5348,59.584,162.26,265.63,330.94,211.68,93.603,77.57
1.3678,75.68,51.924,-36.064,-4.2797,62.499,163.74,269.59,335.56,214.72,96.327,78.859
1.2115,78.458,54.388,-37.593,-5.0121,65.325,165.09,273.74,340.27,217.74,99.122,80.18
1.1442,81.063,56.749,-39.068,-5.7275,68.058,166.37,278.01,345.07,220.76,101.97,81.547
1.1877,83.501,59.031,-40.502,-6.4307,70.693,167.63,282.34,349.97,223.78,104.86,82.966
1.3451,85.794,61.239,-41.906,-7.1316,73.222,168.95,286.66,354.9,226.8,107.76,84.43
1.604,87.975,63.359,-43.291,-7.8438,75.634,170.33,290.95,359.78,229.87,110.67,85.925
1.9396,90.083,65.381,-44.67,-8.5894,77.924,171.79,295.24,364.51,233.02,113.57,87.437
2.3159,92.158,67.321,-46.044,-9.4086,80.105,173.3,299.54,368.98,236.27,116.47,88.965
2.691,94.239,69.229,-47.402,-10.362,82.206,174.82,303.87,373.17,239.67,119.38,90.533
3.0282,96.365,71.174,-48.74,-11.514,84.271,176.3,308.25,377.1,243.26,122.33,92.179
3.3102,98.572,73.214,-50.064,-12.888,86.355,177.75,312.66,380.86,247.08,125.35,93.935
3.5454,100.89,75.369,-51.406,-14.431,88.507,179.15,317.09,384.57,251.09,128.47,95.798
3.7598,103.31,77.62,-52.797,-16.009,90.754,180.53,321.48,388.31,255.2,131.7,97.727
3.9863,105.84,79.923,-54.251,-17.476,93.093,181.92,325.79,392.11,259.32,135.04,99.663
4.2619,108.42,82.239,-55.763,-18.749,95.497,183.35,330.02,395.96,263.39,138.45,101.56
4.6351,111.06,84.552,-57.315,-19.83,97.934,184.86,334.18,399.82,267.44,141.89,103.41
5.169,113.76,86.871,-58.902,-20.786,100.38,186.46,338.34,403.63,271.51,145.32,105.25
5.9222,116.52,89.219,-60.545,-21.706,102.84,188.16,342.57,407.4,275.65,148.73,107.11
6.9101,119.41,91.601,-62.288,-22.66,105.31,189.93,347.0,411.19,279.9,152.11,109.06
8.0869,122.47,93.988,-64.191,-23.673,107.78,191.73,351.68,415.08,284.24,155.47,111.14
9.3853,125.74,96.323,-66.304,-24.71,110.26,193.52,356.66,419.22,288.68,158.85,113.35
10.772,129.2,98.547,-68.658,-25.707,112.74,195.3,361.93,423.71,293.19,162.34,115.72
12.255,132.82,100.63,-71.256,-26.613,115.24,197.08,367.5,428.61,297.79,166.0,118.22
13.841,136.53,102.57,-74.082,-27.423,117.8,198.89,373.31,433.87,302.52,169.92,120.86
15.5,140.32,104.42,-77.089,-28.183,120.51,200.78,379.27,439.37,307.47,174.12,123.66
17.159,144.16,106.29,-80.199,-28.961,123.44,202.78,385.22,444.94,312.72,178.59,126.65
18.73,148.04,108.33,-83.308,-29.806,126.63,204.9,391.01,450.45,318.32,183.26,129.84
20.143,151.95,110.68,-86.322,-30.73,130.07,207.14,396.56,455.84,324.23,188.08,133.22
21.378,155.87,113.4,-89.199,-31.715,133.73,209.43,401.92,461.19,330.43,193.01,136.76
22.456,159.85,116.45,-91.954,-32.731,137.59,211.72,407.26,466.63,336.86,198.03,140.41
23.426,163.95,119.71,-94.648,-33.76,141.63,213.99,412.78,472.32,343.43,203.17,144.14
24.329,168.3,123.16,-97.359,-34.813,145.87,216.25,418.66,478.35,349.99,208.41,147.94
25.173,172.99,126.87,-100.14,-35.941,150.41,218.54,424.94,484.69,356.37,213.77,151.79
25.933,178.03,131.02,-103.0,-37.22,155.34,220.9,431.55,491.16,362.44,219.27,155.69
26.597,183.37,135.72,-105.96,-38.719,160.64,223.37,438.33,497.57,368.17,224.93,159.67
27.196,188.92,140.92,-109.02,-40.475,166.08,225.98,445.09,503.84,373.62,230.73,163.75
27.82,194.65,146.39,-112.26,-42.475,171.41,228.7,451.74,510.05,378.99,236.64,168.03
28.601,200.57,151.86,-115.7,-44.643,176.57,231.49,458.28,516.36,384.48,242.61,172.66
29.653,206.73,157.18,-119.36,-46.843,181.72,234.3,464.78,522.97,390.33,248.56,177.74
31.01,213.19,162.3,-123.2,-48.944,187.03,237.08,471.37,530.07,396.66,254.47,183.18
32.613,220.01,167.31,-127.17,-50.925,192.69,239.77,478.14,537.74,403.44,260.32,188.76
34.334,227.28,172.39,-131.24,-52.894,198.82,242.32,485.06,545.88,410.51,266.17,194.26
36.023,235.03,177.76,-135.41,-55.02,205.55,244.69,492.0,554.14,417.68,272.08,199.6
37.582,243.16,183.65,-139.68,-57.426,212.91,246.85,498.74,562.13,424.85,278.09,204.79
39.002,251.37,190.18,-144.02,-60.133,220.8,248.79,505.14,569.61,432.01,284.27,209.9
40.359,259.28,197.36,-148.39,-63.087,228.91,250.53,511.13,576.58,439.21,290.65,215.06
41.768,266.64,204.93,-152.75,-66.219,236.84,252.07,516.72,583.26,446.54,297.23,220.37
43.327,273.5,212.44,-157.06,-69.431,244.23,253.41,521.99,589.94,454.03,304.03,225.86
45.065,280.14,219.41,-161.33,-72.578,250.91,254.5,527.05,596.88,461.68,311.04,231.51
46.91,286.85,225.64,-165.63,-75.546,256.96,255.34,532.06,604.15,469.44,318.26,237.3
48.69,293.83,231.29,-170.13,-78.325,262.72,255.95,537.15,611.65,477.27,325.67,243.22
50.223,301.23,236.72,-175.01,-81.001,268.64,256.39,542.38,619.09,485.16,333.24,249.36
51.446,309.24,242.37,-180.33,-83.696,275.14,256.69,547.7,626.25,493.13,340.91,255.86
52.43,318.05,248.56,-185.96,-86.496,282.4,256.87,552.93,633.01,501.15,348.59,262.86
53.321,327.65,255.4,-191.74,-89.388,290.35,256.88,557.89,639.42,509.16,356.21,270.36
54.263,337.68,262.75,-197.57,-92.276,298.79,256.72,562.45,645.56,517.11,363.74,278.19
55.356,347.77,270.33,-203.36,-95.065,307.49,256.36,566.59,651.55,524.96,371.19,285.97
56.651,357.71,277.95,-209.09,-97.728,316.28,255.78,570.35,657.43,532.76,378.64,293.32
58.157,367.49,285.62,-214.69,-100.3,325.1,255.01,573.78,663.21,540.62,386.17,300.04
59.852,377.21,293.4,-220.1,-102.87,334.0,254.21,576.95,668.78,548.6,393.86,306.19
61.68,387.0,301.4,-225.29,-105.51,343.06,253.59,579.84,673.9,556.63,401.66,312.03
63.567,396.96,309.64,-230.36,-108.27,352.37,253.17,582.4,678.39,564.56,409.49,317.84
65.446,407.04,318.07,-235.43,-111.18,361.87,252.67,584.49,682.13,572.24,417.27,323.81
67.27,416.96,326.57,-240.6,-114.31,371.38,251.58,585.98,685.17,579.59,425.02,330.02
68.99,426.26,334.94,-245.83,-117.68,380.64,249.46,586.69,687.59,586.59,432.94,336.41
70.534,434.59,343.07,-250.91,-121.33,389.5,246.06,586.46,689.48,593.27,441.16,342.87
71.828,442.0,351.05,-255.55,-125.22,398.06,241.45,585.08,690.92,599.62,449.57,349.3
72.861,448.93,359.11,-259.61,-129.28,406.46,236.09,582.34,691.93,605.61,457.77,355.62
73.709,455.81,367.26,-263.21,-133.39,414.59,230.59,578.21,692.54,611.17,465.37,361.76
74.492,462.88,375.16,-266.74,-137.4,422.18,225.28,572.9,692.76,616.28,472.29,367.68
75.298,470.18,382.43,-270.6,-141.12,429.05,220.1,566.78,692.58,620.98,478.67,373.27
76.167,477.67,388.8,-274.93,-144.41,435.21,214.82,560.02,691.96,625.34,484.72,378.42
77.114,485.25,394.08,-279.65,-147.2,440.82,208.96,552.49,690.85,629.48,490.56,383.01
78.13,492.79,398.42,-284.44,-149.53,446.28,202.05,543.86,689.13,633.45,496.15,386.96
79.138,500.04,402.71,-289.01,-151.56,452.32,194.06,533.84,686.63,637.25,501.37,390.29
79.96,506.65,408.64,-293.15,-153.6,459.38,185.19,522.37,683.16,640.79,506.04,393.07
80.375,512.24,417.16,-296.57,-156.18,466.78,175.44,509.58,678.59,643.87,510.01,395.45
80.221,516.44,426.05,-298.81,-159.65,473.24,164.64,495.61,673.01,646.19,513.16,397.49
79.46,518.82,432.37,-299.48,-163.58,477.59,152.78,480.55,666.64,647.37,515.39,399.12
78.173,518.83,435.15,-298.47,-166.76,478.92,140.2,464.55,659.59,646.99,516.58,400.04
76.497,516.0,433.9,-295.88,-168.11,476.64,127.4,447.94,651.71,644.72,516.57,399.91
74.538,510.12,428.4,-291.89,-167.2,470.55,114.93,431.11,642.75,640.44,515.1,398.53
72.33,501.34,419.0,-286.67,-164.06,460.95,103.39,414.3,632.38,634.15,511.93,395.88
69.855,490.12,406.67,-280.48,-158.97,448.58,93.229,397.61,620.27,625.82,506.89,391.83
67.144,477.02,392.67,-273.48,-152.5,434.41,84.498,380.84,606.16,615.3,499.9,385.73
64.359,462.47,378.04,-265.31,-145.36,419.4,76.823,363.17,589.92,602.15,490.8,376.8
61.761,446.76,363.46,-255.59,-138.13,404.25,69.574,345.81,571.6,585.08,479.19,366.07
59.566,430.08,349.18,-246.54,-131.11,389.15,62.169,329.73,551.39,566.96,464.28,353.48
57.778,412.57,334.95,-238.04,-124.28,373.77,54.465,313.03,529.4,547.63,445.46,338.25
56.134,394.18,320.19,-228.51,-117.54,357.55,46.808,295.22,505.16,526.28,424.84,320.91
54.243,374.84,304.42,-217.66,-110.91,340.2,39.416,276.71,480.83,503.44,404.24,302.5
51.795,354.28,287.54,-205.45,-104.36,321.55,32.401,258.06,457.07,479.49,382.78,284.1
48.69,332.45,269.47,-191.98,-97.734,301.5,26.161,239.71,432.96,454.59,360.3,266.4
45.043,309.61,250.17,-177.65,-90.689,280.31,21.053,221.97,408.39,428.78,337.29,249.55
41.124,286.28,230.08,-163.13,-82.943,258.5,17.112,204.92,383.27,402.09,314.14,233.09
37.228,263.15,210.09,-149.19,-74.593,236.77,14.064,188.47,357.6,374.57,291.05,216.49
33.56,240.84,190.32,-136.52,-66.191,215.76,11.356,172.8,331.46,346.6,268.03,199.5
30.159,219.79,171.31,-125.15,-58.46,195.98,8.4199,157.98,305.1,318.96,244.98,182.1
26.914,200.24,153.61,-114.81,-51.916,177.77,5.8449,144.02,278.87,292.23,221.98,164.62
23.666,182.17,138.11,-105.06,-46.663,161.22,4.2003,131.02,253.43,267.12,199.67,147.7
20.343,165.35,125.37,-95.51,-42.488,146.25,3.1152,119.08,229.89,244.03,178.38,132.01
16.999,149.35,114.6,-85.941,-38.953,132.53,2.3322,108.19,208.49,222.95,158.42,117.88
13.56,133.66,104.32,-76.353,-35.408,119.32,1.7492,98.221,189.19,203.48,140.03,105.17
9.7854,118.07,93.468,-66.861,-31.238,105.66,1.3082,88.99,171.68,185.0,123.15,93.393
6.1981,102.88,82.013,-57.683,-26.313,91.723,0.96614,80.291,155.53,166.93,107.56,81.94
3.6651,88.691,70.658,-49.011,-21.007,78.903,0.69034,71.957,140.27,149.0,93.01,70.499
2.1328,75.845,60.056,-40.91,-15.73,67.342,0.45766,63.916,125.53,131.3,79.309,59.255
1.2155,64.458,50.23,-33.708,-10.727,57.156,0.25352,56.209,111.2,114.32,66.36,48.741
0.6625,54.475,41.04,-27.621,-6.4393,48.141,0.070375,48.954,97.476,98.607,54.232,39.431
0.34186,45.784,32.734,-22.455,-3.3028,39.913,-0.093845,42.263,84.752,84.54,43.163,31.482
0.17934,38.211,25.323,-17.981,-1.109,32.669,-0.23771,36.176,73.327,72.217,33.462,24.778
0.12678,31.493,18.48,-14.092,0.59072,26.357,-0.35847,30.626,63.269,61.526,25.395,19.093
0.14819,25.361,12.007,-10.783,2.0862,20.6,-0.45376,25.428,54.461,52.226,19.06,13.987
0.21407,19.628,6.0235,-7.8999,3.5163,15.124,-0.52232,20.31,46.698,44.023,14.132,8.8981
0.29849,14.171,0.93801,-5.3524,4.9311,9.8226,-0.56381,15.198,39.779,36.635,9.9594,3.6238
0.37816,8.998,-2.8207,-3.4689,6.3179,4.7235,-0.57904,10.728,33.646,29.846,6.1711,-1.1984
0.43421,4.5533,-5.1803,-2.2082,7.6194,0.30683,-0.57068,7.6461,28.189,23.507,2.7406,-4.624
0.45517,1.3635,-6.5375,-1.2882,8.7669,-2.6931,-0.54368,5.7769,22.901,17.658,-0.28783,-6.8553
0.4371,-0.73556,-7.439,-0.53519,9.7177,-4.3732,-0.50455,4.5749,17.688,12.403,-2.9186,-8.7442
0.38015,-2.2189,-8.239,0.12326,10.471,-5.4147,-0.46007,3.7012,13.311,7.9719,-5.2006,-10.755
0.28446,-3.4032,-9.0646,0.71546,11.054,-6.2651,-0.41591,3.0077,10.053,4.7807,-7.1976,-12.949
0.14836,-4.4368,-9.9305,1.2553,11.501,-7.0796,-0.37483,2.4282,7.626,2.5945,-8.9669,-15.195
-0.030868,-5.3808,-10.823,1.752,11.842,-7.8969,-0.3347,1.9262,5.7296,0.97608,-10.551,-17.316
-0.25444,-6.2546,-11.724,2.212,12.086,-8.7289,-0.28815,1.4812,4.1884,-0.34439,-11.978,-19.164
-0.51889,-7.0552,-12.603,2.6392,12.23,-9.5792,-0.22605,1.0864,2.9105,-1.5072,-13.267,-20.662
-0.81202,-7.7674,-13.41,3.036,12.259,-10.433,-0.14324,0.74513,1.8433,-2.588,-14.432,-21.802
-1.1094,-8.3742,-14.087,3.4021,12.173,-11.254,-0.042922,0.46239,0.94749,-3.6308,-15.482,-22.631
-1.3742,-8.8656,-14.605,3.7316,12.004,-11.997,0.063491,0.23487,0.18575,-4.6625,-16.427,-23.221
-1.5629,-9.2459,-14.996,4.0119,11.819,-12.635,0.16089,0.047386,-0.48002,-5.6964,-17.277,-23.655
-1.6372,-9.5338,-15.344,4.2284,11.704,-13.18,0.23699,-0.1219,-1.0845,-6.7317,-18.048,-24.008
-1.5795,-9.757,-15.737,4.3749,11.729,-13.662,0.28785,-0.29085,-1.6517,-7.7544,-18.761,-24.334
-1.4046,-9.9432,-16.209,4.4628,11.916,-14.099,0.32013,-0.46419,-2.19,-8.7388,-19.445,-24.657
-1.1561,-10.114,-16.724,4.5179,12.227,-14.482,0.34912,-0.63123,-2.6907,-9.6507,-20.121,-24.967
-0.88827,-10.28,-17.198,4.5684,12.584,-14.79,0.39341,-0.77187,-3.1337,-10.452,-20.795,-25.229
-0.64323,-10.444,-17.567,4.6301,12.909,-15.016,0.46788,-0.8672,-3.4969,-11.109,-21.458,-25.405
-0.43447,-10.606,-17.832,4.7006,13.163,-15.193,0.57782,-0.90874,-3.7674,-11.608,-22.087,-25.472
-0.24541,-10.765,-18.059,4.7644,13.354,-15.387,0.71693,-0.90107,-3.9476,-11.95,-22.658,-25.426
-0.046174,-10.925,-18.336,4.8044,13.52,-15.668,0.8703,-0.85617,-4.0527,-12.15,-23.156,-25.278
0.18067,-11.087,-18.716,4.8138,13.689,-16.074,1.0213,-0.78329,-4.0986,-12.215,-23.581,-25.047
0.42229,-11.252,-19.187,4.801,13.857,-16.599,1.1586,-0.68096,-4.0911,-12.144,-23.932,-24.744
0.63728,-11.416,-19.679,4.7868,13.987,-17.196,1.2808,-0.53621,-4.0234,-11.924,-24.207,-24.372
0.7737,-11.577,-20.083,4.7957,14.029,-17.788,1.3965,-0.3306,-3.884,-11.549,-24.395,-23.928
0.79114,-11.732,-20.299,4.8449,13.95,-18.286,1.5196,-0.049852,-3.6679,-11.026,-24.486,-23.412
0.67617,-11.87,-20.266,4.9386,13.745,-18.609,1.6639,0.30681,-3.3826,-10.385,-24.475,-22.833
0.44669,-11.974,-19.973,5.0663,13.436,-18.702,1.8369,0.72169,-3.0472,-9.6728,-24.368,-22.212
0.14498,-12.024,-19.453,5.2063,13.055,-18.541,2.037,1.1616,-2.6852,-8.9385,-24.174,-21.579
-0.17647,-12.006,-18.763,5.3308,12.635,-18.136,2.2544,1.5885,-2.3155,-8.2261,-23.903,-20.956
-0.47172,-11.915,-17.962,5.4157,12.201,-17.525,2.4766,1.9736,-1.9452,-7.5644,-23.562,-20.341
-0.71565,-11.753,-17.096,5.4509,11.762,-16.763,2.6942,2.3068,-1.5655,-6.9628,-23.158,-19.702
-0.9098,-11.532,-16.184,5.4444,11.305,-15.909,2.9049,2.5985,-1.1545,-6.4119,-22.694,-18.99
-1.0763,-11.269,-15.231,5.4144,10.808,-15.01,3.1127,2.8714,-0.68596,-5.8905,-22.17,-18.153
-1.2439,-10.974,-14.241,5.3758,10.25,-14.094,3.3239,3.148,-0.14327,-5.3774,-21.587,-17.165
-1.4345,-10.647,-13.225,5.332,9.63,-13.175,3.5413,3.4402,0.47033,-4.8628,-20.947,-16.037
-1.6558,-10.283,-12.206,5.2731,8.9661,-12.257,3.7618,3.7457,1.1294,-4.3534,-20.263,-14.819
-1.8976,-9.8682,-11.203,5.1806,8.2864,-11.341,3.9772,4.0529,1.7933,-3.868,-19.553,-13.584
-2.1339,-9.3879,-10.229,5.0346,7.6148,-10.424,4.1776,4.3489,2.4196,-3.4263,-18.843,-12.399
-2.3343,-8.8325,-9.2783,4.8239,6.961,-9.5005,4.3558,4.626,2.9777,-3.0387,-18.156,-11.299
-2.4805,-8.2009,-8.3394,4.554,6.3193,-8.5677,4.5095,4.8851,3.4571,-2.7026,-17.504,-10.287
-2.574,-7.5022,-7.401,4.2463,5.6775,-7.6288,4.6395,5.1332,3.868,-2.4038,-16.885,-9.348
-2.6313,-6.7536,-6.4682,3.9269,5.0332,-6.696,4.7462,5.3795,4.2329,-2.1212,-16.284,-8.4682
-2.67,-5.9759,-5.5666,3.6123,4.4059,-5.7891,4.8268,5.6324,4.5766,-1.8316,-15.678,-7.646
-2.6965,-5.1898,-4.7319,3.3046,3.8308,-4.9299,4.8759,5.8971,4.9179,-1.515,-15.048,-6.8906
-2.7049,-4.4155,-3.99,2.9978,3.3371,-4.1366,4.8879,6.1763,5.2685,-1.1589,-14.386,-6.2143
-2.6949,-3.6736,-3.3471,2.6892,2.929,-3.4208,4.8607,6.4712,5.635,-0.76166,-13.699,-5.6211
-2.6933,-2.9858,-2.7923,2.3874,2.5841,-2.7885,4.7977,6.7821,6.0209,-0.33182,-13.003,-5.099
-2.7499,-2.3744,-2.3025,2.1102,2.2639,-2.2405,4.7088,7.1077,6.4267,0.11672,-12.317,-4.6213
-2.9051,-1.8565,-1.8485,1.8769,1.9309,-1.7699,4.6084,7.4432,6.8492,0.5704,-11.656,-4.1557
-3.1607,-1.4379,-1.4057,1.6998,1.5652,-1.3626,4.5114,7.7772,7.2784,1.019,-11.026,-3.6781
-3.4761,-1.108,-0.96684,1.5791,1.1777,-1.002,4.427,8.0914,7.6965,1.4543,-10.419,-3.1828
-3.7849,-0.84455,-0.5484,1.5024,0.81029,-0.67619,4.355,8.3636,8.0785,1.8672,-9.8239,-2.6838
-4.0168,-0.62276,-0.18419,1.4496,0.51836,-0.38267,4.2856,8.5746,8.3997,2.2468,-9.229,-2.2052
-4.1194,-0.42566,0.0915,1.4021,0.34367,-0.12761,4.2047,8.7146,8.6463,2.5819,-8.6332,-1.77
-4.0759,-0.2486,0.26244,1.352,0.2933,0.080191,4.1031,8.7862,8.8231,2.8645,-8.046,-1.3914
-3.9173,-0.095763,0.34041,1.3049,0.33541,0.23692,3.9824,8.8008,8.9541,3.0907,-7.4846,-1.0709
-3.7235,0.02895,0.36244,1.2741,0.40987,0.34928,3.8536,8.7726,9.0728,3.2617,-6.9667,-0.80044
-3.5978,0.13034,0.37825,1.27,0.44775,0.43541,3.7303,8.712,9.2081,3.3848,-6.5043,-0.56878
-3.6213,0.22426,0.43421,1.2919,0.39339,0.5207,3.619,8.623,9.3724,3.4724,-6.0981,-0.36758
-3.8131,0.33338,0.56031,1.3255,0.2213,0.62992,3.5148,8.5039,9.5578,3.5392,-5.7391,-0.19575
-4.1227,0.479,0.76394,1.3473,-0.057953,0.77931,3.403,8.351,9.7414,3.5979,-5.4141,-0.058702
-4.4516,0.67393,1.0308,1.332,-0.40317,0.97231,3.2674,8.1631,9.8952,3.6578,-5.1138,0.037162
-4.6944,0.91936,1.3312,1.26,-0.75458,1.2008,3.0991,7.9432,9.9973,3.7243,-4.8376,0.091228
-4.7777,1.2059,1.629,1.1231,-1.0499,1.4505,2.9009,7.6983,10.037,3.8012,-4.5923,0.1127
-4.6699,1.5187,1.894,0.92465,-1.2415,1.7081,2.6839,7.4369,10.013,3.8916,-4.3867,0.11947
-4.371,1.8454,2.1109,0.67651,-1.309,1.967,2.4592,7.1662,9.9323,3.9981,-4.2258,0.13154
-3.9045,2.1815,2.2823,0.39288,-1.2609,2.2286,2.2319,6.8908,9.8005,4.1216,-4.1074,0.16312
-3.3217,2.532,2.4242,0.085931,-1.127,2.4989,1.9999,6.6117,9.6205,4.2595,-4.0219,0.21629
-2.6948,2.907,2.5562,-0.23601,-0.94736,2.783,1.7571,6.3279,9.3924,4.4057,-3.9557,0.28318
-2.0949,3.3139,2.6921,-0.56791,-0.76199,3.0806,1.4995,6.0385,9.1163,4.5537,-3.8964,0.35394
-1.5705,3.7523,2.835,-0.90471,-0.60317,3.3846,1.2281,5.7457,8.7975,4.6998,-3.8356,0.42244
-1.1493,4.2119,2.981,-1.2384,-0.49408,3.6838,0.95074,5.4563,8.4507,4.8462,-3.7699,0.48935
-0.85272,4.6763,3.128,-1.5589,-0.44991,3.9677,0.6803,5.1828,8.0995,4.9974,-3.7006,0.56222
-0.69317,5.1273,3.2789,-1.8582,-0.47817,4.2299,0.43047,4.9391,7.7714,5.154,-3.6335,0.65352
-0.65889,5.5502,3.436,-2.135,-0.57191,4.4695,0.21146,4.7354,7.4874,5.3061,-3.5787,0.77731
-0.70437,5.9376,3.5947,-2.3949,-0.7051,4.6891,0.025877,4.5724,7.2526,5.4335,-3.5487,0.94479
-0.75757,6.2894,3.7435,-2.6473,-0.83974,4.8919,-0.13237,4.4403,7.0513,5.5122,-3.5549,1.1595
-0.74104,6.6086,3.8688,-2.8997,-0.93971,5.0785,-0.27532,4.3228,6.8522,5.5236,-3.6047,1.4134
-0.59784,6.8943,3.9591,-3.1525,-0.98209,5.2438,-0.41542,4.2042,6.6212,5.4601,-3.7007,1.6858
-0.31123,7.137,4.008,-3.3947,-0.96236,5.3757,-0.55977,4.0751,6.3365,5.3242,-3.8408,1.9481
0.089711,7.3192,4.0158,-3.6054,-0.89435,5.46,-0.70711,3.9345,5.9983,5.1247,-4.0193,2.1751
0.54037,7.4234,3.991,-3.7616,-0.80615,5.4886,-0.84884,3.7884,5.6269,4.8741,-4.2255,2.3557
0.96144,7.4427,3.9503,-3.8477,-0.73239,5.4661,-0.97335,3.6465,5.2529,4.5868,-4.4425,2.4986
1.2824,7.3851,3.9139,-3.8614,-0.70426,5.4085,-1.0715,3.5194,4.9054,4.2774,-4.6563,2.6242
1.4591,7.2698,3.8991,-3.8113,-0.74061,5.3351,-1.1407,3.4146,4.6015,3.9587,-4.8629,2.7524
1.4805,7.1196,3.9149,-3.7115,-0.8449,5.2597,-1.1848,3.3326,4.3429,3.6402,-5.0749,2.8929
1.3622,6.9527,3.9609,-3.5742,-1.0075,5.188,-1.212,3.2653,4.1182,3.3289,-5.3192,3.0424
1.1342,6.7806,4.031,-3.4062,-1.2133,5.1213,-1.2314,3.1967,3.9103,3.0322,-5.6254,3.1881
0.82837,6.6078,4.1206,-3.2087,-1.4493,5.0607,-1.2502,3.1082,3.7051,2.7608,-6.0099,3.3164
0.47198,6.4344,4.2299,-2.9799,-1.7084,5.0092,-1.273,2.9832,3.4962,2.5287,-6.4683,3.4192
0.085609,6.2574,4.3632,-2.7199,-1.9876,4.9698,-1.3022,2.8112,3.2867,2.3488,-6.9759,3.495
-0.31659,6.0732,4.5233,-2.4338,-2.2847,4.944,-1.3382,2.5876,3.0858,2.2267,-7.5024,3.5491
-0.72414,5.8809,4.7073,-2.1344,-2.5943,4.9316,-1.3793,2.3128,2.9026,2.1571,-8.0245,3.5916
-1.1271,5.6848,4.9069,-1.8397,-2.9104,4.9335,-1.4227,1.9906,2.7406,2.1264,-8.5315,3.6351
-1.516,5.494,5.1118,-1.5692,-3.2288,4.9504,-1.4644,1.6275,2.5952,2.1186,-9.0195,3.6895
-1.883,5.317,5.3115,-1.3384,-3.5464,4.9799,-1.4997,1.2316,2.4564,2.1223,-9.4807,3.7586
-2.2189,5.1556,5.4929,-1.1551,-3.8541,5.0117,-1.5241,0.81086,2.312,2.1323,-9.8991,3.8355
-2.5101,5.0011,5.6354,-1.0185,-4.1304,5.0259,-1.5339,0.37055,2.1514,2.1454,-10.255,3.9039
-2.7382,4.8379,5.7119,-0.92104,-4.3411,4.9984,-1.5276,-0.090217,1.967,2.1563,-10.534,3.9417
-2.8839,4.6502,5.6981,-0.85161,-4.4512,4.9099,-1.5066,-0.57493,1.7571,2.1563,-10.737,3.931
-2.9345,4.4314,5.5835,-0.80003,-4.4405,4.7549,-1.4739,-1.0857,1.5257,2.1373,-10.878,3.867
-2.8872,4.1883,5.3742,-0.76052,-4.311,4.5424,-1.4327,-1.6185,1.2819,2.0953,-10.986,3.7599
-2.7486,3.9375,5.0866,-0.73256,-4.0826,4.2895,-1.3841,-2.1616,1.0375,2.0307,-11.092,3.6297
-2.5317,3.6978,4.7378,-0.71938,-3.781,4.0129,-1.3266,-2.6984,0.80431,1.9444,-11.229,3.4941
-2.2529,3.4813,4.3403,-0.72401,-3.4297,3.7221,-1.258,-3.2125,0.59082,1.8341,-11.415,3.3594
-1.9301,3.289,3.9023,-0.74524,-3.0473,3.4187,-1.1769,-3.6936,0.39991,1.6949,-11.656,3.2201
-1.5825,3.1123,3.4315,-0.77713,-2.6483,3.0997,-1.0846,-4.14,0.22839,1.5237,-11.941,3.0653
-1.2278,2.9391,2.9402,-0.81208,-2.2447,2.7635,-0.9849,-4.5576,0.066312,1.3245,-12.248,2.887
-0.8786,2.7618,2.4476,-0.84573,-1.8477,2.4155,-0.88354,-4.9563,-0.099893,1.1098,-12.555,2.685
-0.54052,2.5822,1.9786,-0.88025,-1.468,2.0699,-0.78626,-5.3442,-0.28287,0.89807,-12.844,2.4688
-0.21413,2.4117,1.5602,-0.92401,-1.1181,1.7478,-0.69712,-5.7249,-0.4886,0.7089,-13.113,2.2564
0.10008,2.269,1.2172,-0.98817,-0.81344,1.4734,-0.61669,-6.0944,-0.71234,0.55712,-13.368,2.0713
0.39715,2.1744,0.96928,-1.082,-0.57122,1.2682,-0.54136,-6.4415,-0.94113,0.44963,-13.622,1.9353
0.66643,2.1431,0.82809,-1.2087,-0.40703,1.1468,-0.46508,-6.757,-1.1607,0.38433,-13.887,1.8607
0.89377,2.1807,0.79486,-1.3632,-0.32945,1.113,-0.38276,-7.0419,-1.3642,0.34966,-14.173,1.8431
1.0659,2.2795,0.85737,-1.5341,-0.33521,1.1576,-0.29346,-7.3113,-1.5574,0.32647,-14.492,1.8618
1.1742,2.4215,0.98974,-1.7067,-0.40736,1.2602,-0.20179,-7.5885,-1.756,0.29168,-14.858,1.8847
1.217,2.5823,1.1572,-1.8669,-0.51856,1.3939,-0.11578,-7.8929,-1.9754,0.22511,-15.28,1.8815
1.1995,2.738,1.3241,-2.0037,-0.63863,1.5314,-0.043437,-8.2298,-2.2192,0.1174,-15.764,1.8353
1.1332,2.8711,1.4632,-2.1111,-0.7437,1.6504,0.009141,-8.5845,-2.4725,-0.024931,-16.294,1.7498
1.0344,2.9719,1.5617,-2.1877,-0.82182,1.7377,0.037662,-8.9333,-2.7076,-0.18072,-16.836,1.6445
0.9232,3.0379,1.6203,-2.2362,-0.87108,1.79,0.038667,-9.2552,-2.8983,-0.32275,-17.333,1.5449
0.82071,3.0693,1.6446,-2.2599,-0.89171,1.8096,0.0096689,-9.5432,-3.0329,-0.43012,-17.718,1.4689
0.74622,3.0632,1.636,-2.2608,-0.8785,1.7984,-0.04956,-9.805,-3.1215,-0.49758,-17.932,1.4198
0.71562,3.0114,1.5867,-2.2371,-0.81863,1.7535,-0.13611,-10.057,-3.1881,-0.53592,-17.934,1.3864
0.74123,2.9028,1.4818,-2.1844,-0.6955,1.6667,-0.24386,-10.315,-3.2573,-0.56363,-17.709,1.351
0.83032,2.7292,1.3068,-2.0982,-0.49646,1.5289,-0.36527,-10.586,-3.3419,-0.59567,-17.267,1.2988
0.9811,2.4904,1.0559,-1.9765,-0.22086,1.3357,-0.49212,-10.871,-3.4387,-0.63664,-16.629,1.2234
1.1791,2.1964,0.73805,-1.8215,0.11584,1.0914,-0.61592,-11.167,-3.5309,-0.68105,-15.817,1.1265
1.3976,1.8665,0.3765,-1.6397,0.48441,0.81042,-0.72757,-11.467,-3.5985,-0.71944,-14.847,1.0151
1.6014,1.5255,0.0036133,-1.4419,0.84849,0.51405,-0.81727,-11.761,-3.6282,-0.74607,-13.732,0.89685
1.7519,1.1981,-0.3467,-1.2406,1.1713,0.2259,-0.87566,-12.039,-3.621,-0.76341,-12.48,0.77719
1.8127,0.9017,-0.64521,-1.0462,1.4203,-0.033524,-0.89611,-12.295,-3.5917,-0.7812,-11.103,0.65845
1.7569,0.64137,-0.87147,-0.86302,1.5715,-0.25093,-0.87687,-12.529,-3.5624,-0.81165,-9.6135,0.54125
1.5749,0.41,-1.0162,-0.68849,1.6135,-0.42246,-0.82177,-12.744,-3.551,-0.86373,-8.0209,0.42708
1.2802,0.19422,-1.0823,-0.51627,1.5506,-0.55228,-0.73934,-12.943,-3.5618,-0.93901,-6.3257,0.32005
0.91164,-0.018074,-1.0851,-0.34223,1.4052,-0.64984,-0.64142,-13.126,-3.5832,-1.0297,-4.5193,0.22669
0.53071,-0.23036,-1.0496,-0.16909,1.2148,-0.72573,-0.54105,-13.284,-3.5935,-1.12,-2.5907,0.15439
0.2112,-0.43479,-1.0049,-0.0076786,1.026,-0.7883,-0.45041,-13.408,-3.573,-1.1919,-0.5361,0.10663
0.018738,-0.61491,-0.97773,0.12602,0.88334,-0.84209,-0.37822,-13.493,-3.5141,-1.2341,1.6322,0.08028
-0.012111,-0.75442,-0.98713,0.21682,0.81827,-0.88908,-0.32724,-13.538,-3.4264,-1.2485,3.8804,0.066423
0.11077,-0.84748,-1.0433,0.25766,0.84255,-0.93254,-0.29342,-13.549,-3.3332,-1.2495,6.1497,0.052524
0.34283,-0.9051,-1.1495,0.2544,0.94791,-0.98096,-0.26793,-13.529,-3.2622,-1.2563,8.3588,0.025754
0.62057,-0.95115,-1.3041,0.22375,1.1123,-1.0477,-0.24118,-13.477,-3.2337,-1.2835,10.415,-0.020838
0.88257,-1.0097,-1.5009,0.18535,1.3088,-1.1449,-0.20689,-13.382,-3.2518,-1.3354,12.233,-0.084939
1.0865,-1.0914,-1.7257,0.15315,1.5125,-1.2748,-0.16386,-13.229,-3.3053,-1.4063,13.754,-0.15638
1.2176,-1.1882,-1.9569,0.13075,1.7045,-1.4256,-0.1147,-13.005,-3.3735,-1.4843,14.954,-0.22296
1.2889,-1.2781,-2.1702,0.11181,1.8751,-1.5756,-0.063164,-12.705,-3.4368,-1.5562,15.846,-0.27645
1.3364,-1.3377,-2.3505,0.084214,2.0289,-1.704,-0.012728,-12.328,-3.4845,-1.6108,16.474,-0.3149
1.4097,-1.3563,-2.5013,0.036504,2.186,-1.8028,0.033767,-11.883,-3.5181,-1.6389,16.902,-0.33784
1.5567,-1.3433,-2.6444,-0.035677,2.374,-1.8808,0.073491,-11.382,-3.547,-1.6324,17.192,-0.34398
1.8019,-1.3263,-2.8053,-0.12571,2.6112,-1.9575,0.1031,-10.84,-3.5812,-1.5843,17.398,-0.32887
2.1283,-1.3394,-2.9938,-0.21744,2.8922,-2.0516,0.1188,-10.276,-3.6242,-1.4903,17.556,-0.28724
2.4761,-1.4079,-3.1959,-0.29167,3.1839,-2.1708,0.11707,-9.7044,-3.6725,-1.3524,17.685,-0.21572
2.7613,-1.536,-3.3792,-0.33413,3.4355,-2.3075,0.095694,-9.1346,-3.7198,-1.1812,17.778,-0.11744
2.9095,-1.7029,-3.5079,-0.34111,3.5988,-2.4417,0.054631,-8.5724,-3.7627,-0.99313,17.812,-0.0043453
2.8817,-1.8723,-3.558,-0.32015,3.6488,-2.551,-0.0044606,-8.022,-3.8038,-0.80651,17.752,0.10411
2.6843,-2.0098,-3.5307,-0.28566,3.5946,-2.6234,-0.080147,-7.4883,-3.8509,-0.6369,17.563,0.18621
2.3658,-2.1005,-3.4575,-0.25079,3.4787,-2.6665,-0.17327,-6.9763,-3.913,-0.49515,17.229,0.22471
2.0038,-2.1577,-3.3934,-0.22006,3.3648,-2.7084,-0.28741,-6.488,-3.9958,-0.38671,16.766,0.2146
1.6866,-2.2164,-3.4004,-0.18835,3.3196,-2.7882,-0.42702,-6.0192,-4.0968,-0.31162,16.216,0.1651
1.49,-2.3165,-3.526,-0.14707,3.3928,-2.9401,-0.59356,-5.5603,-4.2045,-0.26478,15.639,0.095132
1.4532,-2.4812,-3.7834,-0.092276,3.6003,-3.1761,-0.78154,-5.1005,-4.2996,-0.23839,15.092,0.026896
1.5692,-2.7045,-4.142,-0.028754,3.9184,-3.476,-0.97667,-4.6349,-4.3607,-0.22522,14.618,-0.02011
1.8038,-2.9519,-4.5358,0.032056,4.2898,-3.7915,-1.1574,-4.1685,-4.3723,-0.22121,14.236,-0.035075
2.1247,-3.1771,-4.8896,0.078138,4.6453,-4.0652,-1.2996,-3.7131,-4.3307,-0.22553,13.947,-0.017731
2.5066,-3.3449,-5.1538,0.10332,4.9319,-4.2564,-1.3837,-3.2816,-4.2472,-0.2385,13.742,0.023303
2.9136,-3.4469,-5.3183,0.11084,5.1305,-4.3586,-1.4003,-2.8822,-4.1451,-0.25899,13.604,0.074596
3.2885,-3.5039,-5.4019,0.11298,5.2484,-4.3963,-1.3531,-2.5163,-4.0516,-0.28325,13.517,0.12306
3.5642,-3.5528,-5.4298,0.12752,5.2975,-4.4075,-1.2558,-2.18,-3.9887,-0.30572,13.467,0.1615
3.6779,-3.6268,-5.4184,0.1725,5.277,-4.4238,-1.127,-1.8663,-3.9648,-0.32175,13.437,0.19029
3.5791,-3.7393,-5.3685,0.26102,5.1706,-4.4565,-0.98398,-1.568,-3.9713,-0.32935,13.416,0.21957
3.2383,-3.8775,-5.262,0.39762,4.9531,-4.4903,-0.83745,-1.2794,-3.986,-0.32936,13.391,0.26559
2.6588,-4.0082,-5.0643,0.57734,4.6007,-4.4869,-0.6893,-0.99768,-3.9816,-0.32396,13.353,0.34507
1.887,-4.0956,-4.7426,0.788,4.1048,-4.4041,-0.53576,-0.72272,-3.9363,-0.31524,13.298,0.46776
1.0104,-4.1202,-4.2947,1.0145,3.4892,-4.2212,-0.37501,-0.45616,-3.8427,-0.30551,13.231,0.6333
0.14091,-4.0883,-3.7634,1.2437,2.816,-3.9547,-0.21426,-0.20006,-3.71,-0.29889,13.161,0.83261
-0.61462,-4.0287,-3.2235,1.4674,2.1692,-3.6514,-0.071088,0.043925,-3.5598,-0.30195,13.108,1.0526
-1.1809,-3.9781,-2.7506,1.6831,1.6245,-3.3659,0.032068,0.27445,-3.4159,-0.32153,13.089,1.2809
-1.529,-3.9652,-2.3937,1.8917,1.2253,-3.1396,0.076692,0.48969,-3.2942,-0.36052,13.116,1.5065
-1.6803,-4.0009,-2.1648,2.094,0.97444,-2.9892,0.056152,0.68629,-3.1985,-0.41455,13.184,1.7189
-1.7006,-4.0767,-2.0445,2.2885,0.84147,-2.9074,-0.020406,0.85912,-3.1223,-0.47229,13.279,1.9066
-1.6792,-4.1721,-1.9955,2.4703,0.77816,-2.8725,-0.12999,1.0022,-3.0553,-0.51947,13.371,2.06
-1.6941,-4.2662,-1.9802,2.6315,0.7378,-2.8621,-0.24285,1.1113,-2.9903,-0.54503,13.435,2.1748
-1.783,-4.3497,-1.9741,2.765,0.68964,-2.8647,-0.33178,1.186,-2.9258,-0.54605,13.454,2.2544
-1.9347,-4.4297,-1.9704,2.8687,0.62643,-2.8838,-0.37997,1.2315,-2.8649,-0.52868,13.424,2.3059
-2.1008,-4.5236,-1.9767,2.9479,0.56296,-2.9322,-0.38474,1.2569,-2.8113,-0.50453,13.349,2.3343
-2.2203,-4.6461,-2.0076,3.0118,0.52738,-3.0211,-0.35612,1.2729,-2.7667,-0.48465,13.233,2.3381
-2.2439,-4.7972,-2.0773,3.0676,0.54901,-3.1522,-0.31056,1.2883,-2.7294,-0.4751,13.073,2.3107
-2.1475,-4.9608,-2.1948,3.116,0.64613,-3.3159,-0.26251,1.3077,-2.6947,-0.47625,12.862,2.246
-1.936,-5.1124,-2.358,3.153,0.81795,-3.4945,-0.21782,1.3303,-2.657,-0.48507,12.596,2.1449
-1.6427,-5.2312,-2.5513,3.1754,1.0431,-3.6677,-0.17201,1.3503,-2.6129,-0.49778,12.278,2.0163
-1.3258,-5.3083,-2.7502,3.1871,1.2851,-3.819,-0.11381,1.3577,-2.5647,-0.5127,11.931,1.8733
-1.0544,-5.3466,-2.9291,3.1977,1.5029,-3.9397,-0.032136,1.3413,-2.5219,-0.53213,11.583,1.7257
-0.88682,-5.3559,-3.0684,3.2159,1.6621,-4.0291,0.075842,1.293,-2.4995,-0.56266,11.266,1.5756
-0.85013,-5.3452,-3.1574,3.2422,1.7449,-4.0907,0.19931,1.2111,-2.5119,-0.61294,10.996,1.4178
-0.93141,-5.3178,-3.1961,3.2655,1.7542,-4.1284,0.31465,1.1031,-2.5656,-0.68928,10.779,1.2431
-1.0853,-5.2711,-3.1937,3.267,1.7116,-4.1452,0.39267,0.98387,-2.6547,-0.79116,10.606,1.0437
-1.2511,-5.1989,-3.166,3.227,1.6502,-4.1425,0.40907,0.87181,-2.7619,-0.90907,10.463,0.81734
-1.3713,-5.0965,-3.1304,3.1327,1.6032,-4.1211,0.35322,0.78401,-2.8641,-1.0268,10.341,0.56987
-1.4047,-4.9633,-3.0997,2.9827,1.5943,-4.0808,0.23157,0.73246,-2.9412,-1.1274,10.231,0.31714
-1.3313,-4.8044,-3.0789,2.7875,1.6319,-4.0206,0.06459,0.72279,-2.9826,-1.2004,10.131,0.083255
-1.1538,-4.6281,-3.0649,2.5651,1.7092,-3.9392,-0.12082,0.7542,-2.989,-1.246,10.036,-0.10516
-0.89409,-4.4427,-3.0504,2.3349,1.8099,-3.8356,-0.30042,0.82017,-2.9704,-1.2756,9.9381,-0.22811
-0.5858,-4.2523,-3.0284,2.1123,1.9164,-3.7096,-0.45984,0.91026,-2.9401,-1.3063,9.8197,-0.28043
-0.26397,-4.0557,-2.9953,1.9051,2.0156,-3.5622,-0.59708,1.0131,-2.9083,-1.3538,9.6609,-0.27397
0.042557,-3.8489,-2.9517,1.7141,2.1013,-3.3963,-0.71882,1.1195,-2.8782,-1.4246,9.4448,-0.23235
0.31428,-3.6305,-2.9003,1.5367,2.1709,-3.2181,-0.832,1.2246,-2.8454,-1.513,9.1671,-0.18166
0.538,-3.4085,-2.8432,1.3738,2.2211,-3.0379,-0.93609,1.3272,-2.7992,-1.6035,8.8405,-0.14166
0.69951,-3.2025,-2.7796,1.2346,2.2439,-2.8682,-1.0207,1.428,-2.726,-1.6776,8.491,-0.12076
0.77771,-3.0387,-2.7048,1.1358,2.2256,-2.7213,-1.0692,1.5278,-2.6136,-1.7203,8.1485,-0.11592
0.74668,-2.9407,-2.6117,1.0951,2.15,-2.6052,-1.0651,1.6259,-2.4546,-1.7257,7.8343,-0.11726
0.58528,-2.9205,-2.495,1.1236,2.0067,-2.5235,-1.0,1.7218,-2.2501,-1.6987,7.5522,-0.11512
0.28878,-2.975,-2.3559,1.2206,1.7983,-2.4764,-0.87906,1.8155,-2.0095,-1.6534,7.2865,-0.10637
-0.12334,-3.0874,-2.2049,1.3729,1.5437,-2.4626,-0.72201,1.9084,-1.747,-1.6081,7.0088,-0.096212
-0.60791,-3.2314,-2.0591,1.5578,1.2733,-2.4784,-0.55697,2.0016,-1.477,-1.5787,6.6908,-0.096355
-1.1074,-3.3758,-1.9354,1.7489,1.02,-2.5149,-0.41026,2.0937,-1.2108,-1.5739,6.3178,-0.11982
-1.5624,-3.4892,-1.8436,1.9228,0.81045,-2.5568,-0.29737,2.1789,-0.95461,-1.5935,5.8898,-0.17668
-1.9207,-3.5471,-1.7866,2.0634,0.6635,-2.5871,-0.21938,2.2482,-0.71074,-1.6301,5.4205,-0.27199
-2.1415,-3.5385,-1.7663,2.1627,0.59238,-2.5967,-0.16593,2.2923,-0.48023,-1.6721,4.9295,-0.4061
-2.1992,-3.4687,-1.7894,2.2171,0.60769,-2.5897,-0.12257,2.304,-0.26531,-1.7079,4.4348,-0.57629
-2.0855,-3.3556,-1.865,2.2234,0.71571,-2.5803,-0.07846,2.28,-0.070924,-1.7297,3.9487,-0.77813
-1.8099,-3.2196,-1.9957,2.1762,0.91223,-2.5818,-0.031031,2.2208,0.095798,-1.7348,3.4785,-1.0056
-1.3989,-3.0758,-2.1686,2.07,1.1766,-2.5967,0.014272,2.1306,0.22819,-1.725,3.0294,-1.2493
-0.89385,-2.9326,-2.3548,1.9041,1.4719,-2.6159,0.048563,2.0177,0.32392,-1.7028,2.6086,-1.4956
-0.34663,-2.7931,-2.5161,1.6866,1.752,-2.6225,0.065454,1.8953,0.38651,-1.6668,2.2274,-1.7272
0.18795,-2.6555,-2.6168,1.4338,1.9747,-2.599,0.064791,1.7789,0.42421,-1.6098,1.9,-1.9275
0.66159,-2.5171,-2.6373,1.1667,2.114,-2.5362,0.052379,1.6828,0.44703,-1.5215,1.6388,-2.0848
1.04,-2.3799,-2.583,0.90822,2.1669,-2.4394,0.036473,1.6155,0.46364,-1.3934,1.4478,-2.1939
1.3051,-2.2537,-2.4833,0.68076,2.1534,-2.3292,0.024112,1.5773,0.47975,-1.2233,1.3184,-2.2533
1.4527,-2.153,-2.3801,0.50362,2.1076,-2.2337,0.018939,1.5619,0.49793,-1.0157,1.2298,-2.2615
1.4886,-2.0902,-2.3123,0.39012,2.0638,-2.1771,0.021158,1.5599,0.51844,-0.78025,1.1523,-2.2166
1.4239,-2.0687,-2.3016,0.34536,2.0448,-2.1698,0.028789,1.5624,0.54037,-0.5287,1.0547,-2.1185
1.2727,-2.0808,-2.3458,0.36561,2.0545,-2.2044,0.03913,1.5634,0.56259,-0.27343,0.91091,-1.9704
1.051,-2.1098,-2.4212,0.4395,2.0787,-2.2587,0.049875,1.5601,0.5843,-0.026683,0.70855,-1.7785
0.77702,-2.1374,-2.4932,0.55065,2.0923,-2.3053,0.05962,1.5523,0.60501,0.19976,0.45381,-1.5493
0.47276,-2.1525,-2.5302,0.68093,2.0717,-2.323,0.067875,1.5411,0.62412,0.3952,0.17253,-1.2876
0.16352,-2.1554,-2.5154,0.81335,2.0058,-2.3049,0.074789,1.5282,0.64103,0.5516,-0.10215,-0.99804
-0.12386,-2.157,-2.4507,0.93396,1.9001,-2.2587,0.080798,1.5153,0.65471,0.66564,-0.34192,-0.68692
-0.36494,-2.172,-2.3516,1.0328,1.7722,-2.2009,0.086368,1.5029,0.66391,0.74016,-0.53581,-0.36544
-0.54212,-2.2114,-2.238,1.1038,1.6435,-2.1483,0.091815,1.4911,0.66779,0.78298,-0.69483,-0.048686
-0.6478,-2.2769,-2.1259,1.1442,1.5303,-2.1107,0.097282,1.4789,0.66711,0.80296,-0.84665,0.24784
-0.68518,-2.3563,-2.0211,1.1524,1.4385,-2.0855,0.10278,1.4649,0.66535,0.80568,-1.0229,0.51371
-0.66632,-2.4222,-1.9177,1.1261,1.3641,-2.0569,0.10822,1.4474,0.66952,0.79171,-1.2458,0.74781
-0.60793,-2.4391,-1.8034,1.0619,1.2985,-2.0018,0.11353,1.4253,0.68922,0.75875,-1.5206,0.95858
-0.52641,-2.3788,-1.6704,0.95862,1.2363,-1.9028,0.11863,1.3993,0.73432,0.7059,-1.8352,1.1592
-0.4343,-2.2349,-1.5247,0.82165,1.1805,-1.7604,0.12347,1.3727,0.8109,0.63687,-2.1665,1.3605
-0.33931,-2.028,-1.3863,0.6656,1.1417,-1.5947,0.12805,1.352,0.91756,0.56037,-2.4871,1.5658
-0.24603,-1.797,-1.2796,0.51203,1.1318,-1.4365,0.13236,1.3462,1.0444,0.48797,-2.7718,1.7703
-0.1581,-1.5836,-1.2212,0.38325,1.1557,-1.3131,0.13643,1.3641,1.1758,0.43046,-3.0022,1.9646
-0.078383,-1.4165,-1.2111,0.2954,1.2073,-1.2365,0.14027,1.4104,1.2963,0.39408,-3.1701,2.1385
-0.0075761,-1.3039,-1.2326,0.25384,1.2709,-1.2002,0.14388,1.4827,1.3956,0.378,-3.2795,2.2839
0.055965,-1.2344,-1.2598,0.25245,1.3274,-1.1845,0.14726,1.5708,1.4712,0.37397,-3.3438,2.3961
0.1131,-1.1857,-1.2674,0.27705,1.3607,-1.1668,0.15042,1.6601,1.5267,0.36895,-3.3792,2.4746
0.1592,-1.1364,-1.2401,0.3116,1.3621,-1.1318,0.15334,1.7383,1.568,0.3503,-3.3965,2.5232
0.18115,-1.0743,-1.1747,0.34451,1.3287,-1.0756,0.15602,1.8007,1.5989,0.31158,-3.3969,2.551
0.15724,-0.99937,-1.0771,0.37266,1.2605,-1.0046,0.15845,1.8522,1.62,0.2563,-3.374,2.5687
0.061585,-0.91964,-0.95679,0.40098,1.1573,-0.92868,0.16064,1.9054,1.6295,0.19703,-3.3213,2.5851
-0.12589,-0.84404,-0.82053,0.43757,1.0178,-0.8555,0.16258,1.9759,1.6268,0.1497,-3.2356,2.6029
-0.40654,-0.77591,-0.67047,0.48686,0.84158,-0.7858,0.16428,2.0767,1.6149,0.12549,-3.1188,2.6183
-0.75433,-0.70958,-0.5055,0.54411,0.63422,-0.71269,0.16572,2.2143,1.603,0.12478,-2.9745,2.6255
-1.1165,-0.62967,-0.32528,0.59418,0.41164,-0.62365,0.16691,2.3884,1.6039,0.13693,-2.8029,2.6212
-1.4234,-0.51561,-0.13441,0.61483,0.20063,-0.50524,0.16785,2.5931,1.6307,0.1461,-2.6001,2.607
-1.6049,-0.34864,0.055637,0.58316,0.034498,-0.34882,0.16854,2.8192,1.6905,0.13932,-2.3627,2.587
-1.61,-0.11924,0.22815,0.48277,-0.055972,-0.15494,0.16897,3.0566,1.781,0.11259,-2.095,2.563
-1.4241,0.16837,0.36648,0.3096,-0.053197,0.066267,0.16914,3.2961,1.8898,0.072049,-1.8126,2.5317
-1.0767,0.49706,0.46093,0.074319,0.039128,0.29887,0.16906,3.5316,1.9994,0.030341,-1.5396,2.4867
-0.63506,0.84194,0.51381,-0.20033,0.19462,0.52717,0.16871,3.7594,2.0933,0.00053344,-1.3015,2.4245
-0.18468,1.1788,0.54001,-0.48624,0.37113,0.74092,0.1681,3.9762,2.1612,-0.0092888,-1.1188,2.3486
0.19651,1.4902,0.56146,-0.75818,0.52416,0.93738,0.16722,4.1773,2.2024,0.0012429,-1.0049,2.2673
0.46087,1.7684,0.59865,-0.99956,0.62161,1.1194,0.16607,4.3558,2.2233,0.025286,-0.96588,2.1869
0.60288,2.0139,0.66246,-1.2047,0.65369,1.2914,0.16465,4.5039,2.2338,0.05164,-0.99891,2.1068
0.65511,2.2328,0.75115,-1.3783,0.63351,1.4561,0.16296,4.6166,2.2424,0.068835,-1.0901,2.0198
0.6694,2.4325,0.85316,-1.5322,0.58841,1.6132,0.16099,4.6951,2.2531,0.06909,-1.2146,1.9175
0.69304,2.618,0.95325,-1.6773,0.54696,1.7596,0.15875,4.7477,2.2663,0.050919,-1.3423,1.7978
0.75239,2.7873,1.0379,-1.8162,0.52786,1.8907,0.15625,4.787,2.2813,0.019198,-1.4479,1.6686
0.84788,2.9314,1.0985,-1.9401,0.5349,1.9999,0.15347,4.8259,2.299,-0.017983,-1.5208,1.5449
0.95722,3.0387,1.1322,-2.0333,0.55899,2.081,0.15041,4.873,2.323,-0.054488,-1.5693,1.4414
1.0452,3.1002,1.1409,-2.0811,0.58531,2.1294,0.14706,4.9295,2.3579,-0.090252,-1.6156,1.3645
1.0784,3.1139,1.1286,-2.0766,0.60158,2.1439,0.1434,4.9889,2.4061,-0.13148,-1.6859,1.3081
1.0386,3.0861,1.0999,-2.0251,0.60351,2.1272,0.13939,5.0397,2.4651,-0.18671,-1.7981,1.2549
0.92951,3.0299,1.0591,-1.9418,0.59539,2.0859,0.13502,5.0685,2.5272,-0.26135,-1.9557,1.1828
0.77465,2.96,1.0102,-1.8467,0.58683,2.0287,0.13028,5.0657,2.5827,-0.35401,-2.1478,1.074
0.60827,2.887,0.95789,-1.7581,0.58752,1.9644,0.12522,5.0281,2.6239,-0.45649,-2.3544,0.92258
0.4639,2.8131,0.90706,-1.6861,0.60282,1.8987,0.11993,4.9617,2.6486,-0.55662,-2.552,0.73764
0.36506,2.7302,0.86121,-1.631,0.63219,1.8322,0.11455,4.879,2.6603,-0.64264,-2.7187,0.53874
0.32161,2.6237,0.82002,-1.5849,0.67131,1.7598,0.10919,4.7954,2.666,-0.7076,-2.8372,0.34754
0.33034,2.4792,0.77774,-1.5381,0.71643,1.6727,0.10387,4.7225,2.6714,-0.75221,-2.8986,0.17826
0.37717,2.2908,0.72427,-1.4845,0.76766,1.562,0.098427,4.6638,2.6786,-0.78518,-2.9037,0.031291
0.4407,2.0643,0.64925,-1.4226,0.82858,1.4227,0.092441,4.6152,2.6858,-0.82045,-2.8612,-0.10681
0.49668,1.8159,0.5477,-1.3546,0.90205,1.2569,0.085252,4.5679,2.689,-0.87164,-2.782,-0.25591
0.52215,1.5682,0.42433,-1.283,0.98512,1.0749,0.07616,4.5152,2.6848,-0.94576,-2.6721,-0.43081
0.49866,1.3427,0.29341,-1.2077,1.0671,0.89246,0.064817,4.4567,2.672,-1.0388,-2.5287,-0.63152
0.41606,1.154,0.17338,-1.1253,1.1328,0.72615,0.051757,4.3989,2.6514,-1.1362,-2.3421,-0.84034
0.27704,1.0055,0.079119,-1.0303,1.1697,0.5878,0.038893,4.3527,2.625,-1.2187,-2.1025,-1.0279
0.1005,0.89101,0.016266,-0.91943,1.1749,0.48157,0.029682,4.3273,2.5947,-1.2719,-1.8097,-1.1657
-0.079581,0.79957,-0.019054,-0.79441,1.1578,0.40517,0.028639,4.3261,2.5616,-1.2939,-1.4781,-1.2393
-0.22321,0.72222,-0.034922,-0.66333,1.1347,0.35384,0.04011,4.3445,2.5247,-1.2966,-1.1362,-1.2545
-0.30048,0.65544,-0.036272,-0.53784,1.1191,0.32417,0.066604,4.3722,2.4793,-1.3006,-0.8192,-1.2335
-0.30595,0.60018,-0.019562,-0.42859,1.112,0.31589,0.1075,4.3981,2.4177,-1.3261,-0.55957,-1.2042
-0.26321,0.55849,0.027183,-0.34112,1.0983,0.33143,0.15907,4.4145,2.3307,-1.3862,-0.38106,-1.1887
-0.21939,0.53084,0.11927,-0.27413,1.0501,0.37412,0.21625,4.4201,2.2109,-1.484,-0.29335,-1.1962
-0.23314,0.51647,0.26913,-0.22096,0.93573,0.44692,0.27506,4.4202,2.0551,-1.6134,-0.29196,-1.2208
-0.35828,0.51618,0.48437,-0.17321,0.73087,0.5529,0.33483,4.4244,1.8666,-1.7622,-0.35857,-1.2453
-0.62548,0.53436,0.76728,-0.12509,0.42757,0.69505,0.39845,4.4429,1.6533,-1.9156,-0.46446,-1.2496
-1.0279,0.57742,1.1085,-0.076226,0.041602,0.87231,0.46993,4.4824,1.4264,-2.0596,-0.57845,-1.2201
-1.5172,0.64838,1.4783,-0.031634,-0.3846,1.0738,0.55029,4.5423,1.1982,-2.185,-0.67783,-1.1569
-2.0143,0.74138,1.8275,0.0014274,-0.78784,1.2763,0.63449,4.6137,0.98083,-2.2891,-0.75712,-1.0756
-2.4315,0.84047,2.0998,0.017579,-1.1001,1.449,0.71144,4.6813,0.78672,-2.3742,-0.8297,-1.0014
-2.6961,0.92473,2.2507,0.015312,-1.2693,1.5633,0.76731,4.7278,0.62881,-2.4441,-0.92069,-0.96058
-2.7673,0.9777,2.2629,-0.0041215,-1.2746,1.6042,0.79057,4.7397,0.51888,-2.5,-1.0544,-0.97003
-2.6433,0.99539,2.1515,-0.039633,-1.1308,1.5775,0.7767,4.711,0.46448,-2.54,-1.2428,-1.0317
-2.3595,0.98801,1.9557,-0.092258,-0.88047,1.5058,0.73051,4.6429,0.46613,-2.5621,-1.4813,-1.133
-1.9765,0.97312,1.7221,-0.1645,-0.57659,1.4176,0.66499,4.5411,0.51716,-2.5673,-1.7526,-1.2525
-1.5606,0.9655,1.4876,-0.25744,-0.26611,1.334,0.59681,4.4115,0.60624,-2.5592,-2.0362,-1.3697
-1.1653,0.96844,1.2722,-0.36761,0.0208,1.2611,0.5401,4.2582,0.72032,-2.5415,-2.3148,-1.4718
-0.82147,0.97118,1.0797,-0.48547,0.27221,1.19,0.50133,4.083,0.84613,-2.5152,-2.5766,-1.5576
-0.53872,0.95341,0.90409,-0.59653,0.48843,1.1031,0.47802,3.8865,0.97017,-2.4786,-2.8126,-1.6357
-0.31407,0.89437,0.73566,-0.68479,0.67478,0.9839,0.46234,3.6693,1.0789,-2.4292,-3.0142,-1.719
-0.13889,0.78289,0.56726,-0.7381,0.83679,0.82613,0.44788,3.4328,1.1602,-2.3675,-3.1748,-1.8181
-0.0021178,0.62484,0.40032,-0.75331,0.97692,0.6393,0.4347,3.1784,1.2066,-2.2971,-3.2931,-1.9369
0.10692,0.44427,0.24719,-0.73783,1.0918,0.44722,0.42899,2.9087,1.2172,-2.2218,-3.3741,-2.0708
0.19285,0.27569,0.1269,-0.70557,1.1717,0.27959,0.43772,2.6268,1.1977,-2.1428,-3.429,-2.2076
0.24805,0.14904,0.055856,-0.66933,1.2053,0.1592,0.4627,2.3353,1.158,-2.0565,-3.4726,-2.3325
0.25155,0.074054,0.037508,-0.63353,1.1858,0.090298,0.49729,2.0342,1.1086,-1.9573,-3.5215,-2.4337
0.17673,0.033379,0.057643,-0.59126,1.1158,0.054584,0.52808,1.7201,1.0556,-1.841,-3.5951,-2.508
0.0045621,-0.010295,0.08877,-0.5279,1.0074,0.017987,0.5403,1.3873,0.99939,-1.7086,-3.7126,-2.5627
-0.2639,-0.09715,0.10112,-0.42963,0.87925,-0.054817,0.52432,1.0334,0.93373,-1.5679,-3.8872,-2.612
-0.60108,-0.25297,0.073562,-0.29174,0.75263,-0.18578,0.47984,0.66387,0.84797,-1.4309,-4.1188,-2.67
-0.95492,-0.48005,-0.0011574,-0.12244,0.6495,-0.37582,0.41606,0.29369,0.73047,-1.31,-4.392,-2.7432
-1.2585,-0.75878,-0.1181,0.059299,0.59095,-0.60679,0.34758,-0.057294,0.57319,-1.2143,-4.6809,-2.8272
-1.4445,-1.0572,-0.26653,0.23008,0.59579,-0.85127,0.28802,-0.37342,0.3762,-1.1479,-4.9608,-2.9093
-1.4623,-1.3441,-0.43746,0.36968,0.67872,-1.0851,0.24435,-0.65096,0.14996,-1.1108,-5.2193,-2.9773
-1.2942,-1.5999,-0.62842,0.46708,0.84676,-1.2966,0.215,-0.89909,-0.087153,-1.1002,-5.4619,-3.0254
-0.96513,-1.8201,-0.8422,0.52329,1.095,-1.4887,0.19289,-1.1329,-0.31613,-1.1115,-5.7079,-3.0554
-0.53979,-2.0118,-1.0799,0.55093,1.4028,-1.6719,0.17193,-1.3635,-0.52578,-1.1391,-5.9812,-3.0708
-0.10823,-2.1852,-1.3329,0.57057,1.7333,-1.8546,0.15238,-1.5906,-0.71671,-1.177,-6.2949,-3.0721
0.2373,-2.345,-1.5796,0.60307,2.0399,-2.0345,0.14122,-1.803,-0.89838,-1.2213,-6.652,-3.0559
0.42863,-2.4849,-1.7904,0.66006,2.278,-2.198,0.14754,-1.9841,-1.0808,-1.2717,-7.0426,-3.0182
0.44172,-2.589,-1.939,0.73766,2.4186,-2.326,0.1764,-2.1199,-1.266,-1.3318,-7.4477,-2.9592
0.30168,-2.639,-2.0122,0.81808,2.4581,-2.4023,0.22501,-2.2056,-1.4435,-1.4054,-7.845,-2.8843
0.070465,-2.6255,-2.0137,0.87852,2.4181,-2.4207,0.28278,-2.2431,-1.5937,-1.4929,-8.2124,-2.8006
-0.17591,-2.5558,-1.9605,0.90115,2.3356,-2.3864,0.33497,-2.2397,-1.696,-1.5897,-8.5319,-2.7127
-0.36866,-2.4519,-1.8746,0.8781,2.2481,-2.313,0.36763,-2.2051,-1.7403,-1.689,-8.7927,-2.6221
-0.46019,-2.3401,-1.7742,0.81096,2.1805,-2.2163,0.37217,-2.1522,-1.7335,-1.788,-8.9937,-2.5308
-0.43307,-2.2389,-1.6692,0.7081,2.1387,-2.1074,0.3482,-2.0965,-1.6978,-1.8906,-9.1436,-2.4443
-0.30328,-2.1549,-1.5608,0.5833,2.1125,-1.9916,0.30445,-2.0526,-1.662,-2.0064,-9.2578,-2.3718
-0.11336,-2.0888,-1.4491,0.45525,2.0854,-1.8723,0.25711,-2.0303,-1.65,-2.1444,-9.3527,-2.3216
0.083826,-2.0437,-1.3397,0.34537,2.0454,-1.7578,0.22544,-2.0316,-1.6735,-2.3071,-9.4416,-2.297
0.24385,-2.0282,-1.2481,0.27287,1.9937,-1.6632,0.22504,-2.0519,-1.7302,-2.4885,-9.5322,-2.2945
0.34464,-2.0533,-1.1963,0.24895,1.946,-1.6078,0.26157,-2.0836,-1.8086,-2.6775,-9.6272,-2.307
0.39049,-2.1264,-1.2071,0.27339,1.9267,-1.6093,0.3284,-2.1194,-1.8938,-2.8634,-9.726,-2.3287
0.40422,-2.2489,-1.2963,0.33583,1.9602,-1.6795,0.40998,-2.1526,-1.9738,-3.0397,-9.8268,-2.3585
0.41094,-2.4178,-1.4671,0.42159,2.0601,-1.8213,0.48938,-2.1751,-2.0439,-3.2043,-9.9285,-2.3985
0.42206,-2.6286,-1.7078,0.5189,2.2229,-2.0289,0.55545,-2.1775,-2.1079,-3.3585,-10.032,-2.4509
0.42938,-2.8778,-1.9937,0.62367,2.4275,-2.2888,0.60581,-2.1532,-2.1763,-3.5065,-10.142,-2.5152
0.41252,-3.1631,-2.2953,0.73978,2.6416,-2.5846,0.64514,-2.1031,-2.2612,-3.6557,-10.26,-2.5894
0.3533,-3.4841,-2.588,0.87573,2.8341,-2.903,0.68161,-2.0377,-2.3709,-3.817,-10.396,-2.672
0.24751,-3.8425,-2.8613,1.0396,2.9887,-3.2387,0.72388,-1.9723,-2.5064,-4.0012,-10.551,-2.7649
0.11007,-4.2398,-3.1193,1.2345,3.1095,-3.5947,0.7791,-1.9214,-2.6634,-4.2143,-10.723,-2.8724
-0.026581,-4.6728,-3.3744,1.4566,3.2156,-3.9751,0.85064,-1.8932,-2.8372,-4.4544,-10.914,-2.9985
-0.12078,-5.1285,-3.6366,1.6954,3.328,-4.378,0.93523,-1.8878,-3.0265,-4.7122,-11.123,-3.1431
-0.13474,-5.5831,-3.9059,1.9365,3.4579,-4.789,1.0216,-1.8983,-3.2346,-4.9743,-11.354,-3.2994
-0.048159,-6.0081,-4.17,2.1659,3.6024,-5.1836,1.0931,-1.9135,-3.4654,-5.2248,-11.611,-3.4556
0.13226,-6.3808,-4.4116,2.3741,3.7492,-5.5362,1.134,-1.92,-3.7195,-5.4453,-11.896,-3.6003
0.37091,-6.6942,-4.617,2.5592,3.8833,-5.833,1.1371,-1.906,-3.9903,-5.6159,-12.209,-3.7268
0.61015,-6.9595,-4.7817,2.7268,3.9917,-6.0789,1.1074,-1.8641,-4.2645,-5.719,-12.542,-3.8339
0.78333,-7.1981,-4.9088,2.8881,4.0627,-6.2927,1.0604,-1.7941,-4.5259,-5.7472,-12.887,-3.9227
0.8308,-7.427,-5.0007,3.0546,4.0847,-6.4922,1.0164,-1.7027,-4.7586,-5.7081,-13.229,-3.9933
0.71568,-7.6465,-5.0515,3.2313,4.0451,-6.6793,0.99383,-1.5999,-4.9491,-5.623,-13.551,-4.0429
0.43582,-7.8342,-5.0442,3.4097,3.9334,-6.8306,1.0052,-1.4934,-5.0855,-5.5171,-13.832,-4.0677
0.027945,-7.9494,-4.9548,3.5654,3.7464,-6.8998,1.0571,-1.3834,-5.1563,-5.4065,-14.05,-4.0646
-0.43871,-7.9419,-4.7641,3.6632,3.4931,-6.8318,1.1524,-1.262,-5.1505,-5.2886,-14.182,-4.0316
-0.87779,-7.7622,-4.4679,3.6678,3.1948,-6.5836,1.2923,-1.1152,-5.0597,-5.14,-14.212,-3.9634
-1.2052,-7.371,-4.0782,3.5547,2.8773,-6.1435,1.4771,-0.92585,-4.8781,-4.9248,-14.124,-3.8459
-1.3583,-6.7523,-3.6146,3.3181,2.5606,-5.5366,1.7081,-0.67528,-4.5997,-4.6091,-13.909,-3.6562
-1.3119,-5.9428,-3.0924,2.9765,2.2506,-4.8171,1.9909,-0.34536,-4.214,-4.174,-13.559,-3.3707
-1.0833,-5.1129,-2.5235,2.5772,1.9305,-4.081,2.3401,0.076698,-3.7036,-3.621,-13.069,-2.9755
-0.72448,-4.7931,-1.9527,2.2028,1.5533,-3.6099,2.7821,0.59341,-3.0456,-2.9676,-12.434,-2.4736
-0.30138,-5.8782,-1.4893,1.9547,1.0365,-4.0851,3.355,1.1964,-2.2148,-2.2345,-11.659,-1.8819
0.12898,-7.1917,-0.95622,1.7174,0.26665,-5.1351,4.107,1.8715,-1.1843,-1.4336,-10.752,-1.222
0.53606,-5.8528,0.86594,0.71504,-0.88395,-4.041,5.0974,2.6062,0.070746,-0.56267,-9.7293,-0.5099
0.92336,-1.5398,5.2335,-1.7391,-2.5244,0.38364,6.3965,3.3928,1.559,0.3892,-8.6082,0.24937
1.3282,5.4481,12.024,-5.5847,-4.6988,7.7276,8.0698,4.2244,3.2551,1.4314,-7.4037,1.0648
1.8187,15.031,20.445,-10.676,-7.3409,17.268,10.148,5.0871,5.1036,2.567,-6.1263,1.9605
2.49,26.961,29.714,-16.902,-10.271,28.166,12.613,5.9545,7.0515,3.7962,-4.7833,2.9796
3.4622,40.505,39.219,-23.98,-13.268,39.608,15.402,6.7892,9.0745,5.1226,-3.3831,4.19
4.8651,54.367,48.53,-31.353,-16.17,50.942,18.373,7.5474,11.165,6.5533,-1.9373,5.6934
6.7648,67.137,57.318,-38.325,-18.949,61.638,21.316,8.1821,13.288,8.0831,-0.46139,7.6262
9.0279,77.884,65.294,-44.335,-21.683,71.178,24.113,8.6475,15.335,9.6683,1.0243,10.122
11.316,86.174,72.204,-49.067,-24.46,79.059,26.986,8.9103,17.126,11.208,2.4924,13.194
13.339,91.997,77.923,-52.449,-27.245,85.031,30.341,8.9635,18.476,12.564,3.9037,16.615
15.031,95.897,82.534,-54.768,-29.847,89.357,33.681,8.8284,19.312,13.616,5.2038,19.978
16.48,98.942,86.335,-56.714,-32.076,92.831,35.09,8.5408,19.73,14.329,6.324,22.96
17.805,102.49,89.761,-59.072,-33.902,96.433,33.45,8.1276,19.932,14.764,7.1919,25.465
19.095,107.24,93.156,-62.099,-35.392,100.55,29.404,7.5872,20.073,15.03,7.7488,27.542
20.379,112.38,96.5,-65.429,-36.586,104.68,23.848,6.8794,20.16,15.194,7.9698,29.269
21.621,117.34,99.597,-68.867,-37.504,108.53,17.307,5.9363,20.06,15.235,7.8744,30.689
22.721,123.56,102.84,-72.946,-38.235,113.18,10.097,4.7017,19.592,15.067,7.5239,31.809
23.545,133.34,108.08,-78.3,-39.0,121.23,2.4512,3.1819,18.641,14.614,7.0049,32.602
23.994,144.12,117.25,-83.932,-40.162,131.87,-5.3607,1.4735,17.227,13.854,6.4041,33.015
24.065,151.39,126.89,-88.001,-42.051,139.6,-12.878,-0.2648,15.5,12.827,5.7837,32.987
23.844,154.77,132.06,-89.939,-44.339,143.09,-19.386,-1.8903,13.667,11.615,5.1657,32.468
23.444,154.57,132.61,-89.901,-45.835,142.86,-23.896,-3.3493,11.891,10.303,4.5269,31.438
22.949,150.8,129.37,-88.037,-45.561,139.08,-25.23,-4.6864,10.23,8.9459,3.8096,29.895
22.4,143.42,122.68,-84.404,-43.254,131.99,-23.005,-6.0003,8.6519,7.5481,2.947,27.812
21.821,132.55,112.75,-79.06,-39.048,121.93,-19.118,-7.394,7.0726,6.0808,1.8939,25.105
21.232,118.73,99.723,-72.182,-33.374,109.24,-16.182,-8.9421,5.4137,4.5004,0.64593,21.7
20.651,103.02,84.072,-64.103,-26.894,94.38,-14.793,-10.672,3.6359,2.7657,-0.7619,17.719
20.024,86.447,67.171,-55.563,-20.303,78.16,-14.171,-12.554,1.7467,0.87924,-2.2735,13.513
19.235,70.351,51.019,-47.527,-14.072,61.985,-13.592,-14.5,-0.22136,-1.0701,-3.8347,9.3688
18.218,55.589,36.726,-40.159,-8.3693,47.086,-12.701,-16.391,-2.2453,-3.015,-5.4065,5.3477
16.851,42.118,24.219,-33.112,-3.4032,33.707,-11.371,-18.116,-4.3384,-5.1166,-6.9647,1.403
14.96,29.458,13.353,-26.072,0.47553,21.504,-9.6029,-19.631,-6.5658,-7.7536,-8.4902,-2.5138
12.495,17.024,4.3732,-18.677,3.0517,10.144,-7.5841,-20.963,-9.0449,-11.318,-9.9589,-6.4552
9.5719,4.4153,-2.6757,-10.551,4.4524,-0.56061,-5.6857,-22.195,-11.924,-16.09,-11.34,-10.483
6.3784,-8.3615,-8.2686,-1.7331,5.2202,-10.682,-4.2234,-23.413,-15.341,-22.204,-12.604,-14.618
3.1186,-20.884,-13.015,7.3399,5.8977,-20.073,-3.2576,-24.679,-19.345,-29.494,-13.731,-18.784
0.0098781,-32.476,-17.309,16.204,6.6754,-28.407,-2.6794,-26.011,-23.817,-37.259,-14.718,-22.839
-2.7081,-42.495,-21.547,24.178,7.54,-35.438,-2.3582,-27.375,-28.46,-44.441,-15.588,-26.655
-4.7734,-50.565,-26.309,30.651,8.433,-41.144,-2.1966,-28.7,-32.933,-50.265,-16.38,-30.176
-5.9639,-56.61,-31.402,35.479,9.3144,-45.634,-2.1319,-29.914,-36.99,-54.592,-17.134,-33.406
-6.256,-60.883,-36.158,38.748,10.175,-49.15,-2.128,-30.973,-40.495,-57.784,-17.88,-36.378
-5.9487,-63.9,-40.276,40.635,11.014,-52.09,-2.1674,-31.883,-43.376,-60.43,-18.618,-39.146
-5.5325,-66.266,-43.793,41.469,11.828,-54.781,-2.2446,-32.676,-45.612,-63.02,-19.321,-41.755
-5.3847,-68.502,-46.846,41.839,12.612,-57.28,-2.3595,-33.367,-47.263,-65.572,-19.937,-44.177
-5.5903,-70.749,-49.579,42.481,13.38,-59.511,-2.5093,-33.924,-48.441,-67.67,-20.412,-46.305
-5.9835,-72.802,-52.14,43.649,14.167,-61.473,-2.6792,-34.259,-49.23,-69.051,-20.709,-48.055
-6.3152,-74.526,-54.692,44.969,15.02,-63.269,-2.8333,-34.22,-49.626,-69.804,-20.828,-49.453
-6.411,-76.017,-57.406,46.162,16.008,-65.073,-2.9127,-33.572,-49.551,-70.107,-20.815,-50.621
-6.2312,-77.568,-60.445,47.288,17.302,-67.172,-2.8576,-31.989,-48.928,-70.077,-20.759,-51.729
-5.851,-79.734,-63.775,48.534,19.483,-70.025,-2.6718,-29.238,-47.768,-69.774,-20.779,-52.967
-5.387,-83.145,-66.106,49.991,23.582,-73.416,-2.8425,-28.033,-46.269,-69.213,-20.999,-54.505
-4.9081,-86.227,-65.412,51.561,26.657,-75.133,-9.2459,-37.674,-45.287,-68.294,-21.505,-56.391
-4.403,-86.72,-63.911,52.904,26.486,-75.0,-13.88,-39.614,-48.604,-66.622,-22.262,-58.216
-3.804,-85.976,-62.296,53.47,25.503,-74.013,-13.373,-40.998,-53.185,-63.473,-22.991,-59.302
-3.0299,-84.931,-61.537,53.452,25.242,-73.213,-12.581,-42.08,-53.353,-61.063,-23.059,-60.339
-2.0189,-84.207,-63.065,53.205,26.95,-73.437,-11.567,-41.473,-53.845,-62.611,-21.684,-61.98
-1.5886,-85.38,-66.883,52.606,30.948,-75.732,-8.3763,-36.833,-52.819,-62.745,-19.014,-60.909
-6.4232,-91.991,-75.27,53.537,37.069,-83.787,-0.90026,-25.27,-47.454,-61.049,-29.805,-55.155
-3.6091,-105.93,-92.233,58.261,45.945,-99.553,12.234,-4.4341,-36.75,-57.424,-31.126,-61.095
-0.39145,-127.89,-117.27,67.257,60.111,-123.43,31.307,27.68,-19.915,-51.728,-31.998,-71.285
2.0482,-157.43,-149.64,80.223,78.01,-155.13,56.661,72.561,4.1684,-43.883,-33.999,-85.707
4.1269,-191.98,-186.92,95.562,98.213,-192.05,89.105,129.98,37.173,-32.938,-37.095,-103.0
7.1973,-225.91,-224.44,110.02,119.1,-228.58,128.05,199.17,82.313,-15.702,-40.21,-119.52
13.459,-250.46,-255.6,118.49,138.5,-256.68,171.65,280.22,144.51,14.274,-40.11,-129.31
25.48,-255.34,-272.9,115.24,153.82,-267.23,217.98,374.33,229.02,66.134,-30.518,-124.65
44.655,-231.3,-268.24,94.703,161.48,-251.9,264.59,478.64,338.96,148.88,0.3261,-97.491
69.889,-171.45,-232.66,53.014,156.3,-203.41,308.31,583.58,472.5,267.58,87.251,-41.304
97.965,-68.6,-157.04,-12.284,131.97,-113.75,344.81,672.5,619.85,419.72,230.18,47.396
124.45,82.9,-33.348,-101.78,82.562,24.149,368.74,723.88,765.28,594.99,392.47,168.16
144.55,282.44,143.39,-212.48,3.9856,212.83,374.62,717.31,891.18,778.51,576.25,316.1
154.51,522.21,371.53,-338.15,-104.75,447.3,357.4,639.87,981.8,954.32,767.62,481.98
152.73,788.98,639.75,-470.89,-239.74,715.01,312.15,489.15,1026.4,1107.3,951.07,653.4
139.67,1064.5,928.42,-601.86,-391.14,997.29,233.46,272.02,1018.5,1222.8,1110.2,816.29
117.24,1325.6,1212.2,-720.62,-544.77,1269.8,116.31,1.2427,951.99,1284.7,1227.3,955.59
87.73,1544.6,1461.6,-814.73,-684.57,1504.2,-40.761,-306.73,818.56,1275.6,1284.0,1055.6
53.131,1693.4,1646.3,-871.06,-794.5,1670.9,-231.94,-631.78,609.85,1179.2,1263.2,1100.8
15.121,1748.7,1741.4,-878.94,-861.27,1746.0,-442.96,-950.29,323.59,985.13,1153.4,1078.9
-24.573,1699.9,1733.9,-834.02,-877.65,1717.5,-653.57,-1237.5,-29.316,695.18,954.05,985.18
-63.863,1553.3,1627.5,-740.85,-844.55,1590.7,-842.36,-1471.8,-422.33,328.87,679.9,826.67
-99.919,1331.9,1441.8,-612.42,-770.4,1386.7,-991.75,-1638.7,-816.74,-76.285,361.11,622.52
-129.2,1068.6,1206.5,-466.92,-668.31,1137.1,-1091.7,-1732.3,-1168.7,-470.91,37.872,400.31
-148.39,798.64,954.62,-323.24,-553.02,875.86,-1141.2,-1754.9,-1437.9,-804.56,-248.55,189.59
-155.74,552.42,715.67,-197.04,-438.29,633.05,-1146.6,-1715.5,-1596.9,-1038.0,-465.6,14.837
-151.85,351.22,511.75,-98.481,-335.14,430.3,-1118.5,-1626.7,-1637.5,-1152.9,-596.35,-109.53
-139.25,206.39,356.11,-31.966,-251.03,279.99,-1067.5,-1503.4,-1572.2,-1155.3,-641.38,-180.46
-121.49,120.51,253.65,2.7781,-189.98,186.03,-1002.0,-1359.7,-1427.4,-1070.3,-615.3,-203.99
-102.1,88.905,202.36,9.5068,-152.82,145.0,-926.31,-1206.6,-1235.2,-931.0,-540.35,-191.37
-83.744,100.41,194.15,-5.2679,-137.13,147.15,-841.15,-1050.8,-1024.8,-768.21,-439.88,-155.6
-68.007,139.58,215.49,-33.489,-137.34,177.81,-745.78,-895.73,-817.96,-605.36,-333.73,-109.17
-55.424,189.98,250.46,-66.241,-146.17,220.54,-640.45,-743.2,-628.62,-457.4,-236.01,-62.448
-45.781,235.43,284.01,-94.894,-156.55,259.85,-528.46,-596.04,-464.45,-332.25,-154.96,-22.616
-38.934,263.75,304.54,-113.38,-162.65,283.97,-416.41,-459.04,-328.67,-232.81,-93.848,6.5495
-33.971,268.74,305.49,-119.21,-160.43,286.82,-312.47,-338.23,-221.19,-158.59,-52.436,24.315
-30.011,250.49,285.94,-112.11,-148.49,268.29,-223.56,-238.62,-139.82,-106.54,-30.765,31.633
-27.196,213.69,248.32,-93.822,-128.54,231.4,-153.2,-161.27,-81.411,-71.892,-24.435,30.345
-25.535,168.81,202.58,-71.923,-105.27,187.06,-100.72,-103.78,-42.145,-48.938,-22.265,26.621
-24.594,125.27,159.69,-50.439,-84.799,144.59,-62.531,-63.103,-14.923,-32.431,-21.085,21.227
-23.459,85.378,120.82,-30.563,-66.719,105.18,-34.275,-33.801,6.5903,-18.865,-19.721,14.385
-20.868,52.7,86.581,-14.94,-49.982,71.005,-12.317,-10.122,25.665,-7.0197,-17.535,3.1928
-17.444,30.313,59.437,-6.1821,-35.996,44.92,5.5354,11.417,42.755,2.3724,-14.367,2.2402
-14.513,18.422,40.261,-3.5243,-24.906,28.206,19.893,32.021,56.97,8.5564,-7.9499,2.574
-12.057,13.914,28.079,-3.0983,-16.652,19.664,30.553,51.273,67.789,11.944,-3.8463,2.3253
-9.9519,12.898,21.085,-3.86,-11.215,16.349,37.691,67.876,75.145,14.166,-1.2383,1.6913
-8.1695,12.544,17.487,-4.1893,-8.1554,15.236,42.181,80.439,80.401,17.0,0.30552,0.94515
-6.6915,10.513,15.657,-2.3397,-6.8601,14.012,45.446,87.628,86.264,20.18,1.2137,0.22355
-5.4829,6.8935,14.361,0.2385,-5.6263,12.086,48.892,90.481,93.619,24.307,1.8299,-0.42661
-4.5027,2.0797,10.859,1.2716,-2.9539,8.5066,53.148,92.44,101.97,29.637,2.3591,-0.97497
-3.7253,-1.3696,5.2865,2.261,-0.32048,2.9931,58.413,96.036,110.36,35.881,2.8791,-1.403
-3.1413,-3.4063,0.89293,3.2228,1.3535,-0.36325,64.593,102.45,118.04,42.135,3.3895,-1.7127
-2.7353,-5.1671,-1.0737,4.0561,2.4557,-2.1935,70.409,110.25,124.78,47.552,3.8669,-1.9205
-2.4714,-6.7005,-2.2938,4.7597,3.3055,-3.5804,75.124,117.73,130.72,52.02,4.308,-2.0429
-2.3042,-8.0299,-3.191,5.3888,3.9833,-4.7025,78.919,124.45,136.03,55.874,4.7488,-2.085
-2.1997,-9.1466,-3.8443,5.9928,4.5142,-5.5812,82.268,130.45,140.82,59.442,5.2572,-2.04
-2.1467,-10.023,-4.3084,6.5855,4.9153,-6.2378,85.539,135.85,145.2,62.956,5.9071,-1.8971
-2.1537,-10.684,-4.6504,7.1579,5.1993,-6.7476,88.892,140.84,149.26,66.585,6.7463,-1.6526
-2.2369,-11.215,-4.9215,7.7067,5.3731,-7.2052,92.285,145.55,153.14,70.422,7.776,-1.3145
-2.409,-11.681,-5.1332,8.232,5.4387,-7.6476,95.553,150.07,156.94,74.427,8.9505,-0.90047
-2.6702,-12.074,-5.2636,8.712,5.3976,-8.0332,98.543,154.49,160.73,78.432,10.199,-0.43233
-3.004,-12.338,-5.2816,9.0998,5.2549,-8.2845,101.25,158.95,164.5,82.259,11.454,0.068498
-3.3769,-12.427,-5.1686,9.3491,5.0222,-8.3436,103.84,163.47,168.19,85.817,12.677,0.58471
-3.7423,-12.331,-4.9293,9.4426,4.7197,-8.2006,106.51,167.84,171.74,89.119,13.858,1.1051
-4.0485,-12.078,-4.5907,9.3977,4.3762,-7.8877,109.31,171.81,175.12,92.237,15.002,1.6251
-4.2517,-11.715,-4.1939,9.2547,4.0258,-7.4589,112.13,175.31,178.36,95.262,16.107,2.1464
-4.3279,-11.29,-3.7837,9.0589,3.7036,-6.9699,114.81,178.41,181.5,98.26,17.156,2.6742
-4.2782,-10.841,-3.4001,8.8469,3.4399,-6.4673,117.26,181.24,184.63,101.25,18.123,3.2136
-4.1253,-10.394,-3.0717,8.6378,3.2557,-5.9841,119.49,183.89,187.81,104.19,18.995,3.766
-3.9018,-9.9538,-2.8109,8.4296,3.1576,-5.5387,121.59,186.43,191.08,106.99,19.777,4.3278
-3.6427,-9.5133,-2.6113,8.2022,3.1335,-5.134,123.68,188.88,194.41,109.56,20.499,4.8939
-3.3859,-9.0525,-2.4476,7.9277,3.1503,-4.7581,125.84,191.29,197.76,111.85,21.215,5.4637
-3.1779,-8.5472,-2.279,7.5853,3.1575,-4.3869,128.07,193.67,201.06,113.89,21.984,6.0476
-3.068,-7.9773,-2.0578,7.1726,3.0992,-3.992,130.28,196.07,204.26,115.75,22.868,6.67
-3.0869,-7.3328,-1.7423,6.7069,2.9321,-3.5493,132.38,198.51,207.36,117.55,23.907,7.364
-3.2283,-6.617,-1.3118,6.214,2.6451,-3.0466,134.31,201.01,210.36,119.4,25.111,8.1616
-3.4498,-5.8425,-0.77075,5.7151,2.2657,-2.484,136.09,203.57,213.28,121.38,26.444,9.0805
-3.687,-5.0237,-0.1382,5.219,1.8448,-1.8659,137.78,206.13,216.15,123.54,27.834,10.115
-3.8739,-4.1682,0.57225,4.7218,1.4288,-1.1906,139.39,208.67,218.98,125.85,29.196,11.238
-3.9609,-3.2729,1.3711,4.213,1.0369,-0.44093,140.96,211.18,221.77,128.27,30.471,12.411
-3.934,-2.3244,2.3013,3.6835,0.65678,0.41788,142.5,213.69,224.54,130.8,31.656,13.613
-3.8307,-1.3022,3.4305,3.1307,0.24982,1.4336,144.06,216.27,227.35,133.44,32.797,14.858
-3.7353,-0.18574,4.8324,2.5583,-0.2376,2.6574,145.67,218.98,230.3,136.25,33.97,16.203
-3.7429,1.0396,6.5791,1.9746,-0.86075,4.1387,147.36,221.86,233.46,139.24,35.243,17.721
-3.9153,2.3827,8.7562,1.3892,-1.662,5.9318,149.12,224.92,236.9,142.39,36.664,19.466
-4.2556,3.8561,11.48,0.81084,-2.6615,8.1131,150.9,228.13,240.61,145.62,38.256,21.43
-4.7073,5.4903,14.876,0.24381,-3.8572,10.788,152.66,231.45,244.52,148.9,40.026,23.528
-5.173,7.343,18.98,-0.31334,-5.2323,14.053,154.38,234.8,248.56,152.18,41.957,25.624
-5.5513,9.4975,23.601,-0.86635,-6.7643,17.894,156.08,238.15,252.67,155.45,44.011,27.598
-5.7777,12.05,28.335,-1.4225,-8.4268,22.094,157.79,241.47,256.81,158.74,46.125,29.382
-5.8469,15.081,32.8,-1.9904,-10.19,26.305,159.51,244.75,260.97,162.11,48.228,30.969
-5.802,18.628,36.861,-2.5824,-12.027,30.25,161.17,248.0,265.11,165.6,50.262,32.388
-5.7111,22.637,40.591,-3.2192,-13.92,33.843,162.74,251.22,269.22,169.22,52.192,33.68
-5.6494,26.946,44.12,-3.9357,-15.851,37.139,164.19,254.38,273.26,172.95,54.004,34.882
-5.6699,31.303,47.529,-4.7882,-17.77,40.232,165.54,257.45,277.18,176.73,55.693,36.016
-5.7653,35.45,50.802,-5.8623,-19.584,43.201,166.8,260.41,280.94,180.48,57.254,37.09
-5.8642,39.228,53.874,-7.2695,-21.207,46.105,167.97,263.3,284.53,184.13,58.687,38.104
-5.8737,42.622,56.694,-9.114,-22.603,48.986,169.06,266.18,287.99,187.63,59.999,39.065
-5.7319,45.73,59.264,-11.42,-23.792,51.878,170.09,269.12,291.38,190.97,61.211,39.989
-5.4285,48.688,61.645,-14.065,-24.838,54.815,171.1,272.15,294.83,194.17,62.36,40.902
-4.9869,51.625,63.923,-16.82,-25.828,57.83,172.14,275.28,298.43,197.27,63.489,41.834
-4.4386,54.634,66.185,-19.483,-26.841,60.95,173.25,278.48,302.27,200.31,64.637,42.811
-3.8151,57.771,68.489,-21.962,-27.904,64.177,174.44,281.75,306.39,203.29,65.838,43.85
-3.1529,61.05,70.863,-24.26,-28.99,67.478,175.69,285.05,310.75,206.22,67.122,44.968
-2.4946,64.439,73.305,-26.407,-30.046,70.775,176.99,288.38,315.24,209.08,68.522,46.184
-1.8835,67.871,75.799,-28.428,-31.039,73.969,178.33,291.74,319.8,211.92,70.066,47.517
-1.3576,71.257,78.319,-30.327,-31.976,76.976,179.74,295.18,324.4,214.79,71.769,48.982
-0.94559,74.519,80.843,-32.105,-32.887,79.768,181.24,298.75,329.03,217.75,73.62,50.586
-0.6634,77.617,83.373,-33.776,-33.806,82.378,182.86,302.51,333.73,220.9,75.589,52.32
-0.51184,80.562,85.931,-35.375,-34.769,84.881,184.62,306.49,338.55,224.28,77.637,54.165
-0.4773,83.394,88.533,-36.945,-35.803,87.367,186.53,310.7,343.49,227.92,79.737,56.1
-0.53595,86.165,91.171,-38.521,-36.928,89.911,188.56,315.1,348.55,231.82,81.888,58.102
-0.65771,88.92,93.805,-40.12,-38.148,92.551,190.69,319.56,353.66,235.94,84.114,60.154
-0.80928,91.69,96.387,-41.736,-39.445,95.289,192.89,323.95,358.75,240.22,86.445,62.241
-0.95788,94.496,98.881,-43.356,-40.778,98.081,195.16,328.15,363.73,244.62,88.906,64.345
-1.0767,97.345,101.28,-44.964,-42.099,100.86,197.49,332.11,368.57,249.06,91.504,66.451
-1.1498,100.23,103.62,-46.551,-43.368,103.57,199.83,335.82,373.27,253.5,94.225,68.553
-1.174,103.13,105.93,-48.109,-44.57,106.21,202.16,339.38,377.91,257.9,97.05,70.658
-1.1549,106.01,108.27,-49.636,-45.729,108.79,204.47,342.87,382.54,262.26,99.967,72.799
-1.1007,108.88,110.73,-51.135,-46.897,111.38,206.78,346.39,387.2,266.62,102.99,75.028
-1.0152,111.71,113.36,-52.614,-48.139,114.03,209.1,350.05,391.89,271.05,106.14,77.407
-0.89617,114.54,116.24,-54.091,-49.517,116.77,211.42,353.91,396.57,275.6,109.44,79.989
-0.73682,117.39,119.37,-55.589,-51.048,119.63,213.71,358.06,401.22,280.31,112.93,82.806
-0.53219,120.32,122.74,-57.123,-52.684,122.58,215.96,362.53,405.89,285.15,116.58,85.856
-0.28665,123.42,126.28,-58.69,-54.338,125.61,218.17,367.34,410.7,290.07,120.37,89.095
-0.018825,126.81,129.96,-60.272,-55.95,128.75,220.38,372.47,415.81,295.02,124.23,92.437
0.2396,130.59,133.74,-61.861,-57.521,132.05,222.65,377.86,421.35,300.0,128.11,95.783
0.45148,134.78,137.64,-63.497,-59.114,135.62,224.97,383.35,427.37,305.05,131.95,99.071
0.58511,139.3,141.66,-65.278,-60.808,139.56,227.32,388.77,433.7,310.21,135.72,102.31
0.62441,143.96,145.82,-67.315,-62.667,143.91,229.66,393.94,440.11,315.48,139.43,105.58
0.57628,148.61,150.13,-69.665,-64.721,148.62,231.94,398.82,446.31,320.84,143.11,108.97
0.4733,153.14,154.58,-72.302,-66.965,153.57,234.17,403.45,452.18,326.27,146.79,112.6
0.3679,157.58,159.1,-75.165,-69.355,158.59,236.4,407.97,457.73,331.82,150.5,116.55
0.31586,162.03,163.65,-78.207,-71.805,163.51,238.67,412.52,463.08,337.57,154.26,120.81
0.35612,166.61,168.15,-81.382,-74.209,168.21,241.07,417.28,468.41,343.62,158.09,125.31
0.49812,171.4,172.6,-84.62,-76.496,172.71,243.57,422.39,473.86,349.99,162.05,129.84
0.7226,176.4,177.05,-87.837,-78.655,177.12,246.06,427.91,479.57,356.54,166.19,134.25
0.99413,181.55,181.58,-90.976,-80.726,181.62,248.4,433.81,485.54,362.97,170.57,138.46
1.2788,186.78,186.28,-94.023,-82.761,186.39,250.46,439.98,491.73,369.05,175.21,142.55
1.561,192.07,191.2,-97.003,-84.798,191.54,252.29,446.23,497.98,374.72,180.1,146.64
1.8548,197.44,196.36,-99.979,-86.84,197.1,254.03,452.41,504.19,380.13,185.18,150.84
2.2056,203.02,201.72,-103.03,-88.855,203.04,255.86,458.45,510.32,385.51,190.41,155.17
2.6819,208.96,207.24,-106.26,-90.806,209.32,257.85,464.4,516.44,391.04,195.79,159.62
3.3613,215.43,212.78,-109.71,-92.68,215.92,259.97,470.34,522.71,396.84,201.33,164.24
4.3079,222.54,218.21,-113.44,-94.506,222.76,262.13,476.34,529.26,402.94,207.07,169.07
5.5403,230.22,223.42,-117.42,-96.356,229.7,264.31,482.43,536.18,409.35,213.02,174.17
7.0016,238.26,228.43,-121.61,-98.312,236.53,266.49,488.52,543.44,416.03,219.2,179.53
8.571,246.32,233.32,-125.89,-100.44,243.06,268.62,494.5,550.87,422.94,225.61,185.06
10.126,254.06,238.25,-130.18,-102.73,249.15,270.61,500.24,558.24,430.06,232.2,190.72
11.606,261.34,243.38,-134.44,-105.11,254.82,272.36,505.69,565.38,437.4,238.94,196.46
13.025,268.18,248.95,-138.71,-107.5,260.24,273.8,510.84,572.21,444.97,245.76,202.28
14.434,274.77,255.13,-143.06,-109.88,265.79,274.98,515.78,578.81,452.8,252.6,208.19
15.859,281.37,261.97,-147.51,-112.37,271.88,275.99,520.57,585.36,460.87,259.43,214.19
17.26,288.18,269.37,-152.02,-115.2,278.78,277.0,525.29,592.07,469.18,266.28,220.3
18.538,295.38,277.2,-156.49,-118.57,286.47,278.11,529.96,599.1,477.66,273.21,226.5
19.596,303.27,285.39,-160.9,-122.59,294.92,279.31,534.61,606.46,486.2,280.27,232.79
20.392,312.13,293.91,-165.3,-127.23,304.02,280.51,539.28,614.03,494.73,287.52,239.24
20.953,322.01,302.74,-169.87,-132.24,313.58,281.57,543.99,621.59,503.16,294.97,245.95
21.36,332.65,311.87,-174.8,-137.28,323.46,282.44,548.68,628.91,511.45,302.62,253.13
21.716,343.68,321.36,-180.19,-142.05,333.58,283.11,553.22,635.84,519.56,310.47,260.96
22.118,354.8,331.28,-186.01,-146.38,343.9,283.61,557.53,642.32,527.54,318.49,269.45
22.634,365.87,341.53,-192.12,-150.3,354.35,283.95,561.59,648.43,535.48,326.64,278.34
23.283,376.93,351.86,-198.34,-153.93,364.84,284.09,565.45,654.27,543.53,334.83,287.11
24.038,388.05,361.97,-204.55,-157.49,375.34,283.9,569.19,659.96,551.83,342.94,295.28
24.837,399.19,371.72,-210.67,-161.2,385.86,283.16,572.82,665.53,560.4,350.89,302.64
25.607,410.12,381.04,-216.54,-165.31,396.4,281.77,576.27,670.9,569.11,358.6,309.36
26.287,420.52,389.94,-222.08,-169.97,406.81,279.85,579.36,675.86,577.68,366.1,315.8
26.856,430.14,398.64,-227.36,-175.09,416.81,277.65,581.93,680.21,585.86,373.4,322.36
27.358,438.96,407.54,-232.48,-180.18,426.17,275.31,583.81,683.84,593.45,380.54,329.29
27.878,447.22,416.82,-237.56,-184.77,434.86,272.66,584.85,686.75,600.37,387.56,336.62
28.495,455.32,425.96,-242.66,-188.64,443.01,269.48,584.76,689.03,606.62,394.52,344.17
29.223,463.54,433.9,-247.79,-191.86,450.76,265.6,583.19,690.75,612.26,401.41,351.63
29.987,471.95,440.31,-252.83,-194.68,458.3,260.98,579.95,691.99,617.4,408.18,358.76
30.659,480.51,445.93,-257.66,-197.45,465.9,255.61,575.31,692.81,622.18,414.7,365.42
31.113,489.1,451.76,-262.17,-200.45,473.72,249.47,569.75,693.24,626.68,420.85,371.56
31.277,497.57,458.3,-266.34,-203.82,481.5,242.67,563.62,693.33,630.9,426.57,377.13
31.148,505.66,465.42,-270.23,-207.59,488.74,235.43,556.99,693.1,634.81,431.87,382.08
30.785,513.03,472.78,-273.83,-211.66,495.07,228.06,549.59,692.54,638.35,436.75,386.41
30.274,519.33,480.21,-277.1,-215.73,500.37,220.69,541.0,691.54,641.53,441.21,390.19
29.689,524.26,487.27,-279.91,-219.34,504.55,213.09,530.86,689.94,644.39,445.28,393.51
29.064,527.62,492.8,-282.06,-222.15,507.51,204.8,519.08,687.47,646.97,449.06,396.51
28.38,529.27,495.92,-283.33,-224.1,509.19,195.52,505.77,683.79,649.21,452.64,399.21
27.577,529.23,496.84,-283.5,-225.27,509.75,185.39,491.13,678.76,650.86,455.98,401.49
26.586,527.58,496.04,-282.42,-225.8,509.4,174.8,475.41,672.61,651.55,458.68,403.05
25.365,524.31,493.88,-280.05,-225.77,508.05,163.9,459.04,665.78,650.96,460.0,403.55
23.937,519.2,490.33,-276.46,-225.18,505.07,152.66,442.51,658.44,648.84,459.27,402.8
22.376,511.96,485.05,-271.73,-223.91,499.53,141.13,426.12,650.43,645.04,456.23,400.77
20.751,502.43,477.48,-265.77,-221.78,490.81,129.58,409.95,641.44,639.48,451.05,397.39
19.181,490.73,467.09,-258.13,-218.61,479.07,118.47,393.91,631.09,632.04,443.87,392.36
17.822,477.26,454.52,-249.76,-214.37,465.14,108.22,377.72,619.01,622.55,434.15,384.75
16.564,462.51,441.59,-241.68,-209.12,450.04,99.031,360.71,604.92,610.77,421.53,374.14
15.023,446.93,428.98,-232.69,-203.07,434.66,90.923,343.86,588.72,595.96,407.78,362.52
12.808,430.74,415.65,-222.34,-196.65,419.58,83.887,328.36,570.5,577.79,393.91,349.61
9.6876,413.87,401.01,-210.77,-190.47,404.92,77.817,312.64,550.51,559.38,378.34,334.65
5.6879,395.95,385.72,-198.18,-184.94,390.38,72.579,296.03,528.82,539.25,360.28,318.12
1.1158,377.07,370.66,-184.82,-180.04,375.5,67.995,278.78,504.69,517.43,340.24,300.8
-3.5516,357.2,356.21,-171.11,-175.32,359.8,63.617,261.23,480.84,494.38,318.88,283.38
-7.8389,336.1,341.94,-157.56,-170.08,342.97,59.007,243.69,457.98,470.39,296.61,266.32
-11.378,314.0,327.19,-144.84,-163.6,325.01,54.079,226.34,434.62,445.53,273.73,249.76
-13.945,291.39,311.64,-133.34,-155.81,305.46,49.037,209.33,410.59,419.75,250.54,233.35
-15.487,268.92,295.18,-122.88,-147.37,284.47,44.318,192.77,385.91,393.09,227.39,216.81
-16.155,247.24,277.59,-113.07,-138.86,262.77,40.454,177.02,360.69,365.56,204.93,200.23
-16.283,226.8,258.68,-103.5,-130.44,241.21,37.705,162.35,335.08,338.2,183.48,183.61
-16.254,207.83,238.66,-93.966,-122.15,220.52,35.916,148.78,309.37,311.41,163.17,167.19
-16.307,190.47,218.38,-84.498,-114.07,201.2,34.731,136.32,283.89,285.83,144.11,151.41
-16.486,174.38,198.5,-75.193,-106.32,183.55,33.792,124.9,259.13,262.12,126.2,136.69
-16.762,158.75,179.55,-66.109,-98.85,167.72,32.814,114.35,236.19,240.53,109.2,123.21
-17.108,143.04,162.05,-57.358,-91.369,153.62,31.597,104.48,215.13,220.87,92.818,110.82
-17.493,127.44,146.36,-49.101,-83.484,140.6,30.063,95.138,195.96,202.57,76.817,99.151
-17.857,112.47,132.99,-41.417,-75.131,127.55,28.278,86.216,178.46,185.03,61.122,87.795
-18.128,98.503,122.01,-34.136,-66.731,113.82,26.387,77.652,162.31,167.82,45.934,76.509
-18.262,85.678,112.15,-27.464,-58.975,99.878,24.524,69.435,147.16,150.82,31.739,65.459
-18.262,73.899,101.61,-21.708,-52.485,86.983,22.793,61.614,132.72,134.26,19.171,55.111
-18.151,63.02,90.156,-16.81,-47.54,75.549,21.26,54.26,118.9,118.55,8.7804,45.858
-17.921,53.099,79.093,-12.535,-43.933,65.284,19.893,47.413,105.86,104.07,0.6773,37.803
-17.541,44.318,69.473,-8.7878,-41.064,56.084,18.577,41.057,93.85,91.026,-5.7347,30.808
-16.987,36.627,61.318,-5.6354,-38.203,47.787,17.192,35.14,83.023,79.42,-11.294,24.67
-16.286,29.801,53.914,-3.0852,-34.812,40.372,15.699,29.57,73.381,69.167,-16.392,19.243
-15.508,23.65,46.866,-1.3249,-30.79,33.936,14.174,24.097,64.873,60.142,-21.023,14.276
-14.728,18.04,40.243,-0.1984,-26.335,28.349,12.769,18.465,57.454,52.215,-25.1,9.3124
-14.002,12.816,34.06,0.72454,-21.7,23.237,11.609,13.454,51.02,45.258,-28.593,4.3243
-13.346,8.0706,28.104,1.6316,-17.099,18.243,10.74,10.169,45.341,39.193,-31.53,0.18242
-12.738,4.273,22.066,2.5523,-12.726,13.161,10.125,8.313,40.261,33.918,-33.962,-2.6654
-12.133,1.4708,15.811,3.4596,-8.8929,8.3076,9.6906,7.2187,35.556,29.207,-35.927,-4.7074
-11.48,-0.64673,9.9601,4.3126,-5.9071,4.4641,9.3535,6.5187,30.772,24.879,-37.44,-6.4607
-10.739,-2.3328,5.5391,5.0786,-3.7484,1.8169,9.0498,6.0403,25.863,20.765,-38.508,-8.2023
-9.899,-3.7272,2.6739,5.7406,-2.1722,0.0011418,8.7552,5.6929,21.351,16.633,-39.133,-10.068
-8.996,-4.9023,0.84567,6.2966,-0.97624,-1.3145,8.4857,5.4259,17.639,12.749,-39.322,-12.092
-8.1164,-5.8988,-0.37952,6.7565,-0.064596,-2.3134,8.2745,5.2146,14.739,9.6681,-39.088,-14.195
-7.3678,-6.7422,-1.2254,7.1357,0.59865,-3.0915,8.1452,5.0514,12.49,7.4443,-38.455,-16.213
-6.8154,-7.4464,-1.7964,7.4448,1.0359,-3.7007,8.0947,4.9364,10.731,5.8315,-37.468,-17.987
-6.4384,-8.0144,-2.1554,7.6809,1.2828,-4.172,8.0906,4.8669,9.3402,4.618,-36.204,-19.444
-6.1416,-8.4456,-2.3643,7.8275,1.4001,-4.5329,8.0784,4.8306,8.2296,3.669,-34.761,-20.611
-5.8053,-8.7452,-2.4952,7.8651,1.4707,-4.8159,8.0006,4.8066,7.3275,2.8928,-33.242,-21.566
-5.3419,-8.9263,-2.618,7.7864,1.5774,-5.0538,7.8233,4.7728,6.5768,2.2195,-31.737,-22.394
-4.7341,-9.0075,-2.7788,7.606,1.7725,-5.2662,7.5548,4.7155,5.9374,1.5981,-30.299,-23.141
-4.0306,-9.0067,-2.9852,7.3574,2.0607,-5.4495,7.2418,4.6337,5.3879,1.001,-28.947,-23.803
-3.3112,-8.9379,-3.2124,7.0777,2.4043,-5.5835,6.9464,4.5379,4.9231,0.42612,-27.672,-24.339
-2.6524,-8.8126,-3.4258,6.7924,2.7482,-5.6524,6.7209,4.4423,4.5461,-0.10984,-26.453,-24.696
-2.1086,-8.6462,-3.6071,6.5094,3.0486,-5.6645,6.5902,4.3567,4.2596,-0.58514,-25.273,-24.846
-1.7022,-8.4644,-3.7663,6.2251,3.2909,-5.6581,6.5415,4.2815,4.0586,-0.98729,-24.13,-24.804
-1.4265,-8.3043,-3.9347,5.9372,3.4887,-5.6878,6.5258,4.208,3.929,-1.3202,-23.033,-24.628
-1.2591,-8.2052,-4.1475,5.6534,3.6709,-5.8025,6.4799,4.1238,3.8526,-1.6011,-22.001,-24.392
-1.1717,-8.1951,-4.4275,5.3908,3.8657,-6.0287,6.362,4.0207,3.8144,-1.8502,-21.051,-24.158
-1.1307,-8.2811,-4.7765,5.1689,4.0896,-6.3632,6.1767,3.9018,3.8066,-2.0797,-20.194,-23.947
-1.096,-8.4495,-5.1764,5.0024,4.3453,-6.7789,5.9704,3.7842,3.8287,-2.289,-19.429,-23.737
-1.0226,-8.6762,-5.5972,4.8988,4.6268,-7.2356,5.8013,3.6935,3.883,-2.4667,-18.744,-23.48
-0.86643,-8.9359,-6.0108,4.8588,4.9266,-7.6916,5.7115,3.6547,3.9692,-2.5978,-18.125,-23.127
-0.59779,-9.2067,-6.4018,4.8748,5.2391,-8.1125,5.7123,3.6804,4.0794,-2.6728,-17.561,-22.659
-0.21859,-9.4695,-6.7677,4.9289,5.5612,-8.4756,5.7833,3.7656,4.1978,-2.6941,-17.05,-22.099
0.2317,-9.7071,-7.1127,4.9957,5.8885,-8.7722,5.8835,3.8889,4.3059,-2.6764,-16.6,-21.504
0.68714,-9.9049,-7.4371,5.05,6.2082,-9.0054,5.9677,4.0226,4.3908,-2.6399,-16.218,-20.947
1.0728,-10.053,-7.7306,5.0758,6.494,-9.1833,6.0052,4.1437,4.4525,-2.6008,-15.902,-20.486
1.3214,-10.147,-7.9722,5.0683,6.712,-9.311,5.9915,4.2417,4.5035,-2.5656,-15.636,-20.142
1.3901,-10.181,-8.1403,5.0283,6.8345,-9.3872,5.9445,4.3186,4.5619,-2.5323,-15.388,-19.892
1.2745,-10.152,-8.2236,4.9551,6.8541,-9.4062,5.8901,4.3837,4.6414,-2.4964,-15.124,-19.686
1.0141,-10.055,-8.2269,4.8449,6.7863,-9.3651,5.8445,4.447,4.7437,-2.4575,-14.821,-19.465
0.68406,-9.8962,-8.168,4.6946,6.6628,-9.2685,5.8038,4.5139,4.8591,-2.4223,-14.467,-19.194
0.37543,-9.6872,-8.0704,4.5063,6.5196,-9.1289,5.7451,4.5855,4.971,-2.4017,-14.069,-18.869
0.17318,-9.4462,-7.9547,4.2854,6.3888,-8.9616,5.6381,4.6595,5.0647,-2.4057,-13.642,-18.513
0.13975,-9.1868,-7.8324,4.039,6.2938,-8.7758,5.4622,4.7335,5.1324,-2.4375,-13.202,-18.158
0.30688,-8.9127,-7.704,3.7746,6.2445,-8.5693,5.2176,4.8058,5.1751,-2.4908,-12.763,-17.828
0.66898,-8.6193,-7.5619,3.4989,6.2372,-8.3305,4.9228,4.8749,5.1991,-2.5513,-12.328,-17.523
1.1815,-8.3012,-7.4005,3.2182,6.2609,-8.0503,4.6031,4.9394,5.211,-2.6006,-11.899,-17.22
1.7703,-7.9592,-7.2293,2.9368,6.308,-7.7343,4.278,4.9964,5.2144,-2.6228,-11.471,-16.881
2.352,-7.6015,-7.073,2.6578,6.3798,-7.4053,3.9571,5.0423,5.2104,-2.6098,-11.037,-16.473
2.8543,-7.2405,-6.956,2.3846,6.4793,-7.0926,3.6419,5.074,5.1996,-2.5628,-10.589,-15.988
3.2286,-6.8871,-6.8834,2.123,6.5972,-6.8159,3.3314,5.0903,5.1844,-2.4898,-10.113,-15.442
3.4513,-6.5473,-6.8356,1.883,6.7068,-6.5778,3.0261,5.0928,5.1691,-2.3996,-9.5934,-14.874
3.5172,-6.2235,-6.7769,1.677,6.7701,-6.3656,2.7301,5.0862,5.159,-2.2951,-9.0152,-14.32
3.4377,-5.918,-6.6723,1.5152,6.7536,-6.1615,2.4498,5.0763,5.1603,-2.1705,-8.3674,-13.807
3.2473,-5.6356,-6.5066,1.3991,6.6478,-5.9534,2.1902,5.0689,5.1788,-2.0149,-7.6481,-13.336
3.0087,-5.384,-6.2932,1.3204,6.4776,-5.7421,1.9523,5.0683,5.2169,-1.8197,-6.8681,-12.888
2.8001,-5.1698,-6.0671,1.2632,6.293,-5.5384,1.732,5.0766,5.2689,-1.5859,-6.049,-12.43
2.6819,-4.9941,-5.8631,1.2107,6.1424,-5.3538,1.5227,5.0933,5.3192,-1.324,-5.2174,-11.936
2.6689,-4.8486,-5.696,1.1507,6.0458,-5.19,1.3196,5.1146,5.3457,-1.0495,-4.3949,-11.402
2.7307,-4.7157,-5.5519,1.079,5.9854,-5.034,1.1228,5.1336,5.3281,-0.77608,-3.5924,-10.844
2.8162,-4.5724,-5.3984,0.99778,5.9186,-4.8633,0.93689,5.1411,5.2553,-0.51239,-2.8103,-10.3
2.8782,-4.396,-5.2054,0.91148,5.8045,-4.6573,0.76745,5.1278,5.1304,-0.26189,-2.0461,-9.8032
2.8875,-4.171,-4.9623,0.82084,5.6263,-4.4083,0.61684,5.0853,4.9693,-0.024417,-1.3029,-9.3725
2.8427,-3.8932,-4.6838,0.72196,5.3984,-4.1252,0.48197,5.0076,4.7949,0.20178,-0.59306,-9.004
2.7716,-3.57,-4.4022,0.609,5.1575,-3.8281,0.35476,4.8917,4.6289,0.41859,0.066653,-8.6776
2.7195,-3.217,-4.1523,0.47772,4.9464,-3.5393,0.22511,4.7394,4.487,0.628,0.66432,-8.371
2.7308,-2.8529,-3.9575,0.32743,4.7964,-3.2736,0.085505,4.5577,4.3763,0.83354,1.2028,-8.073
2.8304,-2.4942,-3.8195,0.16122,4.7155,-3.034,-0.064567,4.3595,4.2973,1.0411,1.7052,-7.7887
3.0168,-2.1533,-3.7176,-0.0136,4.6852,-2.8119,-0.21663,4.1616,4.246,1.2577,2.2115,-7.5336
3.2659,-1.8372,-3.6154,-0.18789,4.6675,-2.5906,-0.35562,3.9797,4.2164,1.4874,2.7659,-7.3193
3.5372,-1.5468,-3.4724,-0.35306,4.6186,-2.3516,-0.46634,3.822,4.2016,1.7282,3.3979,-7.1414
3.7753,-1.2782,-3.2576,-0.50194,4.5041,-2.0825,-0.54071,3.6842,4.1942,1.9704,4.1043,-6.9772
3.9163,-1.0274,-2.9608,-0.6283,4.3075,-1.7847,-0.58195,3.5512,4.1865,2.1979,4.8434,-6.7943
3.9035,-0.79521,-2.5967,-0.72602,4.032,-1.4758,-0.60375,3.4047,4.1702,2.3935,5.547,-6.5648
3.7048,-0.58795,-2.1998,-0.789,3.6955,-1.1846,-0.62519,3.2326,4.1359,2.545,6.1462,-6.2774
3.3198,-0.41295,-1.8098,-0.8124,3.3239,-0.939,-0.66413,3.0348,4.0721,2.6513,6.5979,-5.9408
2.7791,-0.27233,-1.4571,-0.795,2.9424,-0.75389,-0.73143,2.8226,3.9683,2.7222,6.8993,-5.5777
2.1395,-0.16055,-1.1558,-0.74133,2.5694,-0.62552,-0.82793,2.6137,3.8188,2.7714,7.0848,-5.2134
1.4793,-0.068041,-0.90757,-0.6625,2.2185,-0.53688,-0.94502,2.4257,3.6275,2.808,7.2094,-4.863
0.88716,0.012391,-0.71123,-0.5756,1.9059,-0.46975,-1.0691,2.2707,3.409,2.8303,7.3291,-4.5275
0.44676,0.081435,-0.57225,-0.50085,1.6576,-0.41561,-1.1874,2.1525,3.184,2.8271,7.4868,-4.1962
0.22181,0.13343,-0.5033,-0.45731,1.5037,-0.37897,-1.2926,2.0674,2.9718,2.7844,7.7049,-3.8569
0.24443,0.15933,-0.51748,-0.45709,1.4671,-0.37317,-1.3819,2.0065,2.7822,2.6945,7.9884,-3.5034
0.50561,0.15006,-0.6201,-0.50137,1.5509,-0.41292,-1.4543,1.9589,2.6134,2.5618,8.3295,-3.1408
0.95281,0.097943,-0.80332,-0.57989,1.7359,-0.50734,-1.5067,1.9145,2.456,2.4036,8.7142,-2.7833
1.5004,-0.0019449,-1.0451,-0.67254,1.9838,-0.65531,-1.5338,1.8664,2.2993,2.2446,9.1302,-2.4446
2.0501,-0.14868,-1.3129,-0.75603,2.2468,-0.84441,-1.5301,1.812,2.1366,2.1085,9.5717,-2.1299
2.5145,-0.33265,-1.5711,-0.81106,2.4796,-1.0539,-1.4926,1.7529,1.9656,2.0086,10.039,-1.8316
2.8339,-0.53539,-1.7904,-0.82792,2.6497,-1.2605,-1.4225,1.6915,1.788,1.9434,10.53,-1.5284
2.9834,-0.73509,-1.9544,-0.80654,2.7426,-1.4459,-1.325,1.6278,1.6062,1.8997,11.024,-1.1944
2.9681,-0.91532,-2.0625,-0.7512,2.762,-1.6022,-1.2095,1.5567,1.4215,1.8604,11.484,-0.81314
2.8118,-1.0715,-2.1277,-0.66478,2.7239,-1.7331,-1.0882,1.4705,1.2336,1.8153,11.862,-0.38763
2.5452,-1.211,-2.167,-0.54594,2.6467,-1.8492,-0.9728,1.3658,1.0423,1.7675,12.128,0.059506
2.2011,-1.3452,-2.1905,-0.39132,2.5419,-1.9585,-0.87194,1.248,0.85038,1.7327,12.288,0.49677
1.8135,-1.4788,-2.1948,-0.20073,2.4104,-2.0581,-0.78977,1.1298,0.66327,1.731,12.391,0.89846
1.4155,-1.6047,-2.1662,0.018473,2.2473,-2.1338,-0.72857,1.024,0.48912,1.7766,12.507,1.254
1.0347,-1.7063,-2.0896,0.25062,2.0513,-2.1659,-0.68922,0.93632,0.33444,1.8694,12.699,1.5691
0.6902,-1.7653,-1.9569,0.47518,1.8277,-2.1379,-0.67239,0.86261,0.19956,1.9953,13.001,1.8589
0.39299,-1.7701,-1.7703,0.67195,1.5869,-2.0433,-0.67764,0.79258,0.076674,2.1314,13.4,2.1363
0.1449,-1.7188,-1.5391,0.82631,1.3379,-1.8868,-0.70185,0.71587,-0.047945,2.2555,13.853,2.4046
-0.06118,-1.6181,-1.2747,0.93141,1.0846,-1.682,-0.73838,0.62661,-0.18895,2.3529,14.297,2.657
-0.23769,-1.4786,-0.98636,0.98724,0.82535,-1.4453,-0.77807,0.52407,-0.35708,2.4177,14.674,2.882
-0.39677,-1.3101,-0.67944,0.99885,0.55546,-1.1904,-0.81201,0.41169,-0.55664,2.4489,14.949,3.0714
-0.54576,-1.1188,-0.35548,0.97326,0.271,-0.92431,-0.83436,0.2951,-0.78488,2.4452,15.112,3.2241
-0.6852,-0.9056,-0.014088,0.91747,-0.028463,-0.64621,-0.8434,0.18318,-1.036,2.4025,15.176,3.3471
-0.80901,-0.66766,0.34312,0.8377,-0.33894,-0.35139,-0.84066,0.087904,-1.3041,2.3159,15.173,3.4518
-0.90716,-0.40466,0.70745,0.73856,-0.65167,-0.039617,-0.82801,0.021432,-1.5859,2.1843,15.134,3.547
-0.97089,-0.12587,1.0606,0.62575,-0.95397,0.27768,-0.8067,-0.0086064,-1.8809,2.013,15.079,3.6361
-0.9991,0.1473,1.3778,0.50849,-1.2324,0.57708,-0.77617,-0.0030392,-2.1878,1.8132,15.014,3.7182
-1.0033,0.38691,1.6367,0.40093,-1.4785,0.83149,-0.73514,0.028452,-2.5016,1.5973,14.931,3.7911
-1.0083,0.57023,1.8286,0.31972,-1.6954,1.0226,-0.68479,0.071098,-2.811,1.3751,14.826,3.8548
-1.0472,0.68959,1.9648,0.27908,-1.9011,1.1498,-0.62975,0.11056,-3.0994,1.1523,14.705,3.9152
-1.1517,0.75425,2.0729,0.28712,-2.1235,1.2297,-0.57763,0.13836,-3.3502,0.93185,14.581,3.9842
-1.3419,0.78281,2.1849,0.34455,-2.3902,1.2868,-0.53714,0.15222,-3.5543,0.71665,14.47,4.0753
-1.6203,0.79072,2.3233,0.44657,-2.7183,1.3401,-0.51592,0.15452,-3.7158,0.50987,14.375,4.198
-1.9745,0.78094,2.4944,0.58661,-3.113,1.3958,-0.51922,0.14968,-3.8487,0.31428,14.281,4.3516
-2.3873,0.74388,2.6905,0.75958,-3.5745,1.447,-0.54733,0.14144,-3.9721,0.13094,14.163,4.525
-2.8496,0.66615,2.9,0.96254,-4.1066,1.4821,-0.59751,0.13273,-4.1007,-0.039667,13.995,4.7004
-3.3667,0.54239,3.1168,1.1926,-4.7207,1.4951,-0.66559,0.1233,-4.2389,-0.19556,13.764,4.8617
-3.954,0.38252,3.346,1.4443,-5.4308,1.4921,-0.74729,0.10844,-4.3827,-0.33285,13.474,5.0012
-4.6191,0.20993,3.6017,1.7082,-6.2382,1.4904,-0.84018,0.079766,-4.5255,-0.4483,13.138,5.1198
-5.3496,0.052474,3.8983,1.9732,-7.117,1.5124,-0.94358,0.028796,-4.6647,-0.54264,12.774,5.2223
-6.124,-0.06901,4.2407,2.2311,-8.014,1.5751,-1.0566,-0.047873,-4.8024,-0.62092,12.388,5.311
-6.9334,-0.148,4.6188,2.4805,-8.8648,1.6833,-1.1759,-0.14571,-4.9404,-0.68854,11.976,5.3832
-7.783,-0.19197,5.0093,2.7238,-9.6167,1.8266,-1.2945,-0.2524,-5.0755,-0.74537,11.529,5.4331
-8.6684,-0.2153,5.3836,2.9628,-10.241,1.9836,-1.4043,-0.3551,-5.1978,-0.7828,11.044,5.4566
-9.5543,-0.23268,5.7151,3.1934,-10.728,2.1304,-1.499,-0.44871,-5.2979,-0.78708,10.53,5.454
-10.377,-0.25173,5.9845,3.4047,-11.082,2.2503,-1.5771,-0.54024,-5.3746,-0.74734,10.008,5.4291
-11.063,-0.27041,6.1809,3.5811,-11.303,2.3388,-1.64,-0.64583,-5.4388,-0.66317,9.5006,5.3859
-11.544,-0.27997,6.2992,3.7074,-11.387,2.4024,-1.6904,-0.782,-5.5103,-0.54675,9.0261,5.327
-11.77,-0.2721,6.3349,3.7741,-11.314,2.4492,-1.7301,-0.95632,-5.6104,-0.41868,8.5925,5.2538
-11.711,-0.24606,6.2819,3.7806,-11.062,2.4808,-1.7599,-1.1628,-5.7576,-0.30112,8.1971,5.1685
-11.383,-0.21072,6.1366,3.7353,-10.62,2.4905,-1.7813,-1.3838,-5.9614,-0.21187,7.8282,5.0739
-10.851,-0.17973,5.9057,3.6541,-10.011,2.4684,-1.7983,-1.5979,-6.2205,-0.16083,7.4699,4.9735
-10.209,-0.16074,5.6105,3.5523,-9.2926,2.4106,-1.8187,-1.7871,-6.5201,-0.14875,7.1096,4.8723
-9.5394,-0.14815,5.2835,3.4373,-8.5347,2.3261,-1.8519,-1.9424,-6.831,-0.16727,6.7448,4.7785
-8.8884,-0.12292,4.9589,3.3049,-7.7928,2.2347,-1.9067,-2.0629,-7.1156,-0.20222,6.3843,4.7027
-8.2521,-0.063191,4.6616,3.1421,-7.0972,2.1588,-1.9881,-2.1519,-7.3403,-0.23797,6.0444,4.6565
-7.592,0.043591,4.3983,2.9368,-6.4548,2.1115,-2.0955,-2.2147,-7.4882,-0.26353,5.7417,4.6447
-6.8668,0.19321,4.1571,2.6876,-5.8547,2.0905,-2.2221,-2.2553,-7.5639,-0.27735,5.4869,4.6615
-6.0692,0.36739,3.9159,2.4072,-5.2799,2.0818,-2.3571,-2.2749,-7.5873,-0.28745,5.2828,4.6951
-5.2383,0.54324,3.6591,2.1164,-4.7239,2.0697,-2.4879,-2.2728,-7.5812,-0.30613,5.1249,4.7307
-4.438,0.70564,3.3891,1.8328,-4.198,2.0472,-2.6018,-2.2501,-7.5631,-0.34245,5.0052,4.759
-3.7217,0.85381,3.1271,1.5646,-3.726,2.0209,-2.6884,-2.213,-7.5439,-0.39742,4.9147,4.7774
-3.1162,0.99991,2.9018,1.308,-3.33,2.0062,-2.7408,-2.173,-7.5314,-0.46446,4.8455,4.79
-2.6255,1.1594,2.7333,1.0545,-3.0194,2.0178,-2.756,-2.1432,-7.5324,-0.53416,4.7921,4.8019
-2.2396,1.3376,2.6228,0.79727,-2.7869,2.058,-2.7345,-2.1312,-7.5506,-0.59947,4.751,4.814
-1.938,1.5244,2.5497,0.53741,-2.6093,2.1126,-2.68,-2.134,-7.5811,-0.65806,4.7203,4.8225
-1.6904,1.6968,2.4797,0.28404,-2.4533,2.1552,-2.5977,-2.1374,-7.6058,-0.71098,4.7034,4.8239
-1.4618,1.8317,2.378,0.049339,-2.2836,2.1601,-2.4938,-2.1222,-7.5945,-0.75884,4.7042,4.8177
-1.2197,1.9189,2.2228,-0.15738,-2.0731,2.1144,-2.3757,-2.0746,-7.5164,-0.79836,4.727,4.8108
-0.94053,1.9674,2.0133,-0.33367,-1.8113,2.0255,-2.2539,-1.9948,-7.3537,-0.82129,4.7711,4.8076
-0.61239,2.0003,1.7682,-0.48419,-1.5058,1.917,-2.1409,-1.8981,-7.1082,-0.81607,4.8304,4.8067
-0.23839,2.044,1.5169,-0.6185,-1.1784,1.8173,-2.0468,-1.8071,-6.7994,-0.77172,4.8985,4.8008
0.1605,2.1149,1.2881,-0.74551,-0.8564,1.7467,-1.9757,-1.7401,-6.4555,-0.68261,4.9741,4.7858
0.54736,2.2104,1.0996,-0.86791,-0.5635,1.7092,-1.9256,-1.7036,-6.1068,-0.55153,5.0597,4.7627
0.87661,2.3097,0.9545,-0.98045,-0.31602,1.6912,-1.891,-1.6924,-5.7821,-0.38925,5.1592,4.737
1.1037,2.3825,0.84571,-1.0728,-0.12461,1.6698,-1.8668,-1.6959,-5.5069,-0.20942,5.2669,4.7116
1.1944,2.4047,0.76683,-1.1341,0.00053954,1.6265,-1.8514,-1.7045,-5.2995,-0.024158,5.3667,4.6827
1.1339,2.3715,0.72289,-1.1592,0.047359,1.561,-1.8461,-1.7124,-5.1677,0.15871,5.4355,4.643
0.93277,2.302,0.73128,-1.1524,0.0062223,1.4945,-1.8535,-1.7171,-5.1062,0.33475,5.4515,4.5861
0.62786,2.2325,0.811,-1.1267,-0.12214,1.4613,-1.874,-1.7178,-5.0973,0.49927,5.4025,4.506
0.27694,2.2014,0.96864,-1.0988,-0.32087,1.492,-1.9036,-1.7144,-5.1157,0.64465,5.2908,4.3998
-0.053481,2.2308,1.1903,-1.0817,-0.5582,1.5985,-1.9337,-1.7069,-5.1347,0.76129,5.1301,4.2664
-0.30506,2.3173,1.4437,-1.08,-0.79515,1.7687,-1.9538,-1.6932,-5.1331,0.84211,4.9387,4.1087
-0.44494,2.433,1.6889,-1.0868,-0.99791,1.9697,-1.9549,-1.6696,-5.0987,0.88672,4.731,3.9326
-0.47641,2.5381,1.8927,-1.0876,-1.1485,2.1616,-1.9323,-1.6316,-5.0309,0.90184,4.5115,3.7439
-0.43709,2.5978,2.0388,-1.0672,-1.2488,2.3114,-1.8867,-1.5775,-4.9407,0.8972,4.273,3.5466
-0.38526,2.5955,2.1305,-1.0164,-1.3174,2.4034,-1.8246,-1.5107,-4.8492,0.8797,4.0006,3.3412
-0.38062,2.5355,2.184,-0.93484,-1.3796,2.4408,-1.7556,-1.4398,-4.7837,0.85009,3.6762,3.1243
-0.46611,2.434,2.2183,-0.82995,-1.4566,2.4386,-1.6899,-1.3746,-4.7713,0.80315,3.2894,2.8934
-0.65696,2.3081,2.2474,-0.7119,-1.5577,2.4122,-1.6351,-1.3217,-4.8296,0.73202,2.8395,2.6474
-0.94063,2.1669,2.2781,-0.59006,-1.6807,2.3693,-1.5943,-1.2807,-4.9585,0.63337,2.3382,2.3948
-1.2854,2.0105,2.3083,-0.46965,-1.8152,2.3072,-1.5648,-1.2458,-5.1387,0.51097,1.8065,2.1531
-1.6492,1.8338,2.324,-0.35043,-1.9419,2.2155,-1.5405,-1.2093,-5.3368,0.37582,1.2687,1.9459
-1.9834,1.6317,2.2991,-0.22946,-2.0297,2.0809,-1.5154,-1.1661,-5.5158,0.2426,0.74532,1.7911
-2.2364,1.4031,2.2014,-0.10513,-2.0399,1.8916,-1.487,-1.1156,-5.6469,0.1242,0.2508,1.6941
-2.3603,1.1528,2.0033,0.019285,-1.9364,1.6418,-1.458,-1.0603,-5.7161,0.02751,-0.20934,1.6458
-2.3216,0.89254,1.6923,0.13396,-1.6983,1.3342,-1.4339,-1.0028,-5.7232,-0.047105,-0.63133,1.628
-2.111,0.63948,1.2755,0.22378,-1.3272,0.98106,-1.4183,-0.94287,-5.6753,-0.10328,-1.0111,1.6236
-1.7473,0.41228,0.77806,0.27251,-0.84832,0.60229,-1.409,-0.87831,-5.5786,-0.14526,-1.3445,1.6247
-1.2715,0.22471,0.23645,0.26816,-0.30368,0.22103,-1.3971,-0.80698,-5.4372,-0.17527,-1.6307,1.6342
-0.73381,0.081744,-0.30887,0.20676,0.25944,-0.14141,-1.3715,-0.72904,-5.2562,-0.19239,-1.8746,1.6612
-0.17985,-0.019781,-0.81921,0.092413,0.80023,-0.46842,-1.3249,-0.64725,-5.0441,-0.19392,-2.0871,1.7129
0.35728,-0.087091,-1.263,-0.065594,1.2916,-0.74924,-1.2597,-0.56582,-4.8137,-0.17859,-2.2796,1.7879
0.86109,-0.12725,-1.6244,-0.25669,1.7244,-0.98105,-1.187,-0.48844,-4.5784,-0.14954,-2.4565,1.8734
1.3345,-0.14504,-1.9128,-0.47172,2.1101,-1.1712,-1.1219,-0.41646,-4.3483,-0.11438,-2.6116,1.9484
1.7961,-0.14312,-2.1599,-0.70311,2.4762,-1.3349,-1.0759,-0.3473,-4.125,-0.081927,-2.7268,1.9927
2.2671,-0.12373,-2.402,-0.94269,2.8518,-1.488,-1.0513,-0.2739,-3.9002,-0.057359,-2.7768,1.9962
2.7543,-0.090541,-2.66,-1.1791,3.2504,-1.6385,-1.0394,-0.1857,-3.6567,-0.039141,-2.7367,1.9635
3.2398,-0.049332,-2.9307,-1.3972,3.6599,-1.7834,-1.0232,-0.071744,-3.373,-0.020007,-2.5921,1.9105
3.6825,-0.0067378,-3.1904,-1.5815,4.045,-1.9106,-0.98431,0.074699,-3.0314,0.0089967,-2.3465,1.8556
4.0336,0.031198,-3.4077,-1.721,4.3624,-2.0059,-0.91057,0.25186,-2.6269,0.052322,-2.0274,1.8091
4.2584,0.0584,-3.5607,-1.8118,4.5816,-2.0624,-0.80162,0.44845,-2.1731,0.10613,-1.6854,1.7672
4.3498,0.066413,-3.65,-1.8573,4.7004,-2.0884,-0.6693,0.64701,-1.7002,0.15913,-1.3855,1.712
4.3279,0.043302,-3.7012,-1.8645,4.7474,-2.1072,-0.5331,0.83077,-1.2455,0.19766,-1.1901,1.6205
4.2312,-0.024117,-3.7552,-1.8416,4.7709,-2.1496,-0.41187,0.98776,-0.83975,0.21254,-1.1392,1.4771
4.1073,-0.14569,-3.8545,-1.796,4.8222,-2.2435,-0.31562,1.1147,-0.49576,0.20395,-1.2354,1.2837
4.0062,-0.32378,-4.031,-1.7339,4.9413,-2.405,-0.24224,1.2165,-0.20508,0.18157,-1.4438,1.0608
3.9757,-0.55127,-4.2991,-1.6612,5.1462,-2.6348,-0.18224,1.3013,0.05572,0.15983,-1.7063,0.83833
4.0521,-0.81184,-4.6511,-1.5838,5.4294,-2.918,-0.1282,1.3741,0.31232,0.15077,-1.9652,0.64029
4.2445,-1.0818,-5.0579,-1.5092,5.761,-3.2278,-0.082644,1.4317,0.58019,0.15839,-2.186,0.47354
4.5255,-1.3333,-5.4754,-1.4474,6.1008,-3.5315,-0.059155,1.4634,0.85869,0.17705,-2.3692,0.32515
4.8459,-1.54,-5.8576,-1.4103,6.4161,-3.7989,-0.076637,1.4572,1.1342,0.1946,-2.545,0.17046
5.1678,-1.6831,-6.1738,-1.4094,6.6952,-4.0107,-0.14987,1.4075,1.389,0.19815,-2.7594,-0.013877
5.4838,-1.7564,-6.42,-1.4519,6.9484,-4.1625,-0.28124,1.3204,1.6119,0.17955,-3.0519,-0.23777
5.8084,-1.7664,-6.615,-1.5375,7.1938,-4.2627,-0.45771,1.2123,1.8024,0.13825,-3.4393,-0.49473
6.1546,-1.7265,-6.7802,-1.6582,7.4395,-4.3234,-0.65447,1.1043,1.9707,0.081117,-3.9114,-0.76654
6.5146,-1.6487,-6.9189,-1.8016,7.673,-4.3501,-0.84339,1.0131,2.1323,0.019508,-4.4385,-1.033
6.8543,-1.5366,-7.0103,-1.9551,7.8624,-4.3365,-1.002,0.94495,2.301,-0.034943,-4.9857,-1.2821
7.1231,-1.3851,-7.0195,-2.1105,7.9676,-4.2675,-1.1186,0.89421,2.4838,-0.074562,-5.5273,-1.5153
7.2743,-1.1839,-6.9146,-2.2635,7.9544,-4.1271,-1.1926,0.84673,2.6781,-0.098295,-6.0536,-1.7454
7.2816,-0.92535,-6.6791,-2.4122,7.8052,-3.9061,-1.2299,0.78672,2.8742,-0.11142,-6.5695,-1.9884
7.1444,-0.61164,-6.3186,-2.5547,7.5241,-3.6076,-1.2375,0.70349,3.0607,-0.122,-7.0836,-2.2538
6.8857,-0.25813,-5.8602,-2.6878,7.1383,-3.2498,-1.22,0.59574,3.2304,-0.13583,-7.5942,-2.5387
6.5483,0.10882,-5.35,-2.8063,6.6937,-2.864,-1.1772,0.47186,3.3842,-0.15311,-8.0797,-2.8265
6.1848,0.4583,-4.8441,-2.9037,6.2473,-2.4875,-1.1049,0.34556,3.5308,-0.1688,-8.5012,-3.0907
5.8416,0.7616,-4.3953,-2.9728,5.8538,-2.1552,-0.99876,0.23116,3.6824,-0.17598,-8.8165,-3.3049
5.5462,1.0006,-4.0398,-3.0073,5.5519,-1.8899,-0.86001,0.13645,3.8486,-0.16946,-9.0005,-3.454
5.3078,1.1707,-3.7883,-3.0065,5.3535,-1.6972,-0.699,0.060509,4.0317,-0.14743,-9.0604,-3.5408
5.1302,1.2812,-3.6283,-2.9776,5.2438,-1.5658,-0.53345,-0.00351,4.2249,-0.1111,-9.0381,-3.5822
5.0223,1.3502,-3.5351,-2.9339,5.1934,-1.4752,-0.38219,-0.060389,4.4164,-0.063528,-8.9966,-3.5981
4.9904,1.3951,-3.4856,-2.887,5.1752,-1.4073,-0.25853,-0.1066,4.5951,-0.0086891,-8.9948,-3.6002
5.0181,1.4241,-3.4659,-2.8406,5.173,-1.3547,-0.16624,-0.13053,4.7557,0.048492,-9.0627,-3.5882
5.0588,1.4318,-3.4691,-2.7879,5.1764,-1.3225,-0.098781,-0.11952,4.8994,0.10177,-9.1895,-3.5529
5.0519,1.403,-3.4895,-2.7143,5.1735,-1.322,-0.042663,-0.068853,5.0323,0.14404,-9.328,-3.4846
4.9451,1.3223,-3.5177,-2.6046,5.1484,-1.3619,0.015832,0.014643,5.1619,0.16911,-9.4164,-3.3804
4.7105,1.184,-3.5411,-2.4499,5.085,-1.4407,0.083381,0.11436,5.2941,0.17389,-9.4047,-3.246
4.3499,0.99708,-3.5459,-2.253,4.9716,-1.5447,0.15601,0.21065,5.43,0.15915,-9.2728,-3.0921
3.8916,0.78234,-3.5188,-2.0275,4.8027,-1.6517,0.22132,0.28689,5.5645,0.12814,-9.0364,-2.9299
3.3805,0.56433,-3.4478,-1.7921,4.5785,-1.7374,0.26507,0.33261,5.6869,0.083886,-8.7381,-2.7676
2.8625,0.36215,-3.3257,-1.5626,4.3034,-1.7838,0.27853,0.34427,5.7842,0.027399,-8.4305,-2.6099
2.3725,0.18387,-3.1526,-1.3467,3.9855,-1.7834,0.26321,0.32493,5.8473,-0.041429,-8.1597,-2.4578
1.9287,0.025941,-2.9379,-1.1431,3.6358,-1.741,0.23149,0.28332,5.8763,-0.12073,-7.9522,-2.3101
1.5342,-0.1233,-2.6975,-0.94325,3.2685,-1.671,0.20313,0.23181,5.8813,-0.20397,-7.812,-2.1642
1.1819,-0.27766,-2.4517,-0.7359,2.8991,-1.592,0.19891,0.18303,5.8798,-0.2804,-7.7255,-2.0171
0.85787,-0.44694,-2.2192,-0.51243,2.5432,-1.5202,0.23361,0.14599,5.8875,-0.33861,-7.6724,-1.8664
0.54605,-0.63236,-2.0133,-0.27077,2.2134,-1.4664,0.31118,0.12312,5.9113,-0.37081,-7.6371,-1.7108
0.23299,-0.8245,-1.8394,-0.017608,1.9171,-1.4324,0.42433,0.10988,5.946,-0.37429,-7.6162,-1.5516
-0.087871,-1.008,-1.695,0.23284,1.6554,-1.412,0.55873,0.097032,5.9767,-0.35019,-7.6202,-1.3931
-0.41531,-1.1673,-1.572,0.46382,1.4234,-1.396,0.69984,0.073485,5.9859,-0.30152,-7.6596,-1.2431
-0.74282,-1.2943,-1.4613,0.66282,1.2139,-1.3768,0.83923,0.029669,5.9608,-0.23264,-7.7374,-1.1114
-1.0616,-1.3919,-1.3561,0.82633,1.0203,-1.3534,0.97707,-0.041944,5.8979,-0.15032,-7.8457,-1.0069
-1.361,-1.4726,-1.2555,0.95914,0.841,-1.3309,1.1191,-0.14651,5.803,-0.064403,-7.97,-0.93409
-1.6264,-1.5509,-1.1653,1.0689,0.68118,-1.318,1.27,-0.28621,5.6869,0.013178,-8.1003,-0.88914
-1.8376,-1.636,-1.0968,1.16,0.55359,-1.3227,1.4261,-0.45924,5.5606,0.071435,-8.2406,-0.85999
-1.9712,-1.7278,-1.0636,1.2303,0.47574,-1.3499,1.5739,-0.65882,5.4326,0.10374,-8.4113,-0.83096
-2.006,-1.8183,-1.077,1.2728,0.46419,-1.3994,1.6933,-0.87363,5.3072,0.11003,-8.6403,-0.78948
-1.9302,-1.8954,-1.1409,1.2798,0.52749,-1.4661,1.7663,-1.0873,5.1856,0.09694,-8.9469,-0.73306
-1.7482,-1.9494,-1.2491,1.2488,0.6606,-1.5413,1.7847,-1.2794,5.0664,0.075786,-9.3297,-0.67093
-1.4831,-1.9761,-1.3851,1.1852,0.8444,-1.6142,1.7513,-1.4272,4.947,0.058351,-9.7648,-0.61948
-1.1724,-1.976,-1.5261,1.1013,1.0489,-1.6736,1.6757,-1.5107,4.8246,0.051834,-10.216,-0.59383
-0.85867,-1.9509,-1.6484,1.0109,1.2419,-1.7093,1.5669,-1.5184,4.6966,0.055285,-10.648,-0.60046
-0.579,-1.9006,-1.7331,0.9239,1.3976,-1.7134,1.4294,-1.4512,4.562,0.059615,-11.036,-0.63472
-0.35815,-1.8228,-1.7694,0.84395,1.5012,-1.682,1.264,-1.3219,4.4217,0.051403,-11.366,-0.68402
-0.20725,-1.7159,-1.756,0.77007,1.5492,-1.6164,1.0713,-1.1485,4.2799,0.018578,-11.632,-0.73428
-0.1276,-1.5832,-1.6989,0.7002,1.5462,-1.523,0.85767,-0.94784,4.144,-0.044439,-11.833,-0.77611
-0.11731,-1.4338,-1.6082,0.63427,1.5002,-1.412,0.63785,-0.73211,4.0239,-0.13423,-11.972,-0.80778
-0.17597,-1.2803,-1.4938,0.57455,1.4184,-1.2935,0.43356,-0.50889,3.9291,-0.2395,-12.059,-0.83451
-0.30342,-1.134,-1.3616,0.52346,1.3058,-1.1743,0.26688,-0.28421,3.8646,-0.34559,-12.111,-0.86447
-0.49311,-1.0007,-1.2132,0.48057,1.1651,-1.0563,0.15268,-0.065509,3.8275,-0.43987,-12.146,-0.90355
-0.72532,-0.87911,-1.0478,0.4411,1.0004,-0.93722,0.094548,0.13732,3.8066,-0.51569,-12.191,-0.95099
-0.96585,-0.76339,-0.86757,0.39683,0.82169,-0.81382,0.085761,0.31338,3.7865,-0.57339,-12.271,-0.99802
-1.1711,-0.64739,-0.6835,0.33901,0.64956,-0.68696,0.11403,0.45474,3.7543,-0.61836,-12.403,-1.0306
-1.2972,-0.52915,-0.51682,0.26177,0.51375,-0.56412,0.16718,0.56058,3.7062,-0.65733,-12.592,-1.036
-1.3094,-0.41299,-0.39489,0.16461,0.44652,-0.45861,0.23724,0.63855,3.6496,-0.69454,-12.828,-1.009
-1.1897,-0.30906,-0.34396,0.052835,0.4739,-0.38625,0.32197,0.70144,3.5986,-0.72968,-13.088,-0.95561
-0.94069,-0.23069,-0.38242,-0.063854,0.60851,-0.36148,0.42302,0.76006,3.5656,-0.75847,-13.349,-0.88899
-0.58438,-0.19114,-0.51655,-0.1741,0.84634,-0.3943,0.54197,0.81616,3.5533,-0.77621,-13.591,-0.82329
-0.15866,-0.20069,-0.73907,-0.26762,1.1676,-0.48828,0.6757,0.85974,3.552,-0.78212,-13.811,-0.7663
0.28919,-0.26439,-1.0301,-0.33701,1.5404,-0.63948,0.81418,0.87291,3.5438,-0.78196,-14.022,-0.71641
0.7099,-0.38064,-1.3601,-0.37842,1.9253,-0.8365,0.94248,0.83889,3.5117,-0.78688,-14.246,-0.66493
1.0593,-0.54092,-1.694,-0.391,2.2825,-1.0618,1.0459,0.75093,3.4488,-0.80907,-14.507,-0.60255
1.3039,-0.73099,-1.9969,-0.37634,2.5775,-1.2943,1.1156,0.61756,3.3613,-0.8571,-14.817,-0.52659
1.4246,-0.93341,-2.2398,-0.33708,2.7871,-1.5135,1.1522,0.45994,3.2659,-0.93329,-15.175,-0.44424
1.4196,-1.1306,-2.4075,-0.27647,2.9051,-1.703,1.1635,0.30227,3.1804,-1.0344,-15.569,-0.36967
1.3044,-1.3072,-2.5025,-0.19859,2.9434,-1.8543,1.1598,0.1601,3.1144,-1.154,-15.984,-0.31718
1.1096,-1.4526,-2.5434,-0.10892,2.9276,-1.9673,1.1499,0.033794,3.065,-1.2854,-16.409,-0.29517
0.87525,-1.5603,-2.5554,-0.014321,2.8863,-2.0471,1.1386,-0.089114,3.0188,-1.4221,-16.836,-0.30411
0.64289,-1.6267,-2.5561,0.077462,2.8406,-2.097,1.1285,-0.22402,2.961,-1.5579,-17.259,-0.33778
0.44754,-1.6483,-2.5484,0.15837,2.7964,-2.114,1.1231,-0.37779,2.885,-1.6859,-17.672,-0.38574
0.3115,-1.6217,-2.5213,0.2204,2.7471,-2.0889,1.1294,-0.54186,2.799,-1.7979,-18.057,-0.43585
0.24234,-1.5463,-2.4565,0.25628,2.6792,-2.0121,1.1574,-0.69355,2.725,-1.8866,-18.389,-0.47709
0.23496,-1.4276,-2.3375,0.26081,2.5797,-1.8784,1.2153,-0.80512,2.6883,-1.9483,-18.632,-0.50289
0.27581,-1.2779,-2.1555,0.23236,2.4417,-1.6911,1.3042,-0.85736,2.7041,-1.9865,-18.753,-0.51379
0.34668,-1.1145,-1.9147,0.17385,2.2677,-1.4629,1.4157,-0.84943,2.7679,-2.0119,-18.726,-0.51708
0.4273,-0.95718,-1.6323,0.09311,2.0696,-1.2154,1.5346,-0.79981,2.856,-2.0388,-18.544,-0.52242
0.49734,-0.82466,-1.3355,0.0022005,1.8651,-0.97453,1.6451,-0.73739,2.9362,-2.0792,-18.216,-0.53528
0.53787,-0.73003,-1.0534,-0.084328,1.6724,-0.76448,1.7374,-0.688,2.9845,-2.1373,-17.756,-0.55199
0.53218,-0.67731,-0.80974,-0.1518,1.5045,-0.60063,1.812,-0.66337,2.9966,-2.2067,-17.174,-0.5594
0.46721,-0.66111,-0.61737,-0.18762,1.366,-0.48671,1.8779,-0.65708,2.9899,-2.2718,-16.471,-0.53962
0.33643,-0.67034,-0.47855,-0.1829,1.2538,-0.41662,1.9465,-0.64861,2.9927,-2.3122,-15.633,-0.47741
0.14353,-0.69435,-0.38817,-0.13332,1.1618,-0.37989,2.0245,-0.61341,3.0297,-2.3097,-14.646,-0.36596
-0.095694,-0.7284,-0.33904,-0.039587,1.0852,-0.36762,2.1111,-0.53334,3.109,-2.2555,-13.497,-0.20771
-0.35483,-0.77585,-0.32502,0.092421,1.024,-0.37578,2.1982,-0.4043,3.2205,-2.1531,-12.186,-0.01036
-0.60184,-0.84588,-0.34165,0.25193,0.98234,-0.40498,2.2737,-0.23709,3.3416,-2.0159,-10.723,0.21797
-0.80648,-0.94817,-0.38474,0.42439,0.96548,-0.45755,2.3256,-0.052128,3.4492,-1.8612,-9.1293,0.47044
-0.9482,-1.0866,-0.44792,0.59364,0.9753,-0.5334,2.3471,0.12937,3.5284,-1.7036,-7.4318,0.73919
-1.0222,-1.2553,-0.52008,0.74479,1.0058,-0.62628,2.3407,0.29356,3.576,-1.5525,-5.6584,1.0119
-1.0422,-1.4375,-0.5837,0.86685,1.0413,-0.72218,2.3187,0.43733,3.5957,-1.4132,-3.8364,1.2704
-1.0375,-1.6096,-0.61574,0.95471,1.0576,-0.80094,2.3001,0.56549,3.5908,-1.2894,-1.9915,1.4934
-1.0438,-1.7466,-0.59253,1.0092,1.0299,-0.84074,2.3032,0.68394,3.5569,-1.185,-0.14949,1.6609
-1.0885,-1.8275,-0.49845,1.0343,0.9419,-0.82435,2.3374,0.79354,3.4822,-1.1036,1.6632,1.7591
-1.1785,-1.84,-0.33418,1.0341,0.79448,-0.74543,2.3982,0.88794,3.353,-1.0483,3.4197,1.783
-1.2964,-1.7834,-0.11953,1.0104,0.60864,-0.61159,2.468,0.95597,3.1634,-1.0205,5.0954,1.7368
-1.4072,-1.6681,0.11231,0.96367,0.41909,-0.4423,2.5241,0.98708,2.9234,-1.0188,6.6723,1.633
-1.4722,-1.512,0.32656,0.89526,0.26156,-0.26187,2.5497,0.9759,2.6583,-1.0372,8.1404,1.4909
-1.4628,-1.3348,0.49853,0.80755,0.16029,-0.091184,2.541,0.92496,2.4001,-1.0645,9.4968,1.3332
-1.3706,-1.1529,0.61986,0.70355,0.12098,0.057902,2.508,0.84488,2.1743,-1.0888,10.736,1.1801
-1.2108,-0.97777,0.69795,0.58661,0.13063,0.18352,2.4697,0.75246,1.9896,-1.1018,11.843,1.0433
-1.0182,-0.81618,0.7501,0.46157,0.1635,0.29009,2.4469,0.6669,1.8363,-1.1023,12.792,0.92377
-0.8362,-0.67576,0.79435,0.33657,0.19143,0.3812,2.4548,0.60459,1.6929,-1.0947,13.551,0.81416
-0.7028,-0.56809,0.83931,0.22376,0.19524,0.45294,2.4973,0.57401,1.5369,-1.0861,14.093,0.70463
-0.6362,-0.50954,0.87751,0.13698,0.17349,0.49151,2.5663,0.5732,1.3545,-1.0834,14.41,0.588
-0.62707,-0.51742,0.88573,0.086886,0.14569,0.47666,2.6451,0.59159,1.1446,-1.0925,14.519,0.46184
-0.64034,-0.60286,0.83207,0.076192,0.14827,0.38896,2.7164,0.61529,0.91574,-1.1176,14.458,0.32783
-0.62626,-0.76428,0.68743,0.097735,0.22354,0.218,2.769,0.63369,0.6801,-1.1622,14.278,0.19009
-0.53698,-0.98548,0.4371,0.13683,0.40447,-0.032256,2.8027,0.64436,0.44766,-1.2291,14.026,0.053571
-0.34288,-1.2404,0.087704,0.17713,0.70142,-0.34352,2.8277,0.65445,0.22343,-1.319,13.738,-0.076561
-0.043079,-1.5034,-0.33407,0.20751,1.097,-0.68941,2.8592,0.67754,0.0081141,-1.428,13.436,-0.19456
0.33279,-1.7591,-0.79008,0.22674,1.551,-1.0449,2.9091,0.72723,-0.19912,-1.5466,13.129,-0.29364
0.73199,-2.0088,-1.242,0.24395,2.0123,-1.3941,2.979,0.81063,-0.39757,-1.6599,12.82,-0.36709
1.0935,-2.2664,-1.6585,0.27463,2.4319,-1.7313,3.0588,0.9252,-0.58359,-1.7542,12.506,-0.4111
1.3651,-2.549,-2.0165,0.33444,2.7719,-2.0548,3.13,1.0604,-0.75193,-1.8247,12.19,-0.42785
1.5176,-2.8636,-2.2978,0.43299,3.0089,-2.36,3.1742,1.2026,-0.89944,-1.8801,11.875,-0.42617
1.5509,-3.1996,-2.4896,0.57081,3.1348,-2.6345,3.1808,1.3398,-1.0291,-1.9401,11.568,-0.4192
1.4887,-3.5308,-2.5887,0.73892,3.1564,-2.8618,3.1514,1.464,-1.1513,-2.0257,11.274,-0.42048
1.3655,-3.8255,-2.604,0.9227,3.0926,-3.029,3.0967,1.5717,-1.2803,-2.1508,10.995,-0.44042
1.2103,-4.0606,-2.5509,1.1088,2.9665,-3.1326,3.0298,1.6613,-1.4274,-2.316,10.733,-0.48393
1.0344,-4.2318,-2.4457,1.2918,2.7972,-3.1802,2.9596,1.7315,-1.5947,-2.5079,10.49,-0.5498
0.82706,-4.3542,-2.3035,1.4768,2.5956,-3.1884,2.8894,1.7791,-1.7729,-2.7027,10.273,-0.63154
0.56177,-4.4556,-2.137,1.6752,2.3645,-3.1776,2.8191,1.7996,-1.9461,-2.8737,10.099,-0.71956
0.21411,-4.5603,-1.9549,1.8959,2.1005,-3.1638,2.7504,1.7891,-2.0987,-3.0012,9.9847,-0.80319
-0.22103,-4.6764,-1.758,2.1377,1.7984,-3.1505,2.6904,1.7469,-2.2222,-3.0774,9.9395,-0.87218
-0.72298,-4.7913,-1.5421,2.3854,1.4587,-3.128,2.6505,1.6767,-2.3169,-3.1075,9.9595,-0.91784
-1.2465,-4.8794,-1.3072,2.6131,1.0972,-3.0816,2.641,1.5857,-2.3904,-3.1046,10.025,-0.93487
-1.7257,-4.9181,-1.0688,2.7931,0.75026,-3.0053,2.6641,1.4826,-2.4551,-3.0839,10.102,-0.92391
-2.0845,-4.9013,-0.86035,2.9049,0.46989,-2.9109,2.7112,1.3747,-2.525,-3.0575,10.155,-0.89331
-2.2558,-4.8437,-0.72481,2.9421,0.30962,-2.8264,2.7665,1.2662,-2.6124,-3.0335,10.149,-0.85738
-2.2007,-4.7738,-0.69948,2.9127,0.30673,-2.7842,2.8136,1.1583,-2.7249,-3.016,10.067,-0.83067
-1.9214,-4.7209,-0.80071,2.8335,0.46861,-2.807,2.8437,1.0493,-2.8622,-3.0081,9.9086,-0.82093
-1.4613,-4.7033,-1.0157,2.7227,0.76859,-2.8978,2.8584,0.9365,-3.0155,-3.0151,9.6978,-0.82583
-0.8931,-4.7229,-1.3044,2.596,1.1522,-3.0378,2.8668,0.81812,-3.1712,-3.0468,9.4697,-0.83557
-0.30073,-4.7677,-1.6113,2.4654,1.5514,-3.1948,2.8779,0.69496,-3.3178,-3.1166,9.2571,-0.84002
0.24066,-4.8211,-1.8818,2.3414,1.9025,-3.3351,2.8929,0.57225,-3.4525,-3.2368,9.0769,-0.83599
0.68085,-4.8723,-2.0777,2.2356,2.1615,-3.4374,2.9034,0.46011,-3.5836,-3.4121,8.9236,-0.82989
1.0014,-4.9235,-2.1868,2.1614,2.3135,-3.5004,2.894,0.37214,-3.7274,-3.6356,8.7733,-0.83411
1.2092,-4.9885,-2.223,2.1328,2.3717,-3.5426,2.8498,0.32165,-3.9015,-3.8912,8.5952,-0.85954
1.3199,-5.0845,-2.2185,2.1621,2.3651,-3.592,2.7649,0.31676,-4.1189,-4.1583,8.3657,-0.90927
1.3425,-5.2225,-2.2067,2.2572,2.3206,-3.6726,2.6474,0.35684,-4.3861,-4.4188,8.0788,-0.97765
1.2702,-5.4016,-2.2051,2.4219,2.2477,-3.792,2.5182,0.43246,-4.7045,-4.6603,7.7481,-1.055
1.0791,-5.6101,-2.2064,2.6566,2.1345,-3.9359,2.4012,0.52885,-5.0725,-4.8776,7.4002,-1.1349
0.7401,-5.8317,-2.1842,2.9599,1.9567,-4.0768,2.3122,0.63039,-5.4871,-5.071,7.0606,-1.2186
0.24124,-6.0548,-2.1125,3.327,1.6952,-4.1909,2.2516,0.72364,-5.9431,-5.2456,6.7413,-1.3146
-0.3932,-6.2775,-1.983,3.7467,1.3526,-4.2734,2.2049,0.79835,-6.433,-5.4101,6.4318,-1.434
-1.0993,-6.5068,-1.8113,4.2009,0.95726,-4.3402,2.1513,0.84766,-6.949,-5.5767,6.1021,-1.5855
-1.7897,-6.7515,-1.6294,4.6661,0.55466,-4.417,2.0764,0.8685,-7.4853,-5.757,5.7152,-1.7717
-2.3781,-7.0148,-1.471,5.1176,0.1917,-4.5243,1.981,0.86178,-8.0397,-5.9592,5.2484,-1.9868
-2.7996,-7.2924,-1.3608,5.5366,-0.095582,-4.6703,1.8797,0.83156,-8.6116,-6.1814,4.7059,-2.2166
-3.022,-7.5763,-1.3115,5.9148,-0.28656,-4.8513,1.7914,0.78311,-9.1983,-6.4088,4.1207,-2.4413
-3.0479,-7.8597,-1.3256,6.2542,-0.37494,-5.0588,1.7285,0.72144,-9.7936,-6.6178,3.5414,-2.6399
-2.9111,-8.1389,-1.3991,6.5629,-0.36583,-5.2837,1.6912,0.65008,-10.387,-6.786,3.012,-2.7982
-2.6665,-8.4106,-1.5233,6.8482,-0.27324,-5.5181,1.669,0.5723,-10.966,-6.9024,2.5577,-2.9129
-2.376,-8.6674,-1.6846,7.1093,-0.11863,-5.7526,1.6464,0.49301,-11.517,-6.9686,2.1817,-2.9916
-2.0938,-8.8946,-1.8634,7.3345,0.07025,-5.9726,1.6102,0.42056,-12.016,-6.9948,1.8742,-3.0479
-1.8543,-9.0691,-2.0331,7.501,0.26139,-6.1557,1.5584,0.36769,-12.422,-6.9894,1.6262,-3.0927
-1.6709,-9.1599,-2.1621,7.5794,0.42196,-6.2701,1.5053,0.35119,-12.673,-6.9513,1.4431,-3.1257
-1.5431,-9.1288,-2.2166,7.5392,0.52177,-6.2752,1.4794,0.38985,-12.698,-6.866,1.3487,-3.1288
-1.4677,-8.9319,-2.1653,7.3549,0.53481,-6.1303,1.5172,0.50104,-12.44,-6.7076,1.3826,-3.0681
-1.4432,-8.5265,-1.9823,7.0141,0.43851,-5.8079,1.6531,0.69692,-11.891,-6.4478,1.5913,-2.9025
-1.4653,-7.8904,-1.6449,6.5285,0.21106,-5.3091,1.9113,0.98264,-11.098,-6.0685,2.0167,-2.5986
-1.5171,-7.0664,-1.1333,5.9475,-0.17251,-4.6733,2.3021,1.3575,-10.136,-5.5725,2.6853,-2.1416
-1.567,-6.2717,-0.44073,5.3729,-0.74625,-4.0059,2.8199,1.819,-9.0772,-4.9851,3.5993,-1.538
-1.5742,-6.1339,0.4016,4.9583,-1.5577,-3.6081,3.4466,2.3674,-7.9634,-4.3369,4.734,-0.80589
-1.4981,-7.3507,1.4273,4.8351,-2.6607,-3.996,4.192,3.0102,-6.8023,-3.6316,6.0437,0.039406
-1.3064,-8.2742,3.2232,4.82,-4.0935,-4.5013,5.1916,3.7596,-5.5821,-2.8223,7.4739,0.99078
-0.97963,-6.6267,6.807,4.1987,-5.8668,-2.9914,6.6626,4.6208,-4.2918,-1.8308,8.9734,2.0422
-0.51492,-2.333,12.433,2.3764,-7.9832,1.3354,8.7406,5.5759,-2.9365,-0.61147,10.504,3.1815
0.075609,4.3201,19.553,-0.70815,-10.468,8.1406,11.524,6.5791,-1.5409,0.802,12.05,4.4041
0.7731,13.158,27.51,-4.9677,-13.358,16.79,15.058,7.5693,-0.13662,2.3256,13.618,5.741
1.5634,23.973,35.887,-10.334,-16.641,26.606,19.232,8.4916,1.2569,3.8944,15.227,7.2787
2.4432,36.39,44.529,-16.682,-20.176,37.082,23.758,9.3082,2.639,5.4927,16.902,9.1638
3.4192,49.566,53.313,-23.675,-23.7,47.869,28.223,9.9926,4.0114,7.1233,18.649,11.588
4.5082,62.295,61.877,-30.771,-26.954,58.465,32.21,10.517,5.353,8.7539,20.455,14.711
5.7385,73.434,69.597,-37.409,-29.808,68.037,35.432,10.85,6.6041,10.283,22.278,18.466
7.134,82.093,75.953,-43.024,-32.275,75.787,37.721,10.971,7.6779,11.554,24.055,22.423
8.6646,88.013,80.911,-47.16,-34.443,81.497,38.942,10.887,8.4956,12.439,25.699,26.057
10.208,91.779,84.909,-49.817,-36.407,85.663,38.775,10.632,9.0237,12.937,27.116,29.18
11.602,94.56,88.564,-51.534,-38.23,89.208,36.74,10.25,9.2793,13.19,28.219,31.932
12.746,97.802,92.379,-53.185,-39.93,93.047,32.586,9.7595,9.3035,13.362,28.947,34.49
13.636,102.34,96.483,-55.385,-41.49,97.525,26.596,9.1333,9.1297,13.517,29.274,36.895
14.34,107.66,100.63,-58.121,-42.864,102.33,19.523,8.3099,8.7682,13.586,29.202,39.071
14.94,113.99,104.71,-61.635,-44.005,107.65,12.498,7.2412,8.212,13.442,28.758,40.923
15.477,123.69,109.4,-67.019,-44.897,115.15,6.426,5.9492,7.4573,12.978,27.998,42.407
15.923,136.93,116.13,-74.491,-45.619,126.26,1.3101,4.5415,6.5246,12.173,26.998,43.533
16.184,147.91,124.83,-81.485,-46.384,137.1,-3.0538,3.1636,5.4632,11.097,25.843,44.341
16.14,153.55,131.92,-85.414,-47.462,142.99,-5.9671,1.9227,4.3334,9.8792,24.602,44.864
15.685,154.07,134.69,-85.801,-48.807,143.78,-6.1768,0.85218,3.1793,8.6436,23.3,45.112
14.753,149.78,133.35,-83.183,-49.684,140.26,-4.8865,-0.071553,2.0075,7.4528,21.917,45.079
13.335,141.15,128.58,-78.054,-49.207,133.16,-3.992,-0.89842,0.7823,6.2992,20.387,44.737
11.551,128.94,120.84,-70.803,-47.066,123.07,-3.5492,-1.6877,-0.56755,5.1261,18.627,44.025
9.7605,113.88,110.23,-62.059,-43.472,110.23,-3.2045,-2.5007,-2.1356,3.8559,16.56,42.798
8.5067,96.838,96.796,-52.568,-38.921,94.886,-2.7848,-3.3938,-4.023,2.4157,14.143,40.798
8.0976,79.133,81.401,-43.303,-33.9,78.107,-2.2516,-4.4074,-6.3288,0.76917,11.375,37.729
8.1907,62.373,65.972,-34.911,-28.659,61.605,-1.6239,-5.5548,-9.1654,-1.0577,8.3114,33.499
8.0492,47.263,51.638,-27.24,-23.292,46.463,-0.93557,-6.8134,-12.695,-3.0222,5.0463,28.471
7.1192,33.37,38.311,-19.804,-17.925,32.71,-0.22819,-8.1167,-17.075,-5.1921,1.681,23.217
5.2185,19.968,25.965,-12.03,-12.801,20.032,0.4481,-9.3616,-22.229,-7.8383,-1.7045,18.009
2.5441,6.5322,14.999,-3.4212,-8.2486,8.1586,1.0363,-10.448,-27.729,-11.425,-5.0635,12.861
-0.46318,-7.0983,5.8557,6.1553,-4.6002,-3.0761,1.5039,-11.336,-33.131,-16.476,-8.3856,7.8491
-3.476,-20.628,-1.3889,16.198,-2.0421,-13.661,1.8638,-12.078,-38.31,-23.232,-11.698,3.1875
-6.4234,-33.332,-7.08,25.699,-0.48499,-23.357,2.149,-12.794,-43.388,-31.265,-15.047,-0.94835
-9.3437,-44.337,-11.709,33.69,0.40424,-31.813,2.3768,-13.611,-48.489,-39.53,-18.487,-4.5479
-12.207,-53.063,-15.415,39.735,0.98979,-38.777,2.5458,-14.599,-53.601,-46.954,-22.053,-7.7318
-14.804,-59.477,-18.015,43.873,1.5071,-44.228,2.6517,-15.745,-58.578,-52.945,-25.733,-10.657
-16.784,-63.868,-20.207,46.34,2.0583,-48.388,2.7037,-16.964,-63.243,-57.456,-29.449,-13.448
-17.884,-66.691,-22.903,47.522,2.6545,-51.618,2.7184,-18.163,-67.488,-60.789,-33.089,-16.155
-18.175,-68.72,-26.081,47.966,3.2515,-54.392,2.7109,-19.285,-71.309,-63.406,-36.546,-18.748
-18.036,-70.785,-29.333,48.32,3.7838,-57.032,2.6896,-20.32,-74.749,-65.752,-39.754,-21.127
-17.905,-73.032,-32.361,49.113,4.1947,-59.433,2.6565,-21.27,-77.803,-68.02,-42.679,-23.179
-18.047,-75.024,-35.002,50.433,4.4576,-61.384,2.6163,-22.109,-80.372,-70.008,-45.299,-24.859
-18.563,-76.495,-37.223,51.996,4.5838,-62.842,2.5785,-22.756,-82.347,-71.413,-47.593,-26.208
-19.468,-77.529,-39.171,53.498,4.6201,-63.945,2.5695,-23.062,-83.702,-72.217,-49.559,-27.307
-20.683,-78.367,-41.215,54.82,4.6392,-64.942,2.638,-22.797,-84.479,-72.591,-51.245,-28.253
-22.018,-79.303,-43.882,56.014,4.7317,-66.149,2.8556,-21.648,-84.698,-72.675,-52.774,-29.173
-23.235,-80.706,-47.608,57.255,5.0014,-67.94,3.3181,-19.302,-84.27,-72.523,-54.345,-30.269
-24.166,-83.031,-52.289,58.792,5.5712,-70.726,4.0831,-15.889,-82.922,-72.148,-56.226,-31.85
-24.784,-86.001,-56.86,60.801,6.6078,-73.891,4.7943,-14.207,-80.212,-71.533,-58.657,-34.261
-25.123,-87.484,-58.733,62.745,8.3706,-75.191,7.1454,-27.96,-76.34,-70.592,-61.63,-37.343
-25.175,-87.371,-58.353,63.727,10.885,-74.86,10.048,-31.232,-73.686,-69.035,-64.68,-39.383
-24.844,-86.872,-57.336,64.386,11.575,-73.958,11.862,-32.992,-73.022,-66.222,-67.013,-39.461
-23.971,-86.904,-56.344,64.744,11.497,-73.641,12.969,-34.198,-73.391,-63.367,-67.732,-40.07
-22.752,-87.441,-56.548,64.346,12.06,-74.427,14.077,-32.652,-73.595,-63.836,-65.21,-42.124
-24.837,-89.217,-59.083,63.453,13.72,-77.071,16.603,-26.068,-71.595,-63.591,-59.553,-39.817
-27.284,-96.4,-67.887,64.586,17.5,-85.289,22.471,-12.136,-65.613,-61.755,-64.639,-34.062
-25.897,-111.55,-85.957,70.308,26.879,-101.27,33.952,12.03,-54.242,-58.018,-66.201,-37.968
-24.78,-135.92,-112.14,82.006,42.201,-125.85,52.593,46.475,-36.625,-52.232,-70.853,-48.211
-23.693,-168.88,-145.42,98.721,60.067,-158.47,79.021,90.522,-12.084,-44.319,-79.289,-66.719
-21.811,-206.54,-183.18,117.57,79.369,-195.96,113.22,146.55,20.523,-33.223,-89.763,-89.374
-17.855,-241.73,-220.73,133.83,98.943,-232.53,153.84,216.26,63.993,-15.441,-97.291,-108.11
-10.189,-265.43,-251.41,141.84,117.19,-260.59,199.3,300.54,123.73,15.697,-93.891,-116.64
3.1853,-268.89,-267.48,136.51,131.81,-271.93,247.48,399.76,206.67,68.91,-69.947,-108.09
23.655,-243.0,-260.78,112.31,139.02,-257.66,295.7,510.4,317.18,152.3,-15.416,-75.093
50.843,-175.87,-221.75,63.649,133.3,-206.31,340.41,621.93,453.06,270.74,79.407,-12.306
82.507,-63.101,-140.87,-9.5548,109.29,-110.72,377.16,716.21,604.91,423.11,218.25,82.406
114.05,95.46,-12.81,-104.94,61.089,31.665,401.22,770.87,757.52,599.78,388.2,207.32
139.4,297.95,165.47,-218.78,-16.13,221.61,408.34,765.79,893.25,785.95,577.06,356.78
153.25,537.44,391.94,-345.25,-123.39,454.31,394.94,689.3,996.02,965.5,769.91,521.85
152.78,800.65,656.13,-476.37,-256.68,717.73,357.21,540.65,1054.0,1122.3,950.84,690.91
137.74,1068.0,938.93,-602.14,-406.57,992.44,289.97,327.94,1058.9,1240.7,1103.1,850.01
109.82,1314.6,1214.0,-711.02,-558.95,1252.9,187.44,64.098,1002.0,1303.9,1209.1,983.39
71.745,1512.8,1450.7,-790.59,-696.92,1469.8,46.392,-235.35,873.64,1292.9,1251.0,1074.2
26.533,1635.7,1619.2,-829.23,-803.68,1615.0,-129.81,-552.05,664.74,1189.4,1212.7,1106.3
-22.513,1664.2,1696.7,-819.02,-866.27,1667.3,-329.63,-864.45,373.56,983.34,1084.4,1068.4
-71.508,1592.6,1674.1,-758.9,-878.96,1619.5,-535.25,-1149.6,12.086,679.97,868.63,958.4
-116.4,1432.0,1558.9,-656.13,-844.24,1480.6,-726.56,-1387.1,-391.55,303.42,583.51,787.06
-153.54,1207.5,1372.4,-525.02,-770.82,1274.4,-885.52,-1561.9,-796.77,-105.16,261.89,576.63
-180.03,951.98,1144.3,-383.53,-671.14,1031.9,-999.87,-1666.6,-1158.3,-494.92,-55.107,356.04
-193.99,698.06,905.16,-249.18,-559.28,784.85,-1065.3,-1701.3,-1434.7,-816.58,-327.54,153.9
-195.21,472.5,681.32,-135.54,-448.47,559.88,-1085.3,-1672.5,-1597.9,-1034.5,-526.07,-7.9862
-185.47,292.9,492.22,-50.559,-349.37,375.37,-1068.1,-1591.8,-1640.0,-1135.1,-637.99,-118.31
-168.1,167.51,349.46,3.3116,-269.4,241.13,-1023.5,-1473.1,-1574.1,-1127.8,-667.76,-176.59
-146.99,96.668,257.2,27.778,-212.52,159.3,-960.22,-1330.6,-1428.0,-1038.4,-632.4,-190.57
-125.54,74.516,212.84,27.427,-179.14,125.63,-884.02,-1175.6,-1234.4,-898.88,-554.25,-172.44
-105.84,90.235,208.0,8.951,-166.33,130.55,-797.28,-1015.3,-1022.9,-738.46,-454.63,-135.2
-88.857,129.49,229.99,-19.571,-168.7,160.62,-700.35,-854.0,-815.27,-578.69,-350.49,-90.26
-75.287,176.67,263.95,-49.891,-179.36,200.77,-594.03,-694.95,-624.83,-433.13,-253.74,-46.385
-65.435,217.61,295.48,-74.981,-191.03,236.91,-481.79,-542.78,-459.2,-309.16,-171.91,-9.5249
-58.648,242.12,313.36,-90.121,-197.6,258.43,-370.22,-403.88,-322.54,-210.11,-108.98,17.038
-53.261,245.64,311.53,-93.091,-195.34,259.94,-267.37,-284.55,-216.05,-136.45,-66.666,32.531
-47.387,228.29,290.18,-84.653,-183.42,241.36,-180.03,-188.97,-138.1,-86.919,-44.191,37.642
-41.673,194.58,254.9,-69.547,-163.07,206.92,-111.45,-117.7,-84.616,-57.071,-35.95,34.25
-38.002,153.9,212.51,-51.889,-138.3,163.75,-60.913,-68.459,-49.437,-40.248,-33.286,28.567
-35.801,113.89,170.56,-33.397,-116.3,120.7,-24.927,-33.688,-25.167,-30.415,-32.505,21.989
-34.105,77.271,131.33,-16.572,-97.006,81.5,0.91516,-5.9792,-5.8305,-22.321,-31.498,14.458
-31.931,47.492,96.142,-4.4352,-78.846,49.09,20.232,18.136,11.586,-13.316,-29.398,5.2598
-29.039,26.134,68.113,0.90308,-62.983,25.145,35.197,40.497,27.406,-3.1745,-26.566,5.0551
-25.981,13.071,47.572,4.3319,-51.653,9.5652,46.984,61.221,40.776,6.9822,-21.839,5.3214
-22.953,6.7675,33.159,7.5226,-44.17,0.41929,56.349,79.823,51.239,14.647,-17.954,4.7934
-20.169,3.9585,23.336,10.059,-39.536,-5.1328,64.081,96.293,58.739,19.074,-15.612,3.7233
-17.959,1.7965,17.232,12.622,-37.236,-8.6654,71.108,109.25,64.203,23.999,-14.23,2.6266
-16.507,-1.9191,14.775,14.297,-36.669,-11.712,78.412,116.66,69.684,29.658,-13.392,1.6856
-15.761,-6.9308,16.944,13.297,-36.448,-16.727,86.576,122.11,75.584,35.458,-12.778,0.84995
-15.507,-10.336,17.753,13.093,-35.787,-20.519,95.118,127.47,81.826,41.08,-12.184,0.067048
-15.456,-10.288,14.488,14.008,-34.311,-17.535,103.31,133.07,88.204,46.442,-11.521,-0.66982
-15.336,-10.845,9.5472,15.119,-32.322,-16.384,110.46,140.11,94.441,51.494,-10.78,-1.3451
-14.987,-11.754,7.2462,16.029,-30.317,-18.096,116.19,147.35,100.34,56.202,-9.993,-1.9351
-14.41,-12.554,6.1504,16.662,-28.323,-20.379,120.38,153.63,105.88,60.589,-9.1935,-2.4152
-13.714,-13.168,5.498,17.075,-26.443,-22.312,123.67,159.55,111.17,64.722,-8.395,-2.7688
-13.013,-13.626,5.0767,17.349,-24.871,-23.741,126.6,165.62,116.28,68.654,-7.5908,-2.9966
-12.355,-13.966,4.7944,17.53,-23.727,-24.727,129.27,171.59,121.26,72.414,-6.7661,-3.1197
-11.713,-14.202,4.6053,17.628,-22.998,-25.338,131.73,177.11,126.08,76.02,-5.9121,-3.1735
-11.032,-14.324,4.4921,17.631,-22.58,-25.622,134.19,182.1,130.64,79.479,-5.0334,-3.1964
-10.277,-14.31,4.461,17.531,-22.363,-25.605,137.01,186.69,134.82,82.787,-4.1464,-3.2191
-9.4569,-14.138,4.5402,17.32,-22.301,-25.302,140.27,191.02,138.56,85.937,-3.2701,-3.2597
-8.6172,-13.802,4.7791,16.993,-22.426,-24.724,143.74,195.18,141.86,88.927,-2.4164,-3.3239
-7.8291,-13.317,5.2476,16.552,-22.811,-23.882,147.09,199.19,144.83,91.781,-1.5846,-3.4067
-7.1636,-12.707,6.0366,16.02,-23.505,-22.804,150.21,203.07,147.63,94.546,-0.76265,-3.4942
-6.6731,-11.995,7.257,15.436,-24.485,-21.536,153.09,206.84,150.44,97.297,0.066812,-3.5656
-6.3806,-11.198,9.0258,14.836,-25.695,-20.133,155.78,210.5,153.38,100.11,0.91801,-3.5969
-6.2807,-10.332,11.418,14.249,-27.073,-18.645,158.33,214.04,156.51,103.05,1.7979,-3.5669
-6.3511,-9.4152,14.386,13.698,-28.563,-17.112,160.8,217.44,159.81,106.12,2.7063,-3.4662
-6.5629,-8.475,17.734,13.194,-30.121,-15.566,163.23,220.72,163.22,109.28,3.6389,-3.3018
-6.8837,-7.5403,21.179,12.741,-31.705,-14.037,165.63,223.92,166.67,112.41,4.5889,-3.0924
-7.273,-6.636,24.476,12.338,-33.284,-12.554,167.99,227.12,170.16,115.43,5.5464,-2.8581
-7.6927,-5.7766,27.506,11.985,-34.834,-11.138,170.31,230.41,173.66,118.31,6.4959,-2.6113
-8.1382,-4.9655,30.316,11.68,-36.335,-9.7989,172.6,233.81,177.15,121.05,7.4132,-2.3566
-8.6453,-4.1969,33.08,11.422,-37.764,-8.5397,174.86,237.25,180.6,123.72,8.2671,-2.0966
-9.246,-3.4602,35.992,11.198,-39.081,-7.3681,177.09,240.6,183.96,126.38,9.0267,-1.8365
-9.9182,-2.7444,39.148,10.982,-40.235,-6.303,179.3,243.71,187.19,129.07,9.6739,-1.5853
-10.582,-2.0412,42.491,10.741,-41.193,-5.3647,181.49,246.53,190.32,131.8,10.213,-1.3522
-11.139,-1.345,45.829,10.451,-41.977,-4.5589,183.7,249.11,193.41,134.53,10.672,-1.1424
-11.513,-0.64983,48.94,10.102,-42.66,-3.8695,185.96,251.59,196.57,137.21,11.094,-0.95383
-11.669,0.05299,51.692,9.6942,-43.322,-3.2623,188.25,254.08,199.85,139.83,11.52,-0.77908
-11.604,0.77893,54.091,9.2375,-43.999,-2.6932,190.53,256.68,203.28,142.39,11.969,-0.60811
-11.354,1.554,56.247,8.7409,-44.697,-2.1126,192.76,259.37,206.81,144.93,12.434,-0.43172
-10.996,2.4165,58.312,8.2121,-45.411,-1.4691,194.93,262.12,210.35,147.47,12.885,-0.24458
-10.63,3.4145,60.423,7.6571,-46.15,-0.71367,196.99,264.87,213.82,150.02,13.291,-0.048116
-10.348,4.5973,62.68,7.0801,-46.946,0.19441,198.96,267.59,217.17,152.61,13.632,0.1477
-10.206,6.0073,65.142,6.4828,-47.845,1.2847,200.86,270.32,220.39,155.27,13.911,0.32539
-10.208,7.6788,67.838,5.8638,-48.879,2.5791,202.75,273.13,223.5,158.03,14.151,0.46434
-10.313,9.6433,70.782,5.2198,-50.05,4.1015,204.68,276.05,226.58,160.93,14.385,0.5478
-10.459,11.931,73.97,4.5525,-51.339,5.8878,206.66,279.08,229.69,163.97,14.639,0.56962
-10.61,14.562,77.367,3.8765,-52.716,7.9907,208.66,282.22,232.92,167.15,14.931,0.53633
-10.764,17.534,80.884,3.2217,-54.168,10.47,210.61,285.45,236.29,170.48,15.263,0.46241
-10.96,20.797,84.379,2.6247,-55.703,13.367,212.48,288.77,239.82,173.96,15.63,0.36194
-11.231,24.256,87.728,2.1159,-57.338,16.654,214.28,292.16,243.49,177.53,16.018,0.24225
-11.591,27.776,90.897,1.711,-59.088,20.211,216.04,295.61,247.27,181.13,16.417,0.10319
-12.042,31.226,93.915,1.4079,-60.945,23.847,217.78,299.08,251.1,184.7,16.822,-0.058548
-12.582,34.525,96.8,1.1884,-62.874,27.38,219.51,302.56,254.97,188.18,17.238,-0.24404
-13.197,37.64,99.526,1.0234,-64.811,30.707,221.23,306.08,258.85,191.55,17.675,-0.4497
-13.842,40.555,102.06,0.88104,-66.687,33.804,222.93,309.65,262.74,194.81,18.144,-0.67003
-14.455,43.239,104.39,0.73573,-68.454,36.69,224.63,313.29,266.62,197.96,18.66,-0.90321
-14.976,45.671,106.57,0.57228,-70.099,39.409,226.34,317.02,270.51,201.05,19.242,-1.1551
-15.36,47.887,108.7,0.38389,-71.64,42.024,228.09,320.81,274.39,204.08,19.915,-1.4384
-15.588,49.994,110.86,0.1664,-73.114,44.595,229.93,324.62,278.27,207.07,20.709,-1.7679
-15.655,52.126,113.12,-0.08657,-74.554,47.174,231.89,328.38,282.12,210.05,21.657,-2.1535
-15.575,54.399,115.53,-0.3854,-75.979,49.81,234.04,332.11,285.94,213.04,22.79,-2.5956
-15.376,56.892,118.14,-0.7436,-77.397,52.547,236.42,335.81,289.73,216.09,24.124,-3.0834
-15.094,59.636,120.94,-1.1752,-78.8,55.424,239.02,339.56,293.54,219.19,25.657,-3.5954
-14.762,62.619,123.91,-1.6926,-80.179,58.456,241.74,343.41,297.45,222.33,27.364,-4.1046
-14.397,65.801,127.01,-2.306,-81.523,61.63,244.4,347.42,301.53,225.51,29.211,-4.586
-13.994,69.132,130.2,-3.0293,-82.823,64.912,246.81,351.6,305.83,228.71,31.168,-5.0257
-13.53,72.56,133.46,-3.8883,-84.08,68.257,248.91,355.94,310.36,232.01,33.225,-5.4255
-12.98,76.038,136.8,-4.928,-85.308,71.622,250.74,360.41,315.09,235.49,35.4,-5.7995
-12.343,79.511,140.24,-6.2039,-86.533,74.964,252.42,364.99,319.96,239.22,37.732,-6.1624
-11.644,82.93,143.77,-7.7494,-87.781,78.251,254.1,369.65,324.94,243.24,40.263,-6.516
-10.932,86.265,147.36,-9.5335,-89.068,81.461,255.91,374.39,330.01,247.51,43.022,-6.8399
-10.253,89.51,150.95,-11.457,-90.389,84.591,257.97,379.22,335.18,251.93,46.004,-7.0959
-9.6319,92.673,154.48,-13.413,-91.721,87.648,260.37,384.12,340.48,256.42,49.159,-7.2455
-9.0662,95.767,157.94,-15.338,-93.041,90.641,263.09,389.03,345.94,260.91,52.391,-7.2722
-8.5479,98.81,161.34,-17.22,-94.344,93.586,266.01,393.88,351.52,265.38,55.584,-7.1906
-8.0756,101.81,164.68,-19.062,-95.653,96.498,268.86,398.6,357.11,269.85,58.649,-7.0338
-7.6602,104.76,168.01,-20.864,-97.02,99.374,271.35,403.18,362.59,274.32,61.553,-6.8293
-7.3186,107.62,171.36,-22.613,-98.503,102.19,273.31,407.66,367.82,278.8,64.328,-6.5821
-7.0676,110.39,174.75,-24.297,-100.14,104.96,274.75,412.12,372.76,283.31,67.044,-6.2749
-6.9183,113.11,178.22,-25.905,-101.94,107.72,275.85,416.67,377.43,287.86,69.784,-5.8851
-6.8731,115.85,181.8,-27.43,-103.85,110.57,276.9,421.39,381.96,292.48,72.615,-5.4055
-6.9253,118.7,185.5,-28.868,-105.8,113.54,278.24,426.37,386.43,297.2,75.572,-4.8548
-7.0603,121.71,189.34,-30.221,-107.75,116.64,280.15,431.59,390.91,302.07,78.65,-4.2702
-7.2607,124.89,193.3,-31.506,-109.72,119.85,282.68,437.02,395.38,307.12,81.818,-3.689
-7.513,128.24,197.42,-32.753,-111.76,123.15,285.64,442.55,399.79,312.41,85.04,-3.1341
-7.8121,131.8,201.74,-34.01,-113.97,126.6,288.73,448.08,404.12,317.91,88.309,-2.6106
-8.1575,135.57,206.28,-35.328,-116.43,130.28,291.74,453.57,408.39,323.51,91.647,-2.1123
-8.5416,139.57,211.02,-36.759,-119.26,134.25,294.6,459.05,412.69,329.12,95.09,-1.63
-8.9371,143.77,215.83,-38.345,-122.46,138.59,297.28,464.58,417.14,334.66,98.66,-1.1594
-9.2951,148.11,220.56,-40.114,-125.99,143.32,299.77,470.26,421.84,340.13,102.36,-0.70344
-9.5565,152.56,225.07,-42.073,-129.68,148.43,302.06,476.21,426.83,345.56,106.17,-0.27074
-9.6711,157.17,229.36,-44.217,-133.4,153.84,304.17,482.44,432.11,350.99,110.09,0.1295
-9.6229,162.05,233.53,-46.537,-137.06,159.41,306.14,488.88,437.6,356.42,114.11,0.4934
-9.4244,167.33,237.72,-49.002,-140.58,164.91,308.0,495.38,443.17,361.78,118.24,0.82597
-9.1068,173.03,242.1,-51.538,-143.89,170.17,309.76,501.75,448.7,367.01,122.5,1.1415
-8.6953,179.03,246.87,-54.055,-146.88,175.25,311.49,507.84,454.12,372.09,126.92,1.4608
-8.1965,185.13,252.23,-56.529,-149.52,180.45,313.24,513.58,459.46,377.13,131.5,1.8058
-7.604,191.22,258.24,-59.03,-151.81,186.07,315.09,519.01,464.81,382.28,136.22,2.193
-6.9116,197.35,264.8,-61.683,-153.83,192.27,317.1,524.21,470.32,387.73,141.07,2.6279
-6.1282,203.6,271.66,-64.594,-155.68,198.98,319.3,529.38,476.1,393.57,146.01,3.1055
-5.2867,210.08,278.63,-67.825,-157.54,206.08,321.71,534.76,482.22,399.86,151.03,3.6148
-4.4455,216.87,285.68,-71.397,-159.67,213.43,324.29,540.5,488.61,406.52,156.17,4.1486
-3.6797,224.07,292.9,-75.278,-162.37,220.94,326.98,546.56,495.09,413.45,161.5,4.7129
-3.0599,231.75,300.42,-79.343,-165.92,228.57,329.68,552.67,501.53,420.57,167.09,5.3342
-2.6296,239.89,308.24,-83.358,-170.38,236.19,332.32,558.53,507.86,427.82,172.95,6.059
-2.395,248.25,316.27,-87.112,-175.34,243.55,334.83,564.11,514.18,435.22,179.06,6.9476
-2.3299,256.42,324.44,-90.55,-180.27,250.45,337.14,569.69,520.65,442.8,185.36,8.0648
-2.3912,264.05,332.81,-93.767,-184.74,256.83,339.23,575.78,527.44,450.59,191.82,9.4682
-2.5359,271.08,341.49,-96.892,-188.59,262.94,341.08,582.66,534.7,458.61,198.47,11.191
-2.7348,277.76,350.43,-100.02,-191.89,269.23,342.7,589.97,542.47,466.88,205.34,13.221
-2.974,284.4,359.4,-103.16,-194.88,276.1,344.08,597.01,550.62,475.42,212.43,15.492
-3.2491,291.19,368.13,-106.34,-197.92,283.74,345.25,603.55,558.85,484.23,219.7,17.914
-3.5573,298.23,376.53,-109.58,-201.34,292.13,346.2,609.73,566.84,493.26,227.05,20.417
-3.8933,305.68,384.71,-112.95,-205.49,301.16,346.97,615.73,574.41,502.4,234.37,22.966
-4.2514,313.8,393.18,-116.45,-210.65,310.63,347.61,621.63,581.6,511.51,241.58,25.537
-4.6233,322.73,402.52,-120.07,-216.82,320.3,348.16,627.36,588.65,520.49,248.66,28.101
-4.999,332.29,412.64,-123.72,-222.98,330.04,348.67,632.82,595.79,529.29,255.63,30.625
-5.3696,342.1,422.41,-127.33,-227.82,339.81,349.18,637.86,603.12,537.97,262.54,33.1
-5.7323,351.9,431.0,-130.86,-231.22,349.6,349.69,642.36,610.57,546.67,269.46,35.548
-6.0974,361.56,438.62,-134.31,-233.79,359.41,350.21,646.26,617.98,555.46,276.49,38.013
-6.4937,371.08,446.11,-137.74,-236.24,369.26,350.75,649.58,625.15,564.36,283.69,40.552
-6.9667,380.55,454.33,-141.21,-239.22,379.17,351.29,652.37,631.97,573.26,291.11,43.219
-7.5641,390.12,463.91,-144.75,-243.45,389.16,351.81,654.74,638.38,582.0,298.73,46.039
-8.3119,399.88,474.9,-148.32,-249.48,399.21,352.18,656.76,644.4,590.44,306.52,48.981
-9.1955,409.7,486.65,-151.86,-257.01,409.14,352.16,658.5,650.11,598.45,314.42,51.965
-10.163,419.17,498.12,-155.26,-264.76,418.55,351.38,660.0,655.59,605.89,322.37,54.882
-11.149,427.85,508.43,-158.45,-271.61,427.14,349.67,661.25,660.89,612.67,330.29,57.638
-12.107,435.48,517.26,-161.4,-277.32,434.95,347.18,662.18,665.99,618.77,338.11,60.166
-13.027,442.17,524.93,-164.1,-282.08,442.25,344.22,662.62,670.74,624.3,345.77,62.437
-13.935,448.22,532.13,-166.6,-286.13,449.33,341.03,662.29,674.93,629.51,353.21,64.454
-14.862,454.01,539.59,-168.94,-289.67,456.42,337.54,660.9,678.35,634.65,360.42,66.239
-15.81,459.82,547.69,-171.17,-292.83,463.65,333.51,658.26,680.92,640.0,367.38,67.813
-16.724,465.76,555.91,-173.39,-295.73,471.07,328.69,654.28,682.64,645.75,374.09,69.186
-17.521,471.77,563.11,-175.74,-298.48,478.52,322.92,648.91,683.6,651.8,380.53,70.351
-18.139,477.78,568.66,-178.37,-301.22,485.68,316.14,642.09,683.86,657.74,386.67,71.298
-18.591,483.7,572.85,-181.41,-304.03,492.28,308.39,633.78,683.41,663.04,392.49,72.046
-18.972,489.42,576.42,-184.77,-306.79,498.15,299.75,623.91,682.17,667.49,398.05,72.686
-19.416,494.69,580.07,-187.96,-309.27,502.92,290.35,612.52,680.04,671.14,403.52,73.31
-20.047,499.01,584.03,-190.1,-311.32,506.16,280.54,599.81,676.96,673.99,409.04,73.595
-20.927,501.75,588.2,-190.52,-312.92,507.83,270.96,586.14,673.02,675.94,414.45,72.69
-22.048,502.34,592.37,-189.14,-314.1,508.34,262.08,571.98,668.39,676.83,419.14,70.411
-23.406,500.45,596.09,-186.21,-314.77,507.97,254.08,557.81,663.16,676.81,422.39,67.623
-25.289,495.99,598.29,-181.93,-314.76,506.4,246.76,544.11,657.3,676.04,423.78,65.022
-28.112,489.07,597.61,-176.35,-313.96,503.01,239.6,531.16,650.66,674.31,422.96,62.428
-31.456,479.86,593.32,-169.27,-312.33,497.18,231.98,518.45,643.0,671.05,419.26,59.337
-34.74,468.61,585.53,-160.48,-309.86,488.59,223.39,504.98,634.02,665.68,411.98,54.459
-37.827,455.56,574.66,-150.23,-306.53,477.33,213.62,490.31,623.43,657.81,402.25,45.913
-41.089,440.99,561.45,-138.87,-302.3,464.03,203.24,474.66,611.03,647.45,392.63,33.839
-45.156,425.15,547.42,-126.69,-297.43,449.68,193.31,458.43,596.7,634.92,382.99,19.363
-50.496,408.06,534.54,-114.28,-292.76,435.27,184.86,442.01,580.5,620.62,371.33,3.5747
-57.259,389.53,523.94,-102.03,-289.32,421.42,178.27,425.84,562.68,604.3,356.73,-12.522
-65.215,370.92,515.49,-89.474,-287.34,408.27,173.38,410.17,543.58,584.39,339.35,-28.653
-73.681,351.9,508.23,-76.258,-286.1,395.58,169.89,394.91,523.24,566.07,319.69,-45.121
-81.599,331.81,500.87,-63.001,-284.63,382.87,167.26,379.53,501.11,547.54,298.37,-62.193
-88.059,310.86,492.16,-50.264,-282.08,369.55,164.81,363.12,479.1,527.27,276.01,-79.878
-93.012,289.42,481.07,-37.847,-278.01,354.76,162.14,345.51,457.75,505.46,253.23,-98.001
-97.157,268.02,467.25,-25.421,-272.67,336.62,159.48,328.16,435.5,482.33,230.62,-116.27
-101.11,247.24,451.75,-12.783,-266.84,315.97,158.04,312.3,412.0,457.99,208.76,-134.22
-105.28,227.54,436.22,0.16676,-261.27,297.66,158.52,297.87,387.51,432.66,188.01,-151.32
-110.32,209.37,421.21,13.478,-256.42,281.95,159.5,284.74,362.63,406.83,168.5,-167.05
-116.85,192.82,407.42,27.162,-252.56,267.78,160.06,273.12,338.45,381.4,150.22,-181.02
-124.87,177.26,396.2,41.14,-249.75,255.18,160.33,263.15,316.14,357.51,133.03,-193.18
-133.66,161.92,388.05,55.149,-247.91,244.0,160.59,254.57,296.62,336.21,116.8,-203.87
-142.35,146.51,382.04,68.78,-246.72,233.85,160.97,246.75,280.15,317.43,101.37,-213.83
-150.03,131.15,376.63,81.515,-245.7,224.23,161.47,239.03,266.12,300.35,86.63,-223.89
-156.05,116.17,370.62,92.867,-244.44,214.34,162.03,230.95,253.09,283.72,72.527,-234.67
-160.18,101.93,363.69,102.53,-242.83,204.0,162.56,222.16,239.64,266.92,59.128,-246.22
-162.63,88.759,356.5,110.54,-241.0,194.09,163.06,212.54,225.3,249.99,46.659,-257.95
-164.05,76.821,350.11,117.26,-239.18,185.55,163.52,202.46,210.54,233.45,35.465,-268.74
-165.45,66.197,344.84,123.24,-237.5,178.55,163.98,192.67,196.51,218.2,25.948,-277.5
-167.81,56.74,340.37,128.96,-235.99,172.66,164.48,184.1,184.74,205.14,18.445,-283.65
-171.16,48.336,336.56,134.74,-234.62,167.32,164.99,177.4,176.34,194.87,12.958,-287.25
-174.57,40.925,333.37,140.76,-233.43,162.16,165.53,172.82,170.48,187.52,8.7997,-288.82
-177.52,34.314,330.81,147.07,-232.5,157.18,166.06,170.28,165.31,182.67,5.1347,-288.99
-180.32,28.269,329.0,153.64,-231.91,152.72,166.6,169.41,159.96,178.91,1.6965,-288.33
-183.54,22.655,328.17,160.34,-231.78,149.43,167.18,169.65,154.52,174.7,-1.418,-287.25
-187.71,17.419,328.55,167.05,-232.3,147.84,167.85,170.3,149.29,169.61,-4.0818,-286.0
-193.11,12.637,330.24,173.61,-233.65,147.75,168.61,170.84,144.65,164.0,-6.234,-284.72
-199.76,8.6719,333.15,179.9,-235.87,148.54,169.44,171.08,141.31,158.45,-7.8766,-283.47
-207.28,5.7625,336.96,185.71,-238.83,149.7,170.32,171.13,139.74,153.72,-9.0588,-282.24
-214.94,3.6747,341.2,190.78,-242.29,150.88,171.25,171.2,139.49,150.36,-9.8619,-281.0
-221.55,2.0729,345.26,194.89,-245.72,151.76,172.22,171.42,139.81,148.32,-10.385,-279.66
-225.84,0.7451,348.49,197.98,-248.38,152.07,173.19,171.82,140.26,147.24,-10.725,-278.13
-227.09,-0.41355,350.35,200.2,-249.59,151.71,174.12,172.38,140.7,146.77,-10.958,-276.3
-225.72,-1.4484,350.68,201.97,-249.22,150.93,175.0,173.09,141.12,146.66,-11.12,-274.0
-223.03,-2.3737,349.9,203.81,-247.79,150.2,175.86,173.98,141.57,146.75,-11.207,-271.06
-220.59,-3.1929,348.79,206.14,-246.24,149.94,176.77,175.03,142.05,146.92,-11.176,-267.27
-219.78,-3.9111,348.29,209.1,-245.54,150.27,177.79,176.28,142.59,147.08,-10.966,-262.51
-221.48,-4.5401,349.23,212.47,-246.33,151.11,178.96,177.69,143.2,147.24,-10.516,-256.83
-225.53,-5.0913,352.0,215.88,-248.7,152.33,180.23,179.22,143.88,147.46,-9.7799,-250.47
-230.69,-5.5673,356.23,219.07,-252.13,153.85,181.54,180.81,144.64,147.79,-8.7391,-243.81
-235.83,-5.959,361.22,221.96,-255.99,155.63,182.85,182.4,145.5,148.25,-7.3987,-237.23
-240.61,-6.2533,366.53,224.54,-259.88,157.64,184.12,183.98,146.48,148.85,-5.7805,-231.0
-245.0,-6.4435,372.02,226.87,-263.59,159.87,185.41,185.55,147.58,149.55,-3.9074,-225.2
-248.89,-6.5343,377.61,228.99,-266.86,162.27,186.73,187.14,148.78,150.41,-1.7906,-219.79
-252.03,-6.5364,383.05,230.9,-269.4,164.86,188.14,188.77,150.1,151.44,0.57454,-214.62
-254.21,-6.4613,387.91,232.61,-271.11,167.6,189.62,190.46,151.54,152.66,3.2023,-209.51
-255.46,-6.3171,391.87,234.09,-272.07,170.39,191.1,192.17,153.11,154.08,6.1061,-204.34
-255.87,-6.109,394.98,235.35,-272.5,173.15,192.48,193.88,154.8,155.65,9.2933,-199.07
-255.64,-5.8388,397.5,236.37,-272.67,175.86,193.68,195.54,156.6,157.32,12.77,-193.74
-255.12,-5.5069,399.84,237.21,-272.91,178.59,194.66,197.15,158.48,159.04,16.556,-188.37
-254.79,-5.1167,402.27,237.9,-273.45,181.42,195.47,198.71,160.42,160.81,20.696,-182.96
-254.94,-4.6794,404.89,238.52,-274.36,184.38,196.22,200.25,162.44,162.66,25.267,-177.42
-255.52,-4.2157,407.67,239.12,-275.58,187.4,197.0,201.84,164.52,164.65,30.358,-171.66
-256.46,-3.7505,410.54,239.75,-277.02,190.38,197.88,203.53,166.69,166.86,36.027,-165.65
-257.67,-3.3034,413.58,240.46,-278.66,193.27,198.87,205.34,168.94,169.33,42.221,-159.46
-259.18,-2.88,416.96,241.29,-280.57,196.1,199.94,207.29,171.25,172.06,48.722,-153.38
-261.01,-2.4699,420.95,242.26,-282.86,198.95,201.02,209.34,173.62,175.0,55.186,-147.58
-263.19,-2.0534,425.79,243.38,-285.58,201.91,202.05,211.44,175.98,178.06,61.303,-141.99
-265.69,-1.6142,431.3,244.68,-288.62,205.07,202.97,213.52,178.34,181.13,66.94,-136.33
-268.38,-1.1509,436.89,246.17,-291.67,208.43,203.76,215.55,180.66,184.14,72.148,-130.43
-271.13,-0.67531,442.19,247.87,-294.47,211.97,204.45,217.54,182.94,187.05,77.045,-124.35
-273.89,-0.20213,447.33,249.73,-297.03,215.64,205.12,219.52,185.19,189.86,81.712,-118.23
-276.77,0.26264,452.57,251.7,-299.54,219.38,205.86,221.57,187.37,192.56,86.159,-112.28
-279.91,0.72545,458.02,253.69,-302.23,223.15,206.75,223.73,189.5,195.18,90.357,-106.62
-283.39,1.2004,463.63,255.64,-305.18,226.95,207.81,226.05,191.61,197.7,94.288,-101.14
-287.12,1.7018,469.37,257.51,-308.37,230.79,209.01,228.49,193.71,200.11,97.97,-95.547
-290.92,2.2398,475.3,259.26,-311.77,234.69,210.28,231.0,195.82,202.41,101.46,-89.62
-294.74,2.8198,481.61,260.88,-315.44,238.67,211.54,233.5,197.95,204.62,104.83,-83.347
-298.61,3.4448,488.39,262.4,-319.47,242.7,212.75,235.92,200.1,206.78,108.14,-76.852
-302.55,4.1155,495.29,263.83,-323.78,246.76,213.92,238.26,202.25,208.91,111.41,-70.265
-306.25,4.8296,501.58,265.18,-327.9,250.79,215.09,240.54,204.38,211.06,114.63,-63.744
-309.05,5.5807,506.79,266.4,-331.21,254.75,216.27,242.8,206.44,213.23,117.76,-57.458
-310.45,6.3526,510.97,267.45,-333.49,258.65,217.44,245.11,208.4,215.4,120.79,-51.452
-310.61,7.1145,514.62,268.34,-335.02,262.61,218.55,247.46,210.25,217.53,123.72,-45.591
-310.25,7.8197,518.31,269.12,-336.36,266.71,219.53,249.81,212.02,219.61,126.58,-39.68
-310.15,8.4173,522.51,269.86,-337.94,270.94,220.34,252.07,213.72,221.59,129.43,-33.714
-310.93,8.869,527.34,270.7,-339.95,275.14,220.99,254.17,215.38,223.47,132.3,-27.941
-312.95,9.1633,532.6,271.74,-342.36,279.06,221.51,256.06,217.0,225.24,135.21,-22.506
-316.29,9.3152,537.95,273.07,-345.03,282.49,221.94,257.71,218.57,226.96,138.13,-17.285
-320.59,9.355,543.12,274.73,-347.76,285.37,222.35,259.18,220.08,228.63,140.98,-12.248
-325.12,9.3161,547.92,276.65,-350.34,287.66,222.76,260.51,221.49,230.29,143.71,-7.6368
-329.15,9.225,552.25,278.71,-352.62,289.42,223.21,261.73,222.77,231.93,146.28,-3.6077
-332.4,9.0945,555.93,280.79,-354.5,290.67,223.68,262.87,223.92,233.54,148.7,0.033585
-334.86,8.9257,558.84,282.85,-355.93,291.48,224.16,263.9,224.94,235.11,151.0,3.7103
-336.68,8.7154,560.96,284.85,-356.92,291.88,224.61,264.77,225.86,236.6,153.21,7.8325
-338.18,8.4667,562.45,286.81,-357.53,292.0,224.99,265.42,226.68,237.99,155.33,12.524
-339.77,8.1949,563.66,288.8,-357.96,291.99,225.31,265.83,227.41,239.22,157.34,17.438
-341.85,7.9251,565.01,291.0,-358.5,292.01,225.58,266.07,228.02,240.27,159.17,22.016
-344.98,7.6842,567.04,293.71,-359.67,292.23,225.92,266.32,228.51,241.16,160.74,25.976
-349.26,7.4911,570.43,297.24,-362.61,292.82,226.48,266.82,228.87,241.95,162.0,29.377
-353.17,7.3526,575.64,301.53,-367.87,294.03,227.35,267.74,229.15,242.71,162.98,32.362
-356.15,7.2616,581.62,305.56,-373.14,296.18,228.18,268.91,229.4,243.49,163.8,34.999
-358.4,7.2,586.11,308.25,-377.4,299.36,228.17,269.69,229.56,244.1,164.64,37.312
-360.04,7.1447,588.72,309.56,-380.65,302.73,226.83,269.39,229.3,244.16,165.65,39.331
-361.14,7.074,590.98,309.68,-382.46,304.59,224.0,267.6,228.09,243.35,166.8,41.083
-361.49,6.9734,592.44,308.42,-381.97,303.76,219.78,264.12,225.67,241.77,167.71,42.521
-360.43,6.8384,590.76,305.34,-377.86,300.36,214.42,258.7,222.21,239.75,167.78,43.455
-356.06,6.6738,584.08,299.89,-368.65,295.53,208.21,251.14,217.71,237.15,166.44,43.596
-343.58,6.4869,571.2,291.82,-353.29,289.51,201.37,241.87,211.86,233.31,163.41,42.709
-318.39,6.2793,551.94,281.29,-331.81,281.79,193.99,231.96,204.43,227.65,158.7,40.745
-289.61,6.0416,527.31,268.97,-305.39,272.38,186.05,222.31,195.57,219.96,152.47,37.824
-260.77,5.7552,499.13,255.79,-275.99,261.67,177.47,213.13,185.75,210.53,144.93,34.078
-231.48,5.3989,469.42,242.72,-245.65,249.81,168.37,204.18,175.6,199.99,136.32,29.561
-203.35,4.9582,439.88,230.46,-216.08,236.83,159.03,195.25,165.67,189.04,126.87,24.43
-177.4,4.432,411.66,219.44,-188.35,223.15,149.82,186.23,156.25,178.2,116.91,19.145
-154.02,3.8358,385.39,209.71,-162.96,209.56,141.09,177.11,147.31,167.65,106.78,14.237
-133.07,3.1993,361.38,201.07,-139.98,196.46,132.92,167.87,138.65,157.36,96.847,10.065
-114.18,2.5589,339.82,193.15,-119.32,183.96,125.05,158.67,130.36,147.44,87.395,6.884
-96.999,1.95,320.95,185.62,-100.86,172.23,117.37,149.99,122.94,138.26,78.8,4.7389
-81.27,1.3978,304.94,178.3,-84.441,161.57,110.02,142.49,116.77,130.28,71.615,3.3396
-66.785,0.91146,291.16,171.25,-69.685,152.32,103.17,136.47,111.71,123.7,66.205,2.3376
-53.224,0.48464,276.85,164.6,-55.885,144.37,96.839,131.74,107.11,118.4,62.093,1.5394
-40.013,0.10396,260.58,158.34,-42.077,136.95,90.998,127.77,102.27,113.96,58.187,0.87649
-26.45,-0.24135,245.28,152.27,-27.429,129.33,85.624,123.87,96.758,109.9,53.655,0.33414
-12.138,-0.55428,231.94,146.13,-11.751,121.44,80.668,119.46,90.687,105.78,48.395,-0.08845
2.6661,-0.83051,219.26,139.77,4.3123,113.83,76.054,114.26,84.456,101.28,42.913,-0.39607
17.109,-1.0618,206.96,133.27,19.499,107.31,71.539,108.37,78.418,96.353,37.849,-0.60169
30.133,-1.2405,196.28,126.9,32.542,102.53,66.756,102.14,72.74,91.264,33.557,-0.72525
40.98,-1.3653,188.45,121.0,42.774,99.543,61.419,95.925,67.467,86.345,30.062,-0.79279
49.585,-1.4455,182.36,115.79,50.454,97.619,55.474,89.923,62.605,81.794,27.205,-0.83428
56.651,-1.4997,176.01,111.24,56.677,95.663,49.101,84.166,58.127,77.607,24.779,-0.88135
63.386,-1.5487,168.63,107.13,63.054,92.784,42.619,78.631,53.969,73.652,22.593,-0.9618
70.98,-1.6065,160.17,103.14,70.971,88.546,36.385,73.318,50.013,69.774,20.492,-1.0958
80.154,-1.6761,150.27,99.028,81.124,83.055,30.73,68.242,46.078,65.886,18.37,-1.2949
90.888,-1.7531,138.67,94.719,93.346,76.885,25.893,63.397,41.95,62.01,16.178,-1.557
102.49,-1.833,125.94,90.328,106.57,70.7,21.956,58.745,37.544,58.253,13.924,-1.8696
113.94,-1.9202,113.16,86.076,119.55,64.835,18.82,54.25,33.098,54.686,11.665,-2.2085
124.39,-2.03,101.25,82.156,131.31,59.261,16.21,49.899,29.009,51.222,9.4795,-2.5408
133.4,-2.1807,90.771,78.638,141.45,53.844,13.705,45.697,25.471,47.695,7.4549,-2.8338
140.86,-2.382,82.088,75.469,149.78,48.632,10.891,41.638,22.412,44.051,5.6549,-3.0666
146.83,-2.626,75.152,72.534,156.23,43.936,8.0228,37.656,19.69,40.338,4.0998,-3.2424
151.49,-2.8897,69.514,69.713,160.9,40.016,5.8362,33.654,17.213,36.574,2.7632,-3.3881
155.2,-3.1457,64.582,66.924,164.25,36.747,4.3362,29.609,14.962,32.718,1.5868,-3.544
158.6,-3.376,59.826,64.155,167.14,33.608,3.2049,25.647,12.953,28.783,0.50903,-3.7446
162.42,-3.5762,54.956,61.454,170.6,29.91,2.2628,21.984,11.189,24.918,-0.52847,-4.0035
167.21,-3.7513,49.879,58.878,175.51,25.325,1.435,18.791,9.6416,21.338,-1.5736,-4.3178
173.08,-3.9063,44.441,56.414,182.09,20.477,0.69041,16.128,8.2537,18.197,-2.6597,-4.6687
179.75,-4.0426,38.428,53.959,189.95,16.301,0.012562,13.957,6.9621,15.514,-3.8061,-5.0319
186.86,-4.1592,31.908,51.375,198.45,13.074,-0.61857,12.189,5.7194,13.209,-5.0147,-5.3847
194.06,-4.2571,25.33,48.577,206.96,10.593,-1.2426,10.724,4.5082,11.173,-6.2673,-5.706
200.98,-4.3409,19.141,45.582,214.87,8.606,-1.9362,9.4696,3.3402,9.3328,-7.5248,-5.9837
207.32,-4.4165,13.48,42.471,221.73,6.9397,-2.8359,8.3577,2.2408,7.6696,-8.7361,-6.2123
212.92,-4.4903,8.3398,39.32,227.36,5.4913,-4.155,7.3419,1.2297,6.1932,-9.8523,-6.3916
217.86,-4.5695,3.8496,36.179,231.96,4.2067,-6.1387,6.3979,0.31013,4.909,-10.836,-6.5242
222.39,-4.6627,0.29055,33.088,236.02,3.063,-8.8947,5.5188,-0.53154,3.8028,-11.669,-6.6124
226.96,-4.7789,-2.1695,30.102,240.2,2.0455,-12.215,4.7072,-1.3188,2.8453,-12.359,-6.6648
231.95,-4.922,-3.7653,27.295,245.07,1.1308,-15.674,3.9651,-2.0774,2.0027,-12.93,-6.693
237.36,-5.0865,-5.0031,24.735,250.71,0.29158,-18.938,3.2859,-2.8296,1.2418,-13.427,-6.7158
242.73,-5.2595,-6.2651,22.473,256.51,-0.49138,-21.891,2.6504,-3.5919,0.53127,-13.884,-6.7538
247.29,-5.4292,-7.7051,20.538,261.6,-1.2252,-24.511,2.0305,-4.3706,-0.15598,-14.329,-6.826
250.44,-5.596,-9.3649,18.939,265.41,-1.9122,-26.725,1.398,-5.1596,-0.8393,-14.773,-6.9398
251.93,-5.7774,-11.277,17.661,267.87,-2.5593,-28.447,0.73373,-5.9409,-1.5275,-15.209,-7.0867
252.0,-6.0007,-13.508,16.666,269.21,-3.1832,-29.724,0.032945,-6.6956,-2.2207,-15.617,-7.2402
251.14,-6.288,-16.149,15.906,269.8,-3.8089,-30.805,-0.69659,-7.416,-2.9133,-15.981,-7.3597
249.96,-6.6427,-19.256,15.321,270.08,-4.4631,-31.995,-1.4413,-8.1111,-3.594,-16.294,-7.4021
249.02,-7.0439,-22.774,14.841,270.59,-5.1681,-33.459,-2.1899,-8.8001,-4.2454,-16.558,-7.3428
248.76,-7.4533,-26.524,14.398,271.8,-5.9362,-35.135,-2.9378,-9.4987,-4.8494,-16.784,-7.1793
249.43,-7.8286,-30.285,13.934,273.89,-6.7641,-36.874,-3.6886,-10.21,-5.3984,-16.988,-6.9402
250.99,-8.1349,-33.902,13.408,276.69,-7.6268,-38.575,-4.4507,-10.926,-5.9031,-17.196,-6.669
253.22,-8.3507,-37.321,12.802,279.86,-8.4802,-40.209,-5.2337,-11.647,-6.3903,-17.423,-6.4083
255.89,-8.4675,-40.546,12.11,283.18,-9.2784,-41.775,-6.0437,-12.394,-6.8921,-17.683,-6.1881
258.86,-8.4877,-43.589,11.335,286.57,-9.999,-43.269,-6.8797,-13.214,-7.4325,-17.983,-6.0132
262.02,-8.4205,-46.454,10.48,290.03,-10.656,-44.684,-7.7324,-14.158,-8.0206,-18.324,-5.8675
265.22,-8.2799,-49.147,9.5399,293.52,-11.296,-46.037,-8.585,-15.255,-8.6491,-18.697,-5.7218
268.42,-8.0825,-51.681,8.5054,297.0,-11.976,-47.374,-9.4183,-16.492,-9.2975,-19.086,-5.5483
271.64,-7.8455,-54.086,7.3715,300.37,-12.748,-48.75,-10.221,-17.811,-9.9362,-19.47,-5.3341
275.04,-7.5823,-56.418,6.1568,303.61,-13.643,-50.191,-10.995,-19.125,-10.532,-19.83,-5.0813
278.75,-7.2973,-58.758,4.907,306.77,-14.653,-51.668,-11.757,-20.352,-11.056,-20.146,-4.8028
282.77,-6.987,-61.209,3.6801,309.86,-15.717,-53.103,-12.521,-21.451,-11.493,-20.41,-4.5138
286.88,-6.6496,-63.853,2.5287,312.89,-16.731,-54.413,-13.29,-22.445,-11.847,-20.624,-4.2278
290.75,-6.2956,-66.661,1.4954,315.77,-17.591,-55.543,-14.049,-23.411,-12.142,-20.806,-3.9559
294.09,-5.9495,-69.431,0.61246,318.41,-18.241,-56.479,-14.772,-24.448,-12.416,-20.977,-3.7075
296.67,-5.6414,-71.895,-0.0994,320.74,-18.696,-57.236,-15.441,-25.629,-12.705,-21.158,-3.4883
298.37,-5.3962,-73.927,-0.63467,322.75,-19.018,-57.845,-16.055,-26.962,-13.03,-21.357,-3.2985
299.22,-5.2263,-75.577,-1.0059,324.47,-19.288,-58.343,-16.631,-28.379,-13.394,-21.568,-3.1342
299.48,-5.1332,-76.982,-1.2434,326.01,-19.59,-58.764,-17.201,-29.769,-13.784,-21.779,-2.9902
299.48,-5.1114,-78.275,-1.3891,327.46,-19.997,-59.138,-17.798,-31.025,-14.181,-21.974,-2.863
299.46,-5.1534,-79.55,-1.4855,328.88,-20.567,-59.479,-18.437,-32.079,-14.57,-22.148,-2.7524
299.44,-5.2506,-80.846,-1.5661,330.19,-21.329,-59.795,-19.113,-32.919,-14.947,-22.302,-2.6633
299.2,-5.3924,-82.15,-1.649,331.22,-22.266,-60.08,-19.801,-33.561,-15.311,-22.446,-2.604
298.58,-5.5658,-83.418,-1.7384,331.82,-23.294,-60.32,-20.463,-34.032,-15.661,-22.589,-2.5835
297.61,-5.7582,-84.593,-1.8293,332.0,-24.286,-60.498,-21.068,-34.344,-15.987,-22.738,-2.6065
296.49,-5.9624,-85.619,-1.9169,331.94,-25.131,-60.602,-21.603,-34.507,-16.276,-22.884,-2.6719
295.46,-6.1754,-86.471,-2.0029,331.88,-25.793,-60.636,-22.078,-34.541,-16.512,-23.019,-2.7742
294.77,-6.3906,-87.193,-2.0997,332.03,-26.315,-60.62,-22.525,-34.494,-16.688,-23.138,-2.9069
294.71,-6.5915,-87.872,-2.2276,332.48,-26.764,-60.584,-22.981,-34.428,-16.799,-23.245,-3.0621
295.41,-6.7527,-88.571,-2.4068,333.25,-27.187,-60.559,-23.472,-34.405,-16.852,-23.351,-3.2292
296.82,-6.85,-89.293,-2.6496,334.22,-27.59,-60.563,-24.015,-34.457,-16.857,-23.471,-3.4016
298.67,-6.8704,-89.988,-2.9544,335.25,-27.955,-60.6,-24.608,-34.573,-16.826,-23.623,-3.5809
300.54,-6.8158,-90.583,-3.307,336.16,-28.25,-60.66,-25.247,-34.714,-16.767,-23.824,-3.7797
302.02,-6.699,-91.017,-3.6866,336.8,-28.449,-60.727,-25.919,-34.836,-16.675,-24.088,-4.014
302.79,-6.5364,-91.273,-4.0763,337.1,-28.532,-60.786,-26.61,-34.914,-16.538,-24.417,-4.2909
302.79,-6.3436,-91.386,-4.4716,337.07,-28.503,-60.827,-27.303,-34.953,-16.349,-24.8,-4.5981
302.16,-6.1334,-91.424,-4.884,336.79,-28.404,-60.852,-27.982,-34.993,-16.106,-25.211,-4.9048
301.11,-5.9124,-91.458,-5.3362,336.41,-28.294,-60.869,-28.626,-35.084,-15.817,-25.62,-5.1728
299.87,-5.6795,-91.533,-5.8483,336.03,-28.218,-60.891,-29.217,-35.269,-15.492,-26.004,-5.3736
298.65,-5.4305,-91.654,-6.4162,335.74,-28.182,-60.933,-29.736,-35.55,-15.14,-26.357,-5.4973
297.71,-5.1657,-91.793,-6.9896,335.6,-28.156,-61.002,-30.164,-35.889,-14.761,-26.69,-5.5495
297.25,-4.8957,-91.905,-7.4735,335.58,-28.101,-61.096,-30.484,-36.227,-14.354,-27.02,-5.5381
297.34,-4.6396,-91.949,-7.771,335.65,-27.985,-61.205,-30.692,-36.512,-13.916,-27.358,-5.4621
297.88,-4.4178,-91.902,-7.8433,335.76,-27.802,-61.312,-30.792,-36.728,-13.456,-27.699,-5.3109
298.67,-4.245,-91.771,-7.7362,335.86,-27.582,-61.405,-30.804,-36.904,-12.996,-28.037,-5.0753
299.46,-4.1263,-91.593,-7.5504,335.95,-27.379,-61.475,-30.756,-37.091,-12.57,-28.373,-4.7625
300.03,-4.0588,-91.436,-7.3872,336.0,-27.253,-61.523,-30.687,-37.335,-12.212,-28.722,-4.4015
300.31,-4.0339,-91.363,-7.3121,336.02,-27.232,-61.55,-30.634,-37.649,-11.952,-29.118,-4.0361
300.34,-4.0392,-91.395,-7.3537,336.0,-27.302,-61.554,-30.633,-38.002,-11.799,-29.595,-3.7102
300.08,-4.0594,-91.502,-7.5168,335.92,-27.414,-61.535,-30.699,-38.338,-11.744,-30.174,-3.4561
299.43,-4.0803,-91.63,-7.7886,335.77,-27.522,-61.49,-30.819,-38.599,-11.764,-30.852,-3.286
298.36,-4.0936,-91.732,-8.1357,335.54,-27.597,-61.425,-30.949,-38.739,-11.831,-31.586,-3.1876
296.99,-4.1003,-91.792,-8.5053,335.25,-27.644,-61.346,-31.027,-38.737,-11.912,-32.297,-3.1238
295.58,-4.108,-91.821,-8.8496,334.96,-27.69,-61.259,-30.996,-38.592,-11.985,-32.891,-3.0421
294.43,-4.1223,-91.848,-9.1573,334.74,-27.763,-61.165,-30.816,-38.323,-12.033,-33.284,-2.8943
293.83,-4.1389,-91.905,-9.464,334.64,-27.87,-61.062,-30.477,-37.958,-12.055,-33.44,-2.6591
293.93,-4.1428,-92.01,-9.8303,334.72,-27.988,-60.942,-29.999,-37.534,-12.05,-33.384,-2.3522
294.68,-4.1168,-92.16,-10.307,334.94,-28.081,-60.803,-29.434,-37.082,-12.019,-33.192,-2.0137
295.85,-4.0526,-92.332,-10.908,335.27,-28.125,-60.644,-28.86,-36.628,-11.962,-32.955,-1.684
297.13,-3.9561,-92.502,-11.607,335.61,-28.119,-60.473,-28.368,-36.189,-11.883,-32.749,-1.3855
298.18,-3.8416,-92.652,-12.344,335.9,-28.081,-60.288,-28.033,-35.781,-11.795,-32.62,-1.1203
298.76,-3.7216,-92.773,-13.051,336.08,-28.037,-60.087,-27.893,-35.42,-11.723,-32.577,-0.88
298.84,-3.6002,-92.866,-13.679,336.12,-28.003,-59.866,-27.934,-35.119,-11.695,-32.608,-0.65719
298.55,-3.472,-92.931,-14.2,336.06,-27.975,-59.63,-28.097,-34.878,-11.737,-32.69,-0.45302
297.99,-3.3295,-92.968,-14.599,335.92,-27.928,-59.399,-28.295,-34.679,-11.863,-32.799,-0.27686
297.21,-3.1714,-92.968,-14.856,335.77,-27.827,-59.198,-28.457,-34.486,-12.067,-32.908,-0.13944
296.23,-3.0079,-92.924,-14.945,335.6,-27.645,-59.054,-28.542,-34.26,-12.326,-32.984,-0.043506
295.05,-2.8585,-92.829,-14.843,335.38,-27.373,-58.983,-28.543,-33.971,-12.601,-32.975,0.023548
293.65,-2.7459,-92.685,-14.54,335.04,-27.032,-58.984,-28.469,-33.606,-12.854,-32.819,0.090103
292.12,-2.6886,-92.503,-14.043,334.5,-26.666,-59.039,-28.335,-33.172,-13.052,-32.458,0.19159
290.58,-2.6952,-92.3,-13.39,333.71,-26.328,-59.124,-28.16,-32.689,-13.179,-31.862,0.35506
288.87,-2.7606,-92.09,-12.654,332.69,-26.055,-59.213,-27.978,-32.193,-13.244,-31.053,0.58508
286.7,-2.8655,-91.876,-11.927,331.5,-25.854,-59.288,-27.842,-31.723,-13.275,-30.09,0.85935
283.88,-2.9814,-91.642,-11.288,330.16,-25.692,-59.345,-27.804,-31.324,-13.313,-29.051,1.136
280.48,-3.0801,-91.362,-10.768,328.68,-25.52,-59.39,-27.894,-31.032,-13.386,-28.001,1.3683
276.7,-3.144,-91.011,-10.348,327.02,-25.287,-59.43,-28.094,-30.868,-13.503,-26.974,1.5212
272.74,-3.1724,-90.586,-9.9779,325.16,-24.97,-59.465,-28.352,-30.832,-13.644,-25.976,1.5859
268.83,-3.1799,-90.112,-9.6095,323.1,-24.583,-59.491,-28.612,-30.899,-13.772,-24.987,1.581
265.33,-3.1883,-89.638,-9.2193,320.96,-24.173,-59.508,-28.84,-31.031,-13.85,-23.983,1.5392
262.73,-3.217,-89.228,-8.8156,319.0,-23.805,-59.516,-29.03,-31.192,-13.857,-22.938,1.4894
261.39,-3.2767,-88.936,-8.4263,317.47,-23.539,-59.515,-29.198,-31.355,-13.796,-21.84,1.4445
261.31,-3.3675,-88.787,-8.0775,316.48,-23.401,-59.503,-29.36,-31.505,-13.685,-20.684,1.4016
262.03,-3.4817,-88.754,-7.7765,315.95,-23.377,-59.475,-29.521,-31.63,-13.552,-19.472,1.3496
262.93,-3.6089,-88.769,-7.5069,315.68,-23.421,-59.431,-29.675,-31.712,-13.414,-18.203,1.2787
263.38,-3.7418,-88.745,-7.238,315.36,-23.482,-59.365,-29.8,-31.727,-13.275,-16.877,1.1873
262.98,-3.8781,-88.613,-6.943,314.76,-23.514,-59.279,-29.88,-31.646,-13.121,-15.489,1.0832
261.64,-4.0182,-88.355,-6.6151,313.71,-23.49,-59.178,-29.91,-31.448,-12.929,-14.037,0.97852
259.58,-4.1609,-87.999,-6.2702,312.22,-23.4,-59.078,-29.901,-31.124,-12.682,-12.522,0.88403
257.2,-4.3003,-87.6,-5.9357,310.44,-23.238,-58.998,-29.875,-30.691,-12.374,-10.958,0.80412
254.85,-4.426,-87.198,-5.6343,308.64,-23.007,-58.956,-29.854,-30.181,-12.024,-9.3716,0.73613
252.7,-4.5268,-86.798,-5.3739,306.99,-22.705,-58.956,-29.852,-29.644,-11.666,-7.8016,0.67356
250.72,-4.5955,-86.372,-5.1464,305.48,-22.329,-58.988,-29.86,-29.134,-11.343,-6.2963,0.61149
248.72,-4.6308,-85.865,-4.9333,303.95,-21.87,-59.031,-29.854,-28.702,-11.087,-4.9024,0.55161
246.5,-4.6354,-85.218,-4.7148,302.2,-21.329,-59.061,-29.795,-28.376,-10.911,-3.6573,0.50467
243.84,-4.6114,-84.388,-4.4827,300.1,-20.713,-59.062,-29.645,-28.145,-10.803,-2.5841,0.48841
240.65,-4.5564,-83.359,-4.249,297.57,-20.04,-59.027,-29.374,-27.954,-10.737,-1.6909,0.52072
237.03,-4.4637,-82.166,-4.0429,294.71,-19.335,-58.96,-28.978,-27.718,-10.687,-0.9716,0.61095
233.38,-4.3281,-80.887,-3.896,291.75,-18.628,-58.874,-28.477,-27.347,-10.633,-0.40744,0.75501
230.15,-4.1542,-79.639,-3.8242,288.93,-17.957,-58.783,-27.918,-26.773,-10.569,0.03195,0.93859
227.62,-3.9625,-78.539,-3.8171,286.47,-17.363,-58.701,-27.356,-25.979,-10.502,0.386,1.1464
225.81,-3.7876,-77.67,-3.8403,284.43,-16.891,-58.633,-26.839,-24.994,-10.442,0.69804,1.3707
224.64,-3.6671,-77.071,-3.8521,282.84,-16.572,-58.576,-26.393,-23.886,-10.401,1.0068,1.6131
224.01,-3.627,-76.724,-3.8273,281.67,-16.411,-58.516,-26.022,-22.734,-10.386,1.3368,1.8805
223.76,-3.6701,-76.558,-3.7684,280.87,-16.377,-58.431,-25.717,-21.614,-10.397,1.6926,2.1772
223.63,-3.7725,-76.454,-3.6954,280.35,-16.402,-58.305,-25.465,-20.581,-10.432,2.0581,2.4998
223.33,-3.8929,-76.281,-3.6279,280.02,-16.395,-58.137,-25.263,-19.672,-10.484,2.4013,2.8365
222.73,-3.9904,-75.953,-3.5753,279.75,-16.271,-57.937,-25.105,-18.899,-10.551,2.6822,3.1696
221.88,-4.0425,-75.46,-3.5341,279.45,-15.993,-57.722,-24.98,-18.258,-10.636,2.8606,3.4807
220.85,-4.0564,-74.869,-3.489,279.07,-15.591,-57.508,-24.866,-17.727,-10.745,2.9058,3.7564
219.59,-4.0651,-74.282,-3.4149,278.58,-15.154,-57.296,-24.736,-17.275,-10.885,2.8061,3.9915
217.99,-4.112,-73.779,-3.2833,277.91,-14.783,-57.075,-24.566,-16.864,-11.052,2.579,4.19
215.89,-4.2297,-73.379,-3.0757,276.99,-14.55,-56.824,-24.346,-16.454,-11.228,2.2774,4.3635
213.2,-4.4279,-73.034,-2.7983,275.79,-14.469,-56.521,-24.075,-16.01,-11.384,1.9844,4.5278
210.15,-4.6927,-72.653,-2.4848,274.25,-14.505,-56.151,-23.764,-15.505,-11.484,1.7985,4.6977
207.24,-4.9934,-72.128,-2.1782,272.36,-14.597,-55.712,-23.43,-14.932,-11.509,1.8107,4.8837
204.83,-5.2928,-71.367,-1.9072,270.09,-14.676,-55.22,-23.096,-14.31,-11.458,2.086,5.0917
202.82,-5.558,-70.318,-1.6746,267.42,-14.687,-54.707,-22.789,-13.679,-11.353,2.6525,5.3237
200.74,-5.7712,-68.99,-1.4621,264.38,-14.599,-54.207,-22.531,-13.089,-11.225,3.5031,5.581
198.13,-5.9328,-67.442,-1.241,261.03,-14.396,-53.752,-22.336,-12.576,-11.102,4.6054,5.8654
194.71,-6.0572,-65.75,-0.98505,257.47,-14.077,-53.362,-22.205,-12.159,-10.991,5.9193,6.1804
190.47,-6.1593,-63.976,-0.68209,253.87,-13.636,-53.043,-22.118,-11.83,-10.882,7.4148,6.531
185.71,-6.2383,-62.157,-0.34047,250.38,-13.068,-52.784,-22.039,-11.565,-10.753,9.0829,6.9202
180.91,-6.2724,-60.326,0.013063,247.19,-12.378,-52.554,-21.92,-11.326,-10.58,10.937,7.347
176.48,-6.2326,-58.528,0.34387,244.39,-11.603,-52.316,-21.711,-11.077,-10.346,13.007,7.8073
172.64,-6.1074,-56.814,0.62243,242.01,-10.813,-52.028,-21.375,-10.788,-10.048,15.327,8.3017
169.46,-5.9212,-55.214,0.83153,239.99,-10.093,-51.656,-20.89,-10.447,-9.6925,17.927,8.8445
167.0,-5.7326,-53.749,0.96622,238.22,-9.5088,-51.176,-20.254,-10.061,-9.296,20.822,9.4663
165.28,-5.6124,-52.5,1.0315,236.62,-9.1036,-50.57,-19.487,-9.6533,-8.8787,23.997,10.207
164.29,-5.6094,-51.587,1.0409,235.17,-8.8918,-49.824,-18.625,-9.2541,-8.4614,27.407,11.101
163.9,-5.7274,-51.036,1.0151,233.86,-8.8585,-48.933,-17.721,-8.8884,-8.0614,30.978,12.16
163.84,-5.9278,-50.723,0.97967,232.69,-8.9621,-47.887,-16.829,-8.5697,-7.6914,34.629,13.359
163.77,-6.1551,-50.468,0.9581,231.59,-9.1438,-46.649,-16.004,-8.2994,-7.3611,38.288,14.64
163.35,-6.3657,-50.138,0.96589,230.49,-9.3365,-45.134,-15.28,-8.0683,-7.0775,41.893,15.93
162.39,-6.543,-49.678,1.0108,229.34,-9.4772,-43.269,-14.67,-7.8612,-6.844,45.383,17.166
160.86,-6.6936,-49.091,1.0985,228.12,-9.5258,-41.067,-14.155,-7.6602,-6.6572,48.69,18.308
158.79,-6.8346,-48.425,1.2374,226.82,-9.4841,-38.637,-13.694,-7.4493,-6.5037,51.754,19.347
156.2,-6.9856,-47.748,1.4378,225.45,-9.3939,-36.11,-13.236,-7.2169,-6.3615,54.536,20.297
153.09,-7.167,-47.123,1.7067,224.03,-9.3146,-33.594,-12.739,-6.9595,-6.2065,57.026,21.184
149.52,-7.4007,-46.61,2.0416,222.54,-9.2965,-31.195,-12.184,-6.6828,-6.0247,59.229,22.032
145.61,-7.7042,-46.269,2.4262,220.96,-9.3675,-29.038,-11.578,-6.4001,-5.8205,61.147,22.841
141.57,-8.0758,-46.117,2.8308,219.27,-9.53,-27.254,-10.948,-6.1268,-5.6163,62.769,23.588
137.66,-8.4784,-46.074,3.2181,217.49,-9.756,-25.948,-10.326,-5.8761,-5.4423,64.071,24.229
134.07,-8.843,-45.96,3.5509,215.61,-9.9854,-25.155,-9.7399,-5.6561,-5.3243,65.026,24.708
130.94,-9.1043,-45.577,3.8029,213.63,-10.144,-24.824,-9.2086,-5.4708,-5.2767,65.613,24.969
128.29,-9.2396,-44.815,3.9688,211.53,-10.18,-24.82,-8.7428,-5.3226,-5.3012,65.828,24.969
126.15,-9.2713,-43.687,4.0632,209.3,-10.078,-24.971,-8.3454,-5.2136,-5.3902,65.683,24.686
124.53,-9.2288,-42.288,4.104,207.04,-9.8452,-25.143,-8.0122,-5.1452,-5.5296,65.212,24.13
123.46,-9.1163,-40.707,4.0983,204.98,-9.4955,-25.304,-7.732,-5.115,-5.6996,64.477,23.342
122.92,-8.9175,-38.965,4.0431,203.44,-9.048,-25.495,-7.4898,-5.113,-5.8745,63.57,22.399
122.73,-8.6216,-37.047,3.9392,202.5,-8.529,-25.757,-7.2717,-5.1215,-6.0265,62.605,21.409
122.54,-8.2433,-35.0,3.7997,201.79,-7.9666,-26.068,-7.0681,-5.1175,-6.1328,61.7,20.503
121.89,-7.8237,-32.973,3.6467,200.67,-7.3899,-26.318,-6.8708,-5.0779,-6.1817,60.95,19.816
120.45,-7.4154,-31.129,3.5029,198.73,-6.8296,-26.372,-6.6674,-4.9859,-6.1736,60.406,19.453
118.17,-7.065,-29.549,3.3891,195.93,-6.3124,-26.157,-6.4384,-4.8348,-6.1159,60.068,19.458
115.29,-6.8026,-28.224,3.3259,192.5,-5.8584,-25.683,-6.1622,-4.6294,-6.0167,59.903,19.807
112.04,-6.6429,-27.092,3.3354,188.71,-5.482,-25.017,-5.8251,-4.3857,-5.8821,59.87,20.42
108.47,-6.5911,-26.089,3.4382,184.82,-5.1941,-24.248,-5.4293,-4.1264,-5.7177,59.935,21.188
104.52,-6.6468,-25.172,3.6467,180.97,-5.0003,-23.464,-4.9944,-3.8756,-5.5316,60.072,22.013
100.29,-6.8024,-24.322,3.9598,177.32,-4.8966,-22.73,-4.552,-3.6525,-5.3364,60.252,22.83
95.997,-7.0409,-23.51,4.3633,174.08,-4.8669,-22.081,-4.136,-3.4666,-5.1451,60.439,23.613
91.982,-7.3393,-22.683,4.836,171.46,-4.8875,-21.517,-3.772,-3.3149,-4.9654,60.591,24.357
88.6,-7.6798,-21.791,5.3599,169.6,-4.9371,-21.005,-3.4701,-3.1837,-4.7951,60.675,25.068
86.078,-8.0582,-20.84,5.9243,168.42,-5.0043,-20.48,-3.2222,-3.0525,-4.6223,60.68,25.752
84.31,-8.4819,-19.906,6.5221,167.57,-5.0897,-19.856,-3.005,-2.9009,-4.4311,60.624,26.416
82.766,-8.9528,-19.097,7.1399,166.52,-5.2007,-19.055,-2.7892,-2.7143,-4.2096,60.554,27.064
80.761,-9.4515,-18.494,7.7532,164.93,-5.342,-18.038,-2.5511,-2.4897,-3.9578,60.523,27.702
78.013,-9.9399,-18.115,8.3336,162.92,-5.5097,-16.839,-2.2835,-2.2374,-3.6912,60.564,28.325
74.84,-10.383,-17.919,8.8635,160.77,-5.6929,-15.546,-1.9985,-1.9791,-3.4385,60.662,28.908
71.645,-10.763,-17.823,9.3402,158.66,-5.8763,-14.251,-1.7206,-1.7411,-3.2321,60.754,29.396
68.537,-11.076,-17.715,9.7627,156.63,-6.0373,-13.003,-1.4739,-1.5458,-3.097,60.752,29.722
65.456,-11.308,-17.481,10.117,154.57,-6.1409,-11.796,-1.27,-1.4046,-3.043,60.574,29.832
62.365,-11.432,-17.027,10.379,152.35,-6.1466,-10.597,-1.1027,-1.3152,-3.0619,60.179,29.703
59.309,-11.419,-16.312,10.53,149.86,-6.0277,-9.3879,-0.95148,-1.2636,-3.1336,59.571,29.355
56.407,-11.257,-15.352,10.574,147.11,-5.7853,-8.1883,-0.79279,-1.2301,-3.2346,58.784,28.832
53.807,-10.96,-14.217,10.536,144.31,-5.4466,-7.0473,-0.6126,-1.1976,-3.3468,57.856,28.198
51.566,-10.561,-13.015,10.449,141.82,-5.0485,-6.0156,-0.41434,-1.1571,-3.461,56.804,27.507
49.567,-10.107,-11.855,10.347,139.85,-4.6242,-5.1229,-0.21748,-1.1094,-3.5763,55.61,26.804
47.555,-9.6508,-10.809,10.253,138.16,-4.199,-4.375,-0.048134,-1.0608,-3.6968,54.223,26.111
45.269,-9.2344,-9.8935,10.186,136.29,-3.7905,-3.7598,0.073958,-1.016,-3.8266,52.583,25.435
42.538,-8.8776,-9.0867,10.149,133.9,-3.4076,-3.2538,0.14659,-0.9715,-3.9648,50.658,24.772
39.351,-8.5692,-8.3464,10.129,130.94,-3.0462,-2.828,0.19031,-0.91196,-4.1002,48.48,24.115
35.852,-8.2732,-7.6292,10.098,127.58,-2.6911,-2.4525,0.24506,-0.81198,-4.2109,46.166,23.46
32.266,-7.943,-6.9027,10.011,124.03,-2.3223,-2.1018,0.35828,-0.64088,-4.2687,43.897,22.812
28.813,-7.5368,-6.1586,9.8237,120.44,-1.9253,-1.7576,0.56863,-0.37016,-4.2477,41.868,22.189
25.647,-7.024,-5.4171,9.4935,116.9,-1.495,-1.4083,0.89286,0.01961,-4.1323,40.227,21.62
22.824,-6.3863,-4.7154,9.0008,113.52,-1.03,-1.0454,1.3233,0.53597,-3.9187,39.049,21.147
20.335,-5.619,-4.0833,8.3642,110.47,-0.52068,-0.65963,1.8372,1.1786,-3.6118,38.34,20.827
18.154,-4.7418,-3.5237,7.6439,107.93,0.062804,-0.23648,2.4115,1.9495,-3.2178,38.065,20.734
16.231,-3.8115,-3.0099,6.9176,106.15,0.77368,0.24781,3.0353,2.8639,-2.7385,38.172,20.959
14.417,-2.9215,-2.4929,6.228,105.36,1.6837,0.8276,3.7149,3.9572,-2.1685,38.605,21.599
12.427,-2.1521,-1.9149,5.5369,105.4,2.8688,1.5381,4.4767,5.2826,-1.4952,39.307,22.714
10.137,-1.4053,-1.2246,4.7342,105.52,4.4284,2.3928,5.3702,6.9002,-0.69785,40.209,24.277
8.0031,-0.22286,-0.33788,3.7092,104.76,6.6225,3.4312,6.4682,8.8611,0.25245,41.237,26.159
6.5684,2.0134,1.0717,2.4174,102.63,9.8438,4.8183,7.8532,11.192,1.3882,42.321,28.181
5.7809,5.6225,3.6887,0.8821,99.234,14.231,6.7121,9.5909,13.892,2.7369,43.426,30.214
5.2855,10.549,8.0179,-0.86248,94.881,19.647,9.283,11.705,16.959,4.322,44.585,32.233
4.7697,16.645,13.96,-2.8634,89.75,26.009,12.73,14.166,20.428,6.1871,45.896,34.295
4.0111,23.925,21.189,-5.3751,83.856,33.503,17.104,16.89,24.386,8.4356,47.478,36.488
2.8731,32.675,29.568,-8.9408,77.153,42.46,22.235,19.727,28.938,11.251,49.408,38.898
1.3263,43.177,39.106,-13.85,69.684,52.747,27.91,22.441,34.11,14.85,51.666,41.579
-0.54142,54.527,49.43,-19.197,61.753,63.147,33.856,24.714,39.708,19.301,54.117,44.521
-2.559,64.419,59.429,-24.164,53.98,71.87,39.518,26.245,45.235,24.233,56.552,47.63
-4.5521,71.372,67.817,-28.514,47.122,78.126,44.083,26.898,50.033,28.871,58.761,50.753
-6.4286,75.955,74.118,-32.098,41.736,82.562,46.65,26.843,53.606,32.536,60.585,53.75
-8.2185,79.57,78.846,-35.272,37.876,86.306,46.55,26.483,55.807,34.957,61.938,56.546
-10.05,83.409,82.913,-38.503,35.002,90.372,43.831,26.118,56.879,36.211,62.799,59.107
-12.04,88.379,87.1,-41.946,32.117,95.441,39.132,25.654,57.374,36.671,63.187,61.42
-14.095,95.162,91.916,-45.8,27.785,101.69,33.04,24.773,57.704,36.883,63.134,63.46
-15.753,104.54,97.54,-50.956,20.839,109.15,25.752,23.299,57.81,37.22,62.673,65.201
-16.353,117.84,104.06,-58.913,13.788,118.37,17.67,21.273,57.387,37.621,61.839,66.626
-15.896,133.87,111.91,-69.512,9.4596,129.33,10.143,18.832,56.199,37.727,60.678,67.74
-15.832,147.41,121.08,-78.922,6.821,139.63,3.8067,16.159,54.174,37.213,59.248,68.543
-17.479,155.11,129.59,-83.786,4.9105,146.67,-2.1681,13.485,51.405,35.986,57.613,69.006
-20.695,156.6,134.99,-84.006,3.4723,149.62,-8.2668,11.059,48.113,34.166,55.819,69.067
-25.079,152.78,136.51,-80.981,2.4356,148.56,-12.877,9.0555,44.579,31.957,53.859,68.665
-30.537,144.91,134.51,-75.036,1.7415,143.94,-12.231,7.5219,41.056,29.52,51.641,67.752
-36.886,133.86,129.49,-66.388,1.318,136.28,-7.7225,6.3929,37.688,26.918,48.998,66.248
-43.823,119.63,121.77,-55.875,1.0908,125.99,-4.4413,5.5533,34.47,24.149,45.75,63.999
-51.061,102.46,111.33,-44.27,1.004,113.38,-2.6823,4.8868,31.275,21.246,41.828,60.834
-58.286,83.834,97.519,-33.294,1.0298,98.427,-1.5045,4.3043,27.955,18.307,37.384,56.707
-65.187,65.787,81.475,-24.891,1.1544,80.894,-0.43565,3.7562,24.46,15.406,32.764,51.84
-71.016,51.806,68.652,-18.038,1.3574,66.724,0.74393,3.2347,20.929,12.576,28.307,46.734
-74.825,40.665,59.819,-11.793,1.6036,57.043,2.1717,2.7644,17.635,9.8741,24.183,41.917
-76.885,30.32,52.387,-5.8367,1.8364,48.361,3.8497,2.3812,14.788,7.393,20.391,37.554
-78.362,20.048,45.139,-0.10258,1.976,39.596,5.5123,2.1066,12.437,5.1854,16.842,33.396
-80.329,9.6916,38.027,5.6168,1.9379,30.923,6.8195,1.9309,10.527,3.2145,13.429,29.065
-83.944,-0.69011,31.439,11.769,1.6626,23.066,7.7927,1.813,8.9546,1.378,10.059,24.327
-90.548,-10.966,25.536,18.639,1.1313,16.421,8.7572,1.695,7.5945,-0.44268,6.6797,19.238
-100.52,-20.88,19.952,26.018,0.37167,10.71,9.8901,1.5241,6.3384,-2.3475,3.2933,14.155
-112.67,-30.211,14.12,33.344,-0.54526,5.3146,11.088,1.2693,5.1189,-4.397,-0.051349,9.4954
-125.05,-38.845,8.7726,40.351,-1.5253,-0.10948,12.188,0.9278,3.9175,-6.597,-3.2833,5.4647
-135.86,-46.7,5.2151,46.693,-2.4903,-4.9961,13.112,0.5213,2.7538,-8.8855,-6.3396,2.0107
-143.93,-53.637,3.0266,51.466,-3.422,-8.8059,13.836,0.085929,1.6648,-11.14,-9.182,-1.0083
-148.85,-59.269,1.4547,54.303,-4.3965,-11.82,14.361,-0.34002,0.68179,-13.22,-11.794,-3.6755
-150.94,-63.332,0.18502,55.561,-5.5998,-14.469,14.735,-0.72679,-0.18343,-15.023,-14.169,-5.9896
-151.16,-66.039,-0.85279,55.825,-7.3096,-16.947,15.052,-1.0578,-0.93724,-16.513,-16.298,-7.945
-150.92,-67.872,-1.6556,55.798,-9.7978,-19.256,15.417,-1.3249,-1.589,-17.721,-18.17,-9.6205
-151.43,-69.319,-2.223,56.214,-13.119,-21.362,15.889,-1.5184,-2.1348,-18.702,-19.77,-11.152
-153.04,-70.754,-2.5852,57.331,-16.922,-23.289,16.475,-1.6184,-2.5495,-19.475,-21.088,-12.609
-155.76,-72.317,-2.8065,58.805,-20.613,-25.128,17.152,-1.5928,-2.7896,-20.01,-22.133,-13.963
-159.76,-73.951,-2.9751,60.304,-23.812,-26.952,17.907,-1.3968,-2.8014,-20.248,-22.94,-15.172
-164.53,-75.575,-3.186,61.731,-26.489,-28.791,18.737,-0.97428,-2.5323,-20.142,-23.576,-16.275
-169.43,-77.211,-3.5301,63.08,-28.772,-30.75,19.627,-0.26742,-1.9409,-19.683,-24.135,-17.419
-174.36,-79.008,-4.1147,64.404,-30.765,-33.352,20.844,0.75234,-1.0022,-18.896,-24.726,-18.82
-179.46,-81.21,-5.1544,65.796,-32.481,-38.277,23.877,1.9841,0.28566,-17.808,-25.458,-20.695
-184.67,-83.792,-7.2331,67.268,-33.92,-46.07,28.637,2.4454,1.8549,-16.431,-26.418,-23.172
-189.76,-85.687,-10.457,68.635,-35.664,-49.108,31.52,0.42422,2.8165,-14.821,-27.596,-26.182
-194.55,-86.148,-4.9952,69.673,-39.792,-48.922,33.588,2.6933,-0.19329,-13.409,-28.752,-28.994
-198.79,-85.787,-3.0055,70.392,-46.086,-49.134,35.623,4.4851,1.4148,-15.109,-29.235,-30.403
-201.95,-85.224,-5.3797,70.889,-49.462,-49.391,37.677,6.2912,5.3601,-25.924,-28.085,-31.249
-203.33,-85.699,-9.3205,70.85,-48.867,-48.849,40.668,10.395,11.869,-23.494,-25.029,-31.185
-203.03,-90.276,-15.869,71.188,-45.368,-52.784,45.745,18.84,21.783,-18.566,-28.382,-25.078
-201.98,-100.57,-29.437,74.71,-38.578,-64.181,54.186,33.667,35.816,-11.703,-34.482,-23.709
-200.95,-116.45,-47.134,80.864,-32.373,-79.858,67.1,56.606,54.49,-2.7582,-36.15,-26.173
-200.04,-138.24,-69.549,89.617,-22.978,-100.89,85.11,88.234,78.075,7.9341,-38.924,-34.627
-198.63,-164.86,-97.222,100.1,-9.5048,-127.1,108.02,128.4,107.06,20.58,-42.88,-52.404
-195.66,-192.84,-129.04,110.48,7.0609,-156.66,134.64,176.96,143.23,37.077,-46.982,-76.098
-189.78,-216.32,-161.6,118.3,25.712,-185.39,162.83,234.08,190.57,62.157,-47.751,-93.433
-179.53,-228.15,-188.57,120.25,43.726,-206.17,190.09,300.8,255.25,103.73,-38.916,-94.845
-164.46,-221.17,-200.82,109.45,56.663,-209.63,214.47,378.36,343.98,171.09,-12.301,-74.29
-145.22,-185.81,-187.47,80.714,58.854,-185.43,234.95,466.19,461.17,272.01,52.177,-27.006
-123.12,-110.91,-137.28,30.803,44.027,-122.93,250.94,559.15,605.68,409.71,186.22,51.062
-100.66,10.942,-40.56,-42.904,6.0372,-13.593,262.69,645.77,768.66,580.65,341.49,161.05
-81.635,181.67,108.45,-139.72,-59.928,146.4,270.33,709.56,934.24,774.3,524.26,296.21
-70.265,396.27,309.0,-254.68,-155.63,354.09,273.56,733.86,1083.1,975.07,722.1,448.65
-69.914,642.12,551.81,-379.51,-278.12,598.46,272.17,707.6,1197.5,1165.3,917.29,607.0
-82.057,899.45,818.58,-503.6,-418.98,860.48,266.25,628.31,1264.0,1327.5,1091.0,757.82
-106.08,1143.1,1083.5,-614.78,-564.92,1114.7,255.52,500.8,1273.0,1443.8,1224.7,886.2
-139.93,1345.3,1316.9,-700.37,-699.95,1332.3,238.31,333.32,1216.0,1495.0,1299.5,976.17
-181.14,1480.3,1490.3,-748.81,-808.61,1486.4,210.83,134.87,1084.1,1461.3,1297.4,1012.2
-227.39,1529.9,1583.5,-752.21,-879.45,1557.5,167.19,-85.313,870.78,1325.5,1203.6,982.3
-276.5,1489.4,1589.4,-709.22,-907.92,1539.7,100.09,-317.34,576.46,1080.6,1013.1,882.92
-325.95,1370.3,1517.0,-626.76,-897.35,1443.5,2.3677,-550.94,213.67,736.07,737.02,722.53
-372.62,1197.8,1388.4,-518.92,-857.28,1292.4,-129.31,-775.64,-191.08,321.62,404.86,522.09
-412.83,1002.4,1230.5,-402.82,-799.41,1115.4,-289.67,-979.96,-598.98,-115.47,58.989,310.56
-442.98,810.53,1065.9,-293.47,-733.37,936.95,-462.22,-1150.6,-964.99,-519.61,-255.48,116.72
-460.55,638.1,908.28,-200.19,-664.6,771.89,-622.56,-1274.1,-1247.9,-840.63,-502.31,-38.803
-464.96,491.02,762.8,-126.22,-595.4,625.73,-746.88,-1340.8,-1420.9,-1047.2,-662.7,-147.6
-457.83,369.55,631.35,-70.902,-527.42,499.4,-820.39,-1348.7,-1478.3,-1133.7,-737.36,-212.49
-442.29,272.85,516.29,-32.259,-463.33,393.51,-840.72,-1303.3,-1434.2,-1117.2,-741.37,-242.75
-421.97,201.08,421.42,-8.5308,-406.82,309.88,-815.65,-1215.1,-1314.2,-1027.2,-695.45,-248.38
-400.14,154.78,350.5,1.6905,-361.49,251.07,-757.67,-1095.1,-1145.8,-893.66,-618.67,-236.49
-379.25,133.02,305.09,0.15248,-329.4,217.05,-678.81,-952.73,-951.61,-739.79,-525.37,-211.6
-360.81,131.85,282.86,-10.347,-310.2,204.85,-587.93,-796.01,-748.92,-581.53,-425.45,-177.63
-345.85,144.13,277.5,-25.864,-301.15,208.13,-490.88,-633.6,-551.26,-429.9,-326.55,-138.78
-335.26,161.07,280.71,-41.948,-298.3,218.45,-392.14,-475.69,-370.63,-293.7,-235.92,-99.898
-328.87,174.88,284.97,-54.278,-297.87,227.91,-296.29,-333.0,-217.21,-180.1,-160.15,-65.799
-325.82,180.67,284.93,-59.782,-297.05,231.02,-208.27,-214.28,-97.594,-93.38,-103.08,-39.601
-325.37,176.28,277.54,-53.724,-293.95,225.19,-132.49,-123.94,-12.927,-33.738,-67.012,-24.104
-326.27,161.25,261.24,-43.806,-287.37,209.46,-71.578,-61.108,41.278,2.8478,-47.087,-18.186
-327.13,134.77,229.79,-37.779,-276.94,182.93,-25.712,-20.133,73.382,23.207,-37.702,-16.427
-327.28,114.97,203.08,-30.771,-264.03,158.66,7.0862,6.4609,92.755,34.705,-35.503,-15.879
-327.51,98.106,181.4,-22.176,-251.81,136.55,30.057,26.228,107.16,43.173,-35.235,-16.576
-329.33,79.812,161.91,-13.247,-242.94,115.99,46.606,44.733,121.27,51.809,-34.089,-18.717
-331.54,61.779,146.01,-6.5939,-236.57,99.406,59.417,64.496,136.7,61.322,-31.743,-24.219
-333.18,47.219,133.52,-2.9829,-231.68,87.736,70.341,84.971,152.97,71.01,-30.216,-24.106
-334.62,35.772,122.52,-0.11019,-228.1,77.684,80.542,103.59,169.15,80.239,-29.132,-22.115
-336.1,25.305,111.91,2.3445,-225.65,67.26,90.675,119.04,185.25,87.667,-26.252,-21.306
-337.59,16.707,101.4,3.8932,-223.74,56.822,101.04,130.82,200.28,91.62,-24.541,-21.312
-339.04,10.591,90.763,4.3156,-221.85,47.017,111.57,139.2,212.52,97.14,-23.518,-21.471
-340.4,5.7341,80.302,4.3964,-219.94,37.954,121.27,146.12,222.61,104.03,-22.674,-21.285
-341.72,1.2066,71.29,4.7011,-218.73,30.272,129.13,152.37,231.53,112.31,-21.704,-20.542
-341.64,-13.83,61.89,17.592,-211.42,18.672,136.25,163.6,241.81,125.97,-25.155,-18.825
-342.47,-14.751,58.769,16.626,-211.35,16.622,140.3,167.83,248.32,130.26,-26.341,-19.161
-344.61,-13.605,59.016,15.205,-213.49,17.346,142.39,171.99,252.46,131.79,-29.149,-22.497
-348.11,-11.309,61.762,13.756,-217.46,19.889,143.31,176.18,254.97,131.28,-32.916,-27.728
-352.45,-8.8751,65.482,12.562,-222.31,22.932,144.18,180.64,257.35,130.62,-36.364,-32.945
-356.71,-7.0399,68.512,11.597,-226.85,25.258,146.1,185.75,261.38,132.34,-37.939,-35.939
-359.86,-6.1038,69.524,10.568,-229.94,26.061,149.87,192.05,268.63,138.76,-36.322,-34.846
-361.2,-5.9966,67.892,9.1252,-230.94,25.087,155.82,199.91,279.79,151.11,-30.936,-28.783
-360.71,-6.4401,63.868,7.1131,-229.93,22.623,163.69,209.36,294.48,168.89,-22.242,-18.269
-359.06,-7.1051,58.451,4.672,-227.69,19.351,172.69,219.86,311.29,189.96,-11.665,-5.1758
