I,II,III,aVR,aVL,aVF,V1,V2,V3,V4,V5,V6
-21.506,30.457,58.759,-3.6721,-27.246,47.547,-99.774,-262.54,-337.01,-278.52,32.977,1.9027
-22.228,46.134,75.12,-10.708,-36.836,63.01,-68.485,-191.21,-287.62,-260.68,18.525,-14.241
-21.762,69.376,97.857,-22.218,-48.765,85.543,-30.996,-103.55,-215.42,-227.29,4.1065,-27.356
-18.324,106.79,131.79,-42.458,-64.397,120.93,16.077,13.446,-100.29,-162.47,-6.478,-33.722
-10.482,162.22,179.34,-74.063,-84.241,172.34,71.836,164.16,68.263,-54.892,-5.7885,-29.557
2.6277,235.6,239.58,-117.38,-107.55,239.27,130.03,339.67,285.32,99.17,16.434,-11.051
21.432,322.64,307.78,-170.4,-131.97,317.14,179.36,515.14,526.43,293.38,70.547,25.478
46.34,415.89,376.09,-229.58,-153.54,398.23,205.3,650.66,747.16,510.55,163.81,83.421
77.926,507.06,435.62,-291.0,-167.6,473.84,193.24,696.88,888.71,724.5,298.16,165.6
116.38,589.8,479.88,-351.6,-170.78,537.46,132.41,605.93,890.7,904.93,469.7,273.58
160.59,662.31,508.14,-409.92,-163.17,587.79,19.222,345.68,708.84,1024.5,669.52,406.66
214.41,696.75,496.55,-458.83,-154.8,591.93,-144.09,-33.691,292.08,1157.0,886.21,539.36
279.04,780.94,522.24,-533.52,-142.29,645.47,-326.84,-627.86,-241.15,1159.4,1133.1,720.0
337.31,876.8,559.85,-611.23,-132.58,711.9,-528.12,-1317.3,-864.2,1087.2,1368.9,906.41
384.51,985.01,617.05,-689.61,-133.51,795.1,-729.13,-2017.5,-1508.4,948.72,1579.1,1085.5
419.8,1100.0,692.91,-765.04,-148.32,891.27,-910.98,-2642.6,-2111.4,749.54,1747.2,1244.2
442.95,1208.3,776.81,-830.66,-173.84,988.04,-1057.9,-3130.1,-2630.1,487.97,1854.0,1369.8
453.09,1291.2,851.18,-876.73,-202.76,1066.9,-1157.6,-3455.8,-3045.8,162.8,1880.3,1449.8
448.74,1328.3,896.46,-892.55,-226.88,1107.9,-1202.9,-3626.1,-3361.2,-222.57,1809.8,1473.1
428.4,1303.6,896.35,-869.55,-238.86,1095.1,-1193.9,-3667.5,-3589.2,-658.07,1633.8,1431.4
391.71,1211.0,842.28,-804.52,-233.48,1021.4,-1139.9,-3615.5,-3743.0,-1124.6,1354.6,1321.6
340.24,1056.5,736.72,-701.52,-209.44,891.62,-1059.0,-3506.6,-3831.3,-1592.1,988.44,1147.7
277.8,859.11,594.54,-571.75,-170.51,722.85,-974.56,-3372.2,-3858.4,-2020.2,566.3,923.07
210.17,646.45,440.3,-431.66,-124.52,541.07,-906.73,-3231.9,-3824.4,-2363.5,131.96,669.58
144.26,448.5,300.82,-299.27,-81.26,374.14,-863.91,-3086.5,-3726.9,-2582.9,-264.22,414.9
86.215,289.04,196.03,-189.45,-50.121,243.33,-840.51,-2920.1,-3567.0,-2660.0,-576.87,186.3
39.451,178.98,133.03,-109.67,-35.841,157.46,-824.14,-2729.4,-3354.2,-2601.3,-778.95,3.6159
4.4654,114.91,106.49,-58.637,-36.299,112.36,-805.1,-2521.1,-3102.0,-2434.6,-869.06,-125.13
-19.635,84.225,104.49,-29.319,-45.701,96.033,-778.5,-2294.8,-2822.2,-2198.8,-867.59,-203.0
-32.973,72.387,114.63,-13.386,-58.922,95.08,-741.28,-2050.9,-2523.8,-1934.0,-805.33,-240.1
-34.571,66.881,126.21,-4.1495,-71.876,97.776,-690.24,-1799.1,-2217.4,-1673.4,-709.53,-249.05
-27.987,58.988,130.07,0.12134,-73.754,94.947,-624.14,-1556.8,-1916.9,-1441.3,-578.52,-240.59
-22.954,46.356,118.19,-1.4632,-44.185,80.244,-549.58,-1340.4,-1638.4,-1252.5,-420.28,-208.14
-23.933,23.57,77.279,5.091,-24.671,49.467,-478.0,-1158.4,-1396.0,-1109.2,-339.8,-129.73
-28.839,-5.1882,38.87,19.22,-19.276,16.822,-414.76,-1011.2,-1197.2,-1002.1,-319.16,-104.61
-35.193,-29.605,16.628,33.681,-16.909,-7.4718,-358.59,-893.7,-1041.3,-917.83,-312.19,-115.97
-41.522,-50.857,-0.046927,47.684,-14.807,-26.82,-307.24,-798.44,-920.63,-845.68,-303.74,-126.82
-47.078,-71.605,-16.299,61.535,-11.981,-45.158,-259.84,-717.1,-823.8,-779.04,-290.49,-132.66
-51.525,-93.062,-34.165,75.207,-7.7723,-64.373,-216.22,-641.42,-738.4,-713.72,-272.64,-134.85
-54.75,-115.48,-53.983,88.389,-1.9124,-85.055,-176.44,-563.95,-651.6,-644.35,-252.6,-134.85
-56.808,-138.35,-75.185,100.54,5.4128,-107.02,-141.07,-485.5,-558.08,-570.38,-233.46,-133.61
-57.887,-160.4,-96.76,111.1,13.74,-129.33,-111.1,-422.55,-478.88,-505.66,-217.29,-131.75
-58.248,-180.02,-117.3,119.73,22.244,-150.31,-88.824,-384.53,-432.45,-460.56,-204.67,-129.62
-58.157,-196.02,-135.1,126.42,29.737,-168.1,-77.309,-363.58,-409.16,-432.16,-195.25,-127.39
-57.823,-208.12,-148.92,131.42,35.43,-181.65,-74.107,-350.79,-396.29,-414.16,-188.31,-125.14
-57.363,-216.79,-158.68,135.08,39.384,-191.07,-73.438,-341.58,-387.67,-402.02,-183.09,-122.93
-56.807,-222.82,-165.13,137.75,42.09,-197.23,-72.382,-333.98,-380.97,-393.13,-178.9,-120.8
-56.131,-226.99,-169.12,139.74,44.022,-201.08,-70.304,-327.13,-375.28,-386.06,-175.29,-118.8
-55.317,-229.91,-171.31,141.24,45.511,-203.36,-67.254,-320.68,-370.24,-380.05,-172.0,-116.93
-54.402,-231.94,-172.13,142.4,46.771,-204.59,-63.429,-314.44,-365.57,-374.7,-168.96,-115.17
-53.497,-233.3,-172.0,143.28,47.909,-205.09,-59.067,-308.33,-361.03,-369.77,-166.21,-113.45
-52.747,-234.12,-171.23,143.91,48.9,-205.08,-54.413,-302.21,-356.34,-365.09,-163.79,-111.71
-52.272,-234.49,-170.08,144.31,49.593,-204.72,-49.675,-295.9,-351.21,-360.47,-161.74,-109.9
-52.126,-234.48,-168.73,144.5,49.779,-204.11,-44.99,-289.14,-345.32,-355.71,-159.97,-107.96
-52.302,-234.14,-167.31,144.47,49.291,-203.34,-40.399,-281.6,-338.35,-350.54,-158.31,-105.84
-52.742,-233.52,-165.87,144.23,48.074,-202.47,-35.838,-272.88,-329.9,-344.65,-156.49,-103.47
-53.359,-232.66,-164.42,143.78,46.199,-201.51,-31.129,-262.52,-319.52,-337.65,-154.19,-100.74
-54.058,-231.55,-162.88,143.12,43.832,-200.43,-25.99,-250.06,-306.64,-329.03,-151.15,-97.586
-54.76,-230.2,-161.14,142.28,41.206,-199.19,-20.074,-234.96,-290.56,-318.06,-147.22,-93.978
-55.415,-228.57,-159.12,141.28,38.601,-197.7,-13.073,-216.67,-270.46,-303.8,-142.47,-89.986
-55.982,-226.6,-156.78,140.14,36.305,-195.88,-4.8123,-194.65,-245.41,-285.01,-137.1,-85.744
-56.384,-224.2,-154.17,138.82,34.55,-193.66,4.6978,-168.42,-214.29,-260.21,-131.31,-81.42
-56.504,-221.21,-151.31,137.21,33.447,-190.94,15.276,-137.6,-175.58,-227.85,-125.18,-77.166
-56.196,-217.39,-148.23,135.13,32.961,-187.56,26.625,-101.83,-127.05,-186.68,-118.64,-73.079
-55.333,-212.42,-144.88,132.27,32.949,-183.33,38.374,-60.784,-65.824,-136.45,-111.37,-69.165
-53.818,-205.86,-141.14,128.27,33.236,-177.99,50.119,-14.034,10.747,-78.126,-102.86,-65.33
-51.559,-197.26,-136.81,122.71,33.691,-171.22,61.475,38.884,103.54,-13.37,-92.359,-61.388
-48.473,-186.17,-131.62,115.3,34.224,-162.68,72.141,98.33,210.31,56.571,-78.778,-57.103
-44.552,-172.33,-125.23,105.95,34.746,-152.02,81.955,164.29,326.05,131.41,-60.668,-52.22
-39.933,-155.83,-117.24,94.934,35.158,-139.05,90.894,236.11,445.13,211.5,-36.326,-46.49
-34.833,-137.21,-107.46,82.816,35.412,-123.93,99.047,312.54,563.66,297.33,-4.2582,-39.635
-29.413,-117.41,-96.082,70.264,35.553,-107.31,106.55,392.0,679.93,389.31,36.032,-31.285
-23.75,-97.582,-83.787,57.901,35.689,-90.271,113.53,472.95,793.45,487.58,83.523,-20.914
-17.906,-78.758,-71.44,46.202,35.928,-73.898,120.05,554.19,903.67,591.67,136.08,-7.8436
-11.916,-61.546,-59.633,35.423,36.298,-58.843,126.11,634.82,1009.6,700.03,191.45,8.6091
-5.6842,-46.061,-48.544,25.554,36.709,-45.242,131.67,714.2,1109.8,809.89,247.84,28.882
1.0921,-32.06,-38.151,16.352,36.99,-32.953,136.67,791.77,1202.9,917.9,303.94,52.919
8.8538,-19.152,-28.483,7.4397,36.956,-21.793,141.0,866.94,1287.6,1021.0,358.69,80.044
17.943,-6.9366,-19.682,-1.5732,36.499,-11.615,144.58,938.94,1362.5,1117.1,411.13,109.0
28.343,4.9445,-11.886,-10.995,35.621,-2.2638,147.39,1006.8,1426.7,1204.4,460.14,138.18
39.703,16.802,-5.1016,-21.031,34.417,6.4737,149.43,1069.4,1479.5,1282.1,504.52,166.0
51.622,28.921,0.82755,-31.81,33.04,14.871,150.76,1126.0,1521.5,1349.5,543.2,191.25
63.711,41.551,6.138,-43.407,31.682,23.224,151.49,1176.1,1553.9,1406.0,575.64,213.28
75.381,54.842,11.062,-55.738,30.556,31.797,151.72,1220.0,1578.4,1451.5,601.89,231.97
85.866,68.714,15.79,-68.422,29.824,40.743,151.56,1257.7,1596.5,1486.2,622.47,247.55
94.594,82.78,20.461,-80.785,29.512,50.039,151.13,1289.7,1609.6,1510.9,638.06,260.39
101.47,96.433,25.16,-92.112,29.472,59.465,150.49,1315.9,1618.5,1526.4,649.35,270.9
106.74,109.09,29.901,-101.94,29.402,68.673,149.71,1336.0,1623.5,1533.6,656.95,279.43
110.78,120.39,34.614,-110.19,28.956,77.315,148.78,1349.7,1624.5,1533.2,661.36,286.22
113.92,130.22,39.174,-117.03,27.914,85.142,147.68,1356.1,1620.8,1525.2,663.0,291.44
116.41,138.67,43.445,-122.7,26.289,92.027,146.34,1354.4,1611.4,1509.1,662.17,295.18
118.42,145.86,47.335,-127.41,24.243,97.952,144.67,1343.7,1594.7,1484.4,659.06,297.51
119.93,151.9,50.823,-131.28,21.927,102.97,142.54,1323.2,1569.2,1450.4,653.77,298.53
120.78,156.87,53.952,-134.32,19.397,107.18,139.79,1292.2,1533.2,1406.9,646.24,298.28
120.69,160.83,56.81,-136.49,16.652,110.69,136.27,1250.6,1485.7,1354.2,636.27,296.82
119.45,163.82,59.498,-137.76,13.667,113.63,131.78,1198.7,1426.2,1292.9,623.59,294.11
117.01,165.86,62.107,-138.09,10.436,116.07,126.15,1137.4,1355.4,1223.8,607.92,290.11
113.48,166.97,64.688,-137.49,7.0076,118.05,119.21,1068.3,1274.9,1148.0,589.06,284.71
109.06,167.16,67.231,-135.97,3.5143,119.54,110.78,993.11,1187.2,1067.0,566.97,277.83
103.9,166.44,69.651,-133.59,0.14296,120.51,100.71,913.78,1094.5,982.02,541.73,269.4
98.067,164.86,71.813,-130.43,-2.9272,120.92,88.959,831.84,998.9,894.68,513.53,259.41
91.566,162.43,73.57,-126.53,-5.5901,120.7,75.646,748.54,901.93,806.47,482.58,247.84
84.388,159.13,74.799,-121.92,-7.8348,119.81,61.128,664.85,804.72,718.78,449.1,234.69
76.531,154.87,75.422,-116.54,-9.7132,118.17,45.926,581.58,708.11,632.67,413.4,219.96
67.998,149.54,75.409,-110.28,-11.284,115.72,30.577,499.34,612.79,548.75,375.89,203.63
58.829,143.0,74.77,-103.02,-12.577,112.4,15.504,418.54,519.3,467.15,337.04,185.66
49.205,135.19,73.545,-94.703,-13.585,108.19,0.97448,339.27,428.02,387.66,297.31,166.04
39.52,126.13,71.776,-85.429,-14.283,103.12,-12.814,261.41,339.11,309.93,257.01,144.9
30.29,115.95,69.509,-75.451,-14.658,97.233,-25.62,184.93,252.56,233.65,216.36,122.67
21.945,104.9,66.787,-65.13,-14.731,90.615,-37.131,110.25,168.36,158.7,175.68,100.16
14.702,93.319,63.668,-54.859,-14.563,83.409,-47.045,38.695,86.882,85.482,135.61,78.35
8.6086,81.581,60.212,-45.01,-14.243,75.795,-55.201,-27.644,9.287,15.152,97.206,58.212
3.6119,70.077,56.473,-35.909,-13.858,67.97,-61.632,-86.504,-62.429,-50.317,61.753,40.406
-0.42016,59.171,52.488,-27.803,-13.476,60.132,-66.532,-136.38,-126.04,-108.75,30.403,25.231
-3.6696,49.151,48.295,-20.819,-13.137,52.477,-70.177,-176.99,-179.98,-158.62,3.7862,12.665
-6.3113,40.205,43.965,-14.956,-12.847,45.197,-72.865,-209.15,-223.94,-199.54,-18.12,2.4599
-8.4754,32.399,39.612,-10.105,-12.575,38.465,-74.866,-234.25,-258.75,-232.12,-35.854,-5.7649
-10.248,25.687,35.392,-6.0935,-12.271,32.408,-76.405,-253.79,-285.89,-257.61,-50.199,-12.429
-11.689,19.944,31.454,-2.7283,-11.887,27.083,-77.642,-269.06,-306.95,-277.39,-61.941,-17.924
-12.853,15.004,27.898,0.16445,-11.393,22.468,-78.681,-281.09,-323.36,-292.72,-71.732,-22.571
-13.79,10.707,24.751,2.7168,-10.787,18.481,-79.577,-290.66,-336.23,-304.67,-80.046,-26.616
-14.548,6.9266,21.986,5.0111,-10.081,15.028,-80.359,-298.34,-346.38,-314.05,-87.209,-30.224
-15.173,3.5827,19.556,7.0885,-9.3065,12.029,-81.044,-304.55,-354.45,-321.47,-93.439,-33.501
-15.709,0.63003,17.424,8.965,-8.5185,9.4348,-81.643,-309.62,-360.9,-327.39,-98.885,-36.505
-16.199,-1.9602,15.561,10.648,-7.7892,7.2084,-82.169,-313.78,-366.12,-332.17,-103.66,-39.267
-16.673,-4.2113,13.942,12.138,-7.1881,5.3152,-82.635,-317.21,-370.4,-336.09,-107.84,-41.798
-17.132,-6.1364,12.542,13.425,-6.7573,3.7214,-83.052,-320.04,-373.98,-339.34,-111.5,-44.09
-17.544,-7.7285,11.341,14.477,-6.4989,2.4049,-83.425,-322.36,-377.0,-342.09,-114.69,-46.111
-17.862,-8.9581,10.335,15.251,-6.3779,1.3611,-83.75,-324.21,-379.56,-344.41,-117.44,-47.814
-18.049,-9.7896,9.5311,15.708,-6.3392,0.59756,-84.016,-325.65,-381.7,-346.34,-119.77,-49.148
-18.096,-10.211,8.9382,15.842,-6.3286,0.11708,-84.221,-326.72,-383.44,-347.9,-121.7,-50.091
-18.024,-10.263,8.5503,15.701,-6.3072,-0.10267,-84.371,-327.46,-384.79,-349.11,-123.25,-50.668
-17.873,-10.046,8.3363,15.381,-6.2528,-0.11917,-84.491,-327.95,-385.79,-350.01,-124.49,-50.952
-17.69,-9.6924,8.2424,14.996,-6.1548,-0.017193,-84.616,-328.27,-386.51,-350.68,-125.48,-51.05
-17.509,-9.3315,8.2055,14.643,-6.0112,0.11366,-84.776,-328.47,-387.0,-351.21,-126.29,-51.069
-17.344,-9.0496,8.1732,14.376,-5.8293,0.20613,-84.981,-328.63,-387.34,-351.68,-126.98,-51.092
-17.178,-8.8678,8.1234,14.194,-5.6257,0.23748,-85.209,-328.76,-387.58,-352.18,-127.58,-51.166
-16.964,-8.7366,8.0706,14.04,-5.4178,0.2375,-85.418,-328.87,-387.73,-352.72,-128.13,-51.292
-16.636,-8.5548,8.0526,13.823,-5.2139,0.27576,-85.564,-328.94,-387.78,-353.3,-128.65,-51.433
-16.142,-8.2071,8.1096,13.445,-5.0111,0.43345,-85.615,-328.95,-387.7,-353.86,-129.11,-51.532
-15.468,-7.6081,8.2718,12.847,-4.8034,0.77481,-85.555,-328.86,-387.45,-354.34,-129.49,-51.522
-14.659,-6.7302,8.5584,12.029,-4.5869,1.3305,-85.383,-328.64,-386.98,-354.68,-129.68,-51.353
-13.804,-5.6023,8.9795,11.046,-4.3623,2.0963,-85.1,-328.24,-386.27,-354.82,-129.6,-51.0
-12.996,-4.2798,9.5364,9.9704,-4.1404,3.0466,-84.707,-327.61,-385.29,-354.74,-129.15,-50.473
-12.301,-2.8098,10.227,8.859,-3.9481,4.1531,-84.21,-326.71,-384.07,-354.46,-128.27,-49.813
-11.737,-1.2204,11.052,7.7401,-3.8303,5.3958,-83.62,-325.56,-382.63,-354.02,-126.98,-49.081
-11.292,0.45684,12.019,6.6371,-3.8468,6.7537,-82.96,-324.19,-381.06,-353.47,-125.36,-48.343
-10.95,2.1529,13.139,5.5996,-4.063,8.1886,-82.264,-322.68,-379.44,-352.87,-123.6,-47.663
-10.716,3.7583,14.423,4.7117,-4.5361,9.6453,-81.551,-321.08,-377.85,-352.28,-121.9,-47.094
-10.623,5.1687,15.902,4.0642,-5.3011,11.088,-80.795,-319.39,-376.27,-351.72,-120.47,-46.685
-10.735,6.3641,17.661,3.7047,-6.3661,12.564,-79.89,-317.49,-374.54,-351.13,-119.42,-46.481
-11.112,7.4837,19.878,3.5857,-7.7394,14.263,-78.628,-315.04,-372.29,-350.37,-118.76,-46.512
-11.782,8.877,22.856,3.5325,-9.5277,16.583,-76.674,-311.44,-368.89,-349.16,-118.38,-46.765
-12.706,11.135,26.984,3.2489,-12.137,20.195,-73.554,-305.69,-363.39,-347.01,-118.05,-47.145
-13.787,15.146,32.442,2.3481,-16.306,26.048,-68.702,-296.37,-354.33,-343.07,-117.42,-47.452
-14.869,22.163,38.188,0.35456,-21.495,34.9,-61.708,-281.66,-339.74,-335.84,-116.12,-47.384
-15.775,33.432,40.747,-3.4246,-25.021,45.246,-52.774,-259.96,-317.57,-322.55,-113.67,-46.558
-16.371,47.81,39.637,-10.078,-27.5,50.557,-42.809,-231.39,-287.23,-298.74,-109.36,-44.554
-16.612,57.921,44.465,-20.24,-31.346,47.334,-32.676,-199.41,-251.14,-260.16,-101.72,-40.835
-16.448,57.973,59.172,-30.479,-37.997,49.622,-23.096,-171.39,-213.72,-208.61,-87.141,-34.292
-15.27,61.284,83.602,-34.276,-48.579,67.202,-16.275,-158.24,-182.01,-151.75,-59.516,-22.271
-11.895,82.649,118.42,-36.301,-63.979,98.069,-15.563,-168.77,-167.78,-91.251,-22.481,-4.8506
-9.3466,122.33,163.95,-48.907,-84.116,141.88,-10.638,-184.43,-170.9,-22.099,-3.4657,-5.3816
-9.124,179.05,219.71,-75.32,-107.96,199.4,52.611,-110.68,-124.41,59.351,-13.794,-31.785
-5.0423,252.34,282.55,-114.19,-133.93,269.18,135.73,155.29,80.213,153.73,-21.451,-40.265
6.5287,337.87,343.8,-164.24,-158.62,344.42,189.75,415.25,401.06,262.66,8.682,-23.282
26.812,425.44,395.94,-222.0,-176.79,414.13,220.76,598.12,677.37,396.27,81.627,16.916
56.699,505.26,440.03,-281.96,-186.09,473.16,218.14,705.2,860.0,579.0,194.12,84.158
96.548,575.92,478.77,-340.4,-188.78,524.95,175.01,690.9,918.33,818.14,346.64,180.96
145.84,642.44,513.39,-397.79,-187.17,574.29,89.623,512.05,811.98,1035.3,540.56,307.32
202.73,710.77,544.41,-457.22,-181.17,623.85,-36.805,146.74,521.71,1160.1,769.75,461.21
263.35,786.1,574.01,-521.75,-171.37,676.51,-199.68,-392.5,61.643,1203.7,1016.1,636.87
322.14,873.4,610.63,-592.57,-163.01,738.53,-389.45,-1055.4,-522.23,1179.5,1259.9,823.82
373.86,975.87,664.27,-668.63,-163.72,816.64,-591.01,-1764.6,-1164.1,1091.3,1486.0,1009.1
415.39,1090.6,737.9,-746.18,-177.12,911.1,-785.73,-2433.2,-1795.6,943.1,1678.3,1179.3
445.1,1205.7,823.96,-817.95,-201.15,1012.1,-956.43,-2986.8,-2362.3,734.43,1818.3,1321.4
461.75,1301.7,905.93,-873.42,-229.7,1101.5,-1088.5,-3385.3,-2833.3,461.6,1886.0,1422.6
463.9,1356.6,963.22,-900.96,-255.12,1157.7,-1171.0,-3623.2,-3201.5,122.9,1863.0,1471.1
450.01,1352.0,977.0,-890.92,-269.97,1161.9,-1198.7,-3720.1,-3476.0,-278.26,1736.9,1457.1
419.3,1278.4,935.14,-838.84,-267.92,1103.5,-1174.4,-3708.6,-3669.8,-730.53,1504.6,1374.7
372.77,1139.1,836.2,-747.43,-245.5,983.46,-1109.7,-3624.8,-3793.2,-1211.5,1175.8,1224.6
313.83,950.46,692.17,-626.56,-204.77,816.55,-1024.9,-3502.4,-3852.1,-1686.0,774.92,1016.5
247.88,738.89,527.12,-491.31,-154.01,628.41,-943.55,-3366.4,-3848.0,-2108.3,340.27,769.91
181.17,534.14,369.89,-358.47,-104.41,448.39,-883.63,-3227.6,-3778.7,-2430.7,-79.883,511.52
119.35,360.78,243.7,-242.45,-65.608,300.16,-849.15,-3078.3,-3642.2,-2617.6,-436.82,269.9
66.242,231.97,159.22,-151.75,-42.632,195.22,-830.24,-2908.1,-3443.8,-2656.9,-694.15,68.126
23.516,148.17,114.51,-87.867,-34.797,132.4,-813.28,-2718.5,-3197.7,-2562.1,-838.08,-81.507
-8.8241,100.93,100.03,-46.97,-37.956,102.4,-789.97,-2509.7,-2918.6,-2366.3,-878.9,-178.28
-31.534,78.683,104.34,-22.918,-48.048,93.669,-756.57,-2278.6,-2617.9,-2110.8,-843.1,-229.94
-44.798,70.118,116.95,-9.3784,-62.283,95.437,-710.16,-2027.6,-2306.6,-1835.3,-761.73,-248.46
-46.868,64.673,127.87,-0.87384,-76.759,97.551,-648.5,-1769.7,-1998.5,-1571.8,-655.89,-246.13
-37.975,54.177,127.48,3.4215,-78.15,90.961,-575.09,-1524.6,-1709.7,-1344.1,-518.36,-229.3
-28.878,34.904,102.45,3.9079,-46.07,66.799,-500.76,-1308.4,-1455.1,-1166.5,-395.04,-176.55
-28.518,4.376,50.988,14.461,-28.044,26.773,-433.71,-1128.3,-1243.5,-1037.0,-345.47,-121.04
-33.263,-22.231,21.991,28.498,-23.052,-2.2117,-374.45,-983.57,-1076.0,-941.26,-330.5,-122.2
-38.507,-42.657,4.5897,41.277,-20.865,-21.764,-320.77,-868.12,-946.24,-864.28,-321.79,-132.54
-42.628,-60.896,-11.365,52.701,-18.463,-38.957,-271.48,-773.6,-843.21,-796.03,-311.06,-138.53
-45.67,-78.96,-29.375,63.21,-14.201,-56.786,-226.18,-691.0,-754.31,-730.47,-296.23,-140.72
-48.079,-97.788,-49.661,73.491,-7.517,-75.957,-184.58,-611.32,-666.05,-661.36,-277.8,-140.64
-50.151,-117.86,-70.929,84.071,0.68302,-96.365,-147.08,-528.36,-569.31,-584.69,-258.38,-139.45
-51.926,-138.95,-91.782,94.908,8.9836,-117.51,-114.87,-451.53,-482.17,-513.4,-240.86,-137.89
-53.277,-159.93,-111.28,105.38,16.574,-138.41,-90.11,-399.51,-429.43,-462.65,-226.82,-136.42
-54.057,-179.08,-128.74,114.66,23.355,-157.58,-75.923,-371.15,-403.42,-431.16,-216.38,-135.23
-54.223,-195.02,-143.46,122.23,29.464,-173.51,-70.791,-355.44,-389.42,-411.7,-208.89,-134.33
-53.904,-207.32,-154.77,128.06,34.839,-185.48,-69.01,-345.32,-380.11,-398.88,-203.45,-133.63
-53.369,-216.36,-162.56,132.47,39.183,-193.72,-67.169,-337.69,-372.78,-389.64,-199.26,-133.0
-52.934,-222.86,-167.39,135.86,42.263,-199.08,-64.314,-331.23,-366.43,-382.34,-195.68,-132.34
-52.822,-227.47,-170.08,138.52,44.105,-202.41,-60.335,-325.37,-360.65,-376.1,-192.34,-131.57
-53.061,-230.64,-171.38,140.58,44.909,-204.38,-55.34,-319.84,-355.19,-370.44,-189.08,-130.65
-53.492,-232.66,-171.76,142.05,44.924,-205.41,-49.537,-314.48,-349.82,-365.13,-185.86,-129.56
-53.869,-233.74,-171.49,142.89,44.397,-205.75,-43.214,-309.16,-344.28,-359.96,-182.72,-128.29
-54.02,-234.06,-170.7,143.16,43.552,-205.56,-36.698,-303.7,-338.26,-354.79,-179.65,-126.93
-53.956,-233.8,-169.47,143.0,42.591,-204.94,-30.274,-297.87,-331.44,-349.39,-176.65,-125.56
-53.886,-233.15,-167.87,142.66,41.673,-203.97,-24.112,-291.34,-323.47,-343.53,-173.65,-124.29
-54.076,-232.32,-166.01,142.35,40.883,-202.77,-18.225,-283.73,-313.94,-336.89,-170.6,-123.2
-54.653,-231.45,-164.03,142.23,40.206,-201.44,-12.47,-274.59,-302.39,-329.1,-167.43,-122.26
-55.519,-230.58,-162.06,142.27,39.537,-200.1,-6.5723,-263.41,-288.22,-319.65,-164.07,-121.34
-56.428,-229.66,-160.23,142.32,38.747,-198.78,-0.19128,-249.61,-270.73,-307.87,-160.4,-120.24
-57.12,-228.57,-158.55,142.15,37.77,-197.46,7.0045,-232.54,-249.04,-292.86,-156.28,-118.68
-57.414,-227.1,-157.0,141.52,36.652,-196.06,15.254,-211.5,-222.04,-273.42,-151.59,-116.42
-57.211,-225.05,-155.48,140.24,35.503,-194.42,24.643,-185.75,-188.26,-248.08,-146.24,-113.29
-56.485,-222.2,-153.85,138.16,34.408,-192.39,35.073,-154.57,-145.62,-215.29,-140.24,-109.28
-55.268,-218.36,-151.94,135.21,33.389,-189.78,46.274,-117.35,-91.356,-173.76,-133.65,-104.49
-53.65,-213.35,-149.52,131.36,32.449,-186.37,57.854,-73.496,-22.386,-123.12,-126.44,-99.095
-51.747,-206.93,-146.33,126.61,31.634,-181.87,69.367,-22.444,63.379,-64.291,-118.44,-93.239
-49.609,-198.74,-142.02,120.92,31.018,-175.85,80.4,36.34,165.35,0.98994,-109.22,-87.002
-47.155,-188.3,-136.2,114.11,30.656,-167.77,90.637,103.07,279.44,71.359,-98.004,-80.38
-44.21,-175.11,-128.48,105.9,30.543,-157.09,99.899,177.21,399.55,146.62,-83.608,-73.331
-40.639,-158.9,-118.61,96.131,30.614,-143.48,108.14,257.26,520.31,227.44,-64.512,-65.823
-36.479,-140.15,-106.73,85.035,30.753,-127.22,115.44,340.99,638.84,314.66,-39.131,-57.829
-31.954,-120.18,-93.5,73.313,30.798,-109.47,121.92,426.21,754.27,408.68,-6.365,-49.265
-27.332,-100.68,-79.948,61.835,30.59,-91.838,127.73,511.34,866.34,509.27,33.886,-39.9
-22.754,-82.838,-67.113,51.167,30.056,-75.662,133.0,595.52,974.43,615.31,80.623,-29.303
-18.164,-66.969,-55.634,41.38,29.265,-61.431,137.78,678.35,1077.4,724.67,132.12,-16.859
-13.348,-52.706,-45.625,32.21,28.398,-48.929,142.1,759.53,1173.8,834.42,186.47,-1.8776
-7.9909,-39.488,-36.82,23.322,27.647,-37.649,145.94,838.65,1262.4,941.34,241.98,16.257
-1.67,-26.855,-28.818,14.432,27.123,-27.138,149.27,915.0,1341.7,1042.7,297.36,37.92
6.1274,-14.499,-21.282,5.2944,26.831,-17.126,152.08,987.61,1410.7,1136.6,351.55,63.102
15.852,-2.1839,-14.046,-4.3582,26.719,-7.4872,154.37,1055.3,1468.8,1221.6,403.5,91.231
27.582,10.356,-7.1189,-14.816,26.754,1.8649,156.16,1116.9,1515.9,1297.1,452.1,121.05
40.77,23.409,-0.61072,-26.302,26.95,11.065,157.5,1171.6,1552.8,1362.2,496.23,150.76
54.339,37.185,5.3811,-38.839,27.322,20.293,158.43,1219.2,1581.1,1416.8,535.11,178.52
67.149,51.686,10.844,-52.176,27.857,29.694,159.02,1259.8,1602.4,1461.0,568.36,203.07
78.511,66.663,15.842,-65.842,28.515,39.296,159.33,1294.3,1618.3,1495.0,595.94,223.97
88.344,81.669,20.453,-79.29,29.256,48.965,159.41,1323.2,1630.1,1520.0,617.99,241.37
96.942,96.148,24.71,-91.985,30.037,58.419,159.3,1346.9,1638.6,1536.9,634.72,255.68
104.62,109.51,28.61,-103.42,30.755,67.299,159.01,1365.8,1644.2,1546.9,646.5,267.28
111.45,121.24,32.158,-113.15,31.225,75.283,158.54,1379.6,1646.9,1550.6,653.86,276.47
117.19,131.01,35.414,-120.91,31.216,82.198,157.89,1387.8,1646.3,1548.4,657.48,283.48
121.43,138.81,38.488,-126.67,30.516,88.051,157.04,1390.0,1641.8,1540.1,658.0,288.48
123.85,144.79,41.479,-130.61,28.986,92.966,155.97,1385.0,1632.1,1525.1,655.87,291.65
124.3,149.24,44.439,-132.96,26.607,97.096,154.64,1372.0,1615.9,1502.4,651.28,293.15
122.87,152.4,47.361,-134.0,23.528,100.56,153.01,1349.9,1591.5,1471.2,644.21,293.12
119.83,154.46,50.209,-133.93,20.023,103.44,150.98,1317.9,1557.3,1431.2,634.46,291.66
115.59,155.53,52.942,-132.93,16.363,105.75,148.45,1275.9,1511.7,1382.1,621.77,288.79
110.56,155.65,55.513,-131.12,12.679,107.46,145.28,1224.0,1454.0,1324.3,605.93,284.5
105.03,154.84,57.859,-128.55,8.9684,108.53,141.31,1163.0,1384.5,1258.3,586.84,278.75
99.142,153.08,59.906,-125.28,5.2063,108.9,136.31,1094.2,1304.6,1185.1,564.57,271.51
92.967,150.39,61.57,-121.33,1.4582,108.54,130.04,1019.1,1216.5,1105.5,539.3,262.76
86.519,146.82,62.764,-116.73,-2.0879,107.46,122.26,939.48,1122.6,1021.0,511.31,252.56
79.756,142.42,63.43,-111.54,-5.1927,105.7,112.81,856.72,1025.2,933.03,480.83,240.95
72.556,137.25,63.558,-105.74,-7.6743,103.3,101.65,772.05,925.88,843.39,448.05,227.91
64.729,131.32,63.19,-99.269,-9.4635,100.34,88.883,686.44,825.89,753.64,413.12,213.35
56.114,124.61,62.405,-92.059,-10.586,96.842,74.741,600.67,726.04,665.01,376.29,197.06
46.803,117.13,61.284,-84.095,-11.12,92.861,59.5,515.42,627.06,578.24,337.89,178.92
37.318,108.97,59.894,-75.529,-11.182,88.436,43.462,431.22,529.71,493.65,298.4,158.97
28.474,100.29,58.273,-66.682,-10.922,83.617,26.996,348.43,434.68,411.24,258.35,137.66
20.943,91.343,56.429,-57.95,-10.514,78.457,10.598,267.3,342.51,330.95,218.23,115.82
14.937,82.349,54.346,-49.678,-10.13,73.0,-5.1009,188.16,253.42,252.68,178.54,94.503
10.281,73.494,51.993,-42.082,-9.8985,67.287,-19.436,111.84,167.44,176.48,139.81,74.626
6.6494,64.915,49.334,-35.259,-9.8908,61.355,-31.898,39.92,84.864,102.72,102.76,56.754
3.7332,56.719,46.336,-29.22,-10.107,55.258,-42.269,-25.586,6.6987,32.323,68.313,41.076
1.2853,48.988,43.005,-23.911,-10.488,49.089,-50.638,-82.943,-65.226,-33.161,37.362,27.532
-0.89412,41.791,39.42,-19.232,-10.936,42.998,-57.29,-131.35,-128.83,-92.006,10.531,15.954
-2.959,35.181,35.744,-15.07,-11.348,37.181,-62.562,-171.02,-182.68,-142.94,-12.033,6.1358
-4.9821,29.201,32.178,-11.329,-11.635,31.828,-66.755,-202.88,-226.51,-185.53,-30.612,-2.1329
-6.9249,23.87,28.891,-7.9565,-11.725,27.066,-70.095,-228.11,-261.18,-220.1,-45.799,-9.0686
-8.6709,19.164,25.964,-4.9257,-11.568,22.92,-72.747,-247.94,-288.13,-247.53,-58.275,-14.892
-10.106,15.01,23.389,-2.2105,-11.12,19.332,-74.836,-263.48,-308.96,-268.95,-68.67,-19.821
-11.184,11.31,21.112,0.23549,-10.359,16.201,-76.469,-275.66,-325.1,-285.52,-77.497,-24.06
-11.932,7.9537,19.054,2.4681,-9.306,13.413,-77.744,-285.25,-337.72,-298.35,-85.132,-27.787
-12.425,4.8481,17.129,4.5332,-8.0264,10.865,-78.75,-292.87,-347.7,-308.34,-91.824,-31.13
-12.738,1.9426,15.259,6.4448,-6.6118,8.4797,-79.565,-299.01,-355.69,-316.22,-97.72,-34.174
-12.931,-0.76625,13.394,8.1875,-5.1663,6.2258,-80.247,-304.02,-362.16,-322.55,-102.89,-36.95
-13.049,-3.2434,11.541,9.7309,-3.8104,4.1211,-80.828,-308.15,-367.44,-327.71,-107.38,-39.441
-13.145,-5.4288,9.776,11.049,-2.6796,2.2236,-81.323,-311.58,-371.78,-331.98,-111.21,-41.597
-13.274,-7.2621,8.2075,12.129,-1.8964,0.60969,-81.733,-314.42,-375.37,-335.52,-114.44,-43.369
-13.47,-8.7011,6.9249,12.97,-1.5232,-0.66535,-82.066,-316.75,-378.33,-338.46,-117.14,-44.734
-13.732,-9.745,5.9565,13.581,-1.5262,-1.5958,-82.342,-318.65,-380.79,-340.9,-119.42,-45.729
-14.032,-10.448,5.2609,13.991,-1.7832,-2.2338,-82.588,-320.19,-382.83,-342.92,-121.37,-46.445
-14.346,-10.913,4.7621,14.258,-2.1425,-2.6681,-82.831,-321.46,-384.51,-344.6,-123.08,-47.0
-14.685,-11.247,4.3993,14.456,-2.4969,-2.9799,-83.084,-322.5,-385.9,-346.02,-124.57,-47.495
-15.081,-11.518,4.1644,14.648,-2.826,-3.2044,-83.347,-323.37,-387.02,-347.22,-125.83,-47.972
-15.56,-11.729,4.1038,14.858,-3.1847,-3.3204,-83.608,-324.06,-387.9,-348.25,-126.84,-48.411
-16.123,-11.839,4.2797,15.071,-3.6529,-3.2802,-83.853,-324.6,-388.54,-349.13,-127.6,-48.762
-16.743,-11.817,4.7178,15.272,-4.2774,-3.0568,-84.073,-324.99,-388.98,-349.91,-128.13,-48.971
-17.374,-11.676,5.3798,15.454,-5.0361,-2.6711,-84.268,-325.25,-389.25,-350.61,-128.49,-49.02
-17.966,-11.459,6.1828,15.62,-5.843,-2.1812,-84.443,-325.41,-389.38,-351.27,-128.7,-48.936
-18.461,-11.189,7.0418,15.758,-6.5875,-1.6339,-84.602,-325.52,-389.39,-351.92,-128.78,-48.775
-18.802,-10.85,7.9102,15.837,-7.1802,-1.0417,-84.745,-325.63,-389.3,-352.53,-128.68,-48.598
-18.952,-10.397,8.7814,15.81,-7.5766,-0.38476,-84.86,-325.74,-389.1,-353.08,-128.4,-48.468
-18.91,-9.7884,9.6749,15.643,-7.78,0.36732,-84.932,-325.85,-388.76,-353.53,-127.92,-48.426
-18.72,-8.9997,10.619,15.326,-7.8396,1.2369,-84.945,-325.91,-388.28,-353.82,-127.3,-48.475
-18.476,-8.0425,11.642,14.878,-7.8449,2.2325,-84.89,-325.87,-387.62,-353.95,-126.63,-48.583
-18.295,-6.9532,12.759,14.339,-7.913,3.3396,-84.772,-325.67,-386.78,-353.92,-125.99,-48.693
-18.267,-5.7835,13.967,13.758,-8.1583,4.5235,-84.603,-325.29,-385.79,-353.81,-125.43,-48.74
-18.421,-4.5931,15.233,13.173,-8.6511,5.7323,-84.402,-324.73,-384.67,-353.69,-124.99,-48.679
-18.721,-3.4422,16.505,12.616,-9.3942,6.908,-84.176,-324.02,-383.48,-353.64,-124.65,-48.489
-19.109,-2.3747,17.748,12.114,-10.33,8.0139,-83.909,-323.19,-382.25,-353.71,-124.37,-48.184
-19.541,-1.3901,18.995,11.677,-11.366,9.0722,-83.55,-322.2,-380.96,-353.87,-124.08,-47.807
-19.997,-0.41271,20.365,11.284,-12.402,10.194,-83.003,-320.94,-379.52,-354.05,-123.74,-47.423
-20.452,0.72938,22.049,10.855,-13.356,11.587,-82.11,-319.13,-377.66,-354.07,-123.3,-47.11
-20.846,2.3136,24.279,10.244,-14.185,13.559,-80.626,-316.27,-374.93,-353.74,-122.71,-46.929
-21.085,4.7309,27.3,9.2495,-14.913,16.536,-78.181,-311.58,-370.61,-352.76,-121.95,-46.899
-21.074,8.5272,31.312,7.6304,-15.664,21.08,-74.258,-303.86,-363.59,-350.72,-120.93,-46.961
-20.749,14.49,36.275,5.0503,-16.696,27.827,-68.332,-291.48,-352.32,-346.88,-119.53,-46.96
-20.078,23.609,41.437,0.91959,-18.402,36.953,-60.34,-272.69,-334.9,-339.86,-117.5,-46.633
-18.976,36.295,44.811,-5.7107,-21.122,46.778,-51.111,-246.8,-310.02,-327.13,-114.44,-45.606
-17.155,50.393,44.493,-15.606,-24.713,52.932,-41.656,-215.97,-278.67,-304.85,-109.51,-43.378
-13.87,60.614,43.833,-27.596,-28.706,52.732,-32.334,-186.21,-244.63,-269.54,-100.84,-39.149
-7.8921,64.135,49.804,-37.594,-33.223,52.248,-24.247,-167.31,-213.54,-222.32,-84.009,-31.092
0.73402,67.328,64.287,-42.312,-38.982,61.026,-20.448,-170.01,-194.41,-168.53,-53.447,-15.955
7.5006,81.375,86.68,-45.194,-46.628,81.895,-16.099,-187.63,-193.36,-109.9,-19.18,-1.0806
7.549,111.86,117.66,-55.629,-56.529,114.37,33.505,-147.8,-178.15,-43.126,-9.9305,-16.471
5.5557,158.96,159.33,-79.295,-69.107,159.52,119.38,84.191,-48.632,34.805,-23.564,-39.522
11.637,222.36,212.95,-115.6,-84.961,218.31,178.57,363.89,255.31,124.6,-19.073,-35.806
28.697,299.69,274.21,-162.83,-103.7,287.55,216.71,562.25,579.7,227.36,27.766,-8.9243
55.635,384.0,332.39,-218.22,-121.99,358.75,223.83,691.55,803.34,352.02,114.82,42.56
91.823,466.67,379.83,-277.65,-135.1,423.44,191.5,709.33,911.74,525.9,240.06,122.43
136.86,544.03,417.19,-338.57,-141.15,479.54,117.02,571.12,868.16,771.59,406.47,232.56
189.78,619.07,446.89,-401.94,-140.45,530.23,1.4672,251.35,643.46,1010.0,616.65,373.19
247.85,697.53,470.96,-470.24,-133.3,580.34,-151.25,-245.4,239.75,1145.8,861.22,541.69
305.93,784.39,496.66,-544.0,-121.86,636.31,-333.41,-879.98,-306.41,1192.0,1117.4,729.21
358.34,883.1,535.94,-621.52,-113.18,705.68,-532.54,-1584.5,-933.72,1164.9,1363.5,921.6
401.46,993.96,595.87,-700.29,-115.43,791.92,-731.47,-2275.9,-1573.2,1069.7,1582.3,1103.9
433.6,1110.4,674.09,-775.72,-131.25,890.2,-912.28,-2874.8,-2165.4,914.05,1755.7,1262.3
453.73,1217.8,758.97,-839.88,-157.38,987.12,-1059.1,-3330.2,-2671.1,697.83,1864.6,1384.0
460.7,1296.7,832.39,-882.43,-186.72,1063.5,-1159.4,-3625.4,-3075.6,416.27,1890.4,1457.1
453.14,1326.7,874.26,-892.87,-210.4,1099.2,-1206.1,-3772.4,-3382.8,66.028,1817.9,1471.0
429.98,1292.5,868.22,-863.34,-220.2,1078.5,-1198.8,-3800.0,-3605.2,-349.92,1638.4,1417.7
391.08,1189.1,807.11,-791.57,-211.54,995.55,-1145.7,-3743.5,-3754.3,-817.55,1353.6,1294.2
337.95,1024.8,696.32,-682.72,-185.3,857.63,-1064.7,-3637.4,-3838.0,-1308.7,979.66,1106.1
274.29,821.35,553.42,-549.35,-147.1,684.57,-979.52,-3509.6,-3860.2,-1782.2,549.1,868.94
205.96,608.2,403.64,-408.94,-105.07,503.76,-910.83,-3375.8,-3821.2,-2189.6,108.85,607.97
139.76,415.2,272.37,-279.49,-68.191,342.52,-867.34,-3236.5,-3719.0,-2485.5,-287.93,353.5
81.307,264.1,177.25,-174.58,-44.631,220.18,-843.53,-3083.1,-3555.4,-2639.7,-595.77,132.91
33.623,162.95,123.52,-99.757,-38.077,143.25,-826.68,-2912.0,-3338.9,-2646.6,-790.46,-36.735
-2.8006,106.14,104.69,-52.466,-45.558,105.73,-806.56,-2721.8,-3082.2,-2524.2,-873.82,-151.38
-28.817,80.222,107.93,-25.469,-60.324,94.552,-777.83,-2508.1,-2796.6,-2308.2,-867.47,-217.11
-44.923,70.711,120.06,-10.834,-76.36,95.822,-737.09,-2268.3,-2492.9,-2040.4,-801.76,-245.37
-48.943,65.598,130.16,-2.4153,-88.923,98.011,-681.36,-2007.9,-2183.3,-1760.0,-705.29,-248.76
-38.869,57.489,130.08,-0.27323,-89.69,92.904,-611.01,-1743.0,-1882.6,-1498.4,-587.48,-237.15
-26.456,45.988,112.0,-5.0293,-69.733,74.814,-533.94,-1493.8,-1606.4,-1279.4,-448.73,-200.7
-23.717,23.093,70.45,2.3048,-48.426,43.075,-460.48,-1275.9,-1367.6,-1115.0,-366.04,-131.0
-27.16,-4.0356,36.262,16.26,-36.397,13.076,-394.92,-1096.0,-1172.4,-997.63,-339.81,-119.85
-32.288,-26.765,13.46,29.76,-28.092,-9.8871,-336.69,-952.45,-1019.5,-910.01,-329.31,-131.11
-37.141,-47.404,-6.2384,42.855,-19.753,-29.822,-284.48,-838.27,-900.45,-837.48,-319.47,-139.13
-41.127,-68.278,-26.783,55.847,-10.06,-49.869,-237.16,-743.88,-803.46,-771.2,-306.33,-142.88
-44.277,-90.027,-48.975,68.67,0.51833,-70.963,-193.75,-659.22,-715.14,-705.57,-289.33,-144.02
-46.788,-112.63,-71.837,81.222,10.478,-93.036,-154.17,-574.61,-621.82,-634.5,-270.37,-143.85
-48.826,-135.8,-93.933,93.34,18.78,-115.67,-119.7,-489.12,-524.61,-559.5,-252.46,-143.21
-50.502,-158.73,-114.31,104.7,25.461,-138.05,-92.76,-421.54,-452.62,-496.7,-237.72,-142.62
-51.896,-180.0,-132.52,114.9,31.021,-158.88,-77.445,-381.94,-414.75,-454.56,-226.68,-142.27
-53.082,-198.11,-147.97,123.59,35.632,-176.53,-72.801,-360.45,-395.83,-428.43,-218.79,-142.15
-54.124,-212.24,-159.75,130.68,39.063,-189.8,-71.983,-347.29,-384.68,-411.81,-213.07,-142.11
-55.061,-222.51,-167.51,136.27,41.361,-198.7,-71.04,-337.72,-376.72,-400.41,-208.58,-142.0
-55.902,-229.63,-171.98,140.57,42.923,-204.16,-69.052,-329.78,-370.22,-391.84,-204.59,-141.7
-56.637,-234.42,-174.3,143.83,44.075,-207.31,-65.981,-322.65,-364.48,-384.85,-200.77,-141.14
-57.26,-237.53,-175.34,146.22,44.94,-209.01,-61.961,-315.99,-359.08,-378.74,-197.09,-140.32
-57.77,-239.44,-175.6,147.93,45.526,-209.78,-57.195,-309.63,-353.73,-373.19,-193.7,-139.31
-58.178,-240.48,-175.35,149.06,45.803,-209.95,-51.945,-303.46,-348.14,-367.97,-190.77,-138.21
-58.488,-240.89,-174.74,149.72,45.758,-209.7,-46.487,-297.31,-342.03,-362.93,-188.35,-137.1
-58.697,-240.84,-173.88,150.01,45.411,-209.19,-41.041,-290.99,-335.15,-357.88,-186.32,-136.05
-58.785,-240.46,-172.84,149.99,44.815,-208.49,-35.704,-284.2,-327.16,-352.63,-184.39,-135.06
-58.729,-239.83,-171.68,149.7,44.049,-207.67,-30.409,-276.53,-317.68,-346.92,-182.21,-134.05
-58.522,-239.0,-170.44,149.19,43.197,-206.74,-24.92,-267.47,-306.17,-340.37,-179.39,-132.86
-58.191,-237.97,-169.09,148.49,42.34,-205.71,-18.886,-256.39,-291.92,-332.52,-175.66,-131.28
-57.802,-236.74,-167.58,147.63,41.544,-204.52,-11.92,-242.57,-274.12,-322.73,-170.95,-129.14
-57.433,-235.29,-165.83,146.64,40.844,-203.12,-3.7163,-225.2,-251.75,-310.19,-165.36,-126.29
-57.133,-233.58,-163.77,145.56,40.228,-201.46,5.8601,-203.51,-223.63,-293.9,-159.15,-122.71
-56.889,-231.57,-161.36,144.36,39.632,-199.49,16.727,-176.73,-188.21,-272.6,-152.54,-118.46
-56.636,-229.18,-158.58,142.98,38.957,-197.18,28.613,-144.24,-143.3,-244.83,-145.7,-113.64
-56.288,-226.3,-155.48,141.32,38.113,-194.5,41.121,-105.52,-85.841,-209.07,-138.61,-108.36
-55.76,-222.78,-152.08,139.21,37.061,-191.38,53.803,-60.105,-12.425,-164.17,-131.16,-102.69
-54.968,-218.36,-148.4,136.43,35.826,-187.68,66.226,-7.4314,78.939,-110.11,-123.11,-96.67
-53.823,-212.66,-144.32,132.7,34.464,-183.14,78.029,53.046,186.8,-48.24,-114.07,-90.292
-52.231,-205.14,-139.64,127.67,33.018,-177.36,88.941,121.55,305.81,19.602,-103.44,-83.552
-50.118,-195.18,-133.98,121.01,31.504,-169.81,98.792,197.55,429.07,92.44,-90.231,-76.46
-47.463,-182.25,-126.9,112.52,29.938,-159.89,107.53,279.48,551.47,170.48,-72.95,-69.024
-44.317,-166.18,-118.01,102.28,28.364,-147.19,115.19,365.1,670.84,254.46,-49.701,-61.211
-40.767,-147.46,-107.14,90.739,26.862,-131.81,121.91,452.2,786.83,344.98,-18.715,-52.886
-36.864,-127.25,-94.531,78.617,25.529,-114.49,127.89,539.19,899.3,442.23,20.698,-43.766
-32.589,-106.94,-80.875,66.603,24.444,-96.486,133.29,625.2,1007.6,545.87,67.633,-33.423
-27.866,-87.641,-67.055,55.14,23.649,-78.999,138.23,709.88,1110.4,654.66,120.14,-21.334
-22.583,-69.874,-53.813,44.367,23.137,-62.778,142.72,792.93,1206.4,766.19,176.14,-6.9626
-16.566,-53.692,-41.631,34.189,22.886,-48.115,146.72,873.87,1293.9,877.13,233.73,10.157
-9.5389,-38.878,-30.8,24.369,22.904,-35.017,150.15,951.83,1371.6,984.0,291.2,30.366
-1.1548,-25.119,-21.492,14.613,23.275,-23.386,152.99,1025.5,1438.1,1084.0,347.05,53.78
8.84,-12.091,-13.73,4.6333,24.119,-13.059,155.24,1093.4,1492.9,1175.4,400.02,80.12
20.378,0.51549,-7.3694,-5.8106,25.455,-3.8071,156.96,1154.1,1536.5,1257.1,449.05,108.53
33.045,12.994,-2.1345,-16.892,27.072,4.6613,158.22,1207.2,1570.1,1328.5,493.28,137.6
46.323,25.616,2.2956,-28.717,28.613,12.657,159.13,1252.5,1595.4,1389.3,532.17,165.71
59.76,38.596,6.2047,-41.32,29.855,20.467,159.74,1291.0,1614.4,1439.4,565.53,191.51
72.836,52.048,9.7996,-54.606,30.859,28.316,160.12,1323.5,1628.6,1478.9,593.4,214.21
84.905,65.926,13.211,-68.258,31.849,36.346,160.31,1351.0,1639.2,1508.3,615.93,233.54
95.417,79.973,16.523,-81.7,33.011,44.6,160.34,1373.7,1646.9,1528.6,633.29,249.54
104.13,93.712,19.808,-94.193,34.371,53.001,160.2,1392.1,1652.2,1540.9,645.72,262.42
111.1,106.54,23.141,-105.08,35.773,61.337,159.9,1405.9,1655.3,1546.4,653.64,272.46
116.56,117.9,26.568,-114.02,36.916,69.296,159.44,1414.8,1655.9,1545.7,657.68,279.95
120.71,127.51,30.081,-120.97,37.433,76.575,158.82,1418.6,1653.5,1538.9,658.53,285.22
123.66,135.33,33.603,-126.14,37.008,82.986,158.02,1416.6,1647.3,1525.6,656.79,288.62
125.4,141.55,37.026,-129.8,35.541,88.491,157.01,1408.4,1636.1,1504.9,652.88,290.44
125.84,146.41,40.252,-132.26,33.235,93.157,155.79,1393.2,1618.4,1476.0,646.97,290.93
125.04,150.15,43.236,-133.77,30.476,97.082,154.28,1370.2,1592.6,1438.1,638.98,290.19
123.17,152.92,45.976,-134.52,27.55,100.34,152.43,1338.6,1557.1,1391.2,628.68,288.21
120.47,154.83,48.482,-134.61,24.509,102.95,150.13,1297.7,1510.2,1335.6,615.75,284.88
117.11,155.88,50.786,-134.03,21.227,104.95,147.24,1247.4,1451.2,1271.6,599.86,280.03
113.16,156.06,52.963,-132.71,17.517,106.36,143.57,1188.0,1380.3,1200.2,580.76,273.54
108.59,155.33,55.1,-130.57,13.227,107.23,138.88,1120.3,1299.1,1122.1,558.35,265.36
103.34,153.64,57.238,-127.49,8.3549,107.59,132.9,1045.8,1209.7,1038.7,532.65,255.53
97.339,150.99,59.321,-123.41,3.2093,107.46,125.39,965.87,1114.7,951.32,503.78,244.14
90.554,147.38,61.205,-118.34,-1.5581,106.81,116.14,881.87,1016.3,861.91,471.97,231.27
82.979,142.86,62.704,-112.34,-5.2543,105.59,105.11,795.07,915.92,772.18,437.54,216.89
74.685,137.43,63.668,-105.52,-7.5842,103.72,92.358,706.68,814.89,683.55,400.97,200.93
65.806,131.11,64.017,-98.007,-8.7397,101.13,78.09,617.95,714.09,596.92,362.87,183.33
56.492,123.92,63.747,-89.9,-9.1762,97.795,62.632,530.04,614.41,512.66,323.93,164.24
46.892,115.95,62.91,-81.32,-9.3735,93.736,46.411,443.9,516.7,430.74,284.73,144.06
37.252,107.34,61.596,-72.425,-9.6857,89.054,29.94,360.05,421.7,350.92,245.64,123.45
28.046,98.301,59.903,-63.461,-10.284,83.891,13.784,278.53,329.83,272.92,206.79,103.12
19.893,89.099,57.897,-54.756,-11.169,78.379,-1.4795,199.21,241.12,196.56,168.28,83.671
13.243,79.986,55.588,-46.651,-12.214,72.614,-15.35,122.29,155.45,121.97,130.44,65.513
8.1508,71.158,52.951,-39.368,-13.208,66.653,-27.499,48.784,73.058,49.933,94.006,48.922
4.3202,62.714,49.991,-32.923,-13.932,60.558,-37.82,-19.352,-4.8603,-17.955,60.08,34.1
1.2983,54.672,46.798,-27.146,-14.282,54.435,-46.392,-79.877,-76.168,-79.644,29.751,21.197
-1.3281,47.013,43.548,-21.815,-14.296,48.429,-53.385,-131.21,-138.55,-133.42,3.6959,10.266
-3.7895,39.749,40.436,-16.787,-14.089,42.699,-58.995,-173.0,-190.61,-178.49,-18.008,1.2212
-6.1157,32.952,37.596,-12.051,-13.765,37.382,-63.412,-206.04,-232.39,-215.1,-35.779,-6.1589
-8.2436,26.727,35.063,-7.6933,-13.379,32.558,-66.823,-231.73,-265.09,-244.13,-50.272,-12.169
-10.123,21.176,32.772,-3.8249,-12.945,28.246,-69.418,-251.57,-290.42,-266.8,-62.151,-17.114
-11.732,16.35,30.607,-0.51912,-12.473,24.41,-71.379,-266.93,-310.03,-284.33,-71.967,-21.264
-13.042,12.234,28.455,2.2123,-11.976,20.988,-72.873,-278.87,-325.32,-297.86,-80.14,-24.839
-14.029,8.7628,26.244,4.4114,-11.466,17.918,-74.033,-288.24,-337.36,-308.33,-86.991,-28.007
-14.715,5.8454,23.981,6.1538,-10.96,15.163,-74.948,-295.65,-346.9,-316.49,-92.77,-30.875
-15.191,3.3974,21.741,7.529,-10.495,12.718,-75.663,-301.57,-354.53,-322.93,-97.677,-33.486
-15.588,1.3467,19.633,8.6263,-10.124,10.59,-76.204,-306.33,-360.66,-328.08,-101.87,-35.834
-16.018,-0.37809,17.744,9.5284,-9.8909,8.7723,-76.601,-310.2,-365.63,-332.28,-105.48,-37.888
-16.524,-1.8605,16.101,10.308,-9.8066,7.2187,-76.904,-313.4,-369.72,-335.8,-108.63,-39.631
-17.069,-3.193,14.674,11.021,-9.8314,5.8546,-77.184,-316.1,-373.15,-338.81,-111.46,-41.078
-17.556,-4.461,13.397,11.706,-9.877,4.5958,-77.508,-318.44,-376.08,-341.45,-114.11,-42.283
-17.872,-5.7206,12.195,12.376,-9.8249,3.3754,-77.926,-320.52,-378.63,-343.78,-116.72,-43.323
-17.936,-6.978,11.015,13.018,-9.5606,2.1679,-78.436,-322.38,-380.83,-345.81,-119.34,-44.273
-17.73,-8.1815,9.8572,13.595,-9.0151,1.0027,-78.995,-324.06,-382.72,-347.55,-121.96,-45.178
-17.289,-9.2291,8.7711,14.048,-8.1927,-0.043846,-79.535,-325.53,-384.29,-348.99,-124.48,-46.039
-16.671,-9.9928,7.8286,14.302,-7.1633,-0.87532,-79.996,-326.76,-385.54,-350.16,-126.75,-46.816
-15.927,-10.359,7.0862,14.275,-6.0215,-1.4141,-80.343,-327.75,-386.5,-351.13,-128.62,-47.449
-15.086,-10.263,6.5534,13.908,-4.8443,-1.6261,-80.575,-328.5,-387.21,-351.98,-129.97,-47.87
-14.171,-9.722,6.1964,13.2,-3.6782,-1.5383,-80.719,-329.05,-387.71,-352.79,-130.75,-48.034
-13.226,-8.8386,5.962,12.224,-2.5726,-1.2262,-80.814,-329.42,-388.07,-353.62,-131.02,-47.93
-12.333,-7.7746,5.8143,11.122,-1.6259,-0.78295,-80.895,-329.69,-388.3,-354.47,-130.9,-47.59
-11.576,-6.7038,5.755,10.065,-0.97656,-0.28701,-80.987,-329.88,-388.41,-355.28,-130.56,-47.08
-10.971,-5.77,5.8145,9.2032,-0.71872,0.21092,-81.095,-330.02,-388.39,-355.97,-130.15,-46.491
-10.457,-5.0591,6.0256,8.6315,-0.83232,0.68707,-81.203,-330.1,-388.22,-356.48,-129.73,-45.922
-9.9829,-4.6021,6.404,8.3801,-1.207,1.1291,-81.282,-330.11,-387.87,-356.76,-129.31,-45.454
-9.5924,-4.3808,6.9361,8.4291,-1.7185,1.5333,-81.303,-329.98,-387.34,-356.82,-128.79,-45.139
-9.404,-4.3417,7.591,8.722,-2.2875,1.9048,-81.249,-329.7,-386.63,-356.73,-128.11,-44.999
-9.534,-4.404,8.3389,9.1734,-2.9154,2.2644,-81.118,-329.24,-385.79,-356.58,-127.23,-45.025
-10.043,-4.4628,9.175,9.6774,-3.7006,2.6568,-80.92,-328.61,-384.86,-356.47,-126.2,-45.172
-10.928,-4.3967,10.133,10.124,-4.7907,3.1526,-80.657,-327.83,-383.9,-356.43,-125.12,-45.363
-12.129,-4.083,11.281,10.418,-6.2763,3.8432,-80.298,-326.92,-382.92,-356.46,-124.11,-45.509
-13.534,-3.4101,12.716,10.486,-8.1247,4.8364,-79.761,-325.8,-381.83,-356.52,-123.25,-45.542
-14.997,-2.2745,14.57,10.281,-10.197,6.2653,-78.889,-324.28,-380.43,-356.47,-122.55,-45.439
-16.367,-0.55883,17.03,9.7654,-12.315,8.3192,-77.428,-322.01,-378.3,-356.15,-121.94,-45.231
-17.53,1.9143,20.374,8.903,-14.357,11.304,-74.995,-318.36,-374.82,-355.32,-121.3,-44.97
-18.431,5.4692,24.936,7.6238,-16.439,15.731,-71.059,-312.38,-369.01,-353.61,-120.45,-44.692
-19.039,10.724,30.806,5.7627,-19.186,22.329,-65.054,-302.65,-359.43,-350.36,-119.16,-44.362
-19.299,18.705,36.865,2.9245,-23.307,31.53,-56.815,-287.4,-344.08,-344.24,-117.12,-43.832
-19.115,30.332,39.767,-1.7403,-26.961,41.5,-47.114,-265.22,-320.97,-332.59,-113.89,-42.814
-18.374,44.091,39.039,-9.5416,-28.243,46.669,-37.163,-236.75,-289.87,-310.79,-108.58,-40.841
-16.824,54.124,43.095,-20.794,-29.275,46.037,-27.489,-206.23,-253.57,-273.88,-99.027,-37.098
-13.574,57.836,55.978,-31.846,-32.318,50.846,-18.734,-181.8,-216.29,-223.22,-80.322,-29.758
-6.8747,65.227,77.43,-37.686,-38.97,68.173,-13.512,-174.51,-184.87,-167.5,-47.459,-15.305
1.5238,87.215,107.64,-41.829,-50.326,97.062,-12.747,-188.55,-170.81,-108.29,-14.678,1.9013
3.5538,125.5,147.26,-54.923,-66.58,137.33,8.9443,-184.44,-170.57,-38.514,-10.508,-8.8953
0.55382,179.61,197.19,-81.246,-87.389,190.17,88.299,-27.843,-111.31,47.072,-25.574,-36.585
3.3177,249.48,256.46,-119.66,-112.36,255.31,156.98,273.75,105.32,148.53,-15.223,-37.362
15.62,331.78,318.23,-168.89,-139.05,327.74,203.86,497.79,421.67,262.72,39.546,-13.168
37.536,417.68,372.6,-225.77,-161.13,397.53,225.8,656.09,690.17,388.01,132.21,35.472
69.159,497.67,416.74,-285.07,-173.35,457.73,212.06,719.1,866.62,532.87,257.17,111.64
109.9,569.44,453.12,-343.26,-175.53,509.49,155.91,639.61,917.78,722.19,413.63,215.77
158.46,637.41,482.89,-401.16,-169.33,557.09,55.62,384.5,803.06,951.13,603.83,346.75
213.06,707.85,507.6,-462.09,-156.62,604.5,-85.765,-53.217,503.97,1131.4,826.28,502.84
270.86,786.51,533.88,-528.78,-142.29,657.11,-259.91,-646.69,36.265,1223.4,1069.1,679.3
327.36,878.13,572.68,-601.56,-134.81,722.36,-453.69,-1337.2,-551.81,1239.1,1314.0,866.33
377.55,984.36,631.74,-678.55,-140.39,805.07,-650.69,-2045.4,-1192.6,1187.5,1541.7,1050.4
418.05,1100.1,709.74,-755.56,-159.24,902.08,-833.93,-2687.3,-1818.0,1075.5,1732.5,1217.0
447.22,1211.7,794.91,-825.07,-185.93,1000.7,-988.21,-3199.5,-2376.2,904.61,1865.7,1352.1
463.85,1299.3,868.47,-876.61,-212.55,1081.4,-1100.6,-3553.7,-2839.6,670.37,1921.1,1442.7
466.41,1341.5,910.56,-898.73,-231.61,1123.5,-1162.2,-3753.1,-3203.6,367.28,1881.7,1477.2
453.27,1321.7,905.36,-882.22,-236.69,1110.8,-1170.4,-3822.3,-3476.8,-6.735,1736.7,1446.8
423.56,1232.9,845.11,-823.29,-223.15,1035.9,-1130.6,-3795.0,-3670.8,-445.71,1485.1,1347.0
378.19,1081.0,733.62,-725.53,-191.02,904.1,-1057.5,-3705.9,-3794.7,-931.55,1139.3,1180.7
320.27,884.94,587.69,-599.8,-147.07,733.3,-973.53,-3585.6,-3853.8,-1431.9,726.68,960.43
254.77,672.76,433.0,-462.1,-101.87,550.3,-900.98,-3454.6,-3850.6,-1901.4,288.17,707.88
187.51,474.02,295.43,-329.72,-64.872,382.74,-852.95,-3319.6,-3784.1,-2289.2,-127.15,451.16
123.91,311.55,192.88,-216.83,-42.255,250.87,-827.63,-3175.2,-3653.5,-2550.6,-472.62,218.03
68.081,195.97,131.25,-131.04,-35.692,162.83,-811.97,-3016.1,-3463.5,-2660.7,-716.27,28.745
22.395,125.13,105.25,-72.709,-42.043,114.88,-793.19,-2840.8,-3225.4,-2620.8,-848.61,-107.88
-12.54,88.557,103.52,-36.896,-55.846,96.084,-764.88,-2644.6,-2951.8,-2456.7,-881.39,-193.61
-37.374,73.36,114.1,-16.657,-72.197,93.967,-723.99,-2422.0,-2653.6,-2208.5,-839.84,-237.13
-53.152,67.5,126.3,-5.2946,-86.691,97.125,-668.48,-2172.7,-2342.4,-1920.8,-753.73,-250.18
-59.568,60.953,130.65,2.0503,-91.628,95.84,-600.37,-1907.1,-2032.4,-1633.7,-646.1,-244.47
-52.711,48.774,119.09,3.6529,-75.979,82.813,-528.32,-1645.0,-1740.4,-1380.0,-512.29,-224.98
-37.521,27.102,78.301,5.0493,-55.53,51.27,-461.15,-1405.9,-1481.0,-1183.0,-394.99,-166.48
-32.876,-0.76061,41.02,16.629,-44.37,18.363,-401.21,-1201.9,-1263.8,-1044.7,-349.46,-124.33
-36.235,-22.347,20.426,29.467,-37.63,-3.3469,-346.71,-1036.0,-1090.6,-947.02,-334.81,-130.16
-40.915,-40.295,5.1444,41.908,-30.924,-19.747,-296.13,-904.27,-955.87,-870.53,-325.12,-138.83
-44.814,-58.252,-10.346,54.232,-22.469,-35.891,-249.21,-798.25,-849.23,-802.82,-313.29,-143.33
-47.706,-77.52,-28.211,66.39,-12.392,-53.79,-205.88,-708.03,-757.95,-737.39,-297.56,-144.79
-49.793,-98.131,-48.386,78.233,-2.1323,-73.582,-166.14,-623.4,-668.13,-669.25,-278.82,-144.51
-51.28,-119.57,-69.624,89.518,6.7754,-94.686,-130.8,-536.49,-570.22,-595.33,-259.9,-143.37
-52.32,-141.06,-90.582,99.924,13.751,-116.35,-101.6,-455.89,-482.73,-526.37,-243.46,-142.0
-53.038,-161.58,-110.41,109.16,19.218,-137.62,-81.952,-401.34,-430.22,-475.87,-230.64,-140.82
-53.542,-180.04,-128.52,117.07,24.104,-157.19,-73.891,-371.46,-404.28,-443.52,-221.25,-140.02
-53.934,-195.59,-144.03,123.64,28.991,-173.67,-72.363,-354.5,-390.21,-422.97,-214.47,-139.56
-54.297,-207.88,-155.85,129.0,33.421,-186.14,-71.934,-343.15,-380.82,-409.14,-209.36,-139.31
-54.685,-217.06,-163.59,133.29,36.583,-194.64,-70.681,-334.16,-373.41,-399.0,-205.13,-139.1
-55.113,-223.6,-167.99,136.67,38.389,-199.97,-68.309,-326.19,-366.97,-390.93,-201.24,-138.8
-55.55,-228.08,-170.22,139.28,39.309,-203.08,-64.939,-318.67,-361.08,-384.06,-197.45,-138.35
-55.944,-231.03,-171.17,141.23,39.833,-204.75,-60.824,-311.41,-355.47,-377.96,-193.7,-137.78
-56.251,-232.89,-171.38,142.66,40.273,-205.52,-56.284,-304.34,-349.9,-372.37,-190.03,-137.17
-56.457,-234.02,-171.12,143.71,40.772,-205.73,-51.637,-297.38,-344.11,-367.11,-186.53,-136.59
-56.584,-234.68,-170.53,144.51,41.344,-205.57,-47.105,-290.41,-337.79,-361.99,-183.19,-136.09
-56.67,-235.01,-169.66,145.15,41.921,-205.14,-42.766,-283.18,-330.58,-356.75,-179.97,-135.65
-56.753,-235.08,-168.55,145.63,42.383,-204.51,-38.554,-275.28,-322.03,-351.08,-176.73,-135.14
-56.842,-234.87,-167.24,145.93,42.598,-203.7,-34.291,-266.16,-311.56,-344.62,-173.3,-134.38
-56.918,-234.36,-165.77,145.96,42.456,-202.74,-29.725,-255.19,-298.47,-336.9,-169.51,-133.15
-56.953,-233.51,-164.2,145.66,41.905,-201.63,-24.597,-241.61,-282.0,-327.34,-165.23,-131.26
-56.916,-232.3,-162.57,144.97,40.962,-200.39,-18.674,-224.59,-261.22,-315.25,-160.4,-128.56
-56.778,-230.72,-160.89,143.9,39.701,-199.01,-11.782,-203.29,-235.1,-299.75,-155.03,-124.98
-56.507,-228.75,-159.15,142.43,38.23,-197.47,-3.8236,-176.86,-202.33,-279.77,-149.18,-120.52
-56.066,-226.34,-157.33,140.57,36.682,-195.7,5.1963,-144.57,-161.03,-254.05,-142.94,-115.26
-55.409,-223.38,-155.37,138.28,35.202,-193.61,15.148,-105.89,-108.42,-221.12,-136.37,-109.33
-54.477,-219.67,-153.21,135.45,33.932,-191.03,25.764,-60.44,-41.111,-179.64,-129.46,-102.86
-53.189,-214.89,-150.74,131.89,32.991,-187.71,36.661,-7.9226,43.714,-128.94,-122.08,-96.007
-51.454,-208.58,-147.76,127.32,32.44,-183.29,47.419,51.914,146.0,-69.712,-113.95,-88.869
-49.185,-200.21,-143.96,121.43,32.28,-177.3,57.665,119.15,261.66,-3.6888,-104.51,-81.515
-46.328,-189.2,-138.96,113.94,32.459,-169.2,67.148,193.39,383.95,67.565,-92.862,-73.962
-42.858,-175.19,-132.29,104.73,32.889,-158.47,75.77,273.48,506.86,143.71,-77.662,-66.176
-38.78,-158.29,-123.61,94.039,33.467,-144.93,83.538,357.61,627.19,225.43,-57.121,-58.063
-34.135,-139.31,-112.89,82.388,34.084,-129.04,90.545,443.73,744.17,313.6,-29.394,-49.433
-29.008,-119.56,-100.6,70.47,34.629,-111.89,96.941,530.15,857.79,408.69,6.6135,-39.952
-23.525,-100.24,-87.566,58.853,34.988,-94.713,102.89,615.82,967.74,510.5,50.555,-29.136
-17.85,-82.076,-74.628,47.826,35.077,-78.384,108.5,700.18,1073.0,618.01,100.83,-16.403
-12.151,-65.275,-62.366,37.465,34.867,-63.261,113.82,782.89,1172.1,729.13,155.39,-1.1875
-6.5338,-49.819,-51.035,27.749,34.399,-49.402,118.81,863.53,1263.4,840.77,212.24,16.951
-0.91289,-35.621,-40.653,18.615,33.759,-36.751,123.39,941.39,1345.2,949.36,269.65,38.238
5.1006,-22.518,-31.121,9.9007,33.015,-25.212,127.47,1015.4,1416.0,1051.7,326.08,62.611
12.204,-10.203,-22.334,1.2707,32.197,-14.643,130.99,1084.0,1475.0,1145.5,380.21,89.633
21.201,1.7923,-14.238,-7.7688,31.315,-4.8235,133.97,1145.8,1522.3,1229.6,430.84,118.39
32.454,14.009,-6.8208,-17.732,30.383,4.5319,136.44,1200.0,1559.0,1303.6,477.02,147.5
45.288,26.915,-0.076191,-28.947,29.432,13.736,138.44,1246.4,1586.9,1367.4,518.12,175.36
58.257,40.767,6.0623,-41.395,28.509,23.075,140.01,1285.7,1607.8,1421.1,553.91,200.63
70.275,55.532,11.733,-54.709,27.676,32.754,141.22,1318.7,1623.3,1464.8,584.39,222.5
80.977,70.885,17.099,-68.321,27.001,42.817,142.08,1346.6,1634.9,1498.7,609.65,240.84
90.23,86.271,22.276,-81.605,26.531,53.096,142.65,1370.1,1643.5,1523.2,629.82,255.9
97.997,101.01,27.279,-93.927,26.267,63.225,142.92,1389.4,1649.5,1539.3,645.0,268.08
104.47,114.41,32.034,-104.74,26.15,72.743,142.89,1404.5,1653.2,1547.9,655.39,277.77
109.96,125.98,36.439,-113.74,26.053,81.238,142.55,1415.2,1654.5,1550.0,661.38,285.21
114.62,135.48,40.42,-120.88,25.789,88.459,141.88,1420.8,1652.8,1545.8,663.55,290.6
118.47,142.98,43.956,-126.32,25.152,94.368,140.88,1421.0,1647.3,1535.2,662.52,294.14
121.42,148.76,47.083,-130.35,24.007,99.107,139.56,1415.0,1636.8,1517.5,658.83,296.02
123.36,153.19,49.868,-133.26,22.369,102.91,137.9,1402.1,1620.0,1491.6,652.75,296.46
124.19,156.66,52.375,-135.33,20.403,106.04,135.89,1381.5,1595.3,1456.9,644.33,295.6
123.82,159.41,54.65,-136.74,18.325,108.66,133.48,1352.5,1561.0,1412.9,633.5,293.51
122.25,161.56,56.718,-137.54,16.29,110.87,130.59,1314.1,1515.7,1360.1,620.13,290.15
119.6,163.05,58.589,-137.69,14.327,112.66,127.05,1266.1,1458.7,1299.1,604.19,285.42
116.1,163.76,60.252,-137.11,12.355,113.96,122.61,1208.5,1390.0,1230.8,585.71,279.19
112.05,163.55,61.676,-135.74,10.236,114.65,116.97,1142.4,1310.8,1155.8,564.68,271.41
107.68,162.32,62.818,-133.56,7.8383,114.65,109.76,1068.9,1223.0,1075.0,541.0,262.1
103.04,160.0,63.639,-130.52,5.103,113.92,100.71,989.79,1129.0,989.35,514.4,251.33
97.983,156.52,64.107,-126.53,2.125,112.44,89.668,906.31,1030.8,900.27,484.56,239.15
92.191,151.8,64.192,-121.42,-0.80645,110.18,76.73,819.73,930.28,809.56,451.32,225.49
85.28,145.74,63.86,-115.05,-3.3116,107.11,62.238,731.19,828.69,719.01,414.91,210.11
77.0,138.31,63.08,-107.33,-5.1377,103.23,46.728,641.78,727.07,630.03,376.07,192.74
67.493,129.62,61.838,-98.413,-6.2784,98.544,30.829,552.62,626.32,543.42,335.77,173.22
57.372,119.93,60.147,-88.662,-6.9143,93.135,15.165,464.66,527.38,459.42,294.96,151.79
47.404,109.61,58.061,-78.58,-7.2969,87.151,0.2962,378.57,431.13,377.9,254.33,129.24
38.125,99.078,55.664,-68.646,-7.662,80.789,-13.334,294.66,338.19,298.57,214.28,106.8
29.762,88.699,53.042,-59.215,-8.1688,74.255,-25.428,213.05,248.79,221.2,175.05,85.649
22.391,78.724,50.252,-50.503,-8.8673,67.711,-35.849,134.07,162.87,145.76,136.95,66.543
16.022,69.279,47.308,-42.596,-9.7012,61.244,-44.607,58.735,80.602,72.793,100.59,49.703
10.587,60.375,44.188,-35.472,-10.541,54.875,-51.84,-11.106,2.8159,3.6053,66.8,35.033
5.9526,51.954,40.863,-29.026,-11.232,48.585,-57.777,-73.304,-68.808,-59.91,36.447,22.328
1.9635,43.939,37.343,-23.124,-11.642,42.373,-62.676,-126.27,-132.27,-116.05,10.072,11.396
-1.4931,36.302,33.713,-17.651,-11.704,36.302,-66.76,-169.57,-186.11,-163.94,-12.3,2.0706
-4.4684,29.072,30.131,-12.541,-11.426,30.5,-70.173,-203.89,-229.98,-203.61,-31.068,-5.8161
-6.9801,22.327,26.773,-7.7781,-10.875,25.123,-72.983,-230.59,-264.63,-235.73,-46.826,-12.45
-9.061,16.166,23.77,-3.3892,-10.136,20.297,-75.223,-251.18,-291.46,-261.21,-60.152,-18.034
-10.783,10.678,21.161,0.57361,-9.2787,16.084,-76.929,-267.05,-312.04,-281.11,-71.498,-22.774
-12.228,5.9279,18.903,4.0516,-8.3554,12.488,-78.163,-279.34,-327.81,-296.5,-81.165,-26.858
-13.433,1.9507,16.912,6.9839,-7.4099,9.4759,-79.005,-288.95,-339.95,-308.33,-89.344,-30.433
-14.372,-1.2483,15.114,9.3203,-6.4875,6.9975,-79.538,-296.54,-349.35,-317.45,-96.156,-33.594
-15.01,-3.7031,13.472,11.046,-5.6517,5.0021,-79.835,-302.6,-356.67,-324.52,-101.71,-36.385
-15.379,-5.4946,11.997,12.21,-4.9846,3.4338,-79.955,-307.49,-362.43,-330.04,-106.11,-38.816
-15.6,-6.7474,10.725,12.931,-4.568,2.2302,-79.951,-311.48,-367.0,-334.42,-109.53,-40.89
-15.827,-7.6103,9.6922,13.37,-4.4633,1.3253,-79.871,-314.74,-370.68,-337.96,-112.19,-42.609
-16.175,-8.2272,8.9203,13.679,-4.6918,0.65435,-79.765,-317.43,-373.7,-340.87,-114.33,-43.992
-16.674,-8.7128,8.3969,13.962,-5.206,0.15561,-79.682,-319.66,-376.22,-343.34,-116.2,-45.076
-17.265,-9.1458,8.0721,14.266,-5.8798,-0.22994,-79.662,-321.54,-378.36,-345.47,-118.0,-45.912
-17.839,-9.5742,7.8707,14.596,-6.5421,-0.5561,-79.736,-323.16,-380.19,-347.33,-119.8,-46.564
-18.292,-10.027,7.7224,14.944,-7.0447,-0.86448,-79.922,-324.59,-381.74,-348.95,-121.63,-47.095
-18.586,-10.52,7.592,15.315,-7.32,-1.1753,-80.215,-325.89,-383.05,-350.35,-123.41,-47.554
-18.77,-11.053,7.4943,15.731,-7.3988,-1.48,-80.591,-327.08,-384.13,-351.53,-125.05,-47.967
-18.947,-11.601,7.4801,16.21,-7.3756,-1.7424,-81.011,-328.13,-385.01,-352.52,-126.45,-48.329
-19.196,-12.1,7.5969,16.726,-7.3343,-1.9103,-81.434,-329.04,-385.71,-353.35,-127.54,-48.617
-19.514,-12.451,7.8479,17.189,-7.287,-1.9347,-81.83,-329.77,-386.24,-354.08,-128.28,-48.809
-19.787,-12.539,8.1786,17.445,-7.1835,-1.7906,-82.178,-330.32,-386.64,-354.78,-128.68,-48.888
-19.837,-12.276,8.4987,17.345,-6.9734,-1.4817,-82.471,-330.71,-386.91,-355.47,-128.78,-48.869
-19.544,-11.657,8.7351,16.834,-6.6561,-1.0422,-82.711,-330.98,-387.07,-356.14,-128.68,-48.799
-18.952,-10.777,8.873,16.007,-6.2904,-0.52578,-82.9,-331.16,-387.1,-356.76,-128.45,-48.742
-18.258,-9.8086,8.9702,15.078,-5.9805,0.012523,-83.046,-331.29,-387.0,-357.25,-128.16,-48.749
-17.694,-8.9293,9.1282,14.289,-5.8484,0.5314,-83.154,-331.36,-386.73,-357.54,-127.83,-48.849
-17.418,-8.2619,9.4368,13.804,-5.9762,1.0126,-83.224,-331.33,-386.3,-357.59,-127.45,-49.033
-17.462,-7.8318,9.9304,13.654,-6.3461,1.4553,-83.258,-331.15,-385.68,-357.44,-127.0,-49.262
-17.742,-7.5717,10.576,13.745,-6.8466,1.8764,-83.254,-330.79,-384.89,-357.16,-126.47,-49.474
-18.099,-7.3611,11.308,13.914,-7.3513,2.3086,-83.205,-330.23,-383.97,-356.87,-125.89,-49.604
-18.394,-7.0748,12.08,14.002,-7.8102,2.7975,-83.102,-329.48,-382.94,-356.68,-125.3,-49.603
-18.583,-6.6166,12.906,13.916,-8.2856,3.4027,-82.925,-328.56,-381.86,-356.62,-124.75,-49.457
-18.742,-5.9217,13.871,13.641,-8.8982,4.2009,-82.632,-327.48,-380.71,-356.7,-124.29,-49.2
-18.993,-4.9331,15.113,13.197,-9.7383,5.2913,-82.14,-326.12,-379.4,-356.81,-123.93,-48.908
-19.413,-3.5653,16.79,12.594,-10.816,6.8057,-81.301,-324.25,-377.68,-356.82,-123.64,-48.674
-19.959,-1.6692,19.061,11.774,-12.06,8.9278,-79.873,-321.4,-375.12,-356.51,-123.35,-48.569
-20.469,0.99966,22.088,10.605,-13.354,11.926,-77.477,-316.81,-371.03,-355.59,-122.97,-48.612
-20.706,4.8193,26.026,8.8835,-14.608,16.198,-73.583,-309.31,-364.41,-353.69,-122.35,-48.736
-20.45,10.358,30.932,6.3345,-15.824,22.265,-67.624,-297.23,-353.77,-350.2,-121.33,-48.772
-19.587,18.399,36.506,2.5538,-17.118,30.567,-59.454,-278.7,-337.27,-343.99,-119.67,-48.446
-18.123,29.684,41.681,-3.1182,-18.623,40.702,-49.852,-252.67,-313.37,-332.94,-117.03,-47.398
-16.041,43.789,44.631,-11.562,-20.346,50.221,-39.912,-220.8,-282.5,-313.44,-112.72,-45.216
-12.883,57.349,44.661,-22.925,-22.293,55.064,-29.993,-188.59,-247.8,-281.17,-105.1,-41.364
-7.2755,65.062,45.208,-34.503,-24.846,54.35,-20.831,-165.59,-214.16,-235.08,-90.04,-34.614
1.2316,66.551,51.572,-41.367,-28.755,54.846,-15.358,-163.65,-189.63,-180.48,-60.792,-22.144
7.3739,71.483,65.909,-43.323,-34.637,65.412,-13.478,-181.17,-183.44,-121.49,-25.759,-8.2633
6.0347,91.649,88.469,-49.394,-42.585,88.968,15.146,-152.98,-180.26,-55.025,-18.982,-20.703
3.8214,130.39,120.54,-68.645,-52.413,125.6,96.77,62.599,-98.533,23.586,-34.642,-41.042
10.921,186.73,164.56,-101.62,-64.121,176.49,162.47,343.36,149.4,115.59,-25.55,-37.345
28.651,258.99,220.64,-146.3,-77.74,240.83,207.61,547.83,482.85,218.96,25.587,-11.397
55.709,341.75,281.7,-200.17,-91.562,312.28,226.42,686.33,740.26,332.11,113.47,39.052
91.186,426.33,336.65,-258.93,-101.43,381.51,208.42,715.95,890.26,462.03,235.13,117.26
134.12,506.65,380.19,-318.99,-104.44,443.04,147.84,592.46,902.8,636.04,391.36,223.7
183.56,583.54,413.51,-380.48,-100.71,497.82,43.683,290.06,741.68,872.94,584.88,357.38
238.09,662.49,438.83,-446.32,-91.68,550.16,-100.64,-189.32,396.88,1084.8,813.35,516.58
294.87,749.04,462.15,-518.63,-80.717,605.87,-276.78,-811.23,-106.2,1198.6,1062.7,696.15
349.3,846.8,497.27,-596.49,-74.275,672.7,-471.77,-1512.4,-712.53,1229.4,1312.7,885.5
396.66,957.34,553.79,-677.31,-77.983,756.34,-669.28,-2212.3,-1353.1,1190.2,1543.5,1070.2
433.8,1076.1,630.34,-756.7,-93.256,854.25,-852.18,-2830.5,-1963.6,1088.8,1735.4,1235.2
458.77,1190.0,716.32,-826.82,-117.58,954.64,-1005.0,-3311.6,-2498.7,929.04,1868.0,1366.4
469.93,1279.5,794.65,-876.92,-145.17,1039.1,-1114.9,-3634.9,-2936.9,707.24,1921.6,1450.8
465.75,1323.4,845.48,-895.72,-168.3,1087.1,-1173.4,-3808.4,-3277.4,415.99,1879.1,1477.2
445.17,1304.3,851.26,-874.42,-179.4,1080.8,-1178.0,-3858.5,-3530.0,49.951,1729.0,1437.0
408.09,1214.3,802.82,-809.6,-174.63,1011.5,-1134.9,-3819.1,-3706.0,-387.36,1470.0,1326.5
355.89,1059.3,703.26,-705.45,-154.89,883.78,-1059.8,-3724.2,-3814.0,-877.5,1115.8,1149.9
292.03,859.4,567.87,-573.97,-124.58,715.48,-975.45,-3602.7,-3859.6,-1385.6,695.92,921.53
222.1,644.15,420.47,-432.56,-91.143,533.55,-903.73,-3472.4,-3844.9,-1864.3,254.33,665.05
152.76,444.38,286.71,-299.53,-63.302,366.29,-856.66,-3337.3,-3769.2,-2262.3,-158.49,409.57
90.003,283.97,186.31,-189.34,-48.19,235.44,-831.62,-3192.3,-3632.0,-2535.0,-496.79,182.22
37.703,173.84,127.47,-108.96,-48.505,150.57,-815.56,-3033.2,-3438.0,-2656.5,-731.26,1.3804
-2.8044,110.61,105.93,-57.151,-60.541,107.9,-796.16,-2857.3,-3197.6,-2626.8,-854.88,-126.26
-31.966,81.317,108.71,-27.277,-76.278,94.512,-767.39,-2659.1,-2923.0,-2469.8,-880.74,-204.02
-50.973,70.723,120.89,-11.299,-89.094,95.34,-726.34,-2433.2,-2625.5,-2225.1,-834.54,-241.41
-60.948,65.923,130.75,-2.2714,-94.803,97.966,-670.93,-2180.0,-2316.6,-1936.8,-746.0,-250.42
-61.183,57.934,130.62,3.6639,-88.117,93.804,-602.81,-1910.2,-2010.2,-1644.7,-637.41,-242.41
-48.346,42.773,113.67,5.3665,-69.551,76.646,-530.29,-1643.6,-1722.0,-1381.7,-504.55,-220.13
-36.375,15.286,73.805,12.839,-51.81,42.616,-462.16,-1400.3,-1466.0,-1175.4,-393.26,-159.18
-38.199,-14.398,38.421,27.561,-39.456,9.6279,-401.01,-1193.5,-1251.6,-1031.9,-350.78,-129.62
-44.069,-37.721,15.111,42.592,-29.678,-13.711,-345.43,-1026.3,-1080.8,-932.59,-336.43,-137.46
-48.794,-58.032,-4.1787,56.493,-20.2,-32.756,-294.2,-894.21,-947.92,-856.06,-326.52,-144.83
-51.804,-77.665,-23.95,68.598,-10.396,-51.545,-247.0,-788.19,-842.48,-788.86,-314.56,-148.18
-53.546,-97.371,-45.569,79.041,-0.88424,-71.501,-203.55,-697.56,-751.58,-723.72,-298.95,-148.92
-54.493,-117.57,-68.329,88.551,7.4784,-92.758,-163.8,-611.51,-661.18,-654.61,-280.66,-148.23
-55.052,-138.54,-90.696,97.841,14.515,-114.91,-128.62,-522.99,-563.06,-579.92,-262.42,-146.89
-55.534,-160.06,-111.5,107.25,20.703,-137.15,-99.779,-444.42,-478.17,-513.5,-246.67,-145.46
-56.093,-181.05,-130.17,116.61,26.502,-158.24,-80.798,-394.16,-428.63,-467.13,-234.42,-144.26
-56.711,-199.7,-146.15,125.32,31.733,-176.5,-72.986,-367.04,-404.32,-438.1,-225.48,-143.38
-57.27,-214.41,-158.49,132.67,35.912,-190.32,-70.799,-351.3,-391.18,-419.74,-219.08,-142.78
-57.654,-224.66,-166.6,138.29,38.997,-199.27,-69.293,-340.41,-382.55,-407.31,-214.33,-142.34
-57.824,-231.15,-171.07,142.25,41.317,-204.31,-66.88,-331.58,-375.9,-398.1,-210.43,-141.92
-57.827,-235.01,-173.15,144.9,43.173,-206.87,-63.318,-323.62,-370.25,-390.67,-206.77,-141.42
-57.756,-237.24,-173.96,146.61,44.707,-208.07,-58.671,-316.05,-365.1,-384.27,-203.06,-140.81
-57.694,-238.48,-174.13,147.68,45.92,-208.56,-53.093,-308.65,-360.1,-378.51,-199.25,-140.09
-57.672,-239.09,-173.97,148.28,46.744,-208.67,-46.805,-301.31,-354.92,-373.14,-195.45,-139.28
-57.668,-239.25,-173.59,148.51,47.104,-208.51,-40.059,-293.91,-349.21,-367.99,-191.82,-138.44
-57.623,-239.05,-173.01,148.42,46.958,-208.14,-33.077,-286.28,-342.61,-362.84,-188.44,-137.58
-57.49,-238.57,-172.21,148.06,46.318,-207.58,-25.997,-278.12,-334.73,-357.45,-185.28,-136.67
-57.275,-237.88,-171.21,147.52,45.249,-206.86,-18.879,-269.01,-325.15,-351.56,-182.17,-135.66
-57.048,-237.1,-170.02,146.9,43.866,-206.03,-11.723,-258.44,-313.36,-344.86,-178.92,-134.46
-56.911,-236.28,-168.68,146.32,42.339,-205.12,-4.483,-245.84,-298.75,-336.99,-175.3,-132.95
-56.922,-235.44,-167.19,145.81,40.862,-204.14,2.9463,-230.48,-280.61,-327.45,-171.14,-130.99
-57.055,-234.51,-165.55,145.34,39.615,-203.02,10.726,-211.55,-258.03,-315.55,-166.33,-128.39
-57.201,-233.34,-163.73,144.81,38.712,-201.7,19.057,-188.07,-229.85,-300.38,-160.82,-124.97
-57.219,-231.79,-161.68,144.07,38.172,-200.07,28.118,-158.98,-194.46,-280.75,-154.63,-120.63
-56.988,-229.7,-159.36,142.97,37.915,-198.04,37.984,-123.3,-149.48,-255.2,-147.84,-115.35
-56.435,-226.91,-156.75,141.36,37.801,-195.53,48.563,-80.211,-91.536,-222.1,-140.53,-109.23
-55.538,-223.21,-153.81,139.07,37.685,-192.42,59.578,-29.168,-16.979,-180.04,-132.73,-102.44
-54.278,-218.32,-150.54,135.87,37.476,-188.57,70.621,30.121,76.316,-128.46,-124.35,-95.22
-52.59,-211.87,-146.9,131.47,37.152,-183.76,81.252,97.63,186.52,-68.297,-115.05,-87.742
-50.336,-203.38,-142.83,125.51,36.738,-177.72,91.107,172.82,307.64,-1.4455,-104.16,-80.111
-47.348,-192.33,-138.2,117.59,36.266,-170.07,99.964,254.45,432.42,70.654,-90.588,-72.329
-43.551,-178.27,-132.75,107.53,35.741,-160.39,107.77,340.57,555.8,147.94,-72.73,-64.307
-39.075,-161.14,-126.11,95.536,35.172,-148.3,114.62,429.01,675.94,231.25,-48.715,-55.885
-34.182,-141.52,-117.89,82.39,34.626,-133.69,120.68,517.92,792.78,321.46,-17.031,-46.81
-29.033,-120.71,-107.84,69.146,34.256,-117.04,126.13,606.03,906.25,418.88,22.643,-36.694
-23.529,-100.27,-96.108,56.674,34.234,-99.457,131.1,692.62,1015.5,523.1,69.245,-24.988
-17.377,-81.341,-83.287,45.312,34.669,-82.249,135.64,777.21,1119.2,632.72,120.94,-11.04
-10.235,-64.269,-70.213,34.898,35.553,-66.297,139.76,859.37,1215.3,745.28,175.84,5.7361
-1.8102,-48.789,-57.604,25.01,36.765,-51.843,143.44,938.56,1302.3,857.46,232.26,25.677
8.0745,-34.437,-45.907,15.223,38.119,-38.77,146.65,1014.0,1378.9,965.86,288.88,48.781
19.418,-20.857,-35.345,5.2295,39.415,-26.917,149.37,1084.7,1444.1,1067.6,344.63,74.724
31.958,-7.8265,-26.03,-5.1728,40.453,-16.205,151.61,1149.2,1497.8,1160.9,398.4,102.86
45.165,4.8666,-17.992,-16.152,41.058,-6.5374,153.4,1206.4,1540.5,1244.6,448.88,132.12
58.41,17.531,-11.137,-27.873,41.122,2.3213,154.77,1255.6,1573.4,1318.1,494.74,160.97
71.18,30.543,-5.2379,-40.442,40.666,10.759,155.79,1296.8,1598.2,1381.0,534.97,187.73
83.098,44.185,0.0045799,-53.777,39.863,19.191,156.49,1330.9,1616.6,1433.2,569.11,211.1
93.792,58.485,4.8676,-67.517,38.982,27.9,156.92,1358.9,1630.3,1474.9,597.22,230.61
102.86,73.16,9.5387,-81.019,38.287,36.965,157.08,1382.1,1640.4,1506.4,619.57,246.48
110.0,87.687,14.111,-93.503,37.925,46.281,157.02,1401.0,1647.7,1528.5,636.57,259.33
115.23,101.44,18.631,-104.3,37.863,55.634,156.74,1416.2,1653.0,1542.1,648.67,269.78
118.83,113.87,23.141,-113.08,37.878,64.759,156.29,1427.7,1656.1,1548.6,656.47,278.28
121.21,124.61,27.672,-119.89,37.618,73.359,155.69,1435.1,1657.1,1548.6,660.71,285.07
122.65,133.52,32.196,-124.97,36.713,81.142,154.97,1438.1,1655.3,1542.7,662.1,290.24
123.33,140.65,36.601,-128.64,34.909,87.877,154.1,1436.2,1649.8,1530.5,661.23,293.81
123.26,146.14,40.729,-131.15,32.175,93.442,153.07,1428.9,1639.5,1511.3,658.43,295.87
122.4,150.17,44.441,-132.67,28.693,97.846,151.81,1415.6,1622.8,1484.0,653.68,296.54
120.67,152.92,47.687,-133.31,24.775,101.21,150.26,1395.5,1598.1,1447.8,646.73,295.96
118.05,154.62,50.5,-133.15,20.758,103.73,148.36,1367.8,1563.5,1402.1,637.09,294.2
114.71,155.47,52.973,-132.33,16.931,105.6,146.05,1331.6,1517.7,1347.3,624.3,291.24
110.94,155.67,55.222,-130.98,13.461,107.01,143.26,1286.3,1459.7,1284.3,608.12,287.02
107.09,155.38,57.34,-129.25,10.346,108.09,139.87,1231.7,1389.9,1213.9,588.68,281.44
103.35,154.67,59.355,-127.23,7.4445,108.87,135.72,1168.5,1309.6,1137.4,566.41,274.48
99.733,153.55,61.203,-124.94,4.5807,109.32,130.6,1097.8,1221.2,1055.7,541.76,266.19
96.022,151.96,62.752,-122.34,1.6997,109.35,124.29,1021.0,1127.0,970.0,514.97,256.69
91.868,149.76,63.862,-119.28,-1.0634,108.86,116.58,939.32,1029.1,881.61,485.93,246.04
86.827,146.76,64.442,-115.52,-3.4739,107.75,107.32,853.94,929.19,792.08,454.35,234.14
80.5,142.71,64.463,-110.81,-5.3572,105.91,96.449,765.8,828.23,702.88,420.06,220.77
72.753,137.36,63.933,-104.87,-6.6678,103.23,84.022,676.0,727.08,615.23,383.29,205.57
63.933,130.5,62.871,-97.601,-7.4549,99.588,70.187,585.82,626.57,529.82,344.72,188.27
54.784,122.12,61.293,-89.116,-7.8185,94.933,55.183,496.55,527.59,446.87,305.24,168.87
46.013,112.45,59.22,-79.784,-7.9001,89.305,39.344,409.21,431.05,366.2,265.57,147.85
37.954,101.89,56.705,-70.094,-7.882,82.883,23.125,324.32,337.58,287.47,226.05,126.13
30.607,90.992,53.848,-60.512,-7.9497,75.964,7.1249,241.96,247.44,210.39,186.69,104.74
23.87,80.252,50.78,-51.41,-8.2303,68.887,-7.9513,162.16,160.67,134.95,147.6,84.536
17.711,70.095,47.624,-43.057,-8.7518,61.964,-21.432,85.508,77.55,61.897,109.33,66.051
12.198,60.807,44.455,-35.634,-9.4406,55.414,-32.876,13.567,-0.82164,-7.0887,73.118,49.532
7.4209,52.516,41.289,-29.212,-10.151,49.342,-42.181,-51.446,-72.485,-69.76,40.52,35.069
3.4085,45.191,38.113,-23.731,-10.713,43.752,-49.534,-107.58,-135.29,-124.31,12.729,22.658
0.093631,38.666,34.936,-19.012,-10.981,38.583,-55.278,-154.01,-187.9,-170.06,-9.934,12.195
-2.6691,32.722,31.814,-14.812,-10.891,33.766,-59.774,-191.14,-230.3,-207.48,-27.995,3.4729
-5.0402,27.164,28.84,-10.913,-10.477,29.253,-63.338,-220.23,-263.62,-237.59,-42.451,-3.7922
-7.1196,21.88,26.1,-7.1845,-9.8475,25.027,-66.208,-242.8,-289.51,-261.55,-54.365,-9.9189
-8.9221,16.846,23.636,-3.6046,-9.1236,21.09,-68.557,-260.3,-309.63,-280.47,-64.596,-15.214
-10.432,12.12,21.432,-0.23616,-8.389,17.45,-70.501,-273.94,-325.37,-295.33,-73.683,-19.925
-11.665,7.8032,19.437,2.8221,-7.6883,14.132,-72.118,-284.66,-337.79,-306.97,-81.851,-24.216
-12.662,4.0068,17.592,5.4763,-7.0475,11.174,-73.453,-293.18,-347.67,-316.1,-89.12,-28.152
-13.44,0.82349,15.867,7.6546,-6.487,8.6253,-74.532,-300.0,-355.57,-323.29,-95.429,-31.724
-13.972,-1.6897,14.273,9.3093,-6.0177,6.5273,-75.37,-305.53,-361.9,-329.0,-100.74,-34.879
-14.236,-3.5173,12.852,10.421,-5.6358,4.8973,-75.986,-310.02,-366.98,-333.56,-105.08,-37.555
-14.259,-4.6911,11.657,11.015,-5.3309,3.7226,-76.402,-313.69,-371.07,-337.25,-108.57,-39.715
-14.13,-5.2965,10.721,11.17,-5.1005,2.9574,-76.661,-316.66,-374.38,-340.26,-111.36,-41.363
-13.961,-5.4678,10.046,11.014,-4.9492,2.5244,-76.827,-319.05,-377.09,-342.76,-113.67,-42.559
-13.841,-5.3668,9.5932,10.687,-4.8709,2.3241,-76.978,-320.98,-379.33,-344.84,-115.68,-43.412
-13.8,-5.1527,9.2986,10.323,-4.8396,2.2515,-77.191,-322.54,-381.21,-346.61,-117.54,-44.064
-13.823,-4.9635,9.0951,10.032,-4.8233,2.2133,-77.515,-323.84,-382.79,-348.11,-119.31,-44.642
-13.879,-4.9073,8.9336,9.8985,-4.8033,2.1389,-77.962,-324.98,-384.11,-349.39,-120.95,-45.228
-13.953,-5.0619,8.7861,9.9861,-4.776,1.9812,-78.517,-326.01,-385.23,-350.47,-122.42,-45.837
-14.057,-5.4708,8.6442,10.332,-4.7385,1.7159,-79.155,-326.98,-386.18,-351.41,-123.66,-46.435
-14.223,-6.1399,8.5101,10.942,-4.6821,1.3393,-79.843,-327.87,-386.97,-352.27,-124.66,-46.964
-14.48,-7.0222,8.3934,11.782,-4.6004,0.87866,-80.544,-328.69,-387.63,-353.13,-125.43,-47.352
-14.848,-8.0244,8.3079,12.772,-4.5051,0.38565,-81.215,-329.41,-388.17,-354.04,-126.0,-47.545
-15.317,-9.0255,8.267,13.807,-4.4372,-0.075911,-81.807,-330.02,-388.59,-354.99,-126.44,-47.518
-15.852,-9.9054,8.2824,14.767,-4.4693,-0.44724,-82.287,-330.5,-388.87,-355.96,-126.78,-47.291
-16.416,-10.569,8.3724,15.556,-4.6927,-0.68579,-82.637,-330.87,-388.97,-356.87,-127.06,-46.923
-17.014,-10.974,8.5639,16.131,-5.1881,-0.76465,-82.853,-331.12,-388.88,-357.61,-127.3,-46.512
-17.69,-11.125,8.8904,16.505,-5.9916,-0.67682,-82.94,-331.22,-388.58,-358.11,-127.46,-46.154
-18.487,-11.059,9.3743,16.722,-7.0691,-0.43005,-82.912,-331.16,-388.07,-358.32,-127.5,-45.923
-19.404,-10.823,10.011,16.825,-8.3152,-0.04495,-82.791,-330.9,-387.36,-358.27,-127.35,-45.842
-20.389,-10.467,10.769,16.842,-9.5825,0.44871,-82.599,-330.43,-386.5,-358.05,-126.97,-45.885
-21.374,-10.033,11.607,16.799,-10.734,1.0188,-82.362,-329.76,-385.54,-357.79,-126.33,-45.993
-22.315,-9.562,12.507,16.732,-11.685,1.6411,-82.091,-328.95,-384.57,-357.64,-125.43,-46.107
-23.193,-9.0712,13.48,16.672,-12.415,2.3121,-81.772,-328.02,-383.61,-357.65,-124.36,-46.196
-23.992,-8.5378,14.575,16.621,-12.948,3.0644,-81.341,-326.97,-382.61,-357.83,-123.23,-46.274
-24.676,-7.8744,15.876,16.527,-13.325,3.9833,-80.669,-325.64,-381.39,-358.06,-122.17,-46.398
-25.185,-6.9108,17.516,16.273,-13.588,5.23,-79.546,-323.7,-379.55,-358.09,-121.28,-46.637
-25.447,-5.3749,19.703,15.679,-13.795,7.0804,-77.663,-320.53,-376.5,-357.61,-120.59,-47.036
-25.377,-2.8522,22.756,14.514,-14.07,9.9972,-74.59,-315.16,-371.31,-356.16,-120.0,-47.561
-24.883,1.3093,27.06,12.487,-14.727,14.725,-69.812,-306.16,-362.6,-353.08,-119.26,-48.056
-23.867,8.1446,32.654,9.1769,-16.437,22.211,-62.974,-291.67,-348.45,-347.18,-118.02,-48.228
-22.216,18.953,38.011,3.8572,-19.768,32.575,-54.34,-270.09,-326.77,-336.13,-115.73,-47.667
-19.832,33.851,39.662,-4.5914,-23.269,42.48,-44.845,-241.6,-296.81,-315.55,-111.55,-45.905
-16.536,48.528,39.14,-16.75,-25.474,45.898,-35.364,-209.96,-260.85,-279.86,-103.62,-42.404
-11.562,55.822,44.424,-29.576,-27.863,45.962,-26.805,-182.85,-222.84,-228.97,-87.38,-36.093
-3.6681,59.386,57.94,-36.38,-32.447,54.782,-21.549,-171.47,-188.51,-172.59,-56.311,-24.35
2.4668,74.377,79.604,-39.183,-40.641,76.278,-21.87,-182.89,-168.73,-114.34,-23.296,-9.3385
-0.17738,107.35,110.22,-51.226,-52.762,109.86,-13.809,-186.14,-167.85,-46.176,-22.74,-18.162
-1.3507,157.55,151.59,-77.54,-68.442,156.67,53.748,-54.472,-135.27,38.904,-37.983,-40.206
6.5333,224.26,205.03,-116.15,-87.818,217.33,137.88,242.97,33.583,141.92,-20.192,-38.81
23.409,304.4,267.29,-165.31,-110.72,288.33,190.38,475.3,333.66,259.09,39.405,-14.743
49.674,390.47,328.45,-222.06,-133.47,361.04,220.31,642.86,622.17,384.62,133.16,33.592
85.844,473.73,379.65,-282.14,-149.26,426.8,217.83,719.81,826.84,516.69,257.34,109.19
131.54,550.47,420.17,-342.76,-154.82,483.46,174.21,658.58,918.56,668.73,411.91,212.22
184.95,623.37,452.13,-404.2,-151.2,534.15,85.742,425.18,855.02,867.75,599.17,341.56
242.54,697.93,477.33,-468.56,-139.68,583.3,-46.089,9.9634,609.0,1075.0,818.07,495.69
299.84,779.6,502.17,-537.41,-123.05,636.89,-214.03,-565.11,186.08,1208.9,1058.7,670.32
352.62,873.06,538.66,-610.85,-109.82,702.65,-405.22,-1246.6,-373.58,1262.1,1304.4,856.38
397.82,980.34,595.62,-687.66,-109.37,785.68,-602.79,-1958.4,-1005.8,1243.9,1535.9,1040.8
433.48,1096.8,672.51,-764.09,-124.01,883.27,-788.82,-2616.6,-1640.6,1162.9,1732.9,1209.0
458.01,1208.9,758.43,-832.29,-149.52,983.0,-947.86,-3153.4,-2220.7,1023.3,1874.2,1346.7
469.52,1295.5,834.92,-880.83,-178.39,1065.0,-1066.9,-3535.4,-2712.2,822.0,1938.8,1440.7
465.87,1334.6,881.5,-897.56,-201.98,1108.0,-1136.4,-3761.2,-3104.9,552.37,1908.6,1478.9
445.4,1309.5,881.5,-873.49,-212.01,1095.3,-1152.8,-3852.4,-3404.4,209.07,1771.3,1452.0
407.86,1214.2,826.77,-806.09,-203.27,1020.2,-1120.4,-3841.4,-3621.6,-206.51,1524.9,1355.2
355.22,1056.6,720.94,-700.91,-176.32,888.34,-1052.4,-3762.8,-3765.8,-681.53,1181.6,1191.2
291.94,857.73,580.15,-570.93,-137.73,718.46,-969.99,-3648.1,-3843.5,-1188.9,769.39,972.42
224.14,646.61,429.21,-433.38,-97.164,537.53,-895.47,-3519.6,-3858.2,-1687.2,330.13,720.85
157.78,452.27,293.7,-305.06,-63.801,372.81,-844.19,-3386.3,-3810.2,-2125.4,-87.322,464.71
97.274,295.69,192.08,-198.16,-44.265,243.87,-817.24,-3245.0,-3697.5,-2452.9,-438.02,231.48
45.339,185.58,131.12,-118.18,-41.024,158.4,-801.66,-3090.7,-3521.4,-2633.3,-691.48,40.894
3.4192,118.91,106.18,-64.225,-50.921,112.58,-782.01,-2921.0,-3290.4,-2655.6,-837.08,-98.447
-28.044,85.245,105.68,-31.358,-67.008,95.512,-750.83,-2731.5,-3018.3,-2535.9,-882.86,-187.77
-49.376,71.818,116.82,-13.067,-83.228,94.404,-705.9,-2515.7,-2718.5,-2310.5,-850.38,-234.67
-61.268,66.523,128.38,-2.9682,-95.458,97.47,-646.63,-2271.4,-2404.7,-2025.0,-768.25,-250.07
-63.702,59.834,131.42,3.1119,-98.054,95.354,-576.54,-2005.4,-2091.2,-1724.3,-662.25,-245.61
-54.951,47.675,118.82,4.1981,-84.359,81.669,-504.83,-1735.2,-1793.9,-1446.5,-531.43,-228.15
-40.896,24.738,81.915,8.3154,-64.821,51.32,-439.68,-1482.0,-1527.2,-1223.0,-405.15,-177.44
-36.8,-4.2558,45.308,20.839,-50.855,18.049,-382.52,-1261.8,-1301.2,-1066.2,-352.5,-131.69
-40.227,-27.58,21.036,34.543,-39.603,-6.2674,-330.87,-1081.0,-1119.3,-959.62,-336.44,-135.83
-44.698,-47.5,1.4155,48.018,-27.662,-25.54,-282.81,-937.49,-977.27,-879.89,-327.01,-144.51
-48.219,-67.182,-18.031,60.916,-14.69,-44.123,-238.03,-823.42,-865.61,-811.39,-316.07,-149.05
-50.687,-87.618,-38.762,72.927,-2.475,-63.712,-196.68,-728.49,-771.69,-746.02,-301.63,-150.52
-52.343,-108.74,-60.456,84.088,7.2951,-84.447,-158.91,-641.93,-681.41,-678.46,-284.25,-150.19
-53.408,-130.1,-81.988,94.494,14.296,-105.9,-125.34,-554.07,-582.79,-604.68,-266.29,-148.92
-54.063,-151.11,-102.38,104.11,19.196,-127.42,-97.607,-469.01,-489.97,-533.79,-250.24,-147.33
-54.459,-171.09,-121.21,112.86,23.456,-148.08,-79.6,-408.16,-431.97,-480.73,-237.34,-145.84
-54.714,-189.19,-138.12,120.66,28.547,-166.75,-73.063,-374.47,-403.64,-446.6,-227.61,-144.7
-54.922,-204.49,-152.19,127.41,34.077,-182.14,-71.989,-355.77,-388.89,-425.08,-220.45,-143.97
-55.171,-216.32,-162.37,132.97,38.45,-193.35,-71.15,-343.55,-379.44,-410.78,-215.05,-143.56
-55.518,-224.62,-168.61,137.25,40.951,-200.49,-69.18,-334.03,-372.22,-400.5,-210.74,-143.33
-55.943,-229.93,-171.86,140.33,41.884,-204.47,-66.118,-325.68,-366.13,-392.51,-207.08,-143.14
-56.352,-233.09,-173.23,142.43,41.874,-206.4,-62.234,-317.9,-360.72,-385.86,-203.85,-142.85
-56.617,-234.85,-173.48,143.79,41.513,-207.16,-57.771,-310.41,-355.64,-380.04,-200.97,-142.38
-56.632,-235.74,-173.09,144.65,41.272,-207.23,-52.903,-303.09,-350.57,-374.72,-198.4,-141.65
-56.361,-236.07,-172.26,145.13,41.459,-206.88,-47.746,-295.8,-345.15,-369.66,-196.03,-140.59
-55.843,-236.0,-171.13,145.32,42.18,-206.23,-42.37,-288.39,-338.95,-364.63,-193.7,-139.19
-55.181,-235.61,-169.76,145.28,43.331,-205.33,-36.808,-280.58,-331.56,-359.37,-191.17,-137.45
-54.515,-234.97,-168.24,145.09,44.628,-204.25,-31.054,-272.02,-322.51,-353.64,-188.17,-135.41
-53.995,-234.14,-166.65,144.8,45.686,-203.06,-25.068,-262.28,-311.31,-347.15,-184.51,-133.11
-53.753,-233.12,-165.06,144.4,46.134,-201.79,-18.77,-250.8,-297.33,-339.54,-180.04,-130.57
-53.852,-231.87,-163.41,143.85,45.726,-200.45,-12.022,-236.94,-279.89,-330.34,-174.72,-127.75
-54.242,-230.31,-161.57,143.03,44.4,-198.94,-4.6526,-219.89,-258.12,-318.89,-168.62,-124.56
-54.755,-228.29,-159.36,141.82,42.261,-197.14,3.5279,-198.68,-230.95,-304.32,-161.88,-120.86
-55.156,-225.65,-156.61,140.1,39.538,-194.89,12.645,-172.27,-196.86,-285.54,-154.72,-116.54
-55.234,-222.26,-153.3,137.81,36.547,-192.08,22.669,-139.69,-153.63,-261.24,-147.31,-111.54
-54.887,-218.03,-149.5,134.92,33.648,-188.62,33.366,-100.21,-98.101,-229.95,-139.78,-105.91
-54.149,-212.86,-145.38,131.49,31.174,-184.47,44.339,-53.384,-26.642,-190.26,-132.08,-99.772
-53.113,-206.62,-141.02,127.5,29.345,-179.51,55.151,0.92848,63.201,-141.35,-124.02,-93.293
-51.808,-199.09,-136.37,122.84,28.206,-173.54,65.448,62.702,170.33,-83.585,-115.16,-86.6
-50.161,-189.86,-131.15,117.25,27.626,-166.18,75.026,131.73,289.44,-18.538,-104.75,-79.75
-48.038,-178.46,-124.91,110.36,27.387,-156.97,83.816,207.45,413.33,52.154,-91.703,-72.728
-45.266,-164.5,-117.12,101.9,27.313,-145.43,91.824,288.64,536.46,127.98,-74.534,-65.469
-41.643,-147.95,-107.49,91.8,27.381,-131.42,99.084,373.45,656.45,209.56,-51.541,-57.891
-37.004,-129.36,-96.157,80.367,27.71,-115.37,105.64,459.89,773.08,297.82,-21.292,-49.867
-31.337,-109.84,-83.911,68.192,28.438,-98.35,111.53,546.33,886.45,393.18,16.731,-41.167
-24.774,-90.668,-71.86,55.964,29.582,-81.732,116.8,631.8,996.01,495.29,61.837,-31.37
-17.468,-72.793,-60.873,44.209,31.025,-66.518,121.49,715.8,1100.5,602.95,112.44,-19.851
-9.4926,-56.59,-51.192,33.176,32.621,-53.022,125.64,798.02,1198.0,714.12,166.62,-5.861
-0.84066,-41.954,-42.533,22.849,34.242,-41.029,129.29,878.09,1286.9,826.0,222.55,11.289
8.5916,-28.544,-34.457,13.019,35.768,-30.16,132.47,955.39,1365.6,935.39,278.74,32.028
19.005,-15.955,-26.714,3.3484,37.071,-20.12,135.26,1028.9,1432.9,1039.2,334.05,56.364
30.584,-3.7721,-19.349,-6.577,38.04,-10.721,137.7,1097.3,1488.4,1135.1,387.46,83.78
43.237,8.418,-12.562,-17.169,38.618,-1.818,139.81,1159.1,1532.7,1221.4,437.85,113.16
56.405,20.97,-6.5147,-28.713,38.808,6.7585,141.61,1213.1,1567.1,1297.3,483.98,142.86
69.248,34.099,-1.2014,-41.248,38.637,15.193,143.09,1259.0,1593.0,1362.7,524.85,171.09
81.062,47.839,3.5362,-54.541,38.139,23.655,144.25,1297.4,1612.4,1417.5,559.92,196.49
91.469,62.076,7.9427,-68.155,37.373,32.289,145.12,1329.2,1626.8,1462.2,589.19,218.38
100.26,76.576,12.265,-81.523,36.459,41.204,145.73,1355.8,1637.4,1496.8,612.95,236.8
107.3,90.978,16.692,-93.996,35.543,50.435,146.13,1378.0,1645.2,1522.1,631.55,252.11
112.65,104.8,21.315,-104.99,34.724,59.867,146.34,1396.3,1650.7,1538.6,645.38,264.74
116.6,117.49,26.112,-114.17,34.005,69.213,146.38,1410.9,1654.2,1547.4,654.89,275.04
119.51,128.65,30.977,-121.53,33.28,78.075,146.25,1421.3,1655.7,1549.4,660.65,283.24
121.68,138.1,35.765,-127.29,32.374,86.107,145.95,1427.2,1654.7,1545.5,663.32,289.48
123.28,145.89,40.35,-131.75,31.096,93.124,145.5,1427.8,1650.4,1535.7,663.47,293.93
124.32,152.25,44.649,-135.2,29.3,99.123,144.92,1422.7,1641.9,1519.4,661.53,296.77
124.83,157.45,48.631,-137.85,26.947,104.21,144.24,1411.2,1627.6,1495.6,657.64,298.2
124.81,161.72,52.29,-139.9,24.132,108.53,143.45,1392.5,1605.9,1463.2,651.72,298.4
124.28,165.23,55.63,-141.42,21.059,112.19,142.5,1365.7,1575.1,1421.3,643.45,297.45
123.3,168.03,58.649,-142.47,17.946,115.26,141.25,1329.8,1533.4,1369.7,632.44,295.32
121.86,170.07,61.323,-142.97,14.937,117.72,139.46,1284.3,1479.7,1309.1,618.26,291.88
119.94,171.25,63.613,-142.83,12.061,119.51,136.85,1228.9,1413.4,1240.3,600.64,286.93
117.47,171.4,65.483,-141.91,9.2459,120.54,133.06,1164.3,1335.6,1164.4,579.52,280.32
114.34,170.42,66.923,-140.07,6.3942,120.77,127.73,1091.9,1248.2,1082.8,555.04,271.99
110.43,168.25,67.953,-137.22,3.4884,120.2,120.58,1013.5,1153.9,996.49,527.47,262.02
105.68,164.92,68.605,-133.33,0.6599,118.88,111.5,930.55,1055.3,907.02,497.09,250.5
100.07,160.53,68.888,-128.43,-1.8542,116.88,100.6,844.51,954.49,816.04,464.13,237.48
93.608,155.19,68.764,-122.66,-3.8568,114.24,88.189,756.38,852.9,725.25,428.89,222.9
86.394,149.01,68.157,-116.18,-5.3111,110.96,74.683,667.12,751.43,636.09,391.76,206.62
78.593,142.07,66.995,-109.14,-6.3366,107.03,60.497,577.81,650.84,549.48,353.3,188.58
70.396,134.37,65.265,-101.62,-7.1181,102.43,45.981,489.5,551.83,465.72,314.15,168.89
61.901,125.89,63.028,-93.598,-7.8147,97.192,31.411,403.07,455.08,384.63,274.77,147.89
53.111,116.63,60.4,-84.994,-8.5162,91.354,17.03,318.98,361.16,305.71,235.38,126.17
44.052,106.61,57.506,-75.78,-9.2328,84.986,3.0996,237.38,270.32,228.43,196.03,104.41
34.927,95.907,54.437,-66.042,-9.9018,78.16,-10.081,158.35,182.63,152.49,156.82,83.328
26.145,84.692,51.229,-56.014,-10.419,70.939,-22.212,82.512,98.281,78.2,118.2,63.529
18.195,73.202,47.874,-46.043,-10.689,63.403,-33.05,11.265,18.089,6.9533,81.096,45.494
11.432,61.756,44.359,-36.512,-10.672,55.679,-42.435,-53.34,-56.263,-58.905,46.795,29.56
5.9369,50.735,40.711,-27.759,-10.41,47.979,-50.296,-109.36,-122.6,-116.99,16.519,15.916
1.552,40.533,37.03,-20.015,-10.014,40.597,-56.635,-155.76,-179.1,-165.94,-9.0071,4.5818
-1.9911,31.477,33.476,-13.376,-9.6283,33.843,-61.532,-192.73,-225.01,-205.71,-29.745,-4.5927
-4.9628,23.749,30.207,-7.8301,-9.3736,27.95,-65.141,-221.4,-260.93,-237.19,-46.216,-11.889
-7.5643,17.365,27.309,-3.29,-9.3082,23.002,-67.687,-243.35,-288.37,-261.72,-59.228,-17.657
-9.8877,12.198,24.766,0.37034,-9.412,18.93,-69.434,-260.14,-309.17,-280.67,-69.63,-22.257
-11.922,8.0223,22.473,3.2986,-9.6025,15.556,-70.654,-273.12,-325.04,-295.3,-78.161,-26.029
-13.614,4.5633,20.302,5.6586,-9.767,12.658,-71.578,-283.34,-337.36,-306.65,-85.382,-29.257
-14.952,1.5468,18.167,7.6352,-9.8022,10.041,-72.37,-291.56,-347.12,-315.56,-91.67,-32.145
-16.01,-1.2571,16.053,9.4198,-9.6542,7.5713,-73.124,-298.3,-355.0,-322.61,-97.241,-34.802
-16.919,-3.9984,14.006,11.174,-9.3372,5.1949,-73.87,-303.93,-361.45,-328.27,-102.2,-37.256
-17.795,-6.7311,12.096,12.988,-8.916,2.9186,-74.6,-308.68,-366.79,-332.85,-106.58,-39.489
-18.675,-9.4228,10.372,14.858,-8.4577,0.77873,-75.288,-312.68,-371.22,-336.62,-110.41,-41.468
-19.505,-11.982,8.8356,16.693,-7.9866,-1.1863,-75.907,-316.06,-374.92,-339.81,-113.72,-43.177
-20.181,-14.293,7.4539,18.35,-7.4742,-2.9479,-76.436,-318.91,-378.01,-342.57,-116.55,-44.617
-20.61,-16.249,6.1807,19.689,-6.8686,-4.487,-76.87,-321.3,-380.6,-345.02,-118.95,-45.811
-20.757,-17.784,4.9914,20.629,-6.1393,-5.7905,-77.225,-323.32,-382.73,-347.2,-120.95,-46.791
-20.669,-18.885,3.9005,21.175,-5.3149,-6.8464,-77.532,-325.04,-384.46,-349.11,-122.6,-47.589
-20.442,-19.578,2.9551,21.398,-4.4882,-7.6427,-77.833,-326.51,-385.83,-350.72,-123.96,-48.236
-20.167,-19.914,2.2147,21.4,-3.7754,-8.1698,-78.163,-327.78,-386.88,-352.0,-125.1,-48.764
-19.903,-19.954,1.7249,21.277,-3.2532,-8.431,-78.543,-328.88,-387.68,-352.98,-126.08,-49.209
-19.66,-19.772,1.4945,21.096,-2.9273,-8.4541,-78.974,-329.84,-388.28,-353.72,-126.93,-49.6
-19.423,-19.443,1.487,20.897,-2.7546,-8.2947,-79.443,-330.67,-388.74,-354.34,-127.65,-49.957
-19.171,-19.04,1.6336,20.689,-2.6983,-8.0255,-79.928,-331.37,-389.09,-354.97,-128.17,-50.273
-18.913,-18.618,1.8728,20.477,-2.7715,-7.7097,-80.402,-331.96,-389.35,-355.68,-128.43,-50.529
-18.706,-18.217,2.1796,20.28,-3.0407,-7.3844,-80.844,-332.45,-389.51,-356.49,-128.38,-50.715
-18.658,-17.855,2.5777,20.137,-3.5889,-7.0497,-81.24,-332.83,-389.57,-357.36,-128.05,-50.842
-18.872,-17.519,3.1267,20.075,-4.463,-6.6669,-81.585,-333.12,-389.51,-358.18,-127.53,-50.935
-19.381,-17.147,3.8933,20.081,-5.63,-6.1664,-81.877,-333.3,-389.31,-358.83,-126.97,-51.022
-20.112,-16.637,4.9116,20.075,-6.9658,-5.4758,-82.108,-333.36,-388.96,-359.21,-126.47,-51.106
-20.891,-15.881,6.1646,19.935,-8.2889,-4.5446,-82.26,-333.26,-388.43,-359.27,-126.06,-51.15
-21.512,-14.803,7.5876,19.54,-9.4264,-3.3664,-82.317,-332.97,-387.72,-359.06,-125.69,-51.085
-21.83,-13.404,9.0942,18.838,-10.276,-1.9843,-82.27,-332.48,-386.85,-358.68,-125.25,-50.841
-21.819,-11.757,10.608,17.868,-10.834,-0.47097,-82.119,-331.8,-385.83,-358.26,-124.63,-50.377
-21.571,-9.9719,12.092,16.734,-11.174,1.103,-81.859,-330.97,-384.72,-357.89,-123.8,-49.708
-21.227,-8.1433,13.553,15.556,-11.4,2.6993,-81.465,-329.98,-383.53,-357.62,-122.8,-48.905
-20.898,-6.3086,15.047,14.41,-11.595,4.3319,-80.855,-328.77,-382.19,-357.41,-121.75,-48.078
-20.613,-4.4092,16.662,13.288,-11.789,6.0845,-79.873,-327.14,-380.52,-357.16,-120.8,-47.343
-20.301,-2.2633,18.533,12.076,-11.975,8.1364,-78.264,-324.71,-378.18,-356.68,-120.05,-46.796
-19.833,0.44763,20.867,10.576,-12.143,10.799,-75.647,-320.83,-374.6,-355.71,-119.54,-46.475
-19.086,4.1855,23.966,8.5399,-12.354,14.548,-71.513,-314.5,-368.91,-353.89,-119.18,-46.333
-17.994,9.5685,28.124,5.6878,-12.83,20.009,-65.343,-304.24,-359.84,-350.68,-118.73,-46.219
-16.554,17.369,33.265,1.656,-14.054,27.734,-57.006,-288.2,-345.65,-345.11,-117.88,-45.879
-14.773,28.338,38.301,-4.1225,-16.419,37.515,-47.183,-264.85,-324.55,-335.37,-116.2,-44.974
-12.609,42.448,41.244,-12.482,-19.231,47.331,-36.881,-234.62,-296.01,-318.14,-113.03,-43.104
-9.7803,57.404,41.92,-24.027,-21.633,53.565,-26.391,-201.4,-262.12,-288.7,-107.06,-39.734
-5.2454,68.153,44.254,-37.254,-24.54,54.636,-15.887,-173.06,-226.9,-244.27,-94.925,-33.766
2.7686,71.069,52.276,-46.748,-29.654,55.233,-7.4085,-161.26,-196.56,-189.29,-69.688,-22.419
10.501,71.976,67.176,-47.878,-37.92,63.683,-4.0376,-173.47,-181.13,-130.16,-32.404,-4.8846
7.8342,85.377,89.232,-47.836,-48.935,84.382,4.1506,-175.88,-181.42,-64.95,-16.007,-6.5361
1.6205,118.67,119.76,-60.982,-62.168,117.81,60.061,-36.49,-145.87,12.306,-31.614,-34.341
4.434,170.27,161.29,-89.739,-78.032,164.92,134.83,255.05,27.853,104.27,-32.186,-40.689
17.497,238.11,214.76,-130.65,-96.799,225.8,188.59,482.7,345.91,209.06,10.185,-22.17
40.136,318.06,274.63,-181.48,-115.26,295.63,221.83,648.59,642.91,322.54,90.093,19.644
72.424,402.44,330.05,-238.94,-126.34,365.49,224.12,722.01,840.47,443.52,202.34,88.346
113.64,484.11,374.39,-299.08,-126.3,428.61,186.27,655.75,917.42,584.35,346.07,185.5
162.07,561.79,408.03,-360.35,-116.4,484.54,103.86,417.29,834.21,777.34,523.83,310.84
215.52,639.86,433.31,-424.59,-99.42,537.1,-22.223,-1.4853,567.23,1005.4,737.13,463.36
271.51,723.99,455.73,-494.36,-80.882,591.66,-184.91,-577.81,126.74,1166.1,978.47,639.05
326.77,818.11,488.53,-569.86,-70.096,655.48,-371.61,-1258.4,-443.11,1238.3,1230.5,828.37
377.07,924.54,542.32,-649.14,-73.388,735.21,-566.75,-1968.2,-1076.5,1236.7,1472.5,1017.3
418.75,1041.1,616.82,-728.93,-90.487,830.38,-754.22,-2624.9,-1705.1,1170.0,1682.9,1190.3
449.47,1157.6,702.16,-803.0,-115.98,931.17,-919.1,-3162.3,-2274.7,1044.5,1840.8,1332.9
467.48,1256.1,781.92,-861.61,-143.46,1020.6,-1048.0,-3547.8,-2754.6,859.63,1925.5,1432.2
470.88,1315.4,837.02,-893.02,-167.4,1078.3,-1130.1,-3779.5,-3136.4,608.52,1918.9,1476.3
457.87,1315.9,849.96,-886.49,-179.34,1085.6,-1159.6,-3877.6,-3426.6,283.35,1807.0,1455.8
427.68,1245.9,810.05,-836.03,-172.28,1031.2,-1137.8,-3872.9,-3636.0,-118.36,1584.7,1365.1
381.41,1107.3,718.16,-743.36,-149.21,915.88,-1075.7,-3799.5,-3774.0,-586.66,1259.9,1205.7
322.42,916.54,587.75,-618.73,-117.62,754.61,-993.42,-3688.4,-3847.2,-1095.0,857.03,988.87
255.8,702.07,441.35,-478.85,-84.763,573.03,-914.49,-3562.5,-3859.6,-1601.5,416.19,736.42
187.3,495.7,304.32,-342.36,-58.08,400.18,-856.94,-3431.6,-3811.3,-2054.9,-13.13,477.07
122.1,323.63,197.83,-224.67,-44.593,260.01,-825.16,-3294.4,-3701.2,-2404.3,-382.62,239.53
64.147,199.88,132.75,-134.48,-47.818,164.97,-808.39,-3146.7,-3530.9,-2611.2,-656.95,44.973
16.136,124.49,106.92,-73.01,-63.545,113.99,-790.51,-2985.2,-3308.8,-2660.8,-821.39,-96.981
-20.676,86.86,107.76,-35.641,-82.055,95.554,-762.35,-2804.6,-3047.3,-2565.1,-881.98,-187.45
-46.416,72.167,119.65,-15.053,-96.304,94.474,-721.0,-2597.6,-2758.1,-2357.4,-859.83,-234.65
-62.006,66.746,130.21,-3.9831,-102.59,97.526,-665.36,-2360.3,-2452.4,-2081.5,-783.43,-250.14
-68.269,60.413,131.46,2.9077,-97.038,95.369,-597.67,-2096.8,-2142.8,-1781.5,-680.37,-245.78
-63.96,47.914,117.07,6.1181,-80.322,81.691,-526.02,-1822.5,-1844.2,-1494.1,-557.88,-228.77
-48.368,23.801,79.299,10.138,-62.313,50.502,-458.99,-1558.7,-1572.1,-1252.6,-425.96,-179.22
-39.834,-6.8127,43.092,23.076,-47.847,16.182,-399.18,-1324.1,-1338.3,-1078.9,-360.37,-131.71
-42.32,-30.77,19.74,37.865,-35.163,-7.7338,-344.92,-1128.7,-1148.2,-962.48,-340.05,-135.22
-46.387,-50.481,1.178,51.948,-22.412,-25.939,-294.61,-972.81,-999.41,-878.59,-329.56,-143.41
-49.432,-69.297,-17.548,64.568,-9.4541,-43.378,-247.94,-849.74,-883.02,-808.94,-318.16,-147.54
-51.617,-88.51,-38.257,75.591,2.3108,-62.197,-204.84,-749.04,-786.71,-743.65,-302.97,-148.7
-53.245,-108.6,-60.531,85.511,11.365,-82.832,-165.26,-659.4,-696.53,-675.9,-284.27,-148.14
-54.415,-129.53,-82.821,94.854,17.356,-104.82,-129.85,-569.84,-599.21,-600.61,-264.8,-146.73
-55.176,-150.73,-103.76,103.86,20.902,-127.15,-100.28,-480.74,-503.22,-527.97,-247.66,-145.08
-55.683,-171.21,-122.78,112.53,23.268,-148.56,-80.171,-414.1,-439.3,-474.56,-234.41,-143.62
-56.185,-189.9,-139.52,120.69,26.071,-167.67,-71.835,-376.72,-407.51,-441.09,-225.09,-142.55
-56.875,-205.8,-153.04,128.18,29.532,-183.13,-69.832,-356.2,-391.44,-420.46,-218.87,-141.89
-57.765,-218.26,-162.12,134.77,32.652,-194.15,-68.577,-342.95,-381.66,-406.95,-214.64,-141.49
-58.758,-227.16,-166.93,140.23,35.091,-200.91,-66.356,-332.63,-374.52,-397.25,-211.35,-141.17
-59.783,-232.93,-169.01,144.41,36.958,-204.52,-63.047,-323.46,-368.68,-389.6,-208.24,-140.75
-60.806,-236.39,-169.81,147.35,38.32,-206.25,-58.857,-314.72,-363.55,-383.07,-204.88,-140.18
-61.782,-238.32,-170.13,149.24,39.191,-207.02,-54.063,-306.15,-358.74,-377.22,-201.22,-139.47
-62.658,-239.31,-170.23,150.33,39.591,-207.31,-48.969,-297.74,-353.91,-371.84,-197.42,-138.69
-63.369,-239.7,-170.14,150.82,39.548,-207.35,-43.863,-289.49,-348.7,-366.79,-193.72,-137.97
-63.858,-239.7,-169.81,150.89,39.102,-207.19,-38.953,-281.34,-342.74,-361.92,-190.25,-137.36
-64.094,-239.43,-169.21,150.68,38.349,-206.85,-34.32,-273.11,-335.68,-357.04,-187.01,-136.86
-64.099,-239.01,-168.39,150.33,37.448,-206.35,-29.92,-264.41,-327.09,-351.89,-183.86,-136.36
-63.938,-238.48,-167.43,149.94,36.583,-205.72,-25.609,-254.71,-316.47,-346.17,-180.57,-135.72
-63.677,-237.89,-166.42,149.56,35.908,-205.01,-21.181,-243.31,-303.19,-339.52,-176.92,-134.76
-63.35,-237.21,-165.43,149.18,35.513,-204.2,-16.379,-229.45,-286.45,-331.47,-172.74,-133.3
-62.94,-236.35,-164.45,148.7,35.414,-203.28,-10.908,-212.29,-265.4,-321.39,-167.94,-131.18
-62.381,-235.17,-163.42,147.99,35.569,-202.16,-4.4965,-190.93,-238.98,-308.47,-162.5,-128.29
-61.582,-233.51,-162.28,146.89,35.905,-200.74,3.0559,-164.44,-205.81,-291.7,-156.48,-124.55
-60.441,-231.15,-160.94,145.19,36.358,-198.91,11.81,-131.92,-163.8,-269.84,-149.93,-119.99
-58.865,-227.9,-159.35,142.71,36.887,-196.57,21.63,-92.611,-109.76,-241.4,-142.89,-114.67
-56.779,-223.61,-157.48,139.31,37.466,-193.63,32.182,-45.887,-39.791,-204.8,-135.35,-108.75
-54.158,-218.22,-155.33,134.91,38.051,-190.09,43.006,8.6526,48.961,-158.83,-127.21,-102.36
-51.051,-211.72,-152.88,129.53,38.573,-185.92,53.638,71.157,155.83,-103.45,-118.23,-95.594
-47.574,-204.1,-150.03,123.24,38.962,-181.08,63.721,141.38,275.4,-40.111,-107.92,-88.487
-43.829,-195.13,-146.54,116.04,39.181,-175.27,73.074,218.52,400.05,29.256,-95.415,-80.988
-39.852,-184.25,-141.99,107.72,39.242,-167.95,81.681,301.13,523.94,103.78,-79.34,-72.988
-35.625,-170.63,-135.86,97.99,39.195,-158.27,89.644,387.36,644.68,183.98,-57.81,-64.355
-31.141,-153.64,-127.69,86.698,39.099,-145.46,97.105,475.34,762.15,270.92,-28.835,-54.927
-26.418,-133.52,-117.3,74.152,39.009,-129.36,104.18,563.6,876.59,365.36,8.7359,-44.47
-21.426,-111.74,-105.16,61.163,38.97,-111.0,110.87,651.17,987.51,467.29,54.359,-32.61
-15.939,-90.373,-92.226,48.624,38.994,-92.218,117.11,737.4,1093.5,575.73,106.1,-18.841
-9.4529,-70.839,-79.447,36.979,39.038,-74.601,122.77,821.74,1192.7,688.61,161.72,-2.6346
-1.4684,-53.442,-67.259,26.112,38.998,-58.743,127.76,903.53,1283.0,802.83,219.25,16.398
8.0956,-37.811,-55.623,15.683,38.775,-44.537,132.01,981.92,1362.8,914.78,277.02,38.406
19.086,-23.471,-44.402,5.4193,38.35,-31.708,135.56,1055.8,1430.8,1021.1,333.67,63.266
31.322,-10.073,-33.663,-4.8569,37.812,-20.084,138.46,1123.8,1486.7,1119.4,388.09,90.581
44.186,2.6576,-23.706,-15.291,37.312,-9.5521,140.78,1184.7,1531.3,1208.0,439.27,119.57
56.844,15.029,-14.836,-26.04,37.001,0.074228,142.62,1237.7,1565.7,1286.2,486.13,148.98
68.97,27.444,-7.1397,-37.291,36.983,9.1255,144.04,1282.7,1591.9,1353.9,527.66,177.15
80.52,40.332,-0.46235,-49.199,37.268,18.016,145.12,1320.3,1611.4,1411.1,563.19,202.58
91.144,53.974,5.4708,-61.723,37.744,27.112,145.91,1351.5,1626.0,1457.9,592.58,224.39
100.24,68.355,10.945,-74.519,38.177,36.622,146.47,1377.3,1636.8,1494.4,616.16,242.46
107.41,83.168,16.202,-87.025,38.259,46.576,146.83,1398.7,1644.8,1521.1,634.52,257.18
112.66,97.934,21.432,-98.693,37.699,56.853,147.03,1416.2,1650.6,1538.6,648.28,269.06
116.28,112.14,26.747,-109.15,36.319,67.209,147.05,1429.7,1654.7,1548.2,658.0,278.59
118.6,125.28,32.15,-118.18,34.104,77.279,146.9,1439.2,1656.9,1550.8,664.17,286.05
119.9,136.87,37.517,-125.63,31.194,86.599,146.55,1444.0,1656.7,1547.3,667.25,291.62
120.35,146.54,42.641,-131.44,27.833,94.735,145.98,1443.7,1653.4,1537.8,667.68,295.42
120.18,154.17,47.334,-135.68,24.292,101.46,145.18,1437.7,1645.8,1521.7,665.8,297.63
119.65,159.88,51.516,-138.56,20.783,106.8,144.13,1425.5,1632.4,1498.1,661.83,298.47
119.01,163.97,55.237,-140.34,17.391,110.97,142.82,1406.5,1611.5,1465.8,655.76,298.13
118.4,166.7,58.621,-141.22,14.059,114.18,141.23,1379.9,1581.4,1424.1,647.35,296.72
117.71,168.29,61.774,-141.29,10.655,116.62,139.3,1344.9,1540.4,1372.6,636.29,294.22
116.66,168.88,64.709,-140.57,7.1113,118.41,136.85,1300.8,1487.1,1311.8,622.23,290.51
114.86,168.55,67.316,-139.06,3.5568,119.55,133.65,1247.3,1421.2,1242.8,604.96,285.38
111.99,167.34,69.417,-136.79,0.28612,120.0,129.33,1184.6,1343.6,1166.7,584.44,278.69
107.89,165.29,70.857,-133.8,-2.4569,119.73,123.54,1114.0,1256.3,1084.7,560.75,270.42
102.64,162.44,71.58,-130.16,-4.6165,118.72,115.98,1037.0,1162.1,998.23,534.03,260.68
96.501,158.82,71.634,-125.91,-6.2666,117.02,106.54,955.06,1063.7,908.72,504.43,249.64
89.826,154.46,71.122,-121.09,-7.5069,114.7,95.34,869.42,963.02,817.79,472.11,237.39
82.842,149.34,70.146,-115.66,-8.4211,111.83,82.692,781.06,861.4,727.06,437.32,223.86
75.573,143.42,68.783,-109.55,-9.0795,108.42,68.942,690.95,759.62,637.86,400.39,208.81
67.876,136.59,67.075,-102.64,-9.5464,104.42,54.392,600.18,658.3,551.03,361.76,191.96
59.576,128.78,65.042,-94.866,-9.8839,99.782,39.308,510.02,558.14,466.82,321.93,173.21
50.643,119.98,62.696,-86.257,-10.151,94.477,23.99,421.59,459.95,385.04,281.32,152.82
41.35,110.31,60.062,-77.014,-10.392,88.539,8.8543,335.63,364.52,305.28,240.28,131.54
32.3,100.07,57.175,-67.525,-10.625,82.089,-5.5836,252.39,272.35,227.08,199.13,110.39
24.215,89.667,54.063,-58.285,-10.835,75.311,-18.809,171.91,183.66,150.22,158.26,90.261
17.581,79.532,50.749,-49.745,-10.98,68.408,-30.447,94.628,98.675,75.101,118.43,71.699
12.458,69.993,47.266,-42.172,-11.011,61.578,-40.346,21.841,18.234,3.2669,80.871,54.894
8.5836,61.241,43.704,-35.609,-10.89,55.013,-48.565,-44.366,-55.981,-62.755,46.983,39.878
5.5758,53.348,40.216,-29.927,-10.608,48.891,-55.285,-101.9,-121.83,-120.48,17.812,26.665
3.0993,46.295,36.983,-24.937,-10.2,43.358,-60.706,-149.59,-177.58,-168.64,-6.3522,15.267
0.95567,40.018,34.143,-20.477,-9.7272,38.483,-64.993,-187.61,-222.73,-207.4,-25.936,5.6563
-0.89732,34.439,31.731,-16.465,-9.2413,34.243,-68.287,-217.17,-258.01,-237.91,-41.751,-2.291
-2.4221,29.472,29.666,-12.887,-8.752,30.531,-70.744,-239.9,-285.04,-261.67,-54.656,-8.7965
-3.6133,25.024,27.796,-9.7348,-8.2446,27.197,-72.551,-257.41,-305.66,-280.11,-65.364,-14.146
-4.5467,20.995,25.969,-6.9689,-7.7262,24.104,-73.905,-271.05,-321.52,-294.44,-74.392,-18.637
-5.3598,17.281,24.088,-4.5067,-7.2632,21.151,-74.975,-281.82,-333.92,-305.64,-82.097,-22.533
-6.2168,13.789,22.137,-2.2416,-6.965,18.284,-75.875,-290.46,-343.8,-314.48,-88.729,-26.039
-7.2686,10.443,20.166,-0.067519,-6.9258,15.497,-76.671,-297.49,-351.8,-321.5,-94.47,-29.279
-8.6051,7.2003,18.253,2.0976,-7.1791,12.813,-77.4,-303.28,-358.38,-327.12,-99.456,-32.31
-10.22,4.0455,16.466,4.2935,-7.6839,10.266,-78.085,-308.12,-363.82,-331.67,-103.79,-35.134
-12.006,0.99623,14.839,6.5081,-8.326,7.8882,-78.737,-312.2,-368.37,-335.41,-107.54,-37.726
-13.789,-1.8974,13.379,8.6808,-8.9407,5.7074,-79.357,-315.67,-372.2,-338.55,-110.77,-40.056
-15.381,-4.5642,12.074,10.723,-9.3623,3.7509,-79.944,-318.62,-375.45,-341.25,-113.56,-42.108
-16.657,-6.9398,10.917,12.561,-9.487,2.0391,-80.495,-321.11,-378.21,-343.64,-116.0,-43.884
-17.61,-8.9968,9.9122,14.168,-9.3144,0.57781,-81.0,-323.23,-380.53,-345.77,-118.18,-45.412
-18.36,-10.757,9.0821,15.588,-8.9424,-0.64266,-81.448,-325.02,-382.46,-347.67,-120.13,-46.726
-19.094,-12.28,8.4519,16.907,-8.5193,-1.6453,-81.827,-326.54,-384.0,-349.32,-121.89,-47.854
-19.971,-13.636,8.0238,18.2,-8.1718,-2.4671,-82.133,-327.84,-385.2,-350.72,-123.4,-48.808
-21.055,-14.87,7.7563,19.488,-7.9562,-3.1576,-82.373,-328.96,-386.11,-351.87,-124.65,-49.59
-22.267,-15.976,7.568,20.702,-7.8654,-3.7562,-82.564,-329.91,-386.78,-352.82,-125.61,-50.202
-23.402,-16.895,7.3774,21.711,-7.8704,-4.2758,-82.73,-330.73,-387.29,-353.67,-126.32,-50.635
-24.229,-17.543,7.1522,22.391,-7.9487,-4.6947,-82.885,-331.41,-387.69,-354.52,-126.83,-50.877
-24.637,-17.874,6.9346,22.701,-8.0934,-4.9675,-83.035,-331.97,-387.99,-355.43,-127.19,-50.926
-24.705,-17.912,6.8298,22.725,-8.3218,-5.0511,-83.169,-332.42,-388.21,-356.41,-127.46,-50.808
-24.673,-17.744,6.9544,22.635,-8.6765,-4.9281,-83.276,-332.77,-388.29,-357.41,-127.66,-50.586
-24.818,-17.498,7.3763,22.617,-9.1909,-4.6277,-83.344,-333.05,-388.22,-358.35,-127.79,-50.363
-25.301,-17.284,8.069,22.778,-9.838,-4.2164,-83.37,-333.28,-387.96,-359.13,-127.81,-50.248
-26.082,-17.145,8.9129,23.1,-10.523,-3.7704,-83.347,-333.45,-387.5,-359.65,-127.68,-50.313
-26.946,-17.039,9.7494,23.444,-11.147,-3.3403,-83.267,-333.52,-386.84,-359.9,-127.33,-50.558
-27.625,-16.85,10.459,23.6,-11.684,-2.9247,-83.116,-333.45,-386.02,-359.9,-126.71,-50.9
-27.91,-16.412,11.018,23.366,-12.187,-2.462,-82.87,-333.2,-385.05,-359.72,-125.8,-51.193
-27.725,-15.565,11.504,22.615,-12.711,-1.8486,-82.5,-332.73,-383.97,-359.43,-124.63,-51.275
-27.129,-14.215,12.048,21.34,-13.261,-0.97784,-81.97,-332.03,-382.83,-359.12,-123.28,-51.028
-26.257,-12.367,12.771,19.651,-13.784,0.22059,-81.231,-331.07,-381.59,-358.8,-121.9,-50.433
-25.224,-10.104,13.748,17.711,-14.177,1.7707,-80.195,-329.78,-380.17,-358.48,-120.63,-49.576
-24.048,-7.5087,15.026,15.645,-14.303,3.6849,-78.71,-327.94,-378.31,-358.06,-119.63,-48.62
-22.672,-4.5696,16.678,13.476,-14.039,6.0378,-76.509,-325.13,-375.57,-357.35,-118.97,-47.736
-21.029,-1.0823,18.891,11.095,-13.396,9.0676,-73.184,-320.6,-371.24,-356.05,-118.62,-47.028
-19.099,3.4323,22.007,8.2475,-12.614,13.274,-68.212,-313.16,-364.2,-353.67,-118.37,-46.481
-16.9,9.7892,26.396,4.5052,-12.183,19.408,-61.177,-301.09,-352.8,-349.34,-117.89,-45.933
-14.44,19.063,31.853,-0.7955,-12.824,28.049,-52.236,-282.45,-334.95,-341.46,-116.69,-45.074
-11.649,31.976,36.604,-8.5763,-14.926,38.285,-42.269,-256.25,-308.99,-326.98,-114.06,-43.487
-8.2445,47.249,38.42,-19.634,-17.45,46.425,-32.064,-224.29,-275.58,-300.89,-108.82,-40.632
-3.4435,60.22,40.042,-33.202,-19.85,49.096,-21.838,-192.01,-237.92,-258.76,-98.348,-35.596
4.2587,66.146,47.216,-45.209,-23.526,50.439,-12.564,-168.67,-200.33,-204.18,-76.831,-26.168
15.012,68.446,61.926,-50.26,-29.99,59.503,-7.1738,-165.99,-171.1,-146.25,-40.867,-8.973
22.126,79.691,84.437,-49.438,-39.999,80.193,-6.0339,-181.32,-161.79,-83.96,-14.936,3.4683
17.37,108.59,115.78,-54.968,-53.594,112.66,15.226,-144.58,-159.55,-9.2089,-24.651,-19.998
7.361,155.51,157.94,-76.455,-70.606,158.13,90.075,81.705,-76.604,82.587,-35.414,-40.802
7.6757,219.54,211.7,-112.41,-90.915,217.51,157.87,355.29,165.43,190.4,-5.518,-31.804
21.112,297.89,272.59,-159.91,-113.23,287.29,203.56,557.17,478.65,309.35,64.798,0.63725
44.95,382.97,330.53,-215.6,-133.31,358.71,225.85,692.31,731.37,434.33,167.67,58.658
78.213,465.77,378.08,-274.73,-145.89,423.42,213.87,715.57,887.54,567.84,299.74,144.22
120.26,542.76,415.15,-334.45,-148.58,479.62,158.76,583.84,909.51,731.5,461.93,256.7
170.03,617.27,443.89,-395.86,-141.51,530.65,56.962,273.11,758.58,942.95,657.36,394.89
225.73,695.36,467.26,-461.99,-125.98,581.42,-87.458,-213.0,422.86,1129.7,884.38,556.77
284.06,782.22,494.74,-534.3,-108.61,638.65,-262.93,-838.95,-73.646,1233.6,1130.9,736.62
340.09,881.36,538.94,-611.49,-101.79,710.0,-454.1,-1541.2,-676.27,1260.8,1377.5,923.79
388.95,993.1,604.84,-691.01,-111.34,798.48,-644.95,-2239.3,-1315.5,1220.2,1602.9,1104.2
427.66,1110.8,686.99,-768.36,-133.58,898.2,-820.24,-2854.5,-1926.5,1119.1,1785.9,1263.0
454.58,1219.5,771.2,-835.61,-161.02,994.75,-966.35,-3333.0,-2463.9,959.43,1905.3,1386.2
468.21,1299.1,838.34,-881.96,-186.11,1068.3,-1071.3,-3655.6,-2906.6,736.36,1941.6,1461.1
466.78,1328.4,869.12,-895.97,-201.3,1098.7,-1126.6,-3830.3,-3253.4,442.56,1878.3,1476.7
448.79,1291.7,849.32,-868.95,-199.47,1070.9,-1129.7,-3882.4,-3513.2,73.56,1705.7,1425.1
413.85,1184.4,774.95,-798.27,-178.57,980.4,-1086.8,-3844.7,-3696.1,-366.3,1425.9,1303.5
363.38,1016.0,655.0,-689.27,-144.22,836.3,-1013.7,-3751.2,-3809.8,-858.81,1056.2,1117.9
300.86,809.25,509.69,-554.97,-105.88,659.96,-932.57,-3630.8,-3859.6,-1370.4,629.48,884.2
231.63,594.82,364.68,-413.36,-72.128,479.68,-864.87,-3501.2,-3847.5,-1854.5,190.77,627.43
162.18,403.0,243.19,-282.83,-49.381,322.44,-822.44,-3366.8,-3772.5,-2258.6,-210.93,376.47
98.542,254.85,159.44,-177.03,-40.829,206.05,-801.51,-3223.3,-3633.8,-2535.9,-533.67,156.66
44.663,157.06,115.78,-101.32,-45.82,135.13,-785.6,-3066.7,-3436.1,-2658.9,-752.46,-16.075
1.9651,102.89,104.24,-53.037,-60.648,102.3,-760.49,-2893.4,-3191.1,-2626.7,-863.25,-136.86
-29.816,78.522,111.44,-25.076,-79.494,93.871,-721.66,-2697.4,-2912.4,-2464.1,-879.84,-209.6
-51.648,69.648,124.19,-9.7499,-96.477,96.03,-668.86,-2472.3,-2611.8,-2212.0,-827.13,-243.55
-64.713,64.46,132.17,-0.58549,-106.55,97.616,-604.64,-2218.3,-2301.2,-1916.3,-734.13,-250.33
-69.862,54.863,128.25,6.0401,-105.56,90.773,-535.9,-1945.6,-1994.6,-1618.9,-621.45,-241.02
-65.596,36.332,104.04,10.186,-94.371,68.745,-470.52,-1673.6,-1707.1,-1355.1,-481.8,-216.64
-55.041,5.0723,64.502,20.86,-80.416,32.716,-411.82,-1423.5,-1452.5,-1153.5,-378.73,-155.73
-53.118,-23.559,36.114,36.842,-67.247,3.2298,-358.59,-1209.6,-1239.7,-1016.4,-344.75,-133.18
-56.034,-46.287,15.607,53.113,-53.627,-18.059,-308.89,-1036.4,-1070.0,-921.76,-332.88,-141.33
-58.235,-67.306,-3.4022,68.211,-38.407,-36.914,-262.19,-899.73,-937.96,-847.61,-323.15,-147.96
-59.205,-88.12,-23.788,81.142,-22.121,-56.248,-218.81,-790.42,-832.59,-781.05,-310.72,-150.78
-59.441,-108.82,-45.995,91.872,-6.7886,-76.636,-178.96,-697.2,-740.63,-715.17,-294.79,-151.16
-59.3,-129.33,-68.952,100.89,5.7923,-97.852,-143.03,-608.55,-647.36,-643.86,-276.96,-150.12
-58.918,-149.44,-91.116,108.64,15.297,-119.43,-112.02,-517.22,-546.63,-567.72,-259.95,-148.38
-58.294,-168.52,-111.5,115.32,22.392,-140.59,-88.16,-437.98,-464.15,-503.15,-245.71,-146.44
-57.404,-185.71,-129.82,121.08,27.986,-160.18,-74.964,-389.15,-418.39,-459.67,-234.73,-144.65
-56.29,-200.3,-145.77,126.07,32.912,-176.8,-70.964,-363.14,-396.0,-432.66,-226.56,-143.23
-55.102,-212.01,-158.44,130.44,37.458,-189.44,-70.074,-347.73,-383.51,-415.39,-220.33,-142.28
-54.037,-221.0,-167.01,134.32,40.992,-198.05,-68.872,-336.64,-375.06,-403.44,-215.25,-141.77
-53.251,-227.61,-171.86,137.71,43.21,-203.4,-66.637,-327.28,-368.49,-394.43,-210.76,-141.58
-52.797,-232.23,-174.18,140.55,44.566,-206.48,-63.466,-318.56,-362.91,-387.09,-206.59,-141.55
-52.628,-235.25,-175.07,142.74,45.466,-208.07,-59.572,-310.0,-357.84,-380.73,-202.71,-141.52
-52.636,-236.99,-175.17,144.25,46.061,-208.71,-55.134,-301.38,-352.88,-374.97,-199.2,-141.31
-52.706,-237.75,-174.82,145.11,46.367,-208.72,-50.291,-292.61,-347.65,-369.57,-196.12,-140.85
-52.75,-237.76,-174.15,145.39,46.375,-208.28,-45.148,-283.61,-341.76,-364.29,-193.43,-140.09
-52.75,-237.25,-173.21,145.23,46.092,-207.53,-39.794,-274.29,-334.84,-358.93,-190.99,-139.04
-52.758,-236.42,-171.98,144.83,45.549,-206.54,-34.285,-264.43,-326.52,-353.25,-188.57,-137.71
-52.88,-235.45,-170.47,144.36,44.801,-205.41,-28.646,-253.7,-316.38,-346.98,-185.93,-136.15
-53.216,-234.49,-168.71,143.97,43.908,-204.21,-22.877,-241.6,-303.94,-339.82,-182.81,-134.36
-53.792,-233.62,-166.77,143.74,42.909,-203.02,-16.977,-227.51,-288.57,-331.37,-179.03,-132.34
-54.529,-232.85,-164.77,143.62,41.811,-201.88,-10.926,-210.67,-269.54,-321.15,-174.47,-130.06
-55.274,-232.11,-162.82,143.53,40.598,-200.81,-4.6379,-190.18,-245.93,-308.48,-169.1,-127.45
-55.878,-231.26,-160.95,143.32,39.248,-199.74,2.0627,-165.03,-216.49,-292.44,-162.96,-124.42
-56.27,-230.12,-159.11,142.86,37.756,-198.54,9.4296,-134.07,-179.32,-271.83,-156.12,-120.86
-56.45,-228.48,-157.16,142.01,36.133,-197.02,17.711,-96.195,-131.57,-245.11,-148.65,-116.67
-56.429,-226.06,-154.96,140.59,34.43,-194.97,27.026,-50.462,-69.349,-210.52,-140.54,-111.78
-56.156,-222.51,-152.36,138.35,32.75,-192.13,37.266,3.7209,11.157,-166.55,-131.68,-106.12
-55.472,-217.37,-149.29,134.93,31.246,-188.24,48.089,66.472,111.24,-112.83,-121.85,-99.674
-54.129,-210.08,-145.68,129.87,30.085,-182.99,59.016,137.33,227.43,-50.647,-110.62,-92.444
-51.872,-200.02,-141.4,122.7,29.389,-175.97,69.57,215.15,352.19,17.883,-97.298,-84.494
-48.591,-186.71,-136.2,113.23,29.2,-166.74,79.391,298.18,478.09,91.583,-80.82,-75.914
-44.407,-170.16,-129.66,101.79,29.487,-154.92,88.272,384.29,601.03,170.76,-59.755,-66.788
-39.552,-151.12,-121.42,89.24,30.181,-140.51,96.142,471.51,720.12,256.36,-32.473,-57.111
-34.154,-130.96,-111.38,76.558,31.199,-124.18,103.04,558.37,835.61,349.0,2.3019,-46.692
-28.134,-111.14,-99.906,64.433,32.466,-107.1,109.08,644.05,947.38,448.64,44.76,-35.092
-21.248,-92.621,-87.8,53.061,33.921,-90.502,114.4,728.08,1054.5,554.45,93.691,-21.656
-13.191,-75.62,-75.913,42.247,35.512,-75.113,119.12,810.19,1155.3,664.79,147.06,-5.6706
-3.7533,-59.866,-64.841,31.63,37.165,-61.087,123.33,889.99,1248.3,777.14,202.88,13.405
7.0415,-44.932,-54.81,20.9,38.744,-48.237,127.07,966.94,1331.7,888.31,259.67,35.743
18.944,-30.501,-45.731,9.9008,40.049,-36.299,130.38,1040.2,1404.4,995.05,316.33,61.091
31.643,-16.423,-37.332,-1.402,40.889,-25.083,133.28,1108.6,1465.7,1094.7,371.89,88.836
44.855,-2.6352,-29.321,-13.043,41.185,-14.497,135.84,1171.0,1515.6,1185.4,425.19,118.08
58.264,10.964,-21.552,-25.142,41.009,-4.502,138.08,1226.2,1555.0,1266.3,474.68,147.66
71.428,24.591,-14.096,-37.885,40.54,4.9689,139.98,1273.8,1585.3,1337.0,518.7,176.23
83.772,38.541,-7.1543,-51.375,39.988,14.081,141.5,1313.6,1607.9,1397.1,556.03,202.41
94.702,53.034,-0.89218,-65.421,39.523,23.085,142.6,1346.5,1624.4,1446.7,586.35,225.18
103.77,68.001,4.6815,-79.412,39.234,32.208,143.25,1373.2,1636.3,1485.8,610.24,244.06
110.82,82.996,9.7005,-92.474,39.117,41.522,143.5,1394.9,1644.8,1514.8,628.68,259.15
116.0,97.335,14.36,-103.85,39.076,50.902,143.39,1412.3,1650.6,1534.7,642.64,270.89
119.64,110.4,18.843,-113.22,38.941,60.1,143.02,1425.9,1654.3,1546.7,652.84,279.87
122.12,121.87,23.287,-120.66,38.498,68.859,142.48,1435.9,1656.1,1552.1,659.74,286.59
123.77,131.72,27.754,-126.5,37.541,76.986,141.84,1442.0,1655.9,1551.7,663.67,291.46
124.81,140.07,32.22,-131.13,35.941,84.365,141.13,1443.8,1653.1,1546.0,664.94,294.77
125.37,147.12,36.591,-134.79,33.704,90.933,140.35,1440.8,1646.8,1534.5,663.89,296.75
125.45,152.99,40.753,-137.65,30.978,96.666,139.48,1432.4,1635.5,1516.3,660.79,297.57
125.03,157.73,44.624,-139.73,27.982,101.57,138.46,1417.8,1617.5,1490.4,655.75,297.37
124.1,161.38,48.182,-141.05,24.871,105.65,137.22,1396.1,1590.9,1455.4,648.64,296.2
122.66,163.94,51.45,-141.6,21.649,108.92,135.67,1366.6,1554.1,1410.8,639.11,294.04
120.69,165.43,54.458,-141.36,18.179,111.42,133.71,1328.2,1505.4,1356.6,626.67,290.77
118.03,165.84,57.22,-140.27,14.277,113.15,131.16,1280.4,1444.3,1293.6,610.9,286.2
114.45,165.15,59.725,-138.23,9.8913,114.14,127.78,1223.2,1371.1,1222.7,591.61,280.13
109.66,163.3,61.934,-135.1,5.2646,114.38,123.26,1157.3,1287.2,1145.0,568.89,272.43
103.53,160.24,63.781,-130.77,0.89683,113.88,117.25,1084.0,1195.3,1061.6,543.07,263.04
96.124,155.95,65.186,-125.24,-2.7469,112.61,109.45,1004.9,1097.9,973.78,514.49,251.99
87.79,150.48,66.068,-118.61,-5.4801,110.56,99.725,921.28,997.43,883.1,483.35,239.29
78.928,143.95,66.362,-111.12,-7.3813,107.7,88.202,834.4,895.55,791.35,449.73,224.87
69.813,136.47,66.02,-102.99,-8.6941,104.05,75.241,745.23,793.41,700.25,413.75,208.6
60.51,128.18,65.042,-94.386,-9.7352,99.624,61.336,654.8,691.77,611.08,375.78,190.36
50.962,119.2,63.486,-85.418,-10.765,94.523,46.953,564.31,591.31,524.52,336.47,170.2
41.173,109.71,61.479,-76.174,-11.898,88.899,32.442,474.94,492.71,440.69,296.61,148.56
31.379,99.905,59.171,-66.794,-13.102,82.942,18.06,387.61,396.64,359.28,256.92,126.17
22.08,89.992,56.678,-57.485,-14.254,76.815,4.0739,302.79,303.54,279.82,217.76,103.99
13.88,80.165,54.039,-48.512,-15.181,70.617,-9.151,220.59,213.57,201.89,179.19,82.892
7.2179,70.602,51.23,-40.152,-15.709,64.396,-21.17,141.16,126.86,125.38,141.15,63.496
2.2026,61.488,48.212,-32.639,-15.713,58.191,-31.606,65.295,44.074,51.018,103.87,46.128
-1.3443,53.013,44.987,-26.12,-15.184,52.086,-40.298,-5.2489,-33.22,-19.311,68.16,30.919
-3.7382,45.343,41.619,-20.635,-14.252,46.212,-47.334,-68.176,-102.79,-82.992,35.414,17.883
-5.309,38.573,38.222,-16.125,-13.122,40.706,-52.959,-121.64,-162.62,-137.88,6.9817,6.9511
-6.3415,32.679,34.907,-12.452,-11.969,35.654,-57.46,-165.08,-211.78,-183.2,-16.456,-2.0449
-7.0545,27.553,31.736,-9.4474,-10.893,31.066,-61.084,-199.26,-250.66,-219.51,-35.102,-9.3574
-7.5942,23.07,28.719,-6.9581,-9.9375,26.908,-64.008,-225.69,-280.65,-248.07,-49.763,-15.285
-8.0175,19.144,25.835,-4.8871,-9.1369,23.146,-66.355,-246.05,-303.51,-270.31,-61.436,-20.127
-8.2829,15.733,23.062,-3.1918,-8.4783,19.768,-68.218,-261.83,-320.96,-287.52,-71.012,-24.156
-8.2955,12.813,20.412,-1.8506,-7.8384,16.769,-69.68,-274.2,-334.39,-300.83,-79.147,-27.59
-8.0099,10.324,17.931,-0.80761,-7.0395,14.136,-70.826,-284.01,-344.88,-311.14,-86.246,-30.592
-7.5113,8.1652,15.681,0.053206,-5.9971,11.837,-71.733,-291.89,-353.19,-319.18,-92.517,-33.257
-7.0148,6.2075,13.713,0.88714,-4.8035,9.8248,-72.47,-298.3,-359.88,-325.49,-98.045,-35.623
-6.7764,4.3307,12.05,1.8378,-3.6885,8.0465,-73.099,-303.57,-365.34,-330.49,-102.87,-37.688
-6.9746,2.4455,10.682,2.9942,-2.8962,6.4451,-73.676,-307.99,-369.87,-334.53,-107.06,-39.446
-7.6454,0.49612,9.5603,4.3818,-2.5636,4.9615,-74.25,-311.74,-373.69,-337.88,-110.68,-40.909
-8.7,-1.5419,8.6152,5.9751,-2.6821,3.5396,-74.851,-314.97,-376.97,-340.76,-113.84,-42.123
-9.9819,-3.6552,7.7697,7.7111,-3.1328,2.1415,-75.485,-317.76,-379.8,-343.33,-116.66,-43.169
-11.32,-5.7814,6.967,9.4949,-3.7471,0.76495,-76.137,-320.19,-382.23,-345.65,-119.24,-44.151
-12.572,-7.8162,6.1859,11.212,-4.3616,-0.55358,-76.773,-322.3,-384.3,-347.76,-121.61,-45.167
-13.666,-9.6478,5.4444,12.76,-4.8696,-1.7574,-77.364,-324.14,-386.01,-349.63,-123.76,-46.282
-14.622,-11.208,4.79,14.087,-5.254,-2.7983,-77.897,-325.76,-387.39,-351.24,-125.66,-47.519
-15.544,-12.502,4.2783,15.217,-5.5833,-3.6579,-78.381,-327.19,-388.46,-352.59,-127.23,-48.851
-16.548,-13.6,3.947,16.231,-5.962,-4.3498,-78.84,-328.42,-389.28,-353.69,-128.44,-50.219
-17.699,-14.584,3.7959,17.209,-6.4649,-4.9029,-79.298,-329.5,-389.91,-354.6,-129.27,-51.552
-18.965,-15.485,3.7979,18.171,-7.098,-5.3389,-79.764,-330.41,-390.39,-355.4,-129.76,-52.766
-20.228,-16.263,3.9198,19.063,-7.8059,-5.6502,-80.23,-331.17,-390.77,-356.18,-129.95,-53.781
-21.319,-16.832,4.1429,19.786,-8.5016,-5.8066,-80.669,-331.79,-391.06,-356.97,-129.9,-54.532
-22.092,-17.107,4.4668,20.254,-9.095,-5.7738,-81.048,-332.27,-391.23,-357.78,-129.65,-54.981
-22.481,-17.038,4.9023,20.42,-9.5094,-5.5321,-81.334,-332.65,-391.25,-358.55,-129.27,-55.134
-22.514,-16.635,5.4537,20.296,-9.6977,-5.0842,-81.501,-332.93,-391.09,-359.18,-128.78,-55.044
-22.289,-15.956,6.1124,19.938,-9.657,-4.4603,-81.536,-333.14,-390.71,-359.61,-128.21,-54.793
-21.926,-15.082,6.8554,19.419,-9.4353,-3.7028,-81.435,-333.25,-390.1,-359.77,-127.53,-54.456
-21.54,-14.082,7.6524,18.806,-9.1295,-2.8496,-81.202,-333.22,-389.28,-359.66,-126.71,-54.07
-21.211,-12.99,8.478,18.131,-8.8682,-1.9252,-80.858,-333.01,-388.28,-359.35,-125.72,-53.623
-20.97,-11.811,9.3206,17.394,-8.7778,-0.94268,-80.43,-332.6,-387.16,-358.92,-124.57,-53.064
-20.79,-10.543,10.183,16.585,-8.943,0.089315,-79.952,-331.98,-385.99,-358.49,-123.3,-52.333
-20.613,-9.1965,11.078,15.703,-9.3809,1.1632,-79.444,-331.16,-384.83,-358.13,-121.99,-51.409
-20.376,-7.7965,12.035,14.774,-10.042,2.2795,-78.883,-330.15,-383.69,-357.9,-120.76,-50.34
-20.051,-6.3632,13.113,13.839,-10.831,3.4634,-78.177,-328.9,-382.47,-357.75,-119.72,-49.241
-19.66,-4.8742,14.416,12.923,-11.646,4.7917,-77.137,-327.23,-380.94,-357.6,-118.95,-48.268
-19.259,-3.2141,16.114,12.0,-12.418,6.4304,-75.443,-324.77,-378.69,-357.25,-118.47,-47.564
-18.887,-1.12,18.457,10.943,-13.143,8.6855,-72.611,-320.82,-375.07,-356.41,-118.19,-47.195
-18.517,1.8711,21.756,9.518,-13.888,12.062,-67.983,-314.28,-369.11,-354.66,-117.95,-47.102
-18.044,6.4925,26.265,7.3731,-14.767,17.282,-60.927,-303.48,-359.38,-351.36,-117.45,-47.087
-17.345,13.8,31.856,3.9676,-15.861,25.055,-51.452,-286.41,-344.0,-345.39,-116.33,-46.827
-16.302,24.834,37.597,-1.6059,-17.162,35.181,-40.686,-261.64,-321.2,-334.61,-114.13,-45.911
-14.601,39.11,41.919,-10.427,-18.693,45.219,-29.794,-230.23,-290.94,-315.33,-110.15,-43.876
-11.228,52.708,44.099,-22.037,-20.634,51.306,-18.694,-196.93,-255.92,-282.82,-102.97,-40.103
-5.4383,60.615,45.66,-32.435,-23.17,52.657,-7.5633,-170.41,-220.31,-235.72,-88.95,-33.242
-0.80452,63.594,49.555,-37.782,-26.265,53.928,0.82728,-162.69,-190.74,-180.11,-61.654,-20.166
-0.58601,69.753,58.746,-40.94,-29.808,61.773,3.3212,-177.33,-177.46,-120.95,-28.54,-2.8222
-0.71029,88.26,75.719,-49.751,-33.929,80.714,14.157,-164.18,-176.73,-54.245,-23.396,-10.932
4.9306,123.45,102.69,-69.85,-39.316,112.69,72.794,17.786,-125.49,25.935,-38.925,-37.675
19.737,175.87,142.86,-102.14,-47.789,159.4,141.57,303.14,72.821,121.34,-26.799,-38.576
44.558,244.65,198.14,-145.83,-60.79,221.02,192.73,517.71,392.43,229.38,27.195,-15.207
78.644,325.24,261.55,-199.04,-72.31,291.83,223.72,670.67,674.01,345.65,116.26,32.325
119.84,409.49,319.23,-257.81,-75.029,362.1,223.74,722.45,857.76,469.58,236.48,107.12
165.52,491.05,364.33,-318.33,-70.819,425.56,182.77,627.25,917.35,615.93,387.57,209.87
213.66,570.02,398.14,-380.14,-63.612,482.58,95.283,356.29,812.65,816.91,572.27,340.01
262.91,651.45,423.3,-445.72,-57.435,537.35,-37.29,-93.166,523.29,1039.7,791.14,496.4
311.75,740.4,446.65,-517.12,-56.777,595.38,-205.49,-692.5,63.764,1186.4,1035.2,674.51
357.98,839.75,484.16,-593.72,-64.154,664.18,-394.34,-1383.8,-518.17,1247.1,1286.5,864.17
398.89,951.11,545.21,-673.43,-80.164,749.7,-587.24,-2089.8,-1154.9,1235.0,1523.8,1051.0
431.92,1070.4,626.08,-752.24,-104.1,849.13,-768.42,-2729.2,-1778.5,1159.1,1725.4,1219.6
454.82,1184.7,713.89,-822.46,-131.22,950.05,-924.07,-3241.4,-2337.3,1024.9,1869.8,1355.3
465.51,1274.5,790.62,-873.35,-155.58,1033.9,-1042.3,-3600.0,-2804.3,830.19,1936.8,1445.3
462.23,1319.4,836.89,-893.91,-172.01,1080.8,-1113.5,-3808.0,-3174.1,567.86,1908.9,1478.2
444.15,1302.6,836.22,-875.84,-174.75,1073.6,-1132.7,-3887.7,-3454.4,230.63,1773.8,1445.2
411.65,1215.9,780.95,-815.8,-161.4,1003.6,-1102.4,-3870.3,-3655.6,-182.38,1528.5,1341.9
366.05,1064.0,676.42,-716.86,-135.85,875.13,-1035.5,-3789.6,-3786.1,-658.94,1184.5,1171.2
309.49,865.28,539.47,-589.11,-104.29,705.88,-953.79,-3675.9,-3852.1,-1170.1,769.71,946.0
245.22,648.63,393.73,-448.43,-73.156,522.86,-880.36,-3550.0,-3857.2,-1672.4,326.83,689.57
177.95,445.89,264.19,-313.18,-49.811,355.13,-830.59,-3420.1,-3801.8,-2113.7,-93.795,431.6
113.33,282.84,170.32,-199.11,-40.425,225.51,-805.04,-3284.1,-3684.5,-2444.3,-445.8,200.33
56.39,171.68,119.37,-114.83,-46.176,143.76,-789.71,-3137.4,-3507.3,-2628.7,-698.18,15.035
10.149,108.86,104.75,-60.123,-62.496,104.79,-768.42,-2976.4,-3278.6,-2655.5,-841.0,-117.09
-24.586,80.367,111.39,-28.467,-81.939,94.003,-734.18,-2794.8,-3010.7,-2540.3,-883.63,-198.93
-48.517,70.194,124.26,-11.503,-98.295,95.727,-685.88,-2585.5,-2716.2,-2318.5,-848.7,-239.54
-62.962,65.367,132.55,-2.0154,-106.87,97.897,-624.82,-2345.2,-2407.1,-2035.0,-764.98,-250.62
-68.897,57.403,129.44,4.0713,-103.78,92.577,-556.5,-2079.4,-2096.8,-1733.6,-658.51,-243.7
-64.785,43.17,107.4,5.6513,-90.686,73.857,-489.38,-1804.3,-1800.7,-1451.2,-530.67,-223.54
-50.748,16.995,68.265,11.745,-75.721,40.867,-428.74,-1541.4,-1533.6,-1220.6,-407.21,-165.61
-44.708,-10.903,39.129,25.536,-62.08,11.529,-374.42,-1308.7,-1306.1,-1058.6,-355.06,-129.81
-47.715,-32.74,18.716,40.206,-48.21,-9.4912,-324.19,-1115.5,-1122.5,-949.81,-338.68,-136.83
-51.334,-52.214,0.2556,54.438,-32.903,-27.381,-276.89,-961.69,-979.01,-869.48,-328.75,-144.56
-53.597,-71.707,-19.522,67.396,-16.796,-45.657,-232.68,-840.18,-866.24,-801.1,-317.31,-148.07
-54.836,-91.71,-41.29,78.759,-2.1143,-65.287,-191.85,-740.31,-771.45,-735.97,-302.41,-148.7
-55.509,-112.2,-64.022,88.846,9.2864,-86.112,-154.65,-650.62,-680.31,-667.83,-284.83,-147.62
-55.873,-133.11,-86.106,98.103,17.192,-107.76,-121.84,-560.39,-580.89,-593.15,-267.24,-145.68
-56.05,-154.12,-106.52,106.79,22.294,-129.7,-95.163,-472.59,-488.13,-523.51,-252.08,-143.53
-56.112,-174.44,-125.19,114.92,25.562,-151.04,-78.282,-409.62,-430.67,-473.2,-240.41,-141.65
-56.122,-192.81,-142.07,122.38,28.591,-170.28,-72.042,-374.84,-402.64,-441.48,-232.01,-140.32
-56.127,-208.03,-155.99,128.94,32.525,-185.68,-70.821,-355.55,-388.17,-421.59,-226.07,-139.6
-56.145,-219.56,-165.5,134.43,36.239,-196.37,-70.089,-342.92,-379.22,-408.32,-221.64,-139.36
-56.178,-227.62,-170.88,138.79,38.736,-202.94,-68.518,-333.05,-372.73,-398.65,-217.91,-139.41
-56.232,-232.91,-173.64,142.06,40.274,-206.65,-65.983,-324.31,-367.5,-390.96,-214.29,-139.53
-56.334,-236.18,-175.03,144.4,41.319,-208.63,-62.603,-315.97,-362.88,-384.41,-210.55,-139.56
-56.507,-238.08,-175.68,145.98,42.154,-209.58,-58.56,-307.7,-358.42,-378.55,-206.67,-139.42
-56.736,-239.08,-175.88,147.02,42.915,-209.9,-54.06,-299.36,-353.7,-373.14,-202.78,-139.12
-56.95,-239.51,-175.73,147.66,43.66,-209.82,-49.32,-290.85,-348.35,-368.0,-199.03,-138.67
-57.043,-239.59,-175.31,148.03,44.409,-209.47,-44.51,-282.1,-342.04,-362.93,-195.47,-138.14
-56.932,-239.46,-174.65,148.2,45.148,-208.96,-39.738,-272.97,-334.45,-357.71,-192.03,-137.53
-56.603,-239.22,-173.81,148.21,45.822,-208.37,-35.038,-263.23,-325.2,-352.09,-188.55,-136.81
-56.133,-238.89,-172.87,148.09,46.314,-207.73,-30.366,-252.49,-313.83,-345.79,-184.8,-135.92
-55.649,-238.45,-171.86,147.84,46.465,-207.05,-25.585,-240.21,-299.74,-338.47,-180.6,-134.74
-55.271,-237.82,-170.74,147.43,46.122,-206.28,-20.468,-225.65,-282.16,-329.69,-175.83,-133.14
-55.053,-236.92,-169.44,146.81,45.21,-205.35,-14.73,-207.86,-260.12,-318.84,-170.45,-130.95
-54.956,-235.61,-167.85,145.91,43.763,-204.11,-8.089,-185.75,-232.44,-305.12,-164.51,-128.07
-54.853,-233.73,-165.89,144.61,41.934,-202.46,-0.38466,-158.13,-197.42,-287.45,-158.07,-124.4
-54.556,-231.12,-163.51,142.77,39.955,-200.26,8.3772,-123.88,-152.5,-264.43,-151.17,-119.92
-53.863,-227.59,-160.72,140.21,38.084,-197.43,18.036,-82.184,-94.017,-234.43,-143.76,-114.66
-52.615,-222.93,-157.6,136.73,36.553,-193.9,28.343,-32.663,-17.921,-195.83,-135.75,-108.7
-50.753,-216.96,-154.29,132.16,35.506,-189.64,39.025,24.719,77.935,-147.68,-126.98,-102.1
-48.341,-209.47,-150.81,126.36,34.97,-184.55,49.797,89.769,191.23,-90.439,-117.14,-94.961
-45.529,-200.2,-147.02,119.32,34.856,-178.38,60.364,162.06,314.99,-25.827,-105.71,-87.324
-42.452,-188.83,-142.48,111.08,34.994,-170.66,70.426,240.74,441.38,44.46,-91.728,-79.231
-39.141,-175.04,-136.53,101.74,35.188,-160.71,79.726,324.31,565.49,119.94,-73.709,-70.69
-35.501,-158.65,-128.43,91.375,35.277,-147.9,88.1,410.85,685.96,201.2,-49.766,-61.661
-31.372,-139.9,-117.75,80.115,35.19,-132.18,95.5,498.45,803.04,289.11,-18.247,-51.986
-26.639,-119.64,-104.87,68.22,34.978,-114.36,101.97,585.67,916.73,384.11,21.319,-41.319
-21.282,-99.113,-90.97,56.113,34.772,-95.94,107.65,671.61,1026.2,486.0,67.844,-29.086
-15.335,-79.414,-77.313,44.237,34.688,-78.257,112.69,755.72,1129.7,593.8,119.35,-14.544
-8.7477,-61.122,-64.522,32.865,34.739,-61.926,117.26,837.68,1225.7,705.54,173.82,3.0601
-1.2722,-44.305,-52.598,22.006,34.825,-46.985,121.48,917.18,1312.3,818.27,229.64,24.271
7.4732,-28.769,-41.361,11.463,34.805,-33.306,125.39,993.65,1388.2,928.53,285.7,49.235
17.78,-14.239,-30.792,0.92872,34.574,-20.82,128.98,1066.1,1452.6,1033.1,341.21,77.556
29.626,-0.39489,-21.077,-9.9355,34.108,-9.4891,132.12,1133.2,1505.3,1129.7,395.35,108.21
42.61,13.149,-12.443,-21.451,33.474,0.82136,134.73,1193.2,1547.0,1216.9,446.85,139.56
56.029,26.821,-4.975,-33.847,32.797,10.417,136.75,1245.3,1579.0,1294.0,494.02,169.66
69.05,40.971,1.4554,-47.129,32.221,19.707,138.21,1289.2,1602.8,1360.6,535.34,196.77
80.953,55.705,7.1189,-60.985,31.867,29.05,139.18,1325.4,1620.3,1416.7,569.99,219.94
91.32,70.816,12.306,-74.832,31.795,38.628,139.78,1355.2,1633.0,1462.2,598.04,239.08
100.05,85.898,17.247,-88.022,31.968,48.427,140.11,1379.9,1642.2,1497.3,620.14,254.66
107.25,100.51,22.093,-100.04,32.246,58.319,140.27,1400.2,1648.9,1522.5,637.07,267.38
113.09,114.29,26.929,-110.59,32.398,68.12,140.31,1416.8,1653.8,1538.8,649.52,277.77
117.72,126.89,31.777,-119.59,32.188,77.585,140.25,1429.7,1657.1,1547.4,658.12,286.18
121.29,138.03,36.562,-127.04,31.475,86.387,140.06,1438.5,1658.6,1549.4,663.51,292.74
123.88,147.46,41.122,-133.01,30.277,94.176,139.72,1442.7,1658.0,1545.1,666.29,297.5
125.54,155.1,45.269,-137.62,28.713,100.72,139.17,1441.6,1654.4,1534.7,666.97,300.54
126.34,161.04,48.892,-141.02,26.901,105.99,138.41,1434.8,1646.5,1517.4,665.87,302.01
126.37,165.51,51.993,-143.41,24.906,110.12,137.41,1421.5,1632.9,1492.2,662.98,302.1
125.8,168.79,54.654,-144.96,22.768,113.34,136.16,1401.3,1612.0,1458.2,658.03,300.98
124.84,171.11,56.988,-145.85,20.513,115.84,134.61,1373.4,1582.3,1414.9,650.56,298.76
123.65,172.65,59.104,-146.18,18.148,117.79,132.65,1337.0,1542.0,1362.5,640.05,295.46
122.32,173.52,61.075,-146.01,15.631,119.28,130.13,1291.5,1490.0,1301.5,626.22,291.07
120.83,173.72,62.919,-145.34,12.88,120.33,126.84,1237.0,1425.8,1232.8,609.09,285.54
119.04,173.21,64.594,-144.08,9.8365,120.92,122.49,1173.9,1350.0,1157.2,588.98,278.82
116.71,171.86,66.016,-142.1,6.5714,120.94,116.8,1103.1,1264.4,1075.7,566.16,270.87
113.55,169.56,67.093,-139.26,3.3333,120.34,109.5,1026.2,1171.4,989.28,540.73,261.66
109.32,166.2,67.747,-135.45,0.44754,119.03,100.47,944.32,1073.8,899.68,512.55,251.12
103.86,161.77,67.932,-130.62,-1.8723,117.01,89.803,858.74,973.49,808.71,481.49,239.16
97.227,156.3,67.63,-124.81,-3.6152,114.28,77.767,770.54,872.08,718.19,447.57,225.58
89.61,149.83,66.846,-118.1,-4.9168,110.87,64.741,680.83,770.48,629.48,411.12,210.17
81.313,142.44,65.599,-110.62,-5.9636,106.78,51.082,590.84,669.4,543.35,372.75,192.79
72.576,134.16,63.916,-102.47,-6.9299,102.01,37.057,501.76,569.58,459.9,333.19,173.53
63.491,125.04,61.836,-93.696,-7.9376,96.583,22.873,414.56,471.84,378.82,292.98,152.85
54.056,115.09,59.41,-84.318,-9.0296,90.509,8.7738,329.77,376.96,299.66,252.33,131.49
44.315,104.36,56.693,-74.367,-10.168,83.843,-4.877,247.55,285.45,222.01,211.21,110.31
34.478,92.992,53.742,-63.968,-11.259,76.672,-17.612,168.04,197.52,145.78,169.64,90.063
24.951,81.21,50.616,-53.381,-12.187,69.137,-28.989,91.863,113.34,71.542,128.19,71.259
16.255,69.368,47.378,-42.993,-12.847,61.431,-38.742,20.469,33.519,0.85168,88.378,54.216
8.8316,57.899,44.1,-33.238,-13.173,53.795,-46.841,-44.146,-40.554,-64.008,52.267,39.11
2.8524,47.208,40.856,-24.475,-13.157,46.477,-53.424,-100.17,-106.94,-120.94,21.562,26.009
-1.8043,37.587,37.702,-16.894,-12.85,39.674,-58.703,-146.74,-163.89,-168.9,-3.2485,14.851
-5.424,29.182,34.662,-10.525,-12.353,33.507,-62.874,-184.17,-210.62,-208.03,-22.862,5.459
-8.3131,22.013,31.732,-5.2888,-11.797,28.025,-66.099,-213.6,-247.6,-239.24,-38.544,-2.4199
-10.712,16.012,28.899,-1.0577,-11.313,23.223,-68.522,-236.5,-276.16,-263.7,-51.512,-9.0574
-12.76,11.052,26.16,2.3252,-10.997,19.059,-70.285,-254.32,-298.03,-282.64,-62.608,-14.707
-14.502,6.9627,23.523,5.0247,-10.876,15.46,-71.535,-268.25,-314.8,-297.2,-72.269,-19.582
-15.927,3.5492,20.997,7.1999,-10.905,12.327,-72.412,-279.24,-327.8,-308.36,-80.671,-23.854
-17.009,0.62796,18.59,8.9879,-10.975,9.5557,-73.034,-287.99,-338.06,-316.98,-87.892,-27.646
-17.739,-1.9464,16.305,10.494,-10.949,7.0602,-73.485,-295.04,-346.32,-323.7,-94.021,-31.029
-18.141,-4.266,14.16,11.796,-10.709,4.7925,-73.822,-300.79,-353.07,-329.02,-99.181,-34.034
-18.281,-6.3728,12.193,12.947,-10.193,2.7444,-74.081,-305.54,-358.69,-333.3,-103.51,-36.659
-18.253,-8.2763,10.453,13.993,-9.4191,0.93298,-74.284,-309.54,-363.4,-336.85,-107.13,-38.899
-18.156,-9.9756,8.9768,14.97,-8.4741,-0.62363,-74.448,-312.95,-367.39,-339.87,-110.16,-40.762
-18.069,-11.475,7.7699,15.901,-7.4743,-1.9272,-74.595,-315.88,-370.78,-342.5,-112.7,-42.278
-18.034,-12.789,6.7941,16.787,-6.5163,-3.0069,-74.758,-318.42,-373.67,-344.82,-114.82,-43.501
-18.052,-13.933,5.9791,17.603,-5.6515,-3.9108,-74.976,-320.64,-376.12,-346.86,-116.6,-44.502
-18.084,-14.914,5.2471,18.302,-4.8901,-4.6882,-75.275,-322.57,-378.21,-348.63,-118.12,-45.343
-18.062,-15.726,4.5378,18.826,-4.2196,-5.3742,-75.659,-324.25,-379.97,-350.13,-119.43,-46.076
-17.926,-16.352,3.8198,19.127,-3.6256,-5.9835,-76.11,-325.71,-381.46,-351.35,-120.58,-46.726
-17.652,-16.787,3.0959,19.19,-3.1039,-6.5161,-76.604,-326.97,-382.72,-352.34,-121.58,-47.305
-17.281,-17.052,2.3956,19.058,-2.6697,-6.9701,-77.127,-328.07,-383.8,-353.15,-122.43,-47.816
-16.914,-17.202,1.7675,18.835,-2.3669,-7.344,-77.673,-329.03,-384.73,-353.89,-123.14,-48.249
-16.678,-17.318,1.268,18.653,-2.269,-7.6422,-78.245,-329.85,-385.53,-354.67,-123.69,-48.588
-16.671,-17.467,0.94759,18.619,-2.4408,-7.8693,-78.834,-330.53,-386.21,-355.55,-124.1,-48.813
-16.91,-17.657,0.82983,18.756,-2.8693,-8.0195,-79.413,-331.11,-386.76,-356.54,-124.4,-48.899
-17.304,-17.817,0.90971,18.978,-3.4368,-8.0622,-79.945,-331.57,-387.13,-357.55,-124.64,-48.825
-17.698,-17.82,1.1681,19.129,-3.9844,-7.9481,-80.386,-331.95,-387.3,-358.49,-124.84,-48.579
-17.944,-17.534,1.5945,19.058,-4.4098,-7.6207,-80.698,-332.23,-387.22,-359.22,-125.0,-48.173
-17.985,-16.893,2.199,18.699,-4.7152,-7.0399,-80.857,-332.4,-386.89,-359.66,-125.07,-47.641
-17.872,-15.925,3.0021,18.096,-4.9845,-6.204,-80.856,-332.43,-386.32,-359.81,-124.96,-47.04
-17.724,-14.74,4.0067,17.372,-5.3196,-5.1589,-80.71,-332.29,-385.54,-359.73,-124.59,-46.432
-17.65,-13.478,5.1738,16.658,-5.7765,-3.9889,-80.45,-331.97,-384.64,-359.53,-123.9,-45.87
-17.684,-12.247,6.426,16.026,-6.342,-2.7854,-80.109,-331.48,-383.69,-359.34,-122.91,-45.39
-17.769,-11.073,7.6884,15.459,-6.9609,-1.6011,-79.691,-330.83,-382.75,-359.25,-121.7,-45.005
-17.792,-9.8814,8.9466,14.864,-7.5847,-0.41123,-79.141,-330.02,-381.79,-359.26,-120.45,-44.714
-17.66,-8.5222,10.289,14.122,-8.2044,0.90045,-78.323,-328.92,-380.67,-359.3,-119.33,-44.512
-17.365,-6.8097,11.916,13.143,-8.8581,2.532,-77.001,-327.3,-379.1,-359.2,-118.5,-44.408
-16.985,-4.5425,14.127,11.877,-9.625,4.7568,-74.824,-324.7,-376.61,-358.71,-117.95,-44.413
-16.637,-1.4743,17.285,10.283,-10.623,7.9464,-71.286,-320.38,-372.5,-357.49,-117.58,-44.519
-16.401,2.7675,21.755,8.2743,-12.055,12.623,-65.764,-313.14,-365.68,-355.05,-117.1,-44.651
-16.269,8.8006,27.659,5.6372,-14.304,19.451,-57.796,-301.31,-354.6,-350.61,-116.14,-44.643
-16.122,17.541,34.248,1.9299,-17.725,28.846,-47.689,-282.94,-337.28,-342.71,-114.28,-44.226
-15.763,29.766,39.26,-3.6549,-21.686,39.707,-36.641,-256.98,-312.09,-328.56,-111.01,-43.056
-14.962,44.496,40.791,-12.18,-25.039,48.176,-25.45,-225.08,-279.56,-303.6,-105.4,-40.719
-13.341,57.196,42.078,-23.71,-28.363,50.713,-13.883,-192.62,-242.8,-263.47,-95.098,-36.57
-9.8672,62.969,48.622,-34.819,-33.327,50.933,-2.5181,-168.89,-206.09,-210.3,-74.579,-29.038
-3.6723,64.964,62.15,-40.209,-41.212,57.465,5.4752,-165.75,-177.23,-152.29,-39.531,-14.993
0.33451,74.637,82.535,-41.75,-52.155,74.764,7.4802,-181.57,-167.16,-90.241,-10.926,-1.0158
-1.3728,100.29,110.42,-50.029,-65.667,103.27,20.428,-149.06,-165.29,-17.262,-17.113,-17.293
-0.98795,143.06,147.97,-71.697,-81.849,144.04,81.166,72.474,-91.881,71.479,-32.125,-40.164
7.5637,202.51,197.37,-106.09,-100.83,198.71,147.81,349.42,137.32,175.65,-9.4785,-35.852
25.334,277.01,256.23,-151.61,-120.12,265.5,196.81,553.02,453.93,290.94,56.129,-8.233
52.511,360.51,314.91,-205.99,-133.61,336.84,225.14,690.18,715.09,411.98,155.73,44.352
88.694,444.37,363.99,-265.15,-137.16,403.68,221.95,716.14,879.21,538.49,284.5,124.46
132.5,523.62,401.74,-325.67,-131.39,462.41,177.01,587.81,912.7,687.17,442.13,231.84
182.1,600.21,430.27,-387.71,-118.04,515.39,84.801,281.33,776.04,887.81,631.54,365.46
235.62,679.81,452.74,-453.95,-100.1,567.37,-52.148,-199.95,454.39,1091.8,852.52,523.86
290.69,767.45,478.75,-526.12,-85.497,624.72,-222.79,-821.57,-31.158,1215.9,1095.2,702.12
343.68,866.46,521.48,-603.21,-83.272,695.19,-411.53,-1521.6,-627.66,1260.2,1341.3,889.9
390.47,977.76,586.06,-682.83,-95.889,782.51,-602.21,-2221.0,-1265.8,1234.8,1569.9,1073.1
427.99,1095.7,667.33,-760.78,-119.34,881.72,-779.81,-2840.6,-1879.7,1147.9,1759.8,1236.9
454.25,1206.2,751.75,-829.38,-146.9,979.26,-931.12,-3325.6,-2422.6,1003.0,1889.7,1367.4
467.54,1289.6,821.0,-877.94,-172.19,1056.0,-1044.5,-3655.9,-2872.0,796.28,1939.7,1451.7
466.11,1324.9,856.19,-895.08,-188.29,1092.0,-1110.6,-3838.5,-3225.7,519.94,1892.6,1478.5
448.62,1296.0,842.78,-872.04,-187.92,1071.5,-1124.6,-3898.0,-3492.3,167.49,1737.9,1439.0
414.87,1197.0,775.46,-805.87,-169.01,988.69,-1090.1,-3866.6,-3681.7,-259.71,1475.4,1329.7
366.4,1035.4,661.16,-701.22,-136.74,850.6,-1021.2,-3777.8,-3801.5,-746.42,1119.9,1154.6
306.58,832.26,518.36,-570.18,-99.94,676.94,-939.87,-3660.8,-3857.6,-1261.0,701.26,927.74
240.21,617.49,372.26,-429.85,-67.573,495.47,-868.96,-3533.9,-3852.8,-1757.8,262.39,672.62
172.74,421.63,247.46,-298.1,-46.747,334.06,-822.41,-3403.0,-3787.3,-2184.1,-148.18,417.92
109.33,267.4,160.67,-188.94,-41.472,212.65,-798.93,-3265.0,-3660.3,-2491.0,-486.47,190.55
54.11,163.81,115.87,-109.08,-50.421,137.89,-782.86,-3116.0,-3474.8,-2646.1,-723.67,8.7746
9.554,105.75,104.67,-57.349,-66.649,103.12,-758.43,-2951.8,-3240.4,-2643.4,-851.84,-120.66
-23.704,79.474,112.18,-27.325,-82.63,94.043,-720.24,-2765.6,-2969.0,-2502.9,-882.31,-200.69
-46.368,69.982,124.47,-11.114,-93.477,96.015,-668.41,-2550.6,-2672.6,-2263.1,-839.0,-240.16
-59.635,64.929,131.46,-1.8572,-93.18,97.588,-605.62,-2304.5,-2363.5,-1969.9,-750.93,-250.55
-63.965,56.041,126.4,4.26,-76.629,90.999,-538.17,-2034.9,-2055.3,-1666.4,-641.34,-243.29
-57.09,39.127,99.504,6.9437,-56.974,69.589,-473.41,-1759.1,-1763.2,-1389.1,-504.51,-222.92
-42.925,9.1989,57.192,15.427,-44.768,33.041,-414.89,-1498.9,-1501.5,-1171.5,-389.22,-168.09
-39.543,-20.488,28.676,30.606,-36.909,2.1624,-361.8,-1271.3,-1279.9,-1023.6,-347.94,-135.62
-43.798,-43.933,8.8765,46.197,-29.545,-19.829,-312.26,-1084.4,-1101.8,-923.76,-334.78,-141.88
-48.259,-64.898,-9.2698,60.765,-20.689,-38.75,-265.65,-936.5,-962.86,-847.76,-325.45,-148.91
-51.385,-85.381,-28.744,73.639,-10.351,-57.826,-222.29,-819.42,-853.15,-780.93,-313.94,-152.31
-53.452,-105.85,-49.858,84.815,-0.25758,-77.908,-182.44,-722.06,-759.78,-715.48,-299.02,-153.32
-54.838,-126.38,-71.482,94.746,7.9432,-98.853,-146.49,-632.79,-668.32,-644.76,-281.84,-152.95
-55.787,-146.81,-92.315,103.85,13.924,-120.13,-115.29,-542.05,-568.82,-568.65,-264.94,-151.88
-56.454,-166.57,-111.65,112.31,18.4,-140.93,-90.738,-458.05,-480.66,-503.26,-250.49,-150.56
-56.933,-184.74,-129.18,120.08,22.556,-160.07,-76.081,-402.04,-428.41,-458.99,-239.32,-149.32
-57.259,-200.38,-144.26,126.98,27.125,-176.24,-70.739,-371.74,-402.78,-431.57,-231.21,-148.32
-57.437,-212.88,-155.85,132.85,31.731,-188.49,-69.226,-354.44,-389.02,-414.15,-225.43,-147.59
-57.49,-222.14,-163.53,137.59,35.659,-196.79,-67.835,-342.62,-380.08,-402.23,-221.17,-147.06
-57.48,-228.54,-167.98,141.2,38.602,-201.89,-65.552,-333.03,-373.34,-393.3,-217.77,-146.57
-57.485,-232.66,-170.29,143.78,40.585,-204.73,-62.329,-324.29,-367.77,-386.04,-214.75,-145.96
-57.549,-235.08,-171.31,145.48,41.748,-206.12,-58.339,-315.81,-362.83,-379.78,-211.88,-145.14
-57.653,-236.32,-171.55,146.46,42.258,-206.62,-53.814,-307.36,-358.13,-374.16,-209.04,-144.06
-57.729,-236.78,-171.3,146.9,42.302,-206.6,-49.004,-298.82,-353.29,-368.96,-206.15,-142.79
-57.701,-236.79,-170.72,146.97,42.077,-206.29,-44.128,-290.14,-347.91,-363.98,-203.12,-141.44
-57.535,-236.59,-169.92,146.83,41.769,-205.86,-39.319,-281.24,-341.62,-359.03,-199.82,-140.12
-57.268,-236.33,-169.0,146.63,41.521,-205.39,-34.595,-271.93,-334.02,-353.83,-196.16,-138.9
-56.984,-236.1,-168.04,146.47,41.399,-204.94,-29.868,-261.92,-324.66,-348.09,-192.07,-137.76
-56.76,-235.87,-167.09,146.36,41.378,-204.48,-24.98,-250.75,-313.01,-341.46,-187.53,-136.58
-56.621,-235.54,-166.15,146.23,41.351,-203.96,-19.737,-237.79,-298.41,-333.51,-182.54,-135.13
-56.545,-234.95,-165.19,145.96,41.178,-203.28,-13.95,-222.2,-280.08,-323.71,-177.14,-133.16
-56.487,-233.96,-164.12,145.43,40.738,-202.33,-7.4783,-203.01,-257.11,-311.39,-171.35,-130.44
-56.393,-232.43,-162.81,144.52,39.986,-201.0,-0.2547,-179.14,-228.33,-295.7,-165.18,-126.8
-56.19,-230.25,-161.14,143.12,38.96,-199.2,7.7139,-149.5,-192.14,-275.57,-158.62,-122.22
-55.776,-227.32,-158.99,141.15,37.767,-196.82,16.38,-113.13,-146.01,-249.72,-151.62,-116.75
-55.023,-223.5,-156.31,138.51,36.555,-193.78,25.661,-69.265,-86.268,-216.66,-144.1,-110.55
-53.796,-218.63,-153.11,135.06,35.484,-189.98,35.441,-17.492,-8.9717,-174.93,-135.92,-103.8
-51.98,-212.45,-149.41,130.6,34.69,-185.3,45.564,42.309,87.824,-123.86,-126.88,-96.636
-49.513,-204.64,-145.2,124.9,34.249,-179.55,55.805,109.93,201.49,-64.118,-116.67,-89.167
-46.405,-194.8,-140.39,117.78,34.158,-172.42,65.869,184.68,325.06,2.4538,-104.73,-81.444
-42.73,-182.64,-134.77,109.15,34.341,-163.58,75.43,265.28,450.77,74.319,-90.201,-73.485
-38.574,-168.0,-128.06,99.105,34.693,-152.7,84.216,349.87,573.95,151.26,-71.855,-65.265
-33.969,-151.09,-120.05,87.932,35.128,-139.65,92.097,436.45,693.42,234.04,-48.212,-56.69
-28.858,-132.43,-110.65,76.02,35.6,-124.65,99.102,523.38,809.49,323.51,-17.869,-47.545
-23.099,-112.84,-100.03,63.801,36.094,-108.29,105.37,609.58,922.28,420.02,19.989,-37.463
-16.503,-93.212,-88.506,51.65,36.595,-91.384,111.07,694.44,1031.0,523.29,65.112,-25.937
-8.8769,-74.276,-76.531,39.8,37.097,-74.744,116.29,777.59,1134.2,632.12,116.14,-12.405
-0.033635,-56.471,-64.562,28.325,37.616,-58.968,121.06,858.68,1229.9,744.26,171.12,3.6167
10.217,-39.96,-52.989,17.173,38.188,-44.407,125.31,937.25,1316.3,856.4,228.08,22.433
21.99,-24.713,-42.093,6.193,38.831,-31.224,128.95,1012.6,1391.8,964.88,285.38,44.136
35.13,-10.534,-32.069,-4.8599,39.524,-19.446,131.97,1083.4,1455.5,1066.5,341.61,68.595
49.056,2.9325,-23.046,-16.303,40.202,-8.9424,134.38,1148.4,1507.4,1159.3,395.44,95.369
62.858,16.173,-15.078,-28.436,40.79,0.59452,136.25,1206.1,1548.1,1242.2,445.66,123.55
75.659,29.684,-8.1102,-41.404,41.224,9.5997,137.69,1255.8,1579.2,1314.8,491.21,151.74
86.958,43.808,-1.9862,-55.091,41.469,18.516,138.8,1297.4,1602.5,1377.2,531.33,178.32
96.669,58.615,3.5186,-69.117,41.515,27.659,139.65,1331.9,1619.5,1429.5,565.6,201.99
104.92,73.878,8.6277,-82.924,41.378,37.153,140.28,1360.2,1631.9,1471.8,593.93,222.18
111.81,89.152,13.518,-95.912,41.076,46.94,140.72,1383.6,1640.8,1504.3,616.55,238.92
117.4,103.9,18.305,-107.55,40.615,56.834,140.99,1402.9,1647.2,1527.3,633.89,252.65
121.67,117.59,23.063,-117.48,39.965,66.587,141.09,1418.6,1651.5,1541.9,646.53,263.85
124.69,129.8,27.84,-125.54,39.055,75.929,141.03,1430.7,1654.1,1549.2,655.07,272.94
126.57,140.28,32.665,-131.81,37.78,84.608,140.79,1438.9,1654.7,1550.0,660.12,280.19
127.5,148.97,37.531,-136.49,36.021,92.419,140.39,1442.4,1652.7,1544.8,662.19,285.79
127.64,155.96,42.366,-139.86,33.686,99.227,139.84,1440.8,1647.1,1533.3,661.72,289.87
127.18,161.41,47.039,-142.17,30.748,104.98,139.1,1433.2,1636.4,1514.6,658.97,292.57
126.26,165.51,51.392,-143.62,27.287,109.68,138.14,1419.0,1619.0,1487.6,654.03,294.01
124.97,168.42,55.29,-144.35,23.496,113.4,136.89,1397.4,1593.1,1451.4,646.78,294.27
123.36,170.3,58.662,-144.44,19.61,116.21,135.24,1367.6,1557.1,1405.6,636.99,293.35
121.4,171.22,61.502,-143.92,15.795,118.21,133.11,1328.7,1509.5,1350.5,624.35,291.13
119.09,171.26,63.862,-142.81,12.104,119.46,130.35,1280.4,1449.5,1286.9,608.61,287.46
116.44,170.51,65.813,-141.13,8.5225,120.08,126.78,1222.9,1377.4,1215.8,589.64,282.14
113.48,169.05,67.4,-138.92,5.0688,120.14,122.16,1157.0,1294.6,1138.3,567.5,275.05
110.16,166.96,68.618,-136.21,1.8503,119.68,116.23,1084.3,1203.7,1055.3,542.34,266.22
106.39,164.22,69.428,-132.97,-0.97811,118.71,108.77,1006.2,1107.3,968.06,514.39,255.76
101.98,160.81,69.796,-129.14,-3.3057,117.23,99.664,924.05,1007.8,878.08,483.85,243.78
96.716,156.61,69.717,-124.57,-5.1181,115.2,88.958,838.64,906.87,787.04,450.9,230.3
90.392,151.5,69.215,-119.1,-6.4782,112.58,76.835,750.71,805.53,696.58,415.76,215.2
82.936,145.38,68.328,-112.65,-7.4811,109.34,63.571,661.1,704.43,607.95,378.73,198.3
74.481,138.23,67.1,-105.21,-8.2257,105.46,49.483,570.87,604.18,521.78,340.21,179.45
65.356,130.12,65.571,-96.925,-8.8048,100.95,34.924,481.26,505.5,438.17,300.68,158.78
55.99,121.19,63.77,-88.041,-9.3012,95.859,20.312,393.38,409.16,356.86,260.58,136.73
46.783,111.66,61.707,-78.828,-9.7831,90.254,6.1361,307.97,315.83,277.48,220.33,114.15
38.022,101.67,59.369,-69.503,-10.296,84.175,-7.1139,225.4,225.85,199.71,180.25,92.015
29.855,91.322,56.725,-60.192,-10.854,77.636,-19.067,146.01,139.44,123.6,140.71,71.206
22.338,80.692,53.751,-50.986,-11.435,70.657,-29.536,70.626,57.1,49.953,102.35,52.301
15.524,69.961,50.468,-42.045,-11.99,63.34,-38.499,0.84039,-19.989,-19.424,66.202,35.622
9.5272,59.491,46.965,-33.661,-12.45,55.929,-46.034,-61.362,-89.925,-82.142,33.558,21.312
4.4778,49.762,43.38,-26.18,-12.749,48.772,-52.263,-114.41,-150.72,-136.3,5.5186,9.3651
0.4367,41.181,39.846,-19.855,-12.838,42.204,-57.317,-157.82,-201.16,-181.22,-17.504,-0.39357
-2.646,33.929,36.438,-14.744,-12.696,36.407,-61.334,-192.3,-241.32,-217.44,-35.873,-8.2685
-4.9064,27.93,33.167,-10.717,-12.326,31.38,-64.46,-219.25,-272.38,-246.11,-50.443,-14.628
-6.5172,22.94,30.006,-7.5393,-11.736,26.992,-66.864,-240.26,-296.11,-268.56,-62.192,-19.835
-7.6423,18.661,26.924,-4.9547,-10.919,23.071,-68.722,-256.76,-314.26,-286.02,-71.96,-24.21
-8.4073,14.845,23.908,-2.7527,-9.8546,19.467,-70.196,-269.89,-328.33,-299.59,-80.352,-27.998
-8.8911,11.33,20.971,-0.79704,-8.5302,16.094,-71.411,-280.48,-339.41,-310.17,-87.735,-31.372
-9.142,8.053,18.149,0.97769,-6.9811,12.933,-72.439,-289.11,-348.3,-318.49,-94.301,-34.429
-9.1981,5.0184,15.497,2.5898,-5.3033,10.015,-73.314,-296.22,-355.54,-325.07,-100.13,-37.213
-9.091,2.2532,13.066,4.0393,-3.6125,7.3778,-74.045,-302.12,-361.5,-330.32,-105.25,-39.731
-8.8342,-0.22805,10.877,5.3283,-1.9713,5.0397,-74.64,-307.02,-366.43,-334.56,-109.66,-41.971
-8.4378,-2.4404,8.9201,6.4725,-0.36996,2.9836,-75.12,-311.13,-370.55,-338.06,-113.38,-43.91
-7.9528,-4.4206,7.167,7.5025,1.2027,1.1726,-75.514,-314.55,-374.0,-341.0,-116.43,-45.521
-7.4943,-6.2049,5.6036,8.4556,2.6765,-0.42612,-75.852,-317.4,-376.89,-343.53,-118.83,-46.782
-7.212,-7.8038,4.2454,9.3585,3.8894,-1.8206,-76.157,-319.74,-379.31,-345.71,-120.65,-47.694
-7.2271,-9.1907,3.1287,10.21,4.6566,-2.9906,-76.438,-321.67,-381.29,-347.58,-122.03,-48.291
-7.5779,-10.314,2.285,10.977,4.8698,-3.9042,-76.705,-323.26,-382.89,-349.14,-123.13,-48.637
-8.2045,-11.134,1.7171,11.615,4.5569,-4.5444,-76.971,-324.6,-384.17,-350.4,-124.11,-48.811
-8.9834,-11.653,1.3926,12.097,3.8604,-4.9306,-77.261,-325.77,-385.19,-351.41,-125.12,-48.89
-9.7934,-11.943,1.2595,12.451,2.9546,-5.1208,-77.603,-326.83,-386.04,-352.23,-126.18,-48.93
-10.572,-12.132,1.2672,12.764,1.9632,-5.1976,-78.017,-327.79,-386.76,-352.98,-127.26,-48.967
-11.337,-12.366,1.3907,13.163,0.92262,-5.2457,-78.509,-328.67,-387.4,-353.76,-128.26,-49.0
-12.16,-12.76,1.6362,13.761,-0.19738,-5.318,-79.058,-329.46,-387.99,-354.68,-129.01,-49.016
-13.105,-13.355,2.0318,14.619,-1.4331,-5.4213,-79.625,-330.12,-388.49,-355.76,-129.38,-48.996
-14.182,-14.105,2.6058,15.713,-2.7665,-5.5194,-80.163,-330.68,-388.86,-356.94,-129.3,-48.936
-15.364,-14.903,3.367,16.951,-4.1144,-5.5558,-80.638,-331.13,-389.08,-358.12,-128.8,-48.851
-16.619,-15.632,4.2914,18.216,-5.3768,-5.4781,-81.034,-331.51,-389.11,-359.15,-127.97,-48.78
-17.925,-16.208,5.3277,19.405,-6.4931,-5.2645,-81.352,-331.82,-388.93,-359.91,-126.98,-48.75
-19.262,-16.602,6.4068,20.458,-7.4558,-4.9287,-81.603,-332.07,-388.57,-360.32,-125.98,-48.761
-20.59,-16.828,7.4595,21.349,-8.2917,-4.5105,-81.8,-332.22,-388.06,-360.38,-125.06,-48.774
-21.856,-16.909,8.4421,22.066,-9.0413,-4.0489,-81.952,-332.23,-387.43,-360.19,-124.24,-48.725
-23.007,-16.841,9.3629,22.588,-9.7474,-3.5504,-82.058,-332.08,-386.71,-359.89,-123.5,-48.549
-24.017,-16.577,10.287,22.877,-10.45,-2.9754,-82.101,-331.73,-385.91,-359.62,-122.78,-48.212
-24.889,-16.046,11.307,22.882,-11.181,-2.2567,-82.048,-331.18,-385.05,-359.47,-122.05,-47.727
-25.632,-15.188,12.496,22.566,-11.95,-1.337,-81.841,-330.4,-384.09,-359.47,-121.31,-47.166
-26.256,-14.004,13.885,21.941,-12.748,-0.19245,-81.391,-329.35,-382.97,-359.58,-120.61,-46.641
-26.775,-12.547,15.491,21.079,-13.55,1.1811,-80.553,-327.92,-381.53,-359.66,-119.99,-46.269
-27.222,-10.872,17.379,20.082,-14.334,2.8212,-79.09,-325.81,-379.47,-359.54,-119.47,-46.138
-27.633,-8.9495,19.715,19.012,-15.112,4.8725,-76.629,-322.5,-376.33,-358.96,-119.05,-46.278
-28.015,-6.5825,22.789,17.833,-16.002,7.6553,-72.652,-317.14,-371.33,-357.59,-118.64,-46.642
-28.32,-3.3567,26.93,16.378,-17.394,11.708,-66.607,-308.43,-363.33,-354.93,-118.08,-47.085
-28.422,1.4031,32.194,14.349,-20.072,17.738,-58.35,-294.58,-350.67,-350.13,-117.13,-47.357
-28.1,8.641,37.722,11.308,-24.198,26.269,-48.62,-273.75,-331.4,-341.61,-115.5,-47.112
-27.054,19.366,41.364,6.6088,-27.547,36.682,-38.472,-245.26,-304.23,-326.46,-112.69,-45.941
-25.007,33.764,42.094,-0.72329,-29.382,46.155,-27.97,-211.36,-270.2,-300.24,-107.72,-43.375
-21.831,49.398,43.946,-11.756,-31.71,51.151,-16.665,-177.94,-232.41,-259.31,-98.057,-38.662
-17.207,60.734,51.667,-25.696,-36.586,52.555,-5.7201,-155.03,-195.37,-206.32,-77.828,-29.845
-9.5723,64.991,65.963,-36.747,-45.329,57.495,1.4348,-154.77,-168.18,-148.26,-42.718,-13.824
-1.9324,71.508,86.137,-40.011,-57.408,72.594,5.7065,-172.22,-161.46,-85.089,-15.719,-4.1524
-3.4462,94.597,112.37,-46.601,-71.631,99.559,34.471,-131.21,-155.81,-10.812,-24.236,-27.22
-3.3455,137.3,146.2,-68.659,-88.633,138.84,104.23,95.753,-59.148,78.3,-35.536,-42.194
4.3012,197.32,189.42,-104.4,-109.22,191.3,165.33,362.38,194.53,181.29,-6.5069,-30.807
19.822,271.55,241.17,-150.86,-131.36,255.03,208.83,561.04,506.52,294.27,63.071,3.117
44.589,353.95,295.46,-205.38,-149.3,323.74,228.37,693.41,751.04,414.98,165.52,62.783
79.919,437.54,344.25,-264.78,-155.05,390.01,212.77,714.79,895.49,552.06,298.23,150.34
126.33,518.93,383.17,-327.18,-145.43,450.41,153.4,581.09,902.53,734.47,462.84,265.43
182.29,600.27,412.31,-393.27,-123.9,506.63,46.958,267.15,735.36,962.8,662.58,406.93
243.72,686.29,434.99,-464.85,-95.865,562.8,-102.14,-222.86,384.75,1140.9,894.49,572.36
305.69,779.98,462.05,-541.77,-68.591,624.38,-281.31,-851.06,-122.73,1229.2,1144.5,755.21
363.19,883.47,506.56,-621.89,-50.694,698.54,-473.49,-1551.5,-730.48,1242.1,1392.1,944.04
411.71,997.48,572.36,-702.84,-47.278,788.47,-661.8,-2243.6,-1368.4,1188.5,1616.1,1124.1
448.48,1115.6,653.65,-780.11,-57.479,888.38,-831.95,-2850.5,-1972.9,1075.2,1795.2,1280.3
471.83,1222.7,736.86,-845.32,-76.104,983.98,-971.92,-3321.1,-2501.2,903.39,1908.4,1398.6
480.12,1298.0,803.88,-886.98,-98.679,1055.5,-1070.7,-3636.8,-2934.7,667.95,1936.4,1466.5
471.47,1319.7,836.49,-892.96,-124.21,1082.8,-1119.9,-3806.1,-3273.8,361.96,1863.6,1473.2
444.42,1272.3,821.09,-854.62,-144.07,1051.2,-1116.9,-3853.8,-3527.3,-18.18,1681.2,1411.3
399.21,1153.0,753.26,-770.98,-142.13,957.08,-1068.6,-3812.5,-3704.9,-466.47,1392.0,1279.2
339.14,974.61,640.77,-650.77,-126.62,810.74,-992.26,-3716.5,-3814.0,-962.26,1013.9,1084.3
270.45,763.09,502.16,-510.71,-105.92,634.29,-911.1,-3594.8,-3859.8,-1469.2,581.38,844.46
200.38,550.51,361.2,-370.6,-83.044,455.97,-846.51,-3465.4,-3844.7,-1939.0,141.51,585.93
134.73,365.95,240.68,-247.49,-63.78,302.23,-808.8,-3331.9,-3768.1,-2319.9,-255.31,337.76
77.009,227.75,156.81,-151.48,-54.748,190.65,-790.37,-3189.2,-3629.4,-2568.7,-567.67,124.23
28.892,139.91,114.88,-84.728,-59.873,125.66,-771.36,-3032.6,-3433.4,-2662.8,-773.09,-40.398
-9.1016,93.916,107.11,-43.133,-75.776,98.773,-739.93,-2858.5,-3190.7,-2606.6,-870.6,-152.81
-37.069,74.921,116.79,-19.628,-92.312,94.281,-694.71,-2661.0,-2913.8,-2428.2,-876.42,-218.12
-55.522,68.234,128.42,-6.8851,-102.43,97.144,-636.5,-2434.8,-2614.1,-2169.5,-816.77,-246.45
-65.348,62.655,132.91,1.0286,-104.12,96.935,-568.74,-2181.1,-2303.5,-1875.7,-720.77,-249.68
-66.577,51.933,125.31,6.1396,-97.365,87.487,-499.43,-1911.6,-1996.2,-1586.1,-607.58,-238.36
-56.657,31.427,99.226,10.349,-85.09,63.319,-436.26,-1646.2,-1708.2,-1333.2,-473.44,-209.09
-47.643,-0.79848,63.113,23.392,-71.575,28.232,-380.99,-1404.0,-1453.6,-1141.3,-379.93,-146.07
-50.044,-30.627,34.477,40.874,-58.23,-1.8949,-331.18,-1197.2,-1241.3,-1009.5,-347.97,-133.14
-54.697,-56.586,11.632,59.066,-44.465,-25.9,-284.63,-1029.1,-1072.3,-916.61,-335.58,-141.95
-57.971,-81.568,-9.6879,76.16,-30.022,-47.909,-240.92,-895.74,-940.82,-842.81,-325.21,-147.82
-59.959,-105.73,-31.573,90.719,-15.768,-69.691,-200.42,-788.35,-835.93,-776.33,-312.15,-150.06
-61.17,-128.42,-54.262,102.55,-3.1805,-91.412,-163.31,-696.35,-744.6,-710.55,-295.42,-150.04
-61.927,-149.57,-76.792,112.2,6.7624,-112.95,-130.02,-608.81,-652.45,-639.17,-276.73,-148.76
-62.4,-169.35,-97.982,120.29,13.987,-134.03,-101.9,-519.05,-552.88,-563.09,-259.09,-146.98
-62.693,-187.59,-117.31,127.24,19.03,-154.12,-82.363,-441.24,-470.67,-498.93,-244.66,-145.25
-62.888,-203.62,-134.78,133.24,23.018,-172.22,-73.749,-392.7,-424.81,-455.88,-233.98,-143.89
-63.048,-216.67,-149.92,138.34,27.344,-186.99,-71.519,-366.52,-402.37,-429.22,-226.51,-143.01
-63.196,-226.35,-161.47,142.5,32.061,-197.5,-70.492,-351.01,-389.89,-412.24,-221.22,-142.49
-63.307,-232.94,-168.71,145.73,35.847,-203.97,-68.821,-339.98,-381.48,-400.56,-217.07,-142.12
-63.329,-237.12,-172.38,148.1,38.103,-207.48,-66.206,-330.85,-374.97,-391.77,-213.25,-141.71
-63.211,-239.6,-173.77,149.76,39.251,-209.14,-62.692,-322.48,-369.52,-384.56,-209.29,-141.12
-62.923,-240.93,-173.86,150.82,39.9,-209.69,-58.378,-314.42,-364.66,-378.26,-205.1,-140.31
-62.451,-241.49,-173.3,151.41,40.451,-209.6,-53.403,-306.46,-360.02,-372.53,-200.83,-139.33
-61.81,-241.53,-172.46,151.62,41.077,-209.15,-47.941,-298.55,-355.21,-367.14,-196.7,-138.28
-61.042,-241.21,-171.6,151.52,41.781,-208.52,-42.176,-290.64,-349.85,-361.92,-192.85,-137.23
-60.223,-240.66,-170.83,151.18,42.462,-207.83,-36.262,-282.65,-343.55,-356.66,-189.24,-136.2
-59.444,-239.98,-170.21,150.66,42.97,-207.16,-30.292,-274.37,-335.92,-351.08,-185.68,-135.16
-58.78,-239.24,-169.7,150.02,43.164,-206.56,-24.287,-265.43,-326.48,-344.87,-181.87,-134.02
-58.261,-238.48,-169.24,149.3,42.96,-206.02,-18.202,-255.34,-314.67,-337.67,-177.59,-132.67
-57.858,-237.7,-168.76,148.51,42.371,-205.53,-11.907,-243.45,-299.87,-329.05,-172.68,-130.98
-57.484,-236.84,-168.15,147.63,41.498,-204.99,-5.2095,-228.96,-281.29,-318.42,-167.14,-128.79
-57.039,-235.83,-167.32,146.63,40.498,-204.31,2.1145,-211.02,-258.02,-305.04,-161.08,-125.99
-56.472,-234.55,-166.1,145.51,39.537,-203.34,10.254,-188.72,-228.85,-287.91,-154.63,-122.43
-55.802,-232.92,-164.37,144.24,38.745,-201.94,19.278,-161.22,-192.11,-265.75,-147.9,-118.06
-55.086,-230.85,-162.05,142.85,38.18,-200.01,29.077,-127.91,-145.25,-237.02,-140.91,-112.85
-54.365,-228.21,-159.17,141.26,37.811,-197.48,39.374,-88.418,-84.755,-200.17,-133.58,-106.84
-53.625,-224.87,-155.86,139.36,37.528,-194.35,49.82,-42.568,-7.1,-154.11,-125.73,-100.14
-52.787,-220.66,-152.28,136.91,37.182,-190.62,60.082,9.8242,89.161,-98.933,-117.04,-92.905
-51.711,-215.25,-148.45,133.58,36.647,-186.18,69.901,69.148,201.27,-36.094,-107.01,-85.269
-50.183,-208.12,-144.23,128.94,35.877,-180.71,79.089,135.73,322.7,32.594,-94.798,-77.356
-47.94,-198.57,-139.25,122.43,34.933,-173.67,87.511,209.48,446.49,106.29,-79.147,-69.225
-44.753,-185.8,-133.12,113.56,33.941,-164.37,95.083,289.39,568.34,185.44,-58.301,-60.844
-40.579,-169.29,-125.53,102.14,33.026,-152.23,101.78,373.62,687.03,271.0,-30.345,-52.039
-35.622,-149.37,-116.42,88.664,32.288,-137.21,107.64,459.98,802.74,363.71,6.0216,-42.429
-30.13,-127.44,-105.95,74.314,31.824,-120.02,112.76,546.61,915.41,463.68,50.604,-31.409
-24.077,-105.42,-94.399,60.358,31.737,-101.9,117.25,632.32,1024.1,570.17,101.72,-18.219
-17.104,-84.749,-82.069,47.453,32.095,-84.048,121.26,716.45,1127.2,681.42,157.12,-2.1242
-8.7641,-65.925,-69.275,35.544,32.903,-67.215,124.92,798.69,1222.7,794.53,214.72,17.37
1.2072,-48.789,-56.444,24.254,34.083,-51.698,128.32,878.74,1309.0,905.88,272.75,40.382
12.722,-33.011,-44.11,13.223,35.498,-37.585,131.48,956.02,1384.6,1012.0,329.74,66.621
25.371,-18.324,-32.808,2.2073,36.991,-24.911,134.37,1029.5,1448.7,1110.2,384.45,95.4
38.649,-4.5226,-22.936,-8.9684,38.418,-13.67,136.91,1097.7,1501.1,1199.1,435.78,125.59
52.12,8.6606,-14.661,-20.498,39.662,-3.7305,139.02,1159.1,1542.4,1277.9,482.75,155.63
65.396,21.623,-7.8874,-32.614,40.623,5.223,140.64,1212.8,1574.0,1346.2,524.51,183.77
78.093,34.836,-2.3074,-45.5,41.212,13.659,141.75,1258.6,1597.4,1404.2,560.53,208.62
89.811,48.677,2.4977,-59.128,41.381,22.068,142.43,1297.3,1614.6,1451.8,590.69,229.53
100.11,63.253,6.93,-73.14,41.156,30.812,142.76,1329.8,1627.1,1489.4,615.2,246.62
108.53,78.334,11.29,-86.877,40.629,40.043,142.87,1357.2,1636.2,1517.5,634.48,260.45
114.78,93.419,15.744,-99.571,39.905,49.699,142.88,1380.1,1643.0,1537.0,649.04,271.66
118.98,107.87,20.343,-110.59,39.047,59.557,142.85,1398.7,1647.8,1549.2,659.47,280.74
121.56,121.07,25.077,-119.62,38.056,69.277,142.77,1412.6,1651.0,1555.0,666.34,288.01
123.05,132.51,29.899,-126.64,36.858,78.437,142.58,1421.5,1652.1,1555.3,670.23,293.62
123.87,141.95,34.722,-131.86,35.324,86.644,142.21,1425.0,1650.5,1550.2,671.6,297.71
124.26,149.41,39.436,-135.6,33.296,93.662,141.59,1422.5,1645.1,1539.1,670.79,300.41
124.35,155.12,43.945,-138.18,30.636,99.479,140.69,1413.6,1634.6,1521.2,667.98,301.85
124.18,159.42,48.195,-139.86,27.294,104.25,139.47,1397.8,1617.1,1495.3,663.23,302.17
123.73,162.65,52.168,-140.88,23.376,108.18,137.91,1374.2,1591.0,1460.6,656.45,301.44
122.94,165.07,55.861,-141.36,19.149,111.46,135.91,1342.0,1554.5,1416.8,647.46,299.64
121.68,166.82,59.258,-141.38,14.932,114.2,133.34,1300.1,1506.1,1364.2,636.09,296.64
119.8,167.92,62.324,-140.9,10.964,116.43,130.0,1248.4,1445.1,1303.3,622.16,292.26
117.12,168.31,65.011,-139.82,7.3168,118.1,125.62,1187.3,1371.9,1234.5,605.6,286.32
113.52,167.83,67.27,-137.99,3.9389,119.11,119.92,1118.0,1288.2,1158.4,586.35,278.71
108.9,166.31,69.061,-135.24,0.75858,119.35,112.62,1042.3,1196.8,1076.0,564.3,269.51
103.26,163.65,70.35,-131.49,-2.2185,118.78,103.58,961.91,1100.5,988.57,539.2,258.88
96.66,159.81,71.112,-126.68,-4.8783,117.37,92.803,878.06,1001.4,897.89,510.67,246.97
89.208,154.82,71.33,-120.85,-7.0659,115.17,80.508,791.8,901.03,805.99,478.44,233.84
81.063,148.74,70.999,-114.06,-8.6924,112.21,67.019,704.04,800.29,714.7,442.66,219.41
72.395,141.62,70.132,-106.4,-9.7789,108.54,52.67,615.74,699.75,625.27,404.03,203.47
63.322,133.54,68.757,-97.96,-10.436,104.17,37.745,527.92,600.02,538.22,363.58,185.81
53.901,124.55,66.915,-88.858,-10.827,99.11,22.518,441.48,501.83,453.55,322.31,166.32
44.226,114.78,64.662,-79.261,-11.122,93.408,7.3471,356.94,405.98,370.95,280.79,145.21
34.583,104.45,62.061,-69.422,-11.449,87.155,-7.2615,274.46,313.08,290.09,239.25,123.06
25.495,93.833,59.169,-59.68,-11.859,80.483,-20.722,194.05,223.43,210.85,197.72,100.82
17.54,83.222,56.019,-50.39,-12.33,73.528,-32.54,116.14,137.17,133.48,156.52,79.485
11.052,72.862,52.618,-41.819,-12.784,66.403,-42.471,42.064,54.832,58.887,116.54,59.916
5.9952,62.899,48.979,-34.07,-13.114,59.199,-50.553,-25.934,-22.235,-11.188,79.131,42.642
2.0957,53.413,45.152,-27.1,-13.218,52.022,-57.014,-85.519,-91.94,-74.661,45.589,27.864
-0.9606,44.477,41.251,-20.819,-13.037,45.025,-62.141,-135.28,-152.22,-129.93,16.657,15.545
-3.417,36.227,37.439,-15.185,-12.573,38.424,-66.187,-175.21,-201.96,-176.36,-7.6425,5.4975
-5.4312,28.849,33.884,-10.227,-11.889,32.454,-69.345,-206.4,-241.42,-214.22,-27.804,-2.5584
-7.1035,22.509,30.712,-5.9977,-11.081,27.297,-71.761,-230.47,-271.92,-244.31,-44.542,-8.9605
-8.5036,17.271,27.958,-2.5188,-10.246,23.014,-73.567,-249.05,-295.29,-267.76,-58.561,-14.076
-9.6802,13.071,25.571,0.24569,-9.4683,19.532,-74.889,-263.54,-313.27,-285.77,-70.419,-18.27
-10.67,9.7359,23.443,2.3919,-8.8147,16.682,-75.846,-274.99,-327.28,-299.53,-80.489,-21.873
-11.51,7.0248,21.452,4.0656,-8.3284,14.254,-76.544,-284.18,-338.38,-310.05,-88.985,-25.142
-12.248,4.682,19.511,5.442,-8.0212,12.054,-77.077,-291.66,-347.33,-318.17,-96.041,-28.242
-12.94,2.4857,17.596,6.6988,-7.8725,9.9489,-77.518,-297.84,-354.64,-324.52,-101.77,-31.242
-13.636,0.28874,15.749,7.9823,-7.8436,7.8879,-77.923,-303.01,-360.69,-329.58,-106.34,-34.144
-14.374,-1.9568,14.059,9.3775,-7.8974,5.9001,-78.327,-307.39,-365.74,-333.72,-109.93,-36.91
-15.166,-4.2006,12.62,10.891,-8.0036,4.0675,-78.743,-311.12,-370.01,-337.19,-112.82,-39.484
-15.997,-6.3233,11.496,12.452,-8.1231,2.4849,-79.166,-314.3,-373.63,-340.19,-115.26,-41.813
-16.817,-8.1839,10.702,13.94,-8.1997,1.2217,-79.58,-316.98,-376.68,-342.8,-117.5,-43.862
-17.564,-9.6707,10.198,15.221,-8.1834,0.29912,-79.97,-319.23,-379.24,-345.05,-119.67,-45.62
-18.202,-10.741,9.9173,16.207,-8.07,-0.31118,-80.324,-321.09,-381.34,-346.96,-121.81,-47.099
-18.761,-11.428,9.7892,16.888,-7.9175,-0.66837,-80.638,-322.65,-383.01,-348.52,-123.85,-48.323
-19.314,-11.809,9.7628,17.313,-7.8191,-0.83605,-80.914,-323.94,-384.32,-349.73,-125.69,-49.318
-19.906,-11.952,9.8017,17.538,-7.8529,-0.86494,-81.163,-325.05,-385.31,-350.64,-127.24,-50.113
-20.49,-11.903,9.8685,17.581,-8.04,-0.79494,-81.396,-326.02,-386.05,-351.35,-128.45,-50.732
-20.924,-11.68,9.9149,17.425,-8.3346,-0.65982,-81.632,-326.88,-386.63,-351.97,-129.34,-51.204
-21.043,-11.312,9.8946,17.059,-8.6426,-0.49723,-81.883,-327.67,-387.08,-352.64,-129.94,-51.553
-20.765,-10.864,9.7842,16.523,-8.8567,-0.34758,-82.159,-328.38,-387.46,-353.42,-130.33,-51.796
-20.135,-10.424,9.601,15.921,-8.8967,-0.24222,-82.451,-329.04,-387.76,-354.34,-130.55,-51.944
-19.302,-10.071,9.4021,15.375,-8.7435,-0.18623,-82.736,-329.65,-387.96,-355.34,-130.65,-52.013
-18.444,-9.835,9.2683,14.977,-8.4442,-0.14493,-82.981,-330.23,-388.0,-356.33,-130.66,-52.028
-17.699,-9.6666,9.2751,14.735,-8.0739,-0.051163,-83.15,-330.81,-387.87,-357.21,-130.57,-52.021
-17.126,-9.4506,9.4706,14.571,-7.6832,0.17736,-83.215,-331.35,-387.54,-357.89,-130.4,-52.019
-16.699,-9.0468,9.8566,14.351,-7.2821,0.60836,-83.164,-331.83,-387.04,-358.32,-130.11,-52.027
-16.329,-8.3425,10.383,13.936,-6.8668,1.2672,-82.997,-332.16,-386.37,-358.52,-129.65,-52.024
-15.91,-7.2932,10.965,13.233,-6.4561,2.1256,-82.725,-332.28,-385.55,-358.54,-128.98,-51.955
-15.371,-5.9378,11.521,12.231,-6.1043,3.1134,-82.367,-332.13,-384.61,-358.45,-128.09,-51.748
-14.718,-4.3853,12.002,11.002,-5.8829,4.1458,-81.943,-331.7,-383.56,-358.33,-127.01,-51.334
-14.022,-2.7834,12.414,9.68,-5.8531,5.1489,-81.466,-331.01,-382.43,-358.2,-125.83,-50.688
-13.377,-1.2803,12.806,8.4233,-6.0522,6.0766,-80.936,-330.14,-381.23,-358.09,-124.69,-49.854
-12.871,0.019686,13.267,7.3708,-6.493,6.9292,-80.312,-329.12,-379.93,-357.96,-123.71,-48.939
-12.556,1.1116,13.918,6.5906,-7.155,7.7799,-79.497,-327.9,-378.45,-357.75,-123.01,-48.082
-12.426,2.138,14.921,6.0342,-7.9708,8.8033,-78.303,-326.28,-376.54,-357.34,-122.58,-47.408
-12.418,3.408,16.498,5.5237,-8.8427,10.3,-76.416,-323.83,-373.77,-356.58,-122.34,-46.995
-12.431,5.3931,18.955,4.7798,-9.7146,12.724,-73.356,-319.8,-369.41,-355.22,-122.13,-46.838
-12.378,8.7341,22.663,3.4598,-10.679,16.716,-68.484,-313.05,-362.33,-352.82,-121.7,-46.829
-12.214,14.281,27.858,1.1591,-12.092,23.055,-61.247,-301.95,-350.86,-348.55,-120.77,-46.746
-11.928,23.049,33.986,-2.6666,-14.566,32.171,-51.809,-284.59,-332.9,-340.82,-118.99,-46.27
-11.495,35.597,38.724,-8.7977,-18.204,42.662,-41.321,-259.71,-306.73,-326.66,-115.91,-45.024
-10.794,50.231,39.775,-18.011,-21.71,49.974,-30.675,-228.49,-272.82,-301.58,-110.8,-42.582
-9.4565,61.707,41.377,-29.819,-24.841,50.687,-19.635,-195.77,-234.23,-261.78,-101.86,-38.31
-6.5239,65.613,49.793,-40.633,-29.281,50.748,-8.6641,-170.24,-195.28,-209.82,-84.722,-30.631
-0.54316,66.699,65.978,-45.427,-36.602,59.781,-0.97212,-163.55,-164.58,-152.79,-53.755,-16.196
6.1467,77.185,89.528,-45.233,-47.508,80.345,1.2991,-178.34,-154.78,-90.976,-20.32,-0.013281
5.8387,104.36,121.02,-50.606,-61.762,111.84,20.204,-166.01,-155.02,-18.612,-14.643,-13.023
1.564,148.32,162.27,-69.991,-79.184,155.26,89.185,7.7576,-75.882,67.94,-29.648,-38.456
3.6724,208.33,214.66,-102.74,-100.24,211.85,155.06,293.56,163.42,168.07,-20.133,-37.186
15.745,282.8,274.83,-146.68,-123.71,279.45,202.96,509.39,473.65,279.45,32.836,-12.277
37.675,366.11,332.95,-199.8,-144.02,350.56,227.27,663.31,726.4,403.89,123.28,36.954
69.459,449.67,380.91,-258.48,-155.57,416.27,216.9,721.02,885.11,557.24,246.7,113.98
110.62,528.0,418.62,-319.1,-157.68,473.23,164.44,634.99,911.68,766.38,403.3,219.87
159.76,602.57,448.38,-381.08,-151.58,524.11,67.411,372.05,767.27,996.91,596.13,354.05
214.66,679.02,472.33,-446.79,-138.54,573.63,-71.578,-73.476,438.76,1153.9,823.76,514.65
272.03,763.08,497.66,-518.14,-123.23,628.04,-244.02,-672.31,-52.06,1223.4,1072.8,695.83
327.38,858.88,536.61,-594.4,-115.42,695.17,-436.21,-1363.4,-652.51,1221.3,1322.8,886.28
376.21,967.87,596.8,-673.42,-122.04,779.66,-631.68,-2066.5,-1293.6,1155.0,1553.3,1071.4
415.57,1085.0,675.64,-751.35,-142.26,877.71,-814.05,-2699.7,-1909.3,1029.2,1743.5,1236.4
443.78,1196.9,760.73,-821.02,-170.02,976.35,-968.79,-3202.6,-2451.9,844.29,1872.8,1367.0
459.51,1284.1,833.56,-872.25,-197.44,1056.5,-1083.4,-3549.1,-2898.5,595.78,1921.5,1450.7
461.26,1325.8,874.73,-894.0,-216.66,1098.1,-1148.5,-3743.0,-3247.4,279.06,1873.5,1476.0
447.53,1305.4,868.75,-877.12,-221.08,1084.9,-1159.7,-3807.9,-3508.2,-106.6,1718.8,1434.7
417.47,1215.5,808.34,-817.45,-206.82,1009.9,-1121.2,-3776.7,-3691.8,-553.69,1456.8,1323.2
371.84,1061.9,698.04,-718.15,-174.93,878.2,-1048.0,-3684.4,-3806.4,-1042.1,1101.0,1145.7
313.74,863.87,555.03,-590.2,-132.56,708.01,-963.07,-3562.0,-3857.0,-1537.0,680.38,916.45
248.33,650.09,404.91,-450.29,-90.191,526.34,-889.67,-3430.4,-3845.1,-1991.1,238.35,659.06
181.57,451.1,273.21,-316.55,-57.016,361.11,-841.82,-3295.3,-3769.7,-2354.0,-174.09,402.72
118.74,290.46,177.47,-203.65,-38.785,232.97,-817.63,-3150.3,-3629.8,-2584.3,-510.27,175.02
63.863,178.96,123.11,-119.38,-36.555,150.12,-801.75,-2989.4,-3431.0,-2662.4,-740.62,-5.1985
19.347,113.77,103.87,-63.79,-46.057,108.11,-779.4,-2810.4,-3185.9,-2595.5,-859.16,-131.24
-14.13,82.745,106.87,-31.135,-60.777,94.42,-744.82,-2608.9,-2907.9,-2413.2,-880.49,-206.99
-37.286,71.125,118.8,-13.475,-75.634,94.898,-696.32,-2380.5,-2607.8,-2157.7,-831.15,-242.63
-51.163,66.054,128.84,-3.6041,-84.653,97.56,-633.5,-2126.9,-2296.9,-1872.5,-740.96,-250.51
-55.536,58.42,128.84,2.5582,-71.511,93.672,-560.74,-1860.8,-1989.3,-1594.2,-632.88,-241.98
-48.931,44.218,109.18,3.9356,-44.655,76.466,-487.98,-1602.2,-1701.2,-1351.4,-506.28,-219.71
-37.722,17.573,63.621,9.7808,-32.214,41.432,-422.73,-1369.2,-1447.4,-1163.6,-399.85,-160.72
-35.422,-12.811,32.272,24.457,-27.395,8.9422,-365.49,-1172.0,-1236.6,-1030.3,-356.51,-132.58
-40.605,-37.368,14.299,40.65,-24.371,-13.282,-313.78,-1012.2,-1069.6,-934.37,-340.78,-139.78
-47.013,-59.173,0.076123,56.637,-21.156,-31.336,-266.06,-885.21,-939.86,-858.2,-330.03,-146.4
-52.082,-80.482,-14.836,71.53,-17.049,-49.222,-222.0,-782.24,-836.36,-790.62,-317.45,-149.06
-55.617,-101.75,-32.341,84.785,-11.977,-68.331,-181.48,-693.27,-746.15,-725.26,-301.0,-149.01
-58.053,-123.08,-52.658,96.484,-6.1977,-88.903,-144.75,-607.99,-655.07,-655.93,-281.58,-147.33
-59.803,-144.41,-74.771,106.93,-0.0045458,-110.6,-112.78,-519.89,-555.67,-579.8,-262.31,-144.82
-61.149,-165.21,-97.025,116.29,6.4469,-132.53,-87.981,-441.91,-471.3,-510.8,-245.92,-142.13
-62.252,-184.49,-117.76,124.56,13.039,-153.27,-74.062,-392.17,-423.08,-462.44,-233.36,-139.78
-63.185,-201.15,-135.67,131.64,19.452,-171.31,-69.231,-365.37,-399.09,-432.53,-224.18,-138.05
-63.94,-214.47,-149.91,137.45,25.138,-185.53,-67.246,-349.86,-385.33,-413.99,-217.4,-136.96
-64.459,-224.32,-160.21,142.0,29.664,-195.65,-64.922,-339.15,-375.59,-401.72,-212.01,-136.39
-64.663,-231.05,-166.79,145.35,33.031,-202.09,-61.618,-330.44,-367.64,-392.79,-207.3,-136.1
-64.502,-235.23,-170.36,147.62,35.59,-205.66,-57.348,-322.52,-360.65,-385.6,-202.9,-135.85
-63.985,-237.48,-171.8,148.97,37.728,-207.21,-52.197,-314.88,-354.21,-379.28,-198.72,-135.49
-63.206,-238.32,-171.93,149.58,39.656,-207.44,-46.257,-307.31,-348.04,-373.39,-194.83,-134.94
-62.315,-238.22,-171.32,149.63,41.385,-206.87,-39.675,-299.75,-341.84,-367.69,-191.29,-134.2
-61.474,-237.56,-170.34,149.33,42.792,-205.89,-32.664,-292.16,-335.31,-362.05,-188.1,-133.34
-60.795,-236.65,-169.2,148.85,43.713,-204.79,-25.483,-284.45,-328.1,-356.32,-185.12,-132.4
-60.302,-235.75,-168.03,148.31,44.035,-203.76,-18.367,-276.4,-319.85,-350.31,-182.17,-131.41
-59.931,-234.98,-166.87,147.76,43.743,-202.91,-11.473,-267.65,-310.11,-343.76,-179.06,-130.33
-59.57,-234.33,-165.68,147.19,42.907,-202.2,-4.8268,-257.69,-298.36,-336.32,-175.61,-129.06
-59.11,-233.67,-164.35,146.51,41.645,-201.5,1.6781,-245.87,-283.92,-327.49,-171.7,-127.45
-58.492,-232.8,-162.77,145.63,40.098,-200.63,8.2692,-231.43,-265.98,-316.66,-167.27,-125.38
-57.725,-231.5,-160.85,144.46,38.422,-199.42,15.238,-213.54,-243.55,-303.06,-162.31,-122.74
-56.882,-229.6,-158.61,142.93,36.781,-197.74,22.863,-191.36,-215.38,-285.7,-156.79,-119.47
-56.056,-226.97,-156.12,141.0,35.323,-195.55,31.313,-164.13,-179.8,-263.37,-150.71,-115.53
-55.298,-223.53,-153.47,138.64,34.147,-192.82,40.58,-131.21,-134.45,-234.59,-144.05,-110.94
-54.565,-219.21,-150.71,135.78,33.293,-189.55,50.472,-92.142,-76.27,-197.81,-136.75,-105.75
-53.712,-213.95,-147.87,132.32,32.754,-185.73,60.681,-46.624,-2.1332,-151.88,-128.74,-100.0
-52.53,-207.65,-144.9,128.14,32.511,-181.28,70.877,5.6149,89.518,-96.82,-119.81,-93.776
-50.808,-200.16,-141.71,123.04,32.553,-176.06,80.767,64.825,196.89,-34.089,-109.59,-87.119
-48.391,-191.19,-138.06,116.84,32.858,-169.78,90.11,131.07,314.62,34.393,-97.414,-80.083
-45.223,-180.32,-133.65,109.33,33.374,-161.99,98.727,203.99,436.28,107.68,-82.227,-72.702
-41.343,-167.14,-128.05,100.36,34.03,-152.21,106.5,282.43,557.11,186.13,-62.635,-64.973
-36.853,-151.47,-120.91,89.994,34.769,-140.09,113.4,364.64,675.07,270.64,-37.096,-56.812
-31.829,-133.75,-112.18,78.589,35.564,-125.8,119.44,448.77,789.8,361.91,-4.3748,-47.985
-26.235,-115.0,-102.22,66.724,36.413,-110.2,124.7,533.25,901.17,460.12,35.93,-38.051
-19.896,-96.396,-91.741,54.95,37.31,-94.414,129.31,617.04,1008.5,564.71,83.07,-26.395
-12.592,-78.677,-81.277,43.544,38.226,-79.209,133.4,699.54,1110.7,674.13,135.41,-12.346
-4.1921,-62.028,-70.978,32.538,39.105,-64.807,137.07,780.4,1206.0,785.64,191.01,4.6424
5.3325,-46.425,-60.714,21.909,39.887,-51.194,140.38,859.31,1293.3,895.76,248.09,24.865
15.921,-31.895,-50.393,11.662,40.519,-38.443,143.33,935.7,1371.0,1001.1,305.1,48.299
27.335,-18.503,-40.182,1.7759,40.976,-26.764,145.88,1008.5,1438.1,1099.1,360.62,74.555
39.195,-6.1718,-30.48,-7.8848,41.253,-16.32,147.98,1076.3,1493.7,1188.1,413.28,102.81
51.225,5.4405,-21.689,-17.618,41.369,-7.0169,149.59,1137.7,1538.0,1267.5,461.8,131.8
63.286,16.903,-13.972,-27.829,41.35,1.5241,150.73,1191.7,1571.7,1336.8,505.15,159.99
75.091,28.796,-7.2236,-38.848,41.216,9.7993,151.44,1238.2,1596.8,1395.8,542.76,185.99
86.051,41.474,-1.2022,-50.72,40.959,18.215,151.8,1277.8,1614.9,1444.3,574.46,208.97
95.51,54.96,4.3263,-63.141,40.538,26.974,151.89,1311.3,1628.1,1482.7,600.51,228.71
103.09,69.01,9.5288,-75.591,39.892,36.098,151.77,1339.7,1637.5,1511.4,621.37,245.4
108.75,83.251,14.519,-87.524,38.954,45.512,151.48,1363.5,1644.2,1531.7,637.62,259.31
112.7,97.241,19.398,-98.451,37.674,55.093,151.05,1382.9,1648.7,1544.8,649.83,270.68
115.24,110.43,24.261,-107.95,36.016,64.621,150.47,1397.6,1650.9,1551.7,658.56,279.63
116.66,122.2,29.156,-115.69,33.945,73.716,149.73,1407.3,1650.4,1553.1,664.2,286.29
117.23,131.99,34.044,-121.53,31.413,81.916,148.78,1411.4,1646.6,1548.8,667.04,290.84
117.11,139.6,38.798,-125.55,28.352,88.881,147.55,1409.2,1638.3,1538.3,667.19,293.54
116.42,145.16,43.275,-128.0,24.719,94.532,145.99,1400.0,1624.3,1520.5,664.68,294.66
115.26,149.04,47.382,-129.22,20.604,99.016,144.03,1383.0,1602.8,1494.5,659.42,294.42
113.71,151.68,51.118,-129.54,16.3,102.6,141.62,1357.3,1572.3,1459.4,651.31,292.94
111.8,153.48,54.569,-129.24,12.191,105.56,138.73,1322.0,1531.1,1415.2,640.24,290.27
109.53,154.76,57.835,-128.55,8.5136,108.11,135.33,1276.7,1478.1,1362.2,626.17,286.4
106.78,155.66,60.931,-127.59,5.2565,110.34,131.38,1221.8,1413.0,1300.8,609.14,281.31
103.37,156.14,63.745,-126.34,2.2851,112.17,126.78,1158.3,1336.9,1231.7,589.21,274.97
99.135,155.97,66.09,-124.63,-0.50679,113.4,121.32,1087.5,1251.8,1155.6,566.43,267.39
93.976,154.88,67.812,-122.23,-3.1417,113.84,114.77,1011.1,1160.5,1073.3,540.8,258.59
87.947,152.69,68.864,-119.0,-5.5713,113.39,106.88,930.36,1065.1,986.47,512.29,248.55
81.234,149.38,69.297,-114.86,-7.6944,112.09,97.508,846.34,967.55,896.75,480.94,237.19
74.055,145.0,69.193,-109.83,-9.383,110.04,86.613,759.98,868.82,805.99,446.93,224.33
66.541,139.63,68.616,-103.94,-10.528,107.32,74.255,672.22,769.64,715.71,410.57,209.69
58.732,133.29,67.595,-97.222,-11.096,103.93,60.568,584.06,670.58,626.88,372.3,193.0
50.648,125.97,66.136,-89.732,-11.165,99.852,45.786,496.51,572.4,539.94,332.6,174.23
42.388,117.74,64.231,-81.613,-10.914,95.06,30.323,410.4,475.98,454.97,291.89,153.7
34.199,108.74,61.872,-73.104,-10.558,89.568,14.802,326.23,382.22,371.96,250.51,132.15
26.492,99.205,59.066,-64.517,-10.277,83.457,-0.040309,244.18,291.7,290.96,208.83,110.51
19.723,89.421,55.852,-56.187,-10.151,76.87,-13.548,164.45,204.64,212.07,167.42,89.693
14.183,79.675,52.303,-48.379,-10.161,69.98,-25.321,87.798,121.13,135.67,127.28,70.38
9.8942,70.194,48.503,-41.236,-10.217,62.96,-35.26,15.963,41.714,62.574,89.684,53.032
6.6706,61.125,44.525,-34.767,-10.194,55.963,-43.492,-48.713,-32.22,-5.7967,55.919,37.905
4.2304,52.545,40.462,-28.877,-9.9678,49.13,-50.264,-104.28,-98.659,-67.784,26.784,25.051
2.2597,44.488,36.458,-23.428,-9.4724,42.604,-55.849,-150.04,-155.83,-122.1,2.3849,14.316
0.46581,36.98,32.685,-18.319,-8.7341,36.516,-60.489,-186.65,-203.06,-168.22,-17.773,5.3818
-1.3388,30.075,29.278,-13.528,-7.8586,30.98,-64.363,-215.48,-240.9,-206.32,-34.473,-2.1338
-3.1899,23.851,26.296,-9.1147,-6.9927,26.072,-67.578,-238.08,-270.74,-237.03,-48.479,-8.5883
-5.0263,18.378,23.735,-5.1685,-6.2807,21.821,-70.197,-255.8,-294.16,-261.25,-60.365,-14.256
-6.783,13.665,21.535,-1.7413,-5.8245,18.187,-72.273,-269.7,-312.59,-280.02,-70.513,-19.322
-8.4265,9.6344,19.59,1.1811,-5.6575,15.061,-73.872,-280.61,-327.2,-294.44,-79.176,-23.906
-9.9368,6.1382,17.762,3.6641,-5.7371,12.288,-75.08,-289.19,-338.89,-305.52,-86.567,-28.079
-11.291,3.0157,15.927,5.7921,-5.9532,9.7187,-75.989,-295.97,-348.32,-314.12,-92.881,-31.873
-12.472,0.147,14.027,7.6435,-6.1556,7.266,-76.68,-301.39,-355.97,-320.93,-98.306,-35.276
-13.48,-2.5165,12.103,9.2779,-6.1978,4.9286,-77.208,-305.76,-362.2,-326.43,-103.0,-38.245
-14.332,-4.9524,10.268,10.729,-5.9932,2.7757,-77.608,-309.32,-367.28,-330.97,-107.11,-40.729
-15.046,-7.0875,8.6623,12.003,-5.5651,0.90907,-77.895,-312.23,-371.44,-334.77,-110.72,-42.705
-15.635,-8.8257,7.4031,13.077,-5.0399,-0.57149,-78.084,-314.62,-374.85,-337.96,-113.93,-44.205
-16.101,-10.086,6.56,13.919,-4.5586,-1.5981,-78.192,-316.56,-377.66,-340.63,-116.78,-45.33
-16.433,-10.842,6.1311,14.505,-4.1754,-2.1647,-78.242,-318.13,-379.98,-342.82,-119.28,-46.23
-16.615,-11.154,6.033,14.842,-3.8326,-2.3444,-78.263,-319.42,-381.89,-344.6,-121.43,-47.058
-16.633,-11.148,6.1181,14.966,-3.4289,-2.276,-78.285,-320.47,-383.46,-346.03,-123.21,-47.925
-16.485,-10.974,6.225,14.929,-2.9119,-2.1143,-78.331,-321.35,-384.74,-347.16,-124.63,-48.863
-16.192,-10.743,6.2402,14.776,-2.3194,-1.9707,-78.417,-322.08,-385.76,-348.08,-125.7,-49.83
-15.792,-10.49,6.1389,14.529,-1.7551,-1.8752,-78.548,-322.69,-386.56,-348.85,-126.47,-50.722
-15.33,-10.178,5.9844,14.178,-1.3333,-1.7796,-78.717,-323.18,-387.15,-349.52,-126.97,-51.422
-14.834,-9.7201,5.8853,13.691,-1.1334,-1.5909,-78.916,-323.55,-387.57,-350.17,-127.28,-51.847
-14.309,-9.0317,5.9351,13.021,-1.1711,-1.224,-79.141,-323.84,-387.85,-350.8,-127.45,-51.974
-13.741,-8.0572,6.1737,12.13,-1.3864,-0.63628,-79.391,-324.09,-387.99,-351.43,-127.57,-51.839
-13.113,-6.789,6.5822,11.009,-1.6603,0.16637,-79.657,-324.34,-388.02,-352.03,-127.66,-51.521
-12.433,-5.2786,7.1148,9.7046,-1.8735,1.1443,-79.929,-324.64,-387.96,-352.56,-127.74,-51.109
-11.746,-3.6312,7.7451,8.3283,-1.9888,2.241,-80.189,-325.02,-387.82,-352.96,-127.78,-50.675
-11.136,-1.9885,8.4849,7.039,-2.1039,3.4009,-80.415,-325.45,-387.63,-353.22,-127.74,-50.264
-10.696,-0.49348,9.3717,5.9985,-2.3936,4.5765,-80.587,-325.91,-387.4,-353.33,-127.55,-49.887
-10.477,0.75265,10.425,5.3083,-2.9442,5.7281,-80.693,-326.33,-387.16,-353.33,-127.17,-49.538
-10.433,1.7222,11.61,4.9645,-3.639,6.8242,-80.729,-326.63,-386.88,-353.29,-126.58,-49.196
-10.445,2.4625,12.84,4.8628,-4.2401,7.8449,-80.701,-326.75,-386.55,-353.27,-125.84,-48.838
-10.388,3.0612,14.011,4.8549,-4.5797,8.7801,-80.615,-326.65,-386.12,-353.33,-125.03,-48.443
-10.207,3.5966,15.027,4.8181,-4.6593,9.6182,-80.472,-326.31,-385.53,-353.45,-124.25,-47.997
-9.942,4.1075,15.826,4.6931,-4.6138,10.339,-80.27,-325.76,-384.76,-353.61,-123.63,-47.497
-9.7103,4.6039,16.396,4.4785,-4.6254,10.932,-79.996,-325.09,-383.82,-353.75,-123.21,-46.954
-9.6492,5.1054,16.787,4.1964,-4.8495,11.424,-79.626,-324.33,-382.75,-353.84,-122.97,-46.385
-9.8485,5.6746,17.102,3.854,-5.3698,11.906,-79.107,-323.5,-381.58,-353.82,-122.81,-45.811
-10.298,6.4258,17.488,3.4198,-6.1848,12.518,-78.337,-322.48,-380.29,-353.65,-122.6,-45.262
-10.877,7.5174,18.124,2.822,-7.2244,13.446,-77.138,-321.02,-378.72,-353.28,-122.24,-44.781
-11.402,9.1551,19.23,1.9591,-8.3867,14.934,-75.22,-318.68,-376.51,-352.61,-121.68,-44.419
-11.697,11.619,21.107,0.70957,-9.5801,17.328,-72.139,-314.74,-373.03,-351.43,-120.9,-44.212
-11.67,15.319,24.146,-1.0776,-10.764,21.14,-67.29,-308.17,-367.32,-349.33,-119.91,-44.156
-11.336,20.865,28.705,-3.6293,-12.055,27.033,-60.091,-297.42,-357.91,-345.51,-118.64,-44.189
-10.765,29.078,34.511,-7.3508,-14.021,35.456,-50.52,-280.49,-342.8,-338.56,-116.92,-44.168
-9.9988,40.54,39.373,-12.954,-17.596,45.273,-39.575,-255.66,-319.84,-325.94,-114.4,-43.844
-8.9495,54.056,40.031,-21.348,-21.363,52.149,-28.371,-223.18,-288.4,-303.65,-110.36,-42.847
-7.261,65.136,40.18,-32.622,-22.993,52.204,-16.824,-186.71,-250.87,-267.48,-103.33,-40.648
-3.9412,69.249,47.217,-44.127,-24.564,51.002,-4.7542,-153.54,-211.13,-217.74,-89.946,-36.315
2.9152,69.375,62.209,-50.891,-28.544,58.723,5.6105,-135.12,-175.5,-160.9,-64.024,-27.598
13.06,76.629,84.651,-50.932,-36.443,78.059,9.9367,-142.7,-156.29,-100.0,-25.621,-12.425
17.952,99.837,114.88,-51.603,-48.853,107.97,14.891,-160.77,-157.69,-30.953,-0.35761,-8.9347
11.738,140.17,154.33,-65.101,-65.574,149.17,63.608,-93.696,-120.08,50.263,-9.1637,-32.439
5.1991,196.88,204.66,-93.979,-86.627,203.28,133.76,146.68,65.579,144.26,-22.593,-42.128
9.4869,268.89,264.07,-135.13,-111.94,269.27,188.56,394.91,368.14,250.84,3.034,-27.999
25.015,351.28,324.03,-186.16,-138.03,340.49,223.1,582.49,645.88,375.96,72.852,8.3377
51.005,435.32,375.08,-243.71,-157.52,407.47,225.94,701.58,841.25,541.39,181.12,70.997
87.839,514.46,415.48,-304.16,-166.27,465.54,188.86,706.37,920.71,769.83,328.89,163.42
135.47,589.04,447.49,-366.48,-165.11,516.68,108.47,551.39,841.35,1003.1,520.86,287.31
192.08,664.12,472.85,-432.38,-155.46,565.32,-14.885,211.01,578.98,1149.6,754.33,442.4
253.08,745.2,496.65,-503.26,-139.7,617.06,-176.16,-306.62,142.38,1209.3,1009.7,623.27
312.1,836.47,529.99,-578.26,-125.7,679.28,-363.99,-955.25,-426.22,1200.2,1262.6,817.27
363.9,940.34,582.56,-655.65,-123.69,757.75,-562.16,-1660.0,-1062.1,1127.4,1494.9,1008.7
405.81,1054.2,655.35,-732.85,-137.3,851.44,-753.35,-2335.4,-1696.1,994.75,1689.8,1182.9
436.67,1167.7,739.38,-804.29,-162.46,950.47,-922.2,-2906.4,-2271.7,802.8,1828.9,1326.3
455.36,1263.1,818.1,-860.82,-191.17,1037.7,-1055.5,-3329.3,-2755.7,548.16,1892.9,1426.6
460.23,1319.8,872.0,-891.21,-215.05,1093.0,-1142.0,-3593.7,-3139.3,228.04,1864.5,1472.1
449.43,1319.0,883.74,-885.1,-226.67,1098.4,-1174.9,-3714.2,-3429.3,-156.49,1732.3,1453.2
421.7,1250.0,842.77,-836.46,-220.57,1043.4,-1154.5,-3719.7,-3637.7,-597.31,1493.5,1363.9
377.43,1114.4,749.14,-746.38,-195.43,929.04,-1091.5,-3645.7,-3774.6,-1075.4,1157.4,1205.4
319.44,927.32,615.33,-623.93,-155.98,769.16,-1006.4,-3527.5,-3846.0,-1558.3,748.7,988.5
252.99,714.86,464.18,-484.71,-111.82,588.02,-924.35,-3392.9,-3854.7,-2001.7,307.49,734.48
184.77,507.96,322.17,-347.19,-73.05,414.12,-864.72,-3255.5,-3800.1,-2356.8,-114.68,472.25
121.0,333.66,210.92,-227.83,-47.093,271.72,-832.09,-3110.5,-3680.4,-2583.1,-467.0,231.84
66.016,207.39,140.7,-136.61,-37.055,173.7,-814.97,-2945.7,-3499.0,-2661.1,-714.66,36.145
21.8,129.83,108.99,-75.076,-40.842,119.28,-797.23,-2759.6,-3267.1,-2597.8,-848.0,-104.59
-11.531,90.388,104.53,-38.048,-52.888,97.591,-770.27,-2552.7,-2998.4,-2422.4,-880.38,-192.3
-35.0,74.324,113.97,-17.592,-67.921,94.506,-731.12,-2322.8,-2704.3,-2176.2,-838.81,-236.64
-50.08,68.081,125.83,-6.1504,-82.404,97.318,-677.45,-2071.9,-2395.4,-1901.6,-754.08,-250.22
-58.114,61.309,130.89,1.6781,-91.282,96.201,-609.08,-1812.3,-2084.9,-1633.3,-650.46,-245.08
-59.68,48.154,121.74,7.555,-81.005,84.4,-533.6,-1562.8,-1789.1,-1396.6,-531.65,-227.87
-56.038,22.976,85.816,15.889,-57.675,55.19,-462.78,-1340.0,-1523.5,-1207.4,-423.6,-181.35
-54.178,-11.198,48.75,32.285,-45.294,18.868,-401.51,-1152.6,-1299.1,-1067.6,-370.4,-138.73
-57.637,-40.29,26.932,51.216,-40.856,-8.2563,-347.61,-1001.2,-1119.3,-964.84,-349.81,-141.27
-62.131,-64.974,10.839,69.547,-38.618,-28.994,-298.15,-880.57,-979.41,-884.17,-338.26,-148.45
-65.395,-88.359,-4.518,85.996,-35.58,-48.195,-252.1,-782.56,-869.66,-814.37,-327.15,-152.06
-67.403,-111.49,-21.487,100.03,-30.358,-68.098,-209.48,-697.92,-777.74,-748.73,-313.41,-152.99
-68.54,-134.57,-40.67,111.89,-22.984,-89.336,-170.4,-617.32,-690.45,-681.41,-296.34,-152.32
-69.12,-157.34,-61.453,122.0,-14.655,-111.72,-135.39,-533.62,-596.18,-606.23,-277.45,-150.79
-69.358,-178.82,-82.72,130.55,-6.7624,-134.33,-105.77,-454.34,-503.96,-530.99,-259.32,-148.86
-69.388,-197.56,-103.44,137.56,-0.020856,-155.51,-84.477,-398.82,-441.11,-473.91,-243.84,-146.83
-69.281,-212.45,-122.57,143.0,5.5698,-173.38,-74.154,-367.97,-408.16,-437.97,-231.62,-144.84
-69.07,-223.31,-138.91,147.0,10.415,-186.85,-71.132,-350.77,-390.56,-416.07,-222.41,-142.93
-68.787,-230.78,-151.55,149.8,15.05,-196.11,-69.983,-339.59,-379.32,-401.97,-215.55,-141.09
-68.479,-235.75,-160.46,151.68,19.835,-202.12,-68.399,-330.99,-370.79,-392.03,-210.28,-139.34
-68.212,-238.98,-166.3,152.9,24.711,-205.87,-65.864,-323.51,-363.51,-384.26,-205.93,-137.67
-68.053,-241.03,-169.83,153.68,29.17,-208.12,-62.327,-316.53,-356.87,-377.64,-201.95,-136.14
-68.051,-242.29,-171.7,154.19,32.594,-209.34,-57.868,-309.78,-350.55,-371.65,-198.02,-134.75
-68.219,-242.99,-172.37,154.53,34.709,-209.85,-52.675,-303.14,-344.28,-366.0,-194.01,-133.5
-68.522,-243.3,-172.23,154.78,35.687,-209.85,-47.028,-296.53,-337.84,-360.5,-189.94,-132.34
-68.881,-243.32,-171.56,154.94,35.909,-209.52,-41.22,-289.78,-330.96,-354.98,-185.91,-131.18
-69.182,-243.11,-170.52,155.01,35.721,-208.94,-35.466,-282.62,-323.3,-349.2,-182.02,-129.94
-69.306,-242.72,-169.22,154.97,35.347,-208.15,-29.842,-274.69,-314.45,-342.89,-178.33,-128.55
-69.17,-242.14,-167.65,154.79,34.894,-207.18,-24.282,-265.5,-303.89,-335.71,-174.78,-126.99
-68.76,-241.35,-165.84,154.46,34.394,-206.01,-18.594,-254.5,-291.04,-327.28,-171.23,-125.22
-68.134,-240.33,-163.83,153.95,33.834,-204.64,-12.498,-241.14,-275.2,-317.07,-167.48,-123.17
-67.408,-239.01,-161.75,153.23,33.197,-203.08,-5.6864,-224.83,-255.55,-304.37,-163.28,-120.77
-66.704,-237.35,-159.75,152.27,32.497,-201.35,2.1054,-205.0,-231.1,-288.17,-158.46,-117.9
-66.09,-235.31,-157.95,150.98,31.796,-199.52,10.987,-181.12,-200.65,-267.13,-152.91,-114.48
-65.528,-232.85,-156.36,149.29,31.173,-197.57,20.85,-152.65,-162.56,-239.63,-146.64,-110.45
-64.866,-229.88,-154.88,147.1,30.659,-195.46,31.409,-119.04,-114.58,-204.01,-139.73,-105.82
-63.891,-226.32,-153.23,144.31,30.202,-193.04,42.337,-79.687,-53.808,-159.17,-132.22,-100.63
-62.431,-221.96,-151.08,140.86,29.744,-190.04,53.381,-33.832,22.569,-105.32,-124.05,-94.899
-60.429,-216.51,-148.02,136.66,29.322,-186.1,64.373,19.282,115.81,-43.943,-114.92,-88.666
-57.928,-209.55,-143.61,131.63,29.042,-180.73,75.148,80.14,224.0,23.208,-104.21,-81.95
-54.983,-200.52,-137.47,125.59,28.966,-173.35,85.456,148.58,341.85,95.377,-90.781,-74.761
-51.592,-188.9,-129.33,118.27,29.074,-163.45,94.998,223.58,463.15,172.94,-73.031,-67.084
-47.704,-174.36,-119.23,109.41,29.296,-150.81,103.54,303.36,583.38,256.75,-49.08,-58.834
-43.307,-157.06,-107.57,98.981,29.547,-135.72,110.99,385.94,700.56,347.48,-17.469,-49.825
-38.513,-137.86,-94.999,87.324,29.695,-119.03,117.46,469.54,814.18,445.33,22.104,-39.749
-33.573,-118.0,-82.26,75.129,29.539,-101.89,123.11,552.94,923.96,549.66,68.656,-28.175
-28.768,-98.653,-69.937,63.109,28.886,-85.282,128.16,635.48,1029.2,658.76,120.43,-14.553
-24.247,-80.523,-58.404,51.72,27.669,-69.8,132.75,716.8,1129.0,769.84,175.48,1.7306
-19.961,-63.859,-47.821,41.117,26.037,-55.665,136.93,796.51,1222.1,879.6,232.02,21.268
-15.7,-48.661,-38.193,31.282,24.327,-42.869,140.69,873.94,1306.8,985.07,288.63,44.443
-11.135,-34.798,-29.429,22.097,22.926,-31.287,143.95,948.08,1381.8,1084.0,344.19,71.158
-5.7944,-22.022,-21.407,13.334,22.094,-20.73,146.65,1017.8,1445.5,1174.9,397.66,100.57
0.91545,-9.9866,-14.004,4.6598,21.865,-10.985,148.78,1082.0,1497.6,1256.6,447.92,131.13
9.4662,1.6622,-7.1438,-4.2549,22.052,-1.8734,150.34,1140.2,1538.7,1328.1,493.81,160.95
19.849,13.196,-0.80589,-13.627,22.353,6.7413,151.38,1192.1,1570.4,1388.9,534.43,188.45
31.461,24.807,4.996,-23.532,22.461,14.997,152.0,1237.9,1594.5,1438.8,569.27,212.65
43.376,36.657,10.288,-33.963,22.181,23.088,152.25,1277.6,1612.9,1478.2,598.22,233.25
54.826,48.898,15.166,-44.884,21.557,31.253,152.23,1311.7,1626.9,1508.1,621.48,250.33
65.582,61.61,19.735,-56.247,20.908,39.664,151.97,1339.9,1637.4,1529.8,639.39,264.14
75.866,74.689,24.02,-67.922,20.611,48.298,151.49,1362.5,1644.8,1544.4,652.48,275.02
85.849,87.754,27.979,-79.568,20.802,56.907,150.79,1379.3,1649.3,1552.8,661.38,283.31
95.185,100.2,31.593,-90.581,21.319,65.132,149.85,1390.5,1651.0,1555.5,666.76,289.43
103.06,111.42,34.931,-100.27,21.807,72.682,148.67,1395.9,1649.5,1552.5,669.29,293.79
108.78,121.05,38.12,-108.18,21.83,79.43,147.25,1395.5,1644.5,1543.8,669.42,296.76
112.25,129.06,41.284,-114.25,21.025,85.402,145.57,1388.7,1634.8,1528.9,667.42,298.61
113.82,135.64,44.494,-118.72,19.258,90.7,143.62,1374.7,1619.3,1507.2,663.29,299.5
113.9,141.08,47.756,-121.96,16.662,95.433,141.34,1352.6,1596.1,1478.0,656.88,299.48
112.76,145.58,51.026,-124.23,13.541,99.663,138.64,1321.6,1563.3,1440.6,647.94,298.53
110.47,149.22,54.237,-125.65,10.194,103.39,135.35,1281.4,1519.2,1394.4,636.22,296.56
107.03,151.91,57.322,-126.15,6.7958,106.54,131.26,1231.8,1463.1,1338.8,621.56,293.47
102.42,153.48,60.227,-125.55,3.4048,109.02,126.06,1173.4,1395.3,1274.0,603.85,289.18
96.667,153.73,62.911,-123.66,0.065018,110.75,119.44,1107.1,1317.4,1200.7,582.96,283.6
89.842,152.55,65.345,-120.36,-3.1127,111.68,111.07,1034.1,1231.3,1120.3,558.78,276.65
82.009,149.93,67.487,-115.65,-5.9635,111.77,100.74,955.54,1139.3,1034.5,531.25,268.28
73.289,145.99,69.266,-109.72,-8.3454,111.06,88.464,873.03,1043.1,945.49,500.47,258.38
63.959,140.99,70.574,-102.92,-10.213,109.58,74.512,788.15,944.59,854.97,466.77,246.87
54.502,135.22,71.289,-95.703,-11.637,107.38,59.368,702.47,844.98,764.51,430.68,233.7
45.454,128.93,71.317,-88.447,-12.757,104.51,43.602,617.25,745.53,675.23,392.8,218.83
37.151,122.25,70.614,-81.334,-13.705,100.98,27.776,533.39,647.27,587.81,353.71,202.27
29.643,115.16,69.193,-74.335,-14.566,96.81,12.391,451.26,551.08,502.64,313.82,184.08
22.827,107.54,67.097,-67.302,-15.364,91.962,-2.1355,370.87,457.55,419.91,273.39,164.42
16.641,99.273,64.386,-60.1,-16.052,86.417,-15.507,291.98,366.91,339.66,232.55,143.57
11.15,90.33,61.12,-52.723,-16.513,80.187,-27.537,214.48,279.02,261.85,191.53,121.95
6.5159,80.861,57.361,-45.337,-16.578,73.356,-38.126,138.75,193.61,186.28,150.89,100.15
2.8828,71.177,53.183,-38.231,-16.088,66.096,-47.222,66.069,110.78,112.8,111.64,78.907
0.28123,61.665,48.686,-31.689,-14.962,58.656,-54.826,-1.4906,31.606,41.754,75.15,59.037
-1.401,52.67,44.002,-25.889,-13.243,51.307,-60.997,-61.776,-41.757,-25.592,42.618,41.242
-2.3841,44.425,39.291,-20.865,-11.087,44.292,-65.866,-113.39,-106.8,-87.158,14.659,25.936
-2.93,37.044,34.712,-16.561,-8.7344,37.796,-69.609,-156.08,-161.88,-140.75,-8.8031,13.186
-3.2759,30.555,30.394,-12.891,-6.4543,31.928,-72.424,-190.49,-206.79,-185.06,-28.274,2.7817
-3.5812,24.937,26.41,-9.7854,-4.4585,26.734,-74.498,-217.79,-242.56,-220.14,-44.381,-5.6387
-3.8975,20.149,22.78,-7.2042,-2.8156,22.206,-76.001,-239.23,-270.76,-247.14,-57.69,-12.473
-4.1745,16.123,19.483,-5.1194,-1.4178,18.299,-77.076,-256.04,-292.98,-267.69,-68.667,-18.089
-4.3093,12.774,16.498,-3.4962,-0.044391,14.95,-77.841,-269.23,-310.59,-283.38,-77.716,-22.797
-4.2245,9.9998,13.823,-2.2687,1.498,12.094,-78.387,-279.65,-324.64,-295.53,-85.2,-26.841
-3.9436,7.6821,11.48,-1.3218,3.2286,9.6752,-78.773,-287.95,-335.93,-305.14,-91.456,-30.402
-3.6207,5.69,9.5103,-0.49281,4.9181,7.6451,-79.045,-294.64,-345.07,-312.91,-96.781,-33.605
-3.4942,3.8878,7.9452,0.39649,6.1668,5.9536,-79.234,-300.08,-352.5,-319.35,-101.42,-36.523
-3.7732,2.1567,6.789,1.4872,6.625,4.5429,-79.372,-304.57,-358.57,-324.76,-105.55,-39.185
-4.5269,0.421,6.0048,2.8374,6.1983,3.3511,-79.488,-308.33,-363.56,-329.34,-109.29,-41.584
-5.6573,-1.3351,5.518,4.4081,5.0948,2.3214,-79.606,-311.52,-367.7,-333.2,-112.69,-43.689
-6.9684,-3.07,5.2335,6.0873,3.7054,1.4137,-79.737,-314.25,-371.18,-336.42,-115.8,-45.472
-8.2728,-4.707,5.0647,7.7374,2.3941,0.61157,-79.889,-316.6,-374.15,-339.06,-118.59,-46.918
-9.4577,-6.1675,4.9629,9.245,1.3343,-0.078346,-80.06,-318.62,-376.74,-341.22,-121.1,-48.051
-10.511,-7.403,4.9294,10.554,0.48107,-0.63795,-80.244,-320.34,-379.0,-342.99,-123.33,-48.915
-11.508,-8.4157,4.9985,11.675,-0.34007,-1.0553,-80.441,-321.78,-380.97,-344.49,-125.31,-49.578
-12.556,-9.2462,5.2001,12.659,-1.3046,-1.3418,-80.651,-322.97,-382.67,-345.83,-127.03,-50.115
-13.736,-9.9578,5.5234,13.564,-2.4917,-1.5332,-80.872,-323.95,-384.12,-347.12,-128.49,-50.591
-15.053,-10.612,5.9094,14.427,-3.8506,-1.6855,-81.099,-324.74,-385.3,-348.38,-129.68,-51.061
-16.423,-11.249,6.2669,15.245,-5.2302,-1.857,-81.324,-325.41,-386.24,-349.63,-130.57,-51.565
-17.699,-11.868,6.5108,15.974,-6.4437,-2.0839,-81.535,-326.0,-386.94,-350.81,-131.19,-52.119
-18.729,-12.425,6.601,16.553,-7.3345,-2.3619,-81.721,-326.55,-387.42,-351.89,-131.57,-52.703
-19.415,-12.851,6.5626,16.927,-7.823,-2.6409,-81.872,-327.05,-387.71,-352.79,-131.71,-53.262
-19.749,-13.078,6.4785,17.076,-7.9257,-2.8461,-81.984,-327.5,-387.83,-353.49,-131.65,-53.719
-19.798,-13.066,6.4512,17.023,-7.7434,-2.9056,-82.059,-327.88,-387.8,-353.99,-131.39,-54.006
-19.667,-12.825,6.5604,16.825,-7.416,-2.7799,-82.103,-328.18,-387.66,-354.32,-130.95,-54.093
-19.447,-12.407,6.832,16.552,-7.0551,-2.4759,-82.125,-328.42,-387.46,-354.57,-130.4,-53.998
-19.189,-11.879,7.2345,16.254,-6.7008,-2.0391,-82.134,-328.62,-387.21,-354.82,-129.85,-53.778
-18.896,-11.298,7.7016,15.946,-6.3438,-1.5306,-82.129,-328.78,-386.93,-355.11,-129.41,-53.496
-18.54,-10.684,8.1655,15.606,-5.981,-0.99945,-82.095,-328.92,-386.59,-355.47,-129.18,-53.196
-18.081,-10.02,8.5877,15.193,-5.6261,-0.4616,-82.011,-329.0,-386.16,-355.86,-129.17,-52.889
-17.493,-9.2622,8.9774,14.664,-5.29,0.10736,-81.857,-328.96,-385.59,-356.21,-129.35,-52.559
-16.787,-8.3543,9.3881,13.994,-4.9953,0.7622,-81.626,-328.77,-384.86,-356.47,-129.61,-52.177
-16.029,-7.2536,9.8989,13.177,-4.8128,1.5652,-81.325,-328.39,-384.0,-356.6,-129.82,-51.726
-15.324,-5.944,10.59,12.234,-4.8601,2.5637,-80.964,-327.85,-383.05,-356.63,-129.84,-51.219
-14.782,-4.4331,11.525,11.202,-5.255,3.7833,-80.541,-327.17,-382.1,-356.59,-129.55,-50.694
-14.473,-2.7277,12.751,10.113,-6.0574,5.2466,-80.013,-326.35,-381.15,-356.51,-128.92,-50.209
-14.404,-0.80206,14.332,8.98,-7.2446,7.0101,-79.275,-325.3,-380.13,-356.39,-127.96,-49.824
-14.531,1.4336,16.394,7.7871,-8.7293,9.2097,-78.136,-323.79,-378.77,-356.1,-126.78,-49.595
-14.775,4.1643,19.16,6.4825,-10.404,12.108,-76.294,-321.4,-376.62,-355.46,-125.53,-49.56
-15.057,7.7138,22.955,4.9622,-12.218,16.139,-73.304,-317.42,-372.95,-354.14,-124.3,-49.724
-15.304,12.613,28.066,3.0351,-14.367,21.929,-68.577,-310.8,-366.69,-351.62,-123.09,-50.034
-15.445,19.67,34.267,0.36521,-17.535,30.107,-61.571,-300.05,-356.3,-347.05,-121.72,-50.347
-15.383,29.848,39.848,-3.6222,-21.994,40.452,-52.338,-283.43,-339.77,-338.86,-119.89,-50.412
-15.0,43.373,41.66,-9.836,-25.332,50.146,-41.911,-259.83,-315.44,-324.25,-117.12,-49.876
-14.191,57.614,40.926,-19.235,-26.766,54.05,-31.366,-230.47,-283.97,-298.96,-112.61,-48.3
-12.773,66.663,45.356,-31.216,-28.736,52.139,-20.813,-199.97,-248.92,-259.74,-104.66,-45.135
-10.019,68.036,57.976,-41.563,-33.331,54.142,-10.792,-176.44,-215.19,-209.31,-89.291,-39.398
-4.4481,69.693,78.122,-45.597,-41.947,67.389,-4.2776,-170.41,-190.89,-153.9,-60.414,-28.692
2.4854,83.399,105.73,-45.869,-55.161,91.827,-2.8202,-184.41,-184.98,-93.729,-24.065,-11.851
4.4923,114.12,142.24,-52.62,-72.872,127.31,18.963,-179.11,-176.68,-24.385,-8.6001,-9.7468
1.8978,162.06,190.24,-73.233,-95.207,175.98,93.472,-35.313,-73.336,57.046,-19.433,-33.656
2.5895,227.42,249.81,-107.47,-121.66,239.13,159.37,255.45,197.9,151.83,-21.078,-41.479
12.133,307.74,312.87,-153.51,-147.47,312.1,206.27,483.84,520.95,264.82,15.849,-25.43
31.785,394.19,367.54,-208.57,-164.95,383.7,227.47,644.22,763.03,413.67,94.224,13.008
61.632,476.1,411.39,-267.56,-171.91,445.57,212.41,716.46,900.21,627.57,214.06,78.154
101.11,549.75,447.97,-326.42,-170.79,498.34,155.39,652.23,896.22,883.52,380.29,174.41
148.75,618.94,478.34,-385.17,-163.41,546.36,55.132,412.42,716.57,1075.2,595.52,305.21
202.5,689.93,503.28,-446.82,-151.26,593.65,-86.011,-15.219,354.46,1167.6,845.67,470.56
259.57,768.56,529.03,-514.11,-139.35,645.5,-260.54,-604.47,-162.6,1183.9,1103.0,661.14
315.93,859.62,566.98,-587.39,-136.13,709.5,-455.37,-1292.7,-778.85,1130.8,1346.9,859.35
366.96,965.11,625.17,-664.97,-146.67,790.82,-653.67,-1996.1,-1425.1,1012.6,1563.1,1048.7
409.11,1080.7,702.17,-743.11,-169.43,886.76,-838.27,-2628.7,-2036.6,834.2,1735.5,1216.1
440.22,1193.9,786.85,-814.75,-198.29,985.55,-994.1,-3127.1,-2567.1,593.87,1845.2,1349.9
458.51,1285.8,861.76,-869.62,-225.39,1069.0,-1108.2,-3464.9,-2995.9,288.68,1873.4,1438.5
462.21,1335.2,907.41,-896.28,-242.42,1116.8,-1171.3,-3647.3,-3324.1,-80.762,1804.6,1470.6
449.88,1324.8,906.92,-885.26,-242.04,1111.8,-1179.7,-3699.1,-3563.6,-507.58,1629.9,1436.9
421.06,1245.4,851.18,-832.0,-221.45,1045.0,-1138.7,-3655.0,-3727.3,-975.39,1351.0,1332.4
376.75,1100.6,743.18,-738.71,-184.32,919.16,-1063.4,-3551.0,-3823.9,-1455.5,982.89,1159.5
319.49,907.21,598.72,-614.84,-138.81,750.65,-977.16,-3418.9,-3857.8,-1907.2,556.87,930.67
253.44,692.68,442.54,-475.82,-94.139,565.72,-903.06,-3279.9,-3829.6,-2283.2,118.58,669.18
184.22,488.29,301.37,-339.76,-59.258,393.46,-854.64,-3137.2,-3736.8,-2540.6,-279.16,406.2
118.1,319.83,195.49,-222.59,-40.339,256.83,-829.56,-2977.1,-3579.1,-2654.6,-589.79,172.7
60.387,200.09,132.14,-133.54,-37.419,165.75,-813.34,-2793.5,-3364.2,-2626.1,-787.22,-10.085
14.038,127.12,105.55,-73.427,-46.03,116.33,-792.53,-2590.4,-3105.8,-2479.0,-872.17,-135.53
-20.462,89.556,103.48,-36.888,-60.966,96.722,-761.08,-2366.9,-2817.2,-2251.5,-866.76,-209.13
-44.194,73.845,113.91,-16.419,-78.055,94.108,-716.17,-2122.9,-2510.1,-1984.8,-802.44,-242.69
-58.705,67.797,126.45,-5.0173,-92.867,97.198,-655.65,-1866.7,-2197.0,-1714.7,-708.29,-249.46
-64.627,61.297,131.36,2.3967,-98.454,96.173,-581.94,-1615.8,-1893.2,-1468.3,-596.26,-240.43
-58.925,49.01,120.28,4.7509,-86.049,83.493,-505.43,-1388.2,-1614.7,-1264.2,-468.32,-213.19
-42.731,26.877,82.027,6.5605,-66.781,52.436,-436.27,-1194.6,-1374.5,-1109.5,-382.78,-147.36
-36.65,-2.1711,43.13,18.378,-52.988,18.133,-376.34,-1037.2,-1178.9,-996.21,-350.23,-121.73
-40.019,-25.157,18.838,31.843,-41.512,-5.8239,-322.95,-911.63,-1026.0,-909.44,-336.93,-130.0
-44.447,-44.491,-0.25533,45.05,-29.262,-24.398,-274.06,-810.41,-907.32,-836.71,-326.63,-138.13
-47.423,-63.613,-19.259,57.683,-16.017,-42.39,-229.02,-724.67,-811.07,-770.04,-314.12,-142.24
-48.859,-83.546,-39.94,69.282,-3.2642,-61.686,-187.61,-645.39,-724.36,-703.66,-297.79,-143.55
-49.166,-104.21,-62.084,79.71,7.6723,-82.521,-149.95,-564.09,-633.79,-630.17,-278.52,-143.21
-48.736,-125.17,-84.485,89.022,16.635,-104.44,-116.95,-481.21,-536.63,-551.11,-259.09,-141.96
-47.858,-145.74,-105.91,97.261,24.209,-126.57,-90.569,-415.7,-459.19,-485.77,-242.11,-140.26
-46.727,-164.97,-125.47,104.42,30.971,-147.65,-74.433,-377.5,-416.48,-443.26,-228.67,-138.44
-45.484,-181.87,-142.3,110.48,36.843,-166.13,-68.376,-356.97,-395.06,-417.53,-218.52,-136.7
-44.238,-195.74,-155.49,115.51,41.146,-180.76,-66.244,-344.45,-382.42,-401.33,-210.78,-135.16
-43.075,-206.52,-164.68,119.68,43.661,-191.2,-63.888,-335.31,-373.13,-390.16,-204.48,-133.91
-42.043,-214.6,-170.42,123.24,44.95,-198.05,-60.282,-327.61,-365.28,-381.64,-198.83,-132.98
-41.183,-220.58,-173.64,126.41,45.737,-202.27,-55.452,-320.56,-358.2,-374.5,-193.41,-132.36
-40.573,-225.0,-175.14,129.35,46.532,-204.7,-49.676,-313.81,-351.63,-368.1,-188.15,-132.01
-40.337,-228.21,-175.45,132.12,47.589,-205.9,-43.319,-307.21,-345.4,-362.08,-183.22,-131.88
-40.586,-230.46,-174.93,134.66,48.924,-206.25,-36.762,-300.66,-339.32,-356.25,-178.82,-131.9
-41.331,-231.94,-173.86,136.89,50.343,-206.03,-30.297,-294.01,-333.11,-350.44,-175.05,-132.0
-42.47,-232.79,-172.41,138.7,51.503,-205.44,-24.06,-287.05,-326.42,-344.45,-171.82,-132.07
-43.851,-233.14,-170.71,140.07,52.025,-204.61,-18.022,-279.44,-318.82,-338.01,-168.88,-131.99
-45.347,-233.09,-168.83,140.98,51.617,-203.66,-12.019,-270.77,-309.82,-330.81,-165.95,-131.62
-46.879,-232.69,-166.81,141.43,50.158,-202.59,-5.8118,-260.52,-298.86,-322.41,-162.78,-130.8
-48.389,-231.91,-164.67,141.43,47.717,-201.4,0.86902,-248.13,-285.31,-312.22,-159.17,-129.39
-49.815,-230.71,-162.38,140.96,44.509,-200.03,8.2653,-232.97,-268.43,-299.47,-155.04,-127.25
-51.104,-229.02,-159.94,140.05,40.838,-198.43,16.558,-214.36,-247.38,-283.17,-150.33,-124.31
-52.247,-226.8,-157.32,138.76,37.046,-196.51,25.806,-191.58,-221.17,-262.08,-145.06,-120.55
-53.288,-224.06,-154.47,137.19,33.478,-194.22,35.909,-163.93,-188.51,-234.86,-139.29,-116.04
-54.278,-220.82,-151.33,135.47,30.418,-191.48,46.614,-130.75,-147.59,-200.28,-133.08,-110.88
-55.195,-217.09,-147.81,133.71,28.017,-188.19,57.581,-91.55,-95.871,-157.58,-126.43,-105.2
-55.893,-212.81,-143.83,131.86,26.239,-184.24,68.458,-45.924,-30.329,-106.76,-119.29,-99.088
-56.14,-207.74,-139.24,129.68,24.886,-179.43,78.954,6.4543,51.495,-48.619,-111.41,-92.545
-55.709,-201.39,-133.86,126.73,23.725,-173.47,88.87,65.821,149.82,15.629,-102.33,-85.521
-54.426,-193.07,-127.41,122.39,22.669,-165.89,98.087,132.17,261.4,85.078,-91.196,-77.934
-52.139,-181.99,-119.58,116.05,21.864,-156.15,106.53,205.02,380.43,159.59,-76.646,-69.702
-48.693,-167.54,-110.21,107.25,21.577,-143.8,114.16,283.18,501.18,239.78,-56.773,-60.728
-43.993,-149.72,-99.483,95.97,21.983,-128.87,120.97,364.94,620.11,326.55,-29.454,-50.837
-38.149,-129.45,-88.012,82.81,23.035,-112.14,127.03,448.53,735.97,420.48,6.6904,-39.702
-31.497,-108.35,-76.632,68.834,24.499,-94.902,132.45,532.47,848.56,521.33,51.296,-26.809
-24.336,-87.978,-65.991,55.088,26.13,-78.411,137.31,615.77,957.51,627.64,102.4,-11.527
-16.687,-69.249,-56.298,42.201,27.78,-63.316,141.68,697.83,1061.9,736.92,157.61,6.7087
-8.313,-52.378,-47.411,30.326,29.385,-49.712,145.57,778.16,1160.3,846.13,214.83,28.161
1.0779,-37.199,-39.072,19.334,30.909,-37.454,148.96,856.22,1251.2,952.27,272.27,52.622
11.62,-23.436,-31.114,8.9835,32.322,-26.384,151.8,931.29,1332.9,1052.8,328.5,79.415
23.176,-10.798,-23.532,-0.99541,33.583,-16.391,154.08,1002.4,1404.1,1145.7,382.43,107.54
35.371,1.0411,-16.44,-10.884,34.637,-7.3461,155.81,1068.6,1463.9,1229.5,433.15,135.91
47.75,12.461,-9.9693,-20.96,35.424,0.95686,157.04,1128.8,1512.4,1303.2,479.77,163.44
59.939,23.882,-4.1829,-31.491,35.913,8.8055,157.85,1182.3,1550.6,1366.4,521.44,189.18
71.706,35.707,0.95556,-42.705,36.133,16.517,158.3,1228.8,1579.9,1419.1,557.6,212.39
82.859,48.238,5.5436,-54.732,36.167,24.364,158.47,1268.7,1602.1,1462.0,588.11,232.56
93.07,61.58,9.7007,-67.47,36.103,32.513,158.4,1302.5,1618.8,1495.9,613.21,249.51
101.83,75.539,13.551,-80.451,35.966,40.998,158.12,1330.9,1631.1,1521.5,633.25,263.31
108.67,89.594,17.221,-92.868,35.712,49.717,157.67,1354.4,1639.9,1539.7,648.56,274.21
113.5,103.0,20.832,-103.87,35.269,58.431,157.06,1373.3,1645.7,1551.0,659.42,282.53
116.64,115.04,24.47,-112.89,34.586,66.804,156.31,1387.3,1648.5,1555.9,666.19,288.65
118.59,125.22,28.154,-119.84,33.629,74.481,155.4,1396.4,1648.4,1554.9,669.44,292.89
119.8,133.4,31.825,-124.93,32.365,81.207,154.3,1400.0,1644.7,1548.2,669.8,295.57
120.6,139.72,35.378,-128.5,30.765,86.882,152.95,1397.6,1636.7,1535.7,667.86,296.93
121.15,144.48,38.713,-130.91,28.822,91.551,151.29,1388.6,1623.1,1516.9,663.99,297.12
121.44,147.96,41.787,-132.39,26.556,95.342,149.26,1372.2,1602.4,1491.1,658.24,296.21
121.33,150.4,44.62,-133.1,23.958,98.405,146.77,1347.6,1572.9,1457.2,650.44,294.2
120.61,151.94,47.269,-133.07,20.983,100.87,143.76,1313.8,1533.1,1414.5,640.24,291.02
119.0,152.72,49.79,-132.32,17.605,102.84,140.14,1270.4,1481.8,1362.7,627.21,286.61
116.31,152.8,52.199,-130.87,13.914,104.38,135.8,1217.4,1419.0,1302.1,611.0,280.87
112.49,152.25,54.464,-128.76,10.122,105.49,130.57,1155.5,1345.5,1233.4,591.41,273.75
107.66,151.07,56.5,-126.07,6.4726,106.14,124.23,1085.8,1262.8,1157.6,568.46,265.25
102.09,149.22,58.19,-122.84,3.1547,106.25,116.48,1010.0,1173.1,1076.0,542.3,255.44
96.12,146.65,59.406,-119.12,0.27266,105.7,107.04,929.71,1078.5,989.93,513.21,244.39
89.958,143.28,60.05,-114.91,-2.1479,104.44,95.738,846.33,981.02,900.9,481.43,232.13
83.671,139.04,60.087,-110.14,-4.145,102.41,82.622,761.14,882.11,810.47,447.25,218.61
77.145,133.82,59.552,-104.67,-5.7998,99.592,67.968,675.19,782.97,720.15,410.94,203.66
70.111,127.55,58.54,-98.342,-7.198,96.024,52.253,589.39,684.53,631.25,372.94,187.06
62.235,120.22,57.168,-91.025,-8.3802,91.77,36.062,504.52,587.59,544.64,333.77,168.66
53.301,111.89,55.55,-82.718,-9.3113,86.943,19.973,421.2,492.82,460.77,294.0,148.51
43.531,102.78,53.764,-73.634,-9.9109,81.691,4.477,339.75,400.7,379.66,254.06,127.08
33.759,93.244,51.844,-64.213,-10.131,76.169,-10.041,260.27,311.4,301.05,214.15,105.22
25.077,83.639,49.786,-54.991,-10.01,70.506,-23.264,182.84,224.91,224.54,174.34,83.973
18.122,74.273,47.576,-46.405,-9.6624,64.785,-34.922,108.01,141.3,149.81,134.91,64.372
12.82,65.326,45.204,-38.665,-9.2371,59.047,-44.829,37.109,61.255,77.117,96.654,47.137
8.7094,56.87,42.671,-31.793,-8.8862,53.315,-52.953,-27.847,-13.686,7.6598,60.938,32.565
5.322,48.937,39.978,-25.726,-8.742,47.616,-59.427,-84.851,-81.461,-56.472,29.203,20.567
2.353,41.563,37.135,-20.394,-8.8931,42.012,-64.496,-132.77,-140.33,-113.13,2.3512,10.798
-0.34082,34.791,34.183,-15.725,-9.3564,36.603,-68.434,-171.69,-189.56,-161.04,-19.534,2.8127
-2.8083,28.644,31.217,-11.63,-10.063,31.513,-71.484,-202.6,-229.51,-200.16,-37.017,-3.8181
-5.0697,23.113,28.369,-7.9952,-10.877,26.853,-73.836,-226.92,-261.27,-231.35,-50.937,-9.456
-7.1527,18.165,25.773,-4.7029,-11.636,22.705,-75.628,-246.01,-286.24,-255.86,-62.131,-14.378
-9.0986,13.752,23.521,-1.659,-12.195,19.1,-76.963,-261.04,-305.77,-274.96,-71.297,-18.783
-10.945,9.8241,21.643,1.1898,-12.454,16.02,-77.928,-272.92,-321.08,-289.79,-78.966,-22.812
-12.695,6.3366,20.101,3.8508,-12.358,13.408,-78.613,-282.36,-333.16,-301.33,-85.528,-26.558
-14.306,3.2581,18.805,6.2909,-11.91,11.179,-79.11,-289.92,-342.77,-310.34,-91.256,-30.074
-15.716,0.56886,17.642,8.4569,-11.186,9.2512,-79.504,-296.03,-350.52,-317.46,-96.334,-33.377
-16.891,-1.7514,16.511,10.305,-10.337,7.5468,-79.866,-301.02,-356.83,-323.14,-100.87,-36.456
-17.832,-3.7397,15.352,11.824,-9.5493,6.0036,-80.239,-305.14,-362.02,-327.74,-104.92,-39.277
-18.556,-5.4558,14.148,13.042,-8.9694,4.5712,-80.64,-308.58,-366.33,-331.51,-108.51,-41.799
-19.08,-6.9751,12.905,14.017,-8.6613,3.2099,-81.062,-311.49,-369.93,-334.64,-111.67,-43.987
-19.413,-8.3704,11.642,14.818,-8.6024,1.8935,-81.484,-313.97,-372.96,-337.27,-114.44,-45.83
-19.552,-9.6883,10.385,15.504,-8.6928,0.61578,-81.886,-316.1,-375.53,-339.51,-116.9,-47.35
-19.486,-10.929,9.1588,16.097,-8.7708,-0.60614,-82.255,-317.92,-377.75,-341.42,-119.11,-48.606
-19.201,-12.048,7.985,16.577,-8.6603,-1.7361,-82.584,-319.48,-379.64,-343.08,-121.12,-49.66
-18.712,-12.977,6.8859,16.903,-8.2397,-2.7296,-82.876,-320.8,-381.26,-344.49,-122.94,-50.568
-18.091,-13.665,5.8964,17.053,-7.4995,-3.5468,-83.137,-321.9,-382.62,-345.71,-124.54,-51.359
-17.474,-14.108,5.0721,17.065,-6.5614,-4.1576,-83.371,-322.81,-383.71,-346.73,-125.89,-52.043
-17.02,-14.351,4.477,17.025,-5.6403,-4.5535,-83.579,-323.54,-384.55,-347.59,-126.95,-52.617
-16.842,-14.473,4.1406,17.023,-4.9448,-4.7586,-83.761,-324.11,-385.16,-348.33,-127.72,-53.092
-16.946,-14.548,4.022,17.103,-4.5672,-4.8302,-83.915,-324.55,-385.55,-349.02,-128.25,-53.488
-17.221,-14.62,4.0182,17.244,-4.4578,-4.8413,-84.044,-324.87,-385.76,-349.69,-128.65,-53.827
-17.487,-14.694,4.013,17.375,-4.4925,-4.8543,-84.148,-325.09,-385.83,-350.4,-129.03,-54.121
-17.575,-14.736,3.933,17.422,-4.5525,-4.8969,-84.227,-325.24,-385.79,-351.14,-129.46,-54.369
-17.421,-14.715,3.7751,17.353,-4.5731,-4.9586,-84.278,-325.37,-385.67,-351.87,-129.96,-54.556
-17.109,-14.624,3.6105,17.214,-4.5737,-5.0018,-84.294,-325.51,-385.49,-352.56,-130.48,-54.661
-16.833,-14.484,3.5675,17.103,-4.6607,-4.9718,-84.271,-325.68,-385.26,-353.15,-130.93,-54.669
-16.807,-14.308,3.7941,17.113,-4.9729,-4.8008,-84.202,-325.89,-384.99,-353.6,-131.19,-54.564
-17.157,-14.064,4.4029,17.255,-5.5826,-4.4157,-84.085,-326.11,-384.67,-353.89,-131.17,-54.339
-17.848,-13.656,5.4195,17.431,-6.439,-3.7544,-83.917,-326.29,-384.28,-354.04,-130.84,-53.996
-18.686,-12.953,6.7729,17.457,-7.4088,-2.7814,-83.694,-326.38,-383.81,-354.08,-130.24,-53.54
-19.389,-11.832,8.3368,17.13,-8.3695,-1.4955,-83.411,-326.31,-383.21,-354.07,-129.45,-52.979
-19.723,-10.234,9.9913,16.324,-9.2731,0.073701,-83.065,-326.05,-382.48,-354.02,-128.56,-52.313
-19.624,-8.2003,11.662,15.06,-10.138,1.8718,-82.653,-325.58,-381.6,-353.98,-127.66,-51.546
-19.22,-5.8761,13.326,13.502,-10.994,3.8221,-82.182,-324.94,-380.59,-353.93,-126.77,-50.693
-18.735,-3.4724,14.999,11.892,-11.848,5.8334,-81.656,-324.18,-379.5,-353.86,-125.92,-49.798
-18.356,-1.2,16.718,10.462,-12.671,7.8215,-81.063,-323.33,-378.38,-353.76,-125.12,-48.924
-18.164,0.80883,18.538,9.3496,-13.403,9.7475,-80.342,-322.36,-377.2,-353.58,-124.39,-48.145
-18.132,2.5692,20.54,8.5583,-13.966,11.666,-79.355,-321.09,-375.83,-353.25,-123.73,-47.527
-18.165,4.2854,22.859,7.944,-14.323,13.773,-77.852,-319.15,-373.96,-352.67,-123.16,-47.11
-18.137,6.3522,25.718,7.2484,-14.582,16.442,-75.439,-315.93,-371.05,-351.64,-122.66,-46.894
-17.937,9.3271,29.417,6.159,-15.14,20.242,-71.544,-310.48,-366.22,-349.84,-122.19,-46.833
-17.515,13.92,34.163,4.3625,-16.744,25.917,-65.504,-301.44,-358.19,-346.68,-121.61,-46.831
-16.899,21.021,39.513,1.5378,-19.714,34.145,-56.992,-286.97,-345.15,-341.05,-120.69,-46.74
-16.178,31.585,43.325,-2.7718,-22.493,44.493,-46.719,-265.31,-325.03,-330.95,-119.03,-46.343
-15.44,45.579,42.646,-9.3525,-24.425,53.31,-36.059,-236.22,-296.84,-313.0,-115.99,-45.335
-14.712,59.435,41.356,-19.04,-27.27,54.701,-25.401,-202.73,-262.37,-282.97,-110.39,-43.298
-13.875,66.246,47.703,-30.842,-32.621,50.789,-14.338,-171.53,-225.65,-239.13,-99.723,-39.522
-12.406,65.19,62.698,-39.9,-41.554,53.926,-4.2385,-153.12,-192.57,-185.89,-78.851,-32.266
-9.228,67.609,85.417,-42.113,-54.736,69.762,0.98079,-158.23,-173.61,-128.15,-44.448,-18.668
-5.2321,84.798,115.95,-42.483,-71.997,96.831,6.0798,-175.49,-174.06,-64.325,-14.006,-8.8525
-4.8111,119.14,155.36,-51.915,-92.435,135.06,53.012,-120.36,-148.45,9.5655,-12.624,-26.654
-5.7792,170.27,204.97,-75.557,-115.0,186.23,126.32,118.35,11.462,95.249,-25.441,-42.064
-1.0898,238.25,263.24,-112.44,-137.71,250.49,183.31,380.33,317.77,193.21,-11.136,-33.838
12.508,319.7,322.51,-160.82,-156.67,322.44,220.54,572.54,615.09,308.33,45.858,-3.9927
35.384,405.7,373.56,-217.31,-167.93,392.08,226.7,696.45,823.03,459.49,142.61,50.888
67.496,487.36,414.23,-277.13,-170.34,452.8,193.36,708.05,917.17,676.4,279.66,135.11
108.69,562.92,446.79,-337.84,-165.04,505.51,117.08,561.73,856.75,927.03,461.99,251.26
158.55,636.89,472.88,-400.94,-153.78,554.4,-1.8419,230.93,614.84,1103.2,689.52,399.75
215.62,715.3,496.56,-469.22,-139.98,604.56,-159.03,-278.31,196.21,1182.8,944.35,576.09
275.89,803.06,527.77,-543.19,-130.4,663.13,-344.45,-922.35,-360.7,1189.9,1200.1,768.35
333.16,903.5,576.76,-620.98,-131.96,737.12,-543.14,-1628.2,-993.5,1130.3,1437.7,960.99
382.26,1016.0,646.38,-699.98,-146.6,827.82,-737.9,-2310.0,-1632.8,1007.8,1641.5,1139.5
420.69,1132.5,729.39,-775.73,-170.2,927.56,-912.47,-2890.3,-2219.5,825.65,1794.0,1291.0
447.48,1237.2,810.06,-840.44,-195.93,1020.5,-1052.7,-3322.3,-2716.6,581.12,1876.4,1403.0
461.65,1309.7,868.99,-883.66,-217.24,1086.4,-1146.8,-3594.1,-3111.6,270.48,1870.8,1463.8
461.76,1330.0,888.18,-894.52,-227.87,1106.1,-1187.6,-3719.9,-3410.2,-106.38,1763.4,1463.1
446.31,1284.5,855.53,-865.12,-221.9,1067.0,-1174.3,-3729.3,-3624.8,-542.26,1548.8,1393.5
414.79,1170.6,769.2,-793.48,-196.82,967.08,-1115.9,-3658.0,-3766.4,-1018.7,1233.3,1254.1
368.32,998.96,640.23,-684.95,-157.21,817.03,-1032.0,-3541.2,-3842.1,-1503.8,838.22,1052.6
309.79,792.07,490.54,-551.82,-113.02,638.92,-947.45,-3406.8,-3855.1,-1953.8,400.26,807.16
243.78,579.73,346.16,-411.3,-74.14,460.6,-883.02,-3269.0,-3804.6,-2320.4,-30.902,544.53
176.31,391.34,229.09,-281.56,-47.455,307.88,-845.59,-3123.6,-3687.7,-2562.4,-402.51,295.04
113.58,247.32,151.26,-176.57,-35.952,197.08,-826.11,-2958.8,-3506.4,-2658.0,-674.05,84.692
60.042,153.47,112.6,-101.88,-38.25,131.11,-809.34,-2773.4,-3271.4,-2611.6,-829.77,-71.885
17.352,102.1,103.74,-54.569,-50.083,101.4,-785.53,-2568.2,-2997.6,-2449.7,-879.58,-173.3
-14.909,79.085,111.67,-27.186,-66.556,94.271,-750.74,-2340.3,-2698.3,-2211.7,-849.66,-227.84
-37.96,70.473,124.31,-11.927,-83.232,96.595,-702.22,-2091.0,-2385.4,-1939.3,-771.13,-248.17
-52.864,64.807,131.69,-2.4841,-94.612,97.626,-638.31,-1831.3,-2072.9,-1667.7,-668.51,-246.97
-59.572,54.628,126.52,3.7007,-91.525,89.711,-563.65,-1579.9,-1776.8,-1423.2,-540.74,-232.01
-56.755,36.693,99.111,6.5164,-75.667,66.531,-489.58,-1354.3,-1512.3,-1224.4,-415.31,-186.48
-49.222,6.5956,58.439,16.739,-63.707,30.569,-423.66,-1164.0,-1289.9,-1076.7,-357.44,-128.07
-47.729,-23.35,30.392,32.608,-57.368,-0.029678,-365.71,-1010.1,-1112.2,-969.26,-338.76,-126.57
-51.175,-48.373,9.6306,48.746,-51.35,-23.526,-313.19,-887.68,-974.18,-886.36,-329.09,-137.12
-55.025,-71.498,-9.9083,64.37,-42.411,-44.545,-264.81,-788.5,-865.7,-815.82,-318.89,-143.56
-57.805,-94.383,-30.593,79.173,-29.989,-65.442,-220.21,-703.25,-774.32,-750.23,-305.49,-146.09
-59.546,-117.47,-52.584,92.964,-15.565,-86.824,-179.18,-622.51,-686.67,-683.51,-288.76,-146.25
-60.56,-140.72,-74.894,105.52,-1.7497,-108.72,-142.16,-538.82,-591.01,-609.3,-270.56,-145.15
-61.093,-163.41,-96.303,116.43,9.6111,-130.73,-110.47,-458.79,-498.03,-534.38,-253.51,-143.6
-61.284,-184.02,-116.09,125.27,18.296,-151.88,-86.65,-401.92,-436.56,-476.68,-239.33,-142.11
-61.196,-201.01,-133.93,131.95,24.983,-170.56,-73.694,-369.96,-405.39,-439.95,-228.41,-140.95
-60.849,-213.78,-149.16,136.75,30.577,-185.24,-69.025,-352.01,-389.0,-417.46,-220.26,-140.2
-60.272,-222.8,-160.76,140.12,35.648,-195.48,-67.046,-340.38,-378.56,-402.97,-214.07,-139.77
-59.544,-228.99,-168.36,142.52,39.776,-201.99,-64.911,-331.52,-370.59,-392.74,-209.04,-139.54
-58.813,-233.23,-172.65,144.31,42.274,-205.87,-61.818,-323.91,-363.76,-384.75,-204.57,-139.4
-58.254,-236.1,-174.65,145.74,43.326,-208.03,-57.56,-316.85,-357.5,-377.93,-200.33,-139.26
-57.996,-237.98,-175.17,146.91,43.562,-209.03,-52.133,-310.03,-351.45,-371.75,-196.21,-139.04
-58.05,-239.08,-174.7,147.88,43.482,-209.21,-45.717,-303.32,-345.36,-365.93,-192.24,-138.7
-58.318,-239.55,-173.56,148.6,43.353,-208.77,-38.663,-296.63,-338.98,-360.31,-188.51,-138.18
-58.652,-239.46,-171.96,149.03,43.254,-207.87,-31.369,-289.85,-332.07,-354.71,-185.0,-137.4
-58.937,-238.9,-170.05,149.16,43.138,-206.62,-24.128,-282.73,-324.33,-348.94,-181.65,-136.28
-59.132,-237.93,-167.96,148.97,42.88,-205.1,-17.05,-274.92,-315.4,-342.75,-178.3,-134.78
-59.265,-236.62,-165.79,148.5,42.328,-203.43,-10.081,-265.95,-304.83,-335.82,-174.79,-132.87
-59.391,-235.04,-163.61,147.76,41.355,-201.67,-3.0777,-255.25,-292.08,-327.79,-170.97,-130.58
-59.547,-233.23,-161.47,146.79,39.907,-199.89,4.1386,-242.24,-276.52,-318.19,-166.76,-127.97
-59.718,-231.2,-159.34,145.6,38.026,-198.08,11.72,-226.28,-257.35,-306.43,-162.14,-125.1
-59.822,-228.95,-157.22,144.16,35.868,-196.22,19.766,-206.71,-233.62,-291.69,-157.08,-122.0
-59.719,-226.4,-155.1,142.42,33.671,-194.26,28.325,-182.88,-204.06,-272.85,-151.56,-118.62
-59.239,-223.45,-153.0,140.28,31.701,-192.11,37.421,-154.12,-166.92,-248.46,-145.54,-114.85
-58.232,-219.89,-150.87,137.56,30.181,-189.64,47.068,-119.73,-119.76,-216.84,-138.97,-110.51
-56.614,-215.46,-148.65,134.11,29.246,-186.66,57.242,-79.016,-59.473,-176.46,-131.81,-105.43
-54.413,-209.85,-146.17,129.77,28.918,-182.9,67.823,-31.341,16.92,-126.72,-123.98,-99.495
-51.757,-202.7,-143.15,124.45,29.128,-178.02,78.558,23.811,110.61,-68.503,-115.27,-92.712
-48.792,-193.7,-139.2,118.12,29.735,-171.58,89.068,86.629,219.37,-3.6964,-105.21,-85.208
-45.57,-182.52,-133.88,110.74,30.571,-163.13,98.936,156.71,337.64,66.225,-92.954,-77.195
-42.006,-168.88,-126.78,102.18,31.51,-152.25,107.81,232.87,459.13,141.05,-77.219,-68.876
-37.928,-152.71,-117.77,92.282,32.523,-138.83,115.52,313.38,579.46,221.44,-56.348,-60.356
-33.222,-134.4,-107.2,81.113,33.645,-123.28,122.06,396.25,696.72,308.15,-28.692,-51.569
-27.975,-114.93,-95.843,69.118,34.836,-106.59,127.59,479.88,810.46,401.57,6.7548,-42.244
-22.453,-95.667,-84.52,57.086,35.922,-90.08,132.34,563.26,920.38,501.57,49.807,-31.899
-16.912,-77.832,-73.796,45.773,36.677,-74.815,136.54,645.9,1025.8,607.22,99.153,-19.888
-11.4,-61.976,-63.834,35.536,36.952,-61.243,140.35,727.54,1125.7,716.6,152.89,-5.4879
-5.7188,-47.961,-54.5,26.281,36.727,-49.215,143.83,807.8,1218.7,826.8,209.11,11.967
0.4905,-35.277,-45.566,17.653,36.097,-38.305,147.02,886.0,1303.5,934.52,266.12,32.905
7.6215,-23.386,-36.884,9.2479,35.22,-28.116,149.87,961.01,1378.6,1036.9,322.52,57.324
15.993,-11.892,-28.457,0.72963,34.265,-18.429,152.35,1031.5,1443.0,1131.8,377.04,84.63
25.763,-0.53813,-20.393,-8.1609,33.369,-9.1687,154.42,1096.0,1496.1,1217.9,428.49,113.64
36.841,10.864,-12.83,-17.628,32.614,-0.31138,156.07,1153.7,1538.3,1294.3,475.81,142.8
48.814,22.498,-5.8715,-27.823,32.012,8.2018,157.3,1204.3,1570.9,1360.4,518.18,170.62
60.934,34.548,0.44942,-38.799,31.512,16.511,158.13,1247.9,1595.7,1416.0,555.01,195.96
72.324,47.143,6.1894,-50.425,31.014,24.835,158.63,1285.1,1614.3,1460.9,586.01,218.14
82.336,60.263,11.492,-62.354,30.389,33.395,158.83,1316.7,1628.2,1495.6,611.11,236.93
90.764,73.679,16.531,-74.101,29.518,42.299,158.8,1343.2,1638.5,1521.0,630.59,252.4
97.758,86.986,21.43,-85.196,28.336,51.45,158.59,1365.1,1645.9,1538.2,645.01,264.85
103.54,99.708,26.207,-95.271,26.87,60.564,158.23,1382.6,1650.8,1548.4,655.12,274.67
108.16,111.41,30.814,-104.06,25.218,69.297,157.75,1395.8,1653.3,1552.6,661.61,282.26
111.54,121.74,35.198,-111.38,23.457,77.356,157.14,1404.4,1653.3,1551.2,665.07,287.97
113.64,130.53,39.343,-117.2,21.579,84.558,156.4,1408.0,1650.3,1544.0,665.89,292.03
114.61,137.76,43.246,-121.6,19.525,90.815,155.52,1406.1,1643.2,1530.4,664.29,294.64
114.76,143.53,46.89,-124.83,17.267,96.114,154.45,1397.7,1631.1,1509.7,660.34,295.92
114.34,148.02,50.221,-127.11,14.848,100.48,153.16,1381.8,1612.2,1481.0,653.99,295.95
113.5,151.42,53.172,-128.64,12.359,103.98,151.56,1357.4,1584.7,1443.7,645.11,294.77
112.32,153.86,55.688,-129.55,9.8867,106.66,149.55,1323.7,1547.0,1397.5,633.56,292.38
110.79,155.44,57.759,-129.88,7.4799,108.59,147.03,1280.3,1497.8,1342.5,619.25,288.76
108.88,156.21,59.434,-129.63,5.1413,109.87,143.83,1227.5,1436.9,1279.1,602.18,283.88
106.49,156.2,60.795,-128.73,2.8633,110.58,139.78,1166.1,1365.0,1208.0,582.4,277.71
103.5,155.42,61.917,-127.13,0.67854,110.79,134.66,1097.4,1283.8,1130.0,559.91,270.2
99.819,153.83,62.826,-124.73,-1.3086,110.52,128.19,1022.6,1195.3,1046.7,534.73,261.29
95.396,151.4,63.492,-121.51,-2.9586,109.72,120.13,943.02,1101.6,959.43,506.85,250.86
90.226,148.08,63.844,-117.47,-4.1806,108.35,110.25,859.83,1004.5,870.18,476.37,238.76
84.256,143.83,63.803,-112.6,-4.9882,106.32,98.508,774.25,905.53,780.58,443.51,224.88
77.394,138.62,63.305,-106.91,-5.4913,103.59,85.036,687.5,805.86,691.99,408.6,209.18
69.643,132.44,62.323,-100.42,-5.8481,100.15,70.165,600.72,706.57,605.23,371.97,191.72
61.259,125.34,60.882,-93.192,-6.2119,96.025,54.317,514.84,608.55,520.65,333.92,172.64
52.729,117.41,59.037,-85.375,-6.6875,91.282,37.932,430.45,512.59,438.27,294.7,152.22
44.54,108.8,56.858,-77.172,-7.308,86.008,21.453,347.77,419.26,357.98,254.55,130.92
36.964,99.695,54.415,-68.784,-8.0388,80.296,5.3491,266.81,328.82,279.7,213.85,109.39
30.019,90.247,51.766,-60.362,-8.8068,74.236,-9.8833,187.68,241.26,203.36,173.27,88.424
23.591,80.591,48.965,-52.0,-9.5353,67.919,-23.773,111.09,156.55,129.09,133.83,68.812
17.561,70.883,46.075,-43.796,-10.167,61.458,-35.945,38.641,75.187,57.517,96.733,51.177
11.906,61.349,43.171,-35.908,-10.672,55.013,-46.184,-27.435,-1.3785,-10.002,63.125,35.872
6.7108,52.273,40.33,-28.552,-11.043,48.783,-54.473,-85.145,-70.965,-71.605,33.738,22.955
2.1152,43.926,37.608,-21.937,-11.288,42.956,-60.977,-133.53,-131.56,-125.6,8.7608,12.243
-1.7692,36.489,35.013,-16.204,-11.421,37.643,-65.98,-172.84,-182.23,-171.08,-12.103,3.4046
-4.9173,30.013,32.507,-11.388,-11.452,32.859,-69.796,-204.16,-223.33,-208.13,-29.436,-3.945
-7.3819,24.439,30.031,-7.4303,-11.381,28.554,-72.704,-228.9,-256.04,-237.57,-43.899,-10.163
-9.2495,19.652,27.549,-4.2132,-11.183,24.663,-74.914,-248.42,-281.89,-260.59,-56.08,-15.531
-10.615,15.529,25.079,-1.5912,-10.819,21.148,-76.576,-263.85,-302.29,-278.46,-66.436,-20.241
-11.581,11.96,22.694,0.58586,-10.268,18.003,-77.797,-276.09,-318.42,-292.33,-75.301,-24.408
-12.265,8.845,20.484,2.4577,-9.565,15.229,-78.668,-285.83,-331.21,-303.16,-82.927,-28.087
-12.774,6.0904,18.518,4.138,-8.7816,12.807,-79.272,-293.58,-341.41,-311.7,-89.529,-31.31
-13.192,3.614,16.802,5.7006,-7.9774,10.686,-79.695,-299.77,-349.57,-318.56,-95.304,-34.103
-13.559,1.3547,15.289,7.1746,-7.1838,8.7991,-80.007,-304.72,-356.16,-324.17,-100.42,-36.506
-13.889,-0.71963,13.909,8.5531,-6.4238,7.0873,-80.258,-308.72,-361.52,-328.84,-105.0,-38.569
-14.189,-2.6156,12.612,9.8115,-5.7386,5.5147,-80.47,-311.98,-365.93,-332.79,-109.12,-40.352
-14.479,-4.3242,11.383,10.927,-5.1945,4.0723,-80.645,-314.69,-369.6,-336.15,-112.8,-41.915
-14.807,-5.83,10.246,11.888,-4.8659,2.7723,-80.772,-316.97,-372.67,-339.0,-116.05,-43.306
-15.222,-7.1192,9.2462,12.699,-4.8048,1.6371,-80.844,-318.91,-375.26,-341.38,-118.87,-44.557
-15.747,-8.1911,8.4193,13.375,-5.0125,0.68422,-80.863,-320.57,-377.44,-343.34,-121.27,-45.696
-16.352,-9.06,7.773,13.936,-5.4257,-0.088337,-80.844,-321.98,-379.27,-344.91,-123.24,-46.746
-16.967,-9.7582,7.2824,14.405,-5.9274,-0.70113,-80.82,-323.14,-380.8,-346.14,-124.79,-47.739
-17.512,-10.328,6.9071,14.805,-6.3792,-1.1877,-80.827,-324.09,-382.07,-347.12,-125.95,-48.711
-17.934,-10.81,6.6108,15.159,-6.6656,-1.5816,-80.9,-324.85,-383.11,-347.93,-126.77,-49.68
-18.224,-11.231,6.378,15.485,-6.7333,-1.9036,-81.058,-325.45,-383.97,-348.65,-127.34,-50.639
-18.407,-11.598,6.2197,15.799,-6.6069,-2.1561,-81.301,-325.94,-384.66,-349.33,-127.74,-51.542
-18.526,-11.906,6.1622,16.107,-6.3699,-2.3268,-81.613,-326.34,-385.2,-350.0,-128.1,-52.316
-18.629,-12.153,6.2225,16.415,-6.1198,-2.41,-81.971,-326.71,-385.61,-350.66,-128.53,-52.887
-18.759,-12.355,6.3811,16.734,-5.9232,-2.4229,-82.356,-327.06,-385.91,-351.29,-129.13,-53.213
-18.936,-12.546,6.5777,17.069,-5.8011,-2.4097,-82.753,-327.43,-386.14,-351.89,-129.95,-53.299
-19.144,-12.758,6.7344,17.412,-5.7459,-2.4202,-83.148,-327.84,-386.31,-352.48,-130.97,-53.191
-19.33,-12.986,6.7978,17.727,-5.7427,-2.4769,-83.521,-328.29,-386.44,-353.07,-132.07,-52.948
-19.433,-13.176,6.7755,17.957,-5.7812,-2.5505,-83.844,-328.75,-386.52,-353.66,-133.02,-52.614
-19.425,-13.232,6.7428,18.037,-5.8665,-2.5638,-84.085,-329.16,-386.52,-354.24,-133.57,-52.205
-19.335,-13.063,6.8189,17.934,-6.0301,-2.4221,-84.217,-329.44,-386.39,-354.77,-133.49,-51.721
-19.249,-12.627,7.1239,17.67,-6.3252,-2.0529,-84.227,-329.53,-386.09,-355.21,-132.7,-51.174
-19.284,-11.948,7.7378,17.311,-6.7986,-1.4332,-84.112,-329.38,-385.59,-355.55,-131.32,-50.605
-19.541,-11.115,8.6724,16.95,-7.4553,-0.59698,-83.887,-328.97,-384.88,-355.76,-129.62,-50.08
-20.06,-10.235,9.8657,16.661,-8.2449,0.38037,-83.573,-328.34,-384.01,-355.85,-127.92,-49.669
-20.798,-9.388,11.21,16.465,-9.0825,1.4168,-83.192,-327.53,-383.05,-355.86,-126.47,-49.421
-21.628,-8.5813,12.607,16.315,-9.8952,2.4671,-82.746,-326.62,-382.07,-355.82,-125.41,-49.345
-22.394,-7.7345,14.028,16.108,-10.658,3.5584,-82.191,-325.62,-381.1,-355.75,-124.72,-49.41
-22.959,-6.6937,15.545,15.715,-11.395,4.8046,-81.416,-324.45,-380.06,-355.63,-124.31,-49.564
-23.255,-5.2566,17.33,15.016,-12.143,6.4054,-80.233,-322.88,-378.74,-355.4,-124.05,-49.76
-23.277,-3.1769,19.634,13.912,-12.934,8.6534,-78.354,-320.49,-376.72,-354.9,-123.83,-49.959
-23.055,-0.12048,22.778,12.298,-13.793,11.977,-75.365,-316.58,-373.34,-353.88,-123.58,-50.115
-22.608,4.4435,27.104,10.007,-14.798,17.009,-70.722,-310.05,-367.6,-351.9,-123.17,-50.146
-21.907,11.381,32.737,6.6993,-16.213,24.535,-63.912,-299.34,-358.03,-348.15,-122.42,-49.906
-20.865,21.801,38.756,1.7313,-18.724,34.76,-54.913,-282.5,-342.62,-341.22,-120.99,-49.169
-19.347,35.945,41.97,-5.8416,-22.923,45.167,-44.562,-258.11,-319.46,-328.5,-118.4,-47.65
-17.157,50.725,40.494,-16.614,-26.878,49.829,-33.762,-227.06,-288.46,-305.83,-113.77,-45.014
-13.928,60.081,42.496,-29.265,-28.787,48.465,-22.451,-193.99,-252.67,-268.9,-105.33,-40.796
-8.8191,63.153,53.588,-39.897,-30.487,52.406,-10.883,-167.48,-216.76,-218.61,-89.078,-33.886
-0.47741,69.016,72.914,-45.098,-34.102,68.133,-2.0701,-159.48,-188.25,-161.94,-59.083,-21.638
9.9214,87.177,99.776,-47.221,-41.256,94.21,0.62944,-174.72,-177.99,-101.31,-22.102,-5.8999
13.96,120.57,134.14,-55.875,-52.834,130.01,17.001,-169.75,-176.47,-31.918,-8.2549,-12.059
7.8656,169.56,177.2,-78.706,-68.675,177.09,86.784,-10.104,-102.25,50.37,-22.458,-36.528
6.2969,234.7,230.28,-115.27,-88.734,236.8,153.94,278.12,136.81,145.9,-23.457,-39.647
17.165,313.78,290.45,-163.16,-113.21,306.37,202.88,498.4,460.84,253.35,18.218,-19.178
38.104,398.9,348.11,-218.99,-139.11,376.93,227.16,656.79,720.8,375.28,100.3,24.864
68.566,480.41,395.73,-278.07,-159.1,439.64,215.95,720.98,882.33,527.26,218.47,96.446
108.96,554.79,433.76,-337.5,-168.43,493.3,163.0,643.36,911.21,735.81,373.54,197.71
158.98,625.7,464.07,-398.14,-167.49,541.78,66.668,390.46,768.88,971.38,568.57,329.15
216.45,699.38,488.33,-462.79,-157.27,589.76,-70.635,-44.872,441.97,1136.4,800.07,489.65
276.58,781.56,513.37,-533.07,-140.23,643.41,-241.52,-636.02,-47.922,1211.3,1051.2,672.94
333.37,876.45,551.26,-608.2,-125.5,710.39,-433.84,-1324.5,-648.38,1214.2,1300.3,865.98
382.23,984.93,610.19,-686.03,-123.86,794.87,-632.14,-2031.3,-1290.9,1151.8,1529.0,1053.3
420.82,1101.0,688.25,-762.34,-138.14,892.6,-819.76,-2673.2,-1909.4,1029.2,1718.9,1220.3
447.9,1210.6,773.34,-829.64,-163.82,990.28,-980.99,-3186.9,-2455.4,847.67,1850.8,1354.1
462.27,1294.4,846.89,-877.72,-192.81,1068.8,-1102.2,-3543.4,-2904.4,602.88,1905.3,1442.4
462.42,1332.0,889.22,-895.77,-216.22,1108.3,-1173.3,-3745.2,-3253.9,289.56,1865.3,1474.1
446.79,1307.7,884.67,-875.17,-226.4,1093.2,-1190.2,-3815.5,-3513.7,-93.799,1719.3,1440.3
414.3,1215.0,825.84,-812.17,-218.27,1017.0,-1156.2,-3787.6,-3695.8,-539.99,1465.9,1336.5
365.35,1060.0,716.76,-710.16,-190.71,885.17,-1084.8,-3697.0,-3808.8,-1028.6,1117.3,1166.0
303.05,861.66,573.95,-580.22,-148.84,715.32,-998.44,-3574.9,-3858.1,-1524.3,701.36,941.12
233.69,648.04,422.35,-439.38,-103.68,533.62,-921.08,-3442.5,-3845.1,-1979.9,260.32,684.24
165.06,449.44,287.15,-306.33,-66.228,367.42,-868.17,-3305.8,-3768.6,-2345.0,-154.82,424.56
103.39,289.64,186.46,-195.92,-43.109,237.6,-839.54,-3158.3,-3628.1,-2578.8,-496.02,191.36
51.799,179.32,127.27,-115.0,-36.597,153.07,-822.64,-2993.9,-3429.5,-2661.5,-731.74,5.6922
10.954,114.9,104.64,-62.142,-44.085,109.71,-804.29,-2811.4,-3184.7,-2599.9,-854.64,-124.53
-19.618,83.886,105.94,-30.905,-58.905,95.008,-777.63,-2607.0,-2906.3,-2422.7,-879.12,-203.14
-40.745,71.959,117.65,-13.684,-74.949,95.003,-739.35,-2376.4,-2605.2,-2170.9,-832.24,-240.72
-53.018,66.668,128.67,-3.7579,-87.964,97.807,-686.78,-2121.2,-2293.5,-1887.2,-744.1,-249.91
-55.979,58.745,130.25,2.712,-89.144,94.321,-620.02,-1853.7,-1985.8,-1607.4,-634.54,-242.08
-49.257,44.105,113.77,4.64,-65.564,77.648,-546.27,-1593.7,-1698.3,-1360.0,-496.28,-217.61
-40.249,17.718,69.526,11.218,-43.774,43.03,-475.48,-1359.8,-1444.9,-1166.8,-385.77,-151.22
-39.317,-12.055,35.481,25.546,-34.527,10.213,-411.83,-1162.7,-1234.2,-1029.7,-345.84,-121.52
-43.945,-35.418,15.727,40.481,-29.687,-12.083,-354.42,-1003.9,-1067.0,-932.02,-332.79,-130.25
-48.978,-55.278,-0.09688,54.548,-25.089,-29.727,-301.89,-878.18,-936.97,-855.43,-323.53,-138.89
-52.669,-74.359,-16.657,67.394,-18.893,-46.947,-253.73,-776.4,-833.24,-787.93,-311.97,-143.21
-55.073,-93.813,-35.614,79.049,-10.785,-65.45,-209.47,-688.24,-742.71,-722.49,-296.73,-144.62
-56.629,-114.26,-56.648,89.935,-1.8879,-85.696,-168.86,-603.3,-651.18,-652.34,-278.85,-144.42
-57.705,-135.84,-78.407,100.4,6.3707,-107.47,-132.69,-515.48,-551.88,-575.13,-260.92,-143.46
-58.51,-157.77,-99.519,110.36,13.38,-129.86,-102.72,-438.35,-468.42,-506.32,-245.2,-142.26
-59.108,-178.35,-119.03,119.36,19.303,-151.23,-82.415,-389.48,-420.78,-459.05,-232.6,-141.09
-59.464,-195.74,-136.05,126.89,24.538,-169.55,-73.898,-363.13,-397.1,-430.02,-222.92,-140.04
-59.525,-208.93,-149.5,132.69,29.279,-183.32,-71.931,-347.76,-383.7,-411.9,-215.44,-139.08
-59.285,-218.1,-158.67,136.86,33.411,-192.43,-71.042,-337.01,-374.36,-399.63,-209.42,-138.15
-58.819,-224.09,-164.03,139.69,36.79,-197.86,-69.394,-328.14,-366.75,-390.43,-204.26,-137.25
-58.259,-227.84,-166.82,141.57,39.429,-200.87,-66.747,-320.04,-359.98,-382.85,-199.62,-136.39
-57.733,-230.14,-168.22,142.78,41.396,-202.47,-63.242,-312.26,-353.67,-376.19,-195.37,-135.64
-57.316,-231.51,-168.93,143.53,42.72,-203.29,-59.095,-304.65,-347.6,-370.11,-191.47,-135.08
-57.014,-232.31,-169.22,143.95,43.406,-203.67,-54.525,-297.15,-341.59,-364.42,-187.94,-134.7
-56.796,-232.7,-169.14,144.14,43.491,-203.76,-49.697,-289.68,-335.36,-358.95,-184.7,-134.44
-56.629,-232.79,-168.64,144.14,43.078,-203.58,-44.702,-282.07,-328.6,-353.5,-181.62,-134.18
-56.494,-232.63,-167.69,144.03,42.333,-203.13,-39.581,-274.0,-320.89,-347.8,-178.51,-133.75
-56.379,-232.26,-166.29,143.86,41.448,-202.41,-34.365,-265.05,-311.75,-341.56,-175.21,-133.02
-56.27,-231.7,-164.53,143.63,40.589,-201.44,-29.095,-254.74,-300.61,-334.46,-171.6,-131.88
-56.158,-230.95,-162.52,143.35,39.853,-200.24,-23.756,-242.49,-286.84,-326.09,-167.61,-130.25
-56.049,-229.95,-160.37,142.96,39.245,-198.83,-18.233,-227.62,-269.66,-315.94,-163.21,-128.04
-55.973,-228.64,-158.18,142.41,38.679,-197.22,-12.289,-209.39,-248.15,-303.31,-158.38,-125.19
-55.959,-226.91,-155.97,141.61,38.007,-195.36,-5.6175,-186.97,-221.14,-287.22,-153.1,-121.63
-56.006,-224.63,-153.66,140.45,37.083,-193.2,2.0501,-159.46,-187.08,-266.36,-147.4,-117.33
-56.048,-221.66,-151.16,138.79,35.828,-190.65,10.822,-125.94,-143.8,-239.18,-141.29,-112.3
-55.948,-217.83,-148.32,136.5,34.287,-187.54,20.582,-85.612,-88.261,-204.12,-134.79,-106.65
-55.524,-212.92,-145.04,133.4,32.623,-183.7,31.018,-37.874,-17.058,-160.13,-127.85,-100.51
-54.589,-206.71,-141.2,129.34,31.055,-178.92,41.751,17.578,72.141,-107.26,-120.3,-94.04
-53.007,-198.91,-136.68,124.15,29.771,-172.93,52.419,80.69,178.51,-46.796,-111.73,-87.328
-50.722,-189.18,-131.28,117.66,28.874,-165.36,62.761,150.96,297.11,19.607,-101.45,-80.388
-47.765,-177.1,-124.73,109.72,28.377,-155.8,72.625,227.43,420.98,91.059,-88.313,-73.143
-44.221,-162.42,-116.68,100.29,28.225,-143.89,81.947,308.53,544.41,167.81,-70.745,-65.444
-40.178,-145.27,-106.91,89.57,28.326,-129.56,90.701,392.44,664.67,250.78,-46.887,-57.091
-35.666,-126.39,-95.412,78.008,28.581,-113.32,98.854,477.47,781.19,340.83,-15.216,-47.839
-30.63,-106.93,-82.648,66.179,28.921,-96.18,106.36,562.42,893.97,438.27,24.708,-37.365
-24.941,-88.018,-69.492,54.544,29.342,-79.335,113.16,646.6,1002.6,542.46,71.923,-25.248
-18.463,-70.351,-56.965,43.319,29.892,-63.711,119.26,729.61,1106.0,651.63,124.54,-10.966
-11.091,-54.126,-45.794,32.516,30.619,-49.714,124.73,811.05,1202.8,762.99,180.42,6.0253
-2.7284,-39.223,-36.177,22.042,31.514,-37.308,129.65,890.33,1291.5,873.3,237.63,26.142
6.7847,-25.385,-27.914,11.748,32.509,-26.237,134.11,966.55,1370.4,979.55,294.56,49.494
17.672,-12.297,-20.671,1.4052,33.511,-16.204,138.14,1038.5,1438.3,1079.4,349.96,75.737
30.047,0.40424,-14.182,-9.3135,34.434,-6.938,141.72,1104.9,1494.3,1171.1,402.79,104.03
43.589,13.124,-8.2932,-20.765,35.226,1.8153,144.78,1164.5,1538.9,1253.4,452.11,133.1
57.433,26.242,-2.9258,-33.187,35.869,10.307,147.26,1216.8,1573.2,1325.6,497.02,161.52
70.574,40.007,1.9819,-46.557,36.381,18.78,149.16,1261.7,1599.0,1387.0,536.83,187.96
82.383,54.461,6.5188,-60.559,36.807,27.433,150.51,1299.7,1618.2,1437.5,571.16,211.47
92.673,69.408,10.808,-74.663,37.194,36.383,151.39,1331.4,1632.4,1477.7,599.9,231.62
101.48,84.448,14.991,-88.238,37.571,45.628,151.9,1357.8,1642.8,1508.2,623.11,248.4
108.89,99.039,19.191,-100.63,37.921,55.038,152.14,1379.5,1650.3,1530.2,640.99,262.06
114.97,112.58,23.481,-111.28,38.166,64.355,152.18,1397.0,1655.3,1544.7,653.86,272.96
119.74,124.54,27.848,-119.88,38.164,73.224,152.08,1410.6,1658.1,1552.4,662.28,281.48
123.17,134.6,32.204,-126.47,37.747,81.292,151.82,1420.3,1658.6,1553.9,666.97,287.97
125.34,142.73,36.432,-131.3,36.754,88.327,151.4,1425.7,1656.5,1549.4,668.68,292.75
126.35,149.1,40.446,-134.71,35.067,94.28,150.76,1426.2,1651.1,1538.8,667.98,296.09
126.3,154.0,44.223,-136.97,32.606,99.24,149.88,1421.2,1641.3,1521.7,665.18,298.17
125.2,157.65,47.786,-138.25,29.338,103.35,148.72,1409.5,1625.8,1497.3,660.31,299.1
123.01,160.23,51.162,-138.65,25.298,106.73,147.26,1390.1,1602.6,1464.8,653.2,298.92
119.71,161.8,54.357,-138.17,20.63,109.44,145.43,1362.1,1569.8,1423.5,643.54,297.61
115.34,162.39,57.355,-136.81,15.599,111.51,143.12,1324.7,1525.6,1372.9,631.04,295.09
110.11,162.0,60.117,-134.58,10.554,112.93,140.18,1277.8,1469.2,1313.1,615.48,291.28
104.35,160.66,62.581,-131.55,5.8437,113.7,136.4,1221.5,1400.9,1244.6,596.76,286.08
98.368,158.38,64.661,-127.8,1.7275,113.78,131.51,1156.5,1321.8,1168.7,574.89,279.38
92.318,155.16,66.252,-123.39,-1.6781,113.11,125.22,1083.9,1234.1,1086.5,549.88,271.11
86.086,150.96,67.238,-118.3,-4.3915,111.63,117.25,1004.9,1140.0,999.8,521.74,261.19
79.358,145.73,67.524,-112.46,-6.5028,109.29,107.43,921.16,1041.6,910.12,490.51,249.61
71.746,139.39,67.064,-105.74,-8.111,106.06,95.762,834.11,940.87,819.17,456.38,236.36
63.012,131.95,65.882,-98.113,-9.297,101.94,82.47,745.24,839.19,728.42,419.81,221.4
53.332,123.46,64.067,-89.644,-10.119,97.02,67.927,655.82,737.73,639.03,381.52,204.7
43.418,114.14,61.743,-80.583,-10.611,91.424,52.553,566.86,637.43,551.76,342.31,186.23
34.228,104.26,59.032,-71.289,-10.791,85.319,36.716,479.05,539.06,467.0,302.85,166.04
26.421,94.094,56.024,-62.1,-10.676,78.86,20.713,392.75,443.19,384.81,263.37,144.4
20.081,83.856,52.772,-53.238,-10.31,72.155,4.8549,308.01,350.07,305.06,223.77,121.86
14.89,73.691,49.31,-44.809,-9.7629,65.276,-10.428,224.87,259.66,227.49,183.84,99.283
10.461,63.753,45.685,-36.897,-9.1371,58.306,-24.559,143.82,171.84,151.83,143.73,77.705
6.5431,54.252,41.979,-29.616,-8.552,51.39,-36.952,66.353,86.994,78.249,104.36,58.053
3.0411,45.439,38.302,-23.099,-8.1211,44.731,-47.231,-5.1139,6.5959,7.7854,67.285,40.912
-0.05531,37.536,34.785,-17.443,-7.9184,38.554,-55.35,-68.106,-66.868,-57.57,34.182,26.446
-2.7401,30.662,31.544,-12.656,-7.9574,33.03,-61.539,-121.15,-130.91,-115.52,6.1047,14.478
-5.0178,24.799,28.655,-8.654,-8.1877,28.228,-66.154,-164.2,-184.22,-164.47,-16.831,4.6447
-6.9054,19.824,26.13,-5.2983,-8.5051,24.117,-69.549,-198.28,-226.98,-204.13,-35.218,-3.4598
-8.4374,15.571,23.925,-2.4452,-8.7742,20.592,-72.022,-224.85,-260.49,-235.32,-49.938,-10.205
-9.6704,11.89,21.964,0.019932,-8.869,17.538,-73.802,-245.43,-286.43,-259.41,-61.832,-15.889
-10.673,8.6701,20.167,2.1702,-8.7194,14.853,-75.069,-261.34,-306.46,-277.92,-71.569,-20.735
-11.506,5.8397,18.473,4.0448,-8.339,12.467,-75.971,-273.67,-321.98,-292.17,-79.641,-24.913
-12.222,3.3493,16.853,5.6694,-7.8101,10.332,-76.632,-283.27,-334.1,-303.23,-86.409,-28.552
-12.868,1.1542,15.309,7.0738,-7.2325,8.4155,-77.144,-290.83,-343.67,-311.94,-92.152,-31.755
-13.478,-0.78459,13.87,8.2924,-6.6766,6.7012,-77.563,-296.85,-351.31,-318.9,-97.087,-34.597
-14.05,-2.4911,12.566,9.3493,-6.1675,5.1866,-77.908,-301.7,-357.48,-324.54,-101.38,-37.124
-14.531,-3.9681,11.405,10.245,-5.6888,3.8726,-78.173,-305.66,-362.51,-329.17,-105.13,-39.36
-14.83,-5.2078,10.364,10.958,-5.187,2.7511,-78.347,-308.91,-366.62,-333.02,-108.44,-41.321
-14.859,-6.2109,9.3982,11.469,-4.5715,1.796,-78.418,-311.63,-369.99,-336.23,-111.35,-43.027
-14.579,-7.0067,8.4577,11.782,-3.739,0.96449,-78.388,-313.94,-372.78,-338.93,-113.94,-44.504
-14.044,-7.6594,7.5081,11.953,-2.6384,0.20686,-78.275,-315.93,-375.12,-341.21,-116.25,-45.775
-13.394,-8.2575,6.5481,12.076,-1.3346,-0.52015,-78.106,-317.69,-377.09,-343.14,-118.29,-46.866
-12.816,-8.8809,5.6128,12.254,-0.01369,-1.2386,-77.922,-319.26,-378.79,-344.77,-120.07,-47.804
-12.468,-9.5663,4.7613,12.55,1.0854,-1.9415,-77.767,-320.68,-380.26,-346.17,-121.6,-48.615
-12.421,-10.279,4.0567,12.95,1.7784,-2.5896,-77.678,-321.98,-381.54,-347.35,-122.85,-49.32
-12.631,-10.929,3.5339,13.371,2.0138,-3.1318,-77.683,-323.16,-382.63,-348.38,-123.87,-49.932
-12.961,-11.417,3.1802,13.699,1.8765,-3.5317,-77.791,-324.21,-383.55,-349.29,-124.69,-50.455
-13.249,-11.688,2.942,13.851,1.5335,-3.7883,-77.998,-325.13,-384.3,-350.14,-125.38,-50.882
-13.375,-11.765,2.7508,13.822,1.1691,-3.9393,-78.29,-325.91,-384.89,-350.96,-126.04,-51.204
-13.311,-11.742,2.5502,13.688,0.93134,-4.0459,-78.641,-326.56,-385.36,-351.77,-126.7,-51.41
-13.133,-11.746,2.3202,13.572,0.88236,-4.1723,-79.018,-327.09,-385.71,-352.57,-127.41,-51.492
-12.982,-11.879,2.0869,13.59,0.96884,-4.3523,-79.387,-327.54,-385.98,-353.36,-128.13,-51.446
-12.996,-12.164,1.9263,13.803,1.0358,-4.5653,-79.72,-327.91,-386.18,-354.1,-128.79,-51.27
-13.241,-12.532,1.9411,14.187,0.889,-4.7357,-79.996,-328.23,-386.31,-354.76,-129.3,-50.967
-13.688,-12.847,2.2139,14.649,0.39236,-4.7625,-80.196,-328.51,-386.34,-355.29,-129.55,-50.546
-14.248,-12.969,2.764,15.07,-0.44565,-4.5669,-80.307,-328.75,-386.26,-355.68,-129.47,-50.036
-14.812,-12.822,3.5372,15.354,-1.4746,-4.1337,-80.324,-328.93,-386.03,-355.9,-129.06,-49.49
-15.299,-12.431,4.4311,15.475,-2.4997,-3.5211,-80.253,-329.02,-385.63,-355.99,-128.38,-48.974
-15.679,-11.905,5.3358,15.474,-3.3795,-2.8342,-80.112,-328.98,-385.05,-355.97,-127.54,-48.549
-15.987,-11.375,6.172,15.433,-4.0619,-2.1752,-79.92,-328.78,-384.27,-355.89,-126.63,-48.25
-16.295,-10.926,6.9168,15.418,-4.5756,-1.5965,-79.683,-328.39,-383.33,-355.79,-125.72,-48.07
-16.66,-10.555,7.6084,15.438,-5.0118,-1.0786,-79.396,-327.82,-382.23,-355.68,-124.84,-47.97
-17.102,-10.178,8.33,15.446,-5.5001,-0.54219,-79.038,-327.09,-381.02,-355.58,-124.01,-47.887
-17.602,-9.6721,9.1817,15.362,-6.1727,0.11526,-78.566,-326.21,-379.75,-355.45,-123.26,-47.766
-18.133,-8.9337,10.257,15.123,-7.1203,0.98411,-77.901,-325.17,-378.39,-355.28,-122.61,-47.589
-18.685,-7.8979,11.643,14.703,-8.3607,2.1384,-76.906,-323.81,-376.83,-355.01,-122.07,-47.394
-19.257,-6.5047,13.45,14.094,-9.8361,3.6746,-75.346,-321.83,-374.8,-354.55,-121.63,-47.255
-19.827,-4.6274,15.865,13.26,-11.444,5.7839,-72.848,-318.71,-371.78,-353.75,-121.21,-47.243
-20.328,-1.9942,19.189,12.092,-13.109,8.8386,-68.858,-313.6,-366.96,-352.33,-120.74,-47.365
-20.649,1.887,23.787,10.397,-14.938,13.466,-62.717,-305.18,-359.12,-349.8,-120.07,-47.525
-20.657,7.8036,29.735,7.8769,-17.382,20.464,-54.04,-291.66,-346.54,-345.31,-118.98,-47.517
-20.235,16.782,35.979,4.0533,-20.815,30.147,-43.383,-271.14,-327.22,-337.25,-117.12,-47.033
-19.295,29.436,39.944,-1.8661,-24.092,40.847,-32.062,-243.11,-299.92,-322.8,-113.9,-45.696
-17.752,44.307,40.691,-10.861,-26.077,48.486,-20.63,-210.23,-265.99,-297.77,-108.24,-43.059
-15.24,56.841,42.528,-22.839,-28.173,50.775,-8.8263,-179.08,-229.13,-258.62,-97.658,-38.402
-10.366,62.953,49.78,-34.258,-32.618,51.936,2.0159,-160.07,-194.85,-207.26,-76.876,-29.89
-2.6447,65.962,63.344,-39.869,-40.731,59.199,7.7452,-164.22,-172.99,-149.99,-42.175,-14.681
0.35739,76.949,83.127,-42.208,-52.036,76.622,8.9045,-180.94,-171.49,-87.956,-12.949,-4.6231
-2.2259,104.49,109.94,-53.002,-65.731,105.32,41.272,-123.34,-159.14,-16.676,-16.528,-25.311
0.53206,149.73,146.0,-78.041,-81.85,146.6,113.96,126.2,-36.503,67.139,-30.606,-41.828
12.136,211.77,193.4,-115.64,-100.22,201.73,173.46,388.8,244.91,163.16,-9.4903,-32.564
32.754,287.88,250.01,-163.83,-118.85,268.22,214.94,580.75,557.57,269.45,54.709,-0.94293
62.841,371.43,307.17,-219.78,-131.71,338.45,228.51,701.69,786.64,388.04,154.99,56.165
102.25,454.64,355.83,-279.63,-132.79,404.34,204.17,705.43,907.84,535.42,289.14,141.82
149.99,534.24,393.2,-341.27,-122.71,463.01,136.25,549.39,883.7,742.97,459.12,256.67
204.21,613.08,420.86,-405.85,-105.22,516.9,23.755,211.37,681.87,981.46,666.87,399.96
262.0,696.51,442.63,-475.71,-84.515,570.75,-128.73,-300.63,299.44,1145.1,905.43,568.78
319.29,788.46,469.3,-551.07,-67.48,631.01,-310.33,-944.91,-231.62,1216.8,1156.7,755.06
371.4,891.54,513.86,-630.05,-61.514,705.08,-505.87,-1652.3,-852.33,1215.6,1400.3,945.64
414.59,1005.7,580.19,-710.0,-69.449,795.4,-698.83,-2339.6,-1493.2,1149.3,1617.2,1125.6
446.71,1123.2,662.06,-785.8,-89.047,895.36,-873.55,-2929.6,-2092.7,1023.4,1788.0,1280.6
466.26,1228.5,745.52,-848.74,-114.76,990.21,-1016.1,-3374.3,-2609.7,838.41,1892.7,1397.5
471.64,1301.3,812.63,-887.66,-141.14,1060.7,-1114.8,-3660.2,-3027.3,588.57,1912.6,1464.2
461.14,1321.5,845.51,-891.6,-162.46,1087.5,-1161.6,-3800.4,-3347.7,266.97,1832.2,1470.0
433.63,1274.6,830.36,-853.09,-171.12,1056.4,-1154.9,-3824.0,-3581.6,-128.58,1643.8,1407.6
389.65,1157.8,762.18,-771.43,-163.42,963.45,-1102.4,-3765.8,-3739.9,-589.08,1350.5,1275.4
332.25,982.16,648.19,-654.26,-142.11,817.75,-1022.0,-3659.9,-3830.6,-1089.7,970.58,1080.6
266.64,771.99,506.88,-516.5,-112.88,640.77,-938.22,-3533.5,-3858.4,-1590.3,538.2,840.14
198.88,558.59,362.92,-376.67,-82.738,460.89,-872.64,-3401.2,-3824.3,-2040.7,100.58,580.09
134.39,371.78,240.5,-252.07,-58.418,305.49,-834.06,-3263.1,-3725.9,-2390.7,-290.94,330.05
77.208,231.34,156.37,-154.15,-45.951,192.85,-814.82,-3112.1,-3562.5,-2602.3,-594.42,115.59
29.673,142.07,114.43,-86.173,-48.42,127.18,-798.53,-2944.5,-3340.8,-2660.0,-788.25,-48.172
-7.4496,95.258,105.71,-44.148,-62.08,99.46,-773.93,-2758.0,-3074.0,-2574.8,-873.76,-158.23
-34.494,75.716,114.49,-20.539,-78.621,94.238,-736.98,-2547.7,-2776.7,-2378.4,-869.92,-220.77
-52.378,68.726,126.42,-7.668,-91.637,96.954,-685.71,-2310.2,-2462.6,-2113.4,-805.06,-246.88
-61.927,63.085,131.99,0.37767,-96.755,97.08,-620.35,-2050.2,-2146.3,-1822.1,-707.94,-248.89
-61.916,52.711,125.24,4.7506,-89.844,87.994,-547.45,-1782.6,-1843.7,-1539.5,-589.77,-236.72
-50.366,34.391,97.105,6.68,-74.706,63.878,-477.22,-1527.8,-1570.2,-1295.1,-449.6,-201.81
-42.094,5.3075,58.429,17.584,-61.272,29.92,-414.81,-1302.9,-1336.9,-1111.5,-366.68,-136.7
-44.252,-20.582,31.819,31.834,-51.145,2.8084,-359.2,-1116.0,-1148.2,-985.42,-340.8,-127.2
-48.479,-41.116,12.006,45.403,-41.311,-17.312,-308.09,-966.73,-1000.7,-895.49,-330.3,-136.7
-51.416,-59.888,-6.632,57.839,-29.808,-35.227,-260.65,-848.4,-885.5,-823.09,-320.45,-142.94
-53.027,-78.809,-26.564,69.124,-16.891,-53.662,-216.8,-751.33,-790.31,-757.35,-307.53,-145.43
-53.869,-98.731,-48.112,79.743,-4.2893,-73.53,-176.51,-665.16,-701.7,-691.1,-291.07,-145.64
-54.371,-120.04,-70.375,90.216,6.534,-94.924,-140.21,-579.82,-606.59,-617.43,-272.77,-144.66
-54.707,-142.4,-92.168,100.57,15.277,-117.41,-109.04,-493.31,-510.17,-541.55,-255.26,-143.23
-54.845,-164.48,-112.65,110.29,22.426,-139.86,-85.498,-423.65,-442.12,-481.94,-240.39,-141.83
-54.653,-184.31,-131.21,118.67,28.709,-160.48,-72.998,-382.14,-406.78,-443.81,-228.69,-140.7
-54.016,-200.35,-147.01,125.26,34.56,-177.41,-69.164,-359.49,-388.65,-420.58,-219.8,-139.92
-52.925,-212.16,-159.05,130.02,39.604,-189.69,-67.85,-345.58,-377.56,-405.75,-212.98,-139.41
-51.513,-220.27,-167.06,133.25,43.147,-197.69,-66.026,-335.32,-369.38,-395.39,-207.52,-139.07
-50.044,-225.56,-171.72,135.37,45.181,-202.46,-63.059,-326.49,-362.54,-387.37,-202.84,-138.76
-48.836,-228.91,-174.07,136.81,46.224,-205.05,-58.988,-318.11,-356.38,-380.56,-198.58,-138.4
-48.124,-230.96,-174.96,137.92,46.764,-206.23,-54.004,-309.77,-350.51,-374.38,-194.62,-137.91
-47.946,-232.2,-174.93,138.91,47.102,-206.56,-48.374,-301.33,-344.64,-368.55,-190.93,-137.29
-48.14,-233.0,-174.3,139.89,47.4,-206.42,-42.418,-292.8,-338.51,-362.93,-187.49,-136.58
-48.447,-233.59,-173.33,140.81,47.724,-206.07,-36.447,-284.2,-331.84,-357.4,-184.26,-135.85
-48.64,-234.07,-172.22,141.59,48.052,-205.7,-30.704,-275.44,-324.36,-351.83,-181.13,-135.16
-48.635,-234.44,-171.1,142.17,48.283,-205.37,-25.305,-266.3,-315.71,-346.0,-177.94,-134.55
-48.519,-234.64,-170.03,142.51,48.25,-205.05,-20.216,-256.36,-305.47,-339.63,-174.52,-133.96
-48.484,-234.57,-168.95,142.62,47.777,-204.61,-15.255,-245.03,-293.03,-332.31,-170.71,-133.24
-48.71,-234.11,-167.74,142.49,46.74,-203.94,-10.118,-231.56,-277.62,-323.52,-166.38,-132.18
-49.265,-233.14,-166.27,142.09,45.13,-202.89,-4.4447,-215.11,-258.24,-312.52,-161.49,-130.52
-50.042,-231.55,-164.42,141.31,43.069,-201.37,2.0983,-194.77,-233.67,-298.36,-156.07,-128.0
-50.795,-229.23,-162.15,140.01,40.786,-199.31,9.7277,-169.62,-202.39,-279.83,-150.2,-124.45
-51.23,-226.07,-159.48,138.02,38.56,-196.7,18.49,-138.8,-162.4,-255.48,-143.97,-119.79
-51.126,-221.96,-156.48,135.23,36.664,-193.5,28.263,-101.63,-110.93,-223.8,-137.43,-114.06
-50.402,-216.78,-153.23,131.57,35.297,-189.69,38.791,-57.611,-44.514,-183.55,-130.54,-107.43
-49.12,-210.43,-149.76,127.08,34.529,-185.18,49.74,-6.3781,39.781,-134.25,-123.13,-100.16
-47.412,-202.85,-146.0,121.82,34.283,-179.83,60.742,52.276,142.21,-76.632,-114.83,-92.528
-45.391,-193.93,-141.74,115.86,34.357,-173.39,71.422,118.35,258.68,-12.243,-104.99,-84.761
-43.099,-183.49,-136.61,109.16,34.503,-165.53,81.447,191.27,382.18,57.565,-92.605,-76.991
-40.5,-171.29,-130.18,101.63,34.512,-155.87,90.563,269.77,506.2,132.43,-76.236,-69.225
-37.478,-157.11,-122.02,93.103,34.29,-144.06,98.633,352.02,627.28,212.84,-54.161,-61.334
-33.872,-140.91,-112.0,83.449,33.867,-130.09,105.66,436.13,744.58,299.55,-24.883,-53.042
-29.575,-122.98,-100.44,72.701,33.361,-114.38,111.77,520.59,858.17,393.07,12.238,-43.919
-24.611,-103.96,-88.104,61.132,32.92,-97.701,117.17,604.52,967.84,493.47,56.66,-33.39
-19.115,-84.714,-75.695,49.241,32.677,-80.89,122.06,687.51,1072.8,599.98,106.93,-20.765
-13.184,-66.096,-63.525,37.596,32.679,-64.571,126.61,769.37,1171.8,710.71,161.18,-5.3223
-6.7173,-48.754,-51.636,26.6,32.862,-49.195,130.87,849.76,1263.5,822.68,217.59,13.561
0.64209,-33.019,-40.14,16.33,33.09,-35.134,134.83,928.0,1346.1,932.4,274.55,36.233
9.3721,-18.863,-29.386,6.5543,33.23,-22.656,138.38,1002.9,1418.2,1036.6,330.74,62.555
19.779,-5.9436,-19.823,-3.1469,33.21,-11.803,141.44,1073.0,1478.4,1132.9,384.95,91.703
31.725,6.2824,-11.713,-13.224,33.026,-2.3161,143.91,1136.7,1526.6,1219.6,435.96,122.15
44.593,18.391,-4.9868,-24.024,32.729,6.2733,145.8,1193.0,1563.8,1295.7,482.66,152.02
57.551,30.846,0.66676,-35.695,32.39,14.478,147.14,1241.6,1591.6,1361.0,524.27,179.64
69.879,43.905,5.6274,-48.149,32.095,22.72,148.0,1282.9,1612.1,1415.5,560.38,204.0
81.133,57.604,10.223,-61.098,31.923,31.265,148.49,1317.7,1627.3,1459.8,590.9,224.83
91.105,71.786,14.685,-74.127,31.92,40.218,148.7,1347.0,1638.4,1494.4,615.89,242.29
99.708,86.155,19.142,-86.759,32.064,49.546,148.71,1371.5,1646.7,1520.3,635.53,256.75
106.89,100.31,23.654,-98.518,32.253,59.106,148.58,1391.9,1652.6,1538.4,650.14,268.54
112.62,113.78,28.233,-109.0,32.321,68.655,148.36,1408.1,1656.6,1549.6,660.3,278.01
116.98,126.07,32.84,-117.93,32.098,77.838,148.09,1420.3,1658.8,1554.8,666.71,285.46
120.14,136.79,37.366,-125.27,31.473,86.258,147.76,1428.2,1659.0,1554.3,670.1,291.19
122.32,145.78,41.643,-131.11,30.428,93.604,147.39,1431.7,1656.8,1548.2,671.08,295.42
123.74,153.1,45.514,-135.69,29.014,99.761,146.92,1430.1,1651.2,1536.0,669.94,298.35
124.59,158.96,48.907,-139.23,27.288,104.79,146.3,1422.9,1641.1,1516.8,666.75,300.09
124.95,163.55,51.852,-141.87,25.279,108.86,145.43,1409.2,1624.7,1489.7,661.27,300.67
124.83,167.01,54.444,-143.64,23.014,112.1,144.21,1388.0,1600.2,1453.7,653.18,300.06
124.19,169.35,56.78,-144.54,20.54,114.61,142.48,1358.3,1565.5,1408.2,642.13,298.2
123.01,170.6,58.917,-144.57,17.921,116.44,140.09,1319.5,1519.1,1353.4,627.95,295.0
121.3,170.78,60.854,-143.73,15.204,117.6,136.85,1271.4,1460.4,1289.7,610.64,290.35
119.02,169.88,62.532,-142.04,12.396,118.05,132.52,1214.3,1389.8,1217.8,590.31,284.15
116.1,167.93,63.866,-139.49,9.4975,117.78,126.87,1148.9,1308.9,1139.0,567.1,276.36
112.4,164.95,64.767,-136.08,6.5595,116.75,119.69,1076.4,1219.9,1054.7,541.09,266.95
107.79,160.98,65.172,-131.83,3.7166,115.0,110.88,998.36,1125.3,966.51,512.31,255.98
102.21,156.12,65.059,-126.77,1.1274,112.55,100.48,916.07,1027.1,876.14,480.83,243.5
95.651,150.45,64.437,-120.98,-1.1066,109.47,88.712,830.85,927.02,785.29,446.81,229.57
88.227,144.02,63.349,-114.5,-2.9696,105.82,75.858,743.84,826.25,695.35,410.59,214.25
80.113,136.87,61.867,-107.36,-4.5039,101.65,62.239,656.1,725.75,607.25,372.66,197.53
71.532,129.02,60.085,-99.601,-5.7713,97.007,48.136,568.56,626.31,521.45,333.59,179.44
62.664,120.5,58.099,-91.23,-6.8276,91.935,33.765,482.02,528.64,438.0,293.84,159.99
53.558,111.28,55.977,-82.239,-7.7131,86.45,19.314,396.99,433.31,356.71,253.66,139.23
44.166,101.37,53.749,-72.64,-8.4543,80.546,5.0283,313.66,340.62,277.27,213.12,117.43
34.537,90.839,51.422,-62.552,-9.0737,74.24,-8.7078,232.1,250.62,199.47,172.34,95.153
25.051,79.942,49.01,-52.304,-9.597,67.625,-21.378,152.72,163.34,123.34,131.89,73.369
16.418,69.12,46.547,-42.426,-10.054,60.909,-32.483,76.742,79.419,49.69,93.049,53.267
9.3023,58.917,44.081,-33.492,-10.471,54.375,-41.737,6.2761,0.55006,-19.611,57.537,35.832
3.9002,49.779,41.664,-25.888,-10.869,48.292,-49.148,-56.376,-70.781,-82.104,26.769,21.494
-0.059906,41.899,39.335,-19.676,-11.252,42.821,-54.947,-109.69,-132.38,-135.8,1.2953,10.111
-3.0187,35.207,37.113,-14.657,-11.61,37.977,-59.455,-153.4,-183.32,-180.0,-19.232,1.2063
-5.3588,29.475,34.982,-10.528,-11.918,33.666,-62.98,-188.34,-224.13,-215.27,-35.668,-5.7899
-7.3333,24.443,32.889,-7.0122,-12.149,29.741,-65.776,-215.91,-256.27,-242.9,-48.969,-11.39
-9.0739,19.9,30.762,-3.9167,-12.285,26.068,-68.035,-237.59,-281.47,-264.39,-59.956,-16.005
-10.635,15.709,28.548,-1.1252,-12.33,22.563,-69.901,-254.68,-301.34,-281.12,-69.24,-19.943
-12.051,11.778,26.243,1.4455,-12.3,19.192,-71.476,-268.28,-317.16,-294.24,-77.237,-23.428
-13.377,8.0344,23.892,3.8778,-12.208,15.955,-72.834,-279.2,-329.9,-304.63,-84.216,-26.617
-14.685,4.4226,21.565,6.2525,-12.053,12.866,-74.025,-288.05,-340.27,-312.96,-90.35,-29.612
-16.028,0.92014,19.321,8.6219,-11.822,9.9458,-75.091,-295.29,-348.76,-319.74,-95.748,-32.472
-17.4,-2.4499,17.19,10.982,-11.495,7.2193,-76.067,-301.23,-355.78,-325.33,-100.49,-35.225
-18.717,-5.6254,15.164,13.263,-11.047,4.7042,-76.974,-306.13,-361.59,-330.02,-104.64,-37.873
-19.838,-8.5296,13.205,15.347,-10.448,2.4043,-77.818,-310.17,-366.44,-334.01,-108.29,-40.404
-20.634,-11.1,11.281,17.116,-9.6888,0.31008,-78.592,-313.54,-370.49,-337.44,-111.53,-42.785
-21.058,-13.313,9.3839,18.503,-8.7963,-1.5919,-79.274,-316.36,-373.89,-340.4,-114.49,-44.967
-21.175,-15.177,7.5507,19.519,-7.8279,-3.3071,-79.844,-318.75,-376.75,-342.94,-117.25,-46.895
-21.121,-16.73,5.8522,20.237,-6.8618,-4.8274,-80.29,-320.79,-379.17,-345.1,-119.87,-48.524
-21.029,-18.008,4.3702,20.759,-5.998,-6.1333,-80.622,-322.53,-381.21,-346.93,-122.36,-49.841
-20.975,-19.046,3.1662,21.172,-5.3448,-7.2102,-80.869,-324.03,-382.93,-348.47,-124.65,-50.877
-20.963,-19.874,2.2574,21.531,-4.9624,-8.0609,-81.074,-325.36,-384.39,-349.8,-126.67,-51.698
-20.948,-20.506,1.6147,21.849,-4.8079,-8.7035,-81.27,-326.54,-385.62,-350.99,-128.37,-52.373
-20.855,-20.931,1.1885,22.093,-4.7499,-9.152,-81.469,-327.59,-386.63,-352.12,-129.7,-52.93
-20.617,-21.103,0.94541,22.197,-4.6511,-9.3941,-81.658,-328.51,-387.41,-353.21,-130.65,-53.354
-20.208,-20.957,0.89688,22.084,-4.4545,-9.3866,-81.809,-329.25,-387.97,-354.25,-131.28,-53.591
-19.669,-20.435,1.0985,21.707,-4.2224,-9.0715,-81.89,-329.8,-388.3,-355.23,-131.66,-53.587
-19.115,-19.524,1.6171,21.068,-4.1153,-8.4118,-81.888,-330.14,-388.42,-356.1,-131.89,-53.32
-18.685,-18.267,2.4801,20.223,-4.3161,-7.4212,-81.811,-330.31,-388.36,-356.81,-132.04,-52.812
-18.476,-16.751,3.6451,19.246,-4.9333,-6.1663,-81.687,-330.37,-388.17,-357.36,-132.14,-52.119
-18.481,-15.063,5.0097,18.184,-5.9417,-4.739,-81.543,-330.39,-387.89,-357.76,-132.16,-51.306
-18.576,-13.261,6.4492,17.038,-7.1929,-3.2231,-81.394,-330.43,-387.54,-358.01,-132.05,-50.427
-18.573,-11.374,7.8532,15.783,-8.4707,-1.6804,-81.237,-330.48,-387.15,-358.16,-131.76,-49.518
-18.325,-9.4379,9.1482,14.418,-9.5605,-0.15794,-81.058,-330.53,-386.7,-358.21,-131.25,-48.604
-17.801,-7.5221,10.311,13.009,-10.314,1.3024,-80.847,-330.5,-386.19,-358.19,-130.54,-47.718
-17.1,-5.731,11.374,11.686,-10.696,2.6648,-80.604,-330.33,-385.57,-358.13,-129.68,-46.902
-16.387,-4.1711,12.405,10.596,-10.777,3.9097,-80.34,-329.99,-384.86,-358.04,-128.71,-46.202
-15.812,-2.9099,13.482,9.8447,-10.675,5.0406,-80.072,-329.46,-384.06,-357.94,-127.66,-45.658
-15.467,-1.9519,14.649,9.4536,-10.47,6.0793,-79.811,-328.78,-383.19,-357.83,-126.54,-45.29
-15.367,-1.2385,15.899,9.3554,-10.204,7.0557,-79.534,-327.97,-382.29,-357.71,-125.39,-45.103
-15.462,-0.66209,17.189,9.4177,-9.9249,8.0064,-79.17,-327.03,-381.35,-357.56,-124.27,-45.081
-15.659,-0.080209,18.494,9.4825,-9.7205,8.9931,-78.575,-325.84,-380.24,-357.31,-123.26,-45.199
-15.87,0.68309,19.882,9.403,-9.711,10.142,-77.526,-324.11,-378.7,-356.85,-122.41,-45.424
-16.064,1.8507,21.582,9.0608,-10.064,11.69,-75.691,-321.33,-376.27,-356.02,-121.69,-45.723
-16.276,3.7165,23.999,8.3581,-11.071,14.034,-72.595,-316.71,-372.19,-354.54,-121.04,-46.062
-16.571,6.6838,27.622,7.1955,-13.291,17.777,-67.634,-309.04,-365.36,-351.95,-120.31,-46.381
-16.983,11.341,32.603,5.4403,-17.354,23.696,-60.308,-296.65,-354.15,-347.43,-119.29,-46.565
-17.462,18.552,37.76,2.8574,-22.309,32.255,-50.827,-277.67,-336.53,-339.39,-117.69,-46.401
-17.85,29.18,40.224,-1.0646,-26.152,41.988,-40.379,-251.26,-310.92,-324.93,-114.99,-45.563
-17.951,42.473,40.198,-7.3276,-29.789,48.276,-29.964,-219.58,-278.16,-299.54,-110.18,-43.581
-17.644,53.694,43.827,-16.804,-35.197,48.632,-19.621,-188.65,-241.77,-259.29,-100.96,-39.686
-16.571,57.964,54.347,-27.101,-43.747,49.624,-10.165,-168.3,-206.49,-206.61,-82.155,-32.07
-13.279,60.759,71.366,-32.478,-55.465,59.422,-4.7671,-169.63,-180.77,-148.92,-48.462,-17.639
-10.389,74.738,94.536,-36.092,-68.985,80.153,-3.2364,-186.07,-174.39,-86.564,-16.428,-5.7457
-10.051,105.89,124.9,-49.286,-84.035,112.01,24.059,-139.73,-167.15,-13.335,-18.006,-23.959
-5.7178,154.26,165.04,-75.785,-102.08,156.7,99.681,102.19,-65.813,74.815,-33.608,-41.769
5.6362,219.45,216.79,-114.2,-123.48,215.55,163.35,373.36,198.07,177.21,-13.173,-33.622
25.467,298.51,276.33,-163.1,-143.56,285.26,208.02,570.18,514.96,290.16,50.371,-2.8387
54.983,383.95,333.12,-219.69,-153.47,356.94,227.54,697.39,757.75,411.19,148.21,53.307
94.336,467.26,379.15,-279.91,-150.34,422.03,211.1,709.35,898.45,547.54,277.45,137.3
142.23,545.11,414.41,-341.13,-138.03,478.63,151.24,563.41,899.52,725.28,440.32,249.02
196.21,620.65,441.33,-403.99,-119.91,530.01,45.504,236.56,725.26,949.2,640.7,387.61
253.21,699.69,463.38,-470.99,-99.195,581.12,-102.19,-265.19,367.85,1131.5,875.16,551.27
309.86,787.41,490.34,-543.51,-83.223,638.81,-280.87,-902.85,-145.36,1226.2,1127.4,733.84
362.3,887.51,534.39,-620.7,-79.691,710.81,-474.94,-1609.6,-757.75,1245.6,1376.1,923.4
406.88,1000.2,600.07,-700.18,-90.682,799.97,-667.57,-2303.1,-1399.4,1198.7,1600.7,1105.0
441.11,1118.4,681.68,-777.05,-113.01,900.09,-843.13,-2904.7,-2006.3,1092.0,1781.1,1263.9
463.37,1226.4,765.01,-842.79,-140.57,996.31,-988.04,-3363.5,-2534.6,926.9,1897.3,1386.5
472.07,1303.4,831.61,-886.06,-167.29,1068.8,-1090.6,-3663.6,-2965.3,698.64,1930.0,1460.5
465.37,1328.6,863.39,-895.3,-186.83,1097.8,-1142.6,-3816.4,-3299.1,400.01,1863.3,1474.9
441.82,1287.2,846.6,-862.46,-191.35,1069.1,-1141.9,-3850.2,-3546.2,26.515,1687.9,1421.9
401.75,1175.8,776.21,-786.34,-176.43,978.41,-1095.0,-3799.4,-3717.4,-417.34,1405.2,1299.1
348.12,1004.9,659.57,-673.99,-146.7,834.34,-1018.6,-3698.0,-3820.4,-912.34,1031.3,1112.3
285.87,797.48,515.67,-539.46,-111.46,657.83,-935.84,-3573.7,-3860.0,-1422.8,599.25,877.42
220.38,584.25,369.57,-400.53,-78.323,477.04,-868.62,-3442.2,-3837.7,-1900.4,156.29,619.28
156.38,394.93,245.35,-274.25,-52.98,319.39,-827.72,-3305.2,-3752.1,-2292.4,-245.15,367.15
97.542,249.73,159.37,-172.46,-40.521,203.35,-807.71,-3156.7,-3602.9,-2553.9,-561.53,147.14
46.479,154.45,115.21,-99.4,-43.08,133.48,-792.0,-2993.3,-3396.4,-2660.4,-769.7,-24.355
4.7627,101.87,104.09,-52.406,-57.013,101.73,-767.59,-2812.1,-3144.8,-2614.7,-869.08,-142.76
-27.045,78.252,111.52,-24.961,-75.249,93.88,-730.02,-2607.3,-2860.6,-2443.7,-876.27,-212.84
-49.338,69.581,124.09,-9.7947,-91.822,96.097,-678.07,-2374.5,-2555.3,-2188.9,-817.69,-244.63
-62.997,64.297,131.64,-0.68181,-101.7,97.421,-613.0,-2116.3,-2241.6,-1895.2,-722.49,-250.09
-67.471,54.866,127.0,4.7886,-99.97,90.164,-541.72,-1845.9,-1934.9,-1601.9,-608.6,-240.12
-57.701,38.063,101.21,4.7189,-88.372,67.326,-473.66,-1583.8,-1651.5,-1341.6,-471.87,-214.26
-42.448,9.1625,59.631,12.657,-74.862,31.028,-413.22,-1348.9,-1404.8,-1141.8,-378.25,-153.25
-40.269,-17.717,29.527,26.457,-61.664,2.0342,-359.14,-1151.7,-1201.7,-1005.2,-346.5,-134.03
-43.966,-39.242,8.2987,40.741,-47.47,-18.759,-309.06,-993.42,-1041.4,-910.4,-334.21,-141.81
-47.576,-59.644,-10.523,55.229,-31.722,-37.039,-262.16,-868.31,-916.6,-836.13,-323.81,-147.83
-49.918,-80.738,-29.974,69.33,-15.397,-55.732,-218.62,-766.82,-815.68,-769.77,-310.53,-150.42
-51.207,-102.62,-50.883,82.451,-0.43655,-75.67,-178.49,-678.26,-725.27,-703.76,-293.32,-150.86
-51.883,-124.86,-72.695,94.247,11.682,-96.879,-142.11,-592.04,-630.99,-630.56,-273.87,-150.14
-52.304,-146.74,-94.255,104.49,20.674,-118.88,-110.6,-503.87,-530.83,-552.24,-255.37,-148.82
-52.645,-167.13,-114.56,113.0,27.059,-140.59,-86.518,-430.41,-453.77,-488.17,-240.15,-147.24
-52.901,-184.83,-132.88,119.76,31.756,-160.37,-73.578,-385.86,-412.5,-446.79,-228.91,-145.57
-52.965,-199.14,-148.36,124.94,35.674,-176.69,-69.566,-361.74,-391.91,-421.87,-221.23,-143.85
-52.785,-210.11,-159.99,128.9,38.615,-188.8,-68.142,-347.19,-379.89,-406.24,-216.19,-142.11
-52.474,-218.33,-167.39,132.08,39.668,-196.99,-66.19,-336.62,-371.38,-395.54,-212.74,-140.37
-52.269,-224.47,-171.27,134.86,39.265,-202.15,-63.113,-327.65,-364.53,-387.46,-209.95,-138.67
-52.35,-229.02,-172.85,137.48,38.589,-205.13,-59.004,-319.29,-358.54,-380.76,-207.11,-137.05
-52.716,-232.26,-173.14,139.94,38.428,-206.62,-54.096,-311.11,-352.97,-374.82,-203.78,-135.54
-53.211,-234.39,-172.81,142.1,39.074,-207.13,-48.64,-302.96,-347.48,-369.26,-199.8,-134.13
-53.657,-235.59,-172.22,143.81,40.464,-207.02,-42.866,-294.78,-341.75,-363.89,-195.21,-132.81
-53.949,-236.08,-171.53,144.99,42.294,-206.54,-36.954,-286.52,-335.5,-358.49,-190.22,-131.58
-54.06,-236.02,-170.75,145.66,44.133,-205.82,-31.027,-278.04,-328.38,-352.9,-185.09,-130.42
-54.018,-235.55,-169.85,145.86,45.57,-204.94,-25.166,-269.06,-320.05,-346.87,-180.01,-129.32
-53.865,-234.76,-168.79,145.65,46.333,-203.94,-19.406,-259.21,-310.06,-340.16,-175.11,-128.21
-53.623,-233.71,-167.55,145.06,46.341,-202.84,-13.722,-247.96,-297.87,-332.43,-170.41,-126.97
-53.268,-232.39,-166.12,144.09,45.65,-201.65,-8.0067,-234.66,-282.77,-323.25,-165.82,-125.45
-52.751,-230.8,-164.46,142.74,44.364,-200.34,-2.0511,-218.53,-263.91,-312.01,-161.2,-123.45
-52.075,-228.92,-162.52,141.05,42.602,-198.87,4.4028,-198.77,-240.2,-297.93,-156.4,-120.79
-51.359,-226.74,-160.29,139.12,40.513,-197.19,11.591,-174.56,-210.29,-279.96,-151.26,-117.36
-50.819,-224.3,-157.75,137.11,38.288,-195.28,19.646,-145.15,-172.39,-256.75,-145.65,-113.13
-50.626,-221.59,-154.96,135.18,36.128,-193.1,28.539,-109.92,-123.91,-226.75,-139.49,-108.17
-50.748,-218.55,-151.98,133.31,34.195,-190.58,38.064,-68.3,-61.449,-188.44,-132.69,-102.62
-50.91,-214.97,-148.86,131.3,32.591,-187.6,47.898,-19.772,18.286,-140.91,-125.15,-96.587
-50.733,-210.46,-145.63,128.74,31.387,-183.93,57.708,36.177,116.47,-84.568,-116.68,-90.157
-49.903,-204.47,-142.22,125.11,30.625,-179.25,67.212,99.871,230.15,-21.001,-106.84,-83.346
-48.257,-196.33,-138.42,119.84,30.29,-173.12,76.216,171.18,352.76,48.156,-94.849,-76.146
-45.762,-185.39,-133.89,112.51,30.294,-165.05,84.6,249.06,477.37,122.43,-79.339,-68.537
-42.461,-171.24,-128.17,102.99,30.515,-154.55,92.297,331.68,599.7,202.5,-58.432,-60.465
-38.415,-154.01,-120.81,91.611,30.867,-141.38,99.281,416.9,718.45,289.34,-30.146,-51.783
-33.658,-134.52,-111.57,79.141,31.338,-125.8,105.56,502.84,833.58,383.6,6.7156,-42.202
-28.146,-114.16,-100.61,66.434,31.984,-108.73,111.18,588.28,944.88,485.2,51.789,-31.293
-21.722,-94.293,-88.505,54.108,32.879,-91.441,116.22,672.58,1051.5,593.09,103.33,-18.533
-14.185,-75.759,-76.095,42.42,34.059,-74.997,120.77,755.4,1152.2,705.01,159.11,-3.3903
-5.4407,-58.795,-64.046,31.342,35.485,-59.922,124.9,836.43,1245.4,817.69,217.0,14.6
4.4272,-43.223,-52.673,20.703,37.021,-46.237,128.68,915.1,1329.6,927.56,275.07,35.772
15.205,-28.714,-42.028,10.285,38.447,-33.732,132.11,990.46,1403.5,1031.6,331.59,60.239
26.656,-14.934,-32.119,-0.14664,39.509,-22.193,135.18,1061.2,1465.8,1127.7,385.32,87.716
38.572,-1.5747,-23.027,-10.827,40.006,-11.458,137.84,1126.0,1516.2,1214.6,435.42,117.3
50.771,11.665,-14.864,-21.999,39.874,-1.3844,140.04,1183.7,1555.6,1291.5,481.33,147.43
63.067,25.105,-7.6601,-33.909,39.2,8.214,141.79,1234.1,1585.4,1358.1,522.58,176.29
75.18,39.084,-1.3103,-46.772,38.141,17.588,143.08,1277.2,1607.6,1414.4,558.8,202.33
86.624,53.891,4.3999,-60.644,36.818,27.027,143.98,1313.9,1624.1,1460.2,589.75,224.69
96.704,69.589,9.7244,-75.18,35.316,36.791,144.54,1344.9,1636.2,1496.1,615.28,243.2
104.77,85.821,14.892,-89.517,33.753,46.992,144.85,1370.8,1645.1,1522.6,635.41,258.13
110.63,101.78,20.064,-102.54,32.306,57.504,144.96,1392.1,1651.4,1540.8,650.38,269.95
114.63,116.51,25.306,-113.42,31.138,67.947,144.9,1408.9,1655.7,1551.9,660.68,279.14
117.41,129.28,30.577,-121.97,30.296,77.812,144.69,1421.4,1657.9,1556.7,666.99,286.17
119.57,139.84,35.728,-128.47,29.687,86.653,144.32,1429.4,1657.9,1555.8,670.07,291.42
121.47,148.34,40.552,-133.42,29.166,94.227,143.76,1432.8,1655.2,1549.3,670.58,295.2
123.25,155.12,44.856,-137.28,28.651,100.5,143.03,1431.1,1649.0,1536.9,668.99,297.73
124.88,160.54,48.522,-140.38,28.14,105.6,142.11,1423.6,1638.1,1517.8,665.58,299.15
126.31,164.88,51.532,-142.93,27.593,109.66,140.99,1409.6,1621.0,1491.4,660.37,299.54
127.46,168.32,53.951,-144.98,26.846,112.84,139.66,1388.2,1595.8,1456.8,653.23,298.89
128.25,170.91,55.901,-146.49,25.639,115.25,138.07,1358.5,1560.7,1413.7,643.89,297.16
128.49,172.6,57.518,-147.32,23.756,116.97,136.12,1319.9,1514.1,1361.8,632.02,294.25
127.86,173.32,58.912,-147.3,21.155,118.05,133.64,1272.3,1455.2,1301.0,617.26,290.1
125.96,173.02,60.151,-146.27,18.02,118.55,130.37,1215.8,1384.4,1231.8,599.3,284.66
122.58,171.67,61.259,-144.16,14.689,118.5,126.01,1151.2,1303.2,1155.1,577.99,277.92
117.89,169.28,62.231,-140.97,11.488,117.88,120.29,1079.5,1213.9,1072.0,553.33,269.86
112.27,165.85,63.025,-136.77,8.5856,116.66,112.98,1001.9,1119.0,984.35,525.45,260.41
106.06,161.33,63.555,-131.64,5.9341,114.75,104.04,919.63,1020.5,893.99,494.58,249.48
99.332,155.69,63.701,-125.58,3.3489,112.04,93.537,833.97,920.11,802.82,461.04,236.89
91.943,148.92,63.354,-118.62,0.66953,108.48,81.7,746.16,819.03,712.38,425.25,222.48
83.677,141.06,62.46,-110.76,-2.1203,104.09,68.796,657.4,718.22,623.69,387.7,206.11
74.412,132.19,61.044,-102.02,-4.8889,98.955,55.089,568.8,618.5,537.23,348.92,187.78
64.259,122.48,59.174,-92.545,-7.4298,93.194,40.825,481.22,520.65,453.14,309.35,167.69
53.643,112.12,56.928,-82.54,-9.5358,86.944,26.276,395.23,425.3,371.32,269.3,146.32
43.169,101.36,54.362,-72.304,-11.047,80.332,11.79,311.11,332.85,291.64,228.97,124.37
33.327,90.415,51.521,-62.118,-11.886,73.462,-2.1901,229.06,243.38,214.02,188.58,102.68
24.338,79.479,48.462,-52.202,-12.095,66.431,-15.186,149.58,156.85,138.44,148.57,82.012
16.299,68.717,45.262,-42.717,-11.831,59.353,-26.789,73.918,73.691,65.319,109.8,62.969
9.3634,58.317,42.007,-33.841,-11.303,52.361,-36.764,3.9992,-4.6818,-4.1362,73.535,45.943
3.7216,48.507,38.762,-25.798,-10.688,45.599,-45.073,-58.164,-75.979,-68.002,41.063,31.126
-0.5701,39.532,35.541,-18.814,-10.082,39.192,-51.833,-111.26,-137.92,-124.28,13.21,18.517
-3.6677,31.579,32.308,-13.022,-9.5172,33.23,-57.236,-155.06,-189.31,-171.69,-9.9163,7.9431
-5.8215,24.735,29.014,-8.4138,-8.9891,27.768,-61.495,-190.29,-230.4,-210.08,-28.792,-0.88385
-7.2353,18.963,25.651,-4.8557,-8.4619,22.834,-64.814,-218.16,-262.52,-240.25,-44.152,-8.2863
-8.0606,14.127,22.275,-2.1355,-7.8511,18.429,-67.391,-240.05,-287.41,-263.53,-56.731,-14.56
-8.4646,10.035,18.993,-0.0089696,-7.0441,14.529,-69.405,-257.23,-306.73,-281.37,-67.132,-19.943
-8.658,6.4919,15.928,1.7633,-5.9692,11.094,-71.01,-270.75,-321.89,-295.09,-75.815,-24.61
-8.8561,3.3297,13.176,3.3799,-4.6633,8.0763,-72.325,-281.44,-333.93,-305.78,-83.126,-28.681
-9.2152,0.42841,10.775,4.9742,-3.2817,5.4244,-73.425,-289.93,-343.6,-314.23,-89.343,-32.239
-9.7955,-2.2868,8.7198,6.6124,-2.0269,3.0869,-74.359,-296.72,-351.44,-321.04,-94.709,-35.342
-10.568,-4.8554,6.9762,8.3081,-1.0448,1.0152,-75.157,-302.17,-357.83,-326.63,-99.429,-38.036
-11.445,-7.2927,5.4912,10.039,-0.36495,-0.83539,-75.842,-306.59,-363.04,-331.29,-103.67,-40.37
-12.322,-9.6019,4.1986,11.764,0.083268,-2.5089,-76.431,-310.22,-367.3,-335.21,-107.53,-42.399
-13.115,-11.79,3.0246,13.449,0.40718,-4.0518,-76.947,-313.24,-370.79,-338.55,-111.07,-44.19
-13.801,-13.874,1.9064,15.08,0.68058,-5.5075,-77.416,-315.82,-373.7,-341.38,-114.28,-45.813
-14.439,-15.876,0.82149,16.674,0.89305,-6.8997,-77.868,-318.06,-376.18,-343.79,-117.13,-47.324
-15.151,-17.796,-0.19265,18.257,0.94225,-8.2156,-78.323,-320.05,-378.33,-345.83,-119.58,-48.748
-16.054,-19.599,-1.0505,19.83,0.69262,-9.4041,-78.787,-321.82,-380.21,-347.56,-121.62,-50.079
-17.188,-21.19,-1.6566,21.332,0.071635,-10.391,-79.254,-323.39,-381.86,-349.04,-123.31,-51.28
-18.477,-22.434,-1.9495,22.633,-0.87952,-11.096,-79.712,-324.75,-383.27,-350.34,-124.71,-52.302
-19.76,-23.192,-1.9149,23.582,-2.0429,-11.453,-80.146,-325.88,-384.42,-351.52,-125.91,-53.108
-20.879,-23.387,-1.5666,24.076,-3.2967,-11.431,-80.543,-326.78,-385.32,-352.62,-127.0,-53.681
-21.757,-23.043,-0.92696,24.122,-4.5552,-11.047,-80.89,-327.46,-385.96,-353.68,-127.98,-54.028
-22.412,-22.289,-0.036229,23.835,-5.7627,-10.365,-81.183,-327.94,-386.36,-354.71,-128.81,-54.187
-22.924,-21.316,1.0368,23.387,-6.8758,-9.493,-81.428,-328.27,-386.56,-355.7,-129.41,-54.219
-23.371,-20.309,2.2069,22.934,-7.8596,-8.544,-81.639,-328.51,-386.63,-356.63,-129.74,-54.185
-23.801,-19.387,3.4059,22.578,-8.6958,-7.5962,-81.833,-328.74,-386.59,-357.47,-129.78,-54.133
-24.222,-18.575,4.6075,22.337,-9.3817,-6.6685,-82.02,-328.97,-386.5,-358.17,-129.57,-54.084
-24.598,-17.806,5.8203,22.149,-9.9194,-5.7274,-82.199,-329.25,-386.35,-358.69,-129.2,-54.024
-24.86,-16.969,7.0555,21.9,-10.307,-4.7226,-82.358,-329.54,-386.15,-359.01,-128.74,-53.924
-24.919,-15.969,8.2974,21.472,-10.542,-3.6261,-82.48,-329.83,-385.88,-359.14,-128.24,-53.751
-24.71,-14.771,9.5006,20.8,-10.637,-2.4511,-82.547,-330.06,-385.51,-359.12,-127.7,-53.484
-24.234,-13.407,10.613,19.89,-10.624,-1.2399,-82.544,-330.15,-385.0,-359.01,-127.1,-53.12
-23.561,-11.94,11.604,18.805,-10.552,-0.034196,-82.456,-330.03,-384.33,-358.83,-126.41,-52.657
-22.79,-10.418,12.483,17.616,-10.473,1.151,-82.27,-329.67,-383.49,-358.63,-125.63,-52.087
-22.001,-8.8519,13.293,16.365,-10.432,2.3351,-81.976,-329.03,-382.48,-358.37,-124.76,-51.389
-21.233,-7.2222,14.092,15.067,-10.456,3.5575,-81.567,-328.15,-381.32,-358.03,-123.84,-50.545
-20.493,-5.5125,14.933,13.731,-10.548,4.8531,-81.032,-327.08,-380.05,-357.59,-122.91,-49.568
-19.775,-3.7313,15.851,12.378,-10.694,6.2362,-80.348,-325.87,-378.72,-357.04,-122.05,-48.522
-19.08,-1.91,16.877,11.047,-10.869,7.7065,-79.455,-324.5,-377.29,-356.39,-121.32,-47.514
-18.416,-0.067948,18.055,9.773,-11.05,9.2805,-78.238,-322.81,-375.63,-355.63,-120.75,-46.676
-17.787,1.8445,19.469,8.5464,-11.227,11.038,-76.487,-320.45,-373.45,-354.74,-120.35,-46.127
-17.177,4.0073,21.264,7.2772,-11.412,13.175,-73.865,-316.81,-370.19,-353.57,-120.07,-45.936
-16.539,6.7797,23.662,5.7725,-11.65,16.049,-69.889,-310.89,-365.0,-351.84,-119.82,-46.08
-15.81,10.74,26.944,3.7279,-12.037,20.209,-64.008,-301.21,-356.62,-349.04,-119.43,-46.422
-14.93,16.719,31.32,0.69622,-12.732,26.336,-55.937,-285.81,-343.29,-344.2,-118.66,-46.697
-13.815,25.714,36.563,-3.9951,-13.937,34.863,-46.129,-263.0,-323.17,-335.64,-117.14,-46.516
-12.283,38.288,41.52,-11.276,-15.765,44.964,-35.577,-233.05,-295.5,-320.48,-114.31,-45.407
-9.8279,53.044,44.402,-21.837,-18.036,53.597,-24.806,-199.83,-262.24,-294.49,-109.09,-42.814
-5.2291,65.466,45.065,-34.422,-20.429,57.215,-14.063,-171.2,-227.58,-254.16,-98.983,-37.805
2.5976,70.797,46.612,-44.277,-22.898,56.445,-5.222,-158.78,-197.9,-201.44,-78.255,-28.077
8.7714,70.764,52.619,-46.893,-25.596,57.652,-1.9396,-170.79,-183.16,-142.78,-43.993,-11.854
6.0258,76.325,65.072,-46.538,-28.675,68.16,0.6536,-177.76,-184.85,-79.386,-22.674,-8.7208
1.8237,98.823,85.504,-55.509,-32.552,91.532,43.913,-55.567,-154.62,-6.6991,-34.471,-33.093
6.7056,140.69,116.37,-79.545,-38.212,128.9,122.33,232.17,9.9808,78.63,-38.78,-41.769
22.028,200.34,161.03,-116.57,-47.503,181.55,179.66,465.6,327.88,176.07,-2.8401,-25.681
46.969,274.95,218.94,-164.41,-62.168,247.38,217.12,636.52,632.16,282.92,70.837,13.453
80.855,357.85,280.05,-220.18,-77.286,318.3,225.94,719.84,834.34,399.52,177.77,79.085
122.34,441.37,332.68,-279.99,-83.411,385.66,196.0,667.61,916.38,540.23,317.81,172.78
169.82,522.71,373.51,-342.03,-79.733,446.72,121.47,445.02,839.94,739.74,494.3,294.48
221.76,605.65,404.14,-408.11,-70.173,504.52,2.1609,41.434,580.37,979.75,709.42,443.92
276.2,695.76,427.99,-480.77,-60.055,563.86,-155.45,-523.01,146.39,1149.4,954.76,618.22
329.88,794.87,458.41,-559.23,-55.728,630.04,-339.02,-1197.4,-419.27,1225.5,1210.6,808.13
378.6,903.92,510.52,-640.51,-61.27,710.32,-533.28,-1907.8,-1051.8,1226.4,1455.3,998.94
418.86,1022.1,585.37,-721.49,-77.547,806.16,-722.26,-2571.6,-1683.0,1161.5,1668.1,1174.7
448.47,1140.6,673.18,-796.57,-101.26,908.84,-890.77,-3119.6,-2257.9,1037.5,1829.2,1321.0
465.82,1242.4,757.18,-856.53,-125.52,1001.9,-1025.1,-3515.9,-2743.7,854.35,1918.7,1424.8
469.25,1306.7,817.33,-890.14,-145.7,1064.7,-1113.9,-3756.2,-3130.5,605.04,1918.3,1474.6
457.24,1313.4,835.26,-886.92,-158.76,1077.9,-1150.4,-3859.9,-3424.0,280.89,1813.0,1460.7
428.95,1250.1,800.16,-840.51,-158.8,1029.3,-1134.9,-3857.9,-3635.0,-121.52,1596.3,1377.0
385.06,1117.2,712.85,-751.61,-143.68,919.0,-1077.0,-3785.0,-3773.5,-592.1,1275.0,1224.4
328.42,929.45,586.14,-629.12,-117.58,760.8,-996.04,-3673.4,-3846.7,-1102.8,873.34,1012.7
263.71,713.83,441.58,-488.75,-87.628,579.11,-915.97,-3546.5,-3858.3,-1610.2,431.23,762.41
196.45,502.41,304.17,-349.2,-61.493,403.02,-856.04,-3414.6,-3808.8,-2062.3,-1.0176,501.54
131.83,324.2,196.29,-227.52,-45.791,258.71,-822.29,-3275.6,-3696.2,-2408.8,-373.85,259.72
74.172,196.79,130.98,-134.56,-44.609,161.63,-805.04,-3124.1,-3521.7,-2612.3,-651.11,59.926
26.343,121.4,106.7,-72.451,-56.356,111.61,-787.47,-2956.9,-3293.6,-2659.2,-818.07,-86.929
-10.576,85.573,109.18,-35.771,-73.633,95.178,-759.38,-2769.6,-3024.5,-2561.9,-880.9,-181.53
-37.007,72.228,121.28,-15.942,-88.938,95.112,-717.78,-2555.8,-2727.3,-2354.1,-860.47,-232.0
-54.168,66.976,130.83,-5.0578,-97.061,97.872,-661.9,-2312.8,-2414.9,-2079.3,-785.03,-249.76
-63.203,60.085,130.73,2.1262,-93.826,94.772,-594.33,-2046.4,-2101.7,-1780.4,-681.67,-246.67
-62.887,47.675,114.18,5.0362,-81.632,80.068,-523.1,-1773.0,-1803.5,-1493.0,-552.05,-230.76
-50.345,25.131,76.589,8.3685,-69.791,49.978,-456.53,-1513.6,-1535.2,-1249.2,-412.19,-184.6
-42.393,-3.7575,45.093,21.001,-60.978,18.637,-397.22,-1285.9,-1307.3,-1072.8,-350.54,-133.5
-45.429,-27.082,23.905,35.344,-52.455,-4.4367,-343.53,-1098.1,-1123.6,-954.92,-333.76,-135.32
-50.148,-46.899,6.0292,49.257,-41.94,-23.022,-293.76,-949.2,-980.07,-870.57,-325.03,-143.53
-53.349,-66.185,-12.343,62.225,-28.966,-41.064,-247.53,-831.49,-867.29,-801.1,-314.68,-147.66
-54.99,-85.853,-32.561,73.932,-14.936,-60.042,-204.85,-734.36,-772.54,-736.05,-300.65,-148.65
-55.597,-106.13,-54.304,84.618,-2.1152,-80.179,-165.8,-646.58,-681.61,-667.46,-283.6,-147.82
-55.673,-127.18,-76.334,94.72,8.2651,-101.39,-131.09,-557.85,-582.42,-589.91,-265.95,-146.07
-55.589,-148.83,-97.442,104.45,16.326,-123.31,-102.16,-470.99,-488.68,-516.32,-250.23,-144.04
-55.553,-170.07,-117.07,113.62,22.743,-145.06,-82.133,-407.83,-429.21,-464.15,-237.62,-142.15
-55.604,-189.24,-134.89,121.77,28.318,-164.99,-73.304,-372.6,-399.45,-432.39,-228.02,-140.59
-55.654,-204.84,-149.97,128.49,33.554,-181.22,-71.221,-353.02,-383.64,-413.09,-220.73,-139.41
-55.576,-216.39,-161.17,133.65,38.098,-192.78,-70.52,-340.21,-373.53,-400.45,-214.94,-138.5
-55.292,-224.4,-168.33,137.4,41.219,-200.18,-69.258,-330.18,-365.98,-391.29,-210.03,-137.76
-54.821,-229.76,-172.36,140.05,42.813,-204.61,-67.181,-321.31,-359.77,-383.93,-205.72,-137.09
-54.273,-233.28,-174.38,141.94,43.391,-207.13,-64.387,-312.88,-354.3,-377.55,-201.91,-136.41
-53.782,-235.52,-175.19,143.28,43.543,-208.44,-60.993,-304.6,-349.13,-371.76,-198.62,-135.72
-53.407,-236.82,-175.3,144.21,43.675,-208.94,-57.092,-296.35,-343.9,-366.36,-195.76,-135.02
-53.103,-237.39,-175.04,144.77,43.982,-208.9,-52.755,-288.02,-338.25,-361.18,-193.16,-134.3
-52.769,-237.4,-174.58,144.97,44.496,-208.48,-48.042,-279.5,-331.85,-356.05,-190.52,-133.56
-52.341,-237.01,-174.01,144.86,45.141,-207.84,-43.001,-270.57,-324.31,-350.7,-187.54,-132.78
-51.858,-236.38,-173.31,144.54,45.787,-207.07,-37.676,-260.91,-315.19,-344.84,-184.0,-131.95
-51.444,-235.68,-172.44,144.17,46.293,-206.23,-32.09,-250.03,-303.95,-338.09,-179.84,-131.03
-51.234,-235.02,-171.32,143.88,46.542,-205.34,-26.224,-237.32,-289.95,-330.06,-175.08,-129.96
-51.271,-234.39,-169.91,143.68,46.446,-204.4,-20.012,-222.07,-272.42,-320.3,-169.85,-128.65
-51.479,-233.73,-168.23,143.49,45.959,-203.36,-13.345,-203.51,-250.46,-308.23,-164.25,-126.99
-51.691,-232.91,-166.36,143.16,45.086,-202.21,-6.1172,-180.86,-222.95,-293.13,-158.34,-124.83
-51.733,-231.79,-164.4,142.52,43.898,-200.91,1.739,-153.35,-188.36,-273.95,-152.15,-122.05
-51.476,-230.23,-162.45,141.42,42.502,-199.43,10.23,-120.22,-144.42,-249.34,-145.65,-118.54
-50.866,-228.06,-160.53,139.7,40.988,-197.69,19.315,-80.737,-87.882,-217.61,-138.77,-114.2
-49.92,-225.06,-158.6,137.22,39.4,-195.55,28.938,-34.178,-14.999,-177.19,-131.43,-108.97
-48.716,-220.91,-156.46,133.79,37.769,-192.79,39.048,20.14,76.73,-127.33,-123.42,-102.82
-47.359,-215.21,-153.89,129.26,36.166,-189.05,49.591,82.685,186.06,-68.806,-114.4,-95.765
-45.904,-207.46,-150.52,123.45,34.717,-183.87,60.431,153.44,307.3,-3.4846,-103.74,-87.889
-44.27,-197.16,-145.91,116.27,33.559,-176.67,71.305,231.42,432.82,67.157,-90.454,-79.335
-42.237,-183.91,-139.55,107.67,32.789,-166.82,81.824,314.75,557.02,143.07,-73.105,-70.239
-39.552,-167.69,-131.04,97.732,32.444,-153.96,91.575,401.14,677.7,225.2,-49.878,-60.641
-36.072,-149.11,-120.41,86.768,32.512,-138.41,100.25,488.5,794.69,314.51,-19.077,-50.406
-31.821,-129.37,-108.24,75.301,32.928,-121.22,107.71,575.42,907.98,411.36,20.07,-39.185
-26.901,-109.79,-95.346,63.905,33.535,-103.7,114.04,661.14,1016.9,515.3,66.824,-26.441
-21.325,-91.216,-82.318,52.922,34.089,-86.841,119.42,745.29,1120.3,624.83,119.22,-11.514
-14.926,-73.831,-69.464,42.313,34.361,-70.986,124.09,827.52,1216.6,737.35,175.0,6.2846
-7.4443,-57.349,-57.026,31.775,34.262,-56.131,128.25,907.29,1304.1,849.47,232.24,27.512
1.3108,-41.411,-45.31,20.98,33.879,-42.18,132.06,983.76,1381.3,957.76,289.49,52.394
11.417,-25.798,-34.605,9.7314,33.389,-29.079,135.56,1055.8,1447.1,1059.5,345.67,80.586
22.897,-10.438,-25.039,-2.0452,32.931,-16.806,138.75,1122.1,1500.9,1153.0,399.81,111.03
35.688,4.704,-16.557,-14.398,32.577,-5.325,141.57,1181.6,1543.4,1237.1,450.89,142.07
49.475,19.722,-9.0053,-27.402,32.364,5.4428,143.98,1233.9,1576.1,1311.3,497.74,171.85
63.55,34.792,-2.2183,-41.125,32.34,15.648,145.95,1279.0,1600.7,1375.3,539.22,198.89
76.88,50.11,3.9334,-55.483,32.56,25.519,147.48,1317.3,1619.1,1428.9,574.52,222.32
88.525,65.754,9.5541,-70.09,33.03,35.33,148.58,1349.5,1632.7,1472.1,603.39,241.93
98.095,81.524,14.758,-84.27,33.674,45.278,149.29,1376.4,1642.9,1505.5,626.08,257.88
105.75,96.916,19.668,-97.294,34.346,55.345,149.64,1398.4,1650.3,1529.8,643.24,270.56
111.91,111.28,24.362,-108.66,34.888,65.245,149.68,1416.1,1655.4,1546.0,655.6,280.39
116.95,124.06,28.832,-118.17,35.169,74.548,149.44,1429.5,1658.6,1555.2,663.93,287.81
121.08,134.97,33.014,-125.89,35.11,82.881,148.96,1438.8,1659.8,1558.2,668.88,293.24
124.33,144.0,36.842,-131.96,34.687,90.064,148.29,1443.8,1658.8,1555.4,670.98,297.05
126.58,151.3,40.294,-136.6,33.944,96.11,147.45,1444.4,1655.1,1547.0,670.66,299.55
127.8,157.11,43.401,-140.01,32.967,101.16,146.47,1439.9,1647.6,1532.5,668.21,300.91
128.13,161.7,46.22,-142.46,31.833,105.37,145.34,1429.7,1634.9,1511.2,663.79,301.24
127.84,165.31,48.804,-144.18,30.569,108.89,144.04,1412.9,1615.4,1482.2,657.44,300.5
127.18,168.11,51.174,-145.36,29.137,111.8,142.46,1388.7,1587.1,1444.8,649.16,298.6
126.31,170.2,53.333,-146.08,27.429,114.12,140.46,1356.2,1548.1,1398.5,638.87,295.41
125.24,171.59,55.301,-146.36,25.283,115.87,137.86,1315.1,1497.2,1343.3,626.47,290.82
123.92,172.25,57.119,-146.12,22.515,117.07,134.45,1265.3,1434.1,1279.7,611.74,284.73
122.17,172.09,58.829,-145.2,18.963,117.75,129.99,1207.1,1359.8,1208.4,594.38,277.1
119.77,171.03,60.444,-143.46,14.603,117.94,124.23,1140.9,1276.1,1130.3,573.99,267.9
116.45,169.0,61.95,-140.7,9.7814,117.64,116.96,1067.8,1185.0,1046.7,550.16,257.09
111.94,165.88,63.306,-136.78,5.2247,116.83,108.05,988.71,1088.8,959.03,522.66,244.69
106.1,161.6,64.449,-131.58,1.5923,115.41,97.531,904.94,989.35,868.96,491.5,230.72
99.016,156.11,65.288,-125.12,-0.96242,113.3,85.578,817.82,888.22,778.08,457.06,215.25
90.876,149.42,65.721,-117.54,-2.7531,110.41,72.504,728.71,786.6,687.85,419.97,198.43
81.877,141.66,65.668,-109.08,-4.2935,106.71,58.664,638.96,685.52,599.34,380.99,180.44
72.124,133.02,65.102,-99.993,-6.0345,102.27,44.388,549.76,585.91,513.24,340.86,161.52
61.726,123.75,64.048,-90.537,-8.1716,97.22,29.954,461.98,488.61,429.84,300.19,141.96
50.962,114.07,62.55,-80.924,-10.608,91.7,15.618,376.11,394.16,349.08,259.42,122.11
40.298,104.14,60.642,-71.337,-13.062,85.811,1.6774,292.28,302.77,270.71,218.87,102.3
30.218,94.078,58.344,-61.908,-15.215,79.609,-11.496,210.56,214.3,194.43,178.89,82.974
20.995,83.912,55.69,-52.69,-16.823,73.129,-23.501,131.49,128.73,120.06,140.01,64.614
12.684,73.672,52.768,-43.683,-17.773,66.429,-34.016,56.502,46.807,48.144,103.01,47.775
5.3682,63.429,49.717,-34.914,-18.071,59.615,-42.886,-12.222,-29.552,-19.799,68.792,32.946
-0.66903,53.355,46.676,-26.527,-17.789,52.835,-50.154,-72.587,-97.814,-81.542,38.093,20.395
-5.1908,43.723,43.725,-18.798,-16.989,46.254,-55.996,-123.49,-156.02,-135.12,11.255,10.104
-8.3248,34.859,40.851,-12.04,-15.734,40.012,-60.64,-165.08,-203.66,-179.68,-11.769,1.8249
-10.474,27.035,37.96,-6.4595,-14.164,34.203,-64.299,-198.37,-241.57,-215.59,-31.265,-4.7966
-12.006,20.39,34.943,-2.0726,-12.534,28.88,-67.149,-224.71,-271.3,-243.98,-47.592,-10.115
-13.106,14.914,31.745,1.2535,-11.129,24.076,-69.331,-245.45,-294.53,-266.22,-61.11,-14.427
-13.844,10.493,28.417,3.7154,-10.141,19.828,-70.968,-261.71,-312.7,-283.57,-72.173,-17.968
-14.291,6.9715,25.118,5.5098,-9.5921,16.174,-72.168,-274.46,-326.99,-297.12,-81.142,-20.921
-14.552,4.1943,22.055,6.8099,-9.3702,13.131,-73.027,-284.46,-338.28,-307.74,-88.379,-23.45
-14.726,2.0143,19.402,7.7649,-9.3362,10.673,-73.627,-292.32,-347.25,-316.12,-94.224,-25.709
-14.886,0.28602,17.238,8.5069,-9.3825,8.7235,-74.034,-298.55,-354.42,-322.77,-98.979,-27.843
-15.082,-1.1435,15.532,9.1549,-9.4353,7.1631,-74.311,-303.53,-360.2,-328.09,-102.89,-29.976
-15.347,-2.4308,14.175,9.8121,-9.4434,5.8456,-74.511,-307.59,-364.89,-332.4,-106.18,-32.197
-15.701,-3.7161,13.033,10.558,-9.381,4.6325,-74.682,-310.98,-368.75,-335.91,-108.98,-34.541
-16.139,-5.0951,11.999,11.441,-9.2545,3.4275,-74.864,-313.88,-371.98,-338.82,-111.43,-36.994
-16.645,-6.5957,11.029,12.467,-9.0978,2.1998,-75.082,-316.41,-374.73,-341.26,-113.62,-39.494
-17.207,-8.1747,10.135,13.604,-8.9549,0.98326,-75.344,-318.64,-377.1,-343.35,-115.65,-41.953
-17.817,-9.7295,9.3663,14.785,-8.8585,-0.14905,-75.643,-320.62,-379.15,-345.15,-117.57,-44.274
-18.442,-11.131,8.7631,15.908,-8.8076,-1.1175,-75.961,-322.36,-380.92,-346.75,-119.44,-46.363
-19.001,-12.259,8.3239,16.851,-8.7577,-1.8693,-76.278,-323.87,-382.42,-348.16,-121.26,-48.147
-19.364,-13.027,7.9927,17.491,-8.635,-2.3952,-76.586,-325.18,-383.67,-349.44,-123.01,-49.595
-19.402,-13.41,7.6823,17.745,-8.3711,-2.7274,-76.889,-326.3,-384.7,-350.6,-124.62,-50.717
-19.056,-13.442,7.3156,17.6,-7.9352,-2.922,-77.198,-327.24,-385.52,-351.66,-126.04,-51.552
-18.393,-13.221,6.8643,17.134,-7.3449,-3.0403,-77.521,-328.03,-386.18,-352.63,-127.18,-52.156
-17.583,-12.875,6.3587,16.499,-6.6626,-3.1321,-77.858,-328.67,-386.68,-353.52,-127.97,-52.579
-16.824,-12.539,5.8663,15.874,-5.9874,-3.2295,-78.196,-329.21,-387.06,-354.34,-128.37,-52.863
-16.254,-12.319,5.4508,15.408,-5.4335,-3.3496,-78.514,-329.67,-387.31,-355.08,-128.42,-53.041
-15.907,-12.267,5.1365,15.17,-5.0708,-3.4997,-78.793,-330.08,-387.45,-355.76,-128.17,-53.142
-15.717,-12.375,4.8966,15.142,-4.8675,-3.682,-79.018,-330.48,-387.5,-356.39,-127.74,-53.19
-15.561,-12.586,4.6734,15.24,-4.7018,-3.8927,-79.182,-330.9,-387.47,-356.99,-127.24,-53.205
-15.329,-12.817,4.4208,15.361,-4.4428,-4.1138,-79.278,-331.34,-387.38,-357.56,-126.77,-53.198
-14.98,-12.981,4.145,15.42,-4.036,-4.3019,-79.297,-331.75,-387.21,-358.08,-126.37,-53.155
-14.561,-12.99,3.9197,15.367,-3.5431,-4.3844,-79.222,-332.09,-386.95,-358.52,-126.05,-53.03
-14.176,-12.773,3.8629,15.185,-3.1199,-4.2755,-79.033,-332.27,-386.55,-358.83,-125.75,-52.761
-13.931,-12.287,4.0787,14.876,-2.9399,-3.9114,-78.715,-332.22,-385.98,-359.0,-125.46,-52.292
-13.878,-11.537,4.5965,14.454,-3.1044,-3.2857,-78.265,-331.9,-385.24,-359.02,-125.15,-51.607
-13.992,-10.579,5.3486,13.933,-3.6017,-2.4592,-77.695,-331.31,-384.34,-358.92,-124.84,-50.741
-14.181,-9.4963,6.2069,13.328,-4.3345,-1.5317,-77.016,-330.52,-383.35,-358.76,-124.52,-49.778
-14.332,-8.3628,7.0621,12.65,-5.1824,-0.58537,-76.212,-329.56,-382.33,-358.6,-124.21,-48.826
-14.363,-7.196,7.9006,11.904,-6.0565,0.37327,-75.205,-328.43,-381.25,-358.45,-123.85,-47.99
-14.253,-5.9298,8.8467,11.084,-6.9297,1.4485,-73.821,-327.01,-379.97,-358.27,-123.39,-47.348
-14.048,-4.4054,10.16,10.162,-7.8399,2.8616,-71.758,-324.96,-378.14,-357.92,-122.79,-46.93
-13.83,-2.3712,12.208,9.0769,-8.8588,4.9483,-68.554,-321.7,-375.18,-357.14,-122.0,-46.707
-13.682,0.53876,15.443,7.7135,-10.069,8.1846,-63.597,-316.25,-370.18,-355.5,-121.01,-46.575
-13.636,4.8768,20.327,5.8614,-11.701,13.241,-56.264,-307.16,-361.78,-352.32,-119.78,-46.36
-13.63,11.492,26.959,3.146,-14.457,20.906,-46.387,-292.51,-348.1,-346.42,-118.2,-45.83
-13.503,21.478,33.959,-1.0842,-18.757,31.334,-34.775,-270.44,-326.96,-335.63,-115.99,-44.713
-13.023,35.276,37.894,-7.8507,-22.272,42.096,-22.664,-240.84,-297.37,-316.19,-112.47,-42.687
-11.941,50.328,38.78,-18.136,-24.178,47.918,-10.381,-207.16,-261.29,-283.03,-106.04,-39.27
-9.7897,60.315,43.275,-30.801,-26.913,48.172,2.1587,-176.75,-222.58,-234.51,-92.94,-33.318
-5.2314,62.737,54.807,-40.169,-32.611,51.782,13.222,-160.96,-186.6,-177.61,-66.335,-22.034
1.3814,67.32,73.381,-41.875,-42.479,65.861,18.561,-169.52,-164.07,-118.04,-29.273,-5.9486
1.7898,86.309,99.141,-44.084,-56.258,91.014,17.882,-179.25,-162.52,-50.833,-14.714,-10.188
-2.1661,122.58,133.47,-58.725,-73.209,127.46,43.817,-72.028,-140.14,30.82,-31.138,-35.714
-0.31105,175.12,178.61,-87.116,-93.514,176.77,112.63,210.54,11.025,128.85,-29.71,-40.197
10.23,243.01,234.56,-126.93,-116.66,238.86,171.57,448.82,302.48,240.39,16.14,-20.587
30.048,322.65,294.78,-176.66,-138.13,308.82,213.28,625.79,595.89,360.26,99.104,22.564
60.013,406.85,348.94,-233.73,-151.22,378.0,229.03,718.59,810.31,486.06,213.17,92.892
100.01,488.85,391.92,-294.61,-153.23,440.22,208.04,678.99,916.06,627.8,357.1,191.57
148.18,567.29,424.51,-357.34,-144.67,495.52,142.15,470.82,870.21,813.05,533.35,317.59
201.45,646.15,448.91,-422.79,-126.73,547.75,28.62,81.003,643.03,1026.2,743.65,469.27
256.74,730.53,472.11,-492.75,-105.7,602.47,-126.61,-473.07,236.71,1178.7,981.48,642.68
311.13,824.29,508.05,-567.32,-94.573,667.27,-309.33,-1142.4,-311.6,1249.8,1230.7,829.12
361.37,930.16,565.91,-645.22,-100.62,748.44,-502.34,-1854.2,-939.16,1249.9,1471.2,1015.5
404.3,1046.3,643.88,-724.0,-121.07,844.79,-689.48,-2525.4,-1575.6,1186.5,1682.0,1187.1
437.54,1162.2,730.09,-798.02,-148.29,945.54,-856.81,-3084.9,-2161.9,1064.7,1841.8,1329.6
459.16,1259.6,806.33,-857.63,-175.0,1032.5,-992.05,-3494.2,-2661.8,883.34,1929.5,1429.7
467.1,1316.6,853.18,-890.8,-194.89,1084.9,-1084.3,-3747.5,-3063.6,636.33,1926.6,1475.5
459.34,1314.1,854.83,-886.64,-200.24,1085.2,-1126.1,-3862.7,-3372.2,316.73,1819.6,1457.3
434.79,1242.2,803.17,-839.2,-185.42,1024.1,-1115.9,-3869.8,-3598.4,-77.741,1603.4,1370.0
394.07,1103.2,701.25,-750.01,-152.95,904.04,-1061.5,-3803.0,-3751.4,-538.71,1285.2,1215.0
340.01,913.7,564.41,-628.66,-112.66,740.65,-981.3,-3694.5,-3837.6,-1042.7,887.9,1003.2
277.21,700.81,416.73,-490.81,-75.609,559.44,-900.02,-3568.8,-3860.8,-1550.7,449.59,754.84
210.84,495.42,283.58,-354.29,-49.539,388.87,-839.15,-3437.6,-3821.8,-2012.3,19.004,496.99
145.73,323.54,184.07,-234.64,-38.365,252.0,-806.32,-3300.5,-3718.9,-2375.1,-355.28,257.89
86.025,199.65,126.16,-141.56,-41.994,160.38,-789.71,-3152.5,-3553.5,-2597.9,-637.2,59.593
35.048,124.3,105.29,-77.443,-55.696,112.12,-769.23,-2990.6,-3334.0,-2662.7,-810.85,-86.858
-5.2001,86.872,108.12,-38.28,-72.601,95.248,-735.46,-2810.1,-3073.2,-2579.0,-880.43,-181.46
-34.345,72.267,119.98,-16.678,-87.524,94.621,-687.54,-2604.0,-2783.3,-2379.2,-865.16,-231.9
-53.336,66.664,129.6,-5.0172,-94.853,97.378,-626.81,-2367.9,-2475.5,-2107.2,-792.63,-249.63
-63.722,59.993,129.4,2.482,-84.422,94.553,-558.22,-2105.8,-2162.9,-1807.7,-691.41,-246.63
-66.558,46.597,110.94,7.8914,-63.37,79.78,-490.27,-1832.2,-1861.1,-1518.2,-574.6,-230.84
-60.831,19.825,69.392,14.693,-50.819,46.544,-429.04,-1568.3,-1586.0,-1271.7,-446.89,-185.44
-51.359,-13.955,38.456,29.768,-45.234,11.46,-374.82,-1333.1,-1349.7,-1091.7,-373.38,-133.76
-51.349,-41.304,19.172,47.978,-41.221,-12.92,-325.1,-1136.6,-1157.4,-970.76,-348.08,-134.94
-55.689,-64.774,3.3984,65.845,-35.717,-31.999,-278.29,-979.5,-1006.6,-884.48,-336.22,-143.64
-59.074,-86.931,-12.903,81.395,-27.618,-50.241,-234.43,-855.48,-888.63,-813.86,-325.21,-148.35
-61.078,-107.92,-31.229,93.675,-17.634,-69.094,-193.85,-754.3,-791.29,-748.38,-311.2,-149.81
-62.107,-127.61,-51.408,103.05,-7.6764,-88.704,-156.72,-664.76,-700.67,-680.83,-293.39,-149.26
-62.447,-146.14,-72.414,110.4,0.76581,-108.85,-123.56,-575.82,-603.01,-604.84,-273.58,-147.53
-62.294,-163.65,-93.183,116.55,7.5406,-129.09,-95.968,-486.23,-505.1,-529.3,-254.91,-145.23
-61.851,-180.02,-112.98,122.05,13.466,-148.59,-77.756,-416.9,-438.27,-472.86,-239.6,-142.84
-61.328,-194.84,-130.99,127.2,19.432,-166.19,-70.463,-377.13,-404.37,-437.66,-228.3,-140.75
-60.861,-207.57,-146.09,132.04,25.479,-180.71,-68.412,-355.37,-386.96,-416.25,-220.55,-139.22
-60.461,-217.8,-157.43,136.38,30.879,-191.52,-66.817,-341.51,-376.28,-402.45,-215.37,-138.33
-60.048,-225.44,-164.98,140.02,35.08,-198.81,-64.492,-330.86,-368.54,-392.7,-211.7,-137.99
-59.532,-230.75,-169.37,142.84,38.074,-203.25,-61.503,-321.43,-362.3,-385.11,-208.6,-138.0
-58.888,-234.16,-171.46,144.84,40.141,-205.67,-58.042,-312.38,-356.85,-378.67,-205.42,-138.13
-58.184,-236.16,-172.07,146.12,41.608,-206.75,-54.213,-303.37,-351.75,-372.84,-201.92,-138.18
-57.543,-237.14,-171.85,146.85,42.699,-206.99,-50.049,-294.26,-346.61,-367.32,-198.14,-138.0
-57.085,-237.42,-171.2,147.17,43.491,-206.75,-45.572,-285.03,-341.1,-361.93,-194.27,-137.55
-56.87,-237.26,-170.36,147.19,43.954,-206.23,-40.829,-275.61,-334.88,-356.48,-190.53,-136.83
-56.884,-236.84,-169.42,147.01,44.033,-205.6,-35.907,-265.85,-327.62,-350.78,-186.98,-135.86
-57.057,-236.3,-168.5,146.7,43.702,-204.98,-30.901,-255.46,-318.98,-344.59,-183.54,-134.7
-57.304,-235.73,-167.64,146.31,42.981,-204.42,-25.88,-243.97,-308.5,-337.63,-179.99,-133.35
-57.558,-235.17,-166.88,145.88,41.92,-203.96,-20.853,-230.77,-295.62,-329.56,-176.11,-131.77
-57.778,-234.59,-166.13,145.41,40.588,-203.51,-15.749,-215.11,-279.6,-319.92,-171.7,-129.86
-57.943,-233.9,-165.27,144.88,39.082,-202.94,-10.427,-196.17,-259.52,-308.12,-166.68,-127.5
-58.034,-232.96,-164.11,144.25,37.531,-202.09,-4.6706,-173.07,-234.25,-293.3,-161.09,-124.58
-58.013,-231.58,-162.51,143.41,36.091,-200.78,1.7466,-144.83,-202.25,-274.33,-154.99,-121.04
-57.814,-229.55,-160.4,142.24,34.908,-198.85,8.9851,-110.53,-161.41,-249.72,-148.41,-116.83
-57.345,-226.63,-157.78,140.53,34.092,-196.16,17.082,-69.321,-108.67,-217.8,-141.32,-111.94
-56.485,-222.57,-154.7,138.07,33.69,-192.63,25.951,-20.588,-40.279,-177.1,-133.54,-106.38
-55.087,-217.09,-151.24,134.56,33.686,-188.18,35.431,36.021,46.833,-127.05,-124.81,-100.14
-52.986,-209.84,-147.41,129.65,34.013,-182.66,45.337,100.47,152.5,-68.491,-114.72,-93.247
-50.034,-200.39,-143.12,123.01,34.571,-175.81,55.483,172.15,271.75,-3.2115,-102.63,-85.762
-46.172,-188.31,-138.12,114.4,35.235,-167.28,65.637,249.88,396.92,67.438,-87.567,-77.775
-41.498,-173.34,-132.11,103.83,35.876,-156.65,75.522,331.83,521.6,143.37,-68.188,-69.371
-36.223,-155.65,-124.77,91.696,36.396,-143.69,84.841,416.07,642.89,225.37,-42.925,-60.577
-30.553,-135.94,-115.92,78.69,36.762,-128.54,93.343,500.98,760.43,314.28,-10.4,-51.294
-24.562,-115.39,-105.61,65.594,37.007,-111.9,100.89,585.53,874.39,410.5,29.949,-41.222
-18.17,-95.196,-94.19,52.999,37.211,-94.751,107.47,669.16,984.41,513.75,77.451,-29.803
-11.18,-76.171,-82.184,41.163,37.463,-78.056,113.22,751.57,1089.4,622.77,130.38,-16.246
-3.33,-58.597,-70.048,30.037,37.826,-62.343,118.28,832.42,1188.0,735.09,186.71,0.34039
5.6257,-42.345,-58.02,19.387,38.296,-47.723,122.81,911.15,1278.5,847.29,244.65,20.676
15.788,-27.134,-46.203,8.9393,38.793,-34.124,126.92,986.84,1359.4,955.84,302.78,44.997
26.976,-12.724,-34.772,-1.5242,39.169,-21.512,130.62,1058.3,1429.3,1058.0,359.73,72.852
38.741,1.0631,-24.062,-12.147,39.259,-9.9091,133.88,1124.1,1487.4,1151.8,414.08,103.09
50.563,14.426,-14.435,-23.045,38.927,0.72204,136.64,1183.3,1533.8,1236.3,464.43,134.0
62.059,27.656,-6.0577,-34.338,38.105,10.597,138.82,1235.0,1569.5,1310.7,509.55,163.74
73.033,41.092,1.193,-46.116,36.813,20.092,140.38,1279.1,1596.2,1374.7,548.66,190.73
83.285,54.989,7.6314,-58.348,35.147,29.599,141.33,1316.3,1615.7,1428.1,581.44,214.12
92.418,69.375,13.597,-70.795,33.239,39.381,141.75,1347.2,1629.8,1471.1,608.02,233.73
99.951,84.016,19.357,-83.016,31.201,49.5,141.76,1372.7,1640.0,1504.1,628.87,249.87
105.67,98.481,25.079,-94.495,29.088,59.83,141.51,1393.6,1647.2,1528.2,644.62,263.07
109.75,112.26,30.842,-104.79,26.896,70.103,141.12,1410.5,1652.2,1544.4,656.04,273.81
112.55,124.9,36.645,-113.67,24.591,79.98,140.71,1423.6,1655.3,1553.8,663.93,282.5
114.44,136.1,42.415,-121.11,22.135,89.152,140.33,1433.0,1656.6,1557.5,668.94,289.42
115.73,145.84,48.024,-127.27,19.502,97.423,139.97,1438.5,1655.9,1555.8,671.56,294.76
116.7,154.23,53.317,-132.44,16.682,104.72,139.58,1439.8,1652.6,1548.7,672.08,298.63
117.59,161.4,58.142,-136.81,13.719,111.03,139.07,1436.2,1645.6,1535.7,670.57,301.1
118.55,167.39,62.376,-140.44,10.747,116.32,138.32,1426.8,1633.6,1515.9,667.01,302.24
119.55,172.09,65.952,-143.25,7.9911,120.54,137.18,1410.5,1614.5,1488.0,661.29,302.07
120.47,175.46,68.864,-145.17,5.6568,123.71,135.48,1386.3,1586.4,1451.3,653.21,300.6
121.14,177.54,71.14,-146.2,3.811,125.89,133.03,1353.3,1547.3,1405.3,642.54,297.81
121.32,178.42,72.835,-146.37,2.3512,127.16,129.68,1310.9,1495.8,1349.9,629.02,293.69
120.72,178.23,74.011,-145.68,1.0897,127.64,125.32,1259.2,1431.7,1285.7,612.39,288.2
119.01,177.05,74.732,-144.12,-0.13059,127.43,119.82,1198.6,1356.0,1213.5,592.53,281.36
115.92,174.94,75.045,-141.65,-1.3727,126.59,113.12,1130.3,1271.0,1134.4,569.42,273.22
111.34,171.96,74.962,-138.3,-2.6159,125.16,105.13,1055.6,1179.1,1049.8,543.21,263.84
105.46,168.09,74.46,-134.1,-3.801,123.1,95.864,975.59,1082.7,961.35,514.09,253.26
98.667,163.32,73.496,-129.12,-4.8686,120.39,85.352,891.66,983.63,870.7,482.3,241.38
91.373,157.63,72.021,-123.42,-5.7826,116.96,73.726,804.9,883.19,779.46,448.09,228.04
83.837,150.92,70.002,-116.99,-6.541,112.75,61.188,716.46,782.37,688.99,411.82,212.97
76.078,143.09,67.442,-109.74,-7.1715,107.69,47.96,627.47,682.01,600.24,373.92,195.98
67.925,133.99,64.388,-101.49,-7.7166,101.75,34.231,538.95,582.88,513.7,334.83,177.01
59.129,123.52,60.925,-92.063,-8.2089,94.929,20.157,451.62,485.68,429.4,294.84,156.24
49.52,111.7,57.146,-81.442,-8.6367,87.273,5.9454,365.82,390.91,347.13,254.05,134.1
39.236,98.819,53.141,-69.899,-8.9304,78.939,-8.027,281.61,298.75,266.57,212.55,111.32
28.911,85.446,48.989,-58.056,-8.9981,70.197,-21.183,199.1,209.13,187.54,170.65,88.829
19.585,72.339,44.772,-46.741,-8.7856,61.427,-32.887,119.16,122.18,110.13,129.2,67.646
12.133,60.226,40.585,-36.688,-8.3099,53.038,-42.699,43.718,38.936,35.433,89.71,48.666
6.7165,49.579,36.542,-28.267,-7.6542,45.362,-50.528,-24.55,-38.253,-34.309,53.87,32.439
2.8788,40.522,32.759,-21.432,-6.9429,38.577,-56.591,-83.409,-106.52,-96.363,22.96,19.082
0.024134,32.908,29.324,-15.897,-6.3018,32.707,-61.246,-132.02,-163.9,-148.85,-2.5824,8.3532
-2.2843,26.484,26.269,-11.341,-5.8132,27.662,-64.845,-170.99,-210.13,-191.47,-23.102,-0.18821
-4.2654,21.001,23.556,-7.5179,-5.4904,23.303,-67.666,-201.75,-246.39,-225.2,-39.407,-7.0398
-5.9793,16.258,21.099,-4.2715,-5.2828,19.48,-69.907,-225.93,-274.54,-251.57,-52.443,-12.671
-7.4189,12.099,18.807,-1.4929,-5.1046,16.061,-71.707,-245.02,-296.4,-272.12,-63.081,-17.482
-8.5923,8.3965,16.617,0.91427,-4.872,12.952,-73.162,-260.19,-313.54,-288.17,-72.013,-21.78
-9.5664,5.0483,14.521,3.0529,-4.5376,10.101,-74.349,-272.34,-327.13,-300.78,-79.715,-25.765
-10.464,1.9658,12.555,5.0323,-4.1187,7.4893,-75.328,-282.13,-338.02,-310.74,-86.466,-29.531
-11.419,-0.92459,10.77,6.9541,-3.7022,5.1119,-76.143,-290.06,-346.83,-318.65,-92.411,-33.084
-12.511,-3.6722,9.2071,8.8861,-3.3997,2.966,-76.832,-296.5,-353.98,-324.98,-97.631,-36.38
-13.732,-6.2881,7.873,10.838,-3.2614,1.0448,-77.425,-301.81,-359.8,-330.09,-102.2,-39.364
-14.981,-8.7366,6.7375,12.751,-3.2213,-0.65936,-77.952,-306.24,-364.56,-334.26,-106.2,-41.998
-16.101,-10.942,5.7457,14.513,-3.1357,-2.1496,-78.431,-310.03,-368.47,-337.72,-109.74,-44.28
-16.937,-12.816,4.8464,15.998,-2.8818,-3.422,-78.87,-313.32,-371.72,-340.64,-112.9,-46.23
-17.421,-14.292,4.0196,17.123,-2.4334,-4.4684,-79.264,-316.23,-374.43,-343.14,-115.74,-47.885
-17.627,-15.366,3.2858,17.896,-1.8774,-5.2851,-79.6,-318.79,-376.72,-345.27,-118.24,-49.276
-17.733,-16.098,2.6836,18.41,-1.3714,-5.8856,-79.877,-321.02,-378.66,-347.1,-120.4,-50.428
-17.913,-16.597,2.2343,18.788,-1.0599,-6.3105,-80.106,-322.93,-380.3,-348.64,-122.22,-51.356
-18.241,-16.961,1.9157,19.109,-0.99391,-6.6152,-80.309,-324.54,-381.69,-349.96,-123.73,-52.073
-18.671,-17.24,1.6737,19.38,-1.1215,-6.8472,-80.512,-325.87,-382.86,-351.09,-125.02,-52.594
-19.085,-17.426,1.4651,19.554,-1.348,-7.0235,-80.733,-326.94,-383.83,-352.11,-126.16,-52.939
-19.368,-17.472,1.2933,19.58,-1.6069,-7.1228,-80.976,-327.78,-384.61,-353.05,-127.2,-53.136
-19.47,-17.334,1.2185,19.437,-1.8953,-7.0958,-81.231,-328.43,-385.22,-353.96,-128.13,-53.221
-19.412,-16.991,1.3301,19.146,-2.2627,-6.8922,-81.477,-328.91,-385.66,-354.84,-128.88,-53.234
-19.261,-16.456,1.7021,18.763,-2.7676,-6.4851,-81.7,-329.26,-385.94,-355.7,-129.37,-53.209
-19.109,-15.786,2.3531,18.359,-3.4277,-5.8888,-81.892,-329.54,-386.09,-356.52,-129.55,-53.171
-19.042,-15.067,3.2332,18.007,-4.1993,-5.1609,-82.06,-329.78,-386.13,-357.27,-129.47,-53.127
-19.117,-14.39,4.2403,17.763,-4.9957,-4.3841,-82.22,-330.03,-386.09,-357.92,-129.22,-53.068
-19.335,-13.808,5.2563,17.634,-5.7271,-3.6358,-82.383,-330.33,-385.99,-358.46,-128.91,-52.966
-19.632,-13.309,6.1847,17.56,-6.334,-2.96,-82.55,-330.69,-385.85,-358.85,-128.61,-52.786
-19.893,-12.822,6.9771,17.434,-6.8029,-2.3558,-82.703,-331.06,-385.63,-359.07,-128.31,-52.483
-20.017,-12.253,7.6427,17.149,-7.1623,-1.7851,-82.811,-331.39,-385.32,-359.14,-127.99,-52.016
-19.975,-11.538,8.2355,16.657,-7.4628,-1.1959,-82.843,-331.57,-384.86,-359.07,-127.6,-51.359
-19.829,-10.676,8.8243,16.006,-7.7561,-0.54932,-82.777,-331.53,-384.22,-358.89,-127.14,-50.521
-19.691,-9.7353,9.4563,15.312,-8.0736,0.15819,-82.615,-331.22,-383.4,-358.65,-126.62,-49.562
-19.657,-8.8325,10.134,14.713,-8.4043,0.88629,-82.378,-330.64,-382.43,-358.39,-126.1,-48.58
-19.769,-8.0899,10.813,14.316,-8.6873,1.5628,-82.092,-329.86,-381.38,-358.15,-125.6,-47.687
-20.003,-7.5856,11.431,14.16,-8.8403,2.1182,-81.771,-328.98,-380.3,-357.94,-125.12,-46.968
-20.285,-7.3081,11.952,14.199,-8.8117,2.5325,-81.383,-328.02,-379.23,-357.74,-124.59,-46.462
-20.528,-7.1353,12.412,14.311,-8.6216,2.8739,-80.831,-326.94,-378.08,-357.46,-123.93,-46.166
-20.661,-6.8458,12.946,14.328,-8.3739,3.3112,-79.943,-325.52,-376.65,-357.02,-123.09,-46.055
-20.661,-6.1541,13.796,14.067,-8.2346,4.1041,-78.445,-323.33,-374.53,-356.25,-122.05,-46.103
-20.546,-4.743,15.283,13.362,-8.3823,5.5898,-75.934,-319.67,-371.1,-354.93,-120.85,-46.287
-20.336,-2.2574,17.785,12.068,-8.9633,8.2015,-71.852,-313.47,-365.42,-352.71,-119.55,-46.571
-20.014,1.7776,21.679,10.016,-10.099,12.529,-65.61,-303.17,-356.1,-348.99,-118.21,-46.875
-19.506,8.0966,27.107,6.924,-11.957,19.28,-57.07,-286.74,-341.32,-342.69,-116.73,-47.03
-18.691,17.646,33.326,2.2315,-14.725,28.676,-47.089,-262.58,-319.21,-331.85,-114.78,-46.737
-17.408,30.736,38.245,-4.9501,-18.183,39.005,-36.843,-231.35,-289.4,-313.14,-111.61,-45.545
-15.347,45.338,40.462,-15.269,-21.505,46.55,-26.453,-197.43,-254.26,-282.12,-105.63,-42.821
-11.659,57.115,42.438,-27.504,-24.377,49.747,-15.772,-168.97,-217.83,-236.44,-93.305,-37.441
-5.0227,63.526,48.016,-37.649,-27.501,52.215,-6.7153,-157.81,-186.46,-180.32,-68.097,-26.822
2.2584,68.011,59.063,-42.358,-31.709,59.601,-2.562,-170.66,-170.74,-119.58,-31.094,-9.7229
3.0375,79.785,76.441,-45.345,-37.302,76.123,5.4482,-169.24,-171.76,-52.642,-12.583,-8.6151
0.54398,107.77,101.66,-57.353,-44.509,104.36,56.967,-20.034,-136.4,25.749,-27.311,-34.417
5.629,154.73,137.51,-84.234,-54.208,146.54,129.92,263.82,34.73,117.87,-30.989,-41.259
20.803,219.79,186.48,-124.34,-67.805,204.0,184.37,487.03,341.19,221.81,9.6617,-23.212
44.941,298.72,245.33,-174.89,-85.172,272.75,219.75,651.34,633.78,333.42,88.975,18.223
77.54,383.1,303.27,-231.96,-100.35,343.42,226.33,723.17,834.03,450.99,200.13,86.332
118.23,465.8,351.34,-291.96,-104.95,408.51,193.55,654.97,917.55,585.27,342.1,182.36
166.51,546.26,387.97,-354.55,-98.362,467.23,114.66,414.01,844.46,768.91,518.37,306.28
221.05,629.41,414.9,-422.3,-84.574,523.34,-10.424,-7.2689,588.92,995.09,731.7,457.8
278.74,719.92,437.43,-496.78,-68.81,581.69,-173.39,-585.25,158.31,1160.7,974.67,633.43
334.67,819.21,470.54,-575.86,-58.371,648.71,-359.68,-1266.2,-405.36,1237.9,1228.5,823.26
384.0,928.73,526.06,-656.63,-59.371,731.03,-552.74,-1975.0,-1037.0,1242.1,1471.3,1012.7
423.69,1046.4,602.94,-736.12,-73.272,827.9,-736.68,-2629.7,-1667.5,1181.8,1682.0,1186.3
452.22,1162.0,690.21,-808.53,-95.257,929.11,-897.53,-3164.6,-2241.7,1063.0,1840.2,1329.8
468.27,1258.0,770.53,-864.49,-117.34,1017.4,-1023.1,-3547.5,-2727.6,885.43,1925.7,1430.4
470.15,1313.4,824.62,-892.79,-135.85,1072.6,-1103.1,-3777.0,-3116.2,642.05,1920.5,1476.4
456.24,1309.5,835.84,-883.31,-149.55,1076.7,-1131.5,-3873.2,-3412.9,323.94,1810.8,1458.2
425.69,1235.6,794.58,-830.35,-153.4,1019.2,-1109.5,-3866.6,-3627.6,-73.237,1591.4,1370.1
379.32,1093.3,702.18,-735.36,-143.1,901.44,-1048.0,-3791.5,-3769.3,-540.91,1269.5,1213.2
320.01,898.83,572.06,-607.99,-120.64,738.17,-967.3,-3679.6,-3844.7,-1052.5,868.33,998.18
252.79,680.36,426.52,-464.87,-92.226,554.75,-890.99,-3553.8,-3858.3,-1565.1,426.96,746.12
183.96,471.02,290.89,-325.78,-65.543,380.83,-836.55,-3423.6,-3810.9,-2026.7,-4.7831,485.75
119.61,299.68,187.1,-208.08,-47.806,242.19,-807.48,-3287.2,-3700.7,-2385.5,-377.1,246.56
64.034,181.51,126.61,-121.23,-44.085,152.29,-791.72,-3139.7,-3528.3,-2602.3,-653.58,50.5
19.067,114.09,105.99,-64.865,-54.086,108.08,-772.2,-2977.2,-3300.4,-2660.7,-819.62,-92.794
-15.336,82.897,110.04,-31.943,-70.598,94.681,-740.21,-2794.1,-3029.1,-2571.4,-881.73,-184.72
-40.018,71.334,122.05,-13.929,-84.826,95.424,-694.0,-2583.8,-2728.1,-2366.9,-860.81,-233.39
-56.002,66.098,130.56,-3.6191,-90.808,97.692,-634.54,-2343.2,-2411.8,-2091.4,-784.93,-249.97
-63.938,58.277,128.96,3.3629,-84.489,93.334,-566.81,-2077.8,-2095.8,-1789.0,-681.87,-246.16
-62.147,44.317,109.0,6.0774,-69.962,76.362,-499.22,-1803.4,-1796.5,-1495.7,-559.51,-229.39
-51.416,18.737,68.29,12.121,-57.731,43.787,-437.67,-1541.0,-1528.5,-1245.9,-428.63,-179.83
-47.181,-10.053,38.84,26.104,-50.077,13.338,-382.61,-1308.6,-1301.7,-1066.3,-363.12,-131.34
-50.636,-32.69,20.133,41.155,-44.069,-8.0245,-331.87,-1115.7,-1119.1,-947.99,-342.26,-134.76
-54.601,-52.144,4.5075,55.541,-36.938,-25.147,-284.08,-962.13,-976.45,-864.0,-331.6,-143.54
-56.915,-70.761,-12.039,68.274,-27.123,-41.83,-239.31,-840.97,-864.1,-794.92,-320.49,-148.24
-57.77,-89.135,-31.018,78.919,-14.927,-59.485,-197.91,-741.58,-769.28,-730.02,-305.96,-149.82
-57.745,-107.62,-51.993,87.925,-2.4992,-78.383,-160.12,-652.64,-677.67,-660.92,-287.97,-149.56
-57.346,-126.68,-73.59,96.099,8.1848,-98.501,-126.6,-563.52,-577.55,-582.82,-268.84,-148.28
-56.94,-146.41,-94.547,104.04,16.671,-119.58,-98.734,-475.97,-484.28,-510.25,-251.48,-146.59
-56.704,-166.05,-114.15,111.84,23.414,-140.73,-79.472,-411.32,-426.06,-459.74,-237.55,-144.9
-56.608,-184.05,-131.83,119.13,29.019,-160.19,-70.46,-374.78,-396.98,-429.16,-227.29,-143.44
-56.475,-198.95,-146.62,125.4,33.883,-176.07,-67.362,-354.38,-381.49,-410.51,-220.08,-142.27
-56.113,-210.21,-157.54,130.32,38.019,-187.53,-65.381,-341.08,-371.69,-398.21,-215.04,-141.36
-55.446,-218.23,-164.6,133.94,41.238,-195.12,-62.78,-330.74,-364.52,-389.22,-211.28,-140.62
-54.577,-223.86,-168.74,136.54,43.504,-199.95,-59.324,-321.64,-358.75,-382.01,-208.08,-139.99
-53.766,-227.87,-171.02,138.51,44.941,-203.02,-55.123,-313.06,-353.74,-375.81,-204.97,-139.47
-53.32,-230.83,-172.21,140.17,45.679,-204.95,-50.349,-304.69,-349.03,-370.24,-201.73,-139.03
-53.454,-233.02,-172.72,141.7,45.823,-206.11,-45.189,-296.39,-344.21,-365.1,-198.31,-138.65
-54.194,-234.58,-172.72,143.11,45.49,-206.69,-39.808,-288.05,-338.94,-360.2,-194.75,-138.26
-55.361,-235.59,-172.29,144.35,44.822,-206.82,-34.311,-279.52,-332.86,-355.32,-191.17,-137.76
-56.666,-236.14,-171.45,145.33,43.975,-206.6,-28.733,-270.55,-325.63,-350.22,-187.6,-137.04
-57.84,-236.35,-170.22,146.05,43.099,-206.12,-23.054,-260.8,-316.81,-344.6,-184.06,-136.02
-58.743,-236.31,-168.69,146.53,42.307,-205.45,-17.217,-249.81,-305.91,-338.17,-180.48,-134.66
-59.374,-236.11,-166.99,146.83,41.651,-204.65,-11.128,-237.02,-292.31,-330.61,-176.74,-132.92
-59.803,-235.72,-165.29,146.99,41.088,-203.76,-4.6704,-221.74,-275.26,-321.52,-172.73,-130.75
-60.098,-235.06,-163.7,146.99,40.501,-202.72,2.2692,-203.17,-253.82,-310.34,-168.35,-128.12
-60.3,-233.99,-162.23,146.7,39.749,-201.47,9.7589,-180.37,-226.82,-296.24,-163.5,-124.97
-60.411,-232.3,-160.83,145.95,38.746,-199.89,17.802,-152.37,-192.63,-278.05,-158.06,-121.24
-60.35,-229.81,-159.39,144.5,37.506,-197.9,26.328,-118.17,-148.92,-254.22,-151.91,-116.88
-59.929,-226.35,-157.79,142.12,36.131,-195.41,35.22,-76.888,-92.398,-222.94,-144.94,-111.83
-58.877,-221.72,-155.99,138.59,34.778,-192.34,44.378,-27.825,-19.258,-182.67,-137.05,-106.07
-56.933,-215.75,-153.94,133.73,33.636,-188.59,53.752,29.423,72.917,-132.88,-128.13,-99.623
-53.971,-208.22,-151.57,127.44,32.923,-183.99,63.308,94.887,182.71,-74.566,-117.96,-92.555
-50.053,-198.9,-148.72,119.72,32.85,-178.29,72.956,168.06,304.18,-9.5641,-106.08,-84.967
-45.359,-187.53,-145.12,110.7,33.553,-171.08,82.499,247.8,429.67,60.882,-91.603,-76.943
-40.069,-173.82,-140.33,100.54,35.03,-161.79,91.66,332.23,553.73,136.84,-73.15,-68.503
-34.286,-157.51,-133.81,89.377,37.108,-149.82,100.15,419.18,674.38,219.21,-48.943,-59.549
-28.045,-138.67,-124.96,77.388,39.474,-134.77,107.77,506.77,791.55,308.91,-17.31,-49.825
-21.358,-118.04,-113.44,64.909,41.749,-117.0,114.42,593.74,905.26,406.35,22.51,-38.876
-14.256,-97.0,-99.7,52.419,43.595,-97.892,120.15,679.43,1014.8,511.11,69.845,-26.061
-6.8067,-76.94,-85.136,40.343,44.803,-79.303,125.06,763.48,1118.8,621.64,122.9,-10.656
0.91511,-58.622,-71.34,28.883,45.294,-62.488,129.32,845.57,1215.7,735.18,179.59,7.9384
8.8982,-42.096,-59.143,18.04,45.074,-47.707,133.06,925.17,1303.7,848.23,238.07,29.989
17.252,-27.078,-48.45,7.7211,44.18,-34.619,136.38,1001.4,1381.3,957.4,296.71,55.311
26.216,-13.246,-38.722,-2.2142,42.694,-22.792,139.33,1073.1,1447.3,1060.1,354.02,83.282
36.057,-0.30087,-29.462,-11.993,40.759,-11.912,141.92,1139.0,1501.3,1154.5,408.55,112.93
46.788,12.122,-20.439,-21.937,38.574,-1.7527,144.11,1197.7,1543.8,1239.4,459.03,143.01
57.9,24.491,-11.691,-32.376,36.353,7.9384,145.9,1248.7,1576.3,1314.0,504.38,172.1
68.548,37.306,-3.3756,-43.513,34.264,17.498,147.3,1292.1,1600.4,1377.7,543.93,198.8
78.11,50.945,4.391,-55.33,32.388,27.292,148.32,1328.3,1618.3,1430.5,577.43,222.09
86.388,65.482,11.616,-67.57,30.707,37.572,149.02,1358.3,1631.5,1472.7,605.01,241.58
93.369,80.607,18.396,-79.782,29.143,48.34,149.46,1383.2,1641.3,1505.1,627.04,257.4
99.076,95.727,24.835,-91.435,27.607,59.341,149.73,1403.7,1648.5,1528.9,644.04,270.03
103.64,110.21,30.993,-102.12,26.044,70.187,149.89,1420.4,1653.9,1545.1,656.58,280.03
107.36,123.61,36.857,-111.66,24.455,80.487,149.97,1433.4,1657.5,1554.7,665.27,287.86
110.6,135.63,42.329,-120.05,22.887,89.89,149.98,1442.8,1659.4,1558.3,670.66,293.87
113.6,146.03,47.262,-127.25,21.378,98.079,149.88,1448.2,1659.2,1556.0,673.28,298.3
116.39,154.58,51.53,-133.16,19.93,104.83,149.62,1449.1,1656.2,1547.8,673.49,301.34
118.9,161.22,55.085,-137.73,18.533,110.09,149.17,1444.8,1649.5,1533.2,671.56,303.15
121.05,166.1,57.966,-141.05,17.224,114.01,148.47,1434.7,1637.6,1511.7,667.59,303.87
122.8,169.54,60.261,-143.35,16.06,116.84,147.51,1418.0,1618.8,1482.4,661.6,303.63
124.12,171.89,62.089,-144.87,15.039,118.86,146.24,1393.9,1591.3,1444.8,653.52,302.47
124.91,173.41,63.578,-145.74,14.026,120.28,144.59,1361.9,1553.1,1398.1,643.21,300.38
125.01,174.24,64.839,-146.01,12.803,121.26,142.47,1321.4,1502.9,1342.3,630.47,297.26
124.2,174.41,65.932,-145.63,11.199,121.85,139.71,1272.4,1440.2,1277.6,615.11,292.96
122.27,173.85,66.849,-144.5,9.2171,122.01,136.07,1215.0,1365.8,1204.7,596.93,287.31
119.08,172.41,67.518,-142.5,7.0322,121.64,131.29,1149.7,1281.5,1124.7,575.77,280.18
114.63,169.93,67.827,-139.53,4.875,120.58,125.11,1077.4,1189.7,1039.3,551.47,271.5
109.08,166.26,67.664,-135.53,2.9087,118.7,117.37,999.13,1092.8,950.11,523.95,261.22
102.74,161.31,66.951,-130.51,1.1876,115.91,107.99,915.94,992.72,858.88,493.21,249.3
95.9,155.08,65.659,-124.5,-0.3192,112.17,97.055,829.13,891.04,767.24,459.47,235.62
88.654,147.56,63.823,-117.49,-1.6862,107.52,84.72,740.02,788.86,676.51,423.17,220.03
80.904,138.83,61.532,-109.48,-2.9898,102.05,71.231,650.01,687.13,587.62,385.01,202.4
72.419,129.04,58.914,-100.48,-4.27,95.899,56.916,560.35,586.76,501.11,345.7,182.76
62.995,118.42,56.116,-90.614,-5.505,89.281,42.16,472.06,488.61,417.25,305.76,161.39
52.689,107.36,53.261,-80.183,-6.6188,82.438,27.364,385.77,393.32,336.05,265.42,138.93
42.018,96.264,50.423,-69.638,-7.5198,75.601,12.901,301.8,301.15,257.32,224.73,116.25
31.886,85.531,47.614,-59.496,-8.1438,68.944,-0.88366,220.39,212.03,180.84,183.86,94.317
23.122,75.413,44.805,-50.163,-8.4807,62.543,-13.668,142.12,125.99,106.51,143.46,73.903
16.029,65.986,41.955,-41.801,-8.5756,56.391,-25.177,68.16,43.78,34.867,104.65,55.488
10.389,57.172,39.048,-34.337,-8.5142,50.427,-35.23,0.21411,-32.747,-32.558,68.782,39.259
5.7983,48.831,36.1,-27.58,-8.3968,44.59,-43.765,-60.065,-101.14,-93.572,36.912,25.217
1.9511,40.882,33.154,-21.381,-8.3075,38.873,-50.822,-111.64,-159.46,-146.23,9.5421,13.263
-1.2852,33.37,30.265,-15.717,-8.2868,33.343,-56.507,-154.35,-207.08,-189.64,-13.383,3.2374
-3.9493,26.445,27.479,-10.66,-8.3224,28.133,-60.958,-188.85,-244.72,-224.16,-32.278,-5.0796
-6.082,20.267,24.83,-6.2859,-8.3618,23.378,-64.344,-216.25,-273.93,-250.97,-47.721,-11.955
-7.7578,14.915,22.337,-2.6025,-8.3383,19.164,-66.864,-237.85,-296.46,-271.56,-60.321,-17.673
-9.0759,10.355,20.008,0.4623,-8.2043,15.504,-68.733,-254.86,-313.92,-287.37,-70.65,-22.499
-10.151,6.4797,17.853,3.0276,-7.9575,12.35,-70.149,-268.28,-327.59,-299.61,-79.2,-26.645
-11.102,3.157,15.89,5.2189,-7.6437,9.6362,-71.268,-278.92,-338.45,-309.23,-86.362,-30.254
-12.032,0.28305,14.137,7.1333,-7.3312,7.3033,-72.189,-287.37,-347.21,-316.91,-92.422,-33.404
-12.997,-2.1985,12.607,8.8207,-7.0761,5.3125,-72.96,-294.12,-354.33,-323.16,-97.575,-36.121
-13.991,-4.3021,11.29,10.284,-6.8941,3.6383,-73.598,-299.55,-360.16,-328.33,-101.95,-38.417
-14.957,-6.0298,10.155,11.504,-6.7538,2.253,-74.119,-303.96,-364.95,-332.67,-105.67,-40.32
-15.823,-7.4096,9.1577,12.478,-6.5965,1.1119,-74.556,-307.63,-368.9,-336.36,-108.81,-41.893
-16.539,-8.52,8.2539,13.249,-6.3712,0.14831,-74.953,-310.75,-372.18,-339.53,-111.44,-43.234
-17.097,-9.4781,7.4162,13.902,-6.0634,-0.71582,-75.345,-313.47,-374.93,-342.26,-113.64,-44.448
-17.519,-10.401,6.6396,14.536,-5.7054,-1.5421,-75.74,-315.87,-377.25,-344.63,-115.45,-45.612
-17.855,-11.361,5.9432,15.225,-5.3636,-2.3559,-76.116,-317.99,-379.22,-346.64,-116.94,-46.755
-18.165,-12.367,5.3664,16.001,-5.1118,-3.1393,-76.438,-319.85,-380.89,-348.34,-118.17,-47.861
-18.504,-13.367,4.959,16.844,-5.0034,-3.8387,-76.683,-321.44,-382.27,-349.74,-119.24,-48.886
-18.891,-14.27,4.7599,17.689,-5.0566,-4.3866,-76.852,-322.77,-383.4,-350.9,-120.2,-49.767
-19.29,-14.971,4.7771,18.435,-5.2579,-4.7263,-76.972,-323.86,-384.29,-351.86,-121.1,-50.45
-19.629,-15.39,4.9762,18.977,-5.5804,-4.8358,-77.092,-324.74,-384.96,-352.69,-121.96,-50.899
-19.837,-15.497,5.2907,19.244,-6.0023,-4.7365,-77.265,-325.44,-385.46,-353.44,-122.78,-51.11
-19.899,-15.324,5.6502,19.232,-6.5132,-4.4831,-77.53,-326.0,-385.79,-354.17,-123.56,-51.113
-19.872,-14.95,6.0106,19.002,-7.1051,-4.1396,-77.894,-326.48,-386.01,-354.9,-124.3,-50.959
-19.855,-14.468,6.365,18.651,-7.7593,-3.7547,-78.333,-326.9,-386.13,-355.62,-124.97,-50.699
-19.927,-13.943,6.7295,18.26,-8.4393,-3.3513,-78.805,-327.29,-386.17,-356.31,-125.51,-50.371
-20.101,-13.407,7.1188,17.873,-9.0878,-2.9349,-79.264,-327.67,-386.15,-356.93,-125.83,-49.994
-20.317,-12.877,7.5279,17.506,-9.6325,-2.5103,-79.673,-328.02,-386.08,-357.43,-125.87,-49.584
-20.491,-12.381,7.928,17.179,-9.9988,-2.0988,-80.009,-328.36,-385.93,-357.8,-125.62,-49.163
-20.568,-11.975,8.2757,16.933,-10.126,-1.7436,-80.263,-328.66,-385.71,-358.04,-125.18,-48.76
-20.557,-11.744,8.5291,16.838,-9.9892,-1.5015,-80.43,-328.89,-385.39,-358.17,-124.72,-48.406
-20.53,-11.765,8.6627,16.964,-9.6117,-1.4226,-80.508,-329.01,-384.95,-358.22,-124.39,-48.12
-20.569,-12.066,8.6744,17.339,-9.0657,-1.5246,-80.493,-328.99,-384.38,-358.22,-124.31,-47.908
-20.702,-12.583,8.5828,17.902,-8.4458,-1.7746,-80.384,-328.78,-383.67,-358.19,-124.42,-47.769
-20.865,-13.154,8.4203,18.487,-7.8446,-2.0863,-80.189,-328.4,-382.85,-358.14,-124.59,-47.695
-20.915,-13.551,8.2303,18.862,-7.344,-2.3378,-79.922,-327.85,-381.96,-358.06,-124.61,-47.689
-20.71,-13.554,8.073,18.814,-7.0166,-2.4035,-79.57,-327.15,-381.04,-357.95,-124.33,-47.763
-20.218,-13.033,8.0338,18.251,-6.9233,-2.182,-79.072,-326.28,-380.06,-357.78,-123.66,-47.94
-19.55,-11.967,8.2329,17.229,-7.106,-1.6016,-78.288,-325.1,-378.88,-357.5,-122.66,-48.242
-18.883,-10.398,8.8357,15.897,-7.5877,-0.59072,-76.974,-323.28,-377.2,-357.0,-121.49,-48.675
-18.344,-8.3261,10.074,14.377,-8.3758,0.98208,-74.751,-320.27,-374.5,-356.08,-120.33,-49.211
-17.947,-5.6138,12.272,12.676,-9.4637,3.3816,-71.098,-315.16,-369.96,-354.38,-119.32,-49.763
-17.604,-1.9039,15.835,10.65,-10.879,7.0839,-65.431,-306.58,-362.34,-351.33,-118.44,-50.177
-17.157,3.4653,21.097,7.9843,-12.808,12.81,-57.451,-292.66,-349.94,-345.95,-117.51,-50.22
-16.423,11.519,27.791,4.1351,-15.506,21.266,-47.645,-271.54,-330.69,-336.41,-116.1,-49.589
-15.244,23.307,34.219,-1.8148,-18.584,32.022,-37.077,-242.95,-303.35,-319.49,-113.47,-47.916
-13.429,38.259,37.998,-11.056,-21.143,41.855,-26.257,-209.93,-269.32,-290.45,-108.29,-44.74
-10.251,51.831,40.164,-23.399,-23.572,46.599,-15.17,-179.35,-232.22,-246.03,-97.682,-39.224
-3.9883,58.557,45.525,-34.235,-27.485,48.396,-5.143,-161.85,-197.05,-190.34,-75.601,-29.23
2.7822,62.612,57.366,-38.48,-34.234,56.077,0.37748,-167.79,-173.09,-130.73,-38.998,-12.479
1.8992,77.586,76.87,-42.303,-44.02,75.389,1.6693,-181.33,-169.08,-65.685,-14.069,-5.4463
-0.91381,110.73,105.63,-57.503,-56.69,107.59,25.173,-102.05,-157.54,11.436,-26.262,-29.243
3.6977,161.79,146.79,-86.331,-72.84,154.28,96.585,166.06,-42.016,103.99,-35.753,-41.884
17.405,229.48,202.37,-126.72,-92.704,215.99,160.78,417.39,228.56,210.43,-1.8092,-28.384
40.638,309.7,266.52,-176.98,-112.26,287.59,205.23,602.72,538.68,326.07,71.564,8.1148
74.051,394.71,326.09,-234.26,-124.11,359.39,226.71,711.27,773.1,447.15,176.79,70.816
117.3,477.49,373.48,-295.15,-126.0,424.14,214.15,695.12,903.77,579.36,312.21,161.43
168.53,556.64,409.66,-358.22,-120.08,481.31,157.8,515.0,892.64,748.87,480.78,279.65
224.59,636.19,436.89,-424.78,-108.1,534.57,53.503,153.79,705.19,965.86,686.13,424.9
281.57,721.36,459.33,-496.4,-93.061,589.13,-93.796,-375.79,335.58,1143.9,923.82,594.83
335.35,815.75,489.99,-572.46,-82.857,652.36,-270.91,-1029.4,-186.38,1236.6,1177.2,781.47
382.43,921.84,541.39,-651.16,-85.477,731.33,-461.54,-1737.8,-802.08,1254.6,1424.6,971.29
420.56,1038.1,614.67,-729.93,-102.54,826.21,-649.73,-2419.0,-1441.3,1206.6,1644.6,1148.9
448.28,1154.8,700.61,-803.13,-129.67,927.81,-820.97,-2999.1,-2041.8,1099.4,1816.4,1299.7
463.95,1254.5,782.96,-861.23,-159.77,1019.3,-962.55,-3434.1,-2562.6,933.7,1919.8,1410.8
465.5,1315.4,841.99,-892.26,-185.04,1079.7,-1063.3,-3713.2,-2987.0,703.83,1936.1,1470.3
451.02,1317.2,858.98,-885.28,-196.82,1089.6,-1114.7,-3850.2,-3316.3,401.49,1849.8,1468.0
419.85,1248.4,822.33,-834.45,-189.63,1037.1,-1114.3,-3873.4,-3559.8,21.694,1652.9,1397.1
373.37,1111.0,732.56,-741.83,-165.7,923.44,-1068.6,-3816.6,-3727.0,-430.1,1349.9,1256.9
315.1,921.35,602.77,-617.66,-132.0,763.07,-994.33,-3713.2,-3825.4,-932.39,961.22,1055.6
250.05,707.15,455.13,-478.27,-95.819,581.22,-914.33,-3589.5,-3860.2,-1447.3,523.83,811.47
183.63,500.17,315.23,-342.09,-64.303,407.04,-849.45,-3459.6,-3833.0,-1925.0,86.25,551.39
120.68,327.26,205.19,-224.75,-44.669,265.21,-810.18,-3324.3,-3742.5,-2312.7,-301.35,304.98
64.78,202.96,136.68,-135.13,-40.952,168.69,-790.45,-3178.3,-3587.5,-2566.1,-599.96,96.588
18.153,127.13,107.77,-74.216,-51.772,116.32,-771.23,-3017.7,-3373.2,-2662.2,-790.7,-60.668
-18.175,88.822,106.32,-37.047,-70.375,96.546,-739.28,-2838.0,-3111.4,-2605.2,-875.57,-165.37
-44.248,73.375,117.56,-16.251,-89.404,94.588,-692.83,-2632.9,-2816.1,-2423.6,-871.96,-224.2
-60.745,67.482,129.28,-4.7603,-103.66,97.581,-633.91,-2398.1,-2501.4,-2160.2,-806.19,-247.88
-67.654,61.24,132.6,1.9355,-108.53,96.029,-567.07,-2136.7,-2182.5,-1860.3,-706.95,-248.31
-62.448,51.232,120.95,1.5126,-100.36,83.66,-499.52,-1862.4,-1876.2,-1562.9,-588.01,-234.85
-47.216,32.857,86.313,2.1364,-83.237,55.998,-437.2,-1595.7,-1598.1,-1302.1,-446.93,-195.35
-38.801,4.2981,49.135,14.313,-65.636,23.821,-381.36,-1355.8,-1359.5,-1107.7,-365.51,-134.67
-40.075,-20.792,23.441,28.761,-49.064,-1.5353,-330.28,-1154.0,-1165.1,-978.33,-340.98,-131.33
-43.853,-42.622,2.4106,43.433,-32.2,-22.29,-282.52,-992.26,-1012.3,-888.53,-330.57,-141.49
-46.75,-63.995,-18.393,57.821,-15.106,-42.128,-237.96,-864.78,-892.79,-816.88,-320.39,-147.66
-48.41,-85.507,-40.445,70.956,0.38931,-62.439,-196.87,-761.47,-794.44,-751.34,-307.11,-150.11
-49.343,-107.01,-63.336,82.449,12.481,-83.501,-159.44,-670.96,-703.37,-683.98,-290.63,-150.31
-49.973,-128.49,-85.757,92.505,20.918,-105.32,-126.21,-581.93,-605.55,-607.76,-272.9,-149.25
-50.479,-149.7,-106.67,101.48,26.531,-127.48,-98.477,-491.65,-506.82,-530.98,-256.4,-147.58
-50.881,-169.94,-125.76,109.63,30.421,-148.96,-79.291,-420.58,-438.84,-473.4,-242.56,-145.77
-51.182,-188.13,-142.75,117.04,33.715,-168.18,-70.865,-379.9,-404.41,-437.7,-231.58,-144.14
-51.448,-203.43,-156.56,123.71,36.751,-183.65,-68.863,-358.21,-386.86,-416.14,-222.96,-142.86
-51.803,-215.57,-166.09,129.64,38.808,-194.79,-67.964,-344.85,-376.1,-402.28,-216.03,-141.98
-52.361,-224.78,-171.67,134.82,40.018,-202.13,-66.253,-334.81,-368.19,-392.44,-210.23,-141.47
-53.131,-231.47,-174.62,139.24,41.01,-206.67,-63.541,-326.03,-361.65,-384.73,-205.25,-141.2
-54.015,-236.09,-176.04,142.89,42.08,-209.28,-60.032,-317.57,-355.84,-378.17,-200.99,-141.05
-54.919,-239.0,-176.54,145.72,43.22,-210.52,-55.959,-309.06,-350.38,-372.26,-197.48,-140.88
-55.782,-240.51,-176.41,147.71,44.297,-210.78,-51.504,-300.36,-344.96,-366.75,-194.73,-140.59
-56.539,-240.98,-175.82,148.92,45.165,-210.35,-46.758,-291.42,-339.32,-361.45,-192.63,-140.06
-57.112,-240.75,-174.89,149.48,45.725,-209.49,-41.745,-282.23,-333.12,-356.17,-190.91,-139.2
-57.436,-240.12,-173.72,149.56,45.936,-208.44,-36.457,-272.7,-326.01,-350.68,-189.19,-137.93
-57.487,-239.32,-172.41,149.31,45.793,-207.36,-30.898,-262.61,-317.53,-344.71,-187.06,-136.21
-57.312,-238.52,-170.97,148.87,45.302,-206.34,-25.103,-251.61,-307.15,-337.96,-184.21,-134.06
-57.043,-237.77,-169.39,148.35,44.468,-205.41,-19.116,-239.2,-294.23,-330.03,-180.48,-131.51
-56.854,-237.05,-167.61,147.82,43.29,-204.49,-12.952,-224.76,-278.02,-320.47,-175.81,-128.65
-56.87,-236.24,-165.55,147.3,41.77,-203.46,-6.5333,-207.56,-257.64,-308.63,-170.28,-125.51
-57.098,-235.17,-163.16,146.72,39.918,-202.15,0.32231,-186.75,-231.98,-293.68,-164.01,-122.1
-57.44,-233.61,-160.38,145.96,37.773,-200.4,7.8522,-161.46,-199.59,-274.52,-157.15,-118.36
-57.763,-231.36,-157.22,144.84,35.426,-198.06,16.23,-130.78,-158.4,-249.81,-149.87,-114.17
-57.945,-228.19,-153.66,143.16,33.014,-195.02,25.485,-93.937,-105.39,-218.0,-142.3,-109.43
-57.882,-223.88,-149.72,140.69,30.681,-191.17,35.463,-50.256,-36.846,-177.74,-134.46,-104.03
-57.485,-218.2,-145.36,137.24,28.514,-186.4,45.889,0.75968,50.239,-128.4,-126.18,-97.913
-56.684,-210.9,-140.4,132.64,26.503,-180.51,56.459,59.344,155.71,-70.613,-117.05,-91.084
-55.424,-201.68,-134.52,126.79,24.574,-173.17,66.883,125.35,274.8,-5.9644,-106.32,-83.631
-53.634,-190.22,-127.3,119.59,22.679,-163.94,76.887,198.07,399.93,64.136,-92.834,-75.698
-51.183,-176.26,-118.34,111.01,20.89,-152.4,86.198,276.19,524.72,139.39,-74.953,-67.422
-47.896,-159.87,-107.64,101.02,19.445,-138.49,94.577,357.93,646.09,220.49,-50.769,-58.846
-43.635,-141.56,-95.747,89.792,18.649,-122.74,101.86,441.5,763.56,308.34,-18.692,-49.848
-38.38,-122.27,-83.548,77.727,18.694,-106.18,108.01,525.45,877.28,403.51,21.772,-40.096
-32.228,-103.07,-71.755,65.414,19.541,-89.836,113.12,608.85,986.94,505.8,69.713,-29.068
-25.28,-84.72,-60.649,53.34,20.961,-74.35,117.37,691.23,1091.6,614.03,123.26,-16.086
-17.54,-67.479,-50.208,41.698,22.665,-59.909,120.97,772.32,1189.9,725.86,180.23,-0.39399
-8.9241,-51.268,-40.377,30.401,24.434,-46.462,124.15,851.76,1280.4,838.04,238.54,18.732
0.69683,-35.89,-31.211,19.245,26.178,-33.944,127.07,928.92,1361.3,947.03,296.37,41.772
11.466,-21.186,-22.871,8.0282,27.906,-22.358,129.83,1002.8,1431.0,1049.8,352.34,68.681
23.491,-7.029,-15.501,-3.4376,29.633,-11.723,132.45,1072.2,1488.7,1144.2,405.41,98.632
36.744,6.7754,-9.1275,-15.378,31.33,-1.9722,134.89,1135.7,1534.6,1229.0,454.81,130.0
50.887,20.535,-3.6463,-28.053,32.929,7.106,137.04,1192.5,1569.9,1303.4,499.84,160.7
65.163,34.584,1.1306,-41.621,34.366,15.818,138.79,1242.0,1596.4,1367.5,539.87,188.87
78.532,49.115,5.4127,-55.932,35.598,24.457,140.09,1284.5,1616.0,1421.2,574.44,213.38
90.105,64.071,9.3907,-70.464,36.609,33.225,140.93,1320.5,1630.5,1465.0,603.32,233.93
99.511,79.183,13.212,-84.52,37.402,42.202,141.35,1350.7,1641.2,1499.4,626.55,250.85
106.92,94.075,16.969,-97.504,37.988,51.357,141.45,1375.9,1649.1,1525.3,644.41,264.66
112.76,108.35,20.702,-109.07,38.382,60.557,141.34,1396.7,1654.7,1543.5,657.39,275.87
117.48,121.63,24.419,-119.11,38.593,69.591,141.13,1413.1,1658.4,1554.9,666.14,284.89
121.39,133.58,28.115,-127.59,38.612,78.198,140.85,1425.4,1660.2,1560.3,671.38,292.0
124.62,143.96,31.795,-134.55,38.423,86.125,140.54,1433.1,1660.1,1560.2,673.77,297.39
127.18,152.62,35.476,-140.01,38.001,93.189,140.15,1436.1,1657.4,1554.5,673.83,301.24
129.04,159.56,39.167,-144.06,37.299,99.307,139.67,1433.6,1651.3,1543.1,671.83,303.72
130.2,164.93,42.852,-146.86,36.215,104.49,139.06,1424.9,1640.6,1525.4,667.88,304.95
130.67,168.91,46.482,-148.6,34.587,108.83,138.27,1409.2,1623.7,1500.4,661.92,305.0
130.46,171.73,49.992,-149.45,32.244,112.39,137.23,1385.8,1598.6,1467.5,653.84,303.9
129.49,173.49,53.32,-149.49,29.096,115.23,135.79,1353.7,1563.4,1425.9,643.48,301.59
127.62,174.26,56.411,-148.74,25.186,117.38,133.77,1312.5,1516.5,1375.4,630.71,298.02
124.68,173.99,59.212,-147.13,20.69,118.8,130.93,1262.0,1457.2,1316.0,615.4,293.11
120.6,172.64,61.668,-144.57,15.857,119.45,127.0,1202.6,1385.8,1247.9,597.47,286.82
115.43,170.15,63.723,-141.02,10.958,119.3,121.69,1135.0,1304.1,1172.1,576.84,279.15
109.33,166.53,65.319,-136.51,6.2395,118.34,114.78,1060.5,1214.1,1089.6,553.33,270.13
102.53,161.86,66.406,-131.11,1.8977,116.58,106.08,980.41,1118.4,1002.0,526.7,259.73
95.18,156.2,66.944,-124.91,-1.9384,114.05,95.581,896.0,1019.0,911.08,496.72,247.89
87.38,149.64,66.915,-118.0,-5.2046,110.79,83.445,808.56,917.6,818.73,463.31,234.46
79.116,142.26,66.34,-110.42,-7.8886,106.86,70.024,719.34,815.5,726.63,426.76,219.28
70.29,134.11,65.278,-102.14,-10.011,102.34,55.78,629.64,713.74,636.1,387.78,202.27
60.743,125.19,63.82,-93.121,-11.603,97.3,41.176,540.63,613.26,547.92,347.3,183.5
50.365,115.53,62.052,-83.326,-12.685,91.804,26.591,453.22,514.9,462.4,306.16,163.23
39.334,105.13,60.017,-72.824,-13.274,85.866,12.305,367.87,419.28,379.5,264.83,141.91
28.35,94.082,57.698,-61.883,-13.407,79.461,-1.4375,284.68,326.69,299.03,223.55,120.09
18.515,82.603,55.033,-50.993,-13.163,72.568,-14.371,203.69,237.06,220.71,182.55,98.426
10.691,71.056,51.958,-40.751,-12.668,65.234,-26.203,125.4,150.3,144.39,142.43,77.579
5.0009,59.894,48.458,-31.644,-12.084,57.619,-36.674,51.159,66.891,70.326,104.22,58.197
0.98987,49.545,44.607,-23.904,-11.569,49.997,-45.629,-16.979,-11.62,-0.427,69.128,40.817
-1.9293,40.307,40.557,-17.517,-11.235,42.692,-53.044,-76.964,-82.791,-65.845,38.037,25.78
-4.2099,32.325,36.501,-12.328,-11.118,35.989,-59.0,-127.55,-144.29,-123.64,11.287,13.183
-6.1099,25.609,32.615,-8.1521,-11.176,30.079,-63.64,-168.64,-194.94,-172.22,-11.302,2.8905
-7.7276,20.073,29.024,-4.8142,-11.307,25.036,-67.13,-201.07,-235.08,-211.31,-30.211,-5.3966
-9.0694,15.556,25.796,-2.1512,-11.371,20.826,-69.659,-226.22,-266.13,-241.77,-46.028,-12.06
-10.119,11.853,22.952,-7.8107e-05,-11.241,17.336,-71.43,-245.57,-289.93,-265.07,-59.304,-17.486
-10.887,8.7457,20.488,1.8041,-10.846,14.431,-72.644,-260.49,-308.23,-282.82,-70.484,-22.013
-11.432,6.0429,18.396,3.4155,-10.206,11.985,-73.485,-272.09,-322.46,-296.4,-79.887,-25.9
-11.85,3.6043,16.667,4.9567,-9.4128,9.9011,-74.095,-281.23,-333.7,-306.93,-87.736,-29.325
-12.244,1.3438,15.276,6.5012,-8.5881,8.1079,-74.581,-288.54,-342.7,-315.21,-94.212,-32.397
-12.696,-0.78478,14.162,8.0713,-7.8309,6.5383,-75.015,-294.49,-350.01,-321.82,-99.501,-35.183
-13.25,-2.8074,13.232,9.6503,-7.2062,5.1221,-75.443,-299.42,-356.02,-327.2,-103.81,-37.725
-13.915,-4.7381,12.379,11.198,-6.7589,3.7919,-75.886,-303.59,-361.02,-331.65,-107.39,-40.05
-14.661,-6.5734,11.515,12.662,-6.5253,2.502,-76.338,-307.17,-365.2,-335.37,-110.47,-42.174
-15.432,-8.281,10.604,13.979,-6.5277,1.2472,-76.778,-310.28,-368.71,-338.5,-113.26,-44.089
-16.165,-9.7988,9.6746,15.084,-6.7607,0.067214,-77.175,-313.01,-371.67,-341.16,-115.89,-45.77
-16.814,-11.053,8.8066,15.93,-7.1851,-0.96936,-77.509,-315.39,-374.16,-343.37,-118.38,-47.177
-17.375,-11.997,8.0911,16.51,-7.7371,-1.7983,-77.777,-317.46,-376.24,-345.19,-120.68,-48.282
-17.88,-12.647,7.5865,16.879,-8.3419,-2.397,-77.992,-319.23,-377.99,-346.65,-122.72,-49.077
-18.376,-13.088,7.2921,17.135,-8.9209,-2.7984,-78.178,-320.73,-379.44,-347.8,-124.43,-49.588
-18.887,-13.441,7.1541,17.389,-9.3963,-3.0776,-78.36,-321.99,-380.65,-348.72,-125.8,-49.866
-19.408,-13.816,7.099,17.725,-9.7014,-3.3138,-78.562,-323.05,-381.66,-349.5,-126.87,-49.979
-19.903,-14.26,7.069,18.168,-9.7912,-3.5551,-78.804,-323.94,-382.5,-350.22,-127.69,-50.006
-20.322,-14.752,7.0332,18.679,-9.6508,-3.8069,-79.102,-324.69,-383.19,-350.96,-128.35,-50.019
-20.611,-15.226,6.9808,19.18,-9.2989,-4.0457,-79.461,-325.35,-383.74,-351.78,-128.93,-50.073
-20.731,-15.599,6.9108,19.575,-8.7882,-4.2379,-79.865,-325.94,-384.15,-352.68,-129.48,-50.186
-20.665,-15.809,6.8261,19.791,-8.1971,-4.3552,-80.284,-326.49,-384.44,-353.63,-130.07,-50.336
-20.426,-15.825,6.7312,19.796,-7.6133,-4.3845,-80.679,-327.02,-384.62,-354.59,-130.7,-50.474
-20.051,-15.655,6.6302,19.598,-7.1164,-4.3288,-81.021,-327.52,-384.69,-355.5,-131.32,-50.549
-19.58,-15.333,6.5255,19.237,-6.7593,-4.2042,-81.299,-327.98,-384.67,-356.29,-131.85,-50.524
-19.047,-14.906,6.4209,18.767,-6.5499,-4.0294,-81.518,-328.4,-384.59,-356.92,-132.14,-50.387
-18.467,-14.407,6.3278,18.23,-6.4499,-3.8131,-81.692,-328.77,-384.46,-357.37,-132.1,-50.143
-17.849,-13.842,6.2701,17.643,-6.4043,-3.5457,-81.831,-329.06,-384.28,-357.64,-131.65,-49.814
-17.21,-13.199,6.2856,17.005,-6.3805,-3.2035,-81.938,-329.24,-384.03,-357.75,-130.8,-49.43
-16.596,-12.465,6.4204,16.327,-6.3919,-2.7622,-82.008,-329.28,-383.68,-357.74,-129.64,-49.023
-16.079,-11.658,6.7156,15.644,-6.4889,-2.2128,-82.034,-329.14,-383.18,-357.63,-128.29,-48.624
-15.731,-10.82,7.1927,15.014,-6.7254,-1.567,-82.007,-328.81,-382.52,-357.47,-126.88,-48.254
-15.594,-9.9992,7.85,14.487,-7.1217,-0.84817,-81.926,-328.28,-381.72,-357.29,-125.53,-47.914
-15.663,-9.2145,8.67,14.075,-7.6445,-0.07309,-81.787,-327.58,-380.8,-357.09,-124.35,-47.589
-15.879,-8.4358,9.6283,13.735,-8.2138,0.7626,-81.58,-326.75,-379.84,-356.87,-123.37,-47.261
-16.132,-7.5827,10.702,13.377,-8.7355,1.6894,-81.273,-325.79,-378.86,-356.6,-122.59,-46.929
-16.296,-6.5446,11.881,12.883,-9.1434,2.7613,-80.795,-324.63,-377.82,-356.26,-121.98,-46.621
-16.274,-5.2051,13.194,12.154,-9.4332,4.0584,-80.009,-323.06,-376.55,-355.79,-121.47,-46.394
-16.051,-3.448,14.745,11.129,-9.6707,5.7055,-78.687,-320.73,-374.71,-355.1,-121.02,-46.316
-15.696,-1.1266,16.747,9.779,-9.9719,7.915,-76.47,-316.98,-371.7,-354.0,-120.56,-46.432
-15.317,2.0032,19.539,8.0618,-10.478,11.048,-72.84,-310.83,-366.64,-352.14,-120.0,-46.735
-14.985,6.3803,23.531,5.8454,-11.366,15.671,-67.179,-300.79,-358.24,-348.95,-119.22,-47.137
-14.673,12.73,28.929,2.8188,-12.947,22.48,-59.152,-284.9,-344.67,-343.34,-118.04,-47.439
-14.228,21.995,35.04,-1.6105,-15.701,31.754,-49.351,-261.39,-323.95,-333.39,-116.16,-47.319
-13.379,34.666,39.629,-8.3567,-19.513,42.004,-39.054,-230.36,-295.3,-315.79,-113.1,-46.343
-11.715,49.194,41.046,-18.277,-22.963,49.478,-28.724,-195.44,-260.7,-286.06,-107.82,-43.947
-8.3771,61.213,42.421,-30.684,-25.723,51.928,-18.112,-163.96,-224.1,-241.69,-97.783,-39.182
-1.6835,66.931,48.283,-41.462,-29.275,52.976,-8.5854,-147.17,-191.33,-186.89,-77.087,-29.785
6.6413,69.109,60.038,-45.546,-35.056,59.224,-3.5716,-155.37,-172.64,-127.61,-42.216,-13.73
6.4294,78.287,77.875,-45.9,-43.221,75.061,1.9346,-170.11,-172.6,-62.44,-18.556,-9.5004
1.0915,104.24,102.97,-55.28,-53.564,102.38,45.741,-90.472,-146.89,13.748,-29.72,-33.219
3.7734,148.84,138.15,-80.068,-67.08,142.88,120.06,165.53,6.8151,103.15,-36.801,-42.038
16.424,210.65,186.35,-117.7,-85.319,198.02,177.5,412.53,305.93,204.36,-2.735,-26.168
38.322,286.39,245.19,-165.63,-106.68,264.96,216.51,596.73,605.62,315.73,70.172,12.703
69.886,369.25,304.11,-221.16,-122.15,335.33,227.71,707.99,816.93,442.84,176.95,78.013
111.09,452.24,353.26,-281.2,-124.77,401.17,200.67,699.11,915.69,609.58,318.16,171.36
160.64,533.32,390.6,-344.44,-116.41,460.47,128.83,527.33,861.97,838.42,497.91,292.78
215.75,615.98,417.87,-412.04,-100.32,516.29,11.084,171.7,627.26,1057.6,717.77,442.06
272.57,704.7,439.52,-485.1,-80.673,573.27,-146.53,-356.02,214.84,1185.1,966.69,616.3
327.04,801.22,469.17,-562.19,-66.329,637.46,-331.05,-1009.2,-337.24,1229.3,1223.2,806.17
375.65,907.31,519.82,-641.18,-65.307,715.86,-525.85,-1715.1,-966.02,1203.8,1466.2,997.02
415.87,1022.7,592.36,-720.09,-79.252,809.53,-714.13,-2390.3,-1601.8,1115.5,1675.9,1173.0
445.97,1139.1,677.79,-794.11,-104.09,910.31,-881.06,-2961.4,-2186.4,968.82,1832.5,1319.7
464.2,1240.5,760.39,-854.29,-133.2,1002.4,-1013.9,-3385.3,-2684.2,761.58,1915.9,1424.1
468.38,1305.7,821.1,-888.97,-160.77,1065.8,-1102.0,-3652.0,-3083.2,487.51,1908.1,1474.6
456.49,1314.7,841.9,-887.03,-177.31,1081.4,-1138.0,-3776.2,-3388.2,141.12,1795.4,1461.3
427.45,1254.6,811.22,-841.6,-173.9,1036.8,-1121.3,-3786.7,-3609.8,-276.56,1572.6,1378.4
382.05,1124.8,728.21,-753.11,-153.62,930.79,-1061.6,-3718.4,-3757.8,-751.99,1246.9,1226.2
323.54,939.28,604.07,-630.58,-123.48,775.6,-979.17,-3605.9,-3839.4,-1255.8,842.06,1014.6
257.31,724.63,459.39,-490.21,-90.087,594.79,-898.97,-3476.2,-3858.9,-1744.6,398.45,763.97
189.48,513.26,319.18,-351.23,-61.678,417.52,-840.82,-3342.5,-3817.1,-2167.4,-32.472,502.61
125.19,334.3,206.79,-230.45,-45.727,270.5,-809.94,-3202.4,-3712.4,-2476.3,-400.33,260.51
68.042,205.0,136.58,-137.84,-46.344,169.74,-793.53,-3046.9,-3545.4,-2639.0,-669.71,60.648
20.337,126.71,108.19,-74.999,-60.666,115.79,-772.71,-2872.1,-3323.3,-2648.1,-827.74,-86.264
-16.759,87.964,108.19,-36.946,-79.364,96.307,-739.12,-2676.0,-3058.4,-2522.3,-882.49,-181.06
-43.163,72.789,119.68,-15.956,-94.918,94.796,-691.63,-2454.7,-2763.6,-2298.5,-856.17,-231.8
-59.607,67.045,130.05,-4.5966,-103.57,97.593,-630.42,-2207.7,-2451.8,-2020.9,-777.79,-249.75
-66.861,60.792,131.48,2.1518,-101.39,95.51,-559.4,-1944.0,-2137.4,-1730.6,-675.0,-246.75
-63.859,50.086,117.73,3.8865,-87.0,82.786,-487.76,-1681.2,-1836.4,-1460.4,-556.86,-230.88
-49.46,30.09,82.003,5.7773,-69.49,54.979,-423.36,-1438.6,-1564.3,-1237.4,-435.35,-184.62
-38.565,1.273,46.951,17.173,-54.929,22.653,-367.3,-1229.4,-1332.2,-1075.5,-370.87,-133.12
-39.296,-23.462,22.41,31.186,-41.456,-2.5571,-316.92,-1058.1,-1144.2,-963.26,-348.09,-135.27
-43.641,-44.555,2.1535,45.476,-27.161,-22.729,-270.25,-921.71,-997.31,-880.03,-336.48,-144.24
-47.373,-65.146,-17.687,59.511,-12.424,-41.78,-226.94,-812.56,-882.31,-810.15,-325.32,-149.14
-49.768,-86.188,-38.572,72.381,0.67363,-61.49,-187.15,-720.79,-787.05,-744.64,-311.12,-150.88
-51.035,-107.52,-60.344,83.661,10.631,-82.249,-151.1,-636.11,-697.95,-676.51,-293.21,-150.71
-51.498,-128.84,-81.999,93.538,17.564,-103.89,-119.48,-549.42,-602.15,-599.59,-273.46,-149.47
-51.517,-149.76,-102.63,102.44,22.311,-125.84,-93.963,-465.21,-507.03,-524.13,-254.88,-147.74
-51.502,-169.7,-121.79,110.74,26.079,-147.04,-77.623,-404.59,-441.85,-468.77,-239.55,-145.91
-51.82,-187.81,-138.87,118.55,30.154,-166.02,-70.512,-370.85,-408.16,-434.54,-227.95,-144.24
-52.645,-203.26,-152.63,125.79,34.257,-181.41,-67.803,-352.17,-390.45,-413.71,-219.57,-142.85
-53.929,-215.55,-162.22,132.23,37.305,-192.64,-65.692,-340.06,-379.22,-400.15,-213.48,-141.75
-55.49,-224.72,-167.97,137.67,39.133,-200.07,-62.887,-330.7,-370.72,-390.42,-208.76,-140.91
-57.127,-231.16,-170.95,142.04,40.08,-204.58,-59.134,-322.51,-363.57,-382.72,-204.7,-140.25
-58.672,-235.45,-172.11,145.37,40.458,-207.05,-54.422,-314.82,-357.19,-376.12,-200.89,-139.69
-60.01,-238.11,-172.13,147.78,40.476,-208.18,-48.8,-307.35,-351.26,-370.16,-197.22,-139.14
-61.085,-239.61,-171.45,149.42,40.27,-208.45,-42.38,-299.97,-345.48,-364.59,-193.72,-138.51
-61.897,-240.29,-170.39,150.44,39.916,-208.17,-35.341,-292.58,-339.55,-359.21,-190.42,-137.72
-62.492,-240.37,-169.15,150.99,39.447,-207.57,-27.895,-285.06,-333.12,-353.83,-187.28,-136.72
-62.921,-240.01,-167.86,151.16,38.867,-206.75,-20.221,-277.19,-325.76,-348.19,-184.13,-135.4
-63.208,-239.3,-166.6,151.01,38.185,-205.78,-12.411,-268.67,-316.99,-342.0,-180.71,-133.69
-63.327,-238.26,-165.41,150.53,37.431,-204.68,-4.4522,-259.12,-306.27,-334.89,-176.84,-131.49
-63.211,-236.88,-164.28,149.71,36.661,-203.48,3.7138,-248.05,-292.96,-326.46,-172.4,-128.75
-62.784,-235.17,-163.2,148.5,35.937,-202.15,12.119,-234.95,-276.38,-316.22,-167.44,-125.46
-61.992,-233.13,-162.15,146.91,35.311,-200.7,20.72,-219.26,-255.74,-303.56,-162.09,-121.65
-60.828,-230.8,-161.09,144.97,34.833,-199.13,29.415,-200.39,-230.09,-287.63,-156.47,-117.4
-59.319,-228.2,-159.92,142.74,34.562,-197.41,38.099,-177.72,-198.18,-267.35,-150.64,-112.78
-57.505,-225.28,-158.54,140.23,34.557,-195.46,46.731,-150.61,-158.14,-241.29,-144.54,-107.81
-55.395,-221.87,-156.79,137.38,34.86,-193.11,55.34,-118.37,-107.19,-207.88,-138.01,-102.5
-52.952,-217.67,-154.55,134.0,35.474,-190.15,64.004,-80.304,-41.836,-165.75,-130.82,-96.792
-50.1,-212.28,-151.72,129.79,36.356,-186.31,72.77,-35.768,40.936,-114.46,-122.71,-90.677
-46.75,-205.18,-148.24,124.35,37.423,-181.28,81.599,15.894,141.59,-54.944,-113.28,-84.159
-42.845,-195.82,-144.04,117.3,38.557,-174.73,90.332,75.154,256.44,11.026,-101.88,-77.263
-38.416,-183.72,-139.02,108.35,39.613,-166.29,98.703,142.03,378.75,82.206,-87.43,-70.017
-33.631,-168.64,-133.05,97.526,40.427,-155.67,106.41,215.81,502.07,158.68,-68.382,-62.427
-28.783,-150.89,-125.98,85.33,40.849,-142.81,113.2,294.93,622.79,241.4,-42.882,-54.437
-24.159,-131.41,-117.66,72.649,40.791,-127.98,118.94,377.37,739.9,331.3,-9.3895,-45.886
-19.883,-111.53,-108.07,60.423,40.274,-111.87,123.67,461.25,853.44,428.66,32.507,-36.468
-15.849,-92.505,-97.372,49.263,39.431,-95.429,127.51,545.14,963.16,532.89,81.713,-25.733
-11.794,-75.119,-85.928,39.335,38.468,-79.519,130.68,628.19,1068.2,642.3,136.12,-13.101
-7.3755,-59.605,-74.21,30.485,37.596,-64.729,133.38,709.95,1167.1,754.23,193.46,2.0635
-2.2053,-45.821,-62.624,22.41,36.966,-51.295,135.79,790.03,1258.4,865.37,251.78,20.337
4.1597,-33.439,-51.427,14.758,36.626,-39.203,138.01,867.96,1340.4,972.46,309.45,42.069
12.174,-22.047,-40.783,7.1482,36.518,-28.314,140.04,943.01,1411.7,1072.9,365.15,67.178
22.169,-11.19,-30.841,-0.82512,36.518,-18.434,141.89,1014.2,1471.3,1164.9,417.85,95.019
34.089,-0.38296,-21.764,-9.6023,36.508,-9.3263,143.51,1080.5,1519.4,1247.4,466.85,124.4
47.189,10.892,-13.698,-19.633,36.434,-0.71882,144.9,1140.9,1556.9,1319.8,511.57,153.77
60.096,23.137,-6.7251,-31.259,36.327,7.6981,146.01,1194.8,1585.6,1381.8,551.29,181.56
71.597,36.708,-0.79859,-44.482,36.249,16.247,146.83,1241.9,1607.1,1433.3,585.21,206.5
81.468,51.631,4.2681,-58.812,36.246,25.188,147.34,1282.5,1623.1,1474.8,612.78,227.9
90.319,67.5,8.7435,-73.464,36.35,34.617,147.52,1317.0,1635.0,1506.9,634.08,245.62
98.681,83.628,12.896,-87.75,36.63,44.414,147.38,1346.1,1643.5,1530.5,649.8,259.95
106.4,99.29,16.938,-101.14,37.178,54.306,146.93,1370.0,1649.4,1546.5,660.88,271.38
113.11,113.85,21.011,-113.03,38.024,63.976,146.2,1388.8,1652.9,1555.9,668.26,280.39
118.83,126.79,25.188,-122.86,39.047,73.148,145.23,1402.5,1654.1,1559.4,672.69,287.42
123.72,137.79,29.487,-130.5,39.966,81.61,144.08,1411.0,1652.7,1557.5,674.71,292.81
127.81,146.88,33.869,-136.22,40.403,89.234,142.82,1414.0,1648.2,1550.3,674.69,296.83
130.99,154.27,38.253,-140.49,40.029,95.97,141.43,1411.0,1639.7,1537.5,672.84,299.64
133.07,160.29,42.533,-143.67,38.691,101.83,139.9,1401.6,1626.0,1518.3,669.24,301.36
133.88,165.15,46.628,-145.98,36.398,106.86,138.11,1384.7,1605.3,1491.8,663.8,302.03
133.24,168.97,50.499,-147.44,33.189,111.11,135.93,1359.5,1575.7,1457.1,656.35,301.62
131.03,171.79,54.151,-148.01,29.053,114.65,133.17,1325.1,1535.4,1413.3,646.59,300.07
127.19,173.53,57.608,-147.56,23.984,117.48,129.62,1281.0,1483.1,1359.9,634.16,297.25
121.79,174.07,60.878,-145.96,18.135,119.58,125.01,1227.2,1418.6,1297.2,618.69,293.03
115.11,173.26,63.929,-143.07,11.913,120.86,119.09,1164.3,1343.0,1225.7,599.9,287.29
107.62,170.94,66.677,-138.85,5.8953,121.21,111.62,1093.6,1258.1,1146.7,577.64,279.96
99.886,167.09,68.994,-133.38,0.60785,120.53,102.44,1016.5,1166.5,1061.8,552.01,271.05
92.245,161.8,70.74,-126.86,-3.6689,118.79,91.527,934.69,1070.5,972.66,523.29,260.63
84.602,155.33,71.813,-119.48,-6.9258,116.12,79.032,849.64,972.04,881.18,491.87,248.74
76.516,147.94,72.18,-111.39,-9.3284,112.67,65.26,762.59,872.41,789.06,458.08,235.38
67.407,139.84,71.867,-102.65,-11.098,108.63,50.632,674.68,772.65,697.74,422.18,220.41
56.796,131.18,70.936,-93.335,-12.444,104.11,35.632,586.99,673.61,608.26,384.36,203.66
44.869,122.04,69.465,-83.567,-13.533,99.175,20.741,500.52,576.13,521.26,344.88,185.07
32.873,112.52,67.542,-73.639,-14.454,93.855,6.3583,416.01,480.97,437.0,304.07,164.83
22.385,102.78,65.254,-63.932,-15.203,88.195,-7.2403,333.75,388.65,355.39,262.34,143.45
14.192,92.956,62.678,-54.752,-15.686,82.249,-19.868,253.63,299.35,276.16,220.11,121.63
8.1743,83.158,59.866,-46.237,-15.779,76.051,-31.346,175.52,212.93,198.87,177.88,100.05
3.7913,73.419,56.831,-38.372,-15.441,69.603,-41.457,99.876,129.27,123.2,136.37,79.332
0.47564,63.758,53.561,-31.079,-14.757,62.89,-49.991,28.174,48.982,49.534,96.718,59.989
-2.1747,54.25,50.037,-24.33,-13.906,55.934,-56.855,-37.265,-26.259,-20.627,60.321,42.482
-4.3769,45.09,46.256,-18.195,-13.096,48.851,-62.141,-94.221,-93.997,-84.741,28.459,27.159
-6.2614,36.58,42.269,-12.811,-12.497,41.875,-66.087,-141.57,-152.11,-140.23,1.8092,14.175
-7.9257,29.028,38.19,-8.2887,-12.175,35.317,-68.982,-179.54,-199.79,-185.73,-19.718,3.4515
-9.4089,22.642,34.191,-4.6461,-12.083,29.473,-71.089,-209.32,-237.67,-221.51,-36.793,-5.2724
-10.676,17.472,30.459,-1.8158,-12.086,24.539,-72.614,-232.42,-267.22,-248.93,-50.331,-12.35
-11.643,13.437,27.143,0.30866,-12.02,20.567,-73.714,-250.3,-290.2,-269.75,-61.227,-18.146
-12.228,10.363,24.307,1.8476,-11.743,17.469,-74.512,-264.19,-308.15,-285.59,-70.211,-22.994
-12.417,8.0097,21.912,2.9489,-11.17,15.047,-75.113,-275.1,-322.34,-297.78,-77.819,-27.181
-12.309,6.0862,19.831,3.8028,-10.282,13.044,-75.597,-283.78,-333.73,-307.31,-84.407,-30.942
-12.095,4.3024,17.925,4.6203,-9.1416,11.217,-76.017,-290.81,-343.0,-314.9,-90.197,-34.442
-11.982,2.4387,16.096,5.574,-7.8882,9.392,-76.392,-296.59,-350.62,-321.05,-95.316,-37.762
-12.109,0.40878,14.323,6.7372,-6.7016,7.5102,-76.716,-301.4,-356.91,-326.11,-99.844,-40.904
-12.498,-1.725,12.637,8.0575,-5.7329,5.6183,-76.974,-305.46,-362.08,-330.3,-103.83,-43.807
-13.058,-3.7927,11.081,9.3792,-5.0461,3.8236,-77.155,-308.91,-366.33,-333.78,-107.32,-46.399
-13.609,-5.5952,9.6756,10.503,-4.5967,2.233,-77.262,-311.86,-369.83,-336.67,-110.36,-48.631
-13.95,-6.9866,8.4038,11.267,-4.2495,0.90761,-77.319,-314.4,-372.73,-339.08,-113.02,-50.518
-13.955,-7.9342,7.2317,11.616,-3.8284,-0.15499,-77.366,-316.61,-375.18,-341.1,-115.37,-52.126
-13.632,-8.5226,6.1358,11.631,-3.1938,-1.0028,-77.446,-318.55,-377.32,-342.83,-117.47,-53.548
-13.103,-8.9114,5.1298,11.492,-2.3347,-1.6982,-77.593,-320.24,-379.21,-344.34,-119.39,-54.859
-12.539,-9.2611,4.2694,11.398,-1.412,-2.2851,-77.821,-321.73,-380.9,-345.68,-121.16,-56.082
-12.098,-9.6705,3.6338,11.488,-0.67934,-2.773,-78.113,-323.01,-382.36,-346.86,-122.79,-57.177
-11.87,-10.148,3.2832,11.794,-0.30948,-3.1444,-78.433,-324.09,-383.57,-347.9,-124.28,-58.058
-11.849,-10.63,3.2092,12.243,-0.27867,-3.3823,-78.734,-324.97,-384.5,-348.79,-125.63,-58.622
-11.94,-11.019,3.3183,12.686,-0.40649,-3.4934,-78.98,-325.66,-385.14,-349.54,-126.83,-58.795
-12.004,-11.238,3.4621,12.969,-0.49129,-3.5185,-79.157,-326.18,-385.51,-350.17,-127.88,-58.565
-11.944,-11.268,3.4989,13.0,-0.41191,-3.5217,-79.273,-326.57,-385.66,-350.73,-128.79,-57.987
-11.768,-11.156,3.3539,12.801,-0.15004,-3.5628,-79.347,-326.86,-385.66,-351.25,-129.55,-57.163
-11.59,-10.998,3.0509,12.492,0.20962,-3.6682,-79.398,-327.08,-385.56,-351.78,-130.18,-56.199
-11.554,-10.878,2.7013,12.232,0.4713,-3.8143,-79.434,-327.25,-385.4,-352.31,-130.65,-55.174
-11.749,-10.839,2.4566,12.138,0.38564,-3.9379,-79.452,-327.37,-385.2,-352.83,-130.95,-54.135
-12.162,-10.865,2.4427,12.25,-0.18421,-3.9673,-79.439,-327.46,-384.96,-353.32,-131.09,-53.109
-12.687,-10.91,2.7077,12.528,-1.1266,-3.8572,-79.387,-327.54,-384.68,-353.73,-131.04,-52.13
-13.181,-10.926,3.2105,12.887,-2.1404,-3.6065,-79.301,-327.62,-384.35,-354.07,-130.83,-51.25
-13.541,-10.895,3.8546,13.252,-2.9452,-3.2562,-79.196,-327.71,-383.98,-354.34,-130.45,-50.534
-13.771,-10.85,4.5447,13.61,-3.4511,-2.8721,-79.094,-327.78,-383.56,-354.58,-129.9,-50.044
-14.004,-10.871,5.232,14.021,-3.7811,-2.5206,-79.012,-327.79,-383.07,-354.8,-129.19,-49.804
-14.452,-11.042,5.9237,14.588,-4.1732,-2.2444,-78.957,-327.69,-382.48,-354.98,-128.37,-49.785
-15.3,-11.395,6.6603,15.376,-4.8414,-2.0437,-78.921,-327.44,-381.78,-355.11,-127.49,-49.902
-16.608,-11.869,7.4822,16.351,-5.8804,-1.8711,-78.881,-327.02,-380.99,-355.14,-126.61,-50.038
-18.261,-12.308,8.4124,17.361,-7.2509,-1.642,-78.792,-326.46,-380.13,-355.05,-125.78,-50.086
-19.986,-12.514,9.4625,18.187,-8.8209,-1.2581,-78.582,-325.75,-379.23,-354.82,-125.05,-49.996
-21.478,-12.31,10.658,18.624,-10.421,-0.62551,-78.139,-324.84,-378.23,-354.45,-124.39,-49.801
-22.546,-11.575,12.07,18.55,-11.895,0.34913,-77.294,-323.56,-376.96,-353.92,-123.76,-49.609
-23.185,-10.225,13.852,17.937,-13.153,1.7927,-75.789,-321.54,-375.06,-353.15,-123.1,-49.568
-23.538,-8.1672,16.264,16.815,-14.198,3.9219,-73.234,-318.17,-371.91,-351.94,-122.32,-49.804
-23.77,-5.225,19.674,15.23,-15.144,7.1186,-69.076,-312.45,-366.51,-349.86,-121.31,-50.368
-23.964,-1.0185,24.465,13.178,-16.248,12.013,-62.71,-302.93,-357.36,-346.1,-119.95,-51.182
-24.08,5.2358,30.638,10.45,-18.021,19.403,-53.959,-287.66,-342.38,-339.15,-118.08,-52.007
-23.953,14.682,36.803,6.3936,-21.165,29.377,-43.656,-264.95,-319.41,-326.26,-115.37,-52.436
-23.259,27.671,39.735,-0.13409,-25.386,39.225,-33.075,-235.09,-288.09,-303.07,-111.18,-51.939
-21.482,41.494,39.684,-10.026,-28.899,44.171,-22.465,-201.88,-251.22,-265.19,-103.98,-49.915
-17.776,51.393,43.808,-22.068,-31.663,45.691,-11.629,-172.72,-212.91,-214.04,-90.183,-45.558
-10.847,57.686,55.662,-32.282,-35.296,52.408,-2.3776,-158.46,-179.7,-157.14,-63.49,-37.009
-1.0022,68.61,75.094,-38.35,-41.332,69.279,1.5115,-167.55,-163.46,-96.27,-25.694,-21.884
5.4887,92.598,102.46,-45.779,-50.697,96.882,7.69,-177.03,-164.2,-25.904,-4.5156,-14.773
4.1475,132.67,139.43,-63.692,-63.718,136.35,59.447,-81.873,-114.23,58.179,-16.2,-33.967
4.6978,189.44,188.1,-94.705,-80.79,189.55,131.82,184.95,88.506,156.12,-24.741,-42.901
15.257,262.01,247.25,-137.46,-102.07,255.54,186.96,428.23,397.21,266.67,8.8065,-29.078
35.515,345.14,308.6,-189.82,-124.99,327.67,222.01,607.58,669.52,393.46,84.573,6.8163
64.855,429.85,361.83,-247.88,-143.37,396.32,225.94,711.17,855.29,553.94,196.57,68.802
103.02,509.5,403.87,-307.71,-152.57,456.29,189.87,691.45,920.33,770.13,345.01,159.93
149.41,584.43,436.74,-368.46,-152.16,509.02,109.26,505.73,822.63,998.01,533.38,281.55
202.72,659.81,462.35,-432.43,-142.91,558.86,-15.685,134.07,540.95,1149.6,760.07,433.78
260.14,741.45,485.96,-501.96,-127.05,611.44,-178.29,-408.77,87.673,1216.1,1009.8,612.5
317.11,833.86,519.51,-576.87,-112.83,674.49,-365.69,-1071.9,-491.89,1213.8,1261.0,806.14
368.63,939.42,573.0,-655.26,-110.8,754.13,-562.04,-1779.0,-1131.5,1148.2,1494.8,998.79
411.09,1055.1,646.91,-733.77,-124.15,849.11,-751.22,-2445.3,-1762.1,1023.1,1692.9,1174.9
442.48,1169.6,731.78,-806.12,-149.12,949.05,-918.26,-2999.1,-2329.2,838.87,1835.9,1320.7
461.44,1265.3,810.86,-862.86,-178.21,1036.6,-1049.6,-3401.4,-2802.7,591.52,1903.9,1423.5
466.45,1321.4,864.25,-893.09,-201.99,1091.6,-1134.2,-3646.0,-3175.7,277.06,1879.7,1471.9
455.94,1319.8,874.05,-886.92,-211.67,1096.0,-1165.4,-3750.2,-3456.7,-104.99,1751.3,1456.2
428.71,1249.5,830.05,-838.35,-202.26,1039.2,-1143.3,-3744.3,-3657.2,-547.56,1515.4,1370.4
384.86,1112.1,733.83,-748.16,-174.53,922.75,-1078.5,-3663.8,-3786.6,-1031.6,1181.0,1215.0
326.8,923.32,599.46,-625.29,-135.31,761.44,-992.41,-3543.2,-3850.7,-1523.4,772.86,1000.2
259.56,709.9,450.07,-485.58,-94.951,580.08,-910.91,-3408.7,-3851.7,-1976.8,331.28,746.71
189.88,503.16,311.29,-347.81,-62.723,407.13,-853.65,-3271.4,-3788.6,-2341.6,-92.537,483.56
124.15,329.97,203.68,-228.5,-44.313,266.41,-823.89,-3125.3,-3659.6,-2576.4,-448.56,241.25
66.909,205.14,136.9,-137.39,-41.229,170.32,-807.61,-2960.2,-3468.7,-2660.8,-702.19,43.254
20.409,128.73,108.1,-75.754,-50.707,117.56,-787.6,-2774.5,-3227.7,-2601.2,-842.67,-99.706
-15.004,89.883,105.87,-38.369,-66.953,97.037,-756.25,-2566.6,-2951.1,-2426.4,-881.46,-189.33
-40.112,74.08,116.57,-17.533,-84.089,94.593,-711.28,-2334.0,-2650.6,-2177.8,-844.04,-235.15
-56.106,68.09,128.44,-5.9717,-97.462,97.619,-651.44,-2079.3,-2338.0,-1898.0,-760.71,-249.64
-63.344,61.785,132.41,1.2728,-102.17,96.424,-579.59,-1815.9,-2027.5,-1622.1,-656.35,-244.73
-58.359,51.405,121.76,2.037,-93.85,84.576,-505.31,-1562.9,-1735.3,-1377.1,-532.51,-224.27
-41.942,34.355,88.134,1.5893,-78.005,58.012,-437.59,-1337.3,-1476.4,-1182.7,-415.74,-157.0
-35.02,7.6999,51.923,12.52,-63.426,27.222,-378.2,-1147.6,-1260.1,-1042.1,-361.69,-110.46
-37.712,-15.067,27.244,25.12,-50.156,3.3284,-324.87,-994.62,-1088.0,-941.22,-342.88,-117.59
-41.895,-33.682,7.3218,37.044,-36.115,-15.529,-275.85,-872.79,-954.4,-862.61,-332.19,-127.88
-44.914,-51.705,-12.274,48.698,-21.033,-33.41,-230.6,-773.43,-848.54,-794.22,-320.86,-133.16
-46.558,-71.008,-33.33,60.234,-6.493,-52.491,-188.89,-686.69,-757.75,-728.63,-306.08,-134.65
-47.267,-92.254,-55.807,71.836,5.7937,-73.426,-150.94,-602.49,-668.24,-658.47,-287.72,-133.94
-47.559,-115.45,-78.536,83.629,15.423,-96.124,-117.85,-514.66,-570.43,-579.45,-268.04,-132.27
-47.846,-139.83,-100.24,95.413,22.907,-119.86,-91.801,-436.83,-482.07,-506.84,-250.06,-130.53
-48.367,-163.67,-120.21,106.59,28.93,-143.13,-76.1,-387.6,-428.0,-456.66,-235.53,-129.25
-49.162,-184.78,-137.91,116.45,34.066,-163.93,-69.963,-361.43,-400.63,-426.24,-224.66,-128.65
-50.131,-201.69,-152.41,124.5,38.411,-180.48,-67.859,-346.45,-385.29,-407.55,-216.74,-128.65
-51.13,-214.18,-162.85,130.72,41.535,-192.23,-66.082,-336.12,-374.65,-395.07,-210.79,-128.99
-52.067,-223.0,-169.4,135.39,43.285,-199.88,-63.403,-327.67,-365.95,-385.78,-205.87,-129.43
-52.948,-229.14,-173.05,138.94,44.003,-204.62,-59.502,-319.93,-358.18,-378.12,-201.36,-129.79
-53.859,-233.42,-174.85,141.74,44.105,-207.45,-54.379,-312.39,-350.96,-371.35,-196.98,-130.01
-54.899,-236.43,-175.53,144.05,43.885,-209.05,-48.28,-304.92,-344.1,-365.11,-192.74,-130.1
-56.092,-238.51,-175.54,146.0,43.531,-209.84,-41.653,-297.51,-337.43,-359.24,-188.79,-130.13
-57.348,-239.84,-175.13,147.6,43.154,-210.05,-34.972,-290.19,-330.74,-353.59,-185.26,-130.1
-58.488,-240.53,-174.43,148.81,42.814,-209.83,-28.541,-282.84,-323.73,-347.97,-182.12,-129.97
-59.334,-240.65,-173.48,149.56,42.528,-209.26,-22.403,-275.22,-315.98,-342.07,-179.19,-129.62
-59.778,-240.23,-172.28,149.83,42.279,-208.34,-16.397,-266.88,-306.94,-335.53,-176.17,-128.91
-59.812,-239.3,-170.74,149.62,42.031,-207.06,-10.274,-257.22,-295.99,-327.87,-172.76,-127.69
-59.507,-237.87,-168.82,149.0,41.734,-205.4,-3.7834,-245.55,-282.38,-318.53,-168.79,-125.85
-58.966,-235.99,-166.52,147.99,41.339,-203.36,3.281,-231.14,-265.32,-306.83,-164.21,-123.32
-58.273,-233.64,-163.9,146.62,40.803,-200.98,11.071,-213.29,-243.89,-291.9,-159.12,-120.07
-57.456,-230.83,-161.04,144.86,40.099,-198.31,19.677,-191.35,-217.03,-272.68,-153.66,-116.07
-56.473,-227.47,-158.06,142.6,39.228,-195.38,29.116,-164.72,-183.34,-247.94,-147.93,-111.31
-55.221,-223.45,-155.02,139.7,38.225,-192.17,39.315,-132.85,-140.82,-216.32,-141.9,-105.8
-53.574,-218.58,-151.92,135.98,37.142,-188.62,50.106,-95.177,-86.722,-176.67,-135.47,-99.612
-51.441,-212.59,-148.66,131.28,36.028,-184.53,61.23,-51.149,-17.896,-128.46,-128.42,-92.867
-48.838,-205.21,-145.06,125.48,34.919,-179.64,72.367,-0.28596,67.951,-72.15,-120.49,-85.737
-45.884,-196.19,-140.93,118.59,33.852,-173.61,83.151,57.678,170.38,-9.0261,-111.29,-78.407
-42.733,-185.33,-136.03,110.7,32.889,-166.12,93.223,122.53,285.24,59.569,-100.22,-71.018
-39.468,-172.54,-130.17,101.92,32.113,-156.86,102.3,193.57,406.13,133.09,-86.304,-63.606
-36.072,-157.78,-123.13,92.329,31.607,-145.59,110.26,269.58,527.41,211.91,-68.106,-56.072
-32.476,-141.13,-114.65,82.003,31.412,-132.16,117.12,349.09,646.08,296.87,-43.836,-48.165
-28.617,-122.93,-104.51,71.145,31.503,-116.7,123.05,430.65,761.32,388.74,-11.876,-39.477
-24.474,-103.95,-92.645,60.129,31.777,-99.736,128.25,513.13,873.11,487.75,28.386,-29.441
-20.048,-85.238,-79.366,49.425,32.08,-82.309,132.93,595.72,981.18,593.18,76.095,-17.353
-15.327,-67.824,-65.512,39.419,32.242,-65.681,137.19,677.89,1084.7,703.07,129.34,-2.47
-10.257,-52.3,-52.209,30.248,32.137,-50.823,141.07,759.06,1182.3,814.31,185.99,15.815
-4.7387,-38.684,-40.39,21.801,31.734,-38.078,144.55,838.49,1272.3,923.28,244.11,37.758
1.3771,-26.589,-30.442,13.8,31.122,-27.234,147.6,915.19,1353.1,1026.8,301.97,63.088
8.3489,-15.469,-22.237,5.8999,30.481,-17.81,150.19,987.95,1423.0,1122.4,358.04,90.959
16.621,-4.7528,-15.37,-2.2921,29.98,-9.2776,152.32,1055.6,1481.1,1208.6,411.02,120.06
26.745,6.1037,-9.3797,-11.213,29.687,-1.1619,154.0,1117.0,1527.5,1284.6,459.9,148.91
38.915,17.596,-3.8871,-21.288,29.544,6.9246,155.26,1171.9,1563.5,1350.2,504.02,176.14
52.344,30.105,1.3637,-32.776,29.408,15.279,156.13,1220.0,1590.8,1405.4,543.03,200.77
65.43,43.788,6.5084,-45.57,29.152,24.098,156.64,1261.8,1611.2,1451.0,576.68,222.26
76.954,58.498,11.593,-59.182,28.744,33.45,156.84,1297.7,1626.4,1487.4,604.81,240.5
86.723,73.821,16.605,-72.962,28.265,43.253,156.76,1328.1,1637.7,1515.6,627.38,255.67
95.056,89.2,21.508,-86.331,27.856,53.288,156.44,1353.6,1645.8,1536.3,644.62,268.1
102.25,104.05,26.258,-98.796,27.625,63.24,155.92,1374.1,1651.2,1550.4,657.1,278.13
108.5,117.78,30.823,-109.88,27.579,72.757,155.22,1389.9,1654.2,1558.4,665.55,286.09
113.95,129.87,35.197,-119.19,27.59,81.515,154.37,1400.5,1654.6,1560.8,670.67,292.21
118.6,140.0,39.376,-126.54,27.415,89.26,153.38,1405.7,1652.0,1557.8,673.0,296.71
122.35,148.1,43.337,-132.03,26.784,95.856,152.25,1404.9,1645.7,1549.0,672.87,299.75
125.09,154.34,47.021,-135.95,25.529,101.3,150.96,1397.4,1634.5,1534.1,670.39,301.51
126.76,159.02,50.35,-138.64,23.687,105.66,149.44,1382.6,1617.1,1512.4,665.57,302.17
127.34,162.45,53.268,-140.38,21.472,109.09,147.61,1359.8,1591.9,1483.1,658.34,301.83
126.85,164.88,55.762,-141.36,19.112,111.72,145.34,1328.3,1556.9,1445.4,648.6,300.53
125.35,166.47,57.869,-141.69,16.716,113.69,142.49,1287.7,1510.6,1398.8,636.25,298.23
122.85,167.31,59.643,-141.37,14.242,115.1,138.89,1237.6,1452.3,1342.9,621.19,294.8
119.35,167.36,61.15,-140.33,11.564,115.97,134.31,1178.3,1382.2,1278.0,603.28,290.08
114.87,166.49,62.457,-138.41,8.5433,116.28,128.51,1110.7,1301.7,1204.7,582.33,283.97
109.46,164.53,63.619,-135.45,5.1356,115.98,121.2,1036.2,1213.2,1124.2,558.17,276.4
103.29,161.36,64.646,-131.33,1.4835,115.02,112.19,956.38,1119.1,1038.1,530.7,267.36
96.561,156.92,65.483,-126.03,-2.0671,113.36,101.35,872.91,1021.6,948.14,500.02,256.85
89.296,151.18,66.025,-119.51,-5.0954,110.95,88.751,787.23,922.15,856.26,466.5,244.79
81.311,144.18,66.151,-111.8,-7.3233,107.77,74.633,700.6,822.1,764.11,430.69,231.06
72.313,135.94,65.755,-102.93,-8.741,103.79,59.376,614.05,722.32,673.0,393.17,215.46
62.19,126.6,64.777,-93.11,-9.5662,98.982,43.451,528.41,623.66,583.83,354.36,197.86
51.292,116.39,63.203,-82.715,-10.113,93.416,27.367,444.31,526.93,497.13,314.45,178.3
40.414,105.69,61.083,-72.26,-10.659,87.231,11.633,362.1,432.82,413.08,273.49,157.14
30.422,94.959,58.523,-62.255,-11.359,80.664,-3.2832,281.92,341.77,331.71,231.58,135.07
21.841,84.586,55.665,-53.053,-12.229,73.982,-17.009,203.82,253.84,252.84,189.08,112.96
14.755,74.8,52.637,-44.763,-13.173,67.391,-29.281,128.16,168.87,176.18,146.91,91.588
8.9693,65.614,49.509,-37.286,-14.02,60.973,-39.936,55.95,87.002,101.59,106.57,71.518
4.2008,56.894,46.29,-30.426,-14.581,54.692,-48.895,-11.062,9.3198,29.676,69.763,53.126
0.20414,48.487,42.977,-24.007,-14.715,48.474,-56.182,-70.847,-62.066,-37.943,37.704,36.697
-3.172,40.331,39.601,-17.954,-14.397,42.305,-61.939,-121.89,-124.77,-98.917,10.739,22.443
-5.989,32.507,36.237,-12.31,-13.711,36.271,-66.403,-163.75,-177.28,-151.13,-11.539,10.425
-8.2868,25.211,32.97,-7.1947,-12.809,30.536,-69.835,-197.05,-219.59,-193.69,-29.863,0.51477
-10.142,18.658,29.861,-2.7266,-11.856,25.274,-72.471,-223.07,-252.86,-227.12,-44.959,-7.5815
-11.648,13.002,26.939,1.03,-10.993,20.615,-74.5,-243.26,-278.78,-252.8,-57.421,-14.236
-12.858,8.2896,24.207,4.0751,-10.317,16.611,-76.063,-258.99,-299.0,-272.37,-67.724,-19.819
-13.776,4.4708,21.664,6.4551,-9.8684,13.244,-77.266,-271.33,-314.92,-287.35,-76.271,-24.64
-14.407,1.4297,19.311,8.2541,-9.6231,10.44,-78.19,-281.13,-327.6,-298.93,-83.415,-28.928
-14.813,-0.99247,17.152,9.5959,-9.4998,8.1021,-78.902,-288.99,-337.81,-308.02,-89.459,-32.827
-15.101,-2.975,15.195,10.637,-9.3869,6.1272,-79.459,-295.35,-346.13,-315.28,-94.651,-36.41
-15.379,-4.6891,13.443,11.534,-9.1916,4.4196,-79.914,-300.56,-352.94,-321.19,-99.188,-39.692
-15.722,-6.2617,11.894,12.409,-8.8749,2.9085,-80.31,-304.85,-358.56,-326.04,-103.2,-42.65
-16.153,-7.7491,10.551,13.315,-8.4562,1.5609,-80.681,-308.4,-363.2,-330.05,-106.79,-45.245
-16.651,-9.1382,9.4196,14.237,-7.9902,0.37872,-81.048,-311.35,-367.06,-333.38,-110.02,-47.454
-17.153,-10.378,8.4945,15.11,-7.534,-0.62631,-81.422,-313.8,-370.28,-336.14,-112.93,-49.297
-17.569,-11.421,7.734,15.846,-7.1211,-1.4635,-81.805,-315.85,-373.03,-338.45,-115.6,-50.852
-17.816,-12.256,7.0566,16.377,-6.7514,-2.1771,-82.19,-317.58,-375.43,-340.42,-118.07,-52.229
-17.848,-12.916,6.3682,16.674,-6.3924,-2.8336,-82.557,-319.06,-377.56,-342.14,-120.37,-53.52
-17.682,-13.456,5.6037,16.763,-5.9861,-3.4921,-82.877,-320.33,-379.46,-343.69,-122.51,-54.76
-17.369,-13.922,4.7577,16.698,-5.4702,-4.1699,-83.114,-321.42,-381.13,-345.1,-124.47,-55.912
-16.956,-14.308,3.8896,16.524,-4.8234,-4.8249,-83.247,-322.34,-382.56,-346.4,-126.25,-56.901
-16.463,-14.547,3.1092,16.255,-4.1035,-5.3608,-83.278,-323.11,-383.72,-347.57,-127.84,-57.642
-15.891,-14.541,2.5406,15.879,-3.4167,-5.6606,-83.244,-323.76,-384.61,-348.62,-129.24,-58.079
-15.225,-14.223,2.2726,15.381,-2.8246,-5.6423,-83.196,-324.3,-385.25,-349.53,-130.45,-58.194
-14.433,-13.612,2.3129,14.773,-2.2907,-5.3147,-83.178,-324.77,-385.67,-350.34,-131.45,-58.012
-13.512,-12.826,2.5713,14.109,-1.7285,-4.7884,-83.211,-325.19,-385.92,-351.07,-132.23,-57.595
-12.523,-12.048,2.9013,13.483,-1.0978,-4.2312,-83.285,-325.54,-386.04,-351.74,-132.79,-57.023
-11.599,-11.449,3.1696,12.997,-0.46178,-3.7953,-83.366,-325.84,-386.06,-352.37,-133.15,-56.367
-10.899,-11.121,3.3092,12.715,0.036447,-3.5587,-83.414,-326.07,-385.98,-352.95,-133.36,-55.674
-10.545,-11.041,3.3296,12.633,0.24718,-3.5069,-83.397,-326.22,-385.82,-353.48,-133.45,-54.956
-10.572,-11.09,3.2937,12.676,0.082615,-3.5523,-83.3,-326.32,-385.58,-353.91,-133.46,-54.214
-10.914,-11.108,3.2832,12.728,-0.44868,-3.5791,-83.136,-326.38,-385.28,-354.26,-133.4,-53.455
-11.434,-10.965,3.3681,12.689,-1.2466,-3.4912,-82.939,-326.42,-384.95,-354.52,-133.24,-52.707
-11.978,-10.608,3.5907,12.512,-2.1642,-3.2419,-82.752,-326.45,-384.6,-354.7,-132.92,-52.023
-12.436,-10.07,3.9688,12.23,-3.0745,-2.8363,-82.603,-326.47,-384.24,-354.84,-132.4,-51.459
-12.78,-9.4461,4.5133,11.935,-3.9213,-2.3116,-82.491,-326.43,-383.82,-354.94,-131.66,-51.061
-13.08,-8.8514,5.2424,11.748,-4.7195,-1.7116,-82.387,-326.27,-383.29,-354.99,-130.71,-50.855
-13.462,-8.378,6.1789,11.776,-5.5021,-1.068,-82.257,-325.97,-382.61,-354.99,-129.64,-50.843
-14.031,-8.0621,7.3315,12.058,-6.2668,-0.39243,-82.077,-325.51,-381.77,-354.94,-128.57,-51.004
-14.795,-7.8639,8.6768,12.538,-6.9774,0.32598,-81.841,-324.93,-380.8,-354.83,-127.59,-51.299
-15.685,-7.6722,10.163,13.08,-7.6174,1.1192,-81.551,-324.26,-379.75,-354.67,-126.78,-51.675
-16.596,-7.3334,11.737,13.506,-8.232,2.0375,-81.186,-323.51,-378.7,-354.46,-126.13,-52.073
-17.419,-6.6935,13.392,13.656,-8.9178,3.15,-80.686,-322.61,-377.6,-354.19,-125.6,-52.442
-18.071,-5.6232,15.205,13.433,-9.7768,4.5599,-79.925,-321.33,-376.31,-353.77,-125.14,-52.747
-18.53,-4.0022,17.369,12.804,-10.888,6.4411,-78.693,-319.3,-374.5,-353.09,-124.71,-52.975
-18.844,-1.6626,20.213,11.77,-12.337,9.0927,-76.665,-315.91,-371.58,-351.91,-124.22,-53.118
-19.088,1.6822,24.151,10.301,-14.324,12.99,-73.345,-310.25,-366.67,-349.83,-123.56,-53.155
-19.307,6.4995,29.46,8.3004,-17.32,18.782,-68.083,-300.98,-358.46,-346.22,-122.61,-53.038
-19.481,13.478,35.739,5.5808,-21.805,27.083,-60.343,-286.33,-345.13,-339.92,-121.18,-52.675
-19.524,23.434,41.037,1.7995,-26.637,37.663,-50.447,-264.57,-324.62,-328.89,-119.02,-51.906
-19.312,36.658,42.46,-3.6613,-29.817,47.913,-39.804,-235.39,-295.95,-309.69,-115.68,-50.472
-18.742,51.281,41.948,-11.695,-32.264,53.043,-29.358,-201.53,-260.96,-278.04,-110.15,-47.973
-17.735,62.312,47.029,-22.644,-35.911,52.171,-18.867,-169.33,-223.57,-232.54,-100.04,-43.721
-15.991,65.839,60.393,-34.001,-42.251,53.434,-9.1996,-148.83,-189.43,-178.1,-80.076,-36.129
-12.181,67.102,81.289,-40.188,-52.377,65.323,-3.8344,-151.14,-168.93,-119.48,-45.814,-22.126
-5.812,79.6,109.46,-41.241,-66.308,89.342,0.73261,-170.17,-168.54,-54.7,-14.317,-7.5704
-3.8929,111.16,145.69,-49.384,-83.013,125.25,44.59,-137.24,-146.5,20.212,-12.468,-20.489
-4.7887,161.25,191.34,-73.049,-101.91,174.26,119.56,66.501,3.4979,106.79,-25.491,-40.657
0.5812,228.21,246.0,-110.15,-122.81,236.28,178.14,337.54,299.65,205.78,-13.394,-36.497
14.238,308.07,304.11,-157.96,-143.38,306.58,217.77,539.83,597.87,323.73,39.883,-10.138
36.955,393.07,356.44,-213.52,-158.53,376.35,227.4,678.12,811.66,482.92,133.76,40.547
69.777,475.52,398.34,-273.27,-164.41,438.64,197.99,715.31,915.26,710.74,270.14,119.87
113.12,553.07,431.28,-335.25,-161.14,492.93,125.41,602.92,868.08,957.08,453.53,230.73
166.22,629.14,457.51,-400.34,-150.52,542.87,9.3151,307.32,641.13,1118.0,681.58,374.46
226.41,709.16,480.69,-470.47,-134.99,593.52,-146.21,-173.12,236.07,1186.6,934.95,548.28
288.5,797.77,509.94,-545.71,-120.11,651.76,-331.02,-799.37,-311.69,1185.2,1188.5,741.17
346.25,898.37,555.61,-624.3,-113.81,724.62,-529.81,-1499.5,-941.49,1117.6,1425.0,936.73
395.03,1010.8,621.49,-704.02,-120.5,813.99,-725.08,-2186.9,-1583.6,987.94,1629.3,1119.4
432.49,1127.6,702.11,-780.29,-138.65,913.11,-900.41,-2781.0,-2177.1,798.42,1783.5,1275.8
457.3,1232.9,783.67,-844.76,-163.21,1006.9,-1041.6,-3230.4,-2682.5,546.11,1868.0,1393.2
467.93,1306.0,847.68,-886.17,-187.99,1075.6,-1136.9,-3519.2,-3085.6,228.03,1864.8,1460.2
462.57,1326.2,875.64,-893.09,-205.88,1099.5,-1179.1,-3658.8,-3391.1,-154.77,1760.2,1466.3
439.63,1279.1,853.83,-857.41,-209.26,1064.8,-1167.0,-3677.0,-3611.5,-594.08,1548.7,1404.1
398.75,1162.0,778.24,-777.7,-193.49,968.46,-1109.3,-3609.1,-3757.9,-1070.7,1236.5,1271.4
341.9,986.39,657.51,-661.17,-160.76,820.54,-1025.3,-3491.2,-3837.7,-1552.3,844.72,1074.5
274.19,776.84,511.47,-522.94,-119.91,643.13,-940.6,-3353.4,-3854.6,-1994.8,409.96,830.32
203.04,564.74,365.68,-382.33,-81.771,464.51,-876.32,-3212.3,-3808.0,-2350.2,-19.114,565.61
135.67,379.32,243.59,-257.14,-54.649,310.93,-839.56,-3063.3,-3694.4,-2578.2,-391.27,311.92
76.754,239.16,159.64,-158.68,-42.907,198.94,-820.8,-2890.9,-3514.2,-2659.4,-666.17,96.767
28.322,148.33,116.11,-89.738,-46.512,131.78,-803.98,-2695.2,-3277.4,-2600.5,-826.13,-64.157
-9.2902,98.89,104.71,-46.41,-60.546,101.4,-779.31,-2480.4,-3000.0,-2429.8,-879.17,-169.03
-36.568,77.161,111.87,-21.637,-77.792,94.179,-743.22,-2245.8,-2696.8,-2187.9,-851.4,-226.11
-54.4,69.265,124.35,-8.088,-92.673,96.507,-693.2,-1994.4,-2380.7,-1915.9,-774.76,-248.12
-63.451,63.815,131.86,0.20046,-100.91,97.479,-628.01,-1739.3,-2066.1,-1647.8,-675.22,-247.87
-62.339,53.76,127.49,4.9539,-97.16,89.734,-553.11,-1498.8,-1769.2,-1408.5,-558.01,-234.41
-49.644,35.516,102.74,6.6975,-80.939,66.779,-480.16,-1287.9,-1505.2,-1214.7,-437.8,-196.06
-39.834,5.9067,60.234,16.625,-63.212,30.564,-416.07,-1112.6,-1284.1,-1070.2,-371.57,-135.65
-40.589,-21.027,28.593,30.577,-48.785,0.93506,-359.93,-971.82,-1108.1,-964.33,-347.21,-130.0
-44.39,-42.377,5.9744,44.332,-35.395,-20.623,-308.85,-859.42,-971.67,-881.95,-335.27,-139.34
-47.481,-62.091,-14.518,57.413,-21.455,-39.649,-261.52,-767.09,-864.43,-811.54,-324.16,-145.31
-49.379,-81.991,-35.674,69.41,-7.578,-59.034,-217.75,-685.94,-773.96,-745.82,-310.0,-147.76
-50.373,-102.36,-57.611,80.239,4.5317,-79.364,-177.53,-607.05,-687.08,-678.01,-291.93,-148.01
-50.764,-123.08,-79.253,90.098,13.899,-100.4,-141.35,-524.23,-592.03,-601.09,-271.77,-147.0
-50.767,-143.83,-99.6,99.191,20.752,-121.73,-110.44,-446.7,-498.58,-524.08,-252.76,-145.34
-50.564,-163.94,-118.33,107.58,25.886,-142.65,-87.299,-393.53,-435.87,-466.69,-237.05,-143.4
-50.317,-182.28,-135.3,115.2,30.261,-161.84,-74.767,-364.26,-403.79,-431.18,-225.06,-141.4
-50.156,-197.75,-149.58,121.89,34.468,-177.62,-70.254,-347.82,-386.67,-409.75,-216.16,-139.37
-50.148,-209.79,-159.81,127.52,38.097,-189.04,-68.256,-336.96,-375.35,-395.94,-209.37,-137.32
-50.32,-218.59,-165.9,132.07,40.642,-196.46,-65.894,-328.47,-366.3,-386.11,-203.79,-135.24
-50.671,-224.74,-169.07,135.64,42.168,-200.97,-62.357,-321.02,-358.3,-378.37,-198.81,-133.16
-51.184,-228.91,-170.54,138.36,42.922,-203.58,-57.511,-314.03,-350.92,-371.7,-194.1,-131.12
-51.81,-231.61,-171.08,140.37,43.102,-204.98,-51.45,-307.29,-343.97,-365.62,-189.55,-129.21
-52.452,-233.24,-171.06,141.76,42.866,-205.61,-44.411,-300.71,-337.3,-359.87,-185.17,-127.46
-52.988,-234.07,-170.68,142.62,42.357,-205.71,-36.735,-294.23,-330.72,-354.27,-180.99,-125.89
-53.317,-234.3,-170.01,143.0,41.715,-205.42,-28.776,-287.75,-323.94,-348.66,-177.02,-124.45
-53.415,-234.05,-169.07,142.99,41.071,-204.82,-20.799,-281.04,-316.61,-342.78,-173.24,-123.03
-53.349,-233.42,-167.88,142.69,40.534,-203.93,-12.9,-273.75,-308.26,-336.33,-169.62,-121.48
-53.235,-232.45,-166.44,142.2,40.168,-202.77,-5.0136,-265.41,-298.38,-328.88,-166.09,-119.64
-53.149,-231.17,-164.78,141.56,39.971,-201.35,3.028,-255.49,-286.4,-319.95,-162.58,-117.35
-53.079,-229.62,-162.93,140.79,39.867,-199.71,11.404,-243.43,-271.7,-308.97,-158.97,-114.5
-52.938,-227.8,-160.96,139.83,39.738,-197.9,20.24,-228.67,-253.6,-295.24,-155.13,-111.07
-52.641,-225.72,-158.9,138.64,39.469,-195.96,29.569,-210.67,-231.32,-277.87,-150.88,-107.08
-52.177,-223.42,-156.78,137.21,38.982,-193.92,39.328,-188.89,-203.82,-255.81,-146.06,-102.64
-51.62,-220.9,-154.54,135.59,38.223,-191.75,49.386,-162.82,-169.7,-227.78,-140.55,-97.852
-51.072,-218.15,-152.06,133.81,37.146,-189.4,59.562,-131.91,-126.89,-192.52,-134.26,-92.844
-50.569,-215.05,-149.2,131.86,35.741,-186.73,69.659,-95.612,-72.689,-149.07,-127.15,-87.698
-50.03,-211.34,-145.89,129.55,34.078,-183.57,79.466,-53.351,-4.1576,-97.26,-119.19,-82.47
-49.274,-206.63,-142.11,126.59,32.322,-179.67,88.776,-4.5608,80.641,-37.968,-110.16,-77.173
-48.093,-200.38,-137.82,122.59,30.69,-174.71,97.414,51.195,181.13,27.382,-99.574,-71.768
-46.333,-191.99,-132.89,117.16,29.365,-168.22,105.26,114.0,293.54,97.757,-86.438,-66.152
-43.942,-180.86,-127.07,109.95,28.435,-159.63,112.26,183.46,412.12,173.14,-69.165,-60.167
-40.987,-166.6,-120.0,100.83,27.889,-148.44,118.42,258.55,531.69,254.33,-45.719,-53.6
-37.618,-149.34,-111.38,90.006,27.66,-134.48,123.82,337.72,649.24,342.29,-14.287,-46.158
-33.97,-129.99,-101.09,78.173,27.671,-118.22,128.57,419.21,763.67,437.52,25.724,-37.432
-30.014,-110.07,-89.386,66.262,27.879,-100.84,132.78,501.52,874.67,539.59,73.269,-26.865
-25.463,-91.117,-76.941,54.987,28.291,-83.815,136.58,583.59,981.7,646.91,126.3,-13.797
-19.851,-73.935,-64.658,44.526,28.959,-68.251,140.05,664.76,1083.7,756.8,182.61,2.3846
-12.701,-58.535,-53.316,34.619,29.944,-54.527,143.23,744.49,1179.4,865.99,240.19,22.033
-3.6991,-44.46,-43.308,24.849,31.259,-42.47,146.11,822.22,1267.3,971.3,297.34,45.07
7.1778,-31.152,-34.616,14.844,32.827,-31.654,148.66,897.23,1345.9,1070.2,352.74,70.969
19.648,-18.13,-26.955,4.3395,34.496,-21.626,150.84,968.66,1414.1,1160.8,405.34,98.883
33.189,-5.0294,-19.973,-6.8443,36.083,-12.019,152.65,1035.6,1471.4,1242.2,454.33,127.77
47.127,8.4175,-13.409,-18.829,37.425,-2.5751,154.11,1097.0,1518.0,1313.6,498.97,156.44
60.763,22.397,-7.1658,-31.668,38.41,6.8584,155.24,1152.4,1554.8,1374.9,538.71,183.66
73.557,37.01,-1.2635,-45.308,38.982,16.371,156.08,1201.5,1583.2,1426.3,573.12,208.31
85.271,52.258,4.2719,-59.563,39.131,26.031,156.67,1244.4,1604.8,1468.1,602.01,229.67
95.874,68.027,9.4899,-74.104,38.87,35.9,157.02,1281.3,1621.1,1501.1,625.38,247.53
105.26,84.041,14.515,-88.405,38.235,46.006,157.15,1312.6,1633.1,1525.8,643.44,262.09
113.01,99.781,19.495,-101.68,37.278,56.283,157.09,1338.5,1641.6,1543.0,656.65,273.74
118.6,114.51,24.539,-113.06,36.038,66.505,156.86,1359.0,1647.0,1553.6,665.64,282.95
121.93,127.48,29.685,-122.0,34.507,76.292,156.48,1374.0,1649.4,1558.0,671.12,290.12
123.46,138.25,34.886,-128.53,32.619,85.224,155.94,1383.4,1648.7,1556.6,673.79,295.59
123.88,146.8,40.035,-133.09,30.264,93.002,155.23,1386.9,1644.3,1549.8,674.2,299.63
123.69,153.43,45.0,-136.22,27.326,99.54,154.33,1384.0,1635.6,1537.1,672.73,302.46
123.15,158.55,49.667,-138.37,23.745,104.94,153.19,1374.2,1621.4,1518.2,669.56,304.22
122.29,162.53,53.976,-139.82,19.594,109.41,151.76,1356.8,1600.2,1492.1,664.63,305.01
121.04,165.68,57.93,-140.74,15.099,113.18,149.98,1331.0,1570.2,1458.0,657.7,304.82
119.34,168.13,61.565,-141.16,10.569,116.39,147.74,1295.8,1529.7,1415.0,648.4,303.58
117.09,169.87,64.891,-141.05,6.2751,119.08,144.9,1250.8,1477.6,1362.7,636.31,301.1
114.22,170.8,67.866,-140.29,2.3817,121.16,141.29,1195.9,1413.5,1301.3,621.1,297.19
110.63,170.79,70.427,-138.78,-1.0418,122.55,136.72,1132.3,1338.6,1231.5,602.61,291.68
106.26,169.8,72.528,-136.45,-3.9783,123.21,130.98,1061.5,1255.0,1154.5,580.88,284.48
101.06,167.81,74.157,-133.25,-6.4296,123.17,123.9,985.27,1165.1,1072.0,556.06,275.66
95.017,164.83,75.317,-129.15,-8.408,122.46,115.27,905.33,1071.1,985.39,528.33,265.31
88.153,160.9,75.999,-124.18,-9.9406,121.07,104.94,822.92,974.6,896.21,497.87,253.51
80.486,156.0,76.175,-118.36,-11.075,119.01,92.86,739.05,876.8,805.91,464.84,240.22
72.086,150.16,75.794,-111.76,-11.894,116.22,79.182,654.64,778.68,715.9,429.47,225.33
63.161,143.39,74.802,-104.48,-12.514,112.68,64.273,570.63,681.11,627.33,392.08,208.71
54.088,135.73,73.178,-96.653,-13.055,108.35,48.646,487.86,585.01,541.06,353.08,190.28
45.28,127.22,70.958,-88.381,-13.585,103.25,32.803,406.91,491.18,457.5,312.87,170.09
37.013,117.94,68.231,-79.756,-14.098,97.431,17.123,327.97,400.17,376.71,271.8,148.37
29.368,107.99,65.1,-70.841,-14.523,90.997,1.9052,250.94,312.14,298.49,230.16,125.58
22.316,97.441,61.646,-61.702,-14.764,84.03,-12.509,175.79,226.99,222.41,188.28,102.47
15.866,86.434,57.898,-52.462,-14.738,76.598,-25.679,102.98,144.6,148.15,146.74,79.962
10.144,75.156,53.843,-43.352,-14.395,68.759,-37.16,33.766,65.458,75.851,106.53,59.032
5.3378,63.918,49.462,-34.71,-13.739,60.621,-46.676,-29.883,-8.9993,6.648,69.023,40.454
1.5557,53.149,44.799,-26.899,-12.819,52.409,-54.213,-85.953,-76.591,-57.37,35.671,24.669
-1.2674,43.31,40.006,-20.19,-11.726,44.481,-59.977,-133.2,-135.26,-113.89,7.47,11.741
-3.331,34.745,35.329,-14.66,-10.563,37.223,-64.288,-171.55,-184.03,-161.39,-15.368,1.4131
-4.8715,27.563,31.014,-10.206,-9.4363,30.908,-67.478,-201.92,-223.24,-199.7,-33.382,-6.7518
-6.0783,21.656,27.213,-6.6249,-8.4477,25.603,-69.839,-225.7,-254.19,-229.81,-47.536,-13.246
-7.0518,16.797,23.941,-3.7034,-7.6588,21.208,-71.606,-244.34,-278.53,-253.25,-58.868,-18.526
-7.8108,12.733,21.104,-1.27,-7.0412,17.527,-72.961,-259.06,-297.8,-271.52,-68.257,-22.963
-8.3441,9.2431,18.567,0.80213,-6.474,14.357,-74.043,-270.83,-313.24,-285.88,-76.324,-26.822
-8.673,6.1559,16.226,2.6132,-5.8216,11.54,-74.95,-280.35,-325.75,-297.3,-83.434,-30.259
-8.8886,3.3501,14.042,4.2569,-5.0336,8.9835,-75.746,-288.11,-335.99,-306.45,-89.765,-33.344
-9.1415,0.74431,12.043,5.8264,-4.1973,6.6552,-76.472,-294.46,-344.4,-313.85,-95.375,-36.103
-9.5886,-1.7082,10.296,7.4001,-3.5085,4.56,-77.148,-299.69,-351.33,-319.87,-100.29,-38.56
-10.325,-4.0228,8.8613,9.0195,-3.1721,2.7141,-77.784,-304.01,-357.05,-324.83,-104.52,-40.762
-11.344,-6.1887,7.7569,10.675,-3.2806,1.1245,-78.392,-307.61,-361.81,-328.97,-108.12,-42.784
-12.549,-8.1801,6.9402,12.314,-3.7604,-0.22305,-78.983,-310.64,-365.8,-332.49,-111.16,-44.713
-13.793,-9.971,6.3251,13.864,-4.4226,-1.3624,-79.567,-313.22,-369.19,-335.53,-113.72,-46.61
-14.942,-11.547,5.8199,15.261,-5.0649,-2.337,-80.139,-315.44,-372.12,-338.18,-115.94,-48.486
-15.916,-12.902,5.3641,16.467,-5.553,-3.1797,-80.679,-317.33,-374.67,-340.5,-117.96,-50.29
-16.718,-14.031,4.9547,17.476,-5.855,-3.8966,-81.156,-318.91,-376.89,-342.5,-119.93,-51.914
-17.42,-14.913,4.6465,18.294,-6.034,-4.4603,-81.541,-320.19,-378.79,-344.17,-121.95,-53.225
-18.112,-15.526,4.5235,18.935,-6.2019,-4.8233,-81.813,-321.15,-380.38,-345.54,-124.06,-54.111
-18.85,-15.853,4.6456,19.407,-6.4525,-4.9484,-81.973,-321.82,-381.67,-346.62,-126.22,-54.522
-19.617,-15.909,4.9955,19.709,-6.8101,-4.8436,-82.043,-322.25,-382.66,-347.48,-128.35,-54.499
-20.314,-15.739,5.4691,19.826,-7.2287,-4.5722,-82.065,-322.48,-383.42,-348.2,-130.33,-54.163
-20.797,-15.404,5.9195,19.738,-7.6321,-4.2306,-82.083,-322.61,-383.99,-348.88,-132.06,-53.678
-20.937,-14.967,6.2276,19.44,-7.95,-3.9094,-82.13,-322.69,-384.41,-349.6,-133.44,-53.219
-20.696,-14.492,6.351,18.972,-8.1326,-3.6628,-82.218,-322.79,-384.71,-350.4,-134.41,-52.938
-20.148,-14.039,6.3305,18.422,-8.1592,-3.4987,-82.338,-322.93,-384.92,-351.27,-135.0,-52.937
-19.452,-13.654,6.2643,17.902,-8.0561,-3.3862,-82.468,-323.09,-385.04,-352.16,-135.28,-53.249
-18.775,-13.355,6.2655,17.506,-7.8923,-3.2709,-82.583,-323.28,-385.1,-353.02,-135.37,-53.83
-18.234,-13.111,6.4181,17.262,-7.7312,-3.092,-82.665,-323.47,-385.08,-353.79,-135.38,-54.573
-17.857,-12.853,6.7489,17.124,-7.5791,-2.7997,-82.702,-323.65,-385.01,-354.42,-135.36,-55.338
-17.593,-12.493,7.2262,16.992,-7.393,-2.3679,-82.688,-323.83,-384.88,-354.89,-135.29,-55.985
-17.352,-11.955,7.7871,16.757,-7.1397,-1.797,-82.626,-324.01,-384.7,-355.22,-135.14,-56.403
-17.065,-11.207,8.3737,16.344,-6.8413,-1.106,-82.518,-324.14,-384.45,-355.41,-134.84,-56.52
-16.729,-10.255,8.9579,15.738,-6.5781,-0.32132,-82.366,-324.19,-384.11,-355.47,-134.38,-56.311
-16.407,-9.1493,9.5436,14.981,-6.4601,0.52905,-82.174,-324.1,-383.64,-355.41,-133.76,-55.801
-16.191,-7.962,10.151,14.149,-6.5868,1.4157,-81.949,-323.83,-383.02,-355.23,-132.98,-55.067
-16.145,-6.7802,10.795,13.332,-7.0097,2.304,-81.705,-323.35,-382.27,-354.94,-132.07,-54.232
-16.277,-5.6951,11.474,12.611,-7.7099,3.1513,-81.46,-322.71,-381.41,-354.56,-131.08,-53.443
-16.54,-4.7866,12.174,12.048,-8.6003,3.9151,-81.228,-321.96,-380.53,-354.16,-130.07,-52.84
-16.852,-4.0913,12.887,11.67,-9.5513,4.5792,-80.995,-321.15,-379.69,-353.77,-129.12,-52.515
-17.133,-3.5585,13.657,11.445,-10.434,5.1956,-80.702,-320.27,-378.89,-353.41,-128.27,-52.491
-17.332,-3.0237,14.609,11.277,-11.162,5.9168,-80.216,-319.17,-377.98,-353.04,-127.57,-52.723
-17.436,-2.2157,15.972,11.02,-11.726,7.0046,-79.324,-317.51,-376.63,-352.51,-126.96,-53.129
-17.475,-0.78124,18.069,10.496,-12.195,8.8297,-77.705,-314.7,-374.31,-351.57,-126.38,-53.613
-17.494,1.7168,21.304,9.5132,-12.749,11.898,-74.9,-309.88,-370.16,-349.81,-125.69,-54.075
-17.522,5.8617,26.067,7.8453,-13.801,16.907,-70.318,-301.75,-362.94,-346.54,-124.7,-54.396
-17.539,12.492,32.305,5.1856,-16.259,24.659,-63.452,-288.6,-350.89,-340.53,-123.16,-54.405
-17.446,22.631,38.241,1.0421,-20.602,35.175,-54.455,-268.7,-331.96,-329.61,-120.76,-53.859
-17.082,36.541,39.877,-5.3642,-24.039,45.365,-44.429,-241.57,-304.97,-310.18,-117.03,-52.455
-16.285,51.355,39.229,-14.881,-25.872,49.071,-34.315,-209.72,-271.6,-277.91,-111.12,-49.851
-14.927,60.614,45.347,-27.089,-28.559,47.489,-24.201,-179.31,-235.9,-231.87,-100.93,-45.563
-12.687,62.279,60.104,-38.006,-33.701,52.639,-15.16,-160.05,-203.37,-177.52,-81.612,-38.375
-8.4386,66.875,83.211,-42.101,-42.516,70.352,-10.599,-162.5,-183.51,-119.16,-48.081,-25.652
-2.1334,86.937,115.25,-42.64,-55.975,99.817,-7.0728,-180.47,-181.97,-54.147,-14.315,-12.799
-0.51646,125.25,157.54,-52.875,-74.408,141.63,37.246,-147.26,-158.62,21.56,-8.5147,-24.464
-3.065,181.13,211.26,-78.543,-97.819,197.47,117.84,61.46,-8.6252,109.48,-22.183,-41.642
-0.42206,253.68,273.78,-117.31,-125.37,266.11,177.29,340.22,294.29,210.73,-15.409,-37.05
10.79,337.93,335.5,-166.88,-152.51,340.19,216.77,542.9,598.0,332.5,32.476,-11.094
31.089,424.06,387.44,-223.78,-172.0,409.03,226.04,679.48,812.34,496.49,121.58,39.057
61.158,503.8,429.49,-283.4,-180.71,467.77,196.19,713.17,915.0,725.08,253.58,117.9
101.24,576.53,464.01,-343.2,-179.74,518.98,123.33,595.96,866.32,965.2,434.06,228.5
150.7,647.24,491.73,-404.44,-170.51,566.92,7.3848,295.27,637.59,1120.5,662.26,372.27
207.77,722.11,515.81,-470.12,-155.65,615.97,-147.45,-189.29,230.67,1186.0,918.1,546.34
268.64,806.61,545.76,-541.72,-142.7,672.8,-331.51,-818.21,-318.81,1182.9,1173.8,739.34
327.37,904.62,592.55,-618.18,-140.56,744.72,-530.31,-1519.9,-949.94,1113.8,1411.5,934.63
378.37,1015.8,660.51,-696.91,-153.19,833.89,-726.66,-2208.0,-1592.9,982.44,1616.9,1116.8
418.62,1132.3,743.74,-773.2,-177.82,933.52,-903.74,-2801.4,-2186.8,791.12,1773.2,1272.9
446.86,1238.5,826.94,-839.1,-206.75,1028.2,-1046.7,-3248.4,-2692.0,536.92,1861.4,1390.8
461.96,1313.9,890.03,-884.0,-231.03,1097.5,-1143.6,-3533.6,-3094.2,216.95,1863.3,1458.7
462.37,1338.0,914.01,-896.73,-243.16,1121.6,-1187.2,-3669.3,-3398.3,-167.61,1764.6,1466.1
446.36,1296.3,885.99,-868.78,-237.71,1086.9,-1176.7,-3684.3,-3616.9,-608.33,1559.0,1405.4
413.02,1185.2,803.03,-797.61,-212.43,990.24,-1120.5,-3614.5,-3761.4,-1085.7,1251.5,1274.4
363.58,1015.0,674.62,-688.85,-170.95,841.5,-1037.4,-3495.7,-3839.5,-1567.0,862.34,1079.5
302.02,808.75,521.73,-555.78,-123.1,662.57,-951.98,-3357.5,-3854.5,-2007.8,427.27,837.19
234.37,596.7,371.12,-416.24,-80.124,481.81,-885.78,-3215.7,-3805.5,-2359.7,-4.7999,573.46
167.06,407.92,246.55,-287.84,-50.177,325.62,-846.88,-3065.2,-3689.2,-2583.0,-381.28,319.26
105.39,261.85,161.46,-183.19,-36.635,210.49,-826.82,-2890.8,-3506.3,-2659.3,-660.23,102.45
52.879,164.04,116.49,-107.24,-37.658,139.51,-809.81,-2693.5,-3267.4,-2596.3,-823.21,-60.361
11.167,108.02,102.64,-57.835,-48.081,104.93,-785.56,-2477.4,-2988.0,-2423.2,-878.32,-166.73
-19.751,81.383,107.59,-28.666,-62.846,94.341,-750.06,-2241.4,-2682.6,-2180.1,-851.96,-224.84
-40.917,71.145,119.99,-12.498,-78.161,95.56,-700.69,-1989.0,-2364.7,-1907.6,-776.07,-247.53
-53.403,65.842,129.79,-2.9353,-89.093,97.818,-636.14,-1733.3,-2049.6,-1638.9,-675.65,-247.71
-56.753,56.902,128.38,3.2763,-82.321,92.412,-561.19,-1492.7,-1753.6,-1398.9,-551.69,-234.03
-49.182,40.869,105.47,4.954,-57.837,72.412,-486.8,-1281.8,-1491.8,-1205.2,-425.2,-192.32
-38.95,12.421,61.544,13.069,-43.612,36.666,-420.33,-1106.8,-1273.1,-1061.9,-361.38,-129.55
-38.265,-17.397,31.217,27.967,-38.077,5.0201,-361.85,-966.43,-1099.3,-957.25,-340.0,-124.22
-42.949,-41.505,10.59,43.04,-34.402,-18.2,-309.07,-854.42,-964.4,-875.87,-329.61,-134.38
-47.747,-62.93,-7.9455,57.218,-28.997,-38.068,-260.72,-762.28,-858.04,-806.06,-319.15,-140.91
-51.228,-83.589,-27.387,70.161,-20.605,-57.497,-216.22,-680.92,-767.72,-740.58,-305.27,-143.51
-53.467,-104.1,-48.235,81.865,-10.208,-77.397,-175.23,-601.2,-679.98,-672.52,-287.44,-143.64
-54.793,-124.81,-69.79,92.594,0.2259,-97.996,-138.19,-517.37,-583.5,-595.34,-267.54,-142.38
-55.457,-145.68,-91.032,102.48,9.5333,-119.15,-106.59,-440.6,-491.14,-519.48,-248.68,-140.47
-55.603,-165.94,-111.18,111.39,17.716,-140.15,-83.701,-389.54,-431.71,-463.88,-233.07,-138.38
-55.317,-184.27,-129.59,119.04,25.195,-159.64,-72.659,-361.69,-401.93,-429.7,-221.4,-136.4
-54.677,-199.5,-145.28,125.28,32.038,-175.99,-69.132,-345.8,-385.99,-409.08,-213.28,-134.61
-53.777,-211.24,-157.34,130.15,37.769,-188.26,-67.174,-335.1,-375.36,-395.84,-207.83,-133.04
-52.729,-219.82,-165.63,133.88,41.939,-196.63,-64.659,-326.66,-366.83,-386.47,-204.03,-131.62
-51.66,-225.89,-170.81,136.72,44.569,-201.96,-61.26,-319.25,-359.26,-379.11,-200.93,-130.33
-50.687,-230.1,-173.69,138.92,45.996,-205.13,-56.966,-312.29,-352.2,-372.76,-197.8,-129.12
-49.896,-232.94,-174.93,140.64,46.64,-206.83,-51.782,-305.54,-345.44,-366.91,-194.24,-128.0
-49.321,-234.73,-175.0,141.95,46.882,-207.52,-45.766,-298.88,-338.83,-361.29,-190.19,-126.94
-48.942,-235.69,-174.31,142.86,47.001,-207.51,-39.083,-292.23,-332.18,-355.71,-185.82,-125.92
-48.715,-235.97,-173.13,143.36,47.133,-207.0,-31.979,-285.48,-325.25,-350.01,-181.4,-124.87
-48.604,-235.67,-171.67,143.46,47.263,-206.12,-24.701,-278.41,-317.69,-343.96,-177.15,-123.71
-48.605,-234.86,-170.02,143.18,47.266,-204.96,-17.416,-270.69,-309.08,-337.23,-173.15,-122.36
-48.739,-233.65,-168.24,142.6,46.973,-203.59,-10.177,-261.82,-298.9,-329.47,-169.34,-120.76
-49.044,-232.12,-166.37,141.8,46.227,-202.08,-2.9415,-251.26,-286.56,-320.24,-165.59,-118.87
-49.538,-230.39,-164.43,140.85,44.946,-200.49,4.403,-238.37,-271.42,-309.03,-161.75,-116.7
-50.191,-228.52,-162.43,139.82,43.146,-198.85,12.003,-222.52,-252.75,-295.19,-157.67,-114.24
-50.917,-226.56,-160.31,138.73,40.942,-197.14,20.002,-203.06,-229.65,-277.88,-153.19,-111.51
-51.597,-224.42,-157.98,137.56,38.511,-195.25,28.508,-179.35,-200.97,-255.94,-148.14,-108.44
-52.106,-221.97,-155.28,136.19,36.058,-193.03,37.558,-150.74,-165.08,-227.96,-142.36,-104.98
-52.349,-218.98,-152.1,134.52,33.772,-190.27,47.126,-116.59,-119.67,-192.45,-135.74,-101.04
-52.279,-215.16,-148.31,132.4,31.779,-186.77,57.114,-76.22,-61.747,-148.32,-128.2,-96.549
-51.895,-210.25,-143.8,129.69,30.106,-182.31,67.367,-29.028,11.706,-95.54,-119.69,-91.476
-51.206,-203.89,-138.41,126.21,28.656,-176.6,77.674,25.451,102.24,-35.243,-110.11,-85.833
-50.179,-195.67,-131.89,121.73,27.258,-169.28,87.783,87.296,208.28,30.963,-99.164,-79.654
-48.721,-185.06,-123.91,115.89,25.774,-159.88,97.416,156.08,324.91,102.14,-86.216,-72.974
-46.685,-171.57,-114.18,108.31,24.213,-147.95,106.32,230.72,445.8,178.44,-70.142,-65.782
-43.917,-155.0,-102.67,98.757,22.739,-133.32,114.3,309.57,566.08,260.64,-49.253,-57.987
-40.342,-135.82,-89.839,87.383,21.544,-116.44,121.31,390.87,683.38,349.48,-21.523,-49.378
-36.046,-115.24,-76.567,74.843,20.722,-98.467,127.39,473.17,797.15,445.27,14.652,-39.598
-31.263,-94.934,-63.837,62.135,20.252,-80.935,132.63,555.53,907.24,547.55,59.345,-28.138
-26.194,-76.3,-52.341,50.143,20.061,-65.068,137.18,637.47,1013.2,654.82,110.75,-14.379
-20.826,-59.906,-42.301,39.266,20.096,-51.319,141.17,718.58,1113.9,764.52,166.22,2.2919
-14.905,-45.532,-33.554,29.389,20.335,-39.449,144.71,798.37,1208.1,873.4,223.52,22.303
-8.0509,-32.55,-25.758,20.106,20.75,-28.905,147.88,876.06,1294.3,978.25,281.07,45.715
0.055568,-20.306,-18.591,10.97,21.283,-19.161,150.72,950.58,1370.9,1076.6,337.6,72.117
9.5269,-8.3219,-11.858,1.6336,21.833,-9.8715,153.23,1020.7,1436.8,1166.7,391.94,100.64
20.216,3.6855,-5.5091,-8.1218,22.302,-0.87399,155.38,1085.3,1491.4,1247.6,442.94,130.07
31.806,15.88,0.40372,-18.431,22.653,7.8966,157.15,1143.5,1535.2,1318.6,489.52,159.09
43.973,28.402,5.8151,-29.413,22.958,16.503,158.49,1194.8,1569.3,1379.7,530.67,186.43
56.452,41.423,10.71,-41.201,23.383,25.06,159.42,1239.4,1595.3,1430.7,565.73,211.09
68.907,55.106,15.133,-53.881,24.099,33.716,159.95,1277.6,1614.9,1472.0,594.57,232.4
80.753,69.48,19.162,-67.325,25.182,42.58,160.13,1309.8,1629.4,1504.2,617.62,250.08
91.254,84.297,22.881,-81.034,26.555,51.643,160.06,1336.5,1640.0,1528.0,635.65,264.22
99.9,99.001,26.367,-94.202,27.999,60.745,159.79,1358.3,1647.3,1544.4,649.45,275.19
106.66,112.88,29.692,-106.02,29.255,69.605,159.39,1375.4,1651.9,1554.4,659.59,283.47
111.85,125.32,32.916,-116.05,30.157,77.9,158.89,1387.9,1653.9,1558.7,666.4,289.56
115.92,135.98,36.068,-124.22,30.686,85.365,158.29,1395.8,1653.2,1557.5,670.08,293.9
119.22,144.8,39.131,-130.69,30.911,91.847,157.57,1398.6,1649.2,1550.9,670.79,296.79
122.0,151.84,42.041,-135.62,30.891,97.295,156.7,1395.6,1641.2,1538.3,668.79,298.45
124.39,157.23,44.716,-139.17,30.648,101.72,155.65,1385.7,1627.8,1519.2,664.38,299.02
126.4,161.09,47.08,-141.53,30.183,105.15,154.35,1368.1,1607.6,1492.7,657.8,298.53
127.9,163.58,49.096,-142.87,29.486,107.65,152.77,1341.6,1578.9,1458.3,649.16,297.01
128.71,164.89,50.771,-143.33,28.492,109.31,150.81,1305.9,1540.1,1415.3,638.42,294.42
128.59,165.19,52.161,-143.0,27.053,110.25,148.37,1260.7,1490.1,1363.8,625.38,290.69
127.35,164.63,53.354,-141.91,24.986,110.61,145.32,1206.4,1428.6,1303.7,609.78,285.75
124.8,163.34,54.427,-140.06,22.182,110.53,141.48,1143.9,1356.3,1235.7,591.36,279.48
120.87,161.37,55.413,-137.45,18.708,110.08,136.58,1074.2,1274.6,1160.4,569.89,271.75
115.63,158.71,56.285,-134.04,14.811,109.25,130.33,998.45,1185.5,1078.9,545.22,262.4
109.28,155.27,56.985,-129.79,10.823,107.99,122.42,918.07,1091.1,992.53,517.36,251.28
102.16,150.95,57.459,-124.66,7.021,106.2,112.61,834.43,993.17,903.08,486.47,238.31
94.547,145.61,57.67,-118.6,3.5361,103.78,100.84,748.95,893.49,812.3,452.84,223.48
86.587,139.09,57.597,-111.49,0.38233,100.65,87.295,662.95,793.41,721.86,416.82,206.87
78.174,131.27,57.224,-103.21,-2.454,96.713,72.365,577.47,694.01,632.98,378.78,188.64
68.997,122.09,56.534,-93.652,-4.9396,91.952,56.483,493.19,596.17,546.36,339.12,168.94
58.71,111.58,55.492,-82.841,-7.002,86.373,40.037,410.41,500.59,462.25,298.32,147.98
47.241,100.0,54.055,-71.11,-8.6023,80.056,23.393,329.16,407.72,380.66,256.89,126.18
35.21,87.845,52.185,-59.123,-9.7832,73.168,6.9897,249.42,317.79,301.48,215.4,104.21
23.977,75.769,49.881,-47.734,-10.65,65.972,-8.594,171.49,230.78,224.58,174.51,83.017
14.784,64.421,47.199,-37.654,-11.313,58.783,-22.729,96.374,146.74,149.91,135.0,63.48
7.9021,54.237,44.251,-29.201,-11.845,51.897,-34.928,25.888,66.189,77.748,97.774,46.197
2.8386,45.358,41.179,-22.284,-12.266,45.521,-45.001,-37.837,-9.481,9.0815,63.668,31.36
-1.042,37.678,38.121,-16.587,-12.567,39.742,-53.059,-93.153,-78.216,-54.424,33.329,18.854
-4.2031,30.972,35.172,-11.765,-12.733,34.538,-59.395,-139.46,-138.11,-110.93,7.0939,8.4082
-6.8914,24.998,32.358,-7.5464,-12.751,29.82,-64.349,-177.19,-188.21,-159.1,-15.051,-0.29643
-9.1954,19.566,29.644,-3.7698,-12.605,25.474,-68.221,-207.41,-228.78,-198.66,-33.419,-7.5691
-11.126,14.569,26.976,-0.36327,-12.286,21.414,-71.232,-231.4,-260.94,-230.23,-48.515,-13.676
-12.68,9.9917,24.326,2.6837,-11.796,17.617,-73.541,-250.35,-286.14,-254.98,-60.905,-18.821
-13.878,5.8828,21.728,5.3516,-11.162,14.131,-75.262,-265.31,-305.8,-274.2,-71.126,-23.151
-14.769,2.3132,19.269,7.6185,-10.44,11.039,-76.499,-277.1,-321.14,-289.06,-79.64,-26.768
-15.423,-0.67685,17.044,9.4802,-9.7004,8.406,-77.361,-286.41,-333.16,-300.59,-86.826,-29.763
-15.91,-3.1045,15.102,10.957,-9.0011,6.2376,-77.967,-293.79,-342.66,-309.58,-92.968,-32.235
-16.275,-5.0385,13.43,12.088,-8.371,4.4772,-78.434,-299.7,-350.25,-316.69,-98.263,-34.306
-16.525,-6.5747,11.969,12.925,-7.8087,3.0346,-78.855,-304.48,-356.42,-322.41,-102.82,-36.104
-16.642,-7.81,10.66,13.525,-7.2957,1.8212,-79.292,-308.4,-361.49,-327.11,-106.67,-37.746
-16.609,-8.8278,9.474,13.952,-6.8106,0.77406,-79.769,-311.66,-365.72,-331.03,-109.85,-39.319
-16.438,-9.6947,8.4123,14.276,-6.3417,-0.14143,-80.287,-314.4,-369.26,-334.34,-112.42,-40.87
-16.17,-10.465,7.4937,14.564,-5.8953,-0.94318,-80.83,-316.75,-372.25,-337.12,-114.51,-42.416
-15.874,-11.187,6.7278,14.873,-5.4911,-1.6482,-81.38,-318.78,-374.81,-339.46,-116.34,-43.961
-15.622,-11.898,6.0987,15.235,-5.1463,-2.2823,-81.92,-320.54,-377.01,-341.43,-118.12,-45.5
-15.463,-12.612,5.5656,15.651,-4.8625,-2.8725,-82.432,-322.07,-378.93,-343.09,-119.99,-47.017
-15.418,-13.317,5.0862,16.09,-4.6293,-3.435,-82.899,-323.37,-380.61,-344.51,-122.0,-48.476
-15.486,-13.972,4.6393,16.501,-4.4387,-3.9628,-83.303,-324.44,-382.06,-345.73,-124.07,-49.826
-15.652,-14.51,4.2369,16.83,-4.2938,-4.4225,-83.632,-325.28,-383.28,-346.79,-126.09,-51.014
-15.88,-14.861,3.9162,17.032,-4.2072,-4.7641,-83.881,-325.92,-384.28,-347.73,-127.93,-52.005
-16.122,-14.978,3.7195,17.084,-4.192,-4.9455,-84.058,-326.39,-385.06,-348.59,-129.5,-52.798
-16.328,-14.865,3.6698,16.999,-4.2489,-4.9552,-84.18,-326.74,-385.65,-349.41,-130.76,-53.424
-16.455,-14.584,3.7523,16.829,-4.3587,-4.8256,-84.266,-327.01,-386.06,-350.21,-131.73,-53.933
-16.488,-14.242,3.92,16.646,-4.4887,-4.625,-84.334,-327.23,-386.33,-351.01,-132.45,-54.376
-16.45,-13.952,4.1179,16.529,-4.6122,-4.4299,-84.391,-327.42,-386.48,-351.81,-132.96,-54.785
-16.39,-13.794,4.3088,16.534,-4.7246,-4.2945,-84.435,-327.58,-386.52,-352.57,-133.3,-55.167
-16.367,-13.789,4.4871,16.676,-4.8449,-4.2318,-84.45,-327.7,-386.45,-353.28,-133.47,-55.508
-16.423,-13.889,4.6753,16.918,-5.0044,-4.2097,-84.42,-327.77,-386.28,-353.9,-133.49,-55.774
-16.563,-13.997,4.9093,17.179,-5.2325,-4.1654,-84.331,-327.8,-386.0,-354.38,-133.33,-55.921
-16.756,-13.995,5.2191,17.355,-5.5469,-4.0298,-84.183,-327.8,-385.63,-354.71,-133.02,-55.906
-16.95,-13.791,5.6176,17.36,-5.95,-3.7527,-83.986,-327.79,-385.18,-354.88,-132.6,-55.708
-17.1,-13.348,6.1043,17.16,-6.4312,-3.3171,-83.759,-327.77,-384.69,-354.9,-132.11,-55.332
-17.192,-12.694,6.6753,16.781,-6.9704,-2.7388,-83.514,-327.72,-384.15,-354.81,-131.6,-54.805
-17.241,-11.904,7.3295,16.302,-7.5413,-2.0542,-83.252,-327.61,-383.55,-354.63,-131.08,-54.161
-17.274,-11.068,8.0645,15.811,-8.1081,-1.3063,-82.96,-327.39,-382.88,-354.39,-130.51,-53.428
-17.309,-10.249,8.8669,15.366,-8.6199,-0.53192,-82.623,-327.03,-382.11,-354.1,-129.83,-52.623
-17.338,-9.4669,9.7073,14.974,-9.0161,0.24435,-82.235,-326.54,-381.22,-353.79,-129.0,-51.761
-17.336,-8.7054,10.546,14.598,-9.2522,1.0117,-81.799,-325.94,-380.25,-353.46,-128.0,-50.865
-17.284,-7.9331,11.353,14.195,-9.3352,1.771,-81.322,-325.25,-379.22,-353.11,-126.89,-49.979
-17.199,-7.1257,12.131,13.744,-9.3349,2.5378,-80.78,-324.47,-378.16,-352.73,-125.77,-49.165
-17.134,-6.2558,12.939,13.251,-9.3569,3.3569,-80.095,-323.5,-377.03,-352.32,-124.77,-48.49
-17.144,-5.2534,13.904,12.705,-9.5002,4.3306,-79.098,-322.1,-375.63,-351.79,-124.0,-48.012
-17.242,-3.9567,15.242,12.044,-9.8364,5.6556,-77.503,-319.85,-373.58,-351.01,-123.45,-47.751
-17.378,-2.0775,17.276,11.129,-10.426,7.6646,-74.872,-316.09,-370.23,-349.71,-123.04,-47.68
-17.455,0.82034,20.444,9.7545,-11.406,10.878,-70.613,-309.8,-364.62,-347.46,-122.59,-47.714
-17.359,5.365,25.174,7.6643,-13.206,16.046,-64.114,-299.53,-355.33,-343.52,-121.84,-47.713
-16.988,12.442,31.279,4.5195,-16.659,23.944,-55.259,-283.49,-340.48,-336.58,-120.5,-47.477
-16.282,23.012,36.656,-0.21391,-21.184,34.241,-44.963,-260.31,-318.24,-324.31,-118.21,-46.739
-15.231,36.953,38.361,-7.3582,-23.995,43.502,-34.43,-230.72,-288.44,-302.96,-114.38,-45.153
-13.831,51.061,39.78,-17.609,-25.825,47.263,-23.813,-198.84,-253.86,-268.51,-107.69,-42.233
-11.854,60.162,47.078,-29.872,-29.171,48.189,-13.189,-172.47,-219.09,-220.81,-94.937,-36.992
-8.2129,63.725,61.383,-39.728,-35.912,54.496,-4.9621,-162.53,-191.32,-165.46,-69.918,-26.946
-1.6148,69.626,82.212,-43.1,-47.077,70.35,-2.1665,-175.14,-180.85,-105.9,-33.124,-11.051
1.8522,88.46,109.77,-44.97,-62.004,96.412,11.382,-179.68,-181.25,-39.333,-11.33,-11.064
-1.9236,125.38,145.73,-58.334,-79.438,134.16,77.307,-61.328,-121.25,37.778,-20.512,-35.14
-1.2764,180.97,192.47,-87.773,-99.262,186.09,146.79,222.73,98.393,126.37,-27.764,-41.337
8.6674,253.93,249.38,-130.41,-121.08,251.82,197.8,459.44,427.27,226.72,2.564,-23.87
27.446,338.1,308.86,-183.04,-141.34,324.29,225.88,629.36,699.4,344.43,74.137,16.465
55.578,423.53,360.69,-241.19,-154.02,393.2,219.9,716.0,870.92,499.94,184.0,83.702
93.646,503.85,401.17,-301.22,-155.63,453.38,172.6,671.35,914.2,720.56,333.99,180.62
141.56,580.19,432.02,-363.04,-146.69,506.61,81.462,455.83,790.69,962.3,527.82,308.41
197.91,658.1,455.71,-429.28,-129.18,557.38,-51.664,54.603,483.59,1121.9,761.31,466.45
259.23,743.0,479.08,-501.86,-107.7,611.57,-219.67,-511.87,9.9425,1190.1,1015.0,648.74
320.01,838.63,514.77,-579.66,-91.86,677.01,-410.36,-1188.1,-581.66,1188.9,1265.9,842.3
374.44,946.9,571.29,-660.2,-89.725,759.25,-608.21,-1895.2,-1224.2,1121.4,1496.6,1031.6
418.68,1064.3,647.22,-740.06,-102.15,855.98,-796.53,-2548.4,-1850.2,991.94,1690.4,1202.2
450.75,1179.0,731.77,-812.77,-124.87,955.83,-959.79,-3079.5,-2407.7,802.94,1828.5,1340.9
469.26,1272.4,807.83,-868.42,-152.01,1040.8,-1084.4,-3454.6,-2868.8,550.69,1891.3,1435.2
472.62,1323.2,856.4,-895.51,-177.13,1090.6,-1160.0,-3672.2,-3228.4,230.52,1861.5,1473.9
459.17,1313.5,861.22,-883.93,-191.93,1088.0,-1181.5,-3753.4,-3495.8,-158.12,1727.0,1447.5
427.86,1233.5,813.22,-828.31,-188.41,1024.0,-1151.5,-3730.9,-3683.2,-606.78,1484.9,1350.8
379.36,1086.9,714.54,-730.82,-165.14,901.29,-1082.7,-3640.9,-3800.6,-1093.7,1145.3,1185.6
317.03,891.14,579.83,-602.08,-129.94,735.96,-996.99,-3516.5,-3854.0,-1582.5,734.3,963.81
246.94,674.82,432.4,-459.43,-93.807,553.72,-918.52,-3380.9,-3845.2,-2026.2,293.16,707.45
176.44,470.07,297.1,-322.54,-64.648,383.2,-863.91,-3242.1,-3772.6,-2375.7,-126.74,446.18
111.85,303.27,193.67,-207.61,-47.28,247.7,-834.46,-3091.2,-3634.1,-2592.3,-475.75,209.82
56.912,187.11,131.34,-122.65,-44.246,158.29,-817.61,-2919.6,-3433.8,-2659.4,-719.92,19.93
12.899,118.7,106.66,-66.684,-54.089,111.75,-798.85,-2727.7,-3184.0,-2586.6,-849.85,-114.93
-20.442,85.279,107.23,-33.219,-70.668,95.416,-770.68,-2514.4,-2898.7,-2404.2,-879.25,-197.81
-43.928,72.221,118.86,-14.596,-87.089,94.844,-729.99,-2277.2,-2591.0,-2152.9,-835.72,-238.67
-58.431,66.927,129.93,-4.1104,-98.557,97.827,-674.65,-2020.2,-2274.1,-1873.6,-750.0,-249.97
-63.55,60.041,131.95,2.2433,-100.73,95.223,-605.85,-1758.1,-1963.7,-1599.7,-643.17,-243.37
-54.706,48.868,118.38,1.5339,-91.462,81.051,-531.68,-1510.2,-1676.3,-1356.8,-510.73,-221.58
-38.532,27.695,84.113,4.5246,-77.158,52.301,-461.82,-1292.2,-1425.8,-1165.1,-397.11,-158.51
-35.31,-1.1816,50.404,17.789,-63.829,20.769,-399.67,-1111.2,-1219.4,-1027.2,-351.15,-121.65
-39.558,-25.789,25.729,32.156,-50.938,-4.3318,-343.84,-966.1,-1056.7,-928.19,-335.8,-129.14
-44.174,-47.453,4.8247,46.246,-36.975,-25.312,-292.72,-850.6,-930.32,-850.7,-326.0,-138.15
-47.29,-68.498,-15.9,59.595,-22.014,-45.302,-245.7,-755.57,-829.04,-782.99,-314.3,-142.64
-48.962,-89.36,-37.925,71.642,-7.546,-65.558,-202.41,-671.16,-739.87,-717.57,-298.52,-143.88
-49.658,-110.04,-61.026,82.35,4.9644,-86.447,-162.76,-587.51,-648.81,-646.41,-279.12,-143.2
-49.815,-130.67,-83.877,92.044,15.108,-107.92,-127.56,-500.54,-549.14,-566.76,-258.86,-141.54
-49.762,-151.21,-105.18,101.04,23.217,-129.47,-98.561,-426.53,-464.86,-496.23,-240.79,-139.53
-49.71,-171.05,-124.32,109.45,29.803,-150.2,-79.419,-380.94,-416.77,-448.91,-226.48,-137.61
-49.762,-189.09,-141.05,117.18,35.276,-168.83,-71.658,-356.26,-392.88,-420.55,-216.0,-136.0
-49.932,-204.27,-154.86,124.07,39.644,-184.0,-69.512,-341.51,-379.22,-403.18,-208.62,-134.77
-50.191,-216.07,-164.91,129.97,42.559,-194.9,-67.949,-330.97,-369.56,-391.64,-203.35,-133.91
-50.506,-224.63,-170.89,134.87,44.08,-201.77,-65.531,-322.24,-361.63,-383.17,-199.25,-133.36
-50.848,-230.5,-173.56,138.79,44.782,-205.6,-62.139,-314.26,-354.59,-376.28,-195.66,-133.03
-51.186,-234.3,-174.17,141.8,45.142,-207.44,-57.857,-306.55,-348.04,-370.23,-192.2,-132.86
-51.495,-236.56,-173.74,143.95,45.343,-208.07,-52.777,-298.92,-341.76,-364.62,-188.72,-132.78
-51.775,-237.67,-172.82,145.34,45.385,-207.97,-47.019,-291.31,-335.53,-359.25,-185.2,-132.68
-52.057,-237.93,-171.72,146.07,45.205,-207.43,-40.755,-283.69,-329.11,-353.94,-181.67,-132.48
-52.367,-237.56,-170.55,146.25,44.753,-206.63,-34.183,-275.98,-322.22,-348.51,-178.14,-132.06
-52.689,-236.73,-169.37,145.97,44.024,-205.66,-27.48,-267.97,-314.49,-342.73,-174.61,-131.36
-52.951,-235.58,-168.17,145.34,43.074,-204.59,-20.748,-259.29,-305.49,-336.31,-171.06,-130.31
-53.061,-234.21,-166.96,144.41,42.002,-203.49,-14.007,-249.44,-294.72,-328.91,-167.45,-128.89
-52.964,-232.74,-165.69,143.29,40.923,-202.36,-7.2084,-237.82,-281.59,-320.13,-163.73,-127.09
-52.692,-231.23,-164.34,142.09,39.944,-201.23,-0.25934,-223.75,-265.39,-309.47,-159.81,-124.9
-52.363,-229.74,-162.88,140.93,39.132,-200.06,6.9762,-206.52,-245.28,-296.24,-155.61,-122.31
-52.112,-228.29,-161.28,139.91,38.501,-198.83,14.658,-185.37,-220.16,-279.52,-151.03,-119.28
-52.001,-226.8,-159.53,139.02,37.995,-197.47,22.947,-159.47,-188.57,-258.07,-146.01,-115.75
-51.967,-225.12,-157.58,138.16,37.506,-195.86,31.946,-127.98,-148.42,-230.42,-140.45,-111.63
-51.864,-222.95,-155.34,137.05,36.92,-193.82,41.654,-90.058,-96.873,-194.98,-134.24,-106.86
-51.528,-219.91,-152.65,135.35,36.171,-191.12,51.949,-44.948,-30.503,-150.64,-127.24,-101.4
-50.823,-215.51,-149.33,132.7,35.258,-187.42,62.608,7.9475,53.452,-97.361,-119.19,-95.28
-49.648,-209.25,-145.14,128.73,34.216,-182.36,73.342,68.868,155.06,-36.39,-109.67,-88.598
-47.936,-200.68,-139.89,123.13,33.09,-175.61,83.826,137.44,270.34,30.55,-98.019,-81.464
-45.654,-189.42,-133.44,115.75,31.932,-166.84,93.737,212.5,392.51,102.53,-83.19,-73.967
-42.812,-175.33,-125.71,106.57,30.815,-155.84,102.8,292.25,515.32,179.77,-63.791,-66.128
-39.465,-158.59,-116.68,95.862,29.83,-142.57,110.86,374.65,635.33,263.08,-38.285,-57.874
-35.703,-139.79,-106.38,84.116,29.06,-127.25,117.87,458.01,751.61,353.12,-5.4715,-49.005
-31.594,-120.02,-94.931,72.027,28.538,-110.53,123.93,541.27,864.12,450.04,34.95,-39.154
-27.109,-100.5,-82.674,60.263,28.24,-93.414,129.21,623.91,972.65,553.3,82.139,-27.757
-22.077,-82.228,-70.102,49.223,28.09,-76.924,133.88,705.74,1076.4,661.41,134.39,-14.083
-16.228,-65.565,-57.751,38.932,27.991,-61.699,138.08,786.53,1174.3,771.85,189.75,2.6299
-9.3083,-50.342,-46.053,29.138,27.863,-47.884,141.87,865.78,1264.8,881.42,246.5,22.948
-1.1817,-36.124,-35.283,19.498,27.68,-35.306,145.26,942.59,1346.3,986.95,303.3,46.987
8.1521,-22.469,-25.568,9.7033,27.48,-23.699,148.23,1015.7,1417.4,1085.9,358.96,74.273
18.629,-9.0206,-16.912,-0.49492,27.342,-12.819,150.76,1083.6,1477.0,1176.4,412.27,103.77
30.2,4.5318,-9.2151,-11.335,27.336,-2.4345,152.85,1145.1,1525.1,1257.3,461.91,134.05
42.8,18.528,-2.302,-23.096,27.477,7.7101,154.51,1199.1,1562.4,1328.0,506.67,163.53
56.167,33.344,4.027,-36.062,27.735,17.912,155.78,1245.6,1590.7,1388.1,545.65,190.77
69.595,49.256,9.9484,-50.334,28.058,28.442,156.69,1284.9,1611.7,1437.7,578.52,214.78
81.978,66.193,15.583,-65.541,28.394,39.426,157.25,1317.7,1627.3,1477.3,605.39,235.12
92.372,83.571,20.994,-80.766,28.679,50.733,157.52,1345.0,1638.7,1507.6,626.73,251.86
100.57,100.48,26.211,-94.969,28.827,61.996,157.51,1367.7,1647.0,1529.7,643.11,265.38
107.05,116.12,31.247,-107.53,28.738,72.759,157.27,1386.3,1652.7,1544.8,655.16,276.17
112.42,130.03,36.115,-118.32,28.319,82.656,156.83,1401.1,1656.4,1553.8,663.5,284.67
117.08,142.03,40.827,-127.33,27.474,91.493,156.25,1412.3,1657.8,1557.2,668.71,291.2
121.18,152.04,45.382,-134.47,26.105,99.198,155.54,1419.4,1656.8,1555.3,671.25,295.95
124.62,159.98,49.748,-139.73,24.142,105.76,154.72,1421.9,1652.7,1547.7,671.43,299.05
127.09,165.92,53.863,-143.25,21.644,111.16,153.79,1418.9,1644.6,1533.8,669.39,300.61
128.37,170.06,57.651,-145.3,18.871,115.44,152.7,1409.5,1631.0,1512.8,665.09,300.78
128.49,172.7,61.029,-146.21,16.151,118.65,151.39,1392.8,1610.6,1483.9,658.35,299.72
127.59,174.14,63.919,-146.24,13.633,120.9,149.77,1367.9,1581.5,1446.3,648.98,297.59
125.75,174.62,66.262,-145.59,11.226,122.31,147.74,1334.3,1542.2,1399.9,636.79,294.48
122.94,174.3,68.048,-144.33,8.7311,123.01,145.17,1291.5,1491.5,1344.4,621.71,290.39
119.1,173.24,69.319,-142.45,5.9977,123.08,141.93,1239.7,1429.2,1280.3,603.71,285.28
114.24,171.42,70.143,-139.89,2.9957,122.57,137.85,1179.2,1355.9,1208.3,582.86,279.06
108.51,168.78,70.58,-136.58,-0.15061,121.48,132.68,1111.2,1273.4,1129.5,559.18,271.6
102.16,165.22,70.656,-132.42,-3.1761,119.8,126.17,1036.6,1183.6,1045.2,532.69,262.78
95.467,160.61,70.363,-127.36,-5.7654,117.47,118.04,956.94,1088.8,956.95,503.37,252.47
88.59,154.87,69.682,-121.32,-7.6839,114.45,108.11,873.29,990.79,866.35,471.24,240.48
81.467,147.9,68.611,-114.2,-8.8618,110.69,96.347,786.84,890.97,775.02,436.46,226.61
73.755,139.62,67.166,-105.88,-9.3922,106.16,82.902,698.71,790.52,684.34,399.39,210.65
64.89,130.04,65.371,-96.317,-9.4791,100.85,68.102,610.04,690.41,595.34,360.59,192.49
54.44,119.34,63.245,-85.685,-9.3756,94.833,52.398,521.94,591.62,508.62,320.71,172.27
42.801,107.93,60.811,-74.487,-9.3229,88.258,36.326,435.36,495.07,424.49,280.29,150.51
31.534,96.417,58.093,-63.523,-9.4932,81.362,20.465,350.97,401.49,343.01,239.66,128.12
22.286,85.447,55.125,-53.616,-9.9519,74.418,5.3963,269.14,311.28,264.14,199.02,106.21
15.572,75.48,51.947,-45.245,-10.646,67.66,-8.3796,190.15,224.52,187.72,158.68,85.739
10.941,66.644,48.614,-38.397,-11.416,61.228,-20.53,114.6,141.24,113.8,119.4,67.243
7.6398,58.754,45.2,-32.691,-12.065,55.144,-30.939,43.605,61.9,42.95,82.411,50.848
4.9443,51.462,41.792,-27.613,-12.457,49.343,-39.679,-21.256,-12.275,-23.563,49.101,36.416
2.3051,44.44,38.466,-22.735,-12.56,43.736,-46.942,-78.468,-79.488,-83.918,20.432,23.746
-0.50049,37.521,35.282,-17.852,-12.424,38.281,-52.954,-127.11,-138.04,-136.46,-3.3779,12.678
-3.3388,30.734,32.275,-13.0,-12.128,33.012,-57.927,-167.14,-187.05,-180.36,-22.782,3.0911
-5.9241,24.26,29.463,-8.3668,-11.736,28.023,-62.035,-199.3,-226.79,-215.8,-38.582,-5.1418
-8.0759,18.311,26.848,-4.1547,-11.282,23.427,-65.408,-224.79,-258.35,-243.76,-51.621,-12.175
-9.7901,13.039,24.418,-0.47776,-10.781,19.304,-68.147,-244.87,-283.21,-265.52,-62.59,-18.18
-11.155,8.4897,22.157,2.6528,-10.257,15.683,-70.334,-260.69,-302.78,-282.39,-71.979,-23.313
-12.26,4.6248,20.042,5.2884,-9.7385,12.544,-72.045,-273.18,-318.29,-295.48,-80.101,-27.705
-13.155,1.3587,18.048,7.4964,-9.2396,9.8326,-73.355,-283.06,-330.67,-305.71,-87.15,-31.456
-13.869,-1.4042,16.157,9.3366,-8.7594,7.482,-74.344,-290.9,-340.63,-313.79,-93.264,-34.646
-14.441,-3.7453,14.378,10.862,-8.3105,5.44,-75.082,-297.13,-348.68,-320.25,-98.535,-37.331
-14.944,-5.7264,12.75,12.129,-7.9356,3.6791,-75.637,-302.09,-355.23,-325.49,-103.05,-39.556
-15.471,-7.4009,11.328,13.207,-7.6949,2.186,-76.069,-306.05,-360.56,-329.82,-106.92,-41.355
-16.099,-8.8311,10.145,14.169,-7.6346,0.93719,-76.437,-309.23,-364.9,-333.44,-110.26,-42.768
-16.855,-10.1,9.1887,15.088,-7.7555,-0.12026,-76.786,-311.84,-368.48,-336.51,-113.26,-43.852
-17.717,-11.303,8.3955,16.024,-8.0012,-1.0657,-77.151,-314.03,-371.46,-339.14,-116.03,-44.682
-18.629,-12.53,7.6846,17.016,-8.277,-1.9827,-77.55,-315.92,-374.0,-341.41,-118.67,-45.356
-19.519,-13.826,6.995,18.069,-8.4875,-2.9234,-77.986,-317.6,-376.21,-343.37,-121.18,-45.97
-20.319,-15.162,6.3172,19.147,-8.574,-3.8809,-78.444,-319.1,-378.16,-345.09,-123.5,-46.602
-20.99,-16.447,5.6999,20.183,-8.5335,-4.7897,-78.905,-320.45,-379.85,-346.59,-125.56,-47.285
-21.533,-17.561,5.2279,21.107,-8.4139,-5.5534,-79.344,-321.62,-381.3,-347.92,-127.3,-48.005
-21.981,-18.403,4.9793,21.864,-8.2833,-6.0852,-79.744,-322.62,-382.48,-349.12,-128.75,-48.716
-22.356,-18.903,4.986,22.407,-8.1926,-6.3342,-80.095,-323.42,-383.39,-350.2,-129.96,-49.354
-22.627,-19.021,5.2132,22.677,-8.1549,-6.2964,-80.402,-324.04,-384.04,-351.2,-131.02,-49.864
-22.71,-18.753,5.5676,22.609,-8.1534,-6.0139,-80.68,-324.48,-384.45,-352.12,-131.97,-50.215
-22.504,-18.138,5.9284,22.164,-8.1622,-5.5644,-80.948,-324.77,-384.65,-352.97,-132.79,-50.413
-21.96,-17.257,6.1902,21.362,-8.1595,-5.0402,-81.225,-324.97,-384.67,-353.74,-133.41,-50.498
-21.134,-16.226,6.3022,20.304,-8.1257,-4.5219,-81.522,-325.11,-384.54,-354.43,-133.77,-50.534
-20.175,-15.171,6.2866,19.148,-8.0449,-4.0577,-81.842,-325.25,-384.3,-355.02,-133.83,-50.586
-19.255,-14.205,6.2233,18.066,-7.9242,-3.6593,-82.177,-325.45,-383.97,-355.49,-133.6,-50.699
-18.494,-13.408,6.2028,17.195,-7.8033,-3.3152,-82.515,-325.75,-383.55,-355.86,-133.18,-50.891
-17.924,-12.812,6.2769,16.595,-7.7123,-3.0102,-82.841,-326.16,-383.06,-356.14,-132.67,-51.154
-17.495,-12.395,6.4393,16.242,-7.6168,-2.7335,-83.14,-326.67,-382.5,-356.39,-132.18,-51.455
-17.121,-12.095,6.6492,16.048,-7.4323,-2.4725,-83.392,-327.24,-381.86,-356.65,-131.72,-51.747
-16.726,-11.819,6.8759,15.905,-7.1022,-2.2026,-83.575,-327.79,-381.12,-356.91,-131.24,-51.974
-16.293,-11.481,7.1277,15.728,-6.6528,-1.8841,-83.669,-328.23,-380.24,-357.18,-130.66,-52.094
-15.867,-11.01,7.4483,15.464,-6.187,-1.4699,-83.662,-328.5,-379.18,-357.42,-129.88,-52.093
-15.52,-10.361,7.8882,15.087,-5.8376,-0.91929,-83.555,-328.56,-377.95,-357.57,-128.91,-51.991
-15.311,-9.5193,8.4709,14.591,-5.719,-0.21591,-83.361,-328.42,-376.59,-357.62,-127.79,-51.832
-15.262,-8.5071,9.1787,13.985,-5.8995,0.62319,-83.09,-328.12,-375.19,-357.57,-126.62,-51.675
-15.348,-7.3635,9.9746,13.286,-6.3938,1.5649,-82.733,-327.7,-373.81,-357.44,-125.5,-51.575
-15.508,-6.1028,10.856,12.498,-7.1697,2.6054,-82.232,-327.14,-372.44,-357.27,-124.51,-51.577
-15.654,-4.6684,11.913,11.599,-8.1642,3.8254,-81.459,-326.28,-370.9,-357.02,-123.68,-51.697
-15.71,-2.9046,13.374,10.538,-9.3129,5.4326,-80.197,-324.81,-368.83,-356.58,-122.98,-51.921
-15.649,-0.54289,15.622,9.2348,-10.589,7.795,-78.112,-322.17,-365.59,-355.71,-122.33,-52.196
-15.5,2.8311,19.169,7.5761,-12.069,11.483,-74.739,-317.47,-360.18,-354.0,-121.6,-52.423
-15.323,7.8623,24.476,5.3633,-14.122,17.291,-69.553,-309.43,-351.19,-350.77,-120.58,-52.437
-15.135,15.512,31.263,2.2188,-17.636,25.951,-62.271,-296.35,-336.71,-344.81,-119.0,-51.991
-14.861,26.785,37.15,-2.5552,-22.342,36.835,-53.307,-276.7,-314.79,-333.95,-116.48,-50.748
-14.339,41.323,38.847,-10.002,-25.05,46.006,-43.618,-250.6,-284.88,-314.52,-112.35,-48.296
-13.333,55.306,40.248,-20.836,-26.297,48.848,-33.772,-221.44,-249.38,-281.95,-105.17,-44.074
-11.393,63.168,48.303,-33.489,-28.805,49.145,-24.181,-196.15,-212.72,-234.98,-91.377,-36.913
-7.4029,65.419,64.183,-42.985,-34.367,56.773,-16.881,-184.7,-181.91,-179.57,-64.617,-24.06
-0.17216,72.366,87.705,-45.463,-44.244,75.66,-14.726,-193.49,-168.3,-120.48,-28.608,-6.4083
5.5682,94.681,119.54,-46.84,-58.895,105.68,-6.5448,-196.23,-171.99,-54.062,-13.482,-9.9302
3.0113,135.15,161.57,-60.075,-78.073,148.12,55.189,-78.123,-130.61,24.907,-27.162,-35.741
-0.076593,193.38,215.35,-88.861,-101.68,204.88,135.43,219.83,63.405,117.86,-28.024,-39.961
5.3027,267.82,277.47,-130.28,-128.47,274.04,189.28,460.57,384.18,223.3,13.386,-19.868
20.327,352.26,337.33,-181.69,-153.03,347.13,221.37,631.83,666.9,341.29,93.986,23.806
45.176,437.05,386.6,-239.39,-168.63,414.11,221.44,716.97,854.05,482.03,208.82,94.735
80.526,516.1,425.75,-299.73,-173.58,471.61,180.99,668.16,918.24,672.11,357.84,194.42
126.55,590.7,457.1,-362.0,-169.51,522.54,96.503,448.71,818.93,909.66,544.04,322.4
182.13,666.42,482.09,-428.39,-157.93,571.46,-30.766,46.082,535.5,1102.5,766.63,477.11
243.6,748.98,506.65,-500.66,-142.4,624.18,-194.35,-519.91,81.167,1202.4,1013.0,653.7
304.45,842.64,542.72,-577.62,-131.66,688.61,-382.55,-1196.8,-498.18,1225.3,1262.9,841.96
358.34,949.41,599.58,-656.87,-134.43,770.4,-579.95,-1908.7,-1136.5,1181.2,1497.1,1028.2
401.96,1065.7,676.62,-735.39,-152.26,867.18,-769.56,-2570.6,-1765.8,1076.0,1696.7,1197.9
434.27,1179.8,762.39,-807.39,-179.29,967.21,-935.56,-3112.5,-2332.6,912.26,1842.1,1337.3
454.5,1273.3,838.56,-863.69,-207.09,1052.0,-1064.1,-3498.7,-2806.5,686.38,1913.6,1433.7
461.23,1325.1,885.43,-892.99,-228.07,1100.9,-1144.4,-3726.6,-3180.1,392.15,1893.0,1475.4
452.54,1316.7,886.63,-884.84,-235.47,1096.9,-1171.1,-3817.4,-3460.7,25.83,1767.2,1452.8
426.98,1238.6,833.29,-833.35,-224.05,1030.9,-1146.4,-3804.1,-3660.1,-408.24,1532.5,1360.9
384.69,1094.1,728.25,-740.05,-193.54,906.25,-1082.1,-3722.4,-3788.4,-892.55,1198.7,1201.4
328.2,900.44,587.26,-614.76,-150.48,739.46,-998.76,-3604.6,-3851.7,-1394.3,791.35,985.59
262.5,685.69,434.91,-474.0,-104.98,556.64,-919.87,-3473.4,-3852.6,-1868.1,350.95,734.54
194.24,481.34,296.99,-336.88,-66.41,386.3,-862.89,-3337.5,-3789.9,-2263.0,-72.65,476.2
129.76,313.27,192.88,-219.71,-41.844,251.01,-831.33,-3191.7,-3661.7,-2534.0,-430.9,239.06
73.444,194.41,130.4,-131.36,-34.2,161.04,-814.25,-3029.2,-3471.7,-2655.3,-689.45,44.585
27.384,122.97,105.06,-72.169,-40.954,113.23,-796.53,-2848.8,-3231.8,-2626.8,-836.38,-97.259
-8.0658,87.312,104.73,-36.478,-56.108,95.673,-769.52,-2647.4,-2956.2,-2472.8,-881.34,-187.48
-33.504,73.072,116.16,-16.603,-73.848,94.503,-729.92,-2420.2,-2656.7,-2232.8,-848.2,-234.41
-49.473,67.407,128.0,-5.4625,-89.225,97.574,-675.75,-2167.3,-2344.9,-1950.5,-766.49,-249.76
-54.968,60.434,131.02,1.462,-94.502,95.359,-608.06,-1899.1,-2034.8,-1664.0,-659.9,-245.46
-48.526,47.547,117.44,2.513,-77.626,80.897,-534.59,-1634.8,-1742.5,-1403.8,-520.51,-227.76
-37.126,24.239,75.433,5.046,-54.719,47.613,-465.07,-1394.3,-1482.8,-1195.3,-390.65,-175.27
-32.639,-5.3489,35.825,17.392,-42.168,12.571,-403.29,-1190.0,-1265.1,-1046.4,-341.82,-128.6
-34.799,-29.136,12.826,31.224,-34.406,-11.245,-347.85,-1024.8,-1091.3,-942.39,-328.11,-132.5
-39.074,-48.934,-4.865,44.451,-26.715,-29.559,-296.91,-894.27,-956.26,-863.04,-319.4,-141.37
-43.065,-67.744,-22.968,57.017,-17.042,-47.04,-249.88,-789.34,-849.35,-794.57,-308.03,-145.92
-46.062,-86.703,-43.204,68.754,-5.3528,-65.421,-206.54,-699.64,-757.86,-728.94,-292.52,-147.1
-48.063,-106.24,-64.979,79.622,6.3906,-85.084,-166.89,-614.51,-667.87,-658.7,-274.1,-146.22
-49.248,-126.49,-86.759,89.67,16.057,-105.92,-131.62,-526.2,-569.77,-579.75,-255.63,-144.19
-49.81,-147.12,-107.31,98.921,23.185,-127.44,-102.21,-445.26,-481.41,-507.38,-239.62,-141.67
-49.953,-167.2,-126.08,107.38,28.508,-148.54,-81.506,-391.83,-427.45,-457.32,-227.03,-139.12
-49.903,-185.44,-142.51,115.06,32.849,-167.47,-71.515,-362.9,-400.26,-426.87,-217.58,-136.84
-49.89,-200.72,-155.46,121.93,36.299,-182.48,-68.135,-346.38,-385.25,-408.11,-210.45,-134.93
-50.074,-212.59,-163.99,127.93,38.592,-192.91,-66.225,-335.13,-375.12,-395.57,-204.71,-133.39
-50.498,-221.21,-168.6,132.96,40.038,-199.4,-63.74,-326.03,-367.07,-386.29,-199.6,-132.16
-51.11,-227.18,-170.74,137.0,41.157,-203.16,-60.308,-317.77,-360.04,-378.71,-194.72,-131.16
-51.834,-231.2,-171.64,140.1,42.192,-205.28,-56.01,-309.76,-353.57,-372.07,-189.98,-130.35
-52.634,-233.85,-172.01,142.44,43.128,-206.46,-51.061,-301.77,-347.39,-365.99,-185.54,-129.72
-53.515,-235.59,-172.11,144.17,43.834,-207.1,-45.742,-293.71,-341.3,-360.27,-181.62,-129.22
-54.491,-236.69,-172.0,145.44,44.169,-207.38,-40.314,-285.51,-335.05,-354.74,-178.3,-128.77
-55.555,-237.3,-171.61,146.35,44.039,-207.34,-34.916,-277.0,-328.38,-349.17,-175.48,-128.21
-56.668,-237.46,-170.82,146.96,43.423,-206.96,-29.512,-267.89,-320.89,-343.29,-172.93,-127.35
-57.764,-237.2,-169.57,147.28,42.369,-206.21,-23.934,-257.72,-312.13,-336.72,-170.34,-126.06
-58.766,-236.57,-167.84,147.35,40.985,-205.11,-17.986,-246.0,-301.54,-329.06,-167.47,-124.25
-59.604,-235.6,-165.73,147.18,39.411,-203.71,-11.541,-232.17,-288.5,-319.82,-164.19,-121.99
-60.227,-234.35,-163.4,146.81,37.791,-202.09,-4.5926,-215.73,-272.32,-308.49,-160.41,-119.38
-60.608,-232.87,-161.01,146.24,36.241,-200.33,2.7636,-196.16,-252.18,-294.41,-156.1,-116.57
-60.74,-231.13,-158.69,145.43,34.82,-198.49,10.394,-172.92,-227.1,-276.72,-151.19,-113.63
-60.625,-229.06,-156.43,144.33,33.522,-196.5,18.234,-145.38,-195.71,-254.3,-145.65,-110.55
-60.264,-226.48,-154.13,142.82,32.297,-194.25,26.309,-112.75,-156.06,-225.76,-139.43,-107.2
-59.636,-223.19,-151.59,140.76,31.099,-191.53,34.709,-74.189,-105.29,-189.63,-132.53,-103.42
-58.679,-218.93,-148.61,137.98,29.934,-188.13,43.508,-28.91,-39.884,-144.82,-124.91,-99.062
-57.281,-213.38,-145.04,134.28,28.893,-183.82,52.701,23.714,43.183,-91.308,-116.39,-94.03
-55.293,-206.2,-140.76,129.41,28.129,-178.34,62.166,83.905,144.32,-30.265,-106.57,-88.314
-52.568,-196.99,-135.7,123.08,27.789,-171.41,71.673,151.3,259.77,36.633,-94.76,-81.976
-49.02,-185.37,-129.79,115.07,27.95,-162.71,80.938,224.88,382.68,108.43,-79.852,-75.097
-44.674,-171.09,-122.9,105.3,28.572,-151.94,89.695,303.12,506.57,185.34,-60.375,-67.73
-39.677,-154.14,-114.81,93.917,29.519,-138.86,97.769,384.34,627.74,268.23,-34.631,-59.848
-34.249,-134.88,-105.24,81.363,30.612,-123.46,105.1,467.08,745.2,357.95,-1.1654,-51.306
-28.592,-114.28,-94.065,68.334,31.683,-106.23,111.7,550.18,858.93,454.84,40.509,-41.807
-22.798,-93.76,-81.608,55.635,32.611,-88.331,117.62,632.85,968.67,558.36,89.409,-30.858
-16.802,-74.711,-68.728,43.87,33.326,-71.263,122.91,714.49,1073.6,666.81,143.4,-17.764
-10.399,-57.858,-56.492,33.203,33.81,-56.109,127.57,794.51,1172.4,777.35,200.09,-1.6999
-3.3134,-43.069,-45.616,23.376,34.089,-43.082,131.62,872.21,1263.5,886.54,257.47,18.07
4.7706,-29.677,-36.19,13.912,34.221,-31.704,135.09,946.71,1345.3,991.11,313.98,41.875
14.215,-16.894,-27.867,4.287,34.283,-21.281,138.04,1017.1,1416.6,1088.6,368.45,69.325
25.345,-4.0584,-20.222,-5.9808,34.328,-11.243,140.53,1082.4,1476.2,1177.5,420.02,99.217
38.111,9.2698,-12.984,-17.254,34.356,-1.2741,142.67,1141.9,1524.4,1256.9,467.92,129.81
51.741,23.305,-6.0787,-29.674,34.3,8.7345,144.51,1195.2,1562.1,1326.4,511.37,159.34
65.028,38.078,0.46166,-43.111,34.063,18.808,146.08,1242.0,1591.0,1386.0,549.58,186.51
77.095,53.498,6.6197,-57.219,33.558,28.994,147.36,1282.6,1612.6,1435.8,582.0,210.62
87.659,69.364,12.464,-71.52,32.752,39.37,148.33,1317.2,1628.7,1476.1,608.47,231.43
96.748,85.327,18.127,-85.438,31.673,49.953,148.99,1346.5,1640.5,1507.5,629.32,249.0
104.48,100.9,23.717,-98.371,30.4,60.615,149.36,1370.8,1649.0,1530.6,645.2,263.54
110.93,115.53,29.257,-109.82,29.042,71.075,149.49,1390.4,1654.7,1546.5,656.9,275.32
116.14,128.75,34.692,-119.48,27.702,80.985,149.41,1405.7,1658.0,1556.1,665.15,284.63
120.12,140.23,39.94,-127.32,26.419,90.037,149.17,1416.7,1659.0,1560.2,670.53,291.73
122.96,149.85,44.935,-133.44,25.121,98.022,148.79,1423.3,1657.5,1559.1,673.42,296.88
124.79,157.63,49.617,-138.06,23.617,104.83,148.24,1425.2,1652.9,1552.7,674.03,300.27
125.71,163.73,53.915,-141.4,21.674,110.43,147.5,1421.8,1644.4,1540.7,672.41,302.1
125.82,168.34,57.759,-143.68,19.132,114.9,146.49,1412.3,1630.6,1522.3,668.55,302.56
125.21,171.71,61.114,-145.09,16.008,118.36,145.16,1395.8,1609.9,1496.4,662.34,301.84
123.94,174.03,63.987,-145.75,12.519,120.98,143.47,1371.3,1580.2,1462.2,653.68,300.04
122.05,175.42,66.406,-145.74,8.9913,122.88,141.37,1338.1,1539.9,1418.9,642.44,297.25
119.55,175.95,68.408,-145.06,5.7142,124.12,138.82,1295.4,1487.6,1366.3,628.52,293.46
116.4,175.59,70.026,-143.67,2.8462,124.75,135.68,1243.4,1423.1,1304.6,611.81,288.65
112.63,174.32,71.29,-141.54,0.40125,124.77,131.79,1182.4,1347.5,1234.3,592.22,282.74
108.33,172.12,72.23,-138.61,-1.7002,124.18,126.87,1113.3,1262.7,1156.7,569.63,275.62
103.51,168.96,72.853,-134.86,-3.561,122.96,120.63,1037.4,1170.8,1072.9,543.91,267.13
98.046,164.78,73.119,-130.22,-5.2559,121.07,112.77,956.16,1074.1,984.68,515.0,257.05
91.682,159.52,72.935,-124.61,-6.8145,118.43,103.15,870.85,974.38,893.62,482.93,245.13
84.191,153.14,72.189,-118.01,-8.2313,114.98,91.78,782.93,873.26,801.54,448.0,231.16
75.596,145.65,70.819,-110.45,-9.4866,110.68,78.904,693.82,771.93,710.01,410.7,215.04
66.268,137.14,68.854,-102.07,-10.557,105.58,64.901,604.8,671.43,620.21,371.64,196.85
56.755,127.74,66.399,-93.044,-11.409,99.813,50.202,516.85,572.66,532.76,331.38,176.9
47.476,117.65,63.595,-83.539,-12.005,93.539,35.204,430.59,476.34,447.87,290.26,155.66
38.575,107.07,60.578,-73.705,-12.319,86.929,20.239,346.21,382.87,365.42,248.47,133.75
30.027,96.176,57.456,-63.694,-12.361,80.11,5.6278,263.66,292.31,285.12,206.18,111.85
21.886,85.149,54.287,-53.698,-12.171,73.154,-8.2638,182.96,204.44,206.64,163.93,90.647
14.408,74.146,51.065,-43.975,-11.822,66.085,-21.02,104.76,119.23,129.87,122.88,70.745
7.9308,63.359,47.744,-34.831,-11.42,58.923,-32.269,30.748,37.532,55.31,84.645,52.602
2.6415,53.031,44.285,-26.56,-11.081,51.74,-41.804,-36.673,-38.546,-15.467,50.702,36.507
-1.5172,43.441,40.698,-19.37,-10.9,44.696,-49.648,-95.29,-106.3,-79.907,21.805,22.56
-4.7492,34.842,37.051,-13.338,-10.918,38.013,-56.001,-144.03,-163.71,-135.61,-2.1771,10.691
-7.2602,27.377,33.435,-8.4127,-11.103,31.889,-61.132,-183.19,-210.33,-181.45,-21.944,0.69508
-9.1888,21.041,29.915,-4.4548,-11.362,26.429,-65.292,-213.98,-247.14,-217.84,-38.345,-7.708
-10.618,15.706,26.524,-1.2824,-11.566,21.63,-68.664,-237.96,-275.82,-246.14,-52.103,-14.811
-11.624,11.183,23.288,1.2939,-11.574,17.425,-71.368,-256.6,-298.1,-267.99,-63.735,-20.87
-12.304,7.284,20.247,3.4496,-11.273,13.738,-73.485,-271.14,-315.49,-284.89,-73.586,-26.076
-12.779,3.8605,17.459,5.3319,-10.605,10.514,-75.095,-282.49,-329.15,-298.01,-81.908,-30.558
-13.158,0.81258,14.973,7.0474,-9.5984,7.7129,-76.292,-291.39,-339.96,-308.29,-88.93,-34.398
-13.513,-1.9146,12.799,8.6517,-8.3501,5.3009,-77.171,-298.35,-348.56,-316.41,-94.873,-37.652
-13.858,-4.339,10.914,10.147,-6.9745,3.2403,-77.818,-303.8,-355.46,-322.88,-99.947,-40.37
-14.162,-6.4541,9.2703,11.493,-5.556,1.4925,-78.288,-308.07,-361.01,-328.1,-104.34,-42.606
-14.37,-8.2502,7.8135,12.642,-4.1493,0.016789,-78.609,-311.44,-365.49,-332.36,-108.17,-44.423
-14.441,-9.7441,6.4867,13.563,-2.7956,-1.2417,-78.795,-314.11,-369.14,-335.88,-111.56,-45.9
-14.378,-10.999,5.2216,14.27,-1.5169,-2.3627,-78.864,-316.27,-372.13,-338.83,-114.59,-47.122
-14.227,-12.116,3.9423,14.82,-0.3097,-3.4411,-78.851,-318.08,-374.64,-341.32,-117.3,-48.173
-14.068,-13.201,2.5924,15.286,0.83178,-4.555,-78.808,-319.64,-376.8,-343.45,-119.79,-49.126
-13.985,-14.323,1.1713,15.739,1.8767,-5.7344,-78.795,-321.04,-378.71,-345.29,-122.09,-50.029
-14.045,-15.496,-0.24999,16.228,2.7323,-6.9452,-78.861,-322.34,-380.43,-346.88,-124.27,-50.902
-14.276,-16.686,-1.5444,16.782,3.2457,-8.1056,-79.022,-323.55,-381.98,-348.28,-126.33,-51.734
-14.66,-17.83,-2.5708,17.414,3.2519,-9.118,-79.266,-324.66,-383.37,-349.5,-128.22,-52.488
-15.138,-18.857,-3.2206,18.112,2.6777,-9.8998,-79.559,-325.65,-384.56,-350.56,-129.86,-53.106
-15.647,-19.712,-3.447,18.854,1.6251,-10.401,-79.867,-326.5,-385.54,-351.48,-131.16,-53.528
-16.16,-20.363,-3.2622,19.611,0.3391,-10.612,-80.16,-327.16,-386.29,-352.28,-132.05,-53.712
-16.702,-20.806,-2.7178,20.359,-0.91953,-10.554,-80.421,-327.63,-386.82,-352.98,-132.57,-53.641
-17.329,-21.046,-1.8868,21.067,-1.9867,-10.266,-80.639,-327.91,-387.13,-353.58,-132.82,-53.334
-18.08,-21.079,-0.85699,21.686,-2.8284,-9.7885,-80.809,-328.01,-387.26,-354.1,-132.9,-52.842
-18.937,-20.878,0.27551,22.131,-3.5149,-9.1577,-80.931,-327.98,-387.24,-354.56,-132.89,-52.237
-19.827,-20.404,1.4191,22.299,-4.1679,-8.4047,-81.015,-327.88,-387.12,-354.96,-132.77,-51.592
-20.641,-19.63,2.5041,22.107,-4.9012,-7.5563,-81.076,-327.77,-386.94,-355.32,-132.49,-50.958
-21.276,-18.569,3.4911,21.534,-5.7726,-6.6405,-81.129,-327.71,-386.7,-355.63,-131.96,-50.364
-21.677,-17.292,4.3656,20.646,-6.7602,-5.6935,-81.186,-327.71,-386.43,-355.87,-131.2,-49.824
-21.839,-15.917,5.1244,19.574,-7.7688,-4.7643,-81.248,-327.79,-386.12,-356.06,-130.26,-49.349
-21.781,-14.579,5.7731,18.472,-8.6666,-3.9046,-81.306,-327.88,-385.73,-356.22,-129.28,-48.959
-21.518,-13.384,6.3407,17.47,-9.336,-3.1429,-81.34,-327.93,-385.23,-356.36,-128.39,-48.671
-21.079,-12.375,6.8961,16.648,-9.7187,-2.4609,-81.318,-327.85,-384.59,-356.49,-127.67,-48.489
-20.528,-11.53,7.5419,16.035,-9.8273,-1.7938,-81.206,-327.59,-383.79,-356.62,-127.13,-48.4
-19.964,-10.777,8.3731,15.614,-9.7139,-1.0593,-80.983,-327.13,-382.83,-356.73,-126.68,-48.377
-19.474,-10.026,9.4219,15.324,-9.4257,-0.19831,-80.649,-326.5,-381.76,-356.8,-126.21,-48.39
-19.068,-9.1879,10.63,15.05,-9.0021,0.80186,-80.228,-325.74,-380.64,-356.81,-125.57,-48.408
-18.668,-8.1816,11.88,14.649,-8.5189,1.917,-79.728,-324.87,-379.51,-356.73,-124.68,-48.411
-18.171,-6.9452,13.066,13.991,-8.1215,3.1212,-79.105,-323.84,-378.31,-356.53,-123.52,-48.395
-17.554,-5.4303,14.168,13.011,-7.9903,4.4305,-78.231,-322.46,-376.9,-356.16,-122.18,-48.375
-16.919,-3.5823,15.31,11.733,-8.2614,5.9427,-76.872,-320.38,-374.95,-355.52,-120.83,-48.386
-16.425,-1.306,16.77,10.222,-8.9894,7.8652,-74.661,-317.01,-371.94,-354.46,-119.64,-48.466
-16.166,1.5692,18.958,8.5226,-10.184,10.531,-71.07,-311.42,-367.09,-352.7,-118.69,-48.629
-16.111,5.3259,22.334,6.5996,-11.923,14.413,-65.457,-302.26,-359.23,-349.82,-117.93,-48.831
-16.135,10.416,27.175,4.3105,-14.531,20.099,-57.388,-287.69,-346.76,-345.01,-117.15,-48.939
-16.076,17.527,32.998,1.3597,-18.361,28.048,-47.309,-265.91,-327.83,-336.83,-115.96,-48.702
-15.766,27.452,37.993,-2.8144,-22.328,37.731,-36.547,-236.7,-301.43,-322.76,-113.79,-47.747
-15.068,40.19,40.32,-9.1827,-24.785,46.546,-25.89,-203.13,-269.0,-298.99,-109.68,-45.58
-13.805,53.096,41.432,-18.674,-26.648,51.122,-15.245,-172.09,-234.29,-261.88,-101.56,-41.435
-11.053,61.092,45.2,-29.661,-30.159,51.782,-5.7674,-154.33,-202.88,-212.12,-84.428,-33.564
-5.3496,63.128,54.105,-36.321,-36.84,54.192,-0.98384,-160.59,-183.96,-155.18,-52.577,-18.893
-2.9673,68.823,69.199,-38.214,-46.344,65.326,0.97433,-177.11,-183.27,-93.323,-24.08,-6.1396
-4.6564,91.1,91.753,-47.377,-58.07,89.099,35.3,-109.65,-167.19,-23.117,-28.641,-23.754
-0.91578,133.61,124.37,-71.462,-72.744,127.24,110.94,147.14,-39.123,58.79,-39.534,-41.854
10.672,195.02,170.52,-108.7,-91.142,181.47,171.3,403.28,253.66,152.46,-15.422,-33.594
30.864,271.99,229.54,-156.72,-111.64,249.62,213.1,591.6,573.63,255.97,48.303,-2.549
60.717,356.89,291.22,-212.5,-126.37,322.66,227.94,706.55,798.89,370.35,146.93,53.865
100.51,441.3,343.61,-272.28,-126.89,391.04,205.38,701.06,910.64,509.95,279.52,138.1
149.32,521.77,383.51,-334.03,-115.68,451.47,138.98,533.8,872.84,708.67,448.21,250.46
204.85,601.17,413.0,-398.81,-97.829,506.55,27.399,184.69,655.15,952.99,654.89,390.77
263.66,684.95,435.29,-468.89,-77.651,560.98,-124.46,-336.09,257.98,1131.0,892.96,557.23
321.59,777.02,460.49,-544.56,-61.992,620.88,-305.32,-985.37,-283.33,1212.6,1144.9,742.55
374.02,879.86,503.23,-623.85,-57.747,693.95,-499.9,-1693.3,-907.67,1219.3,1390.4,933.51
417.34,993.83,568.63,-704.18,-67.411,783.59,-691.77,-2376.8,-1545.7,1159.7,1610.4,1114.9
449.52,1112.4,650.95,-780.91,-88.639,884.14,-865.45,-2960.3,-2137.6,1040.3,1785.2,1272.2
469.17,1220.9,736.46,-845.77,-115.3,981.53,-1007.2,-3398.3,-2645.3,862.26,1894.8,1392.2
474.64,1298.5,807.02,-887.38,-141.63,1056.3,-1105.4,-3678.3,-3053.8,620.06,1919.8,1462.8
464.03,1324.0,844.09,-893.92,-162.34,1088.1,-1152.4,-3814.3,-3366.6,305.83,1843.8,1473.2
436.09,1281.3,833.08,-857.13,-170.83,1061.6,-1146.4,-3835.0,-3594.4,-84.361,1658.1,1415.8
391.57,1166.8,768.25,-776.04,-164.06,971.61,-1095.4,-3775.0,-3747.8,-542.9,1365.5,1288.3
333.86,991.35,656.14,-658.55,-143.76,826.85,-1016.9,-3668.4,-3834.8,-1045.3,985.28,1096.8
268.4,779.74,514.69,-520.1,-114.6,648.76,-934.74,-3541.9,-3860.1,-1550.8,552.52,857.72
201.19,564.45,368.75,-379.83,-83.625,466.62,-869.64,-3409.4,-3824.6,-2009.2,114.69,597.05
137.36,376.33,243.67,-255.27,-57.95,309.11,-830.64,-3270.6,-3726.5,-2369.5,-277.89,345.11
80.469,235.2,157.51,-157.47,-44.103,195.19,-811.17,-3118.5,-3565.5,-2592.5,-584.15,128.18
32.552,145.13,114.42,-89.094,-45.723,128.64,-795.16,-2949.4,-3348.1,-2660.9,-782.25,-38.45
-5.5465,97.042,104.8,-46.109,-59.089,99.938,-770.61,-2760.6,-3086.7,-2583.8,-872.29,-151.74
-33.797,76.267,112.94,-21.435,-75.847,93.889,-733.09,-2547.1,-2794.8,-2392.1,-872.02,-217.49
-52.766,68.737,124.98,-7.8526,-89.833,96.462,-680.99,-2305.9,-2485.1,-2128.2,-809.15,-246.12
-63.213,63.256,131.25,0.51996,-96.42,97.052,-615.4,-2042.2,-2171.1,-1835.3,-712.61,-249.6
-64.359,53.177,125.19,5.2717,-90.097,88.543,-543.39,-1771.6,-1868.4,-1549.0,-594.79,-238.46
-53.735,35.005,96.035,6.8868,-74.327,64.312,-474.48,-1515.0,-1592.3,-1299.3,-452.46,-209.09
-44.01,5.5982,56.545,17.368,-60.995,29.807,-413.05,-1289.5,-1355.0,-1111.1,-366.13,-147.11
-45.005,-20.609,30.989,31.853,-51.765,2.92,-357.97,-1103.3,-1161.9,-982.62,-339.61,-133.17
-48.999,-42.132,12.073,46.394,-42.937,-17.288,-307.15,-955.16,-1010.6,-891.92,-329.16,-141.59
-52.114,-62.944,-6.2513,60.466,-32.096,-36.182,-259.87,-837.9,-892.7,-819.5,-319.17,-147.58
-54.034,-84.522,-26.423,73.541,-19.229,-56.272,-216.14,-741.28,-795.87,-753.89,-305.71,-150.11
-55.158,-106.78,-48.468,85.461,-6.1699,-77.748,-175.94,-654.46,-706.54,-687.26,-288.29,-150.45
-55.815,-129.19,-71.22,96.315,5.1985,-100.01,-139.7,-566.99,-611.04,-612.0,-268.89,-149.54
-56.188,-151.04,-93.287,106.15,14.313,-122.28,-108.56,-479.02,-513.03,-534.42,-250.65,-147.96
-56.365,-171.41,-113.68,114.89,21.616,-143.6,-85.099,-411.81,-442.72,-474.64,-235.71,-146.11
-56.393,-189.38,-131.82,122.45,27.841,-162.78,-72.89,-373.62,-405.89,-437.21,-224.65,-144.25
-56.3,-204.3,-147.15,128.79,33.53,-178.74,-69.363,-352.81,-386.79,-414.7,-216.98,-142.5
-56.112,-216.02,-159.11,133.96,38.592,-190.91,-68.082,-339.58,-374.9,-400.4,-211.79,-140.88
-55.859,-224.78,-167.5,138.06,42.459,-199.43,-66.104,-329.46,-366.03,-390.42,-208.09,-139.4
-55.587,-231.01,-172.79,141.24,44.895,-204.96,-62.989,-320.57,-358.64,-382.72,-205.07,-138.02
-55.348,-235.22,-175.77,143.61,46.128,-208.26,-58.916,-312.15,-352.07,-376.24,-202.18,-136.76
-55.177,-237.83,-177.18,145.29,46.516,-209.98,-54.123,-303.86,-345.95,-370.44,-199.1,-135.65
-55.063,-239.2,-177.53,146.37,46.379,-210.59,-48.831,-295.6,-339.96,-365.03,-195.75,-134.68
-54.952,-239.67,-177.13,146.95,45.988,-210.43,-43.221,-287.34,-333.78,-359.83,-192.17,-133.82
-54.777,-239.49,-176.17,147.13,45.572,-209.74,-37.417,-279.03,-327.11,-354.65,-188.43,-133.0
-54.504,-238.9,-174.77,147.05,45.311,-208.69,-31.475,-270.52,-319.6,-349.27,-184.59,-132.12
-54.151,-238.07,-173.08,146.78,45.3,-207.42,-25.387,-261.47,-310.83,-343.41,-180.64,-131.09
-53.762,-237.09,-171.2,146.4,45.524,-206.04,-19.102,-251.42,-300.34,-336.74,-176.55,-129.82
-53.372,-235.99,-169.26,145.9,45.844,-204.61,-12.531,-239.73,-287.52,-328.9,-172.24,-128.22
-52.986,-234.71,-167.29,145.21,46.032,-203.13,-5.5408,-225.66,-271.65,-319.39,-167.64,-126.22
-52.602,-233.13,-165.25,144.25,45.845,-201.53,2.0336,-208.39,-251.82,-307.59,-162.69,-123.68
-52.216,-231.09,-163.06,142.9,45.101,-199.68,10.347,-187.02,-226.87,-292.63,-157.33,-120.5
-51.818,-228.41,-160.58,141.02,43.736,-197.46,19.451,-160.63,-195.27,-273.37,-151.51,-116.6
-51.371,-224.96,-157.74,138.54,41.814,-194.76,29.248,-128.34,-154.91,-248.36,-145.16,-111.96
-50.802,-220.64,-154.54,135.37,39.513,-191.53,39.486,-89.411,-102.89,-216.06,-138.27,-106.65
-49.996,-215.38,-151.04,131.48,37.088,-187.74,49.855,-43.317,-35.749,-175.2,-130.79,-100.8
-48.81,-209.05,-147.36,126.75,34.827,-183.35,60.096,10.274,49.322,-125.42,-122.65,-94.542
-47.124,-201.4,-143.53,121.06,32.984,-178.19,70.048,71.467,152.38,-67.525,-113.64,-87.977
-44.907,-192.02,-139.42,114.25,31.706,-171.92,79.627,140.03,269.36,-3.0775,-103.29,-81.128
-42.247,-180.51,-134.7,106.24,31.002,-164.02,88.754,215.2,393.27,66.744,-90.713,-73.943
-39.292,-166.65,-128.76,97.185,30.762,-153.9,97.305,295.55,517.71,141.81,-74.458,-66.313
-36.14,-150.6,-120.95,87.399,30.811,-141.19,105.12,379.18,639.2,222.8,-52.584,-58.075
-32.764,-133.01,-110.83,77.285,30.985,-126.06,112.06,464.22,756.93,310.54,-23.152,-48.996
-29.023,-114.85,-98.551,67.167,31.185,-109.38,118.08,549.31,870.9,405.48,14.774,-38.737
-24.73,-97.048,-85.088,57.207,31.414,-92.471,123.22,633.64,980.77,507.35,60.476,-26.841
-19.74,-80.196,-71.777,47.43,31.743,-76.449,127.61,716.8,1085.6,614.92,112.06,-12.753
-13.984,-64.462,-59.615,37.803,32.238,-61.865,131.4,798.51,1184.1,725.92,167.39,4.0727
-7.4154,-49.766,-48.903,28.283,32.897,-48.731,134.72,878.33,1274.8,837.3,224.59,24.051
0.10907,-35.924,-39.432,18.814,33.645,-36.802,137.69,955.5,1356.1,945.73,282.08,47.333
8.9224,-22.726,-30.864,9.2554,34.362,-25.82,140.36,1028.9,1426.7,1048.3,338.51,73.709
19.459,-9.9193,-22.988,-0.65513,34.928,-15.607,142.76,1097.0,1485.6,1142.9,392.69,102.51
31.858,2.8216,-15.757,-11.283,35.257,-6.0134,144.86,1158.5,1532.8,1228.0,443.37,132.54
45.461,15.889,-9.1879,-22.969,35.314,3.1635,146.61,1212.6,1569.3,1302.6,489.36,162.2
58.982,29.65,-3.2414,-35.845,35.12,12.211,147.98,1259.0,1596.6,1366.5,529.79,189.82
71.424,44.311,2.2146,-49.72,34.76,21.439,148.94,1298.1,1616.9,1419.7,564.33,214.14
82.539,59.828,7.3748,-64.157,34.378,31.078,149.52,1330.9,1631.8,1462.9,593.25,234.66
92.41,75.925,12.432,-78.643,34.125,41.21,149.8,1358.2,1642.8,1496.8,617.06,251.48
101.06,92.154,17.524,-92.641,34.112,51.747,149.84,1381.1,1651.0,1522.6,636.27,265.07
108.49,107.94,22.706,-105.55,34.337,62.451,149.72,1400.1,1656.8,1541.1,651.23,275.92
114.78,122.61,27.956,-116.78,34.657,72.964,149.44,1415.5,1660.8,1553.1,662.21,284.47
120.01,135.56,33.186,-125.99,34.802,82.847,149.01,1427.2,1663.0,1559.3,669.54,291.07
124.24,146.38,38.26,-133.14,34.476,91.685,148.39,1435.0,1663.1,1560.1,673.65,295.97
127.41,155.01,43.027,-138.47,33.479,99.208,147.54,1438.6,1660.7,1555.3,675.03,299.41
129.46,161.64,47.373,-142.29,31.778,105.36,146.45,1437.3,1654.9,1544.8,674.05,301.55
130.31,166.6,51.259,-144.88,29.457,110.26,145.12,1430.3,1644.7,1527.8,670.9,302.56
129.96,170.19,54.706,-146.48,26.641,114.1,143.56,1416.9,1628.6,1503.5,665.55,302.54
128.5,172.7,57.758,-147.24,23.455,117.08,141.73,1396.1,1604.9,1471.0,657.84,301.54
126.1,174.29,60.454,-147.29,20.014,119.34,139.55,1367.3,1571.8,1429.8,647.53,299.54
122.94,175.08,62.825,-146.69,16.421,120.99,136.87,1329.8,1527.7,1379.6,634.43,296.48
119.22,175.08,64.896,-145.46,12.751,122.08,133.5,1283.3,1471.8,1320.4,618.44,292.27
115.1,174.31,66.696,-143.6,9.0361,122.64,129.16,1228.2,1404.3,1252.8,599.58,286.78
110.72,172.71,68.239,-141.08,5.3102,122.64,123.59,1165.0,1326.3,1177.6,577.93,279.91
106.12,170.26,69.509,-137.85,1.6887,122.08,116.51,1094.7,1239.6,1096.1,553.57,271.57
101.25,166.9,70.449,-133.88,-1.5876,120.91,107.72,1018.4,1146.5,1009.4,526.53,261.66
95.924,162.6,70.966,-129.09,-4.249,119.09,97.162,937.22,1049.1,919.39,496.83,250.1
89.827,157.29,70.971,-123.4,-6.1779,116.55,84.93,852.22,948.95,827.64,464.48,236.76
82.582,150.89,70.413,-116.71,-7.4738,113.26,71.319,764.52,847.54,735.82,429.59,221.49
73.962,143.36,69.298,-108.95,-8.3579,109.2,56.758,675.32,745.96,645.26,392.4,204.22
64.151,134.73,67.681,-100.18,-9.0464,104.38,41.728,585.8,645.24,556.84,353.23,184.99
53.808,125.17,65.652,-90.65,-9.6819,98.905,26.672,497.08,546.33,471.03,312.5,164.08
43.784,115.0,63.312,-80.756,-10.323,92.935,11.975,410.0,450.04,387.92,270.62,142.08
34.696,104.59,60.758,-70.936,-10.963,86.668,-2.024,325.11,356.91,307.39,228.07,119.87
26.748,94.274,58.064,-61.516,-11.561,80.277,-14.999,242.74,267.09,229.25,185.47,98.381
19.84,84.238,55.279,-52.654,-12.07,73.877,-26.657,163.34,180.59,153.36,143.85,78.372
13.755,74.561,52.437,-44.372,-12.463,67.525,-36.791,87.884,97.659,79.927,104.57,60.283
8.3193,65.254,49.558,-36.639,-12.739,61.243,-45.337,17.932,19.33,9.8848,69.021,44.238
3.472,56.337,46.652,-29.454,-12.91,55.043,-52.373,-44.787,-52.542,-54.978,38.135,30.173
-0.74586,47.881,43.71,-22.88,-12.996,48.958,-58.067,-98.986,-115.9,-112.59,12.14,17.972
-4.2733,40.018,40.72,-17.026,-13.018,43.057,-62.62,-144.24,-169.42,-161.48,-9.334,7.511
-7.098,32.888,37.68,-11.977,-12.993,37.439,-66.221,-181.0,-212.97,-201.3,-26.983,-1.3419
-9.2645,26.58,34.612,-7.7477,-12.924,32.203,-69.04,-210.31,-247.54,-232.77,-41.576,-8.7555
-10.848,21.098,31.554,-4.2718,-12.787,27.42,-71.235,-233.47,-274.65,-257.22,-53.809,-14.932
-11.934,16.372,28.548,-1.4303,-12.523,23.118,-72.948,-251.76,-295.89,-276.14,-64.245,-20.083
-12.612,12.297,25.633,0.90821,-12.066,19.289,-74.306,-266.27,-312.63,-290.81,-73.3,-24.402
-12.975,8.7683,22.84,2.8559,-11.373,15.902,-75.416,-277.87,-325.94,-302.29,-81.256,-28.049
-13.107,5.7011,20.193,4.4916,-10.435,12.918,-76.359,-287.2,-336.64,-311.38,-88.285,-31.143
-13.08,3.0372,17.709,5.8624,-9.2617,10.296,-77.19,-294.73,-345.31,-318.65,-94.481,-33.773
-12.944,0.73769,15.399,6.9962,-7.873,7.9981,-77.944,-300.82,-352.38,-324.55,-99.895,-36.008
-12.74,-1.2321,13.268,7.9187,-6.3153,5.9867,-78.631,-305.74,-358.19,-329.39,-104.55,-37.916
-12.505,-2.9201,11.318,8.6696,-4.6755,4.2214,-79.25,-309.72,-362.97,-333.41,-108.45,-39.566
-12.278,-4.3985,9.5468,9.3128,-3.0784,2.6542,-79.786,-312.94,-366.91,-336.78,-111.63,-41.032
-12.102,-5.7565,7.9508,9.9285,-1.6494,1.2346,-80.223,-315.59,-370.17,-339.62,-114.15,-42.383
-12.011,-7.0748,6.5246,10.59,-0.47021,-0.080968,-80.545,-317.8,-372.88,-342.01,-116.13,-43.679
-12.022,-8.393,5.2548,11.335,0.44043,-1.3156,-80.753,-319.68,-375.12,-344.01,-117.73,-44.947
-12.129,-9.7055,4.121,12.153,1.1107,-2.4745,-80.863,-321.3,-376.98,-345.68,-119.14,-46.188
-12.309,-10.978,3.1001,13.002,1.5851,-3.5544,-80.915,-322.72,-378.54,-347.07,-120.54,-47.387
-12.541,-12.172,2.1776,13.832,1.8944,-4.549,-80.959,-323.97,-379.88,-348.27,-122.06,-48.522
-12.82,-13.254,1.3605,14.605,2.0344,-5.4451,-81.04,-325.07,-381.03,-349.35,-123.73,-49.572
-13.17,-14.2,0.6871,15.302,1.9652,-6.2178,-81.187,-326.04,-382.03,-350.38,-125.5,-50.52
-13.622,-14.989,0.21524,15.917,1.638,-6.833,-81.4,-326.9,-382.89,-351.39,-127.26,-51.356
-14.185,-15.602,-0.0066345,16.447,1.0346,-7.2595,-81.663,-327.66,-383.61,-352.4,-128.88,-52.069
-14.829,-16.031,0.032929,16.887,0.19013,-7.484,-81.948,-328.32,-384.18,-353.38,-130.26,-52.649
-15.492,-16.284,0.30401,17.242,-0.81643,-7.5177,-82.23,-328.9,-384.58,-354.31,-131.29,-53.084
-16.109,-16.394,0.75535,17.536,-1.8913,-7.3915,-82.488,-329.39,-384.84,-355.16,-131.9,-53.361
-16.65,-16.41,1.3414,17.813,-2.9509,-7.1445,-82.714,-329.79,-384.96,-355.91,-132.06,-53.481
-17.143,-16.386,2.0354,18.128,-3.9265,-6.8109,-82.901,-330.11,-384.97,-356.55,-131.82,-53.461
-17.644,-16.351,2.8197,18.514,-4.7534,-6.4129,-83.043,-330.36,-384.88,-357.05,-131.23,-53.333
-18.192,-16.3,3.6625,18.952,-5.3692,-5.9642,-83.127,-330.54,-384.7,-357.4,-130.41,-53.136
-18.765,-16.196,4.5037,19.365,-5.7419,-5.4806,-83.141,-330.66,-384.43,-357.59,-129.45,-52.91
-19.292,-16.002,5.267,19.657,-5.9096,-4.987,-83.07,-330.69,-384.08,-357.62,-128.41,-52.686
-19.714,-15.703,5.889,19.755,-5.9854,-4.5137,-82.904,-330.61,-383.62,-357.52,-127.34,-52.492
-20.022,-15.312,6.344,19.651,-6.1096,-4.0856,-82.643,-330.36,-383.05,-357.34,-126.25,-52.343
-20.25,-14.864,6.6487,19.388,-6.3829,-3.7152,-82.299,-329.94,-382.37,-357.12,-125.22,-52.253
-20.444,-14.402,6.8497,19.04,-6.8335,-3.4023,-81.892,-329.33,-381.59,-356.89,-124.3,-52.227
-20.622,-13.966,7.0084,18.684,-7.423,-3.1346,-81.442,-328.57,-380.75,-356.71,-123.57,-52.264
-20.769,-13.571,7.1933,18.371,-8.0698,-2.8828,-80.943,-327.72,-379.88,-356.59,-123.08,-52.353
-20.846,-13.187,7.4821,18.11,-8.675,-2.589,-80.34,-326.77,-378.96,-356.52,-122.81,-52.46
-20.813,-12.715,7.9726,17.851,-9.1513,-2.154,-79.507,-325.62,-377.91,-356.45,-122.72,-52.546
-20.647,-11.986,8.8016,17.486,-9.4567,-1.4274,-78.233,-324.04,-376.48,-356.26,-122.72,-52.571
-20.363,-10.773,10.172,16.871,-9.6237,-0.19483,-76.193,-321.55,-374.26,-355.76,-122.69,-52.511
-20.001,-8.7954,12.385,15.847,-9.7766,1.8535,-72.92,-317.39,-370.53,-354.65,-122.53,-52.347
-19.604,-5.6785,15.849,14.243,-10.153,5.1949,-67.819,-310.4,-364.27,-352.49,-122.07,-52.041
-19.162,-0.83058,20.968,11.833,-11.157,10.56,-60.388,-298.93,-353.93,-348.49,-121.1,-51.504
-18.584,6.7218,27.618,8.216,-13.317,18.76,-50.772,-280.97,-337.49,-341.25,-119.33,-50.563
-17.705,18.088,34.051,2.6159,-16.684,29.515,-40.001,-255.22,-313.07,-328.15,-116.29,-48.953
-16.307,32.883,37.481,-6.0552,-20.403,39.417,-28.921,-222.87,-280.72,-304.91,-111.13,-46.297
-13.949,46.902,39.459,-17.917,-24.32,44.147,-17.389,-188.93,-243.33,-267.03,-101.93,-41.961
-9.5534,55.011,45.483,-29.636,-29.558,46.52,-5.8121,-162.32,-205.12,-215.31,-84.231,-34.422
-2.9225,60.084,58.081,-36.156,-37.21,54.676,2.9001,-155.24,-173.47,-157.4,-52.271,-20.574
0.18078,72.824,77.622,-39.668,-47.427,72.86,5.5585,-171.42,-160.38,-95.806,-17.967,-5.4249
-2.1489,100.71,104.99,-50.405,-59.813,101.99,15.337,-161.34,-161.76,-24.723,-14.845,-17.854
-0.73327,145.15,142.5,-74.084,-74.743,143.63,72.917,13.688,-103.84,60.88,-32.776,-40.059
9.556,206.1,192.5,-109.97,-93.065,199.39,142.5,297.11,108.59,161.2,-19.047,-36.797
29.119,281.57,252.52,-156.62,-113.06,266.99,193.67,512.39,420.32,272.7,39.405,-10.454
58.111,365.34,312.55,-211.67,-128.29,338.63,224.15,666.68,688.47,391.61,132.73,40.511
96.151,449.16,362.87,-271.26,-133.57,405.55,223.16,722.29,865.49,520.93,256.42,119.22
141.66,528.47,401.68,-332.24,-129.35,464.38,181.19,632.61,917.96,681.11,411.12,226.08
192.2,605.02,431.04,-394.48,-117.41,517.4,93.181,366.83,805.13,893.22,600.34,360.08
245.19,684.01,453.87,-460.08,-100.16,569.19,-39.632,-79.568,508.19,1093.2,823.48,519.29
298.07,770.41,479.58,-530.61,-85.325,626.15,-208.21,-678.25,42.643,1210.4,1069.0,698.21
348.08,868.01,521.71,-605.73,-82.755,696.07,-397.52,-1370.1,-543.49,1250.0,1317.6,886.16
392.25,978.17,585.96,-683.78,-95.458,782.91,-590.76,-2076.2,-1182.8,1222.1,1549.1,1069.2
428.04,1095.5,667.44,-760.77,-119.54,882.01,-772.17,-2714.5,-1807.7,1133.2,1743.1,1232.9
453.36,1205.9,752.54,-828.93,-148.09,979.8,-928.1,-3223.8,-2366.5,986.4,1879.1,1363.7
466.32,1289.6,822.59,-877.44,-174.24,1057.0,-1046.5,-3577.0,-2831.9,778.07,1937.1,1448.8
465.09,1325.7,858.44,-895.05,-190.87,1093.6,-1117.5,-3777.2,-3198.8,500.92,1899.6,1477.0
448.32,1298.3,845.37,-873.17,-190.77,1073.9,-1135.9,-3847.5,-3474.8,148.74,1755.0,1439.4
415.77,1201.2,778.1,-808.76,-171.87,992.07,-1104.3,-3820.4,-3670.6,-277.37,1501.4,1332.2
368.78,1041.8,663.92,-706.13,-139.29,855.04,-1035.9,-3731.0,-3794.9,-762.56,1151.0,1159.2
310.6,840.73,521.5,-577.0,-101.86,682.48,-952.79,-3610.2,-3853.5,-1275.3,732.32,933.67
245.99,627.44,375.71,-438.18,-68.432,501.8,-878.4,-3478.6,-3848.7,-1769.6,288.84,678.82
180.19,432.01,250.73,-307.24,-46.136,340.47,-828.72,-3342.0,-3779.1,-2192.4,-128.11,423.37
117.89,276.81,163.11,-197.78,-39.327,218.18,-804.02,-3194.8,-3641.9,-2495.1,-472.23,194.65
62.764,170.89,117.06,-116.44,-47.303,141.65,-788.0,-3031.9,-3440.4,-2646.2,-714.47,11.428
17.33,109.93,104.64,-62.555,-63.602,104.83,-763.56,-2851.5,-3187.0,-2640.8,-847.53,-119.1
-17.323,81.371,111.59,-30.576,-80.696,94.33,-725.36,-2648.9,-2897.7,-2500.2,-882.45,-199.71
-41.433,70.836,124.22,-13.156,-93.64,95.931,-673.22,-2419.1,-2586.9,-2263.1,-842.28,-239.41
-55.893,65.893,132.16,-3.5147,-96.759,98.018,-608.58,-2162.9,-2268.4,-1974.8,-755.81,-249.99
-60.723,58.289,128.39,1.7624,-83.555,92.629,-537.43,-1891.6,-1957.5,-1676.1,-646.01,-242.82
-53.281,46.085,104.98,0.70203,-64.524,74.487,-468.93,-1625.2,-1670.2,-1400.4,-503.82,-219.68
-37.743,22.752,65.613,4.9749,-51.604,43.254,-408.18,-1383.5,-1419.9,-1179.4,-382.94,-154.44
-32.642,-5.7274,36.35,18.711,-42.28,13.452,-354.32,-1178.9,-1213.5,-1026.4,-341.29,-121.94
-37.229,-29.702,15.804,33.791,-32.973,-9.2606,-304.87,-1014.0,-1050.5,-922.96,-328.85,-130.49
-43.56,-51.136,-2.1552,48.893,-22.551,-28.459,-258.72,-883.81,-923.65,-845.29,-319.65,-139.38
-48.565,-72.27,-20.721,63.453,-11.738,-47.29,-215.96,-778.87,-821.39,-778.08,-307.48,-143.86
-51.972,-93.595,-40.976,76.751,-2.125,-67.018,-176.71,-688.26,-730.34,-712.46,-291.3,-145.38
-54.237,-115.07,-62.482,88.577,5.2245,-87.917,-141.25,-600.8,-635.8,-640.03,-272.63,-145.23
-55.789,-136.62,-84.088,99.125,10.461,-109.75,-110.51,-510.1,-533.7,-560.03,-254.33,-144.27
-56.913,-157.91,-104.86,108.63,14.741,-131.81,-86.841,-431.91,-453.05,-491.94,-238.6,-143.06
-57.785,-178.06,-124.27,117.19,19.563,-152.95,-73.811,-384.04,-409.6,-447.48,-226.2,-141.93
-58.502,-195.85,-141.47,124.72,25.326,-171.6,-69.535,-358.67,-387.99,-420.97,-216.88,-141.07
-59.108,-210.26,-155.06,131.11,30.55,-186.25,-67.946,-343.73,-375.21,-404.6,-209.99,-140.52
-59.592,-220.91,-164.19,136.27,33.977,-196.29,-65.94,-333.03,-365.95,-393.55,-204.78,-140.21
-59.876,-228.14,-169.42,140.24,35.976,-202.34,-62.94,-323.94,-358.33,-385.23,-200.61,-140.03
-59.838,-232.7,-172.06,143.07,37.467,-205.58,-59.064,-315.32,-351.66,-378.26,-196.97,-139.84
-59.375,-235.32,-173.2,144.92,39.053,-207.07,-54.512,-306.65,-345.55,-371.96,-193.56,-139.52
-58.474,-236.63,-173.57,145.95,40.955,-207.54,-49.454,-297.75,-339.73,-365.98,-190.22,-139.0
-57.25,-237.06,-173.52,146.35,43.122,-207.41,-44.046,-288.63,-333.94,-360.15,-186.9,-138.24
-55.925,-236.92,-173.22,146.31,45.337,-206.94,-38.448,-279.42,-327.87,-354.37,-183.63,-137.29
-54.739,-236.42,-172.68,146.02,47.305,-206.22,-32.832,-270.18,-321.23,-348.5,-180.46,-136.18
-53.848,-235.7,-171.84,145.6,48.738,-205.33,-27.348,-260.82,-313.66,-342.37,-177.4,-134.95
-53.267,-234.86,-170.64,145.1,49.436,-204.31,-22.082,-251.04,-304.75,-335.69,-174.4,-133.57
-52.891,-233.91,-169.1,144.48,49.321,-203.2,-17.015,-240.33,-293.97,-328.1,-171.32,-131.97
-52.551,-232.82,-167.31,143.64,48.427,-202.03,-12.01,-228.0,-280.68,-319.11,-167.95,-130.04
-52.088,-231.51,-165.43,142.47,46.871,-200.82,-6.8297,-213.2,-264.05,-308.09,-164.07,-127.65
-51.422,-229.93,-163.57,140.94,44.81,-199.57,-1.1864,-195.03,-243.11,-294.27,-159.51,-124.7
-50.605,-228.0,-161.75,139.06,42.404,-198.23,5.1872,-172.56,-216.61,-276.67,-154.21,-121.11
-49.828,-225.71,-159.89,136.94,39.837,-196.69,12.457,-144.85,-182.9,-254.08,-148.23,-116.85
-49.326,-223.03,-157.85,134.73,37.337,-194.84,20.627,-111.09,-139.69,-225.12,-141.68,-111.91
-49.224,-219.86,-155.46,132.52,35.146,-192.49,29.533,-70.623,-83.86,-188.38,-134.61,-106.32
-49.435,-216.05,-152.53,130.27,33.45,-189.42,38.901,-22.976,-11.928,-142.93,-126.98,-100.09
-49.668,-211.24,-148.89,127.74,32.311,-185.35,48.444,32.13,78.39,-88.811,-118.55,-93.256
-49.525,-204.93,-144.31,124.47,31.653,-179.89,57.933,94.728,186.01,-27.257,-108.79,-85.881
-48.633,-196.38,-138.46,119.85,31.324,-172.52,67.214,164.45,305.68,40.146,-96.819,-78.029
-46.754,-184.82,-130.97,113.31,31.167,-162.61,76.169,240.34,430.14,112.64,-81.243,-69.76
-43.844,-169.66,-121.46,104.46,31.047,-149.64,84.673,320.81,553.72,190.68,-60.212,-61.084
-40.048,-151.09,-109.87,93.447,30.835,-133.68,92.603,403.97,673.91,275.31,-31.828,-51.883
-35.609,-130.29,-96.671,80.982,30.427,-115.69,99.872,488.1,790.31,367.37,5.0076,-41.846
-30.727,-109.09,-82.883,68.085,29.809,-97.309,106.46,571.97,902.94,466.94,49.904,-30.445
-25.441,-88.994,-69.605,55.554,29.081,-79.968,112.4,654.89,1011.3,573.05,101.17,-16.996
-19.603,-70.589,-57.531,43.676,28.412,-64.288,117.77,736.57,1114.3,683.59,156.62,-0.79631
-12.935,-53.738,-46.804,32.346,27.951,-50.176,122.63,816.82,1210.6,795.54,214.22,18.683
-5.0794,-38.014,-37.184,21.305,27.78,-37.241,127.04,895.26,1298.6,905.53,272.21,41.626
4.3598,-22.989,-28.303,10.252,27.905,-25.109,131.02,971.13,1376.9,1010.5,329.24,67.773
15.696,-8.2872,-19.88,-1.146,28.285,-13.528,134.6,1043.2,1444.3,1108.1,384.2,96.386
28.852,6.4358,-11.823,-13.238,28.853,-2.3571,137.74,1109.9,1499.8,1196.7,436.09,126.28
43.049,21.49,-4.2236,-26.272,29.533,8.505,140.42,1170.0,1543.9,1275.4,483.93,155.96
57.055,37.09,2.7663,-40.256,30.251,19.18,142.61,1222.6,1577.6,1343.7,526.89,183.91
69.931,53.31,9.0782,-54.952,30.96,29.834,144.31,1267.6,1602.8,1401.6,564.33,208.94
81.412,70.064,14.796,-69.989,31.651,40.633,145.55,1305.7,1621.4,1449.4,595.91,230.41
91.663,87.083,20.09,-84.94,32.327,51.638,146.4,1337.5,1634.9,1487.5,621.52,248.19
100.91,103.86,25.105,-99.257,32.964,62.699,146.93,1364.1,1644.7,1516.8,641.33,262.56
109.16,119.67,29.911,-112.25,33.519,73.448,147.21,1386.0,1651.6,1537.9,655.8,273.95
116.16,133.73,34.513,-123.24,33.938,83.42,147.28,1403.7,1656.2,1551.9,665.65,282.83
121.59,145.5,38.878,-131.88,34.155,92.22,147.16,1417.3,1658.6,1559.6,671.73,289.61
125.38,154.83,42.955,-138.24,34.071,99.634,146.83,1426.7,1658.8,1561.6,674.81,294.61
127.76,161.93,46.699,-142.69,33.567,105.65,146.3,1431.4,1656.4,1558.1,675.48,298.09
129.02,167.17,50.09,-145.69,32.523,110.42,145.55,1431.1,1650.7,1549.1,674.12,300.26
129.38,170.95,53.156,-147.58,30.834,114.14,144.6,1424.8,1640.5,1534.0,670.9,301.31
128.95,173.59,55.959,-148.6,28.441,117.03,143.46,1411.9,1624.5,1512.2,665.76,301.33
127.75,175.29,58.565,-148.89,25.359,119.26,142.11,1391.2,1600.7,1482.6,658.53,300.38
125.76,176.15,61.004,-148.46,21.713,120.94,140.52,1361.9,1567.4,1444.4,648.93,298.41
122.98,176.19,63.258,-147.33,17.738,122.08,138.59,1323.3,1522.6,1397.1,636.65,295.33
119.44,175.37,65.261,-145.44,13.721,122.65,136.19,1275.0,1465.4,1340.6,621.47,291.01
115.28,173.63,66.93,-142.79,9.9083,122.59,133.13,1217.4,1396.0,1275.3,603.25,285.38
110.68,170.99,68.188,-139.44,6.4321,121.87,129.18,1151.3,1315.8,1202.0,581.95,278.41
105.75,167.5,68.981,-135.43,3.316,120.49,124.11,1078.1,1227.0,1121.8,557.53,270.14
100.51,163.21,69.273,-130.82,0.53527,118.48,117.7,999.05,1132.1,1036.0,529.93,260.54
94.847,158.17,69.042,-125.64,-1.9195,115.86,109.85,915.47,1033.3,946.27,499.17,249.53
88.618,152.42,68.28,-119.88,-4.0229,112.65,100.53,828.62,932.16,854.32,465.42,236.9
81.743,145.95,66.987,-113.52,-5.7353,108.85,89.865,739.75,830.12,761.88,429.13,222.41
74.232,138.7,65.173,-106.55,-7.0301,104.43,78.062,650.03,728.18,670.36,390.95,205.83
66.16,130.57,62.859,-98.899,-7.9042,99.334,65.356,560.52,627.24,580.76,351.52,187.11
57.634,121.45,60.077,-90.471,-8.3778,93.503,51.976,472.06,528.11,493.56,311.33,166.46
48.807,111.29,56.883,-81.235,-8.4925,86.915,38.162,385.17,431.51,408.92,270.58,144.45
39.934,100.18,53.36,-71.318,-8.3102,79.643,24.206,300.1,337.89,326.79,229.26,121.94
31.392,88.484,49.61,-61.073,-7.9074,71.884,10.482,217.04,247.32,246.99,187.48,99.847
23.619,76.71,45.736,-51.018,-7.3656,63.93,-2.5959,136.54,159.72,169.32,145.73,78.951
16.982,65.402,41.82,-41.677,-6.7665,56.09,-14.642,59.971,75.328,93.853,105.13,59.765
11.623,54.986,37.926,-33.415,-6.1858,48.626,-25.373,-10.531,-4.6034,21.381,67.297,42.584
7.4254,45.706,34.122,-26.371,-5.6863,41.726,-34.642,-72.766,-77.78,-46.28,33.773,27.575
4.1249,37.625,30.488,-20.482,-5.3101,35.503,-42.439,-125.35,-141.69,-106.78,5.4433,14.796
1.4522,30.667,27.11,-15.563,-5.073,29.998,-48.862,-168.16,-194.81,-158.28,-17.673,4.1506
-0.79356,24.661,24.053,-11.383,-4.9599,25.181,-54.075,-202.12,-237.19,-200.23,-36.196,-4.6247
-2.7462,19.39,21.339,-7.7138,-4.9266,20.96,-58.269,-228.7,-270.13,-233.31,-51.011,-11.907
-4.5059,14.636,18.938,-4.3662,-4.9154,17.209,-61.626,-249.43,-295.45,-258.93,-62.989,-18.093
-6.1595,10.236,16.796,-1.2107,-4.8777,13.82,-64.297,-265.66,-314.95,-278.64,-72.851,-23.521
-7.7728,6.1153,14.866,1.8079,-4.7945,10.728,-66.403,-278.46,-330.09,-293.82,-81.139,-28.419
-9.3756,2.2741,13.125,4.6825,-4.6883,7.9208,-68.036,-288.65,-341.98,-305.6,-88.234,-32.893
-10.975,-1.2524,11.574,7.3809,-4.6179,5.4075,-69.281,-296.81,-351.42,-314.82,-94.388,-36.954
-12.591,-4.4415,10.222,9.8874,-4.6572,3.1954,-70.221,-303.41,-359.01,-322.14,-99.768,-40.557
-14.261,-7.3016,9.0763,12.216,-4.8603,1.2749,-70.938,-308.77,-365.16,-328.04,-104.49,-43.642
-16.011,-9.8617,8.1255,14.391,-5.2281,-0.37996,-71.511,-313.16,-370.19,-332.88,-108.64,-46.177
-17.804,-12.151,7.3346,16.42,-5.6952,-1.806,-72.009,-316.8,-374.32,-336.92,-112.29,-48.181
-19.533,-14.19,6.6512,18.283,-6.1558,-3.0445,-72.489,-319.84,-377.75,-340.31,-115.52,-49.732
-21.075,-16.009,6.0237,19.969,-6.5137,-4.1386,-72.987,-322.43,-380.61,-343.2,-118.39,-50.964
-22.378,-17.673,5.4211,21.515,-6.7264,-5.136,-73.521,-324.68,-383.04,-345.66,-120.94,-52.031
-23.512,-19.285,4.8419,23.023,-6.8212,-6.0866,-74.096,-326.68,-385.14,-347.77,-123.18,-53.074
-24.635,-20.956,4.3097,24.624,-6.88,-7.0296,-74.707,-328.48,-386.98,-349.58,-125.11,-54.181
-25.903,-22.744,3.8593,26.41,-6.9973,-7.9779,-75.344,-330.14,-388.62,-351.14,-126.7,-55.361
-27.393,-24.628,3.5171,28.379,-7.2348,-8.912,-75.992,-331.68,-390.08,-352.48,-128.01,-56.544
-29.055,-26.499,3.2825,30.416,-7.5958,-9.7917,-76.634,-333.1,-391.37,-353.66,-129.11,-57.607
-30.729,-28.191,3.1239,32.308,-8.0336,-10.574,-77.25,-334.38,-392.51,-354.71,-130.13,-58.408
-32.188,-29.52,2.9935,33.791,-8.4785,-11.22,-77.817,-335.52,-393.47,-355.68,-131.18,-58.829
-33.206,-30.319,2.8543,34.617,-8.866,-11.692,-78.31,-336.5,-394.26,-356.59,-132.32,-58.806
-33.624,-30.476,2.6991,34.64,-9.1513,-11.949,-78.701,-337.29,-394.86,-357.47,-133.51,-58.348
-33.4,-29.974,2.5476,33.868,-9.3101,-11.955,-78.978,-337.91,-395.27,-358.31,-134.67,-57.546
-32.614,-28.902,2.4271,32.458,-9.3272,-11.707,-79.147,-338.37,-395.53,-359.12,-135.64,-56.547
-31.427,-27.436,2.3523,30.658,-9.1828,-11.25,-79.238,-338.7,-395.66,-359.91,-136.29,-55.518
-29.991,-25.785,2.3153,28.712,-8.8421,-10.667,-79.289,-338.96,-395.69,-360.68,-136.52,-54.602
-28.37,-24.121,2.2885,26.787,-8.2493,-10.049,-79.337,-339.19,-395.69,-361.43,-136.3,-53.897
-26.527,-22.546,2.2363,24.95,-7.3319,-9.4626,-79.399,-339.44,-395.65,-362.15,-135.72,-53.447
-24.407,-21.094,2.1349,23.206,-6.0397,-8.939,-79.473,-339.71,-395.61,-362.81,-134.93,-53.247
-22.054,-19.751,1.9935,21.546,-4.4294,-8.4659,-79.537,-340.02,-395.55,-363.39,-134.14,-53.25
-19.655,-18.477,1.8646,19.983,-2.7108,-7.9908,-79.56,-340.31,-395.45,-363.85,-133.5,-53.375
-17.47,-17.225,1.8318,18.555,-1.1609,-7.4378,-79.517,-340.53,-395.28,-364.18,-133.05,-53.524
-15.684,-15.956,1.9781,17.298,0.032801,-6.7404,-79.392,-340.61,-394.99,-364.36,-132.72,-53.603
-14.328,-14.662,2.3506,16.231,0.83721,-5.8728,-79.184,-340.52,-394.58,-364.42,-132.37,-53.542
-13.337,-13.362,2.9412,15.346,1.3075,-4.8627,-78.909,-340.25,-394.05,-364.38,-131.9,-53.297
-12.638,-12.096,3.693,14.614,1.4831,-3.7788,-78.587,-339.82,-393.44,-364.26,-131.22,-52.857
-12.201,-10.904,4.5309,13.998,1.3376,-2.7001,-78.222,-339.28,-392.79,-364.07,-130.33,-52.243
-12.023,-9.8093,5.4034,13.466,0.7846,-1.6827,-77.777,-338.64,-392.13,-363.82,-129.28,-51.516
-12.13,-8.8012,6.3194,12.999,-0.2863,-0.73232,-77.148,-337.84,-391.38,-363.48,-128.16,-50.776
-12.573,-7.8239,7.3687,12.58,-1.9525,0.21254,-76.144,-336.7,-390.39,-363.01,-127.08,-50.152
-13.414,-6.7629,8.7304,12.179,-4.2035,1.2942,-74.463,-334.9,-388.83,-362.31,-126.14,-49.777
-14.681,-5.4332,10.68,11.727,-6.9198,2.7553,-71.664,-331.91,-386.21,-361.21,-125.4,-49.747
-16.305,-3.5625,13.598,11.104,-9.8981,4.9854,-67.156,-326.91,-381.75,-359.45,-124.81,-50.077
-18.076,-0.72989,17.926,10.145,-12.936,8.6044,-60.358,-318.67,-374.35,-356.53,-124.19,-50.65
-19.671,3.7895,23.913,8.5976,-15.959,14.484,-51.251,-305.6,-362.5,-351.55,-123.2,-51.184
-20.744,11.152,30.93,5.9497,-19.001,23.254,-40.878,-286.43,-344.58,-342.87,-121.36,-51.234
-21.031,22.353,36.841,1.1246,-21.819,33.709,-30.479,-261.73,-320.13,-327.63,-117.95,-50.242
-20.183,36.064,39.727,-7.2469,-23.871,41.87,-20.223,-235.35,-291.34,-301.75,-111.62,-47.577
-16.857,47.591,41.65,-18.515,-25.296,45.438,-10.294,-214.45,-262.61,-262.17,-99.234,-42.26
-9.526,54.664,46.961,-28.334,-27.165,48.831,-2.9972,-208.07,-239.86,-211.19,-74.472,-31.912
-3.1341,63.396,58.182,-34.94,-30.541,58.801,-1.054,-217.17,-230.01,-154.38,-37.776,-16.488
-1.7805,83.005,76.508,-44.596,-35.99,78.922,8.314,-198.92,-226.62,-91.818,-19.884,-20.281
1.3018,118.0,103.73,-64.178,-44.262,110.8,66.017,-11.275,-174.85,-18.83,-33.971,-40.686
11.858,169.25,143.16,-95.119,-56.443,156.55,137.99,303.2,34.962,67.587,-33.049,-40.477
31.283,236.37,197.09,-136.84,-73.147,216.84,190.34,521.51,403.46,166.8,10.958,-18.374
60.213,315.55,259.8,-188.11,-89.939,286.77,222.53,670.92,700.56,277.05,91.843,27.42
98.28,399.47,318.29,-246.0,-97.707,357.13,224.13,716.78,872.27,402.33,205.07,100.33
143.62,481.81,364.86,-307.07,-95.595,421.32,185.21,613.9,908.07,564.65,351.75,201.39
193.59,562.0,399.82,-370.22,-86.614,479.16,100.17,334.89,772.04,794.19,536.74,330.42
245.67,644.38,425.32,-437.08,-73.982,534.47,-30.226,-121.36,450.14,1030.7,761.31,486.46
297.48,733.39,447.92,-509.04,-63.696,592.37,-197.31,-725.48,-35.957,1173.2,1013.1,664.93
346.44,831.43,483.65,-585.24,-62.575,659.99,-386.19,-1420.0,-633.22,1224.9,1270.0,855.31
389.82,940.45,542.53,-663.88,-73.924,743.55,-579.82,-2127.7,-1272.6,1202.6,1510.1,1043.0
425.24,1057.8,621.78,-741.97,-97.099,841.28,-762.09,-2765.2,-1888.3,1115.3,1713.2,1212.8
450.79,1172.4,709.41,-813.06,-125.85,942.12,-919.19,-3271.5,-2432.1,969.13,1859.0,1350.3
464.54,1265.7,787.55,-867.13,-152.62,1028.2,-1039.2,-3621.5,-2880.1,762.92,1928.0,1442.7
464.49,1316.7,836.53,-892.67,-172.08,1079.0,-1112.1,-3820.8,-3230.3,490.42,1902.6,1478.3
449.11,1307.1,839.8,-880.02,-178.02,1076.9,-1132.6,-3894.2,-3492.8,145.91,1770.8,1447.9
418.11,1227.5,789.23,-824.58,-166.55,1012.7,-1103.2,-3874.6,-3679.4,-269.64,1528.9,1346.5
372.91,1081.5,688.56,-729.01,-140.79,889.28,-1037.0,-3795.6,-3799.4,-742.32,1187.1,1177.4
316.68,886.67,553.18,-603.53,-107.72,723.09,-955.37,-3686.0,-3859.1,-1242.6,771.84,953.37
253.64,671.01,406.46,-464.05,-75.247,540.2,-881.47,-3565.6,-3862.0,-1728.2,325.76,697.7
188.36,466.23,273.95,-328.55,-50.783,369.83,-830.99,-3442.3,-3809.7,-2150.4,-98.662,439.76
125.31,298.73,176.29,-212.49,-40.146,235.91,-805.04,-3315.2,-3703.9,-2463.1,-452.39,207.74
68.602,182.15,122.07,-124.95,-44.817,149.73,-789.87,-3181.0,-3549.2,-2634.2,-703.61,21.054
21.368,114.62,105.28,-66.832,-59.754,107.41,-769.29,-3036.1,-3353.5,-2654.4,-843.71,-112.83
-14.943,83.016,110.61,-32.564,-77.253,94.682,-736.28,-2874.6,-3124.7,-2539.4,-883.81,-196.52
-40.548,71.295,122.85,-13.993,-91.982,95.6,-689.41,-2689.4,-2869.1,-2323.9,-847.24,-238.73
-56.687,66.043,131.2,-3.6388,-98.978,97.781,-629.25,-2475.2,-2592.8,-2051.3,-762.98,-250.92
-64.844,58.213,128.78,3.4246,-90.549,93.078,-560.86,-2232.5,-2303.5,-1763.7,-658.06,-244.72
-65.559,43.357,106.98,8.144,-71.57,75.518,-493.34,-1970.7,-2012.6,-1496.4,-541.75,-227.24
-58.08,15.731,67.004,16.03,-58.347,41.989,-432.79,-1707.0,-1734.2,-1276.4,-431.48,-183.07
-51.361,-15.444,38.484,31.187,-51.375,9.937,-379.14,-1460.7,-1482.6,-1115.9,-375.04,-146.64
-53.208,-40.093,19.028,47.641,-45.37,-13.013,-329.72,-1246.2,-1268.3,-1004.3,-353.68,-149.6
-57.041,-61.303,2.0651,63.374,-37.211,-31.633,-282.97,-1069.6,-1095.6,-921.74,-342.38,-155.34
-59.865,-81.907,-15.538,77.583,-26.471,-49.737,-239.0,-929.0,-960.98,-852.58,-332.33,-158.13
-61.658,-102.87,-34.817,90.007,-14.826,-68.89,-198.36,-817.26,-855.27,-788.07,-320.77,-158.93
-62.75,-124.45,-55.456,100.95,-4.4953,-89.522,-161.52,-724.85,-766.66,-724.8,-307.32,-158.64
-63.359,-146.41,-76.502,110.78,3.4229,-111.45,-129.12,-642.4,-682.53,-661.7,-293.32,-157.84
-63.625,-167.85,-97.099,119.6,8.9798,-133.81,-102.34,-563.15,-595.31,-600.48,-280.7,-156.88
-63.662,-187.36,-116.68,127.33,12.894,-154.99,-83.834,-491.63,-518.49,-548.05,-270.68,-156.0
-63.578,-203.69,-134.4,133.84,16.397,-173.08,-75.632,-440.0,-469.2,-509.21,-263.52,-155.27
-63.478,-216.34,-148.9,139.1,20.477,-186.84,-74.259,-408.88,-442.91,-482.46,-258.78,-154.71
-63.465,-225.54,-159.28,143.21,24.974,-196.3,-74.731,-390.64,-428.9,-463.98,-255.73,-154.29
-63.631,-231.98,-165.82,146.37,29.049,-202.35,-74.819,-379.08,-420.73,-450.55,-253.66,-153.96
-64.03,-236.35,-169.55,148.77,32.136,-206.03,-74.121,-370.91,-415.48,-440.16,-252.02,-153.74
-64.657,-239.27,-171.51,150.58,34.17,-208.2,-72.785,-364.57,-411.81,-431.74,-250.47,-153.62
-65.435,-241.21,-172.46,151.94,35.359,-209.47,-71.059,-359.36,-409.1,-424.75,-248.85,-153.62
-66.244,-242.49,-172.9,152.92,35.973,-210.21,-69.156,-354.94,-406.94,-418.91,-247.09,-153.76
-66.959,-243.31,-173.08,153.61,36.229,-210.65,-67.199,-351.11,-405.03,-414.0,-245.18,-153.99
-67.503,-243.78,-173.11,154.05,36.269,-210.86,-65.203,-347.71,-403.11,-409.74,-243.09,-154.26
-67.865,-243.97,-172.96,154.31,36.187,-210.86,-63.106,-344.52,-400.92,-405.85,-240.81,-154.47
-68.083,-243.9,-172.55,154.44,36.054,-210.6,-60.811,-341.33,-398.23,-402.04,-238.31,-154.53
-68.2,-243.58,-171.81,154.47,35.902,-210.04,-58.224,-337.88,-394.81,-398.09,-235.55,-154.37
-68.226,-243.0,-170.7,154.41,35.715,-209.18,-55.269,-333.92,-390.37,-393.85,-232.42,-153.92
-68.133,-242.19,-169.25,154.24,35.449,-208.04,-51.881,-329.17,-384.59,-389.17,-228.82,-153.11
-67.876,-241.15,-167.54,153.93,35.088,-206.67,-47.996,-323.39,-377.08,-383.93,-224.57,-151.85
-67.428,-239.89,-165.7,153.41,34.686,-205.14,-43.536,-316.27,-367.32,-377.95,-219.53,-150.06
-66.784,-238.31,-163.8,152.58,34.323,-203.45,-38.422,-307.5,-354.71,-370.94,-213.53,-147.61
-65.95,-236.28,-161.86,151.33,34.014,-201.54,-32.576,-296.68,-338.57,-362.53,-206.48,-144.38
-64.917,-233.57,-159.73,149.49,33.673,-199.24,-25.946,-283.35,-318.2,-352.12,-198.32,-140.27
-63.636,-229.92,-157.24,146.88,33.164,-196.36,-18.514,-266.97,-292.95,-338.88,-189.07,-135.23
-62.026,-225.06,-154.18,143.32,32.394,-192.66,-10.301,-246.96,-262.08,-321.59,-178.83,-129.3
-60.011,-218.72,-150.37,138.67,31.377,-187.94,-1.3865,-222.71,-224.35,-298.62,-167.78,-122.62
-57.532,-210.65,-145.67,132.82,30.24,-181.96,8.0742,-193.54,-177.6,-268.1,-156.1,-115.32
-54.517,-200.56,-139.93,125.66,29.182,-174.46,17.837,-158.69,-118.92,-228.55,-143.87,-107.52
-50.86,-188.09,-133.01,117.04,28.392,-165.09,27.589,-117.24,-45.757,-179.61,-130.95,-99.225
-46.471,-172.85,-124.73,106.79,27.98,-153.46,37.015,-68.141,42.495,-122.21,-116.87,-90.385
-41.39,-154.72,-114.89,94.928,27.912,-139.25,45.876,-10.46,143.42,-57.704,-100.82,-80.959
-35.836,-134.18,-103.25,81.893,27.999,-122.5,54.052,56.127,252.29,13.031,-81.673,-70.967
-30.112,-112.47,-89.852,68.522,27.956,-103.88,61.521,130.77,364.21,89.515,-58.228,-60.472
-24.448,-91.215,-75.232,55.69,27.522,-84.785,68.298,211.32,475.87,171.07,-29.465,-49.459
-18.922,-71.716,-60.551,43.921,26.587,-66.761,74.399,294.96,585.79,256.69,5.1725,-37.716
-13.507,-54.494,-47.092,33.293,25.249,-50.838,79.833,379.13,693.33,345.34,45.634,-24.774
-8.1132,-39.394,-35.595,23.6,23.762,-37.228,84.627,462.24,797.81,436.37,91.294,-9.9807
-2.5707,-25.917,-26.057,14.533,22.422,-25.556,88.817,543.56,898.15,529.53,141.11,7.3481
3.4367,-13.508,-18.042,5.7671,21.457,-15.261,92.44,622.87,993.0,624.67,193.83,27.703
10.409,-1.6984,-11.05,-3.0283,20.933,-5.8702,95.512,700.1,1081.0,721.3,248.16,51.16
18.911,9.8954,-4.7174,-12.189,20.732,2.9329,98.035,775.02,1160.8,818.45,302.83,77.242
29.216,21.609,1.155,-22.013,20.601,11.381,100.01,847.19,1230.9,914.85,356.52,104.92
40.925,33.725,6.6567,-32.653,20.273,19.711,101.45,915.92,1289.8,1009.1,407.8,132.79
53.01,46.38,11.851,-44.008,19.569,28.154,102.4,980.35,1336.6,1099.6,455.08,159.4
64.381,59.469,16.808,-55.726,18.456,36.837,102.91,1039.5,1370.9,1183.8,496.68,183.61
74.422,72.676,21.587,-67.344,17.046,45.709,103.02,1092.3,1392.9,1256.8,531.12,204.83
83.06,85.605,26.202,-78.45,15.527,54.579,102.75,1137.5,1402.5,1311.4,557.44,222.9
90.478,97.896,30.647,-88.72,14.055,63.214,102.12,1173.1,1399.2,1340.1,575.39,237.88
96.798,109.23,34.918,-97.879,12.668,71.405,101.12,1196.1,1381.3,1338.4,585.29,249.81
101.91,119.35,39.017,-105.68,11.303,78.972,99.766,1202.9,1347.2,1307.7,587.73,258.65
105.6,128.02,42.94,-111.97,9.8671,85.765,98.052,1190.1,1295.7,1253.8,583.25,264.33
107.71,135.16,46.658,-116.73,8.3056,91.673,95.942,1155.9,1228.3,1184.2,572.26,266.97
108.33,140.77,50.127,-120.05,6.6044,96.638,93.352,1102.4,1148.7,1105.6,555.15,266.83
107.61,144.92,53.298,-122.08,4.7645,100.65,90.148,1033.9,1061.6,1022.6,532.48,264.24
105.65,147.69,56.114,-122.96,2.7916,103.71,86.156,955.92,970.84,937.74,505.06,259.48
102.48,149.14,58.502,-122.74,0.71276,105.82,81.164,873.13,878.87,852.52,473.88,252.66
98.144,149.28,60.395,-121.43,-1.4067,106.97,74.924,788.46,786.84,767.62,439.93,243.75
92.841,148.11,61.746,-119.07,-3.4697,107.16,67.171,703.51,695.36,683.48,404.05,232.65
86.899,145.67,62.543,-115.72,-5.376,106.41,57.696,618.95,604.75,600.39,366.85,219.24
80.622,142.04,62.805,-111.46,-7.0538,104.77,46.471,535.07,515.24,518.47,328.72,203.52
74.096,137.3,62.569,-106.37,-8.4759,102.3,33.753,451.97,426.94,437.67,289.91,185.62
67.139,131.53,61.876,-100.44,-9.6505,99.084,20.096,369.63,339.83,357.72,250.58,165.84
59.396,124.73,60.785,-93.578,-10.596,95.179,6.2106,287.85,253.62,278.26,210.88,144.62
50.56,116.88,59.394,-85.624,-11.315,90.669,-7.2255,206.23,167.83,198.81,171.0,122.55
40.697,107.95,57.834,-76.471,-11.794,85.65,-19.705,124.53,81.919,118.95,131.3,100.28
30.497,97.976,56.238,-66.196,-12.098,80.225,-30.921,43.309,-3.9085,38.655,92.42,78.596
42.513,115.33,74.404,-78.861,-21.076,94.077,-13.667,-16.93,-92.497,-46.111,86.333,104.53
36.303,95.759,61.03,-66.398,-17.698,77.549,-28.882,-99.967,-191.8,-127.27,52.046,82.172
32.675,79.288,48.173,-56.656,-13.143,62.844,-46.499,-179.8,-286.79,-205.09,18.465,58.696
31.832,66.594,36.308,-49.961,-7.5805,50.539,-65.623,-255.4,-375.94,-279.77,-14.0,35.396
31.865,56.915,26.581,-44.974,-2.5952,40.811,-84.332,-325.22,-457.65,-350.68,-44.565,13.483
29.254,48.635,20.898,-39.25,-0.96727,33.777,-100.15,-387.54,-530.54,-416.47,-72.403,-6.1019
20.007,39.948,21.444,-30.091,-5.8664,29.599,-110.85,-441.09,-594.06,-475.86,-96.929,-22.802
1.2433,29.411,29.656,-15.521,-19.528,28.257,-115.32,-485.97,-649.09,-528.61,-118.1,-36.596
-27.152,16.405,45.031,4.755,-41.787,29.196,-114.25,-524.34,-698.36,-576.36,-136.72,-48.173
-61.743,1.396,64.599,28.888,-69.38,31.191,-110.18,-560.39,-746.2,-622.53,-154.44,-58.924
