I,II,III,aVR,aVL,aVF,V1,V2,V3,V4,V5,V6
-62.233,-44.605,4.1158,62.199,-26.555,-14.799,124.54,-195.2,-116.38,-109.64,-17.597,-36.747
-61.49,-45.295,2.7643,62.09,-25.561,-15.857,121.45,-193.13,-115.2,-108.71,-17.927,-38.102
-60.775,-46.169,1.2597,62.08,-24.504,-17.075,118.29,-190.28,-113.74,-107.5,-18.107,-39.349
-60.134,-47.182,-0.31317,62.165,-23.45,-18.385,114.93,-186.16,-111.91,-105.99,-17.983,-40.406
-59.603,-48.01,-1.5893,62.201,-22.6,-19.443,111.2,-180.77,-109.88,-104.39,-17.387,-41.173
-59.189,-48.169,-2.0798,61.958,-22.203,-19.772,106.96,-174.49,-107.96,-103.06,-16.21,-41.555
-58.834,-47.282,-1.4655,61.237,-22.39,-19.042,102.12,-167.81,-106.46,-102.3,-14.502,-41.506
-58.389,-45.299,0.15343,59.963,-23.036,-17.305,96.801,-161.07,-105.54,-102.15,-12.552,-41.061
-57.618,-42.549,2.2142,58.211,-23.74,-15.03,91.297,-154.32,-105.21,-102.37,-10.857,-40.311
-56.255,-39.594,3.8869,56.142,-23.948,-12.922,85.994,-147.44,-105.34,-102.45,-9.9339,-39.292
-54.105,-37.009,4.4031,53.931,-23.177,-11.637,81.213,-140.26,-105.72,-101.81,-10.044,-37.886
-50.099,-31.101,-1.4642,54.47,-13.119,-11.842,73.468,-131.56,-105.73,-96.628,-9.4365,-26.041
-47.666,-30.427,-2.2216,53.271,-11.926,-11.954,70.103,-123.16,-105.03,-95.3,-9.2344,-25.125
-44.953,-29.709,-3.1083,51.876,-10.733,-12.106,66.325,-114.85,-104.15,-93.686,-9.0225,-24.054
-42.19,-28.935,-4.0602,50.31,-9.5861,-12.277,62.01,-106.94,-103.01,-91.72,-8.7851,-22.79
-39.539,-28.093,-5.0083,48.548,-8.5096,-12.44,57.085,-99.72,-101.5,-89.401,-8.526,-21.336
-37.02,-27.183,-5.8967,46.484,-7.4958,-12.567,51.595,-93.406,-99.542,-86.853,-8.2628,-19.743
-34.543,-26.212,-6.6936,43.973,-6.5115,-12.645,45.754,-88.014,-97.116,-84.379,-8.0141,-18.097
-32.0,-25.19,-7.3946,40.96,-5.5129,-12.666,39.906,-83.387,-94.326,-82.372,-7.7857,-16.488
-29.333,-24.122,-8.0188,37.618,-4.4653,-12.635,34.382,-79.264,-91.365,-81.032,-7.5619,-14.985
-26.562,-23.016,-8.5997,34.293,-3.3524,-12.557,29.375,-75.336,-88.422,-80.098,-7.3077,-13.619
-23.755,-21.88,-9.171,31.26,-2.1752,-12.437,24.92,-71.299,-85.563,-78.937,-6.9798,-12.393
-20.997,-20.716,-9.7511,28.598,-0.9505,-12.27,20.949,-66.944,-82.705,-76.906,-6.5459,-11.294
-18.375,-19.512,-10.328,26.243,0.28386,-12.043,17.364,-62.253,-79.678,-73.732,-5.9987,-10.303
-15.956,-18.249,-10.857,24.103,1.4674,-11.734,14.069,-57.411,-76.328,-69.674,-5.3601,-9.4083
-13.77,-16.905,-11.284,22.104,2.5316,-11.321,10.984,-52.7,-72.619,-65.294,-4.6708,-8.6025
-11.809,-15.468,-11.572,20.196,3.4244,-10.786,8.041,-48.349,-68.668,-61.027,-3.9737,-7.8817
-10.05,-13.953,-11.715,18.346,4.1265,-10.125,5.1818,-44.443,-64.694,-57.028,-3.2999,-7.2378
-8.4838,-12.394,-11.713,16.532,4.6491,-9.3516,2.3504,-40.948,-60.89,-53.308,-2.6623,-6.6519
-7.1192,-10.832,-11.558,14.75,5.0173,-8.4835,-0.50765,-37.773,-57.343,-49.907,-2.0582,-6.0952
-5.9667,-9.2983,-11.23,13.017,5.2512,-7.5382,-3.4461,-34.809,-54.035,-46.87,-1.4769,-5.5386
-5.0202,-7.7996,-10.707,11.367,5.3568,-6.5241,-6.5164,-31.958,-50.895,-44.09,-0.90808,-4.9639
-4.2528,-6.3207,-9.9842,9.8263,5.3309,-5.4423,-9.7623,-29.139,-47.813,-41.229,-0.34778,-4.3677
-3.6189,-4.833,-9.0754,8.3983,5.1813,-4.2918,-13.213,-26.285,-44.616,-37.813,0.20154,-3.756
-3.0559,-3.3061,-8.0204,7.0608,4.9469,-3.0758,-16.877,-23.343,-41.129,-33.564,0.73635,-3.1319
-2.4863,-1.7157,-6.878,5.7733,4.7006,-1.8046,-20.737,-20.282,-37.414,-28.86,1.2598,-2.4884
-1.8243,-0.045701,-5.7195,4.4851,4.5352,-0.49589,-24.744,-17.094,-33.749,-24.484,1.7882,-1.8071
-0.98681,1.7164,-4.6219,3.1402,4.543,0.82689,-28.82,-13.8,-30.235,-20.785,2.3562,-1.0601
0.098596,3.5862,-3.6624,1.6802,4.8026,2.1373,-32.871,-10.442,-26.746,-17.635,3.0196,-0.21193
1.495,5.5889,-2.9082,0.045978,5.3742,3.41,-36.829,-7.0688,-23.191,-14.824,3.8577,0.78074
3.2689,7.7627,-2.4041,-1.8223,6.2956,4.6256,-40.683,-3.7163,-19.616,-12.201,4.9727,1.9688
5.5056,10.158,-2.1634,-3.9851,7.5757,5.7759,-44.493,-0.39101,-16.139,-9.6591,6.4794,3.4085
8.2943,12.827,-2.1651,-6.4912,9.1867,6.8661,-48.385,2.9322,-12.848,-7.1129,8.4722,5.1585
11.643,15.805,-2.3596,-9.3374,11.061,7.9161,-52.53,6.2979,-9.7542,-4.4932,10.976,7.276
15.395,19.057,-2.6795,-12.413,13.095,8.9597,-57.108,9.7509,-6.8039,-1.7386,13.938,9.8152
19.352,22.467,-3.0538,-15.537,15.173,10.048,-62.251,13.325,-3.9169,1.2166,17.317,12.825
23.454,25.922,-3.4195,-18.645,17.184,11.257,-67.948,17.042,-1.0039,4.4588,21.155,16.341
27.682,29.443,-3.7288,-21.89,19.062,12.685,-73.987,20.92,2.0375,8.0929,25.484,20.356
31.823,33.151,-3.9495,-25.472,20.803,14.439,-80.04,24.965,5.3074,12.14,30.163,24.79
35.613,37.117,-4.0618,-29.423,22.454,16.567,-85.867,29.158,8.8516,16.356,34.908,29.47
39.059,41.287,-4.0494,-33.598,24.064,18.987,-91.433,33.432,12.67,20.407,39.539,34.178
42.362,45.58,-3.8914,-37.854,25.63,21.538,-96.85,37.674,16.793,24.31,44.071,38.74
45.642,49.989,-3.5568,-42.115,27.088,24.142,-102.24,41.75,21.266,28.405,48.608,43.096
48.863,54.552,-3.0051,-46.305,28.35,26.876,-107.65,45.54,26.049,32.999,53.263,47.299
51.956,59.284,-2.1963,-50.345,29.346,29.908,-113.09,48.961,31.022,38.124,58.135,51.45
54.931,64.153,-1.1061,-54.204,30.038,33.374,-118.52,51.969,36.059,43.494,63.297,55.643
57.847,69.091,0.26443,-57.893,30.418,37.264,-124.0,54.553,41.062,48.699,68.776,59.917
60.709,74.001,1.8988,-61.438,30.501,41.4,-129.66,56.716,45.93,53.479,74.485,64.234
63.43,78.746,3.7993,-64.859,30.322,45.539,-135.65,58.477,50.515,57.823,80.235,68.483
65.886,83.192,6.0052,-68.168,29.928,49.475,-142.08,59.86,54.662,61.878,85.839,72.52
67.924,87.268,8.5547,-71.372,29.37,53.086,-148.88,60.895,58.29,65.778,91.164,76.244
69.362,91.009,11.452,-74.467,28.692,56.338,-155.88,61.615,61.423,69.564,96.098,79.638
70.129,94.548,14.719,-77.425,27.91,59.299,-162.88,62.053,64.143,73.197,100.53,82.776
70.384,98.057,18.436,-80.188,27.021,62.138,-169.72,62.251,66.519,76.623,104.37,85.78
70.405,101.65,22.607,-82.686,26.014,65.074,-176.31,62.261,68.58,79.83,107.62,88.786
70.407,105.32,26.88,-84.878,24.884,68.195,-182.6,62.13,70.316,82.846,110.4,91.914
70.492,108.94,30.603,-86.798,23.64,71.285,-188.6,61.895,71.711,85.715,112.87,95.236
70.71,112.36,33.381,-88.536,22.311,73.972,-194.32,61.57,72.799,88.463,115.18,98.727
71.088,115.46,35.296,-90.18,20.92,76.114,-199.75,61.146,73.674,91.088,117.39,102.25
71.64,118.24,36.669,-91.773,19.46,77.925,-204.85,60.599,74.45,93.568,119.49,105.6
72.359,120.77,37.903,-93.315,17.907,79.768,-209.56,59.913,75.19,95.865,121.43,108.61
73.216,123.12,39.455,-94.787,16.268,81.911,-213.83,59.086,75.887,97.937,123.16,111.17
74.156,125.34,41.668,-96.172,14.583,84.455,-217.67,58.138,76.486,99.749,124.58,113.28
75.058,127.44,44.545,-97.462,12.885,87.381,-221.13,57.098,76.906,101.29,125.63,114.96
75.697,129.44,47.767,-98.635,11.188,90.584,-224.28,55.991,77.074,102.56,126.25,116.24
75.769,131.31,50.943,-99.621,9.4952,93.86,-227.23,54.825,76.945,103.6,126.4,117.08
75.015,132.93,53.788,-100.27,7.8097,96.886,-230.05,53.594,76.53,104.46,126.1,117.44
73.36,134.11,56.149,-100.38,6.1409,99.275,-232.79,52.278,75.896,105.25,125.41,117.25
70.95,134.61,57.943,-99.823,4.5077,100.71,-235.46,50.851,75.146,106.09,124.42,116.44
68.046,134.24,59.128,-98.555,2.948,101.06,-238.04,49.281,74.363,106.93,123.15,114.98
64.888,132.95,59.695,-96.629,1.5223,100.39,-240.48,47.538,73.563,107.35,121.49,112.9
61.618,130.88,59.681,-94.172,0.29508,98.899,-242.74,45.589,72.7,106.8,119.3,110.3
58.296,128.19,59.169,-91.334,-0.69737,96.834,-244.79,43.407,71.707,105.07,116.42,107.37
54.955,125.02,58.284,-88.236,-1.4659,94.387,-246.63,40.97,70.532,102.3,112.76,104.3
51.644,121.47,57.172,-84.969,-2.0548,91.634,-248.27,38.269,69.148,98.76,108.29,101.21
48.433,117.65,55.987,-81.599,-2.5124,88.614,-249.75,35.313,67.531,94.685,103.05,98.175
45.396,113.71,54.854,-78.178,-2.8759,85.459,-251.11,32.143,65.646,90.267,97.213,95.167
42.558,109.83,53.833,-74.74,-3.1729,82.386,-252.43,28.825,63.458,85.677,91.051,92.16
39.886,106.14,52.917,-71.291,-3.4273,79.595,-253.77,25.441,60.971,81.041,84.876,89.118
37.323,102.59,52.058,-67.801,-3.6617,77.194,-255.16,22.083,58.242,76.382,78.895,85.987
34.855,99.046,51.187,-64.214,-3.8976,75.122,-256.64,18.831,55.347,71.641,73.114,82.686
32.514,95.304,50.234,-60.497,-4.1548,73.154,-258.22,15.747,52.347,66.757,67.375,79.132
30.304,91.276,49.145,-56.727,-4.4509,71.047,-259.88,12.873,49.273,61.728,61.496,75.287
28.114,87.053,47.907,-53.089,-4.8008,68.727,-261.61,10.231,46.131,56.573,55.378,71.194
25.772,82.837,46.553,-49.621,-5.2147,66.296,-263.42,7.8269,42.908,51.235,49.046,66.974
23.164,78.715,45.144,-46.098,-5.6941,63.874,-265.29,5.6572,39.602,45.556,42.608,62.778
20.287,74.549,43.727,-42.308,-6.2295,61.49,-267.24,3.7031,36.246,39.439,36.252,58.712
17.219,70.163,42.311,-38.319,-6.8002,59.086,-269.25,1.9356,32.886,33.113,30.314,54.796
14.072,65.531,40.862,-34.379,-7.3757,56.561,-271.3,0.32099,29.557,27.151,25.147,50.963
10.98,60.741,39.304,-30.678,-7.9196,53.786,-273.39,-1.1734,26.287,22.015,20.835,47.114
8.1066,55.856,37.584,-27.27,-8.3936,50.664,-275.52,-2.576,23.095,17.745,17.139,43.177
5.6125,50.881,35.742,-24.118,-8.7621,47.225,-277.67,-3.9095,19.994,14.194,13.733,39.15
3.5955,45.804,33.877,-21.13,-8.9946,43.627,-279.88,-5.19,16.984,11.245,10.437,35.11
2.0551,40.648,31.972,-18.168,-9.0636,39.996,-282.16,-6.4271,14.071,8.8239,7.3297,31.183
0.91772,35.526,29.829,-15.095,-8.9413,36.339,-284.55,-7.6249,11.303,6.844,4.6242,27.489
0.090998,30.653,27.231,-11.915,-8.6027,32.613,-287.12,-8.784,8.7679,5.1924,2.399,24.099
-0.49969,26.199,24.104,-8.939,-8.035,28.801,-289.93,-9.9025,6.5379,3.7682,0.54437,21.044
-0.90188,22.176,20.544,-6.5716,-7.25,24.916,-292.99,-10.977,4.6171,2.5213,-1.094,18.334
-1.1442,18.51,16.767,-4.9108,-6.2874,20.991,-296.31,-12.005,2.9527,1.4453,-2.6106,15.97
-1.249,15.196,13.086,-3.7798,-5.2116,17.118,-299.81,-12.984,1.4836,0.54457,-4.0331,13.944
-1.2413,12.368,9.8306,-2.9852,-4.1045,13.506,-303.41,-13.915,0.16579,-0.18922,-5.3559,12.235
-1.1515,10.155,7.2153,-2.4101,-3.0553,10.469,-307.03,-14.805,-1.0296,-0.78132,-6.5734,10.81
-1.012,8.5383,5.2822,-1.9938,-2.1451,8.2423,-310.67,-15.665,-2.124,-1.2662,-7.6933,9.6281
-0.85117,7.4083,3.957,-1.7022,-1.4289,6.8141,-314.38,-16.502,-3.1334,-1.6758,-8.7289,8.6445
-0.68847,6.6522,3.1293,-1.5133,-0.92399,5.9936,-318.2,-17.32,-4.068,-2.0309,-9.6844,7.8175
-0.53302,6.1775,2.6844,-1.4093,-0.60998,5.5712,-322.21,-18.11,-4.9314,-2.3371,-10.544,7.1103
-0.38748,5.9037,2.5041,-1.3722,-0.44172,5.3882,-326.46,-18.858,-5.7196,-2.5865,-11.273,6.4944
-0.25413,5.7567,2.4772,-1.3812,-0.36842,5.3346,-330.97,-19.544,-6.4216,-2.7642,-11.826,5.9506
-0.13936,5.6724,2.5223,-1.4128,-0.35012,5.3344,-335.74,-20.154,-7.0201,-2.8569,-12.164,5.4688
-0.053465,5.6019,2.5927,-1.4437,-0.3636,5.3354,-340.73,-20.676,-7.4947,-2.861,-12.266,5.0429
-0.0065609,5.5144,2.6521,-1.4542,-0.39688,5.3015,-345.88,-21.105,-7.828,-2.786,-12.137,4.6654
-0.0034142,5.3937,2.6531,-1.4317,-0.43918,5.207,-351.13,-21.442,-8.0129,-2.652,-11.806,4.3222
-0.039889,5.2331,2.548,-1.3724,-0.47334,5.0346,-356.48,-21.684,-8.058,-2.4829,-11.319,3.9929
-0.1024,5.0328,2.3141,-1.2802,-0.47416,4.7775,-361.95,-21.831,-7.9879,-2.2987,-10.726,3.6565
-0.1713,4.8007,1.9599,-1.1656,-0.41527,4.444,-367.6,-21.883,-7.8365,-2.1111,-10.07,3.2997
-0.22833,4.5535,1.5164,-1.0414,-0.28465,4.061,-373.53,-21.839,-7.636,-1.9219,-9.3761,2.9225
-0.26529,4.3143,1.036,-0.91947,-0.098964,3.6728,-379.69,-21.704,-7.4091,-1.7249,-8.6582,2.5376
-0.2892,4.1091,0.59631,-0.80638,0.094836,3.3337,-385.83,-21.485,-7.1673,-1.5116,-7.9206,2.1643
-0.32059,3.9603,0.29291,-0.70265,0.23231,3.0972,-391.53,-21.199,-6.9135,-1.2758,-7.1696,1.8215
-0.38541,3.8814,0.21572,-0.60396,0.25117,3.004,-396.43,-20.861,-6.6461,-1.0174,-6.4164,1.5235
-0.50499,3.8743,0.41765,-0.50473,0.11039,3.0716,-400.4,-20.483,-6.3618,-0.74036,-5.675,1.2788
-0.68863,3.9282,0.89429,-0.40093,-0.19731,3.2899,-403.53,-20.069,-6.0571,-0.44911,-4.9583,1.0931
-0.93191,4.0211,1.5841,-0.29022,-0.64416,3.6237,-405.99,-19.614,-5.7303,-0.14495,-4.2784,0.97206
-1.2208,4.1216,2.3851,-0.16938,-1.177,4.0183,-407.95,-19.108,-5.384,0.17506,-3.6463,0.92326
-1.5395,4.1925,3.1797,-0.03091,-1.7334,4.4082,-409.51,-18.549,-5.0286,0.5158,-3.0723,0.95468
-1.8783,4.1949,3.8606,0.13911,-2.2581,4.7271,-410.75,-17.947,-4.6803,0.88159,-2.5626,1.0706
-2.2365,4.0931,4.3521,0.35959,-2.7129,4.9195,-411.74,-17.327,-4.3566,1.2763,-2.1173,1.268
-2.6194,3.8606,4.6202,0.64896,-3.0765,4.9495,-412.5,-16.723,-4.0686,1.7064,-1.7294,1.5354
-3.0307,3.4863,4.6677,1.0176,-3.34,4.803,-413.07,-16.16,-3.8154,2.1832,-1.3855,1.856
-3.4662,2.9774,4.523,1.461,-3.5055,4.4867,-413.49,-15.655,-3.5847,2.7228,-1.0666,2.2129
-3.9131,2.3612,4.2293,1.9572,-3.5882,4.0256,-413.76,-15.206,-3.3576,3.3408,-0.74944,2.5926
-4.3517,1.6838,3.8365,2.4682,-3.6122,3.4626,-413.92,-14.807,-3.1159,4.0445,-0.41327,2.9863
-4.7584,1.005,3.3975,2.9476,-3.602,2.8552,-413.98,-14.446,-2.846,4.8263,-0.047569,3.3888
-5.1102,0.39028,2.9677,3.3502,-3.5794,2.2703,-413.96,-14.116,-2.5368,5.6622,0.34407,3.7972
-5.3894,-0.098353,2.604,3.641,-3.5645,1.7772,-413.86,-13.811,-2.1773,6.5186,0.74961,4.2101
-5.5864,-0.40744,2.3632,3.7982,-3.5783,1.4416,-413.69,-13.523,-1.7543,7.3633,1.16,4.6272
-5.6945,-0.49266,2.2963,3.8096,-3.6383,1.3201,-413.48,-13.242,-1.256,8.1746,1.5776,5.0492
-5.7027,-0.31641,2.4373,3.665,-3.7517,1.4574,-413.24,-12.949,-0.67624,8.9428,2.0146,5.478
-5.5926,0.1532,2.7945,3.35,-3.91,1.8796,-412.97,-12.618,-0.017819,9.6624,2.4854,5.9176
-5.3428,0.93843,3.3513,2.8468,-4.0907,2.5897,-412.68,-12.223,0.70878,10.324,2.9987,6.3728
-4.9356,2.0446,4.0786,2.1408,-4.2655,3.5671,-412.39,-11.742,1.4881,10.909,3.554,6.8456
-4.366,3.4538,4.9421,1.2283,-4.4098,4.7742,-412.1,-11.173,2.3022,11.398,4.1439,7.3291
-3.6457,5.122,5.9021,0.12281,-4.5092,6.1608,-411.82,-10.528,3.1317,11.774,4.7574,7.8013
-2.8031,6.9797,6.9146,-1.1414,-4.5613,7.6678,-411.54,-9.8305,3.9581,12.029,5.385,8.2241
-1.8774,8.9366,7.9447,-2.5095,-4.5718,9.2347,-411.3,-9.1047,4.7663,12.167,6.0232,8.5501
-0.9094,10.89,8.9675,-3.9105,-4.5465,10.802,-411.09,-8.3624,5.5498,12.202,6.6777,8.7383
0.066763,12.737,9.9416,-5.2678,-4.4801,12.3,-410.92,-7.6016,6.3121,12.162,7.3649,8.7705
1.0271,14.384,10.785,-6.5132,-4.35,13.634,-410.81,-6.81,7.0648,12.074,8.1078,8.656
1.9548,15.75,11.392,-7.6011,-4.1205,14.684,-410.75,-5.9752,7.8208,11.962,8.9267,8.4214
2.8345,16.773,11.669,-8.512,-3.7582,15.337,-410.73,-5.0932,8.5865,11.839,9.8247,8.0929
3.6505,17.409,11.57,-9.2447,-3.2487,15.522,-410.77,-4.1738,9.3559,11.703,10.775,7.684
4.3898,17.65,11.099,-9.8067,-2.6033,15.25,-410.85,-3.2378,10.109,11.544,11.72,7.1932
5.046,17.536,10.304,-10.209,-1.8585,14.615,-410.99,-2.312,10.812,11.346,12.59,6.6115
5.6195,17.166,9.2705,-10.468,-1.068,13.761,-411.18,-1.423,11.427,11.098,13.329,5.9321
6.1151,16.662,8.1176,-10.609,-0.29167,12.831,-411.43,-0.59275,11.92,10.796,13.908,5.1579
6.5406,16.126,6.9742,-10.665,0.41526,11.919,-411.74,0.16462,12.273,10.44,14.324,4.3039
6.9058,15.607,5.9493,-10.673,1.0117,11.068,-412.11,0.84402,12.496,10.036,14.593,3.3977
7.2203,15.12,5.1108,-10.666,1.4754,10.3,-412.54,1.4475,12.625,9.588,14.733,2.4765
7.4919,14.688,4.4796,-10.673,1.8041,9.6528,-413.02,1.9791,12.706,9.103,14.76,1.5827
7.7258,14.351,4.0385,-10.711,2.0148,9.1667,-413.54,2.4399,12.781,8.5887,14.695,0.75633
7.9254,14.148,3.7556,-10.788,2.1389,8.8687,-414.08,2.8269,12.873,8.0525,14.562,0.027037
8.0922,14.102,3.6029,-10.901,2.211,8.7613,-414.62,3.1374,12.986,7.5001,14.397,-0.59027
8.2221,14.201,3.5639,-11.04,2.2536,8.8255,-415.14,3.377,13.099,6.9335,14.239,-1.0937
8.3039,14.405,3.6332,-11.178,2.2696,9.0269,-415.62,3.5651,13.185,6.3533,14.123,-1.4889
8.3211,14.658,3.8133,-11.286,2.2462,9.3229,-416.06,3.7349,13.225,5.761,14.075,-1.7822
8.257,14.907,4.1073,-11.336,2.1639,9.6719,-416.45,3.9258,13.218,5.1608,14.112,-1.9773
8.0984,15.114,4.5104,-11.309,2.0032,10.04,-416.79,4.1737,13.179,4.5571,14.244,-2.0763
7.8353,15.254,5.008,-11.191,1.7469,10.403,-417.1,4.5017,13.126,3.9513,14.475,-2.0848
7.4585,15.301,5.5765,-10.968,1.3839,10.736,-417.39,4.9148,13.065,3.3399,14.803,-2.0181
6.959,15.218,6.1832,-10.623,0.91282,11.007,-417.66,5.3989,12.985,2.7147,15.229,-1.9035
6.3296,14.956,6.7841,-10.14,0.34433,11.171,-417.94,5.9254,12.866,2.0653,15.751,-1.7775
5.569,14.475,7.3255,-9.5052,-0.29742,11.181,-418.22,6.4586,12.686,1.3818,16.358,-1.6783
4.6838,13.754,7.7518,-8.7155,-0.97677,10.998,-418.51,6.9666,12.439,0.65754,17.027,-1.6386
3.6882,12.8,8.0175,-7.7811,-1.6513,10.6,-418.78,7.4292,12.139,-0.10891,17.714,-1.6816
2.6034,11.64,8.0967,-6.7221,-2.279,9.9932,-419.0,7.8426,11.812,-0.91341,18.36,-1.8191
1.4634,10.319,7.9869,-5.5637,-2.8252,9.203,-419.13,8.2192,11.484,-1.7463,18.9,-2.0522
0.32377,8.8915,7.7081,-4.3368,-3.2694,8.2744,-419.15,8.5834,11.172,-2.5933,19.279,-2.3715
-0.74659,7.4149,7.2963,-3.0879,-3.6077,7.2616,-419.08,8.965,10.872,-3.4371,19.46,-2.7596
-1.6923,5.9475,6.7928,-1.882,-3.8492,6.2195,-419.04,9.3903,10.557,-4.2601,19.428,-3.1961
-2.4906,4.5449,6.2318,-0.78496,-4.0062,5.1963,-419.35,9.875,10.192,-5.0462,19.186,-3.6635
-3.1439,3.2545,5.6342,0.16367,-4.0843,4.2285,-420.77,10.42,9.7498,-5.7795,18.748,-4.1526
-3.6606,2.1075,5.008,0.95854,-4.0802,3.3378,-424.52,11.01,9.226,-6.4422,18.139,-4.6624
-4.0465,1.1122,4.3523,1.6172,-3.9869,2.5307,-430.36,11.615,8.6477,-7.0145,17.387,-5.1951
-4.3065,0.25651,3.6638,2.164,-3.8017,1.8018,-433.41,12.194,8.0588,-7.4791,16.52,-5.7489
-4.45,-0.48436,2.9435,2.6212,-3.5311,1.1394,-430.36,12.699,7.5,-7.8258,15.565,-6.3126
-4.4944,-1.1377,2.2038,3.0084,-3.1938,0.53149,-422.33,13.077,6.9957,-8.0549,14.551,-6.8662
-4.466,-1.7281,1.4712,3.345,-2.8197,-0.031609,-410.04,13.282,6.5495,-8.1761,13.506,-7.3867
-4.398,-2.2771,0.78044,3.6512,-2.4475,-0.55855,-394.15,13.274,6.1502,-8.2043,12.464,-7.854
-4.3258,-2.8043,0.16153,3.9454,-2.1167,-1.0598,-375.79,13.035,5.7794,-8.1548,11.452,-8.2553
-4.2792,-3.3269,-0.3746,4.2406,-1.8575,-1.5495,-356.07,12.568,5.4198,-8.0394,10.485,-8.5852
-4.2764,-3.8595,-0.84188,4.5435,-1.6821,-2.0448,-335.63,11.906,5.0613,-7.8655,9.5648,-8.8422
-4.3202,-4.4125,-1.274,4.8549,-1.581,-2.5633,-314.43,11.098,4.7025,-7.638,8.6919,-9.0246
-4.4009,-4.9903,-1.7118,5.1712,-1.5266,-3.1178,-291.97,10.202,4.3498,-7.3612,7.8719,-9.1281
-4.5019,-5.5895,-2.1882,5.4856,-1.4816,-3.7116,-267.64,9.2684,4.012,-7.0411,7.1181,-9.1463
-4.603,-6.1957,-2.7182,5.7871,-1.4095,-4.3344,-241.03,8.3336,3.6946,-6.6847,6.4452,-9.0728
-4.6821,-6.7817,-3.2949,6.0578,-1.2828,-4.9613,-212.07,7.4179,3.3973,-6.2986,5.8622,-8.9026
-4.7148,-7.3092,-3.8937,6.2733,-1.0873,-5.5546,-181.02,6.527,3.1155,-5.8891,5.367,-8.6362
-4.6774,-7.7341,-4.4789,6.4057,-0.8229,-6.0711,-148.42,5.6546,2.845,-5.4647,4.9469,-8.2835
-4.5511,-8.0159,-5.0128,6.4309,-0.50078,-6.4715,-115.08,4.7853,2.5861,-5.0358,4.5845,-7.8653
-4.3278,-8.1277,-5.4618,6.336,-0.14061,-6.7295,-82.152,3.9037,2.3449,-4.6119,4.269,-7.4105
-4.0134,-8.0631,-5.8018,6.124,0.23255,-6.8368,-51.11,3.0049,2.1315,-4.1968,4.0031,-6.948
-3.6267,-7.8375,-6.019,5.8123,0.59063,-6.8021,-23.664,2.102,1.9545,-3.7866,3.8035,-6.4996
-3.1972,-7.4804,-6.1079,5.4278,0.90484,-6.6442,-1.4154,1.2245,1.8173,-3.3742,3.6924,-6.0759
-2.7601,-7.026,-6.0675,5.0013,1.1482,-6.3833,15.419,0.40893,1.7156,-2.9564,3.6877,-5.6783
-2.3535,-6.5043,-5.8986,4.564,1.2995,-6.0351,28.316,-0.3134,1.6378,-2.5403,3.7937,-5.3051
-2.014,-5.9404,-5.603,4.1451,1.3464,-5.6103,38.675,-0.9235,1.5674,-2.1435,3.9955,-4.9594
-1.7735,-5.358,-5.1856,3.772,1.2863,-5.1205,46.242,-1.4167,1.4864,-1.7906,4.26,-4.6511
-1.6544,-4.7852,-4.6571,3.4691,1.1235,-4.5841,47.232,-1.8,1.3806,-1.507,4.5421,-4.3935
-1.6679,-4.2574,-4.0365,3.2585,0.86477,-4.0295,43.258,-2.0871,1.2449,-1.3145,4.7961,-4.1951
-1.8154,-3.814,-3.3498,3.1584,0.51763,-3.4929,43.936,-2.2931,1.0853,-1.2299,4.9885,-4.0547
-2.0923,-3.4929,-2.628,3.1822,0.090358,-3.0132,48.267,-2.4315,0.91676,-1.2656,5.1057,-3.9621
-2.4894,-3.3235,-1.9043,3.3362,-0.40642,-2.6252,53.372,-2.5121,0.75743,-1.4296,5.1531,-3.9035
-2.9933,-3.3217,-1.2124,3.6173,-0.95714,-2.3549,57.646,-2.5405,0.621,-1.7235,5.1442,-3.8674
-3.5833,-3.4869,-0.58649,4.011,-1.5382,-2.2157,60.66,-2.5192,0.51189,-2.1408,5.0875,-3.8456
-4.228,-3.8026,-0.061924,4.4918,-2.1162,-2.2082,62.621,-2.4499,0.42467,-2.668,4.9775,-3.8307
-4.8848,-4.2393,0.32511,5.0246,-2.6481,-2.3229,63.871,-2.3381,0.34811,-3.2885,4.7985,-3.8106
-5.5019,-4.7595,0.54088,5.5681,-3.0855,-2.5451,64.687,-2.1955,0.27131,-3.9848,4.5367,-3.7671
-6.0257,-5.3233,0.55945,6.0794,-3.3829,-2.8577,65.263,-2.0409,0.18857,-4.737,4.1951,-3.6784
-6.4092,-5.894,0.36901,6.52,-3.5069,-3.2442,65.727,-1.8958,0.10121,-5.5205,3.7989,-3.525
-6.622,-6.4416,-0.022025,6.8618,-3.4451,-3.6874,66.163,-1.778,0.016355,-6.3053,3.3913,-3.2947
-6.6565,-6.944,-0.58219,7.0923,-3.2083,-4.1685,66.627,-1.695,-0.056176,-7.0587,3.0204,-2.984
-6.5272,-7.3861,-1.2613,7.2144,-2.8264,-4.6651,67.15,-1.6428,-0.10756,-7.7484,2.7267,-2.5969
-6.2624,-7.7573,-2.0023,7.242,-2.3391,-5.1528,67.742,-1.6094,-0.13302,-8.346,2.5339,-2.1404
-5.8946,-8.0507,-2.7542,7.1909,-1.7876,-5.6081,68.388,-1.5819,-0.13339,-8.8307,2.4477,-1.6212
-5.4537,-8.2615,-3.4799,7.073,-1.2099,-6.0135,69.06,-1.5521,-0.11493,-9.1908,2.4625,-1.0447
-4.9648,-8.3883,-4.1569,6.8959,-0.63827,-6.36,69.72,-1.5191,-0.087126,-9.4238,2.5713,-0.41485
-4.4493,-8.4348,-4.7724,6.6669,-0.09682,-6.6471,70.335,-1.4863,-0.059181,-9.533,2.7696,0.2638
-3.9294,-8.4109,-5.3165,6.3984,0.39869,-6.879,70.889,-1.4566,-0.036443,-9.5251,3.0541,0.98421
-3.4322,-8.3337,-5.7766,6.1109,0.83682,-7.0605,71.393,-1.4277,-0.018857,-9.4083,3.4169,1.734
-2.9895,-8.226,-6.1357,5.8318,1.2051,-7.1958,71.877,-1.3909,-0.0027631,-9.1942,3.8439,2.4932
-2.6318,-8.1134,-6.3751,5.5904,1.487,-7.2882,72.377,-1.3338,0.015158,-8.8988,4.3153,3.2342
-2.3814,-8.0192,-6.4799,5.4108,1.6636,-7.3408,72.917,-1.2458,0.034877,-8.5427,4.8091,3.9263
-2.247,-7.9587,-6.4468,5.3065,1.7211,-7.3564,73.491,-1.1237,0.052658,-8.1491,5.3016,4.5431
-2.2226,-7.9365,-6.2901,5.278,1.6597,-7.3393,74.061,-0.97501,0.062477,-7.7421,5.769,5.0687
-2.2889,-7.9475,-6.0442,5.314,1.4989,-7.2966,74.569,-0.81726,0.057458,-7.3452,6.1878,5.4998
-2.418,-7.9809,-5.7595,5.3953,1.2759,-7.2402,74.955,-0.67203,0.030444,-6.9786,6.5374,5.8421
-2.5781,-8.0249,-5.4923,5.5002,1.0372,-7.1847,75.179,-0.5553,-0.025987,-6.6566,6.803,6.105
-2.7398,-8.0681,-5.2903,5.6073,0.82717,-7.1419,75.226,-0.4693,-0.11903,-6.3847,6.9797,6.2989
-2.879,-8.0985,-5.1807,5.6974,0.67645,-7.1147,75.114,-0.40005,-0.25367,-6.1591,7.0734,6.4338
-2.9785,-8.1001,-5.1645,5.7529,0.59674,-7.0935,74.875,-0.32236,-0.42914,-5.9685,7.0991,6.5209
-3.0269,-8.0516,-5.2169,5.7571,0.58154,-7.0573,74.55,-0.20974,-0.63552,-5.7987,7.0775,6.5738
-3.0162,-7.927,-5.2942,5.6929,0.61173,-6.9781,74.183,-0.04443,-0.85317,-5.6366,7.0334,6.6099
-2.9384,-7.6987,-5.3435,5.5429,0.66402,-6.8269,73.807,0.17724,-1.0566,-5.472,6.995,6.6501
-2.782,-7.3419,-5.3168,5.2898,0.721,-6.5797,73.445,0.44571,-1.2213,-5.2972,6.9898,6.7154
-2.5309,-6.8398,-5.1823,4.9191,0.77911,-6.2222,73.104,0.74346,-1.3308,-5.1039,7.0397,6.8217
-2.1669,-6.1866,-4.9331,4.4217,0.85068,-5.7523,72.78,1.0516,-1.3787,-4.8822,7.1555,6.9749
-1.6738,-5.3884,-4.5878,3.7961,0.96077,-5.1802,72.463,1.3554,-1.3668,-4.6209,7.3343,7.1698
-1.0384,-4.4613,-4.1848,3.0472,1.1411,-4.5265,72.151,1.6479,-1.3005,-4.3112,7.5621,7.393
-0.25238,-3.43,-3.7713,2.1862,1.4222,-3.8192,71.852,1.9304,-1.1871,-3.9496,7.8196,7.627
0.68579,-2.3262,-3.3928,1.2315,1.8254,-3.0891,71.582,2.2091,-1.0364,-3.5379,8.0893,7.8569
1.7654,-1.1876,-3.087,0.21174,2.354,-2.3663,71.354,2.4897,-0.8625,-3.0817,8.3586,8.0709
2.9538,-0.056483,-2.8815,-0.83229,2.9894,-1.6786,71.172,2.772,-0.68083,-2.5869,8.6195,8.2596
4.1862,1.0231,-2.7947,-1.8502,3.6924,-1.051,71.028,3.0499,-0.50446,-2.0574,8.8668,8.4145
5.369,2.0088,-2.8363,-2.7909,4.4127,-0.50784,70.902,3.3089,-0.34101,-1.4945,9.0953,8.5261
6.4057,2.8627,-3.0055,-3.6114,5.0994,-0.072629,70.77,3.53,-0.19302,-0.89712,9.2972,8.583
7.2319,3.5522,-3.2891,-4.2805,5.7113,0.23305,70.61,3.6951,-0.059931,-0.26479,9.4604,8.5736
7.8256,4.0502,-3.6602,-4.7758,6.2196,0.39394,70.406,3.7906,0.060498,0.39955,9.5694,8.4898
8.1872,4.3351,-4.0786,-5.0797,6.6036,0.40465,70.147,3.8097,0.17201,1.0871,9.6097,8.3309
8.3166,4.3918,-4.4942,-5.1765,6.8444,0.27276,69.825,3.7528,0.27961,1.7847,9.5688,8.1037
8.2066,4.2126,-4.8526,-5.0522,6.9192,0.01728,69.431,3.6257,0.38773,2.4796,9.4416,7.8199
7.851,3.8,-5.1028,-4.6972,6.8017,-0.33477,68.96,3.4387,0.49633,3.1651,9.2331,7.4901
7.2527,3.1664,-5.2055,-4.1093,6.4661,-0.75328,68.411,3.2048,0.59687,3.8432,8.957,7.1206
6.4208,2.3322,-5.1397,-3.2961,5.8966,-1.2102,67.778,2.9375,0.67172,4.5211,8.6302,6.7124
5.3603,1.3257,-4.9063,-2.2768,5.0993,-1.6839,67.055,2.6476,0.69922,5.2053,8.2663,6.2651
4.0706,0.18257,-4.5292,-1.0841,4.1077,-2.1604,66.226,2.3419,0.66256,5.8948,7.8733,5.782
2.5693,-1.0539,-4.0526,0.23592,2.9804,-2.6333,65.28,2.0234,0.55703,6.5784,7.4561,5.2742
0.91916,-2.3354,-3.5354,1.6274,1.7923,-3.1011,64.216,1.6937,0.39149,7.2369,7.0226,4.7594
-0.76814,-3.6155,-3.0408,3.0312,0.62678,-3.5655,63.056,1.3553,0.18384,7.8498,6.5871,4.2575
-2.3606,-4.8565,-2.6242,4.3909,-0.4343,-4.0292,61.849,1.0139,-0.045272,8.402,6.1703,3.7851
-3.7517,-6.0326,-2.3239,5.6593,-1.3263,-4.494,60.662,0.67693,-0.27675,8.8851,5.7954,3.3529
-4.9008,-7.1288,-2.1555,6.807,-2.0192,-4.9573,59.562,0.35161,-0.49421,9.2951,5.4833,2.9632
-5.8378,-8.135,-2.1107,7.8258,-2.523,-5.4087,58.593,0.043677,-0.68381,9.6268,5.2478,2.6114
-6.6227,-9.0422,-2.1591,8.7217,-2.8752,-5.8311,57.767,-0.24193,-0.83464,9.8719,5.0927,2.2879
-7.3002,-9.8418,-2.2544,9.5045,-3.1222,-6.2038,57.061,-0.50098,-0.94064,10.019,5.0088,1.9809
-7.8864,-10.529,-2.3433,10.181,-3.3072,-6.5095,56.433,-0.72601,-1.0024,10.056,4.9757,1.6794
-8.3808,-11.109,-2.378,10.755,-3.4643,-6.7395,55.84,-0.90927,-1.0277,9.9772,4.9691,1.377
-8.7807,-11.59,-2.327,11.23,-3.6155,-6.8966,55.255,-1.0459,-1.0303,9.7842,4.9684,1.0741
-9.0866,-11.985,-2.184,11.607,-3.7699,-6.9935,54.667,-1.1371,-1.028,9.4909,4.9647,0.77648
-9.3021,-12.298,-1.9725,11.885,-3.9237,-7.0484,54.078,-1.1901,-1.0388,9.1195,4.9601,0.49211
-9.4324,-12.526,-1.7413,12.056,-4.0625,-7.0813,53.498,-1.2155,-1.0765,8.6948,4.9638,0.22793
-9.4829,-12.662,-1.5525,12.117,-4.166,-7.1093,52.936,-1.2224,-1.1459,8.2371,4.9827,-0.011311
-9.4599,-12.704,-1.4634,12.069,-4.2133,-7.1444,52.402,-1.2165,-1.2398,7.7569,5.0143,-0.22209
-9.3706,-12.659,-1.5086,11.923,-4.1887,-7.1896,51.901,-1.2006,-1.3416,7.2545,5.0452,-0.40087
-9.2202,-12.536,-1.6923,11.694,-4.0859,-7.2382,51.434,-1.1756,-1.4315,6.7251,5.0535,-0.54371
-9.0099,-12.341,-1.9891,11.395,-3.9091,-7.2751,51.007,-1.1399,-1.4939,6.1653,5.017,-0.64716
-8.7364,-12.071,-2.3521,11.031,-3.6731,-7.2797,50.638,-1.0887,-1.523,5.5793,4.9221,-0.70956
-8.3936,-11.718,-2.7199,10.598,-3.3996,-7.2287,50.359,-1.0144,-1.525,4.9809,4.7695,-0.7324
-7.9774,-11.266,-3.0258,10.091,-3.1146,-7.098,50.2,-0.90917,-1.5148,4.3895,4.5758,-0.72134
-7.4893,-10.707,-3.2091,9.5035,-2.843,-6.8663,50.172,-0.76995,-1.5117,3.8247,4.3709,-0.68747
-6.9382,-10.036,-3.2265,8.8384,-2.6048,-6.5187,50.239,-0.60299,-1.5337,3.2992,4.1903,-0.64866
-6.3391,-9.2613,-3.0621,8.1047,-2.4117,-6.0516,50.316,-0.42475,-1.5936,2.8166,4.0663,-0.62897
-5.7097,-8.396,-2.7301,7.3166,-2.2652,-5.4736,50.282,-0.25773,-1.6968,2.3721,4.0187,-0.65491
-5.0676,-7.4593,-2.2695,6.4908,-2.1571,-4.8045,50.014,-0.12357,-1.8392,1.9571,4.0491,-0.74933
-4.4283,-6.4719,-1.7334,5.6455,-2.0726,-4.0709,49.424,-0.03649,-2.0103,1.5622,4.141,-0.92671
-3.8056,-5.4537,-1.1743,4.7994,-1.9956,-3.3007,48.493,-0.0046198,-2.1971,1.1799,4.2677,-1.1923
-3.2126,-4.4254,-0.63294,3.9715,-1.9133,-2.519,47.275,-0.029816,-2.3903,0.80466,4.4025,-1.5449
-2.6633,-3.4103,-0.132,3.1814,-1.8203,-1.7479,45.881,-0.10963,-2.5881,0.43184,4.5265,-1.9801
-2.1727,-2.4361,0.3241,2.4493,-1.7215,-1.008,44.445,-0.23976,-2.7959,0.056328,4.6316,-2.4934
-1.7584,-1.5335,0.74666,1.7959,-1.6329,-0.31738,43.081,-0.41816,-3.0227,-0.32848,4.7126,-3.0811
-1.4397,-0.7313,1.1584,1.2411,-1.5813,0.311,41.864,-0.64568,-3.2755,-0.72905,4.7602,-3.7395
-1.2363,-0.050415,1.5882,0.80139,-1.5998,0.87286,40.826,-0.92775,-3.5553,-1.1469,4.7543,-4.4626
-1.165,0.49937,2.0641,0.48729,-1.7203,1.3735,39.957,-1.2721,-3.857,-1.5759,4.661,-5.2398
-1.2362,0.92048,2.6057,0.30176,-1.9655,1.8251,39.225,-1.6844,-4.1713,-2.0035,4.4338,-6.0531
-1.4501,1.2257,3.2182,0.23928,-2.342,2.2421,38.593,-2.1634,-4.4868,-2.4168,4.0213,-6.8782
-1.7955,1.4343,3.8903,0.28646,-2.8392,2.6361,38.024,-2.6981,-4.7906,-2.8086,3.3776,-7.6863
-2.2512,1.5673,4.5979,0.42423,-3.4314,3.0132,37.495,-3.2676,-5.0675,-3.1808,2.4709,-8.4472
-2.7897,1.6433,5.3117,0.63104,-4.0854,3.3731,36.995,-3.8442,-5.3024,-3.5429,1.2893,-9.1311
-3.3819,1.6757,6.0058,0.88585,-4.7692,3.7111,36.515,-4.3992,-5.4835,-3.9045,-0.1573,-9.7105
-3.9987,1.6732,6.6632,1.1695,-5.4566,4.0209,36.051,-4.9073,-5.6077,-4.2669,-1.8347,-10.16
-4.6111,1.6416,7.2763,1.4643,-6.127,4.2975,35.601,-5.3499,-5.6808,-4.6203,-3.684,-10.456
-5.1915,1.586,7.845,1.7537,-6.7613,4.538,35.168,-5.7139,-5.7132,-4.9477,-5.6282,-10.582
-5.7135,1.5131,8.3701,2.0214,-7.3401,4.7401,34.773,-5.9907,-5.7151,-5.2342,-7.5857,-10.527
-6.1523,1.4314,8.8456,2.2507,-7.8411,4.8996,34.451,-6.1766,-5.6937,-5.4748,-9.4846,-10.291
-6.4817,1.3513,9.2494,2.4248,-8.2373,5.0092,34.243,-6.2764,-5.6556,-5.6769,-11.273,-9.8919
-6.6735,1.2846,9.5391,2.5268,-8.496,5.0585,34.184,-6.3071,-5.6108,-5.8574,-12.922,-9.3596
-6.7017,1.2433,9.6588,2.5422,-8.5809,5.0369,34.284,-6.293,-5.5724,-6.0354,-14.413,-8.7345
-6.5487,1.2373,9.5575,2.4622,-8.4584,4.9382,34.525,-6.2618,-5.5532,-6.2253,-15.734,-8.0595
-6.2133,1.2728,9.2096,2.2864,-8.1088,4.7656,34.867,-6.2366,-5.5603,-6.4322,-16.875,-7.3742
-5.7119,1.3524,8.6289,2.023,-7.5387,4.5335,35.25,-6.2295,-5.5928,-6.6536,-17.84,-6.7143
-5.0754,1.4775,7.8685,1.6857,-6.7879,4.2672,35.618,-6.2369,-5.6446,-6.8826,-18.643,-6.1114
-4.3421,1.6523,7.0092,1.288,-5.9242,4.0012,35.929,-6.2433,-5.7081,-7.1135,-19.299,-5.595
-3.5498,1.8865,6.1438,0.83906,-5.0269,3.7758,36.174,-6.2271,-5.7784,-7.3452,-19.818,-5.1942
-2.7323,2.1928,5.3619,0.344,-4.1696,3.6312,36.368,-6.1699,-5.8539,-7.5827,-20.212,-4.9379
-1.9194,2.5806,4.738,-0.19256,-3.4097,3.5994,36.545,-6.0631,-5.9362,-7.8331,-20.493,-4.8507
-1.1402,3.049,4.3224,-0.76025,-2.7866,3.6964,36.74,-5.9092,-6.0283,-8.0997,-20.674,-4.9476
-0.42533,3.5816,4.1361,-1.3384,-2.3252,3.9186,36.984,-5.7187,-6.1336,-8.377,-20.775,-5.2301
0.19351,4.1474,4.1688,-1.8961,-2.0373,4.2434,37.298,-5.5056,-6.2555,-8.6492,-20.807,-5.6871
0.68955,4.706,4.3819,-2.3987,-1.9168,4.6347,37.692,-5.2851,-6.3955,-8.8958,-20.775,-6.2981
1.0481,5.2193,4.718,-2.8179,-1.9356,5.0509,38.172,-5.0729,-6.5503,-9.0996,-20.671,-7.0377
1.2722,5.6613,5.1147,-3.1398,-2.0492,5.4546,38.742,-4.8838,-6.7094,-9.2549,-20.479,-7.8788
1.382,6.0206,5.5169,-3.365,-2.2105,5.8184,39.411,-4.7286,-6.8546,-9.3692,-20.183,-8.7897
1.4062,6.2943,5.8831,-3.5029,-2.381,6.1246,40.196,-4.6106,-6.9629,-9.4585,-19.769,-9.7313
1.3726,6.4794,6.1846,-3.5638,-2.5363,6.3589,41.125,-4.5227,-7.0118,-9.5371,-19.233,-10.655
1.3008,6.5679,6.4012,-3.5538,-2.6647,6.5037,42.232,-4.4473,-6.9849,-9.61,-18.582,-11.509
1.2013,6.5478,6.5175,-3.4739,-2.7641,6.5375,43.56,-4.3601,-6.8752,-9.6712,-17.837,-12.246
1.078,6.4063,6.5203,-3.3214,-2.8375,6.4387,45.15,-4.2362,-6.686,-9.7063,-17.024,-12.83
0.93299,6.1357,6.398,-3.0941,-2.8887,6.1917,47.031,-4.0574,-6.4299,-9.7,-16.174,-13.238
0.77166,5.7382,6.1406,-2.7962,-2.9173,5.7925,49.203,-3.818,-6.1266,-9.6423,-15.311,-13.463
0.60713,5.2299,5.742,-2.4416,-2.9153,5.2525,51.617,-3.5272,-5.8007,-9.5307,-14.451,-13.521
0.46045,4.6406,5.2025,-2.0543,-2.8677,4.5979,54.189,-3.2056,-5.4769,-9.3696,-13.597,-13.445
0.35753,4.0084,4.532,-1.6637,-2.7571,3.8662,56.811,-2.8777,-5.1743,-9.1671,-12.746,-13.285
0.32315,3.3707,3.7506,-1.2981,-2.5697,3.0974,59.391,-2.5643,-4.9028,-8.9312,-11.898,-13.086
0.37549,2.7577,2.8873,-0.98061,-2.2996,2.3275,61.862,-2.2794,-4.6619,-8.6657,-11.063,-12.875
0.52331,2.1915,1.9783,-0.72713,-1.9503,1.5841,64.199,-2.032,-4.4434,-8.3656,-10.263,-12.656
0.7657,1.6892,1.0613,-0.54816,-1.5328,0.88898,66.41,-1.8309,-4.2357,-8.016,-9.5235,-12.413
1.0943,1.2691,0.16751,-0.45103,-1.0613,0.26196,68.526,-1.6874,-4.0285,-7.5955,-8.8609,-12.123
1.498,0.95418,-0.68507,-0.44306,-0.55041,-0.27606,70.587,-1.6144,-3.8174,-7.0828,-8.274,-11.774
1.968,0.77095,-1.4864,-0.53461,-0.017666,-0.70507,72.631,-1.6198,-3.6037,-6.463,-7.7482,-11.365
2.5001,0.74583,-2.2192,-0.73943,0.51471,-1.0089,74.69,-1.6994,-3.3873,-5.7307,-7.2687,-10.909
3.0911,0.90134,-2.8527,-1.0708,1.0272,-1.1741,76.798,-1.8319,-3.1596,-4.8863,-6.8213,-10.416
3.7356,1.2513,-3.3545,-1.5357,1.5156,-1.1882,78.999,-1.9822,-2.9005,-3.9348,-6.4006,-9.8971
4.4266,1.7921,-3.7038,-2.1303,1.9875,-1.0466,81.358,-2.1116,-2.5824,-2.8857,-6.0083,-9.3594
5.1594,2.4973,-3.8903,-2.8391,2.4453,-0.763,83.937,-2.1891,-2.1791,-1.757,-5.6524,-8.808
5.9346,3.3272,-3.8948,-3.6377,2.8787,-0.35735,86.806,-2.1973,-1.6738,-0.57805,-5.3382,-8.2442
6.76,4.2495,-3.6747,-4.4999,3.2689,0.16798,90.013,-2.1296,-1.0607,0.61634,-5.067,-7.6641
7.6544,5.2496,-3.1757,-5.408,3.6004,0.83147,93.565,-1.9804,-0.33993,1.799,-4.8318,-7.0581
8.6568,6.3252,-2.3646,-6.3628,3.8853,1.6522,97.442,-1.733,0.4921,2.9603,-4.6143,-6.412
9.8395,7.4747,-1.2727,-7.3925,4.1858,2.6156,101.62,-1.3539,1.4504,4.1083,-4.3837,-5.71
11.315,8.6971,-0.033643,-8.5603,4.5994,3.6487,106.06,-0.79509,2.5661,5.2592,-4.1032,-4.9359
13.211,10.013,1.1108,-9.9782,5.2064,4.6368,110.74,-0.0028522,3.8901,6.4264,-3.7429,-4.0735
15.57,11.506,1.8663,-11.81,6.0501,5.4754,115.58,1.0703,5.4942,7.6185,-3.2914,-3.1077
18.259,13.36,2.0212,-14.169,7.1769,6.1274,120.47,2.4578,7.4649,8.8482,-2.7567,-2.0271
21.088,15.763,1.5615,-16.817,8.6344,6.6518,125.28,4.1712,9.8686,10.148,-2.1537,-0.82524
23.979,18.401,0.62359,-19.302,10.411,7.1553,129.98,6.1867,12.689,11.579,-1.4895,0.50027
26.92,20.462,-0.61176,-21.679,12.411,7.6378,134.61,8.4232,15.821,13.212,-0.75665,1.9478
29.855,22.057,-1.9419,-24.249,14.485,7.9229,139.32,10.741,19.139,15.076,0.063208,3.5032
32.711,23.852,-3.1417,-27.064,16.475,7.9932,144.3,12.982,22.526,17.13,0.98291,5.1265
35.492,25.927,-3.9981,-29.988,18.268,8.1735,149.75,15.025,25.838,19.288,1.99,6.7448
38.306,28.061,-4.358,-32.9,19.824,8.8057,155.79,16.814,28.95,21.48,3.0418,8.2663
41.306,30.674,-4.1557,-36.005,21.158,10.176,162.4,18.357,31.816,23.654,4.0836,9.6072
44.53,35.337,-3.4371,-39.983,22.31,12.452,169.31,19.687,34.516,25.788,5.0604,10.719
47.781,43.117,-2.3655,-45.298,23.324,15.356,176.02,20.819,37.206,27.916,5.9235,11.6
50.658,52.405,-1.1699,-51.182,24.235,18.328,182.05,21.723,40.004,30.106,6.6277,12.284
52.672,60.422,-0.064357,-55.992,25.046,20.975,187.15,22.342,42.826,32.335,7.1291,12.813
53.483,65.133,0.78127,-58.371,25.717,23.036,191.22,22.618,45.164,34.329,7.3803,13.218
53.16,65.601,1.232,-57.772,26.209,24.099,194.26,22.518,46.129,35.583,7.3297,13.513
52.068,61.844,1.1549,-54.427,26.524,23.573,196.26,22.038,45.17,35.602,6.9288,13.687
50.425,54.543,0.37613,-49.041,26.697,21.086,197.22,21.185,42.604,34.133,6.1471,13.722
48.23,44.893,-1.2372,-42.708,26.765,16.904,197.19,19.964,39.191,31.266,4.9906,13.593
45.538,35.015,-3.6009,-37.051,26.749,11.889,196.39,18.371,35.601,27.435,3.5206,13.278
42.598,27.757,-6.3876,-33.018,26.639,7.083,195.16,16.418,32.186,23.295,1.8532,12.767
39.66,23.2,-9.1789,-29.798,26.412,3.0741,193.93,14.151,29.004,19.391,0.11738,12.068
36.822,19.432,-11.649,-26.602,26.055,-0.14781,193.04,11.666,25.95,15.927,-1.5927,11.207
34.111,15.626,-13.607,-23.354,25.567,-2.655,192.7,9.1063,22.893,12.895,-3.2222,10.225
31.567,11.803,-14.915,-20.207,24.964,-4.3488,193.0,6.6229,19.736,10.241,-4.7412,9.1703
29.194,8.1291,-15.488,-17.146,24.234,-5.2473,193.91,4.3302,16.446,7.9191,-6.1476,8.0927
26.824,4.8426,-15.358,-13.83,23.248,-5.6938,195.3,2.2771,13.141,5.8713,-7.4719,7.0386
24.123,2.4726,-14.658,-10.04,21.809,-6.003,197.05,0.46204,10.16,4.0377,-8.7565,6.0408
20.817,1.0412,-13.523,-6.6337,19.796,-6.1959,199.0,-1.1382,7.8078,2.3948,-10.02,5.1177
16.974,0.090385,-12.031,-4.3162,17.231,-6.1964,201.06,-2.5535,6.0608,0.97085,-11.243,4.2754
12.984,-0.64147,-10.248,-2.7122,14.249,-5.9823,203.18,-3.8193,4.7262,-0.19125,-12.386,3.5115
9.2067,-1.2544,-8.2988,-1.4056,11.045,-5.5916,205.4,-4.9758,3.6458,-1.0766,-13.428,2.8163
5.7864,-1.8079,-6.3465,-0.20989,7.826,-5.095,207.77,-6.0624,2.7275,-1.7073,-14.38,2.1737
2.7578,-2.3536,-4.542,0.94854,4.7834,-4.5718,210.33,-7.1083,1.922,-2.1289,-15.272,1.5648
0.15034,-2.9342,-2.9857,2.0968,2.0927,-4.0935,213.11,-8.1268,1.2053,-2.3938,-16.133,0.97187
-1.9941,-3.5778,-1.7303,3.2398,-0.078652,-3.7161,216.14,-9.1185,0.56757,-2.5492,-16.975,0.38223
-3.6527,-4.299,-0.79552,4.3704,-1.6183,-3.4795,219.42,-10.081,0.0030913,-2.6281,-17.801,-0.20878
-4.872,-5.1039,-0.17849,5.4778,-2.5536,-3.4115,222.92,-11.021,-0.49682,-2.6479,-18.607,-0.79655
-5.7864,-5.9945,0.14037,6.5533,-3.0667,-3.5295,226.54,-11.954,-0.94563,-2.6131,-19.385,-1.3678
-6.5578,-6.966,0.19189,7.5918,-3.3779,-3.8364,230.19,-12.901,-1.3585,-2.5206,-20.122,-1.9037
-7.2866,-8.0006,0.018722,8.5861,-3.6213,-4.3125,233.83,-13.876,-1.7473,-2.3647,-20.794,-2.3843
-7.9903,-9.0603,-0.32174,9.5198,-3.8423,-4.9128,237.44,-14.876,-2.1175,-2.139,-21.367,-2.7935
-8.639,-10.087,-0.76512,10.364,-4.0409,-5.5721,241.01,-15.878,-2.4669,-1.8354,-21.802,-3.1201
-9.1907,-11.009,-1.2523,11.081,-4.1956,-6.2184,244.55,-16.855,-2.7874,-1.4426,-22.071,-3.3563
-9.6075,-11.755,-1.7359,11.63,-4.2785,-6.7899,248.06,-17.781,-3.0652,-0.94424,-22.161,-3.4941
-9.8609,-12.272,-2.1823,11.977,-4.2671,-7.2474,251.49,-18.642,-3.2828,-0.32193,-22.068,-3.5243
-9.935,-12.538,-2.5735,12.1,-4.1518,-7.5768,254.82,-19.44,-3.4202,0.43582,-21.795,-3.4405
-9.8265,-12.569,-2.9054,11.997,-3.938,-7.785,258.0,-20.171,-3.4595,1.3189,-21.356,-3.2473
-9.5439,-12.417,-3.1778,11.695,-3.6455,-7.8954,261.05,-20.805,-3.3898,2.2837,-20.776,-2.9693
-9.1034,-12.155,-3.378,11.237,-3.3043,-7.9457,264.04,-21.25,-3.2078,3.2566,-20.102,-2.6529
-8.5202,-11.866,-3.4724,10.675,-2.9522,-7.9852,267.13,-21.327,-2.9128,4.1597,-19.395,-2.3586
-7.8012,-11.617,-3.4232,10.046,-2.6251,-8.0688,270.56,-20.777,-2.4932,4.949,-18.72,-2.1419
-6.9422,-11.441,-3.1997,9.3606,-2.3305,-8.2257,274.65,-19.317,-1.9086,5.6373,-18.109,-2.036
-5.9325,-11.306,-2.5884,8.598,-2.0195,-8.3894,279.73,-16.84,-1.0738,6.2869,-17.547,-2.0433
-4.7564,-11.113,-1.318,7.712,-1.5868,-8.4077,285.53,-14.645,0.15838,6.9961,-16.953,-2.1356
-3.3865,-10.72,-0.1806,6.6573,-0.81007,-8.3382,290.69,-22.535,1.9903,7.9097,-16.172,-2.2483
-1.7657,-10.007,-0.17095,5.4125,0.71389,-8.5684,294.36,-30.925,3.4482,9.2941,-14.946,-2.2659
0.22942,-8.9047,-1.743,3.9694,3.2498,-9.0626,297.34,-32.472,-1.4138,12.074,-12.887,-2.0096
2.8019,-7.713,-4.5408,2.3662,6.508,-8.8306,300.43,-31.87,-2.8174,16.68,-10.064,-1.2309
5.7628,-13.841,-10.756,5.3455,9.9531,-12.915,304.45,-27.241,-2.6119,16.51,-13.121,0.34086
7.5261,-20.449,-21.157,8.6045,13.457,-20.859,311.26,-16.358,-1.3868,14.897,-16.564,-5.6963
9.7919,-27.347,-33.075,10.094,17.704,-30.092,323.82,2.7556,2.2853,11.264,-20.785,-12.377
14.669,-33.049,-44.348,10.527,24.34,-38.512,343.04,32.799,9.6982,7.3821,-24.569,-17.945
20.117,-35.533,-52.798,8.7647,31.884,-44.172,368.06,73.748,21.529,6.0308,-25.885,-22.723
26.381,-32.461,-55.933,3.5619,35.372,-44.834,398.03,122.22,39.128,10.384,-22.431,-24.848
33.948,-21.414,-51.588,-6.2642,35.022,-38.123,430.81,173.3,63.641,23.446,-11.673,-21.316
43.236,-0.21054,-38.409,-21.831,31.503,-21.874,461.78,221.76,95.665,47.635,9.1187,-8.6806
54.63,32.971,-15.873,-44.334,25.294,5.4027,483.77,263.22,135.29,84.664,42.533,16.002
68.49,79.668,15.916,-74.792,17.273,44.547,487.71,294.64,182.18,135.43,90.576,54.683
84.746,140.79,55.791,-113.62,8.6409,95.82,464.3,314.18,235.15,199.06,154.36,107.91
103.73,215.62,102.38,-160.84,-0.1377,158.18,406.52,320.87,292.14,272.68,233.52,175.55
136.19,311.8,164.99,-227.6,-11.639,237.55,312.01,314.67,351.11,355.73,325.95,262.54
177.66,414.66,232.02,-296.27,-28.738,323.22,184.37,290.07,412.67,445.19,429.17,360.76
212.02,525.13,308.24,-368.0,-49.953,417.21,32.551,248.55,473.76,539.39,540.45,469.13
241.55,638.92,392.67,-439.22,-76.854,516.93,-131.28,204.67,535.08,635.61,655.13,582.97
263.98,749.01,480.38,-505.37,-108.98,616.21,-294.5,156.55,594.15,729.47,765.79,695.38
278.5,844.56,561.26,-560.7,-141.86,704.43,-446.25,106.87,645.24,813.25,862.42,796.34
285.51,911.32,620.88,-598.15,-168.43,767.31,-578.52,56.717,678.57,874.29,931.75,872.33
285.65,934.2,643.74,-610.28,-180.87,789.66,-686.16,4.2906,680.91,896.23,958.49,908.0
278.67,901.5,618.43,-590.89,-173.25,760.03,-766.23,-54.822,639.78,863.99,929.4,890.52
263.1,809.9,543.13,-537.39,-144.7,676.07,-817.11,-124.19,549.34,770.42,839.06,814.96
237.07,668.29,428.76,-453.3,-101.13,547.89,-838.18,-203.1,415.19,621.69,694.27,688.13
200.02,497.69,297.1,-349.08,-53.308,396.67,-830.37,-284.97,254.89,438.04,514.52,528.56
154.53,325.78,172.97,-239.96,-12.373,248.53,-797.01,-358.36,93.528,248.91,327.38,361.74
106.14,178.35,75.269,-141.72,14.349,125.94,-744.6,-410.87,-43.95,83.631,160.39,212.49
61.536,71.742,12.483,-66.16,25.264,41.365,-678.48,-433.87,-140.33,-37.438,33.164,97.92
26.288,9.8764,-16.904,-18.252,23.604,-4.1383,-604.63,-425.44,-189.99,-107.07,-46.697,24.127
3.3982,-13.589,-20.821,3.9681,14.605,-17.848,-531.67,-390.38,-197.92,-130.05,-82.478,-12.534
-7.551,-10.369,-9.363,7.0568,2.6585,-10.617,-464.7,-338.2,-175.96,-118.77,-85.31,-21.158
-9.8455,7.1699,8.6785,-0.91063,-9.1554,7.1363,-405.5,-280.08,-138.37,-88.392,-67.715,-12.194
-7.6834,28.946,27.472,-12.721,-18.185,27.484,-353.93,-225.37,-97.792,-52.855,-42.223,4.6346
-4.3687,48.112,43.521,-23.264,-24.007,45.225,-309.33,-179.29,-62.699,-22.036,-21.196,21.594
-1.75,60.694,54.632,-29.692,-21.291,57.198,-272.12,-142.84,-36.935,-0.76324,-8.5403,33.96
-0.41133,64.926,59.543,-30.994,-15.396,61.694,-242.88,-114.16,-20.762,10.379,-1.2127,40.104
-0.39316,60.782,56.91,-26.707,-15.852,58.6,-221.2,-90.786,-12.537,13.438,2.3762,40.026
-2.6207,31.979,43.243,-7.2505,-15.838,41.553,-205.48,-71.798,-9.9517,10.817,-1.7949,19.025
-3.3423,21.603,33.965,-4.5691,-14.502,31.543,-193.65,-56.983,-10.661,4.0998,-4.6033,15.66
-3.9151,16.096,22.507,-3.318,-12.975,22.336,-184.03,-46.519,-12.151,-0.49162,-4.7768,14.803
-4.2552,10.946,12.987,-2.3346,-11.721,13.12,-175.71,-40.549,-13.468,-3.6015,-4.6129,14.675
-4.3932,7.671,7.9464,-1.481,-10.678,7.9061,-168.02,-39.482,-14.365,-3.8728,-2.5338,14.714
-4.377,6.1122,5.3432,-0.72991,-9.7426,6.119,-161.39,-44.818,-14.818,-2.9931,-1.1318,14.564
-4.2382,4.9669,3.5273,-0.17689,-8.8622,4.675,-154.88,-50.409,-13.29,-2.9039,-0.63762,14.002
-3.9955,4.025,2.9279,0.097245,-8.0006,3.7079,-147.09,-47.524,-12.543,-3.3534,-0.66556,13.037
-3.6622,3.4766,3.5632,0.17065,-7.1208,3.8014,-139.68,-42.611,-12.431,-4.1303,-0.95587,11.882
-3.2529,3.077,4.4944,0.16637,-6.2353,4.1387,-133.83,-38.943,-12.609,-5.0394,-1.3565,10.788
-2.7901,2.7937,4.6792,0.11841,-5.4186,3.9981,-129.39,-36.483,-12.829,-5.9374,-1.7784,9.9121
-2.3053,2.6409,4.2262,0.022005,-4.7217,3.7223,-125.64,-34.878,-12.944,-6.757,-2.1698,9.3077
-1.8379,2.5573,3.5558,-0.10687,-4.1283,3.4673,-121.99,-33.864,-12.905,-7.4863,-2.5027,8.9648
-1.432,2.5039,2.815,-0.23217,-3.6134,3.1922,-118.07,-33.232,-12.729,-8.142,-2.7644,8.8423
-1.1304,2.4406,2.0843,-0.31235,-3.1861,2.8857,-113.74,-32.804,-12.459,-8.7495,-2.9518,8.8856
-0.96748,2.3173,1.4178,-0.31049,-2.8799,2.5479,-109.01,-32.428,-12.136,-9.33,-3.0677,9.0377
-0.96252,2.0981,0.86454,-0.20159,-2.7298,2.1817,-104.07,-31.99,-11.784,-9.8944,-3.118,9.2506
-1.1164,1.7738,0.46271,0.023581,-2.7514,1.8011,-99.2,-31.421,-11.408,-10.442,-3.111,9.4916
-1.4112,1.3584,0.22131,0.35748,-2.9288,1.4266,-94.597,-30.695,-11.002,-10.966,-3.0555,9.7486
-1.8135,0.88553,0.11532,0.77621,-3.2168,1.0775,-90.324,-29.827,-10.559,-11.454,-2.96,10.031
-2.2812,0.40069,0.09716,1.2427,-3.5552,0.76817,-86.304,-28.858,-10.075,-11.897,-2.8309,10.366
-2.7696,-0.049992,0.12167,1.713,-3.8875,0.50823,-82.409,-27.841,-9.556,-12.287,-2.671,10.792
-3.2359,-0.42723,0.16979,2.1451,-4.1736,0.30622,-78.525,-26.818,-9.0095,-12.616,-2.4803,11.354
-3.6407,-0.7037,0.24951,2.5062,-4.3939,0.17206,-74.615,-25.804,-8.4441,-12.867,-2.2579,12.102
-3.9517,-0.86777,0.37928,2.7776,-4.5457,0.11325,-70.734,-24.789,-7.8646,-13.015,-2.0046,13.098
-4.1529,-0.9252,0.57244,2.9546,-4.6372,0.12855,-66.997,-23.747,-7.2727,-13.034,-1.7239,14.421
-4.2483,-0.89746,0.82862,3.0441,-4.6833,0.20346,-63.515,-22.655,-6.6693,-12.911,-1.4201,16.172
-4.2536,-0.81626,1.1246,3.0596,-4.698,0.3089,-60.344,-21.51,-6.0582,-12.653,-1.0953,18.439
-4.1822,-0.71613,1.4028,3.0167,-4.679,0.40406,-57.481,-20.342,-5.4457,-12.293,-0.74392,21.237
-4.0408,-0.62857,1.5709,2.93,-4.6009,0.4437,-54.904,-19.201,-4.8409,-11.867,-0.35178,24.45
-3.8327,-0.58037,1.5262,2.8133,-4.4255,0.38698,-52.561,-18.145,-4.2531,-11.4,0.099655,27.857
-3.5652,-0.59519,1.195,2.682,-4.1246,0.20405,-50.398,-17.225,-3.6908,-10.902,0.62582,31.241
-3.2528,-0.69493,0.56019,2.5557,-3.6933,-0.12012,-48.374,-16.48,-3.1599,-10.367,1.2328,34.48
-2.9175,-0.89823,-0.34122,2.4574,-3.1521,-0.58355,-46.453,-15.925,-2.6634,-9.7901,1.9156,37.544
-2.5878,-1.2176,-1.4336,2.4118,-2.543,-1.1666,-44.611,-15.557,-2.2007,-9.1717,2.6599,40.445
-2.2953,-1.6581,-2.6146,2.4417,-1.923,-1.8354,-42.832,-15.35,-1.7685,-8.53,3.4438,43.186
-2.0719,-2.2185,-3.7695,2.5663,-1.3561,-2.5508,-41.106,-15.257,-1.3612,-7.8982,4.2381,45.727
-1.9462,-2.893,-4.7941,2.7995,-0.90104,-3.2803,-39.426,-15.228,-0.97216,-7.3168,5.0077,47.986
-1.9399,-3.6722,-5.6213,3.1487,-0.59907,-4.0063,-37.792,-15.216,-0.59342,-6.824,5.7157,49.857
-2.0657,-4.5442,-6.2353,3.6136,-0.46457,-4.7258,-36.206,-15.197,-0.2193,-6.4485,6.3272,51.257
-2.3251,-5.4957,-6.671,4.1858,-0.48309,-5.4455,-34.672,-15.162,0.14933,-6.2065,6.8124,52.163
-2.7096,-6.5131,-6.9987,4.8503,-0.6171,-6.1764,-33.194,-15.114,0.50146,-6.1019,7.147,52.643
-3.2015,-7.5825,-7.2972,5.5871,-0.81746,-6.9281,-31.763,-15.053,0.81598,-6.1282,7.3121,52.832
-3.7764,-8.6853,-7.6257,6.3723,-1.0379,-7.6992,-30.361,-14.973,1.0662,-6.2722,7.294,52.815
-4.4042,-9.79,-8.0074,7.1762,-1.2473,-8.4683,-28.96,-14.867,1.2275,-6.5201,7.084,52.405
-5.0494,-10.846,-8.4282,7.9592,-1.433,-9.1913,-27.539,-14.718,1.2868,-6.8609,6.6812,51.119
-5.6709,-11.786,-8.8482,8.6716,-1.5947,-9.8112,-26.093,-14.507,1.2505,-7.2873,6.0978,48.581
-6.2251,-12.538,-9.2144,9.2576,-1.7367,-10.274,-24.642,-14.198,1.1463,-7.7902,5.362,44.744
-6.6716,-13.038,-9.4745,9.6641,-1.8645,-10.543,-23.218,-13.741,1.0183,-8.3528,4.5123,39.673
-6.9786,-13.249,-9.5874,9.8527,-1.9812,-10.605,-21.856,-13.079,0.91358,-8.9497,3.5889,33.219
-7.122,-13.163,-9.5307,9.8085,-2.0836,-10.472,-20.559,-12.168,0.86946,-9.5496,2.6296,25.016
-7.0836,-12.805,-9.3071,9.5405,-2.1597,-10.171,-19.33,-10.985,0.90478,-10.122,1.6727,14.902
-6.8531,-12.218,-8.9472,9.0735,-2.1915,-9.7383,-18.156,-9.5403,1.0217,-10.642,0.76108,3.2657
-6.4306,-11.45,-8.5054,8.4367,-2.1581,-9.212,-17.02,-7.8696,1.2138,-11.094,-0.058334,-8.9793
-5.8292,-10.541,-8.0455,7.6588,-2.0412,-8.6223,-15.913,-6.0227,1.4729,-11.466,-0.74358,-20.739
-5.0752,-9.5177,-7.6228,6.7676,-1.8297,-7.9903,-14.837,-4.0525,1.7923,-11.751,-1.27,-31.154
-4.2068,-8.4033,-7.274,5.7943,-1.5251,-7.3302,-13.807,-2.0045,2.1671,-11.942,-1.6336,-39.693
-3.2713,-7.2246,-7.0184,4.7755,-1.1427,-6.6568,-12.841,0.090781,2.5945,-12.034,-1.8404,-46.04
-2.3202,-6.0232,-6.8648,3.7541,-0.70974,-5.9941,-11.952,2.2246,3.0744,-12.021,-1.896,-50.078
-1.4056,-4.857,-6.8135,2.7765,-0.26118,-5.3764,-11.141,4.4122,3.6065,-11.899,-1.8021,-52.114
-0.57422,-3.7897,-6.854,1.8863,0.16523,-4.8408,-10.39,6.6892,4.1855,-11.662,-1.5582,-53.154
0.13838,-2.8747,-6.9638,1.1169,0.53348,-4.4152,-9.6683,9.1009,4.8009,-11.307,-1.1639,-54.27
0.7131,-2.1418,-7.1111,0.48502,0.81542,-4.1095,-8.9429,11.687,5.4404,-10.836,-0.62238,-55.429
1.1495,-1.5935,-7.2594,-0.011003,0.99609,-3.913,-8.19,14.47,6.0968,-10.264,0.056737,-56.188
1.465,-1.2081,-7.3712,-0.38876,1.0749,-3.7981,-7.4041,17.449,6.7725,-9.6122,0.85396,-56.539
1.6903,-0.94732,-7.4142,-0.67596,1.0636,-3.7274,-6.5981,20.599,7.4796,-8.9058,1.7398,-56.65
1.864,-0.76487,-7.3694,-0.9044,0.98436,-3.6605,-5.7947,23.88,8.2365,-8.1657,2.6776,-56.609
2.0257,-0.614,-7.2391,-1.1051,0.87105,-3.5622,-5.0146,27.239,9.0612,-7.4044,3.6293,-56.431
2.21,-0.45274,-7.0506,-1.3058,0.7672,-3.4089,-4.2681,30.609,9.9653,-6.6271,4.5609,-56.113
2.4415,-0.24836,-6.8506,-1.5298,0.71862,-3.1925,-3.5563,33.919,10.954,-5.8349,5.4459,-55.673
2.734,0.019956,-6.6913,-1.7961,0.7629,-2.9202,-2.8773,37.104,12.029,-5.0286,6.2647,-55.16
3.0924,0.3612,-6.6154,-2.1185,0.92248,-2.6087,-2.2336,40.121,13.201,-4.2114,7.0026,-54.637
3.514,0.77539,-6.6437,-2.5047,1.2041,-2.2756,-1.6352,42.958,14.487,-3.3883,7.6481,-54.172
3.9897,1.257,-6.772,-2.955,1.6012,-1.932,-1.0983,45.636,15.906,-2.5632,8.192,-53.811
4.5063,1.7978,-6.9714,-3.4639,2.0911,-1.5802,-0.64069,48.201,17.461,-1.735,8.6262,-53.576
5.0483,2.3886,-7.1911,-4.0233,2.6251,-1.215,-0.27741,50.71,19.133,-0.89636,8.9438,-53.461
5.6005,3.0216,-7.3637,-4.6268,3.1298,-0.82608,-0.01817,53.221,20.892,-0.034567,9.1409,-53.442
6.1509,3.6924,-7.4159,-5.2717,3.5284,-0.39951,0.13391,55.79,22.725,0.86449,9.2216,-53.488
6.6953,4.4018,-7.2833,-5.9603,3.7631,0.079827,0.18229,58.464,24.643,1.8145,9.2012,-53.573
7.2399,5.1558,-6.9289,-6.7003,3.8053,0.62415,0.13491,61.273,26.672,2.8285,9.1055,-53.676
7.8018,5.9671,-6.3589,-7.505,3.6628,1.2375,-0.00041505,64.22,28.827,3.9184,8.9682,-53.771
8.4054,6.8547,-5.6271,-8.3933,3.3843,1.9122,-0.22112,67.283,31.093,5.0934,8.8257,-53.816
9.0808,7.8436,-4.8224,-9.388,3.0505,2.6307,-0.53232,70.421,33.418,6.3597,8.7145,-53.749
9.8651,8.963,-4.0425,-10.515,2.7513,3.3726,-0.94482,73.588,35.736,7.7247,8.6686,-53.5
10.807,10.242,-3.3671,-11.805,2.5624,4.1229,-1.4703,76.752,37.992,9.2005,8.7195,-52.995
11.971,11.706,-2.842,-13.294,2.5341,4.8779,-2.1168,79.898,40.159,10.806,8.8963,-52.172
13.429,13.383,-2.4737,-15.015,2.6937,5.6484,-2.8878,83.021,42.24,12.57,9.2281,-50.977
15.237,15.304,-2.234,-16.974,3.0445,6.4603,-3.7817,86.118,44.254,14.533,9.7465,-49.376
17.392,17.498,-2.0676,-19.126,3.5635,7.3544,-4.7933,89.183,46.224,16.734,10.489,-47.362
19.817,19.983,-1.9065,-21.392,4.2102,8.3843,-5.9136,92.208,48.168,19.181,11.494,-44.948
22.382,22.746,-1.6874,-23.715,4.9402,9.6183,-7.1297,95.187,50.092,21.82,12.795,-42.164
24.978,25.757,-1.3664,-26.114,5.7113,11.146,-8.4264,98.121,51.981,24.553,14.399,-39.05
27.547,28.998,-0.92653,-28.67,6.4886,13.07,-9.7867,101.02,53.803,27.295,16.286,-35.655
30.074,32.484,-0.37984,-31.467,7.2583,15.434,-11.194,103.89,55.515,30.017,18.444,-32.034
32.574,36.204,0.23626,-34.523,8.0433,18.076,-12.632,106.75,57.088,32.745,20.944,-28.243
35.078,40.078,0.87562,-37.79,8.8984,20.68,-14.091,109.61,58.531,35.54,23.957,-24.347
37.607,44.033,1.5105,-41.227,9.8846,23.092,-15.553,112.46,59.883,38.459,27.633,-20.434
40.178,48.08,2.1494,-44.842,11.042,25.408,-16.997,115.29,61.201,41.485,31.867,-16.615
42.849,52.282,2.8318,-48.627,12.366,27.799,-18.394,118.07,62.544,44.497,36.311,-12.998
45.739,56.68,3.6075,-52.512,13.773,30.403,-19.726,120.77,63.971,47.366,40.738,-9.6458
48.902,61.262,4.5001,-56.409,15.124,33.295,-20.998,123.35,65.541,50.083,45.225,-6.5474
52.252,65.959,5.4713,-60.266,16.322,36.463,-22.236,125.77,67.301,52.75,49.966,-3.6075
55.631,70.675,6.4205,-64.075,17.39,39.809,-23.477,128.03,69.267,55.484,55.093,-0.64939
58.926,75.31,7.2313,-67.854,18.422,43.215,-24.743,130.13,71.427,58.356,60.654,2.5666
62.105,79.764,7.826,-71.631,19.517,46.563,-26.037,132.06,73.763,61.394,66.645,6.2919
65.203,83.935,8.1891,-75.414,20.722,49.722,-27.339,133.82,76.247,64.592,73.032,10.703
68.275,87.76,8.3631,-79.173,22.013,52.574,-28.623,135.38,78.839,67.913,79.735,15.805
71.332,91.262,8.4378,-82.832,23.306,55.091,-29.862,136.73,81.48,71.294,86.62,21.384
74.326,94.544,8.5383,-86.28,24.494,57.347,-31.037,137.82,84.107,74.654,93.501,27.097
77.174,97.737,8.8072,-89.414,25.482,59.473,-32.136,138.64,86.674,77.921,100.17,32.675
79.795,100.93,9.3828,-92.186,26.199,61.588,-33.169,139.18,89.165,81.056,106.47,38.011
82.117,104.13,10.384,-94.618,26.61,63.732,-34.153,139.48,91.574,84.045,112.28,43.111
84.075,107.3,11.904,-96.78,26.718,65.859,-35.115,139.51,93.874,86.888,117.58,48.008
85.63,110.39,14.003,-98.741,26.565,67.875,-36.079,139.28,95.996,89.59,122.39,52.737
86.785,113.3,16.681,-100.53,26.193,69.707,-37.05,138.73,97.835,92.157,126.75,57.331
87.588,115.93,19.792,-102.14,25.622,71.33,-38.006,137.84,99.316,94.583,130.68,61.815
88.083,118.26,23.012,-103.52,24.887,72.767,-38.896,136.58,100.45,96.851,134.17,66.193
88.278,120.34,25.966,-104.68,24.028,74.069,-39.65,134.93,101.3,98.927,137.14,70.406
88.168,122.3,28.418,-105.6,23.039,75.299,-40.198,132.9,101.96,100.77,139.45,74.324
87.765,124.19,30.387,-106.31,21.855,76.53,-40.486,130.52,102.48,102.33,141.02,77.772
87.094,126.04,32.102,-106.83,20.39,77.812,-40.48,127.8,102.86,103.61,141.89,80.632
86.188,127.74,33.809,-107.15,18.603,79.123,-40.175,124.77,103.12,104.62,142.21,82.91
85.08,129.16,35.591,-107.23,16.571,80.346,-39.588,121.45,103.26,105.44,142.12,84.727
83.811,130.12,37.362,-107.0,14.476,81.351,-38.758,117.84,103.29,106.13,141.73,86.227
82.412,130.56,38.994,-106.43,12.477,82.081,-37.734,113.96,103.2,106.75,141.08,87.514
80.88,130.47,40.392,-105.5,10.641,82.534,-36.572,109.84,102.98,107.34,140.17,88.639
79.15,129.87,41.486,-104.22,8.9781,82.7,-35.321,105.55,102.6,107.89,139.0,89.626
77.129,128.73,42.23,-102.61,7.4805,82.554,-34.017,101.21,102.04,108.36,137.58,90.496
74.758,126.98,42.617,-100.68,6.1379,82.075,-32.673,96.934,101.27,108.72,135.91,91.26
72.046,124.55,42.717,-98.432,4.9363,81.264,-31.278,92.796,100.23,108.96,133.88,91.901
69.043,121.46,42.653,-95.844,3.8577,80.158,-29.799,88.802,98.818,109.04,131.39,92.368
65.809,117.87,42.553,-92.924,2.8753,78.835,-28.193,84.909,96.963,108.9,128.34,92.592
62.388,114.06,42.498,-89.734,1.9505,77.385,-26.421,81.05,94.627,108.44,124.71,92.506
58.814,110.25,42.458,-86.363,1.0446,75.867,-24.461,77.157,91.844,107.49,120.48,92.054
55.127,106.53,42.328,-82.876,0.13835,74.269,-22.314,73.187,88.706,105.85,115.67,91.155
51.396,102.84,42.034,-79.297,-0.75834,72.517,-20.016,69.127,85.324,103.38,110.27,89.664
47.696,99.045,41.554,-75.618,-1.615,70.531,-17.642,64.992,81.806,100.14,104.38,87.379
44.079,94.977,40.889,-71.801,-2.3967,68.286,-15.293,60.809,78.24,96.35,98.16,84.156
40.568,90.559,40.043,-67.787,-3.0782,65.856,-13.072,56.598,74.693,92.296,91.862,80.077
37.176,85.85,39.029,-63.531,-3.6523,63.352,-11.056,52.361,71.198,88.217,85.713,75.484
33.947,80.964,37.861,-59.06,-4.1359,60.82,-9.281,48.081,67.756,84.242,79.822,70.776
30.934,75.95,36.546,-54.504,-4.571,58.22,-7.7362,43.723,64.338,80.384,74.144,66.195
28.097,70.814,35.075,-50.002,-5.0126,55.479,-6.3911,39.255,60.916,76.595,68.5,61.767
25.221,65.592,33.447,-45.573,-5.5066,52.529,-5.1998,34.684,57.503,72.814,62.684,57.376
21.98,60.327,31.707,-41.149,-6.0727,49.342,-4.1101,30.089,54.143,69.009,56.564,52.866
18.161,55.046,29.959,-36.728,-6.6988,45.957,-3.0704,25.623,50.867,65.179,50.154,48.134
13.942,49.752,28.264,-32.449,-7.343,42.445,-2.038,21.462,47.66,61.338,43.6,43.18
9.9264,44.429,26.503,-28.486,-7.941,38.848,-0.985,17.727,44.475,57.477,37.152,38.088
6.6735,39.072,24.432,-24.892,-8.4185,35.181,0.10217,14.449,41.273,53.543,31.161,32.985
4.3066,33.784,21.926,-21.556,-8.7065,31.467,1.2216,11.583,38.036,49.483,25.952,28.024
2.662,28.825,19.172,-18.288,-8.7573,27.71,2.3601,9.0471,34.773,45.289,21.585,23.36
1.54,24.422,16.474,-15.027,-8.5558,23.892,3.4902,6.7575,31.503,40.996,17.824,19.123
0.791,20.612,13.985,-11.997,-8.1242,20.096,4.5874,4.6469,28.243,36.667,14.34,15.4
0.30794,17.313,11.724,-9.5096,-7.5193,16.546,5.6286,2.6671,24.995,32.376,10.949,12.203
0.0079372,14.456,9.7015,-7.6317,-6.8239,13.482,6.5942,0.78339,21.755,28.208,7.7171,9.4564
-0.1795,12.028,7.9491,-6.218,-6.1289,11.043,7.4676,-1.0306,18.541,24.236,4.8425,7.0351
-0.31653,10.036,6.4938,-5.1078,-5.5094,9.2162,8.2338,-2.7947,15.42,20.555,2.4218,4.8309
-0.45512,8.4189,5.324,-4.1921,-5.0079,7.862,8.8792,-4.5215,12.489,17.289,0.388,2.7795
-0.63354,7.0536,4.3769,-3.3961,-4.6331,6.7864,9.3938,-6.2161,9.8252,14.522,-1.3923,0.83468
-0.87674,5.8146,3.5547,-2.6611,-4.3729,5.8283,9.7737,-7.8761,7.4539,12.212,-3.0269,-1.0528
-1.1994,4.6135,2.7608,-1.9412,-4.2086,4.8857,10.022,-9.4956,5.3596,10.201,-4.571,-2.9204
-1.6073,3.4007,1.9313,-1.2037,-4.117,3.9035,10.147,-11.068,3.5093,8.3022,-6.0331,-4.7852
-2.0957,2.1568,1.0433,-0.43351,-4.0677,2.8605,10.156,-12.589,1.8617,6.3825,-7.3889,-6.6617
-2.6476,0.88787,0.10827,0.36644,-4.029,1.764,10.069,-14.055,0.36958,4.4049,-8.5934,-8.5645
-3.2344,-0.37828,-0.83928,1.1758,-3.9794,0.6455,9.9054,-15.465,-1.014,2.4149,-9.5994,-10.483
-3.8177,-1.5983,-1.7521,1.9621,-3.9139,-0.44758,9.6856,-16.816,-2.3234,0.49052,-10.379,-12.358
-4.3579,-2.7266,-2.5787,2.6902,-3.8414,-1.4639,9.4251,-18.106,-3.5728,-1.3043,-10.935,-14.092
-4.8257,-3.7271,-3.2732,3.3328,-3.7786,-2.3617,9.1345,-19.338,-4.7523,-2.9419,-11.296,-15.577
-5.2094,-4.5823,-3.8073,3.8776,-3.7421,-3.119,8.822,-20.511,-5.8346,-4.4281,-11.498,-16.731
-5.511,-5.2948,-4.1794,4.3289,-3.7393,-3.7365,8.4937,-21.624,-6.7891,-5.7815,-11.564,-17.527
-5.7398,-5.8836,-4.4156,4.7027,-3.7646,-4.2344,8.1525,-22.668,-7.5982,-7.0122,-11.502,-18.003
-5.9071,-6.3764,-4.5616,5.0203,-3.8012,-4.6464,7.7968,-23.623,-8.2676,-8.1179,-11.306,-18.254
-6.0234,-6.8018,-4.6706,5.3002,-3.8255,-5.01,7.4309,-24.454,-8.8217,-9.0939,-10.962,-18.394
-6.0987,-7.1851,-4.7894,5.5554,-3.8133,-5.3584,7.0579,-25.127,-9.2878,-9.9435,-10.464,-18.503
-6.1442,-7.5493,-4.95,5.7952,-3.7482,-5.7141,6.692,-25.611,-9.6783,-10.678,-9.8213,-18.559
-6.1769,-7.9177,-5.1652,6.0326,-3.6288,-6.0912,6.3587,-25.887,-9.9822,-11.315,-9.0591,-18.43
-6.2233,-8.3192,-5.4302,6.2911,-3.4717,-6.4985,6.0898,-25.961,-10.173,-11.874,-8.2116,-17.936
-6.3161,-8.7877,-5.7296,6.6039,-3.306,-6.9429,5.9132,-25.856,-10.224,-12.38,-7.3164,-16.971
-6.4854,-9.3546,-6.0471,7.0047,-3.1636,-7.4307,5.8432,-25.607,-10.126,-12.848,-6.4123,-15.599
-6.7483,-10.036,-6.3721,7.5123,-3.0687,-7.9652,5.8751,-25.261,-9.8973,-13.281,-5.5353,-14.037
-7.1024,-10.823,-6.7025,8.1213,-3.0311,-8.5439,5.9879,-24.868,-9.5747,-13.66,-4.7187,-12.54
-7.5272,-11.685,-7.0421,8.8003,-3.0443,-9.1549,6.1528,-24.469,-9.1996,-13.954,-3.996,-11.26
-7.99,-12.571,-7.3948,9.501,-3.0908,-9.7765,6.3433,-24.093,-8.8012,-14.135,-3.3949,-10.214
-8.4546,-13.424,-7.7581,10.171,-3.1503,-10.379,6.5425,-23.733,-8.388,-14.188,-2.9367,-9.3399
-8.8889,-14.187,-8.1172,10.763,-3.2087,-10.926,6.7459,-23.352,-7.9492,-14.12,-2.6318,-8.5558
-9.2697,-14.803,-8.4442,11.24,-3.2618,-11.384,6.9588,-22.887,-7.4658,-13.942,-2.4777,-7.7943
-9.5816,-15.229,-8.7021,11.578,-3.313,-11.718,7.1914,-22.27,-6.9239,-13.663,-2.4594,-7.0142
-9.8114,-15.433,-8.8519,11.759,-3.3679,-11.899,7.452,-21.455,-6.3237,-13.271,-2.5505,-6.1993
-9.9413,-15.396,-8.8615,11.773,-3.4278,-11.902,7.7422,-20.434,-5.6825,-12.745,-2.7139,-5.351
-9.9449,-15.112,-8.7129,11.61,-3.4852,-11.709,8.0548,-19.243,-5.0292,-12.057,-2.9069,-4.4805
-9.792,-14.579,-8.4074,11.267,-3.5219,-11.314,8.3761,-17.947,-4.3922,-11.193,-3.0916,-3.6024
-9.4577,-13.804,-7.9666,10.739,-3.5121,-10.724,8.6912,-16.626,-3.7869,-10.157,-3.2416,-2.7311
-8.9328,-12.802,-7.4288,10.032,-3.4308,-9.9593,8.9891,-15.345,-3.2107,-8.9702,-3.3443,-1.8809
-8.2293,-11.595,-6.8402,9.1609,-3.263,-9.0453,9.2642,-14.147,-2.6475,-7.6639,-3.395,-1.0684
-7.3775,-10.214,-6.2427,8.1494,-3.0096,-8.0106,9.5159,-13.043,-2.0781,-6.2766,-3.3902,-0.31427
-6.418,-8.6944,-5.6662,7.028,-2.6873,-6.8846,9.7471,-12.02,-1.4908,-4.852,-3.3242,0.35705
-5.3924,-7.0732,-5.1246,5.8285,-2.3236,-5.6977,9.9647,-11.048,-0.88807,-3.4351,-3.1897,0.92202
-4.3376,-5.3894,-4.616,4.5828,-1.9506,-4.4825,10.181,-10.09,-0.28093,-2.0658,-2.9787,1.3642
-3.2828,-3.6848,-4.1262,3.3226,-1.598,-3.2723,10.417,-9.1103,0.32015,-0.7746,-2.684,1.6797
-2.2509,-2.0047,-3.634,2.0783,-1.2877,-2.096,10.697,-8.0805,0.91461,0.42176,-2.3005,1.8784
-1.2596,-0.39338,-3.1195,0.87787,-1.0304,-0.9744,11.049,-6.9821,1.5139,1.5147,-1.8301,1.9788
-0.3218,1.1147,-2.5675,-0.25706,-0.82541,0.082182,11.496,-5.8062,2.1337,2.4942,-1.2834,1.9999
0.5545,2.5053,-1.9666,-1.3149,-0.66433,1.0769,12.042,-4.5564,2.7817,3.3417,-0.67641,1.9542
1.3661,3.7854,-1.3101,-2.2949,-0.53753,2.0238,12.67,-3.2464,3.4466,4.0369,-0.036597,1.8458
2.1111,4.972,-0.60299,-3.2037,-0.43893,2.9357,13.339,-1.9035,4.0975,4.5726,0.60096,1.674
2.7848,6.0797,0.1291,-4.049,-0.36743,3.8124,13.996,-0.55883,4.6933,4.967,1.1995,1.4399
3.3775,7.1156,0.84022,-4.8359,-0.3236,4.6404,14.585,0.75838,5.1995,5.2634,1.7294,1.1526
3.8815,8.0814,1.4783,-5.5663,-0.30324,5.4003,15.063,2.023,5.6013,5.5177,2.1748,0.83103
4.2998,8.9733,2.0008,-6.2413,-0.29239,6.0748,15.411,3.2194,5.9062,5.7824,2.5354,0.49917
4.6507,9.7767,2.3809,-6.8637,-0.26987,6.6449,15.625,4.3409,6.1332,6.092,2.8235,0.17861
4.9633,10.464,2.6085,-7.4364,-0.21799,7.0862,15.721,5.3905,6.2987,6.4568,3.0585,-0.11933
5.2654,11.009,2.7012,-7.961,-0.13329,7.385,15.72,6.3824,6.4079,6.8646,3.2604,-0.39663
5.5739,11.411,2.7157,-8.4353,-0.030114,7.5713,15.648,7.3399,6.454,7.2903,3.4462,-0.66572
5.8889,11.707,2.7418,-8.8544,0.063144,7.7231,15.528,8.2847,6.4259,7.71,3.6267,-0.94148
6.1933,11.953,2.8726,-9.2122,0.114,7.9272,15.377,9.2317,6.3171,8.1125,3.8077,-1.2319
6.4574,12.196,3.1601,-9.5037,0.1003,8.2277,15.199,10.184,6.132,8.4994,3.9946,-1.5329
6.6502,12.45,3.5796,-9.726,0.022748,8.6031,14.984,11.133,5.8851,8.8749,4.1971,-1.829
6.7538,12.694,4.0286,-9.8778,-0.091141,8.9807,14.709,12.059,5.5954,9.2334,4.4314,-2.0999
6.773,12.885,4.3735,-9.9598,-0.19381,9.2742,14.343,12.936,5.2794,9.5549,4.7163,-2.3286
6.7309,12.983,4.5124,-9.9753,-0.23117,9.4197,13.854,13.735,4.9467,9.8068,5.0663,-2.5077
6.6534,12.963,4.4078,-9.9315,-0.16266,9.3889,13.225,14.43,4.5999,9.9505,5.4843,-2.6397
6.5554,12.823,4.0872,-9.8374,0.017549,9.1834,12.454,15.002,4.2382,9.9512,5.9593,-2.7315
6.4359,12.579,3.634,-9.7006,0.27233,8.8331,11.565,15.439,3.8637,9.7874,6.467,-2.7865
6.2825,12.263,3.1691,-9.5248,0.5326,8.4011,10.603,15.743,3.4848,9.4562,6.9768,-2.7993
6.0811,11.916,2.8228,-9.3117,0.71993,7.9781,9.6242,15.93,3.1166,8.9717,7.461,-2.7562
5.8279,11.575,2.6981,-9.065,0.77216,7.6551,8.6848,16.024,2.7774,8.3583,7.9038,-2.6412
5.5363,11.264,2.8403,-8.7951,0.66637,7.4859,7.8259,16.05,2.4832,7.6417,8.3046,-2.4462
5.2358,10.986,3.2197,-8.5206,0.42805,7.4646,7.0664,16.016,2.2406,6.8438,8.6739,-2.181
4.9627,10.732,3.7349,-8.2646,0.12137,7.5355,6.4053,15.916,2.0431,5.9831,9.0244,-1.8779
4.7488,10.498,4.2379,-8.0486,-0.17342,7.6234,5.8219,15.735,1.8725,5.0789,9.3618,-1.585
4.6104,10.286,4.5826,-7.8862,-0.38605,7.664,5.2915,15.459,1.7053,4.1561,9.6778,-1.35
4.544,10.108,4.679,-7.7791,-0.47895,7.6234,4.7967,15.088,1.5217,3.2483,9.9502,-1.2035
4.5283,9.9771,4.5197,-7.7175,-0.45239,7.499,4.3322,14.639,1.3121,2.3962,10.153,-1.1501
4.534,9.8989,4.1707,-7.683,-0.32883,7.3104,3.9029,14.138,1.0787,1.6379,10.272,-1.1734
4.5353,9.8708,3.7356,-7.6553,-0.1351,7.0902,3.5164,13.616,0.83159,0.99476,10.31,-1.2475
4.5148,9.8818,3.3144,-7.6172,0.093331,6.8727,3.1755,13.098,0.58122,0.46248,10.288,-1.3492
4.4598,9.9148,2.9803,-7.5563,0.29913,6.6851,2.8749,12.597,0.33165,0.016068,10.236,-1.4644
4.3559,9.9529,2.7858,-7.4634,0.40844,6.5565,2.6017,12.115,0.077331,-0.37508,10.18,-1.5887
4.1856,9.9855,2.7916,-7.3303,0.35687,6.5302,2.3379,11.638,-0.1949,-0.73286,10.133,-1.7218
3.9298,10.013,3.0717,-7.1491,0.10849,6.6526,2.0634,11.139,-0.50039,-1.0646,10.1,-1.8588
3.5713,10.041,3.6722,-6.9131,-0.34713,6.9465,1.7591,10.598,-0.85031,-1.3666,10.076,-1.9844
3.0981,10.073,4.5756,-6.6163,-1.001,7.3944,1.4107,10.002,-1.2465,-1.6324,10.049,-2.0725
2.5081,10.09,5.6985,-6.2544,-1.8203,7.9393,1.0129,9.3628,-1.6793,-1.8605,10.01,-2.0921
1.8116,10.058,6.9151,-5.8247,-2.7452,8.4979,0.57174,8.7168,-2.1288,-2.059,9.9552,-2.0157
1.0337,9.9296,8.0871,-5.3274,-3.695,8.9766,0.1025,8.1082,-2.5695,-2.2438,9.8813,-1.8264
0.21278,9.6641,9.0872,-4.7671,-4.5804,9.2891,-0.37476,7.5726,-2.9755,-2.4324,9.7853,-1.523
-0.60463,9.2381,9.814,-4.1541,-5.3195,9.3721,-0.84092,7.1278,-3.3274,-2.6375,9.6577,-1.1205
-1.3739,8.6498,10.202,-3.5022,-5.8519,9.1954,-1.2806,6.7694,-3.6153,-2.8637,9.4831,-0.6439
-2.0627,7.9137,10.23,-2.8257,-6.1502,8.7632,-1.6829,6.4749,-3.8385,-3.1089,9.2466,-0.12006
-2.6594,7.0533,9.9228,-2.1351,-6.2238,8.1108,-2.0459,6.2108,-4.0033,-3.3694,8.9415,0.42982
-3.1743,6.0962,9.3517,-1.4356,-6.1131,7.2981,-2.3748,5.9417,-4.1206,-3.645,8.5721,0.99163
-3.6343,5.0702,8.6142,-0.72703,-5.8772,6.3964,-2.6892,5.6334,-4.2049,-3.9427,8.1486,1.5536
-4.0738,4.0005,7.8063,-0.0057285,-5.582,5.4682,-3.0245,5.2606,-4.2721,-4.2755,7.6793,2.0994
-4.5249,2.9086,7.0014,0.73386,-5.2894,4.5551,-3.4237,4.811,-4.3345,-4.6557,7.1653,2.6053
-5.0105,1.8116,6.2415,1.4979,-5.0452,3.6791,-3.9244,4.284,-4.3951,-5.0898,6.6027,3.044
-5.5425,0.72374,5.5483,2.2916,-4.8747,2.8513,-4.5434,3.6864,-4.4445,-5.5714,5.9898,3.3907
-6.1242,-0.34376,4.9467,3.1189,-4.7919,2.0796,-5.267,3.0241,-4.464,-6.0819,5.3341,3.6278
-6.7534,-1.3802,4.4715,3.9785,-4.8119,1.3716,-6.0517,2.3034,-4.435,-6.5956,4.6576,3.7464
-7.4259,-2.3718,4.1555,4.862,-4.9501,0.73773,-6.8323,1.5287,-4.3485,-7.0859,3.9954,3.7477
-8.1355,-3.3015,4.016,5.7527,-5.2134,0.18898,-7.5363,0.70493,-4.2115,-7.5307,3.3894,3.6437
-8.8728,-4.1554,4.0441,6.6295,-5.5905,-0.27049,-8.1007,-0.15904,-4.0455,-7.9155,2.8779,3.4564
-9.6234,-4.93,4.1944,7.4732,-6.0494,-0.65043,-8.4814,-1.0492,-3.8799,-8.2347,2.4858,3.2128
-10.368,-5.6373,4.3872,8.2724,-6.5409,-0.97622,-8.6622,-1.9458,-3.7459,-8.4918,2.2215,2.94
-11.081,-6.3002,4.5306,9.025,-7.0076,-1.2826,-8.6584,-2.8309,-3.6683,-8.6924,2.0796,2.6608
-11.738,-6.9459,4.5473,9.7357,-7.3955,-1.6039,-8.5111,-3.6965,-3.6631,-8.8438,2.0473,2.3914
-12.314,-7.5972,4.3945,10.41,-7.6648,-1.9628,-8.2769,-4.5494,-3.735,-8.9503,2.1097,2.1424
-12.786,-8.268,4.0722,11.051,-7.7966,-2.3657,-8.0144,-5.4055,-3.8775,-9.0088,2.2535,1.9192
-13.141,-8.9624,3.6199,11.656,-7.7955,-2.8046,-7.7716,-6.282,-4.0731,-9.0128,2.4666,1.7247
-13.375,-9.6765,3.1021,12.214,-7.6853,-3.2655,-7.5801,-7.1839,-4.2977,-8.9565,2.7332,1.5599
-13.492,-10.399,2.58,12.707,-7.5,-3.7379,-7.4523,-8.0954,-4.527,-8.8403,3.0301,1.4238
-13.502,-11.116,2.0805,13.113,-7.2686,-4.2226,-7.3815,-8.977,-4.7432,-8.6723,3.3253,1.3133
-13.411,-11.813,1.5791,13.416,-7.0016,-4.7347,-7.341,-9.7734,-4.9363,-8.4665,3.581,1.2223
-13.218,-12.486,1.0109,13.608,-6.6858,-5.2999,-7.2862,-10.422,-5.0972,-8.2385,3.7588,1.1424
-12.915,-13.134,0.30162,13.69,-6.2928,-5.9446,-7.1634,-10.875,-5.2116,-8.0028,3.8248,1.0659
-12.5,-13.755,-0.5963,13.671,-5.7953,-6.6824,-6.9254,-11.111,-5.2588,-7.7737,3.7548,0.98723
-11.981,-14.34,-1.6799,13.563,-5.1836,-7.5055,-6.5485,-11.143,-5.2182,-7.5649,3.5388,0.90383
-11.378,-14.87,-2.8958,13.378,-4.4741,-8.3814,-6.0412,-11.01,-5.0803,-7.3911,3.1818,0.8136
-10.713,-15.319,-4.1595,13.128,-3.7041,-9.2599,-5.4421,-10.758,-4.8528,-7.265,2.7039,0.71202
-10.005,-15.664,-5.3788,12.816,-2.9194,-10.088,-4.8058,-10.428,-4.5584,-7.1942,2.1398,0.59252
-9.2641,-15.895,-6.4727,12.444,-2.16,-10.829,-4.1858,-10.041,-4.2261,-7.1793,1.5376,0.45097
-8.4944,-16.022,-7.3841,12.014,-1.4509,-11.469,-3.622,-9.5988,-3.8801,-7.2158,0.95379,0.2914
-7.6983,-16.069,-8.088,11.533,-0.79677,-12.016,-3.137,-9.0925,-3.5314,-7.2961,0.44113,0.12903
-6.8817,-16.063,-8.5964,11.011,-0.18327,-12.486,-2.7407,-8.5133,-3.1753,-7.4108,0.034437,-0.011561
-6.055,-16.027,-8.9617,10.462,0.41727,-12.889,-2.435,-7.8662,-2.796,-7.548,-0.25775,-0.10273
-5.2321,-15.967,-9.2716,9.8962,1.037,-13.226,-2.2135,-7.1718,-2.3808,-7.6969,-0.44966,-0.12162
-4.4273,-15.88,-9.6297,9.322,1.7037,-13.501,-2.0612,-6.4601,-1.9293,-7.8456,-0.56556,-0.05597
-3.6522,-15.75,-10.118,8.7455,2.4329,-13.729,-1.954,-5.7607,-1.4596,-7.9818,-0.627,0.093967
-2.9148,-15.561,-10.752,8.1743,3.2236,-13.931,-1.861,-5.096,-1.006,-8.0957,-0.64713,0.31675
-2.2207,-15.31,-11.48,7.6216,4.0626,-14.125,-1.7504,-4.4803,-0.61279,-8.1795,-0.633,0.59301
-1.5748,-15.017,-12.23,7.1053,4.9299,-14.315,-1.5974,-3.9216,-0.32139,-8.2271,-0.59114,0.9001
-0.98301,-14.716,-12.95,6.6433,5.7966,-14.495,-1.3908,-3.424,-0.15721,-8.2349,-0.53266,1.217
-0.45278,-14.434,-13.609,6.2448,6.6204,-14.649,-1.1343,-2.9899,-0.12167,-8.2021,-0.47672,1.5274
0.0071432,-14.175,-14.171,5.9067,7.3468,-14.749,-0.84244,-2.6205,-0.19374,-8.1291,-0.45095,1.82
0.3884,-13.915,-14.584,5.6158,7.9215,-14.764,-0.53324,-2.3149,-0.34012,-8.0157,-0.48688,2.0875
0.68634,-13.618,-14.799,5.3537,8.3053,-14.661,-0.22195,-2.0675,-0.52882,-7.8592,-0.61132,2.3244
0.90349,-13.25,-14.778,5.1016,8.485,-14.424,0.082226,-1.8659,-0.74024,-7.6547,-0.83856,2.5236
1.0513,-12.793,-14.514,4.8438,8.4732,-14.055,0.37501,-1.693,-0.97146,-7.397,-1.1675,2.6737
1.149,-12.246,-14.028,4.5695,8.3014,-13.572,0.65231,-1.5325,-1.2326,-7.0825,-1.5838,2.758
1.2192,-11.618,-13.365,4.2723,8.0103,-13.004,0.90801,-1.377,-1.5374,-6.7114,-2.0664,2.7597
1.2832,-10.918,-12.581,3.9505,7.6401,-12.375,1.1316,-1.2313,-1.8936,-6.2886,-2.5954,2.6669
1.3571,-10.162,-11.735,3.6066,7.2228,-11.706,1.3095,-1.1099,-2.298,-5.8238,-3.1585,2.4746
1.4491,-9.3656,-10.879,3.2481,6.7815,-11.013,1.4292,-1.0314,-2.7368,-5.3327,-3.7503,2.1822
1.5595,-8.5549,-10.053,2.8881,6.3358,-10.315,1.4847,-1.0115,-3.1895,-4.8363,-4.366,1.7901
1.6816,-7.7649,-9.2918,2.5448,5.9094,-9.6381,1.4812,-1.0576,-3.6341,-4.3602,-4.9932,1.2979
1.8046,-7.0373,-8.6344,2.2396,5.5302,-9.0204,1.435,-1.1645,-4.0513,-3.9305,-5.6094,0.70933
1.9169,-6.414,-8.1178,1.9929,5.2217,-8.5059,1.3689,-1.315,-4.4255,-3.5676,-6.1859,0.040685
2.009,-5.9289,-7.7696,1.8199,4.9963,-8.1325,1.3045,-1.4823,-4.7444,-3.2803,-6.6916,-0.67454
2.0735,-5.602,-7.6004,1.7278,4.8528,-7.9204,1.2561,-1.6358,-4.9989,-3.0662,-7.0972,-1.389
2.102,-5.4366,-7.5991,1.7154,4.7737,-7.8659,1.2288,-1.7472,-5.1824,-2.9168,-7.3808,-2.0507
2.0832,-5.4209,-7.7332,1.7759,4.7256,-7.9414,1.2196,-1.7984,-5.2925,-2.8247,-7.5333,-2.6134
2.0021,-5.5304,-7.9534,1.8991,4.6629,-8.1013,1.221,-1.7887,-5.3319,-2.7878,-7.5584,-3.0459
1.8436,-5.7319,-8.2014,2.0733,4.5388,-8.291,1.2222,-1.7384,-5.3122,-2.8082,-7.4689,-3.3393
1.5969,-5.9856,-8.4181,2.2851,4.3172,-8.4574,1.2093,-1.6854,-5.2521,-2.8886,-7.2819,-3.5061
1.2609,-6.2466,-8.5476,2.5183,3.9793,-8.5566,1.1635,-1.6756,-5.1731,-3.0296,-7.0158,-3.5704
0.84602,-6.4664,-8.537,2.7524,3.5245,-8.5529,1.0626,-1.7502,-5.0926,-3.2283,-6.6885,-3.5549
0.37261,-6.5958,-8.3372,2.9628,2.9635,-8.4142,0.88911,-1.9378,-5.0196,-3.4769,-6.3158,-3.4718
-0.13242,-6.5893,-7.9069,3.1231,2.3108,-8.1078,0.64031,-2.2515,-4.9534,-3.7619,-5.909,-3.3196
-0.63943,-6.4111,-7.2206,3.209,1.5807,-7.606,0.33442,-2.6907,-4.8861,-4.065,-5.4754,-3.087
-1.1198,-6.0422,-6.278,3.2042,0.78991,-6.8973,0.008289,-3.2411,-4.8058,-4.3652,-5.0198,-2.7622
-1.55,-5.4867,-5.1079,3.1042,-0.037875,-5.998,-0.29109,-3.8742,-4.6993,-4.6424,-4.5469,-2.3427
-1.9152,-4.7742,-3.767,2.9186,-0.8714,-4.9534,-0.51644,-4.5478,-4.5529,-4.8799,-4.0628,-1.8399
-2.2111,-3.9558,-2.3302,2.6694,-1.6779,-3.8269,-0.6283,-5.2119,-4.3523,-5.0649,-3.5757,-1.278
-2.4401,-3.0924,-0.87459,2.3847,-2.4286,-2.6859,-0.6011,-5.8205,-4.085,-5.1867,-3.0983,-0.68667
-2.606,-2.2424,0.53574,2.091,-3.099,-1.5907,-0.42681,-6.344,-3.7425,-5.2357,-2.6478,-0.092696
-2.7084,-1.4541,1.8526,1.8075,-3.6664,-0.59303,-0.1152,-6.7767,-3.3237,-5.2007,-2.2418,0.4874
-2.7413,-0.76553,3.0301,1.5445,-4.108,0.25593,0.30938,-7.1357,-2.8359,-5.0713,-1.894,1.0488
-2.6965,-0.20888,4.0007,1.3069,-4.4019,0.89887,0.81354,-7.4537,-2.2956,-4.8428,-1.6097,1.5932
-2.5684,0.18506,4.6598,1.0997,-4.5277,1.2783,1.3609,-7.7672,-1.7265,-4.5221,-1.3887,2.118
-2.3581,0.3878,4.8787,0.93088,-4.4643,1.3506,1.9171,-8.1064,-1.1552,-4.1287,-1.2299,2.6077
-2.0727,0.38139,4.5471,0.80877,-4.1907,1.0968,2.4533,-8.4886,-0.60633,-3.6889,-1.1358,3.0312
-1.723,0.16871,3.6325,0.73746,-3.695,0.52983,2.9462,-8.9143,-0.097585,-3.2276,-1.1126,3.3483
-1.3219,-0.22102,2.214,0.71302,-2.9898,-0.30023,3.3796,-9.3664,0.36113,-2.7628,-1.1668,3.5243
-0.88511,-0.73476,0.46493,0.7231,-2.123,-1.3064,3.7468,-9.8115,0.76761,-2.3071,-1.3033,3.544
-0.43168,-1.3048,-1.4012,0.74954,-1.1754,-2.3785,4.0545,-10.209,1.1236,-1.8723,-1.5243,3.4181
0.016582,-1.8603,-3.1822,0.77269,-0.24314,-3.4031,4.325,-10.524,1.4319,-1.4722,-1.8293,3.1782
0.43666,-2.3376,-4.7126,0.77572,0.58365,-4.2823,4.5911,-10.741,1.6942,-1.1222,-2.2158,2.8642
0.80626,-2.6889,-5.8716,0.74742,1.2367,-4.9441,4.8826,-10.87,1.909,-0.83725,-2.6818,2.5114
1.1054,-2.8879,-6.5851,0.68306,1.6778,-5.3466,5.2133,-10.94,2.072,-0.62953,-3.228,2.1417
1.3176,-2.9296,-6.8297,0.58326,1.8972,-5.477,5.5748,-10.997,2.1773,-0.50769,-3.8585,1.7628
1.4322,-2.825,-6.6359,0.45171,1.9045,-5.3476,5.9421,-11.088,2.2196,-0.47624,-4.576,1.3753
1.4475,-2.592,-6.0798,0.29208,1.72,-4.9887,6.2823,-11.257,2.1951,-0.53566,-5.3769,0.98132
1.3744,-2.2467,-5.2613,0.10499,1.3741,-4.44,6.5637,-11.538,2.1014,-0.68254,-6.2465,0.59176
1.2381,-1.8005,-4.282,-0.11357,0.90759,-3.7443,6.7613,-11.95,1.9372,-0.90944,-7.1593,0.22692
1.076,-1.2633,-3.2358,-0.37124,0.37158,-2.9448,6.8606,-12.496,1.7041,-1.2046,-8.0802,-0.0883
0.92935,-0.64905,-2.2045,-0.67576,-0.17637,-2.0838,6.8587,-13.155,1.408,-1.5524,-8.9684,-0.33129
0.83527,0.020939,-1.2521,-1.0307,-0.67719,-1.2032,6.7639,-13.89,1.0609,-1.9346,-9.7813,-0.48611
0.81934,0.72113,-0.41909,-1.4326,-1.0779,-0.34242,6.5941,-14.642,0.68242,-2.3309,-10.479,-0.544
0.89308,1.427,0.27755,-1.8699,-1.3409,0.46543,6.3755,-15.351,0.30026,-2.7181,-11.028,-0.50145
1.0551,2.1185,0.83599,-2.3259,-1.4513,1.1982,6.1404,-15.963,-0.051527,-3.0699,-11.405,-0.35829
1.2939,2.7794,1.2612,-2.7812,-1.4173,1.8455,5.9233,-16.445,-0.33602,-3.3595,-11.592,-0.11695
1.5901,3.3935,1.5617,-3.2164,-1.2644,2.4054,5.7571,-16.785,-0.51977,-3.5641,-11.583,0.2167
1.9179,3.9421,1.7507,-3.6139,-1.0306,2.8777,5.6686,-16.992,-0.58068,-3.6696,-11.383,0.63129
2.2469,4.4051,1.8456,-3.9589,-0.76021,3.2592,5.6739,-17.095,-0.51404,-3.6739,-11.007,1.1069
2.5457,4.7646,1.8653,-4.2406,-0.49806,3.5422,5.7733,-17.133,-0.33286,-3.5851,-10.486,1.6125
2.7865,5.0071,1.8274,-4.4503,-0.28251,3.7179,5.9492,-17.148,-0.062792,-3.4169,-9.8584,2.1065
2.9475,5.1238,1.747,-4.5799,-0.14071,3.7799,6.1682,-17.165,0.26557,-3.1832,-9.1676,2.5424
3.0129,5.11,1.6375,-4.621,-0.087805,3.728,6.3913,-17.185,0.62414,-2.8948,-8.4501,2.8791
2.9731,4.966,1.5107,-4.5662,-0.12795,3.5703,6.5846,-17.182,0.99267,-2.5588,-7.7345,3.0908
2.8243,4.7012,1.3782,-4.411,-0.25557,3.3245,6.7289,-17.117,1.3598,-2.1803,-7.0419,3.1701
2.5697,4.3385,1.2513,-4.1572,-0.4554,3.0181,6.8202,-16.947,1.7203,-1.7648,-6.3902,3.12
2.2232,3.9146,1.1404,-3.8183,-0.70385,2.6869,6.8672,-16.644,2.0703,-1.3207,-5.7974,2.9431
1.8121,3.4764,1.056,-3.4226,-0.97239,2.3701,6.8876,-16.197,2.405,-0.86118,-5.2838,2.6348
1.3768,3.0724,1.0091,-3.0097,-1.2331,2.1048,6.9054,-15.616,2.7178,-0.40392,-4.8709,2.1865
0.96084,2.7432,1.0111,-2.6198,-1.4668,1.9198,6.9459,-14.925,3.0007,0.030969,-4.5782,1.5937
0.59751,2.513,1.0733,-2.2813,-1.6707,1.8316,7.0298,-14.148,3.2465,0.42448,-4.4191,0.86415
0.29807,2.3877,1.2067,-2.0045,-1.8636,1.8442,7.1671,-13.31,3.4494,0.76232,-4.3984,0.018502
0.05007,2.3588,1.4235,-1.7828,-2.0818,1.9518,7.3562,-12.432,3.6061,1.0369,-4.512,-0.91379
-0.17464,2.4093,1.7379,-1.601,-2.3685,2.1427,7.586,-11.533,3.7161,1.2466,-4.7477,-1.9024
-0.40682,2.5202,2.1628,-1.4429,-2.7599,2.4033,7.8422,-10.634,3.7814,1.3944,-5.087,-2.9233
-0.66853,2.6739,2.7038,-1.2952,-3.2735,2.7201,8.1121,-9.7552,3.805,1.4855,-5.5065,-3.9612
-0.96733,2.8565,3.3528,-1.1502,-3.9011,3.0821,8.3887,-8.9146,3.7909,1.5277,-5.9785,-5.0085
-1.2962,3.0599,4.0859,-1.0071,-4.61,3.4813,8.6715,-8.1239,3.7442,1.5317,-6.4725,-6.0595
-1.6379,3.2812,4.8647,-0.87149,-5.3503,3.9113,8.9662,-7.3842,3.6729,1.5124,-6.9565,-7.1077
-1.9715,3.5191,5.6414,-0.75235,-6.0683,4.3636,9.285,-6.6839,3.5889,1.4884,-7.3975,-8.1473
-2.2794,3.77,6.367,-0.6575,-6.7188,4.822,9.6479,-5.9996,3.5056,1.4796,-7.7616,-9.175
-2.5509,4.0268,7.0007,-0.59119,-7.2731,5.2636,10.084,-5.3028,3.4319,1.5034,-8.0185,-10.186
-2.7813,4.282,7.5201,-0.55508,-7.7219,5.6655,10.629,-4.5707,3.3693,1.5712,-8.148,-11.165
-2.9686,4.5344,7.925,-0.55223,-8.072,6.0147,11.321,-3.7969,3.312,1.6861,-8.1457,-12.08
-3.1099,4.7961,8.2343,-0.5923,-8.3409,6.3138,12.188,-2.9941,3.2524,1.8433,-8.0232,-12.892
-3.1955,5.0941,8.4782,-0.69515,-8.5473,6.5769,13.241,-2.1886,3.1887,2.0313,-7.804,-13.574
-3.2046,5.4647,8.6879,-0.88993,-8.7004,6.823,14.466,-1.4073,3.1296,2.2364,-7.515,-14.119
-3.1063,5.9446,8.886,-1.2109,-8.7948,7.0709,15.817,-0.66331,3.0946,2.4472,-7.1785,-14.533
-2.8655,6.5634,9.0834,-1.6935,-8.8175,7.3424,17.223,0.052647,3.1101,2.6581,-6.8059,-14.82
-2.4482,7.3431,9.2916,-2.3746,-8.763,7.6664,18.601,0.77456,3.205,2.8718,-6.3932,-14.975
-1.8216,8.3044,9.5337,-3.2973,-8.6408,8.0733,19.884,1.5564,3.4083,3.1013,-5.9206,-14.977
-0.94873,9.48,9.8211,-4.5214,-8.4629,8.581,21.057,2.4656,3.7506,3.3714,-5.3572,-14.814
0.22552,10.93,10.11,-6.1315,-8.2067,9.1843,22.165,3.5776,4.269,3.7169,-4.6735,-14.482
1.8098,12.763,10.296,-8.2229,-7.7819,9.8629,23.297,4.9765,5.0126,4.1781,-3.8565,-13.992
3.9849,15.13,10.258,-10.806,-7.0429,10.615,24.555,6.7586,6.0479,4.7927,-2.9165,-13.35
6.8773,18.142,9.9222,-13.674,-5.8479,11.501,26.023,9.0277,7.4549,5.5886,-1.8753,-12.552
10.434,21.627,9.2953,-16.591,-4.1288,12.668,27.739,11.862,9.2934,6.5903,-0.73523,-11.591
14.527,25.167,8.4535,-19.688,-1.9366,14.251,29.668,15.251,11.546,7.8408,0.55996,-10.469
19.037,28.697,7.4853,-23.234,0.5708,16.119,31.667,19.057,14.116,9.4133,2.1463,-9.2122
23.809,32.456,6.47,-27.22,3.1951,17.949,33.47,23.065,16.9,11.359,4.1942,-7.8719
28.619,36.455,5.5203,-31.435,5.7552,19.719,34.724,27.087,19.808,13.64,6.7685,-6.5085
33.226,40.507,4.8033,-35.744,8.1119,21.575,35.075,31.0,22.75,16.174,9.7464,-5.1792
37.463,44.491,4.4769,-40.058,10.181,23.522,34.291,34.737,25.636,18.925,12.931,-3.9305
41.286,48.463,4.6247,-44.249,11.936,25.508,32.353,38.251,28.421,21.897,16.201,-2.7939
44.725,52.646,5.2441,-48.265,13.392,27.611,29.496,41.5,31.148,25.085,19.541,-1.7854
47.776,57.369,6.2476,-52.196,14.601,30.105,26.167,44.425,33.928,28.455,22.95,-0.90953
50.384,62.886,7.4544,-56.143,15.635,33.252,22.957,46.934,36.882,31.952,26.322,-0.16727
52.538,68.986,8.6107,-60.049,16.574,36.856,20.758,48.9,39.967,35.492,29.425,0.43543
54.345,74.673,9.4512,-63.516,17.493,40.206,21.302,50.17,42.637,38.94,31.98,0.89013
55.929,78.466,9.7662,-65.85,18.43,42.425,26.15,50.61,43.751,42.104,33.774,1.185
57.23,79.228,9.4366,-66.557,19.342,42.758,30.377,50.161,42.506,44.737,34.704,1.311
57.916,76.668,8.4311,-65.625,20.134,40.889,25.179,48.868,39.292,46.514,34.739,1.2623
57.598,71.132,6.8054,-63.221,20.736,37.23,10.608,46.843,35.199,47.018,33.854,1.0418
56.201,63.656,4.7209,-59.569,21.127,32.848,-9.2285,44.201,31.046,45.833,32.031,0.6654
53.945,56.619,2.4121,-55.385,21.3,28.847,-31.499,41.039,27.026,42.962,29.346,0.16213
51.122,51.335,0.11124,-51.467,21.247,25.43,-54.28,37.456,23.009,39.155,26.111,-0.42863
47.984,46.712,-1.9974,-47.692,20.974,22.017,-75.941,33.557,18.873,35.231,22.803,-1.0651
44.711,41.843,-3.7931,-43.632,20.507,18.145,-95.251,29.451,14.624,31.421,19.699,-1.7123
41.375,36.515,-5.2342,-39.152,19.867,13.875,-111.68,25.266,10.4,27.688,16.78,-2.3469
37.983,30.83,-6.3388,-34.379,19.038,9.6623,-125.5,21.185,6.4278,24.045,13.939,-2.9565
34.543,25.09,-7.1451,-29.629,17.966,5.9693,-137.58,17.438,2.9738,20.565,11.136,-3.536
31.072,19.624,-7.704,-25.243,16.602,3.0417,-149.2,14.209,0.20509,17.339,8.4839,-4.0817
27.558,14.563,-8.073,-21.309,14.941,0.85104,-161.65,11.555,-1.9461,14.48,6.201,-4.5858
23.95,9.9432,-8.2986,-17.635,13.041,-0.8512,-175.66,9.423,-3.7133,12.103,4.4246,-5.0359
20.18,5.9001,-8.4149,-13.939,11.005,-2.2885,-190.78,7.7104,-5.2861,10.239,3.1252,-5.4214
16.192,2.5822,-8.4487,-10.056,8.9658,-3.5513,-205.37,6.3173,-6.7424,8.7825,2.1946,-5.7412
12.004,0.0084337,-8.4211,-6.173,7.0683,-4.649,-217.52,5.1647,-8.1024,7.576,1.5299,-6.0077
7.8958,-1.9165,-8.3466,-2.8905,5.4366,-5.5642,-226.38,4.1974,-9.3769,6.5071,1.0554,-6.2415
4.5782,-3.3191,-8.2333,-0.72245,4.1372,-6.2765,-232.2,3.3803,-10.58,5.5229,0.72198,-6.4613
2.5983,-4.3078,-8.0846,0.4422,3.1688,-6.7702,-235.74,2.6928,-11.723,4.6068,0.50327,-6.6765
1.6452,-4.9551,-7.9021,1.0399,2.4873,-7.0383,-237.74,2.1224,-12.801,3.7581,0.38747,-6.8856
1.1786,-5.302,-7.6874,1.3534,2.038,-7.0876,-238.88,1.6606,-13.789,2.9832,0.36485,-7.0788
0.95909,-5.3796,-7.4438,1.4765,1.7694,-6.9421,-239.7,1.3025,-14.645,2.2945,0.41825,-7.2406
0.92319,-5.2248,-7.1738,1.4357,1.6341,-6.639,-240.44,1.0473,-15.328,1.7094,0.5222,-7.3521
1.0355,-4.8817,-6.8753,1.2536,1.5831,-6.2164,-240.96,0.89709,-15.826,1.2455,0.64932,-7.3949
1.2505,-4.3928,-6.5394,0.96033,1.565,-5.7023,-240.94,0.85167,-16.162,0.9133,0.77816,-7.3571
1.516,-3.7928,-6.1522,0.58883,1.5298,-5.1124,-240.2,0.90199,-16.393,0.71084,0.89711,-7.2406
1.7826,-3.112,-5.6997,0.1717,1.4377,-4.4583,-238.85,1.0272,-16.578,0.62309,1.0038,-7.062
2.0085,-2.3846,-5.1742,-0.25804,1.2657,-3.7594,-237.14,1.1974,-16.762,0.6251,1.1024,-6.8486
2.1601,-1.6553,-4.5785,-0.66547,1.0106,-3.0494,-235.27,1.3833,-16.959,0.68878,1.2012,-6.6316
2.2132,-0.97547,-3.9273,-1.0158,0.68466,-2.3723,-233.36,1.5686,-17.156,0.78776,1.3118,-6.4394
2.1558,-0.39511,-3.248,-1.2792,0.30933,-1.7721,-231.39,1.7674,-17.325,0.90331,1.4463,-6.2943
1.9918,0.046564,-2.5788,-1.4354,-0.090901,-1.2846,-229.3,2.0447,-17.432,1.0285,1.6136,-6.2101
1.7383,0.32266,-1.9604,-1.4737,-0.49288,-0.93317,-226.94,2.5357,-17.436,1.1684,1.8152,-6.1939
1.4198,0.41319,-1.4215,-1.3902,-0.87645,-0.73001,-224.15,3.4687,-17.276,1.337,2.0421,-6.2494
1.0622,0.29656,-0.96112,-1.1841,-1.2246,-0.68475,-220.68,5.2197,-16.86,1.555,2.2787,-6.3817
0.69148,-0.055037,-0.54347,-0.85833,-1.5239,-0.82117,-216.26,8.4986,-16.07,1.8546,2.5121,-6.5988
0.33637,-0.66741,-0.12484,-0.4244,-1.7653,-1.1828,-210.8,14.312,-14.83,2.2891,2.7455,-6.9073
0.033042,-1.5365,0.31146,0.088612,-1.9374,-1.7783,-205.19,16.211,-13.33,2.9504,3.0073,-7.2982
-0.1704,-2.5944,0.77267,0.62121,-2.0079,-2.5106,-200.4,-0.97506,-13.094,3.9904,3.3595,-7.7233
-0.20912,-3.7028,1.0963,1.0701,-1.8987,-3.359,-193.68,-3.6172,-18.518,5.6713,3.9167,-8.0643
0.0030255,-4.6333,0.64164,1.2888,-1.4771,-4.458,-183.11,-1.0577,-20.124,8.0823,4.9171,-8.1152
0.55636,-5.0603,-1.1793,1.1212,-0.63162,-5.3719,-171.8,6.3186,-20.318,4.2043,7.0196,-7.6266
1.2695,-6.7746,-3.4572,1.2344,0.57024,-6.1421,-161.05,18.529,-19.839,0.37367,9.8931,-6.4455
0.57829,-15.178,-9.3505,8.0161,1.8892,-13.199,-148.35,37.361,-17.673,-0.75601,5.704,-8.1272
-1.4068,-23.096,-19.006,11.335,3.2505,-22.024,-131.22,65.793,-12.25,-0.66837,2.3725,-18.704
0.085851,-32.144,-30.473,14.624,5.8926,-32.31,-107.67,105.21,-2.1122,1.745,0.25721,-26.184
3.18,-40.352,-41.168,17.349,15.344,-41.593,-77.089,154.08,13.716,7.7691,-0.79543,-32.444
7.1614,-44.762,-48.281,17.816,22.876,-47.013,-40.293,208.35,35.881,18.409,0.79042,-35.499
12.562,-41.955,-48.952,13.88,25.597,-45.621,0.24907,262.22,64.846,35.185,7.4164,-33.17
20.119,-28.457,-41.152,3.4445,25.446,-34.856,39.776,309.92,100.89,60.023,21.976,-22.926
30.57,-1.2888,-23.596,-15.241,22.353,-12.581,74.678,347.62,142.89,94.367,47.53,-2.066
44.625,41.398,4.3217,-43.456,17.003,22.64,100.89,374.14,189.33,138.74,86.921,31.924
63.256,100.03,41.434,-82.039,9.9736,70.751,113.76,390.08,241.72,192.79,142.01,80.621
87.117,173.75,87.711,-131.24,1.0836,130.96,108.6,398.59,298.21,255.23,212.95,143.6
115.14,261.54,146.11,-190.06,-10.558,203.65,81.622,394.09,357.26,331.96,298.56,228.67
150.11,363.04,215.69,-259.47,-33.0,288.23,30.833,367.9,419.55,423.7,398.77,325.75
185.06,471.63,291.83,-331.04,-58.73,380.06,-43.44,329.56,482.33,521.38,505.94,430.67
213.62,584.33,374.45,-403.33,-85.355,477.36,-138.54,281.4,546.33,624.57,617.09,540.13
237.67,695.99,460.45,-472.1,-115.7,576.04,-249.41,225.61,609.79,728.31,726.83,648.86
255.93,798.37,543.59,-532.06,-147.64,668.92,-368.88,164.44,667.9,824.43,826.94,749.22
267.08,879.39,613.54,-577.03,-176.78,744.87,-488.22,99.958,711.59,900.49,905.73,830.21
270.02,924.48,656.76,-599.93,-196.85,789.68,-598.2,33.158,727.84,940.45,948.91,878.2
263.73,919.97,659.97,-593.72,-201.63,789.52,-690.19,-36.582,702.66,928.02,941.8,879.82
246.99,857.94,615.79,-553.75,-187.92,736.49,-757.05,-110.67,626.49,852.72,874.17,826.52
218.61,740.74,527.64,-480.63,-157.97,633.6,-793.73,-189.38,500.06,715.92,746.4,719.31
178.52,583.21,410.63,-381.86,-119.37,496.02,-798.11,-269.84,337.11,533.54,572.83,571.19
129.19,409.83,286.76,-270.87,-81.892,347.12,-771.99,-344.71,161.85,333.02,379.33,404.81
76.218,247.19,177.06,-163.62,-52.954,210.75,-720.97,-402.81,1.7008,145.37,195.97,245.77
27.433,115.97,94.868,-74.21,-34.858,103.93,-653.66,-432.94,-121.19,-4.1872,47.935,114.8
-9.9081,26.108,43.489,-11.116,-28.516,33.207,-579.14,-429.87,-195.86,-102.61,-51.0,22.797
-32.83,-23.246,18.195,24.524,-27.519,-4.2824,-504.65,-397.49,-223.49,-150.16,-100.1,-29.856
-42.741,-40.362,10.654,37.667,-27.696,-16.661,-434.46,-345.73,-214.2,-156.92,-108.85,-47.713
-42.954,-36.506,14.073,35.938,-27.76,-13.028,-370.2,-285.53,-181.88,-137.38,-91.674,-44.99
-37.2,-22.17,22.8,26.465,-27.586,-1.6725,-312.62,-225.86,-139.92,-105.59,-62.415,-33.764
-29.053,-4.9791,32.002,14.559,-27.306,11.451,-262.46,-172.62,-98.525,-72.218,-31.968,-21.792
-21.416,10.421,39.603,3.6908,-27.231,23.272,-218.2,-128.64,-63.872,-43.533,-11.816,-12.767
-15.936,21.444,44.562,-4.1359,-27.617,32.172,-178.29,-94.199,-38.529,-21.923,-3.4939,-7.26
-12.916,26.519,45.839,-8.0181,-25.373,36.397,-144.69,-67.766,-22.603,-7.5666,-2.093,-3.9583
-13.294,19.684,35.652,-0.9346,-23.311,28.821,-118.55,-47.336,-14.341,-0.057473,-3.5243,-5.5098
-14.239,2.2448,25.005,4.8505,-21.737,10.406,-98.16,-31.577,-11.111,1.8479,-5.8473,-9.0755
-14.013,0.91359,20.755,5.3933,-20.205,8.1169,-81.837,-19.542,-10.826,1.1536,-8.9937,-10.582
-12.862,-0.38983,17.481,5.303,-18.494,5.9828,-68.831,-11.362,-11.855,-0.12586,-12.284,-10.478
-11.506,-1.8906,14.385,5.1964,-16.597,3.6206,-58.746,-7.5062,-13.083,-2.3202,-14.217,-9.7243
-10.451,-3.4263,11.481,5.3457,-14.671,1.2579,-50.982,-8.578,-13.915,-5.7512,-12.59,-9.0558
-9.8175,-5.0616,8.812,5.8151,-12.893,-0.92291,-47.149,-18.256,-14.07,-4.9771,-11.631,-8.6839
-9.4957,-6.7008,6.6096,6.4961,-11.344,-2.7859,-47.259,-18.141,-11.749,-3.5275,-11.763,-8.5391
-9.3488,-8.2165,5.0609,7.2305,-10.013,-4.257,-45.122,-15.382,-10.399,-2.6598,-12.522,-8.5037
-9.2723,-9.5297,3.9841,7.9058,-8.8712,-5.3351,-40.47,-13.863,-9.8175,-2.1942,-13.594,-8.4844
-9.1998,-10.621,3.0083,8.4764,-7.9155,-6.1436,-35.202,-13.451,-9.6379,-1.9981,-14.818,-8.405
-9.098,-11.538,2.0036,8.9391,-7.1529,-6.8709,-30.009,-13.861,-9.6155,-1.9734,-16.075,-8.1866
-8.9587,-12.331,1.0623,9.3032,-6.5729,-7.6033,-25.211,-14.886,-9.5861,-2.0485,-17.283,-7.7575
-8.7869,-12.996,0.26887,9.5724,-6.1501,-8.3035,-20.982,-16.359,-9.4634,-2.1752,-18.432,-7.0882
-8.591,-13.5,-0.33255,9.7447,-5.859,-8.8965,-17.33,-18.128,-9.2307,-2.3264,-19.553,-6.2111
-8.3769,-13.814,-0.72404,9.8199,-5.6766,-9.3285,-14.169,-20.04,-8.9189,-2.494,-20.688,-5.2059
-8.1473,-13.937,-0.91855,9.8069,-5.5758,-9.5865,-11.399,-21.962,-8.5736,-2.6837,-21.853,-4.1641
-7.9033,-13.9,-0.95881,9.7252,-5.5204,-9.6953,-8.9364,-23.789,-8.2299,-2.9064,-23.017,-3.1602
-7.6475,-13.755,-0.90892,9.6013,-5.4685,-9.7057,-6.7156,-25.457,-7.9026,-3.169,-24.1,-2.2397
-7.386,-13.561,-0.83907,9.463,-5.3824,-9.6755,-4.6798,-26.946,-7.5913,-3.4671,-25.009,-1.4209
-7.1308,-13.364,-0.80562,9.3334,-5.2397,-9.6536,-2.7768,-28.271,-7.2908,-3.7847,-25.675,-0.70314
-6.8982,-13.192,-0.83524,9.2282,-5.0391,-9.669,-0.96341,-29.466,-6.9997,-4.0974,-26.075,-0.07881
-6.7044,-13.056,-0.92099,9.1521,-4.7998,-9.7287,0.7874,-30.572,-6.722,-4.3801,-26.212,0.45666
-6.5585,-12.948,-1.0303,9.099,-4.5542,-9.8212,2.4838,-31.625,-6.4619,-4.6114,-26.093,0.89967
-6.4599,-12.854,-1.1182,9.0535,-4.3391,-9.9247,4.1208,-32.645,-6.2175,-4.7766,-25.704,1.2418
-6.3988,-12.756,-1.14,8.9972,-4.1855,-10.016,5.6917,-33.638,-5.9782,-4.8672,-25.027,1.4793
-6.3597,-12.639,-1.0637,8.9153,-4.1104,-10.075,7.1978,-34.592,-5.7263,-4.879,-24.049,1.6236
-6.3268,-12.492,-0.88189,8.8008,-4.1115,-10.092,8.6517,-35.484,-5.4391,-4.8089,-22.767,1.7043
-6.2876,-12.305,-0.6201,8.6524,-4.1662,-10.063,10.075,-36.279,-5.0929,-4.6526,-21.167,1.7652
-6.232,-12.07,-0.33112,8.4703,-4.2381,-9.9858,11.49,-36.943,-4.6687,-4.4035,-19.222,1.8532
-6.1499,-11.774,-0.071024,8.252,-4.289,-9.8585,12.91,-37.446,-4.1622,-4.0557,-16.91,2.0082
-6.0307,-11.407,0.12955,7.9923,-4.2896,-9.6733,14.332,-37.773,-3.5917,-3.6079,-14.26,2.2583
-5.8664,-10.959,0.27631,7.6847,-4.2275,-9.4172,15.731,-37.935,-2.9976,-3.0665,-11.388,2.62
-5.6554,-10.425,0.40145,7.3245,-4.1124,-9.0727,17.064,-37.966,-2.4293,-2.4458,-8.4609,3.1036
-5.4051,-9.8034,0.54869,6.9111,-3.977,-8.6253,18.279,-37.913,-1.9258,-1.7655,-5.6065,3.7178
-5.1306,-9.1015,0.76352,6.4494,-3.8709,-8.0712,19.327,-37.826,-1.5003,-1.0476,-2.8537,4.4737
-4.8508,-8.3369,1.0888,5.9505,-3.8478,-7.42,20.174,-37.738,-1.1382,-0.31436,-0.15527,5.3844
-4.5847,-7.5347,1.5635,5.4308,-3.949,-6.6902,20.811,-37.659,-0.80732,0.4146,2.5577,6.4621
-4.3484,-6.7244,2.222,4.9106,-4.1928,-5.9054,21.257,-37.581,-0.47402,1.1229,5.3326,7.7113
-4.1537,-5.9386,3.0825,4.4125,-4.5681,-5.0968,21.56,-37.478,-0.117,1.7965,8.1731,9.1249
-4.0072,-5.2125,4.1168,3.9587,-5.0344,-4.3086,21.781,-37.312,0.26708,2.4221,11.029,10.686
-3.9066,-4.5815,5.2191,3.568,-5.5248,-3.5994,21.984,-37.038,0.66755,2.9846,13.8,12.377
-3.8387,-4.0774,6.2122,3.2516,-5.9571,-3.0331,22.217,-36.615,1.0689,3.4674,16.353,14.186
-3.7802,-3.7234,6.9022,3.011,-6.2493,-2.6636,22.507,-36.015,1.4587,3.852,18.567,16.106
-3.7035,-3.5323,7.1476,2.839,-6.3389,-2.5224,22.858,-35.23,1.8311,4.1196,20.365,18.137
-3.5842,-3.5057,6.9,2.7219,-6.1963,-2.6142,23.251,-34.268,2.1834,4.2531,21.726,20.266
-3.4088,-3.6313,6.2029,2.6436,-5.8303,-2.919,23.652,-33.152,2.5121,4.2395,22.663,22.452
-3.1765,-3.8793,5.1682,2.5871,-5.2838,-3.3945,24.013,-31.91,2.8087,4.0721,23.198,24.608
-2.8971,-4.2028,3.9518,2.5353,-4.6247,-3.9802,24.291,-30.581,3.0624,3.7501,23.35,26.61
-2.5834,-4.5455,2.7199,2.4707,-3.9299,-4.6048,24.461,-29.203,3.265,3.2796,23.119,28.325
-2.2422,-4.8502,1.6153,2.3745,-3.266,-5.1978,24.529,-27.812,3.4193,2.6747,22.491,29.655
-1.8696,-5.0655,0.73241,2.2265,-2.6749,-5.6999,24.543,-26.426,3.5436,1.9584,21.456,30.558
-1.4519,-5.1506,0.10795,2.0052,-2.1708,-6.0708,24.574,-25.041,3.6698,1.1598,20.036,31.048
-0.96949,-5.0772,-0.27635,1.6904,-1.7462,-6.2929,24.699,-23.637,3.8331,0.30926,18.291,31.181
-0.40133,-4.8308,-0.47424,1.2659,-1.3789,-6.3695,24.973,-22.186,4.0601,-0.56655,16.306,31.044
0.27011,-4.4091,-0.54711,0.72155,-1.0386,-6.3173,25.411,-20.672,4.3599,-1.4473,14.168,30.743
1.0558,-3.819,-0.54372,0.05352,-0.69254,-6.1553,25.988,-19.095,4.7243,-2.3193,11.961,30.403
1.9599,-3.0744,-0.49614,-0.73854,-0.31403,-5.8984,26.649,-17.473,5.1367,-3.1738,9.7578,30.152
2.9834,-2.195,-0.42778,-1.6547,0.1115,-5.5568,27.325,-15.836,5.5811,-4.0047,7.6131,30.115
4.1306,-1.2046,-0.36196,-2.6973,0.58784,-5.141,27.951,-14.209,6.0488,-4.8065,5.5596,30.394
5.4184,-0.12925,-0.32209,-3.8717,1.1148,-4.666,28.476,-12.608,6.5377,-5.5741,3.6065,31.031
6.8814,1.0074,-0.32637,-5.1832,1.6937,-4.1516,28.863,-11.048,7.0488,-6.3037,1.7446,31.978
8.5631,2.1867,-0.38307,-6.6316,2.3281,-3.6171,29.079,-9.5396,7.5814,-6.9932,-0.043727,33.112
10.488,3.3952,-0.4884,-8.2023,3.0201,-3.0756,29.101,-8.0949,8.1304,-7.6437,-1.7748,34.296
12.632,4.6201,-0.62722,-9.8634,3.7682,-2.532,28.919,-6.7178,8.6886,-8.2581,-3.459,35.441
14.912,5.8457,-0.77659,-11.573,4.5665,-1.9844,28.537,-5.3991,9.2546,-8.8399,-5.0985,36.514
17.227,7.0504,-0.91162,-13.29,5.4091,-1.4287,27.98,-4.1169,9.8448,-9.3907,-6.6837,37.53
19.502,8.208,-1.0114,-14.985,6.2934,-0.86312,27.288,-2.8403,10.501,-9.9079,-8.1878,38.534
21.701,9.2923,-1.0637,-16.638,7.2222,-0.2921,26.506,-1.5345,11.291,-10.381,-9.5692,39.586
23.803,10.283,-1.0684,-18.233,8.2025,0.27139,25.671,-0.16255,12.295,-10.793,-10.786,40.738
25.786,11.165,-1.0393,-19.761,9.2393,0.80561,24.803,1.3114,13.581,-11.119,-11.81,42.007
27.611,11.929,-1.004,-21.209,10.328,1.281,23.896,2.9203,15.172,-11.328,-12.634,43.363
29.239,12.565,-1.0032,-22.556,11.446,1.6632,22.919,4.6949,17.014,-11.397,-13.265,44.746
30.644,13.062,-1.0854,-23.773,12.563,1.9187,21.832,6.6644,18.995,-11.307,-13.718,46.089
31.823,13.418,-1.2983,-24.828,13.643,2.0232,20.606,8.8564,20.998,-11.055,-14.011,47.337
32.794,13.646,-1.6745,-25.705,14.665,1.9684,19.233,11.293,22.962,-10.648,-14.164,48.455
33.59,13.78,-2.2162,-26.421,15.616,1.7661,17.738,13.988,24.89,-10.099,-14.202,49.419
34.254,13.873,-2.8891,-27.019,16.495,1.4478,16.159,16.947,26.835,-9.4186,-14.147,50.212
34.832,13.987,-3.6327,-27.565,17.299,1.0614,14.537,20.174,28.855,-8.6117,-14.018,50.814
35.37,14.177,-4.3762,-28.119,18.028,0.66548,12.901,23.671,30.982,-7.6773,-13.821,51.214
35.903,14.475,-5.0487,-28.721,18.68,0.32014,11.27,27.422,33.212,-6.614,-13.551,51.424
36.451,14.887,-5.5803,-29.39,19.273,0.078571,9.6445,31.376,35.518,-5.4256,-13.198,51.502
37.016,15.408,-5.9059,-30.131,19.847,-0.017913,8.0221,35.446,37.88,-4.1242,-12.753,51.548
37.601,16.041,-5.9754,-30.954,20.449,0.058269,6.3957,39.526,40.29,-2.7307,-12.22,51.691
38.224,16.813,-5.7743,-31.881,21.081,0.31806,4.7601,43.53,42.75,-1.2708,-11.616,52.057
38.924,17.768,-5.3407,-32.939,21.683,0.75117,3.1136,47.406,45.266,0.23144,-10.963,52.728
39.757,18.94,-4.7667,-34.153,22.211,1.3221,1.4578,51.141,47.838,1.7595,-10.274,53.734
40.779,20.33,-4.1811,-35.531,22.703,1.9712,-0.20204,54.753,50.442,3.3086,-9.5456,55.036
42.048,21.895,-3.7213,-37.06,23.259,2.6249,-1.8561,58.269,53.014,4.8849,-8.7579,56.531
43.608,23.559,-3.5045,-38.707,23.985,3.212,-3.4905,61.721,55.472,6.5043,-7.8854,58.047
45.49,25.241,-3.6066,-40.43,24.958,3.6801,-5.0903,65.12,57.753,8.1998,-6.9108,59.37
47.689,26.891,-4.0519,-42.197,26.205,4.0052,-6.6454,68.447,59.854,10.036,-5.8298,60.303
50.176,28.514,-4.811,-43.993,27.698,4.1937,-8.1557,71.656,61.824,12.111,-4.6474,60.731
52.905,30.179,-5.8028,-45.844,29.373,4.2805,-9.6332,74.688,63.738,14.502,-3.368,60.686
55.836,31.994,-6.9114,-47.829,31.165,4.3257,-11.101,77.503,65.666,17.195,-1.9862,60.395
58.938,34.067,-8.0151,-50.072,33.05,4.4042,-12.588,80.093,67.665,20.085,-0.48048,60.164
62.181,36.479,-9.0098,-52.685,35.049,4.5917,-14.119,82.478,69.79,23.115,1.1916,60.037
65.527,39.268,-9.8168,-55.674,37.17,4.9516,-15.7,84.691,72.102,26.381,3.0987,59.589
68.935,42.411,-10.385,-58.933,39.341,5.5305,-17.312,86.759,74.649,30.108,5.3361,58.218
72.373,45.833,-10.697,-62.344,41.464,6.3603,-18.914,88.695,77.409,34.427,7.9984,55.548
75.828,49.455,-10.779,-65.846,43.545,7.4632,-20.463,90.498,80.268,39.164,11.105,51.579
79.315,53.231,-10.679,-69.417,45.683,8.8408,-21.93,92.157,83.081,43.921,14.531,46.659
82.854,57.143,-10.456,-73.039,47.897,10.453,-23.305,93.664,85.74,48.395,18.076,41.29
86.445,61.171,-10.154,-76.686,50.032,12.222,-24.599,95.013,88.192,52.508,21.645,35.858
90.048,65.277,-9.8107,-80.329,51.891,14.066,-25.836,96.208,90.424,56.301,25.266,30.512
93.597,69.401,-9.4556,-83.928,53.396,15.933,-27.046,97.259,92.444,59.855,28.953,25.311
97.012,73.447,-9.1129,-87.417,54.596,17.807,-28.265,98.178,94.263,63.26,32.653,20.409
100.21,77.285,-8.801,-90.699,55.575,19.682,-29.523,98.972,95.879,66.587,36.314,16.073
103.14,80.777,-8.5301,-93.684,56.397,21.536,-30.845,99.63,97.28,69.866,39.958,12.512
105.74,83.834,-8.3018,-96.336,57.098,23.334,-32.24,100.13,98.447,73.056,43.664,9.7822
108.01,86.435,-8.1106,-98.69,57.694,25.049,-33.703,100.43,99.366,76.061,47.517,7.8431
109.96,88.634,-7.9471,-100.81,58.193,26.685,-35.221,100.5,100.03,78.787,51.543,6.6027
111.64,90.536,-7.8,-102.75,58.598,28.266,-36.774,100.29,100.45,81.203,55.656,5.9469
113.11,92.268,-7.657,-104.54,58.908,29.807,-38.34,99.784,100.62,83.344,59.636,5.7864
114.42,93.917,-7.5045,-106.16,59.116,31.29,-39.892,98.98,100.58,85.266,63.185,6.0686
115.56,95.488,-7.3275,-107.56,59.214,32.675,-41.393,97.864,100.31,87.007,66.034,6.758
116.48,96.933,-7.1097,-108.74,59.207,33.932,-42.802,96.429,99.815,88.567,68.041,7.8181
117.15,98.226,-6.835,-109.68,59.119,35.058,-44.073,94.668,99.078,89.92,69.257,9.2063
117.6,99.389,-6.4891,-110.4,58.983,36.063,-45.166,92.584,98.101,91.039,69.879,10.879
117.89,100.48,-6.0612,-110.96,58.831,36.967,-46.048,90.184,96.911,91.909,70.143,12.799
118.06,101.54,-5.5448,-111.41,58.67,37.801,-46.699,87.483,95.562,92.54,70.228,14.942
118.14,102.61,-4.9402,-111.8,58.487,38.602,-47.108,84.5,94.112,92.96,70.233,17.291
118.12,103.69,-4.256,-112.16,58.254,39.408,-47.268,81.257,92.603,93.205,70.203,19.826
117.99,104.75,-3.509,-112.5,57.939,40.246,-47.18,77.772,91.06,93.301,70.151,22.509
117.72,105.79,-2.722,-112.84,57.512,41.115,-46.846,74.066,89.484,93.257,70.081,25.279
117.33,106.84,-1.9207,-113.17,56.958,41.979,-46.269,70.167,87.866,93.055,69.996,28.062
116.86,107.91,-1.1301,-113.48,56.293,42.777,-45.451,66.111,86.196,92.652,69.901,30.775
116.34,109.01,-0.37109,-113.68,55.565,43.445,-44.396,61.937,84.473,91.994,69.799,33.331
115.71,109.99,0.34591,-113.6,54.827,43.952,-43.1,57.679,82.695,91.042,69.691,35.645
114.76,110.54,1.0258,-113.12,54.088,44.308,-41.561,53.361,80.876,89.807,69.569,37.64
113.34,110.44,1.6878,-112.22,53.284,44.543,-39.769,48.989,79.045,88.343,69.427,39.254
111.42,109.63,2.3554,-110.91,52.302,44.677,-37.716,44.566,77.248,86.706,69.25,40.443
109.01,108.19,3.0396,-109.2,50.991,44.709,-35.395,40.099,75.522,84.899,69.016,41.172
106.1,106.17,3.7288,-107.06,49.207,44.625,-32.811,35.619,73.856,82.843,68.68,41.407
102.69,103.58,4.3904,-104.42,46.891,44.408,-29.983,31.206,72.179,80.402,68.164,41.109
98.847,100.46,4.985,-101.22,44.154,44.032,-26.96,26.992,70.369,77.489,67.324,40.244
94.74,96.946,5.4848,-97.462,41.236,43.46,-23.813,23.131,68.315,74.232,65.916,38.795
90.508,93.202,5.886,-93.229,38.367,42.652,-20.633,19.733,65.972,70.953,63.604,36.766
86.161,89.303,6.2102,-88.77,35.705,41.568,-17.512,16.82,63.389,67.871,60.186,34.183
81.691,85.22,6.4972,-84.33,33.316,40.182,-14.528,14.341,60.67,64.912,55.927,31.104
77.094,80.887,6.7935,-79.98,31.122,38.474,-11.738,12.207,57.9,61.84,51.308,27.629
72.257,76.258,7.1404,-75.603,28.854,36.44,-9.1742,10.331,55.116,58.417,46.568,23.882
67.049,71.322,7.5635,-70.999,26.151,34.094,-6.8477,8.6416,52.301,54.458,41.806,19.976
61.495,66.109,8.0641,-66.003,22.846,31.461,-4.7538,7.0848,49.405,49.857,37.12,15.99
55.7,60.703,8.621,-60.595,19.159,28.573,-2.8762,5.626,46.363,44.627,32.544,11.97
49.755,55.235,9.2006,-54.952,15.407,25.483,-1.1904,4.2432,43.117,38.946,27.955,7.9636
43.805,49.782,9.7648,-49.338,11.745,22.292,0.33236,2.9226,39.644,33.147,23.085,4.0651
38.023,44.298,10.264,-43.841,8.2871,19.15,1.7229,1.6522,35.993,27.597,17.709,0.41232
32.545,38.733,10.628,-38.411,5.1767,16.187,3.0098,0.41708,32.296,22.558,11.894,-2.8828
27.469,33.179,10.779,-33.095,2.5557,13.454,4.2143,-0.80379,28.686,18.153,5.9645,-5.8171
22.901,27.802,10.65,-28.08,0.55554,10.932,5.3449,-2.0382,25.212,14.388,0.18226,-8.5051
18.914,22.705,10.202,-23.572,-0.74738,8.5702,6.3963,-3.3187,21.84,11.196,-5.3906,-11.115
15.369,17.886,9.4246,-19.642,-1.4273,6.3206,7.3517,-4.679,18.557,8.5024,-10.775,-13.804
11.759,13.286,8.3401,-16.084,-1.692,4.1423,8.191,-6.1476,15.442,6.2561,-15.97,-16.71
7.6785,8.9353,7.0009,-12.399,-1.7389,2.0061,8.8964,-7.7426,12.605,4.3559,-20.95,-19.953
4.0117,4.9991,5.4842,-8.1795,-1.6839,-0.096907,9.4625,-9.4662,10.093,2.6579,-25.637,-23.622
1.769,1.579,3.8802,-4.0009,-1.591,-2.1557,9.8961,-11.302,7.8849,1.1012,-29.796,-27.694
0.44952,-1.4133,2.274,-0.81639,-1.4998,-4.1557,10.216,-13.214,5.9246,-0.30938,-33.173,-31.932
-0.54296,-4.1073,0.72549,1.4378,-1.4319,-6.0928,10.447,-15.155,4.1572,-1.5732,-35.828,-35.928
-1.4306,-6.5825,-0.74208,3.2168,-1.3919,-7.9666,10.611,-17.067,2.5384,-2.7133,-38.07,-39.376
-2.2794,-8.8803,-2.1282,4.7843,-1.3724,-9.7584,10.727,-18.897,1.0376,-3.7669,-40.144,-42.192
-3.1054,-11.016,-3.4282,6.2358,-1.3591,-11.418,10.805,-20.6,-0.36755,-4.7746,-42.085,-44.347
-3.9052,-12.983,-4.6193,7.5879,-1.3349,-12.881,10.844,-22.146,-1.6925,-5.7723,-43.781,-45.856
-4.6659,-14.753,-5.668,8.8244,-1.286,-14.102,10.836,-23.514,-2.9406,-6.7864,-45.118,-46.824
-5.3715,-16.295,-6.5399,9.9197,-1.2124,-15.068,10.77,-24.688,-4.0967,-7.8299,-46.071,-47.372
-6.0074,-17.58,-7.1992,10.854,-1.1373,-15.788,10.639,-25.651,-5.1298,-8.9017,-46.692,-47.537
-6.568,-18.594,-7.6049,11.62,-1.104,-16.277,10.441,-26.388,-6.0086,-9.9855,-47.066,-47.264
-7.0631,-19.329,-7.7152,12.223,-1.1635,-16.549,10.185,-26.882,-6.7125,-11.056,-47.265,-46.456
-7.5129,-19.791,-7.506,12.676,-1.3592,-16.619,9.8835,-27.126,-7.2414,-12.087,-47.33,-45.066
-7.9311,-19.992,-6.9896,12.987,-1.712,-16.509,9.5589,-27.123,-7.6158,-13.058,-47.269,-43.151
-8.3131,-19.959,-6.2263,13.161,-2.2079,-16.25,9.2278,-26.886,-7.8708,-13.963,-47.072,-40.891
-8.6383,-19.72,-5.3173,13.197,-2.7967,-15.885,8.9011,-26.437,-8.0454,-14.799,-46.727,-38.543
-8.8825,-19.307,-4.3819,13.096,-3.4036,-15.455,8.5839,-25.81,-8.1705,-15.569,-46.234,-36.357
-9.0286,-18.744,-3.5276,12.866,-3.9478,-14.995,8.278,-25.038,-8.2616,-16.268,-45.61,-34.478
-9.0719,-18.056,-2.8287,12.531,-4.3633,-14.522,7.9839,-24.154,-8.3196,-16.875,-44.885,-32.898
-9.0214,-17.273,-2.3187,12.123,-4.6125,-14.04,7.7045,-23.189,-8.3369,-17.357,-44.077,-31.47
-8.8987,-16.436,-1.9891,11.684,-4.6933,-13.546,7.4398,-22.171,-8.3114,-17.669,-43.176,-29.968
-8.7358,-15.589,-1.7911,11.248,-4.6397,-13.036,7.1904,-21.127,-8.2484,-17.775,-42.135,-28.177
-8.5716,-14.771,-1.646,10.842,-4.5173,-12.509,6.9558,-20.085,-8.1609,-17.651,-40.875,-26.06
-8.4431,-14.007,-1.4676,10.476,-4.4099,-11.965,6.7387,-19.073,-8.0647,-17.298,-39.324,-23.922
-8.3757,-13.31,-1.1887,10.153,-4.3962,-11.408,6.5411,-18.118,-7.9704,-16.744,-37.457,-22.247
-8.3762,-12.681,-0.77628,9.8639,-4.5253,-10.843,6.3641,-17.243,-7.882,-16.029,-35.328,-21.316
-8.4347,-12.118,-0.23195,9.5998,-4.8051,-10.278,6.2043,-16.462,-7.7937,-15.196,-33.069,-21.096
-8.536,-11.614,0.41693,9.3559,-5.2126,-9.7217,6.0598,-15.778,-7.6923,-14.273,-30.827,-21.379
-8.6725,-11.156,1.1286,9.1345,-5.7116,-9.1789,5.9342,-15.181,-7.5623,-13.272,-28.696,-21.915
-8.8454,-10.73,1.8592,8.9415,-6.2617,-8.6484,5.8378,-14.651,-7.3932,-12.188,-26.691,-22.489
-9.0556,-10.318,2.5712,8.7802,-6.8189,-8.1225,5.7838,-14.171,-7.1831,-11.01,-24.758,-22.927
-9.2927,-9.9045,3.236,8.6457,-7.3378,-7.5894,5.7826,-13.73,-6.9386,-9.7349,-22.819,-23.105
-9.5317,-9.4764,3.8313,8.5234,-7.7775,-7.0393,5.8365,-13.326,-6.6709,-8.3774,-20.822,-22.955
-9.7358,-9.0244,4.3387,8.3896,-8.1065,-6.4705,5.9393,-12.956,-6.3914,-6.9692,-18.763,-22.464
-9.8638,-8.5389,4.7432,8.2162,-8.3061,-5.8909,6.0758,-12.611,-6.107,-5.5512,-16.679,-21.66
-9.8783,-8.0079,5.0386,7.9763,-8.374,-5.3117,6.2306,-12.269,-5.8157,-4.1675,-14.611,-20.593
-9.7535,-7.4164,5.2375,7.65,-8.3243,-4.7376,6.3891,-11.9,-5.5054,-2.8587,-12.575,-19.307
-9.4794,-6.7492,5.3777,7.2271,-8.1839,-4.1616,6.5402,-11.462,-5.1575,-1.6565,-10.563,-17.83
-9.0608,-5.995,5.5157,6.707,-7.9871,-3.5677,6.6783,-10.917,-4.753,-0.57784,-8.5656,-16.184
-8.5125,-5.1498,5.7078,6.0963,-7.7679,-2.9385,6.8046,-10.238,-4.2795,0.37581,-6.5873,-14.401
-7.8531,-4.2202,5.9881,5.4064,-7.5486,-2.2629,6.926,-9.4118,-3.7348,1.2114,-4.6585,-12.537
-7.1024,-3.2239,6.3521,4.652,-7.3292,-1.5424,7.0528,-8.435,-3.1248,1.9343,-2.8198,-10.675
-6.2808,-2.1879,6.756,3.8511,-7.0883,-0.79298,7.1934,-7.3139,-2.46,2.543,-1.0868,-8.8981
-5.4097,-1.145,7.1308,3.0249,-6.7954,-0.043653,7.3494,-6.06,-1.7519,3.0308,0.58194,-7.2693
-4.5113,-0.13016,7.4064,2.1974,-6.4263,0.66853,7.5131,-4.6942,-1.0117,3.3918,2.2885,-5.8167
-3.6116,0.82265,7.5337,1.3945,-5.9718,1.3052,7.6687,-3.2458,-0.25191,3.625,4.1584,-4.5411
-2.7415,1.6827,7.4957,0.64182,-5.4405,1.8336,7.7958,-1.7489,0.50837,3.737,6.2721,-3.4277
-1.9363,2.4237,7.3089,-0.036522,-4.8579,2.2319,7.8748,-0.23907,1.2396,3.7429,8.6177,-2.4556
-1.2328,3.0254,7.0157,-0.61895,-4.2649,2.4929,7.8907,1.2465,1.9023,3.6674,11.105,-1.6043
-0.66436,3.4755,6.672,-1.0882,-3.712,2.6247,7.8366,2.669,2.4557,3.5432,13.637,-0.85897
-0.25446,3.7719,6.3329,-1.4342,-3.2503,2.6494,7.7134,3.9852,2.8702,3.4078,16.146,-0.21009
-0.0093864,3.924,6.0383,-1.6569,-2.9184,2.5984,7.5285,5.1549,3.1382,3.2963,18.593,0.34615
0.086188,3.952,5.8067,-1.7685,-2.7306,2.5053,7.2925,6.1507,3.2759,3.2337,20.922,0.81075
0.066495,3.8839,5.638,-1.7919,-2.6737,2.4009,7.0163,6.9667,3.3137,3.2285,23.039,1.1852
-0.025234,3.752,5.5269,-1.757,-2.715,2.3114,6.7112,7.6216,3.2859,3.2704,24.823,1.4744
-0.14812,3.59,5.4727,-1.6958,-2.8179,2.2563,6.3901,8.1518,3.2211,3.3359,26.157,1.6892
-0.26986,3.4285,5.4804,-1.6386,-2.9546,2.2456,6.0724,8.5967,3.1394,3.3991,26.97,1.8469
-0.36587,3.2902,5.5503,-1.6088,-3.1071,2.2763,5.776,8.9842,3.051,3.4445,27.251,1.9693
-0.4151,3.1875,5.6626,-1.6201,-3.2591,2.3317,5.5158,9.3216,2.9588,3.4732,27.046,2.0768
-0.39691,3.1216,5.7651,-1.6777,-3.384,2.383,5.2985,9.5955,2.8596,3.4977,26.436,2.1814
-0.28978,3.0869,5.7737,-1.7818,-3.4369,2.3958,5.12,9.778,2.7476,3.5296,25.504,2.281
-0.071541,3.0758,5.5942,-1.9329,-3.3581,2.3387,4.9681,9.8361,2.6175,3.5692,24.323,2.3593
0.27622,3.0815,5.1555,-2.133,-3.0882,2.1912,4.8258,9.7405,2.4672,3.6017,22.958,2.3947
0.75916,3.0996,4.4361,-2.3832,-2.5891,1.9482,4.6751,9.4752,2.2996,3.6012,21.469,2.3726
1.3629,3.1263,3.4699,-2.6786,-1.8604,1.6212,4.4994,9.0442,2.121,3.5388,19.911,2.2958
2.0535,3.1583,2.3373,-3.0061,-0.94438,1.235,4.2852,8.4737,1.9391,3.3933,18.31,2.1839
2.7852,3.1906,1.1468,-3.3451,0.082303,0.82189,4.0247,7.8091,1.7604,3.1601,16.677,2.0623
3.5095,3.2157,0.010352,-3.6711,1.1279,0.4125,3.7194,7.1077,1.5902,2.8532,15.033,1.9505
4.184,3.2212,-0.98248,-3.9606,2.1078,0.027296,3.3805,6.4305,1.4343,2.5011,13.426,1.8544
4.7799,3.1907,-1.784,-4.1954,2.9619,-0.32921,3.0272,5.8343,1.3015,2.1358,11.92,1.7662
5.2853,3.1065,-2.3951,-4.3651,3.6634,-0.66829,2.68,5.3648,1.2026,1.7824,10.561,1.6691
5.7035,2.9544,-2.8576,-4.4678,4.219,-1.0115,2.3531,5.0511,1.1454,1.4543,9.3612,1.5441
6.0452,2.7272,-3.2365,-4.5078,4.6641,-1.3823,2.049,4.9022,1.1297,1.1553,8.3081,1.3757
6.3198,2.4273,-3.5987,-4.4921,5.0516,-1.7976,1.7554,4.9053,1.1435,0.88624,7.3811,1.1559
6.5315,2.0651,-3.999,-4.4282,5.4286,-2.2632,1.4568,5.0268,1.164,0.65206,6.5662,0.8891
6.6814,1.6565,-4.4746,-4.3223,5.8135,-2.7745,1.1393,5.2164,1.1615,0.46384,5.8587,0.59326
6.7714,1.2188,-5.0414,-4.1791,6.1949,-3.3213,0.79724,5.4174,1.1067,0.33723,5.2597,0.29974
6.8065,0.76868,-5.6907,-4.0032,6.5497,-3.8906,0.4322,5.58,0.97944,0.28787,4.7688,0.039179
6.7953,0.3213,-6.3928,-3.7994,6.8599,-4.4672,0.05715,5.6718,0.77637,0.32537,4.3799,-0.16397
6.7483,-0.11012,-7.1036,-3.5742,7.1194,-5.0326,-0.30975,5.6837,0.51303,0.44743,4.0815,-0.29451
6.676,-0.51471,-7.7726,-3.3346,7.3301,-5.5651,-0.64889,5.6257,0.21919,0.63636,3.8598,-0.34399
6.5848,-0.88379,-8.3493,-3.0869,7.4922,-6.0412,-0.94402,5.5153,-0.071829,0.85962,3.7017,-0.30678
6.4742,-1.2096,-8.7878,-2.8363,7.5966,-6.4373,-1.1873,5.3645,-0.33418,1.0746,3.5965,-0.17906
6.3377,-1.4836,-9.055,-2.587,7.6249,-6.7324,-1.381,5.1731,-0.55479,1.2365,3.5347,0.038189
6.1665,-1.697,-9.1374,-2.3434,7.5573,-6.9122,-1.5345,4.9288,-0.73157,1.3073,3.5054,0.33106
5.9549,-1.8428,-9.0448,-2.1107,7.3836,-6.9717,-1.6586,4.6192,-0.86837,1.2637,3.4967,0.67618
5.7031,-1.92,-8.8064,-1.8946,7.1094,-6.9186,-1.76,4.2417,-0.97118,1.1001,3.5004,1.042
5.4184,-1.9356,-8.4637,-1.7007,6.7553,-6.7716,-1.8381,3.807,-1.0465,0.82497,3.5153,1.398
5.1135,-1.9026,-8.062,-1.5335,6.3489,-6.5554,-1.8923,3.3364,-1.1009,0.45343,3.5433,1.7233
4.8046,-1.8344,-7.6414,-1.3972,5.9197,-6.2927,-1.9229,2.8491,-1.1399,-0.00015596,3.5826,2.007
4.5089,-1.7398,-7.2297,-1.296,5.4964,-5.9998,-1.9348,2.3578,-1.1686,-0.52451,3.626,2.245
4.2427,-1.6216,-6.8402,-1.2335,5.1053,-5.6854,-1.9377,1.8688,-1.1912,-1.1093,3.6607,2.435
4.0192,-1.4797,-6.4745,-1.2124,4.767,-5.3529,-1.9456,1.3882,-1.2117,-1.7422,3.6771,2.5737
3.8475,-1.3144,-6.1294,-1.2332,4.4933,-5.004,-1.9744,0.92596,-1.2325,-2.4073,3.6733,2.6569
3.7323,-1.1291,-5.8054,-1.2943,4.2875,-4.6425,-2.0393,0.49578,-1.2529,-3.0857,3.6543,2.6803
3.674,-0.93111,-5.514,-1.392,4.1463,-4.2778,-2.1616,0.11613,-1.2671,-3.754,3.6261,2.6392
3.6691,-0.73073,-5.2782,-1.5203,4.0653,-3.928,-2.3679,-0.19577,-1.2656,-4.3861,3.589,2.529
3.7094,-0.54028,-5.1265,-1.6699,4.0397,-3.616,-2.6882,-0.42893,-1.2391,-4.9542,3.5357,2.3421
3.7805,-0.37275,-5.0817,-1.8269,4.0636,-3.3642,-3.1453,-0.58325,-1.1835,-5.4319,3.4542,2.0755
3.8629,-0.24021,-5.1496,-1.9739,4.1269,-3.1884,-3.7465,-0.66904,-1.1028,-5.7979,3.3349,1.7283
3.9335,-0.15052,-5.314,-2.0927,4.2124,-3.091,-4.4797,-0.70502,-1.0078,-6.04,3.1736,1.3012
3.9704,-0.10298,-5.5358,-2.1696,4.2929,-3.0589,-5.3174,-0.71301,-0.91143,-6.1582,2.9698,0.79584
3.9567,-0.085605,-5.7585,-2.1997,4.3334,-3.0637,-6.226,-0.71277,-0.82231,-6.1639,2.7238,0.21689
3.8845,-0.077559,-5.9172,-2.1876,4.2978,-3.0673,-7.176,-0.71917,-0.74093,-6.0763,2.4332,-0.42473
3.755,-0.056032,-5.9522,-2.144,4.1597,-3.0309,-8.1467,-0.7417,-0.66035,-5.9144,2.0942,-1.1104
3.5761,-0.0034997,-5.8214,-2.0803,3.9085,-2.9218,-9.1277,-0.78363,-0.56829,-5.6922,1.7023,-1.8119
3.3593,0.089557,-5.5088,-2.0068,3.5513,-2.7192,-10.12,-0.84538,-0.45257,-5.4201,1.254,-2.5002
3.1158,0.22634,-5.027,-1.9324,3.1072,-2.4147,-11.137,-0.92524,-0.3038,-5.1103,0.74604,-3.1472
2.8546,0.40695,-4.4121,-1.866,2.6,-2.0109,-12.206,-1.0218,-0.11588,-4.7792,0.17303,-3.7316
2.5816,0.63094,-3.713,-1.8158,2.0532,-1.5193,-13.357,-1.1365,0.11395,-4.4458,-0.47006,-4.2451
2.2997,0.89864,-2.9765,-1.7877,1.4878,-0.95588,-14.613,-1.2702,0.38456,-4.1271,-1.1839,-4.6929
2.0093,1.2116,-2.2356,-1.7843,0.92461,-0.3361,-15.987,-1.4212,0.69056,-3.8351,-1.9625,-5.0877
1.7104,1.5727,-1.5006,-1.806,0.38265,0.3302,-17.475,-1.5821,1.0232,-3.5769,-2.7906,-5.4406
1.4044,1.9843,-0.75888,-1.8513,-0.12401,1.0389,-19.057,-1.7395,1.373,-3.3561,-3.6488,-5.7552
1.0956,2.4443,0.012369,-1.9176,-0.59227,1.7847,-20.705,-1.877,1.7304,-3.1758,-4.5181,-6.025
0.79039,2.9418,0.8246,-1.9998,-1.0347,2.5499,-22.383,-1.9787,2.0875,-3.0405,-5.3809,-6.2361
0.49435,3.4568,1.6668,-2.0889,-1.4778,3.3016,-24.048,-2.0348,2.4375,-2.9557,-6.2161,-6.3731
0.20856,3.9669,2.5211,-2.1727,-1.9523,4.0097,-25.659,-2.0385,2.7735,-2.9274,-6.9921,-6.4252
-0.071742,4.4555,3.3901,-2.2385,-2.4833,4.6767,-27.18,-1.9832,3.089,-2.9608,-7.6664,-6.3934
-0.35587,4.9127,4.3106,-2.2774,-3.0857,5.3392,-28.603,-1.8601,3.3779,-3.0604,-8.1932,-6.2926
-0.65353,5.3302,5.3354,-2.2861,-3.7593,6.0287,-29.943,-1.6588,3.6351,-3.2291,-8.5363,-6.1501
-0.96982,5.695,6.4726,-2.2648,-4.4824,6.729,-31.24,-1.3707,3.8575,-3.4677,-8.6765,-5.9991
-1.3019,5.9861,7.632,-2.2136,-5.2069,7.3676,-32.54,-0.99393,4.0443,-3.774,-8.6096,-5.8733
-1.639,6.1732,8.6413,-2.1277,-5.862,7.8432,-33.879,-0.53563,4.1976,-4.1402,-8.3405,-5.8022
-1.9653,6.2204,9.3254,-1.9975,-6.3691,8.0626,-35.267,-0.010432,4.3229,-4.5528,-7.8794,-5.8099
-2.2629,6.0952,9.5776,-1.8126,-6.6633,7.9665,-36.688,0.56308,4.4283,-4.9936,-7.2426,-5.9132
-2.5159,5.7833,9.3768,-1.569,-6.7122,7.5436,-38.1,1.1645,4.5215,-5.4436,-6.4535,-6.1204
-2.714,5.3002,8.7722,-1.2732,-6.5264,6.8392,-39.449,1.7705,4.6089,-5.8858,-5.5396,-6.4308
-2.8571,4.6899,7.8782,-0.9413,-6.1601,5.9535,-40.679,2.3534,4.6939,-6.3072,-4.5271,-6.8367
-2.9578,4.0138,6.8667,-0.59381,-5.7012,5.0162,-41.74,2.8822,4.7749,-6.698,-3.4377,-7.3276
-3.0403,3.3365,5.9238,-0.24979,-5.2502,4.1503,-42.601,3.3269,4.8448,-7.049,-2.2911,-7.8912
-3.1348,2.7127,5.1952,0.077226,-4.8941,3.4454,-43.253,3.6651,4.8917,-7.3486,-1.1117,-8.5114
-3.2673,2.1767,4.753,0.3808,-4.6854,2.9448,-43.708,3.8841,4.9027,-7.5826,0.064958,-9.1625
-3.4527,1.738,4.5831,0.66029,-4.633,2.6457,-43.993,3.9822,4.8693,-7.7365,1.1918,-9.8098
-3.6911,1.3874,4.5979,0.91738,-4.7095,2.511,-44.139,3.9673,4.7918,-7.8008,2.218,-10.417
-3.97,1.1094,4.6873,1.152,-4.8697,2.4908,-44.175,3.8563,4.6811,-7.774,3.0991,-10.957
-4.2697,0.8948,4.7815,1.3601,-5.0725,2.545,-44.117,3.6716,4.5542,-7.6617,3.8056,-11.419
-4.5693,0.7464,4.8728,1.534,-5.2946,2.6559,-43.969,3.4358,4.4279,-7.4727,4.3246,-11.802
-4.8518,0.67539,4.9992,1.6661,-5.5352,2.8266,-43.716,3.1647,4.3145,-7.2164,4.6586,-12.116
-5.1053,0.68925,5.2211,1.7527,-5.8052,3.0736,-43.337,2.863,4.2204,-6.9018,4.8214,-12.367
-5.3236,0.77954,5.5993,1.7986,-6.1123,3.4082,-42.806,2.5247,4.1468,-6.5378,4.8355,-12.558
-5.5027,0.9168,6.1622,1.8171,-6.4505,3.8134,-42.105,2.1375,4.0923,-6.1336,4.7295,-12.688
-5.6343,1.0551,6.862,1.826,-6.7903,4.23,-41.228,1.6909,4.0537,-5.6971,4.5346,-12.754
-5.7014,1.1434,7.5519,1.8419,-7.0691,4.5615,-40.181,1.1812,4.0285,-5.2337,4.2815,-12.751
-5.6803,1.1373,8.0188,1.8747,-7.1983,4.7013,-38.979,0.61364,4.0166,-4.7464,3.9955,-12.677
-5.548,1.0081,8.059,1.9271,-7.0903,4.5677,-37.642,-0.0024433,4.0203,-4.2384,3.6955,-12.535
-5.2917,0.74532,7.5528,1.996,-6.6905,4.1244,-36.186,-0.65905,4.0434,-3.7156,3.3947,-12.337
-4.916,0.35257,6.495,2.0782,-5.9962,3.3804,-34.627,-1.3532,4.0897,-3.1863,3.1034,-12.105
-4.4458,-0.15782,4.9808,2.174,-5.0587,2.3793,-32.974,-2.0855,4.161,-2.6585,2.8306,-11.873
-3.9216,-0.76813,3.1705,2.2893,-3.9688,1.192,-31.237,-2.8562,4.2563,-2.1347,2.5848,-11.671
-3.3915,-1.4558,1.2508,2.4324,-2.836,-0.091199,-29.422,-3.6616,4.3718,-1.6102,2.3696,-11.523
-2.9008,-2.1933,-0.60031,2.6098,-1.7693,-1.3745,-27.522,-4.4941,4.5029,-1.0757,2.1829,-11.433
-2.4856,-2.9491,-2.2423,2.8231,-0.85977,-2.5735,-25.51,-5.3443,4.6461,-0.52222,2.0143,-11.398
-2.1694,-3.6901,-3.5891,3.0681,-0.16742,-3.6255,-23.338,-6.2051,4.801,0.051673,1.8483,-11.403
-1.9652,-4.3843,-4.6114,3.3361,0.28451,-4.4937,-20.961,-7.0715,4.9701,0.63751,1.6691,-11.431
-1.8788,-5.003,-5.3182,3.6156,0.50693,-5.1665,-18.359,-7.9401,5.1568,1.2187,1.4667,-11.461
-1.9112,-5.5208,-5.7328,3.8929,0.53503,-5.6491,-15.561,-8.8039,5.3614,1.7751,1.2398,-11.464
-2.0575,-5.9153,-5.8796,4.1527,0.41223,-5.9449,-12.642,-9.6466,5.5784,2.2871,0.99571,-11.414
-2.3055,-6.1688,-5.7792,4.38,0.17086,-6.0474,-9.6884,-10.438,5.7965,2.7383,0.74676,-11.284
-2.6343,-6.271,-5.4478,4.5606,-0.17675,-5.9489,-6.755,-11.134,6.0,3.118,0.5084,-11.062
-3.015,-6.22,-4.9026,4.6827,-0.62767,-5.6546,-3.849,-11.682,6.1725,3.4235,0.29734,-10.743
-3.414,-6.0212,-4.1639,4.7362,-1.1701,-5.1868,-0.93771,-12.035,6.3012,3.6597,0.12938,-10.333
-3.7965,-5.6846,-3.2563,4.7115,-1.776,-4.5781,2.0337,-12.163,6.3792,3.837,0.016175,-9.8445
-4.128,-5.2239,-2.2133,4.6006,-2.4069,-3.8643,5.1302,-12.064,6.4086,3.9666,-0.037265,-9.2911
-4.3733,-4.6582,-1.0853,4.3984,-3.0203,-3.0836,8.4218,-11.76,6.3981,4.0582,-0.03195,-8.6861
-4.4985,-4.0129,0.049434,4.1057,-3.569,-2.2781,11.978,-11.292,6.359,4.1176,0.028466,-8.0422
-4.4757,-3.3185,1.0864,3.7297,-3.9976,-1.4952,15.855,-10.708,6.2982,4.1482,0.14114,-7.3747
-4.2887,-2.608,1.913,3.283,-4.2453,-0.78388,20.084,-10.058,6.2129,4.1531,0.30549,-6.7039
-3.9368,-1.912,2.4369,2.7824,-4.2596,-0.18862,24.644,-9.3867,6.0878,4.1375,0.52227,-6.0545
-3.4351,-1.2559,2.6086,2.2462,-4.0143,0.25773,29.453,-8.727,5.8991,4.1102,0.7911,-5.4519
-2.813,-0.65883,2.4313,1.6928,-3.522,0.53849,34.368,-8.1013,5.6231,4.0817,1.1069,-4.9163
-2.1103,-0.13504,1.9578,1.1399,-2.8362,0.6549,39.218,-7.5208,5.2457,4.0626,1.4598,-4.4593
-1.3737,0.30493,1.2782,0.60496,-2.0428,0.6255,43.847,-6.9894,4.7686,4.0612,1.8339,-4.0811
-0.65141,0.65416,0.50137,0.10495,-1.2418,0.48294,48.124,-6.5094,4.2072,4.0816,2.2108,-3.7729
0.014306,0.90989,-0.26583,-0.34408,-0.52547,0.26736,51.932,-6.0845,3.5834,4.1254,2.5734,-3.5222
0.59293,1.073,-0.93875,-0.72858,0.04199,0.016846,55.158,-5.7227,2.9169,4.1924,2.9091,-3.3184
1.0698,1.1462,-1.4708,-1.0388,0.43482,-0.24215,57.731,-5.4376,2.2191,4.2826,3.2122,-3.1562
1.4452,1.1325,-1.8584,-1.2691,0.66668,-0.49897,59.645,-5.2504,1.4908,4.3964,3.4849,-3.0355
1.7292,1.0353,-2.1307,-1.4179,0.78373,-0.75705,60.955,-5.1889,0.72518,4.5334,3.7361,-2.9579
1.936,0.85976,-2.333,-1.488,0.85235,-1.0281,61.74,-5.2822,-0.085578,4.69,3.9749,-2.921
2.0817,0.6113,-2.5126,-1.4866,0.9419,-1.3267,62.073,-5.5537,-0.94328,4.8564,4.2042,-2.9159
2.1833,0.2941,-2.717,-1.4252,1.1061,-1.6677,62.008,-6.0134,-1.8389,5.0157,4.415,-2.9254
2.2585,-0.091536,-2.9954,-1.3162,1.3735,-2.0651,61.586,-6.6537,-2.7534,5.1447,4.5876,-2.9302
2.3223,-0.54987,-3.396,-1.1697,1.7515,-2.5317,60.842,-7.4482,-3.6626,5.2182,4.6987,-2.9139
2.3829,-1.0875,-3.9572,-0.99136,2.2343,-3.0784,59.822,-8.3538,-4.5446,5.2124,4.73,-2.8674
2.4399,-1.7084,-4.6958,-0.78307,2.8052,-3.7106,58.584,-9.3152,-5.3851,5.1073,4.6725,-2.7898
2.4865,-2.4073,-5.5977,-0.54608,3.4354,-4.4223,57.189,-10.271,-6.1779,4.8888,4.525,-2.6851
2.513,-3.1661,-6.6155,-0.28344,4.0833,-5.1911,55.687,-11.16,-6.9224,4.5515,4.2899,-2.5573
2.5103,-3.9538,-7.6757,-0.00096675,4.6952,-5.9778,54.1,-11.921,-7.618,4.1012,3.969,-2.4083
2.4705,-4.7288,-8.6937,0.29318,5.213,-6.7322,52.431,-12.505,-8.2592,3.5555,3.5618,-2.2361
2.386,-5.4449,-9.5896,0.58948,5.5896,-7.4008,50.686,-12.873,-8.8342,2.9382,3.0653,-2.0352
2.2497,-6.0574,-10.296,0.87819,5.805,-7.9345,48.894,-13.014,-9.3292,2.2718,2.4745,-1.8002
2.0559,-6.5306,-10.762,1.1508,5.8672,-8.294,47.114,-12.942,-9.7359,1.571,1.7855,-1.5303
1.8008,-6.842,-10.949,1.4017,5.7912,-8.452,45.419,-12.693,-10.058,0.84193,0.99871,-1.2324
1.481,-6.9839,-10.833,1.6296,5.5741,-8.3935,43.867,-12.317,-10.315,0.085622,0.12204,-0.9213
1.0928,-6.9617,-10.405,1.8379,5.1885,-8.1152,42.472,-11.858,-10.532,-0.69559,-0.8266,-0.61465
0.6315,-6.7892,-9.6665,2.0342,4.5963,-7.6255,41.21,-11.348,-10.735,-1.4932,-1.818,-0.32728
0.0927,-6.4842,-8.6325,2.2271,3.7683,-6.9431,40.029,-10.801,-10.934,-2.2913,-2.812,-0.065542
-0.5263,-6.0659,-7.3363,2.4244,2.7001,-6.0963,38.887,-10.212,-11.115,-3.0681,-3.7614,0.1759
-1.2238,-5.5542,-5.8313,2.6301,1.4203,-5.1208,37.769,-9.5682,-11.245,-3.7987,-4.6183,0.41391
-1.9912,-4.9721,-4.1883,2.8446,-0.012627,-4.0571,36.683,-8.8523,-11.283,-4.4571,-5.3406,0.67229
-2.8116,-4.3448,-2.4819,3.063,-1.5233,-2.947,35.649,-8.0556,-11.196,-5.0184,-5.8942,0.97522
-3.659,-3.6968,-0.77568,3.2757,-3.0335,-1.8282,34.675,-7.1813,-10.973,-5.4612,-6.2504,1.3385
-4.4993,-3.0468,0.88615,3.4677,-4.4732,-0.73116,33.748,-6.2433,-10.631,-5.7718,-6.3841,1.7669
-5.293,-2.4041,2.4731,3.6193,-5.7858,0.32155,32.846,-5.2627,-10.202,-5.9467,-6.2779,2.256
-5.9997,-1.7689,3.9564,3.7098,-6.9311,1.3136,31.938,-4.2623,-9.7202,-5.9903,-5.93,2.7971
-6.5843,-1.1344,5.2989,3.7206,-7.884,2.2334,30.999,-3.2625,-9.2114,-5.9104,-5.3578,3.3812
-7.0217,-0.49025,6.4596,3.6385,-8.6351,3.073,30.019,-2.2782,-8.6846,-5.7116,-4.5911,4.0026
-7.2956,0.17387,7.4113,3.4547,-9.1883,3.8265,29.011,-1.3185,-8.1334,-5.3938,-3.6602,4.6543
-7.3941,0.86391,8.1548,3.164,-9.555,4.4873,28.012,-0.38785,-7.5424,-4.9543,-2.5901,5.3284
-7.3076,1.5777,8.7151,2.7652,-9.7461,5.0493,27.071,0.51231,-6.8978,-4.3908,-1.4042,6.0139
-7.0301,2.3061,9.1291,2.2639,-9.7687,5.5187,26.229,1.3836,-6.1973,-3.7054,-0.13154,6.6987
-6.5645,3.0396,9.4396,1.6731,-9.6294,5.925,25.497,2.2337,-5.4526,-2.905,1.1893,7.3731
-5.9241,3.7727,9.6902,1.0102,-9.3388,6.312,24.862,3.0825,-4.6849,-2.002,2.5121,8.0355
-5.1318,4.5022,9.901,0.29127,-8.9106,6.7063,24.295,3.9681,-3.9151,-1.0122,3.7868,8.6947
-4.2156,5.2246,10.037,-0.475,-8.3519,7.0901,23.769,4.9506,-3.1516,0.04943,4.9642,9.3703
-3.2038,5.9378,10.01,-1.2902,-7.6539,7.408,23.273,6.1136,-2.3836,1.1743,6.0024,10.089
-2.119,6.6508,9.7248,-2.1692,-6.7957,7.6027,22.813,7.5646,-1.5812,2.3671,6.8768,10.88
-0.96953,7.401,9.1304,-3.1505,-5.7612,7.6573,22.4,9.4363,-0.705,3.6472,7.5908,11.775
0.26197,8.2883,8.2497,-4.3212,-4.5578,7.6199,22.049,11.88,0.28046,5.0451,8.1845,12.8
1.6318,9.5092,7.1658,-5.8423,-3.2196,7.594,21.776,15.025,1.3982,6.5954,8.7349,13.975
3.2503,11.277,5.983,-7.8748,-1.7971,7.6745,21.6,18.884,2.6603,8.34,9.344,15.297
5.2831,13.424,4.8091,-10.267,-0.33994,7.8452,21.541,23.255,4.0783,10.335,10.109,16.727
7.8756,15.321,3.7666,-12.586,1.1142,8.0169,21.612,27.776,5.665,12.61,11.072,18.184
11.009,16.945,2.9958,-14.8,2.5387,8.2686,21.801,32.111,7.4119,15.079,12.186,19.561
14.489,18.833,2.6197,-17.181,3.9074,8.8478,22.073,36.063,9.2542,17.563,13.343,20.768
18.059,21.264,2.6962,-19.904,5.19,9.9518,22.365,39.561,11.069,19.967,14.446,21.755
21.512,24.378,3.1959,-23.081,6.3601,11.686,22.599,42.615,12.714,22.33,15.47,22.521
24.764,28.497,4.0045,-26.886,7.4112,14.026,22.697,45.28,14.084,24.758,16.47,23.091
27.84,33.961,4.9457,-31.516,8.3639,16.71,22.593,47.601,15.166,27.363,17.546,23.488
30.765,40.706,5.8224,-36.927,9.2574,19.342,22.247,49.547,16.046,30.197,18.742,23.713
33.494,48.057,6.4652,-42.608,10.127,21.62,21.647,50.98,16.847,33.162,19.981,23.748
35.886,54.757,6.7629,-47.666,10.983,23.385,20.81,51.713,17.631,35.913,21.1,23.563
37.741,59.249,6.6671,-51.158,11.799,24.47,19.776,51.596,18.351,37.88,21.92,23.143
38.823,60.31,6.1776,-52.395,12.523,24.6,18.597,50.579,18.851,38.474,22.286,22.488
38.898,57.551,5.3312,-51.036,13.089,23.543,17.324,48.728,18.886,37.352,22.079,21.608
37.843,51.347,4.1967,-47.019,13.45,21.406,15.992,46.175,18.148,34.564,21.221,20.512
35.859,42.815,2.8611,-40.806,13.594,18.675,14.621,43.052,16.393,30.522,19.686,19.207
33.485,34.463,1.4099,-34.226,13.547,15.883,13.219,39.46,13.615,25.877,17.497,17.708
31.162,28.739,-0.07901,-29.456,13.355,13.167,11.791,35.477,10.094,21.306,14.749,16.048
28.925,24.743,-1.5367,-26.148,13.052,10.338,10.346,31.189,6.2506,17.242,11.656,14.287
26.619,20.905,-2.9123,-23.174,12.651,7.397,8.8933,26.679,2.4696,13.762,8.4894,12.499
24.126,16.786,-4.1756,-20.148,12.137,4.5572,7.4517,22.053,-0.97973,10.745,5.3409,10.763
21.356,12.453,-5.3043,-16.998,11.477,2.0022,6.0401,17.523,-3.9464,8.044,2.1368,9.1481
18.193,8.0892,-6.2788,-13.594,10.632,-0.21409,4.6764,13.417,-6.3926,5.5296,-1.0872,7.7051
14.522,3.9437,-7.0869,-9.76,9.5875,-2.1521,3.3724,10.005,-8.4549,3.1054,-4.1308,6.4614
10.425,0.24045,-7.7263,-5.6457,8.3821,-3.9095,2.1341,7.3096,-10.416,0.76614,-6.8312,5.4233
6.3379,-2.9548,-8.2037,-1.8298,7.0965,-5.5441,0.9672,5.1629,-12.457,-1.3879,-9.2139,4.5812
2.7957,-5.6843,-8.5341,1.3082,5.8205,-7.0575,-0.1174,3.3553,-14.534,-3.2664,-11.392,3.9161
0.011864,-8.0133,-8.7403,3.826,4.6184,-8.4219,-1.1025,1.716,-16.494,-4.8639,-13.391,3.4075
-2.1095,-10.006,-8.8494,5.8887,3.5206,-9.6093,-1.9684,0.12601,-18.204,-6.2263,-15.147,3.0399
-3.742,-11.715,-8.8872,7.5994,2.5373,-10.604,-2.6999,-1.4906,-19.599,-7.4034,-16.598,2.8067
-5.0227,-13.17,-8.8718,9.0111,1.6746,-11.397,-3.2915,-3.1754,-20.671,-8.4298,-17.73,2.7076
-6.0402,-14.37,-8.8098,10.156,0.93973,-11.979,-3.7485,-4.9435,-21.442,-9.3259,-18.574,2.741
-6.8473,-15.281,-8.6966,11.054,0.33729,-12.334,-4.0874,-6.7938,-21.942,-10.104,-19.18,2.8961
-7.473,-15.857,-8.5197,11.714,-0.13849,-12.447,-4.3339,-8.7176,-22.197,-10.777,-19.602,3.1508
-7.9361,-16.071,-8.2602,12.143,-0.50889,-12.314,-4.5212,-10.702,-22.23,-11.355,-19.887,3.4788
-8.2587,-15.938,-7.8924,12.351,-0.81182,-11.944,-4.6865,-12.726,-22.072,-11.853,-20.067,3.8601
-8.4747,-15.513,-7.3859,12.363,-1.0986,-11.362,-4.8651,-14.756,-21.765,-12.286,-20.157,4.2873
-8.6309,-14.864,-6.7116,12.215,-1.4264,-10.594,-5.0849,-16.742,-21.351,-12.668,-20.157,4.7634
-8.7775,-14.057,-5.8501,11.951,-1.8462,-9.6725,-5.3649,-18.624,-20.866,-13.007,-20.056,5.2941
-8.9519,-13.143,-4.799,11.604,-2.3906,-8.6318,-5.7189,-20.339,-20.322,-13.303,-19.841,5.8808
-9.1673,-12.162,-3.5796,11.201,-3.0646,-7.5164,-6.1617,-21.833,-19.708,-13.546,-19.506,6.5163
-9.4157,-11.149,-2.2376,10.762,-3.8457,-6.376,-6.7089,-23.076,-18.999,-13.716,-19.058,7.1826
-9.6831,-10.139,-0.83697,10.313,-4.6912,-5.2598,-7.369,-24.062,-18.183,-13.797,-18.508,7.8471
-9.9632,-9.1768,0.55223,9.8879,-5.5496,-4.2126,-8.1272,-24.791,-17.265,-13.78,-17.885,8.4579
-10.258,-8.3158,1.8622,9.5279,-6.3681,-3.2767,-8.9262,-25.243,-16.271,-13.671,-17.232,8.9411
-10.569,-7.6163,3.0291,9.2727,-7.0972,-2.4969,-9.6478,-25.338,-15.235,-13.49,-16.603,9.2093
-10.887,-7.1353,3.9904,9.1516,-7.6941,-1.9225,-10.105,-24.913,-14.177,-13.259,-16.05,9.1899
-11.191,-6.9168,4.6841,9.1756,-8.1252,-1.6034,-10.059,-23.716,-13.084,-12.997,-15.613,8.8604
-11.443,-6.9839,5.0574,9.331,-8.3701,-1.58,-9.2876,-21.467,-11.904,-12.706,-15.312,8.2563
-11.601,-7.3316,5.0812,9.5742,-8.4264,-1.8719,-7.6974,-18.131,-10.552,-12.358,-15.132,7.4412
-11.614,-7.9176,4.7563,9.8281,-8.3166,-2.4669,-5.4437,-15.636,-8.9434,-11.886,-15.013,6.4735
-11.435,-8.6504,4.0906,9.9841,-8.0813,-3.3174,-3.2622,-23.427,-7.0648,-11.182,-14.831,5.4002
-11.021,-9.3718,3.0561,9.9157,-7.7372,-4.3401,-5.4649,-28.608,-6.2815,-10.102,-14.392,4.281
-10.342,-9.8429,1.5838,9.5074,-7.2145,-5.379,-16.182,-28.304,-11.523,-8.5072,-13.393,3.2382
-9.461,-9.7649,-0.32919,8.7204,-6.3672,-6.1399,-17.901,-25.599,-12.835,-7.3545,-11.422,2.5043
-9.0754,-9.2255,-2.3608,8.4026,-5.0804,-6.3553,-14.762,-18.662,-13.227,-11.525,-9.8181,2.436
-11.578,-15.975,-3.8831,13.639,-3.3643,-11.107,-8.6007,-5.795,-13.112,-12.26,-14.138,1.7126
-13.271,-22.631,-11.013,16.751,-1.3874,-19.042,1.8622,14.727,-11.111,-13.03,-18.381,-10.069
-11.777,-28.747,-19.5,19.333,0.56574,-26.718,19.608,45.759,-5.4784,-13.095,-23.311,-18.672
-8.8714,-33.233,-28.164,20.763,2.3243,-33.836,46.375,86.639,5.5475,-11.39,-27.632,-26.52
-4.565,-34.468,-35.979,19.683,5.3062,-38.511,80.04,134.66,22.959,-6.3118,-29.401,-31.721
1.562,-30.388,-40.877,14.55,16.953,-38.447,117.12,185.08,47.333,4.4148,-25.981,-31.81
10.134,-18.799,-40.226,3.9135,23.147,-31.46,153.33,232.92,78.829,23.49,-14.375,-24.185
22.086,2.3865,-31.555,-13.6,24.536,-15.726,184.14,274.01,117.32,53.345,8.3038,-6.2959
38.625,35.171,-13.266,-39.343,22.574,10.279,205.21,305.0,161.73,94.642,44.527,24.315
60.832,81.369,15.161,-74.14,18.064,47.83,212.87,323.9,210.27,146.72,95.964,68.861
89.116,142.0,53.738,-117.63,11.608,97.472,205.18,330.41,264.75,212.03,163.04,124.92
122.68,216.39,100.65,-169.44,3.5256,157.95,180.76,324.38,323.78,289.26,244.75,195.7
160.03,314.98,160.17,-235.32,-5.8645,238.49,123.83,294.0,385.05,379.01,338.42,286.4
197.12,419.81,227.3,-305.84,-19.968,324.53,31.194,251.48,449.31,474.02,440.47,386.18
229.52,532.09,304.2,-379.26,-43.368,418.93,-70.558,206.58,513.0,573.53,547.36,494.6
255.14,646.41,389.91,-450.82,-72.339,518.48,-184.81,156.71,576.24,674.56,655.72,606.86
272.88,755.28,479.02,-515.45,-105.91,617.18,-304.83,103.43,635.99,771.86,760.5,716.14
282.72,848.01,560.46,-567.33,-140.2,704.75,-423.13,47.614,685.48,856.11,852.83,812.06
285.13,910.58,620.03,-599.62,-168.07,766.75,-532.58,-9.3103,713.48,913.13,919.19,880.5
280.26,927.81,642.84,-605.15,-181.54,787.57,-626.76,-67.936,706.07,925.88,943.24,905.87
267.22,888.13,617.51,-578.32,-174.89,755.55,-699.98,-131.49,651.16,879.73,910.46,876.02
244.66,789.39,542.12,-517.76,-147.87,668.68,-747.17,-202.81,544.67,769.43,814.6,787.91
211.7,642.44,427.79,-428.45,-106.76,537.92,-764.49,-281.07,394.79,604.03,662.67,650.97
169.31,469.81,296.41,-321.82,-62.137,385.5,-750.65,-359.47,221.79,406.67,475.29,485.97
121.32,299.04,172.93,-213.1,-24.613,237.86,-708.4,-426.16,52.557,208.44,281.48,319.21
73.878,154.05,76.607,-116.88,-3.1193,116.8,-644.5,-468.78,-87.664,39.013,110.2,174.62
33.018,48.914,15.785,-43.137,3.5716,33.613,-568.08,-479.94,-182.47,-81.744,-17.637,67.399
2.2831,-13.414,-11.727,4.4503,-0.0027217,-11.275,-488.05,-459.9,-227.55,-147.67,-93.86,1.6433
-17.244,-38.667,-14.42,27.963,-8.6524,-25.27,-411.13,-415.23,-229.46,-165.01,-122.66,-27.749
-26.267,-37.648,-3.1963,33.112,-17.062,-19.477,-341.19,-355.87,-201.46,-147.6,-116.33,-30.798
-27.222,-22.27,12.552,26.703,-22.687,-4.1399,-279.98,-292.69,-158.48,-111.37,-89.716,-18.303
-23.167,-2.207,27.472,15.087,-25.953,13.316,-228.08,-234.6,-113.05,-70.382,-55.636,-0.042091
-16.847,16.276,39.122,2.9739,-27.591,28.158,-184.14,-186.6,-73.439,-34.316,-25.081,16.471
-10.294,29.629,45.847,-6.7266,-19.251,37.828,-146.02,-149.74,-43.674,-8.0989,-5.9656,27.688
-4.7278,36.116,46.895,-12.467,-13.812,41.427,-114.14,-122.85,-24.499,6.7265,3.0227,33.519
-3.0794,34.728,31.795,-13.373,-12.73,37.687,-89.719,-103.4,-14.459,11.092,4.8196,25.33
-3.4743,10.146,17.463,-2.5965,-11.584,15.266,-72.006,-87.831,-10.773,9.3494,1.7343,10.912
-3.0754,8.889,14.52,-2.4437,-10.236,12.887,-59.24,-74.566,-10.662,5.4677,-3.5851,9.2348
-2.3543,8.5394,11.547,-2.8042,-8.9946,10.956,-49.797,-65.119,-11.634,1.5638,-8.5074,8.6815
-1.484,8.2546,9.1022,-3.2374,-7.8966,9.0929,-42.321,-60.706,-13.047,-2.3129,-12.594,8.3586
-0.67094,7.9815,7.4266,-3.6046,-6.8344,7.8099,-36.783,-62.37,-14.28,-6.6771,-13.554,7.8739
-0.051473,7.6384,6.2498,-3.8094,-5.8005,7.1275,-35.971,-70.008,-15.37,-8.5825,-12.176,7.042
0.33068,7.2271,5.4319,-3.8035,-4.8881,6.683,-35.445,-73.479,-14.698,-8.1153,-12.22,5.7783
0.47829,6.7375,5.0396,-3.5913,-4.2221,6.2856,-30.931,-71.329,-13.167,-8.1146,-12.974,4.1343
0.40652,6.1357,4.9475,-3.2023,-3.8836,5.9544,-24.661,-67.97,-12.424,-8.3934,-13.804,2.2898
0.13439,5.4171,4.9271,-2.6599,-3.8603,5.6113,-18.763,-64.96,-12.123,-8.7535,-14.476,0.44569
-0.31562,4.5949,4.8568,-1.982,-4.0747,5.186,-13.951,-62.638,-11.996,-9.0524,-14.947,-1.2568
-0.91706,3.6714,4.6986,-1.1848,-4.4386,4.6615,-10.165,-60.967,-11.861,-9.2102,-15.209,-2.7433
-1.6379,2.6457,4.4391,-0.28026,-4.8779,4.0157,-7.125,-59.793,-11.613,-9.1896,-15.232,-3.9795
-2.4407,1.5161,4.0612,0.72074,-5.3344,3.2276,-4.5789,-58.916,-11.206,-8.9846,-14.984,-4.9499
-3.2858,0.2765,3.5438,1.8024,-5.7632,2.2905,-2.3543,-58.122,-10.64,-8.619,-14.45,-5.651
-4.1348,-1.0618,2.8815,2.9371,-6.1336,1.2195,-0.34603,-57.218,-9.9554,-8.1354,-13.652,-6.0931
-4.95,-2.4499,2.0971,4.079,-6.4278,0.059454,1.5056,-56.065,-9.2067,-7.5805,-12.65,-6.3007
-5.6905,-3.8096,1.236,5.1633,-6.6348,-1.1207,3.233,-54.599,-8.4499,-6.9938,-11.527,-6.3052
-6.312,-5.0551,0.35079,6.1153,-6.7421,-2.2447,4.8519,-52.831,-7.7268,-6.404,-10.365,-6.1321
-6.7729,-6.1097,-0.51207,6.8716,-6.7299,-3.2463,6.3651,-50.827,-7.0589,-5.8314,-9.2343,-5.7909
-7.0396,-6.918,-1.3184,7.397,-6.5732,-4.08,7.7641,-48.683,-6.451,-5.2912,-8.1847,-5.2787
-7.0905,-7.4526,-2.045,7.685,-6.2548,-4.7247,9.0321,-46.491,-5.8976,-4.7957,-7.2396,-4.5963
-6.9213,-7.7094,-2.6732,7.7464,-5.7797,-5.1766,10.152,-44.315,-5.3903,-4.3564,-6.4049,-3.7664
-6.5501,-7.697,-3.1816,7.6,-5.1837,-5.4349,11.114,-42.187,-4.9239,-3.9831,-5.6834,-2.8367
-6.0179,-7.4298,-3.5437,7.2705,-4.5294,-5.4931,11.921,-40.118,-4.5005,-3.6826,-5.0868,-1.8663
-5.3807,-6.9282,-3.7317,6.7875,-3.893,-5.3426,12.591,-38.109,-4.1312,-3.4548,-4.6383,-0.90755
-4.6987,-6.221,-3.7221,6.1831,-3.3479,-4.9834,13.146,-36.167,-3.8325,-3.291,-4.3614,0.0051857
-4.0261,-5.3469,-3.5026,5.4895,-2.9526,-4.4333,13.601,-34.306,-3.6178,-3.1737,-4.2617,0.85717
-3.4051,-4.3551,-3.0771,4.7409,-2.7416,-3.7291,13.963,-32.546,-3.4913,-3.08,-4.317,1.6491
-2.8667,-3.3051,-2.4676,3.9769,-2.7232,-2.9202,14.229,-30.908,-3.4437,-2.9851,-4.4802,2.3918
-2.434,-2.2611,-1.7138,3.2433,-2.8829,-2.0599,14.394,-29.403,-3.4538,-2.8675,-4.6907,3.1023
-2.1224,-1.2846,-0.86874,2.585,-3.19,-1.1979,14.449,-28.033,-3.4927,-2.7106,-4.887,3.7998
-1.9347,-0.42634,0.0074888,2.0359,-3.6022,-0.37689,14.393,-26.793,-3.5311,-2.5034,-5.0171,4.5028
-1.8579,0.2789,0.85372,1.6123,-4.0688,0.36776,14.225,-25.674,-3.5469,-2.2398,-5.0461,5.2227
-1.8657,0.8145,1.6093,1.3136,-4.5361,1.0062,13.95,-24.673,-3.5293,-1.9179,-4.9598,5.9577
-1.9238,1.1807,2.2139,1.1257,-4.95,1.5114,13.573,-23.794,-3.4763,-1.5388,-4.7626,6.6905
-1.9944,1.3917,2.6113,1.0244,-5.261,1.8605,13.103,-23.044,-3.3893,-1.1056,-4.4691,7.3913
-2.0412,1.4725,2.7588,0.97897,-5.4289,2.0385,12.547,-22.436,-3.267,-0.62557,-4.0945,8.0283
-2.0338,1.4552,2.6398,0.95629,-5.4301,2.0438,11.914,-21.982,-3.1026,-0.11101,-3.6495,8.5783
-1.9522,1.3755,2.2704,0.92532,-5.2624,1.8909,11.219,-21.68,-2.8849,0.41988,-3.1408,9.0313
-1.787,1.2694,1.6975,0.86079,-4.9452,1.613,10.479,-21.513,-2.6024,0.94648,-2.5767,9.3884
-1.5377,1.1719,0.99107,0.74381,-4.5158,1.2606,9.7191,-21.444,-2.2489,1.4508,-1.9723,9.6556
-1.2069,1.1175,0.2341,0.55971,-4.0209,0.89769,8.9701,-21.429,-1.8285,1.9208,-1.3519,9.8386
-0.79702,1.141,-0.48878,0.29541,-3.5071,0.59274,8.2642,-21.429,-1.3571,2.3501,-0.74601,9.9414
-0.30858,1.2748,-1.1041,-0.061036,-3.0123,0.40769,7.6295,-21.417,-0.86057,2.7333,-0.18408,9.9671
0.25744,1.5443,-1.5605,-0.51777,-2.5615,0.387,7.0802,-21.373,-0.37066,3.0603,0.3128,9.921
0.89444,1.9621,-1.8339,-1.0749,-2.167,0.55021,6.6167,-21.281,0.082464,3.3127,0.73579,9.8137
1.5859,2.524,-1.9271,-1.721,-1.8307,0.89019,6.2315,-21.117,0.47705,3.4657,1.0876,9.6624
2.3043,3.2091,-1.8632,-2.4324,-1.5477,1.3773,5.9187,-20.857,0.80452,3.4952,1.3794,9.4915
3.0157,3.983,-1.6776,-3.177,-1.3107,1.9676,5.6815,-20.483,1.07,3.3867,1.6262,9.3299
3.6863,4.8034,-1.4088,-3.9202,-1.116,2.6112,5.5352,-19.987,1.2882,3.143,1.8442,9.2085
4.2897,5.6268,-1.0918,-4.6309,-0.96536,3.2605,5.5055,-19.374,1.4768,2.7846,2.0471,9.1577
4.8097,6.4126,-0.7536,-5.2842,-0.86534,3.8744,5.6117,-18.656,1.6508,2.3447,2.2442,9.2044
5.2401,7.1261,-0.4133,-5.8616,-0.82215,4.4191,5.8588,-17.836,1.8208,1.8621,2.4403,9.3712
5.5838,7.7363,-0.086291,-6.3496,-0.83657,4.8663,6.2325,-16.901,1.9953,1.3751,2.6378,9.678
5.8499,8.2141,0.21141,-6.736,-0.90082,5.1912,6.7025,-15.827,2.1849,0.92053,2.8397,10.146
6.0503,8.532,0.46104,-7.0079,-0.99883,5.3755,7.2315,-14.58,2.4031,0.53163,3.0526,10.799
6.1949,8.6679,0.64179,-7.1508,-1.1089,5.4089,7.7864,-13.139,2.6642,0.23649,3.285,11.663
6.2894,8.6088,0.73078,-7.1521,-1.206,5.2855,8.346,-11.503,2.9786,0.056293,3.5437,12.755
6.3385,8.3519,0.70029,-7.0095,-1.2615,4.9958,8.9021,-9.7,3.3504,0.0045661,3.8293,14.069
6.3541,7.9031,0.51531,-6.7364,-1.2405,4.5226,9.454,-7.7847,3.7771,0.085794,4.1369,15.571
6.3631,7.2742,0.13513,-6.3619,-1.1006,3.8456,9.9997,-5.8329,4.2508,0.29277,4.4584,17.192
6.4078,6.4795,-0.48291,-5.9223,-0.79298,2.9499,10.529,-3.923,4.7597,0.6054,4.7882,18.839
6.5376,5.5347,-1.3824,-5.4527,-0.26389,1.8316,11.023,-2.1165,5.2919,0.99449,5.1258,20.416
6.796,4.4561,-2.6101,-4.9805,0.54425,0.50003,11.459,-0.44611,5.8412,1.4307,5.4778,21.849
7.2121,3.2619,-4.2165,-4.5233,1.6892,-1.0242,11.818,1.0843,6.4158,1.8941,5.8561,23.095
7.7983,1.9738,-6.2573,-4.0903,3.2134,-2.7104,12.094,2.4906,7.0433,2.3783,6.2751,24.141
8.5557,0.62126,-8.8082,-3.6872,5.1128,-4.5193,12.296,3.7987,7.7681,2.887,6.747,24.982
9.4831,-0.75536,-11.981,-3.3227,7.3079,-6.4019,12.434,5.0366,8.6412,3.4254,7.2783,25.623
10.584,-2.1037,-15.841,-3.0129,9.6538,-8.2966,12.512,6.231,9.7057,3.993,7.8673,26.069
11.866,-3.3629,-20.205,-2.7822,11.993,-10.128,12.517,7.4073,10.98,4.5788,8.5037,26.339
13.337,-4.4725,-24.592,-2.6578,14.219,-11.814,12.421,8.5918,12.44,5.1649,9.1718,26.468
14.991,-5.383,-28.477,-2.6639,16.304,-13.278,12.192,9.8108,14.019,5.7352,9.8549,26.496
16.812,-6.065,-31.562,-2.8158,18.282,-14.474,11.815,11.087,15.625,6.2869,10.539,26.461
18.773,-6.5099,-33.846,-3.1192,20.208,-15.389,11.304,12.432,17.19,6.8382,11.211,26.388
20.84,-6.7241,-35.528,-3.5725,22.104,-16.043,10.699,13.839,18.69,7.4284,11.86,26.288
22.967,-6.719,-36.856,-4.1719,23.928,-16.467,10.05,15.29,20.149,8.1127,12.468,26.163
25.09,-6.5027,-38.002,-4.9152,25.582,-16.691,9.3985,16.77,21.624,8.956,13.015,26.036
27.132,-6.0776,-38.993,-5.8036,26.962,-16.736,8.7706,18.283,23.175,10.029,13.475,25.962
29.026,-5.4432,-39.745,-6.8411,28.02,-16.608,8.17,19.866,24.854,11.407,13.825,26.042
30.738,-4.6017,-40.14,-8.0368,28.774,-16.307,7.5853,21.569,26.694,13.151,14.049,26.404
32.277,-3.5622,-40.099,-9.4094,29.291,-15.826,6.9992,23.441,28.707,15.276,14.151,27.179
33.683,-2.3392,-39.579,-10.992,29.648,-15.156,6.3955,25.501,30.868,17.72,14.151,28.458
35.009,-0.94475,-38.583,-12.833,29.906,-14.281,5.762,27.74,33.112,20.382,14.09,30.25
36.306,0.62413,-37.183,-14.969,30.103,-13.184,5.0882,30.126,35.374,23.197,14.022,32.465
37.609,2.4022,-35.577,-17.374,30.255,-11.858,4.3607,32.628,37.625,26.166,13.996,34.947
38.941,4.4701,-34.001,-19.911,30.37,-10.329,3.5615,35.226,39.877,29.336,14.058,37.556
40.324,6.9371,-32.54,-22.434,30.457,-8.659,2.6699,37.911,42.156,32.753,14.241,40.224
41.79,9.8463,-31.079,-24.953,30.526,-6.9161,1.6697,40.68,44.481,36.409,14.577,42.96
43.375,13.084,-29.449,-27.59,30.584,-5.1344,0.55788,43.523,46.851,40.192,15.103,45.817
45.101,16.486,-27.543,-30.432,30.627,-3.31,-0.64905,46.426,49.264,43.89,15.87,48.866
46.981,19.998,-25.36,-33.472,30.65,-1.4256,-1.9145,49.372,51.741,47.312,16.933,52.187
49.013,23.658,-23.002,-36.644,30.657,0.53128,-3.1886,52.347,54.336,50.402,18.367,55.86
51.195,27.506,-20.632,-39.866,30.663,2.5635,-4.4215,55.343,57.094,53.243,20.313,59.929
53.528,31.531,-18.405,-43.068,30.695,4.66,-5.5799,58.353,59.994,55.998,23.061,64.31
56.005,35.644,-16.415,-46.203,30.774,6.7925,-6.6567,61.361,62.964,58.85,26.886,68.763
58.586,39.706,-14.687,-49.258,30.91,8.9227,-7.6692,64.341,65.977,61.936,31.554,73.033
61.196,43.602,-13.201,-52.255,31.106,11.021,-8.6469,67.262,69.113,65.25,36.443,77.092
63.754,47.296,-11.93,-55.231,31.361,13.087,-9.6179,70.082,72.484,68.649,41.326,81.199
66.218,50.837,-10.865,-58.213,31.668,15.157,-10.602,72.766,76.094,71.988,46.355,85.749
68.594,54.344,-10.029,-61.2,32.01,17.278,-11.61,75.283,79.831,75.208,51.67,91.048
70.907,57.945,-9.4371,-64.18,32.363,19.452,-12.64,77.62,83.593,78.314,57.34,97.161
73.189,61.688,-9.0433,-67.159,32.708,21.636,-13.686,79.783,87.378,81.335,63.403,103.87
75.458,65.509,-8.7452,-70.159,33.038,23.839,-14.744,81.79,91.24,84.31,69.847,110.79
77.715,69.256,-8.4304,-73.181,33.353,26.148,-15.817,83.664,95.203,87.28,76.606,117.58
79.945,72.768,-8.006,-76.178,33.643,28.614,-16.924,85.414,99.228,90.267,83.582,124.16
82.106,76.023,-7.3994,-79.064,33.886,31.223,-18.089,87.031,103.22,93.261,90.652,130.75
84.142,79.15,-6.5589,-81.766,34.048,33.969,-19.326,88.495,107.07,96.211,97.644,137.45
86.0,82.289,-5.4644,-84.265,34.099,36.911,-20.623,89.785,110.66,99.034,104.33,143.48
87.666,85.51,-4.1313,-86.589,34.022,40.132,-21.938,90.89,113.85,101.65,110.47,148.03
89.169,88.825,-2.6046,-88.793,33.826,43.635,-23.215,91.816,116.54,104.03,115.93,151.83
90.566,92.231,-0.94731,-90.947,33.542,47.262,-24.405,92.579,118.72,106.2,120.72,156.49
91.914,95.722,0.77222,-93.12,33.209,50.753,-25.483,93.196,120.43,108.25,124.95,163.27
93.236,99.294,2.4937,-95.365,32.866,53.921,-26.462,93.677,121.81,110.26,128.74,172.74
94.518,102.92,4.1809,-97.695,32.528,56.763,-27.377,94.021,122.98,112.27,132.12,184.78
95.725,106.53,5.8345,-100.07,32.191,59.425,-28.27,94.217,124.01,114.2,135.01,198.68
96.827,110.08,7.4911,-102.39,31.837,62.068,-29.16,94.249,124.94,115.98,137.36,213.33
97.804,113.53,9.2037,-104.58,31.451,64.748,-30.032,94.103,125.73,117.54,139.23,227.59
98.648,116.86,11.017,-106.56,31.033,67.404,-30.839,93.767,126.38,118.9,140.82,240.57
99.362,120.03,12.945,-108.3,30.59,69.912,-31.519,93.23,126.84,120.1,142.27,251.7
99.953,123.01,14.968,-109.81,30.127,72.178,-32.013,92.489,127.07,121.21,143.67,260.85
100.43,125.7,17.036,-111.11,29.643,74.156,-32.283,91.547,127.07,122.28,145.07,268.28
100.78,128.0,19.088,-112.2,29.138,75.834,-32.316,90.414,126.79,123.32,146.48,274.53
100.99,129.86,21.073,-113.08,28.606,77.225,-32.124,89.108,126.24,124.32,147.87,280.13
101.03,131.25,22.955,-113.76,28.034,78.353,-31.721,87.646,125.45,125.2,149.15,285.41
100.83,132.21,24.694,-114.22,27.407,79.235,-31.109,86.039,124.49,125.92,150.19,290.31
100.34,132.75,26.233,-114.46,26.714,79.852,-30.26,84.292,123.42,126.42,150.83,294.45
99.511,132.88,27.505,-114.46,25.948,80.153,-29.123,82.406,122.31,126.67,150.96,297.52
98.315,132.55,28.479,-114.17,25.107,80.1,-27.639,80.377,121.16,126.69,150.57,299.61
96.781,131.71,29.171,-113.49,24.184,79.711,-25.771,78.199,119.95,126.51,149.83,301.03
94.993,130.32,29.627,-112.32,23.165,79.063,-23.535,75.863,118.63,126.14,148.95,302.07
93.034,128.41,29.889,-110.65,22.027,78.242,-21.011,73.366,117.13,125.53,147.98,302.96
90.912,126.02,29.998,-108.48,20.748,77.3,-18.321,70.714,115.33,124.57,146.68,303.81
88.532,123.22,29.995,-105.83,19.317,76.251,-15.596,67.932,113.11,123.1,144.74,304.67
85.728,120.08,29.922,-102.76,17.756,75.078,-12.933,65.056,110.37,120.98,141.92,305.54
82.368,116.69,29.809,-99.321,16.113,73.76,-10.382,62.129,107.15,118.09,138.1,306.32
78.49,113.12,29.679,-95.602,14.437,72.29,-7.9576,59.174,103.6,114.4,133.25,306.89
74.296,109.44,29.545,-91.659,12.741,70.685,-5.6639,56.193,99.923,109.97,127.43,307.07
69.97,105.66,29.415,-87.553,11.004,68.977,-3.5127,53.157,96.145,105.04,120.76,306.69
65.569,101.74,29.299,-83.366,9.1928,67.191,-1.527,50.018,92.201,99.922,113.48,305.56
61.078,97.651,29.216,-79.159,7.2912,65.336,0.26717,46.73,88.025,94.868,105.93,303.53
56.465,93.364,29.188,-74.914,5.3139,63.409,1.8514,43.269,83.629,89.899,98.475,300.5
51.707,88.891,29.221,-70.546,3.3061,61.406,3.2204,39.642,79.125,84.842,91.437,296.47
46.82,84.23,29.283,-65.962,1.3251,59.315,4.3806,35.889,74.661,79.49,84.948,291.56
41.871,79.359,29.296,-61.106,-0.58087,57.106,5.3471,32.076,70.315,73.797,78.928,286.1
36.964,74.235,29.134,-55.978,-2.3783,54.697,6.1392,28.271,66.051,67.92,73.127,280.49
32.227,68.8,28.661,-50.659,-4.0386,51.95,6.7763,24.541,61.827,62.031,67.25,275.09
27.799,63.028,27.791,-45.264,-5.5295,48.782,7.2743,20.949,57.682,56.16,61.142,270.12
23.754,56.998,26.557,-39.847,-6.8154,45.309,7.6441,17.552,53.695,50.216,54.864,265.7
19.985,50.916,25.138,-34.463,-7.8634,41.761,7.8924,14.386,49.887,44.077,48.563,261.84
16.209,44.947,23.706,-29.399,-8.6477,38.228,8.0254,11.458,46.184,37.705,42.342,258.45
12.174,39.079,22.234,-24.982,-9.1582,34.601,8.052,8.7497,42.462,31.304,36.302,255.2
7.993,33.343,20.519,-21.192,-9.4045,30.709,7.9858,6.2234,38.629,25.379,30.648,251.44
4.3714,27.893,18.351,-17.717,-9.41,26.462,7.8444,3.8423,34.693,20.39,25.644,245.95
1.9551,22.797,15.637,-14.181,-9.2037,21.899,7.6485,1.5787,30.758,16.397,21.5,238.81
0.55259,17.997,12.443,-10.37,-8.8168,17.163,7.4215,-0.58179,26.939,13.239,18.232,234.04
-0.33012,13.447,8.9897,-6.5667,-8.2792,12.475,7.1901,-2.6439,23.282,10.9,15.579,232.26
-0.96031,9.1902,5.5734,-3.4204,-7.613,8.1074,6.9842,-4.6087,19.779,9.3442,13.163,232.84
-1.425,5.3617,2.4411,-1.1997,-6.8325,4.3157,6.8344,-6.4786,16.448,8.2759,10.867,235.0
-1.7521,2.1205,-0.28938,0.31047,-5.9575,1.2685,6.7662,-8.2556,13.392,7.4301,8.8385,236.87
-1.9608,-0.44815,-2.6025,1.3856,-5.0295,-0.99928,6.7947,-9.9377,10.736,6.7006,7.1712,235.41
-2.0745,-2.3796,-4.5161,2.189,-4.1142,-2.5947,6.9221,-11.52,8.5251,6.059,5.8154,226.89
-2.1215,-3.7895,-6.0359,2.8005,-3.2837,-3.7139,7.1395,-13.002,6.7011,5.4919,4.6678,207.99
-2.1341,-4.8099,-7.1623,3.2633,-2.5935,-4.5397,7.4322,-14.395,5.1612,4.9786,3.6394,177.08
-2.1464,-5.5431,-7.9142,3.6079,-2.0786,-5.1713,7.7861,-15.724,3.8136,4.4882,2.6703,135.26
-2.1915,-6.0463,-8.3234,3.8586,-1.7628,-5.6256,8.1911,-17.022,2.5981,3.986,1.7256,86.4
-2.2973,-6.3422,-8.4116,4.0336,-1.667,-5.879,8.6438,-18.314,1.4816,3.4406,0.7897,36.265
-2.4824,-6.4388,-8.186,4.1462,-1.8063,-5.9071,9.146,-19.612,0.44924,2.8328,-0.13684,-9.3178
-2.7555,-6.346,-7.6519,4.2085,-2.1859,-5.7047,9.7017,-20.903,-0.50306,2.1612,-1.0403,-46.267
-3.1153,-6.0827,-6.8246,4.234,-2.7974,-5.2877,10.311,-22.152,-1.3734,1.4435,-1.8979,-73.228
-3.5517,-5.6788,-5.7388,4.2376,-3.6118,-4.6878,10.968,-23.308,-2.1557,0.7119,-2.6846,-91.286
-4.0459,-5.1746,-4.4545,4.233,-4.5748,-3.9487,11.657,-24.304,-2.8393,0.0030195,-3.3785,-102.86
-4.5714,-4.6172,-3.0547,4.2318,-5.6095,-3.1253,12.363,-25.084,-3.4085,-0.65298,-3.9666,-110.56
-5.0959,-4.0566,-1.6381,4.2423,-6.6264,-2.2814,13.073,-25.613,-3.8452,-1.2401,-4.4461,-116.43
-5.5855,-3.5393,-0.30649,4.27,-7.5391,-1.4845,13.784,-25.898,-4.1348,-1.7568,-4.824,-121.48
-6.0108,-3.104,0.84798,4.318,-8.2782,-0.79762,14.502,-25.988,-4.2715,-2.2099,-5.114,-125.58
-6.3538,-2.7776,1.7551,4.3877,-8.8007,-0.27076,15.234,-25.956,-4.2595,-2.6057,-5.3316,-130.89
-6.6108,-2.5738,2.3728,4.4789,-9.0956,0.066621,15.987,-25.877,-4.1108,-2.9431,-5.4903,-137.21
-6.7911,-2.4938,2.6874,4.5885,-9.1829,0.20821,16.756,-25.804,-3.8422,-3.2123,-5.5987,-139.04
-6.9113,-2.5275,2.7136,4.7099,-9.105,0.16837,17.519,-25.757,-3.4713,-3.3997,-5.6613,-136.26
-6.9887,-2.657,2.494,4.8342,-8.9177,-0.023747,18.239,-25.731,-3.0146,-3.4946,-5.6833,-133.61
-7.0369,-2.8594,2.0939,4.9524,-8.6765,-0.33026,18.867,-25.701,-2.4863,-3.4947,-5.6763,-131.95
-7.0652,-3.1101,1.5881,5.0593,-8.4215,-0.70875,19.356,-25.637,-1.8991,-3.4068,-5.6635,-130.78
-7.0815,-3.3843,1.0476,5.1541,-8.1708,-1.115,19.672,-25.515,-1.2659,-3.244,-5.6778,-129.79
-7.0943,-3.6584,0.53211,5.2392,-7.9329,-1.5049,19.804,-25.322,-0.60129,-3.0198,-5.7526,-128.92
-7.1123,-3.9095,0.095886,5.3167,-7.7241,-1.8358,19.755,-25.062,0.077653,-2.7434,-5.9102,-128.16
-7.1426,-4.114,-0.20274,5.3854,-7.5726,-2.0664,19.538,-24.762,0.75169,-2.4179,-6.1535,-127.51
-7.1887,-4.2489,-0.30673,5.4403,-7.5081,-2.1601,19.163,-24.467,1.4008,-2.042,-6.4668,-126.93
-7.2479,-4.2963,-0.18118,5.4743,-7.5453,-2.094,18.635,-24.231,2.0074,-1.6131,-6.8223,-126.38
-7.3097,-4.2509,0.16533,5.4809,-7.6723,-1.8718,17.956,-24.1,2.56,-1.1324,-7.189,-125.79
-7.3561,-4.1248,0.67234,5.4576,-7.8512,-1.5308,17.14,-24.096,3.0566,-0.60758,-7.5396,-125.17
-7.3646,-3.9473,1.237,5.407,-8.0258,-1.1373,16.214,-24.216,3.5036,-0.053819,-7.8538,-124.5
-7.3121,-3.7557,1.737,5.3344,-8.1354,-0.77232,15.208,-24.436,3.9102,0.50957,-8.1175,-123.78
-7.1793,-3.5843,2.0589,5.2438,-8.1279,-0.51066,14.156,-24.726,4.2828,1.064,-8.3219,-122.99
-6.9527,-3.4547,2.12,5.1343,-7.9706,-0.40333,13.079,-25.055,4.6216,1.5966,-8.4607,-122.14
-6.6266,-3.3742,1.8814,5.0008,-7.655,-0.46948,11.988,-25.396,4.9225,2.1024,-8.5271,-121.26
-6.2032,-3.3393,1.3476,4.8365,-7.1933,-0.69947,10.887,-25.719,5.1814,2.5853,-8.5109,-120.38
-5.69,-3.3412,0.55898,4.6371,-6.6074,-1.0641,9.7875,-25.989,5.3994,3.0556,-8.3988,-119.51
-5.0963,-3.3687,-0.42096,4.402,-5.9177,-1.5248,8.7057,-26.168,5.5864,3.5265,-8.1776,-118.64
-4.4301,-3.4094,-1.5191,4.1321,-5.136,-2.0423,7.6626,-26.215,5.7601,4.0107,-7.8398,-117.69
-3.6964,-3.4495,-2.6649,3.8272,-4.2664,-2.582,6.6824,-26.09,5.9407,4.5096,-7.3856,-116.57
-2.8988,-3.4726,-3.7962,3.4834,-3.3119,-3.1149,5.7889,-25.76,6.1433,5.0146,-6.8182,-115.23
-2.0417,-3.4589,-4.8616,3.0937,-2.2828,-3.615,5.0009,-25.211,6.3725,5.5107,-6.1378,-113.63
-1.1336,-3.3885,-5.8225,2.6526,-1.2037,-4.059,4.3298,-24.442,6.622,5.9845,-5.3408,-111.78
-0.1904,-3.246,-6.6548,2.1595,-0.11525,-4.4263,3.7833,-23.473,6.8767,6.432,-4.4269,-109.71
0.7625,-3.0249,-7.3483,1.6224,0.92976,-4.6998,3.3544,-22.329,7.1177,6.8611,-3.4087,-107.49
1.6906,-2.7295,-7.905,1.0576,1.8764,-4.8673,3.0282,-21.035,7.3267,7.2875,-2.31,-105.18
2.5555,-2.3759,-8.3354,0.48725,2.6828,-4.9266,2.7851,-19.611,7.4929,7.724,-1.151,-102.83
3.3251,-1.9888,-8.6546,-0.065515,3.3347,-4.889,2.605,-18.067,7.616,8.1776,0.0669,-100.43
3.982,-1.5964,-8.8795,-0.58132,3.8461,-4.7773,2.4704,-16.417,7.7047,8.6396,1.3554,-97.975
4.5229,-1.2224,-9.0236,-1.0469,4.2443,-4.6164,2.3716,-14.684,7.7684,9.0892,2.7163,-95.431
4.9529,-0.88199,-9.0937,-1.4557,4.551,-4.425,2.2974,-12.908,7.808,9.4993,4.1262,-92.786
5.2775,-0.58036,-9.0893,-1.8056,4.7711,-4.2126,2.2394,-11.137,7.8142,9.8502,5.541,-90.05
5.5001,-0.3163,-9.0061,-2.0973,4.8938,-3.9818,2.1904,-9.4198,7.7717,10.135,6.9083,-87.25
5.624,-0.085572,-8.8424,-2.3322,4.9025,-3.7333,2.1388,-7.7883,7.6684,10.357,8.1704,-84.423
5.6557,0.1179,-8.6028,-2.5139,4.7879,-3.4691,2.0769,-6.2571,7.5018,10.523,9.264,-81.603
5.6082,0.30315,-8.299,-2.6504,4.5571,-3.1914,1.9961,-4.8274,7.2812,10.637,10.124,-78.815
5.5007,0.48396,-7.9479,-2.7559,4.236,-2.9004,1.8924,-3.4964,7.0238,10.697,10.698,-76.082
5.3574,0.67853,-7.5666,-2.8499,3.8648,-2.592,1.7561,-2.269,6.7496,10.698,10.954,-73.437
5.2043,0.90656,-7.1681,-2.9536,3.4891,-2.2589,1.575,-1.1598,6.4755,10.634,10.892,-70.924
5.064,1.185,-6.7577,-3.0849,3.1482,-1.8928,1.3349,-0.19107,6.2113,10.506,10.529,-68.589
4.9521,1.524,-6.3317,-3.253,2.8643,-1.4874,1.0227,0.61608,5.957,10.326,9.8885,-66.458
4.8735,1.9244,-5.878,-3.4562,2.6385,-1.0403,0.63101,1.2513,5.7038,10.122,9.0037,-64.527
4.8235,2.3781,-5.3793,-3.6831,2.4543,-0.55246,0.16087,1.7208,5.4385,9.933,7.9251,-62.775
4.7913,2.8682,-4.8197,-3.9177,2.2876,-0.027866,-0.37927,2.0485,5.1502,9.7992,6.7283,-61.177
4.766,3.3718,-4.1929,-4.1453,2.1167,0.52578,-0.98347,2.2688,4.8368,9.7521,5.4923,-59.722
4.7394,3.8609,-3.5108,-4.355,1.9306,1.0929,-1.6438,2.4168,4.5071,9.8073,4.2763,-58.41
4.7061,4.3044,-2.8095,-4.5382,1.732,1.6448,-2.3616,2.5199,4.1763,9.964,3.1262,-57.247
4.6595,4.6695,-2.1464,-4.6836,1.5343,2.1389,-3.1488,2.5963,3.8578,10.21,2.0845,-56.234
4.5903,4.9242,-1.5881,-4.7744,1.3542,2.525,-4.0258,2.6544,3.5554,10.526,1.177,-55.365
4.4857,5.039,-1.1937,-4.7892,1.2053,2.7542,-5.0155,2.6979,3.2604,10.887,0.40603,-54.623
4.3314,4.99,-1.0019,-4.706,1.0938,2.7891,-6.1389,2.7311,2.9554,11.268,-0.23691,-53.985
4.1155,4.7648,-1.025,-4.5081,1.0181,2.6116,-7.4128,2.7627,2.622,11.642,-0.76294,-53.434
3.8313,4.3674,-1.2472,-4.1882,0.97075,2.2296,-8.8491,2.8059,2.2479,11.982,-1.1864,-52.965
3.4785,3.8182,-1.6261,-3.7501,0.94068,1.6778,-10.454,2.874,1.8288,12.265,-1.5256,-52.585
3.0619,3.1488,-2.1012,-3.2056,0.91535,1.0107,-12.23,2.9763,1.3667,12.475,-1.7997,-52.303
2.5896,2.3937,-2.6059,-2.5705,0.88257,0.28971,-14.17,3.114,0.86506,12.586,-2.0242,-52.119
2.07,1.5842,-3.0802,-1.8604,0.83133,-0.43063,-16.264,3.278,0.32521,12.566,-2.2093,-52.017
1.509,0.7453,-3.4797,-1.0906,0.75131,-1.1115,-18.491,3.4506,-0.25487,12.374,-2.3615,-51.969
0.90857,-0.10577,-3.7777,-0.27546,0.63342,-1.7325,-20.822,3.6149,-0.87902,11.98,-2.4858,-51.948
0.26759,-0.95793,-3.9647,0.56986,0.46928,-2.2903,-23.225,3.7639,-1.5495,11.37,-2.5864,-51.929
-0.41504,-1.8049,-4.0448,1.4295,0.2526,-2.7946,-25.659,3.907,-2.2629,10.549,-2.6643,-51.888
-1.1354,-2.6436,-4.0305,2.2873,-0.018344,-3.2617,-28.083,4.0693,-3.0074,9.5403,-2.7166,-51.798
-1.8813,-3.4711,-3.938,3.1267,-0.33825,-3.7059,-30.463,4.2814,-3.7631,8.3799,-2.7379,-51.633
-2.6314,-4.2806,-3.7827,3.9285,-0.69571,-4.1324,-32.782,4.5649,-4.5068,7.1137,-2.7248,-51.364
-3.3583,-5.058,-3.5801,4.671,-1.0742,-4.5358,-35.039,4.9212,-5.2188,5.7916,-2.6787,-50.973
-4.0309,-5.7823,-3.352,5.3303,-1.452,-4.9032,-37.25,5.3313,-5.888,4.4622,-2.605,-50.45
-4.617,-6.4286,-3.1343,5.8839,-1.8001,-5.2212,-39.431,5.7636,-6.5137,3.1715,-2.5087,-49.79
-5.0854,-6.9723,-2.9781,6.3126,-2.0813,-5.4815,-41.588,6.1868,-7.1029,1.9622,-2.3912,-48.98
-5.4103,-7.3929,-2.9356,6.6039,-2.2534,-5.6825,-43.714,6.58,-7.6661,0.87257,-2.2508,-47.992
-5.5747,-7.6771,-3.0401,6.7534,-2.2792,-5.8272,-45.798,6.9379,-8.2124,-0.064415,-2.0854,-46.787
-5.5749,-7.8205,-3.2907,6.7662,-2.1391,-5.9188,-47.829,7.2701,-8.7472,-0.82298,-1.8968,-45.329
-5.4222,-7.8242,-3.6549,6.6538,-1.8401,-5.9555,-49.809,7.591,-9.27,-1.3864,-1.6941,-43.598
-5.1428,-7.6904,-4.0741,6.4304,-1.4214,-5.9269,-51.753,7.9127,-9.7738,-1.749,-1.4936,-41.612
-4.7729,-7.4181,-4.4681,6.1097,-0.95232,-5.8122,-53.68,8.2404,-10.245,-1.915,-1.3152,-39.429
-4.3522,-7.0022,-4.741,5.7025,-0.51787,-5.5831,-55.606,8.5747,-10.67,-1.8966,-1.1788,-37.143
-3.9162,-6.4353,-4.7957,5.2178,-0.19845,-5.2091,-57.538,8.9132,-11.036,-1.7132,-1.0972,-34.855
-3.4924,-5.7125,-4.5567,4.6635,-0.050824,-4.6668,-59.47,9.2518,-11.346,-1.3923,-1.0722,-32.643
-3.0983,-4.8374,-3.9918,4.0496,-0.096659,-3.9484,-61.386,9.5871,-11.62,-0.96975,-1.0944,-30.541
-2.7412,-3.8249,-3.1254,3.3888,-0.32016,-3.0664,-63.267,9.9156,-11.884,-0.48768,-1.1462,-28.545
-2.4185,-2.7016,-2.0342,2.6947,-0.67574,-2.0511,-65.101,10.234,-12.169,0.010289,-1.2075,-26.627
-2.1186,-1.5022,-0.82583,1.9792,-1.1015,-0.94366,-66.885,10.538,-12.495,0.48358,-1.2598,-24.761
-1.8256,-0.26587,0.39277,1.2527,-1.5357,0.21022,-68.621,10.821,-12.866,0.89837,-1.2897,-22.946
-1.5253,0.96556,1.5416,0.526,-1.9288,1.3659,-70.303,11.072,-13.273,1.2289,-1.2911,-21.21
-1.2082,2.1516,2.5769,-0.18876,-2.2465,2.4821,-71.938,11.278,-13.698,1.4558,-1.2609,-19.605
-0.86862,3.2588,3.4828,-0.88012,-2.4641,3.523,-73.524,11.431,-14.13,1.5633,-1.2001,-18.177
-0.50104,4.2668,4.2602,-1.5389,-2.5676,4.465,-75.059,11.537,-14.564,1.5358,-1.1112,-16.952
-0.10192,5.1661,4.9203,-2.1576,-2.5619,5.3043,-76.523,11.619,-15.004,1.3629,-0.99551,-15.927
0.32502,5.9478,5.4778,-2.7268,-2.4714,6.0489,-77.895,11.719,-15.457,1.0404,-0.85579,-15.072
0.76437,6.5924,5.9319,-3.2317,-2.3252,6.6899,-79.158,11.884,-15.922,0.57789,-0.69857,-14.346
1.1897,7.0689,6.2485,-3.6514,-2.1435,7.1825,-80.328,12.151,-16.392,-0.00037573,-0.53417,-13.707
1.5692,7.3438,6.3637,-3.9616,-1.9342,7.4593,-81.438,12.536,-16.858,-0.65629,-0.37452,-13.119
1.8729,7.3911,6.2132,-4.1411,-1.6982,7.4624,-82.527,13.031,-17.306,-1.3481,-0.23077,-12.559
2.0805,7.2007,5.7682,-4.1784,-1.4348,7.1664,-83.624,13.606,-17.734,-2.0392,-0.11247,-12.013
2.1855,6.7829,5.0472,-4.0746,-1.1439,6.5848,-84.754,14.216,-18.152,-2.7017,-0.027601,-11.471
2.1944,6.168,4.109,-3.8423,-0.82881,5.7651,-85.94,14.809,-18.585,-3.3151,0.016763,-10.927
2.1198,5.4028,3.0413,-3.5017,-0.5029,4.7811,-87.215,15.34,-19.064,-3.862,0.016949,-10.375
1.9737,4.5432,1.9512,-3.0766,-0.19334,3.7198,-88.63,15.778,-19.616,-4.3232,-0.02677,-9.8123
1.7633,3.6462,0.94951,-2.5918,0.062287,2.6657,-90.259,16.121,-20.243,-4.6765,-0.10938,-9.2373
1.4925,2.7607,0.12744,-2.0707,0.22629,1.6862,-92.172,16.386,-20.922,-4.8979,-0.22186,-8.6509
1.1652,1.9191,-0.46579,-1.5338,0.27402,0.82349,-94.435,16.604,-21.611,-4.9654,-0.35324,-8.0538
0.79061,1.1342,-0.83376,-0.99724,0.20471,0.089469,-97.085,16.799,-22.269,-4.865,-0.49262,-7.4468
0.38537,0.40225,-1.0272,-0.47237,0.044564,-0.53241,-100.12,16.985,-22.869,-4.5959,-0.63003,-6.8328
-0.027272,-0.28817,-1.1229,0.032269,-0.15968,-1.077,-103.5,17.157,-23.405,-4.1735,-0.75644,-6.2204
-0.42164,-0.94568,-1.1953,0.50907,-0.35486,-1.5797,-107.13,17.301,-23.889,-3.6292,-0.86289,-5.6262
-0.77545,-1.5665,-1.2952,0.94901,-0.49745,-2.0586,-110.93,17.4,-24.342,-3.0062,-0.94316,-5.0711
-1.075,-2.1318,-1.4441,1.3418,-0.56487,-2.5063,-114.8,17.441,-24.784,-2.3511,-0.99059,-4.5726
-1.3171,-2.6152,-1.6414,1.6783,-0.55736,-2.8944,-118.69,17.416,-25.231,-1.7029,-0.9979,-4.1388
-1.5072,-2.9941,-1.8701,1.9534,-0.48947,-3.1888,-122.56,17.317,-25.684,-1.0875,-0.96019,-3.7653
-1.6548,-3.2585,-2.0988,2.1671,-0.37807,-3.3662,-126.46,17.136,-26.136,-0.51451,-0.87581,-3.4377
-1.7696,-3.4112,-2.2874,2.3226,-0.23826,-3.4204,-130.44,16.869,-26.568,0.015404,-0.74799,-3.1362
-1.861,-3.4617,-2.3976,2.4236,-0.09024,-3.3568,-134.55,16.518,-26.953,0.50189,-0.58569,-2.8417
-1.9388,-3.4193,-2.4005,2.4724,0.034243,-3.1825,-138.84,16.095,-27.262,0.93702,-0.40378,-2.5385
-2.0123,-3.2893,-2.2762,2.4698,0.096141,-2.901,-143.3,15.622,-27.463,1.3067,-0.22234,-2.2161
-2.0899,-3.0739,-2.0056,2.4169,0.060606,-2.5146,-147.91,15.131,-27.525,1.5942,-0.064791,-1.8681
-2.1785,-2.7758,-1.5638,2.3174,-0.095628,-2.0267,-152.62,14.649,-27.423,1.7829,0.045364,-1.4898
-2.2828,-2.4034,-0.92671,2.1791,-0.38262,-1.4449,-157.28,14.201,-27.142,1.8566,0.088828,-1.0751
-2.4034,-1.9744,-0.084376,2.0145,-0.79328,-0.7845,-161.69,13.789,-26.673,1.8009,0.054345,-0.61532
-2.5348,-1.5176,0.94228,1.8399,-1.2977,-0.074804,-165.64,13.401,-26.002,1.6059,-0.059603,-0.099384
-2.6631,-1.07,2.0777,1.6727,-1.8415,0.63156,-168.95,13.006,-25.096,1.269,-0.24582,0.48285
-2.7688,-0.67169,3.1753,1.5281,-2.3509,1.2589,-171.58,12.567,-23.884,0.79718,-0.49131,1.1384
-2.8315,-0.35825,4.0386,1.4172,-2.7454,1.7248,-173.64,12.052,-22.281,0.20676,-0.7809,1.8696
-2.8348,-0.15504,4.4931,1.3462,-2.9562,1.9642,-175.24,11.446,-20.252,-0.48002,-1.1,2.6733
-2.7709,-0.073599,4.4624,1.3167,-2.9422,1.945,-176.53,10.749,-17.862,-1.2423,-1.4354,3.5426
-2.6431,-0.11163,3.9845,1.3272,-2.6993,1.6716,-177.61,9.9766,-15.247,-2.0665,-1.7736,4.4705
-2.4662,-0.25516,3.1721,1.3736,-2.2649,1.1803,-178.54,9.1493,-12.571,-2.9455,-2.0981,5.4537
-2.2643,-0.48223,2.1695,1.451,-1.7171,0.53644,-179.35,8.2854,-9.9864,-3.8738,-2.3897,6.4953
-2.0659,-0.76708,1.1296,1.5538,-1.1589,-0.17504,-180.05,7.3949,-7.6133,-4.8435,-2.628,7.6042
-1.8991,-1.0834,0.20094,1.6774,-0.68923,-0.86486,-180.63,6.4832,-5.5331,-5.842,-2.7953,8.792
-1.7872,-1.4057,-0.49115,1.8189,-0.38066,-1.4556,-181.11,5.558,-3.7665,-6.8516,-2.8794,10.07
-1.7469,-1.7112,-0.86869,1.9765,-0.27331,-1.8924,-181.48,4.6369,-2.2646,-7.8522,-2.8763,11.443
-1.7874,-1.9826,-0.92181,2.1495,-0.37143,-2.1504,-181.78,3.7475,-0.93897,-8.8265,-2.7916,12.911
-1.9083,-2.2117,-0.71418,2.3359,-0.63859,-2.2392,-182.05,2.9199,0.28026,-9.7642,-2.6411,14.463
-2.0967,-2.4002,-0.36257,2.5318,-1.0003,-2.2006,-182.35,2.1771,1.4098,-10.665,-2.4474,16.082
-2.3272,-2.5576,0.0068921,2.7304,-1.3641,-2.0954,-182.77,1.5272,2.423,-11.534,-2.233,17.749
-2.5687,-2.6972,0.29795,2.9234,-1.6522,-1.9843,-183.35,0.9639,3.2798,-12.379,-2.0145,19.448
-2.7943,-2.8328,0.45975,3.1038,-1.8252,-1.9125,-184.12,0.47153,3.948,-13.207,-1.8007,21.175
-2.9881,-2.9763,0.48437,3.2677,-1.8822,-1.9041,-185.11,0.032618,4.4121,-14.017,-1.5976,22.926
-3.1517,-3.1369,0.39797,3.4153,-1.8525,-1.9642,-186.3,-0.36587,4.6764,-14.8,-1.4163,24.701
-3.3008,-3.3183,0.2505,3.5485,-1.7915,-2.085,-187.7,-0.72877,4.7662,-15.542,-1.2766,26.497
-3.4489,-3.5162,0.10004,3.6676,-1.7619,-2.2487,-189.26,-1.0527,4.725,-16.233,-1.2035,28.311
-3.5926,-3.7145,-0.0099514,3.7681,-1.8003,-2.4307,-190.97,-1.3306,4.6058,-16.869,-1.2188,30.134
-3.7109,-3.8859,-0.068273,3.8393,-1.8977,-2.6029,-192.77,-1.5587,4.4585,-17.462,-1.3348,31.953
-3.775,-3.9951,-0.094237,3.8645,-2.0101,-2.7387,-194.62,-1.742,4.3193,-18.033,-1.5523,33.749
-3.7585,-4.007,-0.11808,3.8248,-2.0823,-2.8163,-196.52,-1.8955,4.2069,-18.602,-1.8634,35.495
-3.6441,-3.8952,-0.15983,3.7044,-2.0678,-2.8197,-198.45,-2.0416,4.123,-19.19,-2.2554,37.156
-3.4299,-3.6472,-0.2198,3.4959,-1.9468,-2.7367,-200.43,-2.2061,4.0587,-19.803,-2.7151,38.699
-3.1327,-3.2641,-0.27653,3.2033,-1.7412,-2.5554,-202.48,-2.4133,4.0032,-20.434,-3.2316,40.104
-2.7864,-2.7587,-0.28487,2.8409,-1.5117,-2.2648,-204.62,-2.6818,3.9504,-21.067,-3.7978,41.366
-2.4355,-2.152,-0.17995,2.4294,-1.3384,-1.8593,-206.85,-3.0207,3.9005,-21.677,-4.4076,42.5
-2.1229,-1.4712,0.10462,1.9908,-1.2964,-1.3426,-209.15,-3.4313,3.8565,-22.239,-5.0496,43.526
-1.8747,-0.74582,0.61466,1.5439,-1.433,-0.72564,-211.47,-3.9092,3.8203,-22.743,-5.7025,44.47
-1.6913,-0.0047497,1.3639,1.1034,-1.7487,-0.025716,-213.77,-4.4552,3.7902,-23.193,-6.3363,45.35
-1.5551,0.72303,2.3239,0.68182,-2.1957,0.73041,-215.99,-5.0771,3.7635,-23.609,-6.9216,46.173
-1.4475,1.4035,3.4054,0.2935,-2.6947,1.4972,-218.09,-5.7872,3.7389,-24.013,-7.4414,46.939
-1.3614,1.9954,4.4531,-0.042004,-3.1584,2.2064,-220.02,-6.5955,3.7176,-24.418,-7.8965,47.64
-1.3013,2.4528,5.2814,-0.30153,-3.5091,2.7789,-221.7,-7.5009,3.7027,-24.818,-8.3023,48.269
-1.2762,2.7339,5.742,-0.46349,-3.693,3.1444,-223.02,-8.4866,3.6977,-25.184,-8.6802,48.823
-1.2921,2.8085,5.7745,-0.51316,-3.6861,3.2575,-223.87,-9.5185,3.7055,-25.476,-9.0486,49.308
-1.3507,2.6647,5.4062,-0.44518,-3.4934,3.1044,-224.2,-10.551,3.7284,-25.653,-9.4163,49.742
-1.4548,2.312,4.7235,-0.26327,-3.1538,2.7061,-224.17,-11.536,3.7667,-25.681,-9.7804,50.151
-1.6133,1.7817,3.8526,0.021151,-2.7426,2.1207,-224.21,-12.434,3.8162,-25.545,-10.129,50.568
-1.8389,1.1242,2.9455,0.39047,-2.356,1.4373,-224.73,-13.225,3.8677,-25.25,-10.447,51.022
-2.1407,0.40136,2.1537,0.82217,-2.0822,0.75663,-225.31,-13.905,3.9069,-24.819,-10.723,51.53
-2.5181,-0.32312,1.5943,1.29,-1.9784,0.16589,-224.92,-14.485,3.9175,-24.287,-10.949,52.088
-2.9592,-0.99345,1.3249,1.765,-2.0616,-0.27725,-223.31,-14.989,3.8855,-23.687,-11.125,52.683
-3.4431,-1.5693,1.3356,2.2173,-2.314,-0.5501,-220.35,-15.439,3.8054,-23.039,-11.257,53.305
-3.9424,-2.0293,1.5597,2.6192,-2.6924,-0.6619,-215.38,-15.855,3.6831,-22.347,-11.354,53.958
-4.4244,-2.3693,1.9032,2.9481,-3.1379,-0.64384,-207.35,-16.249,3.5357,-21.603,-11.421,54.671
-4.8525,-2.5931,2.278,3.1884,-3.5869,-0.53454,-194.99,-16.63,3.3875,-20.793,-11.457,55.482
-5.1884,-2.7024,2.625,3.3283,-3.983,-0.36582,-177.4,-17.0,3.2636,-19.906,-11.447,56.436
-5.3991,-2.6915,2.9184,3.3582,-4.2841,-0.15593,-154.81,-17.357,3.185,-18.941,-11.373,57.564
-5.4624,-2.5508,3.1534,3.2694,-4.4638,0.089275,-129.01,-17.688,3.1647,-17.9,-11.217,58.89
-5.3685,-2.275,3.3308,3.0571,-4.5096,0.36917,-102.29,-17.966,3.2084,-16.784,-10.966,60.42
-5.1184,-1.8702,3.4482,2.7234,-4.42,0.67971,-76.329,-18.153,3.3154,-15.597,-10.615,62.146
-4.7206,-1.3561,3.4969,2.2782,-4.1998,1.0091,-52.567,-18.217,3.4801,-14.344,-10.161,64.036
-4.1898,-0.7604,3.4641,1.7374,-3.8578,1.3402,-33.116,-18.143,3.6945,-13.045,-9.6077,66.036
-3.5475,-0.11263,3.3424,1.1216,-3.4111,1.6577,-19.983,-17.944,3.9495,-11.732,-8.963,68.077
-2.8225,0.56204,3.1389,0.45396,-2.8884,1.9537,-12.269,-17.659,4.2357,-10.443,-8.2343,70.099
-2.0502,1.2438,2.8804,-0.2408,-2.3301,2.2293,-7.5999,-17.345,4.5409,-9.2027,-7.4303,72.06
-1.2696,1.9171,2.6099,-0.93766,-1.7827,2.4931,-5.3934,-17.063,4.8481,-8.026,-6.5636,73.93
-0.51828,2.5683,2.3784,-1.612,-1.2907,2.7574,-4.4131,-16.869,5.1363,-6.916,-5.6525,75.683
0.1716,3.1839,2.2323,-2.2403,-0.88887,3.0334,-0.93633,-16.802,5.3853,-5.8752,-4.7213,77.289
0.77462,3.7488,2.2006,-2.8003,-0.59734,3.3268,3.2435,-16.878,5.5818,-4.9097,-3.798,78.719
1.2717,4.245,2.2848,-3.2717,-0.41901,3.6324,6.4814,-17.084,5.7211,-4.0315,-2.9111,79.956
1.6499,4.6513,2.4555,-3.6375,-0.33984,3.9309,8.8376,-17.385,5.8045,-3.2536,-2.0867,81.003
1.9041,4.9448,2.656,-3.8861,-0.33181,4.189,10.548,-17.731,5.833,-2.5854,-1.345,81.877
2.0399,5.1058,2.8162,-4.0142,-0.35919,4.3661,11.764,-18.071,5.8038,-2.027,-0.6978,82.6
2.0742,5.1229,2.8719,-4.0279,-0.38732,4.4252,12.581,-18.366,5.7105,-1.5689,-0.14637,83.191
2.0286,4.9954,2.7828,-3.9398,-0.39148,4.3428,13.076,-18.59,5.5452,-1.1968,0.31731,83.663
1.9215,4.7326,2.5404,-3.7654,-0.3625,4.1139,13.318,-18.73,5.3016,-0.89903,0.7074,84.027
1.7629,4.3497,2.1656,-3.5171,-0.30712,3.7504,13.376,-18.783,4.9792,-0.67335,1.0395,84.292
1.5548,3.8651,1.6991,-3.2034,-0.2434,3.2776,13.312,-18.754,4.5861,-0.52788,1.3262,84.471
1.2968,3.2996,1.1891,-2.8303,-0.19266,2.7297,13.178,-18.658,4.1405,-0.47605,1.5748,84.576
0.99388,2.6778,0.68177,-2.4064,-0.17053,2.1459,13.01,-18.511,3.6681,-0.52796,1.7864,84.619
0.66084,2.029,0.21341,-1.9483,-0.18074,1.5649,12.826,-18.329,3.199,-0.6806,1.9576,84.61
0.32191,1.3858,-0.19371,-1.4807,-0.21452,1.02,12.63,-18.12,2.7625,-0.91564,2.0829,84.565
0.0049573,0.77867,-0.53131,-1.0322,-0.25523,0.53469,12.423,-17.878,2.3842,-1.2041,2.1578,84.503
-0.26647,0.23055,-0.8022,-0.62786,-0.28593,0.11922,12.214,-17.584,2.0831,-1.5163,2.1805,84.454
-0.47972,-0.24888,-1.0167,-0.28201,-0.29585,-0.22957,12.022,-17.21,1.8705,-1.8302,2.1529,84.449
-0.6352,-0.66359,-1.1904,0.0037262,-0.2828,-0.52661,11.869,-16.732,1.7511,-2.1364,2.0788,84.513
-0.74336,-1.028,-1.3443,0.2383,-0.25034,-0.79457,11.774,-16.138,1.7248,-2.4356,1.9619,84.659
-0.81796,-1.3617,-1.5044,0.43585,-0.20165,-1.059,11.749,-15.431,1.7885,-2.7326,1.805,84.892
-0.86907,-1.6844,-1.6999,0.61015,-0.13389,-1.3438,11.797,-14.631,1.9356,-3.0285,1.6101,85.213
-0.89863,-2.0125,-1.9582,0.77085,-0.035686,-1.6687,11.922,-13.775,2.1544,-3.3158,1.3817,85.623
-0.90031,-2.3573,-2.3,0.92214,0.11084,-2.0461,12.131,-12.91,2.4283,-3.5775,1.1289,86.116
-0.86351,-2.7234,-2.7342,1.0634,0.32403,-2.4793,12.43,-12.079,2.739,-3.7923,0.86745,86.683
-0.77984,-3.1087,-3.255,1.1918,0.61472,-2.9616,12.824,-11.313,3.0713,-3.9428,0.61894,87.331
-0.64902,-3.5063,-3.844,1.3055,0.97975,-3.478,13.307,-10.626,3.4167,-4.0231,0.40794,88.106
-0.48089,-3.908,-4.4765,1.4056,1.4006,-4.0102,13.865,-10.015,3.7736,-4.0396,0.25849,89.049
-0.29241,-4.306,-5.1275,1.496,1.8487,-4.5417,14.472,-9.4683,4.1437,-4.0047,0.18983,90.028
-0.10163,-4.6933,-5.775,1.5801,2.2944,-5.0603,15.099,-8.9765,4.5263,-3.9269,0.21262,90.604
0.077793,-5.0616,-6.4004,1.6584,2.7142,-5.5569,15.712,-8.5356,4.9148,-3.8029,0.32783,90.541
0.23929,-5.3997,-6.9869,1.728,3.0928,-6.0223,16.281,-8.1483,5.2949,-3.6165,0.52947,90.336
0.38278,-5.6926,-7.5172,1.7825,3.4191,-6.4439,16.775,-7.8206,5.6468,-3.3448,0.80953,89.517
0.51099,-5.9224,-7.9707,1.8148,3.6818,-6.8033,17.168,-7.5562,5.9476,-2.9677,1.1623,86.415
0.62472,-6.0716,-8.3229,1.8196,3.8684,-7.0775,17.442,-7.3515,6.1754,-2.4751,1.5851,80.002
0.72047,-6.1253,-8.5485,1.7954,3.9679,-7.2423,17.587,-7.1949,6.3138,-1.8705,2.0754,70.35
0.79198,-6.0743,-8.6257,1.7444,3.974,-7.2769,17.601,-7.071,6.3561,-1.169,2.6247,58.083
0.83384,-5.9164,-8.5409,1.671,3.884,-7.1684,17.489,-6.9675,6.3081,-0.39387,3.2152,43.847
0.843,-5.658,-8.2917,1.5827,3.6976,-6.9168,17.263,-6.8802,6.1865,0.42859,3.8203,27.998
0.81672,-5.3147,-7.8874,1.4897,3.4167,-6.5363,16.938,-6.8144,6.0127,1.272,4.4091,10.837
0.74983,-4.9111,-7.3479,1.4057,3.0457,-6.054,16.53,-6.7814,5.8053,2.114,4.9541,-6.2426
0.63423,-4.4768,-6.7014,1.3459,2.5913,-5.5049,16.055,-6.7923,5.5764,2.9362,5.4365,-21.007
0.46074,-4.0412,-5.98,1.3249,2.0604,-4.9248,15.525,-6.8539,5.3331,3.7212,5.8481,-32.498
0.22145,-3.6281,-5.2139,1.3531,1.4595,-4.3421,14.943,-6.9667,5.0805,4.4507,6.1878,-41.192
-0.088403,-3.2511,-4.425,1.4341,0.79469,-3.773,14.306,-7.126,4.8255,5.107,6.4596,-47.642
-0.46927,-2.9123,-3.6213,1.5641,0.073441,-3.2197,13.604,-7.3244,4.5749,5.6776,6.6699,-51.756
-0.9167,-2.6035,-2.796,1.7317,-0.69467,-2.6731,12.833,-7.554,4.3313,6.158,6.828,-53.096
-1.4213,-2.3082,-1.9308,1.9195,-1.4981,-2.1181,11.996,-7.8073,4.0886,6.5521,6.9442,-52.596
-1.9688,-2.0042,-1.0023,2.106,-2.323,-1.5392,11.111,-8.0751,3.8339,6.8691,7.0271,-52.902
-2.5398,-1.6665,0.0067241,2.2674,-3.1529,-0.92124,10.207,-8.342,3.5544,7.122,7.0832,-54.287
-3.1095,-1.2701,1.0929,2.3798,-3.9703,-0.24812,9.318,-8.5845,3.2482,7.3271,7.1188,-55.468
-3.649,-0.7901,2.2261,2.4208,-4.761,0.49736,8.4829,-8.7726,2.9302,7.5031,7.1441,-56.109
-4.1265,-0.20319,3.3725,2.3692,-5.5201,1.325,7.7398,-8.8782,2.628,7.6713,7.1755,-56.306
-4.5127,0.50997,4.5287,2.2057,-6.2514,2.2292,7.1237,-8.884,2.3727,7.8528,7.2347,-56.144
-4.7846,1.361,5.7154,1.9129,-6.9586,3.1943,6.659,-8.7881,2.1905,8.067,7.3452,-55.682
-4.9266,2.3514,6.9308,1.4784,-7.6377,4.2087,6.3524,-8.5999,2.0991,8.3287,7.5289,-54.976
-4.9269,3.4716,8.1496,0.89783,-8.2764,5.274,6.1903,-8.3309,2.1096,8.6463,7.8039,-54.086
-4.7743,4.7034,9.385,0.17645,-8.8557,6.4041,6.1442,-7.984,2.2316,9.0232,8.1873,-53.058
-4.4566,6.0241,10.688,-0.6755,-9.3465,7.6112,6.1829,-7.5468,2.476,9.4625,8.6991,-51.921
-3.9597,7.413,12.034,-1.6515,-9.7044,8.8727,6.2846,-6.9899,2.8567,9.9716,9.3655,-50.67
-3.2671,8.8612,13.249,-2.7602,-9.8638,10.105,6.4436,-6.2715,3.3892,10.565,10.217,-49.271
-2.3595,10.389,14.09,-4.038,-9.7394,11.188,6.6667,-5.346,4.0909,11.263,11.276,-47.664
-1.2141,12.066,14.395,-5.5644,-9.2473,12.045,6.9642,-4.1763,4.9807,12.092,12.546,-45.788
0.20134,14.027,14.151,-7.4654,-8.3392,12.708,7.3399,-2.7427,6.0802,13.091,14.005,-43.596
1.9454,16.392,13.41,-9.8375,-7.032,13.284,7.783,-1.0466,7.4072,14.312,15.609,-41.085
4.1219,19.007,12.232,-12.529,-5.409,13.823,8.2661,0.88765,8.9628,15.822,17.305,-38.333
6.8403,21.391,10.772,-15.16,-3.5932,14.246,8.746,3.0042,10.715,17.641,19.041,-35.509
10.094,23.38,9.2882,-17.623,-1.7049,14.509,9.1679,5.2045,12.591,19.68,20.77,-32.83
13.717,25.131,8.015,-20.088,0.16844,14.669,9.4739,7.3533,14.489,21.778,22.467,-30.472
17.474,26.656,7.0778,-22.678,1.9697,14.74,9.6151,9.3139,16.3,23.803,24.131,-28.507
21.153,28.083,6.5508,-25.478,3.6436,14.877,9.5613,10.989,17.926,25.691,25.755,-26.914
24.597,30.346,6.4845,-28.697,5.1429,15.603,9.3017,12.335,19.304,27.438,27.27,-25.621
27.727,34.941,6.8129,-32.669,6.4836,17.214,8.8353,13.352,20.438,29.124,28.533,-24.551
30.528,41.877,7.296,-37.477,7.7591,19.269,8.16,14.049,21.402,30.88,29.369,-23.646
32.99,49.198,7.6293,-42.558,9.0721,21.115,7.2685,14.429,22.261,32.721,29.623,-22.868
35.061,54.788,7.5907,-46.894,10.465,22.339,6.154,14.489,22.954,34.377,29.199,-22.206
36.663,57.272,7.0478,-49.548,11.914,22.695,4.8207,14.231,23.265,35.38,28.089,-21.672
37.744,56.137,5.9038,-49.998,13.357,21.945,3.2928,13.672,22.943,35.314,26.383,-21.296
38.286,51.652,4.1063,-48.217,14.711,19.912,1.6156,12.844,21.85,33.98,24.263,-21.112
38.269,44.664,1.7196,-44.528,15.888,16.748,-0.15243,11.776,20.038,31.432,21.955,-21.148
37.621,36.496,-1.0274,-39.465,16.819,13.02,-1.9556,10.487,17.688,27.941,19.674,-21.412
36.254,29.036,-3.801,-33.961,17.474,9.4174,-3.7566,8.9872,14.975,23.94,17.555,-21.887
34.328,23.778,-6.2998,-29.35,17.879,6.3615,-5.5451,7.2807,12.026,19.914,15.643,-22.531
32.316,20.293,-8.3297,-26.074,18.102,3.8831,-7.3346,5.39,8.9738,16.228,13.92,-23.294
30.462,17.379,-9.7787,-23.459,18.191,1.9054,-9.1513,3.3677,6.0009,13.019,12.338,-24.122
28.636,14.485,-10.581,-20.964,18.088,0.4626,-11.019,1.2926,3.3009,10.238,10.846,-24.981
26.622,11.566,-10.735,-18.395,17.639,-0.43281,-12.945,-0.7551,0.99853,7.7668,9.4391,-25.856
24.222,8.7472,-10.33,-15.576,16.656,-0.95185,-14.903,-2.7193,-0.91311,5.483,8.1611,-26.725
21.257,6.3859,-9.5025,-12.345,15.02,-1.2873,-16.819,-4.5695,-2.5548,3.3173,7.0597,-27.534
17.647,4.7151,-8.3606,-9.0559,12.753,-1.4913,-18.578,-6.2827,-4.0631,1.2961,6.1326,-28.177
13.558,3.5215,-6.9784,-6.3922,10.014,-1.5573,-20.046,-7.831,-5.5084,-0.48307,5.3161,-28.518
9.4058,2.5703,-5.4392,-4.4333,7.0458,-1.4962,-21.127,-9.189,-6.8966,-1.943,4.5155,-28.449
5.6236,1.752,-3.8534,-2.9051,4.116,-1.344,-21.791,-10.349,-8.2066,-3.069,3.6398,-27.922
2.4554,1.0131,-2.3256,-1.6148,1.4787,-1.15,-22.083,-11.323,-9.4144,-3.8896,2.6225,-26.969
-0.030959,0.31616,-0.92957,-0.47689,-0.66881,-0.96601,-22.1,-12.139,-10.499,-4.4515,1.4284,-25.698
-1.8643,-0.36695,0.27149,0.54144,-2.2399,-0.83889,-21.956,-12.817,-11.448,-4.8069,0.054664,-24.256
-3.1326,-1.0535,1.2013,1.4512,-3.2617,-0.80606,-21.753,-13.371,-12.265,-5.0067,-1.4719,-22.786
-3.9667,-1.749,1.7798,2.2574,-3.8249,-0.8915,-21.565,-13.811,-12.973,-5.0955,-3.1036,-21.387
-4.5104,-2.4493,1.9568,2.9666,-4.0333,-1.1045,-21.429,-14.157,-13.617,-5.1087,-4.7838,-20.09
-4.8808,-3.1442,1.7408,3.5907,-3.9771,-1.4404,-21.359,-14.451,-14.239,-5.071,-6.4573,-18.874
-5.1522,-3.8212,1.2027,4.1452,-3.7317,-1.8809,-21.353,-14.753,-14.87,-4.9985,-8.0746,-17.687
-5.3712,-4.4678,0.4596,4.6459,-3.3788,-2.3929,-21.39,-15.117,-15.507,-4.9023,-9.5933,-16.474
-5.5772,-5.0709,-0.34471,5.1055,-3.0186,-2.928,-21.427,-15.574,-16.121,-4.7942,-10.978,-15.209
-5.8119,-5.6147,-1.061,5.5338,-2.7581,-3.4245,-21.391,-16.121,-16.665,-4.6918,-12.201,-13.904
-6.1175,-6.0798,-1.5518,5.9384,-2.6906,-3.8161,-21.191,-16.729,-17.096,-4.6206,-13.233,-12.594
-6.5261,-6.4454,-1.7078,6.324,-2.8769,-4.0447,-20.746,-17.367,-17.391,-4.6094,-14.056,-11.334
-7.0478,-6.6931,-1.4703,6.6884,-3.335,-4.0737,-20.019,-18.017,-17.55,-4.6838,-14.666,-10.161
-7.6652,-6.8128,-0.84975,7.0216,-4.0408,-3.8953,-19.03,-18.683,-17.593,-4.8595,-15.085,-9.0921
-8.3366,-6.8075,0.076651,7.3086,-4.9372,-3.5322,-17.84,-19.379,-17.55,-5.1393,-15.351,-8.1249
-9.0081,-6.6961,1.1925,7.5352,-5.943,-3.0329,-16.526,-20.102,-17.446,-5.5135,-15.515,-7.2471
-9.6284,-6.5142,2.3791,7.6957,-6.9627,-2.4644,-15.132,-20.799,-17.303,-5.9649,-15.64,-6.4533
-10.159,-6.3117,3.5443,7.7974,-7.903,-1.9023,-13.646,-21.334,-17.121,-6.4758,-15.791,-5.7603
-10.573,-6.1491,4.6288,7.8612,-8.6886,-1.4249,-11.987,-21.479,-16.874,-7.0329,-16.03,-5.199
-10.848,-6.0917,5.5953,7.9169,-9.2732,-1.1109,-10.029,-20.932,-16.49,-7.6256,-16.399,-4.8116
-10.963,-6.2006,6.4066,7.9938,-9.6452,-1.0355,-7.6549,-19.388,-15.852,-8.2357,-16.9,-4.6366
-10.897,-6.5172,6.986,8.1072,-9.8031,-1.2476,-4.8343,-16.797,-14.831,-8.8193,-17.491,-4.6886
-10.63,-7.0379,7.132,8.2382,-9.687,-1.7362,-1.8428,-15.087,-13.374,-9.2857,-18.107,-4.938
-10.144,-7.6891,6.5024,8.3132,-9.1561,-2.476,-1.0335,-25.015,-11.751,-9.4801,-18.659,-5.2902
-9.4257,-8.3199,4.8013,8.1995,-8.0853,-3.5145,-9.6231,-31.75,-12.387,-9.1901,-18.972,-5.5702
-8.458,-8.6877,1.9958,7.7474,-6.4808,-4.7091,-13.912,-33.244,-18.207,-8.1984,-18.65,-5.5356
-7.2404,-8.4891,-1.3003,6.8942,-4.5086,-5.4868,-10.782,-32.609,-19.356,-8.1446,-17.053,-4.9384
-5.9227,-9.4503,-4.1941,6.7146,-2.4301,-7.1862,-4.2403,-27.711,-19.733,-13.238,-17.917,-3.628
-6.3258,-16.953,-11.683,12.448,-0.50808,-15.065,6.1322,-16.143,-18.974,-15.554,-23.187,-7.2973
-9.4015,-25.092,-21.05,15.905,1.0615,-23.683,21.901,4.117,-15.995,-17.583,-29.705,-15.894
-8.084,-34.429,-31.072,19.572,2.2766,-33.334,45.196,35.296,-9.5055,-18.118,-35.843,-22.562
-6.0534,-42.587,-39.774,22.424,4.1685,-41.717,75.204,76.588,1.9637,-16.086,-39.811,-27.932
-3.3648,-46.336,-44.198,22.771,15.175,-46.046,109.1,124.78,19.574,-9.9056,-39.505,-30.407
0.84162,-42.309,-41.959,18.661,21.039,-43.358,143.55,175.29,43.989,2.4219,-32.267,-27.727
7.7158,-27.36,-31.623,7.8614,19.735,-31.058,175.28,223.06,75.394,23.329,-15.095,-16.865
18.585,1.0329,-12.559,-11.751,16.053,-7.5367,200.9,263.74,113.69,55.455,14.875,5.3364
34.87,44.44,14.944,-41.759,10.624,27.767,217.17,294.39,158.93,101.13,59.8,41.325
57.709,103.41,50.109,-82.886,4.0325,74.902,221.84,313.45,210.51,160.67,120.64,92.022
87.308,177.68,91.347,-134.84,-3.039,133.64,212.85,320.28,265.65,231.25,196.86,156.58
122.42,266.66,145.78,-196.46,-11.772,205.95,181.15,314.82,322.93,310.77,286.5,242.77
160.6,370.05,208.05,-266.89,-24.774,289.75,112.08,290.87,381.87,398.61,386.52,339.43
197.75,482.19,281.98,-341.03,-44.052,383.04,20.52,251.6,443.22,491.18,493.49,445.66
229.94,599.59,367.86,-415.47,-70.511,484.84,-84.959,209.79,505.43,586.91,604.02,557.29
255.06,715.62,461.03,-485.55,-103.39,589.88,-199.33,163.52,567.26,682.4,713.61,668.13
272.19,820.19,551.17,-545.85,-138.75,687.76,-315.56,114.76,623.6,770.81,814.6,769.33
281.51,899.55,623.08,-589.75,-168.94,763.69,-427.0,64.889,664.78,840.6,895.25,848.84
283.77,937.99,659.52,-609.89,-184.83,801.0,-527.22,12.983,677.47,876.32,940.44,892.56
279.22,921.76,646.42,-599.73,-179.5,785.82,-609.75,-44.982,648.17,862.07,934.58,887.41
266.96,844.45,578.97,-555.73,-151.46,712.76,-668.13,-112.36,568.72,787.68,867.33,826.05
245.38,711.89,465.52,-479.71,-106.07,589.19,-697.21,-188.52,441.83,655.01,739.61,711.44
213.47,543.24,326.65,-380.15,-53.962,435.08,-694.84,-267.53,283.06,480.13,566.4,558.46
172.45,365.92,188.83,-270.91,-7.1863,277.34,-662.97,-339.27,117.23,289.84,374.1,390.87
126.3,207.01,75.448,-167.47,25.214,141.21,-607.44,-392.46,-29.163,114.09,192.77,234.33
80.688,85.409,-0.42358,-82.749,39.871,42.661,-536.68,-418.29,-135.7,-22.708,47.09,108.79
41.115,7.7651,-37.202,-23.535,39.13,-14.791,-459.57,-413.45,-193.38,-108.06,-49.634,23.818
11.389,-30.166,-44.126,10.71,28.723,-36.807,-383.35,-380.92,-205.53,-142.98,-96.638,-21.613
-7.1204,-38.761,-33.362,24.838,14.858,-35.9,-312.52,-328.69,-184.43,-138.7,-103.48,-35.726
-15.55,-29.898,-15.764,24.995,2.256,-23.889,-248.92,-267.36,-145.49,-110.8,-85.029,-29.71
-16.603,-13.836,-0.24383,17.49,-6.6247,-9.3667,-193.52,-206.97,-102.3,-73.942,-55.264,-13.95
-13.271,2.2388,9.4648,7.549,-11.322,2.7735,-148.25,-154.17,-64.295,-38.857,-26.631,3.7195
-8.0309,14.351,13.579,-1.5858,-9.4286,10.575,-112.27,-111.57,-36.44,-11.88,-8.9298,18.334
-2.5838,21.158,13.236,-8.4509,-1.8705,13.949,-83.691,-79.022,-19.618,4.7034,-0.98745,27.356
2.0674,23.12,8.151,-12.489,-1.5978,13.825,-62.072,-54.943,-11.678,11.859,1.1189,30.18
2.8141,4.7109,0.24617,-4.5599,-0.81385,0.57576,-46.796,-37.162,-9.4789,11.855,-0.39413,7.7483
1.4465,0.30089,-1.2251,-1.1014,0.18131,-1.0593,-36.431,-23.749,-10.252,7.266,-4.107,4.6567
1.117,-0.33023,-2.614,-0.6627,0.79353,-1.7527,-28.961,-13.956,-11.708,3.0996,-7.3653,4.1474
0.87033,-0.77372,-3.702,-0.44285,1.1669,-2.2418,-21.638,-8.0198,-13.161,-0.42795,-9.7019,4.312
0.57966,-1.1968,-4.4863,-0.2295,1.2963,-2.7216,-14.939,-6.2244,-14.131,-3.3699,-7.4998,4.6369
0.17806,-1.6974,-4.876,0.081804,1.1672,-3.2117,-13.016,-12.789,-13.456,-2.8051,-4.7514,4.8585
-0.35262,-2.2742,-4.7541,0.52372,0.80565,-3.5938,-9.8394,-15.499,-10.371,-2.11,-3.385,4.8516
-0.99748,-2.8314,-4.1534,1.0508,0.24711,-3.7843,-3.8801,-11.349,-8.9301,-2.178,-2.704,4.5844
-1.7223,-3.2959,-3.2456,1.5835,-0.44817,-3.7744,0.92585,-8.3871,-8.2707,-2.6946,-2.3533,4.1144
-2.4648,-3.6511,-2.2427,2.0593,-1.202,-3.6294,4.5282,-6.5613,-8.0014,-3.418,-2.1578,3.5535
-3.1365,-3.9159,-1.3136,2.451,-1.9368,-3.4433,7.3735,-5.4501,-7.884,-4.1493,-2.017,3.0058
-3.6606,-4.1152,-0.5721,2.7569,-2.5701,-3.2901,9.7749,-4.7779,-7.7745,-4.7769,-1.8605,2.5358
-4.0034,-4.2634,-0.094901,2.9808,-3.0123,-3.2079,11.943,-4.3785,-7.6017,-5.268,-1.6459,2.1678
-4.1642,-4.3637,0.07353,3.122,-3.2015,-3.2044,14.018,-4.1457,-7.3463,-5.6293,-1.3685,1.895
-4.155,-4.4173,-0.074048,3.1811,-3.1358,-3.2702,16.08,-4.0012,-7.0171,-5.8788,-1.0581,1.6893
-3.9987,-4.4331,-0.49544,3.1698,-2.8609,-3.3904,18.157,-3.8811,-6.633,-6.0369,-0.76244,1.5111
-3.7371,-4.4348,-1.1008,3.1144,-2.442,-3.5513,20.24,-3.7342,-6.2136,-6.1254,-0.53095,1.3187
-3.43,-4.4587,-1.7843,3.0539,-1.9514,-3.7478,22.297,-3.5252,-5.7778,-6.1692,-0.40274,1.0769
-3.1453,-4.5466,-2.4576,3.0318,-1.4651,-3.9856,24.3,-3.2367,-5.3427,-6.197,-0.40034,0.76084
-2.9463,-4.7366,-3.0619,3.089,-1.0518,-4.2758,26.24,-2.8667,-4.9225,-6.2392,-0.52762,0.35794
-2.8835,-5.0552,-3.5617,3.2582,-0.76077,-4.6277,28.122,-2.4237,-4.5254,-6.3227,-0.77187,-0.13443
-2.9915,-5.5125,-3.9358,3.5605,-0.61764,-5.0434,29.949,-1.9212,-4.1535,-6.4648,-1.1083,-0.71248
-3.2886,-6.1003,-4.1675,4.0044,-0.63217,-5.5147,31.691,-1.3724,-3.8051,-6.6681,-1.5057,-1.3692
-3.776,-6.7936,-4.2413,4.5853,-0.8071,-6.0193,33.267,-0.78808,-3.4788,-6.9201,-1.9323,-2.0952
-4.436,-7.5553,-4.1518,5.2854,-1.1369,-6.5226,34.563,-0.17422,-3.1768,-7.1982,-2.3627,-2.8759
-5.232,-8.3435,-3.9145,6.0728,-1.6006,-6.9875,35.478,0.46617,-2.9058,-7.4786,-2.783,-3.6876
-6.1099,-9.1166,-3.5692,6.9008,-2.1571,-7.3886,35.958,1.1301,-2.6742,-7.7459,-3.1926,-4.494
-7.0021,-9.8363,-3.1752,7.7098,-2.7467,-7.7197,36.014,1.8117,-2.488,-7.9956,-3.5967,-5.2495
-7.8337,-10.467,-2.8012,8.4351,-3.2982,-7.9904,35.705,2.5009,-2.3463,-8.2298,-3.9962,-5.9073
-8.5328,-10.975,-2.5129,9.0175,-3.7424,-8.2153,35.112,3.1859,-2.2413,-8.4462,-4.3772,-6.4307
-9.0419,-11.335,-2.3575,9.4142,-4.0259,-8.4033,34.314,3.8558,-2.1594,-8.6312,-4.7073,-6.7989
-9.3243,-11.529,-2.353,9.6053,-4.1194,-8.5517,33.375,4.5034,-2.084,-8.7588,-4.9418,-7.0051
-9.3609,-11.547,-2.4862,9.5888,-4.021,-8.6454,32.334,5.1246,-1.9972,-8.7975,-5.0363,-7.0497
-9.1433,-11.384,-2.7211,9.3701,-3.7507,-8.6626,31.205,5.7157,-1.8838,-8.7194,-4.9627,-6.9318
-8.6719,-11.037,-3.0121,8.9549,-3.3393,-8.5852,29.993,6.2703,-1.7347,-8.5102,-4.7198,-6.648
-7.9573,-10.514,-3.3193,8.3515,-2.8116,-8.4104,28.701,6.7775,-1.5511,-8.1758,-4.3325,-6.1981
-7.0225,-9.8365,-3.6209,7.5742,-2.1742,-8.1565,27.344,7.2259,-1.3445,-7.7406,-3.8377,-5.5953
-5.9014,-9.0405,-3.9184,6.6467,-1.413,-7.8599,25.944,7.6096,-1.1328,-7.2399,-3.2666,-4.8724
-4.6362,-8.1669,-4.2338,5.6018,-0.50205,-7.5642,24.523,7.9363,-0.93406,-6.7103,-2.6347,-4.0767
-3.2729,-7.2562,-4.6,4.4793,0.58331,-7.3091,23.106,8.2311,-0.76163,-6.1828,-1.9453,-3.2584
-1.8505,-6.3441,-5.0524,3.3225,1.8561,-7.1215,21.711,8.5364,-0.62184,-5.6794,-1.2009,-2.4569
-0.39087,-5.4618,-5.622,2.173,3.3099,-7.0137,20.352,8.9064,-0.51391,-5.213,-0.41394,-1.6956
1.1031,-4.6376,-6.3299,1.0649,4.9106,-6.9855,19.045,9.4008,-0.43066,-4.7878,0.38835,-0.98365
2.6347,-3.8951,-7.1766,0.020573,6.5925,-7.027,17.802,10.08,-0.35987,-4.4027,1.1658,-0.3226
4.1911,-3.2468,-8.1332,-0.94971,8.2693,-7.1192,16.637,11.003,-0.28738,-4.0547,1.8727,0.28655
5.7247,-2.689,-9.1414,-1.8448,9.8586,-7.2348,15.563,12.234,-0.20183,-3.7412,2.468,0.83981
7.1601,-2.2037,-10.126,-2.6677,11.302,-7.3412,14.591,13.84,-0.098745,-3.4602,2.9257,1.331
8.4239,-1.7658,-11.012,-3.4213,12.571,-7.4056,13.728,15.895,0.018655,-3.2061,3.2386,1.7561
9.4716,-1.3505,-11.735,-4.1061,13.65,-7.3993,12.978,18.467,0.14206,-2.9674,3.4159,2.1176
10.287,-0.93758,-12.245,-4.7194,14.523,-7.3006,12.342,21.606,0.26183,-2.7268,3.4768,2.4263
10.872,-0.51245,-12.502,-5.2579,15.171,-7.094,11.815,25.306,0.36921,-2.4665,3.4435,2.697
11.237,-0.064449,-12.482,-5.7207,15.565,-6.7695,11.378,29.488,0.4569,-2.1744,3.3353,2.9421
11.398,0.4152,-12.178,-6.1124,15.675,-6.3208,10.996,34.009,0.51952,-1.8479,3.1658,3.166
11.377,0.93365,-11.601,-6.4426,15.47,-5.7469,10.625,38.73,0.55557,-1.4934,2.9415,3.3654
11.201,1.4934,-10.775,-6.7215,14.934,-5.0565,10.216,43.565,0.57035,-1.1237,2.6662,3.5349
10.9,2.0876,-9.7375,-6.9554,14.068,-4.272,9.7364,48.488,0.57807,-0.75412,2.3475,3.6749
10.5,2.6988,-8.5407,-7.1433,12.907,-3.4287,9.1779,53.513,0.60059,-0.39912,2.0024,3.7955
10.025,3.3016,-7.2513,-7.2794,11.514,-2.5686,8.5607,58.665,0.66226,-0.06891,1.6578,3.9141
9.4908,3.8683,-5.9431,-7.3572,9.9802,-1.7317,7.928,63.96,0.78309,0.23389,1.3439,4.048
8.9215,4.3741,-4.6824,-7.3758,8.4167,-0.95216,7.3294,69.392,0.97433,0.51596,1.0852,4.2054
8.3523,4.7983,-3.5179,-7.3405,6.9475,-0.25825,6.8024,74.911,1.2386,0.79101,0.89444,4.3791
7.8294,5.1238,-2.4842,-7.2615,5.6934,0.32387,6.3604,80.406,1.5725,1.0733,0.76905,4.547
7.3927,5.3383,-1.6168,-7.1505,4.7377,0.76814,5.9886,85.721,1.9692,1.3698,0.69429,4.6787
7.0624,5.4354,-0.96445,-7.02,4.0988,1.0508,5.6517,90.706,2.4183,1.6746,0.65016,4.7463
6.8401,5.4151,-0.58758,-6.882,3.7461,1.1553,5.3079,95.285,2.9061,1.9705,0.6203,4.7352
6.7207,5.284,-0.53909,-6.7488,3.6411,1.0766,4.9241,99.465,3.4188,2.2345,0.59796,4.6475
6.7029,5.0555,-0.83855,-6.6323,3.7612,0.82306,4.4874,103.31,3.9471,2.4473,0.58602,4.4974
6.7923,4.7511,-1.4576,-6.545,4.0969,0.41888,4.0081,106.89,4.4911,2.5983,0.59185,4.2987
6.9997,4.4031,-2.3247,-6.5023,4.6385,-0.094512,3.5122,110.28,5.0595,2.6874,0.62058,4.0559
7.3363,4.0537,-3.3388,-6.5233,5.3652,-0.65995,3.0298,113.5,5.6655,2.7218,0.67025,3.7629
7.8103,3.7519,-4.3841,-6.6298,6.2394,-1.2107,2.583,116.56,6.3218,2.7137,0.73024,3.4093
8.4253,3.5462,-5.3452,-6.8433,7.209,-1.6796,2.1819,119.42,7.0378,2.679,0.78356,2.9896
9.1807,3.4783,-6.1249,-7.1827,8.2169,-2.0087,1.828,122.07,7.8212,2.6358,0.81236,2.5084
10.078,3.5797,-6.6607,-7.6657,9.2151,-2.157,1.5209,124.5,8.6807,2.6041,0.80504,1.9796
11.131,3.8711,-6.934,-8.3149,10.178,-2.1063,1.2635,126.75,9.6293,2.6052,0.76206,1.4199
12.379,4.3663,-6.9697,-9.1668,11.111,-1.8609,1.0591,128.85,10.688,2.6612,0.69764,0.84358
13.888,5.0774,-6.8246,-10.277,12.041,-1.4447,0.90499,130.82,11.887,2.7947,0.63612,0.25916
15.718,6.0196,-6.57,-11.709,13.001,-0.8932,0.78548,132.7,13.271,3.0248,0.6041,-0.32751
17.869,7.2107,-6.274,-13.492,14.012,-0.24575,0.67215,134.48,14.893,3.361,0.6215,-0.90658
20.243,8.6609,-5.9886,-15.564,15.071,0.46154,0.52864,136.21,16.803,3.8004,0.69663,-1.4572
22.684,10.35,-5.7455,-17.771,16.16,1.1992,0.32314,137.9,19.031,4.3308,0.82861,-1.9453
25.07,12.208,-5.5576,-19.992,17.253,1.9444,0.038616,139.59,21.555,4.9405,1.0157,-2.3286
27.354,14.136,-5.4239,-22.219,18.331,2.68,-0.32174,141.34,24.301,5.628,1.2649,-2.5659
29.54,16.053,-5.3343,-24.509,19.392,3.3953,-0.73468,143.22,27.172,6.4071,1.598,-2.6258
31.656,17.932,-5.2741,-26.902,20.446,4.09,-1.1629,145.29,30.094,7.308,2.0523,-2.4912
33.725,19.796,-5.2314,-29.384,21.508,4.7746,-1.5657,147.62,33.034,8.3757,2.6784,-2.1585
35.753,21.691,-5.2032,-31.892,22.584,5.4618,-1.9167,150.24,35.999,9.6725,3.5376,-1.6325
37.733,23.64,-5.198,-34.339,23.67,6.1545,-2.2159,153.15,39.001,11.287,4.7059,-0.91742
39.648,25.629,-5.2308,-36.641,24.752,6.8441,-2.4921,156.26,42.045,13.334,6.2766,-0.0068431
41.483,27.612,-5.3125,-38.745,25.809,7.522,-2.796,159.52,45.107,15.886,8.3408,1.1199
43.223,29.561,-5.4422,-40.638,26.813,8.1958,-3.1861,162.85,48.15,18.826,10.925,2.4932
44.856,31.505,-5.6039,-42.336,27.744,8.902,-3.7175,166.2,51.137,21.908,13.956,4.1448
46.379,33.535,-5.7664,-43.888,28.597,9.7107,-4.4342,169.54,54.05,25.099,17.342,6.1021
47.842,35.763,-5.8842,-45.401,29.375,10.718,-5.3655,172.81,56.881,28.65,21.063,8.3882
49.397,38.306,-5.9009,-47.092,30.078,12.019,-6.5219,175.94,59.623,32.829,25.125,11.026
51.258,41.26,-5.756,-49.216,30.696,13.675,-7.8894,178.85,62.266,37.655,29.488,14.039
53.534,44.648,-5.3948,-51.856,31.21,15.706,-9.4258,181.5,64.829,42.787,34.047,17.445
56.105,48.413,-4.7782,-54.875,31.604,18.112,-11.063,183.91,67.416,47.768,38.666,21.239
58.752,52.485,-3.8883,-58.093,31.872,20.864,-12.719,186.12,70.189,52.448,43.296,25.376
61.328,56.823,-2.7296,-61.407,32.025,23.892,-14.319,188.2,73.232,56.985,48.052,29.754
63.794,61.406,-1.3238,-64.79,32.092,27.141,-15.811,190.21,76.449,61.546,53.139,34.227
66.184,66.231,0.3019,-68.251,32.103,30.677,-17.16,192.21,79.673,66.162,58.68,38.651
68.589,71.305,2.1341,-71.797,32.036,34.688,-18.352,194.24,82.835,70.749,64.676,42.973
71.115,76.615,4.2158,-75.421,31.785,39.25,-19.376,196.32,86.011,75.217,71.083,47.29
73.8,82.045,6.7909,-79.088,31.273,44.116,-20.226,198.45,89.371,79.609,77.833,51.807
76.521,87.362,10.018,-82.729,30.684,48.85,-20.904,200.62,93.082,84.178,84.812,56.682
78.966,92.364,12.673,-86.234,30.434,53.113,-21.416,202.82,97.213,89.255,91.831,61.833
80.677,97.028,14.124,-89.475,30.427,56.881,-21.768,205.01,101.67,94.883,98.643,66.958
81.226,101.48,16.235,-92.342,29.907,60.548,-21.954,207.19,106.23,100.57,105.04,71.806
80.376,105.87,20.386,-94.766,28.364,64.686,-21.953,209.33,110.63,105.83,110.96,76.392
78.146,110.23,26.817,-96.722,25.594,69.696,-21.739,211.4,114.67,110.69,116.46,80.966
74.831,114.49,35.333,-98.189,21.308,75.69,-21.28,213.35,118.3,115.44,121.68,85.829
70.912,118.55,45.424,-99.123,15.346,82.479,-20.547,215.08,121.55,120.38,126.74,91.153
66.804,122.27,56.347,-99.482,8.2074,89.626,-19.522,216.49,124.55,125.79,131.77,96.916
62.706,125.59,67.295,-99.313,0.62736,96.599,-18.213,217.5,127.39,131.82,136.76,102.94
58.621,128.41,77.555,-98.739,-6.9975,102.95,-16.668,218.04,130.11,138.38,141.57,108.96
54.479,130.7,86.599,-97.871,-14.239,108.4,-14.974,218.08,132.61,145.17,145.84,114.72
50.258,132.5,94.111,-96.787,-20.53,112.83,-13.238,217.65,134.77,151.67,149.24,119.98
46.03,133.86,99.99,-95.557,-25.675,116.27,-11.558,216.75,136.46,157.39,151.74,124.61
41.938,134.9,104.36,-94.251,-29.785,118.9,-9.9975,215.46,137.7,162.06,153.55,128.57
38.13,135.71,107.55,-92.932,-33.085,120.96,-8.578,213.86,138.56,165.65,154.89,131.94
34.678,136.35,109.97,-91.653,-35.889,122.73,-7.2932,212.04,139.17,168.26,155.84,134.82
31.579,136.87,112.03,-90.453,-38.297,124.47,-6.1222,210.1,139.62,169.98,156.46,137.25
28.793,137.31,114.11,-89.364,-40.478,126.17,-5.0405,208.09,139.97,170.87,156.83,139.17
26.2,137.68,116.39,-88.402,-42.913,127.66,-4.0238,206.08,140.27,171.0,157.01,140.49
23.591,137.97,118.61,-87.564,-45.404,128.89,-3.0483,204.1,140.5,170.56,157.06,141.17
20.866,138.17,120.39,-86.838,-47.484,129.93,-2.0896,202.17,140.65,169.8,157.02,141.24
18.129,138.26,121.71,-86.198,-49.037,130.83,-1.1229,200.32,140.7,168.96,156.91,140.66
15.555,138.24,122.78,-85.604,-50.202,131.63,-0.1258,198.57,140.62,168.16,156.75,139.45
13.275,138.13,123.82,-84.99,-51.186,132.34,0.91862,196.94,140.41,167.42,156.51,137.66
11.33,137.95,125.02,-84.254,-52.151,133.01,2.017,195.44,140.04,166.67,156.13,135.36
9.6794,137.7,126.5,-83.27,-53.183,133.78,3.1641,194.06,139.48,165.83,155.59,132.62
8.2336,137.28,128.28,-81.903,-54.286,134.67,4.3437,192.78,138.65,164.74,154.82,129.47
6.9073,136.55,130.24,-80.048,-55.401,135.47,5.5327,191.55,137.43,163.2,153.78,125.9
5.6457,135.36,132.11,-77.67,-56.443,135.77,6.7085,190.28,135.7,161.04,152.48,121.9
4.4285,133.54,133.56,-74.82,-57.316,135.2,7.856,188.87,133.42,158.25,151.0,117.48
3.262,130.94,134.18,-71.638,-57.91,133.56,8.9725,187.19,130.67,155.19,149.47,112.72
2.1682,127.43,133.43,-68.296,-58.083,130.79,10.063,184.99,127.71,152.2,147.81,107.78
1.1751,123.01,130.77,-64.921,-57.677,126.9,11.13,181.98,124.75,149.21,145.77,102.81
0.3055,117.92,126.11,-61.546,-56.617,122.04,12.159,177.9,121.89,145.87,143.02,97.98
-0.43277,112.55,120.11,-58.144,-54.975,116.5,13.116,172.87,118.99,141.81,139.3,93.424
-1.0512,107.21,113.8,-54.684,-52.92,110.57,13.949,167.58,115.77,136.81,134.46,89.102
-1.5748,102.01,107.93,-51.151,-50.615,104.49,14.607,162.84,111.95,130.88,128.46,84.799
-2.0309,96.907,102.64,-47.512,-48.157,98.396,15.054,158.84,107.52,124.27,121.39,80.223
-2.4413,91.756,97.609,-43.693,-45.559,92.257,15.278,154.96,102.73,117.21,113.53,75.208
-2.8218,86.427,92.241,-39.616,-42.797,85.982,15.285,150.23,97.85,109.82,105.34,69.894
-3.1875,80.839,86.037,-35.352,-39.869,79.58,15.091,143.78,92.913,102.46,97.37,64.622
-3.5563,74.975,78.837,-31.194,-36.854,73.32,14.71,135.17,87.911,95.729,90.001,59.569
-3.9495,68.867,70.962,-27.437,-33.908,67.593,14.149,124.53,82.884,89.864,83.307,54.627
-4.3906,62.583,63.225,-24.139,-31.213,62.544,13.412,112.46,77.878,84.426,77.077,49.559
-4.9033,56.229,56.661,-21.142,-28.917,58.004,12.507,99.95,72.905,78.757,70.966,44.127
-5.5105,49.955,52.007,-18.233,-27.087,53.786,11.452,88.151,67.928,72.512,64.64,38.175
-6.2308,43.844,49.326,-15.262,-25.693,49.772,10.283,78.014,62.903,65.815,57.915,31.747
-7.075,37.863,48.0,-12.203,-24.642,45.826,9.0508,69.931,57.874,59.039,50.838,25.172
-8.044,32.059,46.984,-9.1527,-23.808,41.822,7.812,63.49,53.019,52.399,43.631,18.95
-9.131,26.624,45.145,-6.2684,-23.044,37.703,6.6185,57.741,48.464,45.755,36.588,13.416
-10.328,21.67,42.225,-3.6739,-22.226,33.495,5.5069,51.959,44.143,38.912,30.071,8.5546
-11.626,17.127,39.117,-1.4048,-21.342,29.252,4.4933,46.051,39.915,32.013,24.434,4.1988
-13.01,12.955,36.437,0.58091,-20.49,24.977,3.5739,40.132,35.737,25.525,19.815,0.25172
-14.445,9.305,34.121,2.355,-19.766,20.7,2.7316,34.237,31.666,19.891,16.037,-3.2934
-15.889,6.2855,31.925,3.9809,-19.205,16.655,1.9467,28.626,27.75,15.286,12.741,-6.4194
-17.314,3.797,29.729,5.503,-18.806,13.178,1.2067,23.775,23.961,11.588,9.7401,-9.1825
-18.719,1.6752,27.561,6.9511,-18.563,10.428,0.50957,19.931,20.238,8.5679,7.2259,-11.752
-20.111,-0.20103,25.5,8.3479,-18.468,8.3555,-0.14012,16.997,16.67,6.0943,5.3689,-14.301
-21.484,-1.8997,23.581,9.7113,-18.488,6.8075,-0.74152,14.735,13.542,4.0781,4.072,-16.864
-22.801,-3.4564,21.752,11.049,-18.555,5.5988,-1.3047,12.912,11.05,2.4034,3.1661,-19.331
-24.021,-4.8905,19.94,12.349,-18.591,4.5725,-1.8494,11.349,9.1448,0.98093,2.5324,-21.55
-25.103,-6.2141,18.162,13.579,-18.534,3.6286,-2.3949,9.9257,7.6648,-0.24514,2.0966,-23.374
-26.025,-7.4323,16.508,14.696,-18.364,2.7127,-2.9492,8.5811,6.4673,-1.3115,1.8048,-24.69
-26.777,-8.5433,15.022,15.672,-18.103,1.7991,-3.5036,7.2986,5.4578,-2.2422,1.6127,-25.462
-27.358,-9.5421,13.662,16.499,-17.788,0.88431,-4.0353,6.0931,4.5784,-3.0534,1.4864,-25.777
-27.769,-10.426,12.378,17.186,-17.449,-0.016527,-4.5151,4.9939,3.7971,-3.7586,1.4038,-25.824
-28.017,-11.196,11.172,17.741,-17.096,-0.87319,-4.9154,4.0296,3.1011,-4.371,1.3546,-25.806
-28.107,-11.855,10.105,18.169,-16.729,-1.6465,-5.2153,3.2171,2.4914,-4.903,1.3352,-25.814
-28.036,-12.403,9.2538,18.462,-16.338,-2.2966,-5.4035,2.5539,1.9726,-5.3633,1.3433,-25.734
-27.798,-12.832,8.6824,18.614,-15.911,-2.7946,-5.4812,2.0157,1.5409,-5.7575,1.3714,-25.307
-27.386,-13.129,8.4025,18.618,-15.43,-3.1336,-5.4609,1.5633,1.1784,-6.09,1.4054,-24.286
-26.808,-13.284,8.3525,18.479,-14.887,-3.3334,-5.3617,1.1538,0.85683,-6.3649,1.4298,-22.571
-26.092,-13.299,8.4029,18.212,-14.293,-3.4359,-5.2019,0.75415,0.54833,-6.5832,1.4338,-20.305
-25.285,-13.19,8.4044,17.842,-13.664,-3.491,-4.9929,0.34709,0.23609,-6.7406,1.4137,-17.895
-24.433,-12.982,8.2512,17.398,-13.015,-3.5397,-4.7358,-0.070233,-0.080963,-6.8291,1.369,-15.807
-23.576,-12.695,7.9082,16.903,-12.356,-3.5997,-4.4228,-0.49437,-0.39139,-6.8411,1.2958,-14.289
-22.73,-12.34,7.403,16.367,-11.7,-3.6644,-4.0413,-0.9236,-0.67862,-6.7736,1.1819,-13.325
-21.894,-11.92,6.8053,15.788,-11.07,-3.7118,-3.5804,-1.3612,-0.92799,-6.6293,1.0053,-12.772
-21.054,-11.432,6.2081,15.155,-10.493,-3.7144,-3.0352,-1.8124,-1.1307,-6.4132,0.73749,-12.471
-20.195,-10.876,5.7146,14.458,-9.9991,-3.6416,-2.4081,-2.2784,-1.2842,-6.1276,0.34693,-12.283
-19.309,-10.252,5.4227,13.698,-9.6137,-3.4612,-1.7084,-2.7502,-1.3905,-5.7683,-0.19349,-12.101
-18.403,-9.5611,5.4025,12.889,-9.3552,-3.1458,-0.95138,-3.2095,-1.4537,-5.3261,-0.89692,-11.857
-17.493,-8.8079,5.6729,12.056,-9.2263,-2.6816,-0.15674,-3.6351,-1.4789,-4.7931,-1.7548,-11.528
-16.599,-8.0021,6.1889,11.226,-9.2072,-2.0764,0.65403,-4.0143,-1.472,-4.1695,-2.7382,-11.125
-15.732,-7.156,6.85,10.416,-9.2565,-1.3607,1.4599,-4.3531,-1.4396,-3.4665,-3.8079,-10.672
-14.892,-6.2808,7.5331,9.6295,-9.3184,-0.58189,2.2412,-4.6793,-1.3885,-2.7053,-4.9245,-10.192
-14.067,-5.3838,8.1352,8.8596,-9.3348,0.20903,2.98,-5.0359,-1.3255,-1.9124,-6.0514,-9.6985
-13.237,-4.4671,8.6006,8.0942,-9.2594,0.97099,3.661,-5.4664,-1.2575,-1.1139,-7.1521,-9.2025
-12.383,-3.5314,8.9207,7.3218,-9.0671,1.6797,4.2733,-6.0009,-1.1907,-0.3304,-8.1866,-8.7191
-11.496,-2.5832,9.1128,6.5364,-8.756,2.3245,4.8138,-6.6456,-1.1302,0.42587,-9.1125,-8.2686
-10.574,-1.638,9.1963,5.74,-8.3411,2.8998,5.2881,-7.3821,-1.0787,1.1498,-9.8891,-7.8689
-9.6243,-0.72008,9.1828,4.9426,-7.8471,3.3988,5.7098,-8.1715,-1.0353,1.84,-10.481,-7.5253
-8.659,0.14447,9.0779,4.1577,-7.3011,3.8132,6.0962,-8.9634,-0.99545,2.495,-10.863,-7.2226
-7.6894,0.93477,8.8856,3.3977,-6.7256,4.137,6.4653,-9.7065,-0.95129,3.1114,-11.022,-6.9271
-6.7245,1.6403,8.6113,2.6698,-6.1343,4.3703,6.8328,-10.358,-0.89535,3.6817,-10.963,-6.6007
-5.7715,2.2626,8.2649,1.9744,-5.5325,4.5216,7.2098,-10.887,-0.82466,4.1928,-10.704,-6.2206
-4.8403,2.814,7.8677,1.3076,-4.9238,4.6087,7.5998,-11.273,-0.74473,4.6276,-10.273,-5.7914
-3.9447,3.3132,7.4592,0.66438,-4.3179,4.6574,7.9972,-11.504,-0.67046,4.969,-9.696,-5.3426
-3.0989,3.7791,7.0878,0.042956,-3.7317,4.6981,8.3875,-11.566,-0.62243,5.2061,-9.0024,-4.9133
-2.3146,4.2244,6.7929,-0.55209,-3.1852,4.7587,8.7518,-11.45,-0.61951,5.3387,-8.2218,-4.5353
-1.6025,4.6525,6.5892,-1.1097,-2.6939,4.8565,9.0706,-11.156,-0.67066,5.3779,-7.3872,-4.2241
-0.97316,5.0563,6.4617,-1.6157,-2.2655,4.9927,9.3272,-10.702,-0.76959,5.3431,-6.5348,-3.9789
-0.43501,5.4195,6.369,-2.057,-1.8977,5.1502,9.509,-10.127,-0.89403,5.257,-5.7017,-3.7884
0.01006,5.7193,6.258,-2.4245,-1.578,5.2981,9.6074,-9.473,-1.0102,5.142,-4.9221,-3.6392
0.36484,5.9318,6.0829,-2.7123,-1.29,5.4021,9.6197,-8.7759,-1.082,5.0195,-4.2196,-3.5218
0.6305,6.0387,5.8253,-2.9169,-1.0264,5.4364,9.5506,-8.0518,-1.0821,4.9112,-3.5997,-3.4331
0.80173,6.0319,5.5053,-3.0351,-0.79871,5.3929,9.4121,-7.2968,-1.0007,4.8399,-3.0501,-3.3739
0.86744,5.9149,5.1777,-3.0644,-0.63648,5.2819,9.2209,-6.4974,-0.84529,4.8268,-2.5494,-3.3424
0.81649,5.7004,4.9108,-3.0035,-0.57782,5.1252,8.9943,-5.6445,-0.6331,4.8878,-2.0759,-3.3296
0.64517,5.4059,4.7595,-2.8542,-0.65321,4.9454,8.746,-4.7422,-0.38177,5.0298,-1.6116,-3.3167
0.36274,5.0508,4.7414,-2.6231,-0.86965,4.757,8.4845,-3.8087,-0.1032,5.2505,-1.1403,-3.2798
-0.007595,4.6536,4.8291,-2.3232,-1.2026,4.563,8.2144,-2.8718,0.19692,5.5419,-0.64678,-3.1976
-0.43252,4.2317,4.9617,-1.9737,-1.5999,4.3588,7.939,-1.9601,0.51552,5.8933,-0.1205,-3.0599
-0.87516,3.8014,5.0689,-1.5977,-1.9957,4.1378,7.6624,-1.0987,0.84764,6.2934,0.43848,-2.8721
-1.3007,3.3787,5.0971,-1.2192,-2.3279,3.8977,7.3887,-0.30982,1.184,6.7275,1.0159,-2.6531
-1.6792,2.9805,5.0267,-0.86062,-2.5532,3.6435,7.1187,0.38548,1.5126,7.1768,1.5859,-2.4258
-1.9858,2.6239,4.8731,-0.54103,-2.6533,3.3877,6.848,0.96783,1.8228,7.6197,2.1181,-2.2058
-2.2025,2.3236,4.6733,-0.27584,-2.6343,3.147,6.5684,1.4253,2.1099,8.0342,2.5846,-1.9939
-2.3213,2.0882,4.4713,-0.075743,-2.5213,2.9364,6.2738,1.7568,2.3775,8.4016,2.9635,-1.7767
-2.3452,1.9163,4.3016,0.054211,-2.3511,2.7633,5.9656,1.9732,2.6353,8.7073,3.2387,-1.5351
-2.2841,1.7962,4.1767,0.11389,-2.1591,2.6221,5.6557,2.0937,2.8943,8.9403,3.3986,-1.2553
-2.1463,1.7074,4.0783,0.10775,-1.9629,2.4923,5.3625,2.1404,3.1611,9.0929,3.4363,-0.93717
-1.9351,1.6247,3.9524,0.044421,-1.7532,2.3406,5.1043,2.1355,3.4336,9.1596,3.3505,-0.59786
-1.6501,1.5241,3.7216,-0.063722,-1.4983,2.1281,4.8912,2.0952,3.6988,9.1379,3.1489,-0.26702
-1.2911,1.3874,3.3082,-0.20181,-1.1582,1.8209,4.7226,2.0259,3.9349,9.0288,2.8506,0.023968
-0.86147,1.2052,2.6589,-0.35469,-0.70179,1.3982,4.5885,1.9252,4.1155,8.8346,2.4865,0.25293
-0.37085,0.97841,1.7615,-0.50939,-0.11997,0.85721,4.4746,1.7876,4.218,8.5566,2.0967,0.41142
0.16422,0.71829,0.64932,-0.6571,0.56879,0.21478,4.3678,1.61,4.2319,8.1931,1.7231,0.5008
0.72139,0.44578,-0.60377,-0.79406,1.3204,-0.49213,4.2605,1.3987,4.1618,7.7406,1.3991,0.52313
1.2747,0.18817,-1.8955,-0.91972,2.0769,-1.2104,4.1506,1.171,4.024,7.1974,1.1428,0.47561
1.7967,-0.026648,-3.1136,-1.0346,2.7788,-1.879,4.0392,0.95045,3.8396,6.5669,0.95678,0.3501
2.2602,-0.17612,-4.1542,-1.1379,3.3718,-2.4394,3.9252,0.75751,3.6279,5.8585,0.8337,0.13964
2.64,-0.24627,-4.9338,-1.2264,3.8133,-2.8456,3.8,0.60299,3.4052,5.0859,0.76411,-0.15318
2.9154,-0.23117,-5.3938,-1.2962,4.0755,-3.0682,3.6462,0.48394,3.1855,4.2638,0.74072,-0.51132
3.0749,-0.12969,-5.5047,-1.3452,4.1482,-3.0945,3.4403,0.38771,2.9827,3.4056,0.7582,-0.90471
3.1166,0.057811,-5.2674,-1.376,4.036,-2.9249,3.1608,0.30185,2.8078,2.5233,0.80979,-1.2969
3.0464,0.33018,-4.7094,-1.3946,3.7526,-2.5702,2.7987,0.22429,2.6643,1.6286,0.88334,-1.6557
2.8747,0.68277,-3.8791,-1.4087,3.3154,-2.0498,2.3644,0.16788,2.5446,0.73482,0.95802,-1.9615
2.6134,1.1037,-2.8395,-1.4232,2.7434,-1.3929,1.8865,0.15396,2.4324,-0.14329,1.0043,-2.2106
2.2771,1.5715,-1.6654,-1.4391,2.0605,-0.63829,1.4036,0.20151,2.3092,-0.98959,0.98768,-2.4132
1.8859,2.0563,-0.43879,-1.4542,1.3055,0.1655,0.95275,0.31637,2.1627,-1.7882,0.87659,-2.5854
1.4682,2.5215,0.75753,-1.4636,0.53831,0.96294,0.56111,0.48753,1.9908,-2.5259,0.65046,-2.7406
1.0563,2.9293,1.8474,-1.4618,-0.16981,1.6962,0.24268,0.69202,1.8015,-3.1948,0.30573,-2.884
0.67736,3.2457,2.7695,-1.4429,-0.76098,2.3145,0.00059492,0.90586,1.6074,-3.7931,-0.14368,-3.0113
0.3458,3.4476,3.4822,-1.4019,-1.209,2.7846,-0.16896,1.1152,1.4191,-4.3245,-0.67198,-3.1106
0.062857,3.526,3.9685,-1.3359,-1.5199,3.0953,-0.27465,1.3216,1.2413,-4.7968,-1.2515,-3.1671
-0.17844,3.4862,4.2368,-1.2452,-1.7177,3.2524,-0.32999,1.5379,1.0721,-5.2198,-1.8634,-3.1704
-0.38614,3.345,4.3131,-1.1329,-1.8285,3.2713,-0.35334,1.7788,0.90474,-5.605,-2.5034,-3.1194
-0.56549,3.1271,4.2307,-1.0036,-1.8712,3.1721,-0.36764,2.0497,0.73138,-5.9639,-3.1789,-3.0254
-0.71899,2.8609,4.0241,-0.86237,-1.857,2.9784,-0.39809,2.3416,0.54609,-6.3072,-3.8993,-2.9077
-0.84796,2.5763,3.7308,-0.71458,-1.7948,2.7189,-0.46748,2.632,0.34655,-6.6438,-4.667,-2.7881
-0.95489,2.3042,3.3934,-0.56691,-1.6985,2.4295,-0.59021,2.8924,0.13362,-6.9788,-5.4706,-2.6835
-1.0447,2.0752,3.0589,-0.42769,-1.5888,2.1523,-0.76709,3.0967,-0.090634,-7.3118,-6.2829,-2.6013
-1.1248,1.9158,2.7747,-0.30605,-1.4948,1.9323,-0.98334,3.2272,-0.32545,-7.6363,-7.0621,-2.5391
-1.2039,1.8446,2.5868,-0.20936,-1.4517,1.8087,-1.2115,3.2763,-0.57283,-7.9411,-7.7602,-2.4881
-1.2917,1.8682,2.5382,-0.14143,-1.4949,1.8068,-1.4191,3.2447,-0.83646,-8.2164,-8.3349,-2.4395
-1.396,1.979,2.662,-0.10125,-1.6513,1.934,-1.5782,3.1375,-1.1179,-8.4587,-8.7582,-2.3898
-1.5209,2.1585,2.971,-0.08394,-1.9311,2.1851,-1.6757,2.9599,-1.4108,-8.6734,-9.0173,-2.3407
-1.6649,2.3796,3.4572,-0.082305,-2.3236,2.5479,-1.7176,2.7138,-1.7027,-8.871,-9.1103,-2.298
-1.8207,2.6083,4.1032,-0.088124,-2.798,3.0024,-1.7255,2.3974,-1.9785,-9.0594,-9.0401,-2.2679
-1.9767,2.8047,4.8783,-0.092314,-3.3082,3.509,-1.7331,2.0047,-2.2285,-9.2373,-8.8086,-2.2529
-2.1202,2.9279,5.708,-0.0848,-3.7997,3.9961,-1.7775,1.5317,-2.4542,-9.3905,-8.4142,-2.2499
-2.2394,2.9418,6.45,-0.055027,-4.2119,4.3679,-1.8929,0.98119,-2.6666,-9.4956,-7.8524,-2.2504
-2.3241,2.8186,6.9068,0.0069422,-4.4769,4.531,-2.1047,0.36643,-2.879,-9.5274,-7.123,-2.2425
-2.3655,2.5364,6.8789,0.10954,-4.528,4.4155,-2.4237,-0.29103,-3.0966,-9.4649,-6.2392,-2.2151
-2.356,2.0778,6.2429,0.25915,-4.3184,3.9771,-2.8432,-0.96852,-3.3112,-9.2976,-5.2291,-2.1609
-2.2908,1.435,5.0016,0.45946,-3.8368,3.2007,-3.342,-1.6454,-3.505,-9.0266,-4.1297,-2.0789
-2.1692,0.61952,3.2701,0.70934,-3.1144,2.1123,-3.8914,-2.3089,-3.6553,-8.6608,-2.9779,-1.9736
-1.9968,-0.33342,1.2333,1.0013,-2.2234,0.78781,-4.4648,-2.9543,-3.7506,-8.215,-1.8073,-1.8519
-1.7856,-1.3671,-0.8892,1.3205,-1.2648,-0.65927,-5.0426,-3.5827,-3.7952,-7.709,-0.65121,-1.7175
-1.5528,-2.412,-2.8779,1.6467,-0.34407,-2.1067,-5.6137,-4.1942,-3.8087,-7.1675,0.45369,-1.5676
-1.3171,-3.3985,-4.5568,1.9576,0.4514,-3.4497,-6.1728,-4.7891,-3.8149,-6.6196,1.4667,-1.3942
-1.0956,-4.2712,-5.8302,2.2339,1.0653,-4.6159,-6.7185,-5.3617,-3.8323,-6.0964,2.3484,-1.1896
-0.89975,-4.998,-6.6926,2.4625,1.4765,-5.5726,-7.2514,-5.8991,-3.8685,-5.6251,3.0679,-0.95241
-0.73194,-5.5711,-7.2135,2.6367,1.704,-6.3301,-7.7748,-6.3795,-3.9189,-5.225,3.6065,-0.68956
-0.58428,-5.9996,-7.506,2.7535,1.8073,-6.9333,-8.2948,-6.7769,-3.9715,-4.9067,3.9567,-0.41378
-0.44024,-6.2968,-7.6871,2.8096,1.8702,-7.4324,-8.8197,-7.0608,-4.013,-4.6719,4.1187,-0.13877
-0.27895,-6.466,-7.8416,2.7983,1.9672,-7.8484,-9.3582,-7.2067,-4.035,-4.5177,4.0994,0.1248
-0.08074,-6.4966,-8.0048,2.7106,2.135,-8.1617,-9.9161,-7.203,-4.0385,-4.4407,3.914,0.3703
0.16784,-6.3702,-8.1701,2.5383,2.368,-8.3286,-10.492,-7.0566,-4.0324,-4.4386,3.5882,0.59424
0.47131,-6.0724,-8.3067,2.278,2.6369,-8.3071,-11.072,-6.7939,-4.0323,-4.5107,3.1575,0.79572
0.82543,-5.6048,-8.3751,1.9323,2.9069,-8.0782,-11.625,-6.4523,-4.0545,-4.6558,2.6628,0.97678
1.2194,-4.9896,-8.3387,1.5113,3.1485,-7.6547,-12.101,-6.072,-4.1086,-4.8705,2.1435,1.1423
1.6386,-4.2674,-8.1721,1.0324,3.3426,-7.0776,-12.443,-5.6854,-4.192,-5.1452,1.6303,1.2979
2.067,-3.4899,-7.8698,0.51978,3.4837,-6.4016,-12.602,-5.3106,-4.2892,-5.4609,1.142,1.447
2.4879,-2.7097,-7.4497,0.0018504,3.5781,-5.6807,-12.557,-4.9517,-4.3784,-5.7913,0.68822,1.5892
2.8832,-1.9718,-6.9528,-0.49211,3.6377,-4.9606,-12.322,-4.6025,-4.4401,-6.1063,0.27546,1.723
3.2331,-1.3108,-6.4357,-0.93495,3.6749,-4.2788,-11.939,-4.2565,-4.4647,-6.3797,-0.086887,1.8497
3.5176,-0.75452,-5.9567,-1.3024,3.6982,-3.6678,-11.457,-3.9091,-4.4595,-6.5969,-0.38575,1.9779
3.7182,-0.32963,-5.5658,-1.5719,3.7113,-3.1593,-10.913,-3.5584,-4.4423,-6.7563,-0.60852,2.1238
3.8208,-0.067077,-5.3007,-1.7224,3.7146,-2.7882,-10.328,-3.205,-4.4345,-6.8659,-0.74867,2.3067
3.8162,-0.0011261,-5.1897,-1.7346,3.7092,-2.5928,-9.7088,-2.8544,-4.4516,-6.9362,-0.80862,2.5411
3.7024,-0.16302,-5.2535,-1.5946,3.7016,-2.6108,-9.0525,-2.5142,-4.4987,-6.9734,-0.79874,2.8287
3.4852,-0.57241,-5.5027,-1.2969,3.7039,-2.8706,-8.3618,-2.1968,-4.5688,-6.9768,-0.73382,3.1567
3.178,-1.2297,-5.9335,-0.84603,3.7287,-3.3821,-7.6489,-1.9189,-4.6472,-6.9445,-0.62863,3.5012
2.7987,-2.1107,-6.5226,-0.25893,3.7819,-4.1302,-6.9332,-1.6986,-4.7188,-6.8818,-0.49351,3.8371
2.3655,-3.1656,-7.2277,0.43613,3.8565,-5.0709,-6.2328,-1.5502,-4.7745,-6.8057,-0.33152,4.1488
1.8956,-4.3247,-7.9931,1.2021,3.9327,-6.1346,-5.5574,-1.4856,-4.8134,-6.7422,-0.1388,4.4346
1.406,-5.5087,-8.7571,1.9971,3.9851,-7.2364,-4.9065,-1.5091,-4.8418,-6.718,0.091948,4.7021
0.91633,-6.6407,-9.4616,2.7784,3.9943,-8.2926,-4.2749,-1.6156,-4.8698,-6.7499,0.36664,4.9602
0.45097,-7.6573,-10.062,3.5056,3.9568,-9.2364,-3.6599,-1.7898,-4.907,-6.8372,0.68602,5.2107
0.03721,-8.5163,-10.531,4.1441,3.8859,-10.028,-3.067,-2.0068,-4.9587,-6.9591,1.044,5.445
-0.29981,-9.197,-10.859,4.6679,3.8017,-10.655,-2.5106,-2.234,-5.024,-7.0785,1.4292,5.6456
-0.54398,-9.6946,-11.043,5.0619,3.7173,-11.115,-2.0095,-2.4383,-5.0954,-7.1529,1.8284,5.7933
-0.69323,-10.01,-11.082,5.3212,3.6286,-11.408,-1.5802,-2.5954,-5.1628,-7.1449,2.233,5.8774
-0.75979,-10.14,-10.977,5.4489,3.5153,-11.523,-1.2314,-2.6983,-5.2192,-7.0303,2.643,5.9042
-0.7658,-10.082,-10.728,5.454,3.3516,-11.448,-0.96257,-2.759,-5.2671,-6.798,3.0643,5.8968
-0.7367,-9.8386,-10.345,5.3494,3.1205,-11.183,-0.76669,-2.8022,-5.319,-6.4473,3.5002,5.8869
-0.6957,-9.4285,-9.8533,5.1533,2.8236,-10.746,-0.63289,-2.8535,-5.3922,-5.9837,3.9426,5.902
-0.66062,-8.8916,-9.2872,4.8895,2.4814,-10.176,-0.54683,-2.9288,-5.5008,-5.4154,4.3689,5.9554
-0.64229,-8.2802,-8.6864,4.5857,2.1256,-9.5225,-0.49043,-3.0301,-5.6496,-4.751,4.7473,6.043
-0.64357,-7.6449,-8.0845,4.2678,1.7871,-8.8378,-0.44444,-3.1472,-5.8347,-3.9993,5.0458,6.148
-0.65955,-7.0229,-7.5042,3.9543,1.4875,-8.1644,-0.39491,-3.264,-6.0477,-3.1736,5.2404,6.2501
-0.68021,-6.4365,-6.955,3.655,1.2341,-7.5294,-0.33868,-3.3644,-6.2797,-2.2966,5.3185,6.3347
-0.69513,-5.898,-6.4351,3.3746,1.0215,-6.9454,-0.2821,-3.4356,-6.5243,-1.4016,5.2784,6.3985
-0.69735,-5.4172,-5.9384,3.1175,0.83727,-6.4188,-0.23354,-3.4692,-6.7758,-0.52629,5.1262,6.4489
-0.68405,-5.0051,-5.4667,2.89,0.6708,-5.9587,-0.19649,-3.4605,-7.0265,0.29792,4.8731,6.4984
-0.65438,-4.6741,-5.0403,2.6991,0.52153,-5.5819,-0.16919,-3.4084,-7.2659,1.0532,4.5339,6.5572
-0.60662,-4.4355,-4.7015,2.5504,0.40433,-5.3117,-0.14998,-3.3145,-7.4821,1.7359,4.1251,6.6268
-0.53691,-4.2968,-4.5081,2.4468,0.34766,-5.1714,-0.14251,-3.1839,-7.6665,2.3503,3.6652,6.6971
-0.44055,-4.2596,-4.5157,2.3869,0.38367,-5.177,-0.15572,-3.0253,-7.817,2.901,3.1749,6.7516
-0.31477,-4.3183,-4.7546,2.366,0.53529,-5.3287,-0.19854,-2.8495,-7.9375,3.3871,2.6772,6.7763
-0.16116,-4.459,-5.2148,2.3763,0.8063,-5.6069,-0.27341,-2.6662,-8.0317,3.8028,2.1963,6.7694
0.012694,-4.6594,-5.8461,2.4083,1.1749,-5.9715,-0.3735,-2.4804,-8.0973,4.1422,1.755,6.7452
0.19255,-4.8885,-6.5685,2.4507,1.5922,-6.3667,-0.48543,-2.2911,-8.1231,4.4059,1.3735,6.7298
0.35909,-5.1099,-7.2866,2.4904,1.9898,-6.7306,-0.59533,-2.092,-8.0931,4.6025,1.069,6.754
0.49203,-5.2859,-7.9059,2.5136,2.2963,-7.0082,-0.69367,-1.8751,-7.9935,4.7448,0.85343,6.8446
0.57539,-5.3836,-8.3469,2.5075,2.456,-7.1616,-0.77604,-1.6343,-7.8191,4.843,0.7311,7.0172
0.60154,-5.3794,-8.5544,2.4623,2.4434,-7.1711,-0.84032,-1.3701,-7.5758,4.9018,0.69625,7.2698
0.57371,-5.2601,-8.5002,2.3718,2.2662,-7.0309,-0.88382,-1.0888,-7.2782,4.9229,0.73389,7.5818
0.50667,-5.0199,-8.1856,2.2306,1.96,-6.7417,-0.90345,-0.80025,-6.9435,4.9086,0.82355,7.9192
0.42468,-4.6552,-7.6409,2.0309,1.5754,-6.3064,-0.89856,-0.51458,-6.5855,4.8624,0.94353,8.2472
0.35563,-4.1629,-6.9152,1.7635,1.1618,-5.7293,-0.87235,-0.24109,-6.2131,4.7854,1.0734,8.5428
0.32304,-3.5437,-6.0618,1.4221,0.75558,-5.0169,-0.82993,0.011896,-5.8316,4.6739,1.1947,8.8001
0.33969,-2.805,-5.128,1.0079,0.37829,-4.1782,-0.77619,0.23656,-5.4478,4.5189,1.2924,9.0241
0.40538,-1.9625,-4.151,0.531,0.041366,-3.2263,-0.71703,0.4249,-5.0741,4.3072,1.356,9.2199
0.50888,-1.0407,-3.1591,0.0093032,-0.25031,-2.1831,-0.66231,0.56901,-4.7302,4.0248,1.3799,9.3839
0.63245,-0.072829,-2.1743,-0.53438,-0.49744,-1.0842,-0.62536,0.66319,-4.4399,3.6587,1.3619,9.5017
0.75693,0.89921,-1.2155,-1.0744,-0.70425,0.021187,-0.61629,0.70681,-4.226,3.2016,1.3009,9.5508
0.86569,1.826,-0.30599,-1.5842,-0.87667,1.0732,-0.63287,0.70549,-4.1046,2.6552,1.1969,9.5073
0.94686,2.656,0.51764,-2.0382,-1.0232,2.009,-0.65667,0.6691,-4.082,2.0318,1.0514,9.3525
0.99391,3.3463,1.2126,-2.4164,-1.1557,2.7755,-0.65871,0.60744,-4.1547,1.3505,0.86955,9.0773
1.0052,3.8755,1.7609,-2.709,-1.2889,3.3504,-0.61177,0.52575,-4.3118,0.63203,0.66241,8.6831
0.98331,4.2514,2.1943,-2.9192,-1.4403,3.7567,-0.50183,0.42186,-4.5386,-0.10732,0.44788,8.1778
0.9356,4.5046,2.584,-3.0612,-1.6264,4.0514,-0.3326,0.287,-4.8204,-0.85757,0.24944,7.5724
0.87495,4.6703,2.9999,-3.1544,-1.8545,4.2909,-0.12212,0.11063,-5.1436,-1.6123,0.092191,6.8785
0.81905,4.7739,3.4623,-3.2158,-2.1117,4.5003,0.10458,-0.11321,-5.4939,-2.3636,-0.0032056,6.1096
0.78751,4.8259,3.9153,-3.2554,-2.3595,4.6646,0.32341,-0.38143,-5.8539,-3.0993,-0.025861,5.2823
0.79829,4.8233,4.2386,-3.2771,-2.5376,4.7414,0.51737,-0.6821,-6.2016,-3.8039,0.023742,4.4182
0.86606,4.7579,4.3,-3.2839,-2.5788,4.6844,0.68001,-0.99951,-6.5132,-4.4636,0.13686,3.5434
1.002,4.6264,4.0148,-3.2832,-2.4304,4.4654,0.81517,-1.3224,-6.769,-5.0708,0.30254,2.6843
1.2117,4.4385,3.3799,-3.2878,-2.0714,4.0876,0.9331,-1.6501,-6.9591,-5.6265,0.50878,1.8608
1.4916,4.2178,2.4691,-3.3123,-1.5211,3.5867,1.045,-1.9915,-7.0838,-6.1388,0.74483,1.0812
1.8244,3.9954,1.4074,-3.3673,-0.83805,3.0237,1.1588,-2.3566,-7.1489,-6.6171,1.0013,0.34401
2.1794,3.8015,0.34334,-3.4552,-0.11047,2.4723,1.2768,-2.7454,-7.1599,-7.0641,1.2699,-0.35586
2.5187,3.6582,-0.57891,-3.5693,0.56259,2.0015,1.3967,-3.1415,-7.1176,-7.4711,1.5419,-1.0208
2.8066,3.5753,-1.2474,-3.6968,1.0947,1.6609,1.5131,-3.5155,-7.0177,-7.8175,1.8073,-1.6471
3.0191,3.5513,-1.6057,-3.8244,1.4323,1.472,1.6181,-3.8357,-6.8535,-8.0766,2.0545,-2.2266
3.1488,3.5786,-1.661,-3.944,1.5652,1.4287,1.7007,-4.0835,-6.6217,-8.2244,2.2723,-2.751
3.204,3.6497,-1.4733,-4.0562,1.5223,1.506,1.7453,-4.2621,-6.3274,-8.2492,2.4521,-3.217
3.204,3.763,-1.1273,-4.1702,1.357,1.6726,1.7312,-4.3939,-5.9867,-8.1536,2.5901,-3.6269
3.1732,3.9237,-0.70063,-4.301,1.127,1.902,1.6393,-4.5075,-5.6227,-7.9525,2.6884,-3.984
3.1328,4.1393,-0.24528,-4.4617,0.87629,2.1767,1.4615,-4.6192,-5.2591,-7.6659,2.7554,-4.2868
3.097,4.4122,0.2092,-4.6567,0.62908,2.4852,1.2089,-4.723,-4.9142,-7.3138,2.8046,-4.5247
3.0716,4.7326,0.64543,-4.8759,0.3989,2.8147,0.91162,-4.7929,-4.5968,-6.9136,2.8514,-4.6793
3.0562,5.0776,1.0519,-5.0962,0.20065,3.1483,0.61048,-4.7962,-4.3052,-6.4785,2.9099,-4.7317
3.0478,5.4189,1.421,-5.29,0.050661,3.4679,0.34456,-4.7116,-4.0297,-6.02,2.9885,-4.6719
3.0453,5.7317,1.7478,-5.4368,-0.04164,3.7606,0.1421,-4.5416,-3.7576,-5.5501,3.0887,-4.5062
3.05,5.9996,2.0281,-5.5293,-0.078345,4.0214,0.017734,-4.3138,-3.479,-5.0841,3.2052,-4.2576
3.0628,6.211,2.2586,-5.5693,-0.070612,4.2477,-0.026096,-4.0695,-3.1931,-4.6403,3.3292,-3.9582
3.0798,6.3511,2.4333,-5.56,-0.033865,4.4289,0.0025647,-3.8481,-2.91,-4.2379,3.4531,-3.6363
3.09,6.3971,2.5409,-5.4985,0.015811,4.5409,0.086392,-3.6749,-2.6479,-3.8927,3.5727,-3.3092
3.0758,6.3206,2.5641,-5.3747,0.063866,4.5485,0.20226,-3.5562,-2.4249,-3.6139,3.6884,-2.9814
3.0151,6.0928,2.4831,-5.1721,0.098696,4.4138,0.32907,-3.4822,-2.2498,-3.4035,3.8011,-2.651
2.8852,5.691,2.2796,-4.8736,0.11294,4.1069,0.4574,-3.4334,-2.1162,-3.2558,3.9098,-2.317
2.669,5.1052,1.9408,-4.4674,0.10521,3.6141,0.5955,-3.3897,-2.0008,-3.1611,4.0101,-1.987
2.3609,4.3431,1.462,-3.953,0.081961,2.9432,0.76734,-3.3382,-1.8705,-3.1077,4.0957,-1.6787
1.9718,3.4337,0.8503,-3.3453,0.05784,2.1237,1.0035,-3.2772,-1.6933,-3.084,4.1616,-1.4144
1.529,2.4264,0.12804,-2.6749,0.053843,1.2044,1.3298,-3.2147,-1.4504,-3.0783,4.2075,-1.2128
1.0718,1.386,-0.66663,-1.9848,0.091811,0.24673,1.7597,-3.1626,-1.1428,-3.0779,4.2391,-1.0814
0.64301,0.38224,-1.4843,-1.3233,0.18626,-0.68502,2.2928,-3.1307,-0.79077,-3.069,4.2669,-1.0138
0.27873,-0.5234,-2.2703,-0.73476,0.3367,-1.5337,2.919,-3.1239,-0.42448,-3.0376,4.3027,-0.99233
-0.00015465,-1.2878,-2.9706,-0.25,0.52475,-2.2567,3.6222,-3.1443,-0.071611,-2.971,4.3547,-0.99613
-0.19114,-1.8899,-3.5365,0.11899,0.71831,-2.8283,4.3815,-3.1973,0.25362,-2.8598,4.425,-1.0076
-0.30714,-2.3272,-3.9304,0.37743,0.88102,-3.2368,5.1723,-3.2948,0.55432,-2.6988,4.5088,-1.0174
-0.3664,-2.6057,-4.1306,0.53706,0.98306,-3.4801,5.9678,-3.453,0.84706,-2.4875,4.5981,-1.0256
-0.38176,-2.7292,-4.1347,0.60474,1.0091,-3.5598,6.743,-3.6842,1.1528,-2.2329,4.6866,-1.0382
-0.35604,-2.6944,-3.9593,0.57937,0.961,-3.4792,7.4782,-3.9882,1.4871,-1.9504,4.7729,-1.0626
-0.28377,-2.4945,-3.6365,0.45631,0.85609,-3.2434,8.1615,-4.3487,1.8536,-1.6625,4.8587,-1.1023
-0.15697,-2.1268,-3.2065,0.23312,0.72124,-2.8627,8.7884,-4.7369,2.2419,-1.3933,4.9462,-1.1554
0.028796,-1.6004,-2.71,-0.086526,0.58531,-2.3551,9.3615,-5.1195,2.6309,-1.1613,5.0345,-1.2144
0.26956,-0.93884,-2.1801,-0.49088,0.47022,-1.7468,9.8871,-5.4666,2.997,-0.97485,5.1195,-1.273
0.55107,-0.17672,-1.6368,-0.96027,0.38359,-1.068,10.372,-5.758,3.3244,-0.83334,5.1943,-1.3285
0.85057,0.64662,-1.0839,-1.4688,0.316,-0.34687,10.821,-5.9851,3.6127,-0.73093,5.2536,-1.3845
1.1415,1.4948,-0.50917,-1.9881,0.24409,0.39534,11.233,-6.1503,3.8788,-0.66108,5.2961,-1.4491
1.3993,2.3393,0.11086,-2.4908,0.13801,1.1464,11.606,-6.268,4.1496,-0.6192,5.3269,-1.5316
1.6061,3.1595,0.79901,-2.954,-0.028504,1.9012,11.934,-6.3608,4.4474,-0.60364,5.3563,-1.6387
1.7532,3.9407,1.5647,-3.3621,-0.26833,2.6567,12.214,-6.4536,4.7769,-0.61571,5.3961,-1.7725
1.8397,4.6693,2.3963,-3.7068,-0.5762,3.406,12.447,-6.5644,5.1203,-0.65914,5.4559,-1.9295
1.8681,5.3287,3.2625,-3.9835,-0.93176,4.1354,12.635,-6.6971,5.4428,-0.73857,5.5393,-2.1009
1.8393,5.8965,4.1199,-4.1864,-1.3082,4.8221,12.788,-6.8389,5.7063,-0.85672,5.6427,-2.2749
1.7502,6.3439,4.9212,-4.3055,-1.6811,5.4326,12.923,-6.9648,5.8856,-1.0103,5.7573,-2.439
1.5937,6.6391,5.6188,-4.3263,-2.0336,5.9245,13.055,-7.0454,5.9767,-1.1869,5.8723,-2.5834
1.3619,6.7521,6.1683,-4.2339,-2.355,6.2527,13.204,-7.0562,5.9982,-1.3652,5.9768,-2.7026
1.0497,6.6608,6.5336,-4.0165,-2.6388,6.3803,13.381,-6.9829,5.9818,-1.5205,6.0592,-2.7965
0.65766,6.3551,6.6933,-3.6687,-2.8802,6.286,13.59,-6.8225,5.9593,-1.6311,6.1062,-2.8702
0.19226,5.8378,6.6449,-3.1928,-3.0757,5.9692,13.827,-6.5817,5.9531,-1.6842,6.1026,-2.9313
-0.33635,5.1225,6.4043,-2.5963,-3.2242,5.4484,14.079,-6.2748,5.9724,-1.6756,6.0333,-2.9871
-0.91796,4.23,6.0032,-1.889,-3.3283,4.7573,14.331,-5.9208,6.0143,-1.6062,5.8862,-3.0414
-1.5462,3.1853,5.4835,-1.0804,-3.3964,3.9372,14.57,-5.5399,6.0667,-1.4766,5.6531,-3.0953
-2.22,2.0165,4.8919,-0.17958,-3.4435,3.0298,14.79,-5.1492,6.1136,-1.2869,5.3295,-3.1499
-2.9434,0.75692,4.2745,0.80272,-3.491,2.075,15.0,-4.7604,6.1412,-1.0375,4.9154,-3.2099
-3.7227,-0.55501,3.6733,1.8519,-3.5646,1.112,15.221,-4.3793,6.1429,-0.73154,4.4142,-3.285
-4.5638,-1.8786,3.1222,2.9503,-3.6914,0.17719,15.475,-4.0074,6.1226,-0.37631,3.8327,-3.3863
-5.47,-3.1785,2.6447,4.0815,-3.8955,-0.7038,15.783,-3.6432,6.0938,0.017289,3.1792,-3.521
-6.4409,-4.4309,2.2523,5.2341,-4.1945,-1.5199,16.152,-3.2844,6.0741,0.4371,2.4629,-3.6888
-7.4715,-5.6245,1.9482,6.4006,-4.5967,-2.2701,16.569,-2.9277,6.0775,0.87203,1.6946,-3.8824
-8.5489,-6.7518,1.7341,7.5716,-5.1007,-2.9524,17.009,-2.57,6.1089,1.3139,0.88951,-4.0916
-9.6481,-7.7982,1.6189,8.7263,-5.6957,-3.5553,17.443,-2.2088,6.1663,1.7587,0.069368,-4.3056
-10.731,-8.735,1.6187,9.8266,-6.3635,-4.0566,17.853,-1.8437,6.2485,2.2083,-0.73828,-4.5123
-11.747,-9.52,1.7522,10.818,-7.0788,-4.4271,18.244,-1.4772,6.3629,2.6696,-1.5035,-4.695
-12.648,-10.104,2.0309,11.637,-7.81,-4.6394,18.642,-1.1157,6.525,3.1522,-2.1985,-4.8308
-13.389,-10.44,2.448,12.227,-8.5205,-4.6755,19.082,-0.76977,6.7497,3.6619,-2.8018,-4.8945
-13.941,-10.502,2.974,12.547,-9.1712,-4.5321,19.594,-0.45181,7.0425,4.1943,-3.2985,-4.8663
-14.29,-10.288,3.5595,12.585,-9.7243,-4.2209,20.204,-0.17146,7.3916,4.734,-3.6798,-4.7377
-14.424,-9.8205,4.1471,12.353,-10.147,-3.7658,20.932,0.070416,7.7719,5.2625,-3.9397,-4.5109
-14.334,-9.1385,4.6856,11.882,-10.415,-3.1969,21.803,0.28632,8.1599,5.77,-4.0718,-4.196
-14.014,-8.2765,5.1444,11.206,-10.514,-2.5456,22.858,0.50139,8.5488,6.2614,-4.0688,-3.8069
-13.461,-7.2591,5.5191,10.354,-10.444,-1.841,24.157,0.7463,8.9532,6.7523,-3.9253,-3.3608
-12.678,-6.1044,5.8288,9.346,-10.218,-1.1061,25.778,1.0471,9.3987,7.2571,-3.6428,-2.8758
-11.678,-4.8306,6.1106,8.1977,-9.8634,-0.35299,27.792,1.4178,9.9073,7.778,-3.2324,-2.3692
-10.481,-3.4631,6.4097,6.9289,-9.4187,0.41719,30.237,1.8604,10.49,8.3046,-2.7133,-1.8533
-9.1236,-2.0382,6.7565,5.5697,-8.9205,1.2052,33.092,2.3719,11.147,8.82,-2.1104,-1.3342
-7.6521,-0.6011,7.1327,4.1594,-8.3803,1.997,36.278,2.9563,11.876,9.3146,-1.4481,-0.81258
-6.1164,0.80145,7.4548,2.7368,-7.7722,2.7515,39.7,3.634,12.682,9.7964,-0.74727,-0.28655
-4.5536,2.1326,7.5925,1.3277,-7.0409,3.4085,43.298,4.4476,13.592,10.293,-0.026042,0.24653
-2.9761,3.3774,7.4174,-0.065261,-6.1244,3.9121,47.076,5.4629,14.657,10.847,0.69675,0.79096
-1.3665,4.5527,6.8568,-1.4727,-4.9757,4.2359,51.069,6.7666,15.943,11.516,1.3982,1.3568
0.32298,5.7183,5.928,-2.9706,-3.5819,4.3987,55.274,8.4608,17.52,12.386,2.0511,1.9646
2.1742,6.9962,4.739,-4.6904,-1.9796,4.4704,59.594,10.652,19.44,13.597,2.6281,2.6473
4.3047,8.5818,3.4562,-6.7815,-0.25785,4.5653,63.851,13.414,21.703,15.298,3.1083,3.4452
6.8347,10.659,2.2537,-9.2471,1.4588,4.8049,67.875,16.728,24.221,17.471,3.4826,4.3937
9.7888,13.116,1.2705,-11.83,3.0492,5.2469,71.576,20.432,26.821,19.86,3.7519,5.5046
13.023,15.541,0.59653,-14.316,4.4308,5.8648,74.95,24.267,29.318,22.261,3.9186,6.7502
16.297,17.802,0.28291,-16.756,5.5751,6.6485,78.015,27.991,31.591,24.678,3.9777,8.057
19.414,20.041,0.3476,-19.288,6.4975,7.6427,80.757,31.453,33.604,27.141,3.9136,9.3199
22.285,22.401,0.769,-22.068,7.2429,8.8874,83.127,34.587,35.382,29.621,3.7034,10.437
24.91,25.284,1.4901,-25.327,7.8701,10.438,85.097,37.38,37.02,32.144,3.3257,11.351
27.312,29.43,2.44,-29.301,8.4374,12.329,86.684,39.822,38.725,34.916,2.7645,12.061
29.482,35.152,3.5395,-33.9,8.9881,14.487,87.944,41.864,40.816,38.253,2.0062,12.606
31.359,41.56,4.6714,-38.536,9.5362,16.707,88.935,43.388,43.4,42.203,1.0304,13.022
32.866,47.113,5.6496,-42.381,10.068,18.64,89.687,44.244,45.786,46.125,-0.19053,13.312
33.947,50.505,6.2304,-44.746,10.56,19.845,90.195,44.311,46.832,48.891,-1.6743,13.45
34.587,50.958,6.184,-45.296,10.997,19.956,90.438,43.541,46.074,49.573,-3.409,13.397
34.791,48.325,5.4006,-44.103,11.372,18.894,90.398,41.976,43.753,47.811,-5.3621,13.128
34.544,43.152,3.9622,-41.52,11.669,16.899,90.081,39.731,40.347,43.783,-7.521,12.64
33.789,36.607,2.1112,-37.922,11.866,14.422,89.528,36.945,36.385,38.194,-9.9077,11.945
32.492,30.351,0.14013,-33.653,11.951,11.987,88.817,33.741,32.316,32.226,-12.529,11.07
30.853,25.845,-1.6947,-29.459,11.942,9.9564,88.031,30.211,28.365,26.873,-15.323,10.045
29.247,23.06,-3.1901,-26.187,11.851,8.3865,87.236,26.425,24.514,22.293,-18.175,8.9108
27.751,20.96,-4.1926,-23.687,11.629,7.1662,86.476,22.452,20.642,18.259,-20.976,7.7098
26.135,18.903,-4.614,-21.43,11.175,6.2541,85.785,18.391,16.665,14.653,-23.658,6.4857
24.122,16.765,-4.4552,-19.138,10.388,5.6692,85.19,14.415,12.62,11.465,-26.185,5.2782
21.499,14.555,-3.8146,-16.63,9.201,5.3357,84.722,10.769,8.6902,8.7005,-28.519,4.1229
18.207,12.378,-2.8561,-13.794,7.5998,5.1132,84.416,7.6618,5.179,6.3621,-30.622,3.05
14.415,10.466,-1.7418,-10.859,5.643,4.9165,84.31,5.1554,2.37,4.4381,-32.493,2.0813
10.461,8.8537,-0.59251,-8.2328,3.4642,4.6983,84.441,3.1813,0.25838,2.8728,-34.195,1.2283
6.6619,7.3972,0.49681,-6.0149,1.2504,4.4167,84.837,1.6278,-1.4041,1.6208,-35.81,0.49162
3.2013,5.9805,1.4389,-4.079,-0.79248,4.0424,85.517,0.39206,-2.8115,0.66306,-37.326,-0.13631
0.18455,4.5494,2.158,-2.3119,-2.4861,3.5576,86.489,-0.60951,-4.0357,-0.030258,-38.608,-0.6708
-2.2944,3.0882,2.5913,-0.66556,-3.7291,2.9518,87.763,-1.4443,-5.0984,-0.50845,-39.513,-1.1318
-4.1576,1.6082,2.6896,0.86437,-4.5177,2.2253,89.357,-2.1638,-6.011,-0.82794,-39.997,-1.5367
-5.409,0.13968,2.4281,2.258,-4.9186,1.3916,91.313,-2.8023,-6.7828,-1.0404,-40.095,-1.8918
-6.1804,-1.2786,1.8191,3.4877,-5.0224,0.47723,93.694,-3.3783,-7.4212,-1.1851,-39.872,-2.1891
-6.6736,-2.6105,0.91393,4.537,-4.9091,-0.48293,96.567,-3.8989,-7.9325,-1.2855,-39.377,-2.4124
-7.0475,-3.8288,-0.20552,5.4167,-4.6422,-1.4524,99.964,-4.3667,-8.3212,-1.3503,-38.65,-2.5465
-7.3706,-4.9213,-1.4407,6.1611,-4.2826,-2.4005,103.84,-4.7843,-8.5898,-1.3787,-37.724,-2.5839
-7.6489,-5.8877,-2.6901,6.8022,-3.8919,-3.3014,108.09,-5.1567,-8.7405,-1.3671,-36.629,-2.5261
-7.8673,-6.7226,-3.8567,7.3464,-3.5246,-4.1231,112.55,-5.4916,-8.7792,-1.3139,-35.392,-2.3807
-8.0113,-7.401,-4.8527,7.7754,-3.2246,-4.8186,117.08,-5.8023,-8.7184,-1.223,-34.029,-2.1574
-8.0779,-7.8826,-5.6077,8.0659,-3.0261,-5.3324,121.59,-6.1095,-8.5765,-1.104,-32.547,-1.8668
-8.0786,-8.1317,-6.0797,8.2068,-2.95,-5.6189,126.03,-6.4437,-8.3734,-0.96876,-30.945,-1.5192
-8.0336,-8.1352,-6.26,8.2033,-2.9983,-5.6598,130.35,-6.8435,-8.1282,-0.82752,-29.23,-1.1249
-7.9622,-7.9092,-6.1713,8.0724,-3.153,-5.4691,134.46,-7.3484,-7.8612,-0.68784,-27.414,-0.69992
-7.8772,-7.4955,-5.8613,7.8397,-3.3834,-5.0878,138.29,-7.9871,-7.6003,-0.55753,-25.505,-0.27285
-7.7854,-6.9548,-5.3957,7.5385,-3.6539,-4.5764,142.04,-8.7596,-7.3813,-0.4493,-23.509,0.11036
-7.6917,-6.3619,-4.849,7.2107,-3.9311,-4.0082,146.68,-9.6126,-7.2386,-0.38241,-21.456,0.38973
-7.6039,-5.8002,-4.2908,6.9075,-4.1875,-3.4597,154.38,-10.413,-7.1857,-0.37866,-19.428,0.50223
-7.5339,-5.3558,-3.7703,6.6871,-4.4033,-3.0005,163.85,-10.933,-7.1942,-0.45409,-17.552,0.39499
-7.495,-5.1133,-3.3067,6.6107,-4.5664,-2.6932,171.58,-10.871,-7.1814,-0.61025,-15.948,0.033559
-7.4955,-5.1505,-2.8876,6.7298,-4.6699,-2.5989,177.97,-9.9266,-7.0159,-0.82793,-14.684,-0.59888
-7.5305,-5.5007,-2.4211,7.066,-4.7079,-2.7234,182.24,-7.9599,-6.5441,-1.0606,-13.754,-1.5073
-7.5757,-6.0856,-1.6657,7.5803,-4.6661,-2.8951,183.28,-5.6427,-5.6305,-1.221,-13.07,-2.6808
-7.586,-6.8115,-0.80251,8.1424,-4.5066,-3.0166,178.99,-12.048,-4.2197,-1.1561,-12.445,-4.0581
-7.5014,-7.7378,-0.71072,8.5287,-4.1597,-3.5761,161.81,-26.081,-3.9576,-0.60112,-11.594,-5.4677
-7.2634,-8.6049,-1.9911,8.5132,-3.5461,-4.8967,126.58,-29.212,-10.7,0.88955,-10.153,-6.6124
-6.8588,-8.392,-4.3176,8.1056,-2.6398,-5.5773,77.682,-29.722,-12.222,1.688,-7.9128,-7.1631
-6.7654,-10.492,-7.9377,10.867,-1.5195,-8.0774,23.323,-26.497,-13.163,-4.107,-9.5798,-7.043
-11.116,-19.298,-16.885,15.936,-0.34422,-16.371,-27.073,-16.694,-13.371,-6.8532,-15.457,-11.314
-12.986,-31.46,-28.0,22.642,0.74208,-27.215,-65.984,2.5365,-11.442,-8.8743,-22.107,-20.672
-12.688,-44.224,-39.035,29.902,1.8464,-38.375,-88.866,33.697,-5.4798,-8.7633,-28.568,-28.907
-11.314,-53.82,-48.094,34.946,5.4475,-47.012,-93.367,75.237,6.1391,-5.9205,-33.176,-35.698
-8.1552,-56.665,-52.899,35.172,18.966,-50.221,-80.825,123.21,24.344,0.84378,-33.831,-38.998
-2.4375,-49.534,-51.079,28.458,22.385,-45.377,-56.885,173.2,49.558,13.328,-27.664,-36.705
6.6522,-29.577,-40.815,13.122,22.053,-30.231,-28.419,220.5,81.719,34.076,-11.444,-26.103
20.098,5.3952,-21.082,-11.99,18.976,-3.0272,-1.6848,260.91,120.58,65.854,17.816,-4.344
38.954,56.483,8.936,-47.296,13.468,37.251,17.46,291.38,166.32,110.86,62.324,30.665
63.825,123.58,49.077,-93.271,6.34,90.584,23.361,310.08,218.77,169.59,123.08,79.888
94.456,205.98,96.877,-149.97,-1.4568,155.99,11.052,315.99,275.0,240.82,199.55,142.53
129.66,302.61,156.13,-215.78,-11.305,234.73,-22.915,308.77,334.36,322.29,289.81,227.74
167.09,409.81,223.03,-287.67,-25.928,322.56,-79.67,284.76,396.48,413.3,391.09,326.81
203.13,522.25,299.11,-361.31,-46.496,417.32,-157.83,246.61,460.89,507.91,500.04,434.34
234.28,634.74,383.31,-432.55,-74.021,515.34,-253.71,204.12,525.4,604.45,612.62,547.78
258.21,741.93,470.4,-497.85,-107.4,611.79,-361.43,157.43,587.54,698.66,723.02,660.02
274.37,836.09,550.91,-553.23,-141.35,698.59,-473.56,108.94,641.64,783.07,822.14,761.12
283.37,905.49,611.37,-593.08,-168.28,763.43,-582.21,59.429,677.84,845.74,896.75,838.32
285.64,935.5,636.51,-610.06,-180.49,791.44,-679.83,7.2381,682.56,871.28,930.84,877.03
280.71,912.99,614.56,-597.17,-172.53,770.04,-759.61,-51.532,643.01,844.8,909.76,864.36
267.19,832.47,543.16,-550.75,-143.86,694.98,-815.57,-120.01,553.19,758.2,826.1,794.35
243.1,700.38,432.54,-472.84,-100.44,574.22,-842.95,-197.53,418.61,615.82,684.92,672.15
207.36,535.1,302.96,-372.14,-53.268,426.88,-839.4,-277.81,257.1,436.17,504.92,514.7
161.92,362.25,178.01,-262.72,-13.856,277.84,-806.26,-349.88,94.361,247.71,314.2,346.87
112.08,207.26,77.407,-159.95,10.397,150.08,-748.93,-401.74,-44.172,80.188,142.06,194.31
64.506,88.5,11.133,-76.09,18.638,57.864,-676.67,-424.95,-141.13,-44.342,10.557,75.845
25.255,13.318,-16.8,-18.006,14.787,4.4637,-598.7,-417.32,-190.93,-116.73,-70.49,-0.86974
-1.2699,-21.559,-20.33,13.001,4.6385,-15.992,-521.28,-382.87,-198.78,-140.56,-104.03,-38.411
-13.787,-26.251,-14.288,20.99,-6.3666,-14.365,-449.31,-330.38,-176.74,-128.03,-102.12,-46.428
-14.786,-13.434,-5.8975,13.984,-14.178,-1.8754,-385.77,-270.94,-139.03,-95.084,-79.743,-37.325
-9.0666,5.3765,0.71866,0.74567,-18.116,12.882,-331.82,-214.35,-98.295,-57.032,-49.483,-21.279
-1.7803,21.996,4.8425,-11.65,-19.48,24.644,-286.89,-166.41,-63.06,-24.349,-22.444,-5.3271
3.1937,31.899,6.9546,-18.817,-8.5978,30.958,-249.7,-128.8,-37.181,-1.6655,-5.6731,6.6107
3.9876,33.573,6.9282,-19.195,-7.9692,31.452,-219.45,-100.22,-20.861,10.402,2.7276,13.088
-0.29077,27.688,1.4378,-13.416,-8.5356,27.328,-195.68,-77.827,-12.463,13.789,5.759,13.522
-9.1771,3.6727,-2.4728,3.2137,-9.1873,6.7624,-177.73,-60.451,-9.8109,11.033,4.1453,-3.3043
-11.899,-2.0704,-3.8279,7.8887,-9.8123,3.5041,-164.55,-47.566,-10.548,4.9526,-0.42662,-5.9177
-14.419,-5.2285,-5.0897,10.495,-10.419,1.2597,-154.66,-39.082,-12.069,0.0068438,-4.7542,-6.9435
-16.532,-8.3565,-6.3,12.811,-10.945,-0.73802,-146.73,-35.178,-13.462,-4.0222,-6.7302,-7.1904
-18.229,-10.981,-7.3965,14.688,-11.333,-2.4808,-139.86,-36.653,-14.521,-7.1268,-3.8788,-7.3515
-19.662,-13.199,-8.3173,16.312,-11.583,-3.9878,-133.4,-44.777,-15.675,-6.2644,-1.6058,-7.8202
-20.899,-15.089,-9.0574,17.73,-11.727,-5.1811,-126.77,-44.645,-13.806,-5.7181,-0.72831,-8.6836
-21.949,-16.536,-9.6894,18.906,-11.779,-6.04,-120.61,-39.522,-12.529,-5.6831,-0.40571,-9.8612
-22.843,-17.549,-10.326,19.942,-11.734,-6.6986,-115.33,-36.003,-12.007,-5.9232,-0.32043,-11.226
-23.593,-18.428,-11.069,20.948,-11.574,-7.3468,-110.06,-33.935,-11.87,-6.2552,-0.3318,-12.675
-24.147,-19.282,-11.965,21.771,-11.284,-8.0353,-104.47,-32.804,-11.861,-6.5473,-0.37502,-14.152
-24.408,-19.978,-12.992,22.241,-10.872,-8.6889,-98.795,-32.28,-11.813,-6.7266,-0.4154,-15.622
-24.308,-20.407,-14.079,22.372,-10.369,-9.219,-93.196,-32.126,-11.634,-6.7545,-0.42734,-17.029
-23.848,-20.54,-15.137,22.232,-9.8282,-9.5771,-87.665,-32.146,-11.298,-6.6206,-0.39816,-18.283
-23.085,-20.397,-16.093,21.876,-9.3001,-9.7589,-82.097,-32.175,-10.824,-6.3477,-0.33359,-19.29
-22.099,-20.035,-16.919,21.356,-8.8162,-9.7915,-76.417,-32.08,-10.254,-5.9835,-0.25306,-19.997
-20.96,-19.519,-17.641,20.717,-8.3812,-9.7193,-70.664,-31.776,-9.6279,-5.5792,-0.18129,-20.416
-19.719,-18.91,-18.327,19.985,-7.9765,-9.5901,-65.016,-31.235,-8.9712,-5.1739,-0.1426,-20.599
-18.411,-18.25,-19.054,19.179,-7.5716,-9.446,-59.705,-30.479,-8.2901,-4.7888,-0.15789,-20.61
-17.067,-17.564,-19.877,18.311,-7.1369,-9.3154,-54.885,-29.565,-7.5778,-4.4305,-0.2436,-20.495
-15.727,-16.861,-20.788,17.399,-6.6535,-9.2079,-50.552,-28.569,-6.8261,-4.0973,-0.41218,-20.283
-14.428,-16.138,-21.712,16.456,-6.1166,-9.1129,-46.588,-27.566,-6.0366,-3.7857,-0.6715,-19.988
-13.198,-15.379,-22.556,15.497,-5.5322,-9.0061,-42.839,-26.603,-5.2246,-3.4935,-1.0238,-19.622
-12.042,-14.576,-23.271,14.534,-4.9127,-8.8642,-39.196,-25.694,-4.4138,-3.2206,-1.4666,-19.194
-10.953,-13.739,-23.865,13.575,-4.2722,-8.6789,-35.609,-24.808,-3.6273,-2.9687,-1.9961,-18.704
-9.9152,-12.9,-24.387,12.636,-3.6248,-8.4635,-32.084,-23.888,-2.8801,-2.7414,-2.6113,-18.139
-8.9211,-12.099,-24.906,11.733,-2.983,-8.2459,-28.645,-22.867,-2.1764,-2.545,-3.3148,-17.472
-7.9709,-11.374,-25.482,10.885,-2.3592,-8.0574,-25.327,-21.698,-1.5133,-2.3893,-4.1091,-16.677
-7.0729,-10.746,-26.145,10.103,-1.7661,-7.9209,-22.174,-20.37,-0.88655,-2.2875,-4.9902,-15.75
-6.2396,-10.22,-26.888,9.3896,-1.2159,-7.8471,-19.238,-18.914,-0.29741,-2.2523,-5.945,-14.716
-5.4809,-9.7863,-27.686,8.7392,-0.71507,-7.8342,-16.567,-17.396,0.24281,-2.2912,-6.9532,-13.626
-4.7985,-9.4233,-28.524,8.1398,-0.26033,-7.8719,-14.19,-15.893,0.71309,-2.4041,-7.9904,-12.539
-4.1833,-9.1123,-29.412,7.5789,0.16368,-7.9476,-12.111,-14.471,1.0878,-2.5828,-9.0289,-11.508
-3.6169,-8.8436,-30.38,7.0486,0.58288,-8.0535,-10.312,-13.176,1.3456,-2.8135,-10.036,-10.564
-3.0766,-8.6201,-31.471,6.5468,1.0306,-8.1904,-8.766,-12.026,1.4791,-3.0774,-10.975,-9.7146
-2.5386,-8.4513,-32.732,6.075,1.5437,-8.3667,-7.4404,-11.019,1.5012,-3.3525,-11.812,-8.952
-1.9797,-8.3439,-34.194,5.6332,2.1588,-8.5938,-6.3053,-10.141,1.4439,-3.6154,-12.522,-8.2622
-1.3798,-8.2964,-35.858,5.2173,2.9065,-8.879,-5.3314,-9.3717,1.3506,-3.8446,-13.093,-7.6354
-0.72389,-8.2968,-37.665,4.8182,3.8055,-9.22,-4.4912,-8.6931,1.2636,-4.0235,-13.52,-7.0699
-0.0055566,-8.3247,-39.514,4.4246,4.8525,-9.6032,-3.7605,-8.0833,1.2119,-4.1422,-13.804,-6.5696
0.77038,-8.3556,-41.306,4.0251,6.0167,-10.006,-3.1207,-7.5156,1.2043,-4.197,-13.947,-6.1388
1.5872,-8.3661,-42.996,3.6114,7.2417,-10.401,-2.5582,-6.9575,1.2305,-4.1871,-13.947,-5.7759
2.4187,-8.339,-44.581,3.1808,8.4599,-10.765,-2.0591,-6.3755,1.2699,-4.1134,-13.806,-5.4699
3.2346,-8.2651,-46.068,2.7376,9.6096,-11.081,-1.6035,-5.7443,1.3033,-3.978,-13.521,-5.2002
4.006,-8.1437,-47.455,2.2917,10.645,-11.334,-1.1638,-5.0511,1.3227,-3.7859,-13.085,-4.9415
4.7073,-7.9802,-48.729,1.8566,11.536,-11.514,-0.71019,-4.2933,1.3359,-3.545,-12.486,-4.6707
5.3168,-7.7835,-49.858,1.4474,12.268,-11.615,-0.21839,-3.4682,1.3643,-3.2647,-11.718,-4.3746
5.8182,-7.5627,-50.796,1.0766,12.831,-11.633,0.32464,-2.5636,1.4357,-2.9546,-10.783,-4.0528
6.2026,-7.3229,-51.488,0.7518,13.218,-11.567,0.92036,-1.5552,1.5736,-2.6255,-9.7095,-3.7136
6.4714,-7.062,-51.896,0.47346,13.418,-11.415,1.5624,-0.40973,1.7889,-2.2897,-8.5475,-3.3653
6.6377,-6.7722,-51.999,0.23442,13.429,-11.173,2.2425,0.91053,2.0757,-1.9606,-7.3548,-3.0089
6.7259,-6.4449,-51.794,0.022405,13.272,-10.842,2.9565,2.4463,2.413,-1.6532,-6.1811,-2.6354
6.7688,-6.0776,-51.301,-0.17649,12.989,-10.436,3.7078,4.2432,2.7723,-1.3838,-5.0574,-2.2303
6.803,-5.6778,-50.568,-0.37434,12.645,-9.9842,4.5079,6.3554,3.1285,-1.1684,-3.9956,-1.7799
6.8641,-5.2632,-49.682,-0.57904,12.312,-9.5296,5.3715,8.8458,3.469,-1.0198,-2.9955,-1.2785
6.9823,-4.8591,-48.776,-0.79315,12.067,-9.124,6.3098,11.779,3.7958,-0.94466,-2.0533,-0.73187
7.1793,-4.4928,-48.023,-1.0143,11.975,-8.8146,7.3249,15.206,4.1205,-0.94214,-1.1651,-0.15584
7.4653,-4.1892,-47.609,-1.237,12.085,-8.6356,8.4071,19.135,4.4553,-1.005,-0.32958,0.42914
7.8389,-3.9675,-47.684,-1.4547,12.418,-8.6041,9.5375,23.512,4.8057,-1.1219,0.45192,1.0029
8.2886,-3.8409,-48.308,-1.6614,12.965,-8.7228,10.692,28.227,5.1671,-1.2795,1.1757,1.5476
8.7966,-3.8187,-49.445,-1.8511,13.689,-8.9881,11.846,33.139,5.5269,-1.4646,1.8403,2.0471
9.3418,-3.9075,-50.995,-2.0175,14.543,-9.3945,12.981,38.117,5.8711,-1.6649,2.4522,2.4873
9.901,-4.1113,-52.831,-2.1526,15.477,-9.9353,14.086,43.055,6.1938,-1.8697,3.0292,2.8597
10.448,-4.4309,-54.839,-2.2474,16.453,-10.598,15.162,47.871,6.5048,-2.0706,3.5989,3.1657
10.954,-4.8623,-56.926,-2.2925,17.442,-11.357,16.216,52.507,6.8289,-2.2593,4.1933,3.4176
11.395,-5.3959,-59.031,-2.2798,18.43,-12.177,17.252,56.929,7.2,-2.4262,4.841,3.635
11.756,-6.0141,-61.112,-2.2053,19.41,-13.012,18.27,61.124,7.6511,-2.5579,5.5608,3.8393
12.042,-6.6891,-63.145,-2.0731,20.379,-13.817,19.261,65.089,8.206,-2.6379,6.3578,4.0493
12.271,-7.3827,-65.117,-1.8964,21.327,-14.548,20.205,68.826,8.8742,-2.649,7.2257,4.2797
12.478,-8.0503,-66.993,-1.6977,22.23,-15.176,21.079,72.326,9.6531,-2.5759,8.1521,4.541
12.703,-8.6477,-68.697,-1.5054,23.057,-15.684,21.861,75.569,10.534,-2.4063,9.1255,4.8383
12.997,-9.1402,-70.122,-1.3489,23.782,-16.071,22.541,78.532,11.509,-2.1299,10.142,5.1709
13.414,-9.5075,-71.185,-1.2544,24.402,-16.345,23.119,81.201,12.575,-1.7346,11.209,5.533
14.005,-9.7444,-71.873,-1.2416,24.931,-16.521,23.613,83.581,13.739,-1.2054,12.342,5.918
14.806,-9.8553,-72.246,-1.3244,25.403,-16.615,24.044,85.694,15.014,-0.52473,13.557,6.3225
15.826,-9.8472,-72.414,-1.5117,25.862,-16.646,24.431,87.567,16.421,0.32103,14.854,6.7482
17.041,-9.7244,-72.505,-1.8099,26.356,-16.63,24.777,89.226,17.984,1.3347,16.21,7.1997
18.423,-9.486,-72.636,-2.2237,26.92,-16.589,25.065,90.7,19.718,2.505,17.578,7.6807
19.956,-9.1287,-72.882,-2.7559,27.57,-16.54,25.257,92.027,21.631,3.812,18.924,8.1929
21.643,-8.6512,-73.279,-3.407,28.295,-16.494,25.312,93.261,23.708,5.2378,20.267,8.7417
23.488,-8.0581,-73.821,-4.1759,29.068,-16.455,25.19,94.473,25.915,6.7744,21.698,9.3432
25.478,-7.3602,-74.473,-5.0642,29.858,-16.408,24.867,95.732,28.199,8.4256,23.36,10.03
27.56,-6.5707,-75.168,-6.0836,30.647,-16.332,24.338,97.097,30.506,10.204,25.399,10.848
29.645,-5.6979,-75.826,-7.2659,31.421,-16.196,23.613,98.612,32.798,12.123,27.891,11.841
31.639,-4.7397,-76.374,-8.6726,32.174,-15.966,22.71,100.3,35.058,14.189,30.777,13.038
33.502,-3.6793,-76.765,-10.394,32.896,-15.609,21.649,102.19,37.284,16.393,33.887,14.437
35.284,-2.4851,-76.984,-12.509,33.583,-15.087,20.452,104.25,39.484,18.707,37.064,16.012
37.076,-1.1075,-77.049,-14.974,34.242,-14.361,19.139,106.47,41.66,21.087,40.265,17.726
38.935,0.53418,-77.001,-17.576,34.884,-13.386,17.729,108.8,43.803,23.483,43.561,19.56
40.927,2.5896,-76.883,-20.191,35.52,-12.119,16.236,111.15,45.889,25.837,47.075,21.52
43.191,5.328,-76.656,-23.031,36.15,-10.532,14.67,113.44,47.886,28.085,50.885,23.618
45.865,9.0022,-76.075,-26.429,36.775,-8.6567,13.032,115.59,49.767,30.167,54.91,25.853
49.001,13.284,-74.746,-30.47,37.406,-6.6147,11.315,117.56,51.523,32.038,58.869,28.195
52.547,17.707,-72.932,-34.908,38.054,-4.6738,9.508,119.32,53.171,33.68,62.394,30.607
56.395,22.429,-71.823,-39.509,38.705,-3.2608,7.5937,120.87,54.734,35.101,65.193,33.054
60.431,27.008,-71.648,-44.334,39.297,-2.0412,5.5595,122.25,56.216,36.332,67.153,35.512
64.555,31.855,-71.566,-49.518,39.745,0.23453,3.3984,123.5,57.583,37.424,68.347,37.947
68.657,38.069,-70.618,-55.162,39.983,3.7474,1.1118,124.63,58.774,38.44,68.96,40.317
72.613,45.739,-68.002,-61.303,39.991,8.7228,-1.2917,125.68,59.739,39.434,69.185,42.58
76.374,54.885,-63.25,-67.93,39.785,15.548,-3.8009,126.62,60.468,40.446,69.162,44.712
80.063,65.643,-56.353,-75.085,39.405,24.353,-6.4087,127.41,60.997,41.501,68.971,46.717
83.913,77.955,-47.713,-82.826,38.895,34.87,-9.1141,127.97,61.379,42.622,68.67,48.618
88.083,91.407,-37.879,-91.116,38.287,46.463,-11.919,128.23,61.667,43.834,68.366,50.45
92.531,105.3,-27.436,-99.737,37.591,58.302,-14.821,128.12,61.901,45.164,68.274,52.251
96.998,118.84,-17.616,-108.29,36.779,69.58,-17.814,127.57,62.121,46.636,68.677,54.063
101.16,131.28,-9.8431,-116.35,35.819,79.665,-20.891,126.53,62.369,48.262,69.788,55.925
104.84,141.99,-4.1537,-123.49,34.712,88.172,-24.04,124.96,62.681,50.042,71.661,57.868
108.02,150.49,0.33144,-129.33,33.519,94.988,-27.232,122.87,63.071,51.961,74.198,59.913
110.75,156.68,3.9304,-133.56,32.345,100.32,-30.408,120.31,63.532,53.991,77.202,62.064
113.09,160.86,6.1856,-136.37,31.287,104.64,-33.478,117.42,64.048,56.106,80.466,64.298
115.1,163.72,7.2841,-138.4,30.393,108.44,-36.358,114.32,64.607,58.289,83.828,66.579
116.81,166.24,8.5762,-140.52,29.648,111.86,-38.994,111.15,65.201,60.537,87.163,68.86
118.26,169.55,10.928,-143.44,28.988,114.95,-41.376,107.99,65.823,62.863,90.355,71.11
119.47,174.5,14.343,-147.43,28.345,118.12,-43.521,104.91,66.459,65.285,93.271,73.304
120.45,181.0,18.575,-152.05,27.67,121.95,-45.461,101.92,67.086,67.811,95.784,75.416
121.22,187.88,23.076,-156.38,26.943,126.25,-47.227,99.013,67.672,70.406,97.815,77.405
121.82,193.92,27.145,-159.87,26.163,130.34,-48.849,96.125,68.187,72.97,99.37,79.232
122.28,198.7,30.452,-162.54,25.349,133.87,-50.35,93.169,68.611,75.367,100.53,80.885
122.65,202.35,33.057,-164.58,24.526,136.86,-51.74,90.053,68.944,77.498,101.43,82.381
122.93,205.13,35.138,-166.2,23.707,139.38,-53.019,86.703,69.201,79.331,102.16,83.756
123.15,207.3,36.871,-167.52,22.873,141.52,-54.168,83.088,69.402,80.897,102.78,85.036
123.29,209.02,38.425,-168.6,21.97,143.39,-55.153,79.228,69.549,82.248,103.31,86.23
123.35,210.46,39.968,-169.47,20.935,145.05,-55.929,75.195,69.626,83.428,103.75,87.334
123.32,211.68,41.659,-170.13,19.73,146.52,-56.446,71.097,69.609,84.456,104.07,88.339
123.2,212.66,43.588,-170.56,18.374,147.69,-56.652,67.065,69.486,85.325,104.28,89.239
122.99,213.24,45.689,-170.74,16.93,148.41,-56.509,63.205,69.273,86.015,104.39,90.028
122.71,213.34,47.714,-170.62,15.469,148.67,-55.998,59.564,69.003,86.503,104.43,90.687
122.37,212.97,49.402,-170.16,14.027,148.61,-55.13,56.109,68.712,86.778,104.44,91.175
121.91,212.23,50.661,-169.36,12.597,148.39,-53.945,52.761,68.424,86.823,104.5,91.438
121.23,211.16,51.568,-168.18,11.148,148.08,-52.502,49.425,68.138,86.592,104.72,91.429
120.16,209.79,52.263,-166.61,9.6456,147.71,-50.869,46.017,67.831,85.978,105.17,91.122
118.56,208.04,52.861,-164.6,8.0835,147.26,-49.104,42.478,67.448,84.777,105.58,90.503
116.31,205.88,53.41,-162.13,6.4885,146.71,-47.247,38.779,66.897,82.733,105.12,89.546
113.39,203.29,53.9,-159.19,4.909,146.02,-45.315,34.931,66.048,79.75,103.07,88.178
109.9,200.3,54.302,-155.79,3.3935,145.18,-43.308,30.981,64.762,76.198,99.554,86.255
106.06,196.97,54.605,-151.98,1.9748,144.16,-41.213,27.012,62.96,72.69,95.032,83.579
102.1,193.39,54.812,-147.85,0.6675,142.92,-39.008,23.127,60.692,69.442,89.872,79.998
98.258,189.63,54.924,-143.58,-0.528,141.43,-36.669,19.437,58.115,66.252,84.324,75.595
94.678,185.72,54.918,-139.4,-1.6205,139.71,-34.176,16.03,55.403,62.844,78.577,70.771
91.311,181.63,54.755,-135.53,-2.6253,137.87,-31.516,12.955,52.654,58.987,72.781,65.994
87.936,177.3,54.382,-132.05,-3.5637,135.99,-28.705,10.21,49.885,54.522,67.028,61.428
84.253,172.78,53.748,-128.7,-4.4596,134.03,-25.793,7.7541,47.062,49.389,61.335,56.9
80.068,168.18,52.825,-125.04,-5.3328,131.79,-22.873,5.5252,44.133,43.656,55.645,52.107
75.436,163.46,51.621,-120.65,-6.194,128.99,-20.065,3.4582,41.043,37.548,49.868,46.797
70.612,158.43,50.185,-115.46,-7.0433,125.48,-17.477,1.4992,37.762,31.418,43.948,40.873
65.839,152.75,48.575,-109.72,-7.8738,121.24,-15.18,-0.38559,34.311,25.631,37.921,34.459
61.182,146.16,46.834,-103.84,-8.6761,116.37,-13.192,-2.2083,30.771,20.452,31.971,27.846
56.573,138.64,44.998,-98.073,-9.4431,111.03,-11.486,-3.9636,27.233,16.001,26.447,21.326
51.951,130.49,43.094,-92.501,-10.174,105.35,-10.016,-5.637,23.747,12.276,21.715,15.078
47.34,122.24,41.129,-87.126,-10.872,99.436,-8.7361,-7.2135,20.308,9.1875,17.84,9.2202
42.828,114.43,39.094,-81.926,-11.547,93.445,-7.6209,-8.6864,16.919,6.5908,14.433,3.9155
38.506,107.38,36.973,-76.863,-12.204,87.615,-6.6661,-10.061,13.672,4.3035,11.126,-0.66357
34.438,101.18,34.773,-71.87,-12.841,82.194,-5.8803,-11.351,10.747,2.1796,8.0038,-4.4966
30.663,95.671,32.537,-66.86,-13.451,77.331,-5.2686,-12.572,8.2705,0.18445,5.2776,-7.8258
27.205,90.514,30.321,-61.768,-14.035,73.075,-4.818,-13.728,6.2311,-1.6631,2.9467,-11.096
23.987,85.396,28.144,-56.611,-14.607,69.395,-4.4934,-14.819,4.534,-3.3683,0.88883,-14.814
20.79,80.2,25.963,-51.509,-15.196,66.15,-4.2451,-15.833,3.0869,-4.9729,-1.012,-19.41
17.373,74.977,23.715,-46.602,-15.845,63.172,-4.0256,-16.758,1.8288,-6.5361,-2.8309,-24.98
13.721,69.792,21.407,-41.887,-16.607,60.438,-3.8054,-17.577,0.72392,-8.1167,-4.6102,-30.817
10.128,64.632,19.177,-37.214,-17.531,57.985,-3.5807,-18.279,-0.25141,-9.7593,-6.3713,-35.73
6.9367,59.447,17.245,-32.6,-18.65,55.723,-3.3672,-18.858,-1.1114,-11.479,-8.1188,-39.552
4.2591,54.274,15.805,-28.377,-19.945,53.454,-3.1845,-19.313,-1.8621,-13.245,-9.8396,-43.031
1.9883,49.255,14.969,-24.778,-21.317,51.068,-3.04,-19.643,-2.5037,-14.983,-11.502,-46.685
-0.054304,44.46,14.785,-21.657,-22.584,48.665,-2.9186,-19.841,-3.0295,-16.597,-13.06,-50.506
-2.0304,39.88,15.265,-18.736,-23.735,46.498,-2.7847,-19.897,-3.4295,-18.004,-14.467,-54.303
-4.0725,35.594,16.381,-15.841,-25.153,44.747,-2.5957,-19.804,-3.696,-19.148,-15.689,-57.876
-6.3019,31.742,18.056,-12.936,-27.239,43.438,-2.3202,-19.574,-3.8299,-20.007,-16.707,-60.952
-8.8269,28.393,20.173,-10.094,-30.129,42.501,-1.9489,-19.233,-3.8444,-20.593,-17.518,-63.185
-11.703,25.524,22.585,-7.4598,-33.71,41.838,-1.4938,-18.818,-3.7642,-20.941,-18.133,-64.295
-14.886,23.094,25.136,-5.1562,-37.686,41.357,-0.97688,-18.361,-3.6211,-21.104,-18.569,-64.205
-18.235,21.076,27.671,-3.2148,-41.67,40.983,-0.41769,-17.877,-3.4459,-21.131,-18.845,-63.081
-21.567,19.422,30.058,-1.585,-45.295,40.676,0.17499,-17.355,-3.2632,-21.06,-18.976,-61.288
-24.719,18.044,32.2,-0.19183,-48.347,40.434,0.80415,-16.771,-3.0886,-20.904,-18.974,-59.312
-27.563,16.842,34.056,1.0268,-50.818,40.281,1.4789,-16.097,-2.9306,-20.653,-18.848,-57.581
-30.005,15.743,35.624,2.1098,-52.837,40.22,2.2033,-15.321,-2.7945,-20.284,-18.604,-56.218
-31.972,14.72,36.907,3.077,-54.533,40.193,2.9657,-14.46,-2.6868,-19.783,-18.255,-54.997
-33.425,13.768,37.892,3.9368,-55.942,40.065,3.7347,-13.559,-2.6162,-19.166,-17.817,-53.619
-34.376,12.884,38.534,4.6936,-56.971,39.67,4.4678,-12.683,-2.5915,-18.477,-17.308,-52.014
-34.906,12.048,38.726,5.3525,-57.402,38.885,5.1265,-11.896,-2.6152,-17.766,-16.746,-50.276
-35.142,11.23,38.352,5.9204,-57.036,37.669,5.6896,-11.25,-2.6798,-17.077,-16.147,-48.387
-35.194,10.403,37.418,6.4047,-55.895,36.036,6.1587,-10.773,-2.7692,-16.447,-15.522,-46.272
-35.1,9.5449,36.048,6.81,-54.239,34.019,6.553,-10.468,-2.8654,-15.902,-14.885,-44.02
-34.834,8.6515,34.367,7.1398,-52.367,31.663,6.9006,-10.321,-2.9552,-15.457,-14.257,-41.871
-34.366,7.7336,32.429,7.3978,-50.446,29.023,7.2283,-10.302,-3.0342,-15.115,-13.666,-40.024
-33.701,6.8167,30.236,7.5871,-48.495,26.19,7.5545,-10.378,-3.1051,-14.868,-13.145,-38.514
-32.867,5.9377,27.798,7.7076,-46.45,23.298,7.8852,-10.52,-3.172,-14.702,-12.726,-37.24
-31.892,5.1387,25.172,7.7532,-44.235,20.508,8.2143,-10.702,-3.2329,-14.586,-12.432,-36.043
-30.79,4.459,22.477,7.7134,-41.821,17.985,8.5277,-10.908,-3.2749,-14.477,-12.267,-34.766
-29.561,3.9262,19.864,7.5785,-39.252,15.854,8.8097,-11.125,-3.2767,-14.315,-12.224,-33.286
-28.206,3.5501,17.458,7.3458,-36.652,14.186,9.047,-11.338,-3.2147,-14.035,-12.281,-31.524
-26.736,3.3219,15.334,7.0236,-34.183,12.976,9.2368,-11.535,-3.0703,-13.584,-12.417,-29.457
-25.171,3.2188,13.531,6.6284,-31.983,12.148,9.3872,-11.701,-2.8353,-12.933,-12.611,-27.118
-23.541,3.2123,12.062,6.1794,-30.112,11.584,9.5085,-11.816,-2.5122,-12.086,-12.848,-24.594
-21.869,3.2746,10.905,5.6935,-28.54,11.169,9.6118,-11.866,-2.1126,-11.069,-13.118,-22.001
-20.17,3.3861,9.9874,5.1814,-27.176,10.811,9.7064,-11.834,-1.6528,-9.9182,-13.407,-19.458
-18.461,3.5343,9.221,4.6504,-25.912,10.457,9.7966,-11.71,-1.1516,-8.6632,-13.696,-17.046
-16.766,3.709,8.5409,4.1078,-24.647,10.104,9.8874,-11.48,-0.62709,-7.3204,-13.965,-14.799
-15.124,3.896,7.9156,3.5646,-23.3,9.7787,9.982,-11.133,-0.093506,-5.8971,-14.189,-12.711
-13.571,4.0728,7.33,3.035,-21.816,9.4994,10.08,-10.655,0.43903,-4.4043,-14.35,-10.756
-12.127,4.2108,6.7594,2.5333,-20.181,9.2467,10.175,-10.039,0.96469,-2.862,-14.434,-8.9113
-10.793,4.2818,6.1572,2.0688,-18.434,8.9666,10.257,-9.2926,1.4777,-1.3008,-14.433,-7.1678
-9.5546,4.2648,5.459,1.6437,-16.658,8.5921,10.314,-8.4397,1.9697,0.24109,-14.345,-5.5289
-8.397,4.1528,4.5992,1.2537,-14.936,8.0697,10.335,-7.5181,2.4312,1.723,-14.171,-4.0064
-7.304,3.9522,3.5317,0.88937,-13.314,7.377,10.316,-6.5696,2.8528,3.1083,-13.911,-2.61
-6.2601,3.685,2.2488,0.53661,-11.782,6.531,10.25,-5.6319,3.2278,4.3683,-13.564,-1.3429
-5.249,3.3872,0.79035,0.17814,-10.29,5.5823,10.134,-4.7347,3.552,5.4831,-13.13,-0.20239
-4.2543,3.1059,-0.76144,-0.20546,-8.7953,4.6102,9.9622,-3.9,3.8219,6.4389,-12.617,0.81826
-3.2638,2.8938,-2.2973,-0.634,-7.2935,3.7093,9.7334,-3.1417,4.0314,7.218,-12.04,1.7257
-2.2731,2.8021,-3.7046,-1.1261,-5.8341,2.9704,9.4494,-2.4666,4.1712,7.7942,-11.423,2.5235
-1.2858,2.8717,-4.8884,-1.6977,-4.4942,2.4631,9.1146,-1.8737,4.2322,8.1339,-10.798,3.2093
-0.31055,3.1267,-5.7798,-2.3598,-3.3415,2.2254,8.7361,-1.3563,4.2093,8.2044,-10.19,3.7788
0.64336,3.5731,-6.3357,-3.1168,-2.4138,2.2627,8.315,-0.9033,4.1032,7.9831,-9.6158,4.2263
1.5674,4.2013,-6.5386,-3.9649,-1.72,2.5535,7.8455,-0.50394,3.9191,7.4657,-9.0814,4.5479
2.4547,4.9905,-6.3983,-4.8905,-1.2501,3.0595,7.3223,-0.15316,3.6636,6.6727,-8.5866,4.7455
3.2985,5.9096,-5.952,-5.8682,-0.98512,3.7324,6.7411,0.14984,3.3437,5.6503,-8.1305,4.8298
4.0896,6.9156,-5.2606,-6.8588,-0.89852,4.5181,6.1014,0.40412,2.9653,4.4582,-7.7162,4.8209
4.8119,7.952,-4.4013,-7.8119,-0.95222,5.3602,5.4103,0.61236,2.534,3.1605,-7.3444,4.7439
5.4431,8.9504,-3.4605,-8.6728,-1.0975,6.2016,4.6782,0.78487,2.0563,1.8162,-7.0105,4.6233
5.9593,9.8395,-2.5265,-9.3902,-1.2805,6.9874,3.9239,0.94059,1.5406,0.48189,-6.7029,4.4785
6.3426,10.557,-1.6807,-9.9252,-1.4481,7.6675,3.1756,1.1057,0.99914,-0.78457,-6.4052,4.3227
6.5855,11.061,-0.99205,-10.257,-1.5556,8.1968,2.4667,1.3078,0.44478,-1.9293,-6.0976,4.164
6.6926,11.327,-0.51482,-10.385,-1.5731,8.5332,1.8285,1.5692,-0.11098,-2.9077,-5.7608,4.0084
6.677,11.34,-0.28632,-10.323,-1.4908,8.6368,1.278,1.8998,-0.65674,-3.6891,-5.3803,3.86
6.5526,11.092,-0.32271,-10.088,-1.3202,8.4743,0.81406,2.2947,-1.1858,-4.2607,-4.9489,3.7252
6.3285,10.576,-0.61548,-9.6906,-1.0893,8.0285,0.4198,2.7392,-1.694,-4.6282,-4.4658,3.6105
6.0095,9.8064,-1.1326,-9.1391,-0.83642,7.3073,0.076629,3.2174,-2.1773,-4.8114,-3.9341,3.523
5.6015,8.813,-1.8245,-8.446,-0.59903,6.348,-0.22844,3.72,-2.6287,-4.8383,-3.3585,3.4699
5.1154,7.6468,-2.6311,-7.6359,-0.40568,5.2147,-0.49758,4.246,-3.0351,-4.7387,-2.7455,3.4572
4.5664,6.3713,-3.4886,-6.7453,-0.2715,3.9879,-0.72507,4.8014,-3.3778,-4.5413,-2.1035,3.4873
3.9718,5.0553,-4.3339,-5.8153,-0.19941,2.7532,-0.90254,5.3942,-3.6371,-4.2726,-1.4438,3.5571
3.3499,3.7692,-5.1074,-4.8879,-0.18521,1.5897,-1.0236,6.029,-3.7985,-3.9586,-0.78274,3.6618
2.7218,2.5834,-5.7551,-4.0046,-0.22364,0.56188,-1.0857,6.7057,-3.8581,-3.6283,-0.14295,3.7951
2.1119,1.5621,-6.2316,-3.2051,-0.31202,-0.28446,-1.0892,7.4197,-3.824,-3.3177,0.44766,3.9546
1.546,0.75203,-6.5034,-2.5209,-0.44998,-0.92191,-1.0363,8.164,-3.7145,-3.0682,0.96133,4.1414
1.0461,0.17406,-6.5517,-1.9673,-0.63648,-1.3379,-0.9306,8.9341,-3.5534,-2.9206,1.3789,4.3561
0.62467,-0.17666,-6.3739,-1.5407,-0.86764,-1.5336,-0.7793,9.721,-3.3655,-2.9056,1.6962,4.5937
0.28084,-0.3254,-5.9843,-1.2236,-1.1375,-1.5242,-0.59549,10.509,-3.1725,-3.039,1.9219,4.8405
0.00075165,-0.31012,-5.4118,-0.99135,-1.4411,-1.3378,-0.39875,11.273,-2.9911,-3.3216,2.0715,5.077
-0.23909,-0.17333,-4.6949,-0.81874,-1.7763,-1.0111,-0.21405,11.971,-2.8333,-3.7436,2.1601,5.282
-0.46562,0.044404,-3.8758,-0.68308,-2.1427,-0.58423,-0.069701,12.55,-2.7083,-4.2895,2.201,5.4378
-0.70213,0.30731,-2.9966,-0.56588,-2.539,-0.098266,0.0060449,12.944,-2.6251,-4.9416,2.2052,5.5327
-0.96278,0.58325,-2.0991,-0.45346,-2.9581,0.40493,-0.009706,13.108,-2.5931,-5.6807,2.1829,5.5644
-1.2508,0.84087,-1.2256,-0.33651,-3.3841,0.88293,-0.13004,13.032,-2.6178,-6.4845,2.1431,5.5431
-1.5606,1.0487,-0.4173,-0.20874,-3.7939,1.2948,-0.34939,12.745,-2.7049,-7.3257,2.0944,5.4919
-1.882,1.1784,0.28794,-0.065706,-4.1627,1.6057,-0.64673,12.307,-2.854,-8.1723,2.0445,5.4424
-2.203,1.2109,0.86064,0.095476,-4.4684,1.7928,-0.99346,11.782,-3.0593,-8.9906,1.9992,5.4282
-2.5121,1.1396,1.2837,0.27588,-4.6965,1.85,-1.3637,11.217,-3.3093,-9.7479,1.9612,5.479
-2.7991,0.96979,1.5534,0.47468,-4.8403,1.7871,-1.7412,10.633,-3.5899,-10.414,1.9309,5.6182
-3.0561,0.71513,1.6775,0.68945,-4.8986,1.6264,-2.1213,10.04,-3.8867,-10.966,1.905,5.8652
-3.2779,0.39289,1.6715,0.91658,-4.8736,1.3949,-2.5062,9.4397,-4.1896,-11.387,1.8734,6.238
-3.4624,0.020219,1.5544,1.1517,-4.771,1.1179,-2.9001,8.8285,-4.4945,-11.673,1.8168,6.7538
-3.6105,-0.38923,1.3455,1.3909,-4.6014,0.81279,-3.3054,8.2068,-4.8063,-11.829,1.7087,7.4231
-3.7266,-0.82787,1.0618,1.6328,-4.3797,0.48618,-3.7233,7.5734,-5.129,-11.864,1.5214,8.2409
-3.8192,-1.2954,0.71797,1.88,-4.124,0.13377,-4.1545,6.9266,-5.4683,-11.79,1.2337,9.1796
-3.9004,-1.7974,0.32998,2.1397,-3.8549,-0.25617,-4.5935,6.2682,-5.8226,-11.617,0.8359,10.191
-3.9841,-2.3423,-0.081824,2.4214,-3.5952,-0.69712,-5.0351,5.6047,-6.1825,-11.354,0.33057,11.219
-4.0825,-2.9353,-0.49357,2.7335,-3.3668,-1.1983,-5.4682,4.9523,-6.5265,-11.009,-0.26667,12.218
-4.2015,-3.5736,-0.88421,3.0787,-3.1849,-1.7612,-5.8786,4.3293,-6.8285,-10.596,-0.92515,13.159
-4.3374,-4.2433,-1.2461,3.4503,-3.0518,-2.3757,-6.2539,3.7503,-7.0647,-10.132,-1.6013,14.036
-4.4755,-4.9221,-1.5926,3.8322,-2.9515,-3.0234,-6.5876,3.2236,-7.22,-9.6341,-2.2461,14.852
-4.5914,-5.5812,-1.9561,4.2001,-2.8526,-3.6826,-6.8787,2.7542,-7.2906,-9.115,-2.8162,15.614
-4.6566,-6.1912,-2.3743,4.5267,-2.7155,-4.3309,-7.1272,2.3517,-7.2833,-8.5819,-3.2839,16.332
-4.6455,-6.7253,-2.8711,4.7863,-2.5055,-4.9464,-7.3297,2.0262,-7.2119,-8.0364,-3.6407,17.02
-4.5421,-7.161,-3.4439,4.9586,-2.205,-5.5061,-7.4759,1.7865,-7.0945,-7.4759,-3.8874,17.698
-4.3436,-7.4809,-4.0619,5.0311,-1.8196,-5.9848,-7.5532,1.6313,-6.9461,-6.8952,-4.0226,18.393
-4.0618,-7.6734,-4.6722,5.001,-1.3768,-6.3555,-7.5491,1.5432,-6.7764,-6.2895,-4.0363,19.125
-3.7189,-7.7347,-5.2112,4.8747,-0.92002,-6.5959,-7.4543,1.4866,-6.5876,-5.6573,-3.9144,19.902
-3.3422,-7.6686,-5.6149,4.6652,-0.49841,-6.6915,-7.2653,1.421,-6.3766,-5.0036,-3.6475,20.695
-2.9574,-7.4827,-5.8282,4.3867,-0.15698,-6.6367,-6.9837,1.3083,-6.139,-4.3418,-3.2389,21.438
-2.5835,-7.186,-5.8148,4.0524,0.07271,-6.435,-6.6155,1.124,-5.8732,-3.6882,-2.7075,22.04
-2.2328,-6.7882,-5.5658,3.6731,0.17862,-6.0982,-6.1706,0.86478,-5.583,-3.0571,-2.0864,22.424
-1.9125,-6.302,-5.1067,3.259,0.16976,-5.6481,-5.6615,0.55161,-5.2773,-2.4563,-1.4168,22.554
-1.6275,-5.7479,-4.4953,2.8234,0.072448,-5.1174,-5.101,0.21553,-4.9661,-1.8878,-0.73763,22.442
-1.3804,-5.1567,-3.8096,2.3842,-0.077493,-4.5504,-4.5004,-0.11038,-4.6649,-1.3528,-0.077013,22.148
-1.1701,-4.568,-3.1307,1.9631,-0.24411,-3.9986,-3.8694,-0.40222,-4.3869,-0.85543,0.55188,21.754
-0.99204,-4.0253,-2.5288,1.5809,-0.39775,-3.5157,-3.2224,-0.65293,-4.1452,-0.40451,1.1497,21.331
-0.83881,-3.5679,-2.0533,1.2542,-0.51714,-3.1489,-2.5735,-0.87396,-3.951,-0.011427,1.7256,20.913
-0.70182,-3.2226,-1.7268,0.99265,-0.58998,-2.9293,-1.9406,-1.0905,-3.8177,0.31057,2.291,20.486
-0.57279,-2.9985,-1.5466,0.79772,-0.61349,-2.8633,-1.3418,-1.3324,-3.7593,0.5519,2.8533,19.995
-0.44499,-2.8873,-1.4942,0.66311,-0.59232,-2.9363,-0.79036,-1.6255,-3.7893,0.70944,3.4148,19.375
-0.31377,-2.8672,-1.5517,0.5769,-0.53214,-3.119,-0.29022,-1.9852,-3.9192,0.78663,3.973,18.584
-0.17601,-2.9126,-1.7112,0.52535,-0.43291,-3.3795,0.16404,-2.4152,-4.1541,0.79306,4.5231,17.61
-0.028995,-2.9986,-1.9705,0.49428,-0.2872,-3.6896,0.58383,-2.9103,-4.4878,0.74031,5.0631,16.478
0.12987,-3.1048,-2.3231,0.47037,-0.084727,-4.0267,0.98236,-3.4622,-4.9001,0.63536,5.5996,15.221
0.30155,-3.2141,-2.7505,0.4424,0.17891,-4.3712,1.3712,-4.0644,-5.36,0.47472,6.1481,13.869
0.48342,-3.3102,-3.2206,0.40185,0.49339,-4.7024,1.7582,-4.7142,-5.8348,0.24405,6.7305,12.436
0.66965,-3.3737,-3.6842,0.34175,0.8311,-4.9935,2.1475,-5.4103,-6.3006,-0.074504,7.3714,10.938
0.85518,-3.3784,-4.0748,0.25306,1.1534,-5.2057,2.5407,-6.1498,-6.7494,-0.48992,8.0942,9.4065
1.0421,-3.2911,-4.317,0.121,1.4222,-5.2912,2.9381,-6.9255,-7.1872,-0.99264,8.9151,7.8947
1.2441,-3.0776,-4.3434,-0.07509,1.6121,-5.2032,3.339,-7.7264,-7.6248,-1.5543,9.8334,6.4643
1.4857,-2.7093,-4.1152,-0.35867,1.7183,-4.9085,3.7404,-8.5394,-8.0661,-2.1374,10.822,5.1686
1.7949,-2.1715,-3.6371,-0.74933,1.7586,-4.3966,4.1386,-9.3527,-8.5008,-2.7087,11.831,4.0413
2.1923,-1.468,-2.9639,-1.257,1.7667,-3.6852,4.5315,-10.158,-8.9046,-3.2462,12.804,3.0966
2.6815,-0.62055,-2.1929,-1.8781,1.7826,-2.8189,4.9212,-10.951,-9.2462,-3.7391,13.703,2.3337
3.2473,0.3347,-1.4367,-2.594,1.8429,-1.8611,5.3156,-11.723,-9.4984,-4.1826,14.52,1.7408
3.8615,1.3532,-0.78632,-3.3727,1.9741,-0.88037,5.7259,-12.462,-9.6475,-4.574,15.265,1.2983
4.4931,2.3886,-0.28782,-4.1741,2.1864,0.064514,6.1644,-13.148,-9.6969,-4.9099,15.949,0.98143
5.1132,3.3988,0.061121,-4.9579,2.4689,0.93378,6.6404,-13.757,-9.6624,-5.1842,16.568,0.76515
5.6967,4.3506,0.30143,-5.6924,2.7894,1.7081,7.1592,-14.267,-9.5611,-5.3851,17.108,0.62969
6.2237,5.2223,0.49696,-6.3571,3.0992,2.3842,7.7221,-14.659,-9.3998,-5.4966,17.546,0.56269
6.6812,6.0015,0.71577,-6.9408,3.3459,2.9703,8.3274,-14.92,-9.1719,-5.5011,17.868,0.55696
7.0637,6.6815,1.0122,-7.4375,3.489,3.4807,8.9718,-15.046,-8.8621,-5.3858,18.076,0.60543
7.3707,7.2582,1.4129,-7.843,3.5087,3.9273,9.6507,-15.039,-8.4582,-5.1476,18.183,0.69585
7.6023,7.73,1.9078,-8.1546,3.4075,4.3125,10.358,-14.916,-7.961,-4.7949,18.215,0.80746
7.7577,8.0994,2.4482,-8.3716,3.2093,4.627,11.086,-14.708,-7.3858,-4.3438,18.203,0.91183
7.8391,8.3732,2.9578,-8.4983,2.9549,4.8551,11.823,-14.446,-6.7574,-3.8106,18.18,0.97817
7.8593,8.5611,3.3561,-8.5473,2.6947,4.9829,12.557,-14.153,-6.1021,-3.206,18.185,0.98024
7.8445,8.6737,3.5838,-8.5398,2.478,5.0051,13.274,-13.843,-5.4416,-2.5331,18.258,0.90063
7.8276,8.7222,3.6183,-8.5015,2.342,4.9293,13.96,-13.52,-4.7909,-1.7924,18.439,0.73115
7.8326,8.719,3.4784,-8.4532,2.303,4.7785,14.6,-13.187,-4.1582,-0.98977,18.752,0.47069
7.8605,8.6797,3.2201,-8.4039,2.3491,4.5935,15.187,-12.852,-3.5477,-0.14102,19.206,0.12254
7.8858,8.6241,2.9247,-8.3502,2.4396,4.4277,15.716,-12.538,-2.963,0.72735,19.784,-0.30822
7.8696,8.5711,2.6773,-8.2825,2.5184,4.3305,16.185,-12.28,-2.4127,1.583,20.456,-0.81687
7.7839,8.5304,2.5391,-8.1927,2.5373,4.3282,16.587,-12.117,-1.9112,2.3914,21.185,-1.4002
7.6263,8.4954,2.5284,-8.0755,2.4762,4.4146,16.915,-12.081,-1.4753,3.126,21.93,-2.0568
7.4124,8.4441,2.6192,-7.9265,2.3454,4.5547,17.16,-12.188,-1.1179,3.7758,22.655,-2.7874
7.1576,8.3464,2.7579,-7.7394,2.1719,4.6981,17.319,-12.435,-0.84407,4.3467,23.318,-3.5958
6.866,8.1731,2.89,-7.5056,1.9807,4.7972,17.395,-12.804,-0.65135,4.8565,23.862,-4.4897
6.5303,7.904,2.9857,-7.2148,1.7806,4.8204,17.396,-13.27,-0.53309,5.326,24.216,-5.4804
6.1338,7.531,3.0495,-6.8551,1.5597,4.7588,17.327,-13.804,-0.48301,5.771,24.312,-6.5826
5.6542,7.0566,3.1094,-6.4149,1.2934,4.6193,17.194,-14.374,-0.49776,6.1979,24.095,-7.813
5.0717,6.4927,3.1928,-5.8863,0.95993,4.4149,17.011,-14.952,-0.57619,6.6027,23.545,-9.1873
4.3817,5.8548,3.3037,-5.2694,0.55764,4.1556,16.8,-15.516,-0.71609,6.974,22.68,-10.716
3.6045,5.162,3.4185,-4.5759,0.11221,3.8479,16.591,-16.048,-0.91061,7.2964,21.567,-12.399
2.7847,4.4359,3.4959,-3.8291,-0.32802,3.4949,16.411,-16.534,-1.1468,7.5551,20.306,-14.228
1.9775,3.6981,3.4941,-3.0607,-0.70826,3.0993,16.277,-16.963,-1.4072,7.7399,19.014,-16.186
1.2314,2.9701,3.3856,-2.3032,-0.98859,2.669,16.19,-17.332,-1.6723,7.8476,17.804,-18.26
0.57479,2.2721,3.1709,-1.5847,-1.161,2.2213,16.138,-17.646,-1.9224,7.8813,16.755,-20.439
0.012566,1.6218,2.8872,-0.92416,-1.2541,1.7833,16.11,-17.922,-2.1364,7.8485,15.91,-22.71
-0.47076,1.0319,2.6038,-0.32913,-1.3226,1.3873,16.102,-18.178,-2.2912,7.7609,15.277,-25.053
-0.90357,0.5081,2.4033,0.20294,-1.4295,1.0628,16.127,-18.417,-2.3652,7.6352,14.844,-27.433
-1.3169,0.048432,2.355,0.68067,-1.6261,0.82833,16.209,-18.619,-2.3425,7.4953,14.59,-29.793
-1.7309,-0.35576,2.4897,1.113,-1.9336,0.68329,16.382,-18.733,-2.2184,7.3709,14.513,-32.064
-2.1448,-0.71832,2.7829,1.5051,-2.3304,0.60678,16.678,-18.695,-2.0009,7.2932,14.621,-34.18
-2.5384,-1.0556,3.1507,1.8581,-2.7548,0.56135,17.12,-18.455,-1.7092,7.2883,14.919,-36.087
-2.883,-1.3826,3.4676,2.1705,-3.1236,0.50278,17.714,-17.998,-1.3708,7.3736,15.38,-37.752
-3.1525,-1.7087,3.6091,2.4391,-3.3571,0.39255,18.443,-17.359,-1.017,7.5545,15.931,-39.168
-3.3293,-2.0364,3.4954,2.6598,-3.4017,0.20739,19.272,-16.612,-0.67703,7.8256,16.469,-40.336
-3.4048,-2.3618,3.11,2.8285,-3.2403,-0.057741,20.159,-15.847,-0.37286,8.171,16.883,-41.263
-3.3817,-2.6774,2.4871,2.9427,-2.8907,-0.39201,21.066,-15.147,-0.11696,8.5646,17.071,-41.956
-3.2757,-2.9735,1.6939,3.0023,-2.3998,-0.77267,21.964,-14.568,0.087633,8.9734,16.96,-42.425
-3.1127,-3.2369,0.81816,3.0088,-1.834,-1.1674,22.841,-14.134,0.24463,9.3643,16.517,-42.693
-2.9175,-3.4489,-0.041165,2.9619,-1.2643,-1.5354,23.683,-13.843,0.3609,9.7118,15.742,-42.796
-2.7045,-3.5839,-0.78954,2.858,-0.7497,-1.8307,24.478,-13.673,0.44422,9.9994,14.657,-42.782
-2.4757,-3.6141,-1.354,2.6905,-0.32851,-2.0101,25.211,-13.594,0.50364,10.213,13.26,-42.707
-2.2255,-3.5161,-1.6962,2.4533,-0.014218,-2.0418,25.879,-13.569,0.55114,10.333,11.518,-42.621
-1.947,-3.2783,-1.8156,2.1443,0.2037,-1.912,26.494,-13.564,0.60216,10.33,9.4016,-42.55
-1.6369,-2.904,-1.7418,1.7686,0.35178,-1.6268,27.092,-13.542,0.67366,10.176,6.9267,-42.489
-1.2977,-2.412,-1.5188,1.3395,0.45955,-1.2095,27.721,-13.467,0.78042,9.851,4.1745,-42.407
-0.93917,-1.8337,-1.19,0.87834,0.54768,-0.69496,28.42,-13.309,0.93188,9.3519,1.2703,-42.26
-0.57592,-1.2085,-0.79118,0.41089,0.62367,-0.12311,29.201,-13.053,1.131,8.699,-1.6459,-42.011
-0.22458,-0.57873,-0.35314,-0.036196,0.68685,0.46467,30.041,-12.704,1.3758,7.9313,-4.4512,-41.655
0.10026,0.014554,0.091392,-0.43983,0.73686,1.0268,30.884,-12.295,1.6597,7.0989,-7.0534,-41.227
0.38909,0.53691,0.5009,-0.78376,0.77885,1.5229,31.65,-11.876,1.9727,6.2554,-9.3879,-40.799
0.63895,0.96264,0.82109,-1.0595,0.82282,1.9139,32.258,-11.495,2.3044,5.4511,-11.41,-40.455
0.85241,1.2737,0.98854,-1.265,0.88226,2.1641,32.65,-11.18,2.6467,4.7312,-13.099,-40.258
1.0341,1.4577,0.94674,-1.4013,0.97171,2.2469,32.811,-10.928,2.9982,4.1345,-14.466,-40.218
1.1872,1.5086,0.6697,-1.4707,1.1031,2.1505,32.763,-10.704,3.3634,3.6966,-15.535,-40.297
1.3115,1.4315,0.17636,-1.4764,1.2808,1.8849,32.545,-10.458,3.7478,3.448,-16.327,-40.426
1.4051,1.2477,-0.47457,-1.4246,1.4966,1.4867,32.2,-10.138,4.1517,3.408,-16.864,-40.53
1.4669,0.99595,-1.1965,-1.3275,1.7279,1.018,31.769,-9.7046,4.5646,3.5775,-17.176,-40.539
1.4989,0.72923,-1.8862,-1.2064,1.9409,0.55828,31.285,-9.1437,4.965,3.9346,-17.301,-40.398
1.5077,0.50663,-2.439,-1.0903,2.0993,0.18947,30.771,-8.4625,5.3253,4.4363,-17.269,-40.062
1.5023,0.38163,-2.769,-1.0104,2.1747,-0.020922,30.235,-7.684,5.6196,5.0239,-17.114,-39.496
1.4923,0.39136,-2.8274,-0.99283,2.1541,-0.032692,29.654,-6.8369,5.8328,5.6339,-16.874,-38.679
1.4852,0.55124,-2.6113,-1.053,2.0414,0.16223,28.978,-5.9489,5.9628,6.2112,-16.591,-37.615
1.4847,0.85621,-2.1579,-1.1938,1.8523,0.54364,28.139,-5.0436,6.0169,6.7183,-16.305,-36.343
1.4882,1.2861,-1.5284,-1.4062,1.6063,1.073,27.072,-4.1395,6.0055,7.1323,-16.043,-34.924
1.4865,1.8117,-0.7872,-1.6714,1.3192,1.7054,25.746,-3.2499,5.9388,7.4328,-15.82,-33.421
1.4637,2.4,0.014583,-1.9626,0.99896,2.4002,24.185,-2.3826,5.8269,7.5943,-15.637,-31.876
1.4003,3.0194,0.84721,-2.25,0.64732,3.1283,22.46,-1.5374,5.6817,7.587,-15.488,-30.298
1.2785,3.6441,1.7032,-2.5072,0.26355,3.873,20.66,-0.70747,5.5169,7.385,-15.366,-28.668
1.0882,4.2559,2.5915,-2.7157,-0.15326,4.6277,18.859,0.1182,5.3434,6.9743,-15.268,-26.955
0.82647,4.8424,3.5236,-2.8648,-0.60677,5.3885,17.102,0.94915,5.166,6.3573,-15.202,-25.13
0.49263,5.3912,4.4978,-2.9466,-1.1102,6.1488,15.404,1.7903,4.9808,5.5535,-15.181,-23.17
0.080973,5.8854,5.4986,-2.9509,-1.6893,6.897,13.755,2.6421,4.7781,4.5981,-15.214,-21.071
-0.42227,6.3025,6.5178,-2.8638,-2.3766,7.6182,12.132,3.5031,4.5484,3.5395,-15.297,-18.852
-1.0371,6.6182,7.5756,-2.6692,-3.2016,8.2955,10.507,4.3728,4.2883,2.4341,-15.412,-16.559
-1.7843,6.8106,8.7101,-2.3533,-4.1836,8.9088,8.8536,5.2528,4.0045,1.3375,-15.527,-14.254
-2.6774,6.8655,9.9408,-1.9086,-5.3246,9.4336,7.1603,6.1453,3.7136,0.29481,-15.614,-11.996
-3.7163,6.7796,11.231,-1.3355,-6.6046,9.8433,5.4301,7.0516,3.4389,-0.66443,-15.656,-9.8228
-4.8838,6.5589,12.48,-0.64207,-7.9791,10.124,3.6789,7.9709,3.2051,-1.5218,-15.651,-7.7383
-6.145,6.2127,13.557,0.15813,-9.3779,10.293,1.9293,8.9014,3.0323,-2.2625,-15.603,-5.7199
-7.4487,5.745,14.385,1.0471,-10.711,10.391,0.20401,9.8405,2.9314,-2.8717,-15.511,-3.7223
-8.7297,5.1515,14.985,2.0014,-11.887,10.434,-1.4818,10.784,2.903,-3.3371,-15.362,-1.6826
-9.917,4.4226,15.438,2.9919,-12.837,10.385,-3.1227,11.725,2.9397,-3.6497,-15.135,0.47283
-10.952,3.5501,15.778,3.9873,-13.521,10.159,-4.7194,12.663,3.0302,-3.8054,-14.809,2.8211
-11.808,2.5315,15.933,4.9625,-13.925,9.6659,-6.2689,13.601,3.1661,-3.8072,-14.371,5.4343
-12.487,1.3694,15.778,5.9039,-14.048,8.8441,-7.759,14.553,3.3463,-3.671,-13.816,8.3695
-12.999,0.06832,15.185,6.8072,-13.899,7.6698,-9.172,15.538,3.5793,-3.4288,-13.148,11.656
-13.333,-1.3661,14.043,7.6695,-13.487,6.1542,-10.5,16.577,3.8797,-3.1262,-12.378,15.287
-13.453,-2.924,12.263,8.4812,-12.824,4.3345,-11.762,17.681,4.2616,-2.8129,-11.518,19.211
-13.317,-4.5839,9.8435,9.2227,-11.918,2.2672,-13.006,18.856,4.734,-2.5294,-10.585,23.337
-12.899,-6.3043,6.9516,9.8666,-10.779,0.033954,-14.308,20.102,5.3017,-2.2979,-9.5894,27.535
-12.208,-8.0204,3.8981,10.38,-9.404,-2.2475,-15.748,21.437,5.9734,-2.1186,-8.5304,31.657
-11.285,-9.6477,0.93893,10.726,-7.7728,-4.4409,-17.388,22.909,6.7727,-1.9741,-7.3952,35.583
-10.183,-11.093,-1.8317,10.866,-5.8793,-6.4394,-19.255,24.603,7.7486,-1.8366,-6.1722,39.246
-8.9481,-12.265,-4.417,10.769,-3.7637,-8.1844,-21.318,26.631,8.9827,-1.675,-4.8656,42.637
-7.6151,-13.085,-6.8369,10.42,-1.4974,-9.6383,-23.488,29.104,10.59,-1.4606,-3.5015,45.794
-6.205,-13.506,-9.074,9.825,0.84695,-10.778,-25.642,32.088,12.698,-1.1689,-2.1154,48.784
-4.7312,-13.526,-11.049,9.0089,3.2063,-11.623,-27.657,35.548,15.382,-0.77959,-0.72952,51.694
-3.192,-13.178,-12.674,8.0016,5.5169,-12.215,-29.44,39.34,18.571,-0.27566,0.66537,54.605
-1.5496,-12.505,-13.923,6.8343,7.7132,-12.556,-30.966,43.258,22.074,0.3476,2.1174,57.557
0.27832,-11.54,-14.815,5.5264,9.7472,-12.601,-32.291,47.129,25.689,1.075,3.7084,60.519
2.39,-10.291,-15.357,4.0605,11.604,-12.291,-33.545,50.832,29.259,1.8658,5.5306,63.383
4.8435,-8.7577,-15.55,2.3998,13.293,-11.618,-34.898,54.28,32.716,2.658,7.6338,66.014
7.5907,-6.9878,-15.434,0.56939,14.838,-10.64,-36.503,57.403,36.055,3.3862,9.9662,68.314
10.455,-5.0872,-15.129,-1.318,16.268,-9.4696,-38.447,60.147,39.225,4.0038,12.388,70.259
13.217,-3.1747,-14.844,-3.1312,17.619,-8.2347,-40.728,62.484,42.111,4.4914,14.764,71.88
15.731,-1.348,-14.819,-4.7793,18.924,-7.0416,-43.278,64.389,44.702,4.8367,17.026,73.221
17.937,0.31392,-15.162,-6.2058,20.202,-5.9491,-46.011,65.823,47.299,5.013,19.154,74.305
19.795,1.7452,-15.682,-7.3542,21.442,-4.9689,-48.858,66.714,50.524,4.9839,21.105,75.111
21.235,2.8594,-16.1,-8.1515,22.598,-4.143,-51.77,66.961,54.65,4.7163,22.791,75.56
22.161,3.4661,-16.526,-8.526,23.618,-3.6763,-54.709,66.446,58.433,4.1849,24.108,75.523
22.493,3.2704,-17.416,-8.4439,24.469,-3.8974,-57.619,65.065,59.88,3.3579,24.962,74.847
22.22,2.099,-19.06,-7.9241,25.153,-5.0081,-60.427,62.759,58.387,2.1888,25.267,73.406
21.458,0.08875,-21.427,-7.0121,25.693,-6.9186,-63.044,59.532,54.584,0.6241,24.955,71.191
20.457,-2.4521,-24.261,-5.7575,26.112,-9.3159,-65.392,55.443,49.486,-1.385,23.997,68.355
19.486,-5.2394,-27.179,-4.2489,26.398,-11.821,-67.437,50.582,44.069,-3.8844,22.432,65.156
18.588,-8.0442,-29.796,-2.6175,26.484,-14.149,-69.2,45.082,38.89,-6.9146,20.379,61.806
17.495,-10.709,-31.839,-0.92374,26.282,-16.155,-70.751,39.135,34.042,-10.425,18.011,58.402
15.916,-13.131,-33.148,0.85181,25.729,-17.742,-72.183,32.946,29.393,-14.163,15.502,54.955
13.774,-15.199,-33.646,2.6722,24.809,-18.826,-73.589,26.67,24.815,-17.778,12.986,51.434
11.156,-16.845,-33.327,4.4121,23.524,-19.376,-75.027,20.438,20.287,-21.071,10.505,47.789
8.2721,-18.13,-32.227,5.9605,21.856,-19.463,-76.498,14.441,15.857,-24.06,8.0388,43.973
5.4086,-19.184,-30.413,7.3143,19.775,-19.228,-77.94,8.9535,11.566,-26.902,5.5875,39.97
2.7855,-20.075,-28.044,8.5593,17.294,-18.815,-79.247,4.2105,7.5444,-29.803,3.2437,35.822
0.45034,-20.803,-25.329,9.7907,14.493,-18.322,-80.313,0.23475,4.165,-32.869,1.1177,31.655
-1.6699,-21.376,-22.371,11.06,11.494,-17.802,-81.07,-3.1568,1.693,-35.981,-0.78009,27.672
-3.6699,-21.824,-19.228,12.377,8.4316,-17.272,-81.515,-6.2004,-0.14587,-38.907,-2.5326,24.072
-5.6159,-22.178,-16.08,13.73,5.4531,-16.727,-81.713,-9.0751,-1.702,-41.465,-4.2212,20.951
-7.5401,-22.459,-13.169,15.088,2.7123,-16.155,-81.774,-11.874,-3.1152,-43.589,-5.8705,18.295
-9.4502,-22.694,-10.675,16.409,0.34984,-15.56,-81.816,-14.611,-4.4331,-45.306,-7.4518,16.035
-11.334,-22.912,-8.681,17.649,-1.5525,-14.97,-81.929,-17.243,-5.6913,-46.682,-8.9102,14.1
-13.155,-23.14,-7.1664,18.776,-3.0157,-14.424,-82.16,-19.697,-6.9227,-47.785,-10.186,12.437
-14.857,-23.391,-6.0444,19.778,-4.1418,-13.961,-82.51,-21.9,-8.1522,-48.662,-11.225,11.008
-16.383,-23.668,-5.2287,20.661,-5.0343,-13.603,-82.952,-23.803,-9.3895,-49.346,-11.995,9.783
-17.691,-23.956,-4.6615,21.429,-5.7514,-13.359,-83.443,-25.392,-10.628,-49.853,-12.482,8.7313
-18.754,-24.234,-4.3052,22.078,-6.3138,-13.22,-83.939,-26.685,-11.849,-50.188,-12.7,7.8248
-19.548,-24.474,-4.1253,22.585,-6.7274,-13.164,-84.398,-27.724,-13.038,-50.344,-12.68,7.0425
-20.058,-24.644,-4.0781,22.921,-6.9964,-13.158,-84.789,-28.565,-14.193,-50.303,-12.457,6.3747
-20.279,-24.708,-4.1111,23.054,-7.1277,-13.163,-85.093,-29.279,-15.322,-50.047,-12.067,5.8226
-20.217,-24.627,-4.1761,22.964,-7.1262,-13.14,-85.302,-29.942,-16.442,-49.557,-11.529,5.393
-19.885,-24.37,-4.2439,22.637,-6.9908,-13.063,-85.424,-30.633,-17.558,-48.823,-10.854,5.0921
-19.302,-23.924,-4.3081,22.081,-6.7175,-12.923,-85.465,-31.41,-18.658,-47.85,-10.046,4.9196
-18.501,-23.303,-4.3786,21.323,-6.3099,-12.726,-85.42,-32.288,-19.716,-46.667,-9.1174,4.8652
-17.526,-22.551,-4.4711,20.411,-5.7872,-12.491,-85.259,-33.213,-20.702,-45.315,-8.098,4.9077
-16.425,-21.742,-4.6007,19.409,-5.1813,-12.25,-84.909,-34.046,-21.588,-43.839,-7.0393,5.0178
-15.242,-20.979,-4.7803,18.39,-4.5279,-12.047,-84.25,-34.538,-22.339,-42.265,-6.0052,5.1599
-14.014,-20.38,-5.0136,17.428,-3.8597,-11.934,-83.087,-34.348,-22.903,-40.61,-5.0587,5.2952
-12.776,-20.043,-5.2831,16.586,-3.204,-11.954,-81.115,-33.109,-23.204,-38.878,-4.2495,5.3847
-11.568,-20.005,-5.5495,15.9,-2.5815,-12.108,-77.923,-30.551,-23.128,-37.067,-3.6037,5.3966
-10.429,-20.203,-5.7582,15.369,-2.0022,-12.315,-73.332,-27.126,-22.541,-35.145,-3.1149,5.3168
-9.3858,-20.453,-5.7617,14.943,-1.4517,-12.406,-68.268,-29.593,-21.451,-33.007,-2.7344,5.1616
-8.4425,-20.558,-5.4391,14.512,-0.88167,-12.296,-65.739,-36.783,-20.835,-30.462,-2.3587,4.9881
-7.5737,-20.452,-5.4163,13.893,-0.22442,-12.243,-71.673,-38.733,-23.788,-27.307,-1.8249,4.9071
-6.7317,-19.954,-6.4076,12.877,0.55595,-12.539,-77.658,-39.045,-26.069,-24.374,-0.93656,5.1159
-5.8666,-18.41,-7.6176,11.477,1.4092,-12.567,-74.279,-35.883,-26.842,-27.734,0.52359,5.9958
-5.0047,-18.107,-8.7984,11.842,2.22,-12.379,-66.636,-26.959,-27.074,-29.309,1.1218,8.4025
-5.0001,-24.237,-16.891,16.843,2.9176,-18.67,-55.719,-10.513,-25.931,-30.077,-2.9183,5.7068
-8.29,-32.613,-27.367,20.197,3.6741,-27.57,-40.822,14.603,-21.916,-30.114,-5.68,-5.2063
-9.2719,-42.135,-37.935,23.475,6.325,-37.905,-19.93,49.309,-13.293,-28.669,-8.0907,-10.853
-7.7183,-50.305,-46.633,25.768,18.509,-46.832,9.0218,92.392,1.1941,-24.702,-9.4533,-15.555
-4.9541,-53.76,-51.137,25.428,23.548,-51.092,44.809,141.42,22.022,-16.554,-7.7604,-17.523
-0.59159,-49.089,-49.029,20.533,23.659,-47.776,84.226,191.96,49.383,-1.9148,-0.49065,-14.539
5.9996,-33.33,-38.214,9.4239,20.763,-34.75,123.17,238.76,83.518,21.834,15.262,-4.0301
15.594,-4.2689,-17.685,-9.1911,16.045,-10.63,157.06,277.98,124.46,57.156,42.671,17.145
29.459,39.505,11.771,-36.531,10.61,25.142,180.9,307.64,171.82,105.59,84.45,52.179
48.855,98.55,49.241,-74.402,2.9833,72.671,190.06,326.44,225.49,167.23,141.88,103.0
73.241,172.51,94.084,-123.64,-6.8262,132.6,181.33,334.24,284.69,241.14,215.2,169.91
100.78,260.1,155.95,-181.22,-23.122,205.85,153.14,330.18,347.46,325.8,304.25,253.03
130.38,360.36,224.99,-246.06,-45.755,291.46,95.782,296.25,411.93,419.71,407.51,347.42
162.99,469.69,303.65,-315.1,-70.145,386.39,0.64205,254.41,476.51,520.21,519.21,450.07
191.25,585.08,391.09,-386.06,-99.858,487.93,-104.01,208.52,540.17,624.78,634.31,557.15
214.1,700.53,483.53,-454.94,-134.48,590.94,-221.11,156.29,601.25,728.69,746.43,663.16
230.64,806.21,572.95,-516.12,-170.79,686.98,-342.86,98.024,654.86,823.47,847.21,759.1
240.05,888.12,646.41,-562.23,-202.77,763.29,-459.77,34.858,691.56,895.92,924.92,832.6
241.9,929.93,687.83,-584.73,-222.62,804.0,-562.56,-30.701,699.06,929.31,964.56,869.86
235.54,917.08,682.86,-575.8,-223.46,794.99,-643.51,-98.413,664.67,907.41,951.02,858.68
219.76,842.67,625.46,-531.25,-202.87,730.12,-697.2,-169.81,580.14,821.02,875.08,792.43
193.14,712.33,522.6,-453.19,-164.97,615.23,-720.54,-245.64,447.41,673.93,739.39,674.47
155.42,545.04,393.53,-351.02,-119.43,468.36,-713.07,-323.1,281.24,484.96,560.71,519.71
109.12,368.1,263.19,-239.69,-77.426,315.25,-677.58,-394.57,106.27,283.68,366.53,351.45
59.897,208.73,153.25,-135.69,-45.8,180.56,-620.26,-449.24,-50.361,101.58,186.88,194.53
15.111,86.242,75.562,-52.54,-28.518,80.164,-549.32,-477.04,-167.39,-37.414,45.336,68.213
-18.642,8.2319,31.04,2.5343,-24.882,18.416,-472.83,-473.06,-234.98,-122.64,-46.912,-19.063
-37.525,-29.244,12.901,29.914,-24.885,-9.8336,-396.92,-440.24,-255.43,-156.88,-91.211,-58.142
-42.307,-37.247,11.42,36.143,-25.355,-14.643,-325.36,-387.88,-239.88,-152.15,-97.654,-65.283
-38.172,-28.124,17.565,29.847,-25.631,-6.5129,-260.63,-327.04,-203.18,-123.85,-79.704,-61.121
-30.69,-12.066,26.092,18.362,-25.696,6.3727,-204.67,-266.69,-159.21,-86.287,-50.664,-53.293
-23.305,3.8816,34.439,6.7723,-25.659,18.661,-157.39,-212.45,-118.02,-50.78,-23.447,-46.204
-17.498,15.736,40.389,-2.0102,-25.753,27.422,-117.52,-166.71,-85.078,-23.95,-5.7859,-41.612
-13.577,22.126,43.326,-6.8891,-25.156,31.546,-84.905,-129.58,-61.997,-7.3828,3.014,-39.457
-11.904,23.603,43.216,-8.1461,-21.045,31.434,-59.614,-100.01,-47.933,0.43308,5.5446,-39.245
-12.582,4.7663,27.706,3.6592,-18.499,12.862,-40.739,-76.132,-40.809,2.3609,2.9366,-46.53
-12.905,0.78605,20.122,5.1243,-16.958,7.8367,-26.782,-56.895,-38.207,1.2502,-2.0024,-52.621
-12.301,-0.069052,16.935,5.178,-15.659,6.1705,-14.91,-41.788,-37.961,0.47584,-5.4598,-54.425
-11.1,-0.68247,14.537,4.8193,-14.274,4.6862,-1.8436,-31.467,-38.406,-0.7044,-7.5258,-55.175
-9.8419,-1.2031,12.56,4.4324,-12.752,3.359,9.2417,-26.356,-39.668,-2.6256,-5.2912,-55.719
-8.8123,-1.7698,10.823,4.2018,-11.209,2.2209,15.721,-26.004,-41.022,-2.8201,-3.6685,-56.437
-8.0308,-2.359,9.2575,4.1157,-9.784,1.275,15.162,-32.01,-40.93,-1.2136,-3.3904,-57.454
-7.4279,-2.8815,7.9863,4.0887,-8.5562,0.53212,16.322,-35.562,-38.439,-0.43701,-3.7933,-58.717
-6.9356,-3.2952,7.0667,4.0607,-7.5463,-0.0055471,20.768,-30.812,-37.192,-0.27789,-4.5136,-60.078
-6.5046,-3.6026,6.4124,4.0095,-6.7489,-0.39325,25.669,-26.671,-37.321,-0.55014,-5.3636,-61.41
-6.1001,-3.818,5.9165,3.9249,-6.1479,-0.69845,30.652,-23.7,-38.024,-1.1053,-6.2534,-62.661
-5.6992,-3.9451,5.5106,3.7992,-5.7139,-0.95341,35.745,-21.522,-39.045,-1.8376,-7.1199,-63.808
-5.2886,-3.9816,5.1569,3.6312,-5.4016,-1.1633,40.917,-19.834,-40.527,-2.6744,-7.8975,-64.834
-4.8613,-3.9305,4.8478,3.4269,-5.1571,-1.324,46.036,-18.399,-42.751,-3.5619,-8.5364,-65.709
-4.4136,-3.8043,4.5893,3.1964,-4.9312,-1.4325,50.909,-17.026,-45.759,-4.4577,-9.0227,-66.409
-3.9473,-3.6246,4.3748,2.952,-4.6873,-1.4936,55.349,-15.576,-49.127,-5.3268,-9.3721,-66.922
-3.4733,-3.4184,4.1753,2.7069,-4.4058,-1.5237,59.239,-13.968,-52.039,-6.1393,-9.6096,-67.246
-3.0111,-3.2127,3.9504,2.4736,-4.084,-1.5483,62.556,-12.184,-53.558,-6.8677,-9.7528,-67.391
-2.5843,-3.0294,3.6709,2.2613,-3.7336,-1.5952,65.35,-10.254,-52.942,-7.4839,-9.8043,-67.369
-2.2133,-2.8808,3.3319,2.0745,-3.3748,-1.686,67.705,-8.231,-49.903,-7.9594,-9.7536,-67.198
-1.9089,-2.767,2.9486,1.912,-3.0311,-1.8279,69.711,-6.1617,-44.721,-8.2676,-9.5836,-66.885
-1.6691,-2.6724,2.5509,1.7647,-2.7259,-2.0079,71.441,-4.0753,-38.095,-8.3862,-9.2786,-66.423
-1.4814,-2.5669,2.1885,1.6161,-2.4813,-2.1914,72.943,-1.9775,-30.819,-8.2994,-8.8299,-65.792
-1.3281,-2.4128,1.9352,1.4462,-2.3177,-2.3276,74.248,0.1449,-23.561,-8.0024,-8.2387,-64.974
-1.191,-2.1743,1.8739,1.2377,-2.2503,-2.3596,75.375,2.3157,-16.912,-7.5058,-7.517,-63.965
-1.0526,-1.8257,2.069,0.9791,-2.284,-2.2374,76.349,4.559,-11.539,-6.8365,-6.6887,-62.777
-0.89547,-1.3549,2.5417,0.66517,-2.4071,-1.9309,77.199,6.8895,-8.09,-6.0344,-5.7908,-61.438
-0.70252,-0.76394,3.2566,0.29353,-2.5894,-1.4402,77.952,9.307,-6.5752,-5.146,-4.8708,-59.989
-0.4589,-0.06885,4.1184,-0.13676,-2.7854,-0.80051,78.629,11.794,-5.8114,-4.2176,-3.9799,-58.473
-0.15496,0.70099,4.9906,-0.62349,-2.9432,-0.075917,79.235,14.317,-4.6601,-3.2872,-3.1633,-56.927
0.21205,1.5072,5.7363,-1.159,-3.0158,0.65574,79.76,16.832,-3.1968,-2.3796,-2.4549,-55.376
0.63888,2.3089,6.26,-1.7302,-2.9713,1.3228,80.189,19.287,-1.8139,-1.5062,-1.8745,-53.835
1.1187,3.067,6.5249,-2.3201,-2.8003,1.8746,80.505,21.641,-0.67209,-0.66867,-1.4316,-52.304
1.6427,3.7484,6.5472,-2.9098,-2.5186,2.2884,80.701,23.875,0.20537,0.13544,-1.1295,-50.769
2.1997,4.3326,6.3837,-3.4811,-2.1639,2.5709,80.778,25.992,0.84843,0.90737,-0.96932,-49.203
2.7732,4.8191,6.1203,-4.0186,-1.7853,2.7553,80.751,28.011,1.3066,1.6433,-0.95063,-47.57
3.34,5.224,5.8519,-4.5093,-1.4289,2.8889,80.64,29.954,1.6329,2.3328,-1.071,-45.843
3.8713,5.5654,5.651,-4.9408,-1.1249,3.012,80.462,31.831,1.8761,2.9616,-1.3263,-44.02
4.3388,5.8513,5.5432,-5.3027,-0.88285,3.1412,80.224,33.633,2.0762,3.5172,-1.7107,-42.136
4.7236,6.0781,5.5052,-5.5879,-0.69334,3.2654,79.917,35.344,2.2615,3.9952,-2.2187,-40.256
5.021,6.2342,5.4803,-5.7952,-0.53492,3.3534,79.527,36.946,2.4459,4.3992,-2.8462,-38.463
5.2373,6.3054,5.4055,-5.9277,-0.38512,3.3708,79.037,38.435,2.6313,4.7368,-3.5901,-36.828
5.3825,6.2821,5.2383,-5.992,-0.23276,3.2952,78.441,39.822,2.8121,5.0139,-4.4422,-35.393
5.4661,6.1662,4.9732,-5.998,-0.08418,3.1254,77.749,41.127,2.9793,5.2316,-5.3815,-34.16
5.4974,5.9732,4.6414,-5.9595,0.040183,2.8824,76.975,42.365,3.1215,5.3878,-6.3706,-33.094
5.4881,5.73,4.2989,-5.8944,0.11575,2.6031,76.133,43.536,3.2253,5.4819,-7.3603,-32.147
5.4544,5.4699,4.0062,-5.8231,0.12565,2.3304,75.225,44.622,3.2767,5.5179,-8.2981,-31.275
5.4174,5.2262,3.8069,-5.7665,0.070856,2.1009,74.236,45.6,3.266,5.5053,-9.1348,-30.444
5.4033,5.0264,3.7106,-5.7437,-0.024441,1.9356,73.14,46.445,3.1944,5.457,-9.8285,-29.632
5.4437,4.8878,3.6869,-5.771,-0.11543,1.8353,71.918,47.138,3.0765,5.3848,-10.349,-28.811
5.5737,4.8168,3.6748,-5.862,-0.14679,1.7831,70.568,47.664,2.9395,5.2962,-10.681,-27.948
5.8288,4.8112,3.604,-6.0278,-0.0665,1.7514,69.123,48.014,2.816,5.1931,-10.828,-27.008
6.2389,4.8647,3.4209,-6.2768,0.16185,1.7127,67.649,48.177,2.734,5.0744,-10.798,-25.965
6.8207,4.9714,3.1059,-6.6131,0.55194,1.6482,66.228,48.145,2.7083,4.9421,-10.6,-24.817
7.5707,5.1261,2.6759,-7.033,1.0937,1.5507,64.935,47.915,2.7384,4.8059,-10.236,-23.586
8.4608,5.322,2.1671,-7.5214,1.7578,1.4209,63.817,47.502,2.8135,4.686,-9.7024,-22.319
9.4408,5.5481,1.6135,-8.0521,2.5038,1.2607,62.882,46.937,2.9212,4.61,-8.9928,-21.067
10.453,5.7882,1.0313,-8.5943,3.2906,1.0684,62.113,46.266,3.0547,4.6057,-8.1084,-19.873
11.453,6.0234,0.41945,-9.1242,4.0857,0.83882,61.479,45.535,3.2147,4.6937,-7.0636,-18.76
12.431,6.2357,-0.23156,-9.6328,4.8729,0.56577,60.949,44.773,3.4071,4.8821,-5.8887,-17.73
13.415,6.4122,-0.92818,-10.126,5.6541,0.24735,60.492,43.974,3.6377,5.1683,-4.6248,-16.774
14.457,6.5488,-1.6643,-10.618,6.4426,-0.10996,60.073,43.085,3.9088,5.5442,-3.3129,-15.881
15.616,6.653,-2.4159,-11.134,7.2508,-0.48905,59.648,42.013,4.2159,6.0016,-1.9858,-15.055
16.945,6.7445,-3.1431,-11.707,8.087,-0.86279,59.166,40.638,4.5475,6.5353,-0.66663,-14.319
18.477,6.8538,-3.7995,-12.385,8.9639,-1.1977,58.57,38.851,4.8854,7.1428,0.6275,-13.709
20.198,7.0161,-4.3459,-13.225,9.9058,-1.4602,57.814,36.587,5.2102,7.8221,1.8824,-13.262
22.026,7.262,-4.7616,-14.275,10.934,-1.6234,56.875,33.868,5.5085,8.5677,3.0862,-13.005
23.833,7.6074,-5.0503,-15.525,12.033,-1.6733,55.768,30.81,5.7775,9.3689,4.2306,-12.949
25.521,8.0492,-5.2396,-16.886,13.147,-1.6099,54.547,27.598,6.0235,10.211,5.3103,-13.084
27.068,8.5702,-5.3744,-18.25,14.233,-1.446,53.278,24.395,6.2555,11.079,6.3217,-13.389
28.504,9.1502,-5.5065,-19.562,15.308,-1.2025,52.017,21.297,6.479,11.962,7.2668,-13.834
29.888,9.7746,-5.6811,-20.846,16.421,-0.90573,50.784,18.324,6.6913,12.861,8.1616,-14.389
31.294,10.432,-5.926,-22.166,17.604,-0.58411,49.558,15.465,6.8812,13.792,9.0422,-15.027
32.792,11.106,-6.2474,-23.588,18.848,-0.26615,48.283,12.709,7.0337,14.79,9.9632,-15.725
34.41,11.772,-6.6329,-25.157,20.103,0.021086,46.893,10.059,7.1381,15.904,10.983,-16.459
36.091,12.396,-7.0584,-26.855,21.309,0.25259,45.333,7.5341,7.1966,17.195,12.14,-17.2
37.698,12.939,-7.4947,-28.568,22.428,0.40576,43.57,5.1569,7.2276,18.722,13.427,-17.914
39.072,13.371,-7.9137,-30.1,23.453,0.46223,41.597,2.9556,7.2622,20.514,14.793,-18.554
40.106,13.67,-8.2949,-31.241,24.385,0.4115,39.427,0.96345,7.3381,22.533,16.173,-19.071
40.78,13.837,-8.6324,-31.877,25.2,0.25443,37.1,-0.78364,7.4918,24.681,17.534,-19.412
41.143,13.897,-8.9407,-32.071,25.873,0.0043003,34.679,-2.2558,7.7559,26.864,18.887,-19.53
41.3,13.899,-9.2559,-32.055,26.415,-0.31507,32.246,-3.4375,8.1588,29.049,20.27,-19.377
41.399,13.921,-9.6293,-32.124,26.876,-0.67254,29.889,-4.3245,8.7271,31.255,21.72,-18.909
41.645,14.057,-10.114,-32.487,27.328,-1.0329,27.676,-4.9137,9.4875,33.511,23.253,-18.101
42.282,14.41,-10.746,-33.194,27.854,-1.3596,25.641,-5.194,10.467,35.82,24.85,-16.959
43.509,15.095,-11.529,-34.203,28.555,-1.6177,23.786,-5.1467,11.686,38.163,26.467,-15.525
45.399,16.238,-12.427,-35.5,29.54,-1.7764,22.086,-4.7532,13.154,40.511,28.064,-13.87
47.906,17.923,-13.383,-37.124,30.898,-1.8089,20.5,-4.0049,14.848,42.839,29.644,-12.063
50.906,20.068,-14.34,-39.117,32.674,-1.6919,18.983,-2.9102,16.718,45.128,31.289,-10.151
54.254,22.452,-15.252,-41.491,34.838,-1.4053,17.493,-1.4953,18.701,47.367,33.181,-8.1405
57.826,24.996,-16.082,-44.233,37.264,-0.93385,15.998,0.20329,20.741,49.557,35.528,-5.9924
61.534,27.839,-16.795,-47.322,39.752,-0.26807,14.472,2.151,22.811,51.723,38.358,-3.622
65.305,31.136,-17.366,-50.737,42.129,0.59392,12.9,4.3268,24.904,53.915,41.432,-0.89583
69.055,34.906,-17.781,-54.436,44.34,1.6448,11.266,6.7262,27.027,56.193,44.486,2.3725
72.723,39.016,-18.046,-58.338,46.452,2.8664,9.5586,9.3538,29.188,58.611,47.449,6.3903
76.342,43.262,-18.19,-62.329,48.558,4.2283,7.7676,12.213,31.388,61.195,50.465,11.269
80.035,47.499,-18.256,-66.318,50.683,5.6875,5.8871,15.299,33.627,63.933,53.829,16.895
83.924,51.685,-18.283,-70.276,52.74,7.1897,3.9176,18.597,35.905,66.764,57.801,23.0
88.017,55.837,-18.306,-74.21,54.61,8.6751,1.8661,22.081,38.22,69.602,62.444,29.383
92.176,59.969,-18.353,-78.108,56.232,10.087,-0.25674,25.712,40.558,72.374,67.646,35.976
96.205,64.067,-18.447,-81.912,57.628,11.379,-2.4423,29.43,42.893,75.051,73.279,42.753
99.96,68.088,-18.593,-85.522,58.855,12.534,-4.6906,33.155,45.191,77.652,79.256,49.66
103.38,71.929,-18.758,-88.837,59.96,13.565,-7.0162,36.794,47.421,80.222,85.497,56.561
106.44,75.403,-18.874,-91.796,60.963,14.522,-9.4518,40.255,49.554,82.811,91.886,63.2
109.15,78.295,-18.861,-94.416,61.879,15.485,-12.047,43.473,51.573,85.462,98.252,69.319
111.53,80.54,-18.674,-96.784,62.729,16.562,-14.861,46.411,53.472,88.201,104.41,74.872
113.59,82.342,-18.319,-98.995,63.54,17.872,-17.942,49.054,55.255,91.017,110.21,80.096
115.32,84.052,-17.851,-101.08,64.324,19.476,-21.303,51.392,56.934,93.857,115.6,85.401
116.75,85.9,-17.33,-102.99,65.066,21.287,-24.896,53.408,58.524,96.625,120.61,91.187
117.9,87.906,-16.779,-104.72,65.717,23.12,-28.617,55.066,60.034,99.226,125.28,97.623
118.8,90.014,-16.177,-106.26,66.207,24.912,-32.335,56.321,61.461,101.6,129.64,104.49
119.5,92.191,-15.462,-107.65,66.458,26.779,-35.942,57.138,62.786,103.75,133.63,111.31
120.02,94.439,-14.562,-108.93,66.397,28.869,-39.379,57.5,63.972,105.7,137.17,117.59
120.39,96.767,-13.407,-110.12,65.973,31.266,-42.636,57.423,64.976,107.52,140.18,123.11
120.62,99.184,-11.954,-111.24,65.165,33.993,-45.732,56.953,65.761,109.24,142.63,127.86
120.75,101.69,-10.197,-112.29,64.003,37.025,-48.68,56.149,66.317,110.89,144.56,132.06
120.78,104.28,-8.1855,-113.29,62.576,40.299,-51.472,55.076,66.664,112.49,146.0,136.02
120.74,106.92,-6.0223,-114.25,61.01,43.705,-54.069,53.783,66.839,114.03,147.01,140.02
120.65,109.56,-3.8339,-115.16,59.444,47.092,-56.417,52.311,66.881,115.5,147.65,144.19
120.52,112.17,-1.7349,-116.04,57.992,50.315,-58.47,50.682,66.823,116.89,147.99,148.5
120.36,114.74,0.20231,-116.86,56.731,53.271,-60.21,48.907,66.689,118.14,148.11,152.78
120.17,117.29,1.9651,-117.6,55.698,55.929,-61.643,46.983,66.497,119.25,148.05,156.91
119.93,119.85,3.5939,-118.26,54.892,58.323,-62.789,44.893,66.263,120.16,147.83,160.79
119.63,122.37,5.136,-118.83,54.266,60.526,-63.668,42.623,66.009,120.87,147.45,164.36
119.28,124.74,6.5824,-119.28,53.734,62.588,-64.287,40.163,65.752,121.37,146.85,167.57
118.85,126.75,7.8582,-119.6,53.169,64.469,-64.629,37.523,65.505,121.65,146.02,170.38
118.34,128.25,8.8929,-119.75,52.432,66.052,-64.655,34.739,65.27,121.72,144.94,172.73
117.71,129.13,9.6864,-119.71,51.412,67.238,-64.307,31.866,65.033,121.59,143.64,174.56
116.87,129.41,10.298,-119.44,50.079,68.005,-63.527,28.965,64.772,121.24,142.2,175.88
115.66,129.09,10.802,-118.91,48.475,68.37,-62.289,26.092,64.454,120.65,140.64,176.71
113.94,128.11,11.271,-118.02,46.663,68.361,-60.624,23.28,64.038,119.78,138.96,177.16
111.57,126.35,11.771,-116.66,44.683,68.003,-58.624,20.551,63.465,118.56,137.03,177.28
108.47,123.73,12.357,-114.75,42.566,67.321,-56.404,17.915,62.643,116.92,134.71,177.14
104.67,120.3,13.045,-112.22,40.356,66.343,-54.073,15.384,61.441,114.72,131.87,176.75
100.43,116.31,13.801,-109.05,38.107,65.097,-51.701,12.966,59.739,111.88,128.47,176.11
96.079,112.1,14.543,-105.22,35.86,63.615,-49.334,10.666,57.552,108.38,124.51,175.24
91.805,107.87,15.167,-100.85,33.638,61.915,-46.996,8.4822,55.067,104.37,120.07,174.18
87.596,103.6,15.592,-96.135,31.437,59.988,-44.704,6.4068,52.486,100.09,115.25,172.97
83.314,99.129,15.792,-91.259,29.227,57.797,-42.472,4.4218,49.894,95.755,110.18,171.64
78.778,94.317,15.794,-86.336,26.957,55.296,-40.321,2.501,47.289,91.444,104.95,170.16
73.825,89.128,15.649,-81.408,24.58,52.482,-38.277,0.61104,44.644,87.11,99.619,168.37
68.441,83.621,15.402,-76.448,22.052,49.422,-36.369,-1.2839,41.926,82.644,94.226,166.01
62.833,77.9,15.077,-71.395,19.343,46.212,-34.626,-3.2169,39.109,77.952,88.835,162.79
57.258,72.068,14.675,-66.179,16.481,42.905,-33.06,-5.2104,36.172,73.011,83.529,158.56
51.802,66.19,14.182,-60.766,13.595,39.515,-31.663,-7.2667,33.126,67.904,78.361,153.51
46.43,60.288,13.571,-55.183,10.856,36.033,-30.406,-9.3615,30.015,62.707,73.3,147.95
41.176,54.36,12.827,-49.53,8.3972,32.44,-29.251,-11.448,26.911,57.284,68.297,141.99
36.159,48.401,11.975,-43.923,6.2835,28.704,-28.171,-13.473,23.877,51.402,63.364,135.72
31.517,42.39,11.094,-38.406,4.5194,24.808,-27.165,-15.397,20.938,45.023,58.547,129.29
27.376,36.314,10.282,-33.015,3.066,20.813,-26.268,-17.212,18.109,38.315,53.794,122.68
23.771,30.365,9.6101,-28.008,1.8611,16.935,-25.541,-18.939,15.44,31.435,48.929,115.78
20.465,24.987,9.1135,-23.731,0.83612,13.549,-25.056,-20.614,13.039,24.554,43.835,108.47
16.981,20.434,8.79,-20.163,-0.072839,10.969,-24.868,-22.265,10.995,18.007,38.674,100.82
13.025,16.555,8.6139,-16.875,-0.91502,9.1974,-24.992,-23.903,9.3058,12.172,33.789,93.031
8.9934,13.192,8.5439,-13.433,-1.7194,7.9814,-25.403,-25.516,7.8981,7.1827,29.416,85.426
5.6657,10.416,8.5287,-9.917,-2.493,7.0569,-26.036,-27.087,6.6888,2.8712,25.579,78.23
3.2951,8.2363,8.5135,-6.9191,-3.2236,6.2576,-26.817,-28.6,5.6137,-1.0002,22.175,71.507
1.6285,6.4802,8.4483,-4.7129,-3.8859,5.4948,-27.678,-30.045,4.6238,-4.4296,19.058,65.416
0.38602,4.9698,8.2926,-3.1036,-4.4498,4.7223,-28.577,-31.417,3.6757,-7.2538,16.079,60.291
-0.58918,3.5955,8.0154,-1.8482,-4.8876,3.9167,-29.498,-32.706,2.7314,-9.4788,13.122,56.121
-1.3678,2.3023,7.593,-0.80725,-5.1768,3.0656,-30.444,-33.892,1.7635,-11.273,10.165,52.341
-1.9806,1.065,7.0048,0.084943,-5.299,2.1615,-31.416,-34.951,0.76289,-12.79,7.3454,48.179
-2.4445,-0.12983,6.2344,0.86241,-5.2404,1.1993,-32.405,-35.849,-0.25764,-14.098,4.8521,43.283
-2.7769,-1.2947,5.2757,1.5506,-4.9978,0.17724,-33.386,-36.556,-1.2665,-15.199,2.7468,38.215
-3.0024,-2.4456,4.1415,2.1764,-4.5871,-0.90263,-34.322,-37.05,-2.2236,-16.057,0.9512,33.939
-3.1538,-3.6016,2.8673,2.7709,-4.0479,-2.0343,-35.187,-37.333,-3.0948,-16.629,-0.6376,30.925
-3.2702,-4.7815,1.5073,3.3669,-3.4386,-3.2089,-35.977,-37.433,-3.864,-16.893,-2.083,29.125
-3.3922,-5.9998,0.12686,3.9966,-2.8264,-4.4154,-36.716,-37.4,-4.5374,-16.869,-3.4089,28.343
-3.5579,-7.2645,-1.2056,4.6884,-2.2757,-5.639,-37.447,-37.293,-5.138,-16.606,-4.6187,28.41
-3.8,-8.5768,-2.425,5.4649,-1.8406,-6.8591,-38.208,-37.163,-5.6928,-16.17,-5.7109,29.182
-4.1449,-9.9306,-3.4757,6.3415,-1.5609,-8.0479,-39.01,-37.043,-6.2202,-15.618,-6.6878,30.491
-4.6141,-11.312,-4.3181,7.3262,-1.4603,-9.1715,-39.83,-36.942,-6.7232,-14.992,-7.5609,32.117
-5.2226,-12.698,-4.933,8.417,-1.5452,-10.196,-40.61,-36.848,-7.1896,-14.317,-8.3475,33.83
-5.9765,-14.061,-5.3237,9.5968,-1.8036,-11.093,-41.269,-36.738,-7.5995,-13.605,-9.0616,35.516
-6.8674,-15.363,-5.5117,10.83,-2.2062,-11.851,-41.731,-36.582,-7.9361,-12.863,-9.7055,37.226
-7.8685,-16.568,-5.53,12.068,-2.712,-12.468,-41.947,-36.358,-8.1939,-12.096,-10.265,39.122
-8.9349,-17.635,-5.4146,13.259,-3.2764,-12.952,-41.908,-36.051,-8.3811,-11.302,-10.712,41.326
-10.008,-18.531,-5.1974,14.354,-3.8594,-13.311,-41.647,-35.658,-8.5141,-10.484,-11.015,43.825
-11.027,-19.23,-4.9028,15.31,-4.4299,-13.551,-41.23,-35.188,-8.6068,-9.6447,-11.153,46.48
-11.933,-19.713,-4.547,16.086,-4.9651,-13.672,-40.739,-34.658,-8.6612,-8.7956,-11.122,49.098
-12.68,-19.972,-4.1409,16.647,-5.4492,-13.672,-40.254,-34.088,-8.6665,-7.9513,-10.941,51.508
-13.237,-20.007,-3.6938,16.961,-5.871,-13.55,-39.833,-33.501,-8.6029,-7.1287,-10.648,53.585
-13.58,-19.83,-3.2189,17.012,-6.2212,-13.315,-39.495,-32.92,-8.4513,-6.3414,-10.28,55.248
-13.694,-19.46,-2.7387,16.801,-6.4887,-12.982,-39.221,-32.368,-8.2059,-5.5969,-9.8702,56.452
-13.57,-18.93,-2.2879,16.354,-6.6561,-12.581,-38.958,-31.865,-7.8786,-4.8938,-9.4342,57.212
-13.199,-18.272,-1.9132,15.708,-6.6979,-12.143,-38.643,-31.428,-7.496,-4.2246,-8.9737,57.599
-12.587,-17.519,-1.6668,14.907,-6.582,-11.703,-38.219,-31.061,-7.0894,-3.5788,-8.4807,57.705
-11.753,-16.692,-1.5961,13.992,-6.2746,-11.284,-37.652,-30.755,-6.6836,-2.9478,-7.9468,57.601
-10.738,-15.808,-1.7325,12.993,-5.7517,-10.899,-36.945,-30.497,-6.2907,-2.3279,-7.3709,57.327
-9.593,-14.877,-2.0822,11.937,-5.0148,-10.546,-36.115,-30.262,-5.9104,-1.7232,-6.7647,56.902
-8.3715,-13.908,-2.6216,10.843,-4.1021,-10.22,-35.188,-30.036,-5.534,-1.146,-6.1507,56.342
-7.1241,-12.914,-3.2994,9.7336,-3.0855,-9.9089,-34.213,-29.81,-5.1521,-0.6123,-5.5556,55.669
-5.8967,-11.915,-4.0453,8.6361,-2.052,-9.6036,-33.242,-29.574,-4.7609,-0.13517,-5.0003,54.912
-4.7317,-10.934,-4.7816,7.5839,-1.0853,-9.2948,-32.334,-29.314,-4.3653,0.28,-4.4929,54.1
-3.6676,-9.9923,-5.4323,6.6094,-0.25246,-8.9753,-31.534,-29.021,-3.9774,0.63471,-4.0297,53.244
-2.7344,-9.0993,-5.9305,5.734,0.4019,-8.6361,-30.861,-28.681,-3.6117,0.9312,-3.6,52.36
-1.9489,-8.2497,-6.2231,4.9628,0.85674,-8.2616,-30.312,-28.288,-3.2793,1.1656,-3.1908,51.457
-1.3124,-7.4266,-6.2765,4.2853,1.1109,-7.8291,-29.848,-27.843,-2.9839,1.3273,-2.7893,50.548
-0.81047,-6.6076,-6.0803,3.6817,1.1802,-7.3134,-29.409,-27.349,-2.7191,1.4051,-2.3829,49.653
-0.41813,-5.772,-5.6497,3.129,1.0961,-6.696,-28.915,-26.808,-2.4713,1.3977,-1.96,48.797
-0.1058,-4.906,-5.0216,2.6061,0.90118,-5.9726,-28.281,-26.217,-2.2233,1.3178,-1.5098,48.007
0.15445,-4.0065,-4.2488,2.0972,0.64151,-5.1556,-27.432,-25.575,-1.9607,1.1905,-1.0225,47.308
0.38455,-3.0794,-3.3916,1.5929,0.35944,-4.271,-26.316,-24.873,-1.6775,1.0448,-0.48863,46.723
0.59777,-2.1388,-2.5086,1.0903,0.089508,-3.3527,-24.928,-24.11,-1.3803,0.90637,0.10122,46.254
0.79728,-1.2049,-1.6498,0.59276,-0.14432,-2.435,-23.31,-23.283,-1.0841,0.79469,0.75344,45.889
0.97747,-0.30136,-0.8505,0.10907,-0.33094,-1.5479,-21.534,-22.384,-0.80699,0.72375,1.4664,45.598
1.1291,0.54662,-0.12984,-0.34862,-0.47165,-0.71684,-19.684,-21.399,-0.56235,0.70355,2.2251,45.339
1.246,1.3153,0.50444,-0.76867,-0.57608,0.03665,-17.825,-20.317,-0.35308,0.73979,2.9987,45.058
1.3302,1.985,1.047,-1.1438,-0.65767,0.69414,-15.991,-19.131,-0.16977,0.83238,3.743,44.698
1.3895,2.5438,1.4925,-1.4724,-0.73061,1.2449,-14.171,-17.839,0.0064948,0.97455,4.4108,44.194
1.4326,2.9893,1.8462,-1.7565,-0.80807,1.6928,-12.338,-16.45,0.19638,1.1542,4.9631,43.493
1.4624,3.328,2.1363,-1.9977,-0.90211,2.0576,-10.455,-14.98,0.41284,1.3571,5.376,42.547
1.4739,3.5708,2.405,-2.1942,-1.0234,2.3642,-8.4697,-13.452,0.65536,1.571,5.6376,41.319
1.4583,3.7282,2.6826,-2.3408,-1.1772,2.6275,-6.3348,-11.898,0.91161,1.7877,5.7427,39.785
1.4084,3.8074,2.9631,-2.4312,-1.3563,2.8448,-4.01,-10.353,1.1646,2.004,5.6893,37.939
1.325,3.8125,3.2019,-2.4613,-1.5384,2.9983,-1.4837,-8.8469,1.4003,2.2191,5.4801,35.786
1.2185,3.7454,3.3343,-2.432,-1.6897,3.0641,1.2396,-7.4122,1.6115,2.4322,5.1249,33.336
1.106,3.6088,3.3041,-2.3503,-1.7739,3.0224,4.1524,-6.074,1.7979,2.6403,4.6416,30.59
1.0051,3.408,3.0845,-2.2273,-1.7633,2.8656,7.2554,-4.8485,1.9631,2.8357,4.0552,27.561
0.92585,3.1521,2.6859,-2.0757,-1.6477,2.6015,10.56,-3.744,2.1103,3.0056,3.3954,24.293
0.86703,2.8535,2.1541,-1.9061,-1.4411,2.2527,14.088,-2.7638,2.2402,3.1344,2.6934,20.884
0.81581,2.526,1.5617,-1.7243,-1.1805,1.8527,17.864,-1.9091,2.3505,3.2086,1.9777,17.456
0.75177,2.182,0.99365,-1.5298,-0.9181,1.4383,21.913,-1.1796,2.4381,3.2232,1.2706,14.105
0.65379,1.8299,0.52711,-1.3176,-0.70711,1.0421,26.243,-0.57295,2.501,3.1855,0.58598,10.877
0.50834,1.473,0.21068,-1.0811,-0.58609,0.6848,30.837,-0.073,2.5412,3.1138,-0.071453,7.7872
0.31603,1.1104,0.049826,-0.81865,-0.5661,0.37209,35.634,0.34647,2.5653,3.0312,-0.70432,4.8437
0.092528,0.73943,0.0059887,-0.53627,-0.62698,0.095046,40.517,0.7164,2.5841,2.9593,-1.3201,2.0488
-0.13744,0.35698,0.0099153,-0.24655,-0.7251,-0.16611,45.308,1.0642,2.6102,2.9147,-1.928,-0.6047
-0.3499,-0.039826,-0.015168,0.037197,-0.80969,-0.43662,49.789,1.4065,2.6528,2.9104,-2.5358,-3.1326
-0.52976,-0.45406,-0.1309,0.3072,-0.84047,-0.74111,53.76,1.7457,2.7137,2.9577,-3.1475,-5.5547
-0.67351,-0.88956,-0.37383,0.56434,-0.79919,-1.0986,57.094,2.0712,2.7845,3.0654,-3.7626,-7.8874
-0.78731,-1.3514,-0.75869,0.81741,-0.69018,-1.5213,59.754,2.3651,2.8499,3.2366,-4.3757,-10.137
-0.88408,-1.8452,-1.2823,1.0796,-0.53292,-2.0143,61.772,2.6104,2.8942,3.4674,-4.977,-12.298
-0.98026,-2.3742,-1.9229,1.3637,-0.35391,-2.5751,63.212,2.7974,2.9097,3.7462,-5.5512,-14.357
-1.0917,-2.9351,-2.6387,1.6786,-0.181,-3.1899,64.138,2.9263,2.9014,4.0564,-6.0785,-16.301
-1.2301,-3.5153,-3.373,2.0265,-0.038757,-3.8313,64.599,3.0069,2.8857,4.3778,-6.5366,-18.127
-1.402,-4.0933,-4.0617,2.4033,0.054474,-4.4599,64.636,3.0465,2.8839,4.6901,-6.9052,-19.848
-1.6094,-4.6413,-4.6432,2.7997,0.087211,-5.031,64.287,3.0454,2.9124,4.9746,-7.1701,-21.489
-1.8506,-5.1293,-5.0652,3.2021,0.053422,-5.5015,63.58,2.9939,2.9753,5.2156,-7.3276,-23.066
-2.1217,-5.5286,-5.2891,3.5938,-0.05026,-5.8366,62.54,2.8741,3.0632,5.4014,-7.384,-24.564
-2.4177,-5.8148,-5.2942,3.955,-0.22701,-6.0139,61.194,2.6677,3.1583,5.5242,-7.3506,-25.925
-2.7323,-5.9707,-5.0783,4.2649,-0.47997,-6.0243,59.559,2.3625,3.2425,5.5798,-7.2364,-27.079
-3.0584,-5.9871,-4.6573,4.5056,-0.80922,-5.8693,57.663,1.9656,3.3057,5.5656,-7.0438,-27.982
-3.3868,-5.8618,-4.0619,4.6643,-1.2071,-5.5575,55.544,1.5024,3.3468,5.4793,-6.7695,-28.65
-3.7035,-5.596,-3.3315,4.7323,-1.6552,-5.0998,53.255,1.01,3.3709,5.3192,-6.4107,-29.157
-3.9887,-5.191,-2.5091,4.701,-2.1246,-4.5083,50.853,0.52747,3.3818,5.0869,-5.9734,-29.608
-4.2182,-4.6495,-1.6361,4.5618,-2.5806,-3.7989,48.388,0.081907,3.3773,4.7904,-5.4755,-30.109
-4.3672,-3.9808,-0.75018,4.3095,-2.9891,-2.9957,45.903,-0.31407,3.3469,4.4459,-4.9417,-30.736
-4.4173,-3.2048,0.11682,3.9475,-3.3246,-2.1304,43.441,-0.6604,3.2738,4.0755,-4.393,-31.524
-4.3614,-2.3513,0.94172,3.4895,-3.5765,-1.2363,41.063,-0.96302,3.1401,3.702,-3.8393,-32.469
-4.2067,-1.4557,1.7143,2.9587,-3.7508,-0.34107,38.825,-1.2263,2.9359,3.343,-3.2813,-33.539
-3.9728,-0.55585,2.4375,2.3844,-3.8657,0.53669,36.766,-1.4493,2.6613,3.0075,-2.7173,-34.673
-3.6861,0.30965,3.1201,1.7991,-3.9422,1.3824,34.892,-1.6225,2.3255,2.6956,-2.1501,-35.794
-3.3728,1.102,3.7627,1.2348,-3.9945,2.1758,33.175,-1.7324,1.942,2.4,-1.5879,-36.811
-3.0539,1.7835,4.3451,0.72168,-4.0225,2.8824,31.572,-1.7663,1.5213,2.1084,-1.043,-37.644
-2.7436,2.3209,4.8196,0.28589,-4.0113,3.4533,30.035,-1.7158,1.0696,1.8077,-0.52915,-38.237
-2.4514,2.6882,5.1168,-0.051313,-3.9358,3.8349,28.541,-1.5813,0.58839,1.4869,-0.06127,-38.577
-2.1857,2.8705,5.1627,-0.27572,-3.7718,3.984,27.077,-1.3674,0.079615,1.1403,0.34671,-38.685
-1.9555,2.8658,4.9069,-0.38207,-3.5071,3.8803,25.645,-1.0857,-0.44881,0.76851,0.68545,-38.599
-1.7703,2.686,4.3477,-0.37446,-3.1493,3.5309,24.257,-0.75446,-0.9803,0.3779,0.95328,-38.353
-1.6371,2.356,3.5398,-0.26498,-2.7253,2.9709,22.926,-0.39704,-1.4929,-0.02457,1.1553,-37.963
-1.559,1.9112,2.5784,-0.071754,-2.2747,2.2611,21.662,-0.038454,-1.9673,-0.43758,1.2982,-37.426
-1.5349,1.3945,1.5706,0.18187,-1.8441,1.4816,20.472,0.29953,-2.3948,-0.86966,1.3824,-36.736
-1.5602,0.8522,0.61586,0.46788,-1.4799,0.71736,19.356,0.59585,-2.7815,-1.338,1.3975,-35.893
-1.6268,0.32956,-0.20069,0.75593,-1.2198,0.043718,18.308,0.83246,-3.1461,-1.8613,1.3239,-34.918
-1.7234,-0.13407,-0.81181,1.0175,-1.0848,-0.48352,17.327,0.99476,-3.5087,-2.45,1.1403,-33.85
-1.8341,-0.50948,-1.1759,1.2304,-1.0764,-0.8321,16.414,1.0714,-3.8782,-3.0969,0.83238,-32.728
-1.9403,-0.77984,-1.284,1.3806,-1.1779,-0.99322,15.574,1.0598,-4.2449,-3.7764,0.40037,-31.58
-2.0218,-0.94036,-1.1613,1.4617,-1.3576,-0.97953,14.813,0.96696,-4.5829,-4.4494,-0.14138,-30.408
-2.0587,-0.99721,-0.86741,1.4731,-1.5699,-0.82364,14.131,0.80933,-4.8616,-5.0743,-0.76928,-29.189
-2.0347,-0.96675,-0.49302,1.4186,-1.7599,-0.5761,13.52,0.61044,-5.0576,-5.6164,-1.4559,-27.884
-1.9397,-0.8749,-0.15127,1.3073,-1.872,-0.29991,12.97,0.3949,-5.1672,-6.0536,-2.1726,-26.463
-1.7734,-0.75494,0.043158,1.1543,-1.8621,-0.060394,12.474,0.18275,-5.2034,-6.3781,-2.8906,-24.929
-1.5467,-0.64359,0.0047886,0.98145,-1.7077,0.085664,12.028,-0.016774,-5.1894,-6.5934,-3.5837,-23.331
-1.2823,-0.5767,-0.29858,0.81542,-1.4127,0.097611,11.636,-0.20345,-5.1525,-6.7096,-4.2319,-21.755
-1.014,-0.58562,-0.84267,0.68546,-1.0093,-0.045367,11.308,-0.38274,-5.1151,-6.7357,-4.82,-20.283
-0.7836,-0.69369,-1.5581,0.61979,-0.55732,-0.34224,11.056,-0.56254,-5.0959,-6.6749,-5.3319,-18.966
-0.63574,-0.91269,-2.3445,0.64189,-0.13815,-0.76884,10.886,-0.75143,-5.1077,-6.5253,-5.7456,-17.815
-0.61013,-1.2407,-3.0867,0.76759,0.16344,-1.2806,10.795,-0.95718,-5.1567,-6.2866,-6.0358,-16.806
-0.73538,-1.6635,-3.6765,1.0042,0.28057,-1.8228,10.768,-1.1841,-5.2424,-5.9677,-6.1817,-15.9
-1.0254,-2.1586,-4.0333,1.3517,0.17936,-2.3432,10.786,-1.4301,-5.3588,-5.5903,-6.1757,-15.062
-1.4787,-2.7009,-4.1202,1.804,-0.13786,-2.8035,10.829,-1.684,-5.4977,-5.1857,-6.0264,-14.262
-2.0797,-3.2666,-3.9484,2.3477,-0.63932,-3.1832,10.879,-1.9266,-5.6489,-4.7867,-5.7546,-13.478
-2.8004,-3.8354,-3.5686,2.9598,-1.2751,-3.4797,10.923,-2.1341,-5.7999,-4.4209,-5.3845,-12.696
-3.6031,-4.3894,-3.0504,3.6077,-1.989,-3.7015,10.944,-2.2846,-5.9352,-4.107,-4.9349,-11.906
-4.4422,-4.9086,-2.461,4.2524,-2.7281,-3.8584,10.925,-2.365,-6.038,-3.8563,-4.4175,-11.106
-5.2661,-5.3677,-1.854,4.8533,-3.4445,-3.9517,10.847,-2.375,-6.0955,-3.6761,-3.8399,-10.3
-6.0222,-5.7344,-1.2686,5.3728,-4.0915,-3.9714,10.691,-2.3279,-6.1043,-3.5726,-3.2088,-9.5006
-6.6644,-5.9747,-0.73283,5.7782,-4.6247,-3.9014,10.448,-2.2461,-6.0728,-3.5513,-2.5365,-8.7191
-7.1572,-6.0617,-0.26465,6.0438,-5.0067,-3.7301,10.121,-2.1552,-6.0182,-3.6144,-1.8424,-7.9688
-7.4746,-5.9839,0.12619,6.1523,-5.2134,-3.4594,9.727,-2.0775,-5.9568,-3.7578,-1.1517,-7.2625
-7.5969,-5.7473,0.43043,6.0961,-5.237,-3.1062,9.2929,-2.0262,-5.8966,-3.9687,-0.492,-6.6113
-7.5125,-5.37,0.63568,5.8761,-5.0874,-2.6946,8.8503,-2.0016,-5.8334,-4.2257,0.11103,-6.0204
-7.2219,-4.8734,0.73901,5.5009,-4.7924,-2.2441,8.4261,-1.9904,-5.7548,-4.502,0.63709,-5.4855
-6.7403,-4.2742,0.76598,4.9841,-4.3942,-1.7615,8.0379,-1.9705,-5.6482,-4.7694,1.0732,-4.9916
-6.096,-3.5819,0.77201,4.3426,-3.942,-1.2411,7.6917,-1.9191,-5.5037,-5.0028,1.4135,-4.5162
-5.3261,-2.8025,0.81829,3.5962,-3.4796,-0.67486,7.3829,-1.8196,-5.3185,-5.1849,1.6577,-4.0344
-4.4691,-1.9462,0.93849,2.7684,-3.0322,-0.065673,7.1016,-1.6653,-5.0951,-5.3062,1.8087,-3.5261
-3.5591,-1.0337,1.1178,1.8872,-2.6001,0.56445,6.839,-1.4578,-4.8385,-5.3623,1.8713,-2.9802
-2.6225,-0.098727,1.297,0.98527,-2.165,1.1755,6.5926,-1.2036,-4.5556,-5.3518,1.8527,-2.3943
-1.6794,0.81736,1.3983,0.09711,-1.7035,1.7182,6.3668,-0.91056,-4.2555,-5.2736,1.7622,-1.7711
-0.74691,1.6737,1.3578,-0.74665,-1.1985,2.1477,6.1696,-0.58785,-3.9496,-5.128,1.6117,-1.1141
0.15812,2.4411,1.1476,-1.5247,-0.64447,2.4365,6.0065,-0.2484,-3.6498,-4.9167,1.4144,-0.42578
1.0189,3.1086,0.78448,-2.2272,-0.051219,2.5842,5.8763,0.08939,-3.3662,-4.6444,1.1839,0.29271
1.8202,3.6843,0.32837,-2.8532,0.55251,2.6201,5.771,0.40343,-3.1064,-4.318,0.934,1.0405
2.5478,4.1885,-0.12851,-3.405,1.1197,2.5962,5.6778,0.67685,-2.8748,-3.9448,0.67871,1.8163
3.1854,4.643,-0.48407,-3.8832,1.5942,2.5719,5.584,0.89532,-2.6734,-3.5305,0.43367,2.6167
3.7156,5.0601,-0.65649,-4.2851,1.9259,2.5949,5.4796,1.0537,-2.5023,-3.0788,0.2163,3.4334
4.124,5.4381,-0.61171,-4.6048,2.086,2.6866,5.3583,1.1558,-2.36,-2.5913,0.044253,4.2518
4.4049,5.7635,-0.37534,-4.8376,2.0776,2.8391,5.2167,1.2115,-2.2425,-2.0702,-0.067474,5.0517
4.5634,6.0193,-0.022653,-4.9843,1.9332,3.0227,5.0541,1.2337,-2.1428,-1.5211,-0.10881,5.8121
4.6139,6.1949,0.35118,-5.0543,1.704,3.2019,4.8704,1.2356,-2.0523,-0.95505,-0.075313,6.5189
4.5753,6.2921,0.66811,-5.0638,1.4426,3.3499,4.6647,1.2303,-1.9632,-0.38931,0.032364,7.1679
4.4672,6.3231,0.89049,-5.0304,1.1869,3.4555,4.4334,1.2309,-1.8717,0.15463,0.20926,7.7647
4.3062,6.3028,1.0191,-4.9672,0.95608,3.5187,4.1719,1.2507,-1.7789,0.65477,0.44715,8.3196
4.1036,6.24,1.0762,-4.879,0.75868,3.5425,3.8794,1.3047,-1.6893,1.0943,0.73609,8.8424
3.8668,6.1338,1.0892,-4.7615,0.59992,3.5267,3.5609,1.4098,-1.6063,1.4658,1.0662,9.338
3.6033,5.9754,1.0814,-4.6069,0.47886,3.4691,3.2261,1.5824,-1.5286,1.7732,1.4285,9.8039
3.3241,5.7557,1.0697,-4.41,0.38485,3.3694,2.8836,1.8332,-1.4475,2.0278,1.8133,10.229
3.0459,5.4714,1.0657,-4.1741,0.30309,3.2303,2.5373,2.162,-1.3501,2.2442,2.2089,10.597
2.7884,5.1258,1.0758,-3.9107,0.22445,3.0518,2.1885,2.5572,-1.2229,2.4352,2.6008,10.885
2.5703,4.7237,1.0934,-3.634,0.15229,2.8235,1.841,2.9987,-1.0573,2.6087,2.9731,11.076
2.4051,4.2674,1.0897,-3.3548,0.10529,2.5221,1.5046,3.4624,-0.85519,2.7653,3.3101,11.157
2.299,3.7556,1.0091,-3.0775,0.11694,2.1183,1.1938,3.9253,-0.63174,2.8985,3.5997,11.131
2.251,3.1869,0.77255,-2.8016,0.22879,1.5876,0.92202,4.3683,-0.41313,2.9991,3.8355,11.009
2.2579,2.5648,0.28772,-2.526,0.47678,0.91913,0.69591,4.7771,-0.23011,3.0615,4.0172,10.802
2.3201,1.9019,-0.51845,-2.2548,0.87875,0.11929,0.51221,5.1352,-0.10961,3.0908,4.1505,10.52
2.4451,1.2215,-1.6509,-1.9993,1.4333,-0.7865,0.35965,5.4376,-0.067945,3.1052,4.243,10.168
2.644,0.558,-3.0297,-1.779,2.1258,-1.7523,0.2247,5.6844,-0.10754,3.1331,4.2993,9.7514
2.9247,-0.04526,-4.5234,-1.6177,2.9256,-2.7141,0.098417,5.881,-0.21654,3.2053,4.3175,9.2759
3.2858,-0.54022,-5.9893,-1.5402,3.7765,-3.596,-0.019065,6.0382,-0.37316,3.3469,4.2909,8.7517
3.7156,-0.87954,-7.29,-1.5681,4.5989,-4.3196,-0.11781,6.1722,-0.54988,3.5718,4.2147,8.1906
4.1958,-1.0214,-8.2999,-1.7176,5.3051,-4.8121,-0.18059,6.3036,-0.71963,3.8816,4.0917,7.6053
4.7056,-0.93243,-8.9163,-2.0003,5.8187,-5.0136,-0.18746,6.4528,-0.86193,4.2689,3.9339,7.008
5.2242,-0.58828,-9.0754,-2.424,6.0897,-4.8822,-0.12229,6.6351,-0.96702,4.7207,3.7577,6.4086
5.7309,0.025589,-8.766,-2.9914,6.1086,-4.4,0.020264,6.8567,-1.0361,5.2232,3.5787,5.814
6.2061,0.91172,-8.0324,-3.6968,5.9152,-3.5781,0.23061,7.1159,-1.0765,5.7651,3.4083,5.2286
6.6332,2.0554,-6.96,-4.5215,5.5843,-2.4579,0.4868,7.4064,-1.0945,6.3369,3.2532,4.6581
6.9999,3.4165,-5.6519,-5.4302,5.1882,-1.1059,0.7636,7.7239,-1.09,6.9286,3.1166,4.1133
7.2975,4.9242,-4.2072,-6.3722,4.7581,0.40003,1.0426,8.0687,-1.0567,7.5252,3.001,3.6121
7.5179,6.4842,-2.71,-7.291,4.2833,1.9855,1.3169,8.4443,-0.98695,8.104,2.9103,3.1761
7.6512,8.0007,-1.2246,-8.1356,3.7451,3.5829,1.5875,8.8508,-0.87628,8.6362,2.8504,2.8259
7.6847,9.3998,0.21164,-8.8695,3.1467,5.1303,1.8561,9.2799,-0.72666,9.0916,2.8288,2.5752
7.6076,10.639,1.5981,-9.4704,2.5067,6.5828,2.1202,9.7178,-0.54522,9.4452,2.8525,2.4282
7.4183,11.699,2.9611,-9.9277,1.8381,7.9169,2.3738,10.153,-0.34181,9.6812,2.9248,2.379
7.1289,12.567,4.309,-10.24,1.1465,9.1111,2.6114,10.582,-0.12735,9.7919,3.0415,2.4132
6.7632,13.228,5.5938,-10.413,0.44444,10.125,2.8331,11.012,0.086966,9.7712,3.1882,2.5122
6.351,13.675,6.7228,-10.463,-0.23953,10.903,3.0446,11.459,0.29102,9.6086,3.341,2.6565
5.9215,13.911,7.605,-10.411,-0.86371,11.407,3.2552,11.933,0.47832,9.2881,3.4708,2.8284
5.5006,13.958,8.1868,-10.284,-1.3844,11.631,3.4713,12.442,0.64749,8.7924,3.5509,3.0124
5.1128,13.847,8.4633,-10.11,-1.7662,11.604,3.6919,12.987,0.79947,8.1131,3.5617,3.1948
4.7842,13.619,8.4716,-9.9162,-1.9887,11.38,3.9064,13.567,0.9336,7.2585,3.4922,3.3637
4.5391,13.324,8.2778,-9.7289,-2.0493,11.028,4.0958,14.174,1.0433,6.2537,3.3377,3.5103
4.3916,13.016,7.9633,-9.5667,-1.9649,10.632,4.2366,14.796,1.1173,5.1322,3.0966,3.63
4.3393,12.739,7.6092,-9.4378,-1.767,10.273,4.3066,15.42,1.1462,3.9292,2.7708,3.7233
4.3657,12.52,7.2807,-9.3407,-1.4939,10.009,4.2906,16.04,1.1284,2.6804,2.3695,3.7971
4.4476,12.365,7.016,-9.269,-1.1838,9.8595,4.1856,16.653,1.0725,1.4244,1.9146,3.8617
4.5594,12.264,6.8249,-9.214,-0.87254,9.8065,4.0016,17.25,0.99474,0.20315,1.4404,3.9275
4.6728,12.193,6.6961,-9.1634,-0.59204,9.8113,3.7589,17.809,0.91496,-0.94095,0.98558,3.9992
4.7572,12.127,6.6104,-9.0993,-0.36834,9.83,3.4825,18.294,0.85263,-1.9704,0.58342,4.0736
4.7788,12.032,6.5534,-8.9972,-0.22211,9.8247,3.1965,18.67,0.82433,-2.8579,0.25635,4.1388
4.7023,11.873,6.5221,-8.8252,-0.17153,9.7678,2.9201,18.918,0.84162,-3.589,0.016039,4.1793
4.494,11.613,6.5226,-8.5476,-0.23371,9.6409,2.6656,19.046,0.90931,-4.1627,-0.13411,4.1817
4.1269,11.218,6.5633,-8.1303,-0.42198,9.4347,2.4367,19.08,1.0243,-4.5894,-0.197,4.1412
3.5859,10.664,6.6464,-7.5493,-0.74051,9.1491,2.2276,19.055,1.1755,-4.8869,-0.18108,4.0626
2.8706,9.9383,6.7628,-6.7947,-1.1802,8.7896,2.0241,19.002,1.3454,-5.0767,-0.10018,3.956
1.9923,9.0381,6.8916,-5.8695,-1.7189,8.358,1.8071,18.934,1.5129,-5.1798,0.026149,3.8308
0.96986,7.9636,7.0017,-4.7834,-2.3244,7.8435,1.559,18.845,1.6582,-5.2136,0.17217,3.6893
-0.17352,6.7132,7.0547,-3.5466,-2.9605,7.222,1.2685,18.711,1.766,-5.1899,0.30651,3.525
-1.407,5.2847,7.0083,-2.1679,-3.5916,6.4646,0.93412,18.497,1.827,-5.1167,0.39494,3.3245
-2.6885,3.6839,6.8216,-0.66118,-4.187,5.5482,0.56399,18.166,1.8376,-5.0024,0.40474,3.0716
-3.9685,1.931,6.4618,0.94716,-4.7239,4.4633,0.17443,17.679,1.7985,-4.8591,0.30852,2.7534
-5.202,0.059383,5.9098,2.6175,-5.1883,3.2172,-0.21319,17.01,1.7143,-4.7017,0.085531,2.3658
-6.3583,-1.89,5.1639,4.3026,-5.5726,1.8336,-0.5766,16.146,1.5922,-4.5434,-0.27816,1.9163
-7.4199,-3.8696,4.2385,5.9523,-5.8714,0.35085,-0.89729,15.09,1.4411,-4.3892,-0.78762,1.4214
-8.37,-5.8238,3.1593,7.5142,-6.0758,-1.1819,-1.1652,13.863,1.2689,-4.2331,-1.434,0.90044
-9.1821,-7.6899,1.9601,8.9333,-6.1702,-2.7095,-1.3816,12.499,1.0816,-4.0609,-2.1887,0.3682
-9.8197,-9.4049,0.68048,10.156,-6.1351,-4.1778,-1.5585,11.047,0.8828,-3.8565,-3.0018,-0.16843
-10.248,-10.916,-0.63474,11.14,-5.9527,-5.5409,-1.712,9.5646,0.67505,-3.6078,-3.8083,-0.70935
-10.446,-12.187,-1.9359,11.864,-5.6156,-6.7653,-1.8544,8.1075,0.46179,-3.3099,-4.5435,-1.2564
-10.413,-13.198,-3.1714,12.325,-5.1325,-7.8292,-1.9865,6.7223,0.24927,-2.9665,-5.1586,-1.808
-10.167,-13.936,-4.2924,12.534,-4.5293,-8.7185,-2.0968,5.4399,0.046819,-2.5889,-5.626,-2.3524
-9.7385,-14.396,-5.2591,12.51,-3.8456,-9.425,-2.1654,4.2759,-0.13481,-2.195,-5.9298,-2.8673
-9.1614,-14.58,-6.0456,12.277,-3.1279,-9.9453,-2.173,3.2322,-0.28524,-1.8061,-6.05,-3.3236
-8.4696,-14.504,-6.6407,11.859,-2.421,-10.281,-2.1084,2.2999,-0.39519,-1.4416,-5.9553,-3.6936
-7.6929,-14.194,-7.0451,11.279,-1.7604,-10.438,-1.9686,1.4617,-0.45568,-1.1136,-5.6104,-3.9608
-6.8589,-13.679,-7.2674,10.561,-1.1699,-10.424,-1.7535,0.69668,-0.45652,-0.82367,-4.9922,-4.1249
-5.9956,-12.979,-7.3202,9.7204,-0.66353,-10.245,-1.4614,-0.013201,-0.38527,-0.5627,-4.1045,-4.1991
-5.1323,-12.102,-7.22,8.7722,-0.24713,-9.9072,-1.0892,-0.67503,-0.22761,-0.31153,-2.9756,-4.2005
-4.2944,-11.053,-6.9872,7.7314,0.082,-9.4099,-0.63855,-1.2791,0.031172,-0.042473,-1.6341,-4.141
-3.4956,-9.8401,-6.6464,6.6196,0.33768,-8.7513,-0.12008,-1.7977,0.40513,0.27851,-0.070044,-4.0219
-2.7305,-8.4828,-6.2225,5.4617,0.54456,-7.9295,0.4473,-2.1886,0.90783,0.68841,1.7936,-3.834
-1.9694,-6.9981,-5.7356,4.2695,0.73394,-6.9471,1.0426,-2.4047,1.5528,1.2219,4.0868,-3.56
-1.1586,-5.3779,-5.1964,3.0171,0.93812,-5.8143,1.6501,-2.4059,2.3528,1.9051,6.92,-3.1807
-0.22274,-3.574,-4.6047,1.6106,1.1861,-4.5462,2.262,-2.1733,3.3195,2.7487,10.286,-2.6834
0.93136,-1.512,-3.9543,-0.12186,1.5022,-3.1524,2.8739,-1.7193,4.4628,3.7453,14.032,-2.0701
2.4167,0.8494,-3.242,-2.2981,1.9055,-1.6369,3.4782,-1.0907,5.7852,4.8699,17.932,-1.3587
4.3434,3.4424,-2.4734,-4.7574,2.4097,-0.005186,4.0585,-0.36465,7.2647,6.0807,21.772,-0.57998
6.7442,6.1647,-1.6569,-7.2607,3.0206,1.7199,4.5892,0.36369,8.8344,7.3166,25.379,0.22861
9.5282,8.9954,-0.79066,-9.8374,3.7357,3.4836,5.0378,1.0039,10.387,8.5194,28.689,1.0279
12.535,11.947,0.14344,-12.721,4.5464,5.2487,5.367,1.4942,11.809,9.6676,31.808,1.7816
15.622,15.153,1.1655,-16.185,5.4406,7.0632,5.5383,1.8093,13.023,10.781,34.904,2.4626
18.688,18.888,2.2582,-20.348,6.4043,9.0097,5.5167,1.9472,14.006,11.886,37.937,3.0501
21.645,23.157,3.3286,-24.952,7.4232,11.057,5.2776,1.9071,14.794,12.969,40.626,3.5277
24.383,27.461,4.2081,-29.396,8.4899,12.975,4.8129,1.6771,15.444,13.959,42.681,3.8784
26.768,31.028,4.7,-32.982,9.6066,14.423,4.1345,1.2343,15.997,14.756,43.903,4.0843
28.665,33.11,4.6449,-35.129,10.775,15.108,3.2747,0.5519,16.437,15.252,44.154,4.1306
29.958,33.213,3.9578,-35.52,11.977,14.853,2.2825,-0.39359,16.665,15.337,43.36,4.0114
30.571,31.229,2.6325,-34.161,13.155,13.6,1.2159,-1.6185,16.51,14.901,41.547,3.732
30.471,27.485,0.74439,-31.315,14.233,11.448,0.13298,-3.13,15.799,13.857,38.873,3.3077
29.683,22.686,-1.5371,-27.399,15.134,8.7054,-0.91672,-4.9261,14.481,12.224,35.652,2.7617
28.36,17.925,-3.964,-23.251,15.81,5.7792,-1.9,-6.9974,12.672,10.176,32.25,2.1236
26.869,14.237,-6.2763,-20.101,16.249,3.0047,-2.8037,-9.3339,10.573,7.9696,28.932,1.4276
25.504,11.481,-8.2773,-17.909,16.477,0.55532,-3.6336,-11.929,8.358,5.7811,25.82,0.708
24.119,8.8695,-9.8541,-15.825,16.543,-1.5119,-4.4093,-14.778,6.158,3.6507,22.952,-0.0052565
22.424,6.0639,-10.95,-13.423,16.457,-3.17,-5.1566,-17.863,4.0981,1.5671,20.327,-0.68769
20.209,3.1301,-11.551,-10.531,16.128,-4.4419,-5.8981,-21.14,2.2949,-0.44378,17.889,-1.3184
17.341,0.35463,-11.707,-7.1941,15.393,-5.4619,-6.6452,-24.53,0.79212,-2.2898,15.519,-1.8785
13.849,-1.9984,-11.511,-3.8903,14.125,-6.3937,-7.3919,-27.924,-0.47214,-3.877,13.095,-2.3522
10.018,-3.9548,-11.039,-1.1401,12.318,-7.2919,-8.1126,-31.218,-1.5898,-5.1771,10.665,-2.7293
6.2567,-5.6667,-10.342,1.037,10.095,-8.1106,-8.7656,-34.351,-2.6024,-6.2117,8.4297,-3.0061
2.8525,-7.2215,-9.471,2.8707,7.6615,-8.7847,-9.3037,-37.336,-3.5111,-7.0167,6.502,-3.187
-0.09464,-8.64,-8.4907,4.5185,5.2398,-9.28,-9.6891,-40.254,-4.3171,-7.6316,4.8306,-3.286
-2.5825,-9.9148,-7.4777,6.0326,3.0088,-9.6034,-9.9068,-43.223,-5.0339,-8.1029,3.3089,-3.3249
-4.6289,-11.036,-6.5179,7.4107,1.0871,-9.7892,-9.9696,-46.344,-5.6805,-8.4803,1.8559,-3.3304
-6.2525,-12.0,-5.692,8.6362,-0.44567,-9.879,-9.9147,-49.649,-6.2701,-8.8071,0.43089,-3.3286
-7.4843,-12.816,-5.0523,9.7022,-1.5408,-9.9054,-9.7956,-53.06,-6.8059,-9.1086,-0.97795,-3.3413
-8.3863,-13.501,-4.6086,10.624,-2.2062,-9.8847,-9.673,-56.402,-7.2847,-9.3889,-2.3651,-3.3853
-9.0601,-14.078,-4.3253,11.442,-2.5303,-9.8221,-9.6061,-59.494,-7.7043,-9.6378,-3.7159,-3.4737
-9.6302,-14.58,-4.1306,12.214,-2.6674,-9.7198,-9.6438,-62.232,-8.0695,-9.8445,-5.0121,-3.615
-10.213,-15.041,-3.9362,12.994,-2.7814,-9.5845,-9.817,-64.619,-8.3938,-10.008,-6.2375,-3.8119
-10.896,-15.493,-3.6618,13.809,-2.9955,-9.4292,-10.134,-66.727,-8.6955,-10.135,-7.3808,-4.0583
-11.731,-15.96,-3.2544,14.649,-3.3781,-9.2731,-10.581,-68.643,-8.989,-10.239,-8.4322,-4.3394
-12.719,-16.459,-2.7016,15.49,-3.946,-9.1421,-11.122,-70.428,-9.2777,-10.326,-9.3737,-4.6318
-13.815,-17.003,-2.038,16.318,-4.6712,-9.0685,-11.708,-72.1,-9.5504,-10.398,-10.172,-4.9053
-14.969,-17.608,-1.3394,17.144,-5.4947,-9.0877,-12.291,-73.643,-9.7848,-10.447,-10.784,-5.1274
-16.143,-18.296,-0.7038,17.984,-6.3431,-9.2304,-12.828,-75.025,-9.9558,-10.459,-11.179,-5.2685
-17.302,-19.087,-0.22528,18.842,-7.1413,-9.5155,-13.293,-76.223,-10.045,-10.414,-11.353,-5.3086
-18.404,-19.988,0.025291,19.703,-7.8227,-9.9493,-13.676,-77.222,-10.048,-10.296,-11.336,-5.2418
-19.388,-20.991,0.0059265,20.548,-8.3335,-10.53,-13.965,-78.005,-9.9727,-10.097,-11.188,-5.0779
-20.182,-22.072,-0.3,21.358,-8.6347,-11.25,-14.126,-78.518,-9.8269,-9.8235,-10.987,-4.8433
-20.722,-23.208,-0.88766,22.108,-8.7076,-12.106,-14.072,-78.618,-9.6019,-9.4969,-10.803,-4.5752
-20.965,-24.39,-1.7305,22.772,-8.5648,-13.096,-13.638,-78.006,-9.2539,-9.1403,-10.689,-4.3123
-20.895,-25.615,-2.7804,23.32,-8.2538,-14.208,-12.616,-76.173,-8.699,-8.7626,-10.662,-4.0846
-20.505,-26.861,-3.9711,23.721,-7.827,-15.401,-10.845,-72.654,-7.8289,-8.3451,-10.696,-3.9067
-19.794,-28.047,-5.2062,23.936,-7.2697,-16.579,-8.3609,-69.323,-6.5409,-7.8344,-10.713,-3.7768
-18.765,-29.017,-6.4091,23.912,-6.458,-17.615,-5.5691,-75.41,-4.8194,-7.1407,-10.587,-3.6748
-17.411,-29.603,-7.7872,23.559,-5.2385,-18.393,-4.4298,-81.443,-4.3897,-6.1269,-10.146,-3.5526
-15.72,-29.625,-9.6519,22.699,-3.5432,-18.872,-11.362,-80.043,-9.9505,-4.5703,-9.182,-3.3196
-13.708,-28.683,-11.601,21.021,-1.4289,-19.1,-16.843,-76.229,-10.971,-2.5806,-7.521,-2.8296
-11.58,-26.853,-12.643,19.194,0.92394,-19.111,-15.303,-69.23,-11.236,-6.5913,-6.0524,-1.8626
-10.567,-31.051,-14.24,22.78,3.2671,-22.669,-10.498,-57.503,-11.036,-7.5902,-11.143,-0.17135
-11.579,-35.556,-22.808,23.67,5.3724,-29.364,-1.6352,-39.211,-8.9489,-7.6401,-14.679,-6.0088
-10.08,-41.015,-33.125,24.682,7.1553,-36.891,14.533,-12.085,-3.4355,-7.2805,-18.828,-12.777
-7.37,-46.635,-42.935,25.819,9.1958,-44.425,40.516,25.381,7.6211,-5.2435,-22.295,-18.15
-4.3003,-50.661,-50.143,26.194,15.091,-50.057,73.412,71.666,24.644,-0.065832,-23.118,-22.687
-0.35997,-50.333,-52.473,24.253,25.205,-51.171,109.71,122.71,48.089,10.111,-19.317,-24.563
5.3538,-42.314,-47.95,17.907,26.507,-44.986,145.26,173.19,78.03,27.296,-8.6774,-21.113
13.879,-23.449,-35.315,4.8963,24.28,-29.233,175.87,217.81,114.31,52.965,11.384,-9.1853
26.341,8.606,-14.233,-16.849,19.674,-2.6046,197.64,252.45,156.42,87.872,43.589,14.196
43.913,55.421,14.995,-48.907,13.471,35.547,207.42,274.35,202.79,133.05,90.402,51.334
67.35,118.16,52.171,-92.194,6.6332,85.725,203.13,281.85,252.37,190.45,153.41,103.22
96.561,196.58,96.444,-146.62,-0.32634,147.15,183.09,274.44,304.13,260.96,232.22,170.34
130.68,288.53,156.05,-210.48,-9.6775,222.14,133.48,252.84,357.35,343.75,323.96,258.04
168.93,390.4,221.46,-280.73,-24.787,304.98,39.662,216.26,420.48,436.76,425.42,356.37
204.74,500.15,296.08,-353.36,-45.622,396.78,-59.189,171.01,481.32,535.1,533.22,463.75
235.48,614.0,378.88,-425.43,-72.64,495.3,-169.15,121.25,544.65,637.56,643.81,575.62
259.16,725.41,465.65,-492.86,-105.18,594.95,-285.54,69.545,607.5,738.8,751.72,685.5
274.99,824.15,547.71,-550.08,-139.02,685.92,-401.26,18.178,662.6,828.61,847.48,784.07
283.21,895.85,611.1,-589.85,-167.13,753.89,-509.49,-33.026,698.08,892.29,917.21,858.47
284.19,924.1,638.97,-604.12,-181.09,782.27,-604.01,-86.813,699.36,912.83,944.5,893.38
277.55,895.32,617.85,-586.08,-174.41,757.47,-678.89,-147.48,653.52,875.59,914.69,875.46
261.89,804.94,544.28,-532.97,-146.0,675.3,-728.65,-218.34,555.25,774.7,820.92,799.38
235.5,661.71,428.3,-448.46,-101.59,545.18,-749.09,-298.57,411.35,618.25,669.43,671.86
198.16,487.23,291.38,-343.1,-52.12,388.99,-738.81,-381.35,241.06,428.36,480.7,511.34
152.46,310.03,159.44,-232.13,-9.4049,234.18,-700.21,-454.85,71.191,235.4,284.61,343.28
103.69,156.77,53.912,-131.18,18.622,104.8,-639.56,-505.89,-71.946,68.984,111.3,192.76
58.419,44.713,-14.264,-52.014,30.122,14.866,-565.43,-524.91,-170.32,-50.213,-17.833,77.362
22.202,-21.489,-45.314,0.24612,28.159,-33.565,-486.43,-509.77,-218.29,-115.3,-94.734,3.6362
-2.1596,-48.043,-47.414,26.998,17.994,-47.732,-409.28,-466.38,-222.02,-132.88,-123.78,-31.957
-15.166,-46.816,-31.795,33.833,4.5189,-39.288,-338.2,-406.04,-195.08,-118.11,-117.38,-39.131
-19.583,-30.23,-8.9767,27.983,-8.9138,-19.621,-275.62,-341.16,-152.98,-87.156,-90.607,-29.272
-18.57,-8.5514,12.894,16.496,-18.88,2.4151,-222.71,-280.87,-108.81,-52.097,-56.379,-12.169
-14.745,10.993,28.827,4.81,-24.506,20.778,-178.04,-230.3,-70.963,-21.615,-25.43,5.097
-10.27,24.213,36.741,-3.8977,-21.775,32.049,-139.2,-193.86,-43.025,-0.76906,-7.4196,18.276
-6.5749,29.459,36.316,-8.507,-13.966,35.159,-106.51,-167.5,-25.005,9.8691,-0.27019,25.649
-5.0355,26.821,23.902,-9.3535,-13.733,29.666,-80.862,-146.3,-15.135,12.536,0.45276,24.997
-6.1386,3.0455,11.784,1.8307,-12.789,7.3111,-61.796,-127.79,-11.247,9.4468,-2.1935,3.948
-6.4599,0.9523,8.0639,2.7918,-10.732,4.7842,-48.057,-112.55,-10.808,3.2331,-6.1076,2.2759
-6.561,0.062481,5.651,2.9245,-9.34,3.03,-38.185,-101.69,-11.515,-1.0129,-9.3293,1.9094
-6.3448,-0.41839,4.619,2.7512,-8.5266,2.0697,-30.33,-95.079,-12.541,-4.3633,-11.701,1.9912
-5.9373,-0.7031,3.7722,2.5356,-7.9035,1.3105,-22.598,-92.487,-13.247,-5.0597,-11.584,2.0957
-5.478,-1.1179,2.9703,2.4182,-7.2632,0.57842,-17.911,-94.47,-12.747,-3.7876,-9.0608,2.0058
-5.0417,-1.5944,2.2786,2.4102,-6.5003,-0.059081,-17.294,-97.204,-10.073,-3.2412,-8.2685,1.6577
-4.654,-2.056,1.6504,2.4735,-5.6545,-0.55468,-13.551,-97.709,-8.513,-3.2067,-8.4005,1.103
-4.3227,-2.5005,0.88844,2.5811,-4.8476,-0.94293,-7.7232,-96.706,-7.7552,-3.482,-8.9122,0.45862
-4.0567,-2.939,0.020018,2.7272,-4.1762,-1.3304,-2.9439,-95.307,-7.4273,-3.9046,-9.5495,-0.16384
-3.8722,-3.3678,-0.81105,2.912,-3.6745,-1.7448,0.6338,-94.07,-7.3105,-4.3648,-10.186,-0.69527
-3.7919,-3.7655,-1.5061,3.1353,-3.3571,-2.1411,3.4249,-93.154,-7.2689,-4.8029,-10.729,-1.1026
-3.8369,-4.1126,-1.9912,3.3968,-3.2479,-2.4651,5.7493,-92.531,-7.2282,-5.1943,-11.102,-1.3722
-4.0198,-4.4072,-2.2137,3.6987,-3.3707,-2.6839,7.8037,-92.089,-7.1572,-5.5336,-11.275,-1.5029
-4.338,-4.6653,-2.1538,4.0456,-3.7278,-2.7936,9.6998,-91.689,-7.0535,-5.8258,-11.267,-1.5066
-4.7722,-4.9083,-1.838,4.4379,-4.2871,-2.8171,11.493,-91.209,-6.9299,-6.0802,-11.142,-1.4089
-5.2884,-5.1509,-1.3475,4.8637,-4.9808,-2.7957,13.201,-90.566,-6.8024,-6.3076,-10.982,-1.2443
-5.8431,-5.3944,-0.80447,5.2967,-5.7167,-2.7741,14.812,-89.715,-6.6792,-6.517,-10.861,-1.0477
-6.3884,-5.6281,-0.33366,5.7026,-6.3983,-2.7868,16.302,-88.653,-6.5525,-6.7143,-10.827,-0.84826
-6.8759,-5.8313,-0.017416,6.0477,-6.9454,-2.8482,17.635,-87.407,-6.3999,-6.9012,-10.903,-0.66623
-7.2606,-5.9727,0.1277,6.3024,-7.3078,-2.9444,18.785,-86.027,-6.194,-7.0753,-11.085,-0.51425
-7.5068,-6.0123,0.14259,6.4428,-7.4695,-3.0356,19.736,-84.572,-5.9172,-7.231,-11.35,-0.39927
-7.595,-5.91,0.10172,6.4524,-7.4465,-3.0685,20.499,-83.088,-5.573,-7.3614,-11.666,-0.32373
-7.525,-5.6391,0.090026,6.324,-7.2803,-2.9949,21.098,-81.607,-5.1873,-7.4626,-12.009,-0.28606
-7.3136,-5.1952,0.18068,6.0618,-7.0325,-2.7848,21.57,-80.138,-4.8009,-7.5366,-12.371,-0.28203
-6.9887,-4.5956,0.41302,5.6798,-6.7707,-2.4317,21.945,-78.676,-4.4562,-7.594,-12.759,-0.30828
-6.5809,-3.8725,0.78239,5.1968,-6.5465,-1.95,22.237,-77.212,-4.1858,-7.6522,-13.184,-0.36727
-6.1174,-3.0635,1.2504,4.633,-6.3815,-1.3685,22.445,-75.736,-4.0054,-7.73,-13.648,-0.47052
-5.6217,-2.2038,1.7686,4.0083,-6.2779,-0.72294,22.556,-74.247,-3.9144,-7.8407,-14.133,-0.63629
-5.1194,-1.3226,2.3009,3.3459,-6.2402,-0.046586,22.56,-72.753,-3.9004,-7.9872,-14.611,-0.88103
-4.6417,-0.44288,2.8331,2.6735,-6.2816,0.63706,22.452,-71.274,-3.9462,-8.1626,-15.053,-1.2091
-4.2186,0.41625,3.3673,2.0203,-6.4096,1.3163,22.23,-69.837,-4.0367,-8.3532,-15.436,-1.6072
-3.867,1.2379,3.9081,1.4088,-6.6144,1.9872,21.891,-68.462,-4.1627,-8.5433,-15.745,-2.0477
-3.5859,2.0091,4.4515,0.84991,-6.8687,2.6473,21.433,-67.145,-4.3229,-8.7183,-15.962,-2.4966
-3.3607,2.7222,4.9804,0.34523,-7.1363,3.2909,20.863,-65.849,-4.5207,-8.8652,-16.069,-2.9234
-3.1717,3.3751,5.4674,-0.10743,-7.3828,3.9087,20.201,-64.507,-4.7573,-8.9723,-16.042,-3.3061
-3.0008,3.97,5.8863,-0.5103,-7.5836,4.4899,19.482,-63.048,-5.0251,-9.0282,-15.863,-3.6331
-2.8357,4.5121,6.2255,-0.86674,-7.7297,5.0259,18.752,-61.426,-5.3049,-9.022,-15.515,-3.9006
-2.6722,5.0077,6.4963,-1.1835,-7.8304,5.5127,18.057,-59.635,-5.5698,-8.945,-14.99,-4.1081
-2.5154,5.463,6.7301,-1.4697,-7.9107,5.9517,17.438,-57.697,-5.7931,-8.79,-14.285,-4.2534
-2.3784,5.8817,6.9664,-1.7327,-8.0052,6.3483,16.925,-55.641,-5.9587,-8.5494,-13.41,-4.33
-2.278,6.2629,7.2372,-1.9748,-8.1473,6.7083,16.531,-53.48,-6.0659,-8.2174,-12.382,-4.3299
-2.2253,6.5987,7.5538,-2.193,-8.3573,7.0334,16.244,-51.213,-6.1275,-7.7938,-11.226,-4.2487
-2.2185,6.8763,7.9005,-2.3827,-8.6314,7.3176,16.032,-48.826,-6.1616,-7.2877,-9.9678,-4.0921
-2.2402,7.0834,8.2376,-2.5421,-8.9382,7.5493,15.85,-46.309,-6.1827,-6.7186,-8.6329,-3.8781
-2.2614,7.2144,8.5137,-2.6763,-9.2245,7.7157,15.655,-43.66,-6.1957,-6.1132,-7.2516,-3.6353
-2.2478,7.2739,8.6798,-2.7971,-9.4305,7.809,15.418,-40.888,-6.1948,-5.5011,-5.8589,-3.3972
-2.1672,7.2734,8.6997,-2.9191,-9.5067,7.8269,15.136,-38.0,-6.166,-4.9084,-4.4912,-3.1935
-1.9945,7.2254,8.5513,-3.0553,-9.4253,7.7673,14.823,-35.004,-6.0931,-4.3529,-3.1799,-3.0416
-1.7155,7.1369,8.2217,-3.2134,-9.1818,7.6218,14.503,-31.901,-5.9655,-3.8408,-1.947,-2.9438
-1.327,7.0064,7.6999,-3.3944,-8.7881,7.3721,14.201,-28.682,-5.784,-3.3669,-0.80487,-2.8915
-0.83441,6.8256,6.9699,-3.5936,-8.2569,6.9933,13.932,-25.33,-5.5621,-2.9182,0.24105,-2.8738
-0.24594,6.5836,6.0111,-3.8032,-7.5872,6.4619,13.703,-21.827,-5.3224,-2.4797,1.1889,-2.8851
0.43047,6.2738,4.8096,-4.0146,-6.7626,5.7641,13.513,-18.178,-5.0888,-2.0407,2.0366,-2.9257
1.1849,5.8981,3.3748,-4.2206,-5.7659,4.9032,13.359,-14.414,-4.8789,-1.5981,2.7802,-2.9971
1.9995,5.4681,1.7473,-4.4156,-4.6038,3.9029,13.238,-10.588,-4.6987,-1.1566,3.4144,-3.0961
2.8452,5.0028,-0.0043521,-4.5962,-3.3251,2.806,13.147,-6.7257,-4.5435,-0.72482,3.9343,-3.2116
3.6843,4.5254,-1.7924,-4.7622,-2.0182,1.6695,13.081,-2.7759,-4.4032,-0.30958,4.3376,-3.3261
4.4792,4.0598,-3.5192,-4.9145,-0.78616,0.55639,13.031,1.3847,-4.2703,0.090015,4.626,-3.42
5.1992,3.6276,-5.0902,-5.0538,0.28499,-0.47381,12.988,5.8831,-4.1448,0.48553,4.8076,-3.477
5.8236,3.2469,-6.4282,-5.1793,1.1437,-1.3726,12.944,10.782,-4.0325,0.89614,4.9006,-3.4879
6.3406,2.9317,-7.482,-5.2912,1.7699,-2.107,12.895,16.079,-3.9366,1.341,4.9341,-3.4523
6.7478,2.6931,-8.2268,-5.3933,2.1648,-2.6593,12.841,21.732,-3.8471,1.8316,4.9449,-3.3759
7.0542,2.5406,-8.6602,-5.4953,2.345,-3.023,12.79,27.668,-3.7357,2.3674,4.9687,-3.2668
7.28,2.4829,-8.7993,-5.6119,2.342,-3.1982,12.757,33.775,-3.5571,2.9373,5.0309,-3.1316
7.453,2.5264,-8.6799,-5.758,2.2003,-3.1902,12.758,39.914,-3.2577,3.5239,5.1401,-2.9748
7.6033,2.6727,-8.3533,-5.9432,1.9733,-3.0113,12.807,45.95,-2.7846,4.1106,5.2893,-2.7996
7.7608,2.9176,-7.882,-6.1712,1.7161,-2.6844,12.913,51.794,-2.092,4.6882,5.4636,-2.6107
7.9572,3.2513,-7.3343,-6.4434,1.4824,-2.2416,13.07,57.43,-1.1417,5.2588,5.6503,-2.4167
8.2306,3.6609,-6.7782,-6.7669,1.3258,-1.7222,13.26,62.895,0.10023,5.8352,5.8462,-2.2326
8.6261,4.1314,-6.2762,-7.1587,1.2971,-1.1687,13.446,68.233,1.6708,6.4376,6.0568,-2.0801
9.192,4.6475,-5.8839,-7.643,1.4368,-0.62476,13.586,73.442,3.6089,7.0896,6.291,-1.9837
9.9724,5.1933,-5.6493,-8.2449,1.767,-0.13189,13.636,78.435,5.8975,7.816,6.5534,-1.9648
10.998,5.7539,-5.6103,-8.9845,2.2913,0.27424,13.572,83.069,8.4554,8.6447,6.8409,-2.0361
12.278,6.3173,-5.7867,-9.8721,2.9968,0.56833,13.396,87.219,11.395,9.6144,7.143,-2.2013
13.792,6.8772,-6.1715,-10.904,3.8552,0.73929,13.129,90.855,15.03,10.785,7.4448,-2.4587
15.492,7.4347,-6.728,-12.058,4.8221,0.79344,12.802,94.06,19.543,12.234,7.7331,-2.8079
17.317,7.9985,-7.3966,-13.298,5.8394,0.75659,12.448,96.997,24.912,14.018,8.0034,-3.2519
19.197,8.5846,-8.1048,-14.586,6.844,0.6732,12.092,99.861,31.012,16.108,8.266,-3.7949
21.073,9.2172,-8.7754,-15.899,7.78,0.60091,11.754,102.83,37.631,18.401,8.5501,-4.4355
22.904,9.9293,-9.3347,-17.245,8.6091,0.60132,11.446,106.02,44.452,20.817,8.9008,-5.1586
24.676,10.765,-9.7204,-18.661,9.3118,0.72996,11.165,109.44,51.067,23.34,9.3706,-5.9283
26.391,11.782,-9.889,-20.207,9.8821,1.0285,10.901,113.01,57.025,25.984,10.006,-6.6871
28.047,13.059,-9.821,-21.936,10.319,1.5211,10.63,116.6,61.945,28.734,10.834,-7.3659
29.624,14.698,-9.5219,-23.838,10.624,2.2151,10.325,120.09,65.738,31.528,11.857,-7.9047
31.087,16.795,-9.0184,-25.798,10.81,3.106,9.9564,123.45,68.785,34.27,13.054,-8.2719
32.415,19.339,-8.3526,-27.678,10.91,4.1828,9.501,126.69,71.759,36.867,14.396,-8.467
33.641,22.114,-7.5733,-29.477,10.986,5.4315,8.9426,129.84,75.13,39.275,15.87,-8.5067
34.856,24.855,-6.7283,-31.346,11.12,6.8374,8.2745,132.97,78.865,41.531,17.483,-8.4072
36.158,27.552,-5.8558,-33.429,11.385,8.3923,7.5013,136.14,82.633,43.714,19.258,-8.1732
37.6,30.407,-4.9814,-35.784,11.811,10.104,6.6382,139.43,86.16,45.85,21.216,-7.7975
39.215,33.609,-4.12,-38.406,12.388,11.996,5.7065,142.89,89.325,47.898,23.369,-7.2652
41.06,37.214,-3.2851,-41.262,13.094,14.09,4.7266,146.59,92.116,49.85,25.765,-6.5587
43.198,41.145,-2.4954,-44.309,13.932,16.379,3.7085,150.53,94.596,51.816,28.532,-5.6639
45.664,45.248,-1.7778,-47.523,14.919,18.805,2.6458,154.68,96.882,53.977,31.836,-4.5759
48.452,49.398,-1.1631,-50.891,16.063,21.266,1.5149,158.99,99.112,56.481,35.618,-3.3013
51.517,53.551,-0.67413,-54.402,17.353,23.664,0.28236,163.37,101.42,59.341,39.525,-1.8533
54.794,57.721,-0.31359,-58.022,18.747,25.957,-1.0848,167.68,103.88,62.443,43.346,-0.23995
58.206,61.918,-0.057524,-61.704,20.189,28.175,-2.6098,171.78,106.53,65.66,47.223,1.5471
61.656,66.133,0.13978,-65.399,21.619,30.412,-4.3026,175.51,109.29,68.936,51.434,3.541
65.031,70.364,0.33332,-69.088,22.989,32.791,-6.1626,178.74,112.06,72.253,56.151,5.806
68.259,74.651,0.57358,-72.79,24.274,35.422,-8.1846,181.44,114.72,75.597,61.376,8.4435
71.384,79.001,0.89589,-76.537,25.467,38.347,-10.364,183.65,117.24,78.972,67.023,11.601
74.525,83.302,1.315,-80.322,26.571,41.522,-12.698,185.47,119.63,82.418,73.003,15.464
77.778,87.396,1.8263,-84.063,27.589,44.819,-15.184,187.03,121.95,86.022,79.248,20.17
81.155,91.267,2.415,-87.638,28.522,48.048,-17.811,188.42,124.25,89.88,85.671,25.59
84.552,95.003,3.0694,-90.979,29.359,51.042,-20.542,189.68,126.54,94.002,92.138,31.239
87.797,98.666,3.7909,-94.115,30.085,53.745,-23.32,190.82,128.76,98.208,98.494,36.656
90.756,102.26,4.5941,-97.104,30.686,56.211,-26.074,191.79,130.86,102.21,104.61,41.754
93.401,105.77,5.4964,-99.978,31.158,58.544,-28.74,192.55,132.78,105.82,110.39,46.645
95.772,109.21,6.5067,-102.74,31.502,60.837,-31.286,193.01,134.5,109.07,115.75,51.401
97.913,112.59,7.6175,-105.39,31.728,63.146,-33.712,193.15,136.02,112.09,120.61,56.031
99.837,115.89,8.8069,-107.89,31.855,65.477,-36.03,192.98,137.36,115.0,124.93,60.533
101.53,119.07,10.059,-110.19,31.908,67.784,-38.246,192.53,138.51,117.79,128.74,64.913
102.98,122.09,11.39,-112.24,31.906,69.989,-40.343,191.84,139.45,120.4,132.05,69.166
104.18,124.89,12.836,-114.0,31.855,72.016,-42.291,190.94,140.17,122.72,134.84,73.224
105.18,127.41,14.392,-115.47,31.75,73.83,-44.052,189.85,140.67,124.7,136.97,76.94
105.96,129.6,15.978,-116.69,31.591,75.44,-45.603,188.53,140.97,126.32,138.39,80.146
106.56,131.43,17.497,-117.7,31.379,76.869,-46.934,186.95,141.13,127.61,139.16,82.753
106.94,132.88,18.921,-118.55,31.11,78.115,-48.055,185.07,141.16,128.58,139.44,84.783
107.11,133.94,20.291,-119.24,30.769,79.135,-48.988,182.84,141.11,129.25,139.38,86.329
107.04,134.64,21.666,-119.74,30.331,79.882,-49.755,180.2,140.98,129.64,139.06,87.509
106.69,135.04,23.07,-120.02,29.779,80.359,-50.364,177.09,140.77,129.82,138.54,88.436
106.03,135.15,24.48,-120.04,29.105,80.615,-50.804,173.48,140.46,129.86,137.88,89.185
105.02,135.01,25.836,-119.79,28.309,80.7,-51.045,169.37,140.0,129.8,137.11,89.76
103.61,134.62,27.074,-119.25,27.395,80.644,-51.048,164.86,139.34,129.64,136.25,90.099
101.8,133.99,28.136,-118.43,26.388,80.464,-50.774,160.15,138.44,129.36,135.27,90.118
99.671,133.13,28.998,-117.32,25.329,80.181,-50.196,155.53,137.24,128.9,134.13,89.77
97.378,132.1,29.686,-115.93,24.233,79.832,-49.305,151.24,135.71,128.25,132.75,89.063
95.026,130.92,30.272,-114.31,23.04,79.456,-48.104,147.37,133.85,127.44,131.07,88.033
92.609,129.62,30.846,-112.48,21.635,79.087,-46.602,143.92,131.74,126.49,129.07,86.724
90.032,128.19,31.501,-110.41,19.926,78.738,-44.8,140.81,129.46,125.39,126.79,85.169
87.158,126.56,32.303,-108.04,17.903,78.397,-42.684,137.94,127.1,124.14,124.24,83.37
83.883,124.63,33.259,-105.3,15.614,78.024,-40.235,135.26,124.73,122.68,121.35,81.269
80.199,122.24,34.321,-102.16,13.121,77.555,-37.442,132.7,122.39,120.92,117.99,78.738
76.213,119.27,35.411,-98.659,10.493,76.893,-34.332,130.2,120.06,118.73,114.01,75.633
72.061,115.72,36.459,-94.86,7.822,75.923,-30.976,127.69,117.65,115.96,109.31,71.935
67.832,111.78,37.416,-90.847,5.2142,74.548,-27.489,125.1,115.02,112.55,103.88,67.87
63.55,107.71,38.259,-86.737,2.7908,72.772,-23.992,122.35,112.02,108.59,97.86,63.796
59.213,103.57,38.945,-82.632,0.68273,70.748,-20.585,119.41,108.65,104.29,91.56,59.922
54.82,99.225,39.348,-78.537,-1.0019,68.629,-17.326,116.3,105.08,99.9,85.279,56.194
50.405,94.555,39.214,-74.359,-2.2374,66.387,-14.24,113.07,101.5,95.555,79.153,52.428
46.064,89.494,38.283,-69.968,-3.1003,63.823,-11.338,109.8,98.011,91.301,73.147,48.455
41.929,84.023,36.554,-65.272,-3.7036,60.701,-8.6297,106.57,94.564,87.125,67.151,44.191
38.082,78.176,34.303,-60.278,-4.1133,56.92,-6.1282,103.44,91.08,83.003,61.06,39.654
34.513,72.033,31.737,-55.12,-4.3374,52.624,-3.8441,100.43,87.508,78.928,54.801,34.961
31.221,65.695,28.813,-49.975,-4.365,48.076,-1.7842,97.532,83.855,74.902,48.358,30.28
28.218,59.277,25.365,-44.91,-4.2012,43.472,0.048221,94.689,80.19,70.92,41.785,25.768
25.406,52.892,21.317,-39.887,-3.8787,38.864,1.6543,91.828,76.624,66.959,35.243,21.534
22.578,46.585,16.857,-34.929,-3.4531,34.187,3.0418,88.876,73.26,62.977,29.041,17.653
19.507,40.283,12.447,-30.187,-2.9917,29.297,4.2286,85.781,70.137,58.933,23.527,14.19
16.096,33.886,8.5825,-25.846,-2.5601,24.04,5.2431,82.522,67.212,54.784,18.825,11.186
12.616,27.517,5.5159,-21.984,-2.2086,18.464,6.1212,79.114,64.4,50.459,14.75,8.6249
9.5989,21.594,3.1773,-18.478,-1.9629,13.054,6.9009,75.586,61.645,45.884,11.035,6.4314
7.2864,16.375,1.3318,-15.016,-1.8199,8.4711,7.6177,71.979,58.947,41.059,7.6201,4.506
5.5332,11.723,-0.21984,-11.359,-1.7514,5.044,8.301,68.339,56.346,36.143,4.7639,2.7765
4.1345,7.5881,-1.5876,-7.7922,-1.7151,2.6514,8.9728,64.716,53.887,31.401,2.6932,1.2083
2.9622,4.1885,-2.8371,-4.8542,-1.671,0.88238,9.6476,61.165,51.604,27.028,1.2879,-0.22019
1.9414,1.4798,-4.0142,-2.6207,-1.5955,-0.64619,10.333,57.735,49.495,23.038,0.28909,-1.5311
1.018,-0.83311,-5.1459,-0.84478,-1.4889,-2.1301,11.032,54.461,47.526,19.388,-0.47285,-2.7362
0.14729,-2.9686,-6.2439,0.69677,-1.3705,-3.6389,11.744,51.367,45.652,16.119,-1.0617,-3.837
-0.7058,-5.0284,-7.309,2.132,-1.2676,-5.1828,12.47,48.475,43.817,13.301,-1.4897,-4.8416
-1.5635,-7.0527,-8.3323,3.5223,-1.2035,-6.7418,13.2,45.812,41.956,10.915,-1.7582,-5.7685
-2.4334,-9.0506,-9.2975,4.888,-1.1913,-8.2795,13.919,43.404,40.017,8.8455,-1.8767,-6.6253
-3.308,-11.007,-10.187,6.2231,-1.2297,-9.7534,14.594,41.268,37.98,6.9561,-1.8687,-7.3897
-4.1663,-12.888,-10.992,7.5043,-1.3056,-11.124,15.186,39.404,35.882,5.1529,-1.7713,-8.014
-4.9798,-14.644,-11.71,8.7002,-1.4002,-12.358,15.66,37.804,33.786,3.4018,-1.6276,-8.4461
-5.719,-16.226,-12.343,9.7788,-1.4973,-13.435,15.998,36.464,31.749,1.7132,-1.4769,-8.6475
-6.36,-17.586,-12.89,10.713,-1.5884,-14.338,16.204,35.388,29.791,0.11736,-1.3467,-8.6066
-6.8851,-18.688,-13.334,11.483,-1.673,-15.054,16.303,34.578,27.898,-1.3562,-1.2499,-8.346
-7.2833,-19.501,-13.649,12.074,-1.7527,-15.578,16.324,34.017,26.05,-2.691,-1.1912,-7.9191
-7.5497,-20.007,-13.808,12.475,-1.8252,-15.909,16.29,33.657,24.243,-3.8854,-1.1752,-7.3945
-7.6842,-20.207,-13.801,12.681,-1.8822,-16.056,16.206,33.423,22.488,-4.9479,-1.2125,-6.8256
-7.689,-20.125,-13.648,12.693,-1.9105,-16.039,16.068,33.229,20.794,-5.8898,-1.32,-6.2226
-7.5697,-19.811,-13.387,12.528,-1.8969,-15.885,15.869,32.996,19.167,-6.7212,-1.5163,-5.5533
-7.3385,-19.331,-13.062,12.22,-1.8349,-15.629,15.601,32.662,17.614,-7.4483,-1.8171,-4.7797
-7.0175,-18.756,-12.709,11.814,-1.729,-15.31,15.265,32.188,16.139,-8.0737,-2.2319,-3.9076
-6.6378,-18.151,-12.354,11.357,-1.5955,-14.962,14.872,31.56,14.754,-8.5958,-2.7634,-3.0069
-6.2355,-17.558,-12.014,10.889,-1.4575,-14.607,14.447,30.779,13.469,-9.0086,-3.4079,-2.1811
-5.8449,-17.001,-11.7,10.441,-1.3371,-14.258,14.021,29.857,12.316,-9.3019,-4.1593,-1.5173
-5.4926,-16.484,-11.417,10.03,-1.2472,-13.918,13.626,28.796,11.33,-9.4649,-5.0117,-1.0578
-5.196,-16.004,-11.17,9.6638,-1.1875,-13.598,13.288,27.592,10.518,-9.4921,-5.959,-0.80251
-4.9634,-15.558,-10.968,9.3459,-1.1457,-13.317,13.023,26.227,9.8729,-9.3895,-6.9913,-0.72234
-4.797,-15.152,-10.823,9.0772,-1.1035,-13.098,12.84,24.687,9.3843,-9.175,-8.0921,-0.77263
-4.6941,-14.794,-10.748,8.8574,-1.0441,-12.953,12.745,22.97,9.0413,-8.8748,-9.2386,-0.9056
-4.6465,-14.485,-10.75,8.6804,-0.95804,-12.869,12.748,21.098,8.8314,-8.5162,-10.402,-1.0809
-4.6409,-14.211,-10.821,8.532,-0.8476,-12.811,12.863,19.121,8.7301,-8.1242,-11.549,-1.2714
-4.6588,-13.937,-10.931,8.389,-0.72773,-12.732,13.105,17.111,8.7069,-7.7194,-12.643,-1.4626
-4.6789,-13.615,-11.025,8.2218,-0.62365,-12.578,13.478,15.137,8.7232,-7.3188,-13.646,-1.6483
-4.6783,-13.193,-11.033,7.9987,-0.56494,-12.298,13.972,13.253,8.7363,-6.9337,-14.532,-1.8231
-4.634,-12.626,-10.884,7.6914,-0.57718,-11.845,14.557,11.492,8.7219,-6.5696,-15.284,-1.9789
-4.5238,-11.883,-10.523,7.2793,-0.67309,-11.189,15.187,9.8686,8.6794,-6.2268,-15.895,-2.1064
-4.3288,-10.949,-9.924,6.7514,-0.84684,-10.323,15.815,8.3884,8.6199,-5.9033,-16.358,-2.2005
-4.0367,-9.8291,-9.0958,6.1068,-1.0745,-9.2642,16.403,7.0529,8.558,-5.5979,-16.658,-2.2656
-3.6455,-8.5442,-8.0832,5.3554,-1.3216,-8.0517,16.937,5.8623,8.5118,-5.3123,-16.775,-2.3155
-3.1663,-7.13,-6.9556,4.5179,-1.5545,-6.7348,17.424,4.8163,8.492,-5.0494,-16.68,-2.3676
-2.6235,-5.6327,-5.7903,3.6253,-1.7508,-5.364,17.885,3.9145,8.5023,-4.8116,-16.347,-2.4344
-2.0523,-4.1041,-4.6558,2.7162,-1.9032,-3.9852,18.341,3.1548,8.5447,-4.5996,-15.755,-2.5185
-1.4928,-2.5976,-3.5994,1.8316,-2.018,-2.6383,18.799,2.5306,8.6262,-4.4121,-14.894,-2.6126
-0.98382,-1.1653,-2.6411,1.0097,-2.1112,-1.3597,19.254,2.0298,8.7634,-4.2469,-13.759,-2.7062
-0.55676,0.14444,-1.7758,0.28165,-2.2032,-0.18292,19.686,1.6361,8.9776,-4.1031,-12.359,-2.7923
-0.23134,1.2912,-0.98209,-0.33263,-2.3137,0.86221,20.07,1.3338,9.284,-3.982,-10.719,-2.8717
-0.014449,2.2492,-0.23803,-0.82663,-2.4566,1.7526,20.386,1.113,9.6789,-3.8858,-8.8907,-2.9528
0.098016,3.0103,0.46653,-1.2065,-2.6372,2.4754,20.616,0.97139,10.135,-3.8153,-6.941,-3.0479
0.1175,3.5814,1.1256,-1.486,-2.853,3.0311,20.754,0.91406,10.611,-3.7677,-4.9349,-3.1683
0.0595,3.9808,1.7208,-1.6801,-3.0938,3.4346,20.803,0.94994,11.068,-3.7355,-2.9119,-3.3186
-0.057628,4.2368,2.2294,-1.8031,-3.3429,3.7125,20.772,1.0883,11.491,-3.7078,-0.8822,-3.4926
-0.21167,4.3855,2.6352,-1.8702,-3.5771,3.8992,20.675,1.3366,11.893,-3.673,1.1607,-3.6715
-0.37475,4.4687,2.9361,-1.903,-3.7703,4.0337,20.52,1.7061,12.302,-3.6219,3.2269,-3.8267
-0.51372,4.5324,3.1482,-1.9312,-3.9001,4.1568,20.311,2.2031,12.741,-3.5498,5.3209,-3.9292
-0.59589,4.6226,3.3025,-1.9889,-3.9546,4.3081,20.052,2.8339,13.215,-3.4583,7.4319,-3.9615
-0.599,4.7779,3.4392,-2.1054,-3.9378,4.5193,19.746,3.6025,13.705,-3.3513,9.5257,-3.9238
-0.51939,5.0201,3.5973,-2.2955,-3.8704,4.8069,19.403,4.5103,14.178,-3.2335,11.547,-3.8305
-0.37306,5.3486,3.8056,-2.5551,-3.7856,5.1668,19.032,5.5533,14.606,-3.1088,13.432,-3.697
-0.19001,5.74,4.0752,-2.8615,-3.7206,5.5759,18.639,6.7359,14.972,-2.9796,15.125,-3.5285
-0.0051217,6.153,4.3987,-3.1796,-3.7058,5.9972,18.215,8.0687,15.269,-2.8482,16.587,-3.3157
0.15104,6.54,4.7539,-3.4716,-3.7562,6.3904,17.745,9.5654,15.499,-2.7178,17.796,-3.0404
0.25821,6.8591,5.112,-3.7067,-3.8672,6.7232,17.214,11.232,15.671,-2.5944,18.739,-2.6858
0.30757,7.0858,5.4461,-3.8673,-4.0168,6.9803,16.616,13.059,15.793,-2.4873,19.411,-2.2459
0.29955,7.2142,5.7368,-3.9485,-4.1743,7.1618,15.957,15.0,15.862,-2.4095,19.817,-1.7293
0.23979,7.2487,5.9724,-3.9536,-4.3104,7.2713,15.246,16.982,15.866,-2.3783,19.971,-1.1569
0.13531,7.1931,6.1445,-3.8878,-4.4053,7.3069,14.497,18.923,15.784,-2.4104,19.887,-0.55666
-0.008612,7.0461,6.244,-3.7547,-4.4525,7.2564,13.718,20.758,15.599,-2.5191,19.58,0.040681
-0.1892,6.8013,6.2595,-3.5545,-4.4566,7.1023,12.917,22.453,15.302,-2.7148,19.068,0.60407
-0.40487,6.451,6.1774,-3.2874,-4.4278,6.8295,12.098,23.998,14.902,-3.0044,18.365,1.104
-0.65328,5.9924,5.9868,-2.9569,-4.3766,6.4324,11.261,25.398,14.426,-3.3912,17.496,1.5162
-0.92971,5.4344,5.685,-2.5732,-4.3098,5.9218,10.403,26.646,13.914,-3.8744,16.495,1.8242
-1.226,4.8033,5.2862,-2.1539,-4.2301,5.3277,9.5151,27.702,13.397,-4.4475,15.4,2.0194
-1.5303,4.1411,4.8252,-1.7216,-4.1394,4.698,8.5865,28.495,12.884,-5.0979,14.249,2.098
-1.8287,3.4982,4.3548,-1.2994,-4.0442,4.0892,7.6117,28.929,12.355,-5.8079,13.071,2.0578
-2.109,2.9219,3.9338,-0.90732,-3.9576,3.5536,6.5914,28.927,11.776,-6.557,11.885,1.9001
-2.3629,2.4473,3.614,-0.55939,-3.8986,3.1282,5.5394,28.449,11.115,-7.3242,10.714,1.6327
-2.5872,2.0923,3.4304,-0.26258,-3.8881,2.8301,4.4804,27.51,10.364,-8.0921,9.5847,1.2734
-2.7838,1.8586,3.3988,-0.017899,-3.9441,2.6589,3.4434,26.171,9.5392,-8.8484,8.533,0.84828
-2.959,1.7362,3.5188,0.17784,-4.0777,2.6036,2.4541,24.526,8.6758,-9.5856,7.5934,0.3865
-3.1209,1.7096,3.7773,0.33025,-4.2899,2.6492,1.5295,22.652,7.8158,-10.301,6.7928,-0.083594
-3.2761,1.7639,4.1529,0.44522,-4.57,2.7817,0.67469,20.611,6.9955,-10.992,6.146,-0.53682
-3.428,1.8876,4.6206,0.52737,-4.8984,2.9901,-0.11875,18.451,6.2359,-11.663,5.6541,-0.95151
-3.5753,2.073,5.1522,0.57959,-5.2476,3.2645,-0.87701,16.225,5.5405,-12.313,5.3076,-1.3095
-3.7112,2.3129,5.7145,0.60292,-5.5849,3.5919,-1.6309,13.998,4.8984,-12.941,5.0894,-1.5967
-3.8245,2.5971,6.2658,0.59661,-5.8749,3.9525,-2.4131,11.849,4.293,-13.537,4.9793,-1.804
-3.9005,2.9096,6.7588,0.5587,-6.0847,4.3175,-3.2492,9.8498,3.7104,-14.083,4.9582,-1.9293
-3.9235,3.2289,7.1495,0.48754,-6.1901,4.6521,-4.1525,8.0405,3.1448,-14.56,5.01,-1.9788
-3.8819,3.5309,7.4102,0.38405,-6.1821,4.9232,-5.1311,6.4205,2.5995,-14.958,5.1207,-1.9668
-3.7732,3.7935,7.5422,0.25296,-6.0718,5.1115,-6.1814,4.9564,2.085,-15.277,5.2757,-1.9145
-3.6071,4.0007,7.5811,0.10371,-5.89,5.2199,-7.2837,3.5988,1.6133,-15.526,5.457,-1.847
-3.4031,4.1419,7.5801,-0.050052,-5.6774,5.2677,-8.4225,2.294,1.191,-15.716,5.642,-1.7903
-3.1825,4.2093,7.5773,-0.19214,-5.465,5.272,-9.5782,1.0007,0.81522,-15.854,5.8056,-1.7685
-2.9614,4.1935,7.5645,-0.30651,-5.2547,5.2322,-10.738,-0.29993,0.47536,-15.944,5.9232,-1.804
-2.7483,4.0824,7.4821,-0.37968,-5.0187,5.1257,-11.906,-1.6002,0.15977,-15.986,5.9726,-1.9161
-2.5471,3.8622,7.2431,-0.40137,-4.7175,4.9173,-13.101,-2.8691,-0.1378,-15.974,5.9352,-2.1196
-2.3594,3.5208,6.7701,-0.36348,-4.3215,4.5713,-14.352,-4.0638,-0.41614,-15.897,5.7991,-2.4217
-2.1877,3.0499,6.0234,-0.25849,-3.8208,4.064,-15.71,-5.1456,-0.66977,-15.74,5.5593,-2.8196
-2.0383,2.4481,5.014,-0.07876,-3.2276,3.3901,-17.234,-6.097,-0.895,-15.486,5.2188,-3.3009
-1.9228,1.7213,3.802,0.1827,-2.5763,2.5646,-18.979,-6.9286,-1.0943,-15.122,4.7883,-3.844
-1.8571,0.88492,2.4873,0.52969,-1.9212,1.6223,-20.983,-7.6722,-1.2766,-14.646,4.2841,-4.4213
-1.8582,-0.034063,1.1918,0.96015,-1.3268,0.61288,-23.258,-8.3647,-1.453,-14.064,3.7279,-5.0016
-1.9378,-0.99743,0.030149,1.4627,-0.85388,-0.40452,-25.766,-9.038,-1.631,-13.387,3.1444,-5.551
-2.0964,-1.9586,-0.91966,2.0148,-0.5426,-1.3714,-28.454,-9.7135,-1.8108,-12.631,2.5597,-6.0347
-2.318,-2.8687,-1.6345,2.5834,-0.39907,-2.2399,-31.234,-10.405,-1.9847,-11.812,1.9985,-6.4184
-2.5718,-3.6837,-2.1446,3.1285,-0.39291,-2.9794,-34.019,-11.127,-2.1408,-10.946,1.4836,-6.6737
-2.8184,-4.3697,-2.5124,3.6089,-0.46662,-3.5775,-36.732,-11.888,-2.2671,-10.053,1.0326,-6.783
-3.0203,-4.9048,-2.802,3.9883,-0.55409,-4.0357,-39.324,-12.699,-2.354,-9.1562,0.65772,-6.7424
-3.1488,-5.278,-3.0536,4.2419,-0.60243,-4.3596,-41.779,-13.561,-2.3952,-8.2772,0.36806,-6.5599
-3.1868,-5.4861,-3.2766,4.3586,-0.58753,-4.5494,-44.1,-14.471,-2.388,-7.4321,0.16981,-6.2497
-3.129,-5.5305,-3.4562,4.3406,-0.51299,-4.5998,-46.318,-15.412,-2.3333,-6.63,0.066326,-5.8264
-2.9803,-5.4174,-3.564,4.1981,-0.39745,-4.5068,-48.49,-16.368,-2.2368,-5.8744,0.057583,-5.3027
-2.7516,-5.1577,-3.567,3.9436,-0.26548,-4.2744,-50.676,-17.322,-2.1075,-5.165,0.13956,-4.6925
-2.4532,-4.7676,-3.4385,3.5895,-0.14059,-3.9155,-52.94,-18.262,-1.9558,-4.4999,0.30399,-4.0192
-2.0922,-4.2692,-3.1748,3.1508,-0.035035,-3.453,-55.346,-19.183,-1.7912,-3.8754,0.53879,-3.3182
-1.6775,-3.6929,-2.8086,2.6481,0.055362,-2.9219,-57.927,-20.08,-1.6223,-3.2864,0.82947,-2.6345
-1.2258,-3.0785,-2.4092,2.1107,0.1466,-2.3704,-60.703,-20.95,-1.4568,-2.7269,1.1604,-2.0144
-0.76336,-2.4733,-2.063,1.5749,0.25811,-1.8558,-63.658,-21.78,-1.3022,-2.1928,1.5143,-1.4966
-0.32119,-1.9264,-1.8449,1.0795,0.40641,-1.4353,-66.739,-22.557,-1.1657,-1.6831,1.8708,-1.1046
0.070356,-1.483,-1.7968,0.66022,0.59724,-1.1557,-69.857,-23.247,-1.0531,-1.1982,2.2048,-0.84241
0.38402,-1.1777,-1.9204,0.34565,0.81705,-1.0449,-72.917,-23.814,-0.9685,-0.7334,2.4885,-0.69712
0.59588,-1.0314,-2.1796,0.15532,1.0305,-1.1071,-75.84,-24.222,-0.914,-0.27404,2.6948,-0.6443
0.68612,-1.0492,-2.5089,0.098517,1.1884,-1.3217,-78.587,-24.45,-0.89008,0.20405,2.8042,-0.65713
0.6421,-1.2212,-2.8262,0.17489,1.2418,-1.6502,-81.172,-24.483,-0.89509,0.72627,2.8069,-0.7119
0.46278,-1.5256,-3.0571,0.37551,1.1583,-2.0468,-83.627,-24.317,-0.92556,1.3105,2.7029,-0.79001
0.16184,-1.9351,-3.1583,0.68406,0.93509,-2.4724,-86.006,-23.949,-0.97695,1.9619,2.4986,-0.87765
-0.23291,-2.4211,-3.1314,1.0776,0.60254,-2.9028,-88.379,-23.374,-1.0445,2.6751,2.2019,-0.96467
-0.68309,-2.9572,-3.0193,1.527,0.21606,-3.33,-90.821,-22.59,-1.1235,3.4387,1.8229,-1.0435
-1.1455,-3.5189,-2.8875,1.9983,-0.15947,-3.756,-93.408,-21.602,-1.2098,4.2382,1.3736,-1.1084
-1.5773,-4.0814,-2.799,2.4559,-0.4665,-4.1847,-96.205,-20.425,-1.3022,5.055,0.86755,-1.154
-1.9405,-4.6173,-2.7943,2.8673,-0.66491,-4.612,-99.246,-19.082,-1.3977,5.8645,0.32086,-1.1742
-2.2055,-5.0952,-2.8879,3.2064,-0.73329,-5.0209,-102.52,-17.612,-1.4936,6.6383,-0.24676,-1.1624
-2.3531,-5.4836,-3.0764,3.4537,-0.66539,-5.3832,-105.97,-16.056,-1.5873,7.3497,-0.8119,-1.1138
-2.3734,-5.7568,-3.3485,3.5948,-0.46487,-5.6714,-109.51,-14.458,-1.6772,7.9787,-1.3483,-1.0303
-2.2614,-5.9026,-3.6896,3.6203,-0.1383,-5.87,-113.03,-12.864,-1.7639,8.5121,-1.8286,-0.92345
-2.0142,-5.9252,-4.0848,3.5278,0.31078,-5.9819,-116.42,-11.323,-1.8513,8.9375,-2.2274,-0.81233
-1.6328,-5.8427,-4.5204,3.323,0.88147,-6.0255,-119.61,-9.8857,-1.9458,9.2383,-2.5256,-0.71704
-1.1265,-5.6808,-4.9806,3.0201,1.5687,-6.0257,-122.56,-8.5999,-2.0526,9.3952,-2.7151,-0.65113
-0.51556,-5.4654,-5.4441,2.6403,2.3555,-6.0055,-125.24,-7.4987,-2.1723,9.3964,-2.8038,-0.61805
0.16805,-5.2182,-5.8868,2.2098,3.2086,-5.9809,-127.63,-6.5914,-2.2997,9.2467,-2.8145,-0.61447
0.88324,-4.9557,-6.2889,1.7578,4.0802,-5.9602,-129.71,-5.8742,-2.4251,8.9692,-2.7799,-0.63806
1.5845,-4.691,-6.6428,1.3141,4.9144,-5.9458,-131.45,-5.3303,-2.5377,8.5992,-2.7346,-0.69334
2.228,-4.4365,-6.9542,0.90617,5.656,-5.9385,-132.8,-4.9371,-2.6278,8.1765,-2.7125,-0.79151
2.7765,-4.207,-7.2363,0.5574,6.2612,-5.9432,-133.7,-4.6723,-2.6875,7.7385,-2.748,-0.94602
3.2034,-4.0201,-7.502,0.2866,6.7071,-5.9707,-134.04,-4.5171,-2.7088,7.3178,-2.8781,-1.1675
3.4927,-3.8941,-7.7592,0.10781,6.9978,-6.0342,-133.75,-4.4581,-2.6837,6.9408,-3.1384,-1.4602
3.6388,-3.8432,-8.0071,0.030608,7.1607,-6.1432,-132.74,-4.4858,-2.6069,6.6268,-3.5543,-1.8195
3.6435,-3.8726,-8.2319,0.060327,7.2256,-6.2969,-130.97,-4.5915,-2.4768,6.3872,-4.1329,-2.2304
3.5127,-3.976,-8.4018,0.19793,7.1968,-6.4791,-128.44,-4.7632,-2.2966,6.2271,-4.8612,-2.668
3.2542,-4.1358,-8.4693,0.43846,7.0422,-6.658,-125.27,-4.9843,-2.0751,6.1482,-5.716,-3.0998
2.879,-4.3266,-8.3807,0.76839,6.7132,-6.7921,-121.62,-5.2348,-1.8248,6.1536,-6.6719,-3.491
2.4039,-4.5198,-8.0916,1.1638,6.1803,-6.8439,-117.67,-5.495,-1.566,6.2499,-7.7012,-3.8122
1.853,-4.6901,-7.5834,1.5923,5.4547,-6.7921,-113.53,-5.7477,-1.3205,6.446,-8.7672,-4.0452
1.2554,-4.8195,-6.8748,2.019,4.5823,-6.6361,-109.29,-5.9805,-1.1046,6.7469,-9.8207,-4.1843
0.64088,-4.8989,-6.0227,2.414,3.6252,-6.3924,-104.99,-6.1871,-0.92017,7.1466,-10.803,-4.2311
0.036562,-4.9253,-5.1114,2.7559,2.6449,-6.0838,-100.73,-6.3663,-0.75183,7.6254,-11.654,-4.1864
-0.53229,-4.8963,-4.2292,3.0307,1.6976,-5.73,-96.646,-6.5216,-0.5724,8.1528,-12.322,-4.0437
-1.0395,-4.8053,-3.4454,3.2269,0.8356,-5.3418,-92.892,-6.6579,-0.35605,8.695,-12.772,-3.7896
-1.4571,-4.64,-2.7974,3.3325,0.11059,-4.922,-89.653,-6.7792,-0.091323,9.2214,-12.998,-3.4103
-1.7578,-4.3861,-2.2904,3.335,-0.43173,-4.4706,-87.063,-6.8872,0.21237,9.707,-13.016,-2.9005
-1.9205,-4.0304,-1.9014,3.2233,-0.76698,-3.9892,-85.171,-6.9814,0.5277,10.134,-12.856,-2.2699
-1.9347,-3.5654,-1.5872,2.9906,-0.9063,-3.4784,-83.938,-7.06,0.81905,10.493,-12.545,-1.5419
-1.8025,-2.9916,-1.2946,2.6368,-0.89452,-2.9355,-83.277,-7.12,1.0527,10.779,-12.097,-0.74886
-1.5372,-2.32,-0.97299,2.1711,-0.79245,-2.3561,-83.099,-7.1585,1.199,10.987,-11.505,0.073993
-1.1589,-1.574,-0.58645,1.6129,-0.6557,-1.7406,-83.348,-7.1721,1.2441,11.11,-10.755,0.89312
-0.69012,-0.78875,-0.12906,0.99159,-0.51882,-1.1024,-83.997,-7.1567,1.184,11.134,-9.8455,1.6793
-0.15192,-0.0064794,0.36544,0.3422,-0.38779,-0.47222,-85.044,-7.1082,1.0228,11.045,-8.7975,2.4088
0.4365,0.73079,0.8277,-0.29978,-0.24242,0.10526,-86.501,-7.0232,0.76921,10.832,-7.6648,3.0621
1.0557,1.3884,1.1709,-0.9039,-0.047843,0.58076,-88.375,-6.9008,0.43357,10.495,-6.5199,3.6213
1.6845,1.9414,1.3131,-1.4476,0.23026,0.91143,-90.666,-6.744,0.024763,10.038,-5.4349,4.0656
2.3011,2.3711,1.1954,-1.9154,0.61281,1.0672,-93.355,-6.5611,-0.44977,9.478,-4.4634,4.37
2.8834,2.6604,0.79321,-2.2958,1.1,1.0319,-96.393,-6.3641,-0.981,8.834,-3.6319,4.508
3.409,2.7933,0.12406,-2.579,1.6689,0.80319,-99.7,-6.1653,-1.5539,8.131,-2.9447,4.458
3.8546,2.7607,-0.75393,-2.7565,2.2761,0.39639,-103.18,-5.9738,-2.1455,7.3948,-2.3943,4.2102
4.1983,2.5676,-1.7514,-2.8241,2.8641,-0.15266,-106.74,-5.7927,-2.728,6.6503,-1.972,3.7724
4.4248,2.2365,-2.7645,-2.7857,3.373,-0.79026,-110.3,-5.6194,-3.2765,5.9169,-1.6725,3.1707
4.5297,1.805,-3.6934,-2.6548,3.7543,-1.4551,-113.79,-5.4465,-3.7773,5.2065,-1.4961,2.4461
4.52,1.3182,-4.4583,-2.4529,3.9807,-2.0898,-117.16,-5.2656,-4.2328,4.5244,-1.4486,1.6466
4.4094,0.82114,-5.0089,-2.2035,4.0493,-2.648,-120.38,-5.0716,-4.6589,3.8735,-1.5399,0.82078
4.2132,0.35279,-5.3277,-1.9295,3.9786,-3.0978,-123.37,-4.8653,-5.0777,3.2574,-1.7794,0.012275
3.9463,-0.057091,-5.4286,-1.6508,3.8011,-3.4213,-126.1,-4.6542,-5.5063,2.6814,-2.1709,-0.74332
3.6252,-0.39062,-5.3488,-1.3839,3.5529,-3.614,-128.5,-4.4494,-5.9492,2.1502,-2.7075,-1.4183
3.2691,-0.64216,-5.1371,-1.1414,3.2642,-3.6824,-130.54,-4.2614,-6.3884,1.6646,-3.3713,-1.9894
2.9006,-0.817,-4.8437,-0.93133,2.9564,-3.6419,-132.16,-4.094,-6.7986,1.2203,-4.1366,-2.434
2.5427,-0.928,-4.5136,-0.75738,2.6495,-3.5143,-133.29,-3.9405,-7.1431,0.81075,-4.9749,-2.7299
2.2156,-0.99109,-4.1829,-0.62038,2.3676,-3.3257,-133.81,-3.7845,-7.3903,0.43148,-5.8574,-2.8581
1.9338,-1.0209,-3.8758,-0.5197,2.1318,-3.102,-133.57,-3.6056,-7.5191,0.083138,-6.755,-2.8073
1.7028,-1.028,-3.6028,-0.45387,1.9498,-2.8652,-132.41,-3.3879,-7.526,-0.22866,-7.6372,-2.5793
1.5209,-1.0183,-3.363,-0.42031,1.813,-2.6307,-130.18,-3.1281,-7.4272,-0.49657,-8.4718,-2.1914
1.3818,-0.99308,-3.1528,-0.41529,1.7037,-2.4059,-126.91,-2.8378,-7.2531,-0.71508,-9.2283,-1.6747
1.2783,-0.94968,-2.9737,-0.43473,1.6044,-2.1929,-122.81,-2.5388,-7.0373,-0.88193,-9.8816,-1.0669
1.2059,-0.88191,-2.8351,-0.476,1.5062,-1.9902,-118.15,-2.2538,-6.8069,-0.99734,-10.415,-0.40339
1.163,-0.78172,-2.7468,-0.53905,1.4134,-1.795,-113.11,-1.9968,-6.5773,-1.0623,-10.822,0.28862
1.1516,-0.64181,-2.7096,-0.62558,1.3425,-1.6041,-107.75,-1.7697,-6.3532,-1.0774,-11.102,0.99057
1.1739,-0.45856,-2.7131,-0.73637,1.3126,-1.4135,-102.02,-1.5652,-6.1329,-1.042,-11.256,1.6875
1.2282,-0.23381,-2.7375,-0.86829,1.3293,-1.2174,-95.856,-1.3727,-5.9135,-0.95485,-11.29,2.3618
1.3046,0.02722,-2.7514,-1.0134,1.3729,-1.0062,-89.214,-1.1836,-5.6934,-0.81309,-11.215,2.9889
1.3845,0.3194,-2.7061,-1.1606,1.4003,-0.76278,-82.073,-0.99411,-5.4715,-0.61329,-11.044,3.5391
1.4444,0.64025,-2.5376,-1.2991,1.3588,-0.46273,-74.514,-0.80336,-5.2442,-0.35249,-10.799,3.9823
1.4628,0.98753,-2.1852,-1.4212,1.2022,-0.082636,-66.818,-0.61145,-5.0046,-0.030794,-10.503,4.2972
1.426,1.3533,-1.6202,-1.5221,0.90879,0.38531,-59.473,-0.41787,-4.7442,0.34606,-10.178,4.4786
1.3317,1.7191,-0.86794,-1.5984,0.49132,0.92159,-52.949,-0.22189,-4.4574,0.7678,-9.8454,4.5411
1.1881,2.0556,-0.012905,-1.646,-0.0037757,1.4775,-47.419,-0.023959,-4.144,1.2194,-9.526,4.5157
1.0105,2.3277,0.81927,-1.6598,-0.50798,1.9849,-42.709,0.17215,-3.8148,1.6871,-9.2395,4.4409
0.81669,2.5011,1.4969,-1.6352,-0.94864,2.3731,-38.499,0.35694,-3.4786,2.1618,-8.999,4.3544
0.62278,2.5508,1.9193,-1.5688,-1.267,2.588,-34.551,0.5135,-3.1464,2.6385,-8.8076,4.2889
0.44022,2.4668,2.0408,-1.4606,-1.4304,2.6048,-30.818,0.61845,-2.83,3.113,-8.66,4.2713
0.27428,2.2573,1.8744,-1.3148,-1.4367,2.4327,-27.393,0.64676,-2.5418,3.578,-8.5474,4.3223
0.12453,1.9486,1.4829,-1.1397,-1.3132,2.1106,-24.393,0.5779,-2.2926,4.0212,-8.4647,4.4524
-0.013736,1.5802,0.96187,-0.94727,-1.1092,1.6986,-21.874,0.40607,-2.0891,4.4263,-8.414,4.6582
-0.14704,1.1967,0.41782,-0.75061,-0.88149,1.2649,-19.815,0.1412,-1.9321,4.777,-8.4031,4.9191
-0.28067,0.83737,-0.057373,-0.56156,-0.67821,0.87043,-18.162,-0.19346,-1.8179,5.0602,-8.4394,5.1992
-0.41703,0.52812,-0.40629,-0.38814,-0.53028,0.55594,-16.85,-0.56719,-1.7402,5.2695,-8.5233,5.4541
-0.5563,0.27939,-0.61388,-0.23385,-0.45079,0.33853,-15.814,-0.94855,-1.6935,5.4043,-8.643,5.6428
-0.69864,0.0903,-0.69718,-0.098958,-0.44002,0.21667,-14.99,-1.3119,-1.6736,5.4675,-8.7776,5.7381
-0.84618,-0.042751,-0.6747,0.016994,-0.4951,0.1827,-14.313,-1.6415,-1.6789,5.4608,-8.9051,5.7326
-1.0036,-0.11838,-0.53933,0.11305,-0.61972,0.23568,-13.719,-1.9333,-1.711,5.3838,-9.0117,5.6316
-1.1763,-0.12852,-0.2622,0.18626,-0.82533,0.38394,-13.155,-2.192,-1.7746,5.2332,-9.0952,5.4457
-1.3669,-0.064048,0.17929,0.23289,-1.1203,0.63481,-12.578,-2.4268,-1.8779,5.0056,-9.1621,5.1829
-1.5716,0.076505,0.77314,0.25036,-1.4958,0.98084,-11.963,-2.6457,-2.0302,4.7003,-9.2206,4.8468
-1.778,0.28129,1.4626,0.23872,-1.9186,1.3929,-11.293,-2.8522,-2.2385,4.3229,-9.2743,4.4384
-1.9667,0.52633,2.1579,0.20052,-2.3358,1.8239,-10.558,-3.0454,-2.5039,3.8874,-9.3203,3.961
-2.1159,0.7828,2.7616,0.13939,-2.6877,2.2212,-9.7451,-3.2225,-2.82,3.4144,-9.3486,3.4223
-2.2063,1.0267,3.1961,0.058279,-2.9244,2.5414,-8.8444,-3.3826,-3.175,2.9288,-9.3436,2.8359
-2.2259,1.2449,3.4245,-0.041484,-3.0192,2.7629,-7.845,-3.529,-3.5559,2.4531,-9.2842,2.2188
-2.1737,1.438,3.4608,-0.15996,-2.9751,2.8912,-6.7397,-3.6689,-3.9515,2.0058,-9.1443,1.5896
-2.059,1.617,3.3635,-0.2977,-2.824,2.9554,-5.5278,-3.8102,-4.3548,1.5983,-8.8935,0.9668
-1.9,1.7978,3.2179,-0.45401,-2.6171,2.998,-4.216,-3.9555,-4.7627,1.2354,-8.5017,0.36931
-1.7183,1.9942,3.1097,-0.62615,-2.4112,3.0607,-2.8179,-4.0976,-5.1753,0.91739,-7.9454,-0.18243
-1.5344,2.2124,3.1002,-0.80899,-2.2528,3.172,-1.3486,-4.215,-5.5948,0.6432,-7.216,-0.6674
-1.3631,2.4486,3.2094,-0.99548,-2.1671,3.3392,0.18366,-4.2816,-6.0248,0.41208,-6.323,-1.0679
-1.2117,2.6905,3.4139,-1.1776,-2.153,3.5486,1.7827,-4.2722,-6.4692,0.22401,-5.2915,-1.3735
-1.0822,2.922,3.6604,-1.3478,-2.1899,3.7716,3.4655,-4.171,-6.9321,0.078155,-4.1509,-1.582
-0.97467,3.129,3.8903,-1.5,-2.2503,3.9787,5.2577,-3.978,-7.4162,-0.029237,-2.9204,-1.6973
-0.8902,3.3046,4.0661,-1.6302,-2.3119,4.1503,7.1862,-3.7093,-7.9213,-0.10586,-1.5997,-1.7274
-0.83083,3.4492,4.1828,-1.7368,-2.3639,4.2825,9.2698,-3.3911,-8.4423,-0.16214,-0.17491,-1.6836
-0.79771,3.5679,4.2601,-1.82,-2.4052,4.3827,11.511,-3.0507,-8.967,-0.20867,1.3622,-1.583
-0.78919,3.6651,4.3235,-1.8809,-2.4392,4.4611,13.896,-2.7083,-9.4773,-0.25382,2.9989,-1.4456
-0.80057,3.7424,4.3892,-1.9208,-2.4691,4.5241,16.398,-2.3711,-9.9531,-0.30265,4.6968,-1.2936
-0.82547,3.7977,4.4593,-1.9408,-2.4967,4.5728,18.986,-2.0333,-10.38,-0.35708,6.3935,-1.1474
-0.85775,3.8281,4.5262,-1.9421,-2.5221,4.6055,21.645,-1.6785,-10.76,-0.41672,8.0087,-1.0226
-0.89284,3.8327,4.5807,-1.9269,-2.5446,4.6204,24.381,-1.2862,-11.111,-0.47986,9.4553,-0.92931
-0.92814,3.8141,4.6173,-1.8985,-2.5635,4.6181,27.236,-0.83722,-11.467,-0.54415,10.658,-0.87294
-0.96272,3.7787,4.6361,-1.8613,-2.579,4.602,30.286,-0.32081,-11.862,-0.60787,11.568,-0.85615
-0.9965,3.7344,4.6418,-1.8203,-2.5921,4.5777,33.627,0.26176,-12.323,-0.66865,12.169,-0.87934
-1.0294,3.6891,4.6407,-1.7799,-2.6041,4.5513,37.343,0.89652,-12.859,-0.724,12.468,-0.93989
-1.0607,3.6483,4.6378,-1.7436,-2.6157,4.5271,41.452,1.561,-13.468,-0.77434,12.484,-1.0313
-1.089,3.6141,4.6349,-1.7131,-2.6269,4.5061,45.869,2.2311,-14.133,-0.82306,12.233,-1.1444
-1.113,3.5836,4.6299,-1.6871,-2.6368,4.4853,50.396,2.8873,-14.831,-0.87741,11.731,-1.2701
-1.133,3.5485,4.6181,-1.6598,-2.6441,4.4575,54.787,3.5167,-15.528,-0.94822,11.012,-1.4029
-1.152,3.495,4.5943,-1.6203,-2.6484,4.4133,58.822,4.1096,-16.197,-1.0479,10.136,-1.5422
-1.1778,3.4071,4.5558,-1.5537,-2.6509,4.3441,62.374,4.6578,-16.822,-1.187,9.1815,-1.6904
-1.2227,3.2694,4.5042,-1.4429,-2.6554,4.245,65.406,5.1511,-17.393,-1.3712,8.2202,-1.8503
-1.3025,3.0705,4.4429,-1.2732,-2.6676,4.1143,67.944,5.5776,-17.91,-1.6007,7.3095,-2.0228
-1.4336,2.8039,4.3729,-1.0341,-2.6942,3.9508,70.047,5.9257,-18.38,-1.8735,6.4902,-2.2079
-1.6298,2.468,4.29,-0.72108,-2.7418,3.7507,71.785,6.1844,-18.814,-2.1892,5.7863,-2.4058
-1.9007,2.0652,4.1873,-0.3334,-2.8162,3.5077,73.236,6.3451,-19.225,-2.5511,5.2106,-2.6178
-2.2528,1.6001,4.0601,0.1268,-2.9237,3.2153,74.47,6.4026,-19.637,-2.9647,4.7692,-2.8453
-2.6895,1.0778,3.9086,0.65584,-3.0759,2.8701,75.539,6.3579,-20.076,-3.4341,4.4626,-3.0909
-3.2112,0.50534,3.7414,1.2478,-3.2916,2.4761,76.459,6.2192,-20.574,-3.9573,4.2837,-3.3558
-3.814,-0.10375,3.5835,1.8921,-3.5953,2.0504,77.218,6.002,-21.148,-4.5244,4.2193,-3.638
-4.4869,-0.72435,3.4808,2.5694,-4.0101,1.6253,77.787,5.7266,-21.788,-5.1163,4.2535,-3.9282
-5.2086,-1.3177,3.4919,3.2484,-4.5488,1.2471,78.141,5.414,-22.45,-5.706,4.374,-4.208
-5.9453,-1.8352,3.6684,3.8864,-5.2045,0.96701,78.279,5.0837,-23.072,-6.2607,4.5774,-4.45
-6.6514,-2.2263,4.0349,4.435,-5.946,0.82963,78.225,4.7541,-23.596,-6.7437,4.8737,-4.6241
-7.2749,-2.4485,4.5761,4.8493,-6.7194,0.86231,78.023,4.4469,-23.987,-7.1192,5.2891,-4.707
-7.7637,-2.4748,5.2356,5.0973,-7.456,1.0696,77.724,4.1889,-24.228,-7.3536,5.865,-4.69
-8.0734,-2.2969,5.9288,5.1641,-8.0847,1.4329,77.366,4.0084,-24.323,-7.4184,6.6514,-4.5764
-8.175,-1.9246,6.5664,5.0504,-8.5454,1.9153,76.976,3.9261,-24.288,-7.2917,7.6899,-4.3709
-8.0603,-1.3817,7.0812,4.769,-8.8,2.4703,76.563,3.9476,-24.16,-6.9613,8.9903,-4.0717
-7.7439,-0.70079,7.4448,4.3404,-8.8406,3.0515,76.125,4.0619,-23.985,-6.425,10.516,-3.6719
-7.2591,0.081353,7.6677,3.7886,-8.6898,3.6194,75.66,4.2465,-23.8,-5.6928,12.201,-3.1669
-6.6506,0.92571,7.7873,3.1405,-8.3963,4.1455,75.169,4.4763,-23.632,-4.7882,13.986,-2.5609
-5.9626,1.7924,7.8516,2.4257,-8.0224,4.6144,74.663,4.7314,-23.488,-3.747,15.849,-1.8688
-5.2308,2.6422,7.9079,1.6776,-7.6264,5.0254,74.156,5.0012,-23.367,-2.6125,17.788,-1.1128
-4.4794,3.4389,7.9936,0.93134,-7.2455,5.3891,73.658,5.2845,-23.253,-1.4273,19.786,-0.31561
-3.727,4.1537,8.1246,0.21836,-6.8888,5.7145,73.161,5.5911,-23.126,-0.22763,21.784,0.50686
-2.9925,4.7703,8.2803,-0.44218,-6.5434,5.9934,72.646,5.9427,-22.952,0.95642,23.67,1.3497
-2.2896,5.291,8.3958,-1.0514,-6.186,6.1988,72.093,6.3748,-22.691,2.1011,25.302,2.2202
-1.6142,5.743,8.3812,-1.6347,-5.7882,6.3054,71.497,6.9379,-22.293,3.1911,26.548,3.1367
-0.93674,6.1858,8.1621,-2.2432,-5.3139,6.3172,70.885,7.6943,-21.708,4.2239,27.322,4.1267
-0.20447,6.7296,7.7233,-2.958,-4.7246,6.2902,70.311,8.7122,-20.901,5.2108,27.608,5.225
0.64885,7.5771,7.1204,-3.9084,-3.9993,6.343,69.838,10.056,-19.861,6.1715,27.464,6.4705
1.6947,9.0425,6.4398,-5.2802,-3.1486,6.6315,69.506,11.774,-18.618,7.1279,27.017,7.8986
3.0084,11.252,5.7488,-7.1962,-2.2094,7.2117,69.299,13.867,-17.256,8.1072,26.456,9.527
4.6718,13.512,5.1035,-9.4351,-1.2301,7.8929,69.137,16.257,-15.887,9.1622,26.017,11.334
6.7616,15.296,4.6081,-11.64,-0.26039,8.5641,68.895,18.764,-14.63,10.369,25.921,13.235
9.306,17.189,4.4125,-13.857,0.65579,9.4505,68.434,21.156,-13.578,11.758,26.272,15.082
12.241,19.663,4.6139,-16.347,1.4866,10.67,67.633,23.229,-12.781,13.243,27.008,16.718
15.422,22.801,5.2216,-19.329,2.216,12.275,66.402,24.871,-12.252,14.717,28.001,18.043
18.68,26.975,6.2354,-23.042,2.8505,14.677,64.686,26.073,-11.981,16.149,29.17,19.034
21.877,33.074,7.6549,-27.753,3.4307,18.306,62.466,26.896,-11.959,17.566,30.501,19.724
24.907,41.379,9.3573,-33.433,4.0327,22.868,59.756,27.416,-12.183,19.015,32.004,20.166
27.684,50.397,11.037,-39.44,4.7511,27.523,56.618,27.678,-12.66,20.526,33.667,20.398
30.123,57.931,12.3,-44.752,5.669,31.38,53.153,27.671,-13.393,22.056,35.426,20.427
32.143,62.414,12.796,-48.44,6.8303,33.64,49.497,27.351,-14.345,23.45,37.132,20.237
33.69,63.056,12.277,-49.943,8.2236,33.691,45.796,26.673,-15.413,24.462,38.548,19.8
34.747,59.744,10.6,-49.117,9.7759,31.283,42.185,25.619,-16.57,24.819,39.4,19.099
35.312,52.989,7.8051,-46.136,11.361,26.707,38.755,24.2,-18.296,24.306,39.465,18.135
35.341,43.881,4.2125,-41.306,12.83,20.928,35.531,22.446,-21.582,22.846,38.63,16.922
34.699,34.569,0.33083,-35.347,14.058,15.414,32.478,20.382,-26.354,20.53,36.901,15.482
33.31,27.968,-3.3405,-30.055,14.98,10.999,29.526,18.028,-31.4,17.638,34.402,13.838
31.523,23.904,-6.4632,-26.414,15.626,7.3187,26.607,15.406,-36.202,14.579,31.377,12.027
29.85,20.378,-8.8906,-23.57,16.122,3.9769,23.691,12.568,-40.873,11.706,28.152,10.107
28.32,16.684,-10.561,-20.868,16.604,1.0801,20.808,9.6133,-45.615,9.1313,25.0,8.1603
26.643,12.862,-11.418,-18.128,17.012,-1.0777,18.035,6.6836,-51.969,6.7784,22.024,6.2831
24.518,9.0121,-11.516,-15.186,17.02,-2.385,15.469,3.9129,-59.913,4.53,19.195,4.5636
21.709,5.3298,-11.093,-11.821,16.249,-3.1744,13.185,1.3696,-66.41,2.3209,16.433,3.0557
18.086,2.2469,-10.385,-8.0463,14.536,-3.88,11.219,-0.95943,-71.448,0.19382,13.657,1.7696
13.703,-0.15321,-9.4771,-4.3387,12.007,-4.6174,9.5723,-3.1289,-74.568,-1.7256,10.878,0.68086
8.8395,-2.1646,-8.394,-1.1296,8.967,-5.3287,8.2173,-5.1919,-74.359,-3.3514,8.2342,-0.25268
3.9108,-3.991,-7.1893,1.5872,5.7457,-5.9573,7.1117,-7.1869,-69.05,-4.6899,5.8858,-1.0783
-0.68714,-5.709,-5.9504,3.9915,2.6326,-6.486,6.2076,-9.1389,-57.281,-5.7978,3.8735,-1.8405
-4.6727,-7.3453,-4.7722,6.2044,-0.13476,-6.9324,5.459,-11.061,-38.5,-6.7366,2.1297,-2.5764
-7.883,-8.9147,-3.7436,8.2685,-2.3812,-7.3337,4.8258,-12.951,-13.508,-7.5549,0.5572,-3.3132
-10.261,-10.431,-2.9418,10.185,-4.0205,-7.7289,4.2733,-14.8,15.289,-8.2845,-0.91954,-4.0676
-11.881,-11.91,-2.4206,11.944,-5.063,-8.1469,3.7692,-16.595,44.425,-8.9423,-2.3393,-4.851
-12.967,-13.361,-2.2006,13.541,-5.5915,-8.6025,3.2797,-18.336,70.473,-9.534,-3.7093,-5.6751
-13.812,-14.781,-2.2647,14.997,-5.7501,-9.0982,2.7673,-20.036,91.114,-10.059,-5.0204,-6.5572
-14.624,-16.15,-2.5623,16.347,-5.7086,-9.6288,2.192,-21.712,105.62,-10.516,-6.2609,-7.5184
-15.489,-17.423,-3.0194,17.589,-5.5991,-10.182,1.5175,-23.373,114.63,-10.9,-7.4227,-8.5763
-16.426,-18.554,-3.553,18.676,-5.5074,-10.74,0.71997,-25.01,119.54,-11.209,-8.4994,-9.7363
-17.379,-19.506,-4.0856,19.566,-5.4882,-11.277,-0.20607,-26.598,121.87,-11.441,-9.4842,-10.987
-18.233,-20.265,-4.5579,20.269,-5.5634,-11.767,-1.2473,-28.109,122.89,-11.597,-10.37,-12.298
-18.892,-20.825,-4.9349,20.808,-5.7223,-12.185,-2.3777,-29.533,122.77,-11.678,-11.151,-13.628
-19.328,-21.187,-5.204,21.193,-5.9356,-12.516,-3.5661,-30.882,119.17,-11.685,-11.826,-14.927
-19.573,-21.363,-5.3664,21.416,-6.171,-12.753,-4.7823,-32.182,116.91,-11.617,-12.402,-16.148
-19.684,-21.392,-5.4299,21.486,-6.3998,-12.901,-5.9971,-33.458,116.57,-11.47,-12.893,-17.265
-19.711,-21.333,-5.4055,21.443,-6.5971,-12.976,-7.1765,-34.698,116.71,-11.244,-13.326,-18.279
-19.689,-21.267,-5.3056,21.343,-6.7434,-13.004,-8.2665,-35.825,116.67,-10.942,-13.734,-19.222
-19.625,-21.277,-5.1416,21.238,-6.8259,-13.02,-9.1723,-36.669,116.22,-10.572,-14.156,-20.15
-19.51,-21.425,-4.9223,21.151,-6.8398,-13.061,-9.7445,-36.959,115.49,-10.145,-14.627,-21.123
-19.323,-21.711,-4.6578,21.072,-6.7912,-13.126,-9.7925,-36.383,114.7,-9.6683,-15.17,-22.195
-19.035,-22.046,-4.3564,20.966,-6.6948,-13.135,-9.1487,-34.691,114.01,-9.136,-15.783,-23.402
-18.601,-22.279,-3.9539,20.797,-6.5546,-12.935,-7.7724,-31.816,113.46,-8.5181,-16.431,-24.736
-17.965,-22.329,-3.3787,20.552,-6.3302,-12.512,-5.8544,-28.714,112.91,-7.7497,-17.038,-26.125
-17.069,-22.266,-3.0793,20.205,-5.9261,-12.205,-4.1094,-32.196,111.59,-6.7139,-17.466,-27.37
-15.884,-22.089,-3.8485,19.589,-5.2335,-12.434,-5.62,-38.125,107.16,-5.2096,-17.482,-28.103
-14.428,-21.253,-5.7562,18.304,-4.2013,-13.095,-13.828,-40.109,100.91,-3.0127,-16.719,-27.794
-12.838,-19.353,-7.7729,16.665,-2.88,-13.122,-17.184,-40.789,97.802,-4.5676,-14.806,-25.878
-11.999,-22.948,-11.149,19.851,-1.4063,-16.161,-14.935,-38.691,97.328,-7.227,-17.382,-22.371
-14.738,-30.129,-21.046,22.953,0.046665,-24.501,-8.9407,-31.233,99.808,-7.6966,-22.262,-25.855
-15.139,-38.813,-31.846,26.486,1.3128,-33.874,2.9191,-14.949,105.56,-7.8472,-27.868,-32.766
-13.327,-46.992,-41.766,29.831,2.3308,-42.666,24.681,13.871,114.55,-6.3491,-32.948,-38.991
-10.594,-52.232,-48.439,31.359,3.8604,-48.686,54.213,55.102,126.64,-2.2284,-36.068,-43.408
-6.5637,-51.861,-49.569,29.395,14.38,-49.505,87.577,103.25,141.99,5.8845,-35.29,-44.414
-0.63113,-43.381,-43.951,22.354,21.716,-43.071,121.44,152.55,161.42,19.47,-28.015,-40.059
8.0144,-24.508,-31.128,8.6418,20.951,-27.767,152.41,198.07,186.48,40.395,-11.158,-28.008
20.429,6.9021,-10.93,-13.361,17.627,-2.2654,177.57,236.25,219.06,71.369,18.366,-5.7371
37.855,52.717,16.691,-45.152,12.353,34.512,194.06,264.56,260.6,115.3,63.006,29.105
61.339,114.1,51.295,-87.802,5.8385,82.994,199.01,281.23,311.33,173.16,123.86,78.116
91.11,190.95,91.144,-141.45,-1.3579,141.86,190.05,285.15,369.8,243.62,200.23,140.89
126.1,281.85,148.32,-204.72,-10.496,215.61,161.56,275.89,433.29,324.35,289.85,226.54
163.92,383.88,212.26,-275.1,-24.26,298.04,89.727,252.74,498.5,416.65,389.83,325.56
200.74,494.37,286.13,-348.78,-44.18,390.13,-5.4392,214.9,562.68,511.16,497.06,432.51
232.69,609.9,369.54,-422.22,-70.725,489.79,-107.91,170.37,623.92,607.54,607.89,544.8
257.34,723.57,458.06,-491.05,-103.14,591.15,-220.3,121.13,680.28,701.7,717.09,655.43
274.01,824.45,542.16,-549.56,-137.44,683.83,-335.64,70.41,728.0,786.51,816.28,754.69
283.02,897.88,607.04,-590.57,-166.29,753.18,-445.93,19.282,759.73,850.39,892.93,830.22
284.75,927.79,635.92,-606.21,-180.97,782.81,-543.31,-34.201,764.48,878.23,931.48,868.17
279.05,901.17,615.8,-589.85,-174.83,759.59,-621.11,-93.605,730.37,855.16,917.28,855.94
264.81,813.7,543.42,-538.7,-146.61,679.75,-674.29,-161.89,649.91,772.69,842.31,786.93
240.3,673.72,428.38,-456.15,-101.71,552.37,-699.42,-238.46,525.18,634.29,710.28,665.35
204.82,501.77,291.56,-352.31,-50.681,398.18,-695.03,-317.55,369.97,457.37,538.22,507.8
160.33,325.36,158.61,-242.0,-5.3514,243.65,-662.61,-389.15,207.06,269.62,352.92,339.42
111.84,170.77,51.15,-140.69,25.544,112.66,-607.23,-441.83,61.443,100.56,183.12,186.05
66.086,55.571,-19.662,-60.092,39.114,19.59,-536.72,-466.48,-47.243,-27.568,50.968,66.781
28.974,-14.907,-54.223,-5.6399,38.152,-32.522,-459.55,-459.49,-109.73,-105.19,-33.238,-10.11
3.4523,-46.069,-61.071,23.574,28.493,-49.721,-382.82,-424.22,-127.83,-135.08,-71.328,-46.404
-10.72,-49.249,-51.453,32.666,15.948,-45.832,-311.07,-369.94,-111.53,-128.5,-73.74,-52.001
-15.848,-36.732,-35.104,28.533,4.4728,-32.329,-246.52,-308.33,-74.617,-100.55,-54.345,-39.887
-15.084,-18.604,-18.939,18.166,-4.0555,-17.992,-190.78,-249.5,-30.553,-65.612,-26.197,-21.132
-11.386,-1.5145,-6.9828,7.0575,-9.1081,-7.1999,-145.73,-200.36,10.184,-33.6,0.98511,-2.8996
-6.8781,11.242,0.18079,-1.6431,-2.7397,-0.55432,-110.26,-162.69,41.308,-9.3198,21.644,10.901
-2.7128,18.674,2.9852,-6.8517,0.42233,2.3511,-82.321,-135.25,60.674,5.7142,33.82,18.533
0.40583,21.005,-0.4779,-8.8191,0.053774,1.8144,-61.279,-116.14,69.353,11.871,37.942,18.266
-1.3518,-1.2416,-10.822,1.6274,0.12032,-6.0009,-46.456,-102.62,70.26,11.106,27.087,-1.7667
-1.8481,-4.5492,-12.954,3.4415,0.54698,-7.5953,-36.485,-92.315,66.814,6.0718,16.533,-3.8995
-2.1689,-5.2349,-15.049,3.952,0.90872,-8.6115,-29.481,-85.124,62.556,1.598,10.816,-4.3214
-2.3696,-6.0026,-15.797,4.159,1.2669,-9.262,-22.835,-81.549,58.84,-2.0913,5.4027,-4.0944
-2.5131,-6.8309,-16.367,4.3524,1.6579,-9.809,-17.706,-82.511,56.073,-5.8568,4.2429,-3.8959
-2.6618,-7.7465,-17.429,4.6645,2.0332,-10.596,-17.844,-86.97,53.52,-6.6904,3.4036,-4.0599
-2.8359,-8.7074,-18.659,5.082,2.3391,-11.484,-13.216,-88.465,56.418,-6.7208,2.0489,-4.6133
-3.0232,-9.5699,-19.755,5.5122,2.551,-12.273,-7.2332,-86.841,56.761,-7.2478,0.37969,-5.4397
-3.1986,-10.234,-20.635,5.8716,2.6723,-12.857,-3.0404,-84.952,55.793,-8.1505,-1.5077,-6.387
-3.3366,-10.68,-21.354,6.1251,2.7215,-13.229,-0.15706,-83.456,54.475,-9.2497,-3.3027,-7.3419
-3.4199,-10.932,-21.973,6.2739,2.7202,-13.433,1.9815,-82.306,53.059,-10.374,-4.8416,-8.2422
-3.4387,-11.014,-22.494,6.3244,2.6881,-13.52,3.7081,-81.406,51.68,-11.407,-6.2232,-9.0349
-3.385,-10.921,-22.886,6.2681,2.6445,-13.508,5.2034,-80.698,50.393,-12.28,-7.5213,-9.656
-3.2471,-10.626,-23.132,6.0828,2.6093,-13.391,6.5541,-80.134,49.176,-12.964,-8.6957,-10.05
-3.0129,-10.11,-23.241,5.7513,2.6013,-13.151,7.7906,-79.648,47.969,-13.453,-9.6856,-10.195
-2.6753,-9.3864,-23.252,5.2795,2.6389,-12.78,8.9164,-79.152,46.705,-13.761,-10.474,-10.114
-2.2349,-8.5147,-23.221,4.6966,2.7427,-12.297,9.9294,-78.551,45.345,-13.904,-11.088,-9.8564
-1.6968,-7.5756,-23.221,4.0427,2.9382,-11.755,10.836,-77.763,43.891,-13.894,-11.57,-9.4778
-1.0683,-6.6445,-23.325,3.3549,3.256,-11.223,11.656,-76.737,42.375,-13.744,-11.958,-9.0254
-0.35983,-5.7744,-23.592,2.662,3.7225,-10.766,12.42,-75.449,40.827,-13.465,-12.27,-8.5268
0.41013,-4.9934,-24.035,1.9854,4.3453,-10.422,13.16,-73.909,39.253,-13.07,-12.504,-7.9895
1.2101,-4.3092,-24.61,1.3414,5.0978,-10.199,13.898,-72.156,37.624,-12.574,-12.641,-7.4088
1.9962,-3.7164,-25.235,0.74263,5.9177,-10.077,14.633,-70.269,35.897,-11.995,-12.662,-6.7822
2.7208,-3.2058,-25.824,0.20113,6.7241,-10.027,15.345,-68.367,34.037,-11.365,-12.557,-6.1199
3.3429,-2.7722,-26.321,-0.27061,7.4447,-10.018,16.004,-66.594,32.033,-10.728,-12.339,-5.4468
3.8336,-2.4176,-26.705,-0.6591,8.0346,-10.026,16.583,-65.079,29.904,-10.133,-12.035,-4.7932
4.1739,-2.1496,-26.984,-0.95111,8.475,-10.034,17.073,-63.913,27.689,-9.6273,-11.682,-4.1834
4.3512,-1.974,-27.164,-1.1364,8.7578,-10.031,17.483,-63.143,25.434,-9.2466,-11.314,-3.6284
4.3585,-1.8868,-27.225,-1.211,8.8712,-10.005,17.829,-62.784,23.174,-9.0164,-10.951,-3.1263
4.1971,-1.8693,-27.128,-1.1806,8.7972,-9.9413,18.125,-62.825,20.925,-8.9525,-10.598,-2.6673
3.8795,-1.8875,-26.826,-1.063,8.5137,-9.8135,18.38,-63.228,18.689,-9.0609,-10.248,-2.2406
3.4316,-1.8956,-26.277,-0.88876,7.9995,-9.5897,18.585,-63.931,16.469,-9.3383,-9.894,-1.8402
2.8917,-1.8425,-25.455,-0.69855,7.2467,-9.2358,18.723,-64.853,14.296,-9.772,-9.5354,-1.4655
2.3078,-1.6805,-24.354,-0.53753,6.2771,-8.7246,18.769,-65.916,12.243,-10.343,-9.1796,-1.1196
1.7355,-1.3735,-22.994,-0.4482,5.1527,-8.0436,18.705,-67.053,10.404,-11.032,-8.8381,-0.80553
1.2338,-0.90109,-21.414,-0.4649,3.9676,-7.2007,18.528,-68.217,8.8425,-11.818,-8.5215,-0.52554
0.85636,-0.25687,-19.678,-0.61232,2.8275,-6.223,18.259,-69.377,7.5687,-12.686,-8.2357,-0.28212
0.64089,0.55632,-17.879,-0.90707,1.8289,-5.15,17.938,-70.508,6.5542,-13.628,-7.981,-0.07915
0.60558,1.5303,-16.137,-1.3603,1.0442,-4.0234,17.615,-71.587,5.7536,-14.633,-7.7515,0.078954
0.75216,2.6515,-14.567,-1.9784,0.50965,-2.8789,17.341,-72.583,5.1158,-15.692,-7.5363,0.18952
1.0715,3.8987,-13.242,-2.7607,0.21706,-1.7425,17.157,-73.45,4.5896,-16.793,-7.3225,0.25354
1.5466,5.2445,-12.18,-3.6953,0.11992,-0.62981,17.085,-74.126,4.1321,-17.922,-7.0992,0.27546
2.1535,6.6609,-11.346,-4.7564,0.15255,0.45368,17.127,-74.535,3.7178,-19.072,-6.8596,0.26147
2.8595,8.1229,-10.677,-5.9049,0.2517,1.5123,17.267,-74.593,3.3427,-20.244,-6.5995,0.21812
3.6224,9.6079,-10.106,-7.0912,0.36852,2.5549,17.482,-74.211,3.0203,-21.449,-6.3132,0.15237
4.3921,11.092,-9.5863,-8.2629,0.47055,3.5849,17.747,-73.303,2.7694,-22.705,-5.9887,0.072524
5.1151,12.547,-9.1022,-9.3735,0.53985,4.5929,18.041,-71.786,2.5996,-24.023,-5.6093,-0.011459
5.7423,13.947,-8.6551,-10.388,0.57089,5.5601,18.348,-69.595,2.5022,-25.397,-5.1585,-0.088862
6.2363,15.273,-8.2501,-11.284,0.56513,6.4702,18.657,-66.695,2.4502,-26.796,-4.628,-0.15023
6.5736,16.522,-7.8821,-12.05,0.5214,7.3258,18.961,-63.112,2.4099,-28.167,-4.0239,-0.18989
6.7442,17.712,-7.5265,-12.689,0.4264,8.1615,19.255,-58.944,2.3524,-29.457,-3.3674,-0.20795
6.7485,18.896,-7.1336,-13.217,0.25039,9.0501,19.539,-54.351,2.2622,-30.623,-2.6896,-0.21032
6.5944,20.164,-6.6276,-13.673,-0.049937,10.106,19.812,-49.507,2.1358,-31.642,-2.0243,-0.20602
6.2948,21.638,-5.9124,-14.118,-0.52257,11.48,20.066,-44.549,1.9753,-32.509,-1.4014,-0.20231
5.8674,23.431,-4.8875,-14.635,-1.2078,13.326,20.289,-39.561,1.7798,-33.231,-0.84456,-0.19983
5.3368,25.576,-3.4731,-15.325,-2.1262,15.715,20.46,-34.598,1.5404,-33.824,-0.37122,-0.1904
4.7366,28.046,-1.6379,-16.284,-3.2745,18.551,20.558,-29.718,1.2422,-34.304,0.0067991,-0.15914
4.1073,30.855,0.59625,-17.56,-4.6364,21.643,20.559,-25.0,0.87146,-34.682,0.28308,-0.089802
3.4915,34.053,3.2383,-19.092,-6.203,24.872,20.437,-20.524,0.42784,-34.952,0.45642,0.029241
2.9276,37.612,6.4258,-20.731,-7.978,28.28,20.165,-16.361,-0.068394,-35.093,0.52967,0.20115
2.4485,41.408,10.31,-22.361,-9.9536,31.962,19.717,-12.557,-0.57818,-35.072,0.50838,0.42026
2.0807,45.328,14.852,-23.985,-12.081,35.944,19.079,-9.138,-1.0563,-34.862,0.40071,0.67503
1.8456,49.341,19.79,-25.687,-14.255,40.156,18.259,-6.1013,-1.4682,-34.452,0.21883,0.95339
1.7592,53.465,24.745,-27.553,-16.321,44.477,17.292,-3.4161,-1.8012,-33.857,-0.0193,1.2494
1.8329,57.706,29.334,-29.623,-18.13,48.74,16.234,-1.0318,-2.0643,-33.095,-0.28939,1.569
2.0719,62.027,33.248,-31.876,-19.597,52.737,15.148,1.1097,-2.2765,-32.181,-0.56301,1.9306
2.4726,66.348,36.368,-34.239,-20.711,56.293,14.088,3.0623,-2.4509,-31.119,-0.81282,2.3594
3.0197,70.563,38.757,-36.614,-21.5,59.358,13.089,4.8685,-2.5832,-29.929,-1.0187,2.8781
3.6861,74.532,40.501,-38.907,-22.005,62.017,12.172,6.5599,-2.6489,-28.662,-1.1717,3.499
4.4353,78.074,41.623,-41.06,-22.269,64.388,11.342,8.1602,-2.6108,-27.396,-1.2743,4.223
5.2283,80.98,42.126,-43.05,-22.334,66.492,10.596,9.692,-2.4317,-26.208,-1.3368,5.0437
6.0307,83.036,42.064,-44.874,-22.217,68.176,9.9283,11.18,-2.0863,-25.148,-1.373,5.954
6.8173,84.078,41.551,-46.524,-21.907,69.168,9.3321,12.656,-1.5667,-24.242,-1.3972,6.9519
7.5728,84.086,40.699,-47.955,-21.375,69.319,8.8065,14.147,-0.88171,-23.493,-1.4218,8.0403
8.2921,83.307,39.543,-49.08,-20.583,68.742,8.3556,15.675,-0.051318,-22.888,-1.4567,9.2193
8.981,82.203,38.052,-49.806,-19.497,67.678,7.9853,17.244,0.8997,-22.4,-1.5094,10.475
9.6585,81.146,36.229,-50.086,-18.113,66.308,7.6984,18.844,1.9477,-21.992,-1.5858,11.774
10.355,80.205,34.18,-49.935,-16.496,64.731,7.489,20.465,3.0748,-21.627,-1.6906,13.068
11.108,79.264,32.085,-49.42,-14.801,63.022,7.3416,22.115,4.2726,-21.278,-1.8259,14.31
11.959,78.225,30.057,-48.624,-13.215,61.26,7.2334,23.833,5.5423,-20.922,-1.9874,15.481
12.947,77.074,28.023,-47.639,-11.846,59.513,7.1403,25.677,6.8898,-20.549,-2.159,16.607
14.112,75.824,25.779,-46.579,-10.67,57.798,7.043,27.703,8.3219,-20.153,-2.3104,17.762
15.499,74.479,23.175,-45.581,-9.587,56.048,6.932,29.937,9.8467,-19.724,-2.3995,19.052
17.158,73.075,20.226,-44.794,-8.4997,54.157,6.8082,32.376,11.48,-19.248,-2.3813,20.603
19.12,71.743,17.127,-44.36,-7.3564,52.104,6.6788,34.988,13.252,-18.698,-2.2183,22.525
21.36,70.696,14.168,-44.412,-6.1483,50.048,6.5492,37.726,15.2,-18.041,-1.8884,24.871
23.788,70.155,11.596,-45.059,-4.8912,48.241,6.4159,40.54,17.357,-17.251,-1.3837,27.588
26.311,70.276,9.5255,-46.353,-3.6056,46.876,6.2618,43.395,19.725,-16.313,-0.69893,30.528
28.901,71.107,7.9723,-48.259,-2.3045,46.046,6.0594,46.269,22.274,-15.236,0.18281,33.53
31.589,72.593,6.8975,-50.672,-0.99019,45.796,5.7771,49.151,24.948,-14.042,1.3,36.513
34.386,74.614,6.2251,-53.462,0.33869,46.185,5.3857,52.026,27.675,-12.761,2.712,39.49
37.256,77.041,5.849,-56.517,1.6837,47.256,4.862,54.871,30.387,-11.42,4.4912,42.521
40.16,79.766,5.652,-59.755,3.0556,48.939,4.188,57.651,33.032,-10.04,6.7102,45.678
43.122,82.707,5.5313,-63.128,4.4866,50.978,3.3511,60.33,35.588,-8.6368,9.4108,49.037
46.227,85.804,5.4189,-66.614,6.0241,53.072,2.3454,62.893,38.063,-7.2249,12.553,52.68
49.567,89.015,5.2921,-70.207,7.7048,55.061,1.1751,65.352,40.502,-5.8118,15.99,56.676
53.162,92.316,5.1717,-73.903,9.5278,56.944,-0.14285,67.751,42.975,-4.3979,19.551,61.013
56.911,95.711,5.1063,-77.668,11.445,58.787,-1.5792,70.141,45.562,-2.9748,23.211,65.539
60.641,99.217,5.1469,-81.431,13.368,60.668,-3.0959,72.548,48.317,-1.5302,27.13,70.023
64.206,102.83,5.3215,-85.104,15.197,62.642,-4.6537,74.945,51.228,-0.055014,31.431,74.304
67.566,106.51,5.6209,-88.62,16.862,64.7,-6.219,77.243,54.197,1.4492,35.946,78.374
70.759,110.14,5.9996,-91.964,18.353,66.754,-7.7709,79.321,57.088,2.968,40.407,82.329
73.866,113.62,6.392,-95.16,19.718,68.689,-9.3035,81.067,59.795,4.4841,44.801,86.304
76.969,116.88,6.7387,-98.243,21.027,70.435,-10.827,82.411,62.3,5.9964,49.336,90.446
80.103,119.88,7.0095,-101.23,22.329,72.0,-12.365,83.334,64.665,7.5432,54.217,94.926
83.211,122.65,7.2153,-104.09,23.616,73.437,-13.957,83.853,66.984,9.227,59.504,99.881
86.16,125.23,7.4027,-106.8,24.821,74.797,-15.644,84.013,69.333,11.253,65.133,105.29
88.83,127.64,7.6393,-109.29,25.853,76.095,-17.454,83.865,71.755,13.957,71.013,110.88
91.185,129.92,8.0023,-111.54,26.651,77.324,-19.384,83.464,74.251,17.542,77.097,116.29
93.247,132.07,8.5763,-113.57,27.203,78.507,-21.381,82.852,76.799,21.656,83.373,121.22
95.05,134.13,9.449,-115.42,27.535,79.748,-23.352,82.061,79.363,26.417,89.803,125.56
96.616,136.15,10.687,-117.15,27.686,81.198,-25.182,81.114,81.915,28.292,96.273,129.38
97.966,138.29,12.302,-118.83,27.693,82.948,-26.772,80.039,84.443,30.859,102.59,132.87
99.134,140.7,14.254,-120.48,27.59,84.987,-28.057,78.866,86.939,33.806,108.53,136.29
100.18,143.41,16.47,-122.08,27.407,87.267,-29.022,77.618,89.37,36.633,113.97,139.86
101.18,146.37,18.874,-123.62,27.173,89.756,-29.693,76.3,91.66,40.785,118.91,143.65
102.18,149.49,21.374,-125.12,26.918,92.43,-30.13,74.883,93.702,47.848,123.38,147.56
103.18,152.67,23.848,-126.6,26.665,95.233,-30.414,73.322,95.416,59.456,127.46,151.36
104.14,155.85,26.156,-128.06,26.434,98.053,-30.627,71.574,96.798,76.974,131.17,154.91
105.01,158.99,28.185,-129.51,26.244,100.73,-30.843,69.625,97.901,100.85,134.46,158.2
105.79,161.98,29.892,-130.92,26.1,103.1,-31.127,67.499,98.792,130.01,137.28,161.31
106.47,164.69,31.294,-132.25,25.996,105.01,-31.531,65.252,99.519,161.76,139.54,164.31
107.03,166.96,32.438,-133.46,25.903,106.39,-32.089,62.955,100.11,192.61,141.18,167.25
107.45,168.64,33.358,-134.48,25.78,107.21,-32.816,60.676,100.58,218.88,142.18,170.06
107.7,169.66,34.081,-135.28,25.581,107.55,-33.706,58.473,100.93,235.6,142.57,172.65
107.78,170.04,34.636,-135.8,25.273,107.56,-34.732,56.387,101.14,246.23,142.43,174.89
107.68,169.86,35.064,-136.0,24.836,107.36,-35.845,54.448,101.2,250.53,141.86,176.7
107.37,169.24,35.397,-135.86,24.266,107.05,-36.978,52.68,101.08,250.37,140.93,178.06
106.74,168.29,35.661,-135.36,23.559,106.68,-38.057,51.099,100.72,247.8,139.71,179.0
105.6,167.05,35.897,-134.52,22.704,106.27,-39.016,49.708,100.09,244.29,138.26,179.57
103.78,165.54,36.161,-133.37,21.676,105.85,-39.811,48.504,99.152,240.61,136.58,179.82
101.29,163.79,36.514,-131.94,20.432,105.44,-40.433,47.472,97.903,236.77,134.6,179.77
98.329,161.86,36.994,-130.27,18.923,105.07,-40.904,46.593,96.356,232.03,132.25,179.43
95.163,159.89,37.609,-128.3,17.118,104.73,-41.267,45.85,94.539,227.21,129.43,178.78
91.92,157.89,38.325,-125.92,15.025,104.39,-41.561,45.224,92.475,223.71,126.13,177.8
88.554,155.68,39.072,-123.0,12.711,103.91,-41.808,44.7,90.164,221.05,122.36,176.48
84.948,152.83,39.757,-119.52,10.287,103.05,-42.007,44.267,87.586,218.54,118.14,174.85
81.032,149.0,40.284,-115.6,7.8859,101.51,-42.135,43.922,84.726,215.78,113.5,172.9
76.829,144.22,40.583,-111.37,5.6319,99.162,-42.166,43.666,81.635,212.68,108.41,170.55
72.428,138.84,40.609,-106.91,3.6172,96.125,-42.075,43.496,78.464,209.4,102.9,167.53
67.921,133.16,40.336,-102.23,1.8947,92.609,-41.846,43.4,75.411,206.08,97.076,163.49
63.364,127.28,39.73,-97.364,0.48288,88.802,-41.464,43.358,72.597,202.71,91.127,158.27
58.77,121.23,38.749,-92.395,-0.6324,84.849,-40.918,43.341,69.997,199.1,85.224,152.01
54.119,115.09,37.37,-87.44,-1.4949,80.866,-40.2,43.324,67.504,195.06,79.414,145.06
49.412,109.06,35.653,-82.573,-2.1655,76.915,-39.3,43.289,64.997,190.41,73.648,137.74
44.735,103.28,33.729,-77.783,-2.705,72.999,-38.211,43.223,62.392,185.09,67.863,130.25
40.256,97.785,31.716,-72.963,-3.1647,69.118,-36.924,43.108,59.649,179.28,62.037,122.6
36.105,92.389,29.639,-67.939,-3.5874,65.298,-35.437,42.917,56.772,173.28,56.183,114.61
32.331,86.811,27.43,-62.543,-4.0101,61.563,-33.759,42.61,53.8,167.35,50.307,105.98
28.934,80.823,24.98,-56.721,-4.4637,57.901,-31.924,42.144,50.776,161.56,44.395,96.654
25.781,74.368,22.22,-50.655,-4.9711,54.221,-29.987,41.478,47.719,155.85,38.468,87.098
22.537,67.57,19.223,-44.672,-5.5456,50.4,-28.019,40.594,44.629,150.08,32.691,78.222
18.851,60.634,16.252,-38.886,-6.1908,46.416,-26.083,39.491,41.5,144.14,27.384,70.682
14.591,53.811,13.645,-33.327,-6.9005,42.352,-24.215,38.194,38.33,137.94,22.853,64.409
9.9409,47.317,11.581,-28.223,-7.6571,38.262,-22.418,36.739,35.116,131.44,19.195,58.858
5.3297,41.123,10.011,-23.725,-8.4308,34.152,-20.678,35.172,31.856,124.71,16.222,53.401
1.2253,35.083,8.7643,-19.695,-9.1801,30.048,-18.981,33.544,28.558,118.07,13.602,47.487
-2.045,29.266,7.6722,-15.838,-9.8558,25.975,-17.32,31.904,25.256,111.95,11.178,40.909
-4.3926,23.902,6.6182,-11.846,-10.409,21.918,-15.699,30.297,22.032,106.6,9.0778,33.964
-5.9643,19.102,5.5397,-7.6412,-10.8,17.906,-14.131,28.764,18.991,101.87,7.4187,27.004
-7.0219,14.797,4.4241,-3.817,-11.006,14.149,-12.625,27.34,16.206,97.489,6.1387,20.275
-7.7846,11.017,3.3032,-1.2656,-11.025,11.033,-11.181,26.051,13.696,93.323,5.0959,14.183
-8.3654,8.0713,2.2401,0.087907,-10.884,8.787,-9.7899,24.919,11.453,89.338,4.1751,9.0645
-8.8089,6.0747,1.3078,0.87032,-10.632,7.2983,-8.4318,23.945,9.4811,85.51,3.3121,4.8993
-9.1468,4.774,0.56175,1.4298,-10.338,6.3228,-7.0874,23.101,7.7848,81.832,2.4788,1.5
-9.424,3.8932,0.020765,1.8759,-10.072,5.6704,-5.7479,22.336,6.3488,78.377,1.6642,-1.2945
-9.694,3.2508,-0.33737,2.2539,-9.8818,5.2122,-4.4239,21.583,5.1302,75.211,0.86129,-3.5869
-9.9971,2.7321,-0.56399,2.5994,-9.777,4.8512,-3.1425,20.792,4.0807,72.264,0.065011,-5.4273
-10.344,2.2664,-0.71773,2.9389,-9.7386,4.5138,-1.9387,19.941,3.167,69.373,-0.72663,-6.8318
-10.719,1.8167,-0.83993,3.2853,-9.747,4.1558,-0.8434,19.047,2.3739,66.416,-1.5113,-7.8183
-11.105,1.371,-0.93843,3.6409,-9.8114,3.7681,0.12531,18.149,1.6949,63.402,-2.2839,-8.441
-11.493,0.93513,-0.99,4.0029,-9.9658,3.372,0.96534,17.287,1.122,60.526,-3.0373,-8.8046
-11.879,0.52509,-0.95906,4.3654,-10.233,3.0052,1.6891,16.483,0.64125,58.086,-3.7577,-9.0447
-12.259,0.16084,-0.81909,4.7178,-10.601,2.7046,2.3188,15.735,0.2349,56.266,-4.4224,-9.2691
-12.618,-0.1407,-0.56753,5.0437,-11.022,2.4927,2.8804,15.014,-0.11366,55.024,-5.0051,-9.487
-12.93,-0.36987,-0.23231,5.3228,-11.43,2.3715,3.3987,14.281,-0.41467,54.198,-5.4876,-9.5827
-13.159,-0.5247,0.13048,5.5346,-11.757,2.3227,3.8939,13.496,-0.66949,53.636,-5.8689,-9.3811
-13.262,-0.6088,0.4491,5.6614,-11.94,2.3147,4.3801,12.635,-0.87157,53.229,-6.1637,-8.7886
-13.205,-0.62866,0.65546,5.6893,-11.936,2.3134,4.8657,11.684,-1.0105,52.898,-6.3951,-7.8875
-12.965,-0.59119,0.70268,5.6092,-11.723,2.291,5.3551,10.643,-1.0776,52.588,-6.5852,-6.8912
-12.539,-0.50262,0.57306,5.4175,-11.308,2.2316,5.8493,9.5126,-1.0698,52.264,-6.7499,-6.007
-11.94,-0.36939,0.27426,5.1165,-10.729,2.1292,6.345,8.2865,-0.99079,51.919,-6.8975,-5.3392
-11.194,-0.20044,-0.1717,4.7162,-10.039,1.9842,6.8323,6.9545,-0.84915,51.56,-7.0262,-4.8881
-10.334,-0.0090672,-0.73932,4.2357,-9.2898,1.7984,7.2913,5.506,-0.65501,51.197,-7.123,-4.5921
-9.391,0.18824,-1.4048,3.7021,-8.5062,1.5734,7.6976,3.9352,-0.41756,50.83,-7.1687,-4.3634
-8.3997,0.37634,-2.1443,3.1464,-7.6823,1.3132,8.0269,2.2396,-0.14352,50.449,-7.1474,-4.1133
-7.3954,0.54679,-2.9291,2.5968,-6.8023,1.0283,8.2656,0.41586,0.16314,50.038,-7.0536,-3.7693
-6.415,0.70066,-3.7213,2.0746,-5.8723,0.73926,8.4203,-1.5436,0.50046,49.579,-6.8907,-3.2857
-5.4913,0.8477,-4.4752,1.5933,-4.9348,0.47661,8.5162,-3.6495,0.8667,49.064,-6.6649,-2.6433
-4.6498,1.0029,-5.1411,1.1596,-4.0527,0.27541,8.592,-5.9097,1.2588,48.497,-6.3785,-1.8391
-3.9073,1.1817,-5.6711,0.77527,-3.2792,0.16726,8.6883,-8.3245,1.6721,47.896,-6.0309,-0.87284
-3.2711,1.3947,-6.0237,0.43932,-2.6457,0.17174,8.8367,-10.883,2.1009,47.29,-5.6226,0.26
-2.7406,1.6434,-6.1681,0.1495,-2.1681,0.29142,9.054,-13.564,2.5392,46.71,-5.1582,1.5671
-2.3124,1.9186,-6.0893,-0.095899,-1.8543,0.51218,9.3397,-16.332,2.982,46.188,-4.6453,3.0557
-1.9833,2.2033,-5.7956,-0.29732,-1.7057,0.80728,9.6783,-19.143,3.4245,45.755,-4.09,4.7342
-1.7493,2.4768,-5.3272,-0.45434,-1.7126,1.1416,10.042,-21.946,3.8626,45.445,-3.4961,6.6166
-1.6,2.7189,-4.7578,-0.56685,-1.8462,1.4749,10.398,-24.693,4.2923,45.292,-2.8676,8.7242
-1.5162,2.9115,-4.1853,-0.63613,-2.0548,1.7656,10.714,-27.353,4.709,45.336,-2.2127,11.079
-1.4723,3.0383,-3.7111,-0.66503,-2.2693,1.9742,10.967,-29.914,5.1072,45.605,-1.547,13.693
-1.4414,3.0843,-3.4177,-0.65702,-2.4171,2.067,11.146,-32.379,5.4805,46.102,-0.89453,16.545
-1.4005,3.0383,-3.3546,-0.61464,-2.4398,2.0202,11.252,-34.764,5.8238,46.8,-0.28475,19.578
-1.3345,2.8952,-3.5325,-0.53865,-2.3065,1.8251,11.296,-37.075,6.1334,47.654,0.25355,22.702
-1.2402,2.6574,-3.9213,-0.42847,-2.0205,1.4931,11.298,-39.308,6.4089,48.612,0.7,25.823
-1.1277,2.333,-4.4542,-0.28263,-1.619,1.0531,11.28,-41.431,6.654,49.629,1.0481,28.867
-1.0207,1.9312,-5.0425,-0.098042,-1.1661,0.54281,11.265,-43.392,6.8734,50.669,1.3066,31.779
-0.95144,1.46,-5.6006,0.13079,-0.73662,-0.00055118,11.27,-45.115,7.0698,51.704,1.4965,34.5
-0.95191,0.92645,-6.0688,0.41,-0.39627,-0.54677,11.299,-46.529,7.2415,52.711,1.6437,36.958
-1.044,0.34039,-6.4227,0.74215,-0.18687,-1.074,11.342,-47.59,7.383,53.665,1.7709,39.074
-1.2341,-0.28168,-6.67,1.122,-0.11821,-1.5678,11.375,-48.298,7.4892,54.538,1.8924,40.783
-1.5138,-0.91632,-6.8361,1.5352,-0.16875,-2.0194,11.364,-48.688,7.5606,55.302,2.0142,42.052
-1.8654,-1.5361,-6.9454,1.9607,-0.29867,-2.4218,11.281,-48.805,7.6074,55.929,2.1411,42.888
-2.2719,-2.1136,-7.0065,2.3769,-0.47198,-2.7645,11.107,-48.692,7.6443,56.398,2.2815,43.331
-2.7217,-2.6236,-7.0066,2.7661,-0.67575,-3.0294,10.837,-48.378,7.6856,56.7,2.4471,43.44
-3.2081,-3.0428,-6.9139,3.1172,-0.92406,-3.1911,10.483,-47.886,7.7406,56.833,2.6465,43.287
-3.7217,-3.3514,-6.6859,3.4237,-1.2443,-3.2232,10.071,-47.242,7.8134,56.813,2.8789,42.939
-4.2463,-3.535,-6.2803,3.681,-1.658,-3.1076,9.6351,-46.481,7.9032,56.666,3.134,42.451
-4.7589,-3.5869,-5.6673,3.8837,-2.169,-2.8387,9.2152,-45.642,8.0048,56.423,3.3967,41.852
-5.2335,-3.5081,-4.8405,4.0249,-2.7613,-2.422,8.8453,-44.762,8.1087,56.112,3.6502,41.142
-5.6443,-3.3064,-3.8246,4.0975,-3.4005,-1.8727,8.5468,-43.864,8.2005,55.746,3.8786,40.3
-5.9705,-2.9954,-2.681,4.0971,-4.0387,-1.2184,8.3239,-42.959,8.2618,55.317,4.066,39.295
-6.2006,-2.5939,-1.5022,4.025,-4.6239,-0.4999,8.166,-42.057,8.2742,54.792,4.198,38.105
-6.3349,-2.1249,-0.39058,3.8883,-5.1086,0.23171,8.0556,-41.168,8.224,54.121,4.2634,36.731
-6.3846,-1.6164,0.57011,3.7012,-5.4591,0.92341,7.9768,-40.31,8.1085,53.241,4.2578,35.198
-6.3675,-1.102,1.3339,3.4829,-5.6617,1.5274,7.922,-39.49,7.9327,52.088,4.1852,33.545
-6.3038,-0.61867,1.8912,3.2552,-5.726,2.0045,7.893,-38.704,7.7037,50.608,4.0551,31.809
-6.2118,-0.19982,2.2575,3.0372,-5.6855,2.3299,7.8985,-37.929,7.4268,48.778,3.8794,30.013
-6.1057,0.13465,2.4696,2.8418,-5.5906,2.5054,7.9497,-37.137,7.1084,46.61,3.6692,28.173
-5.9968,0.38425,2.5908,2.675,-5.4972,2.5704,8.0556,-36.302,6.7609,44.159,3.4353,26.31
-5.897,0.56418,2.7069,2.539,-5.4527,2.5921,8.2199,-35.409,6.4036,41.509,3.1887,24.457
-5.8223,0.69396,2.9011,2.4373,-5.4876,2.6368,8.4412,-34.457,6.0563,38.759,2.9403,22.657
-5.7906,0.78778,3.2199,2.3755,-5.6119,2.7412,8.7136,-33.455,5.7292,35.996,2.6992,20.948
-5.8149,0.84995,3.6534,2.3599,-5.8165,2.9016,9.0271,-32.433,5.4147,33.269,2.4706,19.355
-5.8992,0.87377,4.1417,2.3942,-6.0768,3.0787,9.3695,-31.428,5.0926,30.594,2.2568,17.882
-6.0376,0.84325,4.5996,2.4788,-6.3576,3.2136,9.7277,-30.477,4.742,27.971,2.0596,16.522
-6.2166,0.73873,4.9459,2.612,-6.6224,3.2484,10.088,-29.597,4.3535,25.435,1.8855,15.256
-6.4201,0.54395,5.1308,2.792,-6.8433,3.1433,10.436,-28.78,3.9326,23.078,1.745,14.055
-6.6321,0.25113,5.1469,3.0157,-7.0069,2.8866,10.756,-27.994,3.4945,21.014,1.6483,12.887
-6.8384,-0.13668,5.0253,3.2769,-7.1137,2.4939,11.033,-27.199,3.0545,19.306,1.597,11.72
-7.024,-0.60469,4.8194,3.5643,-7.1727,1.9994,11.253,-26.364,2.6224,17.923,1.5793,10.535
-7.1677,-1.127,4.5783,3.8588,-7.1907,1.4416,11.412,-25.469,2.202,16.776,1.5727,9.3282
-7.2385,-1.6706,4.315,4.1332,-7.1571,0.8512,11.513,-24.508,1.7951,15.764,1.5519,8.1083
-7.1991,-2.201,3.9901,4.3555,-7.0326,0.24407,11.57,-23.469,1.4038,14.803,1.4977,6.891
-7.0133,-2.6889,3.5267,4.4943,-6.7538,-0.3775,11.599,-22.336,1.0306,13.826,1.4021,5.6914
-6.6549,-3.1126,2.8485,4.5258,-6.2568,-1.0159,11.611,-21.09,0.67577,12.779,1.2681,4.5167
-6.1136,-3.4577,1.9195,4.4376,-5.504,-1.6707,11.613,-19.729,0.33612,11.628,1.105,3.3675
-5.3962,-3.7139,0.76302,4.2273,-4.499,-2.334,11.598,-18.279,0.0068875,10.359,0.9236,2.2384
-4.5239,-3.8714,-0.54571,3.8977,-3.2849,-2.9868,11.558,-16.786,-0.31666,8.9908,0.73279,1.1228
-3.5278,-3.919,-1.904,3.4547,-1.9325,-3.5959,11.481,-15.305,-0.63953,7.565,0.53953,0.015405
-2.444,-3.8472,-3.2061,2.9076,-0.52452,-4.1197,11.365,-13.878,-0.96871,6.1322,0.35181,-1.0871
-1.3101,-3.6524,-4.3589,2.2717,0.85477,-4.5188,11.211,-12.52,-1.3138,4.7371,0.18136,-2.1851
-0.16218,-3.3393,-5.2934,1.5684,2.1249,-4.7654,11.028,-11.219,-1.6852,3.412,0.043996,-3.275
0.96467,-2.9221,-5.9718,0.82497,3.2167,-4.8489,10.821,-9.9366,-2.0912,2.1754,-0.043084,-4.347
2.035,-2.4237,-6.392,0.072528,4.0887,-4.7789,10.587,-8.6275,-2.5347,1.0354,-0.063399,-5.3895
3.0141,-1.8745,-6.5839,-0.65666,4.7431,-4.5833,10.315,-7.255,-3.0109,-0.0041909,-0.0033849,-6.3911
3.8725,-1.3088,-6.5984,-1.3322,5.2213,-4.3032,9.9872,-5.8075,-3.5082,-0.93794,0.14479,-7.3441
4.591,-0.7606,-6.4899,-1.9287,5.5756,-3.9829,9.5839,-4.3039,-4.0125,-1.7549,0.3782,-8.2447
5.1615,-0.25729,-6.3039,-2.4285,5.8365,-3.6579,9.093,-2.7854,-4.5127,-2.4441,0.6818,-9.0932
5.5841,0.18479,-6.0686,-2.824,6.0011,-3.3466,8.511,-1.3003,-5.0027,-3.0059,1.0309,-9.8913
5.8631,0.56149,-5.7948,-3.117,6.0458,-3.0518,7.8443,0.10864,-5.4812,-3.4546,1.3989,-10.638
6.0048,0.87733,-5.482,-3.316,5.9506,-2.7679,7.1077,1.4101,-5.9498,-3.8171,1.7629,-11.327
6.019,1.1394,-5.1257,-3.4312,5.7164,-2.4894,6.3205,2.5844,-6.4118,-4.1255,2.1049,-11.944
5.9211,1.3522,-4.7256,-3.4711,5.3678,-2.2151,5.5015,3.6186,-6.8712,-4.4096,2.4092,-12.47
5.7346,1.5157,-4.2916,-3.4429,4.9454,-1.9472,4.6652,4.5083,-7.3325,-4.6923,2.6588,-12.897
5.4883,1.6255,-3.8464,-3.355,4.4954,-1.6916,3.82,5.2587,-7.7998,-4.9887,2.8344,-13.235
5.2093,1.6718,-3.4218,-3.2164,4.0597,-1.4588,2.9697,5.8838,-8.2717,-5.3067,2.9167,-13.513
4.9145,1.6396,-3.0512,-3.0332,3.6688,-1.2664,2.1175,6.4029,-8.739,-5.6462,2.8928,-13.77
4.6062,1.5086,-2.7592,-2.804,3.3372,-1.1375,1.2709,6.839,-9.1896,-5.9979,2.7622,-14.038
4.2741,1.2571,-2.5592,-2.5199,3.0622,-1.0977,0.44323,7.2168,-9.6134,-6.3454,2.5407,-14.333
3.8999,0.86704,-2.4551,-2.1682,2.8258,-1.1694,-0.34728,7.5632,-10.003,-6.6662,2.2566,-14.649
3.4663,0.32831,-2.4476,-1.7368,2.6028,-1.3659,-1.0817,7.9047,-10.359,-6.9376,1.9407,-14.972
2.9628,-0.3605,-2.5404,-1.2167,2.3724,-1.6916,-1.746,8.2634,-10.694,-7.1425,1.6152,-15.28
2.3892,-1.1935,-2.7397,-0.60333,2.127,-2.1443,-2.3331,8.6509,-11.021,-7.2735,1.288,-15.563
1.752,-2.1588,-3.0478,0.10443,1.8735,-2.7175,-2.8399,9.0657,-11.355,-7.3356,0.95546,-15.822
1.0601,-3.2376,-3.4548,0.90351,1.6236,-3.3985,-3.2622,9.4973,-11.699,-7.3466,0.61019,-16.064
0.31943,-4.4006,-3.9324,1.7856,1.3821,-4.1632,-3.5912,9.9347,-12.045,-7.3323,0.24872,-16.302
-0.46806,-5.6079,-4.4323,2.7356,1.1369,-4.9733,-3.8159,10.375,-12.372,-7.3215,-0.1256,-16.536
-1.3026,-6.8106,-4.888,3.7309,0.85807,-5.7781,-3.9288,10.824,-12.657,-7.3419,-0.50448,-16.76
-2.1821,-7.9548,-5.2229,4.7412,0.50571,-6.5206,-3.9335,11.298,-12.885,-7.4169,-0.87965,-16.962
-3.0981,-8.986,-5.3633,5.7296,0.043103,-7.1454,-3.8484,11.814,-13.055,-7.5628,-1.2492,-17.131
-4.0334,-9.8561,-5.2549,6.6564,-0.54951,-7.6096,-3.7068,12.39,-13.175,-7.7908,-1.6224,-17.265
-4.9623,-10.532,-4.8764,7.4852,-1.2658,-7.8902,-3.5497,13.05,-13.265,-8.1087,-2.0197,-17.362
-5.8524,-10.999,-4.2471,8.1878,-2.0721,-7.9871,-3.4134,13.817,-13.341,-8.5247,-2.4657,-17.412
-6.668,-11.266,-3.4223,8.7477,-2.9145,-7.9181,-3.318,14.718,-13.416,-9.0472,-2.9764,-17.399
-7.3756,-11.355,-2.4782,9.1597,-3.7315,-7.7126,-3.2613,15.78,-13.495,-9.6797,-3.5454,-17.299
-7.9494,-11.297,-1.4938,9.4281,-4.4663,-7.4053,-3.2246,17.015,-13.574,-10.416,-4.1388,-17.087
-8.3748,-11.123,-0.53811,9.5654,-5.0746,-7.0291,-3.1861,18.42,-13.646,-11.236,-4.7004,-16.752
-8.6465,-10.854,0.33256,9.5871,-5.5262,-6.6115,-3.1366,19.975,-13.705,-12.114,-5.1686,-16.3
-8.7661,-10.504,1.0679,9.5069,-5.802,-6.1739,-3.0888,21.645,-13.744,-13.017,-5.4959,-15.754
-8.7383,-10.083,1.6215,9.3333,-5.891,-5.7366,-3.0731,23.388,-13.762,-13.916,-5.6645,-15.143
-8.5698,-9.6096,1.9529,9.0702,-5.7884,-5.3223,-3.1271,25.17,-13.762,-14.792,-5.6869,-14.498
-8.2701,-9.1106,2.0355,8.7226,-5.4997,-4.9588,-3.2803,26.976,-13.749,-15.632,-5.5935,-13.838
-7.8523,-8.6202,1.8658,8.3008,-5.046,-4.6707,-3.5452,28.811,-13.722,-16.43,-5.4141,-13.169
-7.3358,-8.1662,1.471,7.8219,-4.4662,-4.4699,-3.9156,30.704,-13.672,-17.184,-5.1631,-12.484
-6.7474,-7.7601,0.91155,7.3061,-3.8124,-4.349,-4.3737,32.691,-13.579,-17.882,-4.8371,-11.775
-6.1187,-7.3922,0.27473,6.7713,-3.1434,-4.2804,-4.8992,34.804,-13.427,-18.498,-4.4231,-11.036
-5.4807,-7.0359,-0.34077,6.2277,-2.516,-4.2221,-5.476,37.054,-13.204,-18.98,-3.9116,-10.277
-4.8571,-6.6549,-0.84441,5.6767,-1.9757,-4.1281,-6.0937,39.432,-12.917,-19.263,-3.3064,-9.5235
-4.2595,-6.214,-1.1729,5.1126,-1.5479,-3.9593,-6.7412,41.905,-12.585,-19.292,-2.6293,-8.8082
-3.686,-5.6877,-1.3027,4.5277,-1.2322,-3.6927,-7.3976,44.434,-12.234,-19.046,-1.9171,-8.1585
-3.1245,-5.0648,-1.2516,3.9154,-1.0042,-3.3251,-8.0249,46.979,-11.886,-18.547,-1.2141,-7.5853
-2.5567,-4.3474,-1.0671,3.2717,-0.82439,-2.8706,-8.5725,49.507,-11.551,-17.852,-0.56047,-7.0832
-1.9642,-3.5455,-0.80538,2.5952,-0.65188,-2.3527,-8.9934,51.992,-11.226,-17.025,0.018882,-6.6377
-1.3313,-2.6728,-0.51217,1.8867,-0.45647,-1.7962,-9.2658,54.412,-10.901,-16.12,0.51927,-6.2336
-0.64818,-1.7449,-0.21408,1.149,-0.22338,-1.2234,-9.4056,56.744,-10.559,-15.175,0.95335,-5.8606
0.089897,-0.78021,0.076482,0.38717,0.050646,-0.65233,-9.4612,58.963,-10.182,-14.205,1.3431,-5.5134
0.88423,0.19788,0.34998,-0.39028,0.36552,-0.10075,-9.4915,61.049,-9.7586,-13.212,1.7112,-5.1868
1.7349,1.1596,0.58881,-1.1715,0.72582,0.41021,-9.5395,62.993,-9.2846,-12.19,2.0748,-4.8711
2.6422,2.0691,0.75985,-1.9416,1.1463,0.85272,-9.6154,64.795,-8.7687,-11.133,2.4412,-4.5485
3.6061,2.8879,0.81445,-2.6836,1.6523,1.1938,-9.6948,66.464,-8.2308,-10.046,2.8082,-4.196
4.6228,3.5819,0.69878,-3.3815,2.2723,1.403,-9.7311,68.005,-7.6973,-8.9473,3.1669,-3.7898
5.6792,4.1301,0.37119,-4.0239,3.0233,1.4619,-9.6757,69.416,-7.1948,-7.8649,3.5085,-3.3124
6.7505,4.5291,-0.18296,-4.6074,3.897,1.3708,-9.4969,70.683,-6.7457,-6.8317,3.8291,-2.7561
7.8058,4.7923,-0.94601,-5.1383,4.8588,1.1484,-9.1887,71.778,-6.3653,-5.8781,4.1291,-2.1233
8.8239,4.946,-1.8709,-5.6312,5.8625,0.82744,-8.7673,72.677,-6.061,-5.0284,4.409,-1.4237
9.8051,5.0241,-2.8893,-6.1067,6.8684,0.44772,-8.2583,73.368,-5.8314,-4.2995,4.6635,-0.66968
10.768,5.0636,-3.9236,-6.5875,7.8493,0.051051,-7.6834,73.871,-5.6665,-3.7021,4.8786,0.12506
11.73,5.1007,-4.8988,-7.0933,8.7826,-0.32237,-7.0541,74.233,-5.5498,-3.2408,5.0323,0.94697
12.691,5.1671,-5.7492,-7.6342,9.6411,-0.63548,-6.3751,74.515,-5.4621,-2.9158,5.0988,1.7838
13.622,5.2872,-6.4203,-8.2037,10.393,-0.85476,-5.6554,74.777,-5.3857,-2.7243,5.0524,2.6268
14.47,5.4773,-6.8712,-8.7778,11.01,-0.95125,-4.9153,75.065,-5.3058,-2.6625,4.8726,3.4727
15.183,5.7452,-7.0784,-9.3236,11.472,-0.90337,-4.1844,75.401,-5.2106,-2.7254,4.5475,4.3229
15.732,6.0899,-7.0402,-9.8136,11.777,-0.70168,-3.4905,75.782,-5.092,-2.9054,4.0771,5.1786
16.121,6.5019,-6.7781,-10.236,11.935,-0.35321,-2.8476,76.181,-4.9475,-3.1896,3.4747,6.0345
16.379,6.9636,-6.3341,-10.595,11.969,0.11721,-2.2512,76.539,-4.7829,-3.5587,2.7666,6.874
16.544,7.4497,-5.7645,-10.901,11.907,0.66955,-1.6826,76.758,-4.6111,-3.9897,1.992,7.6713
16.651,7.927,-5.133,-11.159,11.78,1.2526,-1.1194,76.705,-4.4475,-4.4605,1.2018,8.398
16.713,8.3549,-4.5047,-11.364,11.62,1.8073,-0.54649,76.228,-4.3037,-4.9538,0.45429,9.0327
16.726,8.6912,-3.9436,-11.5,11.444,2.2712,0.038057,75.185,-4.1829,-5.4585,-0.19491,9.5671
16.671,8.9001,-3.5111,-11.549,11.251,2.5885,0.62322,73.495,-4.0791,-5.9662,-0.70467,10.005
16.523,8.959,-3.26,-11.497,11.026,2.7208,1.1909,71.188,-3.9804,-6.4682,-1.0566,10.357
16.264,8.8603,-3.222,-11.339,10.757,2.6511,1.7225,68.42,-3.8733,-6.9515,-1.2547,10.63
15.895,8.6113,-3.3977,-11.081,10.454,2.3838,2.2027,65.355,-3.7462,-7.3984,-1.3157,10.826
15.439,8.2332,-3.7587,-10.74,10.142,1.9445,2.6205,61.983,-3.5906,-7.7887,-1.2568,10.942
14.935,7.7579,-4.2552,-10.34,9.8579,1.3811,2.9689,58.103,-3.4016,-8.0996,-1.0892,10.974
14.417,7.2249,-4.8193,-9.9046,9.6201,0.7604,3.2445,53.517,-3.1782,-8.3099,-0.82072,10.921
13.895,6.6763,-5.3649,-9.454,9.4188,0.15747,3.4452,48.192,-2.9256,-8.4027,-0.46318,10.794
13.358,6.1519,-5.7977,-8.9996,9.2188,-0.35803,3.5678,42.247,-2.6556,-8.3669,-0.038499,10.609
12.786,5.6838,-6.0371,-8.5453,8.9774,-0.73461,3.6054,35.879,-2.3841,-8.1964,0.41973,10.389
12.168,5.2889,-6.0416,-8.0902,8.6637,-0.94862,3.5494,29.299,-2.1256,-7.8883,0.86836,10.156
11.51,4.9618,-5.8222,-7.6334,8.2684,-1.0095,3.3945,22.702,-1.8888,-7.441,1.2591,9.9195
10.827,4.675,-5.4406,-7.1759,7.8066,-0.95838,3.1437,16.264,-1.675,-6.8541,1.5457,9.6796
10.136,4.3883,-4.9911,-6.7197,7.3112,-0.85793,2.8083,10.158,-1.4814,-6.129,1.6925,9.4237
9.4504,4.0626,-4.5741,-6.2629,6.8213,-0.77582,2.4045,4.5628,-1.3027,-5.2717,1.6824,9.1329
8.7745,3.6685,-4.2697,-5.7971,6.3666,-0.76758,1.9495,-0.39359,-1.1307,-4.2948,1.5199,8.7893
8.1002,3.1889,-4.1216,-5.3086,5.9567,-0.86558,1.4621,-4.734,-0.95379,-3.2181,1.2285,8.3821
7.41,2.6176,-4.1356,-4.7823,5.5802,-1.0772,0.96502,-8.6398,-0.75798,-2.0668,0.84565,7.9112
6.6838,1.9581,-4.2862,-4.2064,5.2137,-1.3897,0.4854,-12.298,-0.53118,-0.86906,0.41464,7.3846
5.908,1.2243,-4.5248,-3.5757,4.8331,-1.777,0.050529,-15.76,-0.2682,0.34537,-0.022433,6.8138
5.0832,0.44145,-4.7895,-2.8951,4.4224,-2.2046,-0.31917,-18.945,0.027069,1.5452,-0.43093,6.2073
4.2245,-0.35607,-5.0174,-2.1799,3.9747,-2.6338,-0.61491,-21.742,0.34338,2.6973,-0.78727,5.5681
3.3551,-1.1285,-5.1553,-1.4545,3.4902,-3.0254,-0.83786,-24.082,0.66619,3.7685,-1.079,4.8938
2.4985,-1.8375,-5.1637,-0.74683,2.9723,-3.3444,-0.99173,-25.969,0.9814,4.7284,-1.3013,4.1814
1.6715,-2.4521,-5.0189,-0.082699,2.4238,-3.5641,-1.0745,-27.473,1.2775,5.553,-1.4508,3.4315
0.88391,-2.953,-4.7119,0.5189,1.8429,-3.6673,-1.0747,-28.707,1.5469,6.2258,-1.5192,2.6522
0.1402,-3.33,-4.2463,1.0466,1.2238,-3.6452,-0.97407,-29.791,1.7866,6.7331,-1.4942,1.857
-0.55589,-3.5787,-3.6331,1.4945,0.56056,-3.4949,-0.75715,-30.829,2.0003,7.0636,-1.3661,1.0622
-1.1984,-3.6975,-2.8874,1.8589,-0.14337,-3.2191,-0.42084,-31.885,2.1992,7.2085,-1.1369,0.28251
-1.7771,-3.6886,-2.0311,2.1364,-0.86953,-2.8293,0.021288,-32.977,2.4015,7.1621,-0.82365,-0.47073
-2.2774,-3.5598,-1.0972,2.3224,-1.5853,-2.3471,0.54323,-34.084,2.6274,6.9223,-0.45415,-1.1896
-2.6796,-3.3259,-0.13244,2.4123,-2.2498,-1.8039,1.115,-35.152,2.8925,6.4919,-0.059237,-1.8684
-2.9619,-3.0085,0.80225,2.4042,-2.8198,-1.2388,1.7086,-36.115,3.2007,5.8832,0.33388,-2.5024
-3.1046,-2.6343,1.6343,2.3016,-3.2542,-0.69436,2.2997,-36.911,3.5419,5.1178,0.70456,-3.0891
-3.0952,-2.233,2.2874,2.1144,-3.5182,-0.2129,2.8655,-37.498,3.895,4.2278,1.0392,-3.6279
-2.9314,-1.8327,2.6937,1.8569,-3.5869,0.169,3.3852,-37.863,4.2365,3.2517,1.3317,-4.1197
-2.6217,-1.4556,2.8081,1.5445,-3.4484,0.42616,3.8414,-38.029,4.55,2.229,1.5834,-4.564
-2.1832,-1.1142,2.6197,1.1905,-3.1076,0.54919,4.222,-38.042,4.8313,1.1943,1.8028,-4.9565
-1.6399,-0.8112,2.1565,0.80507,-2.5875,0.54602,4.5211,-37.958,5.0866,0.17507,2.002,-5.2912
-1.0208,-0.54121,1.4825,0.39691,-1.9299,0.44022,4.7394,-37.823,5.3254,-0.81008,2.1924,-5.5643
-0.35968,-0.29492,0.68697,-0.024451,-1.1946,0.26707,4.886,-37.663,5.5538,-1.7495,2.3815,-5.7805
0.30576,-0.062492,-0.12989,-0.4462,-0.45496,0.068465,4.9799,-37.482,5.771,-2.636,2.5717,-5.9532
0.93446,0.16431,-0.87271,-0.85199,0.21384,-0.11262,5.049,-37.267,5.9712,-3.4639,2.7632,-6.1003
1.4856,0.3915,-1.4637,-1.2241,0.75053,-0.23767,5.1235,-36.995,6.1477,-4.2259,2.9568,-6.2352
1.9243,0.62315,-1.8503,-1.5466,1.1202,-0.27736,5.2262,-36.641,6.2971,-4.9118,3.1554,-6.3595
2.2281,0.86168,-2.007,-1.8081,1.3154,-0.21409,5.3661,-36.182,6.4212,-5.5097,3.3641,-6.4642
2.3886,1.1079,-1.9297,-2.0027,1.346,-0.041856,5.5368,-35.605,6.5254,-6.0101,3.5867,-6.5331
2.4099,1.3604,-1.629,-2.1294,1.2274,0.23599,5.7214,-34.918,6.6152,-6.409,3.8242,-6.5505
2.3038,1.6157,-1.1256,-2.191,0.97271,0.60873,5.9005,-34.144,6.6902,-6.7106,4.0723,-6.5108
2.0868,1.8669,-0.45022,-2.1942,0.59323,1.0583,6.0599,-33.326,6.7401,-6.9258,4.3202,-6.4185
1.7787,2.1044,0.35387,-2.1473,0.1054,1.5578,6.1957,-32.511,6.7455,-7.0672,4.5511,-6.282
1.4018,2.3152,1.2291,-2.0597,-0.46276,2.071,6.315,-31.748,6.6844,-7.1424,4.7442,-6.1111
0.98087,2.4848,2.107,-1.9399,-1.0697,2.5556,6.4332,-31.067,6.5437,-7.1493,4.8789,-5.9107
0.54329,2.6001,2.9154,-1.7959,-1.6649,2.9696,6.5688,-30.479,6.3276,-7.0791,4.9393,-5.681
0.11789,2.6532,3.5892,-1.6363,-2.1973,3.28,6.7386,-29.978,6.0591,-6.9189,4.9168,-5.4208
-0.26758,2.6451,4.081,-1.4712,-2.624,3.4691,6.9551,-29.547,5.7719,-6.661,4.8113,-5.1306
-0.58998,2.5863,4.3702,-1.3113,-2.9167,3.5385,7.2257,-29.159,5.5006,-6.3092,4.6305,-4.8153
-0.83367,2.4938,4.4659,-1.166,-3.0638,3.5076,7.5532,-28.788,5.2713,-5.8813,4.3898,-4.4844
-0.99247,2.3857,4.4022,-1.0409,-3.0708,3.4077,7.9365,-28.405,5.0978,-5.4044,4.1105,-4.1527
-1.0693,2.2754,4.2271,-0.93688,-2.9586,3.2725,8.3716,-27.984,4.9798,-4.9061,3.8171,-3.8359
-1.0748,2.1676,3.9891,-0.85036,-2.7597,3.1288,8.8539,-27.504,4.9043,-4.4035,3.5349,-3.5469
-1.0258,2.0568,3.727,-0.77434,-2.5127,2.9896,9.3797,-26.958,4.8503,-3.8977,3.2866,-3.2903
-0.94437,1.9278,3.4659,-0.69854,-2.2548,2.8524,9.9486,-26.35,4.796,-3.3751,3.0918,-3.0615
-0.85654,1.7584,3.216,-0.6096,-2.0168,2.7014,10.566,-25.689,4.7283,-2.8162,2.9677,-2.849
-0.78979,1.5256,2.9763,-0.49207,-1.821,2.5136,11.243,-24.987,4.6499,-2.2047,2.9289,-2.6403
-0.76997,1.2121,2.7354,-0.33059,-1.6808,2.2656,11.996,-24.249,4.5796,-1.5347,2.9854,-2.4288
-0.81667,0.81079,2.471,-0.11286,-1.5987,1.941,12.839,-23.47,4.544,-0.8122,3.1395,-2.2159
-0.93849,0.32341,2.1498,0.16721,-1.5626,1.5318,13.787,-22.641,4.5648,-0.053819,3.3825,-2.0118
-1.1296,-0.24258,1.7377,0.508,-1.5463,1.0367,14.849,-21.752,4.6489,0.71676,3.6917,-1.8296
-1.3705,-0.87589,1.2129,0.90008,-1.5142,0.45947,16.036,-20.8,4.7854,1.4747,4.028,-1.6761
-1.6336,-1.5598,0.57386,1.3278,-1.4342,-0.18865,17.355,-19.791,4.9499,2.2016,4.3386,-1.5512
-1.8929,-2.2695,-0.15574,1.7714,-1.2923,-0.88275,18.818,-18.74,5.114,2.8917,4.5647,-1.4529
-2.1312,-2.9714,-0.92094,2.2089,-1.1013,-1.5809,20.434,-17.668,5.2539,3.5519,4.6525,-1.375
-2.3448,-3.6251,-1.6381,2.6191,-0.89966,-2.2274,22.211,-16.603,5.3544,4.1949,4.56,-1.3143
-2.5411,-4.1888,-2.2144,2.9847,-0.73922,-2.7633,24.146,-15.581,5.4093,4.8277,4.2517,-1.2731
-2.7333,-4.6278,-2.5746,3.2945,-0.66733,-3.1398,26.233,-14.644,5.4169,5.4432,3.6812,-1.2593
-2.9324,-4.921,-2.6808,3.5428,-0.7107,-3.3299,28.459,-13.837,5.3763,6.0207,2.7827,-1.2849
-3.1424,-5.0632,-2.5368,3.7282,-0.86865,-3.3317,30.806,-13.198,5.2838,6.5327,1.4897,-1.3643
-3.3601,-5.0623,-2.183,3.8514,-1.1177,-3.1647,33.248,-12.75,5.1307,6.956,-0.24059,-1.5127
-3.5785,-4.9339,-1.6808,3.9148,-1.4242,-2.8595,35.75,-12.496,4.906,7.2783,-2.4292,-1.744
-3.7925,-4.6966,-1.09,3.9242,-1.7604,-2.4484,38.26,-12.419,4.6015,7.4985,-5.0707,-2.0677
-4.0042,-4.3699,-0.44627,3.8901,-2.1165,-1.9584,40.719,-12.49,4.2205,7.6215,-8.0816,-2.4859
-4.2247,-3.9741,0.24657,3.8282,-2.5029,-1.4083,43.058,-12.671,3.7805,7.6507,-11.266,-2.9944
-4.4704,-3.5312,1.0072,3.7579,-2.9417,-0.81061,45.208,-12.928,3.3096,7.5854,-14.36,-3.5846
-4.7565,-3.0651,1.8571,3.6983,-3.4514,-0.17636,47.115,-13.235,2.8362,7.4232,-17.122,-4.2463
-5.0899,-2.6026,2.8007,3.6649,-4.0361,0.47794,48.745,-13.574,2.3798,7.1652,-19.391,-4.969
-5.4651,-2.1723,3.8084,3.6685,-4.6789,1.1246,50.103,-13.935,1.9469,6.8175,-21.103,-5.7429
-5.864,-1.8019,4.8073,3.7147,-5.3421,1.7235,51.23,-14.309,1.5337,6.3901,-22.274,-6.5544
-6.2599,-1.5147,5.6965,3.8048,-5.9739,2.2274,52.195,-14.688,1.135,5.8959,-22.983,-7.3857
-6.6248,-1.3258,6.3847,3.9366,-6.5236,2.5931,53.074,-15.056,0.75247,5.3511,-23.347,-8.2163
-6.9385,-1.2413,6.8229,4.1057,-6.9575,2.7936,53.928,-15.396,0.39651,4.7786,-23.488,-9.0281
-7.1927,-1.2594,7.0135,4.3074,-7.2672,2.8243,54.797,-15.68,0.083097,4.2092,-23.493,-9.8107
-7.3909,-1.3728,6.998,4.5377,-7.4669,2.7019,55.7,-15.882,-0.17176,3.6782,-23.385,-10.56
-7.5428,-1.57,6.8373,4.7921,-7.5831,2.4582,56.656,-15.974,-0.35697,3.221,-23.12,-11.277
-7.6586,-1.8356,6.5904,5.0639,-7.6416,2.1314,57.693,-15.931,-0.46502,2.8665,-22.636,-11.959
-7.7423,-2.1479,6.2981,5.3417,-7.6574,1.7599,58.846,-15.73,-0.48861,2.634,-21.91,-12.59
-7.7908,-2.4771,5.9797,5.607,-7.631,1.3796,60.143,-15.35,-0.41762,2.532,-20.98,-13.135
-7.7981,-2.785,5.6451,5.8362,-7.5554,1.0253,61.589,-14.776,-0.24198,2.5565,-19.927,-13.556
-7.7628,-3.0283,5.3122,6.0054,-7.4302,0.73154,63.157,-14.002,0.041174,2.6937,-18.827,-13.815
-7.693,-3.1673,5.0132,6.0964,-7.2731,0.5322,64.797,-13.034,0.42127,2.9241,-17.728,-13.893
-7.6073,-3.1724,4.7872,6.1012,-7.1207,0.46033,66.454,-11.9,0.87368,3.2305,-16.653,-13.782
-7.5302,-3.0258,4.6702,6.0207,-7.02,0.54987,68.094,-10.644,1.3651,3.6007,-15.604,-13.492
-7.4854,-2.718,4.7055,5.86,-7.0198,0.83071,69.71,-9.3235,1.8619,4.0249,-14.573,-13.045
-7.4881,-2.2467,4.9705,5.6246,-7.1639,1.3106,71.314,-7.9975,2.3395,4.4898,-13.537,-12.467
-7.5387,-1.6186,5.5671,5.318,-7.48,1.9643,72.928,-6.7108,2.7885,4.9757,-12.474,-11.786
-7.6204,-0.85003,6.5356,4.9435,-7.9672,2.7531,74.569,-5.4863,3.2174,5.4597,-11.361,-11.019
-7.7019,0.035872,7.7644,4.5044,-8.5998,3.6522,76.249,-4.3223,3.6494,5.9211,-10.182,-10.171
-7.7457,1.0132,9.0662,4.0045,-9.336,4.6617,77.969,-3.1957,4.1139,6.3477,-8.9208,-9.2369
-7.7181,2.0549,10.434,3.4472,-10.122,5.8017,79.735,-2.0672,4.6378,6.741,-7.5647,-8.2123
-7.5924,3.1332,12.053,2.8338,-10.895,7.0701,81.562,-0.8861,5.2405,7.118,-6.1084,-7.098
-7.3446,4.2226,13.891,2.1614,-11.577,8.3843,83.483,0.40521,5.9359,7.5097,-4.5628,-5.8993
-6.944,5.3093,15.556,1.4192,-12.071,9.5852,85.553,1.8684,6.7394,7.9558,-2.9528,-4.6203
-6.3512,6.4057,16.623,0.58158,-12.252,10.52,87.85,3.5695,7.6755,8.5034,-1.2983,-3.2569
-5.5226,7.5745,16.93,-0.40514,-11.992,11.14,90.471,5.5794,8.7808,9.2178,0.41709,-1.7933
-4.4132,8.9502,16.538,-1.6484,-11.195,11.504,93.512,7.9645,10.095,10.205,2.2731,-0.20659
-2.9684,10.69,15.402,-3.3191,-9.8433,11.662,97.02,10.754,11.638,11.603,4.4077,1.5199
-1.0938,12.729,13.514,-5.513,-8.0128,11.558,100.94,13.889,13.384,13.453,6.9513,3.3801
1.3524,14.662,11.198,-7.9885,-5.8212,11.149,105.08,17.209,15.248,15.594,9.903,5.3314
4.4454,16.299,8.9555,-10.427,-3.367,10.592,109.2,20.5,17.102,17.843,13.077,7.2944
8.1031,17.836,7.1176,-12.862,-0.72532,10.166,113.12,23.582,18.799,20.181,16.221,9.1693
12.153,19.468,5.7975,-15.525,1.9793,10.173,116.78,26.349,20.219,22.689,19.181,10.865
16.391,21.546,5.0485,-18.72,4.5338,10.858,120.19,28.757,21.306,25.492,21.981,12.322
20.627,24.708,4.8854,-22.806,6.7635,12.155,123.44,30.797,22.123,28.758,24.744,13.523
24.68,29.079,5.0874,-27.888,8.6932,13.677,126.57,32.466,22.861,32.594,27.464,14.473
28.364,33.742,5.1818,-33.393,10.497,14.998,129.59,33.735,23.709,36.834,29.927,15.181
31.546,37.53,4.8311,-38.237,12.293,15.844,132.45,34.54,24.623,40.946,31.88,15.645
34.146,39.642,3.9876,-41.39,14.064,16.062,135.06,34.789,25.259,44.15,33.127,15.848
35.983,39.553,2.5962,-42.195,15.743,15.469,137.34,34.39,25.16,45.696,33.483,15.776
36.689,36.977,0.55437,-40.432,17.252,13.811,139.23,33.293,24.012,45.083,32.748,15.425
35.911,32.054,-2.0654,-36.289,18.484,11.043,140.65,31.507,21.846,42.187,30.751,14.806
33.834,25.446,-4.9778,-30.354,19.336,7.4687,141.53,29.092,18.984,37.362,27.471,13.935
31.286,18.447,-7.8284,-24.079,19.782,3.6222,141.66,26.126,15.759,31.566,23.234,12.829
28.847,12.772,-10.328,-19.332,19.863,0.031138,140.66,22.699,12.377,26.04,18.665,11.513
26.405,8.6942,-12.285,-16.059,19.614,-2.9947,138.02,18.915,8.9762,21.389,14.212,10.032
23.681,5.2069,-13.582,-13.166,19.0,-5.3967,134.19,14.915,5.7084,17.483,9.9083,8.4514
20.553,1.6724,-14.179,-10.059,17.937,-7.21,132.44,10.876,2.7438,14.085,5.6637,6.841
16.981,-2.0296,-14.142,-6.5337,16.356,-8.5044,135.93,6.9991,0.2102,11.084,1.5105,5.2621
12.937,-5.6259,-13.634,-2.5968,14.267,-9.4396,142.6,3.4577,-1.8806,8.4403,-2.3777,3.76
8.4621,-8.5353,-12.838,1.3715,11.785,-10.209,146.36,0.33486,-3.6476,6.1216,-5.7682,2.3641
3.8347,-10.573,-11.895,4.7083,9.089,-10.904,144.44,-2.3977,-5.2539,4.0532,-8.4907,1.0894
-0.35377,-12.131,-10.898,7.1379,6.3751,-11.517,135.19,-4.8269,-6.8016,2.1503,-10.581,-0.062161
-3.5457,-13.523,-9.9028,8.9025,3.8416,-12.007,118.99,-7.0386,-8.3105,0.39578,-12.242,-1.0982
-5.6762,-14.793,-8.9475,10.303,1.6808,-12.347,97.739,-9.0937,-9.7571,-1.1915,-13.622,-2.0327
-7.0926,-15.878,-8.0601,11.49,0.021697,-12.53,71.274,-11.03,-11.108,-2.6185,-14.748,-2.8838
-8.1415,-16.746,-7.2674,12.514,-1.138,-12.57,40.327,-12.864,-12.337,-3.9247,-15.614,-3.671
-8.9911,-17.409,-6.59,13.392,-1.9108,-12.494,6.8655,-14.593,-13.429,-5.1608,-16.225,-4.4115
-9.685,-17.9,-6.0394,14.138,-2.4132,-12.335,-27.011,-16.194,-14.389,-6.3705,-16.6,-5.1153
-10.225,-18.255,-5.6222,14.77,-2.7064,-12.135,-59.571,-17.635,-15.236,-7.5821,-16.759,-5.7828
-10.616,-18.504,-5.3421,15.298,-2.8174,-11.928,-89.713,-18.891,-16.001,-8.8056,-16.737,-6.4073
-10.887,-18.671,-5.1967,15.729,-2.776,-11.745,-116.94,-19.951,-16.707,-10.035,-16.576,-6.9803
-11.079,-18.781,-5.1712,16.07,-2.6317,-11.604,-141.2,-20.827,-17.368,-11.251,-16.333,-7.498
-11.24,-18.859,-5.2327,16.336,-2.4528,-11.509,-162.71,-21.537,-17.984,-12.429,-16.062,-7.9617
-11.412,-18.925,-5.3301,16.555,-2.3144,-11.449,-181.9,-22.101,-18.55,-13.541,-15.81,-8.3753
-11.628,-18.99,-5.4025,16.755,-2.2834,-11.402,-199.38,-22.53,-19.067,-14.569,-15.606,-8.7408
-11.911,-19.059,-5.3924,16.962,-2.4035,-11.347,-215.86,-22.828,-19.535,-15.507,-15.467,-9.0547
-12.267,-19.132,-5.2596,17.195,-2.6858,-11.271,-231.64,-23.006,-19.951,-16.363,-15.4,-9.3048
-12.694,-19.208,-4.9899,17.456,-3.1089,-11.174,-245.98,-23.084,-20.308,-17.15,-15.408,-9.4709
-13.178,-19.279,-4.5954,17.735,-3.6293,-11.061,-257.22,-23.093,-20.592,-17.88,-15.49,-9.531
-13.706,-19.333,-4.1092,18.017,-4.1966,-10.936,-264.51,-23.068,-20.798,-18.559,-15.643,-9.4732
-14.273,-19.364,-3.574,18.295,-4.7656,-10.799,-268.17,-23.016,-20.935,-19.18,-15.868,-9.307
-14.875,-19.385,-3.0325,18.577,-5.3011,-10.656,-269.32,-22.881,-21.021,-19.728,-16.164,-9.0669
-15.506,-19.441,-2.5272,18.883,-5.7768,-10.527,-269.79,-22.512,-21.069,-20.181,-16.532,-8.8064
-16.15,-19.605,-2.102,19.236,-6.1746,-10.449,-270.56,-21.651,-21.067,-20.524,-16.974,-8.5872
-16.767,-19.954,-1.7928,19.642,-6.4832,-10.473,-271.36,-19.978,-20.951,-20.742,-17.481,-8.4689
-17.298,-20.528,-1.6025,20.075,-6.6988,-10.64,-271.91,-17.24,-20.593,-20.82,-18.032,-8.4999
-17.658,-21.272,-1.4821,20.472,-6.8309,-10.945,-272.86,-13.725,-19.802,-20.715,-18.579,-8.7075
-17.75,-22.017,-1.3582,20.762,-6.9221,-11.295,-275.52,-14.171,-18.425,-20.335,-19.043,-9.0798
-17.485,-22.554,-1.1512,20.883,-7.043,-11.506,-278.89,-26.339,-16.835,-19.534,-19.292,-9.533
-16.826,-22.773,-0.78716,20.717,-7.1947,-11.553,-281.52,-29.46,-18.34,-18.165,-19.125,-9.8736
-15.82,-22.495,-0.69328,19.932,-7.1876,-11.728,-282.33,-29.468,-23.161,-16.536,-18.233,-9.7983
-14.687,-20.991,-1.6866,18.174,-6.7232,-11.856,-280.27,-26.401,-24.207,-20.992,-16.174,-8.9974
-14.617,-20.303,-2.8077,19.477,-5.5984,-10.592,-275.1,-17.93,-24.563,-23.896,-16.631,-7.3812
-17.138,-26.05,-6.1502,22.8,-3.8882,-15.863,-266.26,-2.264,-23.555,-25.211,-21.318,-9.1908
-17.262,-34.536,-14.891,26.267,-1.8617,-24.618,-252.96,21.749,-20.133,-25.891,-26.797,-18.383
-15.358,-44.095,-26.299,29.79,0.98147,-35.167,-233.84,54.851,-13.139,-24.962,-32.222,-26.061
-12.069,-51.627,-37.851,31.62,9.6009,-44.859,-205.96,95.86,-1.2439,-21.225,-35.828,-32.483
-7.116,-54.123,-46.723,29.996,19.319,-50.89,-170.49,143.04,16.845,-13.147,-35.514,-35.807
-0.19143,-48.592,-49.695,23.344,24.35,-49.938,-131.19,192.83,41.968,1.1061,-28.664,-33.882
9.0698,-32.114,-43.837,10.1,26.192,-38.816,-92.151,240.12,74.314,23.709,-12.247,-24.011
21.33,-2.1833,-27.313,-11.38,24.306,-15.322,-57.654,280.64,113.55,56.986,16.792,-3.1905
37.706,42.94,0.53563,-42.604,18.98,21.514,-32.608,312.15,159.37,102.99,60.877,31.32
59.532,103.77,39.909,-84.49,10.882,71.695,-22.385,333.77,211.17,162.4,121.13,81.23
87.569,179.82,91.013,-136.94,0.17621,134.83,-31.864,345.92,266.27,233.48,196.94,146.36
121.22,270.73,153.79,-198.86,-12.499,210.89,-64.154,346.96,323.62,314.13,286.13,231.27
158.44,375.21,226.32,-268.3,-30.583,298.8,-119.65,319.77,382.78,402.85,385.89,328.59
195.53,488.83,306.38,-341.67,-54.005,395.44,-195.86,285.8,443.99,496.41,493.24,434.42
228.03,606.17,392.35,-415.26,-81.36,497.23,-288.15,249.67,506.43,593.12,604.56,544.9
253.56,720.2,480.16,-484.84,-113.38,598.76,-390.66,207.4,568.5,689.2,714.5,654.39
271.23,821.66,562.19,-545.03,-146.08,691.57,-496.73,161.61,625.05,777.31,814.62,754.95
281.08,898.36,626.63,-589.03,-173.06,763.47,-599.31,114.67,666.34,845.16,892.37,835.42
283.56,935.94,659.21,-609.36,-186.84,799.94,-691.64,63.922,678.7,876.81,932.07,881.77
278.92,921.29,647.44,-599.52,-181.41,787.74,-767.42,4.8205,648.38,857.03,919.02,880.06
266.52,848.3,586.25,-556.38,-155.34,720.6,-820.8,-65.805,567.54,777.27,845.17,821.91
244.77,722.38,482.09,-482.12,-113.48,604.55,-846.81,-146.68,439.39,640.81,713.98,709.72
212.37,560.58,352.75,-384.8,-65.407,458.13,-842.6,-230.91,279.71,464.79,542.18,558.22
170.21,388.02,221.93,-277.23,-22.092,306.2,-808.93,-307.16,113.61,276.76,356.32,391.21
122.43,230.76,111.35,-174.62,7.9515,172.12,-751.19,-363.0,-31.875,106.35,185.28,234.61
75.684,107.92,34.117,-90.284,21.778,71.772,-678.14,-389.38,-136.34,-23.766,51.699,108.95
36.546,27.781,-7.2649,-31.353,21.791,10.707,-600.11,-383.93,-191.69,-103.36,-33.777,24.645
8.649,-11.394,-18.542,1.7843,13.053,-14.762,-523.24,-351.56,-202.43,-134.96,-73.096,-18.835
-7.7458,-18.253,-9.3991,13.307,0.3506,-13.856,-451.67,-301.89,-181.21,-130.02,-77.381,-30.317
-14.558,-4.4828,10.245,9.8132,-12.297,2.5864,-388.5,-245.4,-143.07,-103.66,-60.633,-22.277
-14.727,18.49,32.232,-1.6475,-21.168,24.794,-334.82,-190.47,-101.2,-69.853,-35.467,-5.8746
-11.174,41.478,50.752,-15.082,-25.768,45.367,-290.0,-142.18,-64.722,-38.257,-10.93,11.472
-6.1266,58.398,62.299,-26.228,-25.522,59.625,-252.42,-102.39,-38.03,-13.774,8.1495,25.771
-1.0498,66.369,65.382,-32.683,-14.671,65.464,-221.0,-71.064,-21.585,1.8532,20.217,35.409
3.1501,65.274,60.508,-33.822,-13.892,63.009,-195.49,-47.678,-13.44,8.8125,25.681,40.208
2.8125,51.009,45.326,-20.272,-13.453,50.013,-175.02,-31.012,-10.734,9.1162,19.4,27.19
2.2483,33.533,36.179,-12.973,-12.038,35.312,-158.37,-19.172,-10.808,5.3863,11.365,24.274
2.1372,30.077,29.243,-12.416,-10.762,29.548,-144.6,-11.234,-11.594,1.4562,10.834,25.307
2.2361,26.319,26.367,-12.083,-9.9745,25.259,-133.01,-7.1367,-12.356,-1.969,7.675,27.251
2.428,22.961,26.946,-11.748,-9.4588,25.328,-123.12,-7.2661,-12.521,-5.5592,7.1551,29.381
2.6162,21.546,26.545,-11.418,-8.9525,26.638,-114.88,-15.827,-10.724,-5.7023,7.8004,31.296
2.7462,21.495,25.686,-11.149,-8.3333,26.385,-108.56,-17.214,-7.8899,-4.7788,8.2643,32.579
2.7958,20.848,24.807,-10.821,-7.6243,24.942,-103.34,-14.275,-6.1955,-4.4323,8.3715,33.04
2.7599,19.4,23.505,-10.249,-6.9241,22.681,-97.562,-12.34,-5.1913,-4.4788,8.1473,32.77
2.6417,17.422,21.083,-9.4731,-6.3176,19.685,-91.054,-11.452,-4.561,-4.7611,7.7189,31.996
2.4496,15.379,17.763,-8.6261,-5.8215,16.517,-84.268,-11.308,-4.1148,-5.1649,7.2248,30.968
2.1965,13.622,14.909,-7.7819,-5.4154,14.086,-77.408,-11.675,-3.7492,-5.6192,6.7681,29.9
1.9,12.11,12.877,-6.9655,-5.0863,12.281,-70.666,-12.381,-3.4244,-6.0884,6.4021,28.947
1.5807,10.764,11.337,-6.188,-4.8375,10.742,-64.501,-13.274,-3.1362,-6.5576,6.1386,28.203
1.2586,9.5818,10.141,-5.4596,-4.6794,9.4293,-59.271,-14.213,-2.8896,-7.0192,5.9652,27.701
0.94828,8.5832,9.284,-4.7887,-4.618,8.4101,-54.96,-15.071,-2.6837,-7.4642,5.8579,27.434
0.65497,7.7642,8.7559,-4.176,-4.6469,7.6892,-51.333,-15.745,-2.5083,-7.8801,5.7876,27.363
0.37666,7.0771,8.4907,-3.6122,-4.7445,7.1888,-48.131,-16.159,-2.3474,-8.2525,5.7259,27.456
0.10963,6.4491,8.3752,-3.0817,-4.8754,6.8027,-45.156,-16.277,-2.1869,-8.5692,5.65,27.702
-0.14585,5.826,8.2822,-2.5727,-4.9949,6.4324,-42.265,-16.098,-2.0207,-8.8235,5.5456,28.127
-0.38327,5.1922,8.1041,-2.0816,-5.0574,6.0028,-39.369,-15.647,-1.8534,-9.0135,5.4059,28.781
-0.59082,4.5537,7.7757,-1.6125,-5.027,5.4825,-36.42,-14.965,-1.6995,-9.1391,5.2278,29.715
-0.7545,3.9211,7.2818,-1.1757,-4.8857,4.8765,-33.418,-14.089,-1.5773,-9.1988,5.0102,30.952
-0.86233,3.3076,6.6541,-0.78357,-4.6351,4.206,-30.407,-13.051,-1.5019,-9.1879,4.7526,32.474
-0.90804,2.7236,5.9463,-0.44435,-4.2926,3.4941,-27.458,-11.876,-1.479,-9.0999,4.4538,34.231
-0.89214,2.1711,5.2017,-0.15889,-3.8841,2.7573,-24.647,-10.586,-1.5021,-8.9296,4.112,36.163
-0.82045,1.6432,4.4369,0.077847,-3.4345,2.0054,-22.035,-9.2123,-1.556,-8.6785,3.7256,38.216
-0.7004,1.1303,3.6446,0.2726,-2.9608,1.2452,-19.67,-7.7968,-1.6232,-8.3582,3.2946,40.348
-0.53655,0.62829,2.8084,0.42923,-2.4693,0.48492,-17.589,-6.3962,-1.6913,-7.9898,2.8228,42.52
-0.32702,0.14278,1.9175,0.54584,-1.9587,-0.26273,-15.821,-5.0688,-1.7579,-7.6,2.3186,44.69
-0.06302,-0.31018,0.97553,0.61389,-1.4251,-0.98147,-14.371,-3.8601,-1.8296,-7.2135,1.7954,46.817
0.26825,-0.70636,0.0049155,0.61996,-0.86551,-1.6518,-13.213,-2.7947,-1.9174,-6.8473,1.2698,48.861
0.67842,-1.0176,-0.95631,0.54974,-0.27988,-2.2497,-12.297,-1.8777,-2.0298,-6.5075,0.75964,50.786
1.1723,-1.2182,-1.8634,0.39299,0.32602,-2.7473,-11.559,-1.1031,-2.1666,-6.1893,0.28095,52.575
1.7433,-1.2911,-2.6756,0.14754,0.9368,-3.1185,-10.944,-0.46094,-2.3159,-5.8802,-0.15466,54.231
2.3716,-1.2331,-3.3631,-0.17887,1.5269,-3.3468,-10.415,0.059749,-2.4554,-5.564,-0.54105,55.79
3.0266,-1.0548,-3.9112,-0.56956,2.0658,-3.4316,-9.9624,0.4719,-2.5576,-5.2242,-0.87495,57.301
3.6732,-0.77814,-4.3194,-1.002,2.5284,-3.389,-9.593,0.79326,-2.5965,-4.8464,-1.151,58.822
4.2799,-0.43139,-4.5987,-1.452,2.9044,-3.2476,-9.3169,1.0494,-2.5537,-4.4182,-1.359,60.407
4.8232,-0.044406,-4.7666,-1.8964,3.1988,-3.0414,-9.1322,1.2761,-2.4223,-3.9286,-1.4866,62.1
5.2881,0.35524,-4.8406,-2.3159,3.4238,-2.8015,-9.0176,1.5185,-2.2047,-3.3664,-1.5257,63.924
5.6662,0.74487,-4.834,-2.6956,3.5872,-2.5504,-8.9363,1.8258,-1.9082,-2.7191,-1.4782,65.871
5.9554,1.1073,-4.7549,-3.0259,3.6877,-2.2999,-8.845,2.2411,-1.5375,-1.9749,-1.3565,67.893
6.1609,1.4295,-4.6088,-3.3023,3.7181,-2.0545,-8.6995,2.7936,-1.0898,-1.1252,-1.1798,69.909
6.296,1.701,-4.4035,-3.5249,3.6747,-1.8169,-8.458,3.4961,-0.5526,-0.16747,-0.96822,71.831
6.3816,1.913,-4.1541,-3.6983,3.5654,-1.5929,-8.0835,4.3516,0.090938,0.8942,-0.73792,73.596
6.4441,2.0597,-3.8854,-3.8306,3.4156,-1.394,-7.5506,5.3632,0.85392,2.049,-0.49985,75.178
6.5122,2.14,-3.6328,-3.9332,3.2677,-1.2372,-6.8522,6.5442,1.7375,3.2789,-0.26225,76.583
6.6129,2.1579,-3.4407,-4.0187,3.1731,-1.1429,-6.0011,7.9226,2.7282,4.5597,-0.034092,77.834
6.7652,2.1226,-3.3579,-4.0989,3.1807,-1.1303,-5.0257,9.5391,3.8016,5.8633,0.1742,78.968
6.9771,2.0462,-3.429,-4.183,3.3239,-1.2127,-3.9623,11.439,4.9267,7.1616,0.35264,80.023
7.2451,1.943,-3.6827,-4.2777,3.6131,-1.3945,-2.8485,13.665,6.069,8.4319,0.49427,81.033
7.558,1.8272,-4.1217,-4.3863,4.0358,-1.669,-1.7193,16.248,7.1915,9.66,0.59694,82.019
7.8984,1.7118,-4.7203,-4.5086,4.5613,-2.0193,-0.60565,19.21,8.2581,10.843,0.66444,82.983
8.2437,1.6057,-5.4293,-4.6385,5.1473,-2.4207,0.46689,22.566,9.2419,11.99,0.70761,83.909
8.566,1.511,-6.1849,-4.7625,5.7455,-2.8456,1.48,26.318,10.132,13.118,0.74466,84.767
8.8312,1.4205,-6.9185,-4.8592,6.3038,-3.2684,2.4228,30.439,10.934,14.251,0.79927,85.516
9.0031,1.3183,-7.5647,-4.9035,6.7667,-3.6695,3.2904,34.855,11.661,15.413,0.89551,86.111
9.0519,1.1842,-8.0707,-4.8728,7.0851,-4.0363,4.0804,39.444,12.327,16.62,1.0509,86.511
8.9614,0.99967,-8.4031,-4.7527,7.2293,-4.3624,4.7892,44.063,12.942,17.869,1.2709,86.697
8.7304,0.75406,-8.5522,-4.5394,7.1934,-4.6469,5.4098,48.593,13.517,19.14,1.5485,86.676
8.3706,0.44741,-8.5316,-4.2387,6.9838,-4.8923,5.9322,52.95,14.062,20.405,1.8676,86.478
7.9041,0.08933,-8.3724,-3.8653,6.6056,-5.1035,6.3484,57.073,14.58,21.643,2.2076,86.139
7.3617,-0.30447,-8.1151,-3.4432,6.0691,-5.2858,6.657,60.922,15.064,22.846,2.548,85.692
6.7816,-0.71418,-7.8018,-3.0042,5.4091,-5.443,6.8648,64.483,15.495,24.023,2.8719,85.164
6.2129,-1.1151,-7.4689,-2.5843,4.697,-5.5747,6.9842,67.776,15.853,25.182,3.1693,84.575
5.721,-1.4765,-7.1439,-2.2198,4.0338,-5.6741,7.0295,70.843,16.139,26.327,3.4344,83.941
5.3817,-1.7615,-6.8472,-1.9461,3.5229,-5.7284,7.015,73.73,16.379,27.455,3.6611,83.281
5.2614,-1.9304,-6.5988,-1.8006,3.2406,-5.7231,6.9551,76.467,16.622,28.562,3.8372,82.62
5.4058,-1.9461,-6.4264,-1.8239,3.2294,-5.648,6.8646,79.066,16.923,29.65,3.946,81.983
5.8515,-1.7806,-6.3654,-2.0555,3.5212,-5.5024,6.7561,81.523,17.335,30.733,3.9732,81.402
6.6442,-1.4206,-6.4506,-2.5284,4.1506,-5.2946,6.6384,83.838,17.905,31.837,3.916,80.917
7.8383,-0.86853,-6.7028,-3.2637,5.1385,-5.0368,6.5176,86.015,18.671,32.998,3.7881,80.574
9.4747,-0.14043,-7.1177,-4.2667,6.4645,-4.7395,6.4002,88.072,19.659,34.247,3.6213,80.421
11.554,0.73943,-7.6631,-5.526,8.0533,-4.4074,6.2962,90.033,20.877,35.601,3.4611,80.499
14.028,1.7451,-8.2826,-7.0183,9.7848,-4.0384,6.2193,91.914,22.317,37.061,3.3571,80.821
16.81,2.8553,-8.9062,-8.7162,11.525,-3.6251,6.1821,93.717,23.963,38.613,3.3507,81.377
19.785,4.0582,-9.4645,-10.594,13.162,-3.1599,6.1918,95.433,25.794,40.243,3.4638,82.124
22.802,5.3526,-9.9017,-12.629,14.628,-2.6394,6.2455,97.055,27.775,41.959,3.6962,82.998
25.685,6.7473,-10.182,-14.79,15.908,-2.0656,6.3305,98.599,29.857,43.787,4.0331,83.956
28.276,8.2585,-10.292,-17.05,17.04,-1.4442,6.4267,100.11,31.97,45.754,4.4592,85.037
30.502,9.9053,-10.233,-19.394,18.094,-0.78001,6.5114,101.65,34.051,47.869,4.9716,86.365
32.412,11.702,-10.028,-21.818,19.141,-0.074992,6.5627,103.27,36.06,50.121,5.5836,88.034
34.137,13.653,-9.7119,-24.296,20.211,0.67258,6.5618,105.03,37.996,52.486,6.3194,89.915
35.797,15.75,-9.327,-26.771,21.272,1.4671,6.4911,106.94,39.893,54.937,7.2063,91.635
37.448,17.983,-8.914,-29.203,22.247,2.3137,6.3327,108.99,41.808,57.448,8.2701,92.641
39.112,20.355,-8.5071,-31.593,23.084,3.2159,6.0676,111.14,43.802,60.002,9.5348,91.819
40.844,22.869,-8.1369,-33.976,23.801,4.1727,5.677,113.37,45.928,62.592,11.02,88.017
42.724,25.519,-7.834,-36.391,24.474,5.1778,5.1453,115.64,48.203,65.212,12.724,80.839
44.821,28.286,-7.6262,-38.865,25.191,6.2224,4.4637,117.94,50.588,67.858,14.606,70.608
47.177,31.158,-7.5293,-41.412,26.018,7.3025,3.6341,120.25,52.991,70.51,16.6,57.846
49.805,34.146,-7.5392,-44.055,26.984,8.4256,2.6717,122.56,55.303,73.13,18.693,42.692
52.701,37.274,-7.631,-46.843,28.08,9.6142,1.6068,124.84,57.455,75.649,21.04,24.733
55.845,40.556,-7.7639,-49.848,29.283,10.902,0.48193,127.07,59.446,77.996,23.955,4.4777
59.19,43.998,-7.8893,-53.113,30.573,12.333,-0.65453,129.23,61.338,80.132,27.62,-13.935
62.654,47.616,-7.9601,-56.61,31.951,13.958,-1.7564,131.28,63.226,82.081,31.788,-26.305
66.156,51.453,-7.9404,-60.252,33.426,15.829,-2.7875,133.22,65.205,83.919,36.035,-32.356
69.661,55.544,-7.8124,-63.975,35.003,17.977,-3.7265,135.05,67.357,85.744,40.188,-32.159
73.178,59.879,-7.5793,-67.769,36.664,20.362,-4.5681,136.75,69.739,87.638,44.324,-25.14
76.725,64.419,-7.2621,-71.648,38.396,22.871,-5.3197,138.34,72.373,89.648,48.59,-17.414
80.329,69.12,-6.8917,-75.603,40.217,25.395,-5.9938,139.81,75.225,91.78,53.126,-13.791
84.02,73.921,-6.4986,-79.587,42.164,27.922,-6.602,141.16,78.206,94.02,58.061,-12.384
87.813,78.712,-6.1039,-83.542,44.221,30.529,-7.1524,142.39,81.206,96.357,63.505,-11.488
91.683,83.35,-5.7157,-87.431,46.29,33.317,-7.6515,143.5,84.157,98.796,69.502,-10.313
95.568,87.728,-5.3289,-91.25,48.228,36.335,-8.1087,144.49,87.067,101.36,76.009,-8.4664
99.369,91.829,-4.9281,-95.01,49.941,39.562,-8.5395,145.38,89.986,104.04,82.884,-5.8281
102.98,95.734,-4.4915,-98.719,51.407,42.905,-8.9652,146.16,92.944,106.83,89.874,-2.4333
106.3,99.561,-3.9972,-102.36,52.655,46.235,-9.4075,146.84,95.903,109.67,96.649,1.6542
109.27,103.39,-3.4291,-105.86,53.722,49.414,-9.8816,147.43,98.767,112.52,102.98,6.3685
111.87,107.22,-2.7818,-109.13,54.631,52.343,-10.392,147.91,101.44,115.39,108.84,11.604
114.12,110.98,-2.0611,-112.05,55.384,54.982,-10.934,148.26,103.86,118.34,114.39,17.247
116.05,114.59,-1.2804,-114.55,55.969,57.352,-11.501,148.46,106.01,121.36,119.75,23.223
117.72,117.98,-0.45748,-116.63,56.374,59.509,-12.097,148.44,107.92,124.43,125.02,29.427
119.1,121.08,0.38884,-118.42,56.6,61.513,-12.742,148.16,109.6,127.46,130.17,35.659
120.19,123.86,1.2398,-120.07,56.668,63.401,-13.476,147.59,111.05,130.34,135.12,41.732
120.97,126.29,2.0757,-121.69,56.624,65.185,-14.352,146.74,112.27,132.95,139.72,47.598
121.52,128.36,2.876,-123.29,56.524,66.854,-15.421,145.65,113.26,135.18,143.78,53.299
121.89,130.08,3.6228,-124.77,56.42,68.379,-16.716,144.38,114.01,136.93,147.2,58.837
122.16,131.47,4.3084,-126.07,56.337,69.73,-18.232,142.97,114.56,138.19,149.91,64.108
122.35,132.58,4.9391,-127.17,56.264,70.885,-19.914,141.46,114.92,139.01,151.94,68.973
122.48,133.45,5.5293,-128.07,56.169,71.845,-21.653,139.84,115.14,139.48,153.38,73.362
122.55,134.12,6.0883,-128.81,56.012,72.627,-23.315,138.1,115.21,139.72,154.37,77.265
122.55,134.63,6.6103,-129.4,55.76,73.256,-24.773,136.2,115.13,139.79,155.05,80.666
122.48,135.0,7.0753,-129.81,55.396,73.744,-25.939,134.11,114.9,139.76,155.47,83.517
122.32,135.24,7.4602,-129.97,54.919,74.085,-26.781,131.83,114.51,139.67,155.66,85.856
122.09,135.35,7.7529,-129.83,54.344,74.257,-27.312,129.34,113.98,139.54,155.64,87.859
121.82,135.27,7.9631,-129.34,53.682,74.24,-27.568,126.65,113.31,139.37,155.44,89.704
121.49,134.96,8.1251,-128.52,52.922,74.03,-27.583,123.74,112.53,139.14,155.02,91.362
121.02,134.34,8.292,-127.44,52.005,73.654,-27.378,120.61,111.64,138.83,154.32,92.496
120.16,133.37,8.5204,-126.13,50.827,73.158,-26.961,117.27,110.63,138.39,153.28,92.499
118.6,132.0,8.8535,-124.58,49.278,72.579,-26.329,113.76,109.48,137.75,151.88,90.905
116.13,130.23,9.309,-122.7,47.298,71.926,-25.479,110.17,108.14,136.85,150.33,88.049
112.72,128.05,9.8751,-120.44,44.941,71.18,-24.406,106.56,106.6,135.68,148.87,84.721
108.59,125.45,10.517,-117.79,42.364,70.313,-23.105,103.04,104.85,134.41,147.39,81.02
104.07,122.43,11.192,-114.74,39.749,69.302,-21.575,99.663,102.87,133.26,145.42,76.106
99.512,119.04,11.861,-111.29,37.216,68.144,-19.823,96.438,100.68,132.1,142.51,68.747
95.194,115.41,12.512,-107.45,34.795,66.856,-17.871,93.347,98.257,130.5,138.49,58.324
91.192,111.65,13.157,-103.26,32.441,65.462,-15.758,90.333,95.613,128.08,133.35,45.435
87.37,107.89,13.83,-98.798,30.059,63.98,-13.542,87.327,92.769,124.71,127.25,31.272
83.436,104.14,14.561,-94.209,27.561,62.416,-11.288,84.267,89.766,120.44,120.4,16.947
79.053,100.33,15.361,-89.628,24.898,60.766,-9.069,81.117,86.645,115.46,113.1,3.1515
74.048,96.332,16.188,-85.137,22.059,59.02,-6.9474,77.872,83.442,109.98,105.64,-10.087
68.608,92.07,16.938,-80.739,19.072,57.157,-4.9718,74.549,80.187,104.26,98.339,-23.152
63.155,87.544,17.464,-76.361,16.044,55.14,-3.1691,71.174,76.931,98.618,91.425,-36.435
57.931,82.816,17.641,-71.89,13.094,52.921,-1.5446,67.769,73.745,93.3,85.022,-49.992
52.913,77.917,17.458,-67.244,10.281,50.455,-0.085482,64.348,70.683,88.461,79.097,-63.415
48.059,72.827,17.039,-62.407,7.669,47.729,1.2317,60.914,67.703,84.105,73.46,-76.145
43.416,67.548,16.568,-57.448,5.3631,44.787,2.4314,57.456,64.672,80.094,67.814,-87.788
39.029,62.147,16.143,-52.495,3.4555,41.706,3.5302,53.949,61.483,76.249,61.889,-98.219
34.898,56.702,15.715,-47.626,1.9558,38.537,4.5324,50.353,58.134,72.456,55.621,-107.59
31.033,51.254,15.155,-42.789,0.80656,35.272,5.4309,46.624,54.705,68.667,49.173,-116.15
27.484,45.777,14.346,-37.894,-0.055756,31.853,6.2108,42.728,51.246,64.823,42.746,-123.98
24.252,40.215,13.229,-33.008,-0.67417,28.202,6.8549,38.657,47.729,60.918,36.581,-130.85
21.192,34.595,11.809,-28.412,-1.0816,24.267,7.3481,34.434,44.075,57.056,31.016,-136.51
18.036,29.108,10.158,-24.359,-1.3161,20.099,7.6818,30.12,40.232,53.171,26.167,-140.82
14.597,23.973,8.3863,-20.837,-1.4276,15.915,7.8567,25.809,36.234,49.028,21.817,-143.99
11.013,19.251,6.6198,-17.586,-1.4756,12.028,7.8845,21.613,32.176,44.563,17.646,-146.68
7.7373,14.885,4.9669,-14.27,-1.5205,8.6854,7.7876,17.643,28.131,39.911,13.441,-149.15
5.1081,10.866,3.4982,-10.72,-1.6134,5.9597,7.5968,13.991,24.109,35.23,9.1879,-150.41
3.0928,7.2679,2.2388,-7.1801,-1.7863,3.7731,7.3459,10.711,20.079,30.638,5.0339,-150.12
1.4736,4.1407,1.1709,-4.0961,-2.046,1.9794,7.0658,7.8111,16.017,26.235,1.1679,-149.05
0.0608,1.4259,0.246,-1.6146,-2.3728,0.43015,6.7797,5.2662,11.983,22.107,-2.286,-148.27
-1.2524,-0.99886,-0.59471,0.42207,-2.7278,-0.98938,6.5021,3.0309,8.1753,18.305,-5.314,-148.99
-2.5107,-3.2345,-1.3976,2.2043,-3.0654,-2.3519,6.2405,1.0532,4.8695,14.895,-7.9914,-152.33
-3.7213,-5.3294,-2.1856,3.8417,-3.3486,-3.6935,5.9976,-0.71942,2.2257,12.011,-10.412,-158.57
-4.8678,-7.2978,-2.9627,5.3729,-3.5586,-5.0217,5.7726,-2.3368,0.17825,9.7344,-12.633,-166.86
-5.9201,-9.1449,-3.7229,6.7971,-3.6962,-6.3239,5.5604,-3.8407,-1.4522,7.9726,-14.669,-175.55
-6.8522,-10.876,-4.4567,8.0989,-3.7775,-7.5796,5.3538,-5.2604,-2.8107,6.5486,-16.516,-182.7
-7.6588,-12.49,-5.1519,9.266,-3.8279,-8.7715,5.1471,-6.6092,-3.9729,5.3093,-18.162,-186.6
-8.3516,-13.976,-5.7945,10.295,-3.8745,-9.8868,4.9407,-7.8836,-4.9732,4.1574,-19.594,-186.37
-8.9384,-15.314,-6.3733,11.186,-3.9347,-10.911,4.7428,-9.0649,-5.8265,3.0509,-20.808,-182.24
-9.4112,-16.474,-6.8851,11.936,-4.0046,-11.823,4.5681,-10.126,-6.5371,1.9933,-21.826,-175.43
-9.7506,-17.425,-7.336,12.537,-4.0557,-12.597,4.4347,-11.037,-7.1018,1.0115,-22.7,-167.5
-9.9368,-18.139,-7.7382,12.974,-4.0442,-13.214,4.3616,-11.776,-7.5134,0.1327,-23.481,-159.79
-9.9578,-18.603,-8.1045,13.239,-3.9298,-13.672,4.3662,-12.332,-7.766,-0.63259,-24.198,-153.29
-9.8147,-18.828,-8.4436,13.333,-3.6902,-13.982,4.461,-12.708,-7.8665,-1.2902,-24.846,-148.49
-9.5275,-18.845,-8.7559,13.274,-3.3305,-14.165,4.6502,-12.924,-7.836,-1.8572,-25.404,-145.21
-9.1371,-18.691,-9.0291,13.09,-2.8861,-14.239,4.9264,-13.008,-7.7051,-2.355,-25.847,-142.75
-8.7001,-18.4,-9.2358,12.812,-2.4201,-14.216,5.2701,-12.996,-7.5029,-2.8005,-26.148,-140.31
-8.275,-17.989,-9.3387,12.465,-2.0108,-14.095,5.6502,-12.923,-7.2479,-3.199,-26.285,-137.22
-7.9072,-17.458,-9.3008,12.058,-1.7337,-13.866,6.029,-12.827,-6.9438,-3.5407,-26.244,-133.55
-7.6188,-16.795,-9.0954,11.59,-1.6431,-13.514,6.37,-12.735,-6.5844,-3.8037,-26.022,-130.11
-7.41,-15.995,-8.7137,11.056,-1.7582,-13.022,6.6474,-12.661,-6.1619,-3.9587,-25.635,-127.37
-7.2722,-15.069,-8.1654,10.469,-2.0618,-12.385,6.8519,-12.596,-5.676,-3.9764,-25.109,-125.1
-7.1997,-14.054,-7.475,9.858,-2.509,-11.61,6.9926,-12.51,-5.138,-3.8351,-24.465,-122.95
-7.1912,-12.996,-6.6743,9.2622,-3.0412,-10.72,7.0926,-12.36,-4.5684,-3.5257,-23.711,-120.69
-7.2423,-11.933,-5.7942,8.7104,-3.6018,-9.7434,7.1832,-12.11,-3.9889,-3.053,-22.836,-118.17
-7.3416,-10.879,-4.8573,8.2121,-4.1508,-8.6994,7.2975,-11.74,-3.4141,-2.4346,-21.822,-115.36
-7.4727,-9.8321,-3.8719,7.7594,-4.6706,-7.5956,7.4666,-11.255,-2.8486,-1.6957,-20.661,-112.26
-7.6169,-8.7745,-2.831,7.3342,-5.1626,-6.4309,7.7136,-10.681,-2.2886,-0.86511,-19.375,-108.94
-7.755,-7.6889,-1.7177,6.9146,-5.6405,-5.2055,8.0477,-10.056,-1.7271,0.027969,-18.014,-105.48
-7.8705,-6.5624,-0.51644,6.4791,-6.1241,-3.9275,8.4597,-9.4169,-1.1587,0.9554,-16.637,-101.94
-7.9478,-5.3896,0.77111,6.0082,-6.6302,-2.6127,8.9231,-8.7882,-0.58223,1.891,-15.293,-98.342
-7.9671,-4.1717,2.1142,5.4864,-7.1599,-1.2836,9.4015,-8.1816,-0.0010083,2.8113,-14.007,-94.695
-7.9042,-2.9155,3.455,4.9044,-7.6929,0.033516,9.8581,-7.595,0.57861,3.6945,-12.782,-90.996
-7.7366,-1.6317,4.7253,4.2596,-8.193,1.3097,10.264,-7.0177,1.1485,4.5221,-11.595,-87.265
-7.451,-0.33533,5.8662,3.5547,-8.6196,2.5151,10.6,-6.4359,1.7044,5.2759,-10.419,-83.562
-7.0425,0.95417,6.8391,2.7942,-8.9366,3.6214,10.86,-5.837,2.2466,5.9391,-9.2348,-79.987
-6.5081,2.213,7.625,1.9821,-9.114,4.6073,11.047,-5.2138,2.7809,6.4998,-8.0453,-76.657
-5.8427,3.4169,8.2177,1.1242,-9.1248,5.4641,11.17,-4.567,3.3169,6.9557,-6.8713,-73.66
-5.0452,4.5481,8.6153,0.23124,-8.9418,6.1981,11.245,-3.9056,3.8642,7.3133,-5.7366,-71.037
-4.125,5.5992,8.8169,-0.68054,-8.5417,6.8245,11.292,-3.2456,4.4261,7.5834,-4.6509,-68.779
-3.1048,6.569,8.8235,-1.5914,-7.9172,7.3548,11.327,-2.6068,4.994,7.7742,-3.6043,-66.85
-2.02,7.4528,8.6405,-2.4797,-7.088,7.7868,11.356,-2.0105,5.5441,7.8869,-2.5725,-65.193
-0.91788,8.2361,8.2811,-3.3216,-6.1023,8.1045,11.372,-1.4778,6.0401,7.9179,-1.529,-63.748
0.14505,8.8937,7.7695,-4.0884,-5.0325,8.2883,11.36,-1.0283,6.4426,7.8647,-0.45717,-62.457
1.1072,9.3972,7.1437,-4.7484,-3.9682,8.3272,11.3,-0.67495,6.7253,7.7339,0.64657,-61.278
1.9097,9.724,6.455,-5.2722,-3.0039,8.2273,11.173,-0.41787,6.8858,7.5436,1.7714,-60.175
2.5076,9.8651,5.761,-5.6409,-2.2202,8.0118,10.967,-0.24099,6.9443,7.3194,2.8953,-59.14
2.879,9.8299,5.1193,-5.8507,-1.6677,7.7188,10.669,-0.1163,6.9312,7.0875,3.9913,-58.165
3.0281,9.6471,4.5853,-5.9128,-1.3628,7.3972,10.276,-0.009523,6.8718,6.8678,5.0336,-57.243
2.9785,9.3621,4.2109,-5.8494,-1.2939,7.1019,9.7924,0.10844,6.7792,6.6712,6.005,-56.36
2.762,9.0306,4.0391,-5.6892,-1.4342,6.8845,9.2356,0.2546,6.6548,6.5008,6.9011,-55.497
2.4102,8.7057,4.0932,-5.462,-1.7516,6.7813,8.6316,0.43169,6.495,6.3543,7.7325,-54.64
1.9527,8.4262,4.3678,-5.195,-2.2115,6.8054,8.0083,0.62991,6.2975,6.2257,8.5189,-53.779
1.4232,8.2099,4.8261,-4.911,-2.7747,6.9456,7.388,0.83137,6.0652,6.1056,9.2778,-52.917
0.86727,8.0588,5.4077,-4.63,-3.3954,7.1737,6.7826,1.0157,5.8069,5.9805,10.012,-52.073
0.33963,7.9701,6.0433,-4.3722,-4.021,7.4561,6.1934,1.1654,5.5346,5.8358,10.702,-51.28
-0.11127,7.9441,6.669,-4.1569,-4.5961,7.7635,5.6141,1.2695,5.2597,5.6579,11.319,-50.577
-0.45786,7.9823,7.2352,-4.0001,-5.0714,8.075,5.0363,1.3238,4.9893,5.4354,11.839,-50.002
-0.69293,8.0831,7.7091,-3.9117,-5.4122,8.3762,4.4534,1.3281,4.7254,5.1582,12.256,-49.576
-0.82088,8.2387,8.0743,-3.8948,-5.6015,8.6539,3.8635,1.2816,4.4668,4.817,12.581,-49.303
-0.85248,8.4343,8.3285,-3.9432,-5.6411,8.8933,3.2716,1.1819,4.2128,4.4064,12.836,-49.174
-0.80394,8.6484,8.48,-4.0421,-5.5513,9.0772,2.6905,1.0265,3.9656,3.9279,13.043,-49.178
-0.69542,8.8546,8.5433,-4.171,-5.3662,9.1901,2.1404,0.81605,3.7314,3.3899,13.214,-49.312
-0.54744,9.0251,8.5346,-4.309,-5.1258,9.223,1.6458,0.55771,3.5181,2.8049,13.356,-49.581
-0.37705,9.1352,8.469,-4.4392,-4.8649,9.1781,1.2312,0.26434,3.3319,2.1852,13.472,-49.985
-0.19648,9.1664,8.3571,-4.5492,-4.6057,9.0659,0.91539,-0.050263,3.1721,1.5403,13.561,-50.507
-0.014506,9.1081,8.202,-4.6296,-4.3571,8.8977,0.70865,-0.37878,3.0289,0.87773,13.628,-51.104
0.16111,8.9559,7.9998,-4.6706,-4.1188,8.6778,0.61358,-0.72519,2.886,0.20712,13.679,-51.722
0.32244,8.7092,7.7383,-4.6608,-3.8872,8.4008,0.62717,-1.1024,2.7269,-0.45676,13.726,-52.306
0.46232,8.3677,7.3961,-4.5887,-3.6557,8.0506,0.74245,-1.5228,2.5417,-1.0949,13.777,-52.815
0.57629,7.9297,6.9429,-4.4454,-3.4129,7.6025,0.94834,-1.9874,2.331,-1.6879,13.844,-53.216
0.6642,7.3924,6.3447,-4.2269,-3.1431,7.0293,1.2285,-2.4797,2.1056,-2.2207,13.937,-53.49
0.73018,6.7553,5.5727,-3.9361,-2.8307,6.3117,1.5613,-2.9692,1.8805,-2.6849,14.066,-53.624
0.78034,6.0241,4.6173,-3.582,-2.4657,5.4472,1.9211,-3.4203,1.6674,-3.0774,14.243,-53.609
0.81867,5.2129,3.4975,-3.1772,-2.049,4.4557,2.2827,-3.8037,1.4685,-3.3972,14.474,-53.44
0.84312,4.3441,2.2629,-2.7337,-1.5944,3.3776,2.6264,-4.1037,1.2767,-3.6426,14.765,-53.118
0.8441,3.4457,0.9851,-2.2612,-1.1288,2.2669,2.9438,-4.319,1.0828,-3.8111,15.12,-52.647
0.80745,2.5476,-0.25596,-1.7664,-0.68643,1.1813,3.24,-4.4573,0.88403,-3.902,15.544,-52.038
0.72105,1.6795,-1.3872,-1.2567,-0.30134,0.17196,3.5306,-4.5276,0.68757,-3.9184,16.038,-51.302
0.58186,0.86805,-2.3542,-0.74337,0.0035109,-0.72318,3.8339,-4.5323,0.50709,-3.8686,16.593,-50.448
0.39971,0.13554,-3.1275,-0.24375,0.2234,-1.4831,4.1623,-4.4646,0.35448,-3.7666,17.188,-49.484
0.19571,-0.50273,-3.7006,0.22048,0.3714,-2.1024,4.5159,-4.3124,0.23316,-3.6322,17.785,-48.414
-0.0041215,-1.039,-4.0803,0.62759,0.46934,-2.5859,4.8814,-4.0677,0.13667,-3.4888,18.344,-47.243
-0.17742,-1.4725,-4.2753,0.96105,0.53491,-2.942,5.2361,-3.7373,0.053034,-3.3584,18.825,-45.972
-0.31258,-1.8075,-4.2932,1.2135,0.57313,-3.1799,5.554,-3.3476,-0.028456,-3.2555,19.207,-44.591
-0.41105,-2.0538,-4.1547,1.3881,0.5782,-3.3123,5.8131,-2.9417,-0.1119,-3.1844,19.48,-43.079
-0.48387,-2.2265,-3.9105,1.4976,0.54406,-3.3585,5.9994,-2.5696,-0.19332,-3.142,19.652,-41.421
-0.5448,-2.3466,-3.642,1.561,0.47515,-3.3467,6.1088,-2.2753,-0.26354,-3.123,19.738,-39.619
-0.60359,-2.4405,-3.4422,1.5992,0.3921,-3.3137,6.1467,-2.0872,-0.31406,-3.1244,19.753,-37.708
-0.66273,-2.5361,-3.3847,1.6314,0.33075,-3.3007,6.1253,-2.0148,-0.34384,-3.1478,19.709,-35.761
-0.71878,-2.6581,-3.5065,1.6718,0.33342,-3.3435,6.0609,-2.0543,-0.36334,-3.1992,19.611,-33.87
-0.76694,-2.8206,-3.8075,1.7288,0.4314,-3.4618,5.9702,-2.1979,-0.39306,-3.2874,19.459,-32.116
-0.80628,-3.0229,-4.2519,1.8052,0.62492,-3.6521,5.8681,-2.4423,-0.45638,-3.4214,19.249,-30.553
-0.84279,-3.2505,-4.7658,1.9001,0.87542,-3.8871,5.7677,-2.7916,-0.5696,-3.6079,18.982,-29.194
-0.88962,-3.4795,-5.2453,2.0111,1.1163,-4.1236,5.683,-3.2531,-0.7336,-3.8489,18.665,-28.024
-0.96412,-3.6847,-5.5788,2.1353,1.2729,-4.3152,5.6304,-3.8281,-0.93174,-4.1405,18.319,-27.005
-1.0822,-3.846,-5.6798,2.2689,1.2846,-4.4263,5.6274,-4.5059,-1.1353,-4.4735,17.97,-26.087
-1.2505,-3.9545,-5.5156,2.4079,1.1238,-4.4427,5.6882,-5.2614,-1.3145,-4.8349,17.644,-25.209
-1.4594,-4.0135,-5.1202,2.5476,0.80875,-4.3746,5.8179,-6.0612,-1.4502,-5.2125,17.365,-24.313
-1.6837,-4.0361,-4.5868,2.6817,0.40013,-4.2511,6.0101,-6.8702,-1.5407,-5.5985,17.149,-23.353
-1.8896,-4.0373,-4.0399,2.8012,-0.017154,-4.1088,6.2469,-7.6606,-1.6018,-5.9918,17.01,-22.313
-2.046,-4.0264,-3.594,2.8951,-0.36113,-3.977,6.502,-8.4183,-1.6606,-6.3965,16.957,-21.205
-2.133,-4.0043,-3.318,2.9534,-0.57811,-3.8678,6.7462,-9.1448,-1.746,-6.8183,16.989,-20.069
-2.1444,-3.9664,-3.2279,2.9706,-0.65152,-3.7757,6.9532,-9.8542,-1.8793,-7.2603,17.099,-18.949
-2.0884,-3.9097,-3.302,2.948,-0.59211,-3.6875,7.1033,-10.564,-2.0683,-7.7215,17.26,-17.885
-1.9851,-3.8392,-3.4967,2.8934,-0.43113,-3.5955,7.1852,-11.285,-2.3082,-8.1984,17.439,-16.907
-1.8632,-3.7666,-3.7548,2.818,-0.22181,-3.503,7.1942,-12.015,-2.5871,-8.6886,17.59,-16.039
-1.7516,-3.7036,-4.0152,2.7321,-0.027078,-3.4191,7.131,-12.733,-2.8931,-9.1939,17.664,-15.297
-1.6697,-3.6554,-4.2259,2.6426,0.10367,-3.3501,7.0012,-13.407,-3.2183,-9.7205,17.599,-14.692
-1.6234,-3.6176,-4.3532,2.5515,0.14611,-3.2931,6.8154,-13.993,-3.5589,-10.279,17.333,-14.226
-1.6078,-3.5771,-4.3831,2.4576,0.10028,-3.237,6.5879,-14.452,-3.9139,-10.882,16.822,-13.893
-1.6126,-3.5172,-4.3188,2.3572,-0.015058,-3.1667,6.3358,-14.76,-4.2818,-11.539,16.05,-13.674
-1.6268,-3.4238,-4.1744,2.2476,-0.1714,-3.0702,6.0776,-14.915,-4.6602,-12.251,15.023,-13.537
-1.6423,-3.2923,-3.9684,2.1307,-0.3417,-2.9431,5.8338,-14.936,-5.0453,-13.004,13.739,-13.433
-1.6567,-3.1313,-3.719,2.0158,-0.50889,-2.7919,5.6257,-14.852,-5.433,-13.768,12.18,-13.309
-1.6733,-2.962,-3.4422,1.9188,-0.66776,-2.6329,5.4707,-14.695,-5.8198,-14.504,10.339,-13.114
-1.6984,-2.8136,-3.1514,1.8581,-0.82082,-2.4892,5.3765,-14.494,-6.2017,-15.178,8.2441,-12.825
-1.7408,-2.7172,-2.8612,1.8496,-0.97353,-2.3888,5.3375,-14.281,-6.5745,-15.769,5.9646,-12.448
-1.8128,-2.7004,-2.5912,1.9058,-1.1315,-2.3601,5.3369,-14.092,-6.9328,-16.277,3.5963,-12.021
-1.9294,-2.7828,-2.3688,2.035,-1.2985,-2.4272,5.3535,-13.969,-7.2719,-16.707,1.237,-11.591
-2.1055,-2.9767,-2.2264,2.2426,-1.4746,-2.6055,5.3705,-13.955,-7.5878,-17.06,-1.0249,-11.189
-2.3537,-3.2889,-2.1936,2.5317,-1.6558,-2.8987,5.3823,-14.083,-7.8776,-17.332,-3.1083,-10.818
-2.6826,-3.7223,-2.2863,2.9048,-1.8359,-3.2974,5.3971,-14.375,-8.139,-17.51,-4.9384,-10.46
-3.0956,-4.2695,-2.4977,3.3629,-2.0087,-3.7773,5.4327,-14.832,-8.3705,-17.589,-6.4693,-10.095
-3.5883,-4.9045,-2.7949,3.8999,-2.1705,-4.2995,5.5095,-15.441,-8.5745,-17.571,-7.7134,-9.7068
-4.1466,-5.5787,-3.1231,4.4952,-2.3217,-4.8142,5.643,-16.178,-8.7613,-17.475,-8.7314,-9.285
-4.7468,-6.2296,-3.416,5.112,-2.4688,-5.2667,5.8397,-17.023,-8.9505,-17.327,-9.5804,-8.8191
-5.3588,-6.796,-3.6072,5.703,-2.6251,-5.6045,6.0967,-17.961,-9.1669,-17.156,-10.281,-8.2947
-5.9493,-7.2313,-3.6406,6.2214,-2.8088,-5.7851,6.4034,-18.984,-9.4317,-16.982,-10.831,-7.6953
-6.4872,-7.5107,-3.4784,6.6311,-3.0372,-5.7822,6.7448,-20.092,-9.7541,-16.812,-11.23,-7.0116
-6.948,-7.6304,-3.1057,6.9127,-3.3193,-5.5903,7.1047,-21.285,-10.129,-16.64,-11.494,-6.2497
-7.3137,-7.6036,-2.5339,7.0635,-3.6503,-5.2272,7.4698,-22.56,-10.538,-16.452,-11.646,-5.4335
-7.5698,-7.4566,-1.8008,7.0932,-4.0096,-4.7339,7.835,-23.902,-10.957,-16.234,-11.721,-4.5976
-7.7023,-7.2249,-0.96964,7.0185,-4.3621,-4.1714,8.2042,-25.282,-11.361,-15.978,-11.762,-3.7752
-7.6965,-6.948,-0.12585,6.8586,-4.6615,-3.6156,8.5888,-26.656,-11.733,-15.684,-11.806,-2.9895
-7.539,-6.6645,0.62669,6.6319,-4.8541,-3.1458,9.0009,-27.976,-12.061,-15.361,-11.887,-2.2498
-7.2227,-6.4076,1.1712,6.355,-4.8808,-2.8328,9.4472,-29.205,-12.342,-15.018,-12.024,-1.5536
-6.7518,-6.2081,1.3851,6.0444,-4.6792,-2.7314,9.9259,-30.324,-12.576,-14.657,-12.222,-0.89118
-6.1432,-6.1005,1.1485,5.7198,-4.1926,-2.8847,10.429,-31.329,-12.765,-14.267,-12.468,-0.25129
-5.425,-6.1237,0.36362,5.4055,-3.3868,-3.3285,10.946,-32.219,-12.908,-13.834,-12.741,0.37679
-4.6327,-6.3104,-1.0036,5.1269,-2.2686,-4.0803,11.47,-32.989,-12.999,-13.346,-13.017,1.0021
-3.8047,-6.6722,-2.8811,4.9054,-0.89503,-5.1192,12.001,-33.627,-13.03,-12.801,-13.275,1.6313
-2.978,-7.1913,-5.0883,4.7535,0.63131,-6.3755,12.548,-34.117,-12.99,-12.206,-13.504,2.269
-2.1865,-7.8249,-7.3824,4.6736,2.1756,-7.7421,13.124,-34.444,-12.875,-11.576,-13.7,2.9182
-1.4602,-8.5173,-9.5318,4.6598,3.5949,-9.1028,13.748,-34.604,-12.691,-10.925,-13.859,3.5808
-0.82593,-9.2142,-11.369,4.7021,4.7715,-10.361,14.435,-34.6,-12.458,-10.264,-13.981,4.2554
-0.30844,-9.8721,-12.795,4.7898,5.6447,-11.451,15.2,-34.445,-12.206,-9.6048,-14.069,4.9327
0.072,-10.462,-13.77,4.9133,6.217,-12.336,16.046,-34.151,-11.965,-8.9624,-14.135,5.5939
0.30264,-10.965,-14.309,5.0642,6.5257,-12.998,16.961,-33.729,-11.757,-8.3611,-14.2,6.2135
0.38023,-11.368,-14.465,5.2341,6.6087,-13.429,17.902,-33.192,-11.593,-7.8339,-14.286,6.7669
0.31019,-11.657,-14.3,5.414,6.4913,-13.63,18.787,-32.56,-11.469,-7.4182,-14.419,7.2375
0.10426,-11.818,-13.86,5.595,6.1868,-13.616,19.505,-31.86,-11.377,-7.1468,-14.622,7.621
-0.2215,-11.841,-13.192,5.7693,5.6981,-13.413,19.933,-31.125,-11.305,-7.0407,-14.915,7.9264
-0.64745,-11.728,-12.349,5.9306,5.0261,-13.055,19.98,-30.39,-11.243,-7.1041,-15.314,8.1748
-1.1502,-11.49,-11.394,6.0728,4.1917,-12.566,19.614,-29.679,-11.187,-7.3264,-15.829,8.3951
-1.7018,-11.149,-10.385,6.1887,3.2499,-11.968,18.863,-29.01,-11.139,-7.6878,-16.472,8.6172
-2.2701,-10.726,-9.3728,6.2688,2.2802,-11.279,17.791,-28.386,-11.111,-8.1647,-17.261,8.8636
-2.8202,-10.243,-8.3942,6.3021,1.3593,-10.523,16.475,-27.798,-11.124,-8.7332,-18.225,9.1437
-3.3176,-9.7177,-7.4638,6.2783,0.53808,-9.7323,14.987,-27.224,-11.192,-9.3698,-19.401,9.4534
-3.7313,-9.1651,-6.58,6.1903,-0.16454,-8.9409,13.391,-26.636,-11.318,-10.05,-20.823,9.7794
-4.0359,-8.5959,-5.7377,6.0357,-0.74994,-8.1768,11.74,-26.005,-11.488,-10.749,-22.5,10.106
-4.2123,-8.0189,-4.9436,5.817,-1.2213,-7.4608,10.079,-25.314,-11.67,-11.438,-24.395,10.423
-4.2483,-7.4424,-4.2256,5.5409,-1.5703,-6.8103,8.4445,-24.557,-11.827,-12.089,-26.408,10.723
-4.1392,-6.8758,-3.6323,5.2171,-1.7751,-6.2441,6.8577,-23.739,-11.937,-12.679,-28.386,10.997
-3.8903,-6.3312,-3.2214,4.8572,-1.8103,-5.7827,5.3276,-22.879,-11.995,-13.191,-30.181,11.228
-3.5187,-5.8232,-3.0412,4.4748,-1.6622,-5.4439,3.8529,-21.999,-12.018,-13.624,-31.712,11.39
-3.0544,-5.3671,-3.1113,4.0854,-1.3418,-5.2358,2.4284,-21.12,-12.03,-13.987,-32.99,11.46
-2.5382,-4.9774,-3.4136,3.7061,-0.88953,-5.1534,1.0494,-20.252,-12.046,-14.301,-34.081,11.423
-2.0177,-4.6666,-3.8953,3.3554,-0.3699,-5.1796,-0.28852,-19.399,-12.059,-14.583,-35.039,11.284
-1.5398,-4.4453,-4.481,3.0513,0.14144,-5.2912,-1.5919,-18.556,-12.049,-14.843,-35.857,11.062
-1.1432,-4.3213,-5.0879,2.8099,0.5755,-5.4647,-2.8706,-17.719,-11.991,-15.087,-36.456,10.781
-0.85283,-4.2965,-5.6403,2.6424,0.88551,-5.6799,-4.1312,-16.892,-11.87,-15.313,-36.732,10.463
-0.67744,-4.3647,-6.0779,2.5528,1.0544,-5.9186,-5.3652,-16.087,-11.693,-15.52,-36.613,10.113
-0.6115,-4.5112,-6.362,2.5367,1.0912,-6.1624,-6.5392,-15.321,-11.482,-15.706,-36.09,9.7303
-0.63945,-4.7153,-6.4812,2.5833,1.0222,-6.394,-7.5982,-14.61,-11.271,-15.875,-35.224,9.3075
-0.73989,-4.9556,-6.4549,2.6768,0.88345,-6.6009,-8.4853,-13.962,-11.088,-16.036,-34.109,8.8467
-0.88851,-5.215,-6.3297,2.8007,0.71527,-6.7788,-9.1644,-13.375,-10.945,-16.199,-32.837,8.3678
-1.0595,-5.4835,-6.168,2.9389,0.55766,-6.9329,-9.6321,-12.842,-10.833,-16.372,-31.473,7.9095
-1.2267,-5.758,-6.0345,3.0784,0.44691,-7.0753,-9.9148,-12.351,-10.727,-16.561,-30.052,7.5204
-1.3649,-6.04,-5.9833,3.2092,0.41366,-7.221,-10.058,-11.893,-10.594,-16.761,-28.593,7.2434
-1.4549,-6.3309,-6.0514,3.3246,0.47908,-7.3834,-10.115,-11.462,-10.41,-16.967,-27.121,7.1022
-1.487,-6.629,-6.2546,3.4209,0.64852,-7.5698,-10.138,-11.052,-10.172,-17.17,-25.676,7.0946
-1.4633,-6.9276,-6.5862,3.4971,0.90757,-7.7785,-10.17,-10.656,-9.8946,-17.361,-24.312,7.1985
-1.3967,-7.2176,-7.0185,3.556,1.2237,-7.9997,-10.24,-10.26,-9.6077,-17.534,-23.08,7.3839
-1.3086,-7.49,-7.5064,3.6037,1.5527,-8.2178,-10.36,-9.8413,-9.3379,-17.677,-22.011,7.6273
-1.2252,-7.7382,-7.9966,3.6495,1.8492,-8.4159,-10.516,-9.3696,-9.0973,-17.775,-21.116,7.9201
-1.1715,-7.959,-8.4393,3.7029,2.0785,-8.5798,-10.676,-8.8127,-8.8798,-17.805,-20.386,8.2694
-1.1657,-8.1505,-8.7944,3.7699,2.2223,-8.7006,-10.798,-8.148,-8.6666,-17.74,-19.796,8.6907
-1.2162,-8.31,-9.0302,3.8511,2.2758,-8.774,-10.843,-7.3716,-8.4383,-17.554,-19.316,9.1971
-1.3217,-8.4326,-9.1201,3.9415,2.2401,-8.7965,-10.787,-6.5,-8.1871,-17.236,-18.919,9.7877
-1.475,-8.5102,-9.0435,4.0323,2.1162,-8.7626,-10.624,-5.565,-7.9231,-16.797,-18.595,10.439
-1.6665,-8.5311,-8.7899,4.1129,1.902,-8.6633,-10.359,-4.6046,-7.6715,-16.267,-18.347,11.106
-1.8853,-8.4827,-8.3664,4.1726,1.595,-8.4879,-9.9976,-3.6532,-7.4622,-15.681,-18.184,11.732
-2.1177,-8.3542,-7.8001,4.2012,1.201,-8.2292,-9.5446,-2.7363,-7.3183,-15.071,-18.11,12.264
-2.3458,-8.1404,-7.1374,4.1903,0.74209,-7.8879,-9.003,-1.8699,-7.2483,-14.451,-18.112,12.672
-2.5469,-7.8427,-6.4381,4.1334,0.25791,-7.4749,-8.3842,-1.0622,-7.2461,-13.82,-18.161,12.948
-2.6969,-7.4668,-5.7675,4.0254,-0.20227,-7.0078,-7.7129,-0.31557,-7.2977,-13.167,-18.223,13.096
-2.7745,-7.0195,-5.1851,3.8625,-0.58918,-6.5053,-7.0232,0.37162,-7.3884,-12.484,-18.263,13.119
-2.7654,-6.5075,-4.7301,3.6418,-0.86188,-5.9832,-6.3527,1.0037,-7.5082,-11.778,-18.261,13.017
-2.6661,-5.9379,-4.4108,3.3642,-0.99646,-5.4521,-5.7343,1.5854,-7.6527,-11.068,-18.204,12.786
-2.4865,-5.3187,-4.2026,3.0354,-0.99739,-4.9179,-5.1903,2.1211,-7.82,-10.385,-18.085,12.429
-2.2507,-4.6592,-4.0514,2.668,-0.90588,-4.3788,-4.7279,2.614,-8.0056,-9.7546,-17.901,11.96
-1.9936,-3.9694,-3.8808,2.279,-0.79518,-3.8242,-4.337,3.0663,-8.1986,-9.1942,-17.649,11.398
-1.7555,-3.2595,-3.6048,1.8882,-0.75077,-3.2364,-3.9915,3.4785,-8.3799,-8.7055,-17.333,10.767
-1.573,-2.5404,-3.1469,1.5137,-0.84514,-2.5963,-3.6562,3.847,-8.5257,-8.279,-16.969,10.087
-1.472,-1.8244,-2.4613,1.1704,-1.1186,-1.8925,-3.3,4.1622,-8.6139,-7.9011,-16.58,9.3791
-1.4643,-1.1253,-1.5504,0.86799,-1.572,-1.1286,-2.9091,4.4078,-8.6315,-7.561,-16.198,8.6602
-1.5492,-0.45779,-0.47005,0.61167,-2.1709,-0.32563,-2.4945,4.5635,-8.5779,-7.2555,-15.855,7.9473
-1.7175,0.16405,0.68615,0.40308,-2.8583,0.48183,-2.0881,4.6116,-8.4611,-6.9884,-15.582,7.255
-1.9555,0.72596,1.8172,0.24278,-3.5705,1.2535,-1.7305,4.5442,-8.2905,-6.7667,-15.398,6.5938
-2.2483,1.2127,2.8433,0.13246,-4.2509,1.9513,-1.4554,4.3685,-8.0713,-6.5944,-15.315,5.9695
-2.5824,1.6089,3.7188,0.075865,-4.8584,2.5444,-1.278,4.1055,-7.8013,-6.4666,-15.334,5.3847
-2.946,1.9037,4.4324,0.077568,-5.3714,3.0143,-1.1927,3.7849,-7.473,-6.3693,-15.451,4.841
-3.3298,2.0964,5.0003,0.13967,-5.7901,3.3603,-1.1786,3.439,-7.0804,-6.2837,-15.662,4.3406
-3.7269,2.1998,5.4586,0.25814,-6.138,3.604,-1.2108,3.0986,-6.626,-6.1952,-15.963,3.8879
-4.1329,2.2374,5.8542,0.4213,-6.4567,3.7843,-1.2727,2.7891,-6.1282,-6.1011,-16.355,3.4884
-4.5455,2.2353,6.2333,0.61216,-6.7915,3.9435,-1.3628,2.5265,-5.6211,-6.0116,-16.836,3.1451
-4.9619,2.2138,6.6297,0.81367,-7.1731,4.11,-1.4962,2.314,-5.1467,-5.9425,-17.403,2.855
-5.3773,2.1815,7.0548,1.0138,-7.607,4.2891,-1.6975,2.1426,-4.7428,-5.904,-18.041,2.6074
-5.7839,2.1352,7.4956,1.2073,-8.0757,4.4644,-1.9927,1.9952,-4.4306,-5.8921,-18.727,2.3839
-6.1723,2.0663,7.9205,1.3935,-8.5514,4.6087,-2.4003,1.8547,-4.2103,-5.8892,-19.419,2.1623
-6.531,1.9695,8.2942,1.5712,-9.0057,4.6985,-2.9272,1.7102,-4.065,-5.8718,-20.073,1.9221
-6.8457,1.8496,8.5913,1.7344,-9.4122,4.725,-3.5653,1.5618,-3.9705,-5.8201,-20.643,1.6502
-7.0977,1.7225,8.7987,1.8707,-9.7437,4.6953,-4.2917,1.421,-3.9047,-5.7255,-21.1,1.3448
-7.2647,1.6109,8.9092,1.9636,-9.9725,4.6265,-5.0704,1.3079,-3.8525,-5.5902,-21.433,1.0152
-7.325,1.5381,8.9178,1.9965,-10.073,4.5376,-5.8568,1.2477,-3.8044,-5.4229,-21.646,0.67836
-7.2627,1.5224,8.8213,1.957,-10.026,4.4441,-6.6053,1.2653,-3.7523,-5.231,-21.746,0.35272
-7.073,1.5732,8.6229,1.8406,-9.829,4.3573,-7.2764,1.3835,-3.6844,-5.0163,-21.732,0.0543
-6.7647,1.6922,8.3359,1.6506,-9.4982,4.286,-7.842,1.622,-3.5836,-4.7746,-21.59,-0.20523
-6.3594,1.8767,7.9851,1.3956,-9.0689,4.2392,-8.2863,1.9967,-3.4309,-4.4989,-21.296,-0.41707
-5.8865,2.1255,7.6068,1.0842,-8.5893,4.2302,-8.6032,2.5173,-3.2134,-4.1834,-20.83,-0.57213
-5.3752,2.4453,7.2497,0.71976,-8.1118,4.2788,-8.792,3.1852,-2.9295,-3.8273,-20.189,-0.65808
-4.8468,2.8553,6.9737,0.29631,-7.6834,4.4132,-8.8563,3.994,-2.5898,-3.4352,-19.385,-0.65901
-4.3104,3.3869,6.8413,-0.20216,-7.3398,4.6665,-8.804,4.9337,-2.2102,-3.0151,-18.439,-0.55978
-3.7652,4.0806,6.8993,-0.79993,-7.1023,5.0688,-8.649,5.9954,-1.8023,-2.574,-17.378,-0.35416
-3.2056,4.9822,7.1618,-1.5299,-6.9774,5.6375,-8.413,7.176,-1.3661,-2.1136,-16.231,-0.052814
-2.6206,6.1433,7.6021,-2.4401,-6.9544,6.3706,-8.1221,8.4794,-0.8895,-1.6278,-15.029,0.31459
-1.9833,7.6185,8.1621,-3.6043,-7.0037,7.2454,-7.7986,9.9185,-0.35551,-1.1032,-13.788,0.70659
-1.2383,9.4473,8.7743,-5.1147,-7.0805,8.2257,-7.4491,11.517,0.24968,-0.52172,-12.509,1.0841
-0.30123,11.627,9.3843,-7.0292,-7.135,9.2774,-7.056,13.313,0.93091,0.13669,-11.174,1.4243
0.94222,14.114,9.9511,-9.2923,-7.115,10.387,-6.5771,15.361,1.685,0.89402,-9.7646,1.7255
2.6559,16.863,10.433,-11.761,-6.9543,11.569,-5.9585,17.734,2.507,1.7753,-8.2776,2.002
5.0168,19.862,10.778,-14.358,-6.5641,12.862,-5.1563,20.504,3.3981,2.8097,-6.7411,2.2736
8.0865,23.113,10.939,-17.143,-5.8524,14.309,-4.1569,23.715,4.3737,4.0314,-5.21,2.5568
11.767,26.598,10.889,-20.222,-4.7575,15.943,-2.9842,27.346,5.4688,5.487,-3.7422,2.8614
15.883,30.269,10.63,-23.657,-3.2749,17.752,-1.6907,31.289,6.7415,7.2509,-2.3718,3.1909
20.261,34.03,10.188,-27.405,-1.4643,19.643,-0.33933,35.372,8.2633,9.4132,-1.0951,3.543
24.748,37.749,9.6073,-31.321,0.55867,21.479,1.0107,39.41,10.082,11.969,0.12615,3.9081
29.183,41.319,8.9552,-35.231,2.6432,23.176,2.3121,43.257,12.163,14.735,1.3503,4.2662
33.387,44.717,8.3196,-39.028,4.6362,24.737,3.5302,46.808,14.374,17.524,2.6344,4.5869
37.22,48.02,7.7926,-42.657,6.4212,26.207,4.6416,49.987,16.558,20.327,4.0119,4.8412
40.614,51.425,7.447,-46.102,7.9513,27.651,5.6319,52.735,18.606,23.264,5.4789,5.0183
43.548,55.312,7.3154,-49.404,9.254,29.162,6.4936,55.022,20.475,26.517,6.9992,5.1328
45.991,60.147,7.3758,-52.63,10.405,30.812,7.2248,56.84,22.185,30.244,8.5206,5.2154
47.928,65.746,7.546,-55.685,11.482,32.481,7.8273,58.191,23.804,34.412,9.9892,5.2957
49.424,70.639,7.6929,-58.184,12.528,33.786,8.3047,59.051,25.396,38.631,11.354,5.3927
50.581,73.264,7.6625,-59.707,13.539,34.276,8.6606,59.347,26.953,42.177,12.568,5.5145
51.45,73.071,7.3207,-60.171,14.497,33.677,8.8987,58.974,28.321,44.294,13.59,5.6607
51.992,70.156,6.5834,-59.738,15.375,31.98,9.0239,57.853,29.217,44.489,14.391,5.8241
52.076,65.024,5.4251,-58.52,16.138,29.39,9.0432,55.977,29.352,42.639,14.961,5.9902
51.534,58.679,3.8796,-56.481,16.747,26.227,8.9622,53.413,28.6,39.003,15.309,6.1364
50.268,52.364,2.0428,-53.6,17.177,22.832,8.7816,50.267,27.094,34.302,15.455,6.2341
48.303,46.867,0.065336,-50.097,17.418,19.463,8.4958,46.655,25.174,29.596,15.429,6.2528
45.783,42.196,-1.8796,-46.356,17.473,16.223,8.0964,42.684,23.163,25.609,15.261,6.1666
42.954,37.944,-3.6388,-42.584,17.363,13.108,7.579,38.44,21.191,22.357,14.98,5.9601
40.069,33.753,-5.1023,-38.762,17.112,10.133,6.9482,33.987,19.213,19.615,14.611,5.6316
37.266,29.497,-6.2035,-34.858,16.687,7.4177,6.2192,29.366,17.14,17.314,14.171,5.1934
34.552,25.246,-6.9124,-30.958,15.985,5.1488,5.4161,24.641,14.948,15.532,13.673,4.6681
31.86,21.128,-7.2314,-27.245,14.892,3.4209,4.57,19.953,12.731,14.344,13.126,4.0828
29.087,17.211,-7.1905,-23.837,13.355,2.1504,3.7171,15.531,10.687,13.678,12.554,3.4629
26.102,13.574,-6.8394,-20.659,11.393,1.1908,2.8991,11.597,8.9853,13.342,11.997,2.8278
22.799,10.433,-6.2402,-17.516,9.0926,0.44683,2.1608,8.2474,7.6461,13.194,11.496,2.1884
19.139,7.9267,-5.4619,-14.269,6.5821,-0.13008,1.5447,5.4337,6.5984,13.165,11.078,1.5462
15.174,5.9609,-4.5757,-10.959,4.0186,-0.5723,1.0812,3.0322,5.7707,13.216,10.741,0.89491
11.041,4.3766,-3.6506,-7.7888,1.5671,-0.90795,0.78106,0.91789,5.1177,13.305,10.458,0.22481
6.9698,3.0633,-2.7457,-5.0022,-0.6226,-1.1608,0.63318,-1.0032,4.6074,13.379,10.198,-0.47134
3.3201,1.9631,-1.902,-2.7839,-2.4483,-1.3465,0.61073,-2.7921,4.2078,13.377,9.9344,-1.1926
0.50334,1.0515,-1.1356,-1.1798,-3.8845,-1.4689,0.6813,-4.4866,3.8821,13.242,9.6503,-1.9263
-1.3085,0.32152,-0.43872,-0.087751,-4.9786,-1.5228,0.81434,-6.113,3.5909,12.935,9.3436,-2.6491
-2.346,-0.22876,0.21161,0.6489,-5.809,-1.501,0.98322,-7.6941,3.2984,12.436,9.0232,-3.334
-2.9648,-0.60681,0.83815,1.1468,-6.4461,-1.4049,1.1646,-9.2509,2.9792,11.754,8.7024,-3.9583
-3.3728,-0.83232,1.4447,1.4657,-6.9348,-1.2521,1.339,-10.8,2.6234,10.915,8.3951,-4.5066
-3.6333,-0.93844,2.0019,1.6359,-7.2903,-1.0784,1.4934,-12.344,2.2387,9.9653,8.1136,-4.9722
-3.7512,-0.96663,2.4446,1.6813,-7.5011,-0.93063,1.6226,-13.87,1.8468,8.9547,7.8699,-5.3564
-3.7224,-0.95765,2.6877,1.6273,-7.5381,-0.85603,1.7287,-15.346,1.4749,7.9287,7.6754,-5.6678
-3.5521,-0.9432,2.6567,1.4999,-7.3725,-0.88867,1.8152,-16.728,1.146,6.9222,7.5398,-5.9217
-3.26,-0.9423,2.3203,1.324,-6.9967,-1.0414,1.8818,-17.978,0.87065,5.9576,7.469,-6.139
-2.8783,-0.96372,1.7055,1.122,-6.4392,-1.3057,1.9218,-19.065,0.64607,5.0462,7.4648,-6.3471
-2.4469,-1.0124,0.88583,0.91564,-5.7615,-1.6589,1.9238,-19.971,0.46313,4.1913,7.5249,-6.5828
-2.0085,-1.0959,-0.045619,0.72707,-5.0416,-2.0753,1.8803,-20.678,0.31714,3.3933,7.6431,-6.8923
-1.6025,-1.2289,-1.0006,0.57945,-4.3548,-2.5354,1.7989,-21.146,0.21679,2.6535,7.8066,-7.3289
-1.2596,-1.4332,-1.9087,0.49519,-3.7601,-3.0314,1.7148,-21.293,0.18734,1.9761,7.9938,-7.949
-0.99756,-1.7353,-2.717,0.49256,-3.2914,-3.5684,1.7001,-20.975,0.26892,1.3666,8.1762,-8.8108
-0.81831,-2.161,-3.384,0.58162,-2.9564,-4.1654,1.864,-19.996,0.5138,0.83281,8.3298,-9.9724
-0.70736,-2.7283,-3.8807,0.75998,-2.7446,-4.8551,2.3371,-18.152,0.98825,0.39015,8.4519,-11.483
-0.63411,-3.4386,-4.2049,1.0088,-2.6353,-5.6662,3.2412,-15.361,1.7848,0.073469,8.576,-13.358
-0.551,-4.2616,-4.3187,1.289,-2.5964,-6.5643,4.6625,-12.144,3.0534,-0.047239,8.7799,-15.527
-0.39143,-5.1248,-4.0154,1.5397,-2.5629,-7.4347,6.6224,-13.29,4.9794,0.14957,9.1963,-17.787
-0.069366,-5.9131,-3.422,1.6815,-2.4116,-8.2494,8.8654,-25.057,6.1122,0.85329,10.045,-19.831
0.5086,-6.48,-3.462,1.6259,-1.9663,-9.1254,9.3395,-28.772,1.8938,2.3347,11.671,-21.353
1.3924,-6.6752,-4.836,1.2772,-1.0425,-9.9961,1.6994,-28.732,0.34757,4.49,14.431,-22.13
2.5242,-6.4556,-7.0973,0.49355,0.4418,-10.466,-7.5812,-25.515,0.99835,1.1168,18.116,-22.014
3.9433,-7.6566,-9.3243,0.072307,2.36,-10.861,-7.6658,-16.654,2.5964,-2.4361,15.234,-21.147
5.8982,-16.573,-13.879,4.7438,4.4508,-17.061,-1.009,-0.54723,7.4732,-3.6326,12.084,-21.64
8.411,-23.916,-24.392,8.393,6.5215,-27.229,11.239,23.236,16.58,-2.8343,10.673,-34.523
9.5717,-30.644,-41.074,9.0364,16.995,-39.531,39.11,64.929,30.453,0.081034,11.383,-57.056
16.038,-32.551,-49.447,6.9772,24.18,-44.631,65.491,104.63,47.275,6.9154,15.9,-58.03
23.308,-28.632,-52.798,1.6245,29.359,-44.184,94.584,149.36,69.492,18.66,25.724,-54.27
31.464,-17.453,-49.774,-7.8501,31.896,-36.863,123.68,195.99,96.908,36.393,41.849,-44.695
40.582,1.4142,-40.026,-21.763,31.648,-22.353,149.99,240.93,128.7,60.54,64.602,-28.984
50.641,27.518,-23.981,-39.906,28.793,-1.1459,171.13,280.71,163.7,90.879,93.714,-7.4381
61.49,59.835,-2.513,-61.669,23.658,25.797,185.7,312.91,200.87,126.75,128.48,19.248
72.902,97.015,23.255,-86.213,16.652,57.251,193.76,337.0,239.51,167.22,167.88,50.112
84.687,137.54,51.993,-112.63,8.3198,91.819,196.92,354.74,279.31,211.12,210.62,83.964
96.766,179.8,82.173,-140.05,-0.61201,127.96,198.02,369.78,320.14,257.03,255.22,119.43
